           1           1   2.2759869411549261     
           1           2 -0.85315083174716022     
           1           3  0.52166227756913441     
           1           4  -1.4947785034906924     
           1           5 -0.11279719737614524     
           1           6   1.2025171320480188E-012
           1           7  -1.1798690586744504E-012
           1           8  -6.3526208527744689E-012
           1           9  -1.7747087896455898E-014
           1          10   1.6052292656295477E-014
           1          11   7.2066811471226872E-014
           1          12   9.4562962445318964E-015
           1          13  -9.6011530605789407E-015
           1          14  -3.2283379351295645E-014
           1          15  -1.6819499405192305E-015
           1          16   3.9853646181202325E-015
           1          17   2.0288700992923421E-014
           1          18   6.0862066246858901E-002
           1          19   2.2418839548807689E-005
           1          20   6.0860702800452408E-002
           1          21  -1.2768157999725236E-004
           1          22   1.2353338467114300E-004
           1          23   6.1336844786551922E-002
           1          24  0.25143417353235098     
           1          25  -6.2603800454648972E-005
           1          26  0.25143798362582787     
           1          27   3.4947925202004186E-004
           1          28  -3.3814219824098351E-004
           1          29  0.25010715297605540     
           1          30  0.43742228731695026     
           1          31  -1.5635789497376358E-005
           1          32  0.43742316147719879     
           1          33   8.3934738737128747E-005
           1          34  -8.1220147962005317E-005
           1          35  0.43711789655779487     
           2           1 -0.85315083174716022     
           2           2   2.6826249860002536     
           2           3  -1.2425734407321190     
           2           4   3.0200945340760930     
           2           5  0.21193873789559720     
           2           6  -3.9645676835262250E-012
           2           7   3.8915437652729093E-012
           2           8   2.0937775870224118E-011
           2           9   5.6942427335054375E-014
           2          10  -4.7780499817945555E-014
           2          11  -2.3940495948682014E-013
           2          12  -3.1613671848976169E-014
           2          13   2.8478595394767526E-014
           2          14   1.1707500913706182E-013
           2          15   9.2556289259612715E-015
           2          16  -9.5487535454512653E-015
           2          17  -6.3230914220863420E-014
           2          18 -0.18363688510680573     
           2          19  -6.3765570402731894E-005
           2          20 -0.18363311385603326     
           2          21   3.3959585495040517E-004
           2          22  -3.2861967455561904E-004
           2          23 -0.18495090834246583     
           2          24 -0.56936174787404092     
           2          25   8.7999352712111304E-005
           2          26 -0.56936714176916325     
           2          27  -4.9655927303756558E-004
           2          28   4.8043790062273769E-004
           2          29 -0.56748340617998594     
           2          30 -0.88134188317437245     
           2          31   2.8017820452286201E-005
           2          32 -0.88134345493567423     
           2          33  -1.4942450024430998E-004
           2          34   1.4459436309478767E-004
           2          35 -0.88079446827934416     
           3           1  0.52166227756913441     
           3           2  -1.2425734407321190     
           3           3   13.416458914226583     
           3           4  -26.429291305164163     
           3           5  -2.1697468786896161     
           3           6   7.6292286689857235E-012
           3           7  -7.3205983339842453E-012
           3           8  -3.9210563838785008E-011
           3           9  -5.0981853736314182E-014
           3          10   1.4203795410559273E-013
           3          11   4.2646519990897853E-013
           3          12   1.0782369541850155E-014
           3          13  -2.8281160126427547E-014
           3          14  -1.1540420486586155E-013
           3          15   1.1823478948110757E-014
           3          16  -5.5634610022661107E-015
           3          17   9.3037603113446222E-014
           3          18  -1.4309385123872531     
           3          19   1.1178571065729503E-004
           3          20  -1.4309467887328786     
           3          21  -9.2812073855067553E-004
           3          22   8.9726475198328851E-004
           3          23  -1.4280675669828864     
           3          24   3.7791638319887961     
           3          25  -1.4344880164927334E-003
           3          26   3.7792509484027370     
           3          27   7.9831638796421505E-003
           3          28  -7.7242520552756383E-003
           3          29   3.7488200891994001     
           3          30   7.7789656871469388     
           3          31  -3.2654234703211271E-004
           3          32   7.7789838833675375     
           3          33   1.7550509155504499E-003
           3          34  -1.6982841544005195E-003
           3          35   7.7726302117892496     
           4           1  -1.4947785034906924     
           4           2   3.0200945340760930     
           4           3  -26.429291305164163     
           4           4   58.124609184013629     
           4           5   4.8336833924874778     
           4           6   6.5155523362274091E-012
           4           7  -6.1983157360547024E-012
           4           8  -3.3559801087494363E-011
           4           9  -2.0515985666497999E-013
           4          10  -1.0296410329430504E-013
           4          11   4.2569840279195588E-013
           4          12   1.2628870165810845E-013
           4          13  -7.3670574522265414E-014
           4          14  -5.0347416281119243E-013
           4          15  -9.6344840511108820E-014
           4          16   7.9257749314707364E-014
           4          17   6.5742519954080918E-014
           4          18   3.1253082897441731     
           4          19  -7.5795043743515761E-004
           4          20   3.1253564778622311     
           4          21   4.7983703542656304E-003
           4          22  -4.6413169876588561E-003
           4          23   3.1085438233745273     
           4          24  -7.9198348503345644     
           4          25   3.9932008579308806E-003
           4          26  -7.9200767254183360     
           4          27  -2.2128884661691321E-002
           4          28   2.1411427290732369E-002
           4          29  -7.8355833761044504     
           4          30  -17.049864811843484     
           4          31   8.1605046133841422E-004
           4          32  -17.049910303501832     
           4          33  -4.4138749853787091E-003
           4          34   4.2710378602210186E-003
           4          35  -17.034027537387328     
           5           1 -0.11279719737614524     
           5           2  0.21193873789559720     
           5           3  -2.1697468786896161     
           5           4   4.8336833924874778     
           5           5  0.40354228837176620     
           5           6  -2.0169846349340324E-012
           5           7   1.9541870102209975E-012
           5           8   1.0447263850081252E-011
           5           9   8.2976083492385408E-015
           5          10  -3.7051549322948910E-014
           5          11  -1.1451560059536210E-013
           5          12  -3.9074981893724501E-015
           5          13   8.6287169685646842E-015
           5          14   3.5763378498241482E-014
           5          15  -2.3314642689330000E-015
           5          16   7.6989272337018189E-016
           5          17  -2.5996702717213078E-014
           5          18  0.26589496767232795     
           5          19  -5.8021292884166957E-005
           5          20  0.26589865962895753     
           5          21   3.7504490162376778E-004
           5          22  -3.6275270926343898E-004
           5          23  0.26461080623875394     
           5          24 -0.65149668559352514     
           5          25   3.3901509413578675E-004
           5          26 -0.65151721774562166     
           5          27  -1.8786898477158511E-003
           5          28   1.8177794426361994E-003
           5          29 -0.64434476855158285     
           5          30  -1.4176823536498526     
           5          31   6.9252215232080958E-005
           5          32  -1.4176862151268113     
           5          33  -3.7454148662631519E-004
           5          34   3.6242105408130538E-004
           5          35  -1.4163380431821264     
           6           1   1.2025171320480188E-012
           6           2  -3.9645676835262250E-012
           6           3   7.6292286689857235E-012
           6           4   6.5155523362274091E-012
           6           5  -2.0169846349340324E-012
           6           6   2.3381971827321650     
           6           7  -2.1573851394646182E-006
           6           8   1.0716244618771877E-005
           6           9 -0.91500180927774477     
           6          10   6.7995399235798448E-006
           6          11  -3.3933298994365604E-005
           6          12  0.12054587339386844     
           6          13  -1.5976870290170236E-005
           6          14   7.9495084284403198E-005
           6          15  -4.7848527513290176E-002
           6          16   6.7083564343206614E-006
           6          17  -3.3283618521591908E-005
           6          18  -3.5950306815944505E-012
           6          19   8.1669695093123341E-013
           6          20  -4.0945434247224264E-012
           6          21   3.9986108849306082E-013
           6          22  -1.1066255060367374E-012
           6          23  -4.2442606341560827E-012
           6          24  -4.7680507657464063E-013
           6          25  -5.9646765915275513E-013
           6          26  -1.8878100118665814E-012
           6          27   4.8190220139618470E-013
           6          28   6.6167402419838964E-013
           6          29  -3.8165638142806864E-013
           6          30  -2.1915307680597762E-012
           6          31   2.9806504083780607E-013
           6          32  -7.9578039630834624E-013
           6          33   3.7728934118682923E-013
           6          34  -3.6289165336975158E-013
           6          35  -4.5430122970067521E-013
           7           1  -1.1798690586744504E-012
           7           2   3.8915437652729093E-012
           7           3  -7.3205983339842453E-012
           7           4  -6.1983157360547024E-012
           7           5   1.9541870102209975E-012
           7           6  -2.1573851394646182E-006
           7           7   2.3381973149334048     
           7           8  -1.0394731865225049E-005
           7           9   6.7995415379412671E-006
           7          10 -0.91500225618762898     
           7          11   3.2842664918888986E-005
           7          12  -1.5976870314875734E-005
           7          13  0.12054692041986009     
           7          14  -7.6940253495816520E-005
           7          15   6.7083557261850713E-006
           7          16  -4.7848965839091095E-002
           7          17   3.2214201315800429E-005
           7          18   3.4315213018990543E-012
           7          19  -7.6615554497142355E-013
           7          20   3.8958804301325523E-012
           7          21  -3.9494328842571998E-013
           7          22   1.0757938476742856E-012
           7          23   4.0834179433721330E-012
           7          24   4.5463208263402709E-013
           7          25   5.7760445965743395E-013
           7          26   1.8136543239123083E-012
           7          27  -4.5563975458000870E-013
           7          28  -6.3833707726657132E-013
           7          29   3.5379390893835651E-013
           7          30   2.0888260944135039E-012
           7          31  -2.8730503816094304E-013
           7          32   7.3414540419735013E-013
           7          33  -3.6084689935413234E-013
           7          34   3.5232546309806222E-013
           7          35   4.1293900357290703E-013
           8           1  -6.3526208527744689E-012
           8           2   2.0937775870224118E-011
           8           3  -3.9210563838785008E-011
           8           4  -3.3559801087494363E-011
           8           5   1.0447263850081252E-011
           8           6   1.0716244618771877E-005
           8           7  -1.0394731865225049E-005
           8           8   2.3381478062118308     
           8           9  -3.3933294540961813E-005
           8          10   3.2842668952592913E-005
           8          11 -0.91484591717500319     
           8          12   7.9495083282964682E-005
           8          13  -7.6940252631017836E-005
           8          14  0.12018071629269031     
           8          15  -3.3283617948924181E-005
           8          16   3.2214197153860105E-005
           8          17  -4.7695659091700988E-002
           8          18   1.8450971188760777E-011
           8          19  -4.1390805733044749E-012
           8          20   2.0968690490108732E-011
           8          21  -2.1010437450927210E-012
           8          22   5.7316305284101371E-012
           8          23   2.1892340228950835E-011
           8          24   2.4752883032573673E-012
           8          25   3.0923538966387553E-012
           8          26   9.7740977303392312E-012
           8          27  -2.4528608481699463E-012
           8          28  -3.4180511767371211E-012
           8          29   1.9683026529230914E-012
           8          30   1.1291484035860423E-011
           8          31  -1.5436130748325182E-012
           8          32   4.0404660416765385E-012
           8          33  -1.9541917968967617E-012
           8          34   1.8876864969746188E-012
           8          35   2.2980664681755876E-012
           9           1  -1.7747087896455898E-014
           9           2   5.6942427335054375E-014
           9           3  -5.0981853736314182E-014
           9           4  -2.0515985666497999E-013
           9           5   8.2976083492385408E-015
           9           6 -0.91500180927774477     
           9           7   6.7995415379412671E-006
           9           8  -3.3933294540961813E-005
           9           9   2.4710421028975587     
           9          10  -2.1067206429095653E-005
           9          11   1.0509356335930767E-004
           9          12 -0.28875584465306481     
           9          13   4.3641127329728871E-005
           9          14  -2.1709918077830867E-004
           9          15  0.11427878364171522     
           9          16  -1.8293221638837447E-005
           9          17   9.0741530174581189E-005
           9          18   4.9396426645353484E-014
           9          19  -4.3764390658125625E-014
           9          20   8.4796769215154400E-014
           9          21   1.7142681289819435E-014
           9          22   9.2795815166326941E-015
           9          23   7.9060298733399436E-015
           9          24   1.9474460151265571E-014
           9          25   7.5192037773600412E-015
           9          26   4.0495298673480347E-014
           9          27  -1.5945186391833163E-014
           9          28  -8.7486872089413789E-015
           9          29   2.7658332196430618E-014
           9          30   6.0660200221028216E-014
           9          31  -1.0018701418544704E-014
           9          32   4.6405244734825914E-014
           9          33  -9.4864142775642384E-015
           9          34   4.1892071234659146E-015
           9          35   4.4203362388624888E-014
          10           1   1.6052292656295477E-014
          10           2  -4.7780499817945555E-014
          10           3   1.4203795410559273E-013
          10           4  -1.0296410329430504E-013
          10           5  -3.7051549322948910E-014
          10           6   6.7995399235798448E-006
          10           7 -0.91500225618762898     
          10           8   3.2842668952592913E-005
          10           9  -2.1067206429095653E-005
          10          10   2.4710434873005029     
          10          11  -1.0171511686490886E-004
          10          12   4.3641127324309595E-005
          10          13 -0.28875870417606625     
          10          14   2.1012175001786093E-004
          10          15  -1.8293221616554056E-005
          10          16  0.11427997869918924     
          10          17  -8.7825874237771294E-005
          10          18  -2.2737266708666069E-014
          10          19   2.4422876276375037E-016
          10          20  -2.0237814234131118E-014
          10          21  -4.1100806679291934E-015
          10          22  -3.6642222588071482E-014
          10          23  -5.7818405044237089E-014
          10          24   1.9831465472266907E-014
          10          25  -9.8106092406227509E-015
          10          26   1.1257428826996754E-014
          10          27   1.6718431886476536E-015
          10          28   1.2158457271771635E-014
          10          29   2.9914788137362025E-014
          10          30   2.4417345559452606E-014
          10          31  -2.8852911906632172E-016
          10          32   4.1116626584331437E-014
          10          33  -6.3424285986106324E-015
          10          34  -4.8570091608388713E-015
          10          35   4.5630487159360257E-014
          11           1   7.2066811471226872E-014
          11           2  -2.3940495948682014E-013
          11           3   4.2646519990897853E-013
          11           4   4.2569840279195588E-013
          11           5  -1.1451560059536210E-013
          11           6  -3.3933298994365604E-005
          11           7   3.2842664918888986E-005
          11           8 -0.91484591717500319     
          11           9   1.0509356335930767E-004
          11          10  -1.0171511686490886E-004
          11          11   2.4705593090058464     
          11          12  -2.1709918079590787E-004
          11          13   2.1012174997294200E-004
          11          14 -0.28775862018897769     
          11          15   9.0741530180634940E-005
          11          16  -8.7825874174169392E-005
          11          17  0.11386202163523340     
          11          18  -1.8911285827577059E-013
          11          19   8.4931816176396391E-014
          11          20  -2.5728003577514865E-013
          11          21  -5.1259894868145523E-014
          11          22  -8.2229781470990718E-014
          11          23  -2.4431694135757487E-013
          11          24  -2.5839502926611697E-014
          11          25  -4.1363898011843691E-014
          11          26  -9.7470130444300297E-014
          11          27   4.1150261840592981E-014
          11          28   4.1145646293789025E-014
          11          29  -2.2979082893598591E-014
          11          30  -1.3653453230985946E-013
          11          31   2.1782329325115384E-014
          11          32  -5.6636131600349624E-014
          11          33   1.5251369654823615E-014
          11          34  -1.9850795430804132E-014
          11          35  -3.3614509524969341E-014
          12           1   9.4562962445318964E-015
          12           2  -3.1613671848976169E-014
          12           3   1.0782369541850155E-014
          12           4   1.2628870165810845E-013
          12           5  -3.9074981893724501E-015
          12           6  0.12054587339386844     
          12           7  -1.5976870314875734E-005
          12           8   7.9495083282964682E-005
          12           9 -0.28875584465306481     
          12          10   4.3641127324309595E-005
          12          11  -2.1709918079590787E-004
          12          12   3.5894349744524774E-002
          12          13  -7.5216428441033864E-006
          12          14   3.7088014966609069E-005
          12          15  -1.4087450145753874E-002
          12          16   3.1381527162240757E-006
          12          17  -1.5450604483417338E-005
          12          18  -2.4172674143253774E-014
          12          19   3.0778132053595005E-015
          12          20  -2.3229052023764620E-014
          12          21  -5.2312444601284054E-015
          12          22  -1.0114696624208600E-015
          12          23  -1.4470466259923612E-014
          12          24  -1.0087393898266111E-014
          12          25   8.5463685741948589E-016
          12          26  -1.9043901475421995E-014
          12          27   3.4814232509446798E-015
          12          28   4.4513779028537845E-015
          12          29  -1.0395015702595073E-014
          12          30  -3.6789638531445673E-014
          12          31   1.9109189943549998E-015
          12          32  -2.8672012151765513E-014
          12          33   2.3098379387559542E-015
          12          34  -1.8532910991262229E-015
          12          35  -2.6323329913504710E-014
          13           1  -9.6011530605789407E-015
          13           2   2.8478595394767526E-014
          13           3  -2.8281160126427547E-014
          13           4  -7.3670574522265414E-014
          13           5   8.6287169685646842E-015
          13           6  -1.5976870290170236E-005
          13           7  0.12054692041986009     
          13           8  -7.6940252631017836E-005
          13           9   4.3641127329728871E-005
          13          10 -0.28875870417606625     
          13          11   2.1012174997294200E-004
          13          12  -7.5216428441033864E-006
          13          13   3.5894838065989879E-002
          13          14  -3.5896939377796358E-005
          13          15   3.1381527109174481E-006
          13          16  -1.4087653564048714E-002
          13          17   1.4954475191579085E-005
          13          18   1.4463744737139546E-014
          13          19  -2.2791676509165577E-015
          13          20   2.5234826390726917E-014
          13          21  -1.0468936839000381E-014
          13          22   1.6390559404070702E-014
          13          23   2.2166505377587843E-014
          13          24   3.2643931609844018E-015
          13          25  -2.8232789786347356E-015
          13          26   1.0259314506639097E-014
          13          27  -3.0581652334495300E-017
          13          28  -6.3698173549054435E-015
          13          29   1.1530628353573738E-015
          13          30   2.1265281792657227E-014
          13          31  -1.2346655446780661E-015
          13          32   1.3200280905529522E-014
          13          33  -1.7261943067325706E-015
          13          34   2.5363269411576010E-015
          13          35   1.1082979423670993E-014
          14           1  -3.2283379351295645E-014
          14           2   1.1707500913706182E-013
          14           3  -1.1540420486586155E-013
          14           4  -5.0347416281119243E-013
          14           5   3.5763378498241482E-014
          14           6   7.9495084284403198E-005
          14           7  -7.6940253495816520E-005
          14           8  0.12018071629269031     
          14           9  -2.1709918077830867E-004
          14          10   2.1012175001786093E-004
          14          11 -0.28775862018897769     
          14          12   3.7088014966609069E-005
          14          13  -3.5896939377796358E-005
          14          14   3.5724053391288299E-002
          14          15  -1.5450604482597491E-005
          14          16   1.4954475168807370E-005
          14          17  -1.4016510416512718E-002
          14          18   9.7870100021739074E-014
          14          19  -3.1689559782604871E-014
          14          20   1.2209143986598670E-013
          14          21   2.9001094452510414E-016
          14          22   3.2105120242263863E-014
          14          23   1.2250062101405381E-013
          14          24   3.8934380616617965E-014
          14          25   1.4420498971015763E-014
          14          26   7.9995682721907498E-014
          14          27  -1.4651320986151330E-014
          14          28  -2.1937978608176831E-014
          14          29   3.3305997821484816E-014
          14          30   1.4712007593836552E-013
          14          31  -9.7002901248741101E-015
          14          32   1.0494173229065287E-013
          14          33  -1.0424782802350878E-014
          14          34   1.0781479046301533E-014
          14          35   9.3533064612124127E-014
          15           1  -1.6819499405192305E-015
          15           2   9.2556289259612715E-015
          15           3   1.1823478948110757E-014
          15           4  -9.6344840511108820E-014
          15           5  -2.3314642689330000E-015
          15           6  -4.7848527513290176E-002
          15           7   6.7083557261850713E-006
          15           8  -3.3283617948924181E-005
          15           9  0.11427878364171522     
          15          10  -1.8293221616554056E-005
          15          11   9.0741530180634940E-005
          15          12  -1.4087450145753874E-002
          15          13   3.1381527109174481E-006
          15          14  -1.5450604482597491E-005
          15          15   5.5354655199010621E-003
          15          16  -1.3092553264869332E-006
          15          17   6.4365256854460103E-006
          15          18   1.1695355237673211E-014
          15          19   6.2917101386145636E-015
          15          20   1.4562483653740485E-015
          15          21  -9.2648453007157366E-015
          15          22   4.3840804185461751E-015
          15          23   7.9022749545577784E-015
          15          24   7.3045787210643598E-015
          15          25  -1.3399773189458927E-015
          15          26   1.1671908381718658E-014
          15          27   1.0685097515761418E-017
          15          28  -1.8027252538299785E-015
          15          29   6.8624817109728926E-015
          15          30   2.7058218250377196E-014
          15          31  -2.6297411550014556E-016
          15          32   2.3329212610288996E-014
          15          33  -1.5641638488578575E-015
          15          34   8.4126686398914233E-016
          15          35   2.2814817066946226E-014
          16           1   3.9853646181202325E-015
          16           2  -9.5487535454512653E-015
          16           3  -5.5634610022661107E-015
          16           4   7.9257749314707364E-014
          16           5   7.6989272337018189E-016
          16           6   6.7083564343206614E-006
          16           7  -4.7848965839091095E-002
          16           8   3.2214197153860105E-005
          16           9  -1.8293221638837447E-005
          16          10  0.11427997869918924     
          16          11  -8.7825874174169392E-005
          16          12   3.1381527162240757E-006
          16          13  -1.4087653564048714E-002
          16          14   1.4954475168807370E-005
          16          15  -1.3092553264869332E-006
          16          16   5.5355502560123799E-003
          16          17  -6.2298711497599246E-006
          16          18   2.5331740519314732E-015
          16          19  -2.3714348318547917E-015
          16          20  -9.9772387534862467E-015
          16          21   9.4332392033898595E-015
          16          22  -7.6196122537951281E-015
          16          23  -1.4619205678490685E-014
          16          24  -5.5001890519359271E-015
          16          25   1.3762765421509935E-015
          16          26  -7.4575555943047450E-015
          16          27  -7.3148569584478894E-016
          16          28   2.5297054586576781E-015
          16          29  -3.2270318825188541E-015
          16          30  -2.1235883884535899E-014
          16          31   2.9323483193030403E-016
          16          32  -1.8428685856861179E-014
          16          33   9.5960866632649315E-016
          16          34  -1.0032999576095650E-015
          16          35  -1.7649830365454751E-014
          17           1   2.0288700992923421E-014
          17           2  -6.3230914220863420E-014
          17           3   9.3037603113446222E-014
          17           4   6.5742519954080918E-014
          17           5  -2.5996702717213078E-014
          17           6  -3.3283618521591908E-005
          17           7   3.2214201315800429E-005
          17           8  -4.7695659091700988E-002
          17           9   9.0741530174581189E-005
          17          10  -8.7825874237771294E-005
          17          11  0.11386202163523340     
          17          12  -1.5450604483417338E-005
          17          13   1.4954475191579085E-005
          17          14  -1.4016510416512718E-002
          17          15   6.4365256854460103E-006
          17          16  -6.2298711497599246E-006
          17          17   5.5059148023067937E-003
          17          18  -4.3105816680881430E-014
          17          19   1.0888350271613825E-014
          17          20  -4.7308700276286588E-014
          17          21  -2.0885694536988801E-015
          17          22  -8.6529224034045791E-015
          17          23  -5.4639148935238726E-014
          17          24  -4.5498790461022421E-015
          17          25  -6.6158819218800316E-015
          17          26  -2.1632196069815125E-014
          17          27   6.5062179925155084E-015
          17          28   7.9386078063550384E-015
          17          29  -3.4666420832911678E-015
          17          30  -2.3008912989674276E-014
          17          31   3.7718258380434825E-015
          17          32  -5.7326608505001554E-015
          17          33   4.1912633717763566E-015
          17          34  -4.1929518008356097E-015
          17          35  -1.6973897979824539E-015
          18           1   6.0862066246858901E-002
          18           2 -0.18363688510680573     
          18           3  -1.4309385123872531     
          18           4   3.1253082897441731     
          18           5  0.26589496767232795     
          18           6  -3.5950306815944505E-012
          18           7   3.4315213018990543E-012
          18           8   1.8450971188760777E-011
          18           9   4.9396426645353484E-014
          18          10  -2.2737266708666069E-014
          18          11  -1.8911285827577059E-013
          18          12  -2.4172674143253774E-014
          18          13   1.4463744737139546E-014
          18          14   9.7870100021739074E-014
          18          15   1.1695355237673211E-014
          18          16   2.5331740519314732E-015
          18          17  -4.3105816680881430E-014
          18          18   2.4110822813565225     
          18          19   8.1814902323775512E-005
          18          20 -0.85233175319381083     
          18          21  -3.8043777822136437E-004
          18          22   5.2989964177387083E-004
          18          23 -0.85007918513506620     
          18          24 -0.71868926019430401     
          18          25   1.1202600277630462E-004
          18          26 -0.26883918330385614     
          18          27  -6.1688814121269085E-004
          18          28   3.3972189543078260E-004
          18          29 -0.26753956133725854     
          18          30 -0.79843505289407235     
          18          31   1.8525279427623922E-005
          18          32 -0.99260648155570019     
          18          33  -1.0006988482983469E-004
          18          34   1.8722541892624218E-004
          18          35 -0.99187998363521990     
          19           1   2.2418839548807689E-005
          19           2  -6.3765570402731894E-005
          19           3   1.1178571065729503E-004
          19           4  -7.5795043743515761E-004
          19           5  -5.8021292884166957E-005
          19           6   8.1669695093123341E-013
          19           7  -7.6615554497142355E-013
          19           8  -4.1390805733044749E-012
          19           9  -4.3764390658125625E-014
          19          10   2.4422876276375037E-016
          19          11   8.4931816176396391E-014
          19          12   3.0778132053595005E-015
          19          13  -2.2791676509165577E-015
          19          14  -3.1689559782604871E-014
          19          15   6.2917101386145636E-015
          19          16  -2.3714348318547917E-015
          19          17   1.0888350271613825E-014
          19          18   8.1814902323775512E-005
          19          19   2.2419396004860106     
          19          20   8.1795665423326994E-005
          19          21  -1.4294823264451247E-002
          19          22   1.4769268895482305E-002
          19          23   1.2232229240217659E-004
          19          24  -1.3967117079484874E-005
          19          25 -0.57138367453843453     
          19          26  -1.3920504413993849E-005
          19          27   5.6277117692264719E-002
          19          28  -5.8145137608997269E-002
          19          29  -8.2990676322104511E-005
          19          30   1.4852279321100764E-004
          19          31  0.13773495491228804     
          19          32   1.4853127237177938E-004
          19          33  -1.7202420237515971E-003
          19          34   1.7774053269451380E-003
          19          35   1.6376070418950414E-004
          20           1   6.0860702800452408E-002
          20           2 -0.18363311385603326     
          20           3  -1.4309467887328786     
          20           4   3.1253564778622311     
          20           5  0.26589865962895753     
          20           6  -4.0945434247224264E-012
          20           7   3.8958804301325523E-012
          20           8   2.0968690490108732E-011
          20           9   8.4796769215154400E-014
          20          10  -2.0237814234131118E-014
          20          11  -2.5728003577514865E-013
          20          12  -2.3229052023764620E-014
          20          13   2.5234826390726917E-014
          20          14   1.2209143986598670E-013
          20          15   1.4562483653740485E-015
          20          16  -9.9772387534862467E-015
          20          17  -4.7308700276286588E-014
          20          18 -0.85233175319381083     
          20          19   8.1795665423326994E-005
          20          20   2.4110732298444395     
          20          21  -5.4730991551618223E-004
          20          22   3.6818077744709814E-004
          20          23 -0.85008602747798856     
          20          24 -0.26883202590862199     
          20          25   1.1207227690460392E-004
          20          26 -0.71869561065736165     
          20          27  -3.5143349026820262E-004
          20          28   5.9714536749208287E-004
          20          29 -0.26753515020315727     
          20          30 -0.99261517427793478     
          20          31   1.8534411540615489E-005
          20          32 -0.79844578174022329     
          20          33  -1.9351424369929267E-004
          20          34   9.6880093693801843E-005
          20          35 -0.99189057783797185     
          21           1  -1.2768157999725236E-004
          21           2   3.3959585495040517E-004
          21           3  -9.2812073855067553E-004
          21           4   4.7983703542656304E-003
          21           5   3.7504490162376778E-004
          21           6   3.9986108849306082E-013
          21           7  -3.9494328842571998E-013
          21           8  -2.1010437450927210E-012
          21           9   1.7142681289819435E-014
          21          10  -4.1100806679291934E-015
          21          11  -5.1259894868145523E-014
          21          12  -5.2312444601284054E-015
          21          13  -1.0468936839000381E-014
          21          14   2.9001094452510414E-016
          21          15  -9.2648453007157366E-015
          21          16   9.4332392033898595E-015
          21          17  -2.0885694536988801E-015
          21          18  -3.8043777822136437E-004
          21          19  -1.4294823264451247E-002
          21          20  -5.4730991551618223E-004
          21          21   2.1739294565684348     
          21          22  -2.9865807174625221E-003
          21          23  -4.1761533557621431E-004
          21          24  -2.4266941552357251E-005
          21          25   5.6277094797912215E-002
          21          26   2.3667786822636257E-004
          21          27 -0.30360763256328183     
          21          28   1.1743529389483056E-002
          21          29   6.5187886608846830E-005
          21          30  -1.0133205505199307E-003
          21          31  -1.7202424081961907E-003
          21          32  -1.1036142078419053E-003
          21          33  0.12954012966117051     
          21          34  -3.5409835923107692E-004
          21          35  -9.9722014001732201E-004
          22           1   1.2353338467114300E-004
          22           2  -3.2861967455561904E-004
          22           3   8.9726475198328851E-004
          22           4  -4.6413169876588561E-003
          22           5  -3.6275270926343898E-004
          22           6  -1.1066255060367374E-012
          22           7   1.0757938476742856E-012
          22           8   5.7316305284101371E-012
          22           9   9.2795815166326941E-015
          22          10  -3.6642222588071482E-014
          22          11  -8.2229781470990718E-014
          22          12  -1.0114696624208600E-015
          22          13   1.6390559404070702E-014
          22          14   3.2105120242263863E-014
          22          15   4.3840804185461751E-015
          22          16  -7.6196122537951281E-015
          22          17  -8.6529224034045791E-015
          22          18   5.2989964177387083E-004
          22          19   1.4769268895482305E-002
          22          20   3.6818077744709814E-004
          22          21  -2.9865807174625221E-003
          22          22   2.1741233186427529     
          22          23   4.0425613756743094E-004
          22          24  -2.2958235341297530E-004
          22          25  -5.8145115513656892E-002
          22          26   2.3476784300585221E-005
          22          27   1.1743529703831287E-002
          22          28 -0.30437184772779596     
          22          29  -6.3327543821416175E-005
          22          30   1.0673431128472217E-003
          22          31   1.7774056979705096E-003
          22          32   9.8004029394572686E-004
          22          33  -3.5409835391017537E-004
          22          34  0.12956383630663729     
          22          35   9.6441649774028882E-004
          23           1   6.1336844786551922E-002
          23           2 -0.18495090834246583     
          23           3  -1.4280675669828864     
          23           4   3.1085438233745273     
          23           5  0.26461080623875394     
          23           6  -4.2442606341560827E-012
          23           7   4.0834179433721330E-012
          23           8   2.1892340228950835E-011
          23           9   7.9060298733399436E-015
          23          10  -5.7818405044237089E-014
          23          11  -2.4431694135757487E-013
          23          12  -1.4470466259923612E-014
          23          13   2.2166505377587843E-014
          23          14   1.2250062101405381E-013
