           1           1   2.2558728509919144     
           1           2 -0.83266307483165858     
           1           3  0.26426416641698552     
           1           4  -1.9185545030448718E-002
           1           5  -1.9130611975512413E-002
           1           6   4.4006335084040915E-010
           1           7  -1.1873203607366072E-009
           1           8   4.7179858290416335E-010
           1           9  -1.2791440562849448E-009
           1          10   2.0539311122145746E-009
           1          11  -5.2145294793235401E-010
           1          12  -2.6255678983863060E-010
           1          13   4.7482723146016183E-010
           1          14  -2.2922514221068261E-010
           1          15   1.9875097103842723E-011
           1          16   4.2124592801620557E-011
           1          17   3.3738547931933130E-011
           1          18   1.7302373101335408E-002
           1          19  -1.7377429130212711E-004
           1          20   1.7560813393169387E-002
           1          21   2.1080147749580179E-004
           1          22   9.6844585476184322E-005
           1          23   1.7528207304431852E-002
           1          24  -6.2627127352820316E-003
           1          25  -1.6565906288757062E-005
           1          26  -6.2380853052574599E-003
           1          27   2.0095098967086841E-005
           1          28   9.2346734867872134E-006
           1          29  -6.2411929863203323E-003
           1          30  -1.2263588488117767E-002
           1          31  -2.1812991211691787E-005
           1          32  -1.2231164554641799E-002
           1          33   2.6460866677188201E-005
           1          34   1.2160284565790357E-005
           1          35  -1.2235255933040041E-002
           2           1 -0.83266307483165858     
           2           2   2.7074452945457628     
           2           3  -1.1302420840191378     
           2           4  0.16695499981539730     
           2           5   7.4406905759886316E-002
           2           6  -1.8096486405392887E-009
           2           7   3.8710407235150335E-009
           2           8  -2.0604906706899659E-009
           2           9   5.0528899805404184E-009
           2          10  -6.6599427965553177E-009
           2          11   3.3462115236370047E-009
           2          12   8.5989084220617045E-010
           2          13  -1.5329165629050559E-009
           2          14   7.6507050715182868E-010
           2          15  -6.2816763421239292E-011
           2          16  -1.2156462152589291E-010
           2          17  -1.0387174833414535E-010
           2          18  -1.4328703984384600E-002
           2          19   4.5039565243156095E-004
           2          20  -1.4998542563604203E-002
           2          21  -5.4636482204497064E-004
           2          22  -2.5100581865319889E-004
           2          23  -1.4914031820972238E-002
           2          24  -7.6041911910518700E-004
           2          25  -2.2951890389362518E-005
           2          26  -7.2625548534025169E-004
           2          27   2.7844622925834816E-005
           2          28   1.2783700096559856E-005
           2          29  -7.3056396752208246E-004
           2          30   5.1015566307086981E-003
           2          31   8.0428938758828929E-005
           2          32   4.9819947722064741E-003
           2          33  -9.7566505162222702E-005
           2          34  -4.4835534668297931E-005
           2          35   4.9970811142211920E-003
           3           1  0.26426416641698552     
           3           2  -1.1302420840191378     
           3           3   2.7231535203190065     
           3           4 -0.51494981271297080     
           3           5 -0.26265622242952819     
           3           6  -7.2364815556543567E-010
           3           7   3.0761824011206212E-009
           3           8  -2.2187060166333056E-009
           3           9   3.5146348363428698E-009
           3          10  -4.8632293419024922E-009
           3          11   3.4220286447210599E-009
           3          12  -2.7041686419999092E-009
           3          13   4.9482686463800032E-009
           3          14  -2.4155048287102091E-009
           3          15   1.7531653882878568E-010
           3          16   5.9291327696761440E-010
           3          17   3.4900914328261592E-010
           3          18   2.3445093407843721E-002
           3          19  -3.1516582283730391E-003
           3          20   2.8132246686906885E-002
           3          21   3.8232058785415421E-003
           3          22   1.7564323269357079E-003
           3          23   2.7540893538744584E-002
           3          24  -3.3148321872015551E-002
           3          25  -9.1434626571974928E-004
           3          26  -3.1788635699955999E-002
           3          27   1.1091615343582514E-003
           3          28   5.0960003940362622E-004
           3          29  -3.1960182934885215E-002
           3          30  -4.5683086565656339E-002
           3          31  -2.8596053782318706E-004
           3          32  -4.5257995595645750E-002
           3          33   3.4689466233880049E-004
           3          34   1.5941129319759634E-004
           3          35  -4.5311635484803339E-002
           4           1  -1.9185545030448718E-002
           4           2  0.16695499981539730     
           4           3 -0.51494981271297080     
           4           4  0.52871573308055664     
           4           5  0.29768395827853311     
           4           6  -3.2969165597123759E-010
           4           7   9.0513725569647730E-009
           4           8   9.8938264377885502E-009
           4           9  -2.6561779511560217E-009
           4          10  -2.4392032004939067E-008
           4          11  -2.6136062236356189E-008
           4          12   3.9278799833276208E-009
           4          13  -6.0953938699143881E-009
           4          14   3.7703976013079150E-009
           4          15   1.1231038116814557E-009
           4          16  -1.3306914954349880E-009
           4          17   1.5511048190863105E-009
           4          18  -8.2216057238802247E-003
           4          19   5.2645225595363675E-003
           4          20  -1.6051012979517342E-002
           4          21  -6.3862575381803234E-003
           4          22  -2.9339446084842911E-003
           4          23  -1.5063222193471983E-002
           4          24   7.0994073319697010E-002
           4          25   2.2710895403283402E-003
           4          26   6.7616660047105662E-002
           4          27  -2.7549952614964314E-003
           4          28  -1.2657291235645095E-003
           4          29   6.8042775496999580E-002
           4          30   9.1246451297262721E-002
           4          31  -2.8656316285121525E-005
           4          32   9.1289269925132019E-002
           4          33   3.4758593132814750E-005
           4          34   1.5922559421514132E-005
           4          35   9.1283879965969511E-002
           5           1  -1.9130611975512413E-002
           5           2   7.4406905759886316E-002
           5           3 -0.26265622242952819     
           5           4  0.29768395827853311     
           5           5  0.16812032830017479     
           5           6   1.6413392804926350E-009
           5           7   2.9671643753493383E-009
           5           8   6.2652964108392345E-009
           5           9  -5.4164094294865670E-009
           5          10  -6.6690502160000416E-009
           5          11  -1.5662358507737605E-008
           5          12  -5.7889931138655299E-010
           5          13  -2.2879744586429253E-009
           5          14  -1.9441795347169068E-009
           5          15  -3.0520487859076317E-009
           5          16   6.3847717584404722E-010
           5          17  -4.5977091246784265E-009
           5          18  -8.1668447870305479E-003
           5          19  -9.2492959695375998E-004
           5          20  -6.7914172125710104E-003
           5          21   1.1220092674861007E-003
           5          22   5.1551054386216695E-004
           5          23  -6.9649605481651115E-003
           5          24   3.9291379242389110E-002
           5          25  -1.4425805325423032E-005
           5          26   3.9312877215680289E-002
           5          27   1.7502692117200001E-005
           5          28   8.0312864687864685E-006
           5          29   3.9310164078192975E-002
           5          30   5.1884747978050406E-002
           5          31  -2.6542120493461881E-004
           5          32   5.2279579810046523E-002
           5          33   3.2197436869802441E-004
           5          34   1.4789713882212363E-004
           5          35   5.2229772629283119E-002
           6           1   4.4006335084040915E-010
           6           2  -1.8096486405392887E-009
           6           3  -7.2364815556543567E-010
           6           4  -3.2969165597123759E-010
           6           5   1.6413392804926350E-009
           6           6   2.3276753651936941     
           6           7  -2.3012848068998436E-003
           6           8   2.7916481111994206E-003
           6           9 -0.87308933669039535     
           6          10   7.1069328383413467E-003
           6          11  -8.6212907427850732E-003
           6          12  -6.7873407628958439E-003
           6          13  -1.2859877242328451E-002
           6          14   1.5600058275957384E-002
           6          15   2.3694777202098543E-002
           6          16  -1.6542366083275539E-002
           6          17   2.0067194322931910E-002
           6          18   1.2718996419124544E-009
           6          19   2.5152000862881400E-010
           6          20   4.0578265771633962E-009
           6          21   1.1621271591239350E-009
           6          22  -1.5254999240941232E-009
           6          23  -7.7806303708722512E-011
           6          24  -9.2729079641075936E-010
           6          25  -1.1794757779097169E-010
           6          26   1.7283724657261893E-009
           6          27   1.6376917950139332E-009
           6          28   8.4442869221012083E-010
           6          29   2.0652381557503108E-010
           6          30   4.3564942630827916E-011
           6          31   1.0751816990149265E-009
           6          32   2.8336586462693008E-010
           6          33   5.0604922321072839E-010
           6          34  -1.0744535079984478E-009
           6          35  -1.6960536328993133E-009
           7           1  -1.1873203607366072E-009
           7           2   3.8710407235150335E-009
           7           3   3.0761824011206212E-009
           7           4   9.0513725569647730E-009
           7           5   2.9671643753493383E-009
           7           6  -2.3012848068998436E-003
           7           7   2.3316270953564899     
           7           8   1.2825597930254142E-003
           7           9   7.1069326370455637E-003
           7          10 -0.88529325165121819     
           7          11  -3.9608582860618151E-003
           7          12  -1.2859879678321490E-002
           7          13   1.5295444004834135E-002
           7          14   7.1670856146131912E-003
           7          15  -1.6542381251401526E-002
           7          16   5.2101120209650194E-002
           7          17   9.2194586528024612E-003
           7          18  -4.7420776767916880E-009
           7          19  -7.4271744065899728E-010
           7          20  -7.6532264561690859E-009
           7          21  -1.3522998183329821E-009
           7          22   1.8086907861637831E-009
           7          23   1.8511029638378095E-010
           7          24  -2.1392929946713195E-009
           7          25   1.0889837467688523E-009
           7          26  -3.1828386605047663E-009
           7          27  -1.4441050057596269E-009
           7          28  -1.2267969777419017E-009
           7          29  -4.0008460926493169E-009
           7          30  -2.2982359300887598E-009
           7          31  -3.2109358697225616E-009
           7          32  -5.5196663144796580E-009
           7          33  -9.6999245811305655E-010
           7          34   1.6370264938360980E-009
           7          35  -2.9218177993689851E-009
           8           1   4.7179858290416335E-010
           8           2  -2.0604906706899659E-009
           8           3  -2.2187060166333056E-009
           8           4   9.8938264377885502E-009
           8           5   6.2652964108392345E-009
           8           6   2.7916481111994206E-003
           8           7   1.2825597930254142E-003
           8           8   2.3311285219814919     
           8           9  -8.6212912008767593E-003
           8          10  -3.9608580207543204E-003
           8          11 -0.88375353629353526     
           8          12   1.5600056989509455E-002
           8          13   7.1670846861807162E-003
           8          14   1.2509392238830061E-002
           8          15   2.0067216294893865E-002
           8          16   9.2194573689033405E-003
           8          17   4.8517233690846887E-002
           8          18   1.6736104063111586E-010
           8          19  -1.7164767030881491E-010
           8          20   1.3865252852507761E-009
           8          21   1.5290586359104050E-009
           8          22  -8.3361528927597178E-010
           8          23   5.3704122113583737E-010
           8          24  -4.7242724703411594E-009
           8          25   8.6149846127535383E-010
           8          26  -1.4064633437979206E-010
           8          27   1.5706492667446925E-009
           8          28   5.5443389594269452E-010
           8          29  -2.6698023584510243E-009
           8          30  -2.8081724203875245E-009
           8          31  -5.3000789514507853E-010
           8          32  -5.0682724915534465E-009
           8          33   3.5583530707654160E-010
           8          34  -6.7490365494932336E-010
           8          35  -6.6618649187309908E-009
           9           1  -1.2791440562849448E-009
           9           2   5.0528899805404184E-009
           9           3   3.5146348363428698E-009
           9           4  -2.6561779511560217E-009
           9           5  -5.4164094294865670E-009
           9           6 -0.87308933669039535     
           9           7   7.1069326370455637E-003
           9           8  -8.6212912008767593E-003
           9           9   2.3295677062507480     
           9          10  -2.1942250330775910E-002
           9          11   2.6617735166965129E-002
           9          12  -1.1071592626787821E-002
           9          13   3.9564347825439820E-002
           9          14  -4.7994712182793296E-002
           9          15  -6.2917328156634547E-002
           9          16   5.1436793759590718E-002
           9          17  -6.2396888757011888E-002
           9          18  -3.5222976475020070E-009
           9          19  -8.0262662646366560E-010
           9          20  -1.0827519225706671E-008
           9          21  -3.3298240003830570E-009
           9          22   3.8574898966238500E-009
           9          23   4.1962601276334111E-010
           9          24   3.9895618524455411E-009
           9          25   4.6866438723295422E-010
           9          26  -3.8692602834996411E-009
           9          27  -4.0666100952268394E-009
           9          28  -2.7387343486777525E-009
           9          29  -8.8544251760369897E-010
           9          30   8.9233043384001023E-010
           9          31  -2.7707212981211392E-009
           9          32   1.2375042126346053E-009
           9          33  -1.4495723614697198E-009
           9          34   2.6730399702941725E-009
           9          35   6.2120756568043784E-009
          10           1   2.0539311122145746E-009
          10           2  -6.6599427965553177E-009
          10           3  -4.8632293419024922E-009
          10           4  -2.4392032004939067E-008
          10           5  -6.6690502160000416E-009
          10           6   7.1069328383413467E-003
          10           7 -0.88529325165121819     
          10           8  -3.9608580207543204E-003
          10           9  -2.1942250330775910E-002
          10          10   2.3672466025625747     
          10          11   1.2228920066299330E-002
          10          12   3.9564350748299490E-002
          10          13  -7.9010881353817550E-002
          10          14  -2.2050057145456960E-002
          10          15   5.1436843342034536E-002
          10          16 -0.15124394327844198     
          10          17  -2.8666962441490404E-002
          10          18   1.0666695210764921E-008
          10          19   1.9561576153881977E-009
          10          20   1.7715920600337141E-008
          10          21   4.2859571826625333E-009
          10          22  -5.1916932171060182E-009
          10          23  -8.9897162728487587E-010
          10          24   5.0476230966996500E-009
          10          25  -3.0669245057890717E-009
          10          26   9.1973863491342623E-009
          10          27   3.6556625773525258E-009
          10          28   4.0428563571554844E-009
          10          29   1.1550592742975862E-008
          10          30   6.6543583743163907E-009
          10          31   7.8951735493008509E-009
          10          32   1.2826277712776234E-008
          10          33   2.2390698557599140E-009
          10          34  -3.9595211654715257E-009
          10          35   7.0328556555460428E-009
          11           1  -5.2145294793235401E-010
          11           2   3.3462115236370047E-009
          11           3   3.4220286447210599E-009
          11           4  -2.6136062236356189E-008
          11           5  -1.5662358507737605E-008
          11           6  -8.6212907427850732E-003
          11           7  -3.9608582860618151E-003
          11           8 -0.88375353629353526     
          11           9   2.6617735166965129E-002
          11          10   1.2228920066299330E-002
          11          11   2.3624928241670746     
          11          12  -4.7994708179754465E-002
          11          13  -2.2050055914253252E-002
          11          14  -7.0439391167355245E-002
          11          15  -6.2396956293933811E-002
          11          16  -2.8666958722561219E-002
          11          17 -0.14010021580391846     
          11          18   3.8954268247525074E-010
          11          19   2.5553585027108766E-010
          11          20  -2.0474222480669176E-009
          11          21  -3.9232270827689570E-009
          11          22   2.0145833959271059E-009
          11          23  -9.9872078714773592E-010
          11          24   1.1989074155165598E-008
          11          25  -2.0221978122603098E-009
          11          26   3.9003955102137211E-010
          11          27  -4.1943481782579889E-009
          11          28  -8.4936822874576352E-010
          11          29   7.2329724104216672E-009
          11          30   7.1571315651504355E-009
          11          31   1.5062708740739389E-009
          11          32   1.2934549749787515E-008
          11          33  -7.0105456343187198E-010
          11          34   1.6727054785170058E-009
          11          35   1.7004404170248740E-008
          12           1  -2.6255678983863060E-010
          12           2   8.5989084220617045E-010
          12           3  -2.7041686419999092E-009
          12           4   3.9278799833276208E-009
          12           5  -5.7889931138655299E-010
          12           6  -6.7873407628958439E-003
          12           7  -1.2859879678321490E-002
          12           8   1.5600056989509455E-002
          12           9  -1.1071592626787821E-002
          12          10   3.9564350748299490E-002
          12          11  -4.7994708179754465E-002
          12          12   7.9532297219835943E-002
          12          13  -6.9569622072464365E-002
          12          14   8.4393510172893330E-002
          12          15  0.10722650302516208     
          12          16  -9.4501188038100023E-002
          12          17  0.11463743045061345     
          12          18   7.1788505851687778E-012
          12          19   2.6296432329105514E-009
          12          20  -1.1510730085830177E-009
          12          21   6.3754858065619371E-010
          12          22   1.3549589456838908E-009
          12          23   7.5734317752485402E-010
          12          24   5.9097086843166321E-010
          12          25   7.9603726381331552E-010
          12          26   1.5079771802567566E-010
          12          27   2.1583799478742142E-010
          12          28   3.2334336749519760E-010
          12          29   7.2044360088261863E-010
          12          30   4.0008074457423508E-010
          12          31  -4.0070182052198453E-010
          12          32   9.1539336815902890E-010
          12          33  -7.6044044554553836E-011
          12          34   1.3910264813796030E-010
          12          35   4.9615466780404848E-010
          13           1   4.7482723146016183E-010
          13           2  -1.5329165629050559E-009
          13           3   4.9482686463800032E-009
          13           4  -6.0953938699143881E-009
          13           5  -2.2879744586429253E-009
          13           6  -1.2859877242328451E-002
          13           7   1.5295444004834135E-002
          13           8   7.1670846861807162E-003
          13           9   3.9564347825439820E-002
          13          10  -7.9010881353817550E-002
          13          11  -2.2050055914253252E-002
          13          12  -6.9569622072464365E-002
          13          13  0.19899615993485820     
          13          14   3.8772577682728883E-002
          13          15  -9.4501310272074757E-002
          13          16  0.26950269545175720     
          13          17   5.2667731074865061E-002
          13          18  -1.5728018946566051E-009
          13          19  -2.9176025197220123E-009
          13          20   5.5963247520992779E-009
          13          21  -2.5446087552729335E-009
          13          22  -1.2198782071579371E-009
          13          23  -3.3039539803251762E-009
          13          24  -1.3763002899994637E-009
          13          25  -9.9054570312976041E-010
          13          26   1.0753291444858345E-009
          13          27  -8.1529472867404143E-010
          13          28  -2.6619024106864107E-010
          13          29  -1.7607669907600989E-009
          13          30  -8.9778000991644516E-010
          13          31   4.1714871931173748E-010
          13          32  -7.5464125995092763E-010
          13          33   1.4318497089134429E-010
          13          34  -1.5775476520572677E-010
          13          35  -5.5345045558682203E-010
          14           1  -2.2922514221068261E-010
          14           2   7.6507050715182868E-010
          14           3  -2.4155048287102091E-009
          14           4   3.7703976013079150E-009
          14           5  -1.9441795347169068E-009
          14           6   1.5600058275957384E-002
          14           7   7.1670856146131912E-003
          14           8   1.2509392238830061E-002
          14           9  -4.7994712182793296E-002
          14          10  -2.2050057145456960E-002
          14          11  -7.0439391167355245E-002
          14          12   8.4393510172893330E-002
          14          13   3.8772577682728883E-002
          14          14  0.18392417435727026     
          14          15  0.11463757178772414     
          14          16   5.2667729449500551E-002
          14          17  0.24902916671329139     
          14          18   1.4467047178871532E-009
          14          19   1.9168008425834230E-009
          14          20  -2.5960466761024234E-009
          14          21   1.0213644044944189E-009
          14          22   1.9129950669700706E-009
          14          23   9.1529973676081533E-010
          14          24   1.1113347402557088E-009
          14          25   4.8506508814576806E-010
          14          26  -3.0983387941484305E-010
          14          27   3.6385871515464331E-010
          14          28   5.3271011971771689E-010
          14          29   8.3517568876449402E-010
          14          30   4.2001783615525418E-010
          14          31  -2.7972565852855423E-010
          14          32   1.0871931355852394E-009
          14          33  -7.1890438795016797E-011
          14          34   8.3956931192859569E-011
          14          35   7.5563841639446672E-010
          15           1   1.9875097103842723E-011
          15           2  -6.2816763421239292E-011
          15           3   1.7531653882878568E-010
          15           4   1.1231038116814557E-009
          15           5  -3.0520487859076317E-009
          15           6   2.3694777202098543E-002
          15           7  -1.6542381251401526E-002
          15           8   2.0067216294893865E-002
          15           9  -6.2917328156634547E-002
          15          10   5.1436843342034536E-002
          15          11  -6.2396956293933811E-002
          15          12  0.10722650302516208     
          15          13  -9.4501310272074757E-002
          15          14  0.11463757178772414     
          15          15  0.14566993097169945     
          15          16 -0.12827391576729577     
          15          17  0.15560633296304044     
          15          18  -1.6937170851270628E-010
          15          19  -2.3189491059920520E-009
          15          20   3.2697393716945401E-009
          15          21  -2.0735508392962324E-009
          15          22  -6.4217154463682503E-010
          15          23  -3.0560376341788731E-009
          15          24   5.4865602433405270E-011
          15          25  -8.8712139565477089E-010
          15          26   1.2266322102568450E-009
          15          27  -6.2172344448094162E-010
          15          28  -2.9830456974503273E-010
          15          29  -9.5621490107758293E-010
          15          30  -2.2333660076507799E-010
          15          31  -7.0481444993426793E-010
          15          32   6.9048272196935129E-010
          15          33  -1.6524745041905201E-010
          15          34   8.3523613742729942E-011
          15          35  -3.3429762145507017E-010
          16           1   4.2124592801620557E-011
          16           2  -1.2156462152589291E-010
          16           3   5.9291327696761440E-010
          16           4  -1.3306914954349880E-009
          16           5   6.3847717584404722E-010
          16           6  -1.6542366083275539E-002
          16           7   5.2101120209650194E-002
          16           8   9.2194573689033405E-003
          16           9   5.1436793759590718E-002
          16          10 -0.15124394327844198     
          16          11  -2.8666958722561219E-002
          16          12  -9.4501188038100023E-002
          16          13  0.26950269545175720     
          16          14   5.2667729449500551E-002
          16          15 -0.12827391576729577     
          16          16  0.36594024244518880     
          16          17   7.1490350401112859E-002
          16          18  -5.9682422028612115E-010
          16          19   1.1081359886942966E-009
          16          20  -2.4719823371510205E-009
          16          21   3.1553678496462911E-010
          16          22   8.0106950367864956E-011
          16          23   3.0767611254847315E-009
          16          24  -4.5557958755576672E-010
          16          25   4.2209058745821732E-010
          16          26  -1.0289126083463644E-009
          16          27   6.5828002525004546E-011
          16          28   9.7102074771941234E-011
          16          29   7.9337742427741659E-010
          16          30  -4.3449671081753297E-011
          16          31   8.1787949067212362E-010
          16          32  -6.6553562793895246E-010
          16          33   3.7223149211867997E-012
          16          34  -2.1173687638437658E-010
          16          35   3.2237961020566641E-010
          17           1   3.3738547931933130E-011
          17           2  -1.0387174833414535E-010
          17           3   3.4900914328261592E-010
          17           4   1.5511048190863105E-009
          17           5  -4.5977091246784265E-009
          17           6   2.0067194322931910E-002
          17           7   9.2194586528024612E-003
          17           8   4.8517233690846887E-002
          17           9  -6.2396888757011888E-002
          17          10  -2.8666962441490404E-002
          17          11 -0.14010021580391846     
          17          12  0.11463743045061345     
          17          13   5.2667731074865061E-002
          17          14  0.24902916671329139     
          17          15  0.15560633296304044     
          17          16   7.1490350401112859E-002
          17          17  0.33814964860576480     
          17          18   3.7206316095462988E-011
          17          19  -5.8742077975719993E-010
          17          20   1.6834613810071216E-009
          17          21  -7.0027121948219172E-010
          17          22  -4.5633748865814222E-010
          17          23  -1.6683284327390467E-009
          17          24   8.6391782531615505E-011
          17          25  -3.5911740292101488E-010
          17          26   7.2731081983824584E-010
          17          27  -1.5243320329582913E-010
          17          28  -2.5223804991589460E-010
          17          29  -5.4463306204003614E-010
          17          30  -2.8338302348574119E-010
          17          31  -4.6531224507505071E-010
          17          32   6.7379460384154570E-010
          17          33  -2.4992126992761226E-010
          17          34  -3.2303602765464531E-011
          17          35  -1.8557209567562317E-010
          18           1   1.7302373101335408E-002
          18           2  -1.4328703984384600E-002
          18           3   2.3445093407843721E-002
          18           4  -8.2216057238802247E-003
          18           5  -8.1668447870305479E-003
          18           6   1.2718996419124544E-009
          18           7  -4.7420776767916880E-009
          18           8   1.6736104063111586E-010
          18           9  -3.5222976475020070E-009
          18          10   1.0666695210764921E-008
          18          11   3.8954268247525074E-010
          18          12   7.1788505851687778E-012
          18          13  -1.5728018946566051E-009
          18          14   1.4467047178871532E-009
          18          15  -1.6937170851270628E-010
          18          16  -5.9682422028612115E-010
          18          17   3.7206316095462988E-011
          18          18   1.4324814732284081     
          18          19  -5.3862046646977575E-005
          18          20 -0.71514824866994386     
          18          21   6.5428891281628983E-005
          18          22  -7.6311275833258535E-004
          18          23 -0.71489131186830934     
          18          24  0.47292507178429355     
          18          25   5.4087524971167236E-004
          18          26 -0.23827089870669427     
          18          27  -6.5616527838815910E-004
          18          28   4.2711791495587720E-004
          18          29 -0.23841470479062682     
          18          30   3.5470332857284001E-002
          18          31  -6.5142885800496678E-004
          18          32  -2.3844476850441883E-002
          18          33   7.9019363669180465E-004
          18          34  -2.7325718483396395E-004
          18          35  -2.3752510010519694E-002
          19           1  -1.7377429130212711E-004
          19           2   4.5039565243156095E-004
          19           3  -3.1516582283730391E-003
          19           4   5.2645225595363675E-003
          19           5  -9.2492959695375998E-004
          19           6   2.5152000862881400E-010
          19           7  -7.4271744065899728E-010
          19           8  -1.7164767030881491E-010
          19           9  -8.0262662646366560E-010
          19          10   1.9561576153881977E-009
          19          11   2.5553585027108766E-010
          19          12   2.6296432329105514E-009
          19          13  -2.9176025197220123E-009
          19          14   1.9168008425834230E-009
          19          15  -2.3189491059920520E-009
          19          16   1.1081359886942966E-009
          19          17  -5.8742077975719993E-010
          19          18  -5.3862046646977575E-005
          19          19   1.4319199553051742     
          19          20  -2.2179544212233088E-004
          19          21   3.2168188604868195E-004
          19          22   9.3397743048590550E-004
          19          23   1.2230736715084481E-003
          19          24   7.5857730587724321E-004
          19          25  0.47359896009444646     
          19          26   7.5151074951800532E-004
          19          27  -4.2670466421670738E-004
          19          28  -9.1827559455454934E-004
          19          29  -5.5506534115829734E-004
          19          30  -2.7873200355718964E-003
          19          31   3.9822189514233865E-002
          19          32  -2.2419993122264961E-003
          19          33   8.1192551862190477E-004
          19          34   1.0039313346508550E-003
          19          35  -1.1692705794061047E-003
          20           1   1.7560813393169387E-002
          20           2  -1.4998542563604203E-002
          20           3   2.8132246686906885E-002
          20           4  -1.6051012979517342E-002
          20           5  -6.7914172125710104E-003
          20           6   4.0578265771633962E-009
          20           7  -7.6532264561690859E-009
          20           8   1.3865252852507761E-009
          20           9  -1.0827519225706671E-008
          20          10   1.7715920600337141E-008
          20          11  -2.0474222480669176E-009
          20          12  -1.1510730085830177E-009
          20          13   5.5963247520992779E-009
          20          14  -2.5960466761024234E-009
          20          15   3.2697393716945401E-009
          20          16  -2.4719823371510205E-009
          20          17   1.6834613810071216E-009
          20          18 -0.71514824866994386     
          20          19  -2.2179544212233088E-004
          20          20   1.4328906022051093     
          20          21  -1.4580372933924734E-003
          20          22   1.2349007169950272E-004
          20          23 -0.71670939606963990     
          20          24 -0.23859464282225223     
          20          25   5.3380793118815682E-004
          20          26  0.47100346301983509     
          20          27   9.3853613084716623E-004
          20          28  -2.9744855580392569E-004
          20          29 -0.23758958728426610     
          20          30  -2.0668038869859191E-002
          20          31  -1.0612033576427895E-004
          20          32   3.9773616145349792E-002
          20          33  -1.2560407608927576E-003
          20          34   5.9182344626532420E-005
          20          35  -2.2013874997384844E-002
          21           1   2.1080147749580179E-004
          21           2  -5.4636482204497064E-004
          21           3   3.8232058785415421E-003
          21           4  -6.3862575381803234E-003
          21           5   1.1220092674861007E-003
          21           6   1.1621271591239350E-009
          21           7  -1.3522998183329821E-009
          21           8   1.5290586359104050E-009
          21           9  -3.3298240003830570E-009
          21          10   4.2859571826625333E-009
          21          11  -3.9232270827689570E-009
          21          12   6.3754858065619371E-010
          21          13  -2.5446087552729335E-009
          21          14   1.0213644044944189E-009
          21          15  -2.0735508392962324E-009
          21          16   3.1553678496462911E-010
          21          17  -7.0027121948219172E-010
          21          18   6.5428891281628983E-005
          21          19   3.2168188604868195E-004
          21          20  -1.4580372933924734E-003
          21          21   1.4317951600085883     
          21          22  -7.4551610181041632E-004
          21          23   2.4331675751145416E-004
          21          24  -9.2025815666258728E-004
          21          25  -4.2670674094456168E-004
          21          26   6.7444760670141925E-004
          21          27  0.47376471960956279     
          21          28   7.5803162305483726E-004
          21          29  -9.1270898259333539E-004
          21          30   3.3811880129243112E-003
          21          31   8.1192441490516979E-004
          21          32   1.3349823316032906E-003
          21          33   3.9506470515149501E-002
          21          34  -9.0701708066244740E-004
          21          35   2.8031821752762358E-003
          22           1   9.6844585476184322E-005
          22           2  -2.5100581865319889E-004
          22           3   1.7564323269357079E-003
          22           4  -2.9339446084842911E-003
          22           5   5.1551054386216695E-004
          22           6  -1.5254999240941232E-009
          22           7   1.8086907861637831E-009
          22           8  -8.3361528927597178E-010
          22           9   3.8574898966238500E-009
          22          10  -5.1916932171060182E-009
          22          11   2.0145833959271059E-009
          22          12   1.3549589456838908E-009
          22          13  -1.2198782071579371E-009
          22          14   1.9129950669700706E-009
          22          15  -6.4217154463682503E-010
          22          16   8.0106950367864956E-011
          22          17  -4.5633748865814222E-010
          22          18  -7.6311275833258535E-004
          22          19   9.3397743048590550E-004
          22          20   1.2349007169950272E-004
          22          21  -7.4551610181041632E-004
          22          22   1.4330750767374432     
          22          23   1.1161518952439986E-004
          22          24   3.0578366557242992E-004
          22          25  -9.1827529157183490E-004
          22          26  -4.1878249805332745E-004
          22          27   7.5803074579514160E-004
          22          28  0.47246315848674547     
          22          29  -4.1926119134472753E-004
          22          30   9.1710041369881307E-004
          22          31   1.0039292318967845E-003
          22          32   1.2495452629841747E-003
          22          33  -9.0701627837612648E-004
          22          34   4.1064106150689533E-002
          22          35   1.2879035159154245E-003
          23           1   1.7528207304431852E-002
          23           2  -1.4914031820972238E-002
          23           3   2.7540893538744584E-002
          23           4  -1.5063222193471983E-002
          23           5  -6.9649605481651115E-003
          23           6  -7.7806303708722512E-011
          23           7   1.8511029638378095E-010
          23           8   5.3704122113583737E-010
          23           9   4.1962601276334111E-010
          23          10  -8.9897162728487587E-010
          23          11  -9.9872078714773592E-010
          23          12   7.5734317752485402E-010
          23          13  -3.3039539803251762E-009
          23          14   9.1529973676081533E-010
