           1           1   2.3206573394306771     
           1           2  -1.0706450715062286     
           1           3 -0.50613775049885834     
           1           4 -0.11000310092766737     
           1           5  -4.9218796631696066E-002
           1           6  -1.9386744044757089E-014
           1           7   7.8697208637864143E-015
           1           8  -4.1511907346806802E-014
           1           9   6.7173098965176369E-015
           1          10   1.4671877094784494E-017
           1          11   4.5776549905833347E-015
           1          12  -8.4974848579534267E-015
           1          13  -1.1486565942536185E-015
           1          14  -1.0469179918813970E-015
           1          15  -1.2392834510978243E-015
           1          16   1.9432808505590406E-015
           1          17   6.0212007953103686E-015
           1          18  0.45804423877209105     
           1          19  -1.9274887216333558E-015
           1          20  0.45804423877205114     
           1          21   2.6296786659971549E-015
           1          22  -2.9721314942956330E-015
           1          23  0.45804423877207384     
           1          24  -1.6544253409615010E-002
           1          25  -4.6909969083740729E-015
           1          26  -1.6544253409616107E-002
           1          27   2.4619861137436135E-016
           1          28   4.7986044646258104E-015
           1          29  -1.6544253409627417E-002
           1          30   3.0160752526968374E-002
           1          31   1.0044369905106058E-015
           1          32   3.0160752526977613E-002
           1          33  -4.7334093117997898E-016
           1          34  -7.0604723187400429E-015
           1          35   3.0160752526977790E-002
           2           1  -1.0706450715062286     
           2           2   3.5859128293859506     
           2           3   1.2338259229129278     
           2           4  0.32619373344565472     
           2           5  0.18311216086513038     
           2           6   5.8895515227237947E-014
           2           7  -2.3004340382866857E-014
           2           8   1.3053551465188704E-013
           2           9  -1.9788976216482609E-014
           2          10  -5.2780037427752429E-015
           2          11  -1.5617931653540770E-014
           2          12   3.2555746357437708E-014
           2          13   3.5343551658339169E-015
           2          14  -2.1889271928143255E-015
           2          15   5.2125404705198412E-015
           2          16  -2.2699102492338013E-015
           2          17  -1.6432818602786272E-014
           2          18  -1.4570801635907551     
           2          19   5.6345368804993024E-015
           2          20  -1.4570801635906028     
           2          21  -1.0677136326480252E-014
           2          22   7.2186550851149904E-015
           2          23  -1.4570801635906365     
           2          24  0.10479675712743891     
           2          25   1.8781546906608363E-014
           2          26  0.10479675712742913     
           2          27  -4.0300781903786277E-015
           2          28  -7.1783229012186226E-015
           2          29  0.10479675712747241     
           2          30 -0.10424976585512288     
           2          31  -6.1006500515236582E-015
           2          32 -0.10424976585513744     
           2          33   6.8188430975351475E-016
           2          34   1.7396903068588877E-014
           2          35 -0.10424976585514160     
           3           1 -0.50613775049885834     
           3           2   1.2338259229129278     
           3           3   1.7218239659641055     
           3           4 -0.31230479248141862     
           3           5  -6.2252988513868054E-002
           3           6   2.8910882379339524E-014
           3           7   1.0120334022699711E-015
           3           8   8.6953611702603444E-014
           3           9   1.9233819559186130E-014
           3          10  -3.0295595679887103E-014
           3          11   1.0041809365195908E-014
           3          12  -9.4886285012175721E-015
           3          13   1.2072613053068942E-014
           3          14   2.7306632836020875E-015
           3          15  -9.2816477384046796E-015
           3          16   1.4897644337583331E-014
           3          17   3.0216519389184065E-014
           3          18 -0.53176030912732952     
           3          19   7.9632933998773545E-015
           3          20 -0.53176030912591632     
           3          21   1.2321188398330312E-014
           3          22   2.8060292301022272E-014
           3          23 -0.53176030912607286     
           3          24  -7.0742575867551116E-002
           3          25   6.5442043248467505E-015
           3          26  -7.0742575867689228E-002
           3          27  -7.4311670566447767E-015
           3          28  -1.7234956765870741E-014
           3          29  -7.0742575867456761E-002
           3          30  -4.2586574845267650E-003
           3          31  -8.7943005322630211E-015
           3          32  -4.2586574844517416E-003
           3          33  -3.4200500032132143E-015
           3          34  -1.9520758334783112E-014
           3          35  -4.2586574844689085E-003
           4           1 -0.11000310092766737     
           4           2  0.32619373344565472     
           4           3 -0.31230479248141862     
           4           4   1.0339399791672257     
           4           5  0.27658452555326840     
           4           6  -2.0820956182914713E-015
           4           7  -2.2468598596629971E-014
           4           8  -3.1610668107627493E-015
           4           9  -3.2693010137400206E-014
           4          10   1.1953164149258921E-013
           4          11   3.1274255877476812E-014
           4          12   3.0374051534332338E-014
           4          13  -4.9555834178797291E-014
           4          14  -3.3559192590848745E-015
           4          15   2.0488464334177012E-014
           4          16  -1.4928484069575832E-014
           4          17  -4.8883131582588508E-014
           4          18 -0.25181853802250964     
           4          19  -1.8598672106903142E-014
           4          20 -0.25181853802208753     
           4          21  -3.3761561081901328E-014
           4          22  -6.0441547336744906E-015
           4          23 -0.25181853802293475     
           4          24  0.29423429347118890     
           4          25   1.4716999926746821E-014
           4          26  0.29423429347126140     
           4          27   6.8050325569712360E-015
           4          28   7.1979063869418672E-015
           4          29  0.29423429347119978     
           4          30 -0.12095735408382235     
           4          31   4.3104939859404859E-015
           4          32 -0.12095735408384495     
           4          33   4.7886650854338158E-015
           4          34   4.2020196882778888E-014
           4          35 -0.12095735408388400     
           5           1  -4.9218796631696066E-002
           5           2  0.18311216086513038     
           5           3  -6.2252988513868054E-002
           5           4  0.27658452555326840     
           5           5   8.8564742150193054E-002
           5           6  -4.4582988287287326E-015
           5           7  -1.2720286514401000E-014
           5           8  -1.2999865190252849E-014
           5           9   1.0020378209253642E-014
           5          10   3.9238695206357935E-014
           5          11   3.6166697665169081E-014
           5          12  -3.1105132321964521E-014
           5          13   1.7612677075792365E-014
           5          14  -2.2203107314599065E-014
           5          15  -1.2452545207458789E-015
           5          16   3.3613470454249371E-015
           5          17  -1.2531324969696495E-014
           5          18 -0.16016421594629277     
           5          19  -4.1525872635637781E-015
           5          20 -0.16016421594628133     
           5          21  -8.7579362245875665E-015
           5          22  -4.3673799245344123E-015
           5          23 -0.16016421594639463     
           5          24  0.10164378297937536     
           5          25   4.3330506019269880E-015
           5          26  0.10164378297938062     
           5          27   1.5187445117882533E-015
           5          28   1.3338603126161871E-015
           5          29  0.10164378297936705     
           5          30  -4.1799416281569260E-002
           5          31   1.0725374876202365E-015
           5          32  -4.1799416281576268E-002
           5          33   1.5512694686833436E-015
           5          34   9.9312628294241551E-015
           5          35  -4.1799416281582527E-002
           6           1  -1.9386744044757089E-014
           6           2   5.8895515227237947E-014
           6           3   2.8910882379339524E-014
           6           4  -2.0820956182914713E-015
           6           5  -4.4582988287287326E-015
           6           6   2.4296782740683769     
           6           7   3.8380756905986857E-016
           6           8  -1.6562272386888566E-015
           6           9  -1.1316439327412913     
           6          10   2.4442253776513212E-015
           6          11   3.5336317205647561E-015
           6          12  0.40183441684049870     
           6          13  -2.7408630920433552E-016
           6          14  -5.3429483060085659E-016
           6          15  -3.8586342565444881E-002
           6          16  -1.6237011735142914E-015
           6          17  -8.8384161101018321E-016
           6          18  -1.6664823437367689E-014
           6          19  -4.8336929725232751E-015
           6          20  -4.4976505746482937E-014
           6          21  -2.3012005500068859E-015
           6          22   7.7604034442802471E-015
           6          23   1.2281547060840470E-014
           6          24   6.7673223563447073E-015
           6          25   1.5595292420920876E-015
           6          26   1.1216577679275563E-014
           6          27   2.8978487751617565E-016
           6          28   3.9805795087028582E-016
           6          29   1.4005318854713337E-016
           6          30   5.2025029632414751E-015
           6          31  -4.4792014768111296E-016
           6          32   3.4580920474370952E-015
           6          33  -1.7424147852917495E-015
           6          34  -1.4461583671523144E-015
           6          35   8.4782232260696174E-015
           7           1   7.8697208637864143E-015
           7           2  -2.3004340382866857E-014
           7           3   1.0120334022699711E-015
           7           4  -2.2468598596629971E-014
           7           5  -1.2720286514401000E-014
           7           6   3.8380756905986857E-016
           7           7   2.4296782740683764     
           7           8   5.8373444966619559E-016
           7           9   2.8033131371785203E-015
           7          10  -1.1316439327412939     
           7          11  -2.3835100559921329E-015
           7          12  -2.7894353493707058E-015
           7          13  0.40183441684049453     
           7          14   3.9933334416986099E-015
           7          15  -4.2279547918244731E-015
           7          16  -3.8586342565440024E-002
           7          17  -3.8471829888475639E-015
           7          18   2.0748114608538651E-014
           7          19  -5.0620732355956413E-015
           7          20  -2.3132819352232284E-014
           7          21  -5.7793561624678275E-015
           7          22  -2.0234832236485486E-014
           7          23   1.3526279345316509E-014
           7          24   4.6238409338658804E-015
           7          25  -2.0270264955391537E-015
           7          26   4.0977841562670141E-015
           7          27   3.4644377343600235E-015
           7          28   2.4338697089818656E-015
           7          29   3.4049587679116772E-015
           7          30   9.0706693798853553E-015
           7          31   1.7761948617153292E-015
           7          32   9.7716682616381533E-015
           7          33  -6.3210001745448505E-016
           7          34   1.3396081211383751E-016
           7          35   8.6365369976489549E-015
           8           1  -4.1511907346806802E-014
           8           2   1.3053551465188704E-013
           8           3   8.6953611702603444E-014
           8           4  -3.1610668107627493E-015
           8           5  -1.2999865190252849E-014
           8           6  -1.6562272386888566E-015
           8           7   5.8373444966619559E-016
           8           8   2.4296782740683773     
           8           9   4.8867160318266656E-015
           8          10  -1.3097162243624894E-015
           8          11  -1.1316439327412917     
           8          12  -5.0237591864288333E-015
           8          13  -7.1470607210244452E-016
           8          14  0.40183441684049531     
           8          15   2.2828960943854781E-015
           8          16   1.6796460056145435E-015
           8          17  -3.8586342565444104E-002
           8          18  -5.1540821214749406E-014
           8          19   4.4500765311994501E-015
           8          20  -7.3534936312978316E-014
           8          21   6.5748587563074746E-015
           8          22  -1.4432080624870969E-014
           8          23  -1.4234022183410421E-014
           8          24  -2.3708331845831364E-015
           8          25   1.7809983260380682E-015
           8          26  -3.6419136790939840E-015
           8          27  -1.3746342888316420E-016
           8          28  -3.6119993787397366E-016
           8          29  -4.9063324608088859E-015
           8          30   8.3155402851342075E-015
           8          31   1.7514488633195455E-015
           8          32   4.0170305694426599E-015
           8          33  -3.0213270216343023E-015
           8          34  -1.0730928284695662E-015
           8          35   2.2909268270849244E-015
           9           1   6.7173098965176369E-015
           9           2  -1.9788976216482609E-014
           9           3   1.9233819559186130E-014
           9           4  -3.2693010137400206E-014
           9           5   1.0020378209253642E-014
           9           6  -1.1316439327412913     
           9           7   2.8033131371785203E-015
           9           8   4.8867160318266656E-015
           9           9   3.0021003539880629     
           9          10  -9.6728181020466764E-015
           9          11  -7.1678774027361669E-015
           9          12  -1.2619858538168893     
           9          13   4.2466030691912238E-015
           9          14  -6.5225602696727947E-016
           9          15   7.1891852596591019E-002
           9          16  -2.7755575615628914E-016
           9          17   4.0939474033052647E-015
           9          18  -6.1061852248631942E-015
           9          19   1.1384663011757446E-014
           9          20   8.3220055817604391E-014
           9          21   5.0582129538730200E-015
           9          22  -2.0055404256139737E-014
           9          23  -6.5677499540853708E-014
           9          24  -1.6135968838350465E-014
           9          25  -2.7522332171615179E-015
           9          26  -2.5915253460185617E-014
           9          27  -2.8952544332780127E-016
           9          28  -1.8966318340825199E-015
           9          29   4.7209942547572007E-015
           9          30  -7.0955165629616714E-015
           9          31  -6.5652817546837628E-016
           9          32  -6.3437643262556413E-015
           9          33   7.9146554963770166E-015
           9          34   5.5896380958110967E-015
           9          35  -1.0076829451202739E-014
          10           1   1.4671877094784494E-017
          10           2  -5.2780037427752429E-015
          10           3  -3.0295595679887103E-014
          10           4   1.1953164149258921E-013
          10           5   3.9238695206357935E-014
          10           6   2.4442253776513212E-015
          10           7  -1.1316439327412939     
          10           8  -1.3097162243624894E-015
          10           9  -9.6728181020466764E-015
          10          10   3.0021003539880557     
          10          11   3.7504721550618569E-015
          10          12   2.1732615707037439E-014
          10          13  -1.2619858538168693     
          10          14  -6.5225602696727947E-015
          10          15  -4.4200754167889045E-015
          10          16   7.1891852596582262E-002
          10          17   7.1123662515049091E-015
          10          18  -4.6020621058616907E-014
          10          19   1.6121383152580011E-014
          10          20   6.5288122116080152E-014
          10          21   1.5247003216306428E-014
          10          22   5.6075005249588399E-014
          10          23  -2.5085171104226280E-014
          10          24  -2.6415734578987936E-014
          10          25   4.7515594071575688E-015
          10          26  -2.4072948382626334E-014
          10          27  -5.0191224498075350E-015
          10          28  -1.3167624741056497E-014
          10          29  -2.1144140052184491E-014
          10          30  -4.2221976172865059E-014
          10          31  -6.1167380719804302E-016
          10          32  -3.9400879995629383E-014
          10          33  -2.5477608155125009E-016
          10          34  -6.2851417413279551E-016
          10          35  -4.2272916480636502E-014
          11           1   4.5776549905833347E-015
          11           2  -1.5617931653540770E-014
          11           3   1.0041809365195908E-014
          11           4   3.1274255877476812E-014
          11           5   3.6166697665169081E-014
          11           6   3.5336317205647561E-015
          11           7  -2.3835100559921329E-015
          11           8  -1.1316439327412917     
          11           9  -7.1678774027361669E-015
          11          10   3.7504721550618569E-015
          11          11   3.0021003539880624     
          11          12   1.3003487175922146E-014
          11          13  -5.5441762292218755E-015
          11          14  -1.2619858538168827     
          11          15  -6.6387867425632408E-015
          11          16   2.1250362580715887E-015
          11          17   7.1891852596590575E-002
          11          18   2.2422394237320800E-014
          11          19  -1.0376360591364748E-014
          11          20   7.4172389077031188E-014
          11          21  -1.3158233058664252E-014
          11          22   3.8472835382772937E-014
          11          23  -8.1684854598657184E-014
          11          24  -5.6866278964879552E-015
          11          25  -6.0243002502427716E-015
          11          26  -1.7925695965119781E-015
          11          27  -6.2464350629921899E-016
          11          28   7.1840778675293864E-016
          11          29   5.9086568594628005E-015
          11          30  -2.4223154070618068E-014
          11          31  -5.6945485646776301E-015
          11          32  -1.4371471154462972E-014
          11          33   6.3738066381626687E-015
          11          34   1.7855802052772026E-015
          11          35  -1.3611877338056246E-014
          12           1  -8.4974848579534267E-015
          12           2   3.2555746357437708E-014
          12           3  -9.4886285012175721E-015
          12           4   3.0374051534332338E-014
          12           5  -3.1105132321964521E-014
          12           6  0.40183441684049870     
          12           7  -2.7894353493707058E-015
          12           8  -5.0237591864288333E-015
          12           9  -1.2619858538168893     
          12          10   2.1732615707037439E-014
          12          11   1.3003487175922146E-014
          12          12   2.3598613201274872     
          12          13  -1.8873791418627661E-014
          12          14   1.0713652187632761E-014
          12          15   5.8841724849269889E-002
          12          16   8.4793283505746331E-015
          12          17  -1.3027773304585821E-014
          12          18   3.9516568116113334E-015
          12          19  -6.2479519960076197E-015
          12          20  -2.0634035629454673E-014
          12          21   3.0652934749807888E-015
          12          22   2.1372886052900160E-015
          12          23  -3.6938866913118779E-014
          12          24   2.8885658608698103E-014
          12          25   6.3533334588094815E-015
          12          26   4.0854270408315085E-014
          12          27   2.8611755075312153E-015
          12          28   9.7970961711326564E-015
          12          29  -4.3892469681863479E-015
          12          30   2.9792162039084455E-014
          12          31   5.8943771416860788E-015
          12          32   2.9240336796405356E-014
          12          33  -2.2095879614498048E-014
          12          34  -1.1490478531274107E-014
          12          35   2.6635807405812773E-015
          13           1  -1.1486565942536185E-015
          13           2   3.5343551658339169E-015
          13           3   1.2072613053068942E-014
          13           4  -4.9555834178797291E-014
          13           5   1.7612677075792365E-014
          13           6  -2.7408630920433552E-016
          13           7  0.40183441684049453     
          13           8  -7.1470607210244452E-016
          13           9   4.2466030691912238E-015
          13          10  -1.2619858538168693     
          13          11  -5.5441762292218755E-015
          13          12  -1.8873791418627661E-014
          13          13   2.3598613201274588     
          13          14   4.0800696154974503E-015
          13          15   1.8398477186210016E-014
          13          16   5.8841724849282212E-002
          13          17   1.4120649094451210E-015
          13          18  -2.3069625363940950E-015
          13          19   6.1422545695901323E-015
          13          20  -1.3633409594797717E-014
          13          21  -5.0790646824860668E-015
          13          22  -1.7236412612307773E-014
          13          23   8.2307017204536012E-015
          13          24   8.2717660331681615E-015
          13          25  -1.4671864413348613E-014
          13          26   1.7624590120898155E-014
          13          27   7.4471927743227603E-016
          13          28   1.8050259746969204E-014
          13          29   5.8233163239070340E-015
          13          30   9.0376301308175795E-015
          13          31  -1.1208631612632158E-014
          13          32   9.1974288503888755E-015
          13          33   2.8318061047248568E-015
          13          34   1.4639974511072923E-015
          13          35   1.0115698254232136E-015
          14           1  -1.0469179918813970E-015
          14           2  -2.1889271928143255E-015
          14           3   2.7306632836020875E-015
          14           4  -3.3559192590848745E-015
          14           5  -2.2203107314599065E-014
          14           6  -5.3429483060085659E-016
          14           7   3.9933334416986099E-015
          14           8  0.40183441684049531     
          14           9  -6.5225602696727947E-016
          14          10  -6.5225602696727947E-015
          14          11  -1.2619858538168827     
          14          12   1.0713652187632761E-014
          14          13   4.0800696154974503E-015
          14          14   2.3598613201274814     
          14          15   3.9482306313232129E-015
          14          16  -2.0192181260370035E-015
          14          17   5.8841724849268195E-002
          14          18  -2.4140962092316355E-014
          14          19  -2.6865406826250908E-015
          14          20  -4.5331219281398962E-014
          14          21   2.3736231123155177E-015
          14          22   1.1567627048075292E-015
          14          23   8.9486398476895205E-014
          14          24   1.9525732865197093E-015
          14          25   8.2194042214942795E-015
          14          26  -6.4561332968486100E-015
          14          27   7.5925251893255149E-016
          14          28  -5.2647819931636848E-015
          14          29  -1.8367194931947429E-014
          14          30   9.8417211158255263E-015
          14          31   3.9455618461714772E-015
          14          32   4.5375708938035117E-015
          14          33  -5.0378554633739386E-015
          14          34  -4.5434486909132291E-015
          14          35   4.6941107124724407E-015
          15           1  -1.2392834510978243E-015
          15           2   5.2125404705198412E-015
          15           3  -9.2816477384046796E-015
          15           4   2.0488464334177012E-014
          15           5  -1.2452545207458789E-015
          15           6  -3.8586342565444881E-002
          15           7  -4.2279547918244731E-015
          15           8   2.2828960943854781E-015
          15           9   7.1891852596591019E-002
          15          10  -4.4200754167889045E-015
          15          11  -6.6387867425632408E-015
          15          12   5.8841724849269889E-002
          15          13   1.8398477186210016E-014
          15          14   3.9482306313232129E-015
          15          15   6.8929695430308288E-002
          15          16  -2.5066754227864863E-015
          15          17  -3.1476557471599165E-015
          15          18  -1.9123676319162563E-014
          15          19   3.5752349619906532E-016
          15          20  -1.5150721349422464E-014
          15          21   4.2816603228195626E-015
          15          22  -2.4238349246993474E-015
          15          23   2.4325851340271152E-014
          15          24   4.1541947911522091E-015
          15          25   1.6335894109582174E-015
          15          26   7.0459067284160453E-016
          15          27  -1.8755744967991912E-015
          15          28  -2.1157382006225220E-015
          15          29   4.8228750393843162E-015
          15          30  -1.5311052030068094E-015
          15          31  -3.3655569728944610E-016
          15          32  -1.1956964914787396E-015
          15          33  -2.9024023378195987E-015
          15          34  -2.5270619234439830E-015
          15          35   2.8408115350061443E-015
          16           1   1.9432808505590406E-015
          16           2  -2.2699102492338013E-015
          16           3   1.4897644337583331E-014
          16           4  -1.4928484069575832E-014
          16           5   3.3613470454249371E-015
          16           6  -1.6237011735142914E-015
          16           7  -3.8586342565440024E-002
          16           8   1.6796460056145435E-015
          16           9  -2.7755575615628914E-016
          16          10   7.1891852596582262E-002
          16          11   2.1250362580715887E-015
          16          12   8.4793283505746331E-015
          16          13   5.8841724849282212E-002
          16          14  -2.0192181260370035E-015
          16          15  -2.5066754227864863E-015
          16          16   6.8929695430312188E-002
          16          17  -7.4636477553902125E-016
          16          18   2.3513926224940963E-014
          16          19   3.3563534311597805E-015
          16          20   3.2148064789176352E-015
          16          21  -3.3775571616036979E-016
          16          22   8.4959983673684213E-016
          16          23  -1.6804119182990952E-014
          16          24  -7.2436137126636743E-015
          16          25  -2.4599871616613479E-015
          16          26  -8.4473146599199909E-015
          16          27  -4.3539230947633829E-016
          16          28  -1.2070189425068905E-015
          16          29  -8.7162064135838167E-015
          16          30  -4.3823990879771016E-015
          16          31  -2.8738209205278939E-015
          16          32  -3.5162234946370778E-015
          16          33   2.4238759773792212E-015
          16          34   2.5329640008112232E-016
          16          35  -2.1698436833057097E-015
          17           1   6.0212007953103686E-015
          17           2  -1.6432818602786272E-014
          17           3   3.0216519389184065E-014
          17           4  -4.8883131582588508E-014
          17           5  -1.2531324969696495E-014
          17           6  -8.8384161101018321E-016
          17           7  -3.8471829888475639E-015
          17           8  -3.8586342565444104E-002
          17           9   4.0939474033052647E-015
          17          10   7.1123662515049091E-015
          17          11   7.1891852596590575E-002
          17          12  -1.3027773304585821E-014
          17          13   1.4120649094451210E-015
          17          14   5.8841724849268195E-002
          17          15  -3.1476557471599165E-015
          17          16  -7.4636477553902125E-016
          17          17   6.8929695430313437E-002
          17          18  -2.3722233633903387E-014
          17          19  -7.3906748898609932E-016
          17          20   6.9150276500771391E-014
          17          21  -7.3601597528349463E-016
          17          22   2.1468279079492750E-015
          17          23  -2.9328141936294679E-014
          17          24  -8.1318570465823588E-015
          17          25  -1.9450673453757164E-016
          17          26  -4.4154790135734846E-015
          17          27  -9.2021065050441137E-016
          17          28  -1.2229692001547790E-015
          17          29  -6.0313661103092224E-015
          17          30   2.2021586030010183E-015
          17          31  -4.8875498572356156E-016
          17          32   4.6639117054323535E-015
          17          33  -5.6676252495542739E-016
          17          34  -9.1315814292105882E-016
          17          35   2.3943472595756903E-015
          18           1  0.45804423877209105     
          18           2  -1.4570801635907551     
          18           3 -0.53176030912732952     
          18           4 -0.25181853802250964     
          18           5 -0.16016421594629277     
          18           6  -1.6664823437367689E-014
          18           7   2.0748114608538651E-014
          18           8  -5.1540821214749406E-014
          18           9  -6.1061852248631942E-015
          18          10  -4.6020621058616907E-014
          18          11   2.2422394237320800E-014
          18          12   3.9516568116113334E-015
          18          13  -2.3069625363940950E-015
          18          14  -2.4140962092316355E-014
          18          15  -1.9123676319162563E-014
          18          16   2.3513926224940963E-014
          18          17  -2.3722233633903387E-014
          18          18   2.9750367062164540     
          18          19  -2.1165475107766092E-013
          18          20  -9.2551510750315591E-002
          18          21  -3.6290228818422842E-013
          18          22   9.4240784434573320E-013
          18          23  -9.2551510750195354E-002
          18          24 -0.25718187720012753     
          18          25  -4.8916975968102507E-014
          18          26 -0.12325681060557572     
          18          27   2.8113280034669019E-014
          18          28   3.7560656894980003E-014
          18          29 -0.12325681060558639     
          18          30  0.16966194040591087     
          18          31   1.4340563451790070E-014
          18          32   4.4999563259960504E-002
          18          33  -2.2799058659255638E-014
          18          34   1.8640251619815633E-014
          18          35   4.4999563260000465E-002
          19           1  -1.9274887216333558E-015
          19           2   5.6345368804993024E-015
          19           3   7.9632933998773545E-015
          19           4  -1.8598672106903142E-014
          19           5  -4.1525872635637781E-015
          19           6  -4.8336929725232751E-015
          19           7  -5.0620732355956413E-015
          19           8   4.4500765311994501E-015
          19           9   1.1384663011757446E-014
          19          10   1.6121383152580011E-014
          19          11  -1.0376360591364748E-014
          19          12  -6.2479519960076197E-015
          19          13   6.1422545695901323E-015
          19          14  -2.6865406826250908E-015
          19          15   3.5752349619906532E-016
          19          16   3.3563534311597805E-015
          19          17  -7.3906748898609932E-016
          19          18  -2.1165475107766092E-013
          19          19   2.0402777587520493     
          19          20   3.5600210528051903E-013
          19          21  -2.4980018054571587E-015
          19          22   3.3861802250685284E-015
          19          23  -1.4527140713387730E-013
          19          24  -2.3439006506051852E-014
          19          25  -8.3898357469108370E-002
          19          26  -1.2501195129613606E-014
          19          27   2.3765711620811583E-015
          19          28  -2.1753432389140227E-015
          19          29   3.9326957702982289E-014
          19          30  -3.1663250753077351E-015
          19          31   8.4614501705785161E-002
          19          32   1.9728377823347894E-014
          19          33  -4.0037417825588490E-015
          19          34   2.5639212974963955E-015
          19          35  -7.9369430141965745E-015
          20           1  0.45804423877205114     
          20           2  -1.4570801635906028     
          20           3 -0.53176030912591632     
          20           4 -0.25181853802208753     
          20           5 -0.16016421594628133     
          20           6  -4.4976505746482937E-014
          20           7  -2.3132819352232284E-014
          20           8  -7.3534936312978316E-014
          20           9   8.3220055817604391E-014
          20          10   6.5288122116080152E-014
          20          11   7.4172389077031188E-014
          20          12  -2.0634035629454673E-014
          20          13  -1.3633409594797717E-014
          20          14  -4.5331219281398962E-014
          20          15  -1.5150721349422464E-014
          20          16   3.2148064789176352E-015
          20          17   6.9150276500771391E-014
          20          18  -9.2551510750315591E-002
          20          19   3.5600210528051903E-013
          20          20   2.9750367062151106     
          20          21  -3.2221693786194752E-013
          20          22   1.6115431241979896E-013
          20          23  -9.2551510750841892E-002
          20          24 -0.12325681060572351     
          20          25  -1.7602557215617309E-014
          20          26 -0.25718187720021668     
          20          27  -7.9232153319084433E-014
          20          28  -1.1083720436287635E-013
          20          29 -0.12325681060581337     
          20          30   4.4999563259849391E-002
          20          31   1.9161162463012016E-015
          20          32  0.16966194040581048     
          20          33  -1.4134232016438753E-014
          20          34   1.0533760495915731E-014
          20          35   4.4999563259873920E-002
          21           1   2.6296786659971549E-015
          21           2  -1.0677136326480252E-014
          21           3   1.2321188398330312E-014
          21           4  -3.3761561081901328E-014
          21           5  -8.7579362245875665E-015
          21           6  -2.3012005500068859E-015
          21           7  -5.7793561624678275E-015
          21           8   6.5748587563074746E-015
          21           9   5.0582129538730200E-015
          21          10   1.5247003216306428E-014
          21          11  -1.3158233058664252E-014
          21          12   3.0652934749807888E-015
          21          13  -5.0790646824860668E-015
          21          14   2.3736231123155177E-015
          21          15   4.2816603228195626E-015
          21          16  -3.3775571616036979E-016
          21          17  -7.3601597528349463E-016
          21          18  -3.6290228818422842E-013
          21          19  -2.4980018054571587E-015
          21          20  -3.2221693786194752E-013
          21          21   2.0402777587520529     
          21          22   1.2490008994563807E-016
          21          23   7.0987263069626214E-013
          21          24   2.0693098075368549E-014
          21          25   1.2403272853049168E-016
          21          26  -6.7273515077400575E-014
          21          27  -8.3898357469106052E-002
          21          28   3.8666986279589847E-015
          21          29   3.0484653413971107E-014
          21          30  -1.0320973426095661E-014
          21          31   7.6566357420914668E-016
          21          32  -1.2914781808508360E-015
          21          33   8.4614501705782719E-002
          21          34  -1.0651202142681451E-015
          21          35   2.3920770034279838E-014
          22           1  -2.9721314942956330E-015
          22           2   7.2186550851149904E-015
          22           3   2.8060292301022272E-014
          22           4  -6.0441547336744906E-015
          22           5  -4.3673799245344123E-015
          22           6   7.7604034442802471E-015
          22           7  -2.0234832236485486E-014
          22           8  -1.4432080624870969E-014
          22           9  -2.0055404256139737E-014
          22          10   5.6075005249588399E-014
          22          11   3.8472835382772937E-014
          22          12   2.1372886052900160E-015
          22          13  -1.7236412612307773E-014
          22          14   1.1567627048075292E-015
          22          15  -2.4238349246993474E-015
          22          16   8.4959983673684213E-016
          22          17   2.1468279079492750E-015
          22          18   9.4240784434573320E-013
          22          19   3.3861802250685284E-015
          22          20   1.6115431241979896E-013
          22          21   1.2490008994563807E-016
          22          22   2.0402777587520458     
          22          23  -1.1303110760901155E-012
          22          24   6.2786053654211891E-015
          22          25  -1.7416623699176330E-015
          22          26  -6.9859894544936605E-014
          22          27   6.0715321656832000E-016
          22          28  -8.3898357469102736E-002
          22          29   5.9292796831344555E-014
          22          30   3.2327000020926034E-014
          22          31  -6.2103100438433713E-016
          22          32   1.4009960269336462E-014
          22          33  -1.2038980923407734E-015
          22          34   8.4614501705778750E-002
          22          35  -4.8733066602809185E-014
          23           1  0.45804423877207384     
          23           2  -1.4570801635906365     
          23           3 -0.53176030912607286     
          23           4 -0.25181853802293475     
          23           5 -0.16016421594639463     
          23           6   1.2281547060840470E-014
          23           7   1.3526279345316509E-014
          23           8  -1.4234022183410421E-014
          23           9  -6.5677499540853708E-014
          23          10  -2.5085171104226280E-014
          23          11  -8.1684854598657184E-014
          23          12  -3.6938866913118779E-014
          23          13   8.2307017204536012E-015
          23          14   8.9486398476895205E-014
