           1           1   2.1419270118537228     
           1           2 -0.56918527041198663     
           1           3  -5.2488397601803530E-002
           1           4  -2.5704637734234356E-002
           1           5  -4.9939175253479643E-012
           1           6  -9.2028140268097415E-013
           1           7   1.9030777661453439E-011
           1           8  -1.8086816585773291E-011
           1           9  -2.0093439210780991E-012
           1          10   3.7362162620287847E-011
           1          11  -8.0564468364812029E-012
           1          12  -8.3576484126005553E-013
           1          13   1.6668392011798528E-011
           1          14  -1.1528275548923418E-002
           1          15   4.5632684173217535E-014
           1          16  -1.1528275548940828E-002
           1          17   3.9881449000679344E-009
           1          18  -6.0728364329580296E-009
           1          19  -1.1528275548924296E-002
           2           1 -0.56918527041198663     
           2           2   2.3388492634460292     
           2           3  0.45993619531059404     
           2           4  0.22099868897622227     
           2           5   2.3964304234875350E-011
           2           6   2.9878865451262463E-012
           2           7  -9.2683790217831733E-011
           2           8   9.4152468301515097E-011
           2           9   1.0110166935593566E-011
           2          10  -1.9448884029714206E-010
           2          11   4.5268152914500133E-011
           2          12   4.9531174928274632E-012
           2          13  -9.4312121173409367E-011
           2          14   1.4805814688021635E-002
           2          15  -2.0028123967079207E-013
           2          16   1.4805814688064359E-002
           2          17  -1.0223638067415192E-008
           2          18  -1.1304138535069100E-009
           2          19   1.4805814687990767E-002
           3           1  -5.2488397601803530E-002
           3           2  0.45993619531059404     
           3           3   1.1038927394566649     
           3           4  0.48851393673812971     
           3           5   6.8602461487723002E-013
           3           6  -6.9358922595159071E-012
           3           7  -1.2084371787737800E-010
           3           8   1.3103747131580472E-010
           3           9   1.3611969321293039E-011
           3          10  -2.7056285041417732E-010
           3          11   7.9568968884356799E-011
           3          12   8.8788672109195674E-012
           3          13  -1.6702064942323432E-010
           3          14   9.7735855978606824E-003
           3          15  -1.2453886242855494E-013
           3          16   9.7735855978480814E-003
           3          17  -4.6467020071890161E-010
           3          18   1.6419950567274318E-010
           3          19   9.7735855977540819E-003
           4           1  -2.5704637734234356E-002
           4           2  0.22099868897622227     
           4           3  0.48851393673812971     
           4           4  0.21632965595826284     
           4           5   4.2496545918562548E-011
           4           6   6.6869738284901443E-012
           4           7  -3.7539521683511620E-011
           4           8   5.8003043498562395E-011
           4           9   5.9896027267906144E-012
           4          10  -1.2051188971427183E-010
           4          11   3.5165743344460481E-011
           4          12   3.9071652557627115E-012
           4          13  -7.4163778479474223E-011
           4          14   4.4042378042757450E-003
           4          15  -5.6328991898862961E-014
           4          16   4.4042378042705530E-003
           4          17  -2.8580016530009326E-010
           4          18   5.6628895122461393E-011
           4          19   4.4042378042286803E-003
           5           1  -4.9939175253479643E-012
           5           2   2.3964304234875350E-011
           5           3   6.8602461487723002E-013
           5           4   4.2496545918562548E-011
           5           5   1.9896662235058065     
           5           6  -7.8828055192087497E-012
           5           7  -4.0970560287021050E-011
           5           8  -1.4362521372397673E-002
           5           9  -2.2257320443737311E-011
           5          10  -5.6373372139314990E-011
           5          11  -6.5985872828447697E-003
           5          12   5.4036132122968351E-012
           5          13  -2.2486197176218086E-011
           5          14   7.3251868511076441E-012
           5          15  -5.6598638418636006E-012
           5          16  -1.4097488296103103E-011
           5          17   9.4671518328952376E-009
           5          18   5.5263406035669612E-009
           5          19   1.8110124083266643E-011
           6           1  -9.2028140268097415E-013
           6           2   2.9878865451262463E-012
           6           3  -6.9358922595159071E-012
           6           4   6.6869738284901443E-012
           6           5  -7.8828055192087497E-012
           6           6   1.9896662235099729     
           6           7  -8.6502471856307364E-012
           6           8  -4.4808606688258176E-012
           6           9  -1.4362521365303230E-002
           6          10  -8.7069103025472945E-012
           6          11   2.2377977839034178E-012
           6          12  -6.5985872848322701E-003
           6          13  -8.1208578823693183E-012
           6          14   1.8430768074570163E-012
           6          15   1.1984041716982246E-012
           6          16  -3.8558729917831197E-012
           6          17  -1.3389198589826365E-008
           6          18  -2.5601742990088243E-008
           6          19   4.4501458740069923E-012
           7           1   1.9030777661453439E-011
           7           2  -9.2683790217831733E-011
           7           3  -1.2084371787737800E-010
           7           4  -3.7539521683511620E-011
           7           5  -4.0970560287021050E-011
           7           6  -8.6502471856307364E-012
           7           7   1.9896662235118843     
           7           8  -5.6749455417093390E-011
           7           9  -1.2687268446056764E-011
           7          10  -1.4362521365948365E-002
           7          11  -2.4809644815863858E-011
           7          12  -1.0398435260126562E-011
           7          13  -6.5985872728204229E-003
           7          14   2.0727520558695239E-011
           7          15  -1.2424576497507236E-011
           7          16  -7.9225314397750389E-012
           7          17   7.9150618313329365E-009
           7          18   8.6644256208030598E-010
           7          19   4.2002038384786290E-012
           8           1  -1.8086816585773291E-011
           8           2   9.4152468301515097E-011
           8           3   1.3103747131580472E-010
           8           4   5.8003043498562395E-011
           8           5  -1.4362521372397673E-002
           8           6  -4.4808606688258176E-012
           8           7  -5.6749455417093390E-011
           8           8   1.0367669599260575E-004
           8           9   1.9342312921546233E-013
           8          10   8.1871765358475543E-013
           8          11   4.7632286137219693E-005
           8          12  -2.3957410453104966E-014
           8          13   3.5150457059176053E-013
           8          14   1.3131612403725462E-012
           8          15   4.0856324741619738E-014
           8          16   1.4678028002298674E-012
           8          17  -6.8339186980351535E-011
           8          18  -3.9892211194871836E-011
           8          19   1.2353091911781378E-012
           9           1  -2.0093439210780991E-012
           9           2   1.0110166935593566E-011
           9           3   1.3611969321293039E-011
           9           4   5.9896027267906144E-012
           9           5  -2.2257320443737311E-011
           9           6  -1.4362521365303230E-002
           9           7  -1.2687268446056764E-011
           9           8   1.9342312921546233E-013
           9           9   1.0367669588996459E-004
           9          10   1.5488582753453160E-013
           9          11   5.7849532326946895E-014
           9          12   4.7632286127938692E-005
           9          13   1.0090453394206892E-013
           9          14   1.3012365550285325E-013
           9          15  -8.6506380099400466E-015
           9          16   1.7126213088380881E-013
           9          17   9.6650708535135287E-011
           9          18   1.8480767075098460E-010
           9          19   1.1130430850216864E-013
          10           1   3.7362162620287847E-011
          10           2  -1.9448884029714206E-010
          10           3  -2.7056285041417732E-010
          10           4  -1.2051188971427183E-010
          10           5  -5.6373372139314990E-011
          10           6  -8.7069103025472945E-012
          10           7  -1.4362521365948365E-002
          10           8   8.1871765358475543E-013
          10           9   1.5488582753453160E-013
          10          10   1.0367669589917897E-004
          10          11   3.6702937645407683E-013
          10          12   1.0414492027943258E-013
          10          13   4.7632286043323787E-005
          10          14  -2.9783286294589513E-012
          10          15   8.9687866933134389E-014
          10          16  -2.7715170359120578E-012
          10          17  -5.7135333710952841E-011
          10          18  -6.2544657767431810E-012
          10          19  -2.8590252630919102E-012
          11           1  -8.0564468364812029E-012
          11           2   4.5268152914500133E-011
          11           3   7.9568968884356799E-011
          11           4   3.5165743344460481E-011
          11           5  -6.5985872828447697E-003
          11           6   2.2377977839034178E-012
          11           7  -2.4809644815863858E-011
          11           8   4.7632286137219693E-005
          11           9   5.7849532326946895E-014
          11          10   3.6702937645407683E-013
          11          11   2.1883747944929780E-005
          11          12  -2.5255421150870830E-014
          11          13   1.5730372581604881E-013
          11          14   7.4588247848965111E-013
          11          15   1.8770479424219892E-014
          11          16   8.1692910344586451E-013
          11          17  -3.1397139486473021E-011
          11          18  -1.8327717686909667E-011
          11          19   7.1011507519149008E-013
          12           1  -8.3576484126005553E-013
          12           2   4.9531174928274632E-012
          12           3   8.8788672109195674E-012
          12           4   3.9071652557627115E-012
          12           5   5.4036132122968351E-012
          12           6  -6.5985872848322701E-003
          12           7  -1.0398435260126562E-011
          12           8  -2.3957410453104966E-014
          12           9   4.7632286127938692E-005
          12          10   1.0414492027943258E-013
          12          11  -2.5255421150870830E-014
          12          12   2.1883747958066533E-005
          12          13   6.1512976547024376E-014
          12          14   7.9049230704553587E-014
          12          15  -3.9744473889208109E-015
          12          16   9.7949333948998219E-014
          12          17   4.4404329991150778E-011
          12          18   8.4906369639841534E-011
          12          19   7.0403085564680067E-014
          13           1   1.6668392011798528E-011
          13           2  -9.4312121173409367E-011
          13           3  -1.6702064942323432E-010
          13           4  -7.4163778479474223E-011
          13           5  -2.2486197176218086E-011
          13           6  -8.1208578823693183E-012
          13           7  -6.5985872728204229E-003
          13           8   3.5150457059176053E-013
          13           9   1.0090453394206892E-013
          13          10   4.7632286043323787E-005
          13          11   1.5730372581604881E-013
          13          12   6.1512976547024376E-014
          13          13   2.1883747878372913E-005
          13          14  -1.6853911000055731E-012
          13          15   4.1205153936963018E-014
          13          16  -1.5903751241604781E-012
          13          17  -2.6249742531200719E-011
          13          18  -2.8734955057980042E-012
          13          19  -1.6305794166525274E-012
          14           1  -1.1528275548923418E-002
          14           2   1.4805814688021635E-002
          14           3   9.7735855978606824E-003
          14           4   4.4042378042757450E-003
          14           5   7.3251868511076441E-012
          14           6   1.8430768074570163E-012
          14           7   2.0727520558695239E-011
          14           8   1.3131612403725462E-012
          14           9   1.3012365550285325E-013
          14          10  -2.9783286294589513E-012
          14          11   7.4588247848965111E-013
          14          12   7.9049230704553587E-014
          14          13  -1.6853911000055731E-012
          14          14   1.7486474415670964E-004
          14          15  -1.8527806472405496E-015
          14          16   1.7486474415686200E-004
          14          17  -6.0121741532781383E-011
          14          18   2.1987933051853431E-011
          14          19   1.7486474415584404E-004
          15           1   4.5632684173217535E-014
          15           2  -2.0028123967079207E-013
          15           3  -1.2453886242855494E-013
          15           4  -5.6328991898862961E-014
          15           5  -5.6598638418636006E-012
          15           6   1.1984041716982246E-012
          15           7  -1.2424576497507236E-011
          15           8   4.0856324741619738E-014
          15           9  -8.6506380099400466E-015
          15          10   8.9687866933134389E-014
          15          11   1.8770479424219892E-014
          15          12  -3.9744473889208109E-015
          15          13   4.1205153936963018E-014
          15          14  -1.8527806472405496E-015
          15          15   1.4162003690518780E-022
          15          16  -1.8527803955820421E-015
          15          17  -8.3681352318995955E-020
          15          18  -3.6479275420753014E-020
          15          19  -1.8527805994995750E-015
          16           1  -1.1528275548940828E-002
          16           2   1.4805814688064359E-002
          16           3   9.7735855978480814E-003
          16           4   4.4042378042705530E-003
          16           5  -1.4097488296103103E-011
          16           6  -3.8558729917831197E-012
          16           7  -7.9225314397750389E-012
          16           8   1.4678028002298674E-012
          16           9   1.7126213088380881E-013
          16          10  -2.7715170359120578E-012
          16          11   8.1692910344586451E-013
          16          12   9.7949333948998219E-014
          16          13  -1.5903751241604781E-012
          16          14   1.7486474415686200E-004
          16          15  -1.8527803955820421E-015
          16          16   1.7486474415701436E-004
          16          17  -6.0121741710645894E-011
          16          18   2.1987933053134740E-011
          16          19   1.7486474415599642E-004
          17           1   3.9881449000679344E-009
          17           2  -1.0223638067415192E-008
          17           3  -4.6467020071890161E-010
          17           4  -2.8580016530009326E-010
          17           5   9.4671518328952376E-009
          17           6  -1.3389198589826365E-008
          17           7   7.9150618313329365E-009
          17           8  -6.8339186980351535E-011
          17           9   9.6650708535135287E-011
          17          10  -5.7135333710952841E-011
          17          11  -3.1397139486473021E-011
          17          12   4.4404329991150778E-011
          17          13  -2.6249742531200719E-011
          17          14  -6.0121741532781383E-011
          17          15  -8.3681352318995955E-020
          17          16  -6.0121741710645894E-011
          17          17   2.1467489054763740E-016
          17          18   2.0306676059650665E-016
          17          19  -6.0121741564748320E-011
          18           1  -6.0728364329580296E-009
          18           2  -1.1304138535069100E-009
          18           3   1.6419950567274318E-010
          18           4   5.6628895122461393E-011
          18           5   5.5263406035669612E-009
          18           6  -2.5601742990088243E-008
          18           7   8.6644256208030598E-010
          18           8  -3.9892211194871836E-011
          18           9   1.8480767075098460E-010
          18          10  -6.2544657767431810E-012
          18          11  -1.8327717686909667E-011
          18          12   8.4906369639841534E-011
          18          13  -2.8734955057980042E-012
          18          14   2.1987933051853431E-011
          18          15  -3.6479275420753014E-020
          18          16   2.1987933053134740E-011
          18          17   2.0306676059650665E-016
          18          18   3.6614043580069943E-016
          18          19   2.1987933041059425E-011
          19           1  -1.1528275548924296E-002
          19           2   1.4805814687990767E-002
          19           3   9.7735855977540819E-003
          19           4   4.4042378042286803E-003
          19           5   1.8110124083266643E-011
          19           6   4.4501458740069923E-012
          19           7   4.2002038384786290E-012
          19           8   1.2353091911781378E-012
          19           9   1.1130430850216864E-013
          19          10  -2.8590252630919102E-012
          19          11   7.1011507519149008E-013
          19          12   7.0403085564680067E-014
          19          13  -1.6305794166525274E-012
          19          14   1.7486474415584404E-004
          19          15  -1.8527805994995750E-015
          19          16   1.7486474415599642E-004
          19          17  -6.0121741564748320E-011
          19          18   2.1987933041059425E-011
          19          19   1.7486474415497847E-004
