           1           1   2.2335017974339095     
           1           2 -0.77328619206768501     
           1           3  0.49240537882959878     
           1           4  -5.3881653203716609E-003
           1           5   4.5810107836957601E-003
           1           6   6.3172139477694542E-014
           1           7   7.8573623220772592E-014
           1           8   1.7453723767862689E-013
           1           9  -6.0915272057258849E-015
           1          10  -8.8754428431736276E-015
           1          11  -8.0774316934636379E-015
           1          12   4.3763046760719141E-015
           1          13   1.7934585188000661E-015
           1          14  -3.4245606865678733E-015
           1          15 -0.11151429586908057     
           1          16   1.4330515694777023E-015
           1          17 -0.11392839796107454     
           1          18  -5.1826472631453553E-016
           1          19  -9.0261709723702102E-015
           1          20 -0.11133242900905005     
           1          21  -4.0414292803467712E-004
           1          22  -3.3994803577205096E-016
           1          23  -2.3902585632244635E-004
           1          24  -3.6856040178564707E-015
           1          25   5.6943652764429950E-015
           1          26  -4.1701014469675479E-004
           2           1 -0.77328619206768501     
           2           2   2.5646810219326763     
           2           3  -1.8942316168042757     
           2           4   2.2501932940428963E-002
           2           5  -1.7257796851263371E-002
           2           6  -2.0313797438227089E-013
           2           7  -2.3410879762835026E-013
           2           8  -5.5604990606321751E-013
           2           9   2.1306883407777038E-014
           2          10   2.9013687153826608E-014
           2          11   2.5667244930152324E-014
           2          12  -1.2459800655822366E-014
           2          13  -4.8047781886425048E-015
           2          14   1.0450626580847326E-014
           2          15  0.43811229961884612     
           2          16  -4.7761628732675078E-015
           2          17  0.44745994163100766     
           2          18   3.0765823960548364E-015
           2          19   2.6129487815171047E-014
           2          20  0.43740897286003094     
           2          21  -1.2455204331522337E-003
           2          22   2.1704015354507796E-015
           2          23  -1.9531127217204312E-003
           2          24   1.2457545050748638E-014
           2          25  -1.6673416792542516E-014
           2          26  -1.1909002844853705E-003
           3           1  0.49240537882959878     
           3           2  -1.8942316168042757     
           3           3   8.4271053424769011     
           3           4  -3.5767169965402773E-002
           3           5   5.1033315064201980E-002
           3           6   1.8161702012099351E-014
           3           7  -3.0193692865132193E-014
           3           8   1.6570583948396483E-013
           3           9   5.4446532154916281E-014
           3          10  -2.9972440809500813E-014
           3          11   7.4517768867106206E-014
           3          12  -1.6114725740179669E-014
           3          13   3.7084448972926924E-015
           3          14  -1.0047850273499822E-014
           3          15  -1.8614576211543845     
           3          16   3.0139123159568656E-014
           3          17  -1.8983881854372748     
           3          18  -2.3021010956762777E-014
           3          19   3.9033784936211551E-014
           3          20  -1.8586944375457912     
           3          21  -1.8567289483144886E-002
           3          22  -4.4118635020016058E-016
           3          23  -1.4560692422246961E-002
           3          24   1.4888806000478524E-015
           3          25  -1.8801295943158132E-014
           3          26  -1.8868210765450456E-002
           4           1  -5.3881653203716609E-003
           4           2   2.2501932940428963E-002
           4           3  -3.5767169965402773E-002
           4           4   3.5667651686746717E-004
           4           5  -2.5500135174731181E-004
           4           6  -8.0538529546338731E-015
           4           7   6.5313178752734784E-014
           4           8  -1.0390759042563373E-014
           4           9   7.7409935913039631E-015
           4          10   4.9872759229020126E-015
           4          11   3.2227461110942665E-015
           4          12  -1.0702894285124363E-015
           4          13  -3.0785023556073616E-016
           4          14  -3.5080864164911291E-016
           4          15   9.7108886427689483E-003
           4          16  -1.6073040469735616E-014
           4          17   9.6763911342014532E-003
           4          18   2.1635726189050572E-015
           4          19  -1.7634332735179412E-014
           4          20   9.7134487005378096E-003
           4          21   1.1682121424729993E-004
           4          22   2.3865428087500182E-015
           4          23   1.2220982587631912E-004
           4          24  -3.5773136650595425E-016
           4          25   2.8929812995327933E-015
           4          26   1.1642441715926658E-004
           5           1   4.5810107836957601E-003
           5           2  -1.7257796851263371E-002
           5           3   5.1033315064201980E-002
           5           4  -2.5500135174731181E-004
           5           5   3.2655802041798437E-004
           5           6   1.5064684909511111E-015
           5           7   4.9251212880894942E-014
           5           8  -3.1536314729080387E-014
           5           9  -1.6447307310780110E-015
           5          10  -2.4471842043212188E-015
           5          11   1.3679928824902270E-015
           5          12   2.5521780834327227E-016
           5          13   4.2700507260178624E-016
           5          14  -2.7330465253775870E-016
           5          15  -1.1250326021716080E-002
           5          16   1.3379193140231299E-014
           5          17  -1.1488762338035660E-002
           5          18  -2.6499797464495179E-016
           5          19   1.0131068679550542E-014
           5          20  -1.1232478868809674E-002
           5          21  -9.2233023848144118E-005
           5          22  -1.9891204749566318E-015
           5          23  -6.6919173596535165E-005
           5          24   2.2047312714327120E-016
           5          25  -1.7430129031055679E-015
           5          26  -9.4136924300726460E-005
           6           1   6.3172139477694542E-014
           6           2  -2.0313797438227089E-013
           6           3   1.8161702012099351E-014
           6           4  -8.0538529546338731E-015
           6           5   1.5064684909511111E-015
           6           6   2.2951170054490646     
           6           7   1.9698082440909676E-011
           6           8   8.1401761451368860E-011
           6           9 -0.83968077809233488     
           6          10  -2.6269076678959543E-013
           6          11  -9.2754370567371848E-013
           6          12   7.6289001454139194E-002
           6          13   9.8711805168462622E-014
           6          14   3.9782198907402954E-013
           6          15  -3.8395275125263775E-015
           6          16  -4.0970582549746964E-015
           6          17  -2.1002623306517785E-015
           6          18  -1.8523244308622349E-015
           6          19   1.3713935148093699E-015
           6          20  -7.1669804185083274E-015
           6          21   1.9482019057784117E-015
           6          22   2.2950965399570998E-017
           6          23   4.4608352498105939E-015
           6          24   2.8337290039769000E-016
           6          25  -9.3999371009964801E-017
           6          26   2.1992610384614909E-015
           7           1   7.8573623220772592E-014
           7           2  -2.3410879762835026E-013
           7           3  -3.0193692865132193E-014
           7           4   6.5313178752734784E-014
           7           5   4.9251212880894942E-014
           7           6   1.9698082440909676E-011
           7           7   2.2949930447956737     
           7           8  -4.6625261975086952E-011
           7           9  -2.4046710297738489E-013
           7          10 -0.83924933339625984     
           7          11   5.4205294460534058E-013
           7          12   7.3712420343984541E-014
           7          13   7.5473428596405670E-002
           7          14  -1.6556415397394692E-013
           7          15  -2.5728327074392382E-014
           7          16  -8.1477666533170008E-014
           7          17  -1.6521988397739349E-014
           7          18  -1.4809623936377409E-014
           7          19   1.1114908522016366E-014
           7          20   1.6476278387157834E-014
           7          21  -2.3569729768067992E-014
           7          22  -4.7267210584232030E-016
           7          23   3.8532016949459008E-015
           7          24  -4.0553600032998151E-015
           7          25   4.3665202835016568E-014
           7          26  -6.1857151304674329E-014
           8           1   1.7453723767862689E-013
           8           2  -5.5604990606321751E-013
           8           3   1.6570583948396483E-013
           8           4  -1.0390759042563373E-014
           8           5  -3.1536314729080387E-014
           8           6   8.1401761451368860E-011
           8           7  -4.6625261975086952E-011
           8           8   2.2951256196153667     
           8           9  -9.3206272939110820E-013
           8          10   6.6413859259175623E-013
           8          11 -0.83971078940994404     
           8          12   3.8526134033235425E-013
           8          13  -2.6489010861037872E-013
           8          14   7.6345978503899098E-002
           8          15  -3.1616698500590730E-014
           8          16   1.7295694829492775E-014
           8          17  -4.2365222879399029E-014
           8          18   2.9861692214899010E-016
           8          19  -2.2141214760458612E-014
           8          20  -8.6794187658452528E-014
           8          21  -1.8349683303668233E-015
           8          22  -2.9634174245044742E-014
           8          23  -2.1409002091188288E-014
           8          24  -6.1636792965725723E-015
           8          25  -8.7877254891260357E-015
           8          26   3.1334329338593894E-014
           9           1  -6.0915272057258849E-015
           9           2   2.1306883407777038E-014
           9           3   5.4446532154916281E-014
           9           4   7.7409935913039631E-015
           9           5  -1.6447307310780110E-015
           9           6 -0.83968077809233488     
           9           7  -2.4046710297738489E-013
           9           8  -9.3206272939110820E-013
           9           9   2.3850666106045590     
           9          10   9.4397591089725840E-015
           9          11  -2.9426402925939991E-013
           9          12 -0.18403183423920308     
           9          13  -2.0439126480849361E-015
           9          14   6.8126927259960688E-015
           9          15  -1.4576617581961594E-014
           9          16   1.4440318716608882E-014
           9          17  -2.9431168225641493E-014
           9          18   1.2079469427568712E-014
           9          19   1.2178671168309761E-015
           9          20  -2.1125964015085325E-014
           9          21  -3.6397094547485729E-015
           9          22  -5.8560945716481332E-015
           9          23  -2.0184513051778373E-015
           9          24  -6.5580595799941963E-015
           9          25  -3.7749146274613799E-016
           9          26  -5.1697122197179591E-015
          10           1  -8.8754428431736276E-015
          10           2   2.9013687153826608E-014
          10           3  -2.9972440809500813E-014
          10           4   4.9872759229020126E-015
          10           5  -2.4471842043212188E-015
          10           6  -2.6269076678959543E-013
          10           7 -0.83924933339625984     
          10           8   6.6413859259175623E-013
          10           9   9.4397591089725840E-015
          10          10   2.3835697664118327     
          10          11  -2.6321217495577072E-014
          10          12  -2.2518084081835256E-015
          10          13 -0.18135023992556418     
          10          14   2.7900346795675836E-015
          10          15  -9.5814170838436434E-015
          10          16   1.2352968534159098E-014
          10          17   2.0776451816698089E-015
          10          18   3.4118315207543133E-015
          10          19   1.3253349242675892E-014
          10          20   9.8149458139747047E-015
          10          21   9.0737533320984921E-016
          10          22  -5.8312145382575139E-015
          10          23  -1.3237406420761699E-015
          10          24   9.1254777028744929E-016
          10          25  -6.7192003672477905E-015
          10          26  -4.0331863182523191E-015
          11           1  -8.0774316934636379E-015
          11           2   2.5667244930152324E-014
          11           3   7.4517768867106206E-014
          11           4   3.2227461110942665E-015
          11           5   1.3679928824902270E-015
          11           6  -9.2754370567371848E-013
          11           7   5.4205294460534058E-013
          11           8 -0.83971078940994404     
          11           9  -2.9426402925939991E-013
          11          10  -2.6321217495577072E-014
          11          11   2.3851708399587128     
          11          12   7.9102925414843764E-015
          11          13   6.3993130590634743E-015
          11          14 -0.18421945667875636     
          11          15  -6.1014947148413523E-014
          11          16  -2.6902979344976604E-017
          11          17  -6.0714706561566828E-014
          11          18   6.5068441198317564E-015
          11          19  -5.5580468314808941E-015
          11          20   2.5727989936599871E-014
          11          21  -9.9362175405601772E-016
          11          22  -1.9567787406922279E-015
          11          23   1.0651062792497285E-015
          11          24  -1.2620431879239825E-015
          11          25   1.8889980537479335E-015
          11          26  -1.2291191716182005E-014
          12           1   4.3763046760719141E-015
          12           2  -1.2459800655822366E-014
          12           3  -1.6114725740179669E-014
          12           4  -1.0702894285124363E-015
          12           5   2.5521780834327227E-016
          12           6   7.6289001454139194E-002
          12           7   7.3712420343984541E-014
          12           8   3.8526134033235425E-013
          12           9 -0.18403183423920308     
          12          10  -2.2518084081835256E-015
          12          11   7.9102925414843764E-015
          12          12   1.6753092213339687E-002
          12          13   4.4340305795516595E-016
          12          14   1.5452379612842251E-015
          12          15   5.0018639634174682E-015
          12          16   4.6676982670920741E-015
          12          17   2.1087060320463780E-015
          12          18  -7.3248545661701977E-015
          12          19   5.9319764943796341E-016
          12          20   3.9923952305612919E-015
          12          21   1.0301686355063836E-016
          12          22  -4.5936397563766369E-016
          12          23   5.8333825843402418E-016
          12          24   1.3753246274564911E-016
          12          25  -1.9063352367701560E-017
          12          26   4.3274480681393317E-016
          13           1   1.7934585188000661E-015
          13           2  -4.8047781886425048E-015
          13           3   3.7084448972926924E-015
          13           4  -3.0785023556073616E-016
          13           5   4.2700507260178624E-016
          13           6   9.8711805168462622E-014
          13           7   7.5473428596405670E-002
          13           8  -2.6489010861037872E-013
          13           9  -2.0439126480849361E-015
          13          10 -0.18135023992556418     
          13          11   6.3993130590634743E-015
          13          12   4.4340305795516595E-016
          13          13   1.6525043865508866E-002
          13          14  -1.2210408874899279E-015
          13          15  -1.4685203754675945E-016
          13          16  -1.5337013031377746E-014
          13          17   7.8125812297793132E-016
          13          18   3.0773776832482345E-016
          13          19  -1.2823157704919839E-014
          13          20  -1.9933726301816441E-015
          13          21  -7.8903248230965755E-017
          13          22   2.2570775539373665E-015
          13          23  -6.9927571448337815E-017
          13          24  -2.6418359362818265E-016
          13          25   1.0358205106086553E-015
          13          26   2.6711515427324328E-016
          14           1  -3.4245606865678733E-015
          14           2   1.0450626580847326E-014
          14           3  -1.0047850273499822E-014
          14           4  -3.5080864164911291E-016
          14           5  -2.7330465253775870E-016
          14           6   3.9782198907402954E-013
          14           7  -1.6556415397394692E-013
          14           8   7.6345978503899098E-002
          14           9   6.8126927259960688E-015
          14          10   2.7900346795675836E-015
          14          11 -0.18421945667875636     
          14          12   1.5452379612842251E-015
          14          13  -1.2210408874899279E-015
          14          14   1.6769486499316706E-002
          14          15   5.8384046724327219E-015
          14          16  -4.6459761819459176E-015
          14          17   3.7393337436729333E-015
          14          18  -2.5747604134823267E-015
          14          19  -1.5517375822865103E-016
          14          20   4.0539453819477577E-016
          14          21  -1.0066809676556220E-016
          14          22   7.9050640357196076E-016
          14          23   1.3231981680019723E-017
          14          24  -1.3603800411360882E-016
          14          25  -2.3458361569502935E-016
          14          26   9.0312445076781899E-016
          15           1 -0.11151429586908057     
          15           2  0.43811229961884612     
          15           3  -1.8614576211543845     
          15           4   9.7108886427689483E-003
          15           5  -1.1250326021716080E-002
          15           6  -3.8395275125263775E-015
          15           7  -2.5728327074392382E-014
          15           8  -3.1616698500590730E-014
          15           9  -1.4576617581961594E-014
          15          10  -9.5814170838436434E-015
          15          11  -6.1014947148413523E-014
          15          12   5.0018639634174682E-015
          15          13  -1.4685203754675945E-016
          15          14   5.8384046724327219E-015
          15          15  0.74720935041772352     
          15          16   9.1666573564156774E-014
          15          17 -0.13974929334940472     
          15          18   2.3919879154406692E-014
          15          19   6.0912278710532088E-016
          15          20  0.71657323419236518     
          15          21  -4.3926748836253679E-002
          15          22  -2.4190180183903762E-014
          15          23   9.8694944040516680E-002
          15          24  -2.1055649821340050E-015
          15          25   2.1405289787310923E-014
          15          26  -3.9027635239160564E-002
          16           1   1.4330515694777023E-015
          16           2  -4.7761628732675078E-015
          16           3   3.0139123159568656E-014
          16           4  -1.6073040469735616E-014
          16           5   1.3379193140231299E-014
          16           6  -4.0970582549746964E-015
          16           7  -8.1477666533170008E-014
          16           8   1.7295694829492775E-014
          16           9   1.4440318716608882E-014
          16          10   1.2352968534159098E-014
          16          11  -2.6902979344976604E-017
          16          12   4.6676982670920741E-015
          16          13  -1.5337013031377746E-014
          16          14  -4.6459761819459176E-015
          16          15   9.1666573564156774E-014
          16          16   2.0698069196881397     
          16          17  -1.3827329955907061E-013
          16          18   3.4339669789064240E-014
          16          19   1.6974167167289906E-013
          16          20  -1.8653036395261982E-015
          16          21  -2.4156401697636275E-014
          16          22 -0.12572165634084820     
          16          23   2.8293482771758710E-014
          16          24   9.3636961980189093E-015
          16          25   2.2575305251462909E-014
          16          26  -1.5882045275749099E-015
          17           1 -0.11392839796107454     
          17           2  0.44745994163100766     
          17           3  -1.8983881854372748     
          17           4   9.6763911342014532E-003
          17           5  -1.1488762338035660E-002
          17           6  -2.1002623306517785E-015
          17           7  -1.6521988397739349E-014
          17           8  -4.2365222879399029E-014
          17           9  -2.9431168225641493E-014
          17          10   2.0776451816698089E-015
          17          11  -6.0714706561566828E-014
          17          12   2.1087060320463780E-015
          17          13   7.8125812297793132E-016
          17          14   3.7393337436729333E-015
          17          15 -0.13974929334940472     
          17          16  -1.3827329955907061E-013
          17          17   1.5609476311836523     
          17          18  -1.2711317046692038E-014
          17          19  -2.4741398610757473E-014
          17          20  -8.2558109470915769E-002
          17          21   9.9108379633982752E-002
          17          22   2.6452500919449733E-014
          17          23 -0.17360314432428336     
          17          24   1.4836615541966255E-015
          17          25   8.4831681135630446E-016
          17          26   8.9907459999934103E-002
          18           1  -5.1826472631453553E-016
          18           2   3.0765823960548364E-015
          18           3  -2.3021010956762777E-014
          18           4   2.1635726189050572E-015
          18           5  -2.6499797464495179E-016
          18           6  -1.8523244308622349E-015
          18           7  -1.4809623936377409E-014
          18           8   2.9861692214899010E-016
          18           9   1.2079469427568712E-014
          18          10   3.4118315207543133E-015
          18          11   6.5068441198317564E-015
          18          12  -7.3248545661701977E-015
          18          13   3.0773776832482345E-016
          18          14  -2.5747604134823267E-015
          18          15   2.3919879154406692E-014
          18          16   3.4339669789064240E-014
          18          17  -1.2711317046692038E-014
          18          18   2.0734347702048588     
          18          19  -3.7730203552916843E-015
          18          20   1.0504050519672496E-014
          18          21  -4.3956349101642510E-015
          18          22   1.4602538816278114E-015
          18          23   3.9382241789855000E-015
          18          24 -0.12982381691699896     
          18          25  -1.9213299216221915E-015
          18          26  -3.0672250980801355E-015
          19           1  -9.0261709723702102E-015
          19           2   2.6129487815171047E-014
          19           3   3.9033784936211551E-014
          19           4  -1.7634332735179412E-014
          19           5   1.0131068679550542E-014
          19           6   1.3713935148093699E-015
          19           7   1.1114908522016366E-014
          19           8  -2.2141214760458612E-014
          19           9   1.2178671168309761E-015
          19          10   1.3253349242675892E-014
          19          11  -5.5580468314808941E-015
          19          12   5.9319764943796341E-016
          19          13  -1.2823157704919839E-014
          19          14  -1.5517375822865103E-016
          19          15   6.0912278710532088E-016
          19          16   1.6974167167289906E-013
          19          17  -2.4741398610757473E-014
          19          18  -3.7730203552916843E-015
          19          19   2.0700535615875424     
          19          20  -3.1698560692877366E-014
          19          21   2.0192711649692782E-014
          19          22   6.6886625682747001E-015
          19          23   1.3785973642054440E-015
          19          24   4.6944573605324131E-015
          19          25 -0.12599918580447894     
          19          26  -1.0616134843220413E-014
          20           1 -0.11133242900905005     
          20           2  0.43740897286003094     
          20           3  -1.8586944375457912     
          20           4   9.7134487005378096E-003
          20           5  -1.1232478868809674E-002
          20           6  -7.1669804185083274E-015
          20           7   1.6476278387157834E-014
          20           8  -8.6794187658452528E-014
          20           9  -2.1125964015085325E-014
          20          10   9.8149458139747047E-015
          20          11   2.5727989936599871E-014
          20          12   3.9923952305612919E-015
          20          13  -1.9933726301816441E-015
          20          14   4.0539453819477577E-016
          20          15  0.71657323419236518     
          20          16  -1.8653036395261982E-015
          20          17  -8.2558109470915769E-002
          20          18   1.0504050519672496E-014
          20          19  -3.1698560692877366E-014
          20          20  0.68892504860410553     
          20          21  -3.9058735599789299E-002
          20          22   2.1041176100768918E-015
          20          23   8.9462906625537117E-002
          20          24  -1.6197777631170315E-015
          20          25  -7.9061819740896623E-015
          20          26  -3.4639068961345741E-002
          21           1  -4.0414292803467712E-004
          21           2  -1.2455204331522337E-003
          21           3  -1.8567289483144886E-002
          21           4   1.1682121424729993E-004
          21           5  -9.2233023848144118E-005
          21           6   1.9482019057784117E-015
          21           7  -2.3569729768067992E-014
          21           8  -1.8349683303668233E-015
          21           9  -3.6397094547485729E-015
          21          10   9.0737533320984921E-016
          21          11  -9.9362175405601772E-016
          21          12   1.0301686355063836E-016
          21          13  -7.8903248230965755E-017
          21          14  -1.0066809676556220E-016
          21          15  -4.3926748836253679E-002
          21          16  -2.4156401697636275E-014
          21          17   9.9108379633982752E-002
          21          18  -4.3956349101642510E-015
          21          19   2.0192711649692782E-014
          21          20  -3.9058735599789299E-002
          21          21   8.0394243514156187E-003
          21          22   3.2490687819202196E-015
          21          23  -1.4925159890905005E-002
          21          24   3.7375987625814051E-016
          21          25  -2.9550504849146114E-015
          21          26   7.2583932791268589E-003
          22           1  -3.3994803577205096E-016
          22           2   2.1704015354507796E-015
          22           3  -4.4118635020016058E-016
          22           4   2.3865428087500182E-015
          22           5  -1.9891204749566318E-015
          22           6   2.2950965399570998E-017
          22           7  -4.7267210584232030E-016
          22           8  -2.9634174245044742E-014
          22           9  -5.8560945716481332E-015
          22          10  -5.8312145382575139E-015
          22          11  -1.9567787406922279E-015
          22          12  -4.5936397563766369E-016
          22          13   2.2570775539373665E-015
          22          14   7.9050640357196076E-016
          22          15  -2.4190180183903762E-014
          22          16 -0.12572165634084820     
          22          17   2.6452500919449733E-014
          22          18   1.4602538816278114E-015
          22          19   6.6886625682747001E-015
          22          20   2.1041176100768918E-015
          22          21   3.2490687819202196E-015
          22          22   2.9309791300689031E-002
          22          23  -3.9063757788171364E-015
          22          24  -9.7356434745703192E-016
          22          25  -1.2453513448239591E-015
          22          26   2.4297520495118828E-016
          23           1  -2.3902585632244635E-004
          23           2  -1.9531127217204312E-003
          23           3  -1.4560692422246961E-002
          23           4   1.2220982587631912E-004
          23           5  -6.6919173596535165E-005
          23           6   4.4608352498105939E-015
          23           7   3.8532016949459008E-015
          23           8  -2.1409002091188288E-014
          23           9  -2.0184513051778373E-015
          23          10  -1.3237406420761699E-015
          23          11   1.0651062792497285E-015
          23          12   5.8333825843402418E-016
          23          13  -6.9927571448337815E-017
          23          14   1.3231981680019723E-017
          23          15   9.8694944040516680E-002
          23          16   2.8293482771758710E-014
          23          17 -0.17360314432428336     
          23          18   3.9382241789855000E-015
          23          19   1.3785973642054440E-015
          23          20   8.9462906625537117E-002
          23          21  -1.4925159890905005E-002
          23          22  -3.9063757788171364E-015
          23          23   2.8775185808273426E-002
          23          24  -3.4857303509778548E-016
          23          25   3.7258352104350505E-016
          23          26  -1.3442650892700157E-002
          24           1  -3.6856040178564707E-015
          24           2   1.2457545050748638E-014
          24           3   1.4888806000478524E-015
          24           4  -3.5773136650595425E-016
          24           5   2.2047312714327120E-016
          24           6   2.8337290039769000E-016
          24           7  -4.0553600032998151E-015
          24           8  -6.1636792965725723E-015
          24           9  -6.5580595799941963E-015
          24          10   9.1254777028744929E-016
          24          11  -1.2620431879239825E-015
          24          12   1.3753246274564911E-016
          24          13  -2.6418359362818265E-016
          24          14  -1.3603800411360882E-016
          24          15  -2.1055649821340050E-015
          24          16   9.3636961980189093E-015
          24          17   1.4836615541966255E-015
          24          18 -0.12982381691699896     
          24          19   4.6944573605324131E-015
          24          20  -1.6197777631170315E-015
          24          21   3.7375987625814051E-016
          24          22  -9.7356434745703192E-016
          24          23  -3.4857303509778548E-016
          24          24   2.8916010999795766E-002
          24          25  -6.5039736123319486E-016
          24          26   1.1984498412322691E-016
          25           1   5.6943652764429950E-015
          25           2  -1.6673416792542516E-014
          25           3  -1.8801295943158132E-014
          25           4   2.8929812995327933E-015
          25           5  -1.7430129031055679E-015
          25           6  -9.3999371009964801E-017
          25           7   4.3665202835016568E-014
          25           8  -8.7877254891260357E-015
          25           9  -3.7749146274613799E-016
          25          10  -6.7192003672477905E-015
          25          11   1.8889980537479335E-015
          25          12  -1.9063352367701560E-017
          25          13   1.0358205106086553E-015
          25          14  -2.3458361569502935E-016
          25          15   2.1405289787310923E-014
          25          16   2.2575305251462909E-014
          25          17   8.4831681135630446E-016
          25          18  -1.9213299216221915E-015
          25          19 -0.12599918580447894     
          25          20  -7.9061819740896623E-015
          25          21  -2.9550504849146114E-015
          25          22  -1.2453513448239591E-015
          25          23   3.7258352104350505E-016
          25          24  -6.5039736123319486E-016
          25          25   2.9281948679302686E-002
          25          26   1.0390452424577828E-015
          26           1  -4.1701014469675479E-004
          26           2  -1.1909002844853705E-003
          26           3  -1.8868210765450456E-002
          26           4   1.1642441715926658E-004
          26           5  -9.4136924300726460E-005
          26           6   2.1992610384614909E-015
          26           7  -6.1857151304674329E-014
          26           8   3.1334329338593894E-014
          26           9  -5.1697122197179591E-015
          26          10  -4.0331863182523191E-015
          26          11  -1.2291191716182005E-014
          26          12   4.3274480681393317E-016
          26          13   2.6711515427324328E-016
          26          14   9.0312445076781899E-016
          26          15  -3.9027635239160564E-002
          26          16  -1.5882045275749099E-015
          26          17   8.9907459999934103E-002
          26          18  -3.0672250980801355E-015
          26          19  -1.0616134843220413E-014
          26          20  -3.4639068961345741E-002
          26          21   7.2583932791268589E-003
          26          22   2.4297520495118828E-016
          26          23  -1.3442650892700157E-002
          26          24   1.1984498412322691E-016
          26          25   1.0390452424577828E-015
          26          26   6.5543037567094330E-003
