           1           1   2.2443806837532927     
           1           2  0.62996721548129475     
           1           3  0.22751968501513631     
           1           4   2.1415805155383040E-015
           1           5  -1.0139397172366336E-014
           1           6  -5.3490907980431250E-015
           1           7  -6.0527505372643056E-015
           1           8  -6.3269421028361094E-015
           1           9   2.3185025808639968E-015
           1          10  -6.9730014576102298E-002
           1          11   1.9590648787393780E-015
           1          12  -6.9730014576098856E-002
           1          13   2.5863890887135998E-015
           1          14  -8.6348926985596621E-016
           1          15  -6.9730014576101396E-002
           2           1  0.62996721548129475     
           2           2   1.6165461153790130     
           2           3  0.42876586476243339     
           2           4   1.1937727209978186E-014
           2           5  -1.5442950899079397E-014
           2           6  -1.1548015699248912E-014
           2           7   1.0802223286500117E-015
           2           8   1.8800864478762563E-015
           2           9  -3.1873426883083522E-015
           2          10 -0.11263623702967854     
           2          11  -2.3671380923621572E-015
           2          12 -0.11263623702967532     
           2          13   4.2354639892643687E-015
           2          14  -2.3746928636705968E-015
           2          15 -0.11263623702967558     
           3           1  0.22751968501513631     
           3           2  0.42876586476243339     
           3           3  0.36557376023585442     
           3           4   2.4272786780250586E-016
           3           5   1.9259249131461795E-015
           3           6  -1.7012635414176056E-015
           3           7  -1.4077927817629407E-015
           3           8  -2.9228727298101965E-015
           3           9  -4.9094138155991199E-016
           3          10  -7.8253518769731065E-003
           3          11   3.2642504153100790E-016
           3          12  -7.8253518769735679E-003
           3          13   1.2318451469231675E-015
           3          14  -1.0715560433660525E-016
           3          15  -7.8253518769722079E-003
           4           1   2.1415805155383040E-015
           4           2   1.1937727209978186E-014
           4           3   2.4272786780250586E-016
           4           4  0.86609526000811821     
           4           5   8.8817841970013509E-016
           4           6   6.5225602696727809E-016
           4           7 -0.11371352949658120     
           4           8  -1.0338951916821841E-015
           4           9   1.8041124150158790E-015
           4          10  -2.3181702479813246E-015
           4          11  -8.0959660416257125E-017
           4          12  -6.5532751689682630E-016
           4          13   3.8035477324973058E-016
           4          14   5.8560098173779570E-016
           4          15  -9.8485502083986008E-016
           5           1  -1.0139397172366336E-014
           5           2  -1.5442950899079397E-014
           5           3   1.9259249131461795E-015
           5           4   8.8817841970013509E-016
           5           5  0.86609526000811798     
           5           6   1.6375789613220962E-015
           5           7   1.2281842209915510E-015
           5           8 -0.11371352949658245     
           5           9   2.4355517602714356E-015
           5          10  -1.1464858501802218E-016
           5          11  -4.0840326318439346E-017
           5          12   2.2018589310673979E-015
           5          13   5.2223600824432282E-016
           5          14   7.1018771198171289E-016
           5          15   1.5485744072922547E-015
           6           1  -5.3490907980431250E-015
           6           2  -1.1548015699248912E-014
           6           3  -1.7012635414176056E-015
           6           4   6.5225602696727809E-016
           6           5   1.6375789613220962E-015
           6           6  0.86609526000812154     
           6           7  -5.9501015226004118E-016
           6           8  -2.0296264668927955E-016
           6           9 -0.11371352949658230     
           6          10   1.2674378098064659E-015
           6          11  -2.1679489656456967E-018
           6          12   8.2230675526001609E-016
           6          13  -2.1735044666911316E-016
           6          14  -6.8683530579741676E-017
           6          15   9.9154069377503313E-016
           7           1  -6.0527505372643056E-015
           7           2   1.0802223286500117E-015
           7           3  -1.4077927817629407E-015
           7           4 -0.11371352949658120     
           7           5   1.2281842209915510E-015
           7           6  -5.9501015226004118E-016
           7           7   1.4929959079153300E-002
           7           8  -4.1633363423423353E-017
           7           9  -1.7021974108022363E-016
           7          10   1.7815683269768366E-016
           7          11   1.0629556767999943E-017
           7          12  -4.0165244192071508E-017
           7          13  -4.9938483356543913E-017
           7          14  -7.6886178212602031E-017
           7          15   3.0998991123893356E-018
           8           1  -6.3269421028361094E-015
           8           2   1.8800864478762563E-015
           8           3  -2.9228727298101965E-015
           8           4  -1.0338951916821841E-015
           8           5 -0.11371352949658245     
           8           6  -2.0296264668927955E-016
           8           7  -4.1633363423423353E-017
           8           8   1.4929959079153633E-002
           8           9  -3.2135752392470228E-016
           8          10   4.6686690827569526E-017
           8          11   5.3621095344571194E-018
           8          12  -2.5745796614349556E-016
           8          13  -6.8566706769781818E-017
           8          14  -9.3243728563750884E-017
           8          15  -1.7168531226328189E-016
           9           1   2.3185025808639968E-015
           9           2  -3.1873426883083522E-015
           9           3  -4.9094138155991199E-016
           9           4   1.8041124150158790E-015
           9           5   2.4355517602714356E-015
           9           6 -0.11371352949658230     
           9           7  -1.7021974108022363E-016
           9           8  -3.2135752392470228E-016
           9           9   1.4929959079153532E-002
           9          10   6.8914738713844537E-017
           9          11   2.8463973889638983E-019
           9          12   1.2735799044176860E-016
           9          13   2.8536914551600077E-017
           9          14   9.0177686464254622E-018
           9          15   1.0513850795784629E-016
          10           1  -6.9730014576102298E-002
          10           2 -0.11263623702967854     
          10           3  -7.8253518769731065E-003
          10           4  -2.3181702479813246E-015
          10           5  -1.1464858501802218E-016
          10           6   1.2674378098064659E-015
          10           7   1.7815683269768366E-016
          10           8   4.6686690827569526E-017
          10           9   6.8914738713844537E-017
          10          10   1.0921328610683390E-002
          10          11   1.6539031801715323E-016
          10          12   1.0921328610682996E-002
          10          13  -3.0969573103999272E-016
          10          14   2.1014523396037603E-016
          10          15   1.0921328610683231E-002
          11           1   1.9590648787393780E-015
          11           2  -2.3671380923621572E-015
          11           3   3.2642504153100790E-016
          11           4  -8.0959660416257125E-017
          11           5  -4.0840326318439346E-017
          11           6  -2.1679489656456967E-018
          11           7   1.0629556767999943E-017
          11           8   5.3621095344571194E-018
          11           9   2.8463973889638983E-019
          11          10   1.6539031801715323E-016
          11          11   1.3267164442400504E-029
          11          12   1.6539031801714748E-016
          11          13  -4.0130804806286113E-030
          11          14   5.4164755452193526E-030
          11          15   1.6539031801714674E-016
          12           1  -6.9730014576098856E-002
          12           2 -0.11263623702967532     
          12           3  -7.8253518769735679E-003
          12           4  -6.5532751689682630E-016
          12           5   2.2018589310673979E-015
          12           6   8.2230675526001609E-016
          12           7  -4.0165244192071508E-017
          12           8  -2.5745796614349556E-016
          12           9   1.2735799044176860E-016
          12          10   1.0921328610682996E-002
          12          11   1.6539031801714748E-016
          12          12   1.0921328610682604E-002
          12          13  -3.0969573103998128E-016
          12          14   2.1014523396037162E-016
          12          15   1.0921328610682837E-002
          13           1   2.5863890887135998E-015
          13           2   4.2354639892643687E-015
          13           3   1.2318451469231675E-015
          13           4   3.8035477324973058E-016
          13           5   5.2223600824432282E-016
          13           6  -2.1735044666911316E-016
          13           7  -4.9938483356543913E-017
          13           8  -6.8566706769781818E-017
          13           9   2.8536914551600077E-017
          13          10  -3.0969573103999272E-016
          13          11  -4.0130804806286113E-030
          13          12  -3.0969573103998128E-016
          13          13   1.2244418575099554E-029
          13          14  -5.2921639087153806E-030
          13          15  -3.0969573103998384E-016
          14           1  -8.6348926985596621E-016
          14           2  -2.3746928636705968E-015
          14           3  -1.0715560433660525E-016
          14           4   5.8560098173779570E-016
          14           5   7.1018771198171289E-016
          14           6  -6.8683530579741676E-017
          14           7  -7.6886178212602031E-017
          14           8  -9.3243728563750884E-017
          14           9   9.0177686464254622E-018
          14          10   2.1014523396037603E-016
          14          11   5.4164755452193526E-030
          14          12   2.1014523396037162E-016
          14          13  -5.2921639087153806E-030
          14          14   5.5655827267615241E-030
          14          15   2.1014523396037411E-016
          15           1  -6.9730014576101396E-002
          15           2 -0.11263623702967558     
          15           3  -7.8253518769722079E-003
          15           4  -9.8485502083986008E-016
          15           5   1.5485744072922547E-015
          15           6   9.9154069377503313E-016
          15           7   3.0998991123893356E-018
          15           8  -1.7168531226328189E-016
          15           9   1.0513850795784629E-016
          15          10   1.0921328610683231E-002
          15          11   1.6539031801714674E-016
          15          12   1.0921328610682837E-002
          15          13  -3.0969573103998384E-016
          15          14   2.1014523396037411E-016
          15          15   1.0921328610683069E-002
