           1           1   2.1489077846369851     
           1           2 -0.69552260781750519     
           1           3 -0.92918735507890970     
           1           4  0.34298391894727814     
           1           5  -1.9780555498668462E-015
           1           6  -8.0060240704568100E-016
           1           7   7.0346701713442264E-016
           1           8   3.3644683424249356E-016
           1           9  -7.3123243546322801E-016
           1          10  -2.0484439557458004E-016
           1          11  0.23166971925410421     
           1          12   8.8978335227483644E-016
           1          13  0.23166971925410532     
           1          14  -9.4590570254331734E-016
           1          15  -6.7614247827311517E-016
           1          16  0.23166971925410632     
           2           1 -0.69552260781750519     
           2           2   3.5031603278262158     
           2           3   6.9859187555232083     
           2           4  -2.6200525629928513     
           2           5   8.3448036176170567E-015
           2           6   9.3723426235405654E-015
           2           7   5.3155191979925835E-016
           2           8  -6.5061552096563510E-016
           2           9   4.1913252109935755E-016
           2          10  -1.8645412904208331E-015
           2          11  -1.6592337673726039     
           2          12   4.0234099383904244E-016
           2          13  -1.6592337673726094     
           2          14  -1.0652301558066055E-015
           2          15   1.2355471073009008E-015
           2          16  -1.6592337673726043     
           3           1 -0.92918735507890970     
           3           2   6.9859187555232083     
           3           3   33.266771710440999     
           3           4  -12.697823060703227     
           3           5   5.5490422755225699E-014
           3           6   9.7802257065941727E-015
           3           7   1.0579528698828680E-015
           3           8  -9.2885151970230202E-015
           3           9   3.6771709546759623E-015
           3          10  -9.2566936126144636E-015
           3          11  -7.4469535953879840     
           3          12  -5.8089903171355874E-015
           3          13  -7.4469535953880124     
           3          14  -2.3232717070119997E-015
           3          15   3.9243179549700416E-015
           3          16  -7.4469535953879840     
           4           1  0.34298391894727814     
           4           2  -2.6200525629928513     
           4           3  -12.697823060703227     
           4           4   4.8478771667455840     
           4           5  -1.9429854699426208E-014
           4           6  -3.6981363872672924E-015
           4           7  -5.5646333963218903E-016
           4           8   3.4754755625328405E-015
           4           9  -1.4036336245678224E-015
           4          10   3.5444243105948411E-015
           4          11   2.8401478167569811     
           4          12   2.2455122151466229E-015
           4          13   2.8401478167569918     
           4          14   8.7761183494217397E-016
           4          15  -1.4949925800804711E-015
           4          16   2.8401478167569807     
           5           1  -1.9780555498668462E-015
           5           2   8.3448036176170567E-015
           5           3   5.5490422755225699E-014
           5           4  -1.9429854699426208E-014
           5           5   2.0183400854037861     
           5           6  -2.3626933742804113E-015
           5           7   1.6098233857064768E-015
           5           8  -9.2989567279280483E-002
           5           9   2.0053403382291886E-015
           5          10  -5.5164206536062397E-016
           5          11  -1.6144432960877694E-014
           5          12  -1.9615336339172228E-015
           5          13  -1.1392878301105108E-014
           5          14   4.5788430166718466E-015
           5          15  -6.0426130899696691E-015
           5          16  -1.3051451718140916E-014
           6           1  -8.0060240704568100E-016
           6           2   9.3723426235405654E-015
           6           3   9.7802257065941727E-015
           6           4  -3.6981363872672924E-015
           6           5  -2.3626933742804113E-015
           6           6   2.0183400854037883     
           6           7  -6.4098032437343002E-016
           6           8   2.5261910618911859E-017
           6           9  -9.2989567279281093E-002
           6          10  -1.3120472590333338E-015
           6          11  -2.2544949874785623E-015
           6          12   2.4055654347269886E-016
           6          13  -2.4266532223498986E-015
           6          14   4.8391623033098296E-017
           6          15  -4.8807530546479161E-016
           6          16  -3.3328038658900841E-015
           7           1   7.0346701713442264E-016
           7           2   5.3155191979925835E-016
           7           3   1.0579528698828680E-015
           7           4  -5.5646333963218903E-016
           7           5   1.6098233857064768E-015
           7           6  -6.4098032437343002E-016
           7           7   2.0183400854037847     
           7           8   1.7173762412170331E-016
           7           9   1.2150653747045052E-015
           7          10  -9.2989567279279206E-002
           7          11  -7.3314755065142067E-016
           7          12   3.7771598639419064E-016
           7          13   7.9118087501068405E-017
           7          14  -2.1079175779557040E-016
           7          15   1.8775637067576343E-016
           7          16   2.1800762399538041E-016
           8           1   3.3644683424249356E-016
           8           2  -6.5061552096563510E-016
           8           3  -9.2885151970230202E-015
           8           4   3.4754755625328405E-015
           8           5  -9.2989567279280483E-002
           8           6   2.5261910618911859E-017
           8           7   1.7173762412170331E-016
           8           8   4.4237445622711752E-003
           8           9  -1.1810349790156244E-016
           8          10   2.0925101928972195E-017
           8          11   2.2316349071112287E-015
           8          12   1.1081878487647987E-016
           8          13   1.9745751203591237E-015
           8          14  -2.5003711486333443E-016
           8          15   3.2954129753927728E-016
           8          16   2.0677729326291649E-015
           9           1  -7.3123243546322801E-016
           9           2   4.1913252109935755E-016
           9           3   3.6771709546759623E-015
           9           4  -1.4036336245678224E-015
           9           5   2.0053403382291886E-015
           9           6  -9.2989567279281093E-002
           9           7   1.2150653747045052E-015
           9           8  -1.1810349790156244E-016
           9           9   4.4237445622712342E-003
           9          10   9.3546318694753867E-018
           9          11  -8.2323992714842467E-016
           9          12  -1.7134043704072197E-017
           9          13  -8.0951306583699390E-016
           9          14  -1.4648250057569444E-018
           9          15   1.9178720202261379E-017
           9          16  -7.7193709186222638E-016
          10           1  -2.0484439557458004E-016
          10           2  -1.8645412904208331E-015
          10           3  -9.2566936126144636E-015
          10           4   3.5444243105948411E-015
          10           5  -5.5164206536062397E-016
          10           6  -1.3120472590333338E-015
          10           7  -9.2989567279279206E-002
          10           8   2.0925101928972195E-017
          10           9   9.3546318694753867E-018
          10          10   4.4237445622710564E-003
          10          11   2.0841867624369008E-015
          10          12  -1.6326169459768643E-017
          10          13   2.0484875764179510E-015
          10          14   8.1595444660452891E-018
          10          15  -8.7676096389305621E-018
          10          16   2.0379516365592207E-015
          11           1  0.23166971925410421     
          11           2  -1.6592337673726039     
          11           3  -7.4469535953879840     
          11           4   2.8401478167569811     
          11           5  -1.6144432960877694E-014
          11           6  -2.2544949874785623E-015
          11           7  -7.3314755065142067E-016
          11           8   2.2316349071112287E-015
          11           9  -8.2323992714842467E-016
          11          10   2.0841867624369008E-015
          11          11   1.6717566052405348     
          11          12   1.2380564263059077E-015
          11          13   1.6717566052405415     
          11          14   5.4102482078084015E-016
          11          15  -8.8740456523744284E-016
          11          16   1.6717566052405348     
          12           1   8.8978335227483644E-016
          12           2   4.0234099383904244E-016
          12           3  -5.8089903171355874E-015
          12           4   2.2455122151466229E-015
          12           5  -1.9615336339172228E-015
          12           6   2.4055654347269886E-016
          12           7   3.7771598639419064E-016
          12           8   1.1081878487647987E-016
          12           9  -1.7134043704072197E-017
          12          10  -1.6326169459768643E-017
          12          11   1.2380564263059077E-015
          12          12   9.2167956027021525E-030
          12          13   1.2380564263059031E-015
          12          14  -1.1695046770956424E-029
          12          15   1.3180139018966902E-029
          12          16   1.2380564263059029E-015
          13           1  0.23166971925410532     
          13           2  -1.6592337673726094     
          13           3  -7.4469535953880124     
          13           4   2.8401478167569918     
          13           5  -1.1392878301105108E-014
          13           6  -2.4266532223498986E-015
          13           7   7.9118087501068405E-017
          13           8   1.9745751203591237E-015
          13           9  -8.0951306583699390E-016
          13          10   2.0484875764179510E-015
          13          11   1.6717566052405415     
          13          12   1.2380564263059031E-015
          13          13   1.6717566052405479     
          13          14   5.4102482078086332E-016
          13          15  -8.8740456523747420E-016
          13          16   1.6717566052405415     
          14           1  -9.4590570254331734E-016
          14           2  -1.0652301558066055E-015
          14           3  -2.3232717070119997E-015
          14           4   8.7761183494217397E-016
          14           5   4.5788430166718466E-015
          14           6   4.8391623033098296E-017
          14           7  -2.1079175779557040E-016
          14           8  -2.5003711486333443E-016
          14           9  -1.4648250057569444E-018
          14          10   8.1595444660452891E-018
          14          11   5.4102482078084015E-016
          14          12  -1.1695046770956424E-029
          14          13   5.4102482078086332E-016
          14          14   2.3165775432292398E-029
          14          15  -2.8034047501442859E-029
          14          16   5.4102482078085119E-016
          15           1  -6.7614247827311517E-016
          15           2   1.2355471073009008E-015
          15           3   3.9243179549700416E-015
          15           4  -1.4949925800804711E-015
          15           5  -6.0426130899696691E-015
          15           6  -4.8807530546479161E-016
          15           7   1.8775637067576343E-016
          15           8   3.2954129753927728E-016
          15           9   1.9178720202261379E-017
          15          10  -8.7676096389305621E-018
          15          11  -8.8740456523744284E-016
          15          12   1.3180139018966902E-029
          15          13  -8.8740456523747420E-016
          15          14  -2.8034047501442859E-029
          15          15   3.8431753974582051E-029
          15          16  -8.8740456523746030E-016
          16           1  0.23166971925410632     
          16           2  -1.6592337673726043     
          16           3  -7.4469535953879840     
          16           4   2.8401478167569807     
          16           5  -1.3051451718140916E-014
          16           6  -3.3328038658900841E-015
          16           7   2.1800762399538041E-016
          16           8   2.0677729326291649E-015
          16           9  -7.7193709186222638E-016
          16          10   2.0379516365592207E-015
          16          11   1.6717566052405348     
          16          12   1.2380564263059029E-015
          16          13   1.6717566052405415     
          16          14   5.4102482078085119E-016
          16          15  -8.8740456523746030E-016
          16          16   1.6717566052405348     
