           1           1   2.1273362027593237     
           1           2 -0.51947183734920244     
           1           3   5.9544080062587962E-002
           1           4  -4.9836274174206385E-002
           1           5   3.8771671889128746E-014
           1           6  -1.2722083368259931E-014
           1           7  -2.0322344871251062E-014
           1           8  -1.5116868539737879E-014
           1           9  -7.7143138947569107E-015
           1          10  -4.4274398191059594E-014
           1          11  -1.8594840898848022E-002
           1          12  -1.5291825525630080E-015
           1          13  -1.8594840898765150E-002
           1          14  -6.7797725074638221E-015
           1          15   1.2058296369498632E-014
           1          16  -1.8594840898670816E-002
           2           1 -0.51947183734920244     
           2           2   2.1783819260188104     
           2           3   5.8903304102432510E-002
           2           4  0.14587538574973505     
           2           5   6.1469984409864234E-016
           2           6   7.9305149571384886E-015
           2           7  -3.2043319706203716E-014
           2           8   3.1789251177258546E-014
           2           9  -1.0628801365225657E-014
           2          10  -3.3159780140730914E-014
           2          11   7.6011984002776617E-003
           2          12  -3.6925900365388620E-015
           2          13   7.6011984001407695E-003
           2          14  -2.8691275434427694E-015
           2          15   2.1211460968532800E-014
           2          16   7.6011983999852116E-003
           3           1   5.9544080062587962E-002
           3           2   5.8903304102432510E-002
           3           3   6.7480725836212105E-002
           3           4  0.15068210923374317     
           3           5  -1.2576687819899287E-013
           3           6  -1.4914781662045573E-013
           3           7  -1.8157559677402159E-013
           3           8   1.4499203326674117E-015
           3           9  -3.9500502034643705E-015
           3          10  -1.4332012167475307E-014
           3          11   2.2546296926067064E-002
           3          12  -5.2544529586906917E-016
           3          13   2.2546296926065842E-002
           3          14  -4.0832153504497391E-016
           3          15   1.1202984278875163E-015
           3          16   2.2546296926063580E-002
           4           1  -4.9836274174206385E-002
           4           2  0.14587538574973505     
           4           3  0.15068210923374317     
           4           4  0.35367086512766427     
           4           5   9.9560417486372723E-014
           4           6   1.4041465136847956E-013
           4           7   1.7560060484095899E-013
           4           8   8.9368843679519958E-015
           4           9  -2.2864269819094352E-015
           4          10  -2.1075419480261442E-014
           4          11   5.4250850385331541E-002
           4          12  -9.4237444786872084E-016
           4          13   5.4250850385323478E-002
           4          14  -1.9779948633746759E-016
           4          15   1.0864075862646733E-015
           4          16   5.4250850385312292E-002
           5           1   3.8771671889128746E-014
           5           2   6.1469984409864234E-016
           5           3  -1.2576687819899287E-013
           5           4   9.9560417486372723E-014
           5           5   1.9947773195840786     
           5           6   3.5249581031848689E-015
           5           7  -1.6320278461989801E-014
           5           8   2.0456378320482450E-002
           5           9  -3.3833612994582588E-015
           5          10  -1.3950646193805454E-014
           5          11   7.1062885637113255E-014
           5          12  -9.4465360629533948E-015
           5          13   5.7506055202845017E-015
           5          14   6.1135618041162433E-014
           5          15   3.2407484559075079E-014
           5          16  -4.0589904455839436E-014
           6           1  -1.2722083368259931E-014
           6           2   7.9305149571384886E-015
           6           3  -1.4914781662045573E-013
           6           4   1.4041465136847956E-013
           6           5   3.5249581031848689E-015
           6           6   1.9947773195841247     
           6           7   3.5971225997855072E-014
           6           8   7.6475934959741083E-014
           6           9   2.0456378320384626E-002
           6          10  -3.7525971913199449E-014
           6          11   1.0020439440877655E-013
           6          12  -3.0673478508815147E-014
           6          13   2.2987469981448550E-015
           6          14   3.4736157280893757E-014
           6          15   2.6755545023460844E-015
           6          16  -1.0043049745251403E-013
           7           1  -2.0322344871251062E-014
           7           2  -3.2043319706203716E-014
           7           3  -1.8157559677402159E-013
           7           4   1.7560060484095899E-013
           7           5  -1.6320278461989801E-014
           7           6   3.5971225997855072E-014
           7           7   1.9947773195840970     
           7           8   1.8315687508319023E-013
           7           9  -5.9304991473219104E-014
           7          10   2.0456378320386839E-002
           7          11   5.0841997300279299E-014
           7          12  -7.9584449888281715E-014
           7          13   3.0119235059139647E-014
           7          14   4.7984546042695799E-015
           7          15   3.6515045818129967E-015
           7          16  -5.7122230562222861E-014
           8           1  -1.5116868539737879E-014
           8           2   3.1789251177258546E-014
           8           3   1.4499203326674117E-015
           8           4   8.9368843679519958E-015
           8           5   2.0456378320482450E-002
           8           6   7.6475934959741083E-014
           8           7   1.8315687508319023E-013
           8           8   2.1496254567235189E-004
           8           9   8.3778419450314534E-016
           8          10   1.9878372494066193E-015
           8          11   1.8208181014621941E-015
           8          12  -1.3251523201592677E-016
           8          13   1.1211835833646203E-015
           8          14   6.7064106919196326E-016
           8          15   3.2761929632573461E-016
           8          16   5.6864958064321988E-016
           9           1  -7.7143138947569107E-015
           9           2  -1.0628801365225657E-014
           9           3  -3.9500502034643705E-015
           9           4  -2.2864269819094352E-015
           9           5  -3.3833612994582588E-015
           9           6   2.0456378320384626E-002
           9           7  -5.9304991473219104E-014
           9           8   8.3778419450314534E-016
           9           9   2.1496254566998811E-004
           9          10  -1.1873335160111269E-015
           9          11   6.2565935802223007E-016
           9          12  -3.6494082914166630E-016
           9          13  -4.0248308190978967E-016
           9          14   4.1142381605139736E-016
           9          15   1.7426384184975313E-017
           9          16  -1.5743456502636523E-015
          10           1  -4.4274398191059594E-014
          10           2  -3.3159780140730914E-014
          10           3  -1.4332012167475307E-014
          10           4  -2.1075419480261442E-014
          10           5  -1.3950646193805454E-014
          10           6  -3.7525971913199449E-014
          10           7   2.0456378320386839E-002
          10           8   1.9878372494066193E-015
          10           9  -1.1873335160111269E-015
          10          10   2.1496254567007916E-004
          10          11  -2.3638311682611212E-015
          10          12  -9.2176049869353365E-016
          10          13  -2.7501428969156134E-015
          10          14   1.4144324179103704E-016
          10          15   2.9016083954363641E-017
          10          16  -3.7584431093855292E-015
          11           1  -1.8594840898848022E-002
          11           2   7.6011984002776617E-003
          11           3   2.2546296926067064E-002
          11           4   5.4250850385331541E-002
          11           5   7.1062885637113255E-014
          11           6   1.0020439440877655E-013
          11           7   5.0841997300279299E-014
          11           8   1.8208181014621941E-015
          11           9   6.2565935802223007E-016
          11          10  -2.3638311682611212E-015
          11          11   8.5310306995544285E-003
          11          12  -9.8653851821408544E-017
          11          13   8.5310306995537606E-003
          11          14   4.7923688376828374E-017
          11          15  -1.0241353012900728E-016
          11          16   8.5310306995526851E-003
          12           1  -1.5291825525630080E-015
          12           2  -3.6925900365388620E-015
          12           3  -5.2544529586906917E-016
          12           4  -9.4237444786872084E-016
          12           5  -9.4465360629533948E-015
          12           6  -3.0673478508815147E-014
          12           7  -7.9584449888281715E-014
          12           8  -1.3251523201592677E-016
          12           9  -3.6494082914166630E-016
          12          10  -9.2176049869353365E-016
          12          11  -9.8653851821408544E-017
          12          12   6.6033660614385647E-027
          12          13  -9.8653851814616883E-017
          12          14  -3.7063134837843350E-027
          12          15  -9.7371193509680272E-029
          12          16  -9.8653851805139644E-017
          13           1  -1.8594840898765150E-002
          13           2   7.6011984001407695E-003
          13           3   2.2546296926065842E-002
          13           4   5.4250850385323478E-002
          13           5   5.7506055202845017E-015
          13           6   2.2987469981448550E-015
          13           7   3.0119235059139647E-014
          13           8   1.1211835833646203E-015
          13           9  -4.0248308190978967E-016
          13          10  -2.7501428969156134E-015
          13          11   8.5310306995537606E-003
          13          12  -9.8653851814616883E-017
          13          13   8.5310306995530945E-003
          13          14   4.7923688369464580E-017
          13          15  -1.0241353013078594E-016
          13          16   8.5310306995520190E-003
          14           1  -6.7797725074638221E-015
          14           2  -2.8691275434427694E-015
          14           3  -4.0832153504497391E-016
          14           4  -1.9779948633746759E-016
          14           5   6.1135618041162433E-014
          14           6   3.4736157280893757E-014
          14           7   4.7984546042695799E-015
          14           8   6.7064106919196326E-016
          14           9   4.1142381605139736E-016
          14          10   1.4144324179103704E-016
          14          11   4.7923688376828374E-017
          14          12  -3.7063134837843350E-027
          14          13   4.7923688369464580E-017
          14          14   5.1307218140909338E-027
          14          15   6.5826048323093870E-028
          14          16   4.7923688362105715E-017
          15           1   1.2058296369498632E-014
          15           2   2.1211460968532800E-014
          15           3   1.1202984278875163E-015
          15           4   1.0864075862646733E-015
          15           5   3.2407484559075079E-014
          15           6   2.6755545023460844E-015
          15           7   3.6515045818129967E-015
          15           8   3.2761929632573461E-016
          15           9   1.7426384184975313E-017
          15          10   2.9016083954363641E-017
          15          11  -1.0241353012900728E-016
          15          12  -9.7371193509680272E-029
          15          13  -1.0241353013078594E-016
          15          14   6.5826048323093870E-028
          15          15   9.2748311782231305E-028
          15          16  -1.0241353013237865E-016
          16           1  -1.8594840898670816E-002
          16           2   7.6011983999852116E-003
          16           3   2.2546296926063580E-002
          16           4   5.4250850385312292E-002
          16           5  -4.0589904455839436E-014
          16           6  -1.0043049745251403E-013
          16           7  -5.7122230562222861E-014
          16           8   5.6864958064321988E-016
          16           9  -1.5743456502636523E-015
          16          10  -3.7584431093855292E-015
          16          11   8.5310306995526851E-003
          16          12  -9.8653851805139644E-017
          16          13   8.5310306995520190E-003
          16          14   4.7923688362105715E-017
          16          15  -1.0241353013237865E-016
          16          16   8.5310306995509452E-003
