           1           1   2.1539279626952741     
           1           2  0.32782010507675929     
           1           3  0.29600363964165305     
           1           4   2.4308616818067349E-013
           1           5  -1.5496809761493977E-013
           1           6   7.1810800161311661E-014
           1           7  -1.3672044022023322E-015
           1           8  -6.3920755308115429E-014
           1           9   1.6276555450977021E-014
           1          10   1.5208770043182079E-002
           1          11   1.7445346584882593E-011
           1          12   1.5208770043249229E-002
           1          13   8.4938859977942486E-011
           1          14  -6.8079398153455914E-012
           1          15   1.5208770043115518E-002
           2           1  0.32782010507675929     
           2           2  0.80685158424062442     
           2           3  0.56957311471643324     
           2           4   4.6041315522660195E-013
           2           5  -1.1580876510546790E-013
           2           6   4.2013427918817901E-013
           2           7  -1.7318124676961741E-013
           2           8  -2.4797003804883758E-014
           2           9  -1.9467322739698881E-013
           2          10   1.1009769356873584E-002
           2          11   5.6852107289639741E-013
           2          12   1.1009769356901233E-002
           2          13   2.3222040599512379E-012
           2          14  -9.2972635487879868E-014
           2          15   1.1009769356835283E-002
           3           1  0.29600363964165305     
           3           2  0.56957311471643324     
           3           3  0.40413781197889243     
           3           4   1.0306646405381222E-013
           3           5  -2.4643273451326357E-013
           3           6  -5.1821841160327501E-013
           3           7   2.5595664004727237E-014
           3           8   8.5728441514388000E-014
           3           9   3.9396221469642820E-013
           3          10   8.1151623425295642E-003
           3          11   9.5155238319000216E-013
           3          12   8.1151623425508683E-003
           3          13   4.3240310822065872E-012
           3          14  -2.8202575747236568E-013
           3          15   8.1151623425008944E-003
           4           1   2.4308616818067349E-013
           4           2   4.6041315522660195E-013
           4           3   1.0306646405381222E-013
           4           4  0.97331991121120642     
           4           5  -6.3136301742261480E-013
           4           6  -1.8532397838555426E-012
           4           7 -0.63358236337210538     
           4           8  -2.3637342083659973E-014
           4           9  -6.0174087934683484E-014
           4          10  -1.4646936009748962E-013
           4          11   1.5047577001703225E-013
           4          12  -1.6918634830283998E-013
           4          13  -4.5054885489901290E-013
           4          14   1.2966288873495493E-013
           4          15  -4.6721444784639099E-014
           5           1  -1.5496809761493977E-013
           5           2  -1.1580876510546790E-013
           5           3  -2.4643273451326357E-013
           5           4  -6.3136301742261480E-013
           5           5  0.97331991121047823     
           5           6   1.8155962844268458E-013
           5           7  -2.9686149372043502E-013
           5           8 -0.63358236337228857     
           5           9  -6.9978745020904398E-014
           5          10   6.0754271670226008E-014
           5          11  -6.3266987686349161E-014
           5          12   9.7865707156394300E-014
           5          13   3.2895027519242520E-013
           5          14  -1.7049377558400291E-013
           5          15   6.5251391349806391E-014
           6           1   7.1810800161311661E-014
           6           2   4.2013427918817901E-013
           6           3  -5.1821841160327501E-013
           6           4  -1.8532397838555426E-012
           6           5   1.8155962844268458E-013
           6           6  0.97331991121005879     
           6           7  -8.8190565961099310E-013
           6           8   1.6187572116077575E-013
           6           9 -0.63358236337239426     
           6          10   8.2113319241597619E-014
           6          11  -3.1432173090340871E-013
           6          12   4.8099540383158033E-014
           6          13   1.4865129773407212E-013
           6          14  -4.1682381113593698E-013
           6          15   1.1104834344196824E-013
           7           1  -1.3672044022023322E-015
           7           2  -1.7318124676961741E-013
           7           3   2.5595664004727237E-014
           7           4 -0.63358236337210538     
           7           5  -2.9686149372043502E-013
           7           6  -8.8190565961099310E-013
           7           7  0.41243028787956110     
           7           8   4.7615991011218384E-013
           7           9   1.3985201885446941E-012
           7          10   9.7631018289691878E-014
           7          11  -9.7952120199477476E-014
           7          12   1.1241840482703689E-013
           7          13   2.9328467549404338E-013
           7          14  -8.4404092956155364E-014
           7          15   3.2700056379808422E-014
           8           1  -6.3920755308115429E-014
           8           2  -2.4797003804883758E-014
           8           3   8.5728441514388000E-014
           8           4  -2.3637342083659973E-014
           8           5 -0.63358236337228857     
           8           6   1.6187572116077575E-013
           8           7   4.7615991011218384E-013
           8           8  0.41243028788010816     
           8           9  -1.3675865995210756E-013
           8          10  -4.1574233518596485E-014
           8          11   4.1183578354869407E-014
           8          12  -6.5731893893967187E-014
           8          13  -2.1413016696717487E-013
           8          14   1.1098286117245317E-013
           8          15  -4.4501740676007097E-014
           9           1   1.6276555450977021E-014
           9           2  -1.9467322739698881E-013
           9           3   3.9396221469642820E-013
           9           4  -6.0174087934683484E-014
           9           5  -6.9978745020904398E-014
           9           6 -0.63358236337239426     
           9           7   1.3985201885446941E-012
           9           8  -1.3675865995210756E-013
           9           9  0.41243028788042352     
           9          10  -5.2211317556456641E-014
           9          11   2.0460761483084028E-013
           9          12  -3.0070084586708712E-014
           9          13  -9.6764716539838172E-014
           9          14   2.7133127563198375E-013
           9          15  -7.1047122133918237E-014
          10           1   1.5208770043182079E-002
          10           2   1.1009769356873584E-002
          10           3   8.1151623425295642E-003
          10           4  -1.4646936009748962E-013
          10           5   6.0754271670226008E-014
          10           6   8.2113319241597619E-014
          10           7   9.7631018289691878E-014
          10           8  -4.1574233518596485E-014
          10           9  -5.2211317556456641E-014
          10          10   2.0726680583162870E-004
          10          11   9.9212274799690333E-014
          10          12   2.0726680583230304E-004
          10          13   4.7792884885230326E-013
          10          14  -3.7236455556472304E-014
          10          15   2.0726680583083512E-004
          11           1   1.7445346584882593E-011
          11           2   5.6852107289639741E-013
          11           3   9.5155238319000216E-013
          11           4   1.5047577001703225E-013
          11           5  -6.3266987686349161E-014
          11           6  -3.1432173090340871E-013
          11           7  -9.7952120199477476E-014
          11           8   4.1183578354869407E-014
          11           9   2.0460761483084028E-013
          11          10   9.9212274799690333E-014
          11          11   1.4717826522466111E-022
          11          12   9.9212274800188918E-014
          11          13   7.1704488973272063E-022
          11          14  -5.7573459563600009E-023
          11          15   9.9212274799242335E-014
          12           1   1.5208770043249229E-002
          12           2   1.1009769356901233E-002
          12           3   8.1151623425508683E-003
          12           4  -1.6918634830283998E-013
          12           5   9.7865707156394300E-014
          12           6   4.8099540383158033E-014
          12           7   1.1241840482703689E-013
          12           8  -6.5731893893967187E-014
          12           9  -3.0070084586708712E-014
          12          10   2.0726680583230304E-004
          12          11   9.9212274800188918E-014
          12          12   2.0726680583297739E-004
          12          13   4.7792884885472594E-013
          12          14  -3.7236455556653086E-014
          12          15   2.0726680583150946E-004
          13           1   8.4938859977942486E-011
          13           2   2.3222040599512379E-012
          13           3   4.3240310822065872E-012
          13           4  -4.5054885489901290E-013
          13           5   3.2895027519242520E-013
          13           6   1.4865129773407212E-013
          13           7   2.9328467549404338E-013
          13           8  -2.1413016696717487E-013
          13           9  -9.6764716539838172E-014
          13          10   4.7792884885230326E-013
          13          11   7.1704488973272063E-022
          13          12   4.7792884885472594E-013
          13          13   3.4984480802444810E-021
          13          14  -2.8185778644143440E-022
          13          15   4.7792884885006416E-013
          14           1  -6.8079398153455914E-012
          14           2  -9.2972635487879868E-014
          14           3  -2.8202575747236568E-013
          14           4   1.2966288873495493E-013
          14           5  -1.7049377558400291E-013
          14           6  -4.1682381113593698E-013
          14           7  -8.4404092956155364E-014
          14           8   1.1098286117245317E-013
          14           9   2.7133127563198375E-013
          14          10  -3.7236455556472304E-014
          14          11  -5.7573459563600009E-023
          14          12  -3.7236455556653086E-014
          14          13  -2.8185778644143440E-022
          14          14   2.2922039374678432E-023
          14          15  -3.7236455556282024E-014
          15           1   1.5208770043115518E-002
          15           2   1.1009769356835283E-002
          15           3   8.1151623425008944E-003
          15           4  -4.6721444784639099E-014
          15           5   6.5251391349806391E-014
          15           6   1.1104834344196824E-013
          15           7   3.2700056379808422E-014
          15           8  -4.4501740676007097E-014
          15           9  -7.1047122133918237E-014
          15          10   2.0726680583083512E-004
          15          11   9.9212274799242335E-014
          15          12   2.0726680583150946E-004
          15          13   4.7792884885006416E-013
          15          14  -3.7236455556282024E-014
          15          15   2.0726680583004151E-004
