           1           1   2.2413817767541384     
           1           2 -0.78746347739319800     
           1           3  0.45846850635695280     
           1           4   6.5076281553629750E-004
           1           5   2.5112788796168893E-003
           1           6   2.3287315346025088E-014
           1           7   8.2177336003928789E-014
           1           8   3.5003145031327513E-014
           1           9  -5.5863018874695817E-015
           1          10  -3.3653761191670498E-015
           1          11  -2.4193610132204984E-015
           1          12   4.1057496233619999E-015
           1          13   1.3809779686700395E-015
           1          14  -7.8885056454089661E-015
           1          15  -9.2861233994454007E-002
           1          16  -3.1253798858636247E-015
           1          17  -9.2861233994434009E-002
           1          18   1.2013778423552044E-016
           1          19   7.8142917164015833E-015
           1          20  -9.2861233994439782E-002
           1          21  -6.7622895041818719E-003
           1          22  -2.2003104444599280E-015
           1          23  -6.7622895041910460E-003
           1          24   5.4154294897247962E-015
           1          25  -1.2277860829997354E-014
           1          26  -6.7622895041670843E-003
           2           1 -0.78746347739319800     
           2           2   2.5714524652539161     
           2           3  -1.6718429620679320     
           2           4  -2.8389027095448690E-003
           2           5  -1.0297533404165626E-002
           2           6  -7.2605320498156387E-014
           2           7  -2.6431015297320529E-013
           2           8  -9.6104378813439965E-014
           2           9   1.5117337550529014E-014
           2          10   1.4044493888576611E-014
           2          11   1.2673400719454264E-014
           2          12  -5.5255608604436211E-015
           2          13  -3.7195952302917547E-015
           2          14   2.9815611335507258E-014
           2          15  0.33892892814135284     
           2          16   2.3419038329551011E-015
           2          17  0.33892892814128511     
           2          18  -4.3955539629645735E-015
           2          19  -1.4392089156050481E-014
           2          20  0.33892892814131581     
           2          21   6.3972711654785280E-003
           2          22  -2.0949522114383177E-016
           2          23   6.3972711655139059E-003
           2          24  -1.6166641911656901E-014
           2          25   2.2103126116328339E-014
           2          26   6.3972711654314909E-003
           3           1  0.45846850635695280     
           3           2  -1.6718429620679320     
           3           3   12.282998385273320     
           3           4 -0.17630061323416080     
           3           5  -5.1563335491099163E-003
           3           6   3.5105188405565379E-014
           3           7   2.3369731108006194E-014
           3           8  -1.4793762895062883E-014
           3           9  -2.7868000116850829E-014
           3          10  -1.6455756580898137E-014
           3          11  -9.3143480302411027E-016
           3          12  -6.4985628701043465E-016
           3          13   3.1910230813416013E-015
           3          14  -9.2523740120591401E-016
           3          15  -3.5114891258010856     
           3          16   3.7959168512706414E-014
           3          17  -3.5114891258011709     
           3          18  -1.9703835873652268E-014
           3          19   3.1535288399371802E-014
           3          20  -3.5114891258010101     
           3          21 -0.89461723902179713     
           3          22  -7.5793737103210901E-015
           3          23 -0.89461723902177404     
           3          24   1.3319609323455038E-014
           3          25  -4.9219561965202737E-015
           3          26 -0.89461723902179546     
           4           1   6.5076281553629750E-004
           4           2  -2.8389027095448690E-003
           4           3 -0.17630061323416080     
           4           4   1.0009221953995414E-002
           4           5   1.4539425831806110E-003
           4           6  -4.6578418499553280E-015
           4           7  -6.9413219172291547E-015
           4           8  -1.3007858072219064E-015
           4           9  -2.2877469590762272E-015
           4          10   1.0691142721883337E-014
           4          11  -5.8638468522440363E-016
           4          12  -1.8283106743369090E-016
           4          13  -6.4468810099853705E-016
           4          14   2.1120043278444375E-016
           4          15   8.1807847586263291E-002
           4          16   1.1512013256466225E-014
           4          17   8.1807847586269203E-002
           4          18   5.0949933396674152E-015
           4          19  -8.2806537023962592E-015
           4          20   8.1807847586217550E-002
           4          21   3.6394277824804699E-002
           4          22  -6.1394370178288012E-017
           4          23   3.6394277824804137E-002
           4          24  -4.7464125540789390E-017
           4          25  -3.7739401547950947E-017
           4          26   3.6394277824805546E-002
           5           1   2.5112788796168893E-003
           5           2  -1.0297533404165626E-002
           5           3  -5.1563335491099163E-003
           5           4   1.4539425831806110E-003
           5           5   2.7463725857154107E-004
           5           6   3.2970259821241636E-015
           5           7   6.7131607859863588E-015
           5           8   1.9730188659670725E-015
           5           9   9.3389621957552959E-015
           5          10  -1.2242019467707745E-014
           5          11  -2.1526512787766248E-015
           5          12  -4.8162811144143785E-016
           5          13   3.9448942697205561E-016
           5          14   9.0225843609994702E-017
           5          15   7.3609629835765453E-003
           5          16  -1.1285956321638757E-014
           5          17   7.3609629835754775E-003
           5          18  -1.1484955796820988E-014
           5          19   1.2709119283611496E-014
           5          20   7.3609629835983056E-003
           5          21   4.8124597240087746E-003
           5          22   8.6228263524157445E-017
           5          23   4.8124597240088536E-003
           5          24   9.9014892612593735E-018
           5          25   1.8843195943875986E-016
           5          26   4.8124597240085778E-003
           6           1   2.3287315346025088E-014
           6           2  -7.2605320498156387E-014
           6           3   3.5105188405565379E-014
           6           4  -4.6578418499553280E-015
           6           5   3.2970259821241636E-015
           6           6   2.3104242576521643     
           6           7   3.3306690738754489E-016
           6           8  -1.8884633440352698E-015
           6           9 -0.85899367589853515     
           6          10  -2.1094237467877998E-015
           6          11   2.6532595565065832E-015
           6          12   6.2842300417938840E-002
           6          13  -5.4557053319476007E-016
           6          14  -4.5512096695510136E-015
           6          15  -1.6679439246337909E-014
           6          16  -2.9705073056566951E-015
           6          17  -5.3920617873842658E-015
           6          18   4.0867881238508141E-015
           6          19   1.1830430673768685E-015
           6          20  -8.7348161912392911E-015
           6          21  -2.2270223631078493E-015
           6          22  -2.9115589511132268E-015
           6          23  -4.4424002608902805E-015
           6          24   3.3802058523821494E-015
           6          25   4.0162895005790181E-015
           6          26   2.2441570151563577E-015
           7           1   8.2177336003928789E-014
           7           2  -2.6431015297320529E-013
           7           3   2.3369731108006194E-014
           7           4  -6.9413219172291547E-015
           7           5   6.7131607859863588E-015
           7           6   3.3306690738754489E-016
           7           7   2.3104242576521665     
           7           8   1.8318679906315245E-015
           7           9   1.9151347174784037E-015
           7          10 -0.85899367589853548     
           7          11  -2.6038199374412139E-015
           7          12   3.3072503069496944E-015
           7          13   6.2842300417942420E-002
           7          14   3.9752272654187627E-016
           7          15  -2.7482779068563137E-015
           7          16   3.6636561408833672E-015
           7          17  -1.5994866201056762E-014
           7          18   4.3052611234100294E-015
           7          19  -3.4909637093749050E-015
           7          20  -1.3108571008650821E-015
           7          21  -1.9465119589000697E-015
           7          22   1.6066203398957741E-015
           7          23   1.4187129662310949E-015
           7          24  -2.3411124604025753E-015
           7          25  -2.4757218792261793E-016
           7          26   4.3207674689314578E-015
           8           1   3.5003145031327513E-014
           8           2  -9.6104378813439965E-014
           8           3  -1.4793762895062883E-014
           8           4  -1.3007858072219064E-015
           8           5   1.9730188659670725E-015
           8           6  -1.8884633440352698E-015
           8           7   1.8318679906315245E-015
           8           8   2.3104242576521710     
           8           9   9.0465829272198517E-016
           8          10  -2.4841240175988521E-015
           8          11 -0.85899367589853992     
           8          12   5.7020902756435412E-016
           8          13  -9.4596639549282559E-017
           8          14   6.2842300417941518E-002
           8          15   5.5458161732432767E-015
           8          16  -1.2187345132496892E-015
           8          17   4.6855450777659908E-015
           8          18   5.2845345712977739E-015
           8          19  -5.3229865407414133E-015
           8          20   9.8788917257787567E-016
           8          21   1.8958040579787425E-015
           8          22   1.5395419334295714E-017
           8          23  -3.5786885442931799E-015
           8          24   1.3210102634012508E-015
           8          25   1.7133722583894758E-015
           8          26   2.4808417421466769E-016
           9           1  -5.5863018874695817E-015
           9           2   1.5117337550529014E-014
           9           3  -2.7868000116850829E-014
           9           4  -2.2877469590762272E-015
           9           5   9.3389621957552959E-015
           9           6 -0.85899367589853515     
           9           7   1.9151347174784037E-015
           9           8   9.0465829272198517E-016
           9           9   2.3747240497237847     
           9          10   2.8310687127941523E-015
           9          11  -2.0261570199411568E-015
           9          12 -0.15112475261526837     
           9          13  -3.9655778660827428E-015
           9          14  -6.5355706957430171E-016
           9          15   3.6583209469778385E-014
           9          16  -9.3115301070860102E-016
           9          17  -7.1813418549534727E-015
           9          18   3.3548786735448597E-015
           9          19  -1.6551310470586716E-014
           9          20  -6.7182958406737735E-015
           9          21  -7.6180154962863670E-015
           9          22   2.7777196104200785E-015
           9          23   7.6635135010579105E-016
           9          24  -1.6355753762147997E-015
           9          25  -2.4378383731155960E-015
           9          26  -1.5049623585869760E-015
          10           1  -3.3653761191670498E-015
          10           2   1.4044493888576611E-014
          10           3  -1.6455756580898137E-014
          10           4   1.0691142721883337E-014
          10           5  -1.2242019467707745E-014
          10           6  -2.1094237467877998E-015
          10           7 -0.85899367589853548     
          10           8  -2.4841240175988521E-015
          10           9   2.8310687127941523E-015
          10          10   2.3747240497237900     
          10          11   1.0130785099705678E-015
          10          12  -8.1878948066101934E-015
          10          13 -0.15112475261528052     
          10          14  -5.3993268189803009E-016
          10          15  -1.1771944543267104E-014
          10          16  -5.7476800097439014E-015
          10          17   3.2138577472069657E-014
          10          18  -1.6977001502773475E-014
          10          19   1.2097157652550847E-014
          10          20  -1.7320045270547572E-014
          10          21   1.7723174096677247E-015
          10          22  -3.5106182233373421E-015
          10          23   1.5895543873861299E-015
          10          24   5.0580798007619793E-015
          10          25   2.5607540827567128E-015
          10          26  -9.6857038024690476E-015
          11           1  -2.4193610132204984E-015
          11           2   1.2673400719454264E-014
          11           3  -9.3143480302411027E-016
          11           4  -5.8638468522440363E-016
          11           5  -2.1526512787766248E-015
          11           6   2.6532595565065832E-015
          11           7  -2.6038199374412139E-015
          11           8 -0.85899367589853992     
          11           9  -2.0261570199411568E-015
          11          10   1.0130785099705678E-015
          11          11   2.3747240497237891     
          11          12  -1.8610330290711222E-015
          11          13  -1.6046192153000036E-017
          11          14 -0.15112475261527514     
          11          15  -5.7481038057208632E-015
          11          16   3.7159776582180355E-015
          11          17  -1.1623783365840880E-015
          11          18  -8.4482942544142438E-015
          11          19   1.5095018863975270E-014
          11          20   8.4940913610499381E-015
          11          21   2.3943220825552012E-015
          11          22  -2.8563118973590784E-015
          11          23   1.4195611244063239E-015
          11          24  -4.9397394125915128E-016
          11          25  -1.6751027315984332E-015
          11          26   4.1034404039787377E-015
          12           1   4.1057496233619999E-015
          12           2  -5.5255608604436211E-015
          12           3  -6.4985628701043465E-016
          12           4  -1.8283106743369090E-016
          12           5  -4.8162811144143785E-016
          12           6   6.2842300417938840E-002
          12           7   3.3072503069496944E-015
          12           8   5.7020902756435412E-016
          12           9 -0.15112475261526837     
          12          10  -8.1878948066101934E-015
          12          11  -1.8610330290711222E-015
          12          12   1.0987971838250506E-002
          12          13   3.8434967014594231E-016
          12          14   1.0401903405452591E-016
          12          15  -3.7070088237402164E-015
          12          16  -4.8083482206453652E-015
          12          17  -2.2376313574884777E-015
          12          18  -8.7473150397295718E-015
          12          19   7.4626347407680597E-015
          12          20   3.8178579773976722E-015
          12          21   4.7431882507638244E-016
          12          22  -8.5458405271065686E-016
          12          23   2.0718692383385461E-017
          12          24  -8.7658155144993710E-017
          12          25   5.1727145217972874E-016
          12          26   5.1296802399047674E-016
          13           1   1.3809779686700395E-015
          13           2  -3.7195952302917547E-015
          13           3   3.1910230813416013E-015
          13           4  -6.4468810099853705E-016
          13           5   3.9448942697205561E-016
          13           6  -5.4557053319476007E-016
          13           7   6.2842300417942420E-002
          13           8  -9.4596639549282559E-017
          13           9  -3.9655778660827428E-015
          13          10 -0.15112475261528052     
          13          11  -1.6046192153000036E-017
          13          12   3.8434967014594231E-016
          13          13   1.0987971838251686E-002
          13          14  -6.5065682876211270E-017
          13          15  -1.7924067503208195E-015
          13          16   1.8942614205471286E-015
          13          17  -3.9257249032890294E-015
          13          18   1.1733098902916770E-014
          13          19  -9.8073120464618540E-015
          13          20   6.5540981756046596E-016
          13          21  -9.3617207136985135E-017
          13          22  -2.1995967950843837E-016
          13          23  -2.0441478106044652E-016
          13          24   1.3260499433643019E-016
          13          25   1.3941180969809361E-016
          13          26   9.2499918448087785E-016
          14           1  -7.8885056454089661E-015
          14           2   2.9815611335507258E-014
          14           3  -9.2523740120591401E-016
          14           4   2.1120043278444375E-016
          14           5   9.0225843609994702E-017
          14           6  -4.5512096695510136E-015
          14           7   3.9752272654187627E-016
          14           8   6.2842300417941518E-002
          14           9  -6.5355706957430171E-016
          14          10  -5.3993268189803009E-016
          14          11 -0.15112475261527514     
          14          12   1.0401903405452591E-016
          14          13  -6.5065682876211270E-017
          14          14   1.0987971838251429E-002
          14          15  -1.1911895824216787E-015
          14          16   6.0482074986085418E-015
          14          17   6.1001445035353414E-016
          14          18  -6.1979009867216945E-016
          14          19  -6.7750574375873689E-015
          14          20   2.7814005911846763E-015
          14          21  -2.3446509612575149E-016
          14          22   5.3262118246637387E-016
          14          23  -4.7132217854636841E-016
          14          24  -2.0635057262352790E-017
          14          25  -2.6174916968982789E-016
          14          26   4.5670428866652308E-017
          15           1  -9.2861233994454007E-002
          15           2  0.33892892814135284     
          15           3  -3.5114891258010856     
          15           4   8.1807847586263291E-002
          15           5   7.3609629835765453E-003
          15           6  -1.6679439246337909E-014
          15           7  -2.7482779068563137E-015
          15           8   5.5458161732432767E-015
          15           9   3.6583209469778385E-014
          15          10  -1.1771944543267104E-014
          15          11  -5.7481038057208632E-015
          15          12  -3.7070088237402164E-015
          15          13  -1.7924067503208195E-015
          15          14  -1.1911895824216787E-015
          15          15   2.4766802967788930     
          15          16  -1.1870900143445779E-013
          15          17  0.85144965361359082     
          15          18  -5.7421717525650001E-014
          15          19   5.5368221775805036E-014
          15          20  0.12728999836111765     
          15          21  0.20616492731803088     
          15          22   1.7302157557464903E-014
          15          23  0.43563727070772573     
          15          24   2.0368862936089066E-015
          15          25  -2.3724277310455606E-016
          15          26  0.42116372979671329     
          16           1  -3.1253798858636247E-015
          16           2   2.3419038329551011E-015
          16           3   3.7959168512706414E-014
          16           4   1.1512013256466225E-014
          16           5  -1.1285956321638757E-014
          16           6  -2.9705073056566951E-015
          16           7   3.6636561408833672E-015
          16           8  -1.2187345132496892E-015
          16           9  -9.3115301070860102E-016
          16          10  -5.7476800097439014E-015
          16          11   3.7159776582180355E-015
          16          12  -4.8083482206453652E-015
          16          13   1.8942614205471286E-015
          16          14   6.0482074986085418E-015
          16          15  -1.1870900143445779E-013
          16          16   2.0738944419054723     
          16          17  -4.0142856145290669E-014
          16          18   3.7192471324955153E-015
          16          19  -3.2196467714145206E-015
          16          20   1.0860093654778400E-013
          16          21   6.4982209872658640E-015
          16          22 -0.12654207427314146     
          16          23   8.2674591272973781E-016
          16          24  -2.8262982232351668E-015
          16          25  -1.4242079737767512E-015
          16          26  -8.6772458579724582E-015
          17           1  -9.2861233994434009E-002
          17           2  0.33892892814128511     
          17           3  -3.5114891258011709     
          17           4   8.1807847586269203E-002
          17           5   7.3609629835754775E-003
          17           6  -5.3920617873842658E-015
          17           7  -1.5994866201056762E-014
          17           8   4.6855450777659908E-015
          17           9  -7.1813418549534727E-015
          17          10   3.2138577472069657E-014
          17          11  -1.1623783365840880E-015
          17          12  -2.2376313574884777E-015
          17          13  -3.9257249032890294E-015
          17          14   6.1001445035353414E-016
          17          15  0.85144965361359082     
          17          16  -4.0142856145290669E-014
          17          17   2.5049298914826372     
          17          18   1.6146966756608488E-014
          17          19  -1.3180674765633073E-014
          17          20   9.9040403657495946E-002
          17          21  0.43563727070772928     
          17          22  -1.4588969250787440E-015
          17          23  0.20672954267831364     
          17          24  -6.8585861413128775E-015
          17          25  -1.9135294631655650E-015
          17          26  0.42059911443641151     
          18           1   1.2013778423552044E-016
          18           2  -4.3955539629645735E-015
          18           3  -1.9703835873652268E-014
          18           4   5.0949933396674152E-015
          18           5  -1.1484955796820988E-014
          18           6   4.0867881238508141E-015
          18           7   4.3052611234100294E-015
          18           8   5.2845345712977739E-015
          18           9   3.3548786735448597E-015
          18          10  -1.6977001502773475E-014
          18          11  -8.4482942544142438E-015
          18          12  -8.7473150397295718E-015
          18          13   1.1733098902916770E-014
          18          14  -6.1979009867216945E-016
          18          15  -5.7421717525650001E-014
          18          16   3.7192471324955153E-015
          18          17   1.6146966756608488E-014
          18          18   2.0738944419054790     
          18          19  -9.0899510141199818E-016
          18          20   6.3161946776783580E-014
          18          21   9.9897897386506473E-017
          18          22  -8.9615814768960671E-015
          18          23   4.1274598618264988E-015
          18          24 -0.12654207427314290     
          18          25  -2.3704996299222998E-015
          18          26   1.7560702178066524E-015
          19           1   7.8142917164015833E-015
          19           2  -1.4392089156050481E-014
          19           3   3.1535288399371802E-014
          19           4  -8.2806537023962592E-015
          19           5   1.2709119283611496E-014
          19           6   1.1830430673768685E-015
          19           7  -3.4909637093749050E-015
          19           8  -5.3229865407414133E-015
          19           9  -1.6551310470586716E-014
          19          10   1.2097157652550847E-014
          19          11   1.5095018863975270E-014
          19          12   7.4626347407680597E-015
          19          13  -9.8073120464618540E-015
          19          14  -6.7750574375873689E-015
          19          15   5.5368221775805036E-014
          19          16  -3.2196467714145206E-015
          19          17  -1.3180674765633073E-014
          19          18  -9.0899510141199818E-016
          19          19   2.0738944419054701     
          19          20  -8.2933964790477829E-014
          19          21   8.5487365709333589E-015
          19          22   1.3196041481755565E-014
          19          23  -5.9404994025550017E-015
          19          24   1.6694545051931679E-015
          19          25 -0.12654207427313549     
          19          26  -7.2545475695739693E-016
          20           1  -9.2861233994439782E-002
          20           2  0.33892892814131581     
          20           3  -3.5114891258010101     
          20           4   8.1807847586217550E-002
          20           5   7.3609629835983056E-003
          20           6  -8.7348161912392911E-015
          20           7  -1.3108571008650821E-015
          20           8   9.8788917257787567E-016
          20           9  -6.7182958406737735E-015
          20          10  -1.7320045270547572E-014
          20          11   8.4940913610499381E-015
          20          12   3.8178579773976722E-015
          20          13   6.5540981756046596E-016
          20          14   2.7814005911846763E-015
          20          15  0.12728999836111765     
          20          16   1.0860093654778400E-013
          20          17   9.9040403657495946E-002
          20          18   6.3161946776783580E-014
          20          19  -8.2933964790477829E-014
          20          20   3.2290895467349108     
          20          21  0.42116372979671962     
          20          22  -7.5409577964158907E-015
          20          23  0.42059911443641584     
          20          24  -5.9688164626443301E-015
          20          25   9.5803165296412624E-015
          20          26  0.22120308358936425     
          21           1  -6.7622895041818719E-003
          21           2   6.3972711654785280E-003
          21           3 -0.89461723902179713     
          21           4   3.6394277824804699E-002
          21           5   4.8124597240087746E-003
          21           6  -2.2270223631078493E-015
          21           7  -1.9465119589000697E-015
          21           8   1.8958040579787425E-015
          21           9  -7.6180154962863670E-015
          21          10   1.7723174096677247E-015
          21          11   2.3943220825552012E-015
          21          12   4.7431882507638244E-016
          21          13  -9.3617207136985135E-017
          21          14  -2.3446509612575149E-016
          21          15  0.20616492731803088     
          21          16   6.4982209872658640E-015
          21          17  0.43563727070772928     
          21          18   9.9897897386506473E-017
          21          19   8.5487365709333589E-015
          21          20  0.42116372979671962     
          21          21  0.16130974837989770     
          21          22  -1.7599561890109234E-015
          21          23  0.12926313533694275     
          21          24  -1.0547568948364310E-015
          21          25   5.1619977456614191E-016
          21          26  0.12897385743395026     
          22           1  -2.2003104444599280E-015
          22           2  -2.0949522114383177E-016
          22           3  -7.5793737103210901E-015
          22           4  -6.1394370178288012E-017
          22           5   8.6228263524157445E-017
          22           6  -2.9115589511132268E-015
          22           7   1.6066203398957741E-015
          22           8   1.5395419334295714E-017
          22           9   2.7777196104200785E-015
          22          10  -3.5106182233373421E-015
          22          11  -2.8563118973590784E-015
          22          12  -8.5458405271065686E-016
          22          13  -2.1995967950843837E-016
          22          14   5.3262118246637387E-016
          22          15   1.7302157557464903E-014
          22          16 -0.12654207427314146     
          22          17  -1.4588969250787440E-015
          22          18  -8.9615814768960671E-015
          22          19   1.3196041481755565E-014
          22          20  -7.5409577964158907E-015
          22          21  -1.7599561890109234E-015
          22          22   2.0517255320046709E-002
          22          23   2.8054251256010668E-016
          22          24   1.0020060952839678E-016
          22          25   2.5017965130102226E-017
          22          26   1.7674030556165681E-015
          23           1  -6.7622895041910460E-003
          23           2   6.3972711655139059E-003
          23           3 -0.89461723902177404     
          23           4   3.6394277824804137E-002
          23           5   4.8124597240088536E-003
          23           6  -4.4424002608902805E-015
          23           7   1.4187129662310949E-015
          23           8  -3.5786885442931799E-015
          23           9   7.6635135010579105E-016
          23          10   1.5895543873861299E-015
          23          11   1.4195611244063239E-015
          23          12   2.0718692383385461E-017
          23          13  -2.0441478106044652E-016
          23          14  -4.7132217854636841E-016
          23          15  0.43563727070772573     
          23          16   8.2674591272973781E-016
          23          17  0.20672954267831364     
          23          18   4.1274598618264988E-015
          23          19  -5.9404994025550017E-015
          23          20  0.42059911443641584     
          23          21  0.12926313533694275     
          23          22   2.8054251256010668E-016
          23          23  0.16132103316144789     
          23          24   2.8475317561823410E-016
          23          25   4.6777437734168016E-016
          23          26  0.12896257265240160     
          24           1   5.4154294897247962E-015
          24           2  -1.6166641911656901E-014
          24           3   1.3319609323455038E-014
          24           4  -4.7464125540789390E-017
          24           5   9.9014892612593735E-018
          24           6   3.3802058523821494E-015
          24           7  -2.3411124604025753E-015
          24           8   1.3210102634012508E-015
          24           9  -1.6355753762147997E-015
          24          10   5.0580798007619793E-015
          24          11  -4.9397394125915128E-016
          24          12  -8.7658155144993710E-017
          24          13   1.3260499433643019E-016
          24          14  -2.0635057262352790E-017
          24          15   2.0368862936089066E-015
          24          16  -2.8262982232351668E-015
          24          17  -6.8585861413128775E-015
          24          18 -0.12654207427314290     
          24          19   1.6694545051931679E-015
          24          20  -5.9688164626443301E-015
          24          21  -1.0547568948364310E-015
          24          22   1.0020060952839678E-016
          24          23   2.8475317561823410E-016
          24          24   2.0517255320045991E-002
          24          25  -1.2060393916185623E-016
          24          26   3.2258837155316248E-016
          25           1  -1.2277860829997354E-014
          25           2   2.2103126116328339E-014
          25           3  -4.9219561965202737E-015
          25           4  -3.7739401547950947E-017
          25           5   1.8843195943875986E-016
          25           6   4.0162895005790181E-015
          25           7  -2.4757218792261793E-016
          25           8   1.7133722583894758E-015
          25           9  -2.4378383731155960E-015
          25          10   2.5607540827567128E-015
          25          11  -1.6751027315984332E-015
          25          12   5.1727145217972874E-016
          25          13   1.3941180969809361E-016
          25          14  -2.6174916968982789E-016
          25          15  -2.3724277310455606E-016
          25          16  -1.4242079737767512E-015
          25          17  -1.9135294631655650E-015
          25          18  -2.3704996299222998E-015
          25          19 -0.12654207427313549     
          25          20   9.5803165296412624E-015
          25          21   5.1619977456614191E-016
          25          22   2.5017965130102226E-017
          25          23   4.6777437734168016E-016
          25          24  -1.2060393916185623E-016
          25          25   2.0517255320045214E-002
          25          26  -5.5431563149957104E-016
          26           1  -6.7622895041670843E-003
          26           2   6.3972711654314909E-003
          26           3 -0.89461723902179546     
          26           4   3.6394277824805546E-002
          26           5   4.8124597240085778E-003
          26           6   2.2441570151563577E-015
          26           7   4.3207674689314578E-015
          26           8   2.4808417421466769E-016
          26           9  -1.5049623585869760E-015
          26          10  -9.6857038024690476E-015
          26          11   4.1034404039787377E-015
          26          12   5.1296802399047674E-016
          26          13   9.2499918448087785E-016
          26          14   4.5670428866652308E-017
          26          15  0.42116372979671329     
          26          16  -8.6772458579724582E-015
          26          17  0.42059911443641151     
          26          18   1.7560702178066524E-015
          26          19  -7.2545475695739693E-016
          26          20  0.22120308358936425     
          26          21  0.12897385743395026     
          26          22   1.7674030556165681E-015
          26          23  0.12896257265240160     
          26          24   3.2258837155316248E-016
          26          25  -5.5431563149957104E-016
          26          26  0.16161031106443910     
