           1           1   2.1774044482624264     
           1           2  0.65910699405411788     
           1           3  -4.6714942952601889E-002
           1           4  -6.6141562393993547E-002
           1           5   1.9791528032824810E-013
           1           6   9.3104046885578477E-014
           1           7  -7.6091668129210516E-014
           1           8   3.0946623605792772E-015
           1           9   2.1689457443048831E-014
           1          10   4.6609447176908687E-015
           1          11   1.5671501571602496E-014
           1          12  -2.2850337927416726E-014
           1          13  -5.6262127274407999E-014
           1          14  -2.0852766377879587E-002
           1          15  -9.5948229669453754E-005
           1          16  -2.1667155599231727E-002
           1          17   4.6168429551115376E-005
           1          18   4.5715316122555208E-004
           1          19  -2.1034877077146588E-002
           2           1  0.65910699405411788     
           2           2   2.6374634128036263     
           2           3 -0.67218326918676186     
           2           4 -0.41303829149637239     
           2           5   6.3055005502451527E-013
           2           6   2.5130628806576346E-013
           2           7  -2.5393770228805843E-013
           2           8  -2.1821784379720067E-014
           2           9   3.9215885863052830E-014
           2          10   1.5571043987754839E-014
           2          11   1.9430874905219983E-014
           2          12  -3.5801482345386826E-014
           2          13  -1.5016263074077697E-013
           2          14  -1.6040742693227073E-002
           2          15  -5.9749922497582229E-004
           2          16  -2.1112195604954160E-002
           2          17   2.8750505310807975E-004
           2          18   2.8468337616663862E-003
           2          19  -1.7174802196831877E-002
           3           1  -4.6714942952601889E-002
           3           2 -0.67218326918676186     
           3           3   1.0227122858803570     
           3           4  0.55718523947127152     
           3           5  -7.5297480211381696E-014
           3           6   3.6458425149921314E-013
           3           7   3.6841591088244137E-013
           3           8   5.1906110848735684E-014
           3           9   1.3675528330047299E-013
           3          10  -5.9023654796705940E-014
           3          11   2.2707366484873235E-014
           3          12   1.1392206768003755E-013
           3          13  -5.1987143741236077E-014
           3          14   2.5667874658343571E-002
           3          15   7.3111517653712396E-004
           3          16   3.1873432820088324E-002
           3          17  -3.5179846072735596E-004
           3          18  -3.4834578554557398E-003
           3          19   2.7055538574286421E-002
           4           1  -6.6141562393993547E-002
           4           2 -0.41303829149637239     
           4           3  0.55718523947127152     
           4           4  0.30554748415987887     
           4           5   4.5777317945067890E-014
           4           6  -1.8176825114083579E-013
           4           7  -1.0275811172296635E-013
           4           8   8.8223317445670223E-015
           4           9  -1.4007029799667291E-013
           4          10   8.0429981634328836E-014
           4          11  -1.3012494929388120E-014
           4          12  -2.6774010209495252E-013
           4          13   1.1947676988005980E-013
           4          14   1.3332469319502053E-002
           4          15   5.9474235480803440E-004
           4          16   1.8380522475186453E-002
           4          17  -2.8617850055167216E-004
           4          18  -2.8336984299741769E-003
           4          19   1.4461296256178653E-002
           5           1   1.9791528032824810E-013
           5           2   6.3055005502451527E-013
           5           3  -7.5297480211381696E-014
           5           4   4.5777317945067890E-014
           5           5   2.0125487220129248     
           5           6   5.4183466611363931E-003
           5           7  -2.6072034598827250E-003
           5           8   5.0562063991823746E-002
           5           9   9.3515256348271313E-003
           5          10  -4.4997729895030741E-003
           5          11  0.18726819254692714     
           5          12   1.4080436781959025E-002
           5          13  -6.7752334316751785E-003
           5          14  -8.1209325714696703E-015
           5          15   3.5472370318941085E-014
           5          16   1.8019448594587209E-015
           5          17   6.2014916187040224E-015
           5          18  -2.9367143805420410E-014
           5          19   9.5870140636249259E-015
           6           1   9.3104046885578477E-014
           6           2   2.5130628806576346E-013
           6           3   3.6458425149921314E-013
           6           4  -1.8176825114083579E-013
           6           5   5.4183466611363931E-003
           6           6   2.0656532075512928     
           6           7  -2.5816154316732818E-002
           6           8   9.3515256347516812E-003
           6           9  0.14221510693512540     
           6          10  -4.4556106185430856E-002
           6          11   1.4080436782105670E-002
           6          12  0.32526865654683512     
           6          13  -6.7087388816921584E-002
           6          14  -8.6518478589660176E-014
           6          15  -2.1659128114488994E-014
           6          16  -4.5059156251598666E-014
           6          17  -6.5391945918138392E-014
           6          18   1.3185545452627143E-014
           6          19  -3.5716381676700491E-014
           7           1  -7.6091668129210516E-014
           7           2  -2.5393770228805843E-013
           7           3   3.6841591088244137E-013
           7           4  -1.0275811172296635E-013
           7           5  -2.6072034598827250E-003
           7           6  -2.5816154316732818E-002
           7           7   2.0244237502773910     
           7           8  -4.4997729896347665E-003
           7           9  -4.4556106185528035E-002
           7          10   7.1057177752327158E-002
           7          11  -6.7752334315775422E-003
           7          12  -6.7087388816872776E-002
           7          13  0.21812734482764673     
           7          14  -8.6767813484463465E-014
           7          15  -9.7179028411532042E-014
           7          16  -5.8968778444844097E-014
           7          17  -3.5786086767941680E-014
           7          18   3.0996750829190067E-014
           7          19  -4.5946536223140573E-014
           8           1   3.0946623605792772E-015
           8           2  -2.1821784379720067E-014
           8           3   5.1906110848735684E-014
           8           4   8.8223317445670223E-015
           8           5   5.0562063991823746E-002
           8           6   9.3515256347516812E-003
           8           7  -4.4997729896347665E-003
           8           8  0.24792290911110959     
           8           9   1.5512134317048350E-002
           8          10  -7.4641385523242978E-003
           8          11  0.32194471550764137     
           8          12   2.4930971303679481E-002
           8          13  -1.1996300460875270E-002
           8          14  -1.8485991982554213E-014
           8          15   3.5416703410177976E-015
           8          16   9.0883148492798436E-015
           8          17   1.1534168673782790E-014
           8          18  -1.0818068708005726E-015
           8          19   4.4448319708369504E-015
           9           1   2.1689457443048831E-014
           9           2   3.9215885863052830E-014
           9           3   1.3675528330047299E-013
           9           4  -1.4007029799667291E-013
           9           5   9.3515256348271313E-003
           9           6  0.14221510693512540     
           9           7  -4.4556106185528035E-002
           9           8   1.5512134317048350E-002
           9           9  0.39995524779173369     
           9          10  -7.3908828433461943E-002
           9          11   2.4930971303901692E-002
           9          12  0.56628980660122763     
           9          13 -0.11878564503528830     
           9          14  -2.0472513733873980E-014
           9          15   2.7198245935252052E-014
           9          16   4.1913062994143641E-014
           9          17  -2.0341637801604682E-014
           9          18   1.7900302654229813E-015
           9          19  -2.2719278904068734E-015
          10           1   4.6609447176908687E-015
          10           2   1.5571043987754839E-014
          10           3  -5.9023654796705940E-014
          10           4   8.0429981634328836E-014
          10           5  -4.4997729895030741E-003
          10           6  -4.4556106185430856E-002
          10           7   7.1057177752327158E-002
          10           8  -7.4641385523242978E-003
          10           9  -7.3908828433461943E-002
          10          10  0.28191981719892745     
          10          11  -1.1996300460922220E-002
          10          12 -0.11878564503465279     
          10          13  0.37658425914566973     
          10          14   4.1577364679482424E-015
          10          15  -1.3440985508913798E-014
          10          16  -2.5316267296309809E-014
          10          17   3.1638963023379114E-015
          10          18  -3.2427676739908419E-016
          10          19   2.3847064106311704E-014
          11           1   1.5671501571602496E-014
          11           2   1.9430874905219983E-014
          11           3   2.2707366484873235E-014
          11           4  -1.3012494929388120E-014
          11           5  0.18726819254692714     
          11           6   1.4080436782105670E-002
          11           7  -6.7752334315775422E-003
          11           8  0.32194471550764137     
          11           9   2.4930971303901692E-002
          11          10  -1.1996300460922220E-002
          11          11  0.42551888368879193     
          11          12   3.9267344270402307E-002
          11          13  -1.8894685426943003E-002
          11          14  -2.2330702530646509E-014
          11          15   6.3481542642365795E-015
          11          16   8.2381746325706960E-015
          11          17   1.5252596780991394E-014
          11          18   5.0667568568653082E-016
          11          19   6.9620432131895177E-015
          12           1  -2.2850337927416726E-014
          12           2  -3.5801482345386826E-014
          12           3   1.1392206768003755E-013
          12           4  -2.6774010209495252E-013
          12           5   1.4080436781959025E-002
          12           6  0.32526865654683512     
          12           7  -6.7087388816872776E-002
          12           8   2.4930971303679481E-002
          12           9  0.56628980660122763     
          12          10 -0.11878564503465279     
          12          11   3.9267344270402307E-002
          12          12  0.81037283484459555     
          12          13 -0.18709246266468971     
          12          14  -3.4123994831951351E-014
          12          15   3.7790621545846426E-014
          12          16   5.2526982133932185E-014
          12          17  -3.2389276161058878E-014
          12          18   6.1660121518578201E-015
          12          19  -7.2315257416048343E-015
          13           1  -5.6262127274407999E-014
          13           2  -1.5016263074077697E-013
          13           3  -5.1987143741236077E-014
          13           4   1.1947676988005980E-013
          13           5  -6.7752334316751785E-003
          13           6  -6.7087388816921584E-002
          13           7  0.21812734482764673     
          13           8  -1.1996300460875270E-002
          13           9 -0.11878564503528830     
          13          10  0.37658425914566973     
          13          11  -1.8894685426943003E-002
          13          12 -0.18709246266468971     
          13          13  0.51157849783803877     
          13          14  -1.1073195796710522E-016
          13          15  -2.4799423734759820E-014
          13          16  -3.7016301833086278E-014
          13          17   3.0480040169744044E-015
          13          18  -9.0471939639871581E-016
          13          19   2.7663859661681670E-014
          14           1  -2.0852766377879587E-002
          14           2  -1.6040742693227073E-002
          14           3   2.5667874658343571E-002
          14           4   1.3332469319502053E-002
          14           5  -8.1209325714696703E-015
          14           6  -8.6518478589660176E-014
          14           7  -8.6767813484463465E-014
          14           8  -1.8485991982554213E-014
          14           9  -2.0472513733873980E-014
          14          10   4.1577364679482424E-015
          14          11  -2.2330702530646509E-014
          14          12  -3.4123994831951351E-014
          14          13  -1.1073195796710522E-016
          14          14   2.1809770240376627E-003
          14          15  -2.6684239179599516E-004
          14          16  -8.3927378987595184E-005
          14          17   1.2839939000577257E-004
          14          18   1.2713923275046283E-003
          14          19   1.6745074960024134E-003
          15           1  -9.5948229669453754E-005
          15           2  -5.9749922497582229E-004
          15           3   7.3111517653712396E-004
          15           4   5.9474235480803440E-004
          15           5   3.5472370318941085E-014
          15           6  -2.1659128114488994E-014
          15           7  -9.7179028411532042E-014
          15           8   3.5416703410177976E-015
          15           9   2.7198245935252052E-014
          15          10  -1.3440985508913798E-014
          15          11   6.3481542642365795E-015
          15          12   3.7790621545846426E-014
          15          13  -2.4799423734759820E-014
          15          14  -2.6684239179599516E-004
          15          15   6.1459453750098105E-005
          15          16   2.5481305608222177E-004
          15          17  -2.9573098631317960E-005
          15          18  -2.9282857728854517E-004
          15          19  -1.5019173398927849E-004
          16           1  -2.1667155599231727E-002
          16           2  -2.1112195604954160E-002
          16           3   3.1873432820088324E-002
          16           4   1.8380522475186453E-002
          16           5   1.8019448594587209E-015
          16           6  -4.5059156251598666E-014
          16           7  -5.8968778444844097E-014
          16           8   9.0883148492798436E-015
          16           9   4.1913062994143641E-014
          16          10  -2.5316267296309809E-014
          16          11   8.2381746325706960E-015
          16          12   5.2526982133932185E-014
          16          13  -3.7016301833086278E-014
          16          14  -8.3927378987595184E-005
          16          15   2.5481305608222177E-004
          16          16   2.0788744486268658E-003
          16          17  -1.2261110667704617E-004
          16          18  -1.2140775768996756E-003
          16          19   3.9971034955774718E-004
          17           1   4.6168429551115376E-005
          17           2   2.8750505310807975E-004
          17           3  -3.5179846072735596E-004
          17           4  -2.8617850055167216E-004
          17           5   6.2014916187040224E-015
          17           6  -6.5391945918138392E-014
          17           7  -3.5786086767941680E-014
          17           8   1.1534168673782790E-014
          17           9  -2.0341637801604682E-014
          17          10   3.1638963023379114E-015
          17          11   1.5252596780991394E-014
          17          12  -3.2389276161058878E-014
          17          13   3.0480040169744044E-015
          17          14   1.2839939000577257E-004
          17          15  -2.9573098631317960E-005
          17          16  -1.2261110667704617E-004
          17          17   1.4230002209485373E-005
          17          18   1.4090343909392192E-004
          17          19   7.2269353075194646E-005
          18           1   4.5715316122555208E-004
          18           2   2.8468337616663862E-003
          18           3  -3.4834578554557398E-003
          18           4  -2.8336984299741769E-003
          18           5  -2.9367143805420410E-014
          18           6   1.3185545452627143E-014
          18           7   3.0996750829190067E-014
          18           8  -1.0818068708005726E-015
          18           9   1.7900302654229813E-015
          18          10  -3.2427676739908419E-016
          18          11   5.0667568568653082E-016
          18          12   6.1660121518578201E-015
          18          13  -9.0471939639871581E-016
          18          14   1.2713923275046283E-003
          18          15  -2.9282857728854517E-004
          18          16  -1.2140775768996756E-003
          18          17   1.4090343909392192E-004
          18          18   1.3952056265501154E-003
          18          19   7.1560075955143547E-004
          19           1  -2.1034877077146588E-002
          19           2  -1.7174802196831877E-002
          19           3   2.7055538574286421E-002
          19           4   1.4461296256178653E-002
          19           5   9.5870140636249259E-015
          19           6  -3.5716381676700491E-014
          19           7  -4.5946536223140573E-014
          19           8   4.4448319708369504E-015
          19           9  -2.2719278904068734E-015
          19          10   2.3847064106311704E-014
          19          11   6.9620432131895177E-015
          19          12  -7.2315257416048343E-015
          19          13   2.7663859661681670E-014
          19          14   1.6745074960024134E-003
          19          15  -1.5019173398927849E-004
          19          16   3.9971034955774718E-004
          19          17   7.2269353075194646E-005
          19          18   7.1560075955143547E-004
          19          19   1.3894420829804379E-003
