           1           1   2.2201413971391641     
           1           2 -0.75170866120282231     
           1           3  0.23683258526033268     
           1           4  -3.5327145791795495E-002
           1           5  -1.9929647546846126E-002
           1           6  -1.9630086054869448E-012
           1           7   4.0930632734373207E-012
           1           8   1.9081734446415243E-012
           1           9   1.1046245789172491E-012
           1          10  -8.7998119536521197E-012
           1          11   3.7656850359653871E-013
           1          12   7.5831065653273151E-011
           1          13  -4.4536474341714414E-011
           1          14  -9.6753694937851564E-011
           1          15   8.3568110612799573E-003
           1          16  -3.1586327444144911E-004
           1          17   8.1028225014834337E-003
           1          18  -9.5742282829938772E-004
           1          19   8.7640872267331113E-004
           1          20   8.4316263913536121E-003
           1          21  -3.8611410521864837E-003
           1          22   4.4086000370240411E-004
           1          23  -3.5832901392300132E-003
           1          24   1.0696727506507109E-003
           1          25  -9.5015034104029103E-004
           1          26  -4.0228438704524817E-003
           2           1 -0.75170866120282231     
           2           2   2.5755100278022849     
           2           3 -0.98669992796261208     
           2           4  0.12575626818255242     
           2           5   5.6626923296713289E-002
           2           6  -1.4163792720266172E-011
           2           7   2.1029734927259016E-012
           2           8   1.9189990644288466E-011
           2           9   7.4236395623774948E-011
           2          10  -3.0147109561168787E-011
           2          11  -9.7396812557623999E-011
           2          12  -5.1315084026926761E-010
           2          13   3.4890357885153058E-010
           2          14   6.4435349009686553E-010
           2          15  -6.0995203000931914E-003
           2          16   1.3380464853281616E-003
           2          17  -5.0362205378127016E-003
           2          18   4.0120190293578672E-003
           2          19  -3.6678207222464233E-003
           2          20  -6.4258744796708653E-003
           2          21   3.2821525980908910E-003
           2          22  -1.4208633423451341E-003
           2          23   2.3994564758276875E-003
           2          24  -3.4028815197518583E-003
           2          25   3.0165680094429419E-003
           2          26   3.8128834103083298E-003
           3           1  0.23683258526033268     
           3           2 -0.98669992796261208     
           3           3   2.7072514915118173     
           3           4 -0.57155599133571933     
           3           5 -0.26503409447602216     
           3           6   1.1005960991492411E-010
           3           7   1.1105439537175004E-011
           3           8  -1.5551881808674449E-010
           3           9  -8.6039050052192731E-010
           3          10   3.7313729582136663E-010
           3          11   1.1219467418923665E-009
           3          12   7.6813680405720304E-009
           3          13  -5.6539851569493329E-009
           3          14  -9.5456381549728522E-009
           3          15   1.2577117746822696E-003
           3          16  -2.3666318799122070E-003
           3          17  -1.5361662044919870E-003
           3          18  -1.0276038363192564E-002
           3          19   9.7450310854732165E-003
           3          20   1.1521676862221207E-003
           3          21  -2.9766849774335205E-002
           3          22   6.2384257239644679E-003
           3          23  -2.6061971717759390E-002
           3          24   1.4346701496387946E-002
           3          25  -1.2636135677844593E-002
           3          26  -3.2224629480745649E-002
           4           1  -3.5327145791795495E-002
           4           2  0.12575626818255242     
           4           3 -0.57155599133571933     
           4           4  0.86462284427187086     
           4           5  0.43934594869745625     
           4           6  -1.0450974938765640E-010
           4           7   4.1016730054610506E-011
           4           8   1.3633397163708782E-010
           4           9   3.1793463055910141E-010
           4          10  -1.1142561472557860E-010
           4          11  -4.1858661203244966E-010
           4          12  -5.1847174548822184E-010
           4          13   1.2265837954196144E-010
           4          14   6.9530581923598801E-010
           4          15  -1.3658588649583782E-002
           4          16  -2.0057830486131445E-003
           4          17  -1.4873055623077034E-002
           4          18  -4.6985258443515421E-003
           4          19   4.1519265174844782E-003
           4          20  -1.2886250360660070E-002
           4          21   7.9169595661908704E-002
           4          22  -8.1892645998754218E-003
           4          23   7.3711374230357493E-002
           4          24  -2.0905596668238789E-002
           4          25   1.8711180409211953E-002
           4          26   8.1951124566741390E-002
           5           1  -1.9929647546846126E-002
           5           2   5.6626923296713289E-002
           5           3 -0.26503409447602216     
           5           4  0.43934594869745625     
           5           5  0.22566402267457411     
           5           6   1.6309608833757664E-009
           5           7  -1.2579243175141369E-009
           5           8  -2.0134430677811300E-009
           5           9  -5.7658738987595844E-009
           5          10   4.4422470401707132E-009
           5          11   7.1195412098987508E-009
           5          12   1.5257167091310098E-008
           5          13  -1.1720077701002174E-008
           5          14  -1.8844445283708874E-008
           5          15  -7.4414993757868225E-003
           5          16  -1.0342337782070668E-003
           5          17  -8.3953608390369382E-003
           5          18  -3.5621933734836394E-003
           5          19   3.3078267067986958E-003
           5          20  -7.2880525406296146E-003
           5          21   4.0096923070335813E-002
           5          22  -4.5114372698690629E-003
           5          23   3.7016101185049319E-002
           5          24  -1.1771909746475429E-002
           5          25   1.0568621543302891E-002
           5          26   4.1574278354414976E-002
           6           1  -1.9630086054869448E-012
           6           2  -1.4163792720266172E-011
           6           3   1.1005960991492411E-010
           6           4  -1.0450974938765640E-010
           6           5   1.6309608833757664E-009
           6           6   2.2460265954418595     
           6           7  -8.3401490961057572E-005
           6           8  -2.1890319170767545E-004
           6           9 -0.74242796606077799     
           6          10   2.7180082980000203E-004
           6          11   7.1299856342682219E-004
           6          12  -7.9383791683397664E-003
           6          13  -3.9664374752411695E-004
           6          14  -1.0366870243206324E-003
           6          15  -1.7035260025963239E-010
           6          16  -1.3340662349829657E-009
           6          17  -5.9864503861744466E-010
           6          18  -8.4253110588244149E-010
           6          19   2.3207699040799766E-010
           6          20   3.9250551257060042E-010
           6          21  -2.0633458615050556E-010
           6          22  -7.1474175836245860E-010
           6          23  -6.5454003082337147E-010
           6          24  -8.5559340038740558E-010
           6          25   4.5671730572633477E-010
           6          26  -6.3235654335946705E-011
           7           1   4.0930632734373207E-012
           7           2   2.1029734927259016E-012
           7           3   1.1105439537175004E-011
           7           4   4.1016730054610506E-011
           7           5  -1.2579243175141369E-009
           7           6  -8.3401490961057572E-005
           7           7   2.2459604050898681     
           7           8   1.9668920549163006E-004
           7           9   2.7180112597662649E-004
           7          10 -0.74221238763493358     
           7          11  -6.4059588549499871E-004
           7          12  -3.9665131301843976E-004
           7          13  -8.2517163638242477E-003
           7          14   9.3093827305804793E-004
           7          15   3.0330293665808894E-010
           7          16   9.9102473999133878E-010
           7          17   1.4482029526125625E-010
           7          18   5.0270124057614275E-010
           7          19  -4.9555672819623218E-010
           7          20  -2.5909407511536423E-010
           7          21   3.9860712867212589E-010
           7          22   5.6602152483694238E-010
           7          23   2.5021547117067819E-010
           7          24   5.0922894512047541E-010
           7          25  -5.7672421362237164E-010
           7          26   5.2295499123303248E-011
           8           1   1.9081734446415243E-012
           8           2   1.9189990644288466E-011
           8           3  -1.5551881808674449E-010
           8           4   1.3633397163708782E-010
           8           5  -2.0134430677811300E-009
           8           6  -2.1890319170767545E-004
           8           7   1.9668920549163006E-004
           8           8   2.2460578131432287     
           8           9   7.1299871724766735E-004
           8          10  -6.4059564562490335E-004
           8          11 -0.74252980174989891     
           8          12  -1.0366909787896165E-003
           8          13   9.3093216485464327E-004
           8          14  -7.7888225520783881E-003
           8          15   5.3907882985616583E-010
           8          16   1.1616827989307344E-009
           8          17   7.1230252725570518E-010
           8          18   1.0678197715982703E-009
           8          19  -6.4857195439266527E-010
           8          20  -7.6565782368585883E-010
           8          21   5.3963746723329045E-010
           8          22   6.9659327496270034E-010
           8          23   7.3670181756555285E-010
           8          24   9.8653195641181101E-010
           8          25  -7.7949139711257717E-010
           8          26  -1.3260395542360692E-010
           9           1   1.1046245789172491E-012
           9           2   7.4236395623774948E-011
           9           3  -8.6039050052192731E-010
           9           4   3.1793463055910141E-010
           9           5  -5.7658738987595844E-009
           9           6 -0.74242796606077799     
           9           7   2.7180112597662649E-004
           9           8   7.1299871724766735E-004
           9           9   2.2423783397792256     
           9          10  -8.7934061365582271E-004
           9          11  -2.3055589051738101E-003
           9          12   7.1113755532127860E-003
           9          13   1.1820929118935841E-003
           9          14   3.0882923250294728E-003
           9          15   9.4483668732321992E-010
           9          16   4.4408533529340637E-009
           9          17   2.2047147993728459E-009
           9          18   2.6795664793094784E-009
           9          19  -7.3009615236666341E-010
           9          20  -1.1599189588193033E-009
           9          21   8.8360491242670585E-010
           9          22   2.4999205900330199E-009
           9          23   2.2836418672572904E-009
           9          24   2.9274126468134103E-009
           9          25  -1.6399098012357718E-009
           9          26   1.7572556053182196E-010
          10           1  -8.7998119536521197E-012
          10           2  -3.0147109561168787E-011
          10           3   3.7313729582136663E-010
          10           4  -1.1142561472557860E-010
          10           5   4.4422470401707132E-009
          10           6   2.7180082980000203E-004
          10           7 -0.74221238763493358     
          10           8  -6.4059564562490335E-004
          10           9  -8.7934061365582271E-004
          10          10   2.2416812772749592     
          10          11   2.0712899975554541E-003
          10          12   1.1821161853756137E-003
          10          13   8.0447703010969648E-003
          10          14  -2.7731046078027749E-003
          10          15  -1.1851817109210482E-009
          10          16  -3.2563939018672963E-009
          10          17  -7.8725476165116402E-010
          10          18  -1.6671236165197349E-009
          10          19   1.5171822814340857E-009
          10          20   7.3411275928413779E-010
          10          21  -1.3665124041517605E-009
          10          22  -1.9376343426380448E-009
          10          23  -1.0110911021774810E-009
          10          24  -1.8288876009268784E-009
          10          25   1.9292430021684581E-009
          10          26  -1.5847959874518224E-010
          11           1   3.7656850359653871E-013
          11           2  -9.7396812557623999E-011
          11           3   1.1219467418923665E-009
          11           4  -4.1858661203244966E-010
          11           5   7.1195412098987508E-009
          11           6   7.1299856342682219E-004
          11           7  -6.4059588549499871E-004
          11           8 -0.74252980174989891     
          11           9  -2.3055589051738101E-003
          11          10   2.0712899975554541E-003
          11          11   2.2427080900475991     
          11          12   3.0883044956806650E-003
          11          13  -2.7730858219690117E-003
          11          14   6.6653432261820468E-003
          11          15  -2.0525804375912822E-009
          11          16  -3.9360812214492448E-009
          11          17  -2.6231483791380652E-009
          11          18  -3.4580699349781617E-009
          11          19   2.0523224777784754E-009
          11          20   2.1583744467036555E-009
          11          21  -1.8826485470419532E-009
          11          22  -2.4913852364268568E-009
          11          23  -2.5915308603802435E-009
          11          24  -3.4401536291709601E-009
          11          25   2.7048851992160940E-009
          11          26   3.3778591665299599E-010
          12           1   7.5831065653273151E-011
          12           2  -5.1315084026926761E-010
          12           3   7.6813680405720304E-009
          12           4  -5.1847174548822184E-010
          12           5   1.5257167091310098E-008
          12           6  -7.9383791683397664E-003
          12           7  -3.9665131301843976E-004
          12           8  -1.0366909787896165E-003
          12           9   7.1113755532127860E-003
          12          10   1.1821161853756137E-003
          12          11   3.0883044956806650E-003
          12          12   4.5088429293286547E-005
          12          13   4.1826571214665165E-006
          12          14   1.8272502313268993E-005
          12          15  -6.3672103878445132E-009
          12          16  -8.7076970144574399E-009
          12          17  -6.8229649336674236E-009
          12          18  -3.5851367980493126E-009
          12          19   7.8790309217578450E-010
          12          20   6.0043334800973024E-010
          12          21  -4.2071776975046373E-009
          12          22  -6.3322553630653132E-009
          12          23  -5.7219475365145280E-009
          12          24  -6.7378002268467991E-009
          12          25   4.8070039913030438E-009
          12          26  -2.4512066326142521E-011
          13           1  -4.4536474341714414E-011
          13           2   3.4890357885153058E-010
          13           3  -5.6539851569493329E-009
          13           4   1.2265837954196144E-010
          13           5  -1.1720077701002174E-008
          13           6  -3.9664374752411695E-004
          13           7  -8.2517163638242477E-003
          13           8   9.3093216485464327E-004
          13           9   1.1820929118935841E-003
          13          10   8.0447703010969648E-003
          13          11  -2.7730858219690117E-003
          13          12   4.1826571214665165E-006
          13          13   5.0824624364757961E-005
          13          14  -1.7338593797419630E-005
          13          15   4.5087429845716770E-009
          13          16   5.7746798943897403E-009
          13          17   5.0247784751329383E-009
          13          18   3.0897109033875399E-009
          13          19  -1.2421738119809494E-009
          13          20   4.1865634498068537E-011
          13          21   3.0260819306399012E-009
          13          22   4.4570685303381991E-009
          13          23   4.2577796249914970E-009
          13          24   5.2776169060334418E-009
          13          25  -3.9205129315144864E-009
          13          26   2.0035658517897945E-010
          14           1  -9.6753694937851564E-011
          14           2   6.4435349009686553E-010
          14           3  -9.5456381549728522E-009
          14           4   6.9530581923598801E-010
          14           5  -1.8844445283708874E-008
          14           6  -1.0366870243206324E-003
          14           7   9.3093827305804793E-004
          14           8  -7.7888225520783881E-003
          14           9   3.0882923250294728E-003
          14          10  -2.7731046078027749E-003
          14          11   6.6653432261820468E-003
          14          12   1.8272502313268993E-005
          14          13  -1.7338593797419630E-005
          14          14   4.5330438287509978E-005
          14          15   6.9995742800399984E-009
          14          16   8.5539776072090440E-009
          14          17   7.9950315753274952E-009
          14          18   5.4011955863632321E-009
          14          19  -2.6965829667603972E-009
          14          20   5.8271329931943939E-010
          14          21   4.8363033747984953E-009
          14          22   6.9025122430405687E-009
          14          23   6.8972244080955265E-009
          14          24   8.7387444753356291E-009
          14          25  -6.6634141043207137E-009
          14          26   5.9913435349737910E-010
          15           1   8.3568110612799573E-003
          15           2  -6.0995203000931914E-003
          15           3   1.2577117746822696E-003
          15           4  -1.3658588649583782E-002
          15           5  -7.4414993757868225E-003
          15           6  -1.7035260025963239E-010
          15           7   3.0330293665808894E-010
          15           8   5.3907882985616583E-010
          15           9   9.4483668732321992E-010
          15          10  -1.1851817109210482E-009
          15          11  -2.0525804375912822E-009
          15          12  -6.3672103878445132E-009
          15          13   4.5087429845716770E-009
          15          14   6.9995742800399984E-009
          15          15   4.7089969016349743E-002
          15          16  0.12012727077041679     
          15          17   2.4325732943536502E-002
          15          18  -5.1836604997007943E-002
          15          19   9.2912676997532473E-002
          15          20  -7.0642444692510201E-002
          15          21   1.8288078254401305E-002
          15          22   5.0632670027372463E-002
          15          23   8.8698738278765055E-003
          15          24  -2.1233895077685229E-002
          15          25   3.8532226909047312E-002
          15          26  -3.1202983363203613E-002
          16           1  -3.1586327444144911E-004
          16           2   1.3380464853281616E-003
          16           3  -2.3666318799122070E-003
          16           4  -2.0057830486131445E-003
          16           5  -1.0342337782070668E-003
          16           6  -1.3340662349829657E-009
          16           7   9.9102473999133878E-010
          16           8   1.1616827989307344E-009
          16           9   4.4408533529340637E-009
          16          10  -3.2563939018672963E-009
          16          11  -3.9360812214492448E-009
          16          12  -8.7076970144574399E-009
          16          13   5.7746798943897403E-009
          16          14   8.5539776072090440E-009
          16          15  0.12012727077041679     
          16          16  0.30861403660075398     
          16          17   6.1412500291510491E-002
          16          18 -0.13397931990016168     
          16          19  0.23952587281002594     
          16          20 -0.18250773924090841     
          16          21   5.0020998971412906E-002
          16          22  0.12963041719055624     
          16          23   2.5458269896334575E-002
          16          24  -5.5931299999080850E-002
          16          25  0.10025723236563425     
          16          26  -7.7023253208554132E-002
          17           1   8.1028225014834337E-003
          17           2  -5.0362205378127016E-003
          17           3  -1.5361662044919870E-003
          17           4  -1.4873055623077034E-002
          17           5  -8.3953608390369382E-003
          17           6  -5.9864503861744466E-010
          17           7   1.4482029526125625E-010
          17           8   7.1230252725570518E-010
          17           9   2.2047147993728459E-009
          17          10  -7.8725476165116402E-010
          17          11  -2.6231483791380652E-009
          17          12  -6.8229649336674236E-009
          17          13   5.0247784751329383E-009
          17          14   7.9950315753274952E-009
          17          15   2.4325732943536502E-002
          17          16   6.1412500291510491E-002
          17          17   1.2790193234101436E-002
          17          18  -2.6144678173300479E-002
          17          19   4.7135288703291991E-002
          17          20  -3.5786067992172703E-002
          17          21   8.6329462809177047E-003
          17          22   2.6026324202815605E-002
          17          23   3.9411294999179211E-003
          17          24  -1.0394603803724946E-002
          17          25   1.9273605262371346E-002
          17          26  -1.6694903820810472E-002
          18           1  -9.5742282829938772E-004
          18           2   4.0120190293578672E-003
          18           3  -1.0276038363192564E-002
          18           4  -4.6985258443515421E-003
          18           5  -3.5621933734836394E-003
          18           6  -8.4253110588244149E-010
          18           7   5.0270124057614275E-010
          18           8   1.0678197715982703E-009
          18           9   2.6795664793094784E-009
          18          10  -1.6671236165197349E-009
          18          11  -3.4580699349781617E-009
          18          12  -3.5851367980493126E-009
          18          13   3.0897109033875399E-009
          18          14   5.4011955863632321E-009
          18          15  -5.1836604997007943E-002
          18          16 -0.13397931990016168     
          18          17  -2.6144678173300479E-002
          18          18   5.8867541296976911E-002
          18          19 -0.10470577804458428     
          18          20   7.9697957761115268E-002
          18          21  -2.2199435727133433E-002
          18          22  -5.6081107637285292E-002
          18          23  -1.1350663188791965E-002
          18          24   2.4971192622863628E-002
          18          25  -4.4166458301272686E-002
          18          26   3.2929049222832622E-002
          19           1   8.7640872267331113E-004
          19           2  -3.6678207222464233E-003
          19           3   9.7450310854732165E-003
          19           4   4.1519265174844782E-003
          19           5   3.3078267067986958E-003
          19           6   2.3207699040799766E-010
          19           7  -4.9555672819623218E-010
          19           8  -6.4857195439266527E-010
          19           9  -7.3009615236666341E-010
          19          10   1.5171822814340857E-009
          19          11   2.0523224777784754E-009
          19          12   7.8790309217578450E-010
          19          13  -1.2421738119809494E-009
          19          14  -2.6965829667603972E-009
          19          15   9.2912676997532473E-002
          19          16  0.23952587281002594     
          19          17   4.7135288703291991E-002
          19          18 -0.10470577804458428     
          19          19  0.18664153948692072     
          19          20 -0.14212726669209297     
          19          21   3.9318947198644282E-002
          19          22  0.10041021177726801     
          19          23   2.0065183596248572E-002
          19          24  -4.4116518361163086E-002
          19          25   7.8470171542097469E-002
          19          26  -5.9258292118912766E-002
          20           1   8.4316263913536121E-003
          20           2  -6.4258744796708653E-003
          20           3   1.1521676862221207E-003
          20           4  -1.2886250360660070E-002
          20           5  -7.2880525406296146E-003
          20           6   3.9250551257060042E-010
          20           7  -2.5909407511536423E-010
          20           8  -7.6565782368585883E-010
          20           9  -1.1599189588193033E-009
          20          10   7.3411275928413779E-010
          20          11   2.1583744467036555E-009
          20          12   6.0043334800973024E-010
          20          13   4.1865634498068537E-011
          20          14   5.8271329931943939E-010
          20          15  -7.0642444692510201E-002
          20          16 -0.18250773924090841     
          20          17  -3.5786067992172703E-002
          20          18   7.9697957761115268E-002
          20          19 -0.14212726669209297     
          20          20  0.10842937548850323     
          20          21  -3.0867530357237195E-002
          20          22  -7.6444290808073898E-002
          20          23  -1.6159082660151595E-002
          20          24   3.3761910884932210E-002
          20          25  -5.9920427858562442E-002
          20          26   4.4218843903090416E-002
          21           1  -3.8611410521864837E-003
          21           2   3.2821525980908910E-003
          21           3  -2.9766849774335205E-002
          21           4   7.9169595661908704E-002
          21           5   4.0096923070335813E-002
          21           6  -2.0633458615050556E-010
          21           7   3.9860712867212589E-010
          21           8   5.3963746723329045E-010
          21           9   8.8360491242670585E-010
          21          10  -1.3665124041517605E-009
          21          11  -1.8826485470419532E-009
          21          12  -4.2071776975046373E-009
          21          13   3.0260819306399012E-009
          21          14   4.8363033747984953E-009
          21          15   1.8288078254401305E-002
          21          16   5.0020998971412906E-002
          21          17   8.6329462809177047E-003
          21          18  -2.2199435727133433E-002
          21          19   3.9318947198644282E-002
          21          20  -3.0867530357237195E-002
          21          21   1.5721333276161875E-002
          21          22   2.0427261415320860E-002
          21          23   1.1277125057367896E-002
          21          24  -1.0813895323993315E-002
          21          25   1.7848520849819482E-002
          21          26  -4.7275774661139540E-003
          22           1   4.4086000370240411E-004
          22           2  -1.4208633423451341E-003
          22           3   6.2384257239644679E-003
          22           4  -8.1892645998754218E-003
          22           5  -4.5114372698690629E-003
          22           6  -7.1474175836245860E-010
          22           7   5.6602152483694238E-010
          22           8   6.9659327496270034E-010
          22           9   2.4999205900330199E-009
          22          10  -1.9376343426380448E-009
          22          11  -2.4913852364268568E-009
          22          12  -6.3322553630653132E-009
          22          13   4.4570685303381991E-009
          22          14   6.9025122430405687E-009
          22          15   5.0632670027372463E-002
          22          16  0.12963041719055624     
          22          17   2.6026324202815605E-002
          22          18  -5.6081107637285292E-002
          22          19  0.10041021177726801     
          22          20  -7.6444290808073898E-002
          22          21   2.0427261415320860E-002
          22          22   5.4581016295432029E-002
          22          23   1.0210353569009813E-002
          22          24  -2.3113697522165310E-002
          22          25   4.1766484961233412E-002
          22          26  -3.2971195260974452E-002
          23           1  -3.5832901392300132E-003
          23           2   2.3994564758276875E-003
          23           3  -2.6061971717759390E-002
          23           4   7.3711374230357493E-002
          23           5   3.7016101185049319E-002
          23           6  -6.5454003082337147E-010
          23           7   2.5021547117067819E-010
          23           8   7.3670181756555285E-010
          23           9   2.2836418672572904E-009
          23          10  -1.0110911021774810E-009
          23          11  -2.5915308603802435E-009
          23          12  -5.7219475365145280E-009
          23          13   4.2577796249914970E-009
          23          14   6.8972244080955265E-009
          23          15   8.8698738278765055E-003
          23          16   2.5458269896334575E-002
          23          17   3.9411294999179211E-003
          23          18  -1.1350663188791965E-002
          23          19   2.0065183596248572E-002
          23          20  -1.6159082660151595E-002
          23          21   1.1277125057367896E-002
          23          22   1.0210353569009813E-002
          23          23   8.8684483575716018E-003
          23          24  -6.0587499900938606E-003
          23          25   9.5913010567215112E-003
          23          26   9.1576361952035949E-004
          24           1   1.0696727506507109E-003
          24           2  -3.4028815197518583E-003
          24           3   1.4346701496387946E-002
          24           4  -2.0905596668238789E-002
          24           5  -1.1771909746475429E-002
          24           6  -8.5559340038740558E-010
          24           7   5.0922894512047541E-010
          24           8   9.8653195641181101E-010
          24           9   2.9274126468134103E-009
          24          10  -1.8288876009268784E-009
          24          11  -3.4401536291709601E-009
          24          12  -6.7378002268467991E-009
          24          13   5.2776169060334418E-009
          24          14   8.7387444753356291E-009
          24          15  -2.1233895077685229E-002
          24          16  -5.5931299999080850E-002
          24          17  -1.0394603803724946E-002
          24          18   2.4971192622863628E-002
          24          19  -4.4116518361163086E-002
          24          20   3.3761910884932210E-002
          24          21  -1.0813895323993315E-002
          24          22  -2.3113697522165310E-002
          24          23  -6.0587499900938606E-003
          24          24   1.1280534216417887E-002
          24          25  -1.9216084141068290E-002
          24          26   1.2119430819273514E-002
          25           1  -9.5015034104029103E-004
          25           2   3.0165680094429419E-003
          25           3  -1.2636135677844593E-002
          25           4   1.8711180409211953E-002
          25           5   1.0568621543302891E-002
          25           6   4.5671730572633477E-010
          25           7  -5.7672421362237164E-010
          25           8  -7.7949139711257717E-010
          25           9  -1.6399098012357718E-009
          25          10   1.9292430021684581E-009
          25          11   2.7048851992160940E-009
          25          12   4.8070039913030438E-009
          25          13  -3.9205129315144864E-009
          25          14  -6.6634141043207137E-009
          25          15   3.8532226909047312E-002
          25          16  0.10025723236563425     
          25          17   1.9273605262371346E-002
          25          18  -4.4166458301272686E-002
          25          19   7.8470171542097469E-002
          25          20  -5.9920427858562442E-002
          25          21   1.7848520849819482E-002
          25          22   4.1766484961233412E-002
          25          23   9.5913010567215112E-003
          25          24  -1.9216084141068290E-002
          25          25   3.3527025944966378E-002
          25          26  -2.3341307931419242E-002
          26           1  -4.0228438704524817E-003
          26           2   3.8128834103083298E-003
          26           3  -3.2224629480745649E-002
          26           4   8.1951124566741390E-002
          26           5   4.1574278354414976E-002
          26           6  -6.3235654335946705E-011
          26           7   5.2295499123303248E-011
          26           8  -1.3260395542360692E-010
          26           9   1.7572556053182196E-010
          26          10  -1.5847959874518224E-010
          26          11   3.3778591665299599E-010
          26          12  -2.4512066326142521E-011
          26          13   2.0035658517897945E-010
          26          14   5.9913435349737910E-010
          26          15  -3.1202983363203613E-002
          26          16  -7.7023253208554132E-002
          26          17  -1.6694903820810472E-002
          26          18   3.2929049222832622E-002
          26          19  -5.9258292118912766E-002
          26          20   4.4218843903090416E-002
          26          21  -4.7275774661139540E-003
          26          22  -3.2971195260974452E-002
          26          23   9.1576361952035949E-004
          26          24   1.2119430819273514E-002
          26          25  -2.3341307931419242E-002
          26          26   2.7133819146432130E-002
