           1           1   2.2601948683855770     
           1           2 -0.84385591718998176     
           1           3  0.32656665608329838     
           1           4  -5.2047128425196452E-002
           1           5  -2.3713142658478480E-002
           1           6  -3.3708056658675076E-011
           1           7   3.9771859096920037E-011
           1           8   1.7357258714130865E-011
           1           9   1.0424206253502665E-011
           1          10   3.9815924206393800E-011
           1          11   5.8534159602927073E-012
           1          12  -7.5456169563091979E-012
           1          13  -3.7783661580921220E-011
           1          14   7.1275967950398900E-012
           1          15   3.8093489591591424E-011
           1          16  -3.5219508025007572E-012
           1          17  -3.1423343453210310E-011
           1          18   2.2329856058363659E-004
           1          19  -1.3407103491511218E-004
           1          20   2.3161933748995175E-004
           1          21   2.3180811716912243E-004
           1          22  -2.4026297038576226E-004
           1          23   4.7103410041234039E-004
           1          24  -1.5225428543278398E-003
           1          25   1.0550537397268842E-005
           1          26  -1.5231977272710856E-003
           1          27  -1.8241699254048074E-005
           1          28   1.8907119325111126E-005
           1          29  -1.5420378463730537E-003
           1          30  -7.1840815436880695E-003
           1          31   1.2957777207562118E-004
           1          32  -7.1921232560827279E-003
           1          33  -2.2403947346454805E-004
           1          34   2.3221077315120782E-004
           1          35  -7.4235146256614332E-003
           2           1 -0.84385591718998176     
           2           2   2.7506961365575231     
           2           3  -1.2074942861110314     
           2           4  0.19710960865946814     
           2           5   8.4475106346145995E-002
           2           6   1.7559432328721955E-010
           2           7  -1.3765479980312294E-010
           2           8  -1.0710020048256530E-010
           2           9  -5.8717427097583453E-011
           2          10  -1.4407568704979336E-010
           2          11  -1.3705431843380935E-011
           2          12   2.4928038808987269E-011
           2          13   1.2001142607154026E-010
           2          14  -2.3671529382744332E-011
           2          15  -1.1399606585758311E-010
           2          16   4.4580772885144049E-012
           2          17   9.3433252126712280E-011
           2          18  -1.6264412485004424E-002
           2          19   4.3631522172013829E-004
           2          20  -1.6291491483536116E-002
           2          21  -7.5438662127674827E-004
           2          22   7.8190195320187322E-004
           2          23  -1.7070632827991275E-002
           2          24  -1.8580500069210453E-003
           2          25  -7.1264740070251962E-005
           2          26  -1.8536266888575029E-003
           2          27   1.2321587500608341E-004
           2          28  -1.2771044584814598E-004
           2          29  -1.7263681023310098E-003
           2          30   5.4183804468149631E-003
           2          31  -3.7099747856756435E-004
           2          32   5.4414050363264061E-003
           2          33   6.4145318451179793E-004
           2          34  -6.6484880475894481E-004
           2          35   6.1039077076613076E-003
           3           1  0.32656665608329838     
           3           2  -1.2074942861110314     
           3           3   2.8673954918807638     
           3           4 -0.71413035899176225     
           3           5 -0.32920181375303037     
           3           6   3.7079346846703251E-010
           3           7  -5.1433880557108183E-010
           3           8  -4.7640171225346095E-010
           3           9   4.1363690111317859E-010
           3          10   5.1872702146804292E-010
           3          11  -1.0060428184576424E-010
           3          12  -1.3282874828364423E-010
           3          13  -4.9606807478512115E-010
           3          14   8.7248340891963260E-011
           3          15   4.6426340713673644E-010
           3          16  -5.2191038759761225E-011
           3          17  -3.5892191686045486E-010
           3          18   3.7830145022499054E-002
           3          19  -1.6706528255472685E-003
           3          20   3.7933837726411124E-002
           3          21   2.8885466099693993E-003
           3          22  -2.9939101553320808E-003
           3          23   4.0917171442557090E-002
           3          24  -3.6384362087595400E-002
           3          25  -2.4599518203324052E-004
           3          26  -3.6369093445248475E-002
           3          27   4.2532272287795314E-004
           3          28  -4.4083737298213771E-004
           3          29  -3.5929815848372973E-002
           3          30  -5.4251331484197501E-002
           3          31   1.8102677640687553E-003
           3          32  -5.4363677266026790E-002
           3          33  -3.1299459166594257E-003
           3          34   3.2441020683157580E-003
           3          35  -5.7596331579416800E-002
           4           1  -5.2047128425196452E-002
           4           2  0.19710960865946814     
           4           3 -0.71413035899176225     
           4           4  0.82505049987436840     
           4           5  0.37293894061684330     
           4           6  -8.4070546277082760E-010
           4           7   8.3902667047315459E-012
           4           8   3.9610858615613157E-010
           4           9   4.3076398889456442E-010
           4          10  -1.1882645057432269E-010
           4          11  -1.4824886753903305E-010
           4          12   3.1955919273115940E-010
           4          13   6.6085078194611714E-010
           4          14  -1.8837650438671415E-010
           4          15  -3.7391716897004805E-010
           4          16   2.3644450549581229E-010
           4          17   2.9961261538966078E-010
           4          18  -5.1958106264410019E-003
           4          19   1.6707499365084103E-003
           4          20  -5.2994954295778754E-003
           4          21  -2.8887222797532599E-003
           4          22   2.9940778136069135E-003
           4          23  -8.2830121977599258E-003
           4          24   6.0703434404225230E-002
           4          25   8.1832357339920998E-004
           4          26   6.0652645846854696E-002
           4          27  -1.4148760885673282E-003
           4          28   1.4664829732450909E-003
           4          29   5.9191342412144576E-002
           4          30   8.2157189168230449E-002
           4          31  -2.1770650756056022E-003
           4          32   8.2292297023488253E-002
           4          33   3.7641375929687755E-003
           4          34  -3.9014226022255783E-003
           4          35   8.6179953478191712E-002
           5           1  -2.3713142658478480E-002
           5           2   8.4475106346145995E-002
           5           3 -0.32920181375303037     
           5           4  0.37293894061684330     
           5           5  0.16931080019766864     
           5           6  -2.9893287059691766E-010
           5           7   2.4788619121867134E-010
           5           8   3.3757450808228518E-010
           5           9   7.6706380544150365E-011
           5          10  -2.7421343039256297E-010
           5          11  -2.8937507206980560E-010
           5          12  -4.4264913997393369E-010
           5          13  -7.3421988729366118E-012
           5          14   3.4272270015977383E-010
           5          15  -7.6790027762527097E-010
           5          16  -2.1650904399009420E-010
           5          17   5.8592838986613604E-010
           5          18  -2.9348399152657550E-003
           5          19  -3.6302497791097397E-005
           5          20  -2.9325845224625708E-003
           5          21   6.2765215401858459E-005
           5          22  -6.5056853888474653E-005
           5          23  -2.8677607446858642E-003
           5          24   2.7356986390163519E-002
           5          25   5.0614882254671650E-005
           5          26   2.7353844419323890E-002
           5          27  -8.7512290614475435E-005
           5          28   9.0704893013610356E-005
           5          29   2.7263460955814119E-002
           5          30   3.6660379364641310E-002
           5          31  -1.4942787254406910E-003
           5          32   3.6753114794058059E-002
           5          33   2.5836018126895507E-003
           5          34  -2.6778315925656063E-003
           5          35   3.9421496247130455E-002
           6           1  -3.3708056658675076E-011
           6           2   1.7559432328721955E-010
           6           3   3.7079346846703251E-010
           6           4  -8.4070546277082760E-010
           6           5  -2.9893287059691766E-010
           6           6   2.3574055628946544     
           6           7  -2.0982058618105727E-003
           6           8   3.6277720187299924E-003
           6           9 -0.93507792657803668     
           6          10   6.4608796648067714E-003
           6          11  -1.1170827337608599E-002
           6          12   4.6449651607456073E-002
           6          13  -9.9057018511529808E-003
           6          14   1.7126906979586569E-002
           6          15   8.2697573694002588E-002
           6          16  -1.2976273783815925E-002
           6          17   2.2435918220718932E-002
           6          18  -1.7769050524104266E-010
           6          19   5.7559279098092722E-011
           6          20  -1.1922535678945326E-010
           6          21  -1.6511338544867532E-010
           6          22   4.6109456410833358E-011
           6          23   2.8323903404440881E-011
           6          24   4.2692889719320258E-010
           6          25  -1.0600440750083411E-010
           6          26   3.1134962886199988E-010
           6          27   1.1480903014431251E-010
           6          28  -1.1055597182117117E-010
           6          29   7.6252867083874798E-011
           6          30   2.4533539965115889E-010
           6          31   9.2518878979828348E-011
           6          32   2.7297023519735749E-010
           6          33  -7.8856986770760515E-011
           6          34   1.3611464854686002E-011
           6          35   1.4658204314147823E-010
           7           1   3.9771859096920037E-011
           7           2  -1.3765479980312294E-010
           7           3  -5.1433880557108183E-010
           7           4   8.3902667047315459E-012
           7           5   2.4788619121867134E-010
           7           6  -2.0982058618105727E-003
           7           7   2.3575557273568131     
           7           8  -3.7599100890472557E-003
           7           9   6.4608795738148681E-003
           7          10 -0.93554093809302374     
           7          11   1.1578268363048873E-002
           7          12  -9.9057018949270242E-003
           7          13   4.7159530264464081E-002
           7          14  -1.7751586236502460E-002
           7          15  -1.2976273693162196E-002
           7          16   8.3627474315460304E-002
           7          17  -2.3254212802081533E-002
           7          18   1.0332815253060359E-010
           7          19  -3.8324100582934881E-011
           7          20  -2.7691162787876840E-011
           7          21  -6.1383893048476536E-011
           7          22   1.3901757892542820E-010
           7          23   3.4584869398081823E-010
           7          24   1.6991543627344189E-010
           7          25   7.8482715198050979E-012
           7          26   2.0351705620845535E-010
           7          27   1.0646624703340992E-010
           7          28  -1.9977398251207374E-010
           7          29  -4.7090190365874291E-011
           7          30  -1.3682506416650613E-010
           7          31   1.3488439759558935E-010
           7          32  -4.6521853305876645E-011
           7          33   7.1215011383885433E-011
           7          34  -1.0331089411479645E-011
           7          35  -2.2049827475026472E-010
           8           1   1.7357258714130865E-011
           8           2  -1.0710020048256530E-010
           8           3  -4.7640171225346095E-010
           8           4   3.9610858615613157E-010
           8           5   3.3757450808228518E-010
           8           6   3.6277720187299924E-003
           8           7  -3.7599100890472557E-003
           8           8   2.3618819345490767     
           8           9  -1.1170827411183788E-002
           8          10   1.1578268358463319E-002
           8          11 -0.94886317271453557     
           8          12   1.7126906896462967E-002
           8          13  -1.7751586081198107E-002
           8          14   6.7584932674935302E-002
           8          15   2.2435918191921655E-002
           8          16  -2.3254212922205451E-002
           8          17  0.11038435082704068     
           8          18   8.5756617750503879E-011
           8          19  -6.6011310229432340E-011
           8          20   1.1733477272274142E-010
           8          21   1.1133626506992084E-011
           8          22  -1.4196530255685276E-011
           8          23   2.1282908936552430E-010
           8          24  -1.2164604022777620E-010
           8          25   6.4602764837734036E-011
           8          26  -6.1224013067252271E-011
           8          27   8.0454318921638598E-012
           8          28  -4.2208386889741621E-011
           8          29  -9.9729883547184478E-011
           8          30  -1.1695025447212895E-010
           8          31   6.6586438513989565E-013
           8          32  -1.7241965996818536E-010
           8          33   1.0110537280903724E-010
           8          34   4.1004733122393908E-011
           8          35  -2.9885175070810434E-010
           9           1   1.0424206253502665E-011
           9           2  -5.8717427097583453E-011
           9           3   4.1363690111317859E-010
           9           4   4.3076398889456442E-010
           9           5   7.6706380544150365E-011
           9           6 -0.93507792657803668     
           9           7   6.4608795738148681E-003
           9           8  -1.1170827411183788E-002
           9           9   2.4539624878907640     
           9          10  -1.9888505277506591E-002
           9          11   3.4387122596914795E-002
           9          12 -0.18192460390276322     
           9          13   3.0369983898609253E-002
           9          14  -5.2509547465755528E-002
           9          15 -0.24433296119200301     
           9          16   4.0249446256877118E-002
           9          17  -6.9591105684623261E-002
           9          18   1.9789227797420226E-010
           9          19   2.2837320574714387E-011
           9          20  -3.2185799172527690E-011
           9          21   3.1583505264798923E-010
           9          22  -1.3399507479007762E-010
           9          23  -5.6853169410214001E-010
           9          24  -6.3363633363941611E-010
           9          25   8.4883579055518036E-011
           9          26  -5.1928116950612575E-010
           9          27  -2.6384241216054471E-010
           9          28   3.4563355994567580E-010
           9          29   1.7069717791967642E-010
           9          30  -1.3110573731493626E-010
           9          31  -2.1328149819983801E-010
           9          32   8.8366775159226523E-011
           9          33   1.3205465116798777E-010
           9          34  -1.1376359030671413E-011
           9          35   3.7125554503403168E-010
          10           1   3.9815924206393800E-011
          10           2  -1.4407568704979336E-010
          10           3   5.1872702146804292E-010
          10           4  -1.1882645057432269E-010
          10           5  -2.7421343039256297E-010
          10           6   6.4608796648067714E-003
          10           7 -0.93554093809302374     
          10           8   1.1578268358463319E-002
          10           9  -1.9888505277506591E-002
          10          10   2.4553877581237664     
          10          11  -3.5641332423888505E-002
          10          12   3.0369984307536436E-002
          10          13 -0.18410101510643098     
          10          14   5.4424746752233626E-002
          10          15   4.0249445867242190E-002
          10          16 -0.24721731056480634     
          10          17   7.2129277550943213E-002
          10          18  -4.7137306102821510E-011
          10          19   6.3011278967035785E-011
          10          20   4.2753769812339690E-010
          10          21   2.5785713551783692E-010
          10          22  -3.7240715535665996E-010
          10          23  -4.6311394739593895E-010
          10          24  -4.2661237532143253E-010
          10          25   5.9636910332337311E-011
          10          26  -5.3609067915408839E-010
          10          27  -2.9761230403686083E-010
          10          28   3.7285777384834332E-010
          10          29   1.7738458469530501E-010
          10          30   2.8440248367572910E-010
          10          31  -3.5393134399070289E-010
          10          32  -3.5160871236142219E-011
          10          33  -9.1386064097172470E-011
          10          34   1.2554466993417729E-010
          10          35   3.7349923745590638E-010
          11           1   5.8534159602927073E-012
          11           2  -1.3705431843380935E-011
          11           3  -1.0060428184576424E-010
          11           4  -1.4824886753903305E-010
          11           5  -2.8937507206980560E-010
          11           6  -1.1170827337608599E-002
          11           7   1.1578268363048873E-002
          11           8 -0.94886317271453557     
          11           9   3.4387122596914795E-002
          11          10  -3.5641332423888505E-002
          11          11   2.4963975341755482     
          11          12  -5.2509547066846116E-002
          11          13   5.4424746371464952E-002
          11          14 -0.24672344537367896     
          11          15  -6.9591106155128479E-002
          11          16   7.2129278008557285E-002
          11          17 -0.33021104790285094     
          11          18   1.5819898857112049E-010
          11          19   4.7468318187130728E-011
          11          20   6.6945505575376916E-011
          11          21   9.2492768668681450E-011
          11          22   9.8375248934536336E-011
          11          23   2.2052108926356847E-012
          11          24   1.8740272243400021E-011
          11          25  -3.0407324626160189E-011
          11          26   6.3509657819124363E-011
          11          27  -5.4720432261939326E-011
          11          28  -8.6411178446627936E-011
          11          29   1.3675341939933443E-010
          11          30  -2.1149017113360638E-011
          11          31   7.3079258253518029E-012
          11          32  -1.0467357656573733E-010
          11          33  -1.9846093957163977E-010
          11          34  -7.5619904988231078E-011
          11          35   2.9526218195095641E-010
          12           1  -7.5456169563091979E-012
          12           2   2.4928038808987269E-011
          12           3  -1.3282874828364423E-010
          12           4   3.1955919273115940E-010
          12           5  -4.4264913997393369E-010
          12           6   4.6449651607456073E-002
          12           7  -9.9057018949270242E-003
          12           8   1.7126906896462967E-002
          12           9 -0.18192460390276322     
          12          10   3.0369984307536436E-002
          12          11  -5.2509547066846116E-002
          12          12  0.34442919625415674     
          12          13  -4.5167486994993448E-002
          12          14   7.8094367169201317E-002
          12          15  0.39074559461674979     
          12          16  -6.2778078046647590E-002
          12          17  0.10854299352645697     
          12          18  -3.0108210050176058E-010
          12          19  -1.4678158426160584E-010
          12          20   2.1524146497845612E-010
          12          21  -3.3025821212093022E-010
          12          22  -7.8710190030820025E-011
          12          23   1.1043054849821120E-010
          12          24   8.0397961235370360E-011
          12          25   9.5565720313147500E-012
          12          26   4.0456217627324602E-011
          12          27  -1.6777022145908335E-010
          12          28  -4.6791616287637508E-011
          12          29  -1.8217243508709987E-011
          12          30   5.2115617056070592E-010
          12          31   1.1423603251214256E-010
          12          32  -2.2019226118460378E-010
          12          33  -3.8919169225478708E-010
          12          34  -1.2221083501357195E-010
          12          35  -2.0885649376857787E-010
          13           1  -3.7783661580921220E-011
          13           2   1.2001142607154026E-010
          13           3  -4.9606807478512115E-010
          13           4   6.6085078194611714E-010
          13           5  -7.3421988729366118E-012
          13           6  -9.9057018511529808E-003
          13           7   4.7159530264464081E-002
          13           8  -1.7751586081198107E-002
          13           9   3.0369983898609253E-002
          13          10 -0.18410101510643098     
          13          11   5.4424746371464952E-002
          13          12  -4.5167486994993448E-002
          13          13  0.34766601028664118     
          13          14  -8.0942700777280788E-002
          13          15  -6.2778078343522614E-002
          13          16  0.39524442104200186     
          13          17 -0.11250187377084049     
          13          18   2.0793822035085288E-010
          13          19  -1.8923902428363348E-010
          13          20  -3.2599938267172828E-010
          13          21  -2.7819057067867874E-010
          13          22   1.8549085170454478E-010
          13          23   1.0848888226766807E-010
          13          24   8.5541610512561919E-011
          13          25   4.1815819646860629E-011
          13          26   3.7449864336764559E-011
          13          27  -2.8692921903171414E-011
          13          28  -6.8341462771915019E-011
          13          29   1.3977296421708983E-011
          13          30   8.3826156622091119E-012
          13          31   3.5689730423696519E-010
          13          32   1.4339851923450180E-010
          13          33  -2.4382963097879095E-011
          13          34  -2.7470973770120387E-010
          13          35  -7.5716514315066803E-011
          14           1   7.1275967950398900E-012
          14           2  -2.3671529382744332E-011
          14           3   8.7248340891963260E-011
          14           4  -1.8837650438671415E-010
          14           5   3.4272270015977383E-010
          14           6   1.7126906979586569E-002
          14           7  -1.7751586236502460E-002
          14           8   6.7584932674935302E-002
          14           9  -5.2509547465755528E-002
          14          10   5.4424746752233626E-002
          14          11 -0.24672344537367896     
          14          12   7.8094367169201317E-002
          14          13  -8.0942700777280788E-002
          14          14  0.44080067193860711     
          14          15  0.10854299529870444     
          14          16 -0.11250187506457880     
          14          17  0.52469184144952630     
          14          18  -9.6654073201360566E-011
          14          19  -1.4584008285198546E-011
          14          20  -1.3889317606268220E-011
          14          21  -9.6542737379570029E-011
          14          22  -1.1138446342669995E-010
          14          23   8.6355283581744037E-011
          14          24  -1.4657236810521432E-011
          14          25   9.1299501997375951E-012
          14          26   2.9584748065184124E-011
          14          27   9.5721341559632881E-011
          14          28   3.1711267734210023E-011
          14          29  -1.1542196944418621E-010
          14          30   6.6853450605281214E-011
          14          31  -2.2016458282647547E-011
          14          32   2.4640084767964982E-010
          14          33   3.1128136955790095E-010
          14          34   1.1333130608914683E-010
          14          35  -3.5169276761459406E-010
          15           1   3.8093489591591424E-011
          15           2  -1.1399606585758311E-010
          15           3   4.6426340713673644E-010
          15           4  -3.7391716897004805E-010
          15           5  -7.6790027762527097E-010
          15           6   8.2697573694002588E-002
          15           7  -1.2976273693162196E-002
          15           8   2.2435918191921655E-002
          15           9 -0.24433296119200301     
          15          10   4.0249445867242190E-002
          15          11  -6.9591106155128479E-002
          15          12  0.39074559461674979     
          15          13  -6.2778078343522614E-002
          15          14  0.10854299529870444     
          15          15  0.44525490296613790     
          15          16  -8.5164510397517088E-002
          15          17  0.14724902807207629     
          15          18  -9.4751410080084521E-011
          15          19   2.2713382982556331E-011
          15          20  -5.3706764703572746E-012
          15          21   5.0989788129134633E-010
          15          22   1.7282140342711631E-010
          15          23   1.4702569974069907E-010
          15          24   1.2712814119482723E-010
          15          25   6.3764576748308062E-011
          15          26  -7.2755658614039954E-011
          15          27   1.0667077297698887E-010
          15          28   2.2821539207742806E-011
          15          29  -6.2880509875044472E-011
          15          30   4.9395160933885384E-010
          15          31   1.0858054490908345E-010
          15          32  -3.3183592455145806E-010
          15          33  -3.6784316109967434E-010
          15          34  -1.6012697160541293E-010
          15          35  -2.9079317348756716E-010
          16           1  -3.5219508025007572E-012
          16           2   4.4580772885144049E-012
          16           3  -5.2191038759761225E-011
          16           4   2.3644450549581229E-010
          16           5  -2.1650904399009420E-010
          16           6  -1.2976273783815925E-002
          16           7   8.3627474315460304E-002
          16           8  -2.3254212922205451E-002
          16           9   4.0249446256877118E-002
          16          10 -0.24721731056480634     
          16          11   7.2129278008557285E-002
          16          12  -6.2778078046647590E-002
          16          13  0.39524442104200186     
          16          14 -0.11250187506457880     
          16          15  -8.5164510397517088E-002
          16          16  0.45135798697025620     
          16          17 -0.15261962360436923     
          16          18  -1.1625047097165678E-010
          16          19  -1.1117791501330793E-010
          16          20   1.0147622102429832E-010
          16          21   1.7507908719353129E-010
          16          22   9.4078494522357264E-011
          16          23   2.4090945321831323E-011
          16          24  -4.8872886444069721E-011
          16          25   7.4986998968326050E-011
          16          26   1.6323017562733847E-010
          16          27   1.2784301274092320E-010
          16          28  -1.2266347661715282E-010
          16          29  -4.9601076499577349E-011
          16          30  -6.8229040477056690E-011
          16          31   3.9300866996129952E-010
          16          32   1.1130405729123499E-010
          16          33  -1.7129142300318667E-012
          16          34  -3.2163546997882683E-010
          16          35  -1.2708709377153407E-010
          17           1  -3.1423343453210310E-011
          17           2   9.3433252126712280E-011
          17           3  -3.5892191686045486E-010
          17           4   2.9961261538966078E-010
          17           5   5.8592838986613604E-010
          17           6   2.2435918220718932E-002
          17           7  -2.3254212802081533E-002
          17           8  0.11038435082704068     
          17           9  -6.9591105684623261E-002
          17          10   7.2129277550943213E-002
          17          11 -0.33021104790285094     
          17          12  0.10854299352645697     
          17          13 -0.11250187377084049     
          17          14  0.52469184144952630     
          17          15  0.14724902807207629     
          17          16 -0.15261962360436923     
          17          17  0.62696587388968894     
          17          18  -9.3184183129259714E-012
          17          19  -6.3393589184243939E-012
          17          20  -2.0206480225652199E-010
          17          21  -1.8253878679104991E-010
          17          22  -5.4875521636984442E-011
          17          23   1.7103638779489278E-010
          17          24   5.4049517453150525E-011
          17          25   1.7250388301609700E-011
          17          26   2.4016591842323325E-012
          17          27   7.7730196586748660E-011
          17          28   6.9468112183124516E-011
          17          29  -8.2714731973962780E-011
          17          30   1.6090203940463998E-010
          17          31  -7.3461772618310748E-012
          17          32   3.3591452235460715E-010
          17          33   3.0633968080250491E-010
          17          34   1.7302175903410732E-010
          17          35  -3.6839980347718991E-010
          18           1   2.2329856058363659E-004
          18           2  -1.6264412485004424E-002
          18           3   3.7830145022499054E-002
          18           4  -5.1958106264410019E-003
          18           5  -2.9348399152657550E-003
          18           6  -1.7769050524104266E-010
          18           7   1.0332815253060359E-010
          18           8   8.5756617750503879E-011
          18           9   1.9789227797420226E-010
          18          10  -4.7137306102821510E-011
          18          11   1.5819898857112049E-010
          18          12  -3.0108210050176058E-010
          18          13   2.0793822035085288E-010
          18          14  -9.6654073201360566E-011
          18          15  -9.4751410080084521E-011
          18          16  -1.1625047097165678E-010
          18          17  -9.3184183129259714E-012
          18          18   1.4388914234753560     
          18          19  -2.6177909272769126E-004
          18          20 -0.71791820975346643     
          18          21   4.5258681145560003E-004
          18          22   1.3107486039073493E-003
          18          23 -0.71922433007478359     
          18          24  0.45652810238690467     
          18          25   2.6090625513681693E-004
          18          26 -0.22853484686449696     
          18          27  -4.5110922688672977E-004
          18          28  -8.5294963447071813E-004
          18          29 -0.22768491185019901     
          18          30   3.0492830661686524E-002
          18          31  -2.1567875120027008E-004
          18          32  -1.6322021042295576E-002
          18          33   3.7290854516546927E-004
          18          34   4.1477991106013098E-004
          18          35  -1.6735339423432825E-002
          19           1  -1.3407103491511218E-004
          19           2   4.3631522172013829E-004
          19           3  -1.6706528255472685E-003
          19           4   1.6707499365084103E-003
          19           5  -3.6302497791097397E-005
          19           6   5.7559279098092722E-011
          19           7  -3.8324100582934881E-011
          19           8  -6.6011310229432340E-011
          19           9   2.2837320574714387E-011
          19          10   6.3011278967035785E-011
          19          11   4.7468318187130728E-011
          19          12  -1.4678158426160584E-010
          19          13  -1.8923902428363348E-010
          19          14  -1.4584008285198546E-011
          19          15   2.2713382982556331E-011
          19          16  -1.1117791501330793E-010
          19          17  -6.3393589184243939E-012
          19          18  -2.6177909272769126E-004
          19          19   1.4379230955630518     
          19          20  -2.6418011093004914E-004
          19          21  -1.0953433603148365E-003
          19          22   1.0616185747380840E-003
          19          23   6.5902783687740566E-004
          19          24   7.4066916762748167E-004
          19          25  0.45669257809215241     
          19          26   7.4100154818862473E-004
          19          27   7.7149012783094722E-004
          19          28  -7.4499972626140267E-004
          19          29   1.3521087717916435E-005
          19          30  -9.8141316272646120E-004
          19          31   3.1099977598195265E-002
          19          32  -9.7403759439765943E-004
          19          33  -2.5713830742882872E-004
          19          34   2.3336551733951115E-004
          19          35  -3.1467476159444357E-004
          20           1   2.3161933748995175E-004
          20           2  -1.6291491483536116E-002
          20           3   3.7933837726411124E-002
          20           4  -5.2994954295778754E-003
          20           5  -2.9325845224625708E-003
          20           6  -1.1922535678945326E-010
          20           7  -2.7691162787876840E-011
          20           8   1.1733477272274142E-010
          20           9  -3.2185799172527690E-011
          20          10   4.2753769812339690E-010
          20          11   6.6945505575376916E-011
          20          12   2.1524146497845612E-010
          20          13  -3.2599938267172828E-010
          20          14  -1.3889317606268220E-011
          20          15  -5.3706764703572746E-012
          20          16   1.0147622102429832E-010
          20          17  -2.0206480225652199E-010
          20          18 -0.71791820975346643     
          20          19  -2.6418011093004914E-004
          20          20   1.4389240770388096     
          20          21  -1.2604064265490150E-003
          20          22  -4.7346899505267296E-004
          20          23 -0.71926525184619816     
          20          24 -0.22856462334099953     
          20          25   2.6123886975441607E-004
          20          26  0.45646592195865704     
          20          27   8.2237185962519927E-004
          20          28   4.6814547295409819E-004
          20          29 -0.22768575682336048     
          20          30  -1.6274497078502807E-002
          20          31  -2.0830309221644549E-004
          20          32   3.0566666027896351E-002
          20          33  -4.1293837506454969E-004
          20          34  -3.7329054815253267E-004
          20          35  -1.6715807917313998E-002
          21           1   2.3180811716912243E-004
          21           2  -7.5438662127674827E-004
          21           3   2.8885466099693993E-003
          21           4  -2.8887222797532599E-003
          21           5   6.2765215401858459E-005
          21           6  -1.6511338544867532E-010
          21           7  -6.1383893048476536E-011
          21           8   1.1133626506992084E-011
          21           9   3.1583505264798923E-010
          21          10   2.5785713551783692E-010
          21          11   9.2492768668681450E-011
          21          12  -3.3025821212093022E-010
          21          13  -2.7819057067867874E-010
          21          14  -9.6542737379570029E-011
          21          15   5.0989788129134633E-010
          21          16   1.7507908719353129E-010
          21          17  -1.8253878679104991E-010
          21          18   4.5258681145560003E-004
          21          19  -1.0953433603148365E-003
          21          20  -1.2604064265490150E-003
          21          21   1.4391834034022168     
          21          22  -6.9479029749155096E-004
          21          23   5.7775012623510497E-004
          21          24  -1.2806160944097106E-003
          21          25   7.7149010063023125E-004
          21          26  -7.1350261025572548E-006
          21          27  0.45580488271294156     
          21          28   4.4173459051523382E-004
          21          29  -1.2974243925955107E-003
          21          30   1.6968594641389692E-003
          21          31  -2.5713840512778393E-004
          21          32   9.1101273521951764E-004
          21          33   3.1395850089519520E-002
          21          34   1.1008986877996036E-004
          21          35   1.3171633649842387E-003
          22           1  -2.4026297038576226E-004
          22           2   7.8190195320187322E-004
          22           3  -2.9939101553320808E-003
          22           4   2.9940778136069135E-003
          22           5  -6.5056853888474653E-005
          22           6   4.6109456410833358E-011
          22           7   1.3901757892542820E-010
          22           8  -1.4196530255685276E-011
          22           9  -1.3399507479007762E-010
          22          10  -3.7240715535665996E-010
          22          11   9.8375248934536336E-011
          22          12  -7.8710190030820025E-011
          22          13   1.8549085170454478E-010
          22          14  -1.1138446342669995E-010
          22          15   1.7282140342711631E-010
          22          16   9.4078494522357264E-011
          22          17  -5.4875521636984442E-011
          22          18   1.3107486039073493E-003
          22          19   1.0616185747380840E-003
          22          20  -4.7346899505267296E-004
          22          21  -6.9479029749155096E-004
          22          22   1.4392332250302091     
          22          23  -5.9880873006692905E-004
          22          24   6.8134930949600905E-006
          22          25  -7.4499977103002085E-004
          22          26   1.3279085961295930E-003
          22          27   4.4173460974643406E-004
          22          28  0.45577323090097410     
          22          29   1.3447506647740134E-003
          22          30  -9.5746070207651870E-004
          22          31   2.3336542710501550E-004
          22          32  -1.7455312356550600E-003
          22          33   1.1009005629196477E-004
          22          34   3.1387958808476904E-002
          22          35  -1.3652047025053779E-003
          23           1   4.7103410041234039E-004
          23           2  -1.7070632827991275E-002
          23           3   4.0917171442557090E-002
          23           4  -8.2830121977599258E-003
          23           5  -2.8677607446858642E-003
          23           6   2.8323903404440881E-011
          23           7   3.4584869398081823E-010
          23           8   2.1282908936552430E-010
          23           9  -5.6853169410214001E-010
          23          10  -4.6311394739593895E-010
          23          11   2.2052108926356847E-012
          23          12   1.1043054849821120E-010
          23          13   1.0848888226766807E-010
          23          14   8.6355283581744037E-011
