           1           1   2.1874953805464661     
           1           2  0.84743212101452248     
           1           3  0.72171747288085963     
           1           4  -3.4252373731252152E-002
           1           5   8.2805426387857982E-013
           1           6  -3.8987586646395904E-013
           1           7  -5.7478919077688867E-013
           1           8  -9.4841570341032595E-014
           1           9  -8.7519604347441528E-014
           1          10   1.0308435882067748E-013
           1          11   9.4673446877892858E-014
           1          12  -1.3356323381480018E-015
           1          13  -1.3330739255968750E-013
           1          14 -0.20069403387281481     
           1          15   7.9155516233853790E-004
           1          16 -0.20011824661366531     
           1          17   1.2519309344314930E-003
           1          18   1.9087066093349272E-003
           1          19 -0.19860095500207037     
           2           1  0.84743212101452248     
           2           2   4.2974955768196343     
           2           3   5.4871580257382870     
           2           4 -0.30493902138135998     
           2           5   3.3621244479159495E-012
           2           6  -1.4930930335398193E-012
           2           7  -2.2931746453034533E-012
           2           8  -3.3891470336003572E-013
           2           9  -4.7570568220679678E-013
           2          10   3.0351817322692499E-013
           2          11   5.0273851587081117E-013
           2          12   1.3428174362998687E-014
           2          13  -7.1397709497947543E-013
           2          14  -1.4058540330643323     
           2          15   6.6056982088393678E-003
           2          16  -1.4010431796703930     
           2          17   1.0447813124616749E-002
           2          18   1.5928946130325583E-002
           2          19  -1.3883651895569435     
           3           1  0.72171747288085963     
           3           2   5.4871580257382870     
           3           3   13.360724243277481     
           3           4 -0.84311786043865489     
           3           5   1.6055947537750493E-012
           3           6  -5.1376727843627566E-013
           3           7  -9.2070636028536400E-013
           3           8  -6.1254199827015468E-014
           3           9  -6.9699985196597716E-013
           3          10  -2.1225025904742504E-013
           3          11   7.2583636394274353E-013
           3          12   4.8985423864892328E-014
           3          13  -1.1304744537282006E-012
           3          14  -3.1360946282776565     
           3          15   1.7464956882673702E-002
           3          16  -3.1233639414298167     
           3          17   2.7623559707573169E-002
           3          18   4.2115635945859063E-002
           3          19  -3.0898137029536690     
           4           1  -3.4252373731252152E-002
           4           2 -0.30493902138135998     
           4           3 -0.84311786043865489     
           4           4   6.5315119524919044E-002
           4           5  -6.0024520706062645E-014
           4           6   2.1115647337102132E-014
           4           7   4.2595513262397398E-014
           4           8   5.8657153253479155E-015
           4           9   9.4750670016736687E-015
           4          10  -7.5913735970250409E-015
           4          11  -1.0539557794762676E-014
           4          12   1.2364980700890457E-015
           4          13   1.9335011283387449E-014
           4          14  0.21151961816674683     
           4          15  -1.9570651241790205E-004
           4          16  0.21137698877739364     
           4          17  -3.0953962223369724E-004
           4          18  -4.7193211221511003E-004
           4          19  0.21100110851292000     
           5           1   8.2805426387857982E-013
           5           2   3.3621244479159495E-012
           5           3   1.6055947537750493E-012
           5           4  -6.0024520706062645E-014
           5           5   2.1560720694194049     
           5           6  -1.0315610112531905E-002
           5           7  -1.6322264271193137E-002
           5           8 -0.44930808954977525     
           5           9   4.5526786663224503E-002
           5          10   7.2036480170671602E-002
           5          11  0.10781439503223042     
           5          12  -3.2114964183271350E-003
           5          13  -5.0815116772634748E-003
           5          14  -5.9412729230436301E-013
           5          15  -2.5981817641219454E-015
           5          16  -6.1828465414773484E-013
           5          17  -1.0026857389828705E-014
           5          18  -7.3652657696006927E-015
           5          19  -6.2342281258230577E-013
           6           1  -3.8987586646395904E-013
           6           2  -1.4930930335398193E-012
           6           3  -5.1376727843627566E-013
           6           4   2.1115647337102132E-014
           6           5  -1.0315610112531905E-002
           6           6   2.1471071871745471     
           6           7  -2.4889141954745266E-002
           6           8   4.5526786663224003E-002
           6           9 -0.40974258863062851     
           6          10  0.10984543265810881     
           6          11  -3.2114964183256245E-003
           6          12  0.10502341254027812     
           6          13  -7.7485858196491234E-003
           6          14   1.9595659411900998E-013
           6          15   1.6267855697737384E-014
           6          16   1.9474167973262117E-013
           6          17   2.7243778618302128E-015
           6          18  -1.1534060386660810E-014
           6          19   1.9561072420965273E-013
           7           1  -5.7478919077688867E-013
           7           2  -2.2931746453034533E-012
           7           3  -9.2070636028536400E-013
           7           4   4.2595513262397398E-014
           7           5  -1.6322264271193137E-002
           7           6  -2.4889141954745266E-002
           7           7   2.1234552457676843     
           7           8   7.2036480170664552E-002
           7           9  0.10984543265810265     
           7          10 -0.30535740164275849     
           7          11  -5.0815116772591415E-003
           7          12  -7.7485858196465439E-003
           7          13   9.7659996874227328E-002
           7          14   3.9950894013731819E-013
           7          15  -1.6338836579546740E-016
           7          16   4.0076259757421640E-013
           7          17   1.5904797935345706E-014
           7          18   4.8292586816122993E-015
           7          19   3.8607123704885754E-013
           8           1  -9.4841570341032595E-014
           8           2  -3.3891470336003572E-013
           8           3  -6.1254199827015468E-014
           8           4   5.8657153253479155E-015
           8           5 -0.44930808954977525     
           8           6   4.5526786663224003E-002
           8           7   7.2036480170664552E-002
           8           8   1.0974787192551820     
           8           9 -0.20115899323055514     
           8          10 -0.31829142553357942     
           8          11  -8.3515666067517355E-002
           8          12   1.3810287837455349E-002
           8          13   2.1851850281306665E-002
           8          14   4.4522292864429160E-014
           8          15   4.1780029976832304E-016
           8          16   4.5578446087904735E-014
           8          17   5.3264890772424642E-016
           8          18   3.4400266758988232E-015
           8          19   4.9124592305876748E-014
           9           1  -8.7519604347441528E-014
           9           2  -4.7570568220679678E-013
           9           3  -6.9699985196597716E-013
           9           4   9.4750670016736687E-015
           9           5   4.5526786663224503E-002
           9           6 -0.40974258863062851     
           9           7  0.10984543265810265     
           9           8 -0.20115899323055514     
           9           9  0.92265952126466033     
           9          10 -0.48534935724581774     
           9          11   1.3810287837454470E-002
           9          12  -7.1513699836780659E-002
           9          13   3.3320977688561487E-002
           9          14   1.2924991128329583E-013
           9          15  -4.4343961471548315E-015
           9          16   1.2728646016193256E-013
           9          17  -5.6750227254594333E-015
           9          18  -6.5076038270972139E-015
           9          19   1.2057528360808496E-013
          10           1   1.0308435882067748E-013
          10           2   3.0351817322692499E-013
          10           3  -2.1225025904742504E-013
          10           4  -7.5913735970250409E-015
          10           5   7.2036480170671602E-002
          10           6  0.10984543265810881     
          10           7 -0.30535740164275849     
          10           8 -0.31829142553357942     
          10           9 -0.48534935724581774     
          10          10  0.46143612594879613     
          10          11   2.1851850281307556E-002
          10          12   3.3320977688562202E-002
          10          13  -3.9849056141825552E-002
          10          14  -2.7731193384549931E-014
          10          15  -2.5725248014832180E-015
          10          16  -2.9968497593887669E-014
          10          17  -4.8621074537877165E-015
          10          18  -8.2649051228954711E-015
          10          19  -3.4837578461403078E-014
          11           1   9.4673446877892858E-014
          11           2   5.0273851587081117E-013
          11           3   7.2583636394274353E-013
          11           4  -1.0539557794762676E-014
          11           5  0.10781439503223042     
          11           6  -3.2114964183256245E-003
          11           7  -5.0815116772591415E-003
          11           8  -8.3515666067517355E-002
          11           9   1.3810287837454470E-002
          11          10   2.1851850281307556E-002
          11          11   9.2788245490428058E-003
          11          12  -9.5290193988727611E-004
          11          13  -1.5077651362714402E-003
          11          14  -1.3381468265077416E-013
          11          15   3.4512920139914119E-015
          11          16  -1.3195391251330971E-013
          11          17   5.2988830484261460E-015
          11          18   8.1513298388153462E-015
          11          19  -1.2550130319699598E-013
          12           1  -1.3356323381480018E-015
          12           2   1.3428174362998687E-014
          12           3   4.8985423864892328E-014
          12           4   1.2364980700890457E-015
          12           5  -3.2114964183271350E-003
          12           6  0.10502341254027812     
          12           7  -7.7485858196465439E-003
          12           8   1.3810287837455349E-002
          12           9  -7.1513699836780659E-002
          12          10   3.3320977688562202E-002
          12          11  -9.5290193988727611E-004
          12          12   8.4506957628549349E-003
          12          13  -2.2991283492496584E-003
          12          14  -9.1856175850797152E-016
          12          15   9.9488422768043570E-016
          12          16  -5.9976920501897844E-016
          12          17   8.4348678745277377E-016
          12          18   7.2623247453116391E-016
          12          19   3.0262977693490224E-016
          13           1  -1.3330739255968750E-013
          13           2  -7.1397709497947543E-013
          13           3  -1.1304744537282006E-012
          13           4   1.9335011283387449E-014
          13           5  -5.0815116772634748E-003
          13           6  -7.7485858196491234E-003
          13           7   9.7659996874227328E-002
          13           8   2.1851850281306665E-002
          13           9   3.3320977688561487E-002
          13          10  -3.9849056141825552E-002
          13          11  -1.5077651362714402E-003
          13          12  -2.2991283492496584E-003
          13          13   6.2658535091720960E-003
          13          14   2.2192476705720896E-013
          13          15  -5.1749601130820827E-015
          13          16   2.1825684351315941E-013
          13          17  -7.6663391234619098E-015
          13          18  -1.2172804025563543E-014
          13          19   2.0788388732665496E-013
          14           1 -0.20069403387281481     
          14           2  -1.4058540330643323     
          14           3  -3.1360946282776565     
          14           4  0.21151961816674683     
          14           5  -5.9412729230436301E-013
          14           6   1.9595659411900998E-013
          14           7   3.9950894013731819E-013
          14           8   4.4522292864429160E-014
          14           9   1.2924991128329583E-013
          14          10  -2.7731193384549931E-014
          14          11  -1.3381468265077416E-013
          14          12  -9.1856175850797152E-016
          14          13   2.2192476705720896E-013
          14          14  0.76710208945821357     
          14          15  -2.7381894757691622E-003
          14          16  0.76510644125948890     
          14          17  -4.3308656096054630E-003
          14          18  -6.6029510821244497E-003
          14          19  0.75984717490705256     
          15           1   7.9155516233853790E-004
          15           2   6.6056982088393678E-003
          15           3   1.7464956882673702E-002
          15           4  -1.9570651241790205E-004
          15           5  -2.5981817641219454E-015
          15           6   1.6267855697737384E-014
          15           7  -1.6338836579546740E-016
          15           8   4.1780029976832304E-016
          15           9  -4.4343961471548315E-015
          15          10  -2.5725248014832180E-015
          15          11   3.4512920139914119E-015
          15          12   9.9488422768043570E-016
          15          13  -5.1749601130820827E-015
          15          14  -2.7381894757691622E-003
          15          15   9.8162812591228409E-005
          15          16  -2.6666275400438334E-003
          15          17   1.5526009464559713E-004
          15          18   2.3671394463245236E-004
          15          19  -2.4780335195453947E-003
          16           1 -0.20011824661366531     
          16           2  -1.4010431796703930     
          16           3  -3.1233639414298167     
          16           4  0.21137698877739364     
          16           5  -6.1828465414773484E-013
          16           6   1.9474167973262117E-013
          16           7   4.0076259757421640E-013
          16           8   4.5578446087904735E-014
          16           9   1.2728646016193256E-013
          16          10  -2.9968497593887669E-014
          16          11  -1.3195391251330971E-013
          16          12  -5.9976920501897844E-016
          16          13   2.1825684351315941E-013
          16          14  0.76510644125948890     
          16          15  -2.6666275400438334E-003
          16          16  0.76316296263698313     
          16          17  -4.2176790303605919E-003
          16          18  -6.4303836122813467E-003
          16          19  0.75804118376527208     
          17           1   1.2519309344314930E-003
          17           2   1.0447813124616749E-002
          17           3   2.7623559707573169E-002
          17           4  -3.0953962223369724E-004
          17           5  -1.0026857389828705E-014
          17           6   2.7243778618302128E-015
          17           7   1.5904797935345706E-014
          17           8   5.3264890772424642E-016
          17           9  -5.6750227254594333E-015
          17          10  -4.8621074537877165E-015
          17          11   5.2988830484261460E-015
          17          12   8.4348678745277377E-016
          17          13  -7.6663391234619098E-015
          17          14  -4.3308656096054630E-003
          17          15   1.5526009464559713E-004
          17          16  -4.2176790303605919E-003
          17          17   2.4556852391113452E-004
          17          18   3.7440073772180540E-004
          17          19  -3.9193876016283095E-003
          18           1   1.9087066093349272E-003
          18           2   1.5928946130325583E-002
          18           3   4.2115635945859063E-002
          18           4  -4.7193211221511003E-004
          18           5  -7.3652657696006927E-015
          18           6  -1.1534060386660810E-014
          18           7   4.8292586816122993E-015
          18           8   3.4400266758988232E-015
          18           9  -6.5076038270972139E-015
          18          10  -8.2649051228954711E-015
          18          11   8.1513298388153462E-015
          18          12   7.2623247453116391E-016
          18          13  -1.2172804025563543E-014
          18          14  -6.6029510821244497E-003
          18          15   2.3671394463245236E-004
          18          16  -6.4303836122813467E-003
          18          17   3.7440073772180540E-004
          18          18   5.7082198555189324E-004
          18          19  -5.9756000374141778E-003
          19           1 -0.19860095500207037     
          19           2  -1.3883651895569435     
          19           3  -3.0898137029536690     
          19           4  0.21100110851292000     
          19           5  -6.2342281258230577E-013
          19           6   1.9561072420965273E-013
          19           7   3.8607123704885754E-013
          19           8   4.9124592305876748E-014
          19           9   1.2057528360808496E-013
          19          10  -3.4837578461403078E-014
          19          11  -1.2550130319699598E-013
          19          12   3.0262977693490224E-016
          19          13   2.0788388732665496E-013
          19          14  0.75984717490705256     
          19          15  -2.4780335195453947E-003
          19          16  0.75804118376527208     
          19          17  -3.9193876016283095E-003
          19          18  -5.9756000374141778E-003
          19          19  0.75328173881950777     
