           1           1   2.2257219014192473     
           1           2 -0.76411370845236803     
           1           3  0.50639432168129195     
           1           4  -4.7996300079175852E-002
           1           5   1.6235174948419064E-002
           1           6  -6.0155278062005648E-015
           1           7   5.0322276671782967E-014
           1           8  -1.9986603182790562E-014
           1           9  -1.1910523168339658E-014
           1          10  -6.1690406381709515E-015
           1          11  -6.3534460476752086E-016
           1          12  -1.9374961388211755E-015
           1          13  -1.3151387249755983E-015
           1          14  -5.0430080157168989E-015
           1          15 -0.11925228655182377     
           1          16  -4.3010361829473587E-015
           1          17 -0.11925228655183510     
           1          18  -1.8962057195939126E-016
           1          19   6.2270242877842412E-015
           1          20 -0.11925228655183420     
           1          21   1.9509050110490422E-002
           1          22  -5.5603947639214847E-015
           1          23   1.9509050110507974E-002
           1          24  -3.4149564114031095E-015
           1          25  -6.0899620697411539E-015
           1          26   1.9509050110495186E-002
           2           1 -0.76411370845236803     
           2           2   2.5943968334248737     
           2           3  -1.9686450310894195     
           2           4  0.17751268355485048     
           2           5  -5.9381598817641316E-002
           2           6   1.8893683555251021E-014
           2           7  -1.5421571451070759E-013
           2           8   5.2972303187645368E-014
           2           9   3.4545939942803533E-014
           2          10   2.1622620128817343E-014
           2          11   4.4793719417179873E-015
           2          12   1.0384805732299836E-014
           2          13   2.5951943249421334E-016
           2          14   2.2643945146145900E-014
           2          15  0.46213632226577767     
           2          16   1.0854262883833709E-014
           2          17  0.46213632226581364     
           2          18   3.7336372612180274E-015
           2          19  -1.8432638772376323E-014
           2          20  0.46213632226582013     
           2          21  -7.4063311091003003E-002
           2          22   1.5933323972250387E-014
           2          23  -7.4063311091053519E-002
           2          24   1.2178003684848331E-014
           2          25   1.0261688930807203E-014
           2          26  -7.4063311091020517E-002
           3           1  0.50639432168129195     
           3           2  -1.9686450310894195     
           3           3   8.1201071369256681     
           3           4 -0.56068903764952782     
           3           5  0.19281256316186274     
           3           6   5.3155482790252150E-014
           3           7   4.3852231094884063E-014
           3           8   3.5656428151670855E-014
           3           9  -2.3050462601077888E-013
           3          10  -6.7487622603296306E-014
           3          11   3.8944886393883311E-014
           3          12   2.2202665374328345E-014
           3          13   1.7596383704682123E-014
           3          14  -2.0137499761088766E-015
           3          15  -1.7631029541013408     
           3          16   9.3420283435422682E-014
           3          17  -1.7631029541013234     
           3          18   1.3865689533493398E-013
           3          19   2.1016653583312297E-013
           3          20  -1.7631029541013847     
           3          21  0.24193491966058678     
           3          22  -1.5020170922196557E-014
           3          23  0.24193491966062383     
           3          24  -1.8683644959838980E-014
           3          25  -3.7647524499062212E-014
           3          26  0.24193491966061798     
           4           1  -4.7996300079175852E-002
           4           2  0.17751268355485048     
           4           3 -0.56068903764952782     
           4           4   4.0184783360341571E-002
           4           5  -1.3653728336692723E-002
           4           6  -4.4571333645516131E-014
           4           7  -5.6420305984749087E-014
           4           8   9.0716740431669292E-014
           4           9   1.8171216339099668E-013
           4          10   8.1392098377224685E-014
           4          11  -5.0534247320704932E-014
           4          12  -1.2456261371975256E-014
           4          13  -6.6017969135619325E-015
           4          14   4.4798750726791190E-015
           4          15  0.12562489561544227     
           4          16  -2.0386669372520834E-014
           4          17  0.12562489561544149     
           4          18   6.3440220399912206E-014
           4          19   2.4627043810736732E-014
           4          20  0.12562489561544571     
           4          21  -1.7139851431590837E-002
           4          22  -3.6890327497241837E-015
           4          23  -1.7139851431594209E-002
           4          24  -1.1465638310429671E-014
           4          25  -9.9498842716150743E-015
           4          26  -1.7139851431593234E-002
           5           1   1.6235174948419064E-002
           5           2  -5.9381598817641316E-002
           5           3  0.19281256316186274     
           5           4  -1.3653728336692723E-002
           5           5   4.6689714647593708E-003
           5           6   2.7670121377235854E-014
           5           7   3.0896715284677451E-014
           5           8  -5.9175972717196792E-014
           5           9  -1.0336796946401612E-013
           5          10  -5.4769651937157342E-014
           5          11   3.4827416769680598E-014
           5          12   6.6565451611678239E-015
           5          13   4.1852652846005425E-015
           5          14  -3.0979412770966595E-015
           5          15  -4.2468585435356129E-002
           5          16   1.7897651317471327E-014
           5          17  -4.2468585435355886E-002
           5          18  -2.7297004888627971E-014
           5          19  -6.5659738725681790E-015
           5          20  -4.2468585435357309E-002
           5          21   5.8576857985001684E-003
           5          22   1.6873328731906304E-015
           5          23   5.8576857985012595E-003
           5          24   4.7791016554568637E-015
           5          25   4.8495834174491666E-015
           5          26   5.8576857985009681E-003
           6           1  -6.0155278062005648E-015
           6           2   1.8893683555251021E-014
           6           3   5.3155482790252150E-014
           6           4  -4.4571333645516131E-014
           6           5   2.7670121377235854E-014
           6           6   2.2746234749701069     
           6           7   4.4235448637448221E-017
           6           8   6.5884797617592602E-015
           6           9 -0.81400029515662953     
           6          10   4.6282422339058776E-015
           6          11  -2.9282132274461966E-015
           6          12   9.7743877461118678E-002
           6          13   9.6144880251674358E-015
           6          14  -6.7506764067636391E-015
           6          15  -2.6802917145033439E-014
           6          16  -1.7991452221225014E-014
           6          17   3.2691385671031631E-015
           6          18  -1.0427362528020192E-014
           6          19  -5.0322399305253322E-014
           6          20  -1.0286851911000210E-015
           6          21   1.7798999792149677E-014
           6          22   8.6349547347418803E-015
           6          23   1.7399976811845044E-014
           6          24  -1.8393745276969779E-016
           6          25   1.8747031418616442E-014
           6          26   5.3512152048738133E-015
           7           1   5.0322276671782967E-014
           7           2  -1.5421571451070759E-013
           7           3   4.3852231094884063E-014
           7           4  -5.6420305984749087E-014
           7           5   3.0896715284677451E-014
           7           6   4.4235448637448221E-017
           7           7   2.2746234749701193     
           7           8   6.1008056245758680E-015
           7           9  -7.2060413192078097E-015
           7          10 -0.81400029515664540     
           7          11   5.5094817597026249E-015
           7          12  -2.3880637051167290E-015
           7          13   9.7743877461129280E-002
           7          14   1.6162635466110668E-014
           7          15  -2.0637691285829629E-014
           7          16   1.3523257376651567E-015
           7          17  -5.9941919444625642E-015
           7          18   2.5810674489950429E-015
           7          19  -2.6256166073327123E-015
           7          20  -1.7137884448143890E-014
           7          21   1.1775393615456471E-014
           7          22   8.6327261320550734E-016
           7          23   1.4173717093398227E-014
           7          24  -8.6899633571478252E-016
           7          25   2.4545602551494049E-015
           7          26   2.6119501189146096E-014
           8           1  -1.9986603182790562E-014
           8           2   5.2972303187645368E-014
           8           3   3.5656428151670855E-014
           8           4   9.0716740431669292E-014
           8           5  -5.9175972717196792E-014
           8           6   6.5884797617592602E-015
           8           7   6.1008056245758680E-015
           8           8   2.2746234749701282     
           8           9  -2.0441981440908193E-014
           8          10  -2.4412763477421228E-014
           8          11 -0.81400029515665795     
           8          12   1.6537118896486293E-014
           8          13   4.0554582261751189E-016
           8          14   9.7743877461132778E-002
           8          15  -2.8599499917754606E-014
           8          16   1.6199719800088491E-014
           8          17  -2.3988302380638375E-014
           8          18   2.7158772890528398E-014
           8          19   3.5003879491370431E-014
           8          20  -3.2410436128294022E-014
           8          21  -2.0648471664070497E-014
           8          22   6.4305027387441084E-015
           8          23  -3.7381164061609607E-014
           8          24  -5.5933155492009635E-015
           8          25  -5.0572706531133399E-015
           8          26  -1.3081069057719500E-014
           9           1  -1.1910523168339658E-014
           9           2   3.4545939942803533E-014
           9           3  -2.3050462601077888E-013
           9           4   1.8171216339099668E-013
           9           5  -1.0336796946401612E-013
           9           6 -0.81400029515662953     
           9           7  -7.2060413192078097E-015
           9           8  -2.0441981440908193E-014
           9           9   2.4058554468537192     
           9          10   1.0290379659495366E-014
           9          11   6.9944050551283296E-015
           9          12 -0.24227013069033834     
           9          13  -4.4725508019373859E-014
           9          14  -8.1393225492835891E-015
           9          15   1.3000674273567952E-013
           9          16   4.7774349832922852E-014
           9          17   1.5147112529216359E-014
           9          18   2.4843545165969200E-014
           9          19   1.2982228204926551E-013
           9          20   3.1884132555685057E-014
           9          21  -5.3797026275722242E-014
           9          22  -1.9991422074413648E-014
           9          23  -5.0692204810394735E-014
           9          24   5.1893390884624787E-015
           9          25  -4.6021594836107349E-014
           9          26  -4.5323871802707156E-014
          10           1  -6.1690406381709515E-015
          10           2   2.1622620128817343E-014
          10           3  -6.7487622603296306E-014
          10           4   8.1392098377224685E-014
          10           5  -5.4769651937157342E-014
          10           6   4.6282422339058776E-015
          10           7 -0.81400029515664540     
          10           8  -2.4412763477421228E-014
          10           9   1.0290379659495366E-014
          10          10   2.4058554468537334     
          10          11   2.9264785039712671E-015
          10          12   1.5085155347094804E-014
          10          13 -0.24227013069036157     
          10          14  -2.5072825760031760E-014
          10          15   2.3082194149067471E-014
          10          16  -4.3662976546237847E-015
          10          17  -1.5379410817370971E-015
          10          18   1.6408183489320592E-014
          10          19   4.0855871851903798E-014
          10          20   3.2853032480790890E-014
          10          21  -2.4178787082700272E-014
          10          22  -8.5592297443206181E-015
          10          23  -2.3582361940626582E-014
          10          24  -4.7203551398671181E-016
          10          25  -2.1664691977976209E-014
          10          26  -4.9747891328654275E-014
          11           1  -6.3534460476752086E-016
          11           2   4.4793719417179873E-015
          11           3   3.8944886393883311E-014
          11           4  -5.0534247320704932E-014
          11           5   3.4827416769680598E-014
          11           6  -2.9282132274461966E-015
          11           7   5.5094817597026249E-015
          11           8 -0.81400029515665795     
          11           9   6.9944050551283296E-015
          11          10   2.9264785039712671E-015
          11          11   2.4058554468537188     
          11          12  -1.5012296961100862E-014
          11          13   2.2356248796653963E-014
          11          14 -0.24227013069032849     
          11          15  -1.9878153851486412E-014
          11          16  -6.1656559169452504E-014
          11          17  -1.9887752207486022E-015
          11          18  -6.4404768531187842E-014
          11          19  -1.0363883651767903E-013
          11          20  -1.9002645449781362E-014
          11          21   9.4812579253305037E-015
          11          22   1.1066207063146904E-014
          11          23   1.3673878049217015E-014
          11          24   1.7421538601945562E-014
          11          25   1.6292449371777491E-014
          11          26   2.5241674895930882E-014
          12           1  -1.9374961388211755E-015
          12           2   1.0384805732299836E-014
          12           3   2.2202665374328345E-014
          12           4  -1.2456261371975256E-014
          12           5   6.6565451611678239E-015
          12           6   9.7743877461118678E-002
          12           7  -2.3880637051167290E-015
          12           8   1.6537118896486293E-014
          12           9 -0.24227013069033834     
          12          10   1.5085155347094804E-014
          12          11  -1.5012296961100862E-014
          12          12   2.6932364301986284E-002
          12          13   2.0187844451678862E-015
          12          14   1.2711186270215737E-015
          12          15  -1.1261165133249975E-014
          12          16  -2.4208664312332388E-014
          12          17  -2.3082375258513516E-015
          12          18  -8.3835359654358185E-015
          12          19  -3.1753327925945851E-014
          12          20  -4.9882555163197268E-015
          12          21   3.8745102070035606E-015
          12          22   2.2166748332184284E-015
          12          23   3.8081796384031076E-015
          12          24   1.2666720814464137E-015
          12          25   5.5946879109726826E-015
          12          26   3.2361774289839863E-015
          13           1  -1.3151387249755983E-015
          13           2   2.5951943249421334E-016
          13           3   1.7596383704682123E-014
          13           4  -6.6017969135619325E-015
          13           5   4.1852652846005425E-015
          13           6   9.6144880251674358E-015
          13           7   9.7743877461129280E-002
          13           8   4.0554582261751189E-016
          13           9  -4.4725508019373859E-014
          13          10 -0.24227013069036157     
          13          11   2.2356248796653963E-014
          13          12   2.0187844451678862E-015
          13          13   2.6932364301989038E-002
          13          14   3.8085311814069951E-016
          13          15  -5.0385022283898447E-015
          13          16   1.2577034223714911E-014
          13          17  -2.9845185168396703E-015
          13          18  -1.9262172431582095E-014
          13          19  -6.9397769712478019E-015
          13          20  -5.7950765259277676E-015
          13          21   2.0435328016751936E-015
          13          22   1.6103670401772406E-015
          13          23   1.9906563557530405E-015
          13          24   3.2069021580313259E-015
          13          25   4.4730467407934862E-015
          13          26   3.7663073441326781E-015
          14           1  -5.0430080157168989E-015
          14           2   2.2643945146145900E-014
          14           3  -2.0137499761088766E-015
          14           4   4.4798750726791190E-015
          14           5  -3.0979412770966595E-015
          14           6  -6.7506764067636391E-015
          14           7   1.6162635466110668E-014
          14           8   9.7743877461132778E-002
          14           9  -8.1393225492835891E-015
          14          10  -2.5072825760031760E-014
          14          11 -0.24227013069032849     
          14          12   1.2711186270215737E-015
          14          13   3.8085311814069951E-016
          14          14   2.6932364301984927E-002
          14          15   4.2846887465001539E-016
          14          16   1.9058650775556665E-014
          14          17  -3.2210860691276117E-016
          14          18  -7.8687568430984140E-015
          14          19   1.0410518667793190E-014
          14          20   3.0655069341120583E-016
          14          21  -9.4588708724540856E-016
          14          22  -7.0836375042320460E-017
          14          23  -1.3756349819411659E-015
          14          24   9.1980841043160349E-016
          14          25   8.2303396823472272E-016
          14          26  -1.8029834327135030E-015
          15           1 -0.11925228655182377     
          15           2  0.46213632226577767     
          15           3  -1.7631029541013408     
          15           4  0.12562489561544227     
          15           5  -4.2468585435356129E-002
          15           6  -2.6802917145033439E-014
          15           7  -2.0637691285829629E-014
          15           8  -2.8599499917754606E-014
          15           9   1.3000674273567952E-013
          15          10   2.3082194149067471E-014
          15          11  -1.9878153851486412E-014
          15          12  -1.1261165133249975E-014
          15          13  -5.0385022283898447E-015
          15          14   4.2846887465001539E-016
          15          15  0.40042357357460867     
          15          16  -2.2335984277433777E-013
          15          17  0.40042357357460429     
          15          18   9.1321353167028017E-013
          15          19   4.5070923981105258E-013
          15          20  0.40042357357461816     
          15          21  -5.3369767336876109E-002
          15          22  -5.3459957483812301E-014
          15          23  -5.3369767336885740E-002
          15          24  -1.6322006557500886E-013
          15          25  -1.5151210036486095E-013
          15          26  -5.3369767336883457E-002
          16           1  -4.3010361829473587E-015
          16           2   1.0854262883833709E-014
          16           3   9.3420283435422682E-014
          16           4  -2.0386669372520834E-014
          16           5   1.7897651317471327E-014
          16           6  -1.7991452221225014E-014
          16           7   1.3523257376651567E-015
          16           8   1.6199719800088491E-014
          16           9   4.7774349832922852E-014
          16          10  -4.3662976546237847E-015
          16          11  -6.1656559169452504E-014
          16          12  -2.4208664312332388E-014
          16          13   1.2577034223714911E-014
          16          14   1.9058650775556665E-014
          16          15  -2.2335984277433777E-013
          16          16   1.7888528362793403     
          16          17  -2.4295386651768207E-013
          16          18  -4.7503806911776358E-002
          16          19  0.48098691313864006     
          16          20   3.3366314613102426E-013
          16          21  -4.5631293485803509E-014
          16          22 -0.22016664666548166     
          16          23  -3.7626836061562650E-015
          16          24   8.7631160287578245E-004
          16          25  -8.8728554658616121E-003
          16          26   7.3991456507255938E-014
          17           1 -0.11925228655183510     
          17           2  0.46213632226581364     
          17           3  -1.7631029541013234     
          17           4  0.12562489561544149     
          17           5  -4.2468585435355886E-002
          17           6   3.2691385671031631E-015
          17           7  -5.9941919444625642E-015
          17           8  -2.3988302380638375E-014
          17           9   1.5147112529216359E-014
          17          10  -1.5379410817370971E-015
          17          11  -1.9887752207486022E-015
          17          12  -2.3082375258513516E-015
          17          13  -2.9845185168396703E-015
          17          14  -3.2210860691276117E-016
          17          15  0.40042357357460429     
          17          16  -2.4295386651768207E-013
          17          17  0.40042357357459984     
          17          18   1.5655852280771727E-013
          17          19  -3.8457293853425064E-015
          17          20  0.40042357357461372     
          17          21  -5.3369767336875790E-002
          17          22  -3.0981096249339142E-015
          17          23  -5.3369767336885421E-002
          17          24  -2.7012231181736970E-014
          17          25  -3.3671060093095572E-014
          17          26  -5.3369767336883131E-002
          18           1  -1.8962057195939126E-016
          18           2   3.7336372612180274E-015
          18           3   1.3865689533493398E-013
          18           4   6.3440220399912206E-014
          18           5  -2.7297004888627971E-014
          18           6  -1.0427362528020192E-014
          18           7   2.5810674489950429E-015
          18           8   2.7158772890528398E-014
          18           9   2.4843545165969200E-014
          18          10   1.6408183489320592E-014
          18          11  -6.4404768531187842E-014
          18          12  -8.3835359654358185E-015
          18          13  -1.9262172431582095E-014
          18          14  -7.8687568430984140E-015
          18          15   9.1321353167028017E-013
          18          16  -4.7503806911776358E-002
          18          17   1.5655852280771727E-013
          18          18   1.1309019375487352     
          18          19  -3.4547912103939718E-002
          18          20  -1.2588676028209318E-012
          18          21  -1.8090591884339063E-013
          18          22   8.7631160288082410E-004
          18          23  -3.9582596758099388E-014
          18          24 -0.20802930348914758     
          18          25   6.3731179035848699E-004
          18          26   2.3864006077709251E-013
          19           1   6.2270242877842412E-015
          19           2  -1.8432638772376323E-014
          19           3   2.1016653583312297E-013
          19           4   2.4627043810736732E-014
          19           5  -6.5659738725681790E-015
          19           6  -5.0322399305253322E-014
          19           7  -2.6256166073327123E-015
          19           8   3.5003879491370431E-014
          19           9   1.2982228204926551E-013
          19          10   4.0855871851903798E-014
          19          11  -1.0363883651767903E-013
          19          12  -3.1753327925945851E-014
          19          13  -6.9397769712478019E-015
          19          14   1.0410518667793190E-014
          19          15   4.5070923981105258E-013
          19          16  0.48098691313864006     
          19          17  -3.8457293853425064E-015
          19          18  -3.4547912103939718E-002
          19          19   1.4772953892760836     
          19          20  -6.9765197078676362E-013
          19          21  -1.5837405711949724E-013
          19          22  -8.8728554658447992E-003
          19          23  -3.8472503653800140E-014
          19          24   6.3731179038675485E-004
          19          25 -0.21441928822169370     
          19          26   2.4116061949663613E-013
          20           1 -0.11925228655183420     
          20           2  0.46213632226582013     
          20           3  -1.7631029541013847     
          20           4  0.12562489561544571     
          20           5  -4.2468585435357309E-002
          20           6  -1.0286851911000210E-015
          20           7  -1.7137884448143890E-014
          20           8  -3.2410436128294022E-014
          20           9   3.1884132555685057E-014
          20          10   3.2853032480790890E-014
          20          11  -1.9002645449781362E-014
          20          12  -4.9882555163197268E-015
          20          13  -5.7950765259277676E-015
          20          14   3.0655069341120583E-016
          20          15  0.40042357357461816     
          20          16   3.3366314613102426E-013
          20          17  0.40042357357461372     
          20          18  -1.2588676028209318E-012
          20          19  -6.9765197078676362E-013
          20          20  0.40042357357462771     
          20          21  -5.3369767336877580E-002
          20          22   7.6630193962422037E-014
          20          23  -5.3369767336887225E-002
          20          24   2.2069818240941623E-013
          20          25   2.2963589672151581E-013
          20          26  -5.3369767336884921E-002
          21           1   1.9509050110490422E-002
          21           2  -7.4063311091003003E-002
          21           3  0.24193491966058678     
          21           4  -1.7139851431590837E-002
          21           5   5.8576857985001684E-003
          21           6   1.7798999792149677E-014
          21           7   1.1775393615456471E-014
          21           8  -2.0648471664070497E-014
          21           9  -5.3797026275722242E-014
          21          10  -2.4178787082700272E-014
          21          11   9.4812579253305037E-015
          21          12   3.8745102070035606E-015
          21          13   2.0435328016751936E-015
          21          14  -9.4588708724540856E-016
          21          15  -5.3369767336876109E-002
          21          16  -4.5631293485803509E-014
          21          17  -5.3369767336875790E-002
          21          18  -1.8090591884339063E-013
          21          19  -1.5837405711949724E-013
          21          20  -5.3369767336877580E-002
          21          21   7.3498986242107062E-003
          21          22   1.2760838523191466E-014
          21          23   7.3498986242120697E-003
          21          24   3.3189637904769757E-014
          21          25   3.2381518013362320E-014
          21          26   7.3498986242117106E-003
          22           1  -5.5603947639214847E-015
          22           2   1.5933323972250387E-014
          22           3  -1.5020170922196557E-014
          22           4  -3.6890327497241837E-015
          22           5   1.6873328731906304E-015
          22           6   8.6349547347418803E-015
          22           7   8.6327261320550734E-016
          22           8   6.4305027387441084E-015
          22           9  -1.9991422074413648E-014
          22          10  -8.5592297443206181E-015
          22          11   1.1066207063146904E-014
          22          12   2.2166748332184284E-015
          22          13   1.6103670401772406E-015
          22          14  -7.0836375042320460E-017
          22          15  -5.3459957483812301E-014
          22          16 -0.22016664666548166     
          22          17  -3.0981096249339142E-015
          22          18   8.7631160288082410E-004
          22          19  -8.8728554658447992E-003
          22          20   7.6630193962422037E-014
          22          21   1.2760838523191466E-014
          22          22   3.8584613506629700E-002
          22          23   2.2084454354057351E-015
          22          24  -1.6165483895595857E-005
          22          25   1.6367922279144858E-004
          22          26  -1.7426679389525290E-014
          23           1   1.9509050110507974E-002
          23           2  -7.4063311091053519E-002
          23           3  0.24193491966062383     
          23           4  -1.7139851431594209E-002
          23           5   5.8576857985012595E-003
          23           6   1.7399976811845044E-014
          23           7   1.4173717093398227E-014
          23           8  -3.7381164061609607E-014
          23           9  -5.0692204810394735E-014
          23          10  -2.3582361940626582E-014
          23          11   1.3673878049217015E-014
          23          12   3.8081796384031076E-015
          23          13   1.9906563557530405E-015
          23          14  -1.3756349819411659E-015
          23          15  -5.3369767336885740E-002
          23          16  -3.7626836061562650E-015
          23          17  -5.3369767336885421E-002
          23          18  -3.9582596758099388E-014
          23          19  -3.8472503653800140E-014
          23          20  -5.3369767336887225E-002
          23          21   7.3498986242120697E-003
          23          22   2.2084454354057351E-015
          23          23   7.3498986242134332E-003
          23          24   7.3256932011395707E-015
          23          25   8.2076433324955808E-015
          23          26   7.3498986242130733E-003
          24           1  -3.4149564114031095E-015
          24           2   1.2178003684848331E-014
          24           3  -1.8683644959838980E-014
          24           4  -1.1465638310429671E-014
          24           5   4.7791016554568637E-015
          24           6  -1.8393745276969779E-016
          24           7  -8.6899633571478252E-016
          24           8  -5.5933155492009635E-015
          24           9   5.1893390884624787E-015
          24          10  -4.7203551398671181E-016
          24          11   1.7421538601945562E-014
          24          12   1.2666720814464137E-015
          24          13   3.2069021580313259E-015
          24          14   9.1980841043160349E-016
          24          15  -1.6322006557500886E-013
          24          16   8.7631160287578245E-004
          24          17  -2.7012231181736970E-014
          24          18 -0.20802930348914758     
          24          19   6.3731179038675485E-004
          24          20   2.2069818240941623E-013
          24          21   3.3189637904769757E-014
          24          22  -1.6165483895595857E-005
          24          23   7.3256932011395707E-015
          24          24   3.8360713669012891E-002
          24          25  -1.1756609696151041E-005
          24          26  -4.3612482842501148E-014
          25           1  -6.0899620697411539E-015
          25           2   1.0261688930807203E-014
          25           3  -3.7647524499062212E-014
          25           4  -9.9498842716150743E-015
          25           5   4.8495834174491666E-015
          25           6   1.8747031418616442E-014
          25           7   2.4545602551494049E-015
          25           8  -5.0572706531133399E-015
          25           9  -4.6021594836107349E-014
          25          10  -2.1664691977976209E-014
          25          11   1.6292449371777491E-014
          25          12   5.5946879109726826E-015
          25          13   4.4730467407934862E-015
          25          14   8.2303396823472272E-016
          25          15  -1.5151210036486095E-013
          25          16  -8.8728554658616121E-003
          25          17  -3.3671060093095572E-014
          25          18   6.3731179035848699E-004
          25          19 -0.21441928822169370     
          25          20   2.2963589672151581E-013
          25          21   3.2381518013362320E-014
          25          22   1.6367922279144858E-004
          25          23   8.2076433324955808E-015
          25          24  -1.1756609696151041E-005
          25          25   3.8478590911440569E-002
          25          26  -4.7220546665984216E-014
          26           1   1.9509050110495186E-002
          26           2  -7.4063311091020517E-002
          26           3  0.24193491966061798     
          26           4  -1.7139851431593234E-002
          26           5   5.8576857985009681E-003
          26           6   5.3512152048738133E-015
          26           7   2.6119501189146096E-014
          26           8  -1.3081069057719500E-014
          26           9  -4.5323871802707156E-014
          26          10  -4.9747891328654275E-014
          26          11   2.5241674895930882E-014
          26          12   3.2361774289839863E-015
          26          13   3.7663073441326781E-015
          26          14  -1.8029834327135030E-015
          26          15  -5.3369767336883457E-002
          26          16   7.3991456507255938E-014
          26          17  -5.3369767336883131E-002
          26          18   2.3864006077709251E-013
          26          19   2.4116061949663613E-013
          26          20  -5.3369767336884921E-002
          26          21   7.3498986242117106E-003
          26          22  -1.7426679389525290E-014
          26          23   7.3498986242130733E-003
          26          24  -4.3612482842501148E-014
          26          25  -4.7220546665984216E-014
          26          26   7.3498986242127150E-003
