           1           1   2.2240731683885007     
           1           2 -0.75971929266033955     
           1           3  0.22688462319320010     
           1           4  -2.4240241471507325E-002
           1           5  -6.7755370901777159E-003
           1           6   2.4532133489057199E-013
           1           7  -2.5099467059655419E-013
           1           8  -2.5379022991589672E-013
           1           9  -5.3253978832197049E-013
           1          10   7.1880654349994656E-013
           1          11   7.3134149962773515E-013
           1          12  -1.1238977612581564E-013
           1          13   2.6581905810712199E-013
           1          14   2.4323150039312195E-013
           1          15   1.0243073157844500E-002
           1          16  -2.1014663752624775E-004
           1          17   1.0920652876311285E-002
           1          18   1.4269894082290437E-003
           1          19  -2.2686627283296382E-003
           1          20   1.1670614823756547E-002
           1          21  -2.8401847250461663E-003
           1          22  -2.3779222717744027E-003
           1          23  -1.3348492120565981E-003
           1          24   4.8081204798733801E-005
           1          25  -1.1109691894956267E-003
           1          26   3.2975839449337317E-004
           2           1 -0.75971929266033955     
           2           2   2.5841242011028958     
           2           3 -0.96997916337496903     
           2           4   8.4733280601486244E-002
           2           5   1.6766322884589256E-002
           2           6  -8.0827334910971734E-013
           2           7   8.6831812991885557E-013
           2           8   8.6458815690381105E-013
           2           9   1.4736667408717970E-012
           2          10  -2.4435032759205722E-012
           2          11  -2.4175503450934305E-012
           2          12   8.7436220199009697E-013
           2          13  -4.9141000466875018E-013
           2          14  -7.0574357611873898E-013
           2          15  -3.3635550924112989E-003
           2          16   1.1113490190532748E-004
           2          17  -5.4649647040041459E-003
           2          18  -5.2715417744825001E-003
           2          19   8.1054213293523403E-003
           2          20  -7.7728678513425218E-003
           2          21   2.1484819444283869E-003
           2          22   6.9443677250718436E-003
           2          23  -2.4434178394459544E-003
           2          24  -6.3905947874915185E-004
           2          25   4.0103135999164053E-003
           2          26  -7.5150692799817679E-003
           3           1  0.22688462319320010     
           3           2 -0.96997916337496903     
           3           3   2.5463474239840362     
           3           4 -0.32584739299711307     
           3           5  -6.9377773079140947E-002
           3           6   1.3787670508286091E-011
           3           7  -2.4683670697085017E-011
           3           8  -2.4004475442921720E-011
           3           9  -3.7642135033027535E-011
           3          10   6.8698478177663745E-011
           3          11   6.6523057441153173E-011
           3          12  -1.1624889512044701E-011
           3          13   4.3235794085970490E-012
           3          14   7.9626117731417714E-012
           3          15  -7.9244678259600479E-003
           3          16   9.6481876481737949E-003
           3          17  -8.2070730028343045E-004
           3          18   3.4625456214113524E-002
           3          19  -4.8493500745044188E-002
           3          20   7.2022599666206541E-003
           3          21  -2.1147373917486747E-002
           3          22  -2.3502361879568241E-002
           3          23  -3.4619275858108235E-003
           3          24   7.9595967820524968E-003
           3          25  -2.2338914104076978E-002
           3          26   1.6172697406017209E-002
           4           1  -2.4240241471507325E-002
           4           2   8.4733280601486244E-002
           4           3 -0.32584739299711307     
           4           4  0.69388477677480953     
           4           5  0.16510910595596692     
           4           6  -6.9208290742561215E-014
           4           7   1.4977876053034326E-012
           4           8   1.1533028590149451E-012
           4           9  -1.9653497559301480E-013
           4          10  -5.2761155430229022E-012
           4          11  -3.8898925468670809E-012
           4          12   1.3203370606704528E-011
           4          13   1.0269488706475840E-012
           4          14  -4.5946935875087413E-012
           4          15  -2.0508434238125605E-002
           4          16   1.9569801027426142E-002
           4          17  -3.5549354718077325E-002
           4          18  -8.1544697292498004E-003
           4          19   2.0649073437081934E-002
           4          20  -5.2594974646898038E-002
           4          21   7.4364835664530046E-002
           4          22   6.7535499973111576E-002
           4          23   3.7098634390489826E-002
           4          24   1.2695169742812052E-002
           4          25   9.9916378540892171E-003
           4          26  -4.2385533459952324E-003
           5           1  -6.7755370901777159E-003
           5           2   1.6766322884589256E-002
           5           3  -6.9377773079140947E-002
           5           4  0.16510910595596692     
           5           5   3.9390648150481253E-002
           5           6  -6.4155419932067743E-012
           5           7  -1.7698174483200808E-012
           5           8   1.2709673074462339E-012
           5           9   2.1392868988332571E-011
           5          10   7.2612099003369265E-012
           5          11  -3.2015381064384231E-012
           5          12  -4.7797489151531033E-011
           5          13  -3.5237248306747407E-011
           5          14  -7.0382215000084406E-012
           5          15  -5.0906124277572086E-003
           5          16   7.3470667205416864E-003
           5          17  -8.6362295122931754E-003
           5          18   2.1543631876212834E-003
           5          19  -3.1434677604976076E-004
           5          20  -1.2844704631181774E-002
           5          21   1.7616432653391339E-002
           5          22   1.7178135922104428E-002
           5          23   8.7722249538757825E-003
           5          24   4.7119895760900036E-003
           5          25   2.0913237953344574E-004
           5          26  -1.1261673458713912E-003
           6           1   2.4532133489057199E-013
           6           2  -8.0827334910971734E-013
           6           3   1.3787670508286091E-011
           6           4  -6.9208290742561215E-014
           6           5  -6.4155419932067743E-012
           6           6   2.2663605503428403     
           6           7   6.2979842677972934E-003
           6           8   1.2138566627820199E-003
           6           9 -0.79194166480595274     
           6          10  -2.1723520237832632E-002
           6          11  -4.1917133944146161E-003
           6          12   7.2478645029280905E-002
           6          13   5.7987863117370531E-002
           6          14   1.1235685588173491E-002
           6          15  -1.0138443766768505E-010
           6          16   3.4315169118366935E-011
           6          17   7.8953411618298516E-011
           6          18   6.1242876837417457E-011
           6          19   7.2262677757842810E-011
           6          20   5.3682732077267062E-012
           6          21  -5.8165354375494669E-011
           6          22   3.1195937800563582E-011
           6          23   5.4392067414062914E-011
           6          24   4.4891609910593652E-011
           6          25   4.3841328568747945E-011
           6          26   4.4968074706237415E-012
           7           1  -2.5099467059655419E-013
           7           2   8.6831812991885557E-013
           7           3  -2.4683670697085017E-011
           7           4   1.4977876053034326E-012
           7           5  -1.7698174483200808E-012
           7           6   6.2979842677972934E-003
           7           7   2.2623318690183893     
           7           8   9.1225391113341223E-004
           7           9  -2.1723527923297528E-002
           7          10 -0.77804769696036347     
           7          11  -3.1393585410030072E-003
           7          12   5.7989756799332118E-002
           7          13   3.5407987532914603E-002
           7          14   8.3135391045670720E-003
           7          15  -5.3402228918408609E-011
           7          16   3.4912991574104155E-011
           7          17   7.2756589991813237E-011
           7          18   5.8426370112536769E-011
           7          19   4.1815144035517422E-011
           7          20   1.3165287907189977E-011
           7          21  -4.6962812734507200E-011
           7          22   1.3037878752598951E-011
           7          23   4.2943243047570847E-011
           7          24   3.2661423685496032E-011
           7          25   3.0956347296253295E-011
           7          26   4.4799865652899302E-012
           8           1  -2.5379022991589672E-013
           8           2   8.6458815690381105E-013
           8           3  -2.4004475442921720E-011
           8           4   1.1533028590149451E-012
           8           5   1.2709673074462339E-012
           8           6   1.2138566627820199E-003
           8           7   9.1225391113341223E-004
           8           8   2.2579006831004715     
           8           9  -4.1917034166850265E-003
           8          10  -3.1393501231382851E-003
           8          11 -0.76276563032596856     
           8          12   1.1233946248381872E-002
           8          13   8.3119989042034804E-003
           8          14  -5.3632845426567245E-003
           8          15  -2.4697543644512162E-012
           8          16   1.6045645534727597E-011
           8          17   2.2264332986584872E-011
           8          18   1.4811861926873073E-011
           8          19   6.4427406978605762E-013
           8          20   1.1412544965180730E-011
           8          21  -1.3264290158883247E-011
           8          22   2.5105732893634091E-013
           8          23   5.7740243556268918E-012
           8          24   5.3032056371149723E-012
           8          25   6.1757122870684002E-012
           8          26   7.5304485100687583E-012
           9           1  -5.3253978832197049E-013
           9           2   1.4736667408717970E-012
           9           3  -3.7642135033027535E-011
           9           4  -1.9653497559301480E-013
           9           5   2.1392868988332571E-011
           9           6 -0.79194166480595274     
           9           7  -2.1723527923297528E-002
           9           8  -4.1917034166850265E-003
           9           9   2.3584529023437213     
           9          10   7.4926775736234144E-002
           9          11   1.4473662280335871E-002
           9          12 -0.26929670369451492     
           9          13 -0.19996675248747559     
           9          14  -3.8783148831143539E-002
           9          15   3.3191717508102085E-010
           9          16  -1.1261965785489106E-010
           9          17  -2.6595469277080711E-010
           9          18  -2.0157763869960756E-010
           9          19  -2.4117351623909484E-010
           9          20  -1.9715354602520488E-011
           9          21   2.0348125579334149E-010
           9          22  -1.0560055547570467E-010
           9          23  -1.9028590806104661E-010
           9          24  -1.5535087065153691E-010
           9          25  -1.5348150187286371E-010
           9          26  -1.6432485096535556E-011
          10           1   7.1880654349994656E-013
          10           2  -2.4435032759205722E-012
          10           3   6.8698478177663745E-011
          10           4  -5.2761155430229022E-012
          10           5   7.2612099003369265E-012
          10           6  -2.1723520237832632E-002
          10           7 -0.77804769696036347     
          10           8  -3.1393501231382851E-003
          10           9   7.4926775736234144E-002
          10          10   2.3105381168996457     
          10          11   1.0803608138613937E-002
          10          12 -0.19997324386021378     
          10          13 -0.14147775341503926     
          10          14  -2.8611219799840340E-002
          10          15   1.8328058479918845E-010
          10          16  -1.1699390377261431E-010
          10          17  -2.3324283764062069E-010
          10          18  -1.9417008119774071E-010
          10          19  -1.3630406207514384E-010
          10          20  -4.0561766676853679E-011
          10          21   1.6254131512133176E-010
          10          22  -4.9142535236373039E-011
          10          23  -1.4808460875020351E-010
          10          24  -1.1471066030439974E-010
          10          25  -1.0696670496262666E-010
          10          26  -1.4888557104204091E-011
          11           1   7.3134149962773515E-013
          11           2  -2.4175503450934305E-012
          11           3   6.6523057441153173E-011
          11           4  -3.8898925468670809E-012
          11           5  -3.2015381064384231E-012
          11           6  -4.1917133944146161E-003
          11           7  -3.1393585410030072E-003
          11           8 -0.76276563032596856     
          11           9   1.4473662280335871E-002
          11          10   1.0803608138613937E-002
          11          11   2.2578364801382329     
          11          12  -3.8777214230552859E-002
          11          13  -2.8605960736297890E-002
          11          14  -8.9969816594470957E-004
          11          15   1.3004163810446894E-011
          11          16  -5.1658329347366127E-011
          11          17  -7.0104526607659529E-011
          11          18  -5.1131613365020583E-011
          11          19   8.2089922685383597E-013
          11          20  -2.9234600921030113E-011
          11          21   4.4620196818102441E-011
          11          22  -3.7553791514129537E-012
          11          23  -2.0991374378042525E-011
          11          24  -1.9736245465437161E-011
          11          25  -2.0105918822612131E-011
          11          26  -2.2621108840600679E-011
          12           1  -1.1238977612581564E-013
          12           2   8.7436220199009697E-013
          12           3  -1.1624889512044701E-011
          12           4   1.3203370606704528E-011
          12           5  -4.7797489151531033E-011
          12           6   7.2478645029280905E-002
          12           7   5.7989756799332118E-002
          12           8   1.1233946248381872E-002
          12           9 -0.26929670369451492     
          12          10 -0.19997324386021378     
          12          11  -3.8777214230552859E-002
          12          12  0.73024679819466853     
          12          13  0.53328539046817991     
          12          14  0.10377736117520404     
          12          15  -6.9701127598162604E-010
          12          16   2.6795908289010745E-010
          12          17   6.4560706008765089E-010
          12          18   4.5423364305192989E-010
          12          19   5.5762180728795413E-010
          12          20   6.8116006875971694E-011
          12          21  -5.7948135397321273E-010
          12          22   2.3961233377222344E-010
          12          23   5.3706692391217792E-010
          12          24   4.0355200663359610E-010
          12          25   4.4039075111118992E-010
          12          26   5.4926504246836132E-011
          13           1   2.6581905810712199E-013
          13           2  -4.9141000466875018E-013
          13           3   4.3235794085970490E-012
          13           4   1.0269488706475840E-012
          13           5  -3.5237248306747407E-011
          13           6   5.7987863117370531E-002
          13           7   3.5407987532914603E-002
          13           8   8.3119989042034804E-003
          13           9 -0.19996675248747559     
          13          10 -0.14147775341503926     
          13          11  -2.8605960736297890E-002
          13          12  0.53328539046817991     
          13          13  0.38951078396410238     
          13          14   7.5769417432905814E-002
          13          15  -5.0198868191128813E-010
          13          16   2.4997203000067644E-010
          13          17   4.5539381582103988E-010
          13          18   4.4008897744162728E-010
          13          19   2.9760342383400723E-010
          13          20   4.7794431039846669E-011
          13          21  -4.2212726617423172E-010
          13          22   1.9629735013556923E-010
          13          23   3.8289696844042353E-010
          13          24   3.4008862559718867E-010
          13          25   2.7675226517485994E-010
          13          26   3.7974220894514729E-011
          14           1   2.4323150039312195E-013
          14           2  -7.0574357611873898E-013
          14           3   7.9626117731417714E-012
          14           4  -4.5946935875087413E-012
          14           5  -7.0382215000084406E-012
          14           6   1.1235685588173491E-002
          14           7   8.3135391045670720E-003
          14           8  -5.3632845426567245E-003
          14           9  -3.8783148831143539E-002
          14          10  -2.8611219799840340E-002
          14          11  -8.9969816594470957E-004
          14          12  0.10377736117520404     
          14          13   7.5769417432905814E-002
          14          14   1.4793031876809984E-002
          14          15  -1.0830870168429088E-010
          14          16   8.7884174614578358E-011
          14          17   9.9291583136552349E-011
          14          18   1.2383477564120107E-010
          14          19  -1.5781787801169737E-011
          14          20   3.1577568947248365E-012
          14          21  -8.8382347457640091E-011
          14          22   5.4318197823367051E-011
          14          23   7.8536490451319252E-011
          14          24   8.1042267246876134E-011
          14          25   2.2904855599905267E-011
          14          26   3.8393719446096266E-012
          15           1   1.0243073157844500E-002
          15           2  -3.3635550924112989E-003
          15           3  -7.9244678259600479E-003
          15           4  -2.0508434238125605E-002
          15           5  -5.0906124277572086E-003
          15           6  -1.0138443766768505E-010
          15           7  -5.3402228918408609E-011
          15           8  -2.4697543644512162E-012
          15           9   3.3191717508102085E-010
          15          10   1.8328058479918845E-010
          15          11   1.3004163810446894E-011
          15          12  -6.9701127598162604E-010
          15          13  -5.0198868191128813E-010
          15          14  -1.0830870168429088E-010
          15          15  0.11735405227827936     
          15          16  -7.7779552739316540E-002
          15          17 -0.15486768767710146     
          15          18  0.16941962906313734     
          15          19  0.10974112633679389     
          15          20   4.1961679876206658E-002
          15          21   5.2432219765954732E-002
          15          22  -3.7997287490008330E-002
          15          23  -7.4334232248884205E-002
          15          24   7.9258240282777406E-002
          15          25   5.1076640337645640E-002
          15          26   1.8938501216636174E-002
          16           1  -2.1014663752624775E-004
          16           2   1.1113490190532748E-004
          16           3   9.6481876481737949E-003
          16           4   1.9569801027426142E-002
          16           5   7.3470667205416864E-003
          16           6   3.4315169118366935E-011
          16           7   3.4912991574104155E-011
          16           8   1.6045645534727597E-011
          16           9  -1.1261965785489106E-010
          16          10  -1.1699390377261431E-010
          16          11  -5.1658329347366127E-011
          16          12   2.6795908289010745E-010
          16          13   2.4997203000067644E-010
          16          14   8.7884174614578358E-011
          16          15  -7.7779552739316540E-002
          16          16  0.13890240018687205     
          16          17   9.1609227848519978E-002
          16          18   3.2781613537321730E-002
          16          19 -0.24349175611250590     
          16          20  -3.5561789055610894E-002
          16          21  -3.6049841359916297E-002
          16          22   6.1430072054229012E-002
          16          23   4.2780788646506071E-002
          16          24   7.8194058637579417E-003
          16          25 -0.10424619983311341     
          16          26  -1.7487313812826893E-002
          17           1   1.0920652876311285E-002
          17           2  -5.4649647040041459E-003
          17           3  -8.2070730028343045E-004
          17           4  -3.5549354718077325E-002
          17           5  -8.6362295122931754E-003
          17           6   7.8953411618298516E-011
          17           7   7.2756589991813237E-011
          17           8   2.2264332986584872E-011
          17           9  -2.6595469277080711E-010
          17          10  -2.3324283764062069E-010
          17          11  -7.0104526607659529E-011
          17          12   6.4560706008765089E-010
          17          13   4.5539381582103988E-010
          17          14   9.9291583136552349E-011
          17          15 -0.15486768767710146     
          17          16   9.1609227848519978E-002
          17          17  0.21237863606667914     
          17          18 -0.24402119435765834     
          17          19 -0.12775743060013076     
          17          20  -5.0054421837840389E-002
          17          21  -7.6982981938041345E-002
          17          22   4.0352879259379054E-002
          17          23   9.6747088823532140E-002
          17          24 -0.11472037085151601     
          17          25  -6.0600993448597130E-002
          17          26  -2.4637829878384025E-002
          18           1   1.4269894082290437E-003
          18           2  -5.2715417744825001E-003
          18           3   3.4625456214113524E-002
          18           4  -8.1544697292498004E-003
          18           5   2.1543631876212834E-003
          18           6   6.1242876837417457E-011
          18           7   5.8426370112536769E-011
          18           8   1.4811861926873073E-011
          18           9  -2.0157763869960756E-010
          18          10  -1.9417008119774071E-010
          18          11  -5.1131613365020583E-011
          18          12   4.5423364305192989E-010
          18          13   4.4008897744162728E-010
          18          14   1.2383477564120107E-010
          18          15  0.16941962906313734     
          18          16   3.2781613537321730E-002
          18          17 -0.24402119435765834     
          18          18  0.48707163541387721     
          18          19 -0.12470710758796669     
          18          20   4.6751500720781436E-002
          18          21   7.5411906428243025E-002
          18          22   6.3672301445293622E-003
          18          23 -0.11772841605824252     
          18          24  0.21569810193343564     
          18          25  -4.2990649017813465E-002
          18          26   1.9472827710224051E-002
          19           1  -2.2686627283296382E-003
          19           2   8.1054213293523403E-003
          19           3  -4.8493500745044188E-002
          19           4   2.0649073437081934E-002
          19           5  -3.1434677604976076E-004
          19           6   7.2262677757842810E-011
          19           7   4.1815144035517422E-011
          19           8   6.4427406978605762E-013
          19           9  -2.4117351623909484E-010
          19          10  -1.3630406207514384E-010
          19          11   8.2089922685383597E-013
          19          12   5.5762180728795413E-010
          19          13   2.9760342383400723E-010
          19          14  -1.5781787801169737E-011
          19          15  0.10974112633679389     
          19          16 -0.24349175611250590     
          19          17 -0.12775743060013076     
          19          18 -0.12470710758796669     
          19          19  0.44061566210801872     
          19          20   5.0939805863314480E-002
          19          21   5.7751579885964167E-002
          19          22 -0.10210958167715953     
          19          23  -5.4974156260711032E-002
          19          24  -4.2430016657257444E-002
          19          25  0.18734814958065213     
          19          26   2.7268018089122624E-002
          20           1   1.1670614823756547E-002
          20           2  -7.7728678513425218E-003
          20           3   7.2022599666206541E-003
          20           4  -5.2594974646898038E-002
          20           5  -1.2844704631181774E-002
          20           6   5.3682732077267062E-012
          20           7   1.3165287907189977E-011
          20           8   1.1412544965180730E-011
          20           9  -1.9715354602520488E-011
          20          10  -4.0561766676853679E-011
          20          11  -2.9234600921030113E-011
          20          12   6.8116006875971694E-011
          20          13   4.7794431039846669E-011
          20          14   3.1577568947248365E-012
          20          15   4.1961679876206658E-002
          20          16  -3.5561789055610894E-002
          20          17  -5.0054421837840389E-002
          20          18   4.6751500720781436E-002
          20          19   5.0939805863314480E-002
          20          20   1.8759057453796545E-002
          20          21   1.3305400137175245E-002
          20          22  -2.0544373771692926E-002
          20          23  -2.7594933529606774E-002
          20          24   2.1463606859306525E-002
          20          25   2.2894319069396478E-002
          20          26   7.1528445145059840E-003
          21           1  -2.8401847250461663E-003
          21           2   2.1484819444283869E-003
          21           3  -2.1147373917486747E-002
          21           4   7.4364835664530046E-002
          21           5   1.7616432653391339E-002
          21           6  -5.8165354375494669E-011
          21           7  -4.6962812734507200E-011
          21           8  -1.3264290158883247E-011
          21           9   2.0348125579334149E-010
          21          10   1.6254131512133176E-010
          21          11   4.4620196818102441E-011
          21          12  -5.7948135397321273E-010
          21          13  -4.2212726617423172E-010
          21          14  -8.8382347457640091E-011
          21          15   5.2432219765954732E-002
          21          16  -3.6049841359916297E-002
          21          17  -7.6982981938041345E-002
          21          18   7.5411906428243025E-002
          21          19   5.7751579885964167E-002
          21          20   1.3305400137175245E-002
          21          21   3.3806477794266238E-002
          21          22  -1.0443752238569377E-002
          21          23  -3.0123405828069647E-002
          21          24   3.7451184026420663E-002
          21          25   2.6717235655382823E-002
          21          26   8.6334497396759018E-003
          22           1  -2.3779222717744027E-003
          22           2   6.9443677250718436E-003
          22           3  -2.3502361879568241E-002
          22           4   6.7535499973111576E-002
          22           5   1.7178135922104428E-002
          22           6   3.1195937800563582E-011
          22           7   1.3037878752598951E-011
          22           8   2.5105732893634091E-013
          22           9  -1.0560055547570467E-010
          22          10  -4.9142535236373039E-011
          22          11  -3.7553791514129537E-012
          22          12   2.3961233377222344E-010
          22          13   1.9629735013556923E-010
          22          14   5.4318197823367051E-011
          22          15  -3.7997287490008330E-002
          22          16   6.1430072054229012E-002
          22          17   4.0352879259379054E-002
          22          18   6.3672301445293622E-003
          22          19 -0.10210958167715953     
          22          20  -2.0544373771692926E-002
          22          21  -1.0443752238569377E-002
          22          22   3.2312382440532514E-002
          22          23   2.3450103053679772E-002
          22          24   1.3160167505800874E-003
          22          25  -4.3788729096093493E-002
          22          26  -8.2355149000269516E-003
          23           1  -1.3348492120565981E-003
          23           2  -2.4434178394459544E-003
          23           3  -3.4619275858108235E-003
          23           4   3.7098634390489826E-002
          23           5   8.7722249538757825E-003
          23           6   5.4392067414062914E-011
          23           7   4.2943243047570847E-011
          23           8   5.7740243556268918E-012
          23           9  -1.9028590806104661E-010
          23          10  -1.4808460875020351E-010
          23          11  -2.0991374378042525E-011
          23          12   5.3706692391217792E-010
          23          13   3.8289696844042353E-010
          23          14   7.8536490451319252E-011
          23          15  -7.4334232248884205E-002
          23          16   4.2780788646506071E-002
          23          17   9.6747088823532140E-002
          23          18 -0.11772841605824252     
          23          19  -5.4974156260711032E-002
          23          20  -2.7594933529606774E-002
          23          21  -3.0123405828069647E-002
          23          22   2.3450103053679772E-002
          23          23   4.8474337583289229E-002
          23          24  -5.3914089683631324E-002
          23          25  -2.6268738171228777E-002
          23          26  -1.1628578540735252E-002
          24           1   4.8081204798733801E-005
          24           2  -6.3905947874915185E-004
          24           3   7.9595967820524968E-003
          24           4   1.2695169742812052E-002
          24           5   4.7119895760900036E-003
          24           6   4.4891609910593652E-011
          24           7   3.2661423685496032E-011
          24           8   5.3032056371149723E-012
          24           9  -1.5535087065153691E-010
          24          10  -1.1471066030439974E-010
          24          11  -1.9736245465437161E-011
          24          12   4.0355200663359610E-010
          24          13   3.4008862559718867E-010
          24          14   8.1042267246876134E-011
          24          15   7.9258240282777406E-002
          24          16   7.8194058637579417E-003
          24          17 -0.11472037085151601     
          24          18  0.21569810193343564     
          24          19  -4.2430016657257444E-002
          24          20   2.1463606859306525E-002
          24          21   3.7451184026420663E-002
          24          22   1.3160167505800874E-003
          24          23  -5.3914089683631324E-002
          24          24   9.6293848016334060E-002
          24          25  -1.3502013162350980E-002
          24          26   9.5182034361432199E-003
          25           1  -1.1109691894956267E-003
          25           2   4.0103135999164053E-003
          25           3  -2.2338914104076978E-002
          25           4   9.9916378540892171E-003
          25           5   2.0913237953344574E-004
          25           6   4.3841328568747945E-011
          25           7   3.0956347296253295E-011
          25           8   6.1757122870684002E-012
          25           9  -1.5348150187286371E-010
          25          10  -1.0696670496262666E-010
          25          11  -2.0105918822612131E-011
          25          12   4.4039075111118992E-010
          25          13   2.7675226517485994E-010
          25          14   2.2904855599905267E-011
          25          15   5.1076640337645640E-002
          25          16 -0.10424619983311341     
          25          17  -6.0600993448597130E-002
          25          18  -4.2990649017813465E-002
          25          19  0.18734814958065213     
          25          20   2.2894319069396478E-002
          25          21   2.6717235655382823E-002
          25          22  -4.3788729096093493E-002
          25          23  -2.6268738171228777E-002
          25          24  -1.3502013162350980E-002
          25          25   7.9897474233108140E-002
          25          26   1.2179027933217873E-002
          26           1   3.2975839449337317E-004
          26           2  -7.5150692799817679E-003
          26           3   1.6172697406017209E-002
          26           4  -4.2385533459952324E-003
          26           5  -1.1261673458713912E-003
          26           6   4.4968074706237415E-012
          26           7   4.4799865652899302E-012
          26           8   7.5304485100687583E-012
          26           9  -1.6432485096535556E-011
          26          10  -1.4888557104204091E-011
          26          11  -2.2621108840600679E-011
          26          12   5.4926504246836132E-011
          26          13   3.7974220894514729E-011
          26          14   3.8393719446096266E-012
          26          15   1.8938501216636174E-002
          26          16  -1.7487313812826893E-002
          26          17  -2.4637829878384025E-002
          26          18   1.9472827710224051E-002
          26          19   2.7268018089122624E-002
          26          20   7.1528445145059840E-003
          26          21   8.6334497396759018E-003
          26          22  -8.2355149000269516E-003
          26          23  -1.1628578540735252E-002
          26          24   9.5182034361432199E-003
          26          25   1.2179027933217873E-002
          26          26   3.4669137101186456E-003
