           1           1   2.2277090213822186     
           1           2 -0.76699080671811737     
           1           3  0.21009173473328102     
           1           4  -1.2324072217184746E-002
           1           5  -1.7466028312053624E-002
           1           6  -3.1271711449250138E-010
           1           7  -1.8954516787715560E-011
           1           8   1.0577936297266081E-010
           1           9   1.1954804267740756E-009
           1          10   6.1873944171377907E-011
           1          11   5.8447846463719695E-010
           1          12   6.4465040991100711E-011
           1          13  -1.0838996253549806E-010
           1          14  -2.3451909510396744E-010
           1          15   2.2475006738316712E-002
           1          16   1.2440804368020193E-009
           1          17   9.3801367550127510E-003
           1          18  -1.8645036626725403E-011
           1          19  -5.8007020757643578E-009
           1          20   2.2474964448603724E-002
           1          21   3.0449832411524238E-003
           1          22  -1.1910123600605204E-009
           1          23  -1.3371325026207020E-003
           1          24  -2.2376837402061526E-011
           1          25  -2.6824057819608327E-009
           1          26   3.0449673695557436E-003
           2           1 -0.76699080671811737     
           2           2   2.5910975018817188     
           2           3 -0.91747034404357564     
           2           4   4.6202934802767645E-002
           2           5   4.7849707364906714E-002
           2           6   1.0770428713305806E-009
           2           7   6.1986732753093326E-011
           2           8  -3.5868517065652185E-010
           2           9  -3.9241026315031221E-009
           2          10  -1.9940925183735276E-010
           2          11  -1.6371480705191220E-009
           2          12  -2.4249718276160388E-010
           2          13   3.3984077949055435E-010
           2          14   6.6250328645541383E-010
           2          15  -4.0255962074786628E-002
           2          16  -7.7453531843768455E-009
           2          17   2.5491368741547577E-003
           2          18   4.7335000657315413E-011
           2          19   1.7851605005245407E-008
           2          20  -4.0255826879417062E-002
           2          21  -1.5161875489229575E-002
           2          22   2.8493364574839833E-009
           2          23  -1.7329855843862246E-003
           2          24   6.6023625021872000E-011
           2          25   8.3928353421546228E-009
           2          26  -1.5161826505896071E-002
           3           1  0.21009173473328102     
           3           2 -0.91747034404357564     
           3           3   2.2578011073147461     
           3           4 -0.13361704768107163     
           3           5 -0.13783915479943509     
           3           6   9.5935066528442312E-010
           3           7  -5.5257744079956145E-011
           3           8  -3.7254311478752770E-009
           3           9  -2.6782557678812403E-009
           3          10   4.6151797452218393E-010
           3          11   1.1925003123196183E-008
           3          12   3.5589854954575877E-010
           3          13  -1.0482844611192213E-009
           3          14  -1.3506208239846278E-009
           3          15  0.10443701945075329     
           3          16  -1.6914349639287169E-008
           3          17  -7.8350689838775425E-002
           3          18  -3.7504049527689759E-010
           3          19  -1.1253284245345795E-007
           3          20  0.10443635783023088     
           3          21   4.5447739430456380E-002
           3          22  -2.7153319163068425E-008
           3          23  -3.0723582897526330E-002
           3          24  -3.3231091112758669E-010
           3          25  -5.6877238785942307E-008
           3          26   4.5447445967194758E-002
           4           1  -1.2324072217184746E-002
           4           2   4.6202934802767645E-002
           4           3 -0.13361704768107163     
           4           4  0.25428852329633073     
           4           5  0.32250427285538430     
           4           6   1.0620815291617569E-008
           4           7   2.9188912545959762E-010
           4           8   6.9829659826578345E-009
           4           9  -3.0583681941659609E-008
           4          10  -9.7532484172551008E-010
           4          11  -2.1071491685462519E-008
           4          12  -4.5853247766804639E-010
           4          13   1.7160469904509744E-009
           4          14   4.1490507882328323E-009
           4          15 -0.10962344625882771     
           4          16   8.6001237679716587E-008
           4          17  0.11750942017146584     
           4          18   7.9117051292041954E-010
           4          19   1.3976553028537157E-007
           4          20 -0.10962261874409102     
           4          21  -4.0436682732625073E-002
           4          22   5.0983432237562235E-008
           4          23   6.9698796003828542E-002
           4          24   4.9348459561071327E-010
           4          25   6.5890917698482646E-008
           4          26  -4.0436292872043512E-002
           5           1  -1.7466028312053624E-002
           5           2   4.7849707364906714E-002
           5           3 -0.13783915479943509     
           5           4  0.32250427285538430     
           5           5  0.47109370411165907     
           5           6   3.1454235012262791E-009
           5           7   2.7423279914131146E-010
           5           8  -4.4195804409482878E-009
           5           9  -8.4960490090751006E-009
           5          10  -8.9297207636313937E-010
           5          11   1.2351882699061986E-008
           5          12   2.8154397345029818E-010
           5          13   2.0722279324847398E-009
           5          14   8.6050251799506356E-009
           5          15  -6.7272852286782189E-002
           5          16   6.7185497577165959E-009
           5          17  -2.2381417210360119E-002
           5          18   1.3138769531945272E-010
           5          19  -4.6157745591018023E-009
           5          20  -6.7272749795536851E-002
           5          21  -1.0875117989420823E-002
           5          22   4.7884275096255255E-009
           5          23  -1.5246359981620605E-002
           5          24   1.2063605027812040E-010
           5          25  -1.2034187106721755E-008
           5          26  -1.0875130129418679E-002
           6           1  -3.1271711449250138E-010
           6           2   1.0770428713305806E-009
           6           3   9.5935066528442312E-010
           6           4   1.0620815291617569E-008
           6           5   3.1454235012262791E-009
           6           6   2.2648860265987159     
           6           7   9.7410668941415087E-008
           6           8  -1.3206702582566775E-010
           6           9 -0.77042350686364669     
           6          10  -1.9768619941691281E-007
           6          11  -1.3133047780465625E-009
           6          12  -1.8039997587015844E-002
           6          13   5.6257172197729148E-009
           6          14   2.0483401220922352E-009
           6          15  -7.2738466268629379E-009
           6          16   9.6862063923867854E-010
           6          17   1.4207428262155602E-009
           6          18   3.8621131303785593E-009
           6          19  -1.4496581449323743E-010
           6          20  -4.6427840469204426E-009
           6          21  -5.1674488845411243E-009
           6          22   5.3011766271661359E-010
           6          23  -1.2572124145302995E-009
           6          24   1.6209681573445969E-009
           6          25  -6.1434471156008640E-009
           6          26   4.1833987994101092E-011
           7           1  -1.8954516787715560E-011
           7           2   6.1986732753093326E-011
           7           3  -5.5257744079956145E-011
           7           4   2.9188912545959762E-010
           7           5   2.7423279914131146E-010
           7           6   9.7410668941415087E-008
           7           7   2.2638296587682847     
           7           8   5.8458830394556423E-008
           7           9  -1.9571785088214005E-007
           7          10 -0.76712979310333218     
           7          11   4.8440143746111749E-008
           7          12   8.3937087928918306E-009
           7          13  -2.2784852070643371E-002
           7          14   1.5390421344515174E-009
           7          15   1.0685700270983114E-010
           7          16   2.3337303367659815E-010
           7          17  -1.6622222864634388E-010
           7          18  -5.9783988045116112E-011
           7          19  -1.2320023431600470E-009
           7          20  -2.2506315711344123E-010
           7          21   2.6637269904789820E-011
           7          22   7.3286807698374437E-011
           7          23   1.0381501602189033E-010
           7          24   1.0531328560422217E-010
           7          25  -6.3921069043782926E-010
           7          26  -1.2878190978015691E-011
           8           1   1.0577936297266081E-010
           8           2  -3.5868517065652185E-010
           8           3  -3.7254311478752770E-009
           8           4   6.9829659826578345E-009
           8           5  -4.4195804409482878E-009
           8           6  -1.3206702582566775E-010
           8           7   5.8458830394556423E-008
           8           8   2.2648860246435678     
           8           9   1.6703070665825107E-010
           8          10   4.9460416918654163E-008
           8          11 -0.77042349957537681     
           8          12   2.1581651523254995E-009
           8          13   3.5607154745963333E-009
           8          14  -1.8040009857897089E-002
           8          15   7.1222205417022401E-010
           8          16  -1.0592952061008061E-009
           8          17  -1.8609253391473292E-009
           8          18  -2.0339587013533277E-009
           8          19  -1.0296164196553854E-009
           8          20   3.2036790050419048E-009
           8          21  -1.3066739681061616E-010
           8          22  -1.2293297547493839E-009
           8          23  -1.8653962930049156E-009
           8          24  -2.2367391245892582E-010
           8          25   1.9252308223966805E-009
           8          26  -2.1617797028263540E-009
           9           1   1.1954804267740756E-009
           9           2  -3.9241026315031221E-009
           9           3  -2.6782557678812403E-009
           9           4  -3.0583681941659609E-008
           9           5  -8.4960490090751006E-009
           9           6 -0.77042350686364669     
           9           7  -1.9571785088214005E-007
           9           8   1.6703070665825107E-010
           9           9   2.2426076959663233     
           9          10   5.5648643777474855E-007
           9          11   4.2056605841495634E-009
           9          12   3.5870742880630621E-002
           9          13  -1.4777195517874372E-008
           9          14  -5.4978869038420432E-009
           9          15   2.0396455887909519E-008
           9          16  -2.3252262907770539E-009
           9          17  -3.7511140905403856E-009
           9          18  -1.0755631432424164E-008
           9          19   6.6166599707543865E-010
           9          20   1.2593714966596574E-008
           9          21   1.4576283741713207E-008
           9          22  -1.3545368555406480E-009
           9          23   3.7841252440267555E-009
           9          24  -4.4282822188958217E-009
           9          25   1.6883416320242107E-008
           9          26   3.2753720024194105E-010
          10           1   6.1873944171377907E-011
          10           2  -1.9940925183735276E-010
          10           3   4.6151797452218393E-010
          10           4  -9.7532484172551008E-010
          10           5  -8.9297207636313937E-010
          10           6  -1.9768619941691281E-007
          10           7 -0.76712979310333218     
          10           8   4.9460416918654163E-008
          10           9   5.5648643777474855E-007
          10          10   2.2324014862766690     
          10          11  -1.3551385492319564E-007
          10          12  -2.2329008668145402E-008
          10          13   4.9481849972954017E-002
          10          14  -4.5447506537943753E-009
          10          15  -5.0279100627885660E-010
          10          16  -3.4868498543224039E-010
          10          17   4.7350912808497473E-010
          10          18   1.6154606730999272E-010
          10          19   4.2141772097561263E-009
          10          20   5.6088009660186621E-010
          10          21  -1.1644308663173797E-011
          10          22  -2.3738541013054401E-010
          10          23  -4.1806310736477188E-010
          10          24  -3.0212020975940117E-010
          10          25   2.3556074640609913E-009
          10          26   1.3318935383433460E-010
          11           1   5.8447846463719695E-010
          11           2  -1.6371480705191220E-009
          11           3   1.1925003123196183E-008
          11           4  -2.1071491685462519E-008
          11           5   1.2351882699061986E-008
          11           6  -1.3133047780465625E-009
          11           7   4.8440143746111749E-008
          11           8 -0.77042349957537681     
          11           9   4.2056605841495634E-009
          11          10  -1.3551385492319564E-007
          11          11   2.2426076703888969     
          11          12  -5.5964772051478287E-009
          11          13  -1.0098345038142542E-008
          11          14   3.5870777863399615E-002
          11          15  -2.2383514049409689E-009
          11          16   3.4473862667941504E-009
          11          17   4.8593651815504367E-009
          11          18   5.9132944396750755E-009
          11          19   3.5445864643219405E-009
          11          20  -9.8643779585693682E-009
          11          21   3.2179707284842812E-010
          11          22   3.4767763665947462E-009
          11          23   6.0236048230735882E-009
          11          24   6.0292914695722009E-010
          11          25  -5.5219707429948493E-009
          11          26   6.3776853854919873E-009
          12           1   6.4465040991100711E-011
          12           2  -2.4249718276160388E-010
          12           3   3.5589854954575877E-010
          12           4  -4.5853247766804639E-010
          12           5   2.8154397345029818E-010
          12           6  -1.8039997587015844E-002
          12           7   8.3937087928918306E-009
          12           8   2.1581651523254995E-009
          12           9   3.5870742880630621E-002
          12          10  -2.2329008668145402E-008
          12          11  -5.5964772051478287E-009
          12          12   6.2593913989555656E-004
          12          13  -9.9488914843192240E-010
          12          14  -2.2283221824990568E-010
          12          15   1.2067637627506705E-009
          12          16  -1.8838515847772843E-009
          12          17  -6.9663903753841870E-010
          12          18  -2.1655830645771172E-010
          12          19  -2.7713355272898579E-009
          12          20  -8.1282543788772604E-011
          12          21   7.2209523439528981E-010
          12          22  -1.0091090381934623E-009
          12          23  -2.9804145490101037E-010
          12          24  -8.7950273457977141E-011
          12          25  -1.1633353466284970E-009
          12          26  -1.3696282816670847E-010
          13           1  -1.0838996253549806E-010
          13           2   3.3984077949055435E-010
          13           3  -1.0482844611192213E-009
          13           4   1.7160469904509744E-009
          13           5   2.0722279324847398E-009
          13           6   5.6257172197729148E-009
          13           7  -2.2784852070643371E-002
          13           8   3.5607154745963333E-009
          13           9  -1.4777195517874372E-008
          13          10   4.9481849972954017E-002
          13          11  -1.0098345038142542E-008
          13          12  -9.9488914843192240E-010
          13          13   1.1254589578943636E-003
          13          14  -2.6358426929793204E-010
          13          15  -3.3379123944699511E-010
          13          16  -3.0352667687407121E-009
          13          17   1.1195468094209512E-009
          13          18   2.5982866211010586E-012
          13          19  -1.4632526848825926E-008
          13          20  -1.4269697644319595E-009
          13          21  -6.7810583714876320E-011
          13          22  -1.6417054953434092E-009
          13          23   6.5152637131163412E-010
          13          24  -7.5187145203358651E-012
          13          25  -7.8906349628671613E-009
          13          26  -6.2954277711099494E-010
          14           1  -2.3451909510396744E-010
          14           2   6.6250328645541383E-010
          14           3  -1.3506208239846278E-009
          14           4   4.1490507882328323E-009
          14           5   8.6050251799506356E-009
          14           6   2.0483401220922352E-009
          14           7   1.5390421344515174E-009
          14           8  -1.8040009857897089E-002
          14           9  -5.4978869038420432E-009
          14          10  -4.5447506537943753E-009
          14          11   3.5870777863399615E-002
          14          12  -2.2283221824990568E-010
          14          13  -2.6358426929793204E-010
          14          14   6.2593983280930107E-004
          14          15   2.0756906379482156E-009
          14          16  -8.9701576882204891E-009
          14          17  -4.8576815231094524E-009
          14          18   1.0452026404204263E-010
          14          19  -7.0199887619662204E-009
          14          20  -3.3844222939508771E-010
          14          21   1.5179983991962685E-009
          14          22  -4.8018448372092176E-009
          14          23  -2.8964732002963526E-009
          14          24   1.3131512544610270E-011
          14          25  -3.9256390595673759E-009
          14          26   4.8489226637146548E-010
          15           1   2.2475006738316712E-002
          15           2  -4.0255962074786628E-002
          15           3  0.10443701945075329     
          15           4 -0.10962344625882771     
          15           5  -6.7272852286782189E-002
          15           6  -7.2738466268629379E-009
          15           7   1.0685700270983114E-010
          15           8   7.1222205417022401E-010
          15           9   2.0396455887909519E-008
          15          10  -5.0279100627885660E-010
          15          11  -2.2383514049409689E-009
          15          12   1.2067637627506705E-009
          15          13  -3.3379123944699511E-010
          15          14   2.0756906379482156E-009
          15          15  0.58274713121559230     
          15          16   9.8110780950702412E-009
          15          17 -0.24844555536606494     
          15          18  -1.7628084436294068E-009
          15          19   3.7275742629514304E-008
          15          20 -0.32181018547343193     
          15          21  0.29294881737313067     
          15          22   1.6739349625892868E-008
          15          23 -0.14965649693870978     
          15          24  -1.0020980499314603E-009
          15          25   2.0022852884280962E-008
          15          26 -0.16457907794854928     
          16           1   1.2440804368020193E-009
          16           2  -7.7453531843768455E-009
          16           3  -1.6914349639287169E-008
          16           4   8.6001237679716587E-008
          16           5   6.7185497577165959E-009
          16           6   9.6862063923867854E-010
          16           7   2.3337303367659815E-010
          16           8  -1.0592952061008061E-009
          16           9  -2.3252262907770539E-009
          16          10  -3.4868498543224039E-010
          16          11   3.4473862667941504E-009
          16          12  -1.8838515847772843E-009
          16          13  -3.0352667687407121E-009
          16          14  -8.9701576882204891E-009
          16          15   9.8110780950702412E-009
          16          16  0.58156497048318467     
          16          17  -4.3100417912696787E-008
          16          18  -1.1662985632510627E-007
          16          19  -1.4861621829403801E-009
          16          20   5.2405648956132663E-008
          16          21   2.9413068241713466E-008
          16          22  0.31350457280529626     
          16          23   4.8658286012825397E-009
          16          24  -5.5870020594035756E-008
          16          25  -4.5263602905427101E-010
          16          26   1.0164787100619979E-008
          17           1   9.3801367550127510E-003
          17           2   2.5491368741547577E-003
          17           3  -7.8350689838775425E-002
          17           4  0.11750942017146584     
          17           5  -2.2381417210360119E-002
          17           6   1.4207428262155602E-009
          17           7  -1.6622222864634388E-010
          17           8  -1.8609253391473292E-009
          17           9  -3.7511140905403856E-009
          17          10   4.7350912808497473E-010
          17          11   4.8593651815504367E-009
          17          12  -6.9663903753841870E-010
          17          13   1.1195468094209512E-009
          17          14  -4.8576815231094524E-009
          17          15 -0.24844555536606494     
          17          16  -4.3100417912696787E-008
          17          17  0.53014443825825586     
          17          18   2.7898945447470147E-009
          17          19  -1.2399246532235118E-008
          17          20 -0.24844581835507548     
          17          21 -0.13016167294115330     
          17          22  -8.4303738606370672E-009
          17          23  0.32040547646742024     
          17          24   1.6297422910351386E-009
          17          25  -1.7830786421084662E-008
          17          26 -0.13016174164370101     
          18           1  -1.8645036626725403E-011
          18           2   4.7335000657315413E-011
          18           3  -3.7504049527689759E-010
          18           4   7.9117051292041954E-010
          18           5   1.3138769531945272E-010
          18           6   3.8621131303785593E-009
          18           7  -5.9783988045116112E-011
          18           8  -2.0339587013533277E-009
          18           9  -1.0755631432424164E-008
          18          10   1.6154606730999272E-010
          18          11   5.9132944396750755E-009
          18          12  -2.1655830645771172E-010
          18          13   2.5982866211010586E-012
          18          14   1.0452026404204263E-010
          18          15  -1.7628084436294068E-009
          18          16  -1.1662985632510627E-007
          18          17   2.7898945447470147E-009
          18          18   4.3245722649176543E-013
          18          19  -4.8766612065470409E-007
          18          20  -9.3493380512522345E-010
          18          21  -9.0242991702421176E-010
          18          22  -6.2871727613793662E-008
          18          23   1.6869919745214744E-009
          18          24   2.1810340874573876E-013
          18          25  -2.6288649670474411E-007
          18          26  -4.8369033757788393E-010
          19           1  -5.8007020757643578E-009
          19           2   1.7851605005245407E-008
          19           3  -1.1253284245345795E-007
          19           4   1.3976553028537157E-007
          19           5  -4.6157745591018023E-009
          19           6  -1.4496581449323743E-010
          19           7  -1.2320023431600470E-009
          19           8  -1.0296164196553854E-009
          19           9   6.6166599707543865E-010
          19          10   4.2141772097561263E-009
          19          11   3.5445864643219405E-009
          19          12  -2.7713355272898579E-009
          19          13  -1.4632526848825926E-008
          19          14  -7.0199887619662204E-009
          19          15   3.7275742629514304E-008
          19          16  -1.4861621829403801E-009
          19          17  -1.2399246532235118E-008
          19          18  -4.8766612065470409E-007
          19          19  0.58156492872833387     
          19          20   2.2717566653449883E-008
          19          21   4.0750020134411129E-008
          19          22   1.5777244406691249E-009
          19          23  -4.1546633827331135E-009
          19          24  -2.4667300395987559E-007
          19          25  0.31350458861315733     
          19          26   4.6005152746986037E-008
          20           1   2.2474964448603724E-002
          20           2  -4.0255826879417062E-002
          20           3  0.10443635783023088     
          20           4 -0.10962261874409102     
          20           5  -6.7272749795536851E-002
          20           6  -4.6427840469204426E-009
          20           7  -2.2506315711344123E-010
          20           8   3.2036790050419048E-009
          20           9   1.2593714966596574E-008
          20          10   5.6088009660186621E-010
          20          11  -9.8643779585693682E-009
          20          12  -8.1282543788772604E-011
          20          13  -1.4269697644319595E-009
          20          14  -3.3844222939508771E-010
          20          15 -0.32181018547343193     
          20          16   5.2405648956132663E-008
          20          17 -0.24844581835507548     
          20          18  -9.3493380512522345E-010
          20          19   2.2717566653449883E-008
          20          20  0.58274754901428194     
          20          21 -0.16457898120156364     
          20          22   2.3181896180356332E-009
          20          23 -0.14965649751030652     
          20          24  -5.9116707219444142E-010
          20          25   2.6269927754424694E-008
          20          26  0.29294908709971118     
          21           1   3.0449832411524238E-003
          21           2  -1.5161875489229575E-002
          21           3   4.5447739430456380E-002
          21           4  -4.0436682732625073E-002
          21           5  -1.0875117989420823E-002
          21           6  -5.1674488845411243E-009
          21           7   2.6637269904789820E-011
          21           8  -1.3066739681061616E-010
          21           9   1.4576283741713207E-008
          21          10  -1.1644308663173797E-011
          21          11   3.2179707284842812E-010
          21          12   7.2209523439528981E-010
          21          13  -6.7810583714876320E-011
          21          14   1.5179983991962685E-009
          21          15  0.29294881737313067     
          21          16   2.9413068241713466E-008
          21          17 -0.13016167294115330     
          21          18  -9.0242991702421176E-010
          21          19   4.0750020134411129E-008
          21          20 -0.16457898120156364     
          21          21  0.14845402185343406     
          21          22   2.1520414928510624E-008
          21          23  -7.8468313975921286E-002
          21          24  -5.1115608024286099E-010
          21          25   2.1500666933905313E-008
          21          26  -8.2964960824458089E-002
          22           1  -1.1910123600605204E-009
          22           2   2.8493364574839833E-009
          22           3  -2.7153319163068425E-008
          22           4   5.0983432237562235E-008
          22           5   4.7884275096255255E-009
          22           6   5.3011766271661359E-010
          22           7   7.3286807698374437E-011
          22           8  -1.2293297547493839E-009
          22           9  -1.3545368555406480E-009
          22          10  -2.3738541013054401E-010
          22          11   3.4767763665947462E-009
          22          12  -1.0091090381934623E-009
          22          13  -1.6417054953434092E-009
          22          14  -4.8018448372092176E-009
          22          15   1.6739349625892868E-008
          22          16  0.31350457280529626     
          22          17  -8.4303738606370672E-009
          22          18  -6.2871727613793662E-008
          22          19   1.5777244406691249E-009
          22          20   2.3181896180356332E-009
          22          21   2.1520414928510624E-008
          22          22  0.16900109559242216     
          22          23   1.1332709559566885E-008
          22          24  -3.0117886040025618E-008
          22          25   1.0383764989001201E-009
          22          26  -7.7640198447968336E-009
          23           1  -1.3371325026207020E-003
          23           2  -1.7329855843862246E-003
          23           3  -3.0723582897526330E-002
          23           4   6.9698796003828542E-002
          23           5  -1.5246359981620605E-002
          23           6  -1.2572124145302995E-009
          23           7   1.0381501602189033E-010
          23           8  -1.8653962930049156E-009
          23           9   3.7841252440267555E-009
          23          10  -4.1806310736477188E-010
          23          11   6.0236048230735882E-009
          23          12  -2.9804145490101037E-010
          23          13   6.5152637131163412E-010
          23          14  -2.8964732002963526E-009
          23          15 -0.14965649693870978     
          23          16   4.8658286012825397E-009
          23          17  0.32040547646742024     
          23          18   1.6869919745214744E-009
          23          19  -4.1546633827331135E-009
          23          20 -0.14965649751030652     
          23          21  -7.8468313975921286E-002
          23          22   1.1332709559566885E-008
          23          23  0.19381457089511298     
          23          24   9.8435302252141053E-010
          23          25  -8.9904310350039838E-009
          23          26  -7.8468275005147844E-002
          24           1  -2.2376837402061526E-011
          24           2   6.6023625021872000E-011
          24           3  -3.3231091112758669E-010
          24           4   4.9348459561071327E-010
          24           5   1.2063605027812040E-010
          24           6   1.6209681573445969E-009
          24           7   1.0531328560422217E-010
          24           8  -2.2367391245892582E-010
          24           9  -4.4282822188958217E-009
          24          10  -3.0212020975940117E-010
          24          11   6.0292914695722009E-010
          24          12  -8.7950273457977141E-011
          24          13  -7.5187145203358651E-012
          24          14   1.3131512544610270E-011
          24          15  -1.0020980499314603E-009
          24          16  -5.5870020594035756E-008
          24          17   1.6297422910351386E-009
          24          18   2.1810340874573876E-013
          24          19  -2.4667300395987559E-007
          24          20  -5.9116707219444142E-010
          24          21  -5.1115608024286099E-010
          24          22  -3.0117886040025618E-008
          24          23   9.8435302252141053E-010
          24          24   1.1001713086409567E-013
          24          25  -1.3297417861300806E-007
          24          26  -3.0330714254738576E-010
          25           1  -2.6824057819608327E-009
          25           2   8.3928353421546228E-009
          25           3  -5.6877238785942307E-008
          25           4   6.5890917698482646E-008
          25           5  -1.2034187106721755E-008
          25           6  -6.1434471156008640E-009
          25           7  -6.3921069043782926E-010
          25           8   1.9252308223966805E-009
          25           9   1.6883416320242107E-008
          25          10   2.3556074640609913E-009
          25          11  -5.5219707429948493E-009
          25          12  -1.1633353466284970E-009
          25          13  -7.8906349628671613E-009
          25          14  -3.9256390595673759E-009
          25          15   2.0022852884280962E-008
          25          16  -4.5263602905427101E-010
          25          17  -1.7830786421084662E-008
          25          18  -2.6288649670474411E-007
          25          19  0.31350458861315733     
          25          20   2.6269927754424694E-008
          25          21   2.1500666933905313E-008
          25          22   1.0383764989001201E-009
          25          23  -8.9904310350039838E-009
          25          24  -1.3297417861300806E-007
          25          25  0.16900112476936777     
          25          26   3.1462829085204980E-008
          26           1   3.0449673695557436E-003
          26           2  -1.5161826505896071E-002
          26           3   4.5447445967194758E-002
          26           4  -4.0436292872043512E-002
          26           5  -1.0875130129418679E-002
          26           6   4.1833987994101092E-011
          26           7  -1.2878190978015691E-011
          26           8  -2.1617797028263540E-009
          26           9   3.2753720024194105E-010
          26          10   1.3318935383433460E-010
          26          11   6.3776853854919873E-009
          26          12  -1.3696282816670847E-010
          26          13  -6.2954277711099494E-010
          26          14   4.8489226637146548E-010
          26          15 -0.16457907794854928     
          26          16   1.0164787100619979E-008
          26          17 -0.13016174164370101     
          26          18  -4.8369033757788393E-010
          26          19   4.6005152746986037E-008
          26          20  0.29294908709971118     
          26          21  -8.2964960824458089E-002
          26          22  -7.7640198447968336E-009
          26          23  -7.8468275005147844E-002
          26          24  -3.0330714254738576E-010
          26          25   3.1462829085204980E-008
          26          26  0.14845418059447338     
