           1           1   2.2283924376712463     
           1           2 -0.76689534543638960     
           1           3  0.51183537172216353     
           1           4  -2.8634732946013271E-002
           1           5   1.1550919317314449E-002
           1           6  -5.7471742048559913E-014
           1           7  -1.9958321411543310E-014
           1           8   1.6493772763875354E-015
           1           9   2.5122515549817926E-015
           1          10   2.0043430191694931E-015
           1          11   1.6330660108848148E-015
           1          12  -2.0523364534167372E-015
           1          13   1.6189703518786140E-015
           1          14  -4.9853548003336077E-016
           1          15 -0.12284874853088745     
           1          16   2.9081001344765746E-016
           1          17 -0.12023143966489637     
           1          18   1.8545169704270824E-015
           1          19   1.5859430195379049E-015
           1          20 -0.12303484743056985     
           1          21   1.1078199798594108E-002
           1          22  -1.1019787642504786E-015
           1          23   1.0795206653280313E-002
           1          24  -5.1241485381060541E-016
           1          25   3.6551502451877049E-015
           1          26   1.1098065144113066E-002
           2           1 -0.76689534543638960     
           2           2   2.5816145201601994     
           2           3  -1.9761883298140730     
           2           4  0.10627554055164642     
           2           5  -4.2246445288472767E-002
           2           6   1.6776372243748129E-013
           2           7   6.2208872290664593E-014
           2           8  -5.4825780046796527E-015
           2           9  -4.9755045330805520E-015
           2          10  -4.3979016674384878E-015
           2          11  -6.7303078357521796E-015
           2          12   5.2953149836715325E-015
           2          13  -3.6540425658601858E-015
           2          14   1.1634839001061620E-015
           2          15  0.47518321573437367     
           2          16  -9.7452345565017963E-016
           2          17  0.46486620072454832     
           2          18  -6.0166488989972504E-015
           2          19  -7.2441477644827293E-015
           2          20  0.47591764037931578     
           2          21  -4.2943450918933104E-002
           2          22   2.4424818844091379E-015
           2          23  -4.1770276106784493E-002
           2          24   4.5363275377413648E-015
           2          25  -1.4335115041167720E-014
           2          26  -4.3026179029993630E-002
           3           1  0.51183537172216353     
           3           2  -1.9761883298140730     
           3           3   8.4119232506464421     
           3           4 -0.32489359854401811     
           3           5  0.13723872200231010     
           3           6   1.4400449305913994E-014
           3           7  -2.5518033447191037E-014
           3           8   8.4020802117794551E-016
           3           9  -1.8433687636278554E-016
           3          10   3.1829291966251189E-014
           3          11   1.8371384298149880E-014
           3          12  -3.1120302657857423E-015
           3          13   3.5570320875135354E-015
           3          14  -2.4491480896916220E-015
           3          15  -1.8834236281379344     
           3          16  -6.2344458677860421E-014
           3          17  -1.8409909635746524     
           3          18  -6.6704466059006139E-014
           3          19  -4.6267327659843584E-014
           3          20  -1.8864594636365428     
           3          21  0.13592416687055991     
           3          22   1.2349870447607332E-014
           3          23  0.13006318883787615     
           3          24   9.0543757747914648E-015
           3          25   1.4495309439896180E-014
           3          26  0.13634385692996179     
           4           1  -2.8634732946013271E-002
           4           2  0.10627554055164642     
           4           3 -0.32489359854401811     
           4           4   1.3213596672020135E-002
           4           5  -5.4583265569256856E-003
           4           6   1.6119445833575782E-013
           4           7   1.3100940730647508E-014
           4           8   9.4335805368394127E-015
           4           9  -3.3646331412405398E-014
           4          10  -3.0137586958715833E-014
           4          11  -1.8128730624173783E-014
           4          12   5.0933398517187197E-015
           4          13   3.7380058581522307E-015
           4          14   2.3913382913996288E-015
           4          15   7.5252735909114341E-002
           4          16   1.0649966223655255E-014
           4          17   7.3923746168228499E-002
           4          18   1.0642106701484865E-014
           4          19   1.1149563841374749E-014
           4          20   7.5347776218720477E-002
           4          21  -5.3819615092221404E-003
           4          22  -2.2545330888108859E-015
           4          23  -5.2012493757875033E-003
           4          24  -1.6983114231653972E-015
           4          25  -2.3523667133715286E-015
           4          26  -5.3948873530196475E-003
           5           1   1.1550919317314449E-002
           5           2  -4.2246445288472767E-002
           5           3  0.13723872200231010     
           5           4  -5.4583265569256856E-003
           5           5   2.2903263167355116E-003
           5           6  -4.6804499594192473E-014
           5           7  -1.6188341402104282E-015
           5           8  -5.3320790848596260E-015
           5           9   1.2393330847122792E-014
           5          10   1.0055090865291834E-015
           5          11   6.6694019563335839E-015
           5          12  -1.8528696023551964E-015
           5          13  -4.9190494227894576E-016
           5          14  -8.7135531235677193E-016
           5          15  -3.0940614278700991E-002
           5          16  -3.5957553528027403E-016
           5          17  -3.0251306583105431E-002
           5          18  -1.7048192571260428E-015
           5          19  -2.6388742903007151E-016
           5          20  -3.0989918028597969E-002
           5          21   2.2735571054634789E-003
           5          22   1.3153594488991262E-016
           5          23   2.1792048299039955E-003
           5          24   2.4242384326808108E-016
           5          25   2.0770334489105589E-016
           5          26   2.2803090775833429E-003
           6           1  -5.7471742048559913E-014
           6           2   1.6776372243748129E-013
           6           3   1.4400449305913994E-014
           6           4   1.6119445833575782E-013
           6           5  -4.6804499594192473E-014
           6           6   2.2828203604699291     
           6           7  -1.2940535290250912E-011
           6           8   9.9904206491447580E-011
           6           9 -0.82436422058746106     
           6          10   2.1601789708985367E-013
           6          11  -2.2553372645393940E-012
           6          12   8.9332862889290668E-002
           6          13  -9.1491131974654121E-014
           6          14   7.5958531592098962E-013
           6          15   4.8475778169519820E-015
           6          16  -3.3555605870827290E-016
           6          17  -5.3313760317354713E-015
           6          18   9.2450079341402760E-015
           6          19   2.7750099381917212E-014
           6          20  -5.8721796560368877E-014
           6          21  -5.3139495772286386E-014
           6          22   1.8134592167614777E-014
           6          23  -6.5977678190861742E-014
           6          24  -2.5297535921848167E-014
           6          25  -6.6435242778719494E-015
           6          26  -1.9349230598280221E-014
           7           1  -1.9958321411543310E-014
           7           2   6.2208872290664593E-014
           7           3  -2.5518033447191037E-014
           7           4   1.3100940730647508E-014
           7           5  -1.6188341402104282E-015
           7           6  -1.2940535290250912E-011
           7           7   2.2829367434530932     
           7           8  -9.6356604088440426E-013
           7           9   1.9530209666366127E-013
           7          10 -0.82479474636198646     
           7          11   4.9320602453212114E-015
           7          12  -9.1178252732798651E-014
           7          13   9.0114523110568084E-002
           7          14  -8.9491535611983681E-015
           7          15   1.2122602465034325E-014
           7          16  -7.3696819140383004E-015
           7          17  -7.2113792172895167E-016
           7          18   3.8281329942058731E-015
           7          19   2.6531775645312927E-016
           7          20   4.8290864856112911E-015
           7          21  -5.5286255993658608E-015
           7          22   4.9390397748787489E-015
           7          23   3.3649269484083049E-015
           7          24  -1.5098384803120848E-015
           7          25  -9.6105045278252977E-016
           7          26  -5.5120592302126383E-015
           8           1   1.6493772763875354E-015
           8           2  -5.4825780046796527E-015
           8           3   8.4020802117794551E-016
           8           4   9.4335805368394127E-015
           8           5  -5.3320790848596260E-015
           8           6   9.9904206491447580E-011
           8           7  -9.6356604088440426E-013
           8           8   2.2828113581312781     
           8           9  -2.2495963595532401E-012
           8          10   1.6278025997720086E-015
           8          11 -0.82433095862889638     
           8          12   7.6354558781951839E-013
           8          13  -7.8043885152274208E-015
           8          14   8.9272707298984857E-002
           8          15   2.5036683090368330E-015
           8          16  -1.2709438063254384E-015
           8          17  -3.7431039222687290E-015
           8          18   1.1629118180815032E-015
           8          19   5.4485004539003508E-015
           8          20  -3.2474890945009283E-015
           8          21  -4.1012900685960240E-015
           8          22  -4.6252647453862907E-017
           8          23  -5.5532594058379684E-016
           8          24  -3.2648346951837389E-016
           8          25  -1.6240586057656128E-015
           8          26  -1.2484481356945569E-015
           9           1   2.5122515549817926E-015
           9           2  -4.9755045330805520E-015
           9           3  -1.8433687636278554E-016
           9           4  -3.3646331412405398E-014
           9           5   1.2393330847122792E-014
           9           6 -0.82436422058746106     
           9           7   1.9530209666366127E-013
           9           8  -2.2495963595532401E-012
           9           9   2.3967602730904742     
           9          10   3.2535021697873635E-013
           9          11  -2.3360375735452309E-013
           9          12 -0.21641928749619349     
           9          13  -1.4672067753772232E-014
           9          14   1.1730691708439357E-015
           9          15  -1.8139315843637389E-014
           9          16  -2.0648463622297010E-015
           9          17   2.0098549546776861E-014
           9          18  -2.4648671281890335E-014
           9          19  -1.3736863169170907E-014
           9          20   1.4364078774007550E-014
           9          21   1.5907082122572469E-014
           9          22  -1.8801244791960488E-015
           9          23  -2.2311065432266406E-015
           9          24   4.3766352810557548E-015
           9          25   3.6385447191927713E-015
           9          26   4.8706619309309984E-015
          10           1   2.0043430191694931E-015
          10           2  -4.3979016674384878E-015
          10           3   3.1829291966251189E-014
          10           4  -3.0137586958715833E-014
          10           5   1.0055090865291834E-015
          10           6   2.1601789708985367E-013
          10           7 -0.82479474636198646     
          10           8   1.6278025997720086E-015
          10           9   3.2535021697873635E-013
          10          10   2.3983478592799945     
          10          11   5.1142924028958769E-014
          10          12  -2.6306568866995277E-014
          10          13 -0.21915325250601272     
          10          14   4.7736915975827047E-015
          10          15  -2.0051181444037020E-014
          10          16   2.4753420827246869E-014
          10          17   1.4912191391893476E-014
          10          18  -1.5755926508599725E-014
          10          19  -6.9855220878264551E-015
          10          20   4.1167009838522348E-015
          10          21   1.6459083360693908E-014
          10          22  -1.7082250902959671E-014
          10          23  -1.1168208685860058E-014
          10          24   5.8775292275425744E-015
          10          25   7.7344495462480333E-015
          10          26   1.0131252963492885E-014
          11           1   1.6330660108848148E-015
          11           2  -6.7303078357521796E-015
          11           3   1.8371384298149880E-014
          11           4  -1.8128730624173783E-014
          11           5   6.6694019563335839E-015
          11           6  -2.2553372645393940E-012
          11           7   4.9320602453212114E-015
          11           8 -0.82433095862889638     
          11           9  -2.3360375735452309E-013
          11          10   5.1142924028958769E-014
          11          11   2.3966377737329170     
          11          12  -2.3950975454692289E-015
          11          13  -9.1927541672209229E-016
          11          14 -0.21620929535424965     
          11          15  -2.9147843237367607E-014
          11          16   2.3566964049398841E-015
          11          17   1.0839651549180994E-014
          11          18  -1.2263673638115098E-014
          11          19  -2.0694366960120668E-014
          11          20   1.0695940122559589E-014
          11          21   1.0771129058274876E-014
          11          22  -2.4481794245267694E-015
          11          23  -4.0790180081407023E-015
          11          24   2.3335988919297515E-015
          11          25   4.2036154177426133E-015
          11          26   2.5647918701128912E-015
          12           1  -2.0523364534167372E-015
          12           2   5.2953149836715325E-015
          12           3  -3.1120302657857423E-015
          12           4   5.0933398517187197E-015
          12           5  -1.8528696023551964E-015
          12           6   8.9332862889290668E-002
          12           7  -9.1178252732798651E-014
          12           8   7.6354558781951839E-013
          12           9 -0.21641928749619349     
          12          10  -2.6306568866995277E-014
          12          11  -2.3950975454692289E-015
          12          12   2.2357033219069448E-002
          12          13   7.8266734429532578E-016
          12          14   4.7212313928478101E-015
          12          15  -5.5153693859324372E-016
          12          16   1.4472036512623645E-015
          12          17  -2.4376662053567713E-015
          12          18   3.7177497548815211E-015
          12          19   1.4892728725628264E-015
          12          20   2.3914101253310746E-015
          12          21  -1.6763916861404003E-015
          12          22   3.7223564788507467E-016
          12          23  -6.9932797736038349E-017
          12          24  -7.1718009797043950E-016
          12          25  -4.2269976059833511E-016
          12          26  -1.4500920347305802E-015
          13           1   1.6189703518786140E-015
          13           2  -3.6540425658601858E-015
          13           3   3.5570320875135354E-015
          13           4   3.7380058581522307E-015
          13           5  -4.9190494227894576E-016
          13           6  -9.1491131974654121E-014
          13           7   9.0114523110568084E-002
          13           8  -7.8043885152274208E-015
          13           9  -1.4672067753772232E-014
          13          10 -0.21915325250601272     
          13          11  -9.1927541672209229E-016
          13          12   7.8266734429532578E-016
          13          13   2.2662874259170011E-002
          13          14  -9.7148006423034761E-016
          13          15   1.5620634195594565E-014
          13          16  -4.3313482505529690E-016
          13          17  -3.3111941405033036E-015
          13          18   6.3943143956147281E-015
          13          19   4.8319065783146940E-015
          13          20  -1.6540980283344996E-014
          13          21  -4.5147790949460961E-015
          13          22   1.0567542944034737E-015
          13          23   8.8983350132578928E-016
          13          24  -1.2155182420009595E-015
          13          25  -1.5800997251410282E-015
          13          26   1.4680665965428467E-015
          14           1  -4.9853548003336077E-016
          14           2   1.1634839001061620E-015
          14           3  -2.4491480896916220E-015
          14           4   2.3913382913996288E-015
          14           5  -8.7135531235677193E-016
          14           6   7.5958531592098962E-013
          14           7  -8.9491535611983681E-015
          14           8   8.9272707298984857E-002
          14           9   1.1730691708439357E-015
          14          10   4.7736915975827047E-015
          14          11 -0.21620929535424965     
          14          12   4.7212313928478101E-015
          14          13  -9.7148006423034761E-016
          14          14   2.2334035445294158E-002
          14          15   2.0349649262783985E-014
          14          16  -2.3257955604843421E-015
          14          17  -8.5055461580725758E-016
          14          18   1.2486519067309278E-016
          14          19  -2.6713494578682432E-016
          14          20  -1.8489239164598504E-014
          14          21  -4.3813404207671556E-015
          14          22   7.6769663183282172E-016
          14          23   3.0519395349979799E-016
          14          24   5.8871886378336269E-018
          14          25  -7.5067276516245611E-017
          14          26   2.6926126586935021E-015
          15           1 -0.12284874853088745     
          15           2  0.47518321573437367     
          15           3  -1.8834236281379344     
          15           4   7.5252735909114341E-002
          15           5  -3.0940614278700991E-002
          15           6   4.8475778169519820E-015
          15           7   1.2122602465034325E-014
          15           8   2.5036683090368330E-015
          15           9  -1.8139315843637389E-014
          15          10  -2.0051181444037020E-014
          15          11  -2.9147843237367607E-014
          15          12  -5.5153693859324372E-016
          15          13   1.5620634195594565E-014
          15          14   2.0349649262783985E-014
          15          15   1.2534675190960831     
          15          16  -2.7810453063991681E-014
          15          17  0.46509492597549701     
          15          18   3.6936340150528347E-013
          15          19   3.5654188044016629E-013
          15          20 -0.39943927965906567     
          15          21 -0.17482193976164578     
          15          22  -2.9041491559788705E-015
          15          23  -3.4681934039903980E-002
          15          24  -6.3324246549964321E-014
          15          25  -4.5912857842815331E-014
          15          26  0.11956229261653756     
          16           1   2.9081001344765746E-016
          16           2  -9.7452345565017963E-016
          16           3  -6.2344458677860421E-014
          16           4   1.0649966223655255E-014
          16           5  -3.5957553528027403E-016
          16           6  -3.3555605870827290E-016
          16           7  -7.3696819140383004E-015
          16           8  -1.2709438063254384E-015
          16           9  -2.0648463622297010E-015
          16          10   2.4753420827246869E-014
          16          11   2.3566964049398841E-015
          16          12   1.4472036512623645E-015
          16          13  -4.3313482505529690E-016
          16          14  -2.3257955604843421E-015
          16          15  -2.7810453063991681E-014
          16          16   2.1049677654376056     
          16          17  -2.1507382372675517E-015
          16          18   2.7878981027996826E-013
          16          19  -2.7224999661161733E-012
          16          20   1.1029035346070773E-013
          16          21   9.1078812331837635E-015
          16          22 -0.17462374151985921     
          16          23   2.2629710724936246E-014
          16          24  -1.5986959202686912E-015
          16          25  -5.8937655141994457E-014
          16          26  -5.5927796299686750E-014
          17           1 -0.12023143966489637     
          17           2  0.46486620072454832     
          17           3  -1.8409909635746524     
          17           4   7.3923746168228499E-002
          17           5  -3.0251306583105431E-002
          17           6  -5.3313760317354713E-015
          17           7  -7.2113792172895167E-016
          17           8  -3.7431039222687290E-015
          17           9   2.0098549546776861E-014
          17          10   1.4912191391893476E-014
          17          11   1.0839651549180994E-014
          17          12  -2.4376662053567713E-015
          17          13  -3.3111941405033036E-015
          17          14  -8.5055461580725758E-016
          17          15  0.46509492597549701     
          17          16  -2.1507382372675517E-015
          17          17  0.43071821468281957     
          17          18  -1.8168363884785178E-013
          17          19  -5.3933212648941340E-014
          17          20  0.40480789551634516     
          17          21  -3.4808805692118805E-002
          17          22   2.4934175234291676E-014
          17          23  -2.8919607941319335E-002
          17          24   3.2169040836135023E-014
          17          25   8.3346835567046031E-015
          17          26  -2.4055676975096207E-002
          18           1   1.8545169704270824E-015
          18           2  -6.0166488989972504E-015
          18           3  -6.6704466059006139E-014
          18           4   1.0642106701484865E-014
          18           5  -1.7048192571260428E-015
          18           6   9.2450079341402760E-015
          18           7   3.8281329942058731E-015
          18           8   1.1629118180815032E-015
          18           9  -2.4648671281890335E-014
          18          10  -1.5755926508599725E-014
          18          11  -1.2263673638115098E-014
          18          12   3.7177497548815211E-015
          18          13   6.3943143956147281E-015
          18          14   1.2486519067309278E-016
          18          15   3.6936340150528347E-013
          18          16   2.7878981027996826E-013
          18          17  -1.8168363884785178E-013
          18          18   1.1207799349610306     
          18          19   1.3877787800334073E-015
          18          20  -1.0774574760750537E-013
          18          21  -6.4476801292186350E-014
          18          22   1.0326310500553105E-014
          18          23   3.4948742510559403E-014
          18          24 -0.19401718244208505     
          18          25  -3.1502578323909215E-015
          18          26   1.2705366546224878E-014
          19           1   1.5859430195379049E-015
          19           2  -7.2441477644827293E-015
          19           3  -4.6267327659843584E-014
          19           4   1.1149563841374749E-014
          19           5  -2.6388742903007151E-016
          19           6   2.7750099381917212E-014
          19           7   2.6531775645312927E-016
          19           8   5.4485004539003508E-015
          19           9  -1.3736863169170907E-014
          19          10  -6.9855220878264551E-015
          19          11  -2.0694366960120668E-014
          19          12   1.4892728725628264E-015
          19          13   4.8319065783146940E-015
          19          14  -2.6713494578682432E-016
          19          15   3.5654188044016629E-013
          19          16  -2.7224999661161733E-012
          19          17  -5.3933212648941340E-014
          19          18   1.3877787800334073E-015
          19          19   1.1207799349610288     
          19          20  -2.2600879805941919E-013
          19          21  -6.1653322988019887E-014
          19          22  -4.8491694023167483E-014
          19          23   1.0336199869178678E-014
          19          24  -4.1633363423625952E-015
          19          25 -0.19401718244208355     
          19          26   3.2899997365839885E-014
          20           1 -0.12303484743056985     
          20           2  0.47591764037931578     
          20           3  -1.8864594636365428     
          20           4   7.5347776218720477E-002
          20           5  -3.0989918028597969E-002
          20           6  -5.8721796560368877E-014
          20           7   4.8290864856112911E-015
          20           8  -3.2474890945009283E-015
          20           9   1.4364078774007550E-014
          20          10   4.1167009838522348E-015
          20          11   1.0695940122559589E-014
          20          12   2.3914101253310746E-015
          20          13  -1.6540980283344996E-014
          20          14  -1.8489239164598504E-014
          20          15 -0.39943927965906567     
          20          16   1.1029035346070773E-013
          20          17  0.40480789551634516     
          20          18  -1.0774574760750537E-013
          20          19  -2.2600879805941919E-013
          20          20   1.3150780229918522     
          20          21  0.11957140823900278     
          20          22  -3.7879015648972699E-014
          20          23  -2.3919697092341367E-002
          20          24   1.9467959999756563E-014
          20          25   1.9341048788203147E-014
          20          26 -0.18574761084172178     
          21           1   1.1078199798594108E-002
          21           2  -4.2943450918933104E-002
          21           3  0.13592416687055991     
          21           4  -5.3819615092221404E-003
          21           5   2.2735571054634789E-003
          21           6  -5.3139495772286386E-014
          21           7  -5.5286255993658608E-015
          21           8  -4.1012900685960240E-015
          21           9   1.5907082122572469E-014
          21          10   1.6459083360693908E-014
          21          11   1.0771129058274876E-014
          21          12  -1.6763916861404003E-015
          21          13  -4.5147790949460961E-015
          21          14  -4.3813404207671556E-015
          21          15 -0.17482193976164578     
          21          16   9.1078812331837635E-015
          21          17  -3.4808805692118805E-002
          21          18  -6.4476801292186350E-014
          21          19  -6.1653322988019887E-014
          21          20  0.11957140823900278     
          21          21   2.8013214077947688E-002
          21          22   1.6954432037754232E-016
          21          23   3.1091305420350166E-003
          21          24   1.1128043512282168E-014
          21          25   7.7256096587625145E-015
          21          26  -2.4417395213790740E-002
          22           1  -1.1019787642504786E-015
          22           2   2.4424818844091379E-015
          22           3   1.2349870447607332E-014
          22           4  -2.2545330888108859E-015
          22           5   1.3153594488991262E-016
          22           6   1.8134592167614777E-014
          22           7   4.9390397748787489E-015
          22           8  -4.6252647453862907E-017
          22           9  -1.8801244791960488E-015
          22          10  -1.7082250902959671E-014
          22          11  -2.4481794245267694E-015
          22          12   3.7223564788507467E-016
          22          13   1.0567542944034737E-015
          22          14   7.6769663183282172E-016
          22          15  -2.9041491559788705E-015
          22          16 -0.17462374151985921     
          22          17   2.4934175234291676E-014
          22          18   1.0326310500553105E-014
          22          19  -4.8491694023167483E-014
          22          20  -3.7879015648972699E-014
          22          21   1.6954432037754232E-016
          22          22   3.3968283928841186E-002
          22          23  -4.1919139688719297E-015
          22          24   3.9366256006759030E-016
          22          25  -1.2018619320432781E-015
          22          26   7.6009101792055104E-015
          23           1   1.0795206653280313E-002
          23           2  -4.1770276106784493E-002
          23           3  0.13006318883787615     
          23           4  -5.2012493757875033E-003
          23           5   2.1792048299039955E-003
          23           6  -6.5977678190861742E-014
          23           7   3.3649269484083049E-015
          23           8  -5.5532594058379684E-016
          23           9  -2.2311065432266406E-015
          23          10  -1.1168208685860058E-014
          23          11  -4.0790180081407023E-015
          23          12  -6.9932797736038349E-017
          23          13   8.8983350132578928E-016
          23          14   3.0519395349979799E-016
          23          15  -3.4681934039903980E-002
          23          16   2.2629710724936246E-014
          23          17  -2.8919607941319335E-002
          23          18   3.4948742510559403E-014
          23          19   1.0336199869178678E-014
          23          20  -2.3919697092341367E-002
          23          21   3.1091305420350166E-003
          23          22  -4.1919139688719297E-015
          23          23   2.1098853977246177E-003
          23          24  -6.1018403288598441E-015
          23          25  -1.7393510309364911E-015
          23          26   1.1905613971059195E-003
          24           1  -5.1241485381060541E-016
          24           2   4.5363275377413648E-015
          24           3   9.0543757747914648E-015
          24           4  -1.6983114231653972E-015
          24           5   2.4242384326808108E-016
          24           6  -2.5297535921848167E-014
          24           7  -1.5098384803120848E-015
          24           8  -3.2648346951837389E-016
          24           9   4.3766352810557548E-015
          24          10   5.8775292275425744E-015
          24          11   2.3335988919297515E-015
          24          12  -7.1718009797043950E-016
          24          13  -1.2155182420009595E-015
          24          14   5.8871886378336269E-018
          24          15  -6.3324246549964321E-014
          24          16  -1.5986959202686912E-015
          24          17   3.2169040836135023E-014
          24          18 -0.19401718244208505     
          24          19  -4.1633363423625952E-015
          24          20   1.9467959999756563E-014
          24          21   1.1128043512282168E-014
          24          22   3.9366256006759030E-016
          24          23  -6.1018403288598441E-015
          24          24   3.3586135786838611E-002
          24          25   1.2247147740397339E-015
          24          26  -2.2685394130228007E-015
          25           1   3.6551502451877049E-015
          25           2  -1.4335115041167720E-014
          25           3   1.4495309439896180E-014
          25           4  -2.3523667133715286E-015
          25           5   2.0770334489105589E-016
          25           6  -6.6435242778719494E-015
          25           7  -9.6105045278252977E-016
          25           8  -1.6240586057656128E-015
          25           9   3.6385447191927713E-015
          25          10   7.7344495462480333E-015
          25          11   4.2036154177426133E-015
          25          12  -4.2269976059833511E-016
          25          13  -1.5800997251410282E-015
          25          14  -7.5067276516245611E-017
          25          15  -4.5912857842815331E-014
          25          16  -5.8937655141994457E-014
          25          17   8.3346835567046031E-015
          25          18  -3.1502578323909215E-015
          25          19 -0.19401718244208355     
          25          20   1.9341048788203147E-014
          25          21   7.7256096587625145E-015
          25          22  -1.2018619320432781E-015
          25          23  -1.7393510309364911E-015
          25          24   1.2247147740397339E-015
          25          25   3.3586135786838126E-002
          25          26  -2.3043129439730656E-015
          26           1   1.1098065144113066E-002
          26           2  -4.3026179029993630E-002
          26           3  0.13634385692996179     
          26           4  -5.3948873530196475E-003
          26           5   2.2803090775833429E-003
          26           6  -1.9349230598280221E-014
          26           7  -5.5120592302126383E-015
          26           8  -1.2484481356945569E-015
          26           9   4.8706619309309984E-015
          26          10   1.0131252963492885E-014
          26          11   2.5647918701128912E-015
          26          12  -1.4500920347305802E-015
          26          13   1.4680665965428467E-015
          26          14   2.6926126586935021E-015
          26          15  0.11956229261653756     
          26          16  -5.5927796299686750E-014
          26          17  -2.4055676975096207E-002
          26          18   1.2705366546224878E-014
          26          19   3.2899997365839885E-014
          26          20 -0.18574761084172178     
          26          21  -2.4417395213790740E-002
          26          22   7.6009101792055104E-015
          26          23   1.1905613971059195E-003
          26          24  -2.2685394130228007E-015
          26          25  -2.3043129439730656E-015
          26          26   2.9952920717535515E-002
