           1           1   2.1005180704799331     
           1           2  -5.0634423785568754E-002
           1           3 -0.33142217060304574     
           1           4   2.8366007715451634E-002
           1           5  -2.8846788112628342E-015
           1           6   1.1238302924387740E-015
           1           7  -1.6937206743141424E-014
           1           8  -6.2048310257217280E-016
           1           9  -1.5497774224172138E-015
           1          10  -1.7675737368841361E-015
           1          11  -1.6379041014957782E-015
           1          12   8.5937756202827954E-016
           1          13   1.5908532336875737E-015
           2           1  -5.0634423785568754E-002
           2           2  0.22843141756197094     
           2           3  0.49562369481458102     
           2           4 -0.29105123765268298     
           2           5  -2.0654339762247402E-014
           2           6  -2.4040193843794933E-014
           2           7   1.9642347718072313E-015
           2           8  -4.9143410780081873E-016
           2           9  -5.1213225039420769E-017
           2          10   9.2219455730814358E-016
           2          11  -1.5679546180642295E-016
           2          12   8.9798056433794094E-017
           2          13   1.1249806009830154E-016
           3           1 -0.33142217060304574     
           3           2  0.49562369481458102     
           3           3   1.2525165194802297     
           3           4 -0.51178170881260210     
           3           5   1.3780679359350772E-014
           3           6  -1.3944355208395171E-015
           3           7   5.1337092297781245E-014
           3           8  -5.6920163757333937E-016
           3           9  -8.4402937788521128E-016
           3          10   2.6756885512281789E-016
           3          11   8.7540693608113744E-016
           3          12   6.5400431758768937E-016
           3          13   8.5322197732328069E-016
           4           1   2.8366007715451634E-002
           4           2 -0.29105123765268298     
           4           3 -0.51178170881260210     
           4           4   2.2466855130259717     
           4           5  -1.8213057426301112E-014
           4           6  -2.0996449418066730E-014
           4           7   1.1095011415397036E-015
           4           8   4.9260537996418048E-015
           4           9  -6.5392257738113041E-016
           4          10  -5.7497320543661969E-015
           4          11  -3.0434055242283228E-015
           4          12   4.8839772353237499E-016
           4          13  -1.3984461416968520E-015
           5           1  -2.8846788112628342E-015
           5           2  -2.0654339762247402E-014
           5           3   1.3780679359350772E-014
           5           4  -1.8213057426301112E-014
           5           5   2.0534158517496666     
           5           6  -1.9208249062989638E-003
           5           7   1.3575602019410306E-002
           5           8 -0.12332253740511938     
           5           9   8.0764998138832238E-003
           5          10  -5.7081385663603504E-002
           5          11   5.6250229946471331E-002
           5          12   3.7715962693942172E-004
           5          13  -2.6656094370874120E-003
           6           1   1.1238302924387740E-015
           6           2  -2.4040193843794933E-014
           6           3  -1.3944355208395171E-015
           6           4  -2.0996449418066730E-014
           6           5  -1.9208249062989638E-003
           6           6   2.0510329053440035     
           6           7  -7.5543740171263793E-003
           6           8   8.0764998139131912E-003
           6           9 -0.11330295354748518     
           6          10   3.1763905264451955E-002
           6          11   3.7715962692071967E-004
           6          12   5.6718128491308348E-002
           6          13   1.4833235851389487E-003
           7           1  -1.6937206743141424E-014
           7           2   1.9642347718072313E-015
           7           3   5.1337092297781245E-014
           7           4   1.1095011415397036E-015
           7           5   1.3575602019410306E-002
           7           6  -7.5543740171263793E-003
           7           7   2.1033552445415844     
           7           8  -5.7081385663564167E-002
           7           9   3.1763905264436704E-002
           7          10 -0.33330289306145189     
           7          11  -2.6656094371154421E-003
           7          12   1.4833235851524885E-003
           7          13   4.6444483096707373E-002
           8           1  -6.2048310257217280E-016
           8           2  -4.9143410780081873E-016
           8           3  -5.6920163757333937E-016
           8           4   4.9260537996418048E-015
           8           5 -0.12332253740511938     
           8           6   8.0764998139131912E-003
           8           7  -5.7081385663564167E-002
           8           8   6.9531620959043236E-002
           8           9  -3.4014278248115155E-002
           8          10  0.24039895740618450     
           8          11  -7.4887197718507485E-004
           8          12  -1.6908195800409516E-003
           8          13   1.1950018790311752E-002
           9           1  -1.5497774224172138E-015
           9           2  -5.1213225039420769E-017
           9           3  -8.4402937788521128E-016
           9           4  -6.5392257738113041E-016
           9           5   8.0764998138832238E-003
           9           6 -0.11330295354748518     
           9           7   3.1763905264436704E-002
           9           8  -3.4014278248115155E-002
           9           9   2.7334020374745749E-002
           9          10 -0.13377407748496029     
           9          11  -1.6908195800411398E-003
           9          12  -2.8464772468984349E-003
           9          13  -6.6497906515486181E-003
          10           1  -1.7675737368841361E-015
          10           2   9.2219455730814358E-016
          10           3   2.6756885512281789E-016
          10           4  -5.7497320543661969E-015
          10           5  -5.7081385663603504E-002
          10           6   3.1763905264451955E-002
          10           7 -0.33330289306145189     
          10           8  0.24039895740618450     
          10           9 -0.13377407748496029     
          10          10  0.95386647003067915     
          10          11   1.1950018790312282E-002
          10          12  -6.6497906515485530E-003
          10          13   4.3210628418976799E-002
          11           1  -1.6379041014957782E-015
          11           2  -1.5679546180642295E-016
          11           3   8.7540693608113744E-016
          11           4  -3.0434055242283228E-015
          11           5   5.6250229946471331E-002
          11           6   3.7715962692071967E-004
          11           7  -2.6656094371154421E-003
          11           8  -7.4887197718507485E-004
          11           9  -1.6908195800411398E-003
          11          10   1.1950018790312282E-002
          11          11   1.9564221356425404E-003
          11          12  -8.4944086177377007E-005
          11          13   6.0034993557260769E-004
          12           1   8.5937756202827954E-016
          12           2   8.9798056433794094E-017
          12           3   6.5400431758768937E-016
          12           4   4.8839772353237499E-016
          12           5   3.7715962693942172E-004
          12           6   5.6718128491308348E-002
          12           7   1.4833235851524885E-003
          12           8  -1.6908195800409516E-003
          12           9  -2.8464772468984349E-003
          12          10  -6.6497906515485530E-003
          12          11  -8.4944086177377007E-005
          12          12   1.8510417834764882E-003
          12          13  -3.3407490475918165E-004
          13           1   1.5908532336875737E-015
          13           2   1.1249806009830154E-016
          13           3   8.5322197732328069E-016
          13           4  -1.3984461416968520E-015
          13           5  -2.6656094370874120E-003
          13           6   1.4833235851389487E-003
          13           7   4.6444483096707373E-002
          13           8   1.1950018790311752E-002
          13           9  -6.6497906515486181E-003
          13          10   4.3210628418976799E-002
          13          11   6.0034993557260769E-004
          13          12  -3.3407490475918165E-004
          13          13   4.1648775107936626E-003
