           1           1   7.7444088084941104E-002
           1           2  0.40329474572286406     
           1           3 -0.14123636572864345     
           1           4   3.6624404518900776E-002
           1           5   2.4166084252186645E-016
           1           6  -6.4988508112276738E-016
           1           7  -1.1322446266348140E-015
           1           8  -1.7557010888047220E-015
           1           9  -1.4319794018994640E-015
           1          10  -1.3374144419805526E-016
           1          11  -2.3886967827393441E-015
           1          12   1.8258830684070893E-015
           1          13  -3.4040482456805062E-016
           2           1  0.40329474572286406     
           2           2   2.1075844560597226     
           2           3 -0.86742120276777512     
           2           4  0.20979152629894979     
           2           5   4.0452584037885432E-015
           2           6  -3.8755020546105879E-015
           2           7  -3.9467000418750222E-015
           2           8  -8.9992168556684359E-015
           2           9  -6.8884774031470793E-015
           2          10  -3.3206501662606370E-016
           2          11  -1.2347135817531077E-014
           2          12   1.1134030572798974E-014
           2          13  -1.8077589786803937E-015
           3           1 -0.14123636572864345     
           3           2 -0.86742120276777512     
           3           3   2.8763186866821862     
           3           4  -1.2188303148578505     
           3           5   4.4401754571088259E-015
           3           6  -1.5078482235803272E-014
           3           7   1.5147410391423819E-014
           3           8   8.7650575489130113E-015
           3           9  -4.0542474728774353E-015
           3          10  -8.4728639590501084E-015
           3          11  -1.6959497664814219E-017
           3          12  -3.0301465079893310E-014
           3          13  -7.2986773459006585E-017
           4           1   3.6624404518900776E-002
           4           2  0.20979152629894979     
           4           3  -1.2188303148578505     
           4           4   2.5304697223733141     
           4           5  -2.0582111486148898E-015
           4           6   1.2835344741082321E-014
           4           7  -4.9750382956294913E-015
           4           8  -3.4171681483393056E-014
           4           9   1.0747758989020944E-014
           4          10   7.2315245700591705E-015
           4          11  -1.6344407420457370E-014
           4          12   2.8663763078860978E-014
           4          13  -7.8693365731038332E-015
           5           1   2.4166084252186645E-016
           5           2   4.0452584037885432E-015
           5           3   4.4401754571088259E-015
           5           4  -2.0582111486148898E-015
           5           5   2.0771605289426534     
           5           6  -1.8943180357666733E-015
           5           7  -1.6583956430338276E-015
           5           8 -0.17759995175205090     
           5           9   9.4715901788333667E-015
           5          10   7.2615524704389145E-015
           5          11 -0.38432097392180598     
           5          12  -1.3142265054000291E-014
           5          13  -7.9380946260698693E-015
           6           1  -6.4988508112276738E-016
           6           2  -3.8755020546105879E-015
           6           3  -1.5078482235803272E-014
           6           4   1.2835344741082321E-014
           6           5  -1.8943180357666733E-015
           6           6   2.0771605289426662     
           6           7  -2.7755575615628914E-016
           6           8   1.2607970223399434E-014
           6           9 -0.17759995175206850     
           6          10   2.0764640007442381E-015
           6          11   4.0661918276896358E-015
           6          12 -0.38432097392180686     
           6          13   1.9914625504213745E-015
           7           1  -1.1322446266348140E-015
           7           2  -3.9467000418750222E-015
           7           3   1.5147410391423819E-014
           7           4  -4.9750382956294913E-015
           7           5  -1.6583956430338276E-015
           7           6  -2.7755575615628914E-016
           7           7   2.0771605289426471     
           7           8   6.7376659806939188E-015
           7           9   1.5942108744226857E-015
           7          10 -0.17759995175204357     
           7          11   9.3536289824669439E-015
           7          12  -2.0660556598883772E-014
           7          13 -0.38432097392180037     
           8           1  -1.7557010888047220E-015
           8           2  -8.9992168556684359E-015
           8           3   8.7650575489130113E-015
           8           4  -3.4171681483393056E-014
           8           5 -0.17759995175205090     
           8           6   1.2607970223399434E-014
           8           7   6.7376659806939188E-015
           8           8  0.53110569558293030     
           8           9  -2.4050206270942454E-014
           8          10  -6.6405214660392176E-015
           8          11  0.65304183167168994     
           8          12   6.9388939039072284E-015
           8          13   4.1633363423443370E-015
           9           1  -1.4319794018994640E-015
           9           2  -6.8884774031470793E-015
           9           3  -4.0542474728774353E-015
           9           4   1.0747758989020944E-014
           9           5   9.4715901788333667E-015
           9           6 -0.17759995175206850     
           9           7   1.5942108744226857E-015
           9           8  -2.4050206270942454E-014
           9           9  0.53110569558296561     
           9          10   4.8017145815038020E-015
           9          11  -1.8707257964933888E-014
           9          12  0.65304183167169438     
           9          13  -1.2496947920936918E-014
          10           1  -1.3374144419805526E-016
          10           2  -3.3206501662606370E-016
          10           3  -8.4728639590501084E-015
          10           4   7.2315245700591705E-015
          10           5   7.2615524704389145E-015
          10           6   2.0764640007442381E-015
          10           7 -0.17759995175204357     
          10           8  -6.6405214660392176E-015
          10           9   4.8017145815038020E-015
          10          10  0.53110569558291987     
          10          11  -1.0311196341206141E-014
          10          12   1.7992551892831443E-014
          10          13  0.65304183167168650     
          11           1  -2.3886967827393441E-015
          11           2  -1.2347135817531077E-014
          11           3  -1.6959497664814219E-017
          11           4  -1.6344407420457370E-014
          11           5 -0.38432097392180598     
          11           6   4.0661918276896358E-015
          11           7   9.3536289824669439E-015
          11           8  0.65304183167168994     
          11           9  -1.8707257964933888E-014
          11          10  -1.0311196341206141E-014
          11          11  0.81662095246375832     
          11          12   2.3536728122053319E-014
          11          13   3.4694469519536142E-015
          12           1   1.8258830684070893E-015
          12           2   1.1134030572798974E-014
          12           3  -3.0301465079893310E-014
          12           4   2.8663763078860978E-014
          12           5  -1.3142265054000291E-014
          12           6 -0.38432097392180686     
          12           7  -2.0660556598883772E-014
          12           8   6.9388939039072284E-015
          12           9  0.65304183167169438     
          12          10   1.7992551892831443E-014
          12          11   2.3536728122053319E-014
          12          12  0.81662095246371458     
          12          13   1.5681900222830336E-015
          13           1  -3.4040482456805062E-016
          13           2  -1.8077589786803937E-015
          13           3  -7.2986773459006585E-017
          13           4  -7.8693365731038332E-015
          13           5  -7.9380946260698693E-015
          13           6   1.9914625504213745E-015
          13           7 -0.38432097392180037     
          13           8   4.1633363423443370E-015
          13           9  -1.2496947920936918E-014
          13          10  0.65304183167168650     
          13          11   3.4694469519536142E-015
          13          12   1.5681900222830336E-015
          13          13  0.81662095246376565     
