           1           1   1.9980918200940405     
           1           2  -8.7715302450911241E-003
           1           3  -4.8206317444757070E-002
           1           4   2.5393443262893833E-002
           1           5  -2.6251087775011318E-002
           1           6   3.2486299211393618E-015
           1           7  -1.5117276233278664E-015
           1           8  -3.0621098427600717E-015
           1           9  -6.1341330151580021E-016
           1          10  -1.6121541406410374E-014
           1          11  -3.2904692344985034E-014
           1          12   5.4897493413713840E-015
           1          13   1.3548724128415867E-014
           1          14   3.1975066856218480E-014
           1          15  -3.6718255173844082E-015
           1          16  -3.1173527593841427E-016
           1          17   1.7244940651560775E-015
           1          18  -1.4420562605317318E-003
           1          19   6.0978747594563405E-014
           1          20  -1.4420562605276901E-003
           1          21  -1.1920241439007046E-015
           1          22  -2.2610913990337985E-014
           1          23  -1.4420562605279863E-003
           2           1  -8.7715302450911241E-003
           2           2   2.0818758143501745     
           2           3 -0.26831049996637601     
           2           4  0.26837895784831833     
           2           5 -0.23798581187051243     
           2           6   6.2632663348174298E-013
           2           7  -3.6204426123665289E-013
           2           8  -1.8894912347226475E-013
           2           9   6.3594594665854173E-013
           2          10   5.6014238916430833E-014
           2          11  -3.6411355931995602E-013
           2          12  -6.5793899651845229E-013
           2          13  -9.9815808430755839E-014
           2          14   3.6534890232156324E-013
           2          15   7.5935817165483055E-014
           2          16  -5.7929727736460817E-014
           2          17  -9.7751998284841826E-014
           2          18 -0.12333888796723230     
           2          19   1.0392732549597826E-012
           2          20 -0.12333888796708752     
           2          21   3.6960529846579643E-014
           2          22  -4.6825374146271342E-013
           2          23 -0.12333888796728862     
           3           1  -4.8206317444757070E-002
           3           2 -0.26831049996637601     
           3           3  0.62839131538445292     
           3           4  0.53738613222364617     
           3           5 -0.62677196130112978     
           3           6  -5.3844209858377203E-014
           3           7   4.2533276901845376E-014
           3           8   1.0898810838343661E-014
           3           9   3.7698626403051384E-014
           3          10   9.5341011636913940E-014
           3          11   2.9069227884842801E-014
           3          12  -1.1879489783322269E-013
           3          13  -2.5898639367559434E-014
           3          14  -5.6160822246704927E-015
           3          15   4.8239220226957674E-015
           3          16  -9.3244820359148641E-015
           3          17   4.2271003328433493E-016
           3          18   3.3762863216284397E-002
           3          19   1.5724809621966042E-012
           3          20   3.3762863216277188E-002
           3          21  -2.3762768627660689E-014
           3          22  -5.7292238296815986E-013
           3          23   3.3762863216291503E-002
           4           1   2.5393443262893833E-002
           4           2  0.26837895784831833     
           4           3  0.53738613222364617     
           4           4  0.58828881044392944     
           4           5 -0.66582809587285730     
           4           6   1.0128802611149602E-013
           4           7  -4.6491608726217802E-014
           4           8  -3.4685858002974955E-014
           4           9   1.9793609151627378E-013
           4          10   1.1024289134978719E-013
           4          11  -6.3033864416597011E-014
           4          12  -2.9480325439173348E-013
           4          13  -4.9784350111456545E-014
           4          14   9.6847880106576208E-014
           4          15   2.7854822165357387E-014
           4          16  -2.0927305893067315E-014
           4          17  -1.6896540263617073E-014
           4          18   1.4291628135422504E-003
           4          19   8.2352715289085396E-013
           4          20   1.4291628135683788E-003
           4          21  -1.7384166405443868E-014
           4          22  -3.0021796356671023E-013
           4          23   1.4291628135187848E-003
           5           1  -2.6251087775011318E-002
           5           2 -0.23798581187051243     
           5           3 -0.62677196130112978     
           5           4 -0.66582809587285730     
           5           5   2.2915772850911713     
           5           6   3.0808117979218435E-015
           5           7   5.1181272268940060E-015
           5           8   2.4759744594352745E-015
           5           9  -6.4622540011073705E-014
           5          10   8.5704307860780020E-014
           5          11   3.4486737985354892E-014
           5          12   3.9335948745828552E-014
           5          13  -5.7388944939090134E-014
           5          14  -2.3465610895049435E-014
           5          15  -1.7455626814389732E-014
           5          16   3.4355549779719179E-014
           5          17   1.8795293164760925E-014
           5          18  0.14057850361890464     
           5          19   1.6082018944557489E-012
           5          20  0.14057850361889671     
           5          21   7.2356411517054131E-015
           5          22  -6.2580749056180136E-013
           5          23  0.14057850361889157     
           6           1   3.2486299211393618E-015
           6           2   6.2632663348174298E-013
           6           3  -5.3844209858377203E-014
           6           4   1.0128802611149602E-013
           6           5   3.0808117979218435E-015
           6           6   2.0596749687614593     
           6           7   2.4259023349749038E-018
           6           8  -4.9558881302574330E-016
           6           9  0.37368686513726301     
           6          10   1.3374175898222229E-014
           6          11   1.5753457566493564E-014
           6          12 -0.51712937139943860     
           6          13  -2.5751102638725533E-014
           6          14  -8.6595227518920374E-015
           6          15   2.7553739648536801E-002
           6          16   2.4532513607820423E-015
           6          17  -7.5137243431664681E-015
           6          18  -2.1955517758455380E-014
           6          19  -8.1511021692520753E-014
           6          20  -2.8319550164022157E-014
           6          21  -2.2429486881858015E-015
           6          22   3.5429337224499489E-014
           6          23  -2.0490524574058047E-014
           7           1  -1.5117276233278664E-015
           7           2  -3.6204426123665289E-013
           7           3   4.2533276901845376E-014
           7           4  -4.6491608726217802E-014
           7           5   5.1181272268940060E-015
           7           6   2.4259023349749038E-018
           7           7   2.0596749687614544     
           7           8   1.0232971153914352E-015
           7           9  -6.0342139272273106E-014
           7          10  0.37368686513718608     
           7          11   5.9746044908200332E-015
           7          12   5.8197912635654416E-014
           7          13 -0.51712937139936699     
           7          14  -5.3980257755829736E-015
           7          15  -2.4210234514810866E-015
           7          16   2.7553739648541055E-002
           7          17   1.5396348455059462E-016
           7          18   1.3680838183047389E-014
           7          19   2.6794857576267741E-013
           7          20   9.1792903430160646E-015
           7          21   1.1543274837926914E-014
           7          22  -1.1036483822660319E-013
           7          23   2.3288401308935174E-014
           8           1  -3.0621098427600717E-015
           8           2  -1.8894912347226475E-013
           8           3   1.0898810838343661E-014
           8           4  -3.4685858002974955E-014
           8           5   2.4759744594352745E-015
           8           6  -4.9558881302574330E-016
           8           7   1.0232971153914352E-015
           8           8   2.0596749687614437     
           8           9  -3.3359166123331474E-014
           8          10  -7.9157600712688187E-016
           8          11  0.37368686513715921     
           8          12   2.6858723578040348E-014
           8          13   2.8679315875261998E-015
           8          14 -0.51712937139934145     
           8          15  -4.0095151569763709E-016
           8          16   1.0306900191042541E-015
           8          17   2.7553739648538907E-002
           8          18   7.5392103707348480E-015
           8          19  -1.7524171156692484E-013
           8          20   7.5298089079454041E-015
           8          21   6.7864060021550778E-015
           8          22   6.2583135385549476E-014
           8          23   5.7887544588330523E-015
           9           1  -6.1341330151580021E-016
           9           2   6.3594594665854173E-013
           9           3   3.7698626403051384E-014
           9           4   1.9793609151627378E-013
           9           5  -6.4622540011073705E-014
           9           6  0.37368686513726301     
           9           7  -6.0342139272273106E-014
           9           8  -3.3359166123331474E-014
           9           9  0.41589806280677533     
           9          10  -1.4007892084062216E-014
           9          11  -7.7498771197454237E-015
           9          12 -0.50365830874352047     
           9          13  -9.3106078389070773E-014
           9          14   9.9503738499702679E-015
           9          15  0.54351360506766155     
           9          16   4.1533616838305080E-015
           9          17  -5.9495593999975432E-016
           9          18   4.1693875844195541E-014
           9          19  -2.7630448248999312E-012
           9          20  -5.6799207719816049E-014
           9          21   2.2369585280850293E-015
           9          22   1.0623254862286210E-012
           9          23  -4.5720352134591541E-014
          10           1  -1.6121541406410374E-014
          10           2   5.6014238916430833E-014
          10           3   9.5341011636913940E-014
          10           4   1.1024289134978719E-013
          10           5   8.5704307860780020E-014
          10           6   1.3374175898222229E-014
          10           7  0.37368686513718608     
          10           8  -7.9157600712688187E-016
          10           9  -1.4007892084062216E-014
          10          10  0.41589806280669916     
          10          11   1.3179561592746648E-014
          10          12   1.2108369876154898E-014
          10          13 -0.50365830874349016     
          10          14  -6.5329685961922248E-015
          10          15   3.0577753812201341E-015
          10          16  0.54351360506761803     
          10          17   2.7680765628255976E-015
          10          18   6.5603417612377312E-014
          10          19   4.9454575541817175E-012
          10          20  -4.6490038393935135E-014
          10          21   8.9345913689453491E-014
          10          22  -1.9344533654411817E-012
          10          23   5.0360531831881427E-014
          11           1  -3.2904692344985034E-014
          11           2  -3.6411355931995602E-013
          11           3   2.9069227884842801E-014
          11           4  -6.3033864416597011E-014
          11           5   3.4486737985354892E-014
          11           6   1.5753457566493564E-014
          11           7   5.9746044908200332E-015
          11           8  0.37368686513715921     
          11           9  -7.7498771197454237E-015
          11          10   1.3179561592746648E-014
          11          11  0.41589806280666830     
          11          12  -6.2980870526983225E-014
          11          13   1.3423290271044777E-014
          11          14 -0.50365830874340700     
          11          15  -5.2312751373927044E-017
          11          16  -5.1255657552453621E-016
          11          17  0.54351360506765922     
          11          18   1.3007105441094106E-014
          11          19  -2.8012981019620045E-012
          11          20   4.5383439370190963E-014
          11          21   6.9569446215984726E-014
          11          22   1.0319206839230270E-012
          11          23  -2.9324044707746276E-016
          12           1   5.4897493413713840E-015
          12           2  -6.5793899651845229E-013
          12           3  -1.1879489783322269E-013
          12           4  -2.9480325439173348E-013
          12           5   3.9335948745828552E-014
          12           6 -0.51712937139943860     
          12           7   5.8197912635654416E-014
          12           8   2.6858723578040348E-014
          12           9 -0.50365830874352047     
          12          10   1.2108369876154898E-014
          12          11  -6.2980870526983225E-014
          12          12   2.6240384991266636     
          12          13   9.5996127701541290E-014
          12          14   5.9716120944351184E-014
          12          15 -0.69825884279923622     
          12          16  -4.8945222887790832E-015
          12          17   1.2803777133835807E-014
          12          18  -8.1142386642353514E-014
          12          19   2.4519578968775846E-012
          12          20   6.1875522199413960E-014
          12          21  -2.2983535268961603E-014
          12          22  -9.4950104943601584E-013
          12          23   6.2425758106678038E-014
          13           1   1.3548724128415867E-014
          13           2  -9.9815808430755839E-014
          13           3  -2.5898639367559434E-014
          13           4  -4.9784350111456545E-014
          13           5  -5.7388944939090134E-014
          13           6  -2.5751102638725533E-014
          13           7 -0.51712937139936699     
          13           8   2.8679315875261998E-015
          13           9  -9.3106078389070773E-014
          13          10 -0.50365830874349016     
          13          11   1.3423290271044777E-014
          13          12   9.5996127701541290E-014
          13          13   2.6240384991266952     
          13          14  -1.7347234772265250E-014
          13          15  -3.1407168481641077E-015
          13          16 -0.69825884279919215     
          13          17  -1.8751059729435970E-014
          13          18  -1.7707515145032122E-014
          13          19  -4.3204794460817261E-012
          13          20   3.7818936311099818E-014
          13          21  -6.3766211096534496E-014
          13          22   1.6855039931783495E-012
          13          23  -8.1749835838268163E-014
          14           1   3.1975066856218480E-014
          14           2   3.6534890232156324E-013
          14           3  -5.6160822246704927E-015
          14           4   9.6847880106576208E-014
          14           5  -2.3465610895049435E-014
          14           6  -8.6595227518920374E-015
          14           7  -5.3980257755829736E-015
          14           8 -0.51712937139934145     
          14           9   9.9503738499702679E-015
          14          10  -6.5329685961922248E-015
          14          11 -0.50365830874340700     
          14          12   5.9716120944351184E-014
          14          13  -1.7347234772265250E-014
          14          14   2.6240384991265535     
          14          15  -5.1488761202260860E-015
          14          16  -1.2475914412404557E-015
          14          17 -0.69825884279924522     
          14          18  -9.0408759068412734E-015
          14          19   2.4986067701670193E-012
          14          20  -4.7487295900498496E-014
          14          21  -6.8696044693966775E-014
          14          22  -9.1707652586131472E-013
          14          23  -7.1648142655205139E-015
          15           1  -3.6718255173844082E-015
          15           2   7.5935817165483055E-014
          15           3   4.8239220226957674E-015
          15           4   2.7854822165357387E-014
          15           5  -1.7455626814389732E-014
          15           6   2.7553739648536801E-002
          15           7  -2.4210234514810866E-015
          15           8  -4.0095151569763709E-016
          15           9  0.54351360506766155     
          15          10   3.0577753812201341E-015
          15          11  -5.2312751373927044E-017
          15          12 -0.69825884279923622     
          15          13  -3.1407168481641077E-015
          15          14  -5.1488761202260860E-015
          15          15  0.99744818194756457     
          15          16   1.0298565441239260E-016
          15          17   4.1516134144368713E-016
          15          18  -4.4104867133633126E-015
          15          19  -1.0346747486916703E-012
          15          20  -6.5125901943067541E-015
          15          21   2.5985014083003728E-015
          15          22   3.9216441067616766E-013
          15          23   3.2351109763635698E-016
          16           1  -3.1173527593841427E-016
          16           2  -5.7929727736460817E-014
          16           3  -9.3244820359148641E-015
          16           4  -2.0927305893067315E-014
          16           5   3.4355549779719179E-014
          16           6   2.4532513607820423E-015
          16           7   2.7553739648541055E-002
          16           8   1.0306900191042541E-015
          16           9   4.1533616838305080E-015
          16          10  0.54351360506761803     
          16          11  -5.1255657552453621E-016
          16          12  -4.8945222887790832E-015
          16          13 -0.69825884279919215     
          16          14  -1.2475914412404557E-015
          16          15   1.0298565441239260E-016
          16          16  0.99744818194756513     
          16          17  -4.1457519347988476E-016
          16          18   1.0449083773790863E-014
          16          19  -4.6333029330543422E-013
          16          20   1.8203509405820361E-015
          16          21  -5.5170355378818456E-015
          16          22   1.7609278362412466E-013
          16          23   3.2442491450611667E-015
          17           1   1.7244940651560775E-015
          17           2  -9.7751998284841826E-014
          17           3   4.2271003328433493E-016
          17           4  -1.6896540263617073E-014
          17           5   1.8795293164760925E-014
          17           6  -7.5137243431664681E-015
          17           7   1.5396348455059462E-016
          17           8   2.7553739648538907E-002
          17           9  -5.9495593999975432E-016
          17          10   2.7680765628255976E-015
          17          11  0.54351360506765922     
          17          12   1.2803777133835807E-014
          17          13  -1.8751059729435970E-014
          17          14 -0.69825884279924522     
          17          15   4.1516134144368713E-016
          17          16  -4.1457519347988476E-016
          17          17  0.99744818194756035     
          17          18   4.9604983233208997E-015
          17          19  -6.7346093750530052E-013
          17          20   1.0959221569130471E-014
          17          21   9.5000734828535986E-017
          17          22   2.5867168843090036E-013
          17          23   1.5900727678290458E-015
          18           1  -1.4420562605317318E-003
          18           2 -0.12333888796723230     
          18           3   3.3762863216284397E-002
          18           4   1.4291628135422504E-003
          18           5  0.14057850361890464     
          18           6  -2.1955517758455380E-014
          18           7   1.3680838183047389E-014
          18           8   7.5392103707348480E-015
          18           9   4.1693875844195541E-014
          18          10   6.5603417612377312E-014
          18          11   1.3007105441094106E-014
          18          12  -8.1142386642353514E-014
          18          13  -1.7707515145032122E-014
          18          14  -9.0408759068412734E-015
          18          15  -4.4104867133633126E-015
          18          16   1.0449083773790863E-014
          18          17   4.9604983233208997E-015
          18          18   2.0240739953564395     
          18          19  -5.5334703927141335E-012
          18          20 -0.97592600464354806     
          18          21   9.9752545097851740E-014
          18          22   2.0555717683317583E-012
          18          23 -0.97592600464353163     
          19           1   6.0978747594563405E-014
          19           2   1.0392732549597826E-012
          19           3   1.5724809621966042E-012
          19           4   8.2352715289085396E-013
          19           5   1.6082018944557489E-012
          19           6  -8.1511021692520753E-014
          19           7   2.6794857576267741E-013
          19           8  -1.7524171156692484E-013
          19           9  -2.7630448248999312E-012
          19          10   4.9454575541817175E-012
          19          11  -2.8012981019620045E-012
          19          12   2.4519578968775846E-012
          19          13  -4.3204794460817261E-012
          19          14   2.4986067701670193E-012
          19          15  -1.0346747486916703E-012
          19          16  -4.6333029330543422E-013
          19          17  -6.7346093750530052E-013
          19          18  -5.5334703927141335E-012
          19          19   2.0000000000000213     
          19          20   1.2555924879991622E-011
          19          21  -3.0673380502220111E-014
          19          22   1.6875389974303462E-014
          19          23  -1.1400112977933889E-011
          20           1  -1.4420562605276901E-003
          20           2 -0.12333888796708752     
          20           3   3.3762863216277188E-002
          20           4   1.4291628135683788E-003
          20           5  0.14057850361889671     
          20           6  -2.8319550164022157E-014
          20           7   9.1792903430160646E-015
          20           8   7.5298089079454041E-015
          20           9  -5.6799207719816049E-014
          20          10  -4.6490038393935135E-014
          20          11   4.5383439370190963E-014
          20          12   6.1875522199413960E-014
          20          13   3.7818936311099818E-014
          20          14  -4.7487295900498496E-014
          20          15  -6.5125901943067541E-015
          20          16   1.8203509405820361E-015
          20          17   1.0959221569130471E-014
          20          18 -0.97592600464354806     
          20          19   1.2555924879991622E-011
          20          20   2.0240739953564724     
          20          21  -1.9244688098684641E-014
          20          22  -4.8133062280602908E-012
          20          23 -0.97592600464351842     
          21           1  -1.1920241439007046E-015
          21           2   3.6960529846579643E-014
          21           3  -2.3762768627660689E-014
          21           4  -1.7384166405443868E-014
          21           5   7.2356411517054131E-015
          21           6  -2.2429486881858015E-015
          21           7   1.1543274837926914E-014
          21           8   6.7864060021550778E-015
          21           9   2.2369585280850293E-015
          21          10   8.9345913689453491E-014
          21          11   6.9569446215984726E-014
          21          12  -2.2983535268961603E-014
          21          13  -6.3766211096534496E-014
          21          14  -6.8696044693966775E-014
          21          15   2.5985014083003728E-015
          21          16  -5.5170355378818456E-015
          21          17   9.5000734828535986E-017
          21          18   9.9752545097851740E-014
          21          19  -3.0673380502220111E-014
          21          20  -1.9244688098684641E-014
          21          21   2.0000000000000031     
          21          22   1.3016931282859068E-014
          21          23  -6.0512642589558394E-014
          22           1  -2.2610913990337985E-014
          22           2  -4.6825374146271342E-013
          22           3  -5.7292238296815986E-013
          22           4  -3.0021796356671023E-013
          22           5  -6.2580749056180136E-013
          22           6   3.5429337224499489E-014
          22           7  -1.1036483822660319E-013
          22           8   6.2583135385549476E-014
          22           9   1.0623254862286210E-012
          22          10  -1.9344533654411817E-012
          22          11   1.0319206839230270E-012
          22          12  -9.4950104943601584E-013
          22          13   1.6855039931783495E-012
          22          14  -9.1707652586131472E-013
          22          15   3.9216441067616766E-013
          22          16   1.7609278362412466E-013
          22          17   2.5867168843090036E-013
          22          18   2.0555717683317583E-012
          22          19   1.6875389974303462E-014
          22          20  -4.8133062280602908E-012
          22          21   1.3016931282859068E-014
          22          22   1.9999999999999898     
          22          23   4.4587221601347888E-012
          23           1  -1.4420562605279863E-003
          23           2 -0.12333888796728862     
          23           3   3.3762863216291503E-002
          23           4   1.4291628135187848E-003
          23           5  0.14057850361889157     
          23           6  -2.0490524574058047E-014
          23           7   2.3288401308935174E-014
          23           8   5.7887544588330523E-015
          23           9  -4.5720352134591541E-014
          23          10   5.0360531831881427E-014
          23          11  -2.9324044707746276E-016
          23          12   6.2425758106678038E-014
          23          13  -8.1749835838268163E-014
          23          14  -7.1648142655205139E-015
          23          15   3.2351109763635698E-016
          23          16   3.2442491450611667E-015
          23          17   1.5900727678290458E-015
          23          18 -0.97592600464353163     
          23          19  -1.1400112977933889E-011
          23          20 -0.97592600464351842     
          23          21  -6.0512642589558394E-014
          23          22   4.4587221601347888E-012
          23          23   2.0240739953564937     
