           1           1  0.26601284270520004     
           1           2  0.53468365035664722     
           1           3 -0.15215395845649748     
           1           4   3.9359117471144872E-016
           1           5  -6.3050712821954753E-016
           1           6  -4.4842063565780309E-016
           1           7  -3.8365244071705438E-016
           1           8   1.1082113793565051E-015
           1           9   1.0600036401349169E-015
           2           1  0.53468365035664722     
           2           2   1.0866843763997096     
           2           3 -0.43980622206310171     
           2           4   1.0500220344944396E-015
           2           5  -9.7926785935072037E-016
           2           6  -8.7042616930549073E-016
           2           7  -7.3442793741510157E-016
           2           8   2.9930354046956305E-015
           2           9   2.9643297479697965E-015
           3           1 -0.15215395845649748     
           3           2 -0.43980622206310171     
           3           3   2.1617110923476295     
           3           4  -4.5963076850830493E-015
           3           5  -4.3582206208481619E-015
           3           6   3.9062129651365032E-015
           3           7   2.5331895481687002E-015
           3           8  -1.3234175520490094E-014
           3           9  -1.1195915259838505E-014
           4           1   3.9359117471144872E-016
           4           2   1.0500220344944396E-015
           4           3  -4.5963076850830493E-015
           4           4  0.12769210886760168     
           4           5  0.17211313404566822     
           4           6 -0.13056667732144872     
           4           7   8.2057479365348643E-002
           4           8  0.11060331034317462     
           4           9  -8.3904734013092272E-002
           5           1  -6.3050712821954753E-016
           5           2  -9.7926785935072037E-016
           5           3  -4.3582206208481619E-015
           5           4  0.17211313404566822     
           5           5  0.23198716955749288     
           5           6 -0.17598769599008254     
           5           7  0.11060331034317551     
           5           8  0.14907955196140849     
           5           9 -0.11309318062273395     
           6           1  -4.4842063565780309E-016
           6           2  -8.7042616930549073E-016
           6           3   3.9062129651365032E-015
           6           4 -0.13056667732144872     
           6           5 -0.17598769599008254     
           6           6  0.13350595724313138     
           6           7  -8.3904734013092050E-002
           6           8 -0.11309318062273274     
           6           9   8.5793573532318465E-002
           7           1  -3.8365244071705438E-016
           7           2  -7.3442793741510157E-016
           7           3   2.5331895481687002E-015
           7           4   8.2057479365348643E-002
           7           5  0.11060331034317551     
           7           6  -8.3904734013092050E-002
           7           7   5.2731762201344907E-002
           7           8   7.1075878820629615E-002
           7           9  -5.3918844641160625E-002
           8           1   1.1082113793565051E-015
           8           2   2.9930354046956305E-015
           8           3  -1.3234175520490094E-014
           8           4  0.11060331034317462     
           8           5  0.14907955196140849     
           8           6 -0.11309318062273274     
           8           7   7.1075878820629615E-002
           8           8   9.5801474087584770E-002
           8           9  -7.2675918798817324E-002
           9           1   1.0600036401349169E-015
           9           2   2.9643297479697965E-015
           9           3  -1.1195915259838505E-014
           9           4  -8.3904734013092272E-002
           9           5 -0.11309318062273395     
           9           6   8.5793573532318465E-002
           9           7  -5.3918844641160625E-002
           9           8  -7.2675918798817324E-002
           9           9   5.5132650343391473E-002
