           1           1  0.30128088535124964     
           1           2  0.54936704045446771     
           1           3 -0.13122942333353566     
           1           4   3.1045037916287636E-009
           1           5  -2.7913662395373366E-010
           1           6  -3.1458276710158581E-010
           2           1  0.54936704045446771     
           2           2   1.0198462820059562     
           2           3 -0.43432289764241289     
           2           4   7.7433306817037606E-009
           2           5  -1.3861218783485391E-009
           2           6  -1.5241055662424329E-009
           3           1 -0.13122942333353566     
           3           2 -0.43432289764241289     
           3           3   2.1576226256601929     
           3           4  -2.3779741302550380E-008
           3           5   9.5680638547698755E-009
           3           6   1.0373460214186607E-008
           4           1   3.1045037916287636E-009
           4           2   7.7433306817037606E-009
           4           3  -2.3779741302550380E-008
           4           4   2.7146109528804771E-016
           4           5  -1.0374199617317357E-016
           4           6  -1.1254208306076110E-016
           5           1  -2.7913662395373366E-010
           5           2  -1.3861218783485391E-009
           5           3   9.5680638547698755E-009
           5           4  -1.0374199617317357E-016
           5           5   4.2743431934835615E-017
           5           6   4.6329041954320499E-017
           6           1  -3.1458276710158581E-010
           6           2  -1.5241055662424329E-009
           6           3   1.0373460214186607E-008
           6           4  -1.1254208306076110E-016
           6           5   4.6329041954320499E-017
           6           6   5.0215920648565032E-017
