           1           1   1.9978803599045669     
           1           2  -8.1649458565043204E-003
           1           3  -5.4220673136199951E-002
           1           4   2.5274531918133069E-002
           1           5  -2.0490871936867369E-002
           1           6  -1.2843873312711348E-015
           1           7  -2.3042731205304854E-015
           1           8  -2.9534745409558819E-015
           1           9   9.4760265772056623E-015
           1          10  -5.9700350691234923E-015
           1          11  -1.1650755650619952E-014
           1          12  -7.5177108486355036E-015
           1          13   6.4515263993351291E-015
           1          14   1.3958348889000449E-014
           1          15  -2.4570443473118730E-015
           1          16   5.0515035304236612E-015
           1          17   1.1191171492214190E-015
           1          18  -2.5287386914552897E-003
           1          19  -2.0607669641855405E-015
           1          20  -2.5287386914591412E-003
           1          21  -1.1736568843968249E-016
           1          22   4.2311839686014340E-017
           1          23  -2.5287386914590627E-003
           2           1  -8.1649458565043204E-003
           2           2   2.1269498364106938     
           2           3 -0.34911291821864449     
           2           4  0.23518107856148818     
           2           5  -4.9051116404373193E-002
           2           6  -6.8430250483260947E-014
           2           7   2.0864958331507801E-015
           2           8   1.2045790731081877E-014
           2           9  -2.2737781424667240E-014
           2          10   3.7341435325521012E-014
           2          11   7.3022495974214424E-015
           2          12   3.4065043797882201E-014
           2          13  -2.8460635638362128E-014
           2          14   4.8199163433310625E-015
           2          15  -1.5455273360210808E-015
           2          16   1.9995454101771580E-015
           2          17   2.7328360019662117E-015
           2          18 -0.16017684231390356     
           2          19  -3.1976935056999092E-015
           2          20 -0.16017684231391677     
           2          21  -7.7755338859979608E-015
           2          22  -2.7061330083767135E-015
           2          23 -0.16017684231386831     
           3           1  -5.4220673136199951E-002
           3           2 -0.34911291821864449     
           3           3  0.47589445419917381     
           3           4  0.36401700575516216     
           3           5 -0.50822072051437461     
           3           6   4.8978638144818923E-015
           3           7  -8.3848639279893178E-015
           3           8  -1.0522339653531958E-014
           3           9  -1.2067033207871404E-014
           3          10  -2.5815245122327880E-014
           3          11  -1.3744003119103760E-014
           3          12   4.6002689042322343E-015
           3          13   4.8057980063198926E-015
           3          14   5.6156320972163415E-015
           3          15   1.3906381781773993E-014
           3          16   3.7672471463137494E-014
           3          17   2.9481554369317705E-014
           3          18  0.14353377361934633     
           3          19  -4.8826401781796403E-015
           3          20  0.14353377361935182     
           3          21  -1.1712139443662092E-014
           3          22  -1.3028093558918495E-015
           3          23  0.14353377361937913     
           4           1   2.5274531918133069E-002
           4           2  0.23518107856148818     
           4           3  0.36401700575516216     
           4           4  0.41646499143239529     
           4           5 -0.51165894481324303     
           4           6  -6.8441616725049419E-015
           4           7  -1.1174556815310682E-014
           4           8  -2.3846369147420469E-014
           4           9  -1.1218399914849069E-014
           4          10  -1.8985906937986696E-014
           4          11  -1.3418776392317237E-014
           4          12   2.8197744214949502E-014
           4          13   2.3636848241454877E-014
           4          14   2.9280208776920520E-014
           4          15  -1.3811264560714020E-014
           4          16  -3.4255029466886799E-014
           4          17  -2.3625943941799752E-014
           4          18   9.5695363467265676E-002
           4          19  -6.2846982287742214E-015
           4          20   9.5695363467257127E-002
           4          21  -1.1386921858205832E-014
           4          22  -2.4534498739025486E-015
           4          23   9.5695363467294486E-002
           5           1  -2.0490871936867369E-002
           5           2  -4.9051116404373193E-002
           5           3 -0.50822072051437461     
           5           4 -0.51165894481324303     
           5           5   2.6987582403887549     
           5           6   3.4703687330620991E-015
           5           7  -4.4290953475680319E-015
           5           8  -1.7752927228289792E-014
           5           9   2.3109847410928921E-015
           5          10   4.0636931535570809E-015
           5          11   4.0491888618003258E-015
           5          12  -6.7111873138669810E-015
           5          13  -6.2503975103697884E-015
           5          14  -1.6694757915337172E-015
           5          15  -1.9770593601410964E-015
           5          16   1.1323136399256291E-014
           5          17   3.9298206248350661E-015
           5          18 -0.16326830164147937     
           5          19   8.3814740815582189E-015
           5          20 -0.16326830164150255     
           5          21  -1.7937354581445927E-015
           5          22   5.3867677112094837E-016
           5          23 -0.16326830164145983     
           6           1  -1.2843873312711348E-015
           6           2  -6.8430250483260947E-014
           6           3   4.8978638144818923E-015
           6           4  -6.8441616725049419E-015
           6           5   3.4703687330620991E-015
           6           6   2.0398565600981904     
           6           7   6.2241927708055346E-006
           6           8  -2.7498163544697265E-006
           6           9  0.19830917801039091     
           6          10   1.5907892910155198E-004
           6          11  -7.0280252719709808E-005
           6          12 -0.27740345377097925     
           6          13  -5.4438626087608354E-004
           6          14   2.4050705021383628E-004
           6          15   1.4204039474983087E-003
           6          16   1.5418684525815279E-003
           6          17  -6.8118955232756250E-004
           6          18  -2.3867562852055642E-015
           6          19  -3.5867880167007656E-015
           6          20  -2.9813283427527074E-015
           6          21  -6.1313787263862084E-016
           6          22  -8.6162285684526188E-016
           6          23   3.6784316004565199E-015
           7           1  -2.3042731205304854E-015
           7           2   2.0864958331507801E-015
           7           3  -8.3848639279893178E-015
           7           4  -1.1174556815310682E-014
           7           5  -4.4290953475680319E-015
           7           6   6.2241927708055346E-006
           7           7   2.0398488601836671     
           7           8   4.9342365337001290E-006
           7           9   1.5907892916305964E-004
           7          10  0.19811238234517647     
           7          11   1.2611001811900496E-004
           7          12  -5.4438626092986843E-004
           7          13 -0.27672999653209673     
           7          14  -4.3156288270051129E-004
           7          15   1.5418684525737173E-003
           7          16  -4.8703300572125702E-004
           7          17   1.2223181258593601E-003
           7          18   9.8243800948718216E-015
           7          19  -2.5636111169840077E-015
           7          20   1.0908602710109554E-014
           7          21   1.7011771848333820E-015
           7          22   1.9290319815828101E-016
           7          23   7.5125798708693234E-015
           8           1  -2.9534745409558819E-015
           8           2   1.2045790731081877E-014
           8           3  -1.0522339653531958E-014
           8           4  -2.3846369147420469E-014
           8           5  -1.7752927228289792E-014
           8           6  -2.7498163544697265E-006
           8           7   4.9342365337001290E-006
           8           8   2.0398578488780279     
           8           9  -7.0280252726901741E-005
           8          10   1.2611001820405740E-004
           8          11  0.19834211685483683     
           8          12   2.4050705022462843E-004
           8          13  -4.3156288278683173E-004
           8          14 -0.27751617425808894     
           8          15  -6.8118955233132880E-004
           8          16   1.2223181258574035E-003
           8          17   1.7396628553072906E-003
           8          18   2.7045290150429178E-014
           8          19  -1.4025301098722490E-015
           8          20   2.6126850868759783E-014
           8          21  -1.2376894058578960E-015
           8          22   1.0265850634470984E-014
           8          23   4.7316640521109130E-015
           9           1   9.4760265772056623E-015
           9           2  -2.2737781424667240E-014
           9           3  -1.2067033207871404E-014
           9           4  -1.1218399914849069E-014
           9           5   2.3109847410928921E-015
           9           6  0.19830917801039091     
           9           7   1.5907892916305964E-004
           9           8  -7.0280252726901741E-005
           9           9  0.56422566937671959     
           9          10   4.0657650921068662E-003
           9          11  -1.7962341070070981E-003
           9          12  0.39397450133283879     
           9          13  -1.3913512421197644E-002
           9          14   6.1469182287962575E-003
           9          15  0.18554096902734868     
           9          16   3.9407324189282632E-002
           9          17  -1.7409953150018771E-002
           9          18   1.2768313993078199E-015
           9          19  -1.3484313707465657E-014
           9          20  -2.4851627085994188E-014
           9          21  -3.7863813897658447E-014
           9          22   4.7547822471216098E-015
           9          23  -3.3593673671634401E-015
          10           1  -5.9700350691234923E-015
          10           2   3.7341435325521012E-014
          10           3  -2.5815245122327880E-014
          10           4  -1.8985906937986696E-014
          10           5   4.0636931535570809E-015
          10           6   1.5907892910155198E-004
          10           7  0.19811238234517647     
          10           8   1.2611001820405740E-004
          10           9   4.0657650921068662E-003
          10          10  0.55919593382012833     
          10          11   3.2231403134771975E-003
          10          12  -1.3913512421098544E-002
          10          13  0.41118683076124490     
          10          14  -1.1029954208024485E-002
          10          15   3.9407324189211883E-002
          10          16  0.13679038575932340     
          10          17   3.1240205069201197E-002
          10          18  -2.6628363628275274E-014
          10          19  -2.3863301365474124E-014
          10          20  -1.1675320340160546E-014
          10          21   1.1673831869891033E-014
          10          22  -3.0377033653450744E-014
          10          23   6.4740421900159328E-015
          11           1  -1.1650755650619952E-014
          11           2   7.3022495974214424E-015
          11           3  -1.3744003119103760E-014
          11           4  -1.3418776392317237E-014
          11           5   4.0491888618003258E-015
          11           6  -7.0280252719709808E-005
          11           7   1.2611001811900496E-004
          11           8  0.19834211685483683     
          11           9  -1.7962341070070981E-003
          11          10   3.2231403134771975E-003
          11          11  0.56506752571045404     
          11          12   6.1469182286988536E-003
          11          13  -1.1029954208110614E-002
          11          14  0.39109357282561763     
          11          15  -1.7409953150059474E-002
          11          16   3.1240205069264983E-002
          11          17  0.19370064001584270     
          11          18  -3.2393786083311273E-016
          11          19   2.0708400142929292E-014
          11          20  -2.7765928449903062E-014
          11          21  -9.4014680340979767E-015
          11          22  -5.6154267596075011E-015
          11          23  -1.9214652905319061E-015
          12           1  -7.5177108486355036E-015
          12           2   3.4065043797882201E-014
          12           3   4.6002689042322343E-015
          12           4   2.8197744214949502E-014
          12           5  -6.7111873138669810E-015
          12           6 -0.27740345377097925     
          12           7  -5.4438626092986843E-004
          12           8   2.4050705022462843E-004
          12           9  0.39397450133283879     
          12          10  -1.3913512421098544E-002
          12          11   6.1469182286988536E-003
          12          12  0.75026787088729963     
          12          13   4.7613628310843023E-002
          12          14  -2.1035456104877510E-002
          12          15 -0.59123911526531514     
          12          16 -0.13485636335958504     
          12          17   5.9578847749153931E-002
          12          18  -7.0434205136413972E-015
          12          19   4.2653512037533988E-014
          12          20  -2.6656222065902897E-015
          12          21   1.4137413142152177E-014
          12          22  -1.0010914531771221E-014
          12          23   4.5749721814976207E-015
          13           1   6.4515263993351291E-015
          13           2  -2.8460635638362128E-014
          13           3   4.8057980063198926E-015
          13           4   2.3636848241454877E-014
          13           5  -6.2503975103697884E-015
          13           6  -5.4438626087608354E-004
          13           7 -0.27672999653209673     
          13           8  -4.3156288278683173E-004
          13           9  -1.3913512421197644E-002
          13          10  0.41118683076124490     
          13          11  -1.1029954208110614E-002
          13          12   4.7613628310843023E-002
          13          13  0.69136531408046309     
          13          14   3.7745762827675056E-002
          13          15 -0.13485636335952497     
          13          16 -0.42440905241709825     
          13          17 -0.10690754911471388     
          13          18   1.3725753319424019E-014
          13          19   3.6394895580104056E-014
          13          20   5.6888115353101777E-015
          13          21  -1.4430168517780811E-014
          13          22   2.7909873629382461E-014
          13          23  -4.5756828724697891E-015
          14           1   1.3958348889000449E-014
          14           2   4.8199163433310625E-015
          14           3   5.6156320972163415E-015
          14           4   2.9280208776920520E-014
          14           5  -1.6694757915337172E-015
          14           6   2.4050705021383628E-004
          14           7  -4.3156288270051129E-004
          14           8 -0.27751617425808894     
          14           9   6.1469182287962575E-003
          14          10  -1.1029954208024485E-002
          14          11  0.39109357282561763     
          14          12  -2.1035456104877510E-002
          14          13   3.7745762827675056E-002
          14          14  0.76012673721683566     
          14          15   5.9578847749171777E-002
          14          16 -0.10690754911477629     
          14          17 -0.61916244115342700     
          14          18  -2.1308343258172002E-014
          14          19  -1.0106478753119385E-014
          14          20   6.7346363858049891E-015
          14          21  -6.7846377198116864E-016
          14          22  -8.0008652831722221E-015
          14          23   8.5611806770681029E-015
          15           1  -2.4570443473118730E-015
          15           2  -1.5455273360210808E-015
          15           3   1.3906381781773993E-014
          15           4  -1.3811264560714020E-014
          15           5  -1.9770593601410964E-015
          15           6   1.4204039474983087E-003
          15           7   1.5418684525737173E-003
          15           8  -6.8118955233132880E-004
          15           9  0.18554096902734868     
          15          10   3.9407324189211883E-002
          15          11  -1.7409953150059474E-002
          15          12 -0.59123911526531514     
          15          13 -0.13485636335952497     
          15          14   5.9578847749171777E-002
          15          15   1.8555836736838045     
          15          16  0.38195448202002807     
          15          17 -0.16874552571687848     
          15          18   2.1294017363348993E-015
          15          19  -1.6848916663544691E-014
          15          20  -8.6711760794424605E-016
          15          21   5.2355864381038428E-015
          15          22  -4.1283882143546553E-015
          15          23  -5.4817841046074768E-016
          16           1   5.0515035304236612E-015
          16           2   1.9995454101771580E-015
          16           3   3.7672471463137494E-014
          16           4  -3.4255029466886799E-014
          16           5   1.1323136399256291E-014
          16           6   1.5418684525815279E-003
          16           7  -4.8703300572125702E-004
          16           8   1.2223181258574035E-003
          16           9   3.9407324189282632E-002
          16          10  0.13679038575932340     
          16          11   3.1240205069264983E-002
          16          12 -0.13485636335958504     
          16          13 -0.42440905241709825     
          16          14 -0.10690754911477629     
          16          15  0.38195448202002807     
          16          16   1.3830698919602371     
          16          17  0.30279488879051347     
          16          18   1.0515206617414796E-014
          16          19  -8.6275070013451394E-016
          16          20  -1.0144597895126691E-014
          16          21   3.9469207384580953E-015
          16          22   1.7264204185978117E-015
          16          23  -8.2634198860742437E-015
          17           1   1.1191171492214190E-015
          17           2   2.7328360019662117E-015
          17           3   2.9481554369317705E-014
          17           4  -2.3625943941799752E-014
          17           5   3.9298206248350661E-015
          17           6  -6.8118955232756250E-004
          17           7   1.2223181258593601E-003
          17           8   1.7396628553072906E-003
          17           9  -1.7409953150018771E-002
          17          10   3.1240205069201197E-002
          17          11  0.19370064001584270     
          17          12   5.9578847749153931E-002
          17          13 -0.10690754911471388     
          17          14 -0.61916244115342700     
          17          15 -0.16874552571687848     
          17          16  0.30279488879051347     
          17          17   1.9346710760885768     
          17          18  -1.2131029747453789E-014
          17          19   2.4327577275241903E-014
          17          20   4.3538068245518357E-015
          17          21   4.1179545250929284E-015
          17          22   6.4950031624449729E-015
          17          23   8.8761648247136161E-015
          18           1  -2.5287386914552897E-003
          18           2 -0.16017684231390356     
          18           3  0.14353377361934633     
          18           4   9.5695363467265676E-002
          18           5 -0.16326830164147937     
          18           6  -2.3867562852055642E-015
          18           7   9.8243800948718216E-015
          18           8   2.7045290150429178E-014
          18           9   1.2768313993078199E-015
          18          10  -2.6628363628275274E-014
          18          11  -3.2393786083311273E-016
          18          12  -7.0434205136413972E-015
          18          13   1.3725753319424019E-014
          18          14  -2.1308343258172002E-014
          18          15   2.1294017363348993E-015
          18          16   1.0515206617414796E-014
          18          17  -1.2131029747453789E-014
          18          18   2.0486403147414340     
          18          19   3.6515546919024348E-014
          18          20 -0.95135968525855430     
          18          21  -4.6455990752119337E-014
          18          22   1.6351887985802270E-013
          18          23 -0.95135968525859949     
          19           1  -2.0607669641855405E-015
          19           2  -3.1976935056999092E-015
          19           3  -4.8826401781796403E-015
          19           4  -6.2846982287742214E-015
          19           5   8.3814740815582189E-015
          19           6  -3.5867880167007656E-015
          19           7  -2.5636111169840077E-015
          19           8  -1.4025301098722490E-015
          19           9  -1.3484313707465657E-014
          19          10  -2.3863301365474124E-014
          19          11   2.0708400142929292E-014
          19          12   4.2653512037533988E-014
          19          13   3.6394895580104056E-014
          19          14  -1.0106478753119385E-014
          19          15  -1.6848916663544691E-014
          19          16  -8.6275070013451394E-016
          19          17   2.4327577275241903E-014
          19          18   3.6515546919024348E-014
          19          19   2.0000000000000009     
          19          20   1.2154395364426709E-013
          19          21  -1.0269562977795825E-015
          19          22   5.6898930011384321E-016
          19          23  -1.4396963924290677E-013
          20           1  -2.5287386914591412E-003
          20           2 -0.16017684231391677     
          20           3  0.14353377361935182     
          20           4   9.5695363467257127E-002
          20           5 -0.16326830164150255     
          20           6  -2.9813283427527074E-015
          20           7   1.0908602710109554E-014
          20           8   2.6126850868759783E-014
          20           9  -2.4851627085994188E-014
          20          10  -1.1675320340160546E-014
          20          11  -2.7765928449903062E-014
          20          12  -2.6656222065902897E-015
          20          13   5.6888115353101777E-015
          20          14   6.7346363858049891E-015
          20          15  -8.6711760794424605E-016
          20          16  -1.0144597895126691E-014
          20          17   4.3538068245518357E-015
          20          18 -0.95135968525855430     
          20          19   1.2154395364426709E-013
          20          20   2.0486403147414656     
          20          21   8.8302526536425365E-014
          20          22  -1.9689211595260763E-014
          20          23 -0.95135968525858383     
          21           1  -1.1736568843968249E-016
          21           2  -7.7755338859979608E-015
          21           3  -1.1712139443662092E-014
          21           4  -1.1386921858205832E-014
          21           5  -1.7937354581445927E-015
          21           6  -6.1313787263862084E-016
          21           7   1.7011771848333820E-015
          21           8  -1.2376894058578960E-015
          21           9  -3.7863813897658447E-014
          21          10   1.1673831869891033E-014
          21          11  -9.4014680340979767E-015
          21          12   1.4137413142152177E-014
          21          13  -1.4430168517780811E-014
          21          14  -6.7846377198116864E-016
          21          15   5.2355864381038428E-015
          21          16   3.9469207384580953E-015
          21          17   4.1179545250929284E-015
          21          18  -4.6455990752119337E-014
          21          19  -1.0269562977795825E-015
          21          20   8.8302526536425365E-014
          21          21   1.9999999999999991     
          21          22  -4.0800696154948470E-015
          21          23  -1.2922646179506148E-014
          22           1   4.2311839686014340E-017
          22           2  -2.7061330083767135E-015
          22           3  -1.3028093558918495E-015
          22           4  -2.4534498739025486E-015
          22           5   5.3867677112094837E-016
          22           6  -8.6162285684526188E-016
          22           7   1.9290319815828101E-016
          22           8   1.0265850634470984E-014
          22           9   4.7547822471216098E-015
          22          10  -3.0377033653450744E-014
          22          11  -5.6154267596075011E-015
          22          12  -1.0010914531771221E-014
          22          13   2.7909873629382461E-014
          22          14  -8.0008652831722221E-015
          22          15  -4.1283882143546553E-015
          22          16   1.7264204185978117E-015
          22          17   6.4950031624449729E-015
          22          18   1.6351887985802270E-013
          22          19   5.6898930011384321E-016
          22          20  -1.9689211595260763E-014
          22          21  -4.0800696154948470E-015
          22          22   1.9999999999999996     
          22          23  -1.4069565814450986E-013
          23           1  -2.5287386914590627E-003
          23           2 -0.16017684231386831     
          23           3  0.14353377361937913     
          23           4   9.5695363467294486E-002
          23           5 -0.16326830164145983     
          23           6   3.6784316004565199E-015
          23           7   7.5125798708693234E-015
          23           8   4.7316640521109130E-015
          23           9  -3.3593673671634401E-015
          23          10   6.4740421900159328E-015
          23          11  -1.9214652905319061E-015
          23          12   4.5749721814976207E-015
          23          13  -4.5756828724697891E-015
          23          14   8.5611806770681029E-015
          23          15  -5.4817841046074768E-016
          23          16  -8.2634198860742437E-015
          23          17   8.8761648247136161E-015
          23          18 -0.95135968525859949     
          23          19  -1.4396963924290677E-013
          23          20 -0.95135968525858383     
          23          21  -1.2922646179506148E-014
          23          22  -1.4069565814450986E-013
          23          23   2.0486403147413697     
