           1           1   1.9980052617522779     
           1           2  -7.0809397951868526E-003
           1           3  -5.2024144951709553E-002
           1           4   2.7671246200598805E-002
           1           5  -2.3608518561149421E-002
           1           6  -8.4822060731315176E-012
           1           7  -4.5615417529186436E-011
           1           8  -4.5405108371288220E-011
           1           9   5.1388365295892008E-013
           1          10   3.3121942675798469E-012
           1          11   2.9355627722820800E-012
           1          12   1.7729278315996830E-013
           1          13   4.3152974565511295E-013
           1          14   7.8635596367587438E-013
           1          15  -6.1385238708725035E-014
           1          16  -4.7766845562875014E-013
           1          17  -4.6004915433742066E-013
           1          18  -3.9008505677331491E-003
           1          19  -2.2883615095809435E-005
           1          20  -3.9815298383562240E-003
           1          21  -3.5578400900116351E-005
           1          22  -1.5310902926136852E-004
           1          23  -4.1024001104370137E-003
           2           1  -7.0809397951868526E-003
           2           2   2.1178315509491989     
           2           3 -0.33607868748982406     
           2           4  0.24522616741211634     
           2           5 -0.13131743072199942     
           2           6   2.7000770891501212E-013
           2           7   1.5915202873508723E-012
           2           8   1.5527381736833006E-012
           2           9  -1.3976395852694289E-013
           2          10   8.2774607355080394E-013
           2          11   1.5627542095821448E-013
           2          12  -6.1916115983914288E-014
           2          13  -1.1942386411371733E-012
           2          14  -8.1033243161699559E-013
           2          15   1.7803056888425572E-013
           2          16  -1.1765601178850461E-013
           2          17   1.3439987490624434E-013
           2          18 -0.14725476412205801     
           2          19  -4.7825039197914749E-004
           2          20 -0.14894090083011174     
           2          21  -7.4356192560531094E-004
           2          22  -3.1998641207551105E-003
           2          23 -0.15146699955492421     
           3           1  -5.2024144951709553E-002
           3           2 -0.33607868748982406     
           3           3  0.51257470185928777     
           3           4  0.40264527134579198     
           3           5 -0.58144762273171080     
           3           6   4.1296864773176336E-013
           3           7   1.1605777402960334E-012
           3           8   1.5347496585448814E-012
           3           9   7.6698623436320449E-013
           3          10  -3.6792360040073464E-012
           3          11  -8.2919431663527893E-013
           3          12  -8.9639931783040206E-013
           3          13   2.9630941918108146E-012
           3          14   1.3241085666324011E-013
           3          15   2.9783766899932673E-013
           3          16  -3.2391366114408152E-014
           3          17  -9.8472041429561446E-015
           3          18  0.12756963964021978     
           3          19  -4.9309862054458650E-004
           3          20  0.12583115348567403     
           3          21  -7.6664727498827246E-004
           3          22  -3.2992102260126707E-003
           3          23  0.12322662703354949     
           4           1   2.7671246200598805E-002
           4           2  0.24522616741211634     
           4           3  0.40264527134579198     
           4           4  0.45613870342957458     
           4           5 -0.60084481511317700     
           4           6  -4.3079392724057809E-016
           4           7  -6.4972713417175506E-014
           4           8   2.9260319257193513E-014
           4           9   4.3863860858143313E-013
           4          10  -2.1610430746232831E-012
           4          11  -4.0838798496861699E-013
           4          12  -7.7108717190557133E-013
           4          13   2.5767177314162044E-012
           4          14  -1.0846572044931881E-013
           4          15  -1.6811240978158677E-013
           4          16  -6.4761584006754832E-014
           4          17   2.2691779684804130E-013
           4          18   8.3319241953823148E-002
           4          19  -6.0123053549223054E-004
           4          20   8.1199522048639755E-002
           4          21  -9.3476585097754684E-004
           4          22  -4.0226961666132658E-003
           4          23   7.8023847310353639E-002
           5           1  -2.3608518561149421E-002
           5           2 -0.13131743072199942     
           5           3 -0.58144762273171080     
           5           4 -0.60084481511317700     
           5           5   2.6082937686977656     
           5           6  -1.5166175211897766E-013
           5           7   1.4744713766862752E-013
           5           8  -1.9475616060940778E-013
           5           9  -1.6571352248797426E-012
           5          10   4.3095771393189664E-012
           5          11  -7.5700191260050810E-013
           5          12   1.5004449959997972E-012
           5          13  -4.4171375456572094E-012
           5          14   4.1381765517247034E-013
           5          15   2.2016848432988727E-013
           5          16  -3.8273760762808505E-014
           5          17   4.1400745675453823E-013
           5          18  -5.5213563484361759E-002
           5          19  -2.7554415377930392E-004
           5          20  -5.6185031818044989E-002
           5          21  -4.2840349944452203E-004
           5          22  -1.8436029869806161E-003
           5          23  -5.7640444601706531E-002
           6           1  -8.4822060731315176E-012
           6           2   2.7000770891501212E-013
           6           3   4.1296864773176336E-013
           6           4  -4.3079392724057809E-016
           6           5  -1.5166175211897766E-013
           6           6   2.0033857099346921     
           6           7  -1.1320769525970079E-005
           6           8  -1.7601000987627518E-005
           6           9   1.9284466424286606E-002
           6          10   4.8908082185378051E-005
           6          11   7.6040058157730609E-005
           6          12  -2.0264061567410001E-002
           6          13   1.7324782261628235E-005
           6          14   2.6935782767945147E-005
           6          15  -4.9399722788104781E-003
           6          16   2.2153924553118293E-004
           6          17   3.4443912804243699E-004
           6          18   1.2298517218837430E-013
           6          19  -8.5208069557284153E-012
           6          20  -9.7212938882228473E-014
           6          21  -2.7426595163387482E-012
           6          22  -3.7214366371594120E-011
           6          23  -4.8581841979675670E-014
           7           1  -4.5615417529186436E-011
           7           2   1.5915202873508723E-012
           7           3   1.1605777402960334E-012
           7           4  -6.4972713417175506E-014
           7           5   1.4744713766862752E-013
           7           6  -1.1320769525970079E-005
           7           7   2.0033396223344999     
           7           8  -7.5744822940061350E-005
           7           9   4.8908082404922350E-005
           7          10   1.9483573852815704E-002
           7          11   3.2723281160867458E-004
           7          12   1.7324781999402609E-005
           7          13  -2.0193531458078146E-002
           7          14   1.1591615295106092E-004
           7          15   2.2153924555371298E-004
           7          16  -4.0380741437825969E-003
           7          17   1.4822684825481940E-003
           7          18   4.1936660045165491E-015
           7          19   1.8731227377023249E-011
           7          20  -3.4739169265395839E-013
           7          21   2.2841382018834823E-011
           7          22   4.7610607343279960E-011
           7          23  -5.4631555964929491E-014
           8           1  -4.5405108371288220E-011
           8           2   1.5527381736833006E-012
           8           3   1.5347496585448814E-012
           8           4   2.9260319257193513E-014
           8           5  -1.9475616060940778E-013
           8           6  -1.7601000987627518E-005
           8           7  -7.5744822940061350E-005
           8           8   2.0032705760734100     
           8           9   7.6040058303698739E-005
           8          10   3.2723281116470431E-004
           8          11   1.9781868174573891E-002
           8          12   2.6935782617561508E-005
           8          13   1.1591615338914379E-004
           8          14  -2.0087866219182168E-002
           8          15   3.4443912800007927E-004
           8          16   1.4822684826555712E-003
           8          17  -2.6868884902490585E-003
           8          18  -1.7153937058454365E-013
           8          19   6.3396653232983496E-012
           8          20  -2.1336787544404171E-013
           8          21   5.0983750011609911E-012
           8          22   1.0534171490053466E-012
           8          23   2.3302112513269196E-014
           9           1   5.1388365295892008E-013
           9           2  -1.3976395852694289E-013
           9           3   7.6698623436320449E-013
           9           4   4.3863860858143313E-013
           9           5  -1.6571352248797426E-012
           9           6   1.9284466424286606E-002
           9           7   4.8908082404922350E-005
           9           8   7.6040058303698739E-005
           9           9   1.8997900700053343     
           9          10   2.9930800892403468E-003
           9          11   4.6535045929005214E-003
           9          12   5.6561826429973996E-002
           9          13  -2.0334086464730791E-003
           9          14  -3.1614511450976557E-003
           9          15  -2.8784762342725444E-002
           9          16   2.1749812548194341E-003
           9          17   3.3815617856239452E-003
           9          18   2.0835997384886609E-012
           9          19  -2.4884287849104237E-012
           9          20  -6.2645124370242210E-013
           9          21   1.3391681531965813E-012
           9          22  -5.9561046399185173E-013
           9          23  -3.0720352959330558E-013
          10           1   3.3121942675798469E-012
          10           2   8.2774607355080394E-013
          10           3  -3.6792360040073464E-012
          10           4  -2.1610430746232831E-012
          10           5   4.3095771393189664E-012
          10           6   4.8908082185378051E-005
          10           7   1.9483573852815704E-002
          10           8   3.2723281116470431E-004
          10           9   2.9930800892403468E-003
          10          10   1.9119750593554854     
          10          11   2.0026015111678480E-002
          10          12  -2.0334086467118802E-003
          10          13   4.8283710918951166E-002
          10          14  -1.3605072729080641E-002
          10          15   2.1749812543308267E-003
          10          16  -1.9930297150049504E-002
          10          17   1.4552302717719578E-002
          10          18   1.3025062905146207E-012
          10          19   1.4965248670196363E-012
          10          20  -3.3339710939227553E-012
          10          21   3.3440997386250410E-013
          10          22   1.1860279844783795E-012
          10          23   5.5848761202388810E-013
          11           1   2.9355627722820800E-012
          11           2   1.5627542095821448E-013
          11           3  -8.2919431663527893E-013
          11           4  -4.0838798496861699E-013
          11           5  -7.5700191260050810E-013
          11           6   7.6040058157730609E-005
          11           7   3.2723281160867458E-004
          11           8   1.9781868174573891E-002
          11           9   4.6535045929005214E-003
          11          10   2.0026015111678480E-002
          11          11   1.9302300952373650     
          11          12  -3.1614511449662695E-003
          11          13  -1.3605072729276118E-002
          11          14   3.5881788247131348E-002
          11          15   3.3815617846767176E-003
          11          16   1.4552302719033145E-002
          11          17  -6.6649117752888235E-003
          11          18   6.4485456267660400E-014
          11          19   2.1251060208881872E-013
          11          20  -7.4896004249089388E-013
          11          21   1.3415415312365408E-012
          11          22  -2.5235553770338363E-012
          11          23   2.2523567850776202E-012
          12           1   1.7729278315996830E-013
          12           2  -6.1916115983914288E-014
          12           3  -8.9639931783040206E-013
          12           4  -7.7108717190557133E-013
          12           5   1.5004449959997972E-012
          12           6  -2.0264061567410001E-002
          12           7   1.7324781999402609E-005
          12           8   2.6935782617561508E-005
          12           9   5.6561826429973996E-002
          12          10  -2.0334086467118802E-003
          12          11  -3.1614511449662695E-003
          12          12  0.10677694260258067     
          12          13  -3.8659261021070559E-003
          12          14  -6.0105658142756294E-003
          12          15 -0.46656399795049153     
          12          16   1.6311525310348692E-002
          12          17   2.5360416576850262E-002
          12          18  -1.8172086287401019E-012
          12          19   3.1569651887816942E-012
          12          20   9.5316647686175702E-013
          12          21  -1.1091515192957001E-012
          12          22   3.6572668986353637E-012
          12          23   5.2647866697738359E-013
          13           1   4.3152974565511295E-013
          13           2  -1.1942386411371733E-012
          13           3   2.9630941918108146E-012
          13           4   2.5767177314162044E-012
          13           5  -4.4171375456572094E-012
          13           6   1.7324782261628235E-005
          13           7  -2.0193531458078146E-002
          13           8   1.1591615338914379E-004
          13           9  -2.0334086464730791E-003
          13          10   4.8283710918951166E-002
          13          11  -1.3605072729276118E-002
          13          12  -3.8659261021070559E-003
          13          13   9.1038550363261403E-002
          13          14  -2.5866028406661346E-002
          13          15   1.6311525310777765E-002
          13          16 -0.40015890468322568     
          13          17  0.10913668960873296     
          13          18  -1.1679631080698377E-012
          13          19  -3.0457363194147111E-012
          13          20   3.4918006407295854E-012
          13          21  -2.2297085050216254E-012
          13          22  -5.0925458585325924E-012
          13          23  -4.3419659966488054E-013
          14           1   7.8635596367587438E-013
          14           2  -8.1033243161699559E-013
          14           3   1.3241085666324011E-013
          14           4  -1.0846572044931881E-013
          14           5   4.1381765517247034E-013
          14           6   2.6935782767945147E-005
          14           7   1.1591615295106092E-004
          14           8  -2.0087866219182168E-002
          14           9  -3.1614511450976557E-003
          14          10  -1.3605072729080641E-002
          14          11   3.5881788247131348E-002
          14          12  -6.0105658142756294E-003
          14          13  -2.5866028406661346E-002
          14          14   6.7459956536194007E-002
          14          15   2.5360416577720320E-002
          14          16  0.10913668960758088     
          14          17 -0.30067360159350948     
          14          18   5.9060835078566598E-013
          14          19  -7.7059718125609920E-013
          14          20   1.4630057460167116E-012
          14          21  -1.8177397055352961E-012
          14          22   2.3778344000600210E-012
          14          23  -1.6236148632472500E-012
          15           1  -6.1385238708725035E-014
          15           2   1.7803056888425572E-013
          15           3   2.9783766899932673E-013
          15           4  -1.6811240978158677E-013
          15           5   2.2016848432988727E-013
          15           6  -4.9399722788104781E-003
          15           7   2.2153924555371298E-004
          15           8   3.4443912800007927E-004
          15           9  -2.8784762342725444E-002
          15          10   2.1749812543308267E-003
          15          11   3.3815617846767176E-003
          15          12 -0.46656399795049153     
          15          13   1.6311525310777765E-002
          15          14   2.5360416577720320E-002
          15          15   2.0691549155848605     
          15          16  -6.9705506991099425E-002
          15          17 -0.10837494724222291     
          15          18  -1.9911469522999422E-013
          15          19   4.6880714534873520E-014
          15          20  -2.9366711673827100E-013
          15          21  -9.2183220528539374E-014
          15          22  -2.5845063303449044E-013
          15          23   3.1743799633270376E-015
          16           1  -4.7766845562875014E-013
          16           2  -1.1765601178850461E-013
          16           3  -3.2391366114408152E-014
          16           4  -6.4761584006754832E-014
          16           5  -3.8273760762808505E-014
          16           6   2.2153924553118293E-004
          16           7  -4.0380741437825969E-003
          16           8   1.4822684826555712E-003
          16           9   2.1749812548194341E-003
          16          10  -1.9930297150049504E-002
          16          11   1.4552302719033145E-002
          16          12   1.6311525310348692E-002
          16          13 -0.40015890468322568     
          16          14  0.10913668960758088     
          16          15  -6.9705506991099425E-002
          16          16   1.7853800628354064     
          16          17 -0.46638362358880991     
          16          18   9.6052096255788823E-014
          16          19   1.3632119501246851E-013
          16          20   1.8731192913221045E-013
          16          21   2.0995465341446264E-013
          16          22   3.6049507027213482E-013
          16          23   1.1864789647626590E-013
          17           1  -4.6004915433742066E-013
          17           2   1.3439987490624434E-013
          17           3  -9.8472041429561446E-015
          17           4   2.2691779684804130E-013
          17           5   4.1400745675453823E-013
          17           6   3.4443912804243699E-004
          17           7   1.4822684825481940E-003
          17           8  -2.6868884902490585E-003
          17           9   3.3815617856239452E-003
          17          10   1.4552302717719578E-002
          17          11  -6.6649117752888235E-003
          17          12   2.5360416576850262E-002
          17          13  0.10913668960873296     
          17          14 -0.30067360159350948     
          17          15 -0.10837494724222291     
          17          16 -0.46638362358880991     
          17          17   1.3602405766184100     
          17          18  -1.9284652228448507E-013
          17          19   1.9006832368593147E-013
          17          20  -2.8430582517336304E-013
          17          21   1.7933367680025592E-013
          17          22   2.4899120022610129E-013
          17          23  -1.9709973200401005E-013
          18           1  -3.9008505677331491E-003
          18           2 -0.14725476412205801     
          18           3  0.12756963964021978     
          18           4   8.3319241953823148E-002
          18           5  -5.5213563484361759E-002
          18           6   1.2298517218837430E-013
          18           7   4.1936660045165491E-015
          18           8  -1.7153937058454365E-013
          18           9   2.0835997384886609E-012
          18          10   1.3025062905146207E-012
          18          11   6.4485456267660400E-014
          18          12  -1.8172086287401019E-012
          18          13  -1.1679631080698377E-012
          18          14   5.9060835078566598E-013
          18          15  -1.9911469522999422E-013
          18          16   9.6052096255788823E-014
          18          17  -1.9284652228448507E-013
          18          18   2.0306174639360561     
          18          19   6.2855485177711425E-004
          18          20 -0.96716648058331123     
          18          21   9.7724845530469608E-004
          18          22   4.2055169156510613E-003
          18          23 -0.96384647992782979     
          19           1  -2.2883615095809435E-005
          19           2  -4.7825039197914749E-004
          19           3  -4.9309862054458650E-004
          19           4  -6.0123053549223054E-004
          19           5  -2.7554415377930392E-004
          19           6  -8.5208069557284153E-012
          19           7   1.8731227377023249E-011
          19           8   6.3396653232983496E-012
          19           9  -2.4884287849104237E-012
          19          10   1.4965248670196363E-012
          19          11   2.1251060208881872E-013
          19          12   3.1569651887816942E-012
          19          13  -3.0457363194147111E-012
          19          14  -7.7059718125609920E-013
          19          15   4.6880714534873520E-014
          19          16   1.3632119501246851E-013
          19          17   1.9006832368593147E-013
          19          18   6.2855485177711425E-004
          19          19   1.9999999798953791     
          19          20   6.2848396804256299E-004
          19          21  -3.1257132954234723E-008
          19          22  -1.3451580771128861E-007
          19          23   6.2837778098259994E-004
          20           1  -3.9815298383562240E-003
          20           2 -0.14894090083011174     
          20           3  0.12583115348567403     
          20           4   8.1199522048639755E-002
          20           5  -5.6185031818044989E-002
          20           6  -9.7212938882228473E-014
          20           7  -3.4739169265395839E-013
          20           8  -2.1336787544404171E-013
          20           9  -6.2645124370242210E-013
          20          10  -3.3339710939227553E-012
          20          11  -7.4896004249089388E-013
          20          12   9.5316647686175702E-013
          20          13   3.4918006407295854E-012
          20          14   1.4630057460167116E-012
          20          15  -2.9366711673827100E-013
          20          16   1.8731192913221045E-013
          20          17  -2.8430582517336304E-013
          20          18 -0.96716648058331123     
          20          19   6.2848396804256299E-004
          20          20   2.0350493250219310     
          20          21   9.7713825306116058E-004
          20          22   4.2050426781217020E-003
          20          23 -0.96163104873312788     
          21           1  -3.5578400900116351E-005
          21           2  -7.4356192560531094E-004
          21           3  -7.6664727498827246E-004
          21           4  -9.3476585097754684E-004
          21           5  -4.2840349944452203E-004
          21           6  -2.7426595163387482E-012
          21           7   2.2841382018834823E-011
          21           8   5.0983750011609911E-012
          21           9   1.3391681531965813E-012
          21          10   3.3440997386250410E-013
          21          11   1.3415415312365408E-012
          21          12  -1.1091515192957001E-012
          21          13  -2.2297085050216254E-012
          21          14  -1.8177397055352961E-012
          21          15  -9.2183220528539374E-014
          21          16   2.0995465341446264E-013
          21          17   1.7933367680025592E-013
          21          18   9.7724845530469608E-004
          21          19  -3.1257132954234723E-008
          21          20   9.7713825306116058E-004
          21          21   1.9999999513994662     
          21          22  -2.0913590570616772E-007
          21          23   9.7697314326513772E-004
          22           1  -1.5310902926136852E-004
          22           2  -3.1998641207551105E-003
          22           3  -3.2992102260126707E-003
          22           4  -4.0226961666132658E-003
          22           5  -1.8436029869806161E-003
          22           6  -3.7214366371594120E-011
          22           7   4.7610607343279960E-011
          22           8   1.0534171490053466E-012
          22           9  -5.9561046399185173E-013
          22          10   1.1860279844783795E-012
          22          11  -2.5235553770338363E-012
          22          12   3.6572668986353637E-012
          22          13  -5.0925458585325924E-012
          22          14   2.3778344000600210E-012
          22          15  -2.5845063303449044E-013
          22          16   3.6049507027213482E-013
          22          17   2.4899120022610129E-013
          22          18   4.2055169156510613E-003
          22          19  -1.3451580771128861E-007
          22          20   4.2050426781217020E-003
          22          21  -2.0913590570616772E-007
          22          22   1.9999991000008497     
          22          23   4.2043321738151002E-003
          23           1  -4.1024001104370137E-003
          23           2 -0.15146699955492421     
          23           3  0.12322662703354949     
          23           4   7.8023847310353639E-002
          23           5  -5.7640444601706531E-002
          23           6  -4.8581841979675670E-014
          23           7  -5.4631555964929491E-014
          23           8   2.3302112513269196E-014
          23           9  -3.0720352959330558E-013
          23          10   5.5848761202388810E-013
          23          11   2.2523567850776202E-012
          23          12   5.2647866697738359E-013
          23          13  -4.3419659966488054E-013
          23          14  -1.6236148632472500E-012
          23          15   3.1743799633270376E-015
          23          16   1.1864789647626590E-013
          23          17  -1.9709973200401005E-013
          23          18 -0.96384647992782979     
          23          19   6.2837778098259994E-004
          23          20 -0.96163104873312788     
          23          21   9.7697314326513772E-004
          23          22   4.2043321738151002E-003
          23          23   2.0416880166087359     
