           1           1  0.21888739679424613     
           1           2  0.50746503651371433     
           1           3 -0.13953408189812161     
           1           4   1.6240364512085898E-015
           1           5   4.6153217147588838E-016
           1           6   2.1465188874745145E-015
           1           7  -2.0523521248472798E-016
           1           8   2.0354009543320357E-015
           1           9  -1.5640260757206477E-016
           2           1  0.50746503651371433     
           2           2   1.1888880199202490     
           2           3 -0.46940146654958093     
           2           4   3.6998781674030770E-015
           2           5   8.3775649290646913E-016
           2           6   4.8795241629840022E-015
           2           7  -6.1155366406604073E-016
           2           8   4.4180553845003796E-015
           2           9  -4.5889064540633213E-016
           3           1 -0.13953408189812161     
           3           2 -0.46940146654958093     
           3           3   2.1701010819654303     
           3           4   4.1263101530964869E-016
           3           5   1.0536969848019591E-015
           3           6  -1.0800218492256788E-015
           3           7   3.5760370781448754E-015
           3           8   4.1299187381455498E-015
           3           9  -7.6637959635358406E-016
           4           1   1.6240364512085898E-015
           4           2   3.6998781674030770E-015
           4           3   4.1263101530964869E-016
           4           4  0.42300027500501480     
           4           5   2.4884417126218639E-002
           4           6  -1.2672669748593428E-002
           4           7  0.33130789255740728     
           4           8   1.9490303630439201E-002
           4           9  -9.9256566852887734E-003
           5           1   4.6153217147588838E-016
           5           2   8.3775649290646913E-016
           5           3   1.0536969848019591E-015
           5           4   2.4884417126218639E-002
           5           5   8.8955275469819642E-002
           5           6  0.17105503806532565     
           5           7   1.9490303630439146E-002
           5           8   6.9672732121557765E-002
           5           9  0.13397599841295241     
           6           1   2.1465188874745145E-015
           6           2   4.8795241629840022E-015
           6           3  -1.0800218492256788E-015
           6           4  -1.2672669748593428E-002
           6           5  0.17105503806532565     
           6           6  0.33773214027882215     
           6           7  -9.9256566852885201E-003
           6           8  0.13397599841295238     
           6           9  0.26452305177190027     
           7           1  -2.0523521248472798E-016
           7           2  -6.1155366406604073E-016
           7           3   3.5760370781448754E-015
           7           4  0.33130789255740728     
           7           5   1.9490303630439146E-002
           7           6  -9.9256566852885201E-003
           7           7  0.25949136716170984     
           7           8   1.5265454427962913E-002
           7           9  -7.7741046353038672E-003
           8           1   2.0354009543320357E-015
           8           2   4.4180553845003796E-015
           8           3   4.1299187381455498E-015
           8           4   1.9490303630439201E-002
           8           5   6.9672732121557765E-002
           8           6  0.13397599841295238     
           8           7   1.5265454427962913E-002
           8           8   5.4570002460722959E-002
           8           9  0.10493446059093865     
           9           1  -1.5640260757206477E-016
           9           2  -4.5889064540633213E-016
           9           3  -7.6637959635358406E-016
           9           4  -9.9256566852887734E-003
           9           5  0.13397599841295241     
           9           6  0.26452305177190027     
           9           7  -7.7741046353038672E-003
           9           8  0.10493446059093865     
           9           9  0.20718325730252421     
