           1           1   1.9987628263696344     
           1           2  -9.2717777221031517E-003
           1           3  -3.8677098356108747E-002
           1           4   1.8633149182004830E-002
           1           5  -1.5372383660023390E-002
           1           6  -2.0964334689063621E-011
           1           7   1.4274608549637387E-011
           1           8  -1.1532269485998848E-011
           1           9  -3.2053887101223988E-011
           1          10  -4.5275374618645468E-012
           1          11   2.1639084210824777E-011
           1          12   2.9393459427558777E-011
           1          13   1.2678726672601101E-011
           1          14  -2.1213251203407800E-011
           2           1  -9.2717777221031517E-003
           2           2   1.9345099058544064     
           2           3 -0.29797378722671297     
           2           4  0.14393997044784768     
           2           5 -0.15772567526295000     
           2           6  -2.4159240828772427E-010
           2           7   1.9459900795180166E-010
           2           8  -1.3322089798392330E-010
           2           9  -4.0468748324723276E-010
           2          10  -5.9518571223129347E-011
           2          11   2.7131576359693237E-010
           2          12   3.8498894435479518E-010
           2          13   1.6275585099713765E-010
           2          14  -2.7480562195692801E-010
           3           1  -3.8677098356108747E-002
           3           2 -0.29797378722671297     
           3           3  0.65604444915013671     
           3           4  0.57154871169681631     
           3           5 -0.43343331093561582     
           3           6  -4.1174842766815116E-010
           3           7   3.3113099694570981E-010
           3           8  -2.2673404654022372E-010
           3           9  -6.7161490221894635E-010
           3          10  -1.0128812920405656E-010
           3          11   4.6021416006494632E-010
           3          12   6.0975496893700240E-010
           3          13   2.7714039628867857E-010
           3          14  -4.6221222509111962E-010
           4           1   1.8633149182004830E-002
           4           2  0.14393997044784768     
           4           3  0.57154871169681631     
           4           4  0.59015263639142890     
           4           5 -0.46062637195894929     
           4           6  -4.5601525606712131E-010
           4           7   3.6665074630363766E-010
           4           8  -2.5106818052576231E-010
           4           9  -7.4644610069742952E-010
           4          10  -1.1252307565512856E-010
           4          11   5.1024996305255785E-010
           4          12   6.8346550563362061E-010
           4          13   3.0785050394212544E-010
           4          14  -5.1422280581103993E-010
           5           1  -1.5372383660023390E-002
           5           2 -0.15772567526295000     
           5           3 -0.43343331093561582     
           5           4 -0.46062637195894929     
           5           5   2.3589733215012245     
           5           6   1.4507875814059763E-009
           5           7  -1.1749550210709123E-009
           5           8   8.0781935744026163E-010
           5           9   2.2861771444582212E-009
           5          10   3.2500114705910581E-010
           5          11  -1.5643163900644350E-009
           5          12  -1.9313466965433526E-009
           5          13  -8.9719282189530594E-010
           5          14   1.4747196120933317E-009
           6           1  -2.0964334689063621E-011
           6           2  -2.4159240828772427E-010
           6           3  -4.1174842766815116E-010
           6           4  -4.5601525606712131E-010
           6           5   1.4507875814059763E-009
           6           6   1.9994430034887154     
           6           7  -2.3611249208808234E-015
           6           8   3.6370858770529524E-016
           6           9  -1.3344203188356456E-003
           6          10   1.7620377066234099E-014
           6          11  -3.7149175403424742E-015
           6          12   1.0549128851525147E-002
           6          13  -2.8221408624310796E-015
           6          14  -1.0471977981752099E-014
           7           1   1.4274608549637387E-011
           7           2   1.9459900795180166E-010
           7           3   3.3113099694570981E-010
           7           4   3.6665074630363766E-010
           7           5  -1.1749550210709123E-009
           7           6  -2.3611249208808234E-015
           7           7   1.9994430034887203     
           7           8   4.3881656944290703E-015
           7           9  -4.9558060093596751E-014
           7          10  -1.3344203188549804E-003
           7          11   1.0192712715837516E-014
           7          12   4.3943963386651893E-014
           7          13   1.0549128851525426E-002
           7          14  -2.6882218798773485E-016
           8           1  -1.1532269485998848E-011
           8           2  -1.3322089798392330E-010
           8           3  -2.2673404654022372E-010
           8           4  -2.5106818052576231E-010
           8           5   8.0781935744026163E-010
           8           6   3.6370858770529524E-016
           8           7   4.3881656944290703E-015
           8           8   1.9994430034887256     
           8           9   2.2959054288498087E-014
           8          10  -9.9525423073448703E-015
           8          11  -1.3344203188352208E-003
           8          12  -3.0049569591558025E-014
           8          13  -2.5124447728489556E-015
           8          14   1.0549128851538275E-002
           9           1  -3.2053887101223988E-011
           9           2  -4.0468748324723276E-010
           9           3  -6.7161490221894635E-010
           9           4  -7.4644610069742952E-010
           9           5   2.2861771444582212E-009
           9           6  -1.3344203188356456E-003
           9           7  -4.9558060093596751E-014
           9           8   2.2959054288498087E-014
           9           9   1.9408360632757335     
           9          10   1.2177835862869346E-014
           9          11  -4.0578756310013348E-014
           9          12   7.6754248738745118E-002
           9          13  -3.5001061092509347E-014
           9          14   4.1232964310516719E-014
          10           1  -4.5275374618645468E-012
          10           2  -5.9518571223129347E-011
          10           3  -1.0128812920405656E-010
          10           4  -1.1252307565512856E-010
          10           5   3.2500114705910581E-010
          10           6   1.7620377066234099E-014
          10           7  -1.3344203188549804E-003
          10           8  -9.9525423073448703E-015
          10           9   1.2177835862869346E-014
          10          10   1.9408360632757375     
          10          11   6.8278098338625912E-015
          10          12   6.6795475148943588E-015
          10          13   7.6754248738740080E-002
          10          14  -8.2196660059803029E-015
          11           1   2.1639084210824777E-011
          11           2   2.7131576359693237E-010
          11           3   4.6021416006494632E-010
          11           4   5.1024996305255785E-010
          11           5  -1.5643163900644350E-009
          11           6  -3.7149175403424742E-015
          11           7   1.0192712715837516E-014
          11           8  -1.3344203188352208E-003
          11           9  -4.0578756310013348E-014
          11          10   6.8278098338625912E-015
          11          11   1.9408360632757182     
          11          12   2.2015744121682104E-014
          11          13  -1.2988800296453845E-014
          11          14   7.6754248738770320E-002
          12           1   2.9393459427558777E-011
          12           2   3.8498894435479518E-010
          12           3   6.0975496893700240E-010
          12           4   6.8346550563362061E-010
          12           5  -1.9313466965433526E-009
          12           6   1.0549128851525147E-002
          12           7   4.3943963386651893E-014
          12           8  -3.0049569591558025E-014
          12           9   7.6754248738745118E-002
          12          10   6.6795475148943588E-015
          12          11   2.2015744121682104E-014
          12          12   3.0916163064954494E-003
          12          13  -9.1308225864634883E-016
          12          14   2.3439384802183116E-015
          13           1   1.2678726672601101E-011
          13           2   1.6275585099713765E-010
          13           3   2.7714039628867857E-010
          13           4   3.0785050394212544E-010
          13           5  -8.9719282189530594E-010
          13           6  -2.8221408624310796E-015
          13           7   1.0549128851525426E-002
          13           8  -2.5124447728489556E-015
          13           9  -3.5001061092509347E-014
          13          10   7.6754248738740080E-002
          13          11  -1.2988800296453845E-014
          13          12  -9.1308225864634883E-016
          13          13   3.0916163064950517E-003
          13          14  -8.6540148657968218E-016
          14           1  -2.1213251203407800E-011
          14           2  -2.7480562195692801E-010
          14           3  -4.6221222509111962E-010
          14           4  -5.1422280581103993E-010
          14           5   1.4747196120933317E-009
          14           6  -1.0471977981752099E-014
          14           7  -2.6882218798773485E-016
          14           8   1.0549128851538275E-002
          14           9   4.1232964310516719E-014
          14          10  -8.2196660059803029E-015
          14          11   7.6754248738770320E-002
          14          12   2.3439384802183116E-015
          14          13  -8.6540148657968218E-016
          14          14   3.0916163064976026E-003
