           1           1   1.9987633880292117     
           1           2  -9.2697129069546184E-003
           1           3  -3.8660567346598756E-002
           1           4   1.8630521069247320E-002
           1           5  -1.5399703828937558E-002
           1           6   1.4983637004207755E-015
           1           7   1.1509101052085890E-015
           1           8  -1.0040747375622820E-015
           1           9  -9.9130430043200485E-016
           1          10   1.5561099085079141E-015
           1          11   1.2348264464255774E-015
           1          12   1.6947104478819266E-015
           1          13  -1.4827741594091507E-015
           1          14  -6.7907951785184527E-017
           2           1  -9.2697129069546184E-003
           2           2   1.9345084489274615     
           2           3 -0.29792186104956264     
           2           4  0.14399691266228848     
           2           5 -0.15793568045531253     
           2           6   1.7075597359791216E-014
           2           7   6.9060744820128352E-015
           2           8   1.3585061386901564E-014
           2           9  -1.1794844895319861E-015
           2          10  -5.6762989267462869E-016
           2          11   1.0493026284261223E-015
           2          12  -1.0829509134450469E-015
           2          13  -6.1018750153450586E-016
           2          14  -8.9586794127548995E-016
           3           1  -3.8660567346598756E-002
           3           2 -0.29792186104956264     
           3           3  0.65652236053393886     
           3           4  0.57153643735427728     
           3           5 -0.43434448596722375     
           3           6  -2.7660170095340081E-015
           3           7  -2.1884653517212723E-015
           3           8  -2.2200293733344957E-015
           3           9  -2.5295488187057661E-015
           3          10  -3.5555567337214154E-015
           3          11  -3.1239328816390677E-015
           3          12   7.5900552400115270E-016
           3          13  -1.6076833468765399E-015
           3          14   2.2803521637610565E-015
           4           1   1.8630521069247320E-002
           4           2  0.14399691266228848     
           4           3  0.57153643735427728     
           4           4  0.58967454035342282     
           4           5 -0.45969169135627752     
           4           6   5.6361342563114560E-016
           4           7  -1.8949334970281909E-015
           4           8   4.0252078249391176E-016
           4           9   5.0625273673991606E-015
           4          10  -2.6869710814887057E-015
           4          11  -3.0324131207216962E-015
           4          12  -3.0631280518843681E-016
           4          13  -1.8610482962216127E-015
           4          14   1.9952434934106526E-015
           5           1  -1.5399703828937558E-002
           5           2 -0.15793568045531253     
           5           3 -0.43434448596722375     
           5           4 -0.45969169135627752     
           5           5   2.3589747418408873     
           5           6  -9.0240695249906339E-016
           5           7  -7.1787856842494918E-016
           5           8  -4.3616454463363548E-016
           5           9  -4.1670391242951797E-015
           5          10  -1.3992932763455105E-015
           5          11  -1.9930423585017911E-015
           5          12   3.5220541186827456E-016
           5          13  -3.8289493349515286E-016
           5          14   3.2230828455438204E-015
           6           1   1.4983637004207755E-015
           6           2   1.7075597359791216E-014
           6           3  -2.7660170095340081E-015
           6           4   5.6361342563114560E-016
           6           5  -9.0240695249906339E-016
           6           6   1.9984434117646308     
           6           7   3.6320772778264399E-018
           6           8  -1.8000466568690587E-016
           6           9   2.0456474072205397E-004
           6          10   3.4442934615519505E-015
           6          11  -1.5404344466674043E-015
           6          12   2.5741951888488698E-002
           6          13  -6.0577085882196287E-016
           6          14  -2.5325607496545781E-015
           7           1   1.1509101052085890E-015
           7           2   6.9060744820128352E-015
           7           3  -2.1884653517212723E-015
           7           4  -1.8949334970281909E-015
           7           5  -7.1787856842494918E-016
           7           6   3.6320772778264399E-018
           7           7   1.9984434117646370     
           7           8   8.1523194228258489E-016
           7           9  -3.3037808599978291E-015
           7          10   2.0456474072894028E-004
           7          11   1.1054525350662199E-015
           7          12   4.3801767768414872E-017
           7          13   2.5741951888489843E-002
           7          14  -2.0418711751783717E-015
           8           1  -1.0040747375622820E-015
           8           2   1.3585061386901564E-014
           8           3  -2.2200293733344957E-015
           8           4   4.0252078249391176E-016
           8           5  -4.3616454463363548E-016
           8           6  -1.8000466568690587E-016
           8           7   8.1523194228258489E-016
           8           8   1.9984434117646344     
           8           9  -1.0842021724854896E-017
           8          10   1.3634926521177704E-015
           8          11   2.0456474072657628E-004
           8          12  -4.3097036356298846E-016
           8          13   1.4226765382083968E-017
           8          14   2.5741951888489364E-002
           9           1  -9.9130430043200485E-016
           9           2  -1.1794844895319861E-015
           9           3  -2.5295488187057661E-015
           9           4   5.0625273673991606E-015
           9           5  -4.1670391242951797E-015
           9           6   2.0456474072205397E-004
           9           7  -3.3037808599978291E-015
           9           8  -1.0842021724854896E-017
           9           9   2.0887914866307460     
           9          10  -1.9984014443252826E-015
           9          11   1.4502288259166123E-015
           9          12 -0.13643812274629474     
           9          13   6.7420027893838647E-015
           9          14  -3.8519534784065041E-015
          10           1   1.5561099085079141E-015
          10           2  -5.6762989267462869E-016
          10           3  -3.5555567337214154E-015
          10           4  -2.6869710814887057E-015
          10           5  -1.3992932763455105E-015
          10           6   3.4442934615519505E-015
          10           7   2.0456474072894028E-004
          10           8   1.3634926521177704E-015
          10           9  -1.9984014443252826E-015
          10          10   2.0887914866307460     
          10          11   1.0711917464156776E-015
          10          12  -7.7975820245157153E-016
          10          13 -0.13643812274628744     
          10          14  -7.6837407964047374E-016
          11           1   1.2348264464255774E-015
          11           2   1.0493026284261223E-015
          11           3  -3.1239328816390677E-015
          11           4  -3.0324131207216962E-015
          11           5  -1.9930423585017911E-015
          11           6  -1.5404344466674043E-015
          11           7   1.1054525350662199E-015
          11           8   2.0456474072657628E-004
          11           9   1.4502288259166123E-015
          11          10   1.0711917464156776E-015
          11          11   2.0887914866307464     
          11          12  -4.4885969940900337E-016
          11          13  -9.8955132282751221E-016
          11          14 -0.13643812274628758     
          12           1   1.6947104478819266E-015
          12           2  -1.0829509134450469E-015
          12           3   7.5900552400115270E-016
          12           4  -3.0631280518843681E-016
          12           5   3.5220541186827456E-016
          12           6   2.5741951888488698E-002
          12           7   4.3801767768414872E-017
          12           8  -4.3097036356298846E-016
          12           9 -0.13643812274629474     
          12          10  -7.7975820245157153E-016
          12          11  -4.4885969940900337E-016
          12          12   1.1313291070485681E-002
          12          13  -4.8531599745883674E-016
          12          14   3.0607027329266909E-016
          13           1  -1.4827741594091507E-015
          13           2  -6.1018750153450586E-016
          13           3  -1.6076833468765399E-015
          13           4  -1.8610482962216127E-015
          13           5  -3.8289493349515286E-016
          13           6  -6.0577085882196287E-016
          13           7   2.5741951888489843E-002
          13           8   1.4226765382083968E-017
          13           9   6.7420027893838647E-015
          13          10 -0.13643812274628744     
          13          11  -9.8955132282751221E-016
          13          12  -4.8531599745883674E-016
          13          13   1.1313291070484181E-002
          13          14   7.8130319054717706E-017
          14           1  -6.7907951785184527E-017
          14           2  -8.9586794127548995E-016
          14           3   2.2803521637610565E-015
          14           4   1.9952434934106526E-015
          14           5   3.2230828455438204E-015
          14           6  -2.5325607496545781E-015
          14           7  -2.0418711751783717E-015
          14           8   2.5741951888489364E-002
          14           9  -3.8519534784065041E-015
          14          10  -7.6837407964047374E-016
          14          11 -0.13643812274628758     
          14          12   3.0607027329266909E-016
          14          13   7.8130319054717706E-017
          14          14   1.1313291070484264E-002
