           1           1   3.0240455065324143     
           1           2 -0.42869098404123285     
           1           3 -0.83181882853142963     
           1           4  0.21637652018259812     
           1           5  -5.1133420922997102E-015
           1           6  -5.2617253933385387E-016
           1           7   4.3525855186155728E-016
           1           8   1.3638493095055607E-015
           1           9  -1.2550123783742336E-015
           1          10   2.6667688125140464E-015
           1          11  -3.4549345240001222E-015
           1          12  -5.7073539228046309E-016
           1          13  -2.2880018724262716E-015
           2           1 -0.42869098404123285     
           2           2   6.7054267543686763E-002
           2           3  -1.4818271319746732E-003
           2           4  -1.2168032632775556E-002
           2           5   1.0530419753803837E-015
           2           6  -9.3917476812731231E-017
           2           7   2.8854097815831810E-016
           2           8  -1.8085983109426749E-016
           2           9   2.1352165253888124E-016
           2          10  -4.9557100715875070E-016
           2          11   6.9450399342178043E-016
           2          12   1.4725684769865936E-016
           2          13   4.3975936276690388E-016
           3           1 -0.83181882853142963     
           3           2  -1.4818271319746732E-003
           3           3   2.7371049555163358     
           3           4  -1.1716873471617149     
           3           5  -1.6161702931136781E-015
           3           6   3.5419118825661839E-015
           3           7  -6.8736171980235748E-015
           3           8   1.9902219340393519E-015
           3           9  -6.6441295019136458E-016
           3          10  -1.6001792782921095E-015
           3          11  -2.1852121789448037E-015
           3          12  -6.0486736934100284E-016
           3          13  -3.5339319879043337E-015
           4           1  0.21637652018259812     
           4           2  -1.2168032632775556E-002
           4           3  -1.1716873471617149     
           4           4   2.5072597435822610     
           4           5   4.4873163055956677E-015
           4           6  -1.8590458254366543E-015
           4           7  -3.6919068109299797E-015
           4           8  -3.7718091257039671E-015
           4           9   5.5064528890371933E-015
           4          10   3.3789847816587850E-015
           4          11  -2.9833708190787900E-017
           4          12   9.0274503000711931E-016
           4          13   3.3069489864031579E-015
           5           1  -5.1133420922997102E-015
           5           2   1.0530419753803837E-015
           5           3  -1.6161702931136781E-015
           5           4   4.4873163055956677E-015
           5           5   2.0802444797609931     
           5           6  -4.3281802974151795E-002
           5           7   2.2722826857997629E-002
           5           8 -0.22963976104194236     
           5           9   7.8593411136932176E-002
           5          10  -4.1261323483000191E-002
           5          11 -0.24270494756248837     
           5          12   8.1127575757009171E-002
           5          13  -4.2591752899866733E-002
           6           1  -5.2617253933385387E-016
           6           2  -9.3917476812731231E-017
           6           3   3.5419118825661839E-015
           6           4  -1.8590458254366543E-015
           6           5  -4.3281802974151795E-002
           6           6   2.0873017170832848     
           6           7   2.0945701391819050E-002
           6           8   7.8593411136933605E-002
           6           9 -0.24245466976220212     
           6          10  -3.8034324078916167E-002
           6          11   8.1127575757005313E-002
           6          12 -0.25593305998288501     
           6          13  -3.9260702181545253E-002
           7           1   4.3525855186155728E-016
           7           2   2.8854097815831810E-016
           7           3  -6.8736171980235748E-015
           7           4  -3.6919068109299797E-015
           7           5   2.2722826857997629E-002
           7           6   2.0945701391819050E-002
           7           7   2.1162020660356662     
           7           8  -4.1261323482997089E-002
           7           9  -3.8034324078915820E-002
           7          10 -0.29493346803620474     
           7          11  -4.2591752899865033E-002
           7          12  -3.9260702181548209E-002
           7          13 -0.31010398374127152     
           8           1   1.3638493095055607E-015
           8           2  -1.8085983109426749E-016
           8           3   1.9902219340393519E-015
           8           4  -3.7718091257039671E-015
           8           5 -0.22963976104194236     
           8           6   7.8593411136933605E-002
           8           7  -4.1261323482997089E-002
           8           8  0.71237765708322032     
           8           9 -0.14271411654980731     
           8          10   7.4924516487683238E-002
           8          11  0.48456461970694542     
           8          12 -0.14731578811125112     
           8          13   7.7340381330709002E-002
           9           1  -1.2550123783742336E-015
           9           2   2.1352165253888124E-016
           9           3  -6.6441295019136458E-016
           9           4   5.5064528890371933E-015
           9           5   7.8593411136932176E-002
           9           6 -0.24245466976220212     
           9           7  -3.8034324078915820E-002
           9           8 -0.14271411654980731     
           9           9  0.73564765326002757     
           9          10   6.9064758495268538E-002
           9          11 -0.14731578811124865     
           9          12  0.50858493324709209     
           9          13   7.1291681400647622E-002
          10           1   2.6667688125140464E-015
          10           2  -4.9557100715875070E-016
          10           3  -1.6001792782921095E-015
          10           4   3.3789847816587850E-015
          10           5  -4.1261323483000191E-002
          10           6  -3.8034324078916167E-002
          10           7 -0.29493346803620474     
          10           8   7.4924516487683238E-002
          10           9   6.9064758495268538E-002
          10          10  0.83094146001719538     
          10          11   7.7340381330705241E-002
          10          12   7.1291681400647969E-002
          10          13  0.60695139189839020     
          11           1  -3.4549345240001222E-015
          11           2   6.9450399342178043E-016
          11           3  -2.1852121789448037E-015
          11           4  -2.9833708190787900E-017
          11           5 -0.24270494756248837     
          11           6   8.1127575757005313E-002
          11           7  -4.2591752899865033E-002
          11           8  0.48456461970694542     
          11           9 -0.14731578811124865     
          11          10   7.7340381330705241E-002
          11          11  0.35940583221017841     
          11          12 -0.15206583589272860     
          11          13   7.9834143278891351E-002
          12           1  -5.7073539228046309E-016
          12           2   1.4725684769865936E-016
          12           3  -6.0486736934100284E-016
          12           4   9.0274503000711931E-016
          12           5   8.1127575757009171E-002
          12           6 -0.25593305998288501     
          12           7  -3.9260702181548209E-002
          12           8 -0.14731578811125112     
          12           9  0.50858493324709209     
          12          10   7.1291681400647969E-002
          12          11 -0.15206583589272860     
          12          12  0.38420065633404804     
          12          13   7.3590409170541410E-002
          13           1  -2.2880018724262716E-015
          13           2   4.3975936276690388E-016
          13           3  -3.5339319879043337E-015
          13           4   3.3069489864031579E-015
          13           5  -4.2591752899866733E-002
          13           6  -3.9260702181545253E-002
          13           7 -0.31010398374127152     
          13           8   7.7340381330709002E-002
          13           9   7.1291681400647622E-002
          13          10  0.60695139189839020     
          13          11   7.9834143278891351E-002
          13          12   7.3590409170541410E-002
          13          13  0.48573884141520696     
