           1           1  0.13870673681830242     
           1           2  0.44070186200726941     
           1           3 -0.11334284342582292     
           1           4   4.4866275724192452E-016
           1           5   5.4896762016924336E-016
           1           6   2.1446724097989523E-015
           1           7  -1.9483611260204920E-016
           1           8   9.4117802205161916E-016
           1           9  -8.2164668960627603E-016
           2           1  0.44070186200726941     
           2           2   1.4131061148504909     
           2           3 -0.52365526217236291     
           2           4   2.0120834784561419E-015
           2           5   2.5746591129757940E-015
           2           6   7.1325290649300250E-015
           2           7  -8.1707380185864976E-016
           2           8   3.8205634099996987E-015
           2           9  -2.4198957619733491E-015
           3           1 -0.11334284342582292     
           3           2 -0.52365526217236291     
           3           3   2.1825936779309458     
           3           4  -8.8017212561687348E-015
           3           5  -1.1617926228703335E-014
           3           6  -6.5558072135539218E-015
           3           7   2.2286898897392668E-015
           3           8  -1.1248422696846108E-014
           3           9  -2.5998481927238106E-015
           4           1   4.4866275724192452E-016
           4           2   2.0120834784561419E-015
           4           3  -8.8017212561687348E-015
           4           4  0.33348875753575663     
           4           5  -7.7743112587186747E-002
           4           6   3.0139267899223453E-002
           4           7  0.37124025083593282     
           4           8  -8.6821507159887609E-002
           4           9   3.3658758655586297E-002
           5           1   5.4896762016924336E-016
           5           2   2.5746591129757940E-015
           5           3  -1.1617926228703335E-014
           5           4  -7.7743112587186747E-002
           5           5  0.59540361147142784     
           5           6   8.2721922689865651E-003
           5           7  -8.6821507159887221E-002
           5           8  0.66374001846170971     
           5           9   9.2381714136321857E-003
           6           1   2.1446724097989523E-015
           6           2   7.1325290649300250E-015
           6           3  -6.5558072135539218E-015
           6           4   3.0139267899223453E-002
           6           5   8.2721922689865651E-003
           6           6  0.61353447743441181     
           6           7   3.3658758655586318E-002
           6           8   9.2381714136327078E-003
           6           9  0.68398810291105261     
           7           1  -1.9483611260204920E-016
           7           2  -8.1707380185864976E-016
           7           3   2.2286898897392668E-015
           7           4  0.37124025083593282     
           7           5  -8.6821507159887221E-002
           7           6   3.3658758655586318E-002
           7           7  0.41326561540236012     
           7           8  -9.6960024556011326E-002
           7           9   3.7589235346496122E-002
           8           1   9.4117802205161916E-016
           8           2   3.8205634099996987E-015
           8           3  -1.1248422696846108E-014
           8           4  -8.6821507159887609E-002
           8           5  0.66374001846170971     
           8           6   9.2381714136327078E-003
           8           7  -9.6960024556011326E-002
           8           8  0.73992182743280421     
           8           9   1.0316952059687981E-002
           9           1  -8.2164668960627603E-016
           9           2  -2.4198957619733491E-015
           9           3  -2.5998481927238106E-015
           9           4   3.3658758655586297E-002
           9           5   9.2381714136321857E-003
           9           6  0.68398810291105261     
           9           7   3.7589235346496122E-002
           9           8   1.0316952059687981E-002
           9           9  0.76253436699405563     
