           1           1   1.9982484374457068     
           1           2  -8.1744962264449564E-003
           1           3  -4.5355068790895639E-002
           1           4   2.5356551597988886E-002
           1           5  -2.6199372775305055E-002
           1           6  -5.6160852394381064E-016
           1           7  -1.5294174622190491E-015
           1           8  -1.6902297134267024E-015
           1           9  -9.7117952803477037E-015
           1          10  -2.0630071870630288E-014
           1          11  -2.2668190927449648E-016
           1          12   1.0105919176469450E-014
           1          13   1.7044942270438642E-014
           1          14   1.5762902683080016E-016
           1          15  -4.4329479552239067E-016
           1          16  -6.8921727382671621E-016
           1          17   2.2418645074159919E-015
           1          18  -2.0367998326354725E-003
           1          19   3.5561672904229092E-006
           1          20  -2.0715343933148922E-003
           1          21   5.4322659248588941E-006
           1          22  -5.8767734861533748E-005
           1          23  -2.1182501947321526E-003
           2           1  -8.1744962264449564E-003
           2           2   2.0721721377481988     
           2           3 -0.23408833775332444     
           2           4  0.28131371956230572     
           2           5 -0.28811482511887249     
           2           6  -2.4536156207190738E-014
           2           7  -4.0073470107735172E-015
           2           8  -1.6766059435686667E-014
           2           9  -2.3342023553700094E-014
           2          10  -2.5363441863253771E-014
           2          11  -8.5644200619151141E-015
           2          12   1.9918651537668296E-014
           2          13   8.5716005502619292E-015
           2          14   2.6759458650217674E-014
           2          15   2.5810945266650648E-015
           2          16  -5.2406188069447525E-015
           2          17   1.7340552914640060E-015
           2          18 -0.12197504192524644     
           2          19   8.6038055826489826E-005
           2          20 -0.12281525259822437     
           2          21   1.3142852948905425E-004
           2          22  -1.4218302289676021E-003
           2          23 -0.12394528526041465     
           3           1  -4.5355068790895639E-002
           3           2 -0.23408833775332444     
           3           3  0.68237443567480915     
           3           4  0.60106702219948138     
           3           5 -0.64687982548922085     
           3           6   4.1469276012050388E-015
           3           7   3.3473989444824939E-016
           3           8   2.3450266043457038E-015
           3           9   2.8361315057657735E-014
           3          10  -4.8067047134300678E-014
           3          11   2.6858596477030796E-014
           3          12  -6.9969961367828187E-014
           3          13  -1.7122537254689377E-014
           3          14   1.2613404771273458E-014
           3          15  -5.7224013264919748E-015
           3          16  -5.1178978534240533E-015
           3          17   1.4668555336902084E-014
           3          18  -1.7987352981358423E-002
           3          19   9.7685652192618607E-005
           3          20  -1.8941486207344392E-002
           3          21   1.4922088906782697E-004
           3          22  -1.6143122993934010E-003
           3          23  -2.0224735479708163E-002
           4           1   2.5356551597988886E-002
           4           2  0.28131371956230572     
           4           3  0.60106702219948138     
           4           4  0.65130489420256121     
           4           5 -0.69501865978711275     
           4           6  -5.9646221740219583E-015
           4           7  -8.7216765132219848E-016
           4           8   1.6128497407599356E-015
           4           9   2.3025521929520039E-014
           4          10  -3.3456962585166412E-014
           4          11   1.2665749121857269E-014
           4          12  -2.7482632443693585E-014
           4          13   1.6304320181476759E-014
           4          14  -1.0530819276034830E-015
           4          15  -7.4936576087841705E-015
           4          16   7.5712442934278274E-015
           4          17   5.4851103118618084E-015
           4          18  -4.7030811582606288E-002
           4          19   1.1562429289772158E-004
           4          20  -4.8159607376665081E-002
           4          21   1.7662350760260415E-004
           4          22  -1.9107631793981745E-003
           4          23  -4.9677774144577684E-002
           5           1  -2.6199372775305055E-002
           5           2 -0.28811482511887249     
           5           3 -0.64687982548922085     
           5           4 -0.69501865978711275     
           5           5   2.0768498093553132     
           5           6  -2.1192545850494101E-015
           5           7   2.3094949354628005E-015
           5           8   2.8174460837405812E-015
           5           9   4.3819949435089883E-014
           5          10   4.0448570471359536E-014
           5          11  -2.4413472616556568E-014
           5          12  -3.5325233189190333E-014
           5          13   2.1465856657700692E-014
           5          14  -1.4585551999907666E-014
           5          15   1.3832706189831581E-014
           5          16   1.5607727103314508E-014
           5          17  -2.3271838636758121E-014
           5          18  0.24862245635054975     
           5          19   7.5789583658546897E-005
           5          20  0.24788238288300329     
           5          21   1.1577336829309295E-004
           5          22  -1.2524685472790284E-003
           5          23  0.24688702799040729     
           6           1  -5.6160852394381064E-016
           6           2  -2.4536156207190738E-014
           6           3   4.1469276012050388E-015
           6           4  -5.9646221740219583E-015
           6           5  -2.1192545850494101E-015
           6           6   2.0632630991969196     
           6           7   5.1513836702879337E-005
           6           8   7.8694359439142325E-005
           6           9  0.45309162474375897     
           6          10   9.5591599145309096E-004
           6          11   1.4602910877010039E-003
           6          12 -0.60902472880361047     
           6          13  -1.1317187161613501E-003
           6          14  -1.7288535495898270E-003
           6          15   4.1122854312952033E-002
           6          16   1.1661959334411378E-003
           6          17   1.7815221665397453E-003
           6          18   2.3241774092598843E-015
           6          19  -8.4403176123499593E-015
           6          20   3.0022781516764579E-015
           6          21   1.8393369882845606E-015
           6          22  -3.5915168702991938E-015
           6          23   7.7857188868388908E-015
           7           1  -1.5294174622190491E-015
           7           2  -4.0073470107735172E-015
           7           3   3.3473989444824939E-016
           7           4  -8.7216765132219848E-016
           7           5   2.3094949354628005E-015
           7           6   5.1513836702879337E-005
           7           7   2.0627105501176146     
           7           8  -8.5136746947415130E-004
           7           9   9.5591599143918064E-004
           7          10  0.44283825332511007     
           7          11  -1.5798391863157530E-002
           7          12  -1.1317187161508221E-003
           7          13 -0.59688565754282197     
           7          14   1.8703877660875737E-002
           7          15   1.1661959334370417E-003
           7          16   2.8613972612191490E-002
           7          17  -1.9273681485735973E-002
           7          18   3.6193520206212607E-015
           7          19   2.0784601050573512E-015
           7          20  -6.2662515555128662E-015
           7          21   2.0749291045276428E-015
           7          22   7.2317683882475899E-016
           7          23  -7.0402112034937512E-015
           8           1  -1.6902297134267024E-015
           8           2  -1.6766059435686667E-014
           8           3   2.3450266043457038E-015
           8           4   1.6128497407599356E-015
           8           5   2.8174460837405812E-015
           8           6   7.8694359439142325E-005
           8           7  -8.5136746947415130E-004
           8           8   2.0619672817032528     
           8           9   1.4602910876457477E-003
           8          10  -1.5798391863221645E-002
           8          11  0.42904580048707830     
           8          12  -1.7288535495356737E-003
           8          13   1.8703877660931317E-002
           8          14 -0.58055663160535997     
           8          15   1.7815221665433718E-003
           8          16  -1.9273681485743727E-002
           8          17   1.1787491461103158E-002
           8          18  -6.4768999126604981E-015
           8          19  -3.6624625705940015E-015
           8          20   4.5190924027611427E-015
           8          21   8.1409418726248366E-015
           8          22  -2.1588164270100883E-015
           8          23   8.9974373939411777E-016
           9           1  -9.7117952803477037E-015
           9           2  -2.3342023553700094E-014
           9           3   2.8361315057657735E-014
           9           4   2.3025521929520039E-014
           9           5   4.3819949435089883E-014
           9           6  0.45309162474375897     
           9           7   9.5591599143918064E-004
           9           8   1.4602910876457477E-003
           9           9  0.93076476967505528     
           9          10   1.7819771596641359E-002
           9          11   2.7222113533161188E-002
           9          12  -1.3652679848423253     
           9          13  -2.1103914066392081E-002
           9          14  -3.2239085759244598E-002
           9          15  0.79081627425822498     
           9          16   2.1978759463294351E-002
           9          17   3.3575530538379028E-002
           9          18  -4.6950249899270411E-014
           9          19  -8.8807194824667948E-014
           9          20  -6.4445486459793831E-015
           9          21   6.6631213341606160E-014
           9          22  -2.9750466921430423E-014
           9          23   7.9623456476574326E-014
          10           1  -2.0630071870630288E-014
          10           2  -2.5363441863253771E-014
          10           3  -4.8067047134300678E-014
          10           4  -3.3456962585166412E-014
          10           5   4.0448570471359536E-014
          10           6   9.5591599145309096E-004
          10           7  0.44283825332511007     
          10           8  -1.5798391863221645E-002
          10           9   1.7819771596641359E-002
          10          10  0.73962586372794725     
          10          11 -0.29450677373693790     
          10          12  -2.1103914066498215E-002
          10          13  -1.1389026229795673     
          10          14  0.34878368732942017     
          10          15   2.1978759463291100E-002
          10          16  0.55506712253098034     
          10          17 -0.36324222817196816     
          10          18   2.1022546818524509E-014
          10          19   2.5526075573629190E-014
          10          20   2.2131473469980210E-014
          10          21   5.1934805507702566E-014
          10          22   3.3557675069389038E-014
          10          23  -4.3337968678778901E-014
          11           1  -2.2668190927449648E-016
          11           2  -8.5644200619151141E-015
          11           3   2.6858596477030796E-014
          11           4   1.2665749121857269E-014
          11           5  -2.4413472616556568E-014
          11           6   1.4602910877010039E-003
          11           7  -1.5798391863157530E-002
          11           8  0.42904580048707830     
          11           9   2.7222113533161188E-002
          11          10 -0.29450677373693790     
          11          11  0.48251293588368183     
          11          12  -3.2239085759281499E-002
          11          13  0.34878368732926801     
          11          14 -0.83440438038592912     
          11          15   3.3575530538378487E-002
          11          16 -0.36324222817210078     
          11          17  0.23794615577984979     
          11          18  -2.5335595588588004E-014
          11          19  -7.6928901237283916E-014
          11          20   3.3176703190077352E-014
          11          21   4.7929719352908649E-014
          11          22  -1.9843884608220103E-014
          11          23  -1.1700131940755034E-014
          12           1   1.0105919176469450E-014
          12           2   1.9918651537668296E-014
          12           3  -6.9969961367828187E-014
          12           4  -2.7482632443693585E-014
          12           5  -3.5325233189190333E-014
          12           6 -0.60902472880361047     
          12           7  -1.1317187161508221E-003
          12           8  -1.7288535495356737E-003
          12           9  -1.3652679848423253     
          12          10  -2.1103914066498215E-002
          12          11  -3.2239085759281499E-002
          12          12   3.8183888472293415     
          12          13   2.4943081888368884E-002
          12          14   3.8103934348001467E-002
          12          15 -0.91291274672297007     
          12          16  -2.5855299033721312E-002
          12          17  -3.9497469533532746E-002
          12          18   2.6207938136043681E-014
          12          19   5.8896644077053868E-014
          12          20   2.4471677205546803E-014
          12          21  -3.7829744735765003E-014
          12          22   6.1180423781670044E-014
          12          23  -7.4680874694184947E-014
          13           1   1.7044942270438642E-014
          13           2   8.5716005502619292E-015
          13           3  -1.7122537254689377E-014
          13           4   1.6304320181476759E-014
          13           5   2.1465856657700692E-014
          13           6  -1.1317187161613501E-003
          13           7 -0.59688565754282197     
          13           8   1.8703877660931317E-002
          13           9  -2.1103914066392081E-002
          13          10  -1.1389026229795673     
          13          11  0.34878368732926801     
          13          12   2.4943081888368884E-002
          13          13   3.5508437017887347     
          13          14 -0.41223348653085568     
          13          15  -2.5855299033687086E-002
          13          16 -0.63558295360936912     
          13          17  0.42730966898942180     
          13          18  -1.2281392629399472E-013
          13          19  -3.4175623825017693E-014
          13          20   7.2314566401872864E-014
          13          21   1.2174435642044323E-014
          13          22  -2.2789845091301088E-014
          13          23   9.4069810742080235E-014
          14           1   1.5762902683080016E-016
          14           2   2.6759458650217674E-014
          14           3   1.2613404771273458E-014
          14           4  -1.0530819276034830E-015
          14           5  -1.4585551999907666E-014
          14           6  -1.7288535495898270E-003
          14           7   1.8703877660875737E-002
          14           8 -0.58055663160535997     
          14           9  -3.2239085759244598E-002
          14          10  0.34878368732942017     
          14          11 -0.83440438038592912     
          14          12   3.8103934348001467E-002
          14          13 -0.41223348653085568     
          14          14   3.1909519501485493     
          14          15  -3.9497469533569328E-002
          14          16  0.42730966898953504     
          14          17 -0.26252925879501582     
          14          18   5.4799672777025997E-014
          14          19   8.2484962086518006E-014
          14          20  -7.0859732953741024E-014
          14          21  -1.0814985548009780E-013
          14          22   1.6248123010401952E-014
          14          23  -1.8542407889349792E-014
          15           1  -4.4329479552239067E-016
          15           2   2.5810945266650648E-015
          15           3  -5.7224013264919748E-015
          15           4  -7.4936576087841705E-015
          15           5   1.3832706189831581E-014
          15           6   4.1122854312952033E-002
          15           7   1.1661959334370417E-003
          15           8   1.7815221665433718E-003
          15           9  0.79081627425822498     
          15          10   2.1978759463291100E-002
          15          11   3.3575530538378487E-002
          15          12 -0.91291274672297007     
          15          13  -2.5855299033687086E-002
          15          14  -3.9497469533569328E-002
          15          15  0.97620218799479230     
          15          16   2.7062715423458755E-002
          15          17   4.1341961527432990E-002
          15          18  -1.8319557130970760E-014
          15          19   2.7988189784728838E-015
          15          20   1.3932986093071399E-014
          15          21  -1.4069392724610989E-014
          15          22  -4.7046748963286278E-015
          15          23   8.5327176817991353E-015
          16           1  -6.8921727382671621E-016
          16           2  -5.2406188069447525E-015
          16           3  -5.1178978534240533E-015
          16           4   7.5712442934278274E-015
          16           5   1.5607727103314508E-014
          16           6   1.1661959334411378E-003
          16           7   2.8613972612191490E-002
          16           8  -1.9273681485743727E-002
          16           9   2.1978759463294351E-002
          16          10  0.55506712253098034     
          16          11 -0.36324222817210078     
          16          12  -2.5855299033721312E-002
          16          13 -0.63558295360936912     
          16          14  0.42730966898953504     
          16          15   2.7062715423458755E-002
          16          16  0.68592137323071789     
          16          17 -0.44726459958872067     
          16          18   8.7851973560934248E-015
          16          19   2.0890427154814251E-014
          16          20   1.6364240083919425E-015
          16          21  -2.2058630171620616E-015
          16          22   6.0012820400004078E-015
          16          23  -5.9092728009024247E-015
          17           1   2.2418645074159919E-015
          17           2   1.7340552914640060E-015
          17           3   1.4668555336902084E-014
          17           4   5.4851103118618084E-015
          17           5  -2.3271838636758121E-014
          17           6   1.7815221665397453E-003
          17           7  -1.9273681485735973E-002
          17           8   1.1787491461103158E-002
          17           9   3.3575530538379028E-002
          17          10 -0.36324222817196816     
          17          11  0.23794615577984979     
          17          12  -3.9497469533532746E-002
          17          13  0.42730966898942180     
          17          14 -0.26252925879501582     
          17          15   4.1341961527432990E-002
          17          16 -0.44726459958872067     
          17          17  0.29544644709399503     
          17          18   2.6395052212106737E-014
          17          19  -1.2970640011369596E-014
          17          20  -2.6970255026028585E-014
          17          21   5.5097784990537334E-015
          17          22  -1.8417294015552704E-016
          17          23  -4.7214770763419661E-015
          18           1  -2.0367998326354725E-003
          18           2 -0.12197504192524644     
          18           3  -1.7987352981358423E-002
          18           4  -4.7030811582606288E-002
          18           5  0.24862245635054975     
          18           6   2.3241774092598843E-015
          18           7   3.6193520206212607E-015
          18           8  -6.4768999126604981E-015
          18           9  -4.6950249899270411E-014
          18          10   2.1022546818524509E-014
          18          11  -2.5335595588588004E-014
          18          12   2.6207938136043681E-014
          18          13  -1.2281392629399472E-013
          18          14   5.4799672777025997E-014
          18          15  -1.8319557130970760E-014
          18          16   8.7851973560934248E-015
          18          17   2.6395052212106737E-014
          18          18   2.0358500186318258     
          18          19  -1.2602291812768130E-004
          18          20 -0.96291938795540388     
          18          21  -1.9250795530308462E-004
          18          22   2.0826046821587384E-003
          18          23 -0.96126431283289127     
          19           1   3.5561672904229092E-006
          19           2   8.6038055826489826E-005
          19           3   9.7685652192618607E-005
          19           4   1.1562429289772158E-004
          19           5   7.5789583658546897E-005
          19           6  -8.4403176123499593E-015
          19           7   2.0784601050573512E-015
          19           8  -3.6624625705940015E-015
          19           9  -8.8807194824667948E-014
          19          10   2.5526075573629190E-014
          19          11  -7.6928901237283916E-014
          19          12   5.8896644077053868E-014
          19          13  -3.4175623825017693E-014
          19          14   8.2484962086518006E-014
          19          15   2.7988189784728838E-015
          19          16   2.0890427154814251E-014
          19          17  -1.2970640011369596E-014
          19          18  -1.2602291812768130E-004
          19          19   1.9999999967522437     
          19          20  -1.2599119982729717E-004
          19          21  -4.9615086536950999E-009
          19          22   5.3682751821204598E-008
          19          23  -1.2594854042424075E-004
          20           1  -2.0715343933148922E-003
          20           2 -0.12281525259822437     
          20           3  -1.8941486207344392E-002
          20           4  -4.8159607376665081E-002
          20           5  0.24788238288300329     
          20           6   3.0022781516764579E-015
          20           7  -6.2662515555128662E-015
          20           8   4.5190924027611427E-015
          20           9  -6.4445486459793831E-015
          20          10   2.2131473469980210E-014
          20          11   3.3176703190077352E-014
          20          12   2.4471677205546803E-014
          20          13   7.2314566401872864E-014
          20          14  -7.0859732953741024E-014
          20          15   1.3932986093071399E-014
          20          16   1.6364240083919425E-015
          20          17  -2.6970255026028585E-014
          20          18 -0.96291938795540388     
          20          19  -1.2599119982729717E-004
          20          20   2.0383108957357825     
          20          21  -1.9245950298486800E-004
          20          22   2.0820805166614016E-003
          20          23 -0.96003444571631280     
          21           1   5.4322659248588941E-006
          21           2   1.3142852948905425E-004
          21           3   1.4922088906782697E-004
          21           4   1.7662350760260415E-004
          21           5   1.1577336829309295E-004
          21           6   1.8393369882845606E-015
          21           7   2.0749291045276428E-015
          21           8   8.1409418726248366E-015
          21           9   6.6631213341606160E-014
          21          10   5.1934805507702566E-014
          21          11   4.7929719352908649E-014
          21          12  -3.7829744735765003E-014
          21          13   1.2174435642044323E-014
          21          14  -1.0814985548009780E-013
          21          15  -1.4069392724610989E-014
          21          16  -2.2058630171620616E-015
          21          17   5.5097784990537334E-015
          21          18  -1.9250795530308462E-004
          21          19  -4.9615086536950999E-009
          21          20  -1.9245950298486800E-004
          21          21   1.9999999924198095     
          21          22   8.1995026702124538E-008
          21          23  -1.9239433791558188E-004
          22           1  -5.8767734861533748E-005
          22           2  -1.4218302289676021E-003
          22           3  -1.6143122993934010E-003
          22           4  -1.9107631793981745E-003
          22           5  -1.2524685472790284E-003
          22           6  -3.5915168702991938E-015
          22           7   7.2317683882475899E-016
          22           8  -2.1588164270100883E-015
          22           9  -2.9750466921430423E-014
          22          10   3.3557675069389038E-014
          22          11  -1.9843884608220103E-014
          22          12   6.1180423781670044E-014
          22          13  -2.2789845091301088E-014
          22          14   1.6248123010401952E-014
          22          15  -4.7046748963286278E-015
          22          16   6.0012820400004078E-015
          22          17  -1.8417294015552704E-016
          22          18   2.0826046821587384E-003
          22          19   5.3682751821204598E-008
          22          20   2.0820805166614016E-003
          22          21   8.1995026702124538E-008
          22          22   1.9999991129268357     
          22          23   2.0813755445996144E-003
          23           1  -2.1182501947321526E-003
          23           2 -0.12394528526041465     
          23           3  -2.0224735479708163E-002
          23           4  -4.9677774144577684E-002
          23           5  0.24688702799040729     
          23           6   7.7857188868388908E-015
          23           7  -7.0402112034937512E-015
          23           8   8.9974373939411777E-016
          23           9   7.9623456476574326E-014
          23          10  -4.3337968678778901E-014
          23          11  -1.1700131940755034E-014
          23          12  -7.4680874694184947E-014
          23          13   9.4069810742080235E-014
          23          14  -1.8542407889349792E-014
          23          15   8.5327176817991353E-015
          23          16  -5.9092728009024247E-015
          23          17  -4.7214770763419661E-015
          23          18 -0.96126431283289127     
          23          19  -1.2594854042424075E-004
          23          20 -0.96003444571631280     
          23          21  -1.9239433791558188E-004
          23          22   2.0813755445996144E-003
          23          23   2.0416196525845338     
