           1           1   1.9981950743678132     
           1           2  -8.9497180091098541E-003
           1           3  -4.9822228874748978E-002
           1           4   2.0921821195121836E-002
           1           5  -1.7208052024038696E-002
           1           6   1.0805855604700931E-014
           1           7   1.3551935931605767E-014
           1           8   8.7964227013830544E-015
           1           9   2.4907391263659184E-013
           1          10   2.4491994932572472E-013
           1          11   2.4622575774959462E-013
           1          12  -2.1003329356677328E-013
           1          13  -2.0772028685574107E-013
           1          14  -8.1459989018559230E-014
           1          15  -8.1364339109123383E-014
           1          16  -9.4022197911164488E-014
           1          17  -5.6326066667091278E-013
           1          18  -9.4653177846514252E-004
           1          19   2.5424091060101407E-005
           1          20  -1.2597860273739618E-003
           1          21  -3.9423649442961139E-006
           1          22   5.6364921947928433E-005
           1          23  -9.5256100692649084E-004
           2           1  -8.9497180091098541E-003
           2           2   2.0649200349026424     
           2           3 -0.32786013696340643     
           2           4  0.18918921196894969     
           2           5  -6.4169245298138972E-002
           2           6   9.0994825557547685E-014
           2           7   7.2816510656522783E-014
           2           8   3.2359862110726125E-013
           2           9   2.2820107050944300E-012
           2          10   2.0076671579910506E-012
           2          11   3.4397899698731360E-012
           2          12  -1.3592898357937868E-012
           2          13  -1.1553106527615338E-012
           2          14  -1.0720985158076616E-012
           2          15  -1.0089856563625540E-012
           2          16  -1.2935050644267332E-012
           2          17  -5.3937355857347371E-012
           2          18 -0.11199094084681133     
           2          19   6.1093739086726182E-004
           2          20 -0.11951840137164917     
           2          21  -9.4734796712867030E-005
           2          22   1.3544423187142585E-003
           2          23 -0.11213582245473877     
           3           1  -4.9822228874748978E-002
           3           2 -0.32786013696340643     
           3           3  0.47670728551449615     
           3           4  0.38091295144139314     
           3           5 -0.46141728018703404     
           3           6  -3.0840370564208011E-013
           3           7  -2.7010854759938233E-013
           3           8  -2.6990646725767312E-013
           3           9  -3.0265278173306120E-012
           3          10  -2.4064893367944216E-012
           3          11  -9.4294353351543266E-013
           3          12   4.3523185663307729E-012
           3          13   3.8449046364688460E-012
           3          14   5.7986762058102874E-012
           3          15  -2.7983109702311650E-012
           3          16  -3.6989964499282872E-012
           3          17  -1.5811857548418188E-011
           3          18  0.11810722560752387     
           3          19   7.0562380728514862E-004
           3          20  0.10941311810264730     
           3          21  -1.0941731347098921E-004
           3          22   1.5643611932620648E-003
           3          23  0.11793988945596792     
           4           1   2.0921821195121836E-002
           4           2  0.18918921196894969     
           4           3  0.38091295144139314     
           4           4  0.41759170304282994     
           4           5 -0.46917364176697918     
           4           6  -2.0202243645589473E-013
           4           7  -1.7313866023740442E-013
           4           8  -9.1000734734446615E-014
           4           9  -2.2854107481461256E-012
           4          10  -1.7549397769422724E-012
           4          11  -3.4070165129322610E-013
           4          12   3.8811922514386719E-012
           4          13   3.4475732322134672E-012
           4          14   5.3706820351863482E-012
           4          15  -2.9029927010785093E-012
           4          16  -3.9279914546789150E-012
           4          17  -1.6799508432318034E-011
           4          18   8.7112163559298544E-002
           4          19   8.2633122450795446E-004
           4          20   7.6930800031539293E-002
           4          21  -1.2813476717553923E-004
           4          22   1.8319683744773101E-003
           4          23   8.6916202077593430E-002
           5           1  -1.7208052024038696E-002
           5           2  -6.4169245298138972E-002
           5           3 -0.46141728018703404     
           5           4 -0.46917364176697918     
           5           5   2.4652172546478091     
           5           6   3.1519158520503611E-013
           5           7   1.9934234611891411E-013
           5           8  -2.7735852467520640E-013
           5           9   5.7297589192210543E-012
           5          10   4.0328271183033476E-012
           5          11  -1.8616343450531870E-012
           5          12  -7.2429154246133344E-012
           5          13  -6.3815735416497719E-012
           5          14  -9.7256963538885764E-012
           5          15   1.0417321833745204E-011
           5          16   1.4321562452604634E-011
           5          17   6.3885565539443398E-011
           5          18  -7.8097133057301676E-002
           5          19   5.0875279443676497E-004
           5          20  -8.4365560283273883E-002
           5          21  -7.8889577160085915E-005
           5          22   1.1279000502869498E-003
           5          23  -7.8217781955118498E-002
           6           1   1.0805855604700931E-014
           6           2   9.0994825557547685E-014
           6           3  -3.0840370564208011E-013
           6           4  -2.0202243645589473E-013
           6           5   3.1519158520503611E-013
           6           6   2.0043103351841700     
           6           7   7.6584512039301978E-006
           6           8  -1.1875551039877642E-006
           6           9   3.2365401907017477E-002
           6          10  -3.8192457490616180E-005
           6          11   5.9223002996606810E-006
           6          12  -3.2497553665190027E-002
           6          13  -1.3174370533479116E-005
           6          14   2.0428792528452953E-006
           6          15  -1.5280772436728075E-003
           6          16  -2.5399131207197711E-004
           6          17   3.9385075429393508E-005
           6          18  -5.4807802584415174E-013
           6          19   1.3806406780551060E-011
           6          20   1.7680795427415353E-013
           6          21  -1.3612902374292733E-011
           6          22   7.4807726609296230E-013
           6          23   2.7787636934998821E-013
           7           1   1.3551935931605767E-014
           7           2   7.2816510656522783E-014
           7           3  -2.7010854759938233E-013
           7           4  -1.7313866023740442E-013
           7           5   1.9934234611891411E-013
           7           6   7.6584512039301978E-006
           7           7   2.0042013764379569     
           7           8   1.6978712560998822E-005
           7           9  -3.8192457201647692E-005
           7          10   3.2908775781212998E-002
           7          11  -8.4672311127470065E-005
           7          12  -1.3174370817170193E-005
           7          13  -3.2310118522343487E-002
           7          14  -2.9207452534945457E-005
           7          15  -2.5399131219361554E-004
           7          16   2.0855221981265423E-003
           7          17  -5.6309629496012026E-004
           7          18   1.7857559652381552E-013
           7          19   4.1035345693815572E-012
           7          20  -5.1621041607043233E-013
           7          21  -4.2183666669730555E-012
           7          22  -8.5264832020909394E-013
           7          23   2.8899069492440064E-013
           8           1   8.7964227013830544E-015
           8           2   3.2359862110726125E-013
           8           3  -2.6990646725767312E-013
           8           4  -9.1000734734446615E-014
           8           5  -2.7735852467520640E-013
           8           6  -1.1875551039877642E-006
           8           7   1.6978712560998822E-005
           8           8   2.0043082380468791     
           8           9   5.9223002542111733E-006
           8          10  -8.4672311252799567E-005
           8          11   3.2375860265686146E-002
           8          12   2.0428793244179277E-006
           8          13  -2.9207452430730125E-005
           8          14  -3.2493946086755848E-002
           8          15   3.9385075372386788E-005
           8          16  -5.6309629492699810E-004
           8          17  -1.4585260193552367E-003
           8          18   4.5409185249319935E-013
           8          19   4.1024006457405372E-012
           8          20   3.3073810629247780E-013
           8          21  -5.9052014647898965E-011
           8          22  -5.7132083672738012E-011
           8          23  -8.9838987969269770E-013
           9           1   2.4907391263659184E-013
           9           2   2.2820107050944300E-012
           9           3  -3.0265278173306120E-012
           9           4  -2.2854107481461256E-012
           9           5   5.7297589192210543E-012
           9           6   3.2365401907017477E-002
           9           7  -3.8192457201647692E-005
           9           8   5.9223002542111733E-006
           9           9   1.9622504662724030     
           9          10  -2.8893290151878756E-003
           9          11   4.4803281131681712E-004
           9          12   1.8290000411814653E-002
           9          13   2.0301647833075027E-003
           9          14  -3.1480680448455904E-004
           9          15  -1.2485496975891026E-003
           9          16  -3.3120489805114270E-003
           9          17   5.1358173599393457E-004
           9          18  -9.7359807308398554E-012
           9          19  -5.2649075685184937E-012
           9          20   1.2543882469558223E-012
           9          21  -1.2151216862391294E-011
           9          22   1.4288007167967328E-013
           9          23   2.6395543396091196E-012
          10           1   2.4491994932572472E-013
          10           2   2.0076671579910506E-012
          10           3  -2.4064893367944216E-012
          10           4  -1.7549397769422724E-012
          10           5   4.0328271183033476E-012
          10           6  -3.8192457490616180E-005
          10           7   3.2908775781212998E-002
          10           8  -8.4672311252799567E-005
          10           9  -2.8893290151878756E-003
          10          10   2.0033576905170762     
          10          11  -6.4056146997960679E-003
          10          12   2.0301647842304402E-003
          10          13  -1.0593673877241475E-002
          10          14   4.5008557949080437E-003
          10          15  -3.3120489836037780E-003
          10          16   4.5872819350989275E-002
          10          17  -7.3427807241549419E-003
          10          18   1.2428448733036282E-012
          10          19  -6.7162694448898435E-012
          10          20  -9.1609644614079709E-012
          10          21  -3.5469822003037969E-013
          10          22  -1.2347281632236346E-011
          10          23   2.9341731801971084E-012
          11           1   2.4622575774959462E-013
          11           2   3.4397899698731360E-012
          11           3  -9.4294353351543266E-013
          11           4  -3.4070165129322610E-013
          11           5  -1.8616343450531870E-012
          11           6   5.9223002996606810E-006
          11           7  -8.4672311127470065E-005
          11           8   3.2375860265686146E-002
          11           9   4.4803281131681712E-004
          11          10  -6.4056146997960679E-003
          11          11   1.9630416601650702     
          11          12  -3.1480680440976584E-004
          11          13   4.5008557946956936E-003
          11          14   1.7734074125446711E-002
          11          15   5.1358173647921349E-004
          11          16  -7.3427807244390037E-003
          11          17  -3.4160110886949369E-004
          11          18   4.7477592063005252E-012
          11          19   2.3219062592402582E-013
          11          20   3.3167398237195508E-012
          11          21  -9.0657920838333348E-012
          11          22  -7.8337914343392770E-012
          11          23  -1.6097388231767044E-011
          12           1  -2.1003329356677328E-013
          12           2  -1.3592898357937868E-012
          12           3   4.3523185663307729E-012
          12           4   3.8811922514386719E-012
          12           5  -7.2429154246133344E-012
          12           6  -3.2497553665190027E-002
          12           7  -1.3174370817170193E-005
          12           8   2.0428793244179277E-006
          12           9   1.8290000411814653E-002
          12          10   2.0301647842304402E-003
          12          11  -3.1480680440976584E-004
          12          12   2.4437171861474021E-002
          12          13   1.6294119683319035E-003
          12          14  -2.5266420639487921E-004
          12          15 -0.15529309184375620     
          12          16  -1.0586820626883554E-002
          12          17   1.6416416989852170E-003
          12          18   8.6577430302554136E-012
          12          19   4.3163931894997343E-012
          12          20  -2.4515389498110418E-012
          12          21   1.3300689385386161E-011
          12          22  -2.0619537367872627E-013
          12          23  -3.8800619210920101E-012
          13           1  -2.0772028685574107E-013
          13           2  -1.1553106527615338E-012
          13           3   3.8449046364688460E-012
          13           4   3.4475732322134672E-012
          13           5  -6.3815735416497719E-012
          13           6  -1.3174370533479116E-005
          13           7  -3.2310118522343487E-002
          13           8  -2.9207452430730125E-005
          13           9   2.0301647833075027E-003
          13          10  -1.0593673877241475E-002
          13          11   4.5008557946956936E-003
          13          12   1.6294119683319035E-003
          13          13   1.2551104999313112E-003
          13          14   3.6123906571987768E-003
          13          15  -1.0586820624180333E-002
          13          16  -4.6716835742328360E-003
          13          17  -2.3470879467413917E-002
          13          18  -2.4197947293103053E-012
          13          19   6.6377270884967245E-012
          13          20   8.4676204553835342E-012
          13          21   6.6333519051041906E-013
          13          22   1.3059505778650895E-011
          13          23  -4.1795552871544180E-012
          14           1  -8.1459989018559230E-014
          14           2  -1.0720985158076616E-012
          14           3   5.7986762058102874E-012
          14           4   5.3706820351863482E-012
          14           5  -9.7256963538885764E-012
          14           6   2.0428792528452953E-006
          14           7  -2.9207452534945457E-005
          14           8  -3.2493946086755848E-002
          14           9  -3.1480680448455904E-004
          14          10   4.5008557949080437E-003
          14          11   1.7734074125446711E-002
          14          12  -2.5266420639487921E-004
          14          13   3.6123906571987768E-003
          14          14   2.3990984956009487E-002
          14          15   1.6416416985212436E-003
          14          16  -2.3470879466869595E-002
          14          17 -0.15239407009578901     
          14          18  -7.3072729991450858E-012
          14          19  -5.2832945904266143E-013
          14          20  -5.6759927233736121E-012
          14          21   1.3341806231574096E-011
          14          22   1.1799224050535079E-011
          14          23   1.3893508503539825E-011
          15           1  -8.1364339109123383E-014
          15           2  -1.0089856563625540E-012
          15           3  -2.7983109702311650E-012
          15           4  -2.9029927010785093E-012
          15           5   1.0417321833745204E-011
          15           6  -1.5280772436728075E-003
          15           7  -2.5399131219361554E-004
          15           8   3.9385075372386788E-005
          15           9  -1.2485496975891026E-003
          15          10  -3.3120489836037780E-003
          15          11   5.1358173647921349E-004
          15          12 -0.15529309184375620     
          15          13  -1.0586820624180333E-002
          15          14   1.6416416985212436E-003
          15          15   1.0202495750290330     
          15          16   6.9608399313344407E-002
          15          17  -1.0793802496416970E-002
          15          18   4.7828151093224255E-013
          15          19   3.7209478820543352E-013
          15          20   6.1414251622328320E-013
          15          21  -8.2284580865723117E-013
          15          22   1.7869132852816404E-013
          15          23   6.5549347395445254E-013
          16           1  -9.4022197911164488E-014
          16           2  -1.2935050644267332E-012
          16           3  -3.6989964499282872E-012
          16           4  -3.9279914546789150E-012
          16           5   1.4321562452604634E-011
          16           6  -2.5399131207197711E-004
          16           7   2.0855221981265423E-003
          16           8  -5.6309629492699810E-004
          16           9  -3.3120489805114270E-003
          16          10   4.5872819350989275E-002
          16          11  -7.3427807244390037E-003
          16          12  -1.0586820626883554E-002
          16          13  -4.6716835742328360E-003
          16          14  -2.3470879466869595E-002
          16          15   6.9608399313344407E-002
          16          16   2.9913051774217193E-002
          16          17  0.15432115152881937     
          16          18   1.0729091314623352E-012
          16          19  -7.3492593236598656E-013
          16          20  -8.1627377225090610E-013
          16          21   2.8383826138072581E-013
          16          22  -2.6437444893905233E-012
          16          23   1.7163706455500497E-012
          17           1  -5.6326066667091278E-013
          17           2  -5.3937355857347371E-012
          17           3  -1.5811857548418188E-011
          17           4  -1.6799508432318034E-011
          17           5   6.3885565539443398E-011
          17           6   3.9385075429393508E-005
          17           7  -5.6309629496012026E-004
          17           8  -1.4585260193552367E-003
          17           9   5.1358173599393457E-004
          17          10  -7.3427807241549419E-003
          17          11  -3.4160110886949369E-004
          17          12   1.6416416989852170E-003
          17          13  -2.3470879467413917E-002
          17          14 -0.15239407009578901     
          17          15  -1.0793802496416970E-002
          17          16  0.15432115152881937     
          17          17   1.0011884923353107     
          17          18   3.1221704279224219E-012
          17          19   1.2876997770076338E-013
          17          20   2.1019163211381622E-012
          17          21  -1.4735787702373878E-012
          17          22  -5.6946339289600430E-013
          17          23   2.0092669026608985E-012
          18           1  -9.4653177846514252E-004
          18           2 -0.11199094084681133     
          18           3  0.11810722560752387     
          18           4   8.7112163559298544E-002
          18           5  -7.8097133057301676E-002
          18           6  -5.4807802584415174E-013
          18           7   1.7857559652381552E-013
          18           8   4.5409185249319935E-013
          18           9  -9.7359807308398554E-012
          18          10   1.2428448733036282E-012
          18          11   4.7477592063005252E-012
          18          12   8.6577430302554136E-012
          18          13  -2.4197947293103053E-012
          18          14  -7.3072729991450858E-012
          18          15   4.7828151093224255E-013
          18          16   1.0729091314623352E-012
          18          17   3.1221704279224219E-012
          18          18   2.0219535906384478     
          18          19  -8.9321415724995224E-004
          18          20 -0.96704097020105551     
          18          21   1.3850594544968534E-004
          18          22  -1.9802471897046522E-003
          18          23 -0.97783458683327606     
          19           1   2.5424091060101407E-005
          19           2   6.1093739086726182E-004
          19           3   7.0562380728514862E-004
          19           4   8.2633122450795446E-004
          19           5   5.0875279443676497E-004
          19           6   1.3806406780551060E-011
          19           7   4.1035345693815572E-012
          19           8   4.1024006457405372E-012
          19           9  -5.2649075685184937E-012
          19          10  -6.7162694448898435E-012
          19          11   2.3219062592402582E-013
          19          12   4.3163931894997343E-012
          19          13   6.6377270884967245E-012
          19          14  -5.2832945904266143E-013
          19          15   3.7209478820543352E-013
          19          16  -7.3492593236598656E-013
          19          17   1.2876997770076338E-013
          19          18  -8.9321415724995224E-004
          19          19   1.9999999174558152     
          19          20  -8.9219713288956693E-004
          19          21   1.2795763730898189E-008
          19          22  -1.8299580603928620E-007
          19          23  -8.9319457811411174E-004
          20           1  -1.2597860273739618E-003
          20           2 -0.11951840137164917     
          20           3  0.10941311810264730     
          20           4   7.6930800031539293E-002
          20           5  -8.4365560283273883E-002
          20           6   1.7680795427415353E-013
          20           7  -5.1621041607043233E-013
          20           8   3.3073810629247780E-013
          20           9   1.2543882469558223E-012
          20          10  -9.1609644614079709E-012
          20          11   3.3167398237195508E-012
          20          12  -2.4515389498110418E-012
          20          13   8.4676204553835342E-012
          20          14  -5.6759927233736121E-012
          20          15   6.1414251622328320E-013
          20          16  -8.1627377225090610E-013
          20          17   2.1019163211381622E-012
          20          18 -0.96704097020105551     
          20          19  -8.9219713288956693E-004
          20          20   2.0439519380709976     
          20          21   1.3834824477338651E-004
          20          22  -1.9779924601633380E-003
          20          23 -0.96682938885410619     
          21           1  -3.9423649442961139E-006
          21           2  -9.4734796712867030E-005
          21           3  -1.0941731347098921E-004
          21           4  -1.2813476717553923E-004
          21           5  -7.8889577160085915E-005
          21           6  -1.3612902374292733E-011
          21           7  -4.2183666669730555E-012
          21           8  -5.9052014647898965E-011
          21           9  -1.2151216862391294E-011
          21          10  -3.5469822003037969E-013
          21          11  -9.0657920838333348E-012
          21          12   1.3300689385386161E-011
          21          13   6.6333519051041906E-013
          21          14   1.3341806231574096E-011
          21          15  -8.2284580865723117E-013
          21          16   2.8383826138072581E-013
          21          17  -1.4735787702373878E-012
          21          18   1.3850594544968534E-004
          21          19   1.2795763730898189E-008
          21          20   1.3834824477338651E-004
          21          21   1.9999999980159098     
          21          22   2.8379104960421766E-008
          21          23   1.3850290776722793E-004
          22           1   5.6364921947928433E-005
          22           2   1.3544423187142585E-003
          22           3   1.5643611932620648E-003
          22           4   1.8319683744773101E-003
          22           5   1.1279000502869498E-003
          22           6   7.4807726609296230E-013
          22           7  -8.5264832020909394E-013
          22           8  -5.7132083672738012E-011
          22           9   1.4288007167967328E-013
          22          10  -1.2347281632236346E-011
          22          11  -7.8337914343392770E-012
          22          12  -2.0619537367872627E-013
          22          13   1.3059505778650895E-011
          22          14   1.1799224050535079E-011
          22          15   1.7869132852816404E-013
          22          16  -2.6437444893905233E-012
          22          17  -5.6946339289600430E-013
          22          18  -1.9802471897046522E-003
          22          19  -1.8299580603928620E-007
          22          20  -1.9779924601633380E-003
          22          21   2.8379104960421766E-008
          22          22   1.9999995943001661     
          22          23  -1.9802037890341156E-003
          23           1  -9.5256100692649084E-004
          23           2 -0.11213582245473877     
          23           3  0.11793988945596792     
          23           4   8.6916202077593430E-002
          23           5  -7.8217781955118498E-002
          23           6   2.7787636934998821E-013
          23           7   2.8899069492440064E-013
          23           8  -8.9838987969269770E-013
          23           9   2.6395543396091196E-012
          23          10   2.9341731801971084E-012
          23          11  -1.6097388231767044E-011
          23          12  -3.8800619210920101E-012
          23          13  -4.1795552871544180E-012
          23          14   1.3893508503539825E-011
          23          15   6.5549347395445254E-013
          23          16   1.7163706455500497E-012
          23          17   2.0092669026608985E-012
          23          18 -0.97783458683327606     
          23          19  -8.9319457811411174E-004
          23          20 -0.96682938885410619     
          23          21   1.3850290776722793E-004
          23          22  -1.9802037890341156E-003
          23          23   2.0223772310519035     
