           1           1   1.9989420131503286     
           1           2  -8.1789721544007696E-003
           1           3  -3.6798092565450483E-002
           1           4   1.5047883632848241E-002
           1           5  -5.7830201685491571E-003
           1           6  -9.3094419653402654E-016
           1           7   8.0103026883635697E-016
           1           8  -5.3817436503688085E-016
           1           9   1.7999512259838714E-015
           1          10  -1.6038613881154267E-016
           1          11  -9.4628633402030803E-016
           1          12   5.1060014560250171E-016
           1          13  -1.5759876499268806E-016
           1          14  -6.3060950715640423E-016
           2           1  -8.1789721544007696E-003
           2           2   1.9397214741077167     
           2           3 -0.29065631732442271     
           2           4  0.11717619721751499     
           2           5  -7.1722323496065193E-002
           2           6  -3.5276366209211939E-014
           2           7  -9.9541283627561043E-015
           2           8  -1.8557434830790279E-014
           2           9   1.2959991176972747E-014
           2          10   7.2803723937249329E-016
           2          11  -1.5572500007810786E-016
           2          12  -8.0709973882680526E-017
           2          13   1.7153085973828708E-015
           2          14  -6.7711538217765933E-015
           3           1  -3.6798092565450483E-002
           3           2 -0.29065631732442271     
           3           3  0.59650059304717329     
           3           4  0.52218944186623095     
           3           5 -0.18949287080112542     
           3           6   7.9661988094759007E-015
           3           7  -4.3256880049576625E-015
           3           8   1.9810392655725601E-015
           3           9  -7.9789610817474595E-014
           3          10   7.8103548718966247E-015
           3          11   1.0124490263371542E-015
           3          12   8.7574536650895772E-015
           3          13  -1.0458447256590719E-014
           3          14   4.5497121629738803E-014
           4           1   1.5047883632848241E-002
           4           2  0.11717619721751499     
           4           3  0.52218944186623095     
           4           4  0.53533046787570249     
           4           5 -0.20041279941391324     
           4           6   1.7132974473290289E-015
           4           7  -5.4886234271388968E-015
           4           8  -1.0294319890746069E-015
           4           9  -7.9728305601099224E-014
           4          10   1.4111037656693613E-014
           4          11   9.2970451991889760E-015
           4          12   9.0108429530556675E-015
           4          13  -1.0622277497976605E-014
           4          14   4.2342638692900297E-014
           5           1  -5.7830201685491571E-003
           5           2  -7.1722323496065193E-002
           5           3 -0.18949287080112542     
           5           4 -0.20041279941391324     
           5           5   1.1397864261241415     
           5           6  -1.2015097816279961E-016
           5           7  -3.3588837575842189E-016
           5           8  -2.3186233129277313E-016
           5           9   2.5924331195212956E-015
           5          10  -3.9769017384580310E-015
           5          11  -5.8531432512735817E-015
           5          12   8.6924859604286932E-016
           5          13   1.3496986255570485E-015
           5          14   2.0544441561808612E-015
           6           1  -9.3094419653402654E-016
           6           2  -3.5276366209211939E-014
           6           3   7.9661988094759007E-015
           6           4   1.7132974473290289E-015
           6           5  -1.2015097816279961E-016
           6           6   1.9986385566367257     
           6           7  -5.8080371566869571E-016
           6           8   4.1741783640691921E-018
           6           9   1.9898358239148254E-003
           6          10   2.6791177783203057E-015
           6          11  -6.7307270867900115E-016
           6          12   2.5593839259004464E-002
           6          13   1.9652621272969045E-015
           6          14  -5.5695465600580363E-016
           7           1   8.0103026883635697E-016
           7           2  -9.9541283627561043E-015
           7           3  -4.3256880049576625E-015
           7           4  -5.4886234271388968E-015
           7           5  -3.3588837575842189E-016
           7           6  -5.8080371566869571E-016
           7           7   1.9986385566367266     
           7           8  -3.3797292221804387E-016
           7           9  -9.8131138631663006E-016
           7          10   1.9898358239198088E-003
           7          11   6.8218000692787939E-016
           7          12   1.6062793998551650E-016
           7          13   2.5593839259004929E-002
           7          14  -1.9900530875971439E-016
           8           1  -5.3817436503688085E-016
           8           2  -1.8557434830790279E-014
           8           3   1.9810392655725601E-015
           8           4  -1.0294319890746069E-015
           8           5  -2.3186233129277313E-016
           8           6   4.1741783640691921E-018
           8           7  -3.3797292221804387E-016
           8           8   1.9986385566367215     
           8           9  -1.6557935578198624E-015
           8          10   1.1310397063368782E-015
           8          11   1.9898358239174418E-003
           8          12   1.3445191140992740E-015
           8          13   5.5999042208876230E-017
           8          14   2.5593839259005591E-002
           9           1   1.7999512259838714E-015
           9           2   1.2959991176972747E-014
           9           3  -7.9789610817474595E-014
           9           4  -7.9728305601099224E-014
           9           5   2.5924331195212956E-015
           9           6   1.9898358239148254E-003
           9           7  -9.8131138631663006E-016
           9           8  -1.6557935578198624E-015
           9           9   2.1260436397973144     
           9          10  -2.7616797737550769E-015
           9          11  -6.9388939039072264E-016
           9          12 -0.20224011912171957     
           9          13   2.5763896224773042E-015
           9          14  -1.0963452368173425E-015
          10           1  -1.6038613881154267E-016
          10           2   7.2803723937249329E-016
          10           3   7.8103548718966247E-015
          10           4   1.4111037656693613E-014
          10           5  -3.9769017384580310E-015
          10           6   2.6791177783203057E-015
          10           7   1.9898358239198088E-003
          10           8   1.1310397063368782E-015
          10           9  -2.7616797737550769E-015
          10          10   2.1260436397973121     
          10          11   3.9274139496114913E-015
          10          12   7.3104499884180107E-015
          10          13 -0.20224011912172163     
          10          14   3.0270924655795264E-016
          11           1  -9.4628633402030803E-016
          11           2  -1.5572500007810786E-016
          11           3   1.0124490263371542E-015
          11           4   9.2970451991889760E-015
          11           5  -5.8531432512735817E-015
          11           6  -6.7307270867900115E-016
          11           7   6.8218000692787939E-016
          11           8   1.9898358239174418E-003
          11           9  -6.9388939039072264E-016
          11          10   3.9274139496114913E-015
          11          11   2.1260436397973059     
          11          12   7.8236028766553921E-016
          11          13  -5.2440690678778886E-015
          11          14 -0.20224011912170936     
          12           1   5.1060014560250171E-016
          12           2  -8.0709973882680526E-017
          12           3   8.7574536650895772E-015
          12           4   9.0108429530556675E-015
          12           5   8.6924859604286932E-016
          12           6   2.5593839259004464E-002
          12           7   1.6062793998551650E-016
          12           8   1.3445191140992740E-015
          12           9 -0.20224011912171957     
          12          10   7.3104499884180107E-015
          12          11   7.8236028766553921E-016
          12          12   2.0811551078598549E-002
          12          13  -1.1394897070186863E-015
          12          14  -9.4867690092480011E-017
          13           1  -1.5759876499268806E-016
          13           2   1.7153085973828708E-015
          13           3  -1.0458447256590719E-014
          13           4  -1.0622277497976605E-014
          13           5   1.3496986255570485E-015
          13           6   1.9652621272969045E-015
          13           7   2.5593839259004929E-002
          13           8   5.5999042208876230E-017
          13           9   2.5763896224773042E-015
          13          10 -0.20224011912172163     
          13          11  -5.2440690678778886E-015
          13          12  -1.1394897070186863E-015
          13          13   2.0811551078599225E-002
          13          14   4.4441447050180965E-016
          14           1  -6.3060950715640423E-016
          14           2  -6.7711538217765933E-015
          14           3   4.5497121629738803E-014
          14           4   4.2342638692900297E-014
          14           5   2.0544441561808612E-015
          14           6  -5.5695465600580363E-016
          14           7  -1.9900530875971439E-016
          14           8   2.5593839259005591E-002
          14           9  -1.0963452368173425E-015
          14          10   3.0270924655795264E-016
          14          11 -0.20224011912170936     
          14          12  -9.4867690092480011E-017
          14          13   4.4441447050180965E-016
          14          14   2.0811551078596870E-002
