           1           1   1.9980214750160350     
           1           2  -5.8774765868124662E-003
           1           3  -5.2042108352527434E-002
           1           4   3.0463283935449181E-002
           1           5  -2.5358882166778014E-002
           1           6  -5.4214736449371561E-011
           1           7  -9.3800116870019486E-011
           1           8   1.3937671936240480E-011
           1           9   4.2362005164234606E-012
           1          10   6.6756874793087119E-012
           1          11  -9.4391635852872486E-013
           1          12  -2.7867394119152003E-013
           1          13   1.5017146198277603E-012
           1          14  -4.2197997505700101E-013
           1          15  -8.5770057564321714E-014
           1          16  -7.7788985726645326E-013
           1          17   3.1941889551122977E-013
           1          18  -5.6290244126211558E-003
           1          19   2.3459105086461877E-011
           1          20  -5.6290244126908752E-003
           1          21  -2.1099071663872238E-011
           1          22   1.8393596099644166E-011
           1          23  -5.6290244126253304E-003
           2           1  -5.8774765868124662E-003
           2           2   2.1318863237957619     
           2           3 -0.33925452623505215     
           2           4  0.26078748251130812     
           2           5 -0.15228961212333975     
           2           6   3.8023468764634183E-012
           2           7   3.0907862640935548E-012
           2           8  -2.6197904864865468E-013
           2           9   1.9039040391435981E-011
           2          10  -4.2311208358331639E-012
           2          11   1.7221634647265073E-012
           2          12  -1.7958043658419893E-011
           2          13  -4.9693940625939783E-014
           2          14  -3.7994316218647381E-012
           2          15   4.8097013868059817E-012
           2          16   7.6588725398645490E-013
           2          17   4.0481230578329962E-012
           2          18 -0.15753771929840610     
           2          19  -4.8448305517173616E-013
           2          20 -0.15753771929956345     
           2          21   7.9845548096785571E-013
           2          22  -7.6820478148381285E-013
           2          23 -0.15753771929848120     
           3           1  -5.2042108352527434E-002
           3           2 -0.33925452623505215     
           3           3  0.52456857075014329     
           3           4  0.41013588703388981     
           3           5 -0.61209112437049518     
           3           6   1.1187143659756028E-012
           3           7   3.5221225618397368E-012
           3           8   8.4193930058578932E-013
           3           9  -4.4468240604379702E-012
           3          10  -3.7393067283892501E-013
           3          11   1.1966176084397557E-011
           3          12   5.0039764397609841E-012
           3          13  -1.3595329026370320E-012
           3          14  -1.3986012404289513E-011
           3          15   1.4325149053434868E-011
           3          16  -9.4737656962057022E-014
           3          17   2.4416706450236128E-012
           3          18  0.12763826983207999     
           3          19  -4.9609913045436562E-013
           3          20  0.12763826983097631     
           3          21   7.4954172986292751E-013
           3          22  -5.9965896930672224E-013
           3          23  0.12763826983197035     
           4           1   3.0463283935449181E-002
           4           2  0.26078748251130812     
           4           3  0.41013588703388981     
           4           4  0.46873534332518285     
           4           5 -0.63585553713606746     
           4           6   1.1232806565540310E-013
           4           7   2.0084882545799300E-013
           4           8   1.3607624305193111E-012
           4           9   3.7600588601129189E-012
           4          10  -5.3407988111893821E-012
           4          11   1.0547013913314257E-011
           4          12   5.3654289355733791E-012
           4          13  -1.6998362754425784E-012
           4          14  -1.5090344212948105E-011
           4          15  -7.4757425763595732E-012
           4          16   1.4416253342758327E-012
           4          17   5.3883975013130330E-012
           4          18   7.9283664898330219E-002
           4          19   2.2124549079492333E-013
           4          20   7.9283664896583200E-002
           4          21   3.8410444356670577E-013
           4          22  -1.2710869909664476E-013
           4          23   7.9283664897722539E-002
           5           1  -2.5358882166778014E-002
           5           2 -0.15228961212333975     
           5           3 -0.61209112437049518     
           5           4 -0.63585553713606746     
           5           5   2.6509006447375056     
           5           6  -1.8730592933933506E-012
           5           7  -5.3845289458098900E-013
           5           8  -3.4691448841714485E-012
           5           9  -1.8486587364893918E-011
           5          10  -2.9002356505659992E-012
           5          11  -4.2892775171776493E-011
           5          12   2.2286795847675146E-011
           5          13   1.0284515708277545E-012
           5          14   4.2716893164804485E-011
           5          15   1.2733488599299207E-012
           5          16   2.4122649703711014E-012
           5          17   6.0638721797390645E-012
           5          18  -4.9689400626538753E-002
           5          19   9.7627469592303873E-013
           5          20  -4.9689400626466547E-002
           5          21  -8.1613269820220354E-013
           5          22   3.2827456688129730E-013
           5          23  -4.9689400626202931E-002
           6           1  -5.4214736449371561E-011
           6           2   3.8023468764634183E-012
           6           3   1.1187143659756028E-012
           6           4   1.1232806565540310E-013
           6           5  -1.8730592933933506E-012
           6           6   2.0030489314214392     
           6           7  -1.4539271157599240E-013
           6           8   2.7142364906442213E-013
           6           9   1.6286606055225018E-002
           6          10  -1.6814967251704491E-012
           6          11   8.1497288233786484E-013
           6          12  -1.7147899478410125E-002
           6          13   1.3925698430766048E-012
           6          14  -1.4755311908290838E-012
           6          15  -4.9952505681719970E-003
           6          16  -3.0749057813861391E-014
           6          17  -3.8461080023935446E-013
           6          18  -5.4363130738323019E-013
           6          19   8.5655680317330199E-012
           6          20   1.7236959422435804E-012
           6          21   2.8635480644921345E-011
           6          22   2.0035800348193173E-011
           6          23  -2.6988901333546475E-012
           7           1  -9.3800116870019486E-011
           7           2   3.0907862640935548E-012
           7           3   3.5221225618397368E-012
           7           4   2.0084882545799300E-013
           7           5  -5.3845289458098900E-013
           7           6  -1.4539271157599240E-013
           7           7   2.0030489314210316     
           7           8  -5.6837292059742288E-014
           7           9  -1.0776942353926330E-012
           7          10   1.6286606052210571E-002
           7          11  -1.1455754371508678E-012
           7          12  -3.7875080946981471E-013
           7          13  -1.7147899473625265E-002
           7          14   2.7470136354425939E-013
           7          15  -8.4490422470884230E-013
           7          16  -4.9952505685184646E-003
           7          17  -2.3048913038586916E-013
           7          18  -2.9186087323448242E-013
           7          19   8.5931653953985958E-012
           7          20  -1.4053291468750029E-012
           7          21   4.7947970810912714E-011
           7          22   1.2855399097986182E-011
           7          23   6.5420078114237708E-013
           8           1   1.3937671936240480E-011
           8           2  -2.6197904864865468E-013
           8           3   8.4193930058578932E-013
           8           4   1.3607624305193111E-012
           8           5  -3.4691448841714485E-012
           8           6   2.7142364906442213E-013
           8           7  -5.6837292059742288E-014
           8           8   2.0030489314209006     
           8           9   1.0701553219836157E-012
           8          10  -4.0414038828266892E-013
           8          11   1.6286606051797915E-002
           8          12  -2.5868372114518090E-012
           8          13   6.5337743082680838E-013
           8          14  -1.7147899473518743E-002
           8          15  -3.6305593947849601E-014
           8          16   4.1899914527548932E-014
           8          17  -4.9952505685974848E-003
           8          18  -1.2602462666836290E-012
           8          19  -2.6654325586993809E-011
           8          20  -4.9040590360607821E-013
           8          21   3.5858483168515641E-012
           8          22  -1.8857728803443744E-011
           8          23   1.6833047479387075E-012
           9           1   4.2362005164234606E-012
           9           2   1.9039040391435981E-011
           9           3  -4.4468240604379702E-012
           9           4   3.7600588601129189E-012
           9           5  -1.8486587364893918E-011
           9           6   1.6286606055225018E-002
           9           7  -1.0776942353926330E-012
           9           8   1.0701553219836157E-012
           9           9   1.8976306924579416     
           9          10  -8.4989287742892605E-012
           9          11  -2.0632872119825604E-011
           9          12   5.7855247126485973E-002
           9          13  -4.6051780010908372E-012
           9          14   1.0148351560143598E-011
           9          15  -2.7345798527998622E-002
           9          16   1.6242450093240102E-012
           9          17   9.0689608600591498E-014
           9          18  -7.6003670012428212E-012
           9          19  -3.2423665385982383E-011
           9          20   1.0786663900342541E-011
           9          21  -6.9717301410807805E-011
           9          22   4.4095488680990477E-011
           9          23  -2.9630580345482327E-011
          10           1   6.6756874793087119E-012
          10           2  -4.2311208358331639E-012
          10           3  -3.7393067283892501E-013
          10           4  -5.3407988111893821E-012
          10           5  -2.9002356505659992E-012
          10           6  -1.6814967251704491E-012
          10           7   1.6286606052210571E-002
          10           8  -4.0414038828266892E-013
          10           9  -8.4989287742892605E-012
          10          10   1.8976306924309787     
          10          11  -1.2526796250690933E-011
          10          12   1.3742871207353402E-011
          10          13   5.7855247142529841E-002
          10          14   1.4160891426487354E-012
          10          15  -5.3249097839436210E-012
          10          16  -2.7345798538199004E-002
          10          17  -2.9294535547341738E-013
          10          18   9.0047171808104571E-012
          10          19   2.2747163124065937E-011
          10          20  -4.2967722048577007E-012
          10          21   2.8413660830154816E-011
          10          22  -3.5216207148324543E-012
          10          23   1.2503671846668781E-011
          11           1  -9.4391635852872486E-013
          11           2   1.7221634647265073E-012
          11           3   1.1966176084397557E-011
          11           4   1.0547013913314257E-011
          11           5  -4.2892775171776493E-011
          11           6   8.1497288233786484E-013
          11           7  -1.1455754371508678E-012
          11           8   1.6286606051797915E-002
          11           9  -2.0632872119825604E-011
          11          10  -1.2526796250690933E-011
          11          11   1.8976306924417981     
          11          12   8.8586535025927948E-012
          11          13   1.1070155534441406E-011
          11          14   5.7855247135385077E-002
          11          15   5.7041710764538234E-012
          11          16  -6.7998254596468577E-013
          11          17  -2.7345798531219542E-002
          11          18  -9.9784955649425765E-012
          11          19   9.2708621707315622E-012
          11          20  -1.1892709213627721E-012
          11          21   5.3501341871380438E-012
          11          22  -2.6623882707198684E-012
          11          23   2.1457477681864373E-011
          12           1  -2.7867394119152003E-013
          12           2  -1.7958043658419893E-011
          12           3   5.0039764397609841E-012
          12           4   5.3654289355733791E-012
          12           5   2.2286795847675146E-011
          12           6  -1.7147899478410125E-002
          12           7  -3.7875080946981471E-013
          12           8  -2.5868372114518090E-012
          12           9   5.7855247126485973E-002
          12          10   1.3742871207353402E-011
          12          11   8.8586535025927948E-012
          12          12  0.12485561474644352     
          12          13  -1.2036873234255729E-012
          12          14   1.5067374431465552E-012
          12          15 -0.50819790787375330     
          12          16  -8.7838417095476018E-013
          12          17  -8.1937928664288506E-014
          12          18   5.0243299401111812E-012
          12          19   3.0540585866991782E-011
          12          20  -1.9482263624363324E-011
          12          21   6.2877894601456898E-011
          12          22  -4.8881512163574750E-011
          12          23   2.7581822188106754E-011
          13           1   1.5017146198277603E-012
          13           2  -4.9693940625939783E-014
          13           3  -1.3595329026370320E-012
          13           4  -1.6998362754425784E-012
          13           5   1.0284515708277545E-012
          13           6   1.3925698430766048E-012
          13           7  -1.7147899473625265E-002
          13           8   6.5337743082680838E-013
          13           9  -4.6051780010908372E-012
          13          10   5.7855247142529841E-002
          13          11   1.1070155534441406E-011
          13          12  -1.2036873234255729E-012
          13          13  0.12485561474270092     
          13          14  -3.4564365258837881E-014
          13          15   6.6852669233785633E-012
          13          16 -0.50819790786466257     
          13          17   1.9480354829237712E-012
          13          18  -2.2135869939588317E-012
          13          19  -2.1365225893224819E-011
          13          20   1.1946745942205421E-011
          13          21  -3.1401190344481458E-011
          13          22   2.4035294259800665E-012
          13          23  -9.2206752461660214E-012
          14           1  -4.2197997505700101E-013
          14           2  -3.7994316218647381E-012
          14           3  -1.3986012404289513E-011
          14           4  -1.5090344212948105E-011
          14           5   4.2716893164804485E-011
          14           6  -1.4755311908290838E-012
          14           7   2.7470136354425939E-013
          14           8  -1.7147899473518743E-002
          14           9   1.0148351560143598E-011
          14          10   1.4160891426487354E-012
          14          11   5.7855247135385077E-002
          14          12   1.5067374431465552E-012
          14          13  -3.4564365258837881E-014
          14          14  0.12485561474468693     
          14          15  -3.5487376925935621E-012
          14          16  -4.7364889788070741E-013
          14          17 -0.50819790786936192     
          14          18   1.4665553799376960E-011
          14          19  -3.7912947547233419E-012
          14          20   5.4720889895950144E-012
          14          21  -6.6653579176821110E-012
          14          22   4.6147165269255096E-012
          14          23  -2.0902290182371205E-011
          15           1  -8.5770057564321714E-014
          15           2   4.8097013868059817E-012
          15           3   1.4325149053434868E-011
          15           4  -7.4757425763595732E-012
          15           5   1.2733488599299207E-012
          15           6  -4.9952505681719970E-003
          15           7  -8.4490422470884230E-013
          15           8  -3.6305593947849601E-014
          15           9  -2.7345798527998622E-002
          15          10  -5.3249097839436210E-012
          15          11   5.7041710764538234E-012
          15          12 -0.50819790787375330     
          15          13   6.6852669233785633E-012
          15          14  -3.5487376925935621E-012
          15          15   2.0946689887758656     
          15          16   3.0564439867930560E-013
          15          17  -3.3627267637115210E-013
          15          18  -1.6481720411873821E-012
          15          19   3.4072616524915325E-012
          15          20  -2.2364849989435900E-012
          15          21   4.0197010990771287E-012
          15          22  -3.5609606025469095E-012
          15          23  -5.3857568253557418E-012
          16           1  -7.7788985726645326E-013
          16           2   7.6588725398645490E-013
          16           3  -9.4737656962057022E-014
          16           4   1.4416253342758327E-012
          16           5   2.4122649703711014E-012
          16           6  -3.0749057813861391E-014
          16           7  -4.9952505685184646E-003
          16           8   4.1899914527548932E-014
          16           9   1.6242450093240102E-012
          16          10  -2.7345798538199004E-002
          16          11  -6.7998254596468577E-013
          16          12  -8.7838417095476018E-013
          16          13 -0.50819790786466257     
          16          14  -4.7364889788070741E-013
          16          15   3.0564439867930560E-013
          16          16   2.0946689887759096     
          16          17   1.6303625116620424E-013
          16          18  -8.1423970973955936E-013
          16          19  -7.8941771124951423E-013
          16          20  -2.8649906443864494E-013
          16          21  -1.0088443274803534E-012
          16          22  -2.5732157232000071E-013
          16          23  -2.8185219855241768E-012
          17           1   3.1941889551122977E-013
          17           2   4.0481230578329962E-012
          17           3   2.4416706450236128E-012
          17           4   5.3883975013130330E-012
          17           5   6.0638721797390645E-012
          17           6  -3.8461080023935446E-013
          17           7  -2.3048913038586916E-013
          17           8  -4.9952505685974848E-003
          17           9   9.0689608600591498E-014
          17          10  -2.9294535547341738E-013
          17          11  -2.7345798531219542E-002
          17          12  -8.1937928664288506E-014
          17          13   1.9480354829237712E-012
          17          14 -0.50819790786936192     
          17          15  -3.3627267637115210E-013
          17          16   1.6303625116620424E-013
          17          17   2.0946689887756715     
          17          18  -5.1959376843777737E-012
          17          19  -5.7476174733934621E-014
          17          20  -5.1331873824729265E-012
          17          21  -4.0634171585792570E-013
          17          22  -9.0941498116961172E-013
          17          23  -6.9544332912645302E-012
          18           1  -5.6290244126211558E-003
          18           2 -0.15753771929840610     
          18           3  0.12763826983207999     
          18           4   7.9283664898330219E-002
          18           5  -4.9689400626538753E-002
          18           6  -5.4363130738323019E-013
          18           7  -2.9186087323448242E-013
          18           8  -1.2602462666836290E-012
          18           9  -7.6003670012428212E-012
          18          10   9.0047171808104571E-012
          18          11  -9.9784955649425765E-012
          18          12   5.0243299401111812E-012
          18          13  -2.2135869939588317E-012
          18          14   1.4665553799376960E-011
          18          15  -1.6481720411873821E-012
          18          16  -8.1423970973955936E-013
          18          17  -5.1959376843777737E-012
          18          18   2.0374422313259934     
          18          19  -3.7322443268523973E-013
          18          20 -0.96255776867249176     
          18          21  -1.3324185342707310E-013
          18          22   8.4055925082297913E-014
          18          23 -0.96255776867381737     
          19           1   2.3459105086461877E-011
          19           2  -4.8448305517173616E-013
          19           3  -4.9609913045436562E-013
          19           4   2.2124549079492333E-013
          19           5   9.7627469592303873E-013
          19           6   8.5655680317330199E-012
          19           7   8.5931653953985958E-012
          19           8  -2.6654325586993809E-011
          19           9  -3.2423665385982383E-011
          19          10   2.2747163124065937E-011
          19          11   9.2708621707315622E-012
          19          12   3.0540585866991782E-011
          19          13  -2.1365225893224819E-011
          19          14  -3.7912947547233419E-012
          19          15   3.4072616524915325E-012
          19          16  -7.8941771124951423E-013
          19          17  -5.7476174733934621E-014
          19          18  -3.7322443268523973E-013
          19          19   1.9999999999999922     
          19          20  -3.8579076957252904E-013
          19          21  -1.1171617606216761E-015
          19          22  -5.0445759585182301E-015
          19          23  -3.8576301392617367E-013
          20           1  -5.6290244126908752E-003
          20           2 -0.15753771929956345     
          20           3  0.12763826983097631     
          20           4   7.9283664896583200E-002
          20           5  -4.9689400626466547E-002
          20           6   1.7236959422435804E-012
          20           7  -1.4053291468750029E-012
          20           8  -4.9040590360607821E-013
          20           9   1.0786663900342541E-011
          20          10  -4.2967722048577007E-012
          20          11  -1.1892709213627721E-012
          20          12  -1.9482263624363324E-011
          20          13   1.1946745942205421E-011
          20          14   5.4720889895950144E-012
          20          15  -2.2364849989435900E-012
          20          16  -2.8649906443864494E-013
          20          17  -5.1331873824729265E-012
          20          18 -0.96255776867249176     
          20          19  -3.8579076957252904E-013
          20          20   2.0374422313290239     
          20          21  -1.2588662591059040E-013
          20          22   6.5487445005146610E-014
          20          23 -0.96255776867230680     
          21           1  -2.1099071663872238E-011
          21           2   7.9845548096785571E-013
          21           3   7.4954172986292751E-013
          21           4   3.8410444356670577E-013
          21           5  -8.1613269820220354E-013
          21           6   2.8635480644921345E-011
          21           7   4.7947970810912714E-011
          21           8   3.5858483168515641E-012
          21           9  -6.9717301410807805E-011
          21          10   2.8413660830154816E-011
          21          11   5.3501341871380438E-012
          21          12   6.2877894601456898E-011
          21          13  -3.1401190344481458E-011
          21          14  -6.6653579176821110E-012
          21          15   4.0197010990771287E-012
          21          16  -1.0088443274803534E-012
          21          17  -4.0634171585792570E-013
          21          18  -1.3324185342707310E-013
          21          19  -1.1171617606216761E-015
          21          20  -1.2588662591059040E-013
          21          21   2.0000000000000111     
          21          22  -3.5249582708309734E-015
          21          23  -1.2485966950601086E-013
          22           1   1.8393596099644166E-011
          22           2  -7.6820478148381285E-013
          22           3  -5.9965896930672224E-013
          22           4  -1.2710869909664476E-013
          22           5   3.2827456688129730E-013
          22           6   2.0035800348193173E-011
          22           7   1.2855399097986182E-011
          22           8  -1.8857728803443744E-011
          22           9   4.4095488680990477E-011
          22          10  -3.5216207148324543E-012
          22          11  -2.6623882707198684E-012
          22          12  -4.8881512163574750E-011
          22          13   2.4035294259800665E-012
          22          14   4.6147165269255096E-012
          22          15  -3.5609606025469095E-012
          22          16  -2.5732157232000071E-013
          22          17  -9.0941498116961172E-013
          22          18   8.4055925082297913E-014
          22          19  -5.0445759585182301E-015
          22          20   6.5487445005146610E-014
          22          21  -3.5249582708309734E-015
          22          22   1.9999999999999982     
          22          23   7.3141044933838942E-014
          23           1  -5.6290244126253304E-003
          23           2 -0.15753771929848120     
          23           3  0.12763826983197035     
          23           4   7.9283664897722539E-002
          23           5  -4.9689400626202931E-002
          23           6  -2.6988901333546475E-012
          23           7   6.5420078114237708E-013
          23           8   1.6833047479387075E-012
          23           9  -2.9630580345482327E-011
          23          10   1.2503671846668781E-011
          23          11   2.1457477681864373E-011
          23          12   2.7581822188106754E-011
          23          13  -9.2206752461660214E-012
          23          14  -2.0902290182371205E-011
          23          15  -5.3857568253557418E-012
          23          16  -2.8185219855241768E-012
          23          17  -6.9544332912645302E-012
          23          18 -0.96255776867381737     
          23          19  -3.8576301392617367E-013
          23          20 -0.96255776867230680     
          23          21  -1.2485966950601086E-013
          23          22   7.3141044933838942E-014
          23          23   2.0374422313263620     
