           1           1  0.49196617691717881     
           1           2  0.58278369371425420     
           1           3  -8.9753931528475078E-002
           1           4   1.8477584812904323E-016
           1           5  -6.0163326869986462E-016
           1           6   2.5739217078449173E-016
           2           1  0.58278369371425420     
           2           2  0.70607353342074108     
           2           3 -0.13752993683579670     
           2           4   1.8049769653927677E-016
           2           5  -8.4959083177397296E-016
           2           6   2.6731785796924313E-016
           3           1  -8.9753931528475078E-002
           3           2 -0.13752993683579670     
           3           3   1.0625300013489931     
           3           4   3.4170681048444063E-015
           3           5   3.1066875434841119E-015
           3           6   3.6675215502959086E-015
           4           1   1.8477584812904323E-016
           4           2   1.8049769653927677E-016
           4           3   3.4170681048444063E-015
           4           4   1.1733895365706111E-029
           4           5   9.4520114644419247E-030
           4           6   1.2668850848179770E-029
           5           1  -6.0163326869986462E-016
           5           2  -8.4959083177397296E-016
           5           3   3.1066875434841119E-015
           5           4   9.4520114644419247E-030
           5           5   9.4737193427448571E-030
           5           6   1.0090782466527580E-029
           6           1   2.5739217078449173E-016
           6           2   2.6731785796924313E-016
           6           3   3.6675215502959086E-015
           6           4   1.2668850848179770E-029
           6           5   1.0090782466527580E-029
           6           6   1.3686076712914452E-029
