           1           1  0.43445341461952758     
           1           2  0.57933124033683459     
           1           3  -6.3183696351275062E-002
           1           4   2.9917190397557778E-009
           1           5  -9.9304113776237866E-011
           1           6  -1.1560100940375879E-010
           2           1  0.57933124033683459     
           2           2  0.78434500420576114     
           2           3 -0.19640766705013021     
           2           4   5.0964629812332051E-009
           2           5  -5.9791350864737377E-010
           2           6  -6.5815227326675785E-010
           3           1  -6.3183696351275062E-002
           3           2 -0.19640766705013021     
           3           3   1.0771112302136041     
           3           4  -1.0976637266115307E-008
           3           5   4.4466078447309678E-009
           3           6   4.8156124178117500E-009
           4           1   2.9917190397557778E-009
           4           2   5.0964629812332051E-009
           4           3  -1.0976637266115307E-008
           4           4   1.2465787972231293E-016
           4           5  -4.4434083752199159E-017
           4           6  -4.8165385011874416E-017
           5           1  -9.9304113776237866E-011
           5           2  -5.9791350864737377E-010
           5           3   4.4466078447309678E-009
           5           4  -4.4434083752199159E-017
           5           5   1.8417396993295670E-017
           5           6   1.9942755807426174E-017
           6           1  -1.1560100940375879E-010
           6           2  -6.5815227326675785E-010
           6           3   4.8156124178117500E-009
           6           4  -4.8165385011874416E-017
           6           5   1.9942755807426174E-017
           6           6   2.1594597520239278E-017
