           1           1   2.0944331763850412     
           1           2  -8.9316089004821964E-002
           1           3 -0.32189337687455832     
           1           4   4.4199735087400896E-002
           1           5   7.4322382836420538E-016
           1           6   4.9116219753275812E-015
           1           7  -4.0136725025935095E-015
           1           8   3.0192180821867072E-015
           1           9  -8.6349480529973788E-015
           1          10  -2.6274378241389173E-015
           2           1  -8.9316089004821964E-002
           2           2  0.30822410388307470     
           2           3  0.52916341329836314     
           2           4 -0.27170951640629676     
           2           5  -2.7154327178737307E-015
           2           6   2.7789593222146357E-015
           2           7  -9.9688244818428703E-016
           2           8   4.7035048812850180E-016
           2           9  -8.3549409707965157E-016
           2          10  -6.5929743937778227E-016
           3           1 -0.32189337687455832     
           3           2  0.52916341329836314     
           3           3   1.0241640751403263     
           3           4 -0.39173141454397448     
           3           5  -1.4882564571936391E-014
           3           6  -6.9579445428300057E-016
           3           7   1.3147371428150551E-014
           3           8   2.3437981402285003E-016
           3           9  -1.2636678159483341E-015
           3          10  -3.6520113214558037E-016
           4           1   4.4199735087400896E-002
           4           2 -0.27170951640629676     
           4           3 -0.39173141454397448     
           4           4   2.1742430600160234     
           4           5   1.0172373046552570E-015
           4           6   2.2320273099711661E-015
           4           7  -3.1866958066074779E-015
           4           8   2.0066189102023448E-015
           4           9  -3.7721126002372152E-015
           4          10   1.3615304642029091E-015
           5           1   7.4322382836420538E-016
           5           2  -2.7154327178737307E-015
           5           3  -1.4882564571936391E-014
           5           4   1.0172373046552570E-015
           5           5   2.0349668038675168     
           5           6  -8.3266726846886888E-017
           5           7  -4.3853809472693683E-015
           5           8  -7.4583125990407464E-002
           5           9  -1.5540953940407213E-015
           5          10   4.9907994403852740E-015
           6           1   4.9116219753275812E-015
           6           2   2.7789593222146357E-015
           6           3  -6.9579445428300057E-016
           6           4   2.2320273099711661E-015
           6           5  -8.3266726846886888E-017
           6           6   2.0349668038675142     
           6           7   4.9266146717741252E-016
           6           8  -6.5522674091988975E-015
           6           9  -7.4583125990402011E-002
           6          10   2.7096380694757754E-015
           7           1  -4.0136725025935095E-015
           7           2  -9.9688244818428703E-016
           7           3   1.3147371428150551E-014
           7           4  -3.1866958066074779E-015
           7           5  -4.3853809472693683E-015
           7           6   4.9266146717741252E-016
           7           7   2.0349668038675195     
           7           8   1.3300992252052170E-014
           7           9   3.1992637705702285E-015
           7          10  -7.4583125990408131E-002
           8           1   3.0192180821867072E-015
           8           2   4.7035048812850180E-016
           8           3   2.3437981402285003E-016
           8           4   2.0066189102023448E-015
           8           5  -7.4583125990407464E-002
           8           6  -6.5522674091988975E-015
           8           7   1.3300992252052170E-014
           8           8   4.2033640070918551E-003
           8           9   1.1026505500767041E-016
           8          10  -1.8303365550629300E-016
           9           1  -8.6349480529973788E-015
           9           2  -8.3549409707965157E-016
           9           3  -1.2636678159483341E-015
           9           4  -3.7721126002372152E-015
           9           5  -1.5540953940407213E-015
           9           6  -7.4583125990402011E-002
           9           7   3.1992637705702285E-015
           9           8   1.1026505500767041E-016
           9           9   4.2033640070918768E-003
           9          10  -7.2407764463096064E-017
          10           1  -2.6274378241389173E-015
          10           2  -6.5929743937778227E-016
          10           3  -3.6520113214558037E-016
          10           4   1.3615304642029091E-015
          10           5   4.9907994403852740E-015
          10           6   2.7096380694757754E-015
          10           7  -7.4583125990408131E-002
          10           8  -1.8303365550629300E-016
          10           9  -7.2407764463096064E-017
          10          10   4.2033640070919583E-003
