           1           1   2.1345110772935891     
           1           2  -1.6435815535424628E-002
           1           3 -0.49090858021171979     
           1           4  0.11433253527593754     
           1           5  -1.0091460302641228E-014
           1           6  -7.7604864942910975E-016
           1           7   9.5491781696920049E-016
           1           8  -5.8450288533689753E-015
           1           9   1.1909294868542607E-015
           1          10   1.1399826984357775E-014
           2           1  -1.6435815535424628E-002
           2           2   6.9725066619234929E-002
           2           3  0.32046993698909232     
           2           4  -2.2898453142799945E-002
           2           5  -1.2443995810363305E-014
           2           6   6.3643518105961120E-015
           2           7   7.5421815292451169E-016
           2           8   1.9967135481480122E-016
           2           9   3.7201009652699390E-016
           2          10   4.1010976161187822E-016
           3           1 -0.49090858021171979     
           3           2  0.32046993698909232     
           3           3   1.7107355345679753     
           3           4 -0.71972609609350502     
           3           5   3.4043265627178434E-014
           3           6  -1.4141096325501738E-014
           3           7  -1.3470617996021843E-014
           3           8   7.6168609558412613E-015
           3           9   5.3626708738108136E-016
           3          10  -8.9520834432831621E-016
           4           1  0.11433253527593754     
           4           2  -2.2898453142799945E-002
           4           3 -0.71972609609350502     
           4           4   2.2573330800967915     
           4           5   4.0699790250483336E-014
           4           6  -1.0951960225489654E-014
           4           7  -1.0008462954143572E-015
           4           8  -1.3663823922588609E-014
           4           9  -1.5334514915892213E-016
           4          10   1.1578441009131845E-015
           5           1  -1.0091460302641228E-014
           5           2  -1.2443995810363305E-014
           5           3   3.4043265627178434E-014
           5           4   4.0699790250483336E-014
           5           5   1.9775115332965565     
           5           6  -3.9968028886505651E-015
           5           7  -1.7652546091539932E-014
           5           8   4.1186498279879184E-002
           5           9   8.0786072276239812E-015
           5          10   3.8250652645288584E-014
           6           1  -7.7604864942910975E-016
           6           2   6.3643518105961120E-015
           6           3  -1.4141096325501738E-014
           6           4  -1.0951960225489654E-014
           6           5  -3.9968028886505651E-015
           6           6   1.9775115332965489     
           6           7   4.0106806764583969E-015
           6           8   2.4927976349786529E-015
           6           9   4.1186498279879524E-002
           6          10  -3.9503990356682076E-015
           7           1   9.5491781696920049E-016
           7           2   7.5421815292451169E-016
           7           3  -1.3470617996021843E-014
           7           4  -1.0008462954143572E-015
           7           5  -1.7652546091539932E-014
           7           6   4.0106806764583969E-015
           7           7   1.9775115332965472     
           7           8   9.1905649757252013E-015
           7           9  -4.0271605494801924E-015
           7          10   4.1186498279883660E-002
           8           1  -5.8450288533689753E-015
           8           2   1.9967135481480122E-016
           8           3   7.6168609558412613E-015
           8           4  -1.3663823922588609E-014
           8           5   4.1186498279879184E-002
           8           6   2.4927976349786529E-015
           8           7   9.1905649757252013E-015
           8           8   8.5780922741649402E-004
           8           9   2.2193618470777945E-016
           8          10   9.9575838026499073E-016
           9           1   1.1909294868542607E-015
           9           2   3.7201009652699390E-016
           9           3   5.3626708738108136E-016
           9           4  -1.5334514915892213E-016
           9           5   8.0786072276239812E-015
           9           6   4.1186498279879524E-002
           9           7  -4.0271605494801924E-015
           9           8   2.2193618470777945E-016
           9           9   8.5780922741651158E-004
           9          10  -1.6792936399082520E-016
          10           1   1.1399826984357775E-014
          10           2   4.1010976161187822E-016
          10           3  -8.9520834432831621E-016
          10           4   1.1578441009131845E-015
          10           5   3.8250652645288584E-014
          10           6  -3.9503990356682076E-015
          10           7   4.1186498279883660E-002
          10           8   9.9575838026499073E-016
          10           9  -1.6792936399082520E-016
          10          10   8.5780922741668483E-004
