           1           1  0.18375827189814053     
           1           2  0.48205053884342297     
           1           3 -0.12891180129360114     
           1           4  -9.7171200040601478E-017
           1           5   8.3425778883205482E-016
           1           6  -3.0083063663235701E-017
           1           7  -1.0396441072823163E-015
           1           8  -2.0638434247277209E-016
           1           9  -1.7516371677468134E-016
           2           1  0.48205053884342297     
           2           2   1.2771315302651844     
           2           3 -0.48920971776404953     
           2           4  -5.1474189257311233E-017
           2           5   2.2408595147322551E-015
           2           6  -4.2932684731434641E-016
           2           7  -3.2851837084151855E-015
           2           8  -4.5755693000992983E-016
           2           9  -8.3314994741203289E-017
           3           1 -0.12891180129360114     
           3           2 -0.48920971776404953     
           3           3   2.1739009823489814     
           3           4  -2.4368874848846501E-015
           3           5  -3.3592352192847002E-015
           3           6   4.9471872061551798E-015
           3           7   8.3383069162914412E-015
           3           8  -3.1106027064659655E-015
           3           9  -5.4683617637035237E-015
           4           1  -9.7171200040601478E-017
           4           2  -5.1474189257311233E-017
           4           3  -2.4368874848846501E-015
           4           4  0.38483784806661259     
           4           5   2.2236716622817066E-016
           4           6  -1.2455919383705579E-015
           4           7  0.33853504525782063     
           4           8   1.6295787057511360E-016
           4           9  -1.1494548134830689E-015
           5           1   8.3425778883205482E-016
           5           2   2.2408595147322551E-015
           5           3  -3.3592352192847002E-015
           5           4   2.2236716622817066E-016
           5           5  0.38483784806661264     
           5           6  -4.0662962608962771E-016
           5           7   3.4336911082234471E-016
           5           8  0.33853504525782097     
           5           9  -8.9975820050460250E-017
           6           1  -3.0083063663235701E-017
           6           2  -4.2932684731434641E-016
           6           3   4.9471872061551798E-015
           6           4  -1.2455919383705579E-015
           6           5  -4.0662962608962771E-016
           6           6  0.38483784806661414     
           6           7  -7.6020566695561327E-016
           6           8  -1.2481439320081611E-015
           6           9  0.33853504525782085     
           7           1  -1.0396441072823163E-015
           7           2  -3.2851837084151855E-015
           7           3   8.3383069162914412E-015
           7           4  0.33853504525782063     
           7           5   3.4336911082234471E-016
           7           6  -7.6020566695561327E-016
           7           7  0.29780328895269476     
           7           8   2.8275908852455470E-016
           7           9  -7.1600447476250108E-016
           8           1  -2.0638434247277209E-016
           8           2  -4.5755693000992983E-016
           8           3  -3.1106027064659655E-015
           8           4   1.6295787057511360E-016
           8           5  0.33853504525782097     
           8           6  -1.2481439320081611E-015
           8           7   2.8275908852455470E-016
           8           8  0.29780328895269537     
           8           9  -8.6245360888426135E-016
           9           1  -1.7516371677468134E-016
           9           2  -8.3314994741203289E-017
           9           3  -5.4683617637035237E-015
           9           4  -1.1494548134830689E-015
           9           5  -8.9975820050460250E-017
           9           6  0.33853504525782085     
           9           7  -7.1600447476250108E-016
           9           8  -8.6245360888426135E-016
           9           9  0.29780328895269387     
