           1           1   2.1077925219395270     
           1           2  -7.7791404909141423E-002
           1           3 -0.39705473213249454     
           1           4   4.2216758913111857E-002
           1           5   3.5187413037749036E-015
           1           6  -1.3094339179556836E-014
           1           7  -5.3828998365685229E-015
           1           8  -1.0455007092933075E-014
           1           9  -3.3647490187527733E-015
           1          10   1.1386480895743542E-014
           2           1  -7.7791404909141423E-002
           2           2  0.18025256225430397     
           2           3  0.45500990242663053     
           2           4  -2.2597440782863135E-002
           2           5   2.1412894852322093E-015
           2           6  -4.0514426971287054E-014
           2           7  -6.5657093379458631E-015
           2           8   8.8345321730338638E-017
           2           9  -3.3586415826818314E-015
           2          10   1.7907486648670312E-016
           3           1 -0.39705473213249454     
           3           2  0.45500990242663053     
           3           3   1.2101449071457573     
           3           4 -0.27477725102129691     
           3           5  -7.7592462676279630E-015
           3           6   7.6893505378778437E-014
           3           7  -1.2150903757377458E-014
           3           8   2.1675124294864975E-016
           3           9  -7.3356910366614488E-015
           3          10   5.7270465022350154E-015
           4           1   4.2216758913111857E-002
           4           2  -2.2597440782863135E-002
           4           3 -0.27477725102129691     
           4           4   1.0971299424720935     
           4           5   2.2433618675574968E-015
           4           6   1.4232078065685725E-014
           4           7   4.9294946582643504E-014
           4           8   3.2844813399962626E-015
           4           9   1.8024505375189733E-014
           4          10  -3.1162977369337479E-014
           5           1   3.5187413037749036E-015
           5           2   2.1412894852322093E-015
           5           3  -7.7592462676279630E-015
           5           4   2.2433618675574968E-015
           5           5   1.9805352413864847     
           5           6  -1.8353374375834635E-015
           5           7  -2.8102520310824531E-016
           5           8   4.2043756276280257E-002
           5           9  -1.3962613075284326E-014
           5          10  -7.3331098138228931E-015
           6           1  -1.3094339179556836E-014
           6           2  -4.0514426971287054E-014
           6           3   7.6893505378778437E-014
           6           4   1.4232078065685725E-014
           6           5  -1.8353374375834635E-015
           6           6   1.9805352413864470     
           6           7  -7.5044137570756659E-015
           6           8   3.3618493731034371E-014
           6           9   4.2043756276369290E-002
           6          10  -5.4304434213281729E-015
           7           1  -5.3828998365685229E-015
           7           2  -6.5657093379458631E-015
           7           3  -1.2150903757377458E-014
           7           4   4.9294946582643504E-014
           7           5  -2.8102520310824531E-016
           7           6  -7.5044137570756659E-015
           7           7   1.9805352413864798     
           7           8   8.4547711713678396E-015
           7           9   2.4461227314531727E-014
           7          10   4.2043756276261800E-002
           8           1  -1.0455007092933075E-014
           8           2   8.8345321730338638E-017
           8           3   2.1675124294864975E-016
           8           4   3.2844813399962626E-015
           8           5   4.2043756276280257E-002
           8           6   3.3618493731034371E-014
           8           7   8.4547711713678396E-015
           8           8   9.0462202668761251E-004
           8           9   4.4467323906724613E-016
           8          10   6.9224614647211124E-017
           9           1  -3.3647490187527733E-015
           9           2  -3.3586415826818314E-015
           9           3  -7.3356910366614488E-015
           9           4   1.8024505375189733E-014
           9           5  -1.3962613075284326E-014
           9           6   4.2043756276369290E-002
           9           7   2.4461227314531727E-014
           9           8   4.4467323906724613E-016
           9           9   9.0462202669190346E-004
           9          10   3.4707344420282397E-016
          10           1   1.1386480895743542E-014
          10           2   1.7907486648670312E-016
          10           3   5.7270465022350154E-015
          10           4  -3.1162977369337479E-014
          10           5  -7.3331098138228931E-015
          10           6  -5.4304434213281729E-015
          10           7   4.2043756276261800E-002
          10           8   6.9224614647211124E-017
          10           9   3.4707344420282397E-016
          10          10   9.0462202668683525E-004
