           1           1   2.0857208600144115     
           1           2 -0.17941092593266886     
           1           3 -0.24005313426122288     
           1           4  -6.5142806975702974E-003
           1           5   5.5630263865733222E-017
           1           6   3.2299968237949529E-015
           1           7  -1.2667481404983781E-015
           1           8  -3.9712616190104216E-015
           1           9   1.6878057322085310E-015
           1          10   1.4903729632499007E-015
           2           1 -0.17941092593266886     
           2           2  0.73999349126435499     
           2           3  0.48728232875572186     
           2           4 -0.35716191425569577     
           2           5  -2.2369216599410028E-015
           2           6  -4.5804845692782528E-015
           2           7   8.2583813833689915E-016
           2           8   1.6380573451459524E-015
           2           9   8.0454211970347918E-016
           2          10  -1.6187204201524564E-015
           3           1 -0.24005313426122288     
           3           2  0.48728232875572186     
           3           3  0.55735083572796917     
           3           4  0.14857214273656622     
           3           5  -3.2745302268627262E-016
           3           6  -2.9369994555793417E-015
           3           7  -3.8241790957871735E-016
           3           8   1.4055012624598744E-015
           3           9  -1.2410354316387226E-015
           3          10   8.3173364138515795E-016
           4           1  -6.5142806975702974E-003
           4           2 -0.35716191425569577     
           4           3  0.14857214273656622     
           4           4  0.95905306936002088     
           4           5   7.0707194054331968E-017
           4           6   1.4074729915664509E-016
           4           7  -1.2956355874845455E-015
           4           8  -3.0273403793741820E-016
           4           9  -4.3932026768901991E-015
           4          10   4.4306665960859385E-015
           5           1   5.5630263865733222E-017
           5           2  -2.2369216599410028E-015
           5           3  -3.2745302268627262E-016
           5           4   7.0707194054331968E-017
           5           5   2.0425055789119226     
           5           6  -9.0205620750794068E-017
           5           7   1.3877787807814605E-017
           5           8 -0.11191245850167286     
           5           9  -4.6837533851372510E-017
           5          10   7.8929918156943441E-017
           6           1   3.2299968237949529E-015
           6           2  -4.5804845692782528E-015
           6           3  -2.9369994555793417E-015
           6           4   1.4074729915664509E-016
           6           5  -9.0205620750794068E-017
           6           6   2.0425055789119231     
           6           7   3.4000580129145399E-016
           6           8  -3.3740371607748908E-016
           6           9 -0.11191245850167382     
           6          10   3.7383290907300351E-016
           7           1  -1.2667481404983781E-015
           7           2   8.2583813833689915E-016
           7           3  -3.8241790957871735E-016
           7           4  -1.2956355874845455E-015
           7           5   1.3877787807814605E-017
           7           6   3.4000580129145399E-016
           7           7   2.0425055789119240     
           7           8  -6.9649147560468785E-016
           7           9  -5.1542971279960634E-016
           7          10 -0.11191245850167333     
           8           1  -3.9712616190104216E-015
           8           2   1.6380573451459524E-015
           8           3   1.4055012624598744E-015
           8           4  -3.0273403793741820E-016
           8           5 -0.11191245850167286     
           8           6  -3.3740371607748908E-016
           8           7  -6.9649147560468785E-016
           8           8   6.8979639568381391E-003
           8           9   6.6678433607871788E-018
           8          10   5.0889739471037045E-017
           9           1   1.6878057322085310E-015
           9           2   8.0454211970347918E-016
           9           3  -1.2410354316387226E-015
           9           4  -4.3932026768901991E-015
           9           5  -4.6837533851372510E-017
           9           6 -0.11191245850167382     
           9           7  -5.1542971279960634E-016
           9           8   6.6678433607871788E-018
           9           9   6.8979639568382267E-003
           9          10   2.7579392762579928E-017
          10           1   1.4903729632499007E-015
          10           2  -1.6187204201524564E-015
          10           3   8.3173364138515795E-016
          10           4   4.4306665960859385E-015
          10           5   7.8929918156943441E-017
          10           6   3.7383290907300351E-016
          10           7 -0.11191245850167333     
          10           8   5.0889739471037045E-017
          10           9   2.7579392762579928E-017
          10          10   6.8979639568382033E-003
