           1           1  0.15888432002825223     
           1           2  0.46075092091633774     
           1           3 -0.12073224312816117     
           1           4   9.3249888827195581E-017
           1           5   3.6810151717514410E-016
           1           6   3.7633386620016301E-016
           1           7  -1.3455975887558104E-015
           1           8   1.1455488290741665E-016
           1           9  -4.3307794757946374E-017
           2           1  0.46075092091633774     
           2           2   1.3483440741207482     
           2           3 -0.50871611562876207     
           2           4   1.7718764852552125E-016
           2           5   1.2892054549803557E-015
           2           6   1.2484286287088517E-015
           2           7  -4.4495476561218702E-015
           2           8   2.2761622597581998E-016
           2           9   6.4764183520285408E-017
           3           1 -0.12073224312816117     
           3           2 -0.50871611562876207     
           3           3   2.1793460293571147     
           3           4   1.2090482581236627E-015
           3           5  -3.1310764188789918E-015
           3           6  -2.2708385939997475E-015
           3           7   7.8681134884842457E-015
           3           8   1.3853890522501896E-015
           3           9  -2.7402834057086134E-015
           4           1   9.3249888827195581E-017
           4           2   1.7718764852552125E-016
           4           3   1.2090482581236627E-015
           4           4  0.40185252230157581     
           4           5 -0.10642793251091827     
           4           6   2.8335533900691569E-002
           4           7  0.40561256330716539     
           4           8 -0.12685095997605117     
           4           9   3.3772991656752398E-002
           5           1   3.6810151717514410E-016
           5           2   1.2892054549803557E-015
           5           3  -3.1310764188789918E-015
           5           4 -0.10642793251091827     
           5           5  0.56777237920694734     
           5           6  -5.8014451751791360E-002
           5           7 -0.12685095997605114     
           5           8  0.60337167250884227     
           5           9  -6.9147156423846126E-002
           6           1   3.7633386620016301E-016
           6           2   1.2484286287088517E-015
           6           3  -2.2708385939997475E-015
           6           4   2.8335533900691569E-002
           6           5  -5.8014451751791360E-002
           6           6  0.36531663532393011     
           6           7   3.3772991656752502E-002
           6           8  -6.9147156423846473E-002
           6           9  0.36206560878735011     
           7           1  -1.3455975887558104E-015
           7           2  -4.4495476561218702E-015
           7           3   7.8681134884842457E-015
           7           4  0.40561256330716539     
           7           5 -0.12685095997605114     
           7           6   3.3772991656752502E-002
           7           7  0.41139717323803615     
           7           8 -0.15119307184883035     
           7           9   4.0253872379628401E-002
           8           1   1.1455488290741665E-016
           8           2   2.2761622597581998E-016
           8           3   1.3853890522501896E-015
           8           4 -0.12685095997605117     
           8           5  0.60337167250884227     
           8           6  -6.9147156423846473E-002
           8           7 -0.15119307184883035     
           8           8  0.64710533982924479     
           8           9  -8.2416175575704437E-002
           9           1  -4.3307794757946374E-017
           9           2   6.4764183520285408E-017
           9           3  -2.7402834057086134E-015
           9           4   3.3772991656752398E-002
           9           5  -6.9147156423846126E-002
           9           6  0.36206560878735011     
           9           7   4.0253872379628401E-002
           9           8  -8.2416175575704437E-002
           9           9  0.35949375977742648     
