           1           1  0.15126097294742619     
           1           2  0.45276497096193680     
           1           3 -0.11593065919673642     
           1           4   3.1681033223775753E-010
           1           5  -9.5665355484856082E-010
           1           6   7.9865381785431085E-010
           1           7  -8.6022910969103755E-011
           1           8   9.6169015464827410E-010
           1           9  -9.3105573364164620E-010
           2           1  0.45276497096193680     
           2           2   1.3688194973232775     
           2           3 -0.51549570551602741     
           2           4   1.0313335414513122E-009
           2           5  -2.9353164393895804E-009
           2           6   2.4165144331941547E-009
           2           7  -2.0537705622747849E-010
           2           8   2.9787501909551162E-009
           2           9  -2.9165504317845974E-009
           3           1 -0.11593065919673642     
           3           2 -0.51549570551602741     
           3           3   2.1811575203317677     
           3           4  -8.1339518416093669E-010
           3           5   1.8186770556163604E-009
           3           6  -1.4529508876558542E-009
           3           7  -8.9187872622110639E-011
           3           8  -1.7834619175320147E-009
           3           9   1.7650573662019634E-009
           4           1   3.1681033223775753E-010
           4           2   1.0313335414513122E-009
           4           3  -8.1339518416093669E-010
           4           4  0.32176573305970563     
           4           5  -4.8521868085734457E-003
           4           6  -3.1941136754774523E-003
           4           7  0.34335368735367544     
           4           8  -6.0845108118826666E-003
           4           9  -4.0053320202930471E-003
           5           1  -9.5665355484856082E-010
           5           2  -2.9353164393895804E-009
           5           3   1.8186770556163604E-009
           5           4  -4.8521868085734457E-003
           5           5  0.51027613159679008     
           5           6  0.12417541320698383     
           5           7  -6.0845108118829884E-003
           5           8  0.57974062035985285     
           5           9  0.15571260424129865     
           6           1   7.9865381785431085E-010
           6           2   2.4165144331941547E-009
           6           3  -1.4529508876558542E-009
           6           4  -3.1941136754774523E-003
           6           5  0.12417541320698383     
           6           6  0.40338352636591768     
           6           7  -4.0053320202930670E-003
           6           8  0.15571260424129818     
           6           9  0.44570018912817932     
           7           1  -8.6022910969103755E-011
           7           2  -2.0537705622747849E-010
           7           3  -8.9187872622110639E-011
           7           4  0.34335368735367544     
           7           5  -6.0845108118829884E-003
           7           6  -4.0053320202930670E-003
           7           7  0.36639236269543551     
           7           8  -7.5512107402978985E-003
           7           9  -4.9708361288512432E-003
           8           1   9.6169015464827410E-010
           8           2   2.9787501909551162E-009
           8           3  -1.7834619175320147E-009
           8           4  -6.0845108118826666E-003
           8           5  0.57974062035985285     
           8           6  0.15571260424129818     
           8           7  -7.5512107402978985E-003
           8           8  0.65976147692181419     
           8           9  0.19324785934322147     
           9           1  -9.3105573364164620E-010
           9           2  -2.9165504317845974E-009
           9           3   1.7650573662019634E-009
           9           4  -4.0053320202930471E-003
           9           5  0.15571260424129865     
           9           6  0.44570018912817932     
           9           7  -4.9708361288512432E-003
           9           8  0.19324785934322147     
           9           9  0.49340996975145140     
