           1           1   2.2347634219832413     
           1           2  -4.4173101576942334E-002
           1           3 -0.54572967936842631     
           1           4  0.12545194230857515     
           1           5   6.0180802759989501E-016
           1           6   7.2250691257690816E-018
           1           7  -3.2414987162641053E-016
           1           8   7.7460639040376804E-017
           1           9  -8.0884276889254720E-016
           1          10   6.3603159242546577E-016
           1          11  -8.6065905058142484E-016
           1          12   3.0262115192725431E-016
           1          13   1.2454102536089456E-016
           2           1  -4.4173101576942334E-002
           2           2   2.5993104333963894E-002
           2           3 -0.21422735139887147     
           2           4   6.4680066683533960E-002
           2           5  -4.5490110254782790E-016
           2           6  -3.8224064103535027E-016
           2           7  -3.5250564564698819E-016
           2           8   3.1290715841099734E-016
           2           9   7.1323911748621677E-017
           2          10  -2.4624145920312601E-016
           2          11  -1.3909382509969637E-016
           2          12   3.0996418271383645E-017
           2          13   1.3871343220470512E-016
           3           1 -0.54572967936842631     
           3           2 -0.21422735139887147     
           3           3   2.2400329796829386     
           3           4 -0.98573043646393832     
           3           5  -3.2611704762230450E-016
           3           6  -3.0581720296627716E-016
           3           7   2.8506754241333440E-015
           3           8  -3.3279021912011045E-015
           3           9   1.2865821756500341E-015
           3          10   2.4035981637631251E-015
           3          11   2.1627366487546386E-015
           3          12  -4.6997046892910114E-016
           3          13  -1.8808547879107048E-015
           4           1  0.12545194230857515     
           4           2   6.4680066683533960E-002
           4           3 -0.98573043646393832     
           4           4   2.4255403163590641     
           4           5  -3.3727593944714321E-015
           4           6   9.4311783200866846E-017
           4           7   1.3013350520101967E-016
           4           8   9.6669232235943310E-015
           4           9  -3.1683961955393993E-015
           4          10  -6.7332294417522321E-015
           4          11  -3.7023715498622980E-015
           4          12   1.7879585748144515E-015
           4          13   4.4809729751834214E-015
           5           1   6.0180802759989501E-016
           5           2  -4.5490110254782790E-016
           5           3  -3.2611704762230450E-016
           5           4  -3.3727593944714321E-015
           5           5   2.1006574647371403     
           5           6  -9.1072982488782649E-016
           5           7  -2.1250362580717526E-017
           5           8 -0.28065299518897791     
           5           9   7.4376269032512309E-017
           5          10   1.5469396597023215E-015
           5          11  -5.3085459352714512E-002
           5          12   1.3049457348035577E-015
           5          13  -2.7781596467768538E-015
           6           1   7.2250691257690816E-018
           6           2  -3.8224064103535027E-016
           6           3  -3.0581720296627716E-016
           6           4   9.4311783200866846E-017
           6           5  -9.1072982488782649E-016
           6           6   2.1006574647371421     
           6           7  -2.0122792321330583E-016
           6           8  -3.4911309954028115E-017
           6           9 -0.28065299518897585     
           6          10   1.8149544367407257E-015
           6          11  -5.1716443627557911E-016
           6          12  -5.3085459352717648E-002
           6          13  -3.0322966360074651E-015
           7           1  -3.2414987162641053E-016
           7           2  -3.5250564564698819E-016
           7           3   2.8506754241333440E-015
           7           4   1.3013350520101967E-016
           7           5  -2.1250362580717526E-017
           7           6  -2.0122792321330583E-016
           7           7   2.1006574647371394     
           7           8   1.9598038469848010E-015
           7           9   6.5876124000218362E-016
           7          10 -0.28065299518897741     
           7          11  -2.1092069063532964E-015
           7          12  -1.6675029412827117E-015
           7          13  -5.3085459352713853E-002
           8           1   7.7460639040376804E-017
           8           2   3.1290715841099734E-016
           8           3  -3.3279021912011045E-015
           8           4   9.6669232235943310E-015
           8           5 -0.28065299518897791     
           8           6  -3.4911309954028115E-017
           8           7   1.9598038469848010E-015
           8           8  0.71330423122396047     
           8           9  -3.1484384056032997E-016
           8          10   2.8169605320246145E-016
           8          11  0.24894958677909373     
           8          12  -3.0407635773482936E-016
           8          13  -8.7881362343533247E-017
           9           1  -8.0884276889254720E-016
           9           2   7.1323911748621677E-017
           9           3   1.2865821756500341E-015
           9           4  -3.1683961955393993E-015
           9           5   7.4376269032512309E-017
           9           6 -0.28065299518897585     
           9           7   6.5876124000218362E-016
           9           8  -3.1484384056032997E-016
           9           9  0.71330423122395459     
           9          10   5.8630265356229094E-016
           9          11   1.6122611465286595E-015
           9          12  0.24894958677909634     
           9          13  -1.9409421173153237E-015
          10           1   6.3603159242546577E-016
          10           2  -2.4624145920312601E-016
          10           3   2.4035981637631251E-015
          10           4  -6.7332294417522321E-015
          10           5   1.5469396597023215E-015
          10           6   1.8149544367407257E-015
          10           7 -0.28065299518897741     
          10           8   2.8169605320246145E-016
          10           9   5.8630265356229094E-016
          10          10  0.71330423122396369     
          10          11   4.4747734163907124E-016
          10          12   1.0362872127252368E-015
          10          13  0.24894958677909323     
          11           1  -8.6065905058142484E-016
          11           2  -1.3909382509969637E-016
          11           3   2.1627366487546386E-015
          11           4  -3.7023715498622980E-015
          11           5  -5.3085459352714512E-002
          11           6  -5.1716443627557911E-016
          11           7  -2.1092069063532964E-015
          11           8  0.24894958677909373     
          11           9   1.6122611465286595E-015
          11          10   4.4747734163907124E-016
          11          11   8.8327122231097815E-002
          11          12   5.9182192024656929E-016
          11          13  -5.3105577661062128E-017
          12           1   3.0262115192725431E-016
          12           2   3.0996418271383645E-017
          12           3  -4.6997046892910114E-016
          12           4   1.7879585748144515E-015
          12           5   1.3049457348035577E-015
          12           6  -5.3085459352717648E-002
          12           7  -1.6675029412827117E-015
          12           8  -3.0407635773482936E-016
          12           9  0.24894958677909634     
          12          10   1.0362872127252368E-015
          12          11   5.9182192024656929E-016
          12          12   8.8327122231100189E-002
          12          13  -5.5061546142854209E-016
          13           1   1.2454102536089456E-016
          13           2   1.3871343220470512E-016
          13           3  -1.8808547879107048E-015
          13           4   4.4809729751834214E-015
          13           5  -2.7781596467768538E-015
          13           6  -3.0322966360074651E-015
          13           7  -5.3085459352713853E-002
          13           8  -8.7881362343533247E-017
          13           9  -1.9409421173153237E-015
          13          10  0.24894958677909323     
          13          11  -5.3105577661062128E-017
          13          12  -5.5061546142854209E-016
          13          13   8.8327122231096983E-002
