           1           1   2.4710791459648647     
           1           2 -0.15081505082170515     
           1           3 -0.72551184634716448     
           1           4  0.19030073182536486     
           1           5   2.5631566828889202E-014
           1           6  -5.1394337506053896E-014
           1           7  -3.3560124250370751E-014
           1           8  -8.6067481528142447E-015
           1           9   2.8119287188901241E-015
           1          10  -3.3311520483082669E-014
           1          11  -1.6647482102157629E-014
           1          12   4.2804501081439132E-015
           1          13  -2.8026008868615955E-014
           2           1 -0.15081505082170515     
           2           2   1.5777965978778889E-002
           2           3  -7.3887458365759051E-002
           2           4   3.4241979501132423E-003
           2           5   5.1663485280742204E-015
           2           6   3.7832406965402353E-015
           2           7   8.0069000930430199E-015
           2           8   2.4510830574325347E-016
           2           9   7.8931692090959226E-017
           2          10   2.1885130698818704E-015
           2          11   7.8851665323374305E-016
           2          12   1.6388348438302082E-017
           2          13   1.9030313551816840E-015
           3           1 -0.72551184634716448     
           3           2  -7.3887458365759051E-002
           3           3   2.5954207547369621     
           3           4  -1.1181294005311204     
           3           5  -1.2587553863794267E-013
           3           6   1.3589325325218679E-013
           3           7   7.4713426514646038E-015
           3           8   5.1864719634406694E-015
           3           9   2.5192578387874319E-015
           3          10   9.8955561674727256E-015
           3          11   2.5444338234890868E-014
           3          12  -1.8865402366528190E-014
           3          13   1.3673684140047867E-014
           4           1  0.19030073182536486     
           4           2   3.4241979501132423E-003
           4           3  -1.1181294005311204     
           4           4   2.4782712452202649     
           4           5   4.7229503145042635E-014
           4           6   9.3451782430708458E-015
           4           7   5.1736481670735736E-014
           4           8   1.0932293347000697E-014
           4           9  -1.9216876207235230E-015
           4          10   2.4201685135717085E-014
           4          11  -4.8131692792860888E-014
           4          12   2.7932224142907319E-014
           4          13  -1.4913303865061494E-014
           5           1   2.5631566828889202E-014
           5           2   5.1663485280742204E-015
           5           3  -1.2587553863794267E-013
           5           4   4.7229503145042635E-014
           5           5   2.0242691061940232     
           5           6  -9.5586143819301923E-003
           5           7   2.9792727683324437E-002
           5           8  -7.2357075199551257E-002
           5           9   1.6018789125408078E-002
           5          10  -4.9928096677725263E-002
           5          11 -0.31456276983456244     
           5          12   2.5414012348675855E-002
           5          13  -7.9211559356701086E-002
           6           1  -5.1394337506053896E-014
           6           2   3.7832406965402353E-015
           6           3   1.3589325325218679E-013
           6           4   9.3451782430708458E-015
           6           5  -9.5586143819301923E-003
           6           6   1.9828397185118165     
           6           7  -6.5423293571550498E-003
           6           8   1.6018789125550572E-002
           6           9  -2.9276998107049326E-003
           6          10   1.0963952531041959E-002
           6          11   2.5414012348617454E-002
           6          12 -0.20441218416644183     
           6          13   1.7394449905151491E-002
           7           1  -3.3560124250370751E-014
           7           2   8.0069000930430199E-015
           7           3   7.4713426514646038E-015
           7           4   5.1736481670735736E-014
           7           5   2.9792727683324437E-002
           7           6  -6.5423293571550498E-003
           7           7   2.0011321282727188     
           7           8  -4.9928096677366529E-002
           7           9   1.0963952530780632E-002
           7          10  -3.3583006464336707E-002
           7          11  -7.9211559356690081E-002
           7          12   1.7394449905271041E-002
           7          13 -0.25304721742476349     
           8           1  -8.6067481528142447E-015
           8           2   2.4510830574325347E-016
           8           3   5.1864719634406694E-015
           8           4   1.0932293347000697E-014
           8           5  -7.2357075199551257E-002
           8           6   1.6018789125550572E-002
           8           7  -4.9928096677366529E-002
           8           8  0.34226861521452867     
           8           9  -2.5696830063794338E-002
           8          10   8.0093058576613932E-002
           8          11  0.51201630172000223     
           8          12  -4.3672209546042624E-002
           8          13  0.13611954582473029     
           9           1   2.8119287188901241E-015
           9           2   7.8931692090959226E-017
           9           3   2.5192578387874319E-015
           9           4  -1.9216876207235230E-015
           9           5   1.6018789125408078E-002
           9           6  -2.9276998107049326E-003
           9           7   1.0963952530780632E-002
           9           8  -2.5696830063794338E-002
           9           9  0.23089222796290559     
           9          10  -1.7588022589797771E-002
           9          11  -4.3672209545547458E-002
           9          12  0.32273019481029819     
           9          13  -2.9891150236065245E-002
          10           1  -3.3311520483082669E-014
          10           2   2.1885130698818704E-015
          10           3   9.8955561674727256E-015
          10           4   2.4201685135717085E-014
          10           5  -4.9928096677725263E-002
          10           6   1.0963952531041959E-002
          10           7  -3.3583006464336707E-002
          10           8   8.0093058576613932E-002
          10           9  -1.7588022589797771E-002
          10          10  0.28006849212612728     
          10          11  0.13611954582519897     
          10          12  -2.9891150236504474E-002
          10          13  0.40630611090377533     
          11           1  -1.6647482102157629E-014
          11           2   7.8851665323374305E-016
          11           3   2.5444338234890868E-014
          11           4  -4.8131692792860888E-014
          11           5 -0.31456276983456244     
          11           6   2.5414012348617454E-002
          11           7  -7.9211559356690081E-002
          11           8  0.51201630172000223     
          11           9  -4.3672209545547458E-002
          11          10  0.13611954582519897     
          11          11  0.78837822792516998     
          11          12  -7.3106491789540373E-002
          11          13  0.22786166679059611     
          12           1   4.2804501081439132E-015
          12           2   1.6388348438302082E-017
          12           3  -1.8865402366528190E-014
          12           4   2.7932224142907319E-014
          12           5   2.5414012348675855E-002
          12           6 -0.20441218416644183     
          12           7   1.7394449905271041E-002
          12           8  -4.3672209546042624E-002
          12           9  0.32273019481029819     
          12          10  -2.9891150236504474E-002
          12          11  -7.3106491789540373E-002
          12          12  0.47151669595357470     
          12          13  -5.0037246844907422E-002
          13           1  -2.8026008868615955E-014
          13           2   1.9030313551816840E-015
          13           3   1.3673684140047867E-014
          13           4  -1.4913303865061494E-014
          13           5  -7.9211559356701086E-002
          13           6   1.7394449905151491E-002
          13           7 -0.25304721742476349     
          13           8  0.13611954582473029     
          13           9  -2.9891150236065245E-002
          13          10  0.40630611090377533     
          13          11  0.22786166679059611     
          13          12  -5.0037246844907422E-002
          13          13  0.61142127342712094     
