           1           1   2.2097986388608377     
           1           2   4.3068214205681347E-002
           1           3 -0.60049572050686451     
           1           4  0.15699157788997764     
           1           5   9.4089819595447371E-015
           1           6  -8.5573375490271199E-015
           1           7  -1.3440313867835045E-015
           1           8   1.8163606509343634E-014
           1           9  -1.2886614529170804E-014
           1          10   4.4254002352362067E-015
           1          11  -3.1332012625895427E-016
           1          12   3.2829206617819965E-015
           1          13   1.1416773085194953E-014
           2           1   4.3068214205681347E-002
           2           2   2.0869412600631229E-002
           2           3  0.17875497921022532     
           2           4  -1.5652676328766092E-002
           2           5  -2.0423578293005586E-014
           2           6  -2.5029589725161962E-014
           2           7  -5.1050661412987984E-014
           2           8  -5.6941073663059169E-015
           2           9  -7.2225746468771175E-016
           2          10  -4.0344047136592680E-015
           2          11  -6.8940791956038292E-015
           2          12   1.5144201146493370E-015
           2          13   3.2339827349517143E-015
           3           1 -0.60049572050686451     
           3           2  0.17875497921022532     
           3           3   2.2111394521474850     
           3           4 -0.96937386901711720     
           3           5   5.3799765847624820E-014
           3           6   9.3147875172370169E-014
           3           7   1.7566223894387746E-014
           3           8  -8.5587812727549128E-014
           3           9   1.9810469194794866E-014
           3          10  -2.5902218304069771E-014
           3          11  -9.8355427777712716E-014
           3          12  -2.1655802402591668E-014
           3          13  -6.3103857492111700E-014
           4           1  0.15699157788997764     
           4           2  -1.5652676328766092E-002
           4           3 -0.96937386901711720     
           4           4   2.3977920510599917     
           4           5  -1.6122879226689149E-013
           4           6  -3.6584142460618602E-014
           4           7  -1.2721404727371235E-013
           4           8   1.9135187009033295E-013
           4           9   3.7583506291885113E-015
           4          10   5.2461313754953160E-014
           4          11   2.6155410752174488E-013
           4          12   5.2342189575395527E-014
           4          13   1.6904579372955024E-013
           5           1   9.4089819595447371E-015
           5           2  -2.0423578293005586E-014
           5           3   5.3799765847624820E-014
           5           4  -1.6122879226689149E-013
           5           5   1.9313095998509366     
           5           6   2.9065935063918528E-003
           5           7  -1.5075586419959243E-003
           5           8  0.10322408786427591     
           5           9  -3.5014822927019089E-003
           5          10   1.8161087459250148E-003
           5          11 -0.20645219017645494     
           5          12  -9.8492414648306374E-003
           5          13   5.1084917956828431E-003
           6           1  -8.5573375490271199E-015
           6           2  -2.5029589725161962E-014
           6           3   9.3147875172370169E-014
           6           4  -3.6584142460618602E-014
           6           5   2.9065935063918528E-003
           6           6   1.8895563091762000     
           6           7   2.1760561528194666E-002
           6           8  -3.5014822947117795E-003
           6           9  0.15352297110609225     
           6          10  -2.6214267796844746E-002
           6          11  -9.8492414643186112E-003
           6          12  -6.4967583215005537E-002
           6          13  -7.3737529281176592E-002
           7           1  -1.3440313867835045E-015
           7           2  -5.1050661412987984E-014
           7           3   1.7566223894387746E-014
           7           4  -1.2721404727371235E-013
           7           5  -1.5075586419959243E-003
           7           6   2.1760561528194666E-002
           7           7   1.9202244479895532     
           7           8   1.8161087469113855E-003
           7           9  -2.6214267796571652E-002
           7          10  0.11657802355705177     
           7          11   5.1084917955051806E-003
           7          12  -7.3737529282129385E-002
           7          13 -0.16888920227455367     
           8           1   1.8163606509343634E-014
           8           2  -5.6941073663059169E-015
           8           3  -8.5587812727549128E-014
           8           4   1.9135187009033295E-013
           8           5  0.10322408786427591     
           8           6  -3.5014822947117795E-003
           8           7   1.8161087469113855E-003
           8           8   8.2317555019420424E-002
           8           9   3.6797280984274760E-003
           8          10  -1.9085592395471480E-003
           8          11  0.21568874874975674     
           8          12   1.1901762378667313E-002
           8          13  -6.1730698431656794E-003
           9           1  -1.2886614529170804E-014
           9           2  -7.2225746468771175E-016
           9           3   1.9810469194794866E-014
           9           4   3.7583506291885113E-015
           9           5  -3.5014822927019089E-003
           9           6  0.15352297110609225     
           9           7  -2.6214267796571652E-002
           9           8   3.6797280984274760E-003
           9           9   2.9458166226388995E-002
           9          10   2.7548726413628554E-002
           9          11   1.1901762373748881E-002
           9          12   4.4719626065005576E-002
           9          13   8.9103973648075582E-002
          10           1   4.4254002352362067E-015
          10           2  -4.0344047136592680E-015
          10           3  -2.5902218304069771E-014
          10           4   5.2461313754953160E-014
          10           5   1.8161087459250148E-003
          10           6  -2.6214267796844746E-002
          10           7  0.11657802355705177     
          10           8  -1.9085592395471480E-003
          10           9   2.7548726413628554E-002
          10          10   6.8283826372968592E-002
          10          11  -6.1730698407736840E-003
          10          12   8.9103973648373525E-002
          10          13  0.17029786683617668     
          11           1  -3.1332012625895427E-016
          11           2  -6.8940791956038292E-015
          11           3  -9.8355427777712716E-014
          11           4   2.6155410752174488E-013
          11           5 -0.20645219017645494     
          11           6  -9.8492414643186112E-003
          11           7   5.1084917955051806E-003
          11           8  0.21568874874975674     
          11           9   1.1901762373748881E-002
          11          10  -6.1730698407736840E-003
          11          11  0.69143913406386903     
          11          12   3.7727994056769326E-002
          11          13  -1.9568323997517813E-002
          12           1   3.2829206617819965E-015
          12           2   1.5144201146493370E-015
          12           3  -2.1655802402591668E-014
          12           4   5.2342189575395527E-014
          12           5  -9.8492414648306374E-003
          12           6  -6.4967583215005537E-002
          12           7  -7.3737529282129385E-002
          12           8   1.1901762378667313E-002
          12           9   4.4719626065005576E-002
          12          10   8.9103973648373525E-002
          12          11   3.7727994056769326E-002
          12          12  0.14947552906661812     
          12          13  0.28245515926960074     
          13           1   1.1416773085194953E-014
          13           2   3.2339827349517143E-015
          13           3  -6.3103857492111700E-014
          13           4   1.6904579372955024E-013
          13           5   5.1084917956828431E-003
          13           6  -7.3737529281176592E-002
          13           7 -0.16888920227455367     
          13           8  -6.1730698431656794E-003
          13           9   8.9103973648075582E-002
          13          10  0.17029786683617668     
          13          11  -1.9568323997517813E-002
          13          12  0.28245515926960074     
          13          13  0.54755229877158207     
