           1           1   2.1391112377547734     
           1           2  0.15005692149010832     
           1           3 -0.44891852620795514     
           1           4  0.10869464712682816     
           1           5   5.7479286976471616E-002
           1           6   2.6225926918249431E-002
           1           7  -2.1869955887774814E-013
           1           8  -8.8335633284597238E-013
           1           9   2.8443136983699248E-013
           1          10   6.3800585153934359E-013
           1          11   2.4491710845181120E-012
           1          12  -9.1907194705329807E-013
           1          13  -2.9013067310989163E-013
           1          14  -1.0532164639270027E-012
           1          15   4.2215531380642551E-013
           1          16  -5.8199319334320763E-014
           1          17  -6.0477565074956911E-013
           1          18   4.7809740898048450E-013
           1          19  -2.4797451280517591E-016
           1          20  -2.4366304705080156E-013
           1          21   3.6649685568659623E-014
           1          22  -1.1942610324948456E-002
           1          23   1.5835330886226852E-006
           1          24  -1.1899068972486790E-002
           1          25   5.2365915137065890E-006
           1          26   1.6642671070059517E-004
           1          27  -1.1466030195268810E-002
           1          28  -6.4706663560597380E-003
           1          29   1.0217429128300928E-006
           1          30  -6.4425722235155148E-003
           1          31   3.3788049403081678E-006
           1          32   1.0738326240932600E-004
           1          33  -6.1631633312065216E-003
           1          34  -7.1225439739476416E-003
           1          35   3.6306470223947594E-006
           1          36  -7.0227146056034964E-003
           1          37   1.2006199709861753E-005
           1          38   3.8157455156499336E-004
           1          39  -6.0298658142522070E-003
           1          40  -5.6664760216876155E-014
           1          41  -9.5239808630361826E-014
           1          42  -2.0516076209620932E-014
           1          43  -2.8537956025591437E-013
           1          44  -2.1426375463570207E-014
           1          45  -3.5984828490421689E-014
           1          46   1.4077468773674192E-013
           1          47  -2.6324850218411407E-014
           1          48  -1.5630994844129551E-013
           1          49  -2.4897072927238591E-015
           2           1  0.15005692149010832     
           2           2  0.25602446719227212     
           2           3 -0.55888368345713457     
           2           4  0.12344084675392586     
           2           5   5.4527166145680622E-002
           2           6   1.4565937306499514E-002
           2           7  -1.1096682226204678E-012
           2           8  -3.5087700611104039E-012
           2           9   1.0733013471904720E-012
           2          10  -3.8128636071862960E-013
           2          11  -7.9124374154398797E-013
           2          12   8.9157701563418291E-014
           2          13  -5.2479380129345138E-013
           2          14  -1.7720230829689689E-012
           2          15   6.6558575201026514E-013
           2          16  -4.7092507809323410E-013
           2          17  -2.1364369515060059E-012
           2          18   1.0811690074420068E-012
           2          19  -1.7273250349873185E-014
           2          20  -4.2539963428805059E-013
           2          21   8.5465976244459721E-014
           2          22  -5.6112428958557913E-004
           2          23   1.6229677926673633E-006
           2          24  -5.1649860268695948E-004
           2          25   5.3669983590087779E-006
           2          26   1.7057133036579018E-004
           2          27  -7.2675594858151796E-005
           2          28   4.4815099855033810E-003
           2          29   9.1016835074207196E-007
           2          30   4.5065362194864301E-003
           2          31   3.0098381313073695E-006
           2          32   9.5656913058051862E-005
           2          33   4.7554333583795889E-003
           2          34  -2.9641864768639101E-003
           2          35   4.9367192523562244E-006
           2          36  -2.8284449493946070E-003
           2          37   1.6325254706866730E-005
           2          38   5.1884043119419809E-004
           2          39  -1.4784332831664073E-003
           2          40   1.2167291753713923E-013
           2          41   1.4106934746085239E-013
           2          42   5.6632432009377238E-014
           2          43   2.2106409723757088E-013
           2          44  -1.1596505526640837E-013
           2          45  -4.7570160882634267E-014
           2          46   1.0715467225260686E-013
           2          47   5.0261742537290891E-014
           2          48   6.6311603035153995E-014
           2          49  -2.0364543256597623E-013
           3           1 -0.44891852620795514     
           3           2 -0.55888368345713457     
           3           3   1.2847651891755087     
           3           4 -0.49561814099678025     
           3           5 -0.23140784829752883     
           3           6  -7.1778544832630881E-002
           3           7  -6.9338133176008840E-014
           3           8  -1.3486602055130293E-012
           3           9   6.4775837028758873E-013
           3          10  -1.1355096399056949E-012
           3          11  -5.4083223921722395E-012
           3          12   2.2027590108662505E-012
           3          13   5.1616807823079330E-013
           3          14   1.6205774772047620E-012
           3          15  -7.5719637753549717E-013
           3          16   1.7557013076637965E-012
           3          17   8.3501037622591049E-012
           3          18  -4.0763286157392105E-012
           3          19   1.2199596392235027E-013
           3          20   1.8534550552180658E-012
           3          21  -5.4184473028612168E-013
           3          22  -1.8448178457437913E-003
           3          23  -1.5426392502897599E-006
           3          24  -1.8872349400961609E-003
           3          25  -5.1013592588636833E-006
           3          26  -1.6212949029133141E-004
           3          27  -2.3090925274311929E-003
           3          28  -1.3077704775367387E-002
           3          29  -9.8012225005096040E-006
           3          30  -1.3347202065863465E-002
           3          31  -3.2411695164824290E-005
           3          32  -1.0300906063359597E-003
           3          33  -1.6027475452125545E-002
           3          34   1.5697379292754159E-002
           3          35  -1.8679133572777895E-005
           3          36   1.5183772199135956E-002
           3          37  -6.1770093962786201E-005
           3          38  -1.9631436930842602E-003
           3          39   1.0075714481749726E-002
           3          40  -4.2637585731409806E-013
           3          41  -5.0365205621148739E-013
           3          42  -5.8823118613784198E-014
           3          43  -9.1292864893096666E-013
           3          44   3.4264352002918989E-013
           3          45   8.7069153544180584E-014
           3          46  -1.7025146634208594E-013
           3          47  -1.2485273895741023E-013
           3          48  -4.4331688516243469E-013
           3          49   7.6075842190714077E-013
           4           1  0.10869464712682816     
           4           2  0.12344084675392586     
           4           3 -0.49561814099678025     
           4           4  0.93164483943967813     
           4           5  0.45794594514507281     
           4           6  0.15847790362812250     
           4           7   3.3606368170884661E-012
           4           8   9.0583103974517435E-012
           4           9  -3.3517958827897702E-012
           4          10   2.9990029539618257E-012
           4          11   8.6722648475166289E-012
           4          12  -3.3049915506533819E-012
           4          13   1.4156314907234881E-013
           4          14  -7.3701926346941913E-013
           4          15   3.9211682436382292E-013
           4          16  -3.2759234051628171E-012
           4          17  -1.6023899945842252E-011
           4          18   7.7369525866819244E-012
           4          19  -3.4038652656776771E-013
           4          20  -3.6399911089443092E-012
           4          21   1.8065371279513520E-012
           4          22   1.4104685583372512E-002
           4          23  -6.4665404793996410E-006
           4          24   1.3926879889703543E-002
           4          25  -2.1384228485807745E-005
           4          26  -6.7962102359423945E-004
           4          27   1.2158520567516588E-002
           4          28   1.6880676308583011E-002
           4          29   3.2010831927735265E-005
           4          30   1.7760855723342128E-002
           4          31   1.0585673171938380E-004
           4          32   3.3642810677521062E-003
           4          33   2.6514642627378574E-002
           4          34  -3.6105474851060845E-002
           4          35   3.3123751060129014E-005
           4          36  -3.5194694237414927E-002
           4          37   1.0953705095968766E-004
           4          38   3.4812470872109813E-003
           4          39  -2.6136564179573562E-002
           4          40   7.2592069773440239E-013
           4          41   8.9681792680393291E-013
           4          42  -2.0547639287482028E-013
           4          43   1.9435981641982394E-012
           4          44  -4.2378857442907921E-013
           4          45   4.7692354042237205E-014
           4          46  -1.9784664480526612E-013
           4          47   1.1077617414114113E-013
           4          48   1.3011644105086113E-012
           4          49  -1.3935804932395963E-012
           5           1   5.7479286976471616E-002
           5           2   5.4527166145680622E-002
           5           3 -0.23140784829752883     
           5           4  0.45794594514507281     
           5           5  0.22631778824815008     
           5           6   8.0804552884805633E-002
           5           7  -1.0792839305501486E-011
           5           8  -2.7549935226298969E-011
           5           9   8.9476834531108640E-012
           5          10  -7.8978932097612226E-012
           5          11  -1.9817239655233782E-011
           5          12   6.3865819350077532E-012
           5          13  -4.3540213483251972E-012
           5          14  -1.1789679155162537E-011
           5          15   3.8817939558098036E-012
           5          16  -1.6817245006344306E-012
           5          17  -8.9308651215024472E-012
           5          18   3.1281754450035325E-012
           5          19  -5.1152679893004623E-014
           5          20  -2.1844356453313690E-012
           5          21  -2.3377993562638301E-013
           5          22   7.2375161536259672E-003
           5          23  -8.6830921286328253E-006
           5          24   6.9987633649469623E-003
           5          25  -2.8714151933881014E-005
           5          26  -9.1257714424738869E-004
           5          27   4.6242570650588876E-003
           5          28   8.4610559179143716E-003
           5          29   5.5590276375648361E-006
           5          30   8.6139086011346906E-003
           5          31   1.8383163641573236E-005
           5          32   5.8424368608273828E-004
           5          33   1.0134097811446084E-002
           5          34  -1.8418752350355724E-002
           5          35   1.5018899363696788E-005
           5          36  -1.8005788178704560E-002
           5          37   4.9666051920987836E-005
           5          38   1.5784595006447693E-003
           5          39  -1.3898670513457809E-002
           5          40   3.8968557057765162E-013
           5          41   4.5636630065657137E-013
           5          42  -9.2998516518344872E-014
           5          43   1.0154882276674300E-012
           5          44  -2.0610902108267142E-013
           5          45   3.6292704667586877E-014
           5          46  -9.4293080985030653E-014
           5          47   7.9814706556854200E-014
           5          48   7.0224239934983444E-013
           5          49  -7.5873966904954305E-013
           6           1   2.6225926918249431E-002
           6           2   1.4565937306499514E-002
           6           3  -7.1778544832630881E-002
           6           4  0.15847790362812250     
           6           5   8.0804552884805633E-002
           6           6   3.4257186954599353E-002
           6           7  -9.3588662925845394E-012
           6           8  -1.1139806469977339E-011
           6           9   1.6663684448101600E-012
           6          10  -6.9835799567501702E-012
           6          11  -8.0783850237579982E-012
           6          12   1.1191887889007180E-012
           6          13  -3.4518660097784732E-012
           6          14  -4.5298881145813964E-012
           6          15   8.4254933254106364E-013
           6          16  -1.4122236673929087E-013
           6          17  -2.8447144049788353E-012
           6          18   1.6420366030112224E-012
           6          19   2.4907237460036329E-013
           6          20  -6.9443215026827807E-013
           6          21   8.9252668961749163E-013
           6          22   3.1477778037989393E-003
           6          23  -1.5411574287881392E-005
           6          24   2.7240165712234224E-003
           6          25  -5.0964596358647552E-005
           6          26  -1.6197289877810195E-003
           6          27  -1.4904838933526847E-003
           6          28   3.4292950491724380E-003
           6          29  -2.1320413856790573E-005
           6          30   2.8430625564962214E-003
           6          31  -7.0504562045324698E-005
           6          32  -2.2407377017587080E-003
           6          33  -2.9872894410059988E-003
           6          34  -7.8093452870083915E-003
           6          35   2.3531491322514391E-006
           6          36  -7.7446423876913932E-003
           6          37   7.7816369007846538E-006
           6          38   2.4731176560627353E-004
           6          39  -7.1011425203181110E-003
           6          40   1.4123003950111410E-013
           6          41   9.7772635474635640E-014
           6          42  -4.4350423678477228E-014
           6          43   2.5603764544923077E-013
           6          44  -3.9787941751707007E-014
           6          45   3.0594173491944312E-014
           6          46  -3.1025636603322926E-014
           6          47   3.2773436091578246E-014
           6          48   2.4792843059962469E-013
           6          49  -2.2362346051901996E-013
           7           1  -2.1869955887774814E-013
           7           2  -1.1096682226204678E-012
           7           3  -6.9338133176008840E-014
           7           4   3.3606368170884661E-012
           7           5  -1.0792839305501486E-011
           7           6  -9.3588662925845394E-012
           7           7  0.59864641625834336     
           7           8   3.7487756841192882E-005
           7           9   1.2396838275759506E-004
           7          10  0.45003400054275033     
           7          11   3.0777390465877222E-005
           7          12   1.0177785700328503E-004
           7          13  0.21390345842665387     
           7          14  -6.6568265246717052E-006
           7          15  -2.2013481333018301E-005
           7          16   1.5389134411232033E-002
           7          17  -1.3351125808206196E-004
           7          18  -4.4150886862592039E-004
           7          19  -8.2652033928522000E-004
           7          20  -1.6601479896403886E-004
           7          21  -5.4899496575743618E-004
           7          22   5.1569528316133401E-013
           7          23  -9.1679908196905902E-013
           7          24   2.6015409186018710E-012
           7          25   2.0215121489620700E-012
           7          26  -1.7698986372895732E-012
           7          27   2.8236222323917046E-012
           7          28   5.7198245502306884E-012
           7          29  -9.9957455567616259E-013
           7          30   3.3278143414179347E-012
           7          31  -7.7586634674777738E-013
           7          32   1.1500516555725375E-013
           7          33   5.0564569142822578E-012
           7          34   2.3898612616134090E-012
           7          35   6.2360697103178940E-013
           7          36   3.8159404588519241E-012
           7          37   8.8285109675468111E-013
           7          38  -2.4592177982268677E-014
           7          39   1.9024801173224148E-012
           7          40  -2.0783052306537868E-003
           7          41  -3.7198467751858449E-007
           7          42  -9.5225227898673931E-004
           7          43   2.0592805341137030E-006
           7          44  -1.2301216628692420E-006
           7          45  -8.7170314101819838E-005
           7          46   2.0980598237175724E-006
           7          47  -1.1790675621896100E-003
           7          48  -3.6352213431596140E-006
           7          49  -3.7141334066878898E-006
           8           1  -8.8335633284597238E-013
           8           2  -3.5087700611104039E-012
           8           3  -1.3486602055130293E-012
           8           4   9.0583103974517435E-012
           8           5  -2.7549935226298969E-011
           8           6  -1.1139806469977339E-011
           8           7   3.7487756841192882E-005
           8           8  0.59983665122495933     
           8           9   3.9398927570883403E-003
           8          10   3.0777389148107842E-005
           8          11  0.45101118200906243     
           8          12   3.2346473720342344E-003
           8          13  -6.6568291054808703E-006
           8          14  0.21369210453631185     
           8          15  -6.9961950229864968E-004
           8          16  -1.3351125831674899E-004
           8          17   1.1150153373989238E-002
           8          18  -1.4031794279152163E-002
           8          19  -1.6601479609244606E-004
           8          20  -6.0974888493364066E-003
           8          21  -1.7447859791156074E-002
           8          22   2.2628466841054490E-012
           8          23   3.3512524158639122E-012
           8          24   4.6942950717412451E-012
           8          25   3.7449063388532501E-012
           8          26  -4.9109001950176280E-012
           8          27   7.5728535250214869E-012
           8          28   1.1779452518155888E-011
           8          29  -8.1482632611191441E-012
           8          30   7.3537102954761997E-012
           8          31   2.3371093998546636E-013
           8          32  -1.5403102821972136E-014
           8          33   1.0441516620089495E-011
           8          34   2.7866711432129275E-012
           8          35   4.5985220362844274E-012
           8          36   6.3060875291796512E-012
           8          37   1.6890295594767973E-012
           8          38   5.9017728135276847E-013
           8          39   6.7417802662674259E-013
           8          40   2.3792673432936681E-006
           8          41  -8.9567212238271347E-004
           8          42  -8.0128993646379266E-007
           8          43  -2.0638986485447949E-003
           8          44   1.1179883476500871E-004
           8          45  -4.3821097525579039E-006
           8          46  -8.4214702990342754E-005
           8          47  -3.6352234781797931E-006
           8          48  -1.2944858538194949E-003
           8          49  -1.1804083867499320E-004
           9           1   2.8443136983699248E-013
           9           2   1.0733013471904720E-012
           9           3   6.4775837028758873E-013
           9           4  -3.3517958827897702E-012
           9           5   8.9476834531108640E-012
           9           6   1.6663684448101600E-012
           9           7   1.2396838275759506E-004
           9           8   3.9398927570883403E-003
           9           9  0.61167408162338799     
           9          10   1.0177785733493126E-004
           9          11   3.2346473729498262E-003
           9          12  0.46072969932056207     
           9          13  -2.2013478972532000E-005
           9          14  -6.9961950038972495E-004
           9          15  0.21159009392735195     
           9          16  -4.4150887634970614E-004
           9          17  -1.4031794313749870E-002
           9          18  -3.1008457869990413E-002
           9          19  -5.4899496968842821E-004
           9          20  -1.7447859721527730E-002
           9          21  -5.8519690109573405E-002
           9          22  -5.5581616778632495E-013
           9          23  -1.0308332667052047E-012
           9          24  -2.5217223615092752E-012
           9          25  -1.5141846086504135E-012
           9          26   6.6299643017361352E-014
           9          27  -1.0538740607691835E-012
           9          28  -3.3485651551859513E-012
           9          29   2.5879926589210263E-012
           9          30  -1.0563871657544594E-012
           9          31   4.8047831184035014E-013
           9          32   1.3027227153760905E-012
           9          33  -4.1743003865198846E-012
           9          34  -4.2799608332919880E-013
           9          35  -1.3786372701620039E-012
           9          36  -1.9217368013267856E-012
           9          37  -5.9437218227753267E-013
           9          38  -7.0183256064558518E-013
           9          39   6.8334511233577851E-013
           9          40   7.8680065247885236E-006
           9          41   1.1179882150140891E-004
           9          42   2.0980589345196083E-006
           9          43   2.1642629854995942E-004
           9          44  -5.5977189187926134E-004
           9          45  -6.2553300517704060E-006
           9          46  -7.3177031866271912E-004
           9          47  -1.6769188848196238E-005
           9          48  -5.3294943521567254E-004
           9          49  -3.0265692562009257E-003
          10           1   6.3800585153934359E-013
          10           2  -3.8128636071862960E-013
          10           3  -1.1355096399056949E-012
          10           4   2.9990029539618257E-012
          10           5  -7.8978932097612226E-012
          10           6  -6.9835799567501702E-012
          10           7  0.45003400054275033     
          10           8   3.0777389148107842E-005
          10           9   1.0177785733493126E-004
          10          10  0.33831426273432197     
          10          11   2.5824655514647336E-005
          10          12   8.5399649077182464E-005
          10          13  0.16080245785836583     
          10          14  -5.8318163668857009E-006
          10          15  -1.9285249607106528E-005
          10          16   1.1568143925709391E-002
          10          17  -1.2138897914319565E-004
          10          18  -4.0142166198225992E-004
          10          19  -6.2218877678655931E-004
          10          20  -1.5179834417173777E-004
          10          21  -5.0198251801844345E-004
          10          22   3.8573100694605915E-013
          10          23  -6.8880258214075713E-013
          10          24   1.9554181930810489E-012
          10          25   1.5201244108547470E-012
          10          26  -1.3256900369234965E-012
          10          27   2.1332715253489631E-012
          10          28   4.3079938417920672E-012
          10          29  -7.5162801919972470E-013
          10          30   2.5122049924584722E-012
          10          31  -5.8262228257181927E-013
          10          32   9.6108243770369148E-014
          10          33   3.8362041022118310E-012
          10          34   1.7849170725949529E-012
          10          35   4.6902889539576412E-013
          10          36   2.8577883268160410E-012
          10          37   6.6389882640611451E-013
          10          38  -1.5612335118552268E-014
          10          39   1.4266561478548740E-012
          10          40  -1.5623379546397601E-003
          10          41  -2.7010770433861070E-007
          10          42  -7.1585036456992533E-004
          10          43   1.5164657498922626E-006
          10          44  -8.9322321762490578E-007
          10          45  -6.5557939433376870E-005
          10          46   1.3714412894665606E-006
          10          47  -8.8643071354531778E-004
          10          48  -3.5117795372411187E-006
          10          49  -4.6633167941197828E-006
          11           1   2.4491710845181120E-012
          11           2  -7.9124374154398797E-013
          11           3  -5.4083223921722395E-012
          11           4   8.6722648475166289E-012
          11           5  -1.9817239655233782E-011
          11           6  -8.0783850237579982E-012
          11           7   3.0777390465877222E-005
          11           8  0.45101118200906243     
          11           9   3.2346473729498262E-003
          11          10   2.5824655514647336E-005
          11          11  0.33913419529097738     
          11          12   2.7141251776568866E-003
          11          13  -5.8318179455615634E-006
          11          14  0.16061729808862646     
          11          15  -6.1291219528101615E-004
          11          16  -1.2138897999112605E-004
          11          17   7.7140450564203650E-003
          11          18  -1.2757764674347883E-002
          11          19  -1.5179834294307080E-004
          11          20  -5.4417849886752006E-003
          11          21  -1.5953735789210190E-002
          11          22   1.7068549293997060E-012
          11          23   2.5230051763368327E-012
          11          24   3.5418724248695033E-012
          11          25   2.8240242322690919E-012
          11          26  -3.6811144738351633E-012
          11          27   5.6763336247529000E-012
          11          28   8.8998201041967921E-012
          11          29  -6.1236430113266601E-012
          11          30   5.5761318236407611E-012
          11          31   1.8584440929975743E-013
          11          32  -6.7890050567720454E-015
          11          33   7.8795597996508529E-012
          11          34   2.0282925102406715E-012
          11          35   3.4579306064477872E-012
          11          36   4.6745419739890697E-012
          11          37   1.2726671899995896E-012
          11          38   4.5004090558606941E-013
          11          39   4.5945929581268213E-013
          11          40   1.8107340838452166E-006
          11          41  -6.7299642736005916E-004
          11          42  -6.6490860315679147E-007
          11          43  -1.5525238544377797E-003
          11          44   8.5079436647913820E-005
          11          45  -3.5703218232674701E-006
          11          46  -6.9881127540144425E-005
          11          47  -3.5117811153085828E-006
          11          48  -9.9792971957536614E-004
          11          49  -1.4820720755786664E-004
          12           1  -9.1907194705329807E-013
          12           2   8.9157701563418291E-014
          12           3   2.2027590108662505E-012
          12           4  -3.3049915506533819E-012
          12           5   6.3865819350077532E-012
          12           6   1.1191887889007180E-012
          12           7   1.0177785700328503E-004
          12           8   3.2346473720342344E-003
          12           9  0.46072969932056207     
          12          10   8.5399649077182464E-005
          12          11   2.7141251776568866E-003
          12          12  0.34728880107095861     
          12          13  -1.9285248338364005E-005
          12          14  -6.1291219496353150E-004
          12          15  0.15877580021859489     
          12          16  -4.0142167020430232E-004
          12          17  -1.2757764702753331E-002
          12          18  -3.0616736525539784E-002
          12          19  -5.0198252366198443E-004
          12          20  -1.5953735724702284E-002
          12          21  -5.3374881562331195E-002
          12          22  -4.0703567050519363E-013
          12          23  -7.6452817555033626E-013
          12          24  -1.8627937288553185E-012
          12          25  -1.1104354083431400E-012
          12          26   9.7646740752714313E-014
          12          27  -8.3015848931060607E-013
          12          28  -2.5281191101496053E-012
          12          29   1.9555828519608668E-012
          12          30  -7.8858235016598805E-013
          12          31   3.9483497965026399E-013
          12          32   1.0002696674632450E-012
          12          33  -3.1802341948473321E-012
          12          34  -2.9249819176574192E-013
          12          35  -1.0355838011632109E-012
          12          36  -1.4224007890883012E-012
          12          37  -4.3855918016549713E-013
          12          38  -5.3112370448044608E-013
          12          39   5.3718846807341632E-013
          12          40   5.9879221454650237E-006
          12          41   8.5079424083978996E-005
          12          42   1.3714405233529278E-006
          12          43   1.5937753256386154E-004
          12          44  -4.1737477842644822E-004
          12          45  -5.6135889336581500E-006
          12          46  -5.7172770257568422E-004
          12          47  -1.5183356766820679E-005
          12          48  -4.8254934357246998E-004
          12          49  -2.4719793090460817E-003
          13           1  -2.9013067310989163E-013
          13           2  -5.2479380129345138E-013
          13           3   5.1616807823079330E-013
          13           4   1.4156314907234881E-013
          13           5  -4.3540213483251972E-012
          13           6  -3.4518660097784732E-012
          13           7  0.21390345842665387     
          13           8  -6.6568291054808703E-006
          13           9  -2.2013478972532000E-005
          13          10  0.16080245785836583     
          13          11  -5.8318179455615634E-006
          13          12  -1.9285248338364005E-005
          13          13   7.6430490155796435E-002
          13          14  -5.1485268469646072E-006
          13          15  -1.7025673731445755E-005
          13          16   5.5002876453179956E-003
          13          17   3.1959318926262820E-006
          13          18   1.0568644878762171E-005
          13          19  -2.9325794553341404E-004
          13          20   6.4897858295486387E-006
          13          21   2.1461097969811639E-005
          13          22   1.7630335525497587E-013
          13          23  -3.2702895820606493E-013
          13          24   9.1829779962675553E-013
          13          25   7.2140413288839670E-013
          13          26  -6.4823459193532546E-013
          13          27   9.6075636642964646E-013
          13          28   2.0328501484001251E-012
          13          29  -3.5903926440237564E-013
          13          30   1.1683567355217582E-012
          13          31  -2.7900874210057568E-013
          13          32   7.6192172206603291E-015
          13          33   1.7030413856393668E-012
          13          34   8.7866742382866930E-013
          13          35   2.2341391199950867E-013
          13          36   1.3868671681552740E-012
          13          37   3.1519124892686902E-013
          13          38  -1.6117758505384630E-014
          13          39   6.8270849896844879E-013
          13          40  -7.4249201597484968E-004
          13          41  -1.3781480100868292E-007
          13          42  -3.4021306422445607E-004
          13          43   8.5737890480211179E-007
          13          44  -4.5574200096088067E-007
          13          45  -3.1191770890773342E-005
          13          46   1.3154257414335769E-006
          13          47  -4.2137338149910548E-004
          13          48   6.1165268988218208E-007
          13          49   3.3624208853676738E-006
          14           1  -1.0532164639270027E-012
          14           2  -1.7720230829689689E-012
          14           3   1.6205774772047620E-012
          14           4  -7.3701926346941913E-013
          14           5  -1.1789679155162537E-011
          14           6  -4.5298881145813964E-012
          14           7  -6.6568265246717052E-006
          14           8  0.21369210453631185     
          14           9  -6.9961950038972495E-004
          14          10  -5.8318163668857009E-006
          14          11  0.16061729808862646     
          14          12  -6.1291219496353150E-004
          14          13  -5.1485268469646072E-006
          14          14   7.6267024837208791E-002
          14          15  -5.4109964776457816E-004
          14          16   3.1959316291276102E-006
          14          17   5.6017585738520172E-003
          14          18   3.3588718954714067E-004
          14          19   6.4897867158397250E-006
          14          20  -8.7207315478900714E-005
          14          21   6.8206488257730336E-004
          14          22   7.5457120134813170E-013
          14          23   1.1921722325879178E-012
          14          24   1.6085992330724235E-012
          14          25   1.3200582627599530E-012
          14          26  -1.8085921191492836E-012
          14          27   2.6196183616472725E-012
          14          28   4.1510628661776175E-012
          14          29  -2.9236365134772588E-012
          14          30   2.5347440857866994E-012
          14          31   5.5613954306752031E-014
          14          32  -8.9926918521429045E-014
          14          33   3.5130604185281274E-012
          14          34   1.1219107521978028E-012
          14          35   1.6445176771857383E-012
          14          36   2.3816637974887911E-012
          14          37   5.9780617597636228E-013
          14          38   1.9231868547416105E-013
          14          39   3.0287899002360783E-013
          14          40   8.4135036937795676E-007
          14          41  -3.2010573096594467E-004
          14          42  -1.1630927286118276E-007
          14          43  -7.3351881836879749E-004
          14          44   3.9546033098429668E-005
          14          45  -8.9933100196569276E-007
          14          46  -1.2224108610921347E-005
          14          47   6.1165175407838243E-007
          14          48  -4.0195343159481645E-004
          14          49   1.0686253095400534E-004
          15           1   4.2215531380642551E-013
          15           2   6.6558575201026514E-013
          15           3  -7.5719637753549717E-013
          15           4   3.9211682436382292E-013
          15           5   3.8817939558098036E-012
          15           6   8.4254933254106364E-013
          15           7  -2.2013481333018301E-005
          15           8  -6.9961950229864968E-004
          15           9  0.21159009392735195     
          15          10  -1.9285249607106528E-005
          15          11  -6.1291219528101615E-004
          15          12  0.15877580021859489     
          15          13  -1.7025673731445755E-005
          15          14  -5.4109964776457816E-004
          15          15   7.4641288149500495E-002
          15          16   1.0568641452647673E-005
          15          17   3.3588718375153015E-004
          15          18   6.6109338224344654E-003
          15          19   2.1461095307380633E-005
          15          20   6.8206488191457221E-004
          15          21   1.9620607952123927E-003
          15          22  -2.1010996999830903E-013
          15          23  -3.9161288294907909E-013
          15          24  -9.5349783825362767E-013
          15          25  -6.0323745801450510E-013
          15          26  -5.9160772280361478E-014
          15          27  -2.5962740555511739E-013
          15          28  -1.1912459342955187E-012
          15          29   9.0056425980592221E-013
          15          30  -4.1229288385573470E-013
          15          31   8.6538687682127627E-014
          15          32   4.2273293217363155E-013
          15          33  -1.3316775099135062E-012
          15          34  -2.0693107930164094E-013
          15          35  -4.9491240802876349E-013
          15          36  -7.2100828869065793E-013
          15          37  -2.3115944467951774E-013
          15          38  -2.3480659109449233E-013
          15          39   2.0296729431825778E-013
          15          40   2.7822641170174088E-006
          15          41   3.9546035286895243E-005
          15          42   1.3154257266233505E-006
          15          43   9.0108841867240659E-005
          15          44  -2.0128945354042619E-004
          15          45  -2.4999361626470263E-008
          15          46  -2.0197683677324936E-004
          15          47   3.2262166105344672E-007
          15          48   1.0253330334515369E-005
          15          49  -5.8887849334587807E-004
          16           1  -5.8199319334320763E-014
          16           2  -4.7092507809323410E-013
          16           3   1.7557013076637965E-012
          16           4  -3.2759234051628171E-012
          16           5  -1.6817245006344306E-012
          16           6  -1.4122236673929087E-013
          16           7   1.5389134411232033E-002
          16           8  -1.3351125831674899E-004
          16           9  -4.4150887634970614E-004
          16          10   1.1568143925709391E-002
          16          11  -1.2138897999112605E-004
          16          12  -4.0142167020430232E-004
          16          13   5.5002876453179956E-003
          16          14   3.1959316291276102E-006
          16          15   1.0568641452647673E-005
          16          16   4.1483639443961131E-004
          16          17   6.0370064926152604E-004
          16          18   1.9963799544382315E-003
          16          19   3.3427967651104806E-006
          16          20   7.7738391028180098E-004
          16          21   2.5707337978374155E-003
          16          22   2.7818966822610475E-014
          16          23  -2.8044322919471107E-014
          16          24   3.9063638969381046E-014
          16          25   4.0132374157587099E-014
          16          26  -1.9624248736660229E-013
          16          27  -2.9838890125752317E-013
          16          28   1.4575965250648224E-013
          16          29  -3.0549452160069903E-014
          16          30   6.8147579915756470E-015
          16          31  -3.8216650903488886E-014
          16          32  -2.8250730840225346E-013
          16          33  -6.6108739973082246E-013
          16          34   4.0013987634338257E-014
          16          35   1.5070603715531839E-014
          16          36   6.6539335137487058E-014
          16          37   1.8983608834779671E-014
          16          38  -4.5169167003701925E-014
          16          39  -1.0211830097403329E-013
          16          40  -5.3504554386375892E-005
          16          41  -1.8683456170207521E-007
          16          42  -2.4441224274982221E-005
          16          43   1.2007902816661158E-006
          16          44  -6.1784653557336292E-007
          16          45  -1.9619817899193458E-006
          16          46   6.3358098135130117E-006
          16          47  -2.9546258573738248E-005
          16          48   2.2466635843311947E-005
          16          49   5.4624689926952866E-005
