           1           1   2.1051961914493700     
           1           2  0.16192441060817647     
           1           3 -0.19558974962372722     
           1           4 -0.38804706520578719     
           1           5 -0.12387888748859392     
           1           6  -2.2362016468630300E-002
           1           7   1.0119673292042180E-013
           1           8  -4.0458455396724307E-013
           1           9  -1.1487506255132456E-014
           1          10   1.0074476107435644E-015
           1          11   3.2740634142759363E-014
           1          12   9.5730183886564056E-016
           1          13   3.1468052407721193E-016
           1          14  -3.1294040257708668E-014
           1          15   1.5306534563136523E-015
           1          16  -8.2403445284670958E-016
           1          17  -7.7146006838369365E-014
           1          18  -1.1140622938125143E-014
           1          19   5.1214153484148826E-016
           1          20   1.2936480496094194E-014
           1          21   2.4837762012622786E-015
           1          22   1.1235995810524417E-015
           1          23  -1.8076085678494658E-015
           1          24  -1.3494935477762969E-015
           1          25  0.14326636293365103     
           1          26   1.9162181761889950E-015
           1          27  0.14326636293364281     
           1          28  -1.5049238679113889E-015
           1          29  -8.6280430520009679E-018
           1          30  0.14326636293365702     
           1          31   6.6429815301334280E-002
           1          32   1.6296643445008141E-015
           1          33   6.6429815301336431E-002
           1          34   4.4720103557002251E-015
           1          35  -1.9650188986480403E-015
           1          36   6.6429815301325690E-002
           1          37   9.9862136036068597E-003
           1          38   2.4853001483914058E-016
           1          39   9.9862136036096630E-003
           1          40  -2.7336013361540304E-015
           1          41   2.4025772483870179E-015
           1          42   9.9862136036128757E-003
           1          43   2.3773349072894998E-015
           1          44   2.3941134652038924E-014
           1          45   1.9059333670562748E-015
           1          46   4.8382182022212496E-014
           1          47   3.5116291710916261E-015
           1          48   1.1459408377550039E-015
           1          49   8.4237539715786928E-016
           1          50  -1.5682231036337918E-015
           1          51   2.3509087011641362E-014
           1          52   6.8649769335445165E-015
           2           1  0.16192441060817647     
           2           2  0.76911387267088061     
           2           3  -1.0903847521811505     
           2           4  0.98554895797749353     
           2           5   2.5985637301838933     
           2           6   1.3619171731010435     
           2           7   2.4866288641579863E-013
           2           8  -9.0496141757953501E-013
           2           9  -2.1233040733439470E-014
           2          10  -2.9522464069225039E-014
           2          11   7.6554836771123816E-014
           2          12  -5.5418706261558541E-015
           2          13   1.1325550585405845E-014
           2          14  -5.3348601854857615E-014
           2          15  -3.4163430756405484E-015
           2          16  -4.3162782000082578E-014
           2          17  -1.1108271106187309E-013
           2          18  -6.5251553913649697E-015
           2          19   1.0097043798580757E-014
           2          20   1.4486694738445977E-014
           2          21   2.4312435636537818E-015
           2          22  -2.8248940476731586E-015
           2          23  -4.2132561505602262E-017
           2          24  -2.3372012013845380E-015
           2          25 -0.37083741098705908     
           2          26  -1.0869428380402847E-015
           2          27 -0.37083741098702916     
           2          28  -1.5425087512652241E-015
           2          29  -2.3928423129422414E-015
           2          30 -0.37083741098704009     
           2          31  -1.1768966959531717     
           2          32  -1.4828234070072511E-016
           2          33  -1.1768966959531841     
           2          34  -6.1665743694515854E-016
           2          35   4.8449045745180102E-017
           2          36  -1.1768966959531850     
           2          37 -0.52420506423163582     
           2          38   6.2441485269185900E-016
           2          39 -0.52420506423163060     
           2          40   2.3634426346191781E-015
           2          41   1.3002827021799698E-015
           2          42 -0.52420506423162860     
           2          43   2.0704791680636439E-014
           2          44   3.2030844239242936E-014
           2          45   6.2181057203202306E-015
           2          46   7.8935049640108841E-014
           2          47   5.0509349873061569E-015
           2          48  -7.9477249144815687E-016
           2          49  -3.5483308090228172E-015
           2          50   6.8619927642102355E-015
           2          51   3.8663969437589665E-014
           2          52   5.1962904659458180E-015
           3           1 -0.19558974962372722     
           3           2  -1.0903847521811505     
           3           3   1.5473291126789008     
           3           4  -1.4570697359235518     
           3           5  -3.7741734014071575     
           3           6  -1.9746798597799327     
           3           7  -3.6260710105377499E-013
           3           8   1.1711610362928592E-012
           3           9   2.8222813251815993E-015
           3          10   1.2828413733136903E-013
           3          11  -9.4092689658582529E-014
           3          12   2.4307850934892509E-014
           3          13   2.9076433350040346E-014
           3          14   7.0484158650726491E-014
           3          15   1.0716890112277404E-014
           3          16   7.6399324694751759E-014
           3          17   1.4720029735346998E-013
           3          18   8.2057501672120350E-015
           3          19  -1.6101320980687888E-014
           3          20  -1.9458148869827315E-014
           3          21  -3.3999088553079104E-015
           3          22   4.3771873195400516E-015
           3          23  -1.4737635587283979E-016
           3          24   3.3471346097730573E-015
           3          25  0.54728477685750199     
           3          26   1.7682085851168373E-015
           3          27  0.54728477685745835     
           3          28   2.2596095223529853E-015
           3          29   3.4761582328142644E-015
           3          30  0.54728477685747501     
           3          31   1.7101120345945029     
           3          32   2.4356222741684248E-016
           3          33   1.7101120345945211     
           3          34   8.6722057069563432E-016
           3          35  -1.6958624670961200E-016
           3          36   1.7101120345945222     
           3          37  0.76016942960738432     
           3          38  -8.0483234500634488E-016
           3          39  0.76016942960737699     
           3          40  -3.4682477254044497E-015
           3          41  -1.8044986278236743E-015
           3          42  0.76016942960737399     
           3          43  -4.1525338377163462E-014
           3          44  -4.1758856836137359E-014
           3          45  -1.4216634115911840E-014
           3          46  -1.0411037134522852E-013
           3          47  -7.0028630315615034E-015
           3          48   1.1487073225670076E-015
           3          49   5.3131554482500949E-015
           3          50  -1.5110535033829022E-014
           3          51  -5.1477002385873403E-014
           3          52  -6.8236371101046624E-015
           4           1 -0.38804706520578719     
           4           2  0.98554895797749353     
           4           3  -1.4570697359235518     
           4           4   4.1703118018745862     
           4           5   7.8474421798910186     
           4           6   3.9541540560512098     
           4           7  -1.3323798968013767E-013
           4           8   1.1602203559530178E-012
           4           9  -2.5224628361892063E-014
           4          10  -2.5041805233193846E-013
           4          11   2.5729373913427912E-014
           4          12  -5.5138497902698272E-014
           4          13  -1.3699047657535200E-013
           4          14   1.6551418305477194E-013
           4          15  -3.4176907825872329E-014
           4          16  -2.2465294990598948E-013
           4          17  -5.6688846560363496E-014
           4          18  -3.4905158488670118E-014
           4          19   3.1791794649800999E-014
           4          20   2.8990154414222501E-014
           4          21   1.4965701456790446E-014
           4          22  -8.2232343719443624E-015
           4          23  -2.4819878135985507E-015
           4          24  -8.0989139640279898E-015
           4          25  -1.5176268336736454     
           4          26  -1.2503818582294870E-014
           4          27  -1.5176268336735488     
           4          28  -6.6715554481220447E-015
           4          29  -7.3432925023968125E-015
           4          30  -1.5176268336736105     
           4          31  -3.5903812537094200     
           4          32  -1.0007024913652769E-015
           4          33  -3.5903812537094488     
           4          34   2.3952315030626852E-015
           4          35   4.3731150942651576E-015
           4          36  -3.5903812537094471     
           4          37  -1.5271667004887108     
           4          38  -3.5225404686607119E-015
           4          39  -1.5271667004886986     
           4          40   7.4852475100013730E-015
           4          41   8.3478905132257400E-016
           4          42  -1.5271667004886913     
           4          43   1.4090830449930087E-013
           4          44  -1.4937937029327674E-014
           4          45   5.7711416676651864E-014
           4          46  -7.9684901760941479E-015
           4          47   1.6278213732487505E-014
           4          48  -1.4181290475508662E-015
           4          49  -2.0781842486325998E-015
           4          50   5.5303530604329108E-014
           4          51   9.6210329569265959E-015
           4          52   1.8378455080948968E-014
           5           1 -0.12387888748859392     
           5           2   2.5985637301838933     
           5           3  -3.7741734014071575     
           5           4   7.8474421798910186     
           5           5   15.832419428963366     
           5           6   8.0525199612428882     
           5           7   4.7836260907734522E-013
           5           8  -1.2785520594866398E-012
           5           9   2.0369317510073151E-013
           5          10  -2.9687841615036317E-013
           5          11   2.0501423621965570E-014
           5          12  -1.1670482403351211E-013
           5          13  -8.7551432815615064E-014
           5          14  -9.3059294782744088E-014
           5          15  -3.9289404115708372E-014
           5          16  -3.3331138288746502E-013
           5          17  -5.6034532543021476E-013
           5          18  -2.6644632168247165E-014
           5          19   5.3157947347813489E-014
           5          20   1.0971313280658800E-013
           5          21   2.1792157687385351E-014
           5          22  -1.4531696470412222E-014
           5          23  -1.2699006499468381E-014
           5          24  -1.5002382035074803E-014
           5          25  -2.8716654376643067     
           5          26  -2.0954014719155709E-014
           5          27  -2.8716654376641153     
           5          28  -1.2786306014183094E-014
           5          29  -1.4780125059320861E-014
           5          30  -2.8716654376642259     
           5          31  -7.2264989438676857     
           5          32  -1.5655631583044361E-015
           5          33  -7.2264989438677478     
           5          34   3.5519072230378784E-015
           5          35   6.7197278106628550E-015
           5          36  -7.2264989438677478     
           5          37  -3.1074782500583136     
           5          38  -4.7072788442593524E-015
           5          39  -3.1074782500582874     
           5          40   1.4607600632852128E-014
           5          41   3.3569648067555669E-015
           5          42  -3.1074782500582723     
           5          43   1.9221973377809865E-013
           5          44   1.2151255336844484E-013
           5          45   7.3656582135664949E-014
           5          46   3.2093177421918133E-013
           5          47   2.0947624391119875E-014
           5          48  -3.1455992487919966E-015
           5          49  -1.9815263905569189E-014
           5          50   7.0251014518858301E-014
           5          51   1.6906743109983296E-013
           5          52   1.0143805926348828E-014
           6           1  -2.2362016468630300E-002
           6           2   1.3619171731010435     
           6           3  -1.9746798597799327     
           6           4   3.9541540560512098     
           6           5   8.0525199612428882     
           6           6   4.1005043735908320     
           6           7   5.9246338197937783E-013
           6           8  -2.7016997786758694E-012
           6           9   4.1738081027041816E-013
           6          10  -2.4206238056582742E-013
           6          11   2.6763733352439164E-013
           6          12  -5.1309264300963087E-015
           6          13  -5.4509283859083406E-014
           6          14  -1.4193041766689806E-013
           6          15   4.5281717932172702E-014
           6          16  -1.3377498931867769E-013
           6          17  -5.5045442457128827E-013
           6          18   4.5658466689806232E-014
           6          19   2.2158314102219000E-014
           6          20   9.2581349178258758E-014
           6          21   2.8921731870131399E-015
           6          22  -6.4193827858481344E-015
           6          23  -1.3611836752283134E-014
           6          24  -6.0388098421577066E-015
           6          25  -1.4481026008121096     
           6          26  -1.0376188236068873E-014
           6          27  -1.4481026008120124     
           6          28  -6.4560925534939642E-015
           6          29  -7.5147923430867444E-015
           6          30  -1.4481026008120677     
           6          31  -3.6743393721948165     
           6          32  -7.6855158432156842E-016
           6          33  -3.6743393721948485     
           6          34   1.7147691229178423E-015
           6          35   3.2808568805913921E-015
           6          36  -3.6743393721948481     
           6          37  -1.5822241807911246     
           6          38  -2.2350845302772199E-015
           6          39  -1.5822241807911110     
           6          40   7.4006448207077749E-015
           6          41   1.8148862120453026E-015
           6          42  -1.5822241807911037     
           6          43   7.4195071955847322E-014
           6          44   1.4366529337427455E-013
           6          45   2.6814056027996844E-014
           6          46   3.4614800176666412E-013
           6          47  -8.2973507831301027E-015
           6          48  -1.6204497226586032E-015
           6          49  -2.9272966298055884E-014
           6          50   2.5183646080359354E-014
           6          51   1.6771982409483688E-013
           6          52  -3.7238269111891043E-014
           7           1   1.0119673292042180E-013
           7           2   2.4866288641579863E-013
           7           3  -3.6260710105377499E-013
           7           4  -1.3323798968013767E-013
           7           5   4.7836260907734522E-013
           7           6   5.9246338197937783E-013
           7           7   3.0813455157925542     
           7           8  -8.5154105988749481E-014
           7           9   2.0997092953223267E-014
           7          10  -1.4283411792875802     
           7          11   1.2212453270876717E-013
           7          12  -4.8794301932275624E-014
           7          13 -0.42044376829088970     
           7          14  -6.7584826624056442E-014
           7          15   9.1218699260764424E-014
           7          16  0.22214802311552567     
           7          17  -2.6784130469081775E-014
           7          18  -1.2203779653496835E-013
           7          19  -3.4874744876141187E-002
           7          20  -6.1482936797308277E-015
           7          21   5.5211803011434573E-014
           7          22   7.1161687793251998E-003
           7          23   6.9010010379788632E-015
           7          24  -8.5600743073704863E-015
           7          25  -1.0941109720115941E-014
           7          26   8.9076229034991410E-014
           7          27  -5.7647613659067979E-015
           7          28  -3.0971183422004967E-014
           7          29  -2.5392094651703261E-014
           7          30   5.8201263170029098E-014
           7          31  -2.1224109470385952E-013
           7          32  -6.7748857680959967E-014
           7          33  -2.6995704854558692E-013
           7          34   9.3385206846478304E-015
           7          35   2.4428116005678932E-014
           7          36  -2.7026588458034735E-013
           7          37  -2.2554070334904013E-013
           7          38   1.4498886127713337E-014
           7          39  -2.2812785808044385E-013
           7          40   6.2930829845848023E-015
           7          41  -2.6912020748178166E-014
           7          42  -1.7672404370467002E-013
           7          43 -0.12796652858936441     
           7          44   4.1563974484404279E-014
           7          45  -5.7228371354082937E-002
           7          46  -1.1539380562197784E-014
           7          47   3.1541609601948289E-014
           7          48   3.1792944615719280E-014
           7          49   4.4277082000832031E-014
           7          50  -5.7228371354121593E-002
           7          51  -1.4410347914939371E-014
           7          52   1.9411555696180420E-015
           8           1  -4.0458455396724307E-013
           8           2  -9.0496141757953501E-013
           8           3   1.1711610362928592E-012
           8           4   1.1602203559530178E-012
           8           5  -1.2785520594866398E-012
           8           6  -2.7016997786758694E-012
           8           7  -8.5154105988749481E-014
           8           8   3.0813455157928051     
           8           9  -7.2254702221386070E-014
           8          10   7.0887740122316043E-014
           8          11  -1.4283411792878751     
           8          12   1.3847256674637278E-013
           8          13  -1.2531642390456477E-013
           8          14 -0.42044376829080865     
           8          15  -3.3760494400070224E-013
           8          16   8.0310411099127268E-013
           8          17  0.22214802311557458     
           8          18   6.5711975791304964E-013
           8          19  -1.4837089890029661E-013
           8          20  -3.4874744876083483E-002
           8          21  -2.1780721757430636E-013
           8          22   5.1614691253670879E-014
           8          23   7.1161687793186426E-003
           8          24   4.6020167386064220E-014
           8          25  -6.0435892182086806E-014
           8          26  -1.6933334214777345E-013
           8          27  -2.1076891724705599E-013
           8          28  -3.3778531257766796E-014
           8          29  -3.8069035088835500E-014
           8          30  -2.8187901759593895E-013
           8          31   6.6659620008523023E-013
           8          32   1.4122764253381768E-013
           8          33   8.5564789628403165E-013
           8          34   5.4081829484008348E-014
           8          35  -5.0580126030931274E-014
           8          36   8.4044213082984700E-013
           8          37   1.0056207858116189E-012
           8          38  -2.0615754795218587E-014
           8          39   9.3593134881078409E-013
           8          40  -8.7464856388645158E-014
           8          41   1.0560501483340324E-013
           8          42   8.3811421945163663E-013
           8          43  -4.6436812728423260E-013
           8          44  -5.7228371354230929E-002
           8          45  -1.8579408844754440E-013
           8          46 -0.12796652858930746     
           8          47  -1.4663552490301616E-013
           8          48  -1.0565893685140960E-013
           8          49  -1.6010630321527931E-013
           8          50  -1.8581490512925610E-013
           8          51  -5.7228371354088377E-002
           8          52  -1.7444726219117978E-013
           9           1  -1.1487506255132456E-014
           9           2  -2.1233040733439470E-014
           9           3   2.8222813251815993E-015
           9           4  -2.5224628361892063E-014
           9           5   2.0369317510073151E-013
           9           6   4.1738081027041816E-013
           9           7   2.0997092953223267E-014
           9           8  -7.2254702221386070E-014
           9           9   3.0813455157926168     
           9          10  -1.3017364963729926E-014
           9          11   9.8906993706293785E-014
           9          12  -1.4283411792877552     
           9          13   4.1758263513713745E-014
           9          14  -2.8425178877355847E-014
           9          15 -0.42044376829083102     
           9          16  -2.8904656446115986E-013
           9          17  -1.2233833737718179E-013
           9          18  0.22214802311601023     
           9          19   5.5198467324713064E-014
           9          20   1.0261865142358152E-014
           9          21  -3.4874744876238754E-002
           9          22  -2.1304518479231554E-014
           9          23  -2.1302810860809988E-015
           9          24   7.1161687793558272E-003
           9          25  -7.1109226146501971E-014
           9          26   4.2486683747061628E-014
           9          27  -3.5669370220418599E-014
           9          28   8.9383156024688061E-015
           9          29   3.9400637873435421E-015
           9          30   2.4876343541296499E-015
           9          31  -9.7957360534871677E-014
           9          32  -3.7371788286110405E-014
           9          33  -1.3717544014731170E-013
           9          34  -1.3861330142058123E-014
           9          35   1.5835304506492447E-014
           9          36  -1.6503521132979279E-013
           9          37  -1.5746445365144224E-013
           9          38   5.8282001578064873E-015
           9          39  -1.5266228009192615E-013
           9          40   1.7470120720118519E-014
           9          41  -2.5910010188262341E-014
           9          42  -1.1075903289442901E-013
           9          43   1.5809922815357445E-013
           9          44   5.6276164284163675E-014
           9          45   6.4160482482478263E-014
           9          46   5.3276393713330920E-014
           9          47  -5.7228371354222214E-002
           9          48   2.5129128281226876E-014
           9          49  -5.7228371354223401E-002
           9          50   5.6833010519952230E-014
           9          51   1.7671411209341363E-014
           9          52 -0.12796652858967397     
          10           1   1.0074476107435644E-015
          10           2  -2.9522464069225039E-014
          10           3   1.2828413733136903E-013
          10           4  -2.5041805233193846E-013
          10           5  -2.9687841615036317E-013
          10           6  -2.4206238056582742E-013
          10           7  -1.4283411792875802     
          10           8   7.0887740122316043E-014
          10           9  -1.3017364963729926E-014
          10          10   1.6186112147757068     
          10          11  -1.0136336214827650E-013
          10          12   2.7672308888781983E-014
          10          13  0.71149166342300085     
          10          14   6.4753757911262470E-014
          10          15  -3.4583447217073645E-014
          10          16   7.0633317876215337E-002
          10          17   1.0823980600704800E-013
          10          18  -4.6386505747620682E-015
          10          19  -5.0832715311231120E-003
          10          20  -2.1591669424614128E-014
          10          21  -1.8812642416099425E-014
          10          22   7.5719994888835728E-004
          10          23  -1.9777473929394550E-015
          10          24   8.5099028518384009E-016
          10          25   9.3311796060091890E-014
          10          26  -8.3020809855849000E-014
          10          27   1.2302481695065558E-013
          10          28   5.6245152557754380E-014
          10          29   4.0190100536921184E-014
          10          30   5.9683623328569429E-014
          10          31   1.2794451778869899E-013
          10          32   5.6778506497975063E-014
          10          33   1.6839899505352123E-013
          10          34  -3.0393819799612869E-014
          10          35  -1.5488976904137452E-014
          10          36   1.6483745840081856E-013
          10          37   9.2064910812974856E-014
          10          38  -1.5064708343180330E-014
          10          39   1.0944914410254232E-013
          10          40   1.6502216936969311E-014
          10          41   7.4846517551018494E-015
          10          42   6.8513788002050397E-014
          10          43  -8.1374373812397635E-002
          10          44  -4.6223441740877857E-014
          10          45  -3.6391726294222750E-002
          10          46  -4.6969372835547606E-014
          10          47  -5.0359022507606213E-015
          10          48  -1.9060917329912642E-014
          10          49  -2.2436046076546066E-014
          10          50  -3.6391726294171187E-002
          10          51  -1.9359513991898745E-015
          10          52   4.1574382825260197E-014
          11           1   3.2740634142759363E-014
          11           2   7.6554836771123816E-014
          11           3  -9.4092689658582529E-014
          11           4   2.5729373913427912E-014
          11           5   2.0501423621965570E-014
          11           6   2.6763733352439164E-013
          11           7   1.2212453270876717E-013
          11           8  -1.4283411792878751     
          11           9   9.8906993706293785E-014
          11          10  -1.0136336214827650E-013
          11          11   1.6186112147759502     
          11          12  -5.8938964819788187E-014
          11          13  -4.6629367034256234E-014
          11          14  0.71149166342297976     
          11          15   2.8449465006019548E-014
          11          16  -1.1236497843292469E-013
          11          17   7.0633317876024157E-002
          11          18  -3.1442730363817989E-014
          11          19   2.5389846475266007E-014
          11          20  -5.0832715310880168E-003
          11          21   2.1596548334390733E-014
          11          22  -1.0172201622693626E-014
          11          23   7.5719994887696459E-004
          11          24  -4.6140527379738569E-015
          11          25  -2.6873825934017309E-015
          11          26   5.5710898781642941E-014
          11          27   1.3409900681141682E-014
          11          28  -1.7257357911293209E-014
          11          29  -7.5274699816112926E-015
          11          30   1.5844714523450205E-014
          11          31  -3.5524914663534588E-014
          11          32  -3.6043908345260040E-014
          11          33  -7.3643997390884071E-014
          11          34   6.4269674973357848E-015
          11          35   7.2284245022250745E-015
          11          36  -5.5947440311628966E-014
          11          37  -9.3859180314936131E-014
          11          38   7.6292899615304530E-015
          11          39  -9.1868452334159604E-014
          11          40  -1.6113313919664441E-015
          11          41  -1.0446434430851696E-014
          11          42  -7.6574735423794413E-014
          11          43   7.2282457797003277E-014
          11          44  -3.6391726294129262E-002
          11          45   3.8049424722075937E-014
          11          46  -8.1374373812288334E-002
          11          47   8.3474893664006103E-015
          11          48   1.4176974726851443E-014
          11          49   1.7512467170854726E-014
          11          50   1.6571813366007050E-014
          11          51  -3.6391726294155137E-002
          11          52  -1.1018963519404527E-014
          12           1   9.5730183886564056E-016
          12           2  -5.5418706261558541E-015
          12           3   2.4307850934892509E-014
          12           4  -5.5138497902698272E-014
          12           5  -1.1670482403351211E-013
          12           6  -5.1309264300963087E-015
          12           7  -4.8794301932275624E-014
          12           8   1.3847256674637278E-013
          12           9  -1.4283411792877552     
          12          10   2.7672308888781983E-014
          12          11  -5.8938964819788187E-014
          12          12   1.6186112147759673     
          12          13   1.5015766408055192E-014
          12          14  -3.8857805861894358E-016
          12          15  0.71149166342301251     
          12          16   3.8814437774981494E-014
          12          17   1.4217099719715573E-013
          12          18   7.0633317875773760E-002
          12          19  -8.0300349702967079E-015
          12          20  -2.9492630126276684E-014
          12          21  -5.0832715310258686E-003
          12          22   5.7098423211776787E-015
          12          23   6.4279636301234486E-015
          12          24   7.5719994885836142E-004
          12          25   2.8775905197373545E-014
          12          26  -1.9693654366257482E-014
          12          27   2.7026529279302110E-014
          12          28   7.6681463423348433E-015
          12          29   6.2063802166550574E-015
          12          30   1.4977877576347142E-014
          12          31   3.7097485325009714E-014
          12          32   1.2651094162006490E-014
          12          33   4.6716249777394050E-014
          12          34  -3.1023832333026292E-015
          12          35  -4.5739509989133385E-015
          12          36   4.8615861529603011E-014
          12          37   6.7797816925118266E-015
          12          38  -2.5888524435307263E-015
          12          39   1.0870157281119910E-014
          12          40   2.6382586244580319E-015
          12          41   3.8580167034818791E-015
          12          42   7.8702042328418635E-016
          12          43  -2.3831631112969622E-014
          12          44  -3.8654409534322287E-014
          12          45  -1.5393936125818281E-014
          12          46  -7.2104648640714240E-014
          12          47  -3.6391726294083077E-002
          12          48  -5.1380611357413907E-015
          12          49  -3.6391726294090244E-002
          12          50  -4.8286027953815317E-015
          12          51  -2.5660897018387070E-014
          12          52  -8.1374373812139120E-002
          13           1   3.1468052407721193E-016
          13           2   1.1325550585405845E-014
          13           3   2.9076433350040346E-014
          13           4  -1.3699047657535200E-013
          13           5  -8.7551432815615064E-014
          13           6  -5.4509283859083406E-014
          13           7 -0.42044376829088970     
          13           8  -1.2531642390456477E-013
          13           9   4.1758263513713745E-014
          13          10  0.71149166342300085     
          13          11  -4.6629367034256234E-014
          13          12   1.5015766408055192E-014
          13          13  0.33637504897794784     
          13          14   6.6335825721355667E-015
          13          15   4.1633363423418866E-017
          13          16   6.3451815910861992E-002
          13          17   3.0307353848789806E-014
          13          18  -8.1358531023313247E-015
          13          19  -6.7178156557308969E-003
          13          20  -8.9052029639267120E-015
          13          21  -4.9994188476564730E-015
          13          22   1.2195214644031903E-003
          13          23  -9.6475019813193982E-016
          13          24  -2.9319537249443016E-016
          13          25   4.4323572511630023E-014
          13          26  -3.4692021955683729E-014
          13          27   6.0960736400472603E-014
          13          28   2.6849369210314455E-014
          13          29   1.8813767685468599E-014
          13          30   3.4037190468127959E-014
          13          31   3.6440372936499925E-014
          13          32   2.2948253767294355E-014
          13          33   5.1715067793564376E-014
          13          34  -1.5351532597728230E-014
          13          35  -5.5828689849208324E-015
          13          36   4.9756357987790282E-014
          13          37   2.0640624976418255E-014
          13          38  -6.4847198375421100E-015
          13          39   2.9734894202528500E-014
          13          40   9.6294117021494938E-015
          13          41   9.7692488274906312E-016
          13          42   1.3481497904352972E-014
          13          43  -5.8525125965358679E-002
          13          44  -1.2295719997723443E-014
          13          45  -2.6173232010066615E-002
          13          46  -8.9442342421359283E-015
          13          47  -1.7737547541862277E-015
          13          48  -6.6731266847777797E-015
          13          49  -9.7205229976360748E-015
          13          50  -2.6173232010043165E-002
          13          51   5.2466711530921347E-015
          13          52   1.6755694054460021E-014
          14           1  -3.1294040257708668E-014
          14           2  -5.3348601854857615E-014
          14           3   7.0484158650726491E-014
          14           4   1.6551418305477194E-013
          14           5  -9.3059294782744088E-014
          14           6  -1.4193041766689806E-013
          14           7  -6.7584826624056442E-014
          14           8 -0.42044376829080865     
          14           9  -2.8425178877355847E-014
          14          10   6.4753757911262470E-014
          14          11  0.71149166342297976     
          14          12  -3.8857805861894358E-016
          14          13   6.6335825721355667E-015
          14          14  0.33637504897790554     
          14          15  -2.3016311079260343E-014
          14          16   3.1663907607002432E-014
          14          17   6.3451815910775811E-002
          14          18   4.9208467162164815E-014
          14          19  -2.9858927830247325E-015
          14          20  -6.7178156557073073E-003
          14          21  -1.1902506974817260E-014
          14          22   3.2835062793714040E-016
          14          23   1.2195214643966916E-003
          14          24   2.5016880927929488E-015
          14          25  -1.5515702792816163E-014
          14          26   1.0800644544039053E-014
          14          27  -2.3945532444099329E-014
          14          28  -1.3167989909720888E-014
          14          29  -8.4017366078946365E-015
          14          30  -3.0730343409048134E-014
          14          31   3.7833000817397290E-014
          14          32  -3.3801902726820582E-015
          14          33   3.8779453321554413E-014
          14          34   9.6313140128005674E-015
          14          35  -1.8573820417347894E-015
          14          36   4.6605077312551215E-014
          14          37   5.5654282417658191E-014
          14          38   1.7722197997705198E-015
          14          39   4.8791448512983364E-014
          14          40  -1.0832965722319223E-014
          14          41   6.3870099731123651E-015
          14          42   4.5909463423467721E-014
          14          43  -1.6658549539804023E-014
          14          44  -2.6173232010035550E-002
          14          45  -1.8648277366745829E-015
          14          46  -5.8525125965298921E-002
          14          47  -9.6124280410390744E-015
          14          48  -4.3783439340560042E-015
          14          49  -6.1970827774927488E-015
          14          50  -1.3468393067483474E-014
          14          51  -2.6173232010033284E-002
          14          52  -2.0049066573601834E-014
          15           1   1.5306534563136523E-015
          15           2  -3.4163430756405484E-015
          15           3   1.0716890112277404E-014
          15           4  -3.4176907825872329E-014
          15           5  -3.9289404115708372E-014
          15           6   4.5281717932172702E-014
          15           7   9.1218699260764424E-014
          15           8  -3.3760494400070224E-013
          15           9 -0.42044376829083102     
          15          10  -3.4583447217073645E-014
          15          11   2.8449465006019548E-014
          15          12  0.71149166342301251     
          15          13   4.1633363423418866E-017
          15          14  -2.3016311079260343E-014
          15          15  0.33637504897791859     
          15          16  -2.6818824938599308E-015
          15          17   8.5990242704172947E-015
          15          18   6.3451815910681747E-002
          15          19   5.2751856702278905E-016
          15          20  -7.1115259948212928E-015
          15          21  -6.7178156556902281E-003
          15          22   9.4584442274920707E-016
          15          23   1.7089194642716590E-015
          15          24   1.2195214643906408E-003
          15          25   7.9471451402657056E-015
          15          26  -5.7967848321403613E-015
          15          27   1.1039121028358311E-014
          15          28   5.1595706095779667E-015
          15          29   3.8007656291284117E-015
          15          30   8.8781124147541426E-015
          15          31   8.6861179613679862E-015
          15          32   2.5758189097185710E-015
          15          33   9.4139193851723486E-015
          15          34  -3.2544288535749107E-015
          15          35  -6.6659631666809726E-016
          15          36   7.2664953641201307E-015
          15          37  -1.4463575810127272E-014
          15          38  -7.3433695653983408E-016
          15          39  -1.1707433212322790E-014
          15          40   3.4148225662492875E-015
          15          41  -8.6763121120791746E-016
          15          42  -1.2380180302973118E-014
          15          43  -4.3715031594627554E-016
          15          44   2.1412992906588275E-015
          15          45  -3.4976362084382838E-015
          15          46   4.2617818996058915E-015
          15          47  -2.6173232010007038E-002
          15          48   8.7352110115241750E-017
          15          49  -2.6173232010011042E-002
          15          50   1.3734673121045934E-015
          15          51   4.7619243617735099E-015
          15          52  -5.8525125965254318E-002
          16           1  -8.2403445284670958E-016
          16           2  -4.3162782000082578E-014
          16           3   7.6399324694751759E-014
          16           4  -2.2465294990598948E-013
