           1           1   2.6401329721692317     
           1           2  -1.3055995523388488     
           1           3 -0.77010161934113230     
           1           4  -8.6832792508309815     
           1           5  0.92533669695621390     
           1           6   2.5104761397146484     
           1           7 -0.15222306341422834     
           1           8   2.4937538438802718E-014
           1           9  -3.2122283375302329E-014
           1          10  -2.2305696836268256E-014
           1          11   1.3123049772936021E-014
           1          12  -4.7971416862898468E-014
           1          13   8.4644805443424684E-015
           1          14  -2.0767464008058340E-013
           1          15   4.2846826871414528E-013
           1          16  -5.4139225379865074E-014
           1          17   5.8467302785990104E-013
           1          18  -1.1010859205942787E-012
           1          19   1.2326114732142613E-013
           1          20  -9.6879099285172445E-015
           1          21   5.1933756753838427E-014
           1          22  -5.4211227053399773E-015
           1          23   3.9510274505996135     
           1          24   1.0615911905309595E-015
           1          25   3.9510274505995833     
           1          26  -8.5793697911091365E-015
           1          27  -1.4359486873617882E-015
           1          28   3.9510274505996019     
           1          29  -4.4320749622091177E-002
           1          30  -1.2409313599805146E-014
           1          31  -4.4320749622011449E-002
           1          32   2.8410728576480968E-014
           1          33  -2.3873383124902086E-014
           1          34  -4.4320749622030739E-002
           1          35 -0.66265501577100339     
           1          36   2.4168835634870704E-014
           1          37 -0.66265501577112118     
           1          38  -2.4955886968597553E-014
           1          39   5.1305093159102482E-014
           1          40 -0.66265501577107866     
           1          41 -0.60607080237112487     
           1          42  -1.2429916550754026E-014
           1          43 -0.60607080237103361     
           1          44   1.6025809180504899E-014
           1          45  -5.2679027684828461E-014
           1          46 -0.60607080237108724     
           1          47   1.8595847671127669E-002
           1          48   3.6774131790668313E-015
           1          49   1.8595847671083392E-002
           1          50  -6.7145931525796986E-015
           1          51   2.6805129215843534E-014
           1          52   1.8595847671115391E-002
           1          53  -2.9735601839496138E-013
           1          54   2.3679548737577304E-013
           1          55  -1.2729833967017124E-013
           1          56   5.1120264469118855E-013
           1          57  -2.8089900494461773E-014
           1          58   7.0261382168806816E-016
           1          59  -2.2299047410914053E-014
           1          60  -1.2792036451427908E-013
           1          61   2.3297730806471475E-013
           1          62  -5.7036834632450328E-014
           2           1  -1.3055995523388488     
           2           2   3.8326674091598147     
           2           3   2.4354332327081187     
           2           4   7.3714027744102726     
           2           5   1.0353318879077249     
           2           6  0.13536560481917470     
           2           7  0.12074705325329343     
           2           8   4.9511976705761691E-014
           2           9  -1.5369018489165725E-013
           2          10   6.2553056810172015E-014
           2          11  -5.3780538515272423E-013
           2          12   8.9083911705300471E-013
           2          13  -5.8165626048535002E-015
           2          14   2.7786296756857162E-012
           2          15  -4.1927644870370953E-012
           2          16  -3.1728911379593425E-014
           2          17  -6.3963225561823788E-012
           2          18   9.5987049178761662E-012
           2          19   5.3199005456255993E-014
           2          20   3.1392161700751765E-013
           2          21  -4.6827625280259551E-013
           2          22  -1.8318551285741085E-015
           2          23  -5.1961947395436132     
           2          24  -2.3078359994201310E-014
           2          25  -5.1961947395436807     
           2          26  -1.5784699748021005E-014
           2          27   8.6837477848166312E-014
           2          28  -5.1961947395437758     
           2          29 -0.31145590389322103     
           2          30   1.9765723025358610E-014
           2          31 -0.31145590389316830     
           2          32  -5.0166839077718065E-015
           2          33  -5.3855611950646601E-014
           2          34 -0.31145590389310968     
           2          35 -0.18367647562692299     
           2          36  -2.0717890244381592E-014
           2          37 -0.18367647562696543     
           2          38   1.4593115607789952E-014
           2          39   3.0562392621582499E-014
           2          40 -0.18367647562702477     
           2          41  -7.7369947403601314E-002
           2          42   4.6221027566664744E-015
           2          43  -7.7369947403580608E-002
           2          44  -1.6206545218133885E-014
           2          45   6.8910853108652516E-015
           2          46  -7.7369947403539224E-002
           2          47  -2.4126123070971613E-002
           2          48   9.0352258491563908E-016
           2          49  -2.4126123070981977E-002
           2          50   7.8497097097479427E-015
           2          51  -8.8686541630463886E-015
           2          52  -2.4126123070999459E-002
           2          53   2.9427870575093998E-012
           2          54  -1.9698962053868091E-012
           2          55   1.3171481739319340E-012
           2          56  -4.4106829718746241E-012
           2          57  -8.1036368650125893E-015
           2          58  -1.4477210223666529E-015
           2          59  -7.0955980385290646E-015
           2          60   1.3162742271482505E-012
           2          61  -1.9762579731914830E-012
           2          62  -2.5303559103037020E-014
           3           1 -0.77010161934113230     
           3           2   2.4354332327081187     
           3           3   1.9214655253910116     
           3           4  -3.3302197227557322     
           3           5   2.6177993646832762     
           3           6   3.7651870541766930     
           3           7  -6.5356510508096183E-002
           3           8   6.5833542069887587E-013
           3           9  -1.3270595678022877E-012
           3          10  -2.0043240827651713E-014
           3          11  -2.3752160430910941E-012
           3          12   3.9081404553167908E-012
           3          13   4.6378961532830606E-014
           3          14   9.6731683456656341E-012
           3          15  -1.5058043081048690E-011
           3          16  -2.6053856563066617E-013
           3          17  -2.1011529411755052E-011
           3          18   3.2752637055662153E-011
           3          19   5.6614620613188503E-013
           3          20   1.0799048945640605E-012
           3          21  -1.6698601901559293E-012
           3          22  -2.6446523160514471E-014
           3          23 -0.64694630530710873     
           3          24  -1.3206080374651133E-013
           3          25 -0.64694630530731478     
           3          26  -5.9559552371999508E-014
           3          27   3.4059324748983271E-013
           3          28 -0.64694630530779307     
           3          29 -0.45509742225913585     
           3          30   5.6777993469592338E-014
           3          31 -0.45509742225901878     
           3          32   4.1174029840766618E-014
           3          33  -2.3636159085488464E-013
           3          34 -0.45509742225870786     
           3          35  -1.1765495929340066     
           3          36  -2.6277385017154724E-014
           3          37  -1.1765495929341117     
           3          38  -1.8520946467761690E-014
           3          39   2.1708021178684611E-013
           3          40  -1.1765495929343592     
           3          41 -0.96579470015463242     
           3          42   9.4621888218046501E-016
           3          43 -0.96579470015456392     
           3          44   5.0192537805926461E-016
           3          45  -1.0368024765864196E-013
           3          46 -0.96579470015448632     
           3          47  -3.7212692027255405E-003
           3          48  -1.3702682075973045E-016
           3          49  -3.7212692027581082E-003
           3          50   2.1293121979564143E-015
           3          51   4.0408486706384674E-014
           3          52  -3.7212692027768779E-003
           3          53   9.5349610665748797E-012
           3          54  -6.6461038386137926E-012
           3          55   4.2700176845878617E-012
           3          56  -1.4882527512578867E-011
           3          57  -1.1458337793490139E-013
           3          58  -1.2321974695344386E-015
           3          59  -1.0947378658903587E-013
           3          60   4.2675320213225485E-012
           3          61  -6.6565802774411195E-012
           3          62  -2.6130071836085844E-013
           4           1  -8.6832792508309815     
           4           2   7.3714027744102726     
           4           3  -3.3302197227557322     
           4           4   197.07426534332291     
           4           5  -42.077301694725520     
           4           6  -82.906769723715357     
           4           7   3.4772540320264502     
           4           8  -1.6018465754310541E-012
           4           9   2.6185159662720007E-012
           4          10   1.0753773286189196E-013
           4          11   5.5624220378374719E-012
           4          12  -7.4632269805375252E-012
           4          13  -3.6794447948377134E-013
           4          14  -2.6259765059131224E-011
           4          15   3.3047540104100518E-011
           4          16   3.4779083588432328E-012
           4          17   5.7911716093518848E-011
           4          18  -7.3806117623367034E-011
           4          19  -7.5614746603814810E-012
           4          20  -3.0301064800113387E-012
           4          21   3.5773416454770571E-012
           4          22   3.4749985222321435E-013
           4          23  -71.170327278099521     
           4          24   2.0525877250204567E-013
           4          25  -71.170327278097574     
           4          26   6.1856619859629216E-013
           4          27  -8.1957260861726833E-013
           4          28  -71.170327278097744     
           4          29   5.1404417288488302     
           4          30   3.7034488424642017E-013
           4          31   5.1404417288477848     
           4          32  -7.6278994709933972E-013
           4          33   1.4050971660830032E-012
           4          34   5.1404417288470565     
           4          35   23.569465261528897     
           4          36  -7.7912554879909782E-013
           4          37   23.569465261530098     
           4          38   4.7083528481796233E-013
           4          39  -2.0224745388932950E-012
           4          40   23.569465261530517     
           4          41   20.560111041132547     
           4          42   4.2964098434743378E-013
           4          43   20.560111041131439     
           4          44  -2.1455029485829161E-013
           4          45   1.5971582669326471E-012
           4          46   20.560111041131908     
           4          47 -0.31531187251732451     
           4          48  -1.1131537690407246E-013
           4          49 -0.31531187251676984     
           4          50   6.0874532458296646E-014
           4          51  -7.7101114212942213E-013
           4          52 -0.31531187251716308     
           4          53  -2.6175474175229254E-011
           4          54   1.4963758512816974E-011
           4          55  -1.1824980315902239E-011
           4          56   3.3863888673434590E-011
           4          57   1.5682694694058462E-012
           4          58   3.4453313173595959E-015
           4          59   1.4624841747687423E-012
           4          60  -1.1785404632511750E-011
           4          61   1.5098942908519707E-011
           4          62   3.4946789782004426E-012
           5           1  0.92533669695621390     
           5           2   1.0353318879077249     
           5           3   2.6177993646832762     
           5           4  -42.077301694725520     
           5           5   11.057144691925595     
           5           6   20.273423090387602     
           5           7 -0.75031269622227637     
           5           8   3.7144013244020110E-012
           5           9  -6.4783840771223815E-012
           5          10  -9.2235040806364053E-014
           5          11  -1.2685466840788206E-011
           5          12   1.8925851717923297E-011
           5          13   5.1559543616156425E-013
           5          14   5.1277704505265140E-011
           5          15  -7.2266293017147854E-011
           5          16  -4.0291575166536615E-012
           5          17  -1.0954909142176446E-010
           5          18   1.5513811757969134E-010
           5          19   8.3586734432050723E-012
           5          20   5.6998490751417594E-012
           5          21  -7.9899606157778219E-012
           5          22  -4.2654403087992571E-013
           5          23   13.049153494746905     
           5          24  -5.8179313142059820E-013
           5          25   13.049153494744060     
           5          26  -7.1953772987673406E-013
           5          27   1.4269518026365452E-012
           5          28   13.049153494743816     
           5          29  -1.4941330721369059     
           5          30   2.1306686024225795E-013
           5          31  -1.4941330721353208     
           5          32   4.9545782294556745E-013
           5          33  -1.0339676213939579E-012
           5          34  -1.4941330721349821     
           5          35  -5.8810840971821463     
           5          36  -5.1782379550672902E-014
           5          37  -5.8810840971834759     
           5          38  -3.4750974327522984E-013
           5          39   1.0240566748141958E-012
           5          40  -5.8810840971837095     
           5          41  -5.0616418389001732     
           5          42  -1.8587975549611331E-014
           5          43  -5.0616418388995266     
           5          44   1.2798024255241026E-013
           5          45  -5.6792458509560537E-013
           5          46  -5.0616418388995807     
           5          47   5.7407122128269455E-002
           5          48  -4.4756596922905277E-016
           5          49   5.7407122128006582E-002
           5          50  -3.9111207169931172E-014
           5          51   2.4241905780957645E-013
           5          52   5.7407122128079663E-002
           5          53   4.9529208654060568E-011
           5          54  -3.1392287670453373E-011
           5          55   2.2180688423808586E-011
           5          56  -7.0299052900462664E-011
           5          57  -1.6903360311494911E-012
           5          58  -1.8279094719567958E-015
           5          59  -1.6640838298548948E-012
           5          60   2.2168974611285728E-011
           5          61  -3.1431093663640930E-011
           5          62  -3.7841571509444701E-012
           6           1   2.5104761397146484     
           6           2  0.13536560481917470     
           6           3   3.7651870541766930     
           6           4  -82.906769723715357     
           6           5   20.273423090387602     
           6           6   38.068729778310797     
           6           7  -1.4726386786237744     
           6           8   3.0438994436789291E-013
           6           9  -2.1244149531403943E-012
           6          10  -1.2260096543830013E-013
           6          11  -2.7748611889867344E-012
           6          12   5.6636437563583916E-012
           6          13   6.5272259805078691E-013
           6          14   1.6705554672492253E-011
           6          15  -2.5135815477795588E-011
           6          16  -5.1934720549629953E-012
           6          17  -3.6445526607072178E-011
           6          18   5.5714580125271891E-011
           6          19   1.0839418639912447E-011
           6          20   1.8916000917789825E-012
           6          21  -2.7472018426274326E-012
           6          22  -5.4596848254830034E-013
           6          23   27.275873277128184     
           6          24  -7.0921710461660932E-013
           6          25   27.275873277124635     
           6          26  -9.3695651054882602E-013
           6          27   1.7794771393776281E-012
           6          28   27.275873277124280     
           6          29  -2.6544818282564884     
           6          30   1.8180655161167578E-013
           6          31  -2.6544818282545184     
           6          32   7.0450712219592957E-013
           6          33  -1.4355284784270476E-012
           6          34  -2.6544818282539424     
           6          35  -10.968403000028912     
           6          36   7.6505935589464485E-014
           6          37  -10.968403000030627     
           6          38  -4.8185384546384947E-013
           6          39   1.5339537080899573E-012
           6          40  -10.968403000031016     
           6          41  -9.4828848352319834     
           6          42  -9.7004282043308567E-014
           6          43  -9.4828848352310526     
           6          44   1.8401658758932529E-013
           6          45  -9.3474018534247206E-013
           6          46  -9.4828848352311805     
           6          47  0.12034809100391813     
           6          48   1.9132799227611865E-014
           6          49  0.12034809100352055     
           6          50  -5.5280717544990857E-014
           6          51   4.1462257957933142E-013
           6          52  0.12034809100366856     
           6          53   1.6494637861548992E-011
           6          54  -1.1311053753554457E-011
           6          55   7.4330853167563926E-012
           6          56  -2.5484000521618237E-011
           6          57  -2.1989683186638625E-012
           6          58  -2.8012053050360218E-015
           6          59  -2.1499037424680743E-012
           6          60   7.4123748391739840E-012
           6          61  -1.1380278843150242E-011
           6          62  -4.9206826205872013E-012
           7           1 -0.15222306341422834     
           7           2  0.12074705325329343     
           7           3  -6.5356510508096183E-002
           7           4   3.4772540320264502     
           7           5 -0.75031269622227637     
           7           6  -1.4726386786237744     
           7           7   6.1390454580501519E-002
           7           8   2.2465954764112755E-012
           7           9  -3.0290543398549174E-012
           7          10   1.8574821276752561E-015
           7          11  -6.7794449782038079E-012
           7          12   9.1133150583900564E-012
           7          13  -1.6476816409915734E-015
           7          14   2.4819567732529528E-011
           7          15  -3.3334813653480913E-011
           7          16   4.7100252825557758E-016
           7          17  -5.2769164395370598E-011
           7          18   7.0873351087780522E-011
           7          19  -1.0956226489191338E-014
           7          20   2.7487790162139983E-012
           7          21  -3.6967282006285627E-012
           7          22  -3.6350060888787842E-016
           7          23  -1.2467711443083649     
           7          24  -7.8414992059507843E-015
           7          25  -1.2467711443083900     
           7          26  -2.6178213750348276E-015
           7          27   4.8170626730546104E-015
           7          28  -1.2467711443083695     
           7          29   9.2184703239261603E-002
           7          30   1.2951176060592246E-014
           7          31   9.2184703239276217E-002
           7          32  -5.9491522649818353E-015
           7          33   1.4172941809755269E-014
           7          34   9.2184703239250335E-002
           7          35  0.41911409514462766     
           7          36  -1.8786084019080677E-014
           7          37  0.41911409514462317     
           7          38   2.4011861268934876E-015
           7          39  -2.7476311449537705E-014
           7          40  0.41911409514464071     
           7          41  0.36532459251840710     
           7          42   9.4243417298390693E-015
           7          43  0.36532459251839666     
           7          44  -1.6220349139327090E-015
           7          45   2.5261638562572702E-014
           7          46  0.36532459251840144     
           7          47  -5.5257304537831373E-003
           7          48  -2.5807827743169526E-015
           7          49  -5.5257304537763875E-003
           7          50   3.5063751756441795E-016
           7          51  -1.2633730155845000E-014
           7          52  -5.5257304537821468E-003
           7          53   2.3849731730161213E-011
           7          54  -1.4324792124621626E-011
           7          55   1.0663797853269844E-011
           7          56  -3.2023997479435114E-011
           7          57   3.1029926379353951E-015
           7          58   6.3625486472265132E-017
           7          59   1.2189384502025999E-015
           7          60   1.0664515118950387E-011
           7          61  -1.4322361331875639E-011
           7          62   6.7557151061107936E-015
           8           1   2.4937538438802718E-014
           8           2   4.9511976705761691E-014
           8           3   6.5833542069887587E-013
           8           4  -1.6018465754310541E-012
           8           5   3.7144013244020110E-012
           8           6   3.0438994436789291E-013
           8           7   2.2465954764112755E-012
           8           8   2.4926316224264826     
           8           9  -2.9576167903666345E-014
           8          10  -1.0960199761653233E-015
           8          11  -1.5302059928672622     
           8          12   1.3351819649898190E-013
           8          13  -1.8617919705935337E-015
           8          14   3.9534719421597950     
           8          15  -2.1305734954069123E-012
           8          16  -1.6014099768472495E-014
           8          17  -8.9722957994604009     
           8          18   5.8155702475915128E-012
           8          19   4.7501932942655301E-014
           8          20  0.45669074516145802     
           8          21  -2.3534646453882222E-013
           8          22   4.4105344376715306E-015
           8          23  -2.5637645649049033E-013
           8          24  -1.3852902361866155E-013
           8          25  -3.7194475639888069E-013
           8          26  -6.9138703830161518E-014
           8          27  -6.0577238722057561E-014
           8          28  -3.2602206748222044E-013
           8          29  -7.5410376811991117E-013
           8          30   7.5038695245922001E-014
           8          31  -6.7635467699092984E-013
           8          32   5.8060830069178415E-014
           8          33   3.6101766334624512E-014
           8          34  -7.2940849513054017E-013
           8          35  -8.6748265658039582E-013
           8          36  -5.4786004578649346E-014
           8          37  -9.3288110131047905E-013
           8          38  -6.5247735668062102E-014
           8          39  -1.9039626637781074E-014
           8          40  -8.8137488693404458E-013
           8          41  -5.3987575656565674E-013
           8          42   2.2089586414752345E-014
           8          43  -5.0389808587106197E-013
           8          44   3.7769699200433637E-014
           8          45   7.4388800518635000E-015
           8          46  -5.2993014520194151E-013
           8          47  -5.2007755272303681E-013
           8          48  -2.1514773521870321E-015
           8          49  -5.4686747845905246E-013
           8          50  -1.4685737386695816E-014
           8          51   1.6314609162934184E-015
           8          52  -5.1984953457916860E-013
           8          53   4.0925645974479039     
           8          54  -1.2414930194992769E-012
           8          55   1.8302505284404997     
           8          56  -2.7706170691033183E-012
           8          57  -1.9768041370489868E-014
           8          58   1.6232781101961974E-015
           8          59  -1.4621116817266625E-014
           8          60   1.8302505284405060     
           8          61  -1.2402995297478053E-012
           8          62  -1.8472202933931145E-014
           9           1  -3.2122283375302329E-014
           9           2  -1.5369018489165725E-013
           9           3  -1.3270595678022877E-012
           9           4   2.6185159662720007E-012
           9           5  -6.4783840771223815E-012
           9           6  -2.1244149531403943E-012
           9           7  -3.0290543398549174E-012
           9           8  -2.9576167903666345E-014
           9           9   2.4926316224265053     
           9          10   1.0161142760533785E-015
           9          11   1.4158119121532228E-013
           9          12  -1.5302059928673530     
           9          13   4.1342797241217997E-015
           9          14  -1.9854118349371658E-012
           9          15   3.9534719421609577     
           9          16  -4.3874626154404856E-014
           9          17   5.3688165024823288E-012
           9          18  -8.9722957994635024     
           9          19   1.0488832025146015E-013
           9          20  -2.2176011027497101E-013
           9          21  0.45669074516159719     
           9          22  -6.8066212388639826E-015
           9          23   7.9317033977298482E-013
           9          24   4.8967113697146738E-014
           9          25   8.2918687753291633E-013
           9          26   1.9114004315427212E-014
           9          27  -2.0628628048477873E-014
           9          28   8.0916303938965220E-013
           9          29   1.3431146735674241E-012
           9          30  -1.9257214111764338E-014
           9          31   1.3121893889544222E-012
           9          32  -2.3773491114629623E-014
           9          33   7.6560809438531400E-015
           9          34   1.3305321812351687E-012
           9          35   1.7351462176456904E-012
           9          36   1.5108240394837851E-014
           9          37   1.7380199863765901E-012
           9          38   3.6026725998406622E-014
           9          39  -6.3017610251851724E-015
           9          40   1.7236879882398027E-012
           9          41   1.1636070044982587E-012
           9          42  -1.1286094743511925E-014
           9          43   1.1783442678240465E-012
           9          44  -3.3672244953715773E-014
           9          45  -1.2234324131516963E-014
           9          46   1.2001984488707276E-012
           9          47   7.2300809669918250E-013
           9          48   4.0190029005620353E-015
           9          49   7.1763347057251247E-013
           9          50   1.2837767980574469E-014
           9          51   7.7507653118046972E-015
           9          52   6.9263828986830845E-013
           9          53  -2.5599522501806843E-012
           9          54   1.8302505284411623     
           9          55  -1.1306233727026430E-012
           9          56   4.0925645974493623     
           9          57  -2.3348076944040497E-014
           9          58   1.8060618144102035E-015
           9          59  -1.8746289243143025E-014
           9          60  -1.1422668366733993E-012
           9          61   1.8302505284411654     
           9          62  -4.2283017365195971E-014
          10           1  -2.2305696836268256E-014
          10           2   6.2553056810172015E-014
          10           3  -2.0043240827651713E-014
          10           4   1.0753773286189196E-013
          10           5  -9.2235040806364053E-014
          10           6  -1.2260096543830013E-013
          10           7   1.8574821276752561E-015
          10           8  -1.0960199761653233E-015
          10           9   1.0161142760533785E-015
          10          10   2.4926316224265426     
          10          11   6.2090090013891214E-015
          10          12  -1.8777080584841878E-014
          10          13  -1.5302059928674907     
          10          14  -3.7048489276439061E-014
          10          15   4.3149685213794697E-013
          10          16   3.9534719421629352     
          10          17   8.7369347867579992E-014
          10          18  -1.1968030733111596E-012
          10          19  -8.9722957994688297     
          10          20  -6.5480390207264415E-015
          10          21   4.2021616221410600E-014
          10          22  0.45669074516182617     
          10          23  -4.0658919451807183E-014
          10          24  -7.1120149910068912E-014
          10          25   1.8474377731758858E-014
          10          26  -6.1778823947070649E-015
          10          27  -4.0890605951178252E-015
          10          28  -3.0078613775054173E-014
          10          29   4.7283871548820073E-014
          10          30   3.6534043456770224E-014
          10          31   1.5885906291383788E-014
          10          32  -6.9745537487104741E-015
          10          33   3.8262825975685579E-014
          10          34  -8.5343435736046564E-016
          10          35   1.6974948942384232E-014
          10          36  -2.4664571870730341E-014
          10          37   3.7655595933874711E-014
          10          38   6.9102292378535130E-015
          10          39  -3.9772698106920198E-014
          10          40   5.1568783408084827E-014
          10          41   4.1783335126442960E-014
          10          42   7.3974003079480795E-015
          10          43   3.4033988272415742E-014
          10          44   4.4559334754600818E-015
          10          45   2.0823513590418910E-014
          10          46   3.0746728187923768E-014
          10          47  -4.3150471354093134E-015
          10          48  -6.6690050434432437E-015
          10          49  -3.5498785247535771E-015
          10          50  -2.7507638285042233E-015
          10          51  -2.7714226907874452E-015
          10          52  -4.9032378352172696E-015
          10          53  -3.7713755729477732E-014
          10          54   2.5228734032434212E-013
          10          55  -1.8231510051649072E-014
          10          56   5.7397749747556434E-013
          10          57   1.8302505284423014     
          10          58  -4.7565945517371106E-015
          10          59   1.8302505284422979     
          10          60  -2.0242921922044145E-014
          10          61   2.7048849271515982E-013
          10          62   4.0925645974518678     
          11           1   1.3123049772936021E-014
          11           2  -5.3780538515272423E-013
          11           3  -2.3752160430910941E-012
          11           4   5.5624220378374719E-012
          11           5  -1.2685466840788206E-011
          11           6  -2.7748611889867344E-012
          11           7  -6.7794449782038079E-012
          11           8  -1.5302059928672622     
          11           9   1.4158119121532228E-013
          11          10   6.2090090013891214E-015
          11          11   4.7623635800480404     
          11          12  -6.0690341641133849E-013
          11          13   5.7454041524400334E-015
          11          14  -12.288912198810220     
          11          15   7.9822815024499796E-012
          11          16   1.5688839116707214E-014
          11          17   26.955659399125896     
          11          18  -2.1434853891833060E-011
          11          19  -4.5310977192449931E-014
          11          20  -1.3927155563742992     
          11          21   8.7824192362973372E-013
          11          22  -2.4588837910235051E-014
          11          23   1.0064525543614587E-012
          11          24   4.9433682135477587E-013
          11          25   1.4402920936912329E-012
          11          26   2.4867102869272911E-013
          11          27   2.2210178225352185E-013
          11          28   1.2654222687080593E-012
          11          29   2.6434915335830814E-012
          11          30  -2.5442905797240886E-013
          11          31   2.3651811141251882E-012
          11          32  -1.9247209702740112E-013
          11          33  -1.3257574194660616E-013
          11          34   2.5142235393045779E-012
          11          35   3.1846867049209923E-012
          11          36   1.9135926089563487E-013
          11          37   3.3883838401331259E-012
          11          38   2.0910069742325751E-013
          11          39   8.0371763181404201E-014
          11          40   3.2560115195918694E-012
          11          41   2.1050335922503597E-012
          11          42  -7.4862868232055474E-014
          11          43   2.0379180388466354E-012
          11          44  -1.2825273012976581E-013
          11          45  -3.8342757081813212E-014
          11          46   2.0949052279674851E-012
          11          47   1.5885197857645461E-012
          11          48   1.5776210309552163E-014
          11          49   1.6349408225496275E-012
          11          50   5.3263339818549897E-014
          11          51   1.0450719137343818E-015
          11          52   1.5709813471227805E-012
          11          53  -12.230627565034313     
          11          54   4.5613512966724726E-012
          11          55  -5.4697029285798475     
          11          56   1.0169864950171403E-011
          11          57   3.7348596437766666E-014
          11          58  -7.6468523002868704E-015
          11          59   1.8636134302404557E-014
          11          60  -5.4697029285798537     
          11          61   4.5414783045316839E-012
          11          62   2.3571422591544128E-014
          12           1  -4.7971416862898468E-014
          12           2   8.9083911705300471E-013
          12           3   3.9081404553167908E-012
          12           4  -7.4632269805375252E-012
          12           5   1.8925851717923297E-011
          12           6   5.6636437563583916E-012
          12           7   9.1133150583900564E-012
          12           8   1.3351819649898190E-013
          12           9  -1.5302059928673530     
          12          10  -1.8777080584841878E-014
          12          11  -6.0690341641133849E-013
          12          12   4.7623635800483557     
          12          13   1.3544720900426821E-014
          12          14   6.9901862076449130E-012
          12          15  -12.288912198814520     
          12          16   1.3977360935335263E-013
          12          17  -1.8556267633584876E-011
          12          18   26.955659399137250     
          12          19  -3.7877340153257630E-013
          12          20   7.8242967660457978E-013
          12          21  -1.3927155563747999     
          12          22   1.9897278269453889E-014
          12          23  -2.3832792319688305E-012
          12          24  -1.7123814611441493E-013
          12          25  -2.5495427917272767E-012
          12          26  -7.5857995359155173E-014
          12          27   8.3815019941091922E-014
          12          28  -2.4521203516005546E-012
          12          29  -3.9515261036190149E-012
          12          30   7.0342327851366732E-014
          12          31  -3.7180405346033812E-012
          12          32   8.3263020667343814E-014
          12          33  -1.9721347022239722E-014
          12          34  -3.8774105602900655E-012
          12          35  -4.9646302286148873E-012
          12          36  -5.7277279810732914E-014
          12          37  -5.0927563851175604E-012
          12          38  -1.1856903363550030E-013
          12          39   1.6052442158981635E-014
          12          40  -4.9675360952251446E-012
          12          41  -3.3245874325714921E-012
          12          42   3.9272486810715773E-014
          12          43  -3.3181020317796286E-012
          12          44   1.0846146871041752E-013
          12          45   2.9477593050454069E-014
          12          46  -3.4043747747929596E-012
          12          47  -2.1667763373420538E-012
          12          48  -1.3588045856473390E-014
          12          49  -2.1752153591677763E-012
          12          50  -4.0834182766541448E-014
          12          51  -1.8590264620316421E-014
          12          52  -2.0947022750749362E-012
          12          53   8.8165030831532980E-012
          12          54  -5.4697029285822616     
          12          55   3.8905545451939385E-012
          12          56  -12.230627565039638     
          12          57   8.7048424024514476E-014
          12          58  -6.7678498026461879E-015
          12          59   7.0299668863958517E-014
          12          60   3.9218628344883671E-012
          12          61  -5.4697029285822687     
          12          62   1.6485424136902430E-013
          13           1   8.4644805443424684E-015
          13           2  -5.8165626048535002E-015
          13           3   4.6378961532830606E-014
          13           4  -3.6794447948377134E-013
          13           5   5.1559543616156425E-013
          13           6   6.5272259805078691E-013
          13           7  -1.6476816409915734E-015
          13           8  -1.8617919705935337E-015
          13           9   4.1342797241217997E-015
          13          10  -1.5302059928674907     
          13          11   5.7454041524400334E-015
          13          12   1.3544720900426821E-014
          13          13   4.7623635800488833     
          13          14  -1.6147846948477757E-013
          13          15  -4.5230486023228640E-013
          13          16  -12.288912198820112     
          13          17   4.8479970038428077E-013
          13          18   1.2512768599037778E-012
          13          19   26.955659399151997     
          13          20  -1.1711118186319461E-014
          13          21  -3.5242208457075970E-014
          13          22  -1.3927155563754643     
          13          23   8.7519046348136684E-014
          13          24   2.8257599808843963E-013
          13          25  -8.5150222721928739E-014
          13          26   3.4352810118638589E-014
          13          27   4.4785971588022432E-014
          13          28   3.3776960079938230E-014
          13          29  -3.0494569101419501E-013
          13          30  -1.1140244665572268E-013
          13          31  -1.1424970075310725E-013
          13          32   2.8893015538276245E-014
          13          33  -1.5281435346625004E-013
          13          34  -4.6360814102307149E-015
          13          35  -8.3882991596439015E-014
          13          36   8.4397382496823200E-014
          13          37  -1.7716004370351037E-013
          13          38  -4.3653602136976189E-014
          13          39   1.3589334363365168E-013
          13          40  -2.9854314115417073E-013
