           1           1   2.6184739958838397     
           1           2  -1.3891713088685054     
           1           3 -0.85190452291516816     
           1           4  -6.1948443983797610     
           1           5  -1.4430265818848527     
           1           6  0.78122436826448016     
           1           7  -1.6092803634287565     
           1           8  -4.9128336246459671E-014
           1           9   6.8169119176832211E-014
           1          10  -2.6647329190936348E-014
           1          11  -1.4610203545840270E-014
           1          12  -2.3162174472442172E-014
           1          13   1.1149784526530294E-014
           1          14   3.1186788374327274E-014
           1          15   3.8396235664412596E-014
           1          16  -1.5348391513618959E-014
           1          17   4.9172633196673405E-014
           1          18  -9.0498290026932934E-015
           1          19  -7.7336106075844958E-015
           1          20  -9.5326413033925744E-015
           1          21   1.0377248163023817E-014
           1          22  -1.8640367447784965E-015
           1          23   8.5307210848808644E-015
           1          24  -4.7864001339296522E-016
           1          25  -1.1946942329702717E-015
           1          26   3.4685355995733786     
           1          27   6.8055908614272224E-014
           1          28   3.4685355995732134     
           1          29  -1.3878752303672921E-014
           1          30  -3.0061799623291798E-014
           1          31   3.4685355995735616     
           1          32  0.57425832989094772     
           1          33  -1.6099447209174733E-013
           1          34  0.57425832989158931     
           1          35   2.7796063489748340E-014
           1          36   7.3813674771668153E-014
           1          37  0.57425832989055658     
           1          38   6.3016873033443666E-002
           1          39   1.6796117618347616E-013
           1          40   6.3016873032691698E-002
           1          41  -2.6674968022317919E-014
           1          42  -8.5992676810442492E-014
           1          43   6.3016873033869880E-002
           1          44  0.12351749107194422     
           1          45  -7.8773867052702869E-014
           1          46  0.12351749107234500     
           1          47   1.0649762487964795E-014
           1          48   4.7312045492045774E-014
           1          49  0.12351749107174351     
           1          50  0.43982942424728610     
           1          51   2.5550619099871619E-014
           1          52  0.43982942424714311     
           1          53   3.0204961597823130E-017
           1          54  -1.2239416730891695E-014
           1          55  0.43982942424735544     
           1          56  -3.5900229668986644E-014
           1          57  -7.9640823935933784E-015
           1          58  -9.7459239773613720E-015
           1          59  -1.0832730087458573E-014
           1          60   4.4788595955480718E-015
           1          61   4.4518597045533026E-015
           1          62   7.8631525097656226E-015
           1          63  -2.5531368911397600E-014
           1          64  -3.7592958453636200E-015
           1          65   2.5316913359641155E-015
           2           1  -1.3891713088685054     
           2           2   4.0515791738792153     
           2           3   2.4467265282801987     
           2           4   7.5849951243617388     
           2           5   1.6659271145742427     
           2           6 -0.67826082991299685     
           2           7   1.4193344245166764     
           2           8   1.3875841518703205E-013
           2           9  -2.1198632268573059E-013
           2          10   8.6954347301676065E-014
           2          11   2.8199511780109426E-015
           2          12   6.0028334405295561E-014
           2          13  -3.7543409603418085E-014
           2          14   1.6033716415194602E-014
           2          15  -5.2860659467114755E-014
           2          16   8.6757518337235758E-014
           2          17  -3.9527977582054331E-014
           2          18  -6.0898622369975329E-014
           2          19   1.1346571254222763E-013
           2          20   1.9589532809669173E-014
           2          21   6.7577774265194640E-015
           2          22  -2.3511820519083075E-014
           2          23  -7.2447315235000680E-015
           2          24  -1.3629095394283342E-015
           2          25   5.2548137998154602E-015
           2          26  -5.3931802521157355     
           2          27  -1.5760395020285450E-013
           2          28  -5.3931802521156076     
           2          29   5.0497585570670453E-014
           2          30   8.4769064855766501E-014
           2          31  -5.3931802521162009     
           2          32 -0.61720832485616262     
           2          33   2.0128874695893629E-013
           2          34 -0.61720832485676136     
           2          35  -4.4112703635629326E-014
           2          36  -1.0992602280950302E-013
           2          37 -0.61720832485561394     
           2          38 -0.12196976561095381     
           2          39  -2.2093286713006324E-013
           2          40 -0.12196976561017010     
           2          41   4.3590032860217729E-014
           2          42   1.2232485570210107E-013
           2          43 -0.12196976561155828     
           2          44 -0.11333211696024154     
           2          45   1.0119834244250135E-013
           2          46 -0.11333211696067898     
           2          47  -2.0754240661682965E-014
           2          48  -6.1707821660071049E-014
           2          49 -0.11333211695993968     
           2          50 -0.38762117529828832     
           2          51  -3.0147092800962697E-014
           2          52 -0.38762117529812551     
           2          53   7.5242159210513249E-015
           2          54   1.8273512036577548E-014
           2          55 -0.38762117529839790     
           2          56   1.8680678010780365E-014
           2          57   2.4641410493600399E-014
           2          58  -2.7289671064428380E-015
           2          59   5.4603350589708418E-014
           2          60  -4.1205423289203974E-014
           2          61  -1.3607714841935936E-015
           2          62  -3.7168647120211697E-014
           2          63   3.2418940202302381E-015
           2          64   2.5346527723695398E-014
           2          65  -8.6999219117805235E-014
           3           1 -0.85190452291516816     
           3           2   2.4467265282801987     
           3           3   1.7124916165850750     
           3           4  0.45689242815879716     
           3           5   1.1328141463116115E-002
           3           6  0.32268985122929167     
           3           7 -0.57234267658818216     
           3           8   9.9007466810298321E-014
           3           9  -9.1199520881169373E-014
           3          10   8.3237768586877291E-014
           3          11  -1.0294029709628801E-014
           3          12   1.0013861038070761E-013
           3          13  -7.5620148091274421E-014
           3          14  -8.0369136950459876E-014
           3          15  -1.6457591610171817E-013
           3          16   3.4086011205607284E-013
           3          17  -5.5321598772232071E-014
           3          18  -2.1378634477767828E-013
           3          19   3.6350192873480323E-013
           3          20   6.3717328564752316E-015
           3          21   4.1888469646226160E-014
           3          22  -6.7531384237606893E-014
           3          23   1.7102220719641246E-016
           3          24  -8.9725481486721347E-015
           3          25   1.3029171187962156E-014
           3          26  -1.4971064484418239     
           3          27  -7.3906091251038520E-013
           3          28  -1.4971064484412853     
           3          29   2.9319880710915866E-013
           3          30   2.9108792485191865E-013
           3          31  -1.4971064484438563     
           3          32   5.7117972567036046E-002
           3          33   3.4958381072339930E-013
           3          34   5.7117972566893938E-002
           3          35  -1.5239647101914516E-013
           3          36  -1.5908456043826310E-013
           3          37   5.7117972568076159E-002
           3          38  -7.0833303773602863E-002
           3          39  -2.6754106798132697E-013
           3          40  -7.0833303773488704E-002
           3          41   1.1434817549645369E-013
           3          42   1.2406538433222249E-013
           3          43  -7.0833303774412867E-002
           3          44   3.0410180392093894E-002
           3          45   9.2153341955439464E-014
           3          46   3.0410180392046404E-002
           3          47  -3.5274811529243748E-014
           3          48  -4.7284803092790945E-014
           3          49   3.0410180392378000E-002
           3          50  0.15688462150446950     
           3          51  -2.7186275677432236E-014
           3          52  0.15688462150448784     
           3          53   1.0461970230715242E-014
           3          54   1.3955334577935673E-014
           3          55  0.15688462150438481     
           3          56   6.2305118690733926E-014
           3          57   7.3988633132319573E-014
           3          58   2.3317768694944951E-014
           3          59   1.7310389294378546E-013
           3          60  -1.3968606527829832E-013
           3          61   3.0611949525290439E-016
           3          62  -1.3284959535260304E-013
           3          63   1.9711543042449084E-014
           3          64   7.6259937841515730E-014
           3          65  -3.0392953059793392E-013
           4           1  -6.1948443983797610     
           4           2   7.5849951243617388     
           4           3  0.45689242815879716     
           4           4   93.967919673140486     
           4           5   22.332628018987648     
           4           6  -15.324571478753590     
           4           7   30.101341928254186     
           4           8   1.0448288893966403E-013
           4           9  -4.3633746700983791E-013
           4          10   1.0326442664651222E-013
           4          11   7.5703169021672005E-013
           4          12   4.8345644278893761E-013
           4          13  -1.2250821055796817E-013
           4          14  -1.6827370752817399E-012
           4          15  -9.3725810592891246E-013
           4          16   1.7905762360711076E-013
           4          17  -3.0888374942187856E-012
           4          18  -5.0067603222686635E-013
           4          19   5.5216798866933330E-013
           4          20   8.0609206895240453E-013
           4          21   7.1647374334327742E-015
           4          22  -1.5140586452868266E-013
           4          23  -2.3607292606658366E-013
           4          24   5.3548985829935052E-015
           4          25   4.6028280501641523E-014
           4          26  -44.771483807409098     
           4          27  -1.7721575259018452E-012
           4          28  -44.771483807403726     
           4          29   2.1813773324679127E-013
           4          30   5.0342433337947003E-013
           4          31  -44.771483807413226     
           4          32  -9.4404046512495352     
           4          33   3.2399760379222089E-012
           4          34  -9.4404046512621456     
           4          35  -3.8915731183698353E-013
           4          36  -1.0393731571916497E-012
           4          37  -9.4404046512427513     
           4          38 -0.30348431787042474     
           4          39  -3.2224973160034812E-012
           4          40 -0.30348431785664332     
           4          41   4.1273594895771608E-013
           4          42   1.2138472562804881E-012
           4          43 -0.30348431787744296     
           4          44  -2.1112603183844016     
           4          45   1.3790003465864228E-012
           4          46  -2.1112603183912042     
           4          47  -2.5744136998923555E-013
           4          48  -5.8260767465788443E-013
           4          49  -2.1112603183810350     
           4          50  -8.2317613098179301     
           4          51  -3.8639126859973920E-013
           4          52  -8.2317613098155746     
           4          53   7.5132050518607207E-014
           4          54   1.5902485545110934E-013
           4          55  -8.2317613098190954     
           4          56   2.1138096366089072E-012
           4          57   3.1397117984362504E-013
           4          58   8.7910736875478373E-013
           4          59   5.5509187258748592E-013
           4          60  -1.2070116090397497E-013
           4          61  -3.0380289916389482E-014
           4          62  -1.9568030932079358E-013
           4          63   1.0418104236672519E-012
           4          64   2.7828461055331725E-013
           4          65  -3.4033103434673552E-013
           5           1  -1.4430265818848527     
           5           2   1.6659271145742427     
           5           3   1.1328141463116115E-002
           5           4   22.332628018987648     
           5           5   5.3154400015704111     
           5           6  -3.6608428149022494     
           5           7   7.1929615241918228     
           5           8   1.0463878956080839E-013
           5           9   4.1536133419561486E-014
           5          10   4.0827579692903103E-014
           5          11  -3.5649969881280425E-013
           5          12  -6.4131222728530131E-014
           5          13   5.1603695743364412E-014
           5          14   7.6807143282987740E-013
           5          15   1.2970191654119948E-013
           5          16  -8.2974245336478734E-014
           5          17   5.9356795977730401E-013
           5          18   2.9279590924408401E-013
           5          19  -1.4524052824079670E-014
           5          20  -6.3022798948259383E-014
           5          21  -7.7869851295318658E-014
           5          22  -7.9080161853558403E-015
           5          23  -5.7150303488011176E-015
           5          24   1.7257106945634607E-014
           5          25   5.3354231618579446E-015
           5          26  -10.538958686139285     
           5          27  -9.1196473875372696E-014
           5          28  -10.538958686140102     
           5          29   1.2125884831666334E-013
           5          30   9.1908033776771016E-014
           5          31  -10.538958686139710     
           5          32  -2.2499062299076185     
           5          33   6.0094160946697243E-013
           5          34  -2.2499062299095316     
           5          35  -1.2929338060181794E-013
           5          36  -2.3261047552444177E-013
           5          37  -2.2499062299062920     
           5          38  -6.9139992855047544E-002
           5          39  -6.3971164591695032E-013
           5          40  -6.9139992852578686E-002
           5          41   1.2552843637829538E-013
           5          42   2.7765361411367872E-013
           5          43  -6.9139992856500937E-002
           5          44 -0.50470470337400253     
           5          45   2.8601862426205346E-013
           5          46 -0.50470470337535212     
           5          47  -7.0669755908225850E-014
           5          48  -1.3444133433220069E-013
           5          49 -0.50470470337327422     
           5          50  -1.9670545652700648     
           5          51  -8.0171968125711662E-014
           5          52  -1.9670545652695797     
           5          53   2.0466242061736543E-014
           5          54   3.6647439009168218E-014
           5          55  -1.9670545652703215     
           5          56  -5.9258164331932448E-013
           5          57  -7.5712541622983137E-014
           5          58  -2.8034097347211290E-013
           5          59  -2.0517667083771212E-013
           5          60   2.5005699017822182E-014
           5          61  -7.2298953776929221E-015
           5          62   6.5095452015260123E-015
           5          63  -2.4128329459033931E-013
           5          64  -8.4587431229753439E-014
           5          65   3.8498244984080150E-014
           6           1  0.78122436826448016     
           6           2 -0.67826082991299685     
           6           3  0.32268985122929167     
           6           4  -15.324571478753590     
           6           5  -3.6608428149022494     
           6           6   2.5978460460501256     
           6           7  -5.0791240768623336     
           6           8   5.5318280275763687E-013
           6           9   8.7558837587461383E-013
           6          10   9.0420101223398664E-014
           6          11  -3.4273818276021387E-012
           6          12  -1.0451553439647730E-012
           6          13   5.0435632719612250E-013
           6          14   7.1620253759361888E-012
           6          15   2.0628176555439649E-012
           6          16  -7.0079979712912609E-013
           6          17   8.3750600520521278E-012
           6          18   2.2963634300797829E-012
           6          19  -8.8373122121291160E-013
           6          20  -1.6439977154883660E-012
           6          21  -4.2795640760861500E-013
           6          22   1.7855974311749216E-013
           6          23   3.3924774321818487E-013
           6          24   8.4118037332111469E-014
           6          25  -3.8332237132609992E-014
           6          26   7.0517169436796916     
           6          27   1.9174592743916347E-012
           6          28   7.0517169436668414     
           6          29   4.1222795140706651E-013
           6          30  -1.5804757613943446E-013
           6          31   7.0517169436827452     
           6          32   1.5628039494695105     
           6          33  -1.3931711179088214E-012
           6          34   1.5628039494778923     
           6          35  -1.7139628793288065E-013
           6          36   2.0833152122729777E-013
           6          37   1.5628039494671464     
           6          38   3.1774170001596443E-002
           6          39   1.1688388100910094E-012
           6          40   3.1774169994636364E-002
           6          41   1.0769594555689248E-013
           6          42  -2.2590646166197354E-013
           6          43   3.1774170003672358E-002
           6          44  0.35271927172940698     
           6          45  -4.3713723797275252E-013
           6          46  0.35271927173207740     
           6          47  -1.5559731943193485E-014
           6          48   1.0322373098067147E-013
           6          49  0.35271927172855200     
           6          50   1.3890858871534033     
           6          51   1.2163659674676230E-013
           6          52   1.3890858871525851     
           6          53   3.8960689417824979E-015
           6          54  -2.8004832035801539E-014
           6          55   1.3890858871536769     
           6          56  -6.8215382351238609E-012
           6          57  -8.6354882846542089E-013
           6          58  -3.0405948636494665E-012
           6          59  -1.9058180674942885E-012
           6          60   3.0865144290830811E-013
           6          61   5.0719297448795658E-015
           6          62   3.2210677182068960E-013
           6          63  -3.0678850215647707E-012
           6          64  -8.5759185027477809E-013
           6          65   7.0343908128975289E-013
           7           1  -1.6092803634287565     
           7           2   1.4193344245166764     
           7           3 -0.57234267658818216     
           7           4   30.101341928254186     
           7           5   7.1929615241918228     
           7           6  -5.0791240768623336     
           7           7   9.9462330648683341     
           7           8  -6.3120665178148660E-013
           7           9  -1.0544970451476098E-012
           7          10  -1.0083610984833945E-013
           7          11   4.0424869555124317E-012
           7          12   1.2636323762476902E-012
           7          13  -5.8121759629404814E-013
           7          14  -8.4550668140502455E-012
           7          15  -2.5031829219073740E-012
           7          16   7.6070915979102249E-013
           7          17  -1.0040372747666370E-011
           7          18  -2.7084060868163893E-012
           7          19   1.0154194223729543E-012
           7          20   1.9979994898240587E-012
           7          21   4.9290780104072560E-013
           7          22  -2.1151457652430039E-013
           7          23  -4.2188356758722549E-013
           7          24  -9.5756824030852354E-014
           7          25   4.7459463074063250E-014
           7          26  -13.826588424040821     
           7          27  -2.3728635866075793E-012
           7          28  -13.826588424025299     
           7          29  -4.9264644176059942E-013
           7          30   2.2039666012685804E-013
           7          31  -13.826588424044704     
           7          32  -3.0670712435135217     
           7          33   2.0061834030272760E-012
           7          34  -3.0670712435248877     
           7          35   1.6977737795311795E-013
           7          36  -3.6273411902452417E-013
           7          37  -3.0670712435099858     
           7          38  -6.7269565873324291E-002
           7          39  -1.7520079624771281E-012
           7          40  -6.7269565863449496E-002
           7          41  -8.7154431171961760E-014
           7          42   4.0948466896657264E-013
           7          43  -6.7269565876577064E-002
           7          44 -0.69290607621036471     
           7          45   6.7905305169972374E-013
           7          46 -0.69290607621435241     
           7          47  -1.1044588128054463E-014
           7          48  -1.9128649209418791E-013
           7          49 -0.69290607620895794     
           7          50  -2.7201435593852104     
           7          51  -1.8910331317232600E-013
           7          52  -2.7201435593839536     
           7          53   3.9585887062609158E-015
           7          54   5.1890922962213952E-014
           7          55  -2.7201435593856722     
           7          56   8.1220323070111316E-012
           7          57   1.0364327925323371E-012
           7          58   3.6127218572637636E-012
           7          59   2.2672991262323854E-012
           7          60  -3.4262544638017209E-013
           7          61  -9.9099213522168337E-015
           7          62  -3.6945398878930385E-013
           7          63   3.6665194474189720E-012
           7          64   1.0241909732447856E-012
           7          65  -7.9231893033887236E-013
           8           1  -4.9128336246459671E-014
           8           2   1.3875841518703205E-013
           8           3   9.9007466810298321E-014
           8           4   1.0448288893966403E-013
           8           5   1.0463878956080839E-013
           8           6   5.5318280275763687E-013
           8           7  -6.3120665178148660E-013
           8           8   2.4800911508093586     
           8           9  -4.3143721534943090E-004
           8          10  -7.4903240628463382E-004
           8          11  -1.4420757849158037     
           8          12   2.3956059424060290E-003
           8          13   4.1590906387015533E-003
           8          14  0.88670163959863668     
           8          15  -6.0038374791438536E-003
           8          16  -1.0423460642734321E-002
           8          17   1.3017761318331404     
           8          18  -6.7622643083342327E-003
           8          19  -1.1740190522234663E-002
           8          20 -0.26153353501754972     
           8          21   1.2946034990264327E-003
           8          22   2.2476039142964050E-003
           8          23   5.3499643878014036E-002
           8          24  -2.5668602149584395E-004
           8          25  -4.4564108400058365E-004
           8          26   6.8303672147897402E-014
           8          27   3.4758945827540929E-014
           8          28  -3.6300718144724433E-013
           8          29   5.7742431874754844E-014
           8          30   7.6303891946329937E-014
           8          31  -8.6264096212460371E-014
           8          32  -1.6034119464392989E-013
           8          33   1.2583277393435046E-014
           8          34   6.9506258406019264E-014
           8          35  -5.1383673578253830E-014
           8          36  -4.4279535942200322E-014
           8          37  -3.7066864371401542E-014
           8          38   2.0017009447902179E-014
           8          39  -7.7108006819095014E-015
           8          40  -1.5377811757810656E-013
           8          41   3.8250757345995968E-014
           8          42   1.4567993982251462E-014
           8          43  -8.5566310026435376E-014
           8          44  -6.5166246056973361E-014
           8          45   9.7911861404950366E-015
           8          46  -2.4655871146558819E-015
           8          47  -2.2445521388367407E-014
           8          48   2.3430653042393812E-015
           8          49  -2.6712351394563085E-014
           8          50   1.8440619057195618E-013
           8          51  -1.2506472749864221E-015
           8          52   1.7365583512742834E-013
           8          53   7.4359730596644756E-015
           8          54  -9.2606817520939888E-015
           8          55   1.7786739047726969E-013
           8          56  -1.0103281836295250     
           8          57   2.4984464543089057E-003
           8          58 -0.45183249963590799     
           8          59   5.5866961099838523E-003
           8          60   4.3376354496744325E-003
           8          61  -2.4699162880775684E-015
           8          62   4.3376354496682751E-003
           8          63 -0.45183249963589994     
           8          64   2.4984464543093619E-003
           8          65   9.6992477270544560E-003
           9           1   6.8169119176832211E-014
           9           2  -2.1198632268573059E-013
           9           3  -9.1199520881169373E-014
           9           4  -4.3633746700983791E-013
           9           5   4.1536133419561486E-014
           9           6   8.7558837587461383E-013
           9           7  -1.0544970451476098E-012
           9           8  -4.3143721534943090E-004
           9           9   2.4768162972832410     
           9          10  -5.7826050894558634E-003
           9          11   2.3956059424112145E-003
           9          12  -1.4238917750794502     
           9          13   3.2108595693816917E-002
           9          14  -6.0038374791554850E-003
           9          15  0.84112910287871334     
           9          16  -8.0470158642138162E-002
           9          17  -6.7622643083189334E-003
           9          18   1.2504467046841097     
           9          19  -9.0635445006734677E-002
           9          20   1.2946034990248519E-003
           9          21 -0.25170675910927576     
           9          22   1.7351727009208780E-002
           9          23  -2.5668602149715551E-004
           9          24   5.1551251174032170E-002
           9          25  -3.4403937386726499E-003
           9          26   2.0660366721264005E-013
           9          27   1.7195577447051621E-015
           9          28   1.6926206075995723E-013
           9          29   7.5598506583936645E-015
           9          30   5.0201170877570158E-014
           9          31   2.2005205406816687E-013
           9          32   3.9685287831213593E-015
           9          33   6.8033376546035464E-018
           9          34   3.1993041596003807E-014
           9          35  -5.5217051849647009E-014
           9          36  -7.4218444181939295E-014
           9          37  -4.2477161802980631E-014
           9          38  -1.2104155359285898E-013
           9          39   1.0489695876797940E-014
           9          40  -1.4387339188903634E-013
           9          41   2.9306113052504540E-014
           9          42   5.3635568329399071E-014
           9          43  -7.8121721594762208E-014
           9          44  -3.3652321676732241E-014
           9          45  -5.1313332810535418E-015
           9          46  -1.6263258205149506E-014
           9          47  -1.3268070864194743E-014
           9          48  -1.9723297083933251E-014
           9          49  -4.3651146821689779E-014
           9          50   2.9588130864851928E-013
           9          51   1.4005251859976736E-015
           9          52   2.8504556413902592E-013
           9          53   1.7168037194419361E-015
           9          54   4.5637548541265030E-015
           9          55   2.9623324538198913E-013
           9          56   5.5866961099809024E-003
           9          57 -0.43286787189956011     
           9          58   2.4984464543040298E-003
           9          59 -0.96792198684309705     
           9          60   3.3486979491876616E-002
           9          61   3.5453393301832732E-017
           9          62   3.3486979491872779E-002
           9          63   2.4984464543095289E-003
           9          64 -0.43286787189956905     
           9          65   7.4879162504970842E-002
          10           1  -2.6647329190936348E-014
          10           2   8.6954347301676065E-014
          10           3   8.3237768586877291E-014
          10           4   1.0326442664651222E-013
          10           5   4.0827579692903103E-014
          10           6   9.0420101223398664E-014
          10           7  -1.0083610984833945E-013
          10           8  -7.4903240628463382E-004
          10           9  -5.7826050894558634E-003
          10          10   2.4701076639546091     
          10          11   4.1590906387289671E-003
          10          12   3.2108595693812504E-002
          10          13  -1.3866412985426297     
          10          14  -1.0423460642659782E-002
          10          15  -8.0470158642149278E-002
          10          16  0.74777242714624126     
          10          17  -1.1740190522836300E-002
          10          18  -9.0635445006686521E-002
          10          19   1.1452968703588164     
          10          20   2.2476039144803226E-003
          10          21   1.7351727009198514E-002
          10          22 -0.23157632095519606     
          10          23  -4.4564108404088795E-004
          10          24  -3.4403937386749900E-003
          10          25   4.7559911675366176E-002
          10          26  -1.7095989243768705E-013
          10          27  -1.0304750733895167E-014
          10          28  -3.2336353739045214E-014
          10          29   1.6113863172760730E-014
          10          30  -5.5497726661163607E-014
          10          31  -1.0759058366160257E-013
          10          32   6.8746774792393965E-014
          10          33  -1.2092654507797288E-014
          10          34  -3.1849454603543792E-014
          10          35  -4.5863264515159845E-014
          10          36   2.0174970811164640E-014
          10          37  -4.4572209200491605E-014
          10          38  -7.7770442463389267E-014
          10          39   1.5909154437708317E-014
          10          40   4.5080454555211440E-015
          10          41   2.5520621145420629E-014
          10          42  -3.3517278703702496E-015
          10          43   4.7166556869455041E-016
          10          44   1.5623546516683754E-014
          10          45  -2.0053555274615640E-014
          10          46  -1.9208657619456547E-014
          10          47  -7.0134831510343015E-015
          10          48  -9.3678012124903127E-016
          10          49  -5.8510386207280468E-015
          10          50   2.8625327679769030E-014
          10          51   9.8794266779164688E-015
          10          52   2.7391774338197178E-014
          10          53  -3.0664834390141407E-015
          10          54   1.2040647673264522E-015
          10          55   2.9854981336161122E-014
          10          56   9.6992477273384458E-003
          10          57   3.3486979491866534E-002
          10          58   4.3376354497862380E-003
          10          59   7.4879162504947930E-002
          10          60 -0.39401827673991896     
          10          61   7.0763422978270259E-016
          10          62 -0.39401827673991763     
          10          63   4.3376354497882174E-003
          10          64   3.3486979491850644E-002
          10          65 -0.88105165116776485     
          11           1  -1.4610203545840270E-014
          11           2   2.8199511780109426E-015
          11           3  -1.0294029709628801E-014
          11           4   7.5703169021672005E-013
          11           5  -3.5649969881280425E-013
          11           6  -3.4273818276021387E-012
          11           7   4.0424869555124317E-012
          11           8  -1.4420757849158037     
          11           9   2.3956059424112145E-003
          11          10   4.1590906387289671E-003
          11          11   4.4457514634327069     
          11          12  -1.3301884091424927E-002
          11          13  -2.3093840528079758E-002
          11          14  -3.3959183584173296     
          11          15   3.3337014588970044E-002
          11          16   5.7877492640297568E-002
          11          17  -4.4424847023084748     
          11          18   3.7548268867041115E-002
          11          19   6.5188790351021361E-002
          11          20  0.87484706618598118     
          11          21  -7.1884383752830175E-003
          11          22  -1.2480085402944626E-002
          11          23 -0.17674184597030707     
          11          24   1.4252793606140469E-003
          11          25   2.4744745958421347E-003
          11          26  -8.0132405974600917E-013
          11          27  -1.0761607652333568E-013
          11          28   6.6488008719462045E-013
          11          29  -2.2937970353297039E-013
          11          30  -2.8468913964931359E-013
          11          31  -2.9861335788263571E-013
          11          32   4.9422881765852138E-013
          11          33  -1.2059917851446673E-013
          11          34  -3.0659385008817462E-013
          11          35   2.4384443454545569E-013
          11          36   2.5980281307653981E-013
          11          37   9.6544721744160916E-014
          11          38   1.4041851122657284E-013
          11          39   7.9610208069661582E-014
          11          40   7.4953288457398166E-013
          11          41  -1.5910847786127251E-013
          11          42  -1.3911249309388803E-013
          11          43   4.8412262091383245E-013
          11          44   2.7996477921302400E-013
          11          45  -5.9576976801544891E-014
          11          46   5.6335115450643638E-014
          11          47   7.9224855922059734E-014
          11          48   3.8610240681135228E-014
          11          49   1.4091382181786197E-013
          11          50  -1.1532055322258657E-012
          11          51   2.0529252686659984E-014
          11          52  -1.1155137911836377E-012
          11          53  -1.2317029550601798E-014
          11          54   1.7273650809910372E-014
          11          55  -1.1370328576249031E-012
          11          56   3.5399765638941423     
          11          57  -1.3872918143819701E-002
          11          58   1.5831256471247079     
          11          59  -3.1020788015879781E-002
          11          60  -2.4085231615961628E-002
          11          61   6.0926177026241375E-015
          11          62  -2.4085231615941474E-002
          11          63   1.5831256471246815     
          11          64  -1.3872918143818127E-002
          11          65  -5.3856215147041898E-002
          12           1  -2.3162174472442172E-014
          12           2   6.0028334405295561E-014
          12           3   1.0013861038070761E-013
          12           4   4.8345644278893761E-013
          12           5  -6.4131222728530131E-014
          12           6  -1.0451553439647730E-012
          12           7   1.2636323762476902E-012
          12           8   2.3956059424060290E-003
          12           9  -1.4238917750794502     
          12          10   3.2108595693812504E-002
          12          11  -1.3301884091424927E-002
          12          12   4.3447826075459206     
          12          13 -0.17828675855948531     
          12          14   3.3337014588944426E-002
          12          15  -3.1428714818549084     
          12          16  0.44682003167898021     
          12          17   3.7548268866975987E-002
          12          18  -4.1574720137317183     
          12          19  0.50326398123802285     
          12          20  -7.1884383752636987E-003
          12          21  0.82028273579651789     
          12          22  -9.6347507482908726E-002
          12          23   1.4252793606069529E-003
          12          24 -0.16592316604712709     
          12          25   1.9103191359861851E-002
          12          26  -2.3848170490261475E-013
          12          27   8.8465568118481588E-015
          12          28  -1.1854343885200539E-013
          12          29  -4.7919716422425277E-014
          12          30  -2.0820283709331364E-013
          12          31  -2.8086954829282936E-013
          12          32  -1.3858450492034223E-014
          12          33  -9.2022907802747163E-014
          12          34  -1.2796148253091676E-013
          12          35   2.9242466649175321E-013
          12          36   3.5969668691235808E-013
          12          37   1.2528592999603555E-013
          12          38   1.3901402147405083E-013
          12          39   3.5319522156939932E-014
          12          40   2.3955836159068436E-013
          12          41  -1.3491474123197499E-013
          12          42  -2.3164906438529163E-013
          12          43   6.7253778281367846E-014
          12          44   5.7333123490717634E-014
          12          45  -1.4190222894836798E-014
          12          46   9.1138305916731155E-015
          12          47   4.8624928179469259E-014
          12          48   8.3988178966582612E-014
          12          49   2.5689248889909606E-014
          12          50  -3.5881732657925904E-013
          12          51   7.8930075324238111E-015
          12          52  -3.2686494113078097E-013
          12          53   1.7880723255210445E-014
          12          54  -2.7000370961924197E-014
          12          55  -3.4232460131811930E-013
          12          56  -3.1020788015838945E-002
          12          57   1.4778223184259964     
          12          58  -1.3872918143794969E-002
          12          59   3.3045111626669055     
          12          60 -0.18594039691065131     
          12          61   1.4463490509459886E-014
          12          62 -0.18594039691064457     
          12          63  -1.3872918143814398E-002
          12          64   1.4778223184260559     
          12          65 -0.41577536725546843     
          13           1   1.1149784526530294E-014
          13           2  -3.7543409603418085E-014
          13           3  -7.5620148091274421E-014
          13           4  -1.2250821055796817E-013
