           1           1  0.61436818179653008     
           1           2  0.83341971114065694     
           1           3  -1.5020486534202306     
           1           4   1.2333260028732294     
           1           5  -9.1975870588831804E-002
           1           6  -1.1701067703554285E-002
           1           7   2.7805669215280864E-014
           1           8  -2.4779122793116964E-014
           1           9  -7.3526984529958729E-015
           1          10   1.4291531307006253E-014
           1          11  -1.2297868501902651E-014
           1          12  -1.3555800067369570E-014
           1          13  -1.9948713979578002E-015
           1          14   1.0027268085801411E-014
           1          15   2.1261225897737277E-015
           1          16  0.12495140215888928     
           1          17   1.1282766599433722E-014
           1          18  0.12495140215887626     
           1          19   3.2983085823525485E-015
           1          20   4.2100970333539905E-015
           1          21  0.12495140215888445     
           1          22 -0.26538910633699125     
           1          23  -7.0595585504898457E-015
           1          24 -0.26538910633698204     
           1          25  -3.2575754840472737E-015
           1          26  -2.1528949798600766E-015
           1          27 -0.26538910633698887     
           1          28   1.3625581678323159E-002
           1          29   6.2597533672051039E-015
           1          30   1.3625581678310576E-002
           1          31  -9.5167771779750245E-016
           1          32  -3.3233254639118069E-015
           1          33   1.3625581678310173E-002
           1          34  -1.1073557447419423E-014
           1          35   5.3252748198850511E-016
           1          36  -8.7433190326169794E-015
           1          37   7.7651305726113780E-015
           1          38   1.2888763782738470E-014
           1          39   2.5123720741229388E-015
           1          40  -2.0357653180836277E-015
           1          41  -1.2183457527935195E-014
           1          42   4.6816321510297679E-015
           1          43   5.1554793565834490E-015
           2           1  0.83341971114065694     
           2           2   1.2082950729339801     
           2           3  -3.1422578870180811     
           2           4   2.6290308240072640     
           2           5 -0.17508343817277894     
           2           6  -1.4904464587079143E-002
           2           7   5.8040765218814117E-014
           2           8  -4.7953632194893908E-014
           2           9  -1.3083327290217049E-014
           2          10   2.4647970768053500E-014
           2          11  -1.5280644561188753E-014
           2          12  -1.7424583059184559E-014
           2          13  -4.0800229366272195E-015
           2          14   1.0815448739228365E-014
           2          15   3.3336978525009724E-015
           2          16  0.23184144991845132     
           2          17   1.3551875006046085E-014
           2          18  0.23184144991843739     
           2          19   4.0739241017565240E-015
           2          20   5.1882122459153661E-015
           2          21  0.23184144991844557     
           2          22 -0.57672806357600814     
           2          23  -9.7264837252015362E-015
           2          24 -0.57672806357599937     
           2          25  -3.4082731901105650E-015
           2          26  -2.4478191104022534E-015
           2          27 -0.57672806357601059     
           2          28   2.2260503030677052E-002
           2          29   8.3501563823825278E-015
           2          30   2.2260503030665714E-002
           2          31  -1.3405998259998502E-015
           2          32  -3.3909013806379949E-015
           2          33   2.2260503030663997E-002
           2          34  -1.9589130043166750E-014
           2          35   1.8651099896727928E-015
           2          36  -1.3255231401043247E-014
           2          37   1.1623785615030970E-014
           2          38   1.6691883071958000E-014
           2          39   2.8305569654887164E-015
           2          40  -2.0770480558393993E-015
           2          41  -1.6281036854912504E-014
           2          42   6.8730856425321495E-015
           2          43   6.7938398673857023E-015
           3           1  -1.5020486534202306     
           3           2  -3.1422578870180811     
           3           3   19.372822328012663     
           3           4  -16.602469495417822     
           3           5  0.93997948587679536     
           3           6   1.4840953641248728E-002
           3           7  -4.3991738545298912E-013
           3           8  -1.6770495400139179E-013
           3           9  -1.3223951803839974E-015
           3          10  -1.2398796218086966E-013
           3          11  -6.4073449034768851E-014
           3          12   8.5294351168483462E-015
           3          13   2.6406074937044900E-014
           3          14   2.5503918628546440E-014
           3          15  -1.0057853425800852E-014
           3          16  -1.1915136831402904     
           3          17  -2.6589954457651730E-015
           3          18  -1.1915136831403115     
           3          19  -2.3731962670083001E-015
           3          20  -2.8599342902513113E-015
           3          21  -1.1915136831402902     
           3          22   3.7290163755775301     
           3          23   1.9389592043604593E-014
           3          24   3.7290163755775616     
           3          25  -6.4019381888729643E-015
           3          26  -1.4547444791620162E-015
           3          27   3.7290163755776042     
           3          28  -8.6991780968614166E-002
           3          29  -1.3293162375649560E-014
           3          30  -8.6991780968664931E-002
           3          31   3.0317432998132514E-015
           3          32  -7.7557953350142330E-015
           3          33  -8.6991780968647306E-002
           3          34   1.0850367509815606E-013
           3          35   2.0854076629064219E-014
           3          36   4.8582019926931502E-014
           3          37   5.1382083558139281E-014
           3          38  -1.4608067488476804E-014
           3          39   2.0669575688099706E-015
           3          40   8.8916840231437955E-016
           3          41   3.3670473192987443E-014
           3          42   1.9528994787918625E-014
           3          43   2.8507603427278161E-015
           4           1   1.2333260028732294     
           4           2   2.6290308240072640     
           4           3  -16.602469495417822     
           4           4   14.234123326221287     
           4           5 -0.80349233232540407     
           4           6  -1.1575993090200840E-002
           4           7   4.3836768777102555E-013
           4           8   4.2206135287360090E-013
           4           9   4.2250337593066398E-014
           4          10   1.1617213268044344E-013
           4          11   1.0388334704921704E-013
           4          12   1.0101220702798630E-015
           4          13  -2.4097080935259954E-014
           4          14  -2.9762414071960774E-014
           4          15   7.5028617137364415E-015
           4          16   1.0175974050275634     
           4          17   1.0790874547440513E-015
           4          18   1.0175974050275829     
           4          19   1.6965254164922949E-015
           4          20   2.0189938009646722E-015
           4          21   1.0175974050275638     
           4          22  -3.1983302099300213     
           4          23  -1.6015068495308984E-014
           4          24  -3.1983302099300492     
           4          25   5.8930237098175544E-015
           4          26   1.4921012733162816E-015
           4          27  -3.1983302099300857     
           4          28   7.3806548380925083E-002
           4          29   1.0825870407666310E-014
           4          30   7.3806548380970380E-002
           4          31  -2.5205839220260848E-015
           4          32   7.0717665615142619E-015
           4          33   7.3806548380955170E-002
           4          34  -1.0475597862128295E-013
           4          35  -4.2475150763207005E-014
           4          36  -4.6487635031927847E-014
           4          37  -9.9800820188135859E-014
           4          38   7.6637752117529855E-015
           4          39  -2.0608412904667110E-015
           4          40  -4.1310402669887248E-015
           4          41  -3.3210662711650506E-014
           4          42  -4.1777805315488420E-014
           4          43  -1.1035100334100407E-014
           5           1  -9.1975870588831804E-002
           5           2 -0.17508343817277894     
           5           3  0.93997948587679536     
           5           4 -0.80349233232540407     
           5           5   4.6340650445596418E-002
           5           6   1.1247171784828534E-003
           5           7   4.7281719912239541E-014
           5           8   1.9022385862965426E-013
           5           9   2.9210311231003556E-014
           5          10   5.5499212041042862E-015
           5          11   3.1373432492462062E-014
           5          12   5.8872372789338059E-015
           5          13  -3.6787881085285862E-016
           5          14  -3.9657040152928392E-015
           5          15  -1.2378553829692803E-015
           5          16  -5.9061939897221284E-002
           5          17  -5.5382337284713073E-016
           5          18  -5.9061939897221735E-002
           5          19  -2.3458789628762917E-016
           5          20  -2.9172604728840466E-016
           5          21  -5.9061939897221083E-002
           5          22  0.18002352019650336     
           5          23   1.1538837024026913E-015
           5          24  0.18002352019650444     
           5          25  -1.6665502491085718E-016
           5          26   1.6308163882460807E-017
           5          27  0.18002352019650666     
           5          28  -4.4847768627537411E-003
           5          29  -8.4553588512605631E-016
           5          30  -4.4847768627555712E-003
           5          31   1.7458523950024973E-016
           5          32  -2.2579747890294968E-016
           5          33  -4.4847768627547524E-003
           5          34  -8.2217000272227176E-015
           5          35  -1.6568833812762562E-014
           5          36  -3.5288334858664603E-015
           5          37  -3.7084785868586143E-014
           5          38  -3.7356788864106988E-015
           5          39  -2.2103033271713889E-018
           5          40  -2.4574445557181402E-015
           5          41  -4.0760737291702305E-015
           5          42  -1.6788312824759114E-014
           5          43  -5.8280312743965387E-015
           6           1  -1.1701067703554285E-002
           6           2  -1.4904464587079143E-002
           6           3   1.4840953641248728E-002
           6           4  -1.1575993090200840E-002
           6           5   1.1247171784828534E-003
           6           6   2.3492584550121744E-004
           6           7   8.2215928852991577E-014
           6           8   1.9563456575236093E-013
           6           9   2.8885673380661555E-014
           6          10   1.3961627049457276E-014
           6          11   3.3802068516471260E-014
           6          12   5.2139909846702324E-015
           6          13  -1.9660133559846116E-015
           6          14  -4.9306452123006945E-015
           6          15  -7.2818401501101940E-016
           6          16  -1.6028978660222542E-003
           6          17  -2.3674373702644176E-016
           6          18  -1.6028978660219597E-003
           6          19  -6.7808347535426277E-017
           6          20  -8.6701826261027265E-017
           6          21  -1.6028978660221518E-003
           6          22   2.3537444441690740E-003
           6          23   1.3258662678272318E-016
           6          24   2.3537444441688511E-003
           6          25   7.4639495223179186E-017
           6          26   4.6894139205639578E-017
           6          27   2.3537444441689591E-003
           6          28  -2.1244151205477595E-004
           6          29  -1.2098472631142407E-016
           6          30  -2.1244151205446484E-004
           6          31   1.7507184396839912E-017
           6          32   7.7219794688346091E-017
           6          33  -2.1244151205447172E-004
           6          34  -1.6237590411502552E-014
           6          35  -1.7354578498127732E-014
           6          36  -7.1813911567861155E-015
           6          37  -3.8949489892274326E-014
           6          38  -2.8132252052303228E-015
           6          39  -5.5048051934428018E-017
           6          40  -2.5105715468653884E-015
           6          41  -7.0954218199792720E-015
           6          42  -1.7441333729094442E-014
           6          43  -5.8202630405805147E-015
           7           1   2.7805669215280864E-014
           7           2   5.8040765218814117E-014
           7           3  -4.3991738545298912E-013
           7           4   4.3836768777102555E-013
           7           5   4.7281719912239541E-014
           7           6   8.2215928852991577E-014
           7           7   1.2241829094124705     
           7           8  -3.2432487399575161E-004
           7           9   2.2126951618191143E-003
           7          10  0.21025655237548338     
           7          11  -5.5703628432740571E-005
           7          12   3.8003606536783120E-004
           7          13  -2.9485323736705545E-002
           7          14   7.8115973152388662E-006
           7          15  -5.3294350603483916E-005
           7          16   1.8036889838148701E-014
           7          17  -3.9470779641267663E-015
           7          18   1.8413080185880388E-014
           7          19   7.1743012812537834E-016
           7          20   4.6351749293854478E-016
           7          21   1.8581402427560851E-014
           7          22  -1.2938986267746173E-013
           7          23  -7.7463800715810558E-016
           7          24  -1.2939538664925531E-013
           7          25   1.9343462153724787E-015
           7          26   1.4345642135889501E-015
           7          27  -1.3006705699463576E-013
           7          28  -3.9545510251001700E-014
           7          29   3.4109852125320162E-015
           7          30  -3.9970175259162958E-014
           7          31  -8.5594831426883502E-017
           7          32  -4.2281451695733522E-016
           7          33  -3.9637859686237223E-014
           7          34 -0.24325052449456563     
           7          35   2.8820580844642063E-005
           7          36 -0.10878494166646616     
           7          37   6.4444777923777785E-005
           7          38  -1.9662740939753974E-004
           7          39  -4.0156933139959712E-016
           7          40  -1.9662740939460892E-004
           7          41 -0.10878494166646202     
           7          42   2.8820580847917221E-005
           7          43  -4.3967225364953746E-004
           8           1  -2.4779122793116964E-014
           8           2  -4.7953632194893908E-014
           8           3  -1.6770495400139179E-013
           8           4   4.2206135287360090E-013
           8           5   1.9022385862965426E-013
           8           6   1.9563456575236093E-013
           8           7  -3.2432487399575161E-004
           8           8   1.1984396741449301     
           8           9  0.17566019849534306     
           8          10  -5.5703628384640158E-005
           8          11  0.20583508573615353     
           8          12   3.0170089323449181E-002
           8          13   7.8115972971387615E-006
           8          14  -2.8865279444237165E-002
           8          15  -4.2309019187099775E-003
           8          16  -3.3813346627060649E-014
           8          17  -4.9491547906032584E-017
           8          18  -3.2888100423460471E-014
           8          19   7.8630866648614501E-016
           8          20   7.2295322897164640E-016
           8          21  -3.2618626313742994E-014
           8          22  -1.8822518666244969E-013
           8          23   3.2104476608467434E-016
           8          24  -1.8647317792512156E-013
           8          25  -1.2618902851956168E-015
           8          26   1.0061768025577516E-015
           8          27  -1.8790762035467697E-013
           8          28  -1.0334155548604933E-013
           8          29   1.8653735476233475E-016
           8          30  -1.0415009776197178E-013
           8          31   3.1524669546474276E-016
           8          32  -3.7569614113398659E-016
           8          33  -1.0424700548265216E-013
           8          34   6.4444777901823125E-005
           8          35 -0.10649731264847444     
           8          36   2.8820580837425613E-005
           8          37 -0.23813523050304428     
           8          38  -1.5609746141289998E-002
           8          39  -3.4082696243000843E-016
           8          40  -1.5609746141287930E-002
           8          41   2.8820580837571330E-005
           8          42 -0.10649731264847523     
           8          43  -3.4904453483436529E-002
           9           1  -7.3526984529958729E-015
           9           2  -1.3083327290217049E-014
           9           3  -1.3223951803839974E-015
           9           4   4.2250337593066398E-014
           9           5   2.9210311231003556E-014
           9           6   2.8885673380661555E-014
           9           7   2.2126951618191143E-003
           9           8  0.17566019849534306     
           9           9   2.5751405952607193E-002
           9          10   3.8003606536590392E-004
           9          11   3.0170089323449761E-002
           9          12   4.4228699753812327E-003
           9          13  -5.3294350603279436E-005
           9          14  -4.2309019187101934E-003
           9          15  -6.2024108925992009E-004
           9          16  -6.5280103869685985E-015
           9          17  -1.4541770627013484E-017
           9          18  -6.3916982414764057E-015
           9          19   1.1657747142389679E-016
           9          20   1.0682237060897012E-016
           9          21  -6.3518894091471002E-015
           9          22  -2.3285393962226283E-014
           9          23   4.5626773834730863E-017
           9          24  -2.3028604208505353E-014
           9          25  -1.8138962285156648E-016
           9          26   1.5012861086112494E-016
           9          27  -2.3240097129774998E-014
           9          28  -1.5354684078291291E-014
           9          29   3.3639404251500170E-017
           9          30  -1.5473979893790421E-014
           9          31   4.6049117988993387E-017
           9          32  -5.5848156535826761E-017
           9          33  -1.5487570541917198E-014
           9          34  -4.3967225364801611E-004
           9          35  -1.5609746141289115E-002
           9          36  -1.9662740939539042E-004
           9          37  -3.4904453483438555E-002
           9          38  -2.2883550920737446E-003
           9          39  -5.0697995751668031E-017
           9          40  -2.2883550920734363E-003
           9          41  -1.9662740939536179E-004
           9          42  -1.5609746141289226E-002
           9          43  -5.1169175425342462E-003
          10           1   1.4291531307006253E-014
          10           2   2.4647970768053500E-014
          10           3  -1.2398796218086966E-013
          10           4   1.1617213268044344E-013
          10           5   5.5499212041042862E-015
          10           6   1.3961627049457276E-014
          10           7  0.21025655237548338     
          10           8  -5.5703628384640158E-005
          10           9   3.8003606536590392E-004
          10          10   3.6112101775739799E-002
          10          11  -9.5672409570844025E-006
          10          12   6.5272168291266672E-005
          10          13  -5.0641799251470252E-003
          10          14   1.3416618607682042E-006
          10          15  -9.1534413140433859E-006
          10          16   6.4534233987284927E-015
          10          17  -6.7792075703186306E-016
          10          18   6.5180350551588354E-015
          10          19   1.2322046333941003E-016
          10          20   7.9610317446615606E-017
          10          21   6.5469448315915937E-015
          10          22  -3.1270760845357240E-014
          10          23  -1.3304606319196705E-016
          10          24  -3.1271709601671133E-014
          10          25   3.3222892038245113E-016
          10          26   2.4639008059276777E-016
          10          27  -3.1387070705038031E-014
          10          28  -6.4949574398146798E-015
          10          29   5.8584545289482338E-016
          10          30  -6.5678947434186142E-015
          10          31  -1.4701131684345471E-017
          10          32  -7.2619476996661462E-017
          10          33  -6.5108186920158542E-015
          10          34  -4.1778901053521306E-002
          10          35   4.9500086299900450E-006
          10          36  -1.8684092556182395E-002
          10          37   1.1068555786579448E-005
          10          38  -3.3771261536585722E-005
          10          39  -6.8970561923868540E-017
          10          40  -3.3771261536082436E-005
          10          41  -1.8684092556181683E-002
          10          42   4.9500086305538302E-006
          10          43  -7.5514836481207267E-005
          11           1  -1.2297868501902651E-014
          11           2  -1.5280644561188753E-014
          11           3  -6.4073449034768851E-014
          11           4   1.0388334704921704E-013
          11           5   3.1373432492462062E-014
          11           6   3.3802068516471260E-014
          11           7  -5.5703628432740571E-005
          11           8  0.20583508573615353     
          11           9   3.0170089323449761E-002
          11          10  -9.5672409570844025E-006
          11          11   3.5352703547834971E-002
          11          12   5.1817901697808390E-003
          11          13   1.3416618588175076E-006
          11          14  -4.9576857286886405E-003
          11          15  -7.2666824869618396E-004
          11          16  -4.3431973807577756E-015
          11          17  -8.5003002039314826E-018
          11          18  -4.1842839738052042E-015
          11          19   1.3505052884420042E-016
          11          20   1.2416907006575880E-016
          11          21  -4.1380011047766604E-015
          11          22  -3.9630844483293296E-014
          11          23   5.5140261439919622E-017
          11          24  -3.9329932492111635E-014
          11          25  -2.1673289081335520E-016
          11          26   1.7281344475512294E-016
          11          27  -3.9576301655984440E-014
          11          28  -1.7739727366808549E-014
          11          29   3.2038268791138895E-017
          11          30  -1.7878596575059666E-014
          11          31   5.4144427949899110E-017
          11          32  -6.4526775180478568E-017
          11          33  -1.7895240724469241E-014
          11          34   1.1068555792366486E-005
          11          35  -1.8291186408952057E-002
          11          36   4.9500086330249438E-006
          11          37  -4.0900336199538312E-002
          11          38  -2.6810139088598367E-003
          11          39  -5.8537904365591804E-017
          11          40  -2.6810139088594815E-003
          11          41   4.9500086330500973E-006
          11          42  -1.8291186408952196E-002
          11          43  -5.9949293488325145E-003
          12           1  -1.3555800067369570E-014
          12           2  -1.7424583059184559E-014
          12           3   8.5294351168483462E-015
          12           4   1.0101220702798630E-015
          12           5   5.8872372789338059E-015
          12           6   5.2139909846702324E-015
          12           7   3.8003606536783120E-004
          12           8   3.0170089323449181E-002
          12           9   4.4228699753812327E-003
          12          10   6.5272168291266672E-005
          12          11   5.1817901697808390E-003
          12          12   7.5963925445974559E-004
          12          13  -9.1534413140546074E-006
          12          14  -7.2666824869620716E-004
          12          15  -1.0652799681050860E-004
          12          16  -2.4194570172811970E-015
          12          17  -2.4975863772359172E-018
          12          18  -2.3960450569130781E-015
          12          19   2.0022479514852959E-017
          12          20   1.8347015946723925E-017
          12          21  -2.3892077879273512E-015
          12          22  -2.8674526536631864E-015
          12          23   7.8365153515141994E-018
          12          24  -2.8233483552881219E-015
          12          25  -3.1154132641540462E-017
          12          26   2.5784973707718021E-017
          12          27  -2.8596728065902411E-015
          12          28  -2.8370252134810996E-015
          12          29   5.7776539006957370E-018
          12          30  -2.8575145755579295E-015
          12          31   7.9090540423929443E-018
          12          32  -9.5920640284666319E-018
          12          33  -2.8598488042076925E-015
          12          34  -7.5514836481328697E-005
          12          35  -2.6810139088596333E-003
          12          36  -3.3771261536387964E-005
          12          37  -5.9949293488327478E-003
          12          38  -3.9303085231037706E-004
          12          39  -8.7075107136412143E-018
          12          40  -3.9303085231032404E-004
          12          41  -3.3771261536382760E-005
          12          42  -2.6810139088596519E-003
          12          43  -8.7884370302060823E-004
          13           1  -1.9948713979578002E-015
          13           2  -4.0800229366272195E-015
          13           3   2.6406074937044900E-014
          13           4  -2.4097080935259954E-014
          13           5  -3.6787881085285862E-016
          13           6  -1.9660133559846116E-015
          13           7  -2.9485323736705545E-002
          13           8   7.8115972971387615E-006
          13           9  -5.3294350603279436E-005
          13          10  -5.0641799251470252E-003
          13          11   1.3416618588175076E-006
          13          12  -9.1534413140546074E-006
          13          13   7.1017517821383427E-004
          13          14  -1.8814792625141330E-007
          13          15   1.2836326735134537E-006
          13          16  -1.4133336988947488E-015
          13          17   9.5068204833985406E-017
          13          18  -1.4223945133402250E-015
          13          19  -1.7279819399208874E-017
          13          20  -1.1164151395874147E-017
          13          21  -1.4264486753039789E-015
          13          22   6.1549998317366553E-015
          13          23   1.8657712212953577E-017
          13          24   6.1551328805608325E-015
          13          25  -4.6590116510046685E-017
          13          26  -3.4552508398490459E-017
          13          27   6.1713105427595613E-015
          13          28   8.8011467405295292E-016
          13          29  -8.2156026259920099E-017
          13          30   8.9034303547587761E-016
          13          31   2.0616129300686402E-018
          13          32   1.0183791014565022E-017
          13          33   8.8233897646222128E-016
          13          34   5.8588634171407800E-003
          13          35  -6.9416436875241808E-007
          13          36   2.6201633743227191E-003
          13          37  -1.5521987161877526E-006
          13          38   4.7359122374687388E-006
          13          39   9.6720854767800638E-018
          13          40   4.7359122373981301E-006
          13          41   2.6201633743226193E-003
          13          42  -6.9416436883113115E-007
          13          43   1.0589821698379941E-005
          14           1   1.0027268085801411E-014
          14           2   1.0815448739228365E-014
          14           3   2.5503918628546440E-014
          14           4  -2.9762414071960774E-014
          14           5  -3.9657040152928392E-015
          14           6  -4.9306452123006945E-015
          14           7   7.8115973152388662E-006
          14           8  -2.8865279444237165E-002
          14           9  -4.2309019187101934E-003
          14          10   1.3416618607682042E-006
          14          11  -4.9576857286886405E-003
          14          12  -7.2666824869620716E-004
          14          13  -1.8814792625141330E-007
          14          14   6.9524096654124869E-004
          14          15   1.0190430842658557E-004
          14          16   2.1996650898507349E-016
          14          17   1.1920394421811274E-018
          14          18   1.9768129029761085E-016
          14          19  -1.8938808416576245E-017
          14          20  -1.7412847245864205E-017
          14          21   1.9119081301494085E-016
          14          22   9.1940925313763112E-015
          14          23  -7.7325935440952393E-018
          14          24   9.1518941438542613E-015
          14          25   3.0393532937780009E-017
          14          26  -2.4234490231556188E-017
          14          27   9.1864437189968556E-015
          14          28   2.5459920431909434E-015
          14          29  -4.4928860317152491E-018
          14          30   2.5654663640432763E-015
          14          31  -7.5929428529402662E-018
          14          32   9.0489111248496417E-018
          14          33   2.5678004560281693E-015
          14          34  -1.5521987192560448E-006
          14          35   2.5650641880258316E-003
          14          36  -6.9416437018703439E-007
          14          37   5.7356578910762361E-003
          14          38   3.7597193596199748E-004
          14          39   8.2090619369379544E-018
          14          40   3.7597193596194766E-004
          14          41  -6.9416437019072068E-007
          14          42   2.5650641880258507E-003
          14          43   8.4069880644315332E-004
          15           1   2.1261225897737277E-015
          15           2   3.3336978525009724E-015
          15           3  -1.0057853425800852E-014
          15           4   7.5028617137364415E-015
          15           5  -1.2378553829692803E-015
          15           6  -7.2818401501101940E-016
          15           7  -5.3294350603483916E-005
          15           8  -4.2309019187099775E-003
          15           9  -6.2024108925992009E-004
          15          10  -9.1534413140433859E-006
          15          11  -7.2666824869618396E-004
          15          12  -1.0652799681050860E-004
          15          13   1.2836326735134537E-006
          15          14   1.0190430842658557E-004
          15          15   1.4938951664011314E-005
          15          16   8.5411047320016947E-016
          15          17   3.5024897944536065E-019
          15          18   8.5082729737063870E-016
          15          19  -2.8078520447380432E-018
          15          20  -2.5728934422257811E-018
          15          21   8.4986847308076376E-016
          15          22  -1.3256722252727602E-015
          15          23  -1.0989535854991661E-018
          15          24  -1.3318571907403347E-015
          15          25   4.3688992152431983E-018
          15          26  -3.6159553113750360E-018
          15          27  -1.3267632319832994E-015
          15          28   4.3125894286312241E-016
          15          29  -8.1022918798770501E-019
          15          30   4.3413226817534772E-016
          15          31  -1.1091260474709629E-018
          15          32   1.3451429217712768E-018
          15          33   4.3445960868690023E-016
          15          34   1.0589821698383953E-005
          15          35   3.7597193596195704E-004
          15          36   4.7359122374351556E-006
          15          37   8.4069880644315918E-004
          15          38   5.5116674310266314E-005
          15          39   1.2210976040032722E-018
          15          40   5.5116674310258881E-005
          15          41   4.7359122374344509E-006
          15          42   3.7597193596195964E-004
          15          43   1.2324463045146130E-004
          16           1  0.12495140215888928     
          16           2  0.23184144991845132     
          16           3  -1.1915136831402904     
          16           4   1.0175974050275634     
          16           5  -5.9061939897221284E-002
          16           6  -1.6028978660222542E-003
          16           7   1.8036889838148701E-014
          16           8  -3.3813346627060649E-014
          16           9  -6.5280103869685985E-015
          16          10   6.4534233987284927E-015
          16          11  -4.3431973807577756E-015
          16          12  -2.4194570172811970E-015
          16          13  -1.4133336988947488E-015
          16          14   2.1996650898507349E-016
          16          15   8.5411047320016947E-016
          16          16   7.5413691814662343E-002
          16          17   8.8807411885824799E-016
          16          18   7.5413691814662676E-002
          16          19   3.4967252788865911E-016
          16          20   4.3678171836264440E-016
          16          21   7.5413691814661996E-002
          16          22 -0.22779830680506777     
          16          23  -1.5559835475996217E-015
          16          24 -0.22779830680506893     
          16          25   1.4819739038892770E-016
          16          26  -5.8728164756780136E-017
          16          27 -0.22779830680507179     
          16          28   5.8004567767438340E-003
          16          29   1.1596286430143613E-015
          16          30   5.8004567767458767E-003
          16          31  -2.3334020143425801E-016
          16          32   2.2029857035308700E-016
          16          33   5.8004567767448549E-003
          16          34  -5.1371169683405639E-015
          16          35   2.5597201947279819E-015
          16          36  -2.5486235429129045E-015
          16          37   5.8856359535630006E-015
          16          38   2.2114375250955468E-015
          16          39   4.7693093592833019E-017
          16          40   3.6065326354314515E-016
          16          41  -1.9321466790985271E-015
          16          42   2.9058962877953093E-015
          16          43   1.3927560596775855E-015
          17           1   1.1282766599433722E-014
          17           2   1.3551875006046085E-014
          17           3  -2.6589954457651730E-015
          17           4   1.0790874547440513E-015
          17           5  -5.5382337284713073E-016
          17           6  -2.3674373702644176E-016
          17           7  -3.9470779641267663E-015
          17           8  -4.9491547906032584E-017
          17           9  -1.4541770627013484E-017
          17          10  -6.7792075703186306E-016
          17          11  -8.5003002039314826E-018
          17          12  -2.4975863772359172E-018
          17          13   9.5068204833985406E-017
          17          14   1.1920394421811274E-018
          17          15   3.5024897944536065E-019
          17          16   8.8807411885824799E-016
          17          17   2.5950649238228724E-028
          17          18   8.8807411885792357E-016
          17          19   6.7261037644823582E-029
          17          20   8.7593536433042119E-029
          17          21   8.8807411885813883E-016
          17          22   1.6209090776644855E-017
          17          23  -1.2378207755527862E-028
          17          24   1.6209090776899700E-017
          17          25  -8.8816113211670852E-029
          17          26  -5.4871234681656872E-029
          17          27   1.6209090776817122E-017
          17          28   1.6501152833639630E-016
          17          29   1.0714630405943458E-028
          17          30   1.6501152833603722E-016
          17          31  -1.6095437577501716E-029
          17          32  -8.4865421566929938E-029
          17          33   1.6501152833605511E-016
          17          34   7.8430173923557586E-016
          17          35   4.3979826139344126E-018
          17          36   3.5075040076033087E-016
          17          37   9.8341880887603589E-018
          17          38   1.2922298273696180E-018
          17          39   6.0481486781304122E-029
          17          40   1.2922298270526704E-018
          17          41   3.5075040076021727E-016
          17          42   4.3979826140140744E-018
          17          43   2.8895137360712854E-018
          18           1  0.12495140215887626     
          18           2  0.23184144991843739     
          18           3  -1.1915136831403115     
          18           4   1.0175974050275829     
          18           5  -5.9061939897221735E-002
          18           6  -1.6028978660219597E-003
          18           7   1.8413080185880388E-014
          18           8  -3.2888100423460471E-014
          18           9  -6.3916982414764057E-015
          18          10   6.5180350551588354E-015
          18          11  -4.1842839738052042E-015
          18          12  -2.3960450569130781E-015
          18          13  -1.4223945133402250E-015
          18          14   1.9768129029761085E-016
          18          15   8.5082729737063870E-016
          18          16   7.5413691814662676E-002
          18          17   8.8807411885792357E-016
          18          18   7.5413691814662995E-002
          18          19   3.4967252788857085E-016
          18          20   4.3678171836253081E-016
          18          21   7.5413691814662343E-002
          18          22 -0.22779830680507251     
          18          23  -1.5559835475994795E-015
          18          24 -0.22779830680507371     
          18          25   1.4819739038904470E-016
          18          26  -5.8728164756710642E-017
          18          27 -0.22779830680507657     
          18          28   5.8004567767437265E-003
          18          29   1.1596286430142232E-015
          18          30   5.8004567767457674E-003
          18          31  -2.3334020143424007E-016
          18          32   2.2029857035321046E-016
          18          33   5.8004567767447474E-003
          18          34  -5.2118676438252674E-015
          18          35   2.4774997573147354E-015
          18          36  -2.5820530612623578E-015
          18          37   5.7017854663669996E-015
          18          38   2.1993243770666334E-015
          18          39   4.7693093592751723E-017
          18          40   3.4854011551462152E-016
          18          41  -1.9655761974478273E-015
          18          42   2.8236758503819465E-015
          18          43   1.3656702372639982E-015
          19           1   3.2983085823525485E-015
          19           2   4.0739241017565240E-015
          19           3  -2.3731962670083001E-015
          19           4   1.6965254164922949E-015
          19           5  -2.3458789628762917E-016
          19           6  -6.7808347535426277E-017
          19           7   7.1743012812537834E-016
          19           8   7.8630866648614501E-016
          19           9   1.1657747142389679E-016
          19          10   1.2322046333941003E-016
