           1           1   2.1849850677672507     
           1           2   8.5110114457069952E-002
           1           3 -0.60096827253754992     
           1           4  0.16366663638371282     
           1           5   9.1366192043016631E-002
           1           6   1.1400587282272020E-002
           1           7  -7.3486549402293667E-012
           1           8  -1.9473494382682883E-012
           1           9  -2.6231433598665531E-011
           1          10  -1.6457479262828345E-011
           1          11   1.6511118665673364E-012
           1          12  -1.7020139263663487E-011
           1          13   3.1769762362676605E-011
           1          14  -5.8817720528743010E-012
           1          15   5.5284668185938797E-011
           1          16   3.3540554580014203E-011
           1          17   1.3731328292659413E-011
           1          18   6.0368907245157311E-011
           1          19  -2.9826558920155001E-011
           1          20   9.5803920988495551E-013
           1          21  -4.1043222934430020E-012
           1          22  -1.0972852750116134E-011
           1          23   1.1359065296232774E-013
           1          24  -9.9528033882065884E-012
           1          25  -1.6047313905937423E-002
           1          26   3.8694098938572786E-004
           1          27  -1.6354011571500324E-002
           1          28   2.5885411980994396E-004
           1          29  -4.0312769707334293E-004
           1          30  -1.6065692872434950E-002
           1          31  -6.2381203622505210E-003
           1          32   6.0088346202838774E-005
           1          33  -6.2857476925719811E-003
           1          34   4.0197642103841297E-005
           1          35  -6.2602012282565083E-005
           1          36  -6.2409744521499146E-003
           1          37  -2.9010868422703904E-003
           1          38   4.4627441657736823E-004
           1          39  -3.2548134175232352E-003
           1          40   2.9854673001931644E-004
           1          41  -4.6494312798790559E-004
           1          42  -2.9222840440456897E-003
           1          43   4.5255645373818894E-012
           1          44   5.6617216123758352E-012
           1          45   9.0472256448683507E-012
           1          46  -5.0355029068824930E-012
           1          47  -1.2235784858483909E-011
           1          48  -2.2332490548109526E-012
           1          49   1.4249790630919683E-011
           1          50  -7.5569531959736756E-012
           1          51  -6.8802554541982972E-012
           1          52   1.3950918233901779E-011
           2           1   8.5110114457069952E-002
           2           2  0.11602104867626459     
           2           3 -0.45326738070776895     
           2           4  0.11193582227419979     
           2           5   5.8516739333374611E-002
           2           6   1.2031128346950554E-003
           2           7  -8.0350119011399179E-012
           2           8   1.7901542688090899E-012
           2           9  -3.3985242522066788E-011
           2          10  -1.3011856474047671E-011
           2          11   1.3298919338200637E-012
           2          12  -1.9991355132437442E-011
           2          13   2.6788271079253708E-011
           2          14  -3.1598604047564715E-012
           2          15   4.7307609429117461E-011
           2          16   2.6694359770102219E-011
           2          17   1.5149082493952021E-011
           2          18   5.3457204707168516E-011
           2          19  -2.6780124092832778E-011
           2          20   9.4910958737908375E-013
           2          21  -2.2596733985172135E-012
           2          22  -9.5651040314581133E-012
           2          23   5.5768733462343166E-014
           2          24  -8.5261300907488902E-012
           2          25  -2.5677070249502555E-004
           2          26   3.3245162216421077E-004
           2          27  -5.2027893395370701E-004
           2          28   2.2240205802258447E-004
           2          29  -3.4635890247148909E-004
           2          30  -2.7256152603027245E-004
           2          31   4.7348818107460257E-003
           2          32   1.0391622867219523E-004
           2          33   4.6525155773357038E-003
           2          34   6.9517431865878730E-005
           2          35  -1.0826331606923864E-004
           2          36   4.7299459833600593E-003
           2          37   8.8765124742238547E-004
           2          38   3.8569225703388802E-004
           2          39   5.8194337864423838E-004
           2          40   2.5801873866408481E-004
           2          41  -4.0182667336068707E-004
           2          42   8.6933158488580698E-004
           2          43   4.3065106970580881E-012
           2          44   4.5516661741062067E-012
           2          45   8.1493225086178121E-012
           2          46  -4.9646006931105577E-012
           2          47  -1.1221241219629683E-011
           2          48  -2.0682730730566460E-012
           2          49   1.2424415631319167E-011
           2          50  -6.6243146803116102E-012
           2          51  -6.4059229958676164E-012
           2          52   1.2049193887048091E-011
           3           1 -0.60096827253754992     
           3           2 -0.45326738070776895     
           3           3   1.8979945672401815     
           3           4 -0.75111261856925615     
           3           5 -0.39607190238126910     
           3           6  -1.1973875241475593E-002
           3           7   6.1251740350798862E-011
           3           8   8.0756893576008535E-012
           3           9   1.6465404361737089E-010
           3          10   7.3664428291969027E-011
           3          11   5.4814259074845782E-013
           3          12   1.0169308534222026E-010
           3          13  -1.8637319967530755E-010
           3          14   3.0116142345544986E-011
           3          15  -3.3440798687644382E-010
           3          16  -2.0728204149124387E-010
           3          17  -8.5550199164120954E-011
           3          18  -3.9255379655934123E-010
           3          19   1.5947353161809765E-010
           3          20   8.9501956454570339E-013
           3          21  -3.7791913755350257E-012
           3          22   6.2671709135690746E-011
           3          23  -7.0239966099953650E-013
           3          24   5.6240231587802520E-011
           3          25   1.0347258435547159E-003
           3          26  -1.3107329591593928E-003
           3          27   2.0736407383818681E-003
           3          28  -8.7684849342330694E-004
           3          29   1.3655642598633388E-003
           3          30   1.0969832190980641E-003
           3          31  -2.7129639327417791E-002
           3          32  -1.1481516311868199E-003
           3          33  -2.6219589804961228E-002
           3          34  -7.6808554350524597E-004
           3          35   1.1961817312812675E-003
           3          36  -2.7075104292096724E-002
           3          37  -4.2491452239599818E-003
           3          38  -2.3876011013104909E-003
           3          39  -2.3566819138840602E-003
           3          40  -1.5972470565944429E-003
           3          41   2.4874800731266660E-003
           3          42  -4.1357386152505232E-003
           3          43  -2.8247506162205686E-011
           3          44  -3.2229786894279611E-011
           3          45  -5.5788512243665206E-011
           3          46   3.6562573186008007E-011
           3          47   7.8180107728530871E-011
           3          48   1.4152575210244711E-011
           3          49  -8.4730133897287239E-011
           3          50   4.7656391316538754E-011
           3          51   4.4379879985220080E-011
           3          52  -7.9678865768791704E-011
           4           1  0.16366663638371282     
           4           2  0.11193582227419979     
           4           3 -0.75111261856925615     
           4           4   1.0991930714864180     
           4           5  0.58324143571691800     
           4           6   2.0823284705148985E-002
           4           7   1.2097491711486712E-010
           4           8   3.8777226367864107E-011
           4           9  -1.3010682679885365E-010
           4          10   3.1346204521908412E-011
           4          11   2.5153988730486004E-011
           4          12  -9.0185546622662405E-011
           4          13  -1.3463490271322540E-012
           4          14  -1.0165196038138775E-010
           4          15   3.4843087880297204E-010
           4          16  -2.9152850209719445E-010
           4          17  -5.4592409653979697E-013
           4          18   2.6820057843121067E-010
           4          19  -5.7337075567325234E-010
           4          20  -5.4433022388702341E-011
           4          21  -2.0938636501313271E-010
           4          22  -1.0601410648385230E-010
           4          23   3.3569872226875651E-012
           4          24  -9.8876954016414234E-011
           4          25   5.5593264054887188E-003
           4          26   1.7760913036841269E-004
           4          27   5.4185494352695911E-003
           4          28   1.1881615095499232E-004
           4          29  -1.8503921917116875E-004
           4          30   5.5508901729737214E-003
           4          31   3.6327016201890792E-002
           4          32   2.3509687266017893E-003
           4          33   3.4463588217449936E-002
           4          34   1.5727409504788965E-003
           4          35  -2.4493156617035033E-003
           4          36   3.6215349643877202E-002
           4          37   4.7449897440842610E-003
           4          38   3.1602607799042213E-003
           4          39   2.2400999617148061E-003
           4          40   2.1141375739813124E-003
           4          41  -3.2924619031349388E-003
           4          42   4.5948832151903232E-003
           4          43   5.0225889690466142E-011
           4          44   6.1182910490496107E-011
           4          45   1.0185804374574854E-010
           4          46  -8.2421401866416981E-011
           4          47  -1.0940693518667923E-010
           4          48  -3.1679137878369153E-011
           4          49   1.2281915481197268E-010
           4          50  -8.5449358507489423E-011
           4          51  -5.0502094498505734E-011
           4          52   1.2546730979073739E-010
           5           1   9.1366192043016631E-002
           5           2   5.8516739333374611E-002
           5           3 -0.39607190238126910     
           5           4  0.58324143571691800     
           5           5  0.31177157558606422     
           5           6   1.1710213060054252E-002
           5           7  -1.3304308910721131E-009
           5           8   2.8672524757630956E-010
           5           9  -1.7806519721916447E-009
           5          10  -6.9824547566840634E-010
           5          11   1.4982500880615306E-010
           5          12  -9.2542865757250460E-010
           5          13   1.7156912524100626E-009
           5          14  -3.8501870518548062E-010
           5          15   2.2782221582689162E-009
           5          16   3.6845130776531308E-009
           5          17  -8.0147876855156974E-010
           5          18   4.9024618420378380E-009
           5          19   1.9486949086863391E-009
           5          20  -5.1479506091272695E-010
           5          21   2.7167153086233176E-009
           5          22   4.7989790585625665E-011
           5          23  -2.1911901353331576E-011
           5          24   8.2207799997642189E-011
           5          25   3.0179978119086225E-003
           5          26   9.9595310324412326E-004
           5          27   2.2285842007412110E-003
           5          28   6.6626845563814117E-004
           5          29  -1.0376163038876259E-003
           5          30   2.9706919301448233E-003
           5          31   1.9029102574697060E-002
           5          32   2.4339032717680623E-003
           5          33   1.7099939154458850E-002
           5          34   1.6282221912380648E-003
           5          35  -2.5357193731068324E-003
           5          36   1.8913496871446240E-002
           5          37   2.3750563558920363E-003
           5          38   1.8027522747745110E-003
           5          39   9.4615667044855157E-004
           5          40   1.2059974157621195E-003
           5          41  -1.8781656341526661E-003
           5          42   2.2894289740577854E-003
           5          43  -2.8009886947409034E-011
           5          44  -1.1957771530323730E-012
           5          45   5.7537927128877720E-011
           5          46  -2.7897847738030673E-011
           5          47  -1.1701645931078357E-010
           5          48  -2.0439109964920530E-011
           5          49   3.5688619831379891E-011
           5          50  -9.7235196195148254E-011
           5          51   3.1252621450358933E-011
           5          52   1.4483608182146328E-012
           6           1   1.1400587282272020E-002
           6           2   1.2031128346950554E-003
           6           3  -1.1973875241475593E-002
           6           4   2.0823284705148985E-002
           6           5   1.1710213060054252E-002
           6           6   6.1526776693707609E-004
           6           7   1.7021372693562919E-009
           6           8  -9.1475971687013380E-010
           6           9   2.9664354127431381E-009
           6          10   8.7407865559948162E-010
           6          11  -4.7310203441190686E-010
           6          12   1.5284562762483886E-009
           6          13  -2.1518847104258767E-009
           6          14   1.1211559668010259E-009
           6          15  -3.7143369884497596E-009
           6          16  -4.8468362614964227E-009
           6          17   2.5576205527098266E-009
           6          18  -8.4113423729401014E-009
           6          19  -2.8667613299070882E-009
           6          20   1.3644903485793194E-009
           6          21  -4.7606970871573698E-009
           6          22  -1.3845874926141169E-010
           6          23   3.6904273613048873E-011
           6          24  -1.8771990354503866E-010
           6          25   7.1694847192344579E-005
           6          26   2.5196883525186695E-004
           6          27  -1.2802098530359044E-004
           6          28   1.6856104188068795E-004
           6          29  -2.6250928688956117E-004
           6          30   5.9726823229863066E-005
           6          31   5.6957155962143844E-004
           6          32   3.7377564953156419E-004
           6          33   2.7330907374324470E-004
           6          34   2.5004683949978075E-004
           6          35  -3.8941157115351033E-004
           6          36   5.5181794933505893E-004
           6          37   3.4011114318943685E-005
           6          38   9.4141284172366118E-005
           6          39  -4.0607255589675807E-005
           6          40   6.2978229826700659E-005
           6          41  -9.8079435503673672E-005
           6          42   2.9539580435392759E-005
           6          43   7.2562943953176614E-011
           6          44   2.0280649447506643E-013
           6          45  -1.0910719489688696E-010
           6          46   1.1721756858505784E-010
           6          47   5.1659486065340205E-011
           6          48   6.3367803221669180E-011
           6          49   9.1502098922670966E-011
           6          50   1.7565493427807072E-010
           6          51  -2.3327701194939852E-010
           6          52   9.4474497858862718E-011
           7           1  -7.3486549402293667E-012
           7           2  -8.0350119011399179E-012
           7           3   6.1251740350798862E-011
           7           4   1.2097491711486712E-010
           7           5  -1.3304308910721131E-009
           7           6   1.7021372693562919E-009
           7           7   1.0801728773929278     
           7           8   1.5738257377317155E-002
           7           9   1.0528511535829614E-002
           7          10  0.53452790884404289     
           7          11   6.6667235139737597E-003
           7          12   4.4598759244230879E-003
           7          13  -1.1936953864061413E-002
           7          14  -1.7951444444347497E-002
           7          15  -1.2009080244629973E-002
           7          16 -0.19594195513622598     
           7          17  -3.7658415407661419E-002
           7          18  -2.5192564511712093E-002
           7          19 -0.12253082171645505     
           7          20  -2.6057577671679315E-002
           7          21  -1.7431886639190687E-002
           7          22  -4.7144224520048825E-003
           7          23  -1.9577117520809531E-003
           7          24  -1.3096613275276731E-003
           7          25   3.2799702452931509E-011
           7          26  -6.9501384131266471E-011
           7          27  -1.7913753938374656E-010
           7          28   2.2336260490361988E-010
           7          29   5.1165078769076924E-011
           7          30   1.5399238945461420E-010
           7          31   9.9941208696363335E-011
           7          32  -1.0609035225645046E-010
           7          33  -9.5985545351979584E-011
           7          34   2.9212422148358602E-010
           7          35   2.4636668504979266E-011
           7          36   3.5010169425101294E-010
           7          37  -2.8621614377197372E-010
           7          38  -1.3335392757635746E-010
           7          39  -8.2965437946301181E-010
           7          40   3.3079220634561612E-010
           7          41  -1.7083767436860695E-010
           7          42  -1.3190477943147491E-010
           7          43  -8.5668582881146989E-003
           7          44   2.0750122695115101E-003
           7          45  -5.0837628863487777E-003
           7          46  -1.2558119019598108E-004
           7          47   1.3881327920264733E-003
           7          48  -1.5221150535208174E-003
           7          49   2.0128715127212728E-004
           7          50  -3.9951394648111670E-003
           7          51   4.9984879503760498E-006
           7          52  -2.3154914872614170E-004
           8           1  -1.9473494382682883E-012
           8           2   1.7901542688090899E-012
           8           3   8.0756893576008535E-012
           8           4   3.8777226367864107E-011
           8           5   2.8672524757630956E-010
           8           6  -9.1475971687013380E-010
           8           7   1.5738257377317155E-002
           8           8   1.0657685947459885     
           8           9  -1.6396625372275212E-002
           8          10   6.6667234993048868E-003
           8          11  0.52842625713303160     
           8          12  -6.9456079308814478E-003
           8          13  -1.7951444474861175E-002
           8          14   4.4929285188647951E-003
           8          15   1.8702396749465479E-002
           8          16  -3.7658415236296386E-002
           8          17 -0.16147546296241042     
           8          18   3.9233757774672438E-002
           8          19  -2.6057577878407422E-002
           8          20  -9.8681882088709413E-002
           8          21   2.7147628198658656E-002
           8          22  -1.9577120149530444E-003
           8          23  -2.9226465130687742E-003
           8          24   2.0396070539583423E-003
           8          25  -1.3065246100230794E-010
           8          26   3.7864287269017248E-011
           8          27   4.6474904536706559E-011
           8          28   8.7410290896050996E-011
           8          29  -1.0780630241582169E-010
           8          30   1.0215805179228403E-010
           8          31  -1.5774773264354986E-010
           8          32  -6.0063931771132326E-011
           8          33   4.0151511077664826E-011
           8          34   1.7260552520170309E-010
           8          35  -1.9859887132430166E-010
           8          36   1.8606459006752940E-010
           8          37   1.8074175096714854E-010
           8          38  -4.0593028319977832E-011
           8          39   1.3776767977795095E-010
           8          40   1.0820920279970751E-010
           8          41  -2.8649674212269775E-010
           8          42   4.0170754368814777E-010
           8          43  -3.6018334573024459E-004
           8          44  -3.9130568474056117E-003
           8          45   2.3897639706873053E-003
           8          46  -1.0740045433423249E-002
           8          47   1.4442911275243451E-005
           8          48   1.2205073250582841E-003
           8          49  -2.4897335892720262E-003
           8          50   4.9985183330753902E-006
           8          51  -3.9997142496471013E-003
           8          52   3.6060384772873088E-004
           9           1  -2.6231433598665531E-011
           9           2  -3.3985242522066788E-011
           9           3   1.6465404361737089E-010
           9           4  -1.3010682679885365E-010
           9           5  -1.7806519721916447E-009
           9           6   2.9664354127431381E-009
           9           7   1.0528511535829614E-002
           9           8  -1.6396625372275212E-002
           9           9   1.0793096979546601     
           9          10   4.4598759472127564E-003
           9          11  -6.9456079326379030E-003
           9          12  0.53416226631538977     
           9          13  -1.2009080211139016E-002
           9          14   1.8702396805838135E-002
           9          15  -1.0952388026135662E-002
           9          16  -2.5192564718454512E-002
           9          17   3.9233757627747515E-002
           9          18 -0.19387654030617324     
           9          19  -1.7431886696615349E-002
           9          20   2.7147628241425050E-002
           9          21 -0.12110166715271853     
           9          22  -1.3096611115983644E-003
           9          23   2.0396073057065631E-003
           9          24  -4.6070492504167847E-003
           9          25   1.4876586469208737E-010
           9          26  -7.2130223085518656E-011
           9          27  -1.1273284379941045E-010
           9          28   1.3431566709966593E-010
           9          29   1.3653237189868988E-010
           9          30  -2.7240884588089505E-011
           9          31   3.3609153404765831E-010
           9          32  -8.2875864714343425E-011
           9          33  -4.2604494720738265E-011
           9          34   1.8611739065720459E-011
           9          35   1.7698599954668713E-010
           9          36  -2.5293783172504268E-011
           9          37  -5.6428295856827670E-010
           9          38  -6.0156426100580620E-011
           9          39  -1.0124525488756901E-009
           9          40   1.3103600415218566E-010
           9          41   2.3431702719987030E-010
           9          42  -6.4971300339076341E-010
           9          43  -2.4095385248669091E-004
           9          44   1.4442952794890276E-005
           9          45   2.0128717829129392E-004
           9          46   1.3083454669509135E-004
           9          47  -3.9249845384639690E-003
           9          48   1.4827774404157009E-003
           9          49  -5.1002653392539735E-003
           9          50   1.4007507245853376E-003
           9          51  -2.1814656638771677E-003
           9          52  -8.6849913250483662E-003
          10           1  -1.6457479262828345E-011
          10           2  -1.3011856474047671E-011
          10           3   7.3664428291969027E-011
          10           4   3.1346204521908412E-011
          10           5  -6.9824547566840634E-010
          10           6   8.7407865559948162E-010
          10           7  0.53452790884404289     
          10           8   6.6667234993048868E-003
          10           9   4.4598759472127564E-003
          10          10  0.26455349026087066     
          10          11   2.7387641214386381E-003
          10          12   1.8321666087450319E-003
          10          13  -7.9524853465829989E-003
          10          14  -9.1570688279995361E-003
          10          15  -6.1258565938233410E-003
          10          16 -0.10134681840828208     
          10          17  -1.8995924200200943E-002
          10          18  -1.2707811536423754E-002
          10          19  -6.3094007321477241E-002
          10          20  -1.3211552012465825E-002
          10          21  -8.8382074503551376E-003
          10          22  -2.4306762674075515E-003
          10          23  -1.0046734029609445E-003
          10          24  -6.7210195907113201E-004
          10          25   1.5866184406956363E-011
          10          26  -3.5536882464034492E-011
          10          27  -9.2027007797894259E-011
          10          28   1.1391840348876575E-010
          10          29   2.6028397812216952E-011
          10          30   7.9748391880845019E-011
          10          31   5.0134216413609050E-011
          10          32  -5.4615240939319956E-011
          10          33  -5.1144428936749578E-011
          10          34   1.5048144196216098E-010
          10          35   1.2354348104689737E-011
          10          36   1.7883562608221174E-010
          10          37  -1.4748263313818916E-010
          10          38  -6.8538856450122236E-011
          10          39  -4.2622109485982382E-010
          10          40   1.6963306365746128E-010
          10          41  -8.7722441213059588E-011
          10          42  -6.7858810825759371E-011
          10          43  -4.1378123659295499E-003
          10          44   1.0775379398989969E-003
          10          45  -2.5084897586625157E-003
          10          46  -6.4611950724410231E-005
          10          47   7.2084670125687020E-004
          10          48  -7.9692161820583355E-004
          10          49   1.1133006075646722E-004
          10          50  -1.9385278915959253E-003
          10          51   4.5605317254035862E-006
          10          52  -1.2393044647912560E-004
          11           1   1.6511118665673364E-012
          11           2   1.3298919338200637E-012
          11           3   5.4814259074845782E-013
          11           4   2.5153988730486004E-011
          11           5   1.4982500880615306E-010
          11           6  -4.7310203441190686E-010
          11           7   6.6667235139737597E-003
          11           8  0.52842625713303160     
          11           9  -6.9456079326379030E-003
          11          10   2.7387641214386381E-003
          11          11  0.26204686408627831     
          11          12  -2.8533328501972686E-003
          11          13  -9.1570688498544637E-003
          11          14   4.2843154037650044E-004
          11          15   9.5401311530239792E-003
          11          16  -1.8995924126652252E-002
          11          17  -8.3960986712881019E-002
          11          18   1.9790569541960130E-002
          11          19  -1.3211552133687438E-002
          11          20  -5.1002265336879994E-002
          11          21   1.3764222692389153E-002
          11          22  -1.0046735405688371E-003
          11          23  -1.5111590675562282E-003
          11          24   1.0467010565614172E-003
          11          25  -6.7679800578651839E-011
          11          26   1.8242074091908560E-011
          11          27   2.4841801682783423E-011
          11          28   4.4743744776561032E-011
          11          29  -5.5991445827403621E-011
          11          30   5.2034420430044957E-011
          11          31  -8.1287650305648443E-011
          11          32  -3.1254409548596006E-011
          11          33   2.1498259213983921E-011
          11          34   8.8563496271833978E-011
          11          35  -1.0242670387765900E-010
          11          36   9.5946678545104370E-011
          11          37   9.3473845769678678E-011
          11          38  -2.1085098966071791E-011
          11          39   7.1496431001376894E-011
          11          40   5.5385688420457386E-011
          11          41  -1.4754441011337008E-010
          11          42   2.0694951366977571E-010
          11          43  -1.9294430456028358E-004
          11          44  -1.8969263586385268E-003
          11          45   1.2497137984105607E-003
          11          46  -5.2695839115115394E-003
          11          47   5.9979335785178135E-006
          11          48   6.4471502792192424E-004
          11          49  -1.3019923544671222E-003
          11          50   4.5605470348213822E-006
          11          51  -1.9427018560530375E-003
          11          52   1.9300350395924859E-004
          12           1  -1.7020139263663487E-011
          12           2  -1.9991355132437442E-011
          12           3   1.0169308534222026E-010
          12           4  -9.0185546622662405E-011
          12           5  -9.2542865757250460E-010
          12           6   1.5284562762483886E-009
          12           7   4.4598759244230879E-003
          12           8  -6.9456079308814478E-003
          12           9  0.53416226631538977     
          12          10   1.8321666087450319E-003
          12          11  -2.8533328501972686E-003
          12          12  0.26440328033562432     
          12          13  -6.1258565810018263E-003
          12          14   9.5401311814033354E-003
          12          15  -7.4502562815829650E-003
          12          16  -1.2707811644079034E-002
          12          17   1.9790569465383247E-002
          12          18 -0.10030496725771129     
          12          19  -8.8382074863524052E-003
          12          20   1.3764222713429034E-002
          12          21  -6.2369406212109381E-002
          12          22  -6.7210184788719061E-004
          12          23   1.0467011854803220E-003
          12          24  -2.3755736722557872E-003
          12          25   7.6671836053710652E-011
          12          26  -3.6562793749204834E-011
          12          27  -5.8080491528703591E-011
          12          28   6.8306359508100673E-011
          12          29   6.9773118024645276E-011
          12          30  -1.4522465834011066E-011
          12          31   1.7165484857707261E-010
          12          32  -4.2241201801926494E-011
          12          33  -2.3510126095708092E-011
          12          34   9.9661961572269174E-012
          12          35   9.0522376050468244E-011
          12          36  -1.4258446026833292E-011
          12          37  -2.9124364308169012E-010
          12          38  -3.0848683469048609E-011
          12          39  -5.2129155952501623E-010
          12          40   6.7030275785037154E-011
          12          41   1.2059902807091247E-010
          12          42  -3.3430739571936593E-010
          12          43  -1.2907502556273816E-004
          12          44   5.9979550882378169E-006
          12          45   1.1133007439561888E-004
          12          46   6.7314820607766593E-005
          12          47  -1.9018797631557283E-003
          12          48   7.7683686867671263E-004
          12          49  -2.5176171160200987E-003
          12          50   7.2774897760912490E-004
          12          51  -1.1333632590263313E-003
          12          52  -4.1990174221388241E-003
          13           1   3.1769762362676605E-011
          13           2   2.6788271079253708E-011
          13           3  -1.8637319967530755E-010
          13           4  -1.3463490271322540E-012
          13           5   1.7156912524100626E-009
          13           6  -2.1518847104258767E-009
          13           7  -1.1936953864061413E-002
          13           8  -1.7951444474861175E-002
          13           9  -1.2009080211139016E-002
          13          10  -7.9524853465829989E-003
          13          11  -9.1570688498544637E-003
          13          12  -6.1258565810018263E-003
          13          13  0.12565974718475550     
          13          14   2.1874131971986416E-002
          13          15   1.4633262940155069E-002
          13          16  0.27047278352465043     
          13          17   4.7464963600998791E-002
          13          18   3.1752906984388596E-002
          13          19  0.15334417450602586     
          13          20   3.3208138809416476E-002
          13          21   2.2215438450037095E-002
          13          22   6.3732526981182380E-003
          13          23   2.4715337841460907E-003
          13          24   1.6533957254713098E-003
          13          25   9.1543726632572279E-012
          13          26   8.8589425629850472E-011
          13          27   1.9476458263909771E-010
          13          28  -2.3069001749419157E-010
          13          29  -6.1764406061906778E-011
          13          30  -2.2381045785503672E-010
          13          31  -1.4119212910524207E-010
          13          32   1.5403627066564056E-010
          13          33   1.4194496475253286E-010
          13          34  -3.9122014007860338E-010
          13          35  -3.4132470745185714E-011
          13          36  -4.2222460190574403E-010
          13          37   3.7273592283806957E-010
          13          38   1.5723596107637137E-010
          13          39   1.0382062044225647E-009
          13          40  -4.1503705371271610E-010
          13          41   2.1656028913186642E-010
          13          42   1.5113526972260643E-010
          13          43  -5.7919333345908541E-003
          13          44  -2.7050917705110631E-003
          13          45  -8.7581212125457356E-004
          13          46   6.2026855283565940E-004
          13          47  -1.8096406664569070E-003
          13          48   2.0968099341444448E-003
          13          49  -1.1556649051607437E-004
          13          50  -2.3754598593832459E-003
          13          51   2.0028613353142110E-004
          13          52   6.0095068240817342E-004
          14           1  -5.8817720528743010E-012
          14           2  -3.1598604047564715E-012
          14           3   3.0116142345544986E-011
          14           4  -1.0165196038138775E-010
          14           5  -3.8501870518548062E-010
          14           6   1.1211559668010259E-009
          14           7  -1.7951444444347497E-002
          14           8   4.4929285188647951E-003
          14           9   1.8702396805838135E-002
          14          10  -9.1570688279995361E-003
          14          11   4.2843154037650044E-004
          14          12   9.5401311814033354E-003
          14          13   2.1874131971986416E-002
          14          14  0.10563966385068643     
          14          15  -2.2789179703039297E-002
          14          16   4.7464963279248283E-002
          14          17  0.22703094488277314     
          14          18  -4.9450537663671523E-002
          14          19   3.3208139020925564E-002
          14          20  0.12295075440470254     
          14          21  -3.4597314463656492E-002
          14          22   2.4715341032837583E-003
          14          23   4.1112063383253496E-003
          14          24  -2.5749233628433394E-003
          14          25   1.7170658140665675E-010
          14          26   1.0312353089709317E-011
          14          27  -7.2427695510727802E-011
          14          28  -1.0192450145092083E-010
          14          29   1.5461685112740797E-010
          14          30  -1.1118384319451190E-010
          14          31   2.0722789594645326E-010
          14          32   6.3024511559868104E-011
          14          33  -4.2585373524549777E-011
          14          34  -2.1599138132670404E-010
          14          35   2.4190368489699734E-010
          14          36  -2.3620531724144152E-010
          14          37  -2.1493342645985716E-010
          14          38   6.5446646012112697E-011
          14          39  -1.6368067200115927E-010
          14          40  -1.3557673901531062E-010
          14          41   3.6409495750844824E-010
          14          42  -4.9177428214539289E-010
          14          43   9.1603855819226605E-004
          14          44  -2.6761290481215763E-003
          14          45  -3.1019087124546678E-003
          14          46  -3.1723923439179800E-003
          14          47  -2.3343859149207503E-004
          14          48  -1.6529199100859056E-003
          14          49   3.2316690462575255E-003
          14          50   2.0028610998966130E-004
          14          51  -2.5587698643103458E-003
          14          52  -9.3589298880115219E-004
          15           1   5.5284668185938797E-011
          15           2   4.7307609429117461E-011
          15           3  -3.3440798687644382E-010
          15           4   3.4843087880297204E-010
          15           5   2.2782221582689162E-009
          15           6  -3.7143369884497596E-009
          15           7  -1.2009080244629973E-002
          15           8   1.8702396749465479E-002
          15           9  -1.0952388026135662E-002
          15          10  -6.1258565938233410E-003
          15          11   9.5401311530239792E-003
          15          12  -7.4502562815829650E-003
          15          13   1.4633262940155069E-002
          15          14  -2.2789179703039297E-002
          15          15  0.12446003751278435     
          15          16   3.1752907101563331E-002
          15          17  -4.9450537277947848E-002
          15          18  0.26786951833763273     
          15          19   2.2215438579851150E-002
          15          20  -3.4597314473104136E-002
          15          21  0.15152283989736692     
          15          22   1.6533954199447257E-003
          15          23  -2.5749236553142540E-003
          15          24   6.2376983024324956E-003
          15          25  -2.0463801896412203E-010
          15          26   8.0232865431381136E-011
          15          27   1.4157170259281085E-010
          15          28  -1.1325256754992363E-010
          15          29  -1.6769251656856194E-010
          15          30   4.8794714341695206E-011
          15          31  -4.1676159572744381E-010
          15          32   1.0398963305950802E-010
          15          33   8.2240364240227359E-011
          15          34  -5.3375924120755290E-011
          15          35  -2.2132084798441984E-010
          15          36   3.2967435798337228E-011
          15          37   7.0041943561825383E-010
          15          38   5.8983145298670090E-011
          15          39   1.2579287214480478E-009
          15          40  -1.6130546719706881E-010
          15          41  -2.9474312417385488E-010
          15          42   8.0007201094799134E-010
          15          43   6.1280757810790740E-004
          15          44  -2.3343865738879085E-004
          15          45  -1.1556649267163038E-004
          15          46  -6.4621595458936080E-004
          15          47  -2.4833444408294209E-003
          15          48  -2.0400753241490255E-003
          15          49  -8.6633755005541659E-004
          15          50  -1.8255484336092654E-003
          15          51   2.8430263610207756E-003
          15          52  -5.6502062716938346E-003
          16           1   3.3540554580014203E-011
          16           2   2.6694359770102219E-011
          16           3  -2.0728204149124387E-010
          16           4  -2.9152850209719445E-010
