           1           1   2.5331089329548782     
           1           2  -1.5636034523767746     
           1           3  -2.7052964932714763     
           1           4  -6.3601591649360572     
           1           5  0.56751291438704410     
           1           6   6.5451477347721526E-002
           1           7  -8.0977824814508363E-014
           1           8  -2.1853502319004966E-014
           1           9  -2.1933133005996667E-014
           1          10   1.0331847905892095E-013
           1          11  -6.9721975727373877E-014
           1          12  -6.3683627594772746E-014
           1          13   4.7794991276454305E-014
           1          14   2.2746058679165517E-015
           1          15  -1.4697129821392399E-014
           1          16  -1.2744749151258376E-014
           1          17  -4.5526700323487196E-015
           1          18  -1.2594682851430333E-015
           1          19   5.8284953811369852E-015
           1          20  -8.2837724964054198E-016
           1          21   6.4531204754425992E-015
           1          22   3.3948584199058800     
           1          23   8.1370370577868309E-015
           1          24   3.3948584199056033     
           1          25   2.7073049669304086E-014
           1          26  -1.9768202891880083E-014
           1          27   3.3948584199055984     
           1          28   1.2690450065450831     
           1          29   3.3210729239157332E-014
           1          30   1.2690450065451819     
           1          31  -2.1008104311519838E-014
           1          32   2.6334726313676631E-014
           1          33   1.2690450065451859     
           1          34 -0.23002954054106511     
           1          35  -1.6214480405838434E-014
           1          36 -0.23002954054108257     
           1          37   1.0513922924478983E-014
           1          38  -3.5691807932063283E-015
           1          39 -0.23002954054110597     
           1          40  -7.2110217329737061E-002
           1          41  -2.6130177195767489E-016
           1          42  -7.2110217329740406E-002
           1          43  -7.4609743356968634E-015
           1          44   2.5773208391862739E-015
           1          45  -7.2110217329724544E-002
           1          46  -1.4602361220323392E-013
           1          47   5.1351833471535189E-014
           1          48  -6.5656611254214358E-014
           1          49   8.6722103951385123E-014
           1          50   7.0956592401215278E-014
           1          51  -2.0986780617951558E-014
           1          52   5.7485893939504656E-016
           1          53  -5.6489652573820484E-014
           1          54   9.4304777248288856E-015
           1          55   8.2452079827502748E-014
           2           1  -1.5636034523767746     
           2           2   5.1064126961721854     
           2           3   7.0949880028526557     
           2           4   10.664576044420192     
           2           5  -1.0902310833021156     
           2           6  -8.4680742393514793E-002
           2           7   2.8029902447037057E-013
           2           8   1.8085762641965599E-014
           2           9   1.1887685222070905E-013
           2          10   2.1805454039069130E-014
           2          11  -6.3214474703245824E-014
           2          12   4.5340524133784643E-014
           2          13  -5.0603010184560087E-014
           2          14  -2.5683818799757300E-014
           2          15  -1.7971387419676661E-015
           2          16   1.0501452940193107E-014
           2          17   9.2896387087743715E-015
           2          18   2.8708336719817451E-015
           2          19   1.5101297796405896E-015
           2          20  -1.4391747784691641E-015
           2          21  -1.5976817480422530E-015
           2          22  -7.2071848301776846     
           2          23  -3.1715668385781735E-014
           2          24  -7.2071848301771153     
           2          25  -2.2410728582114066E-013
           2          26  -6.0630782675081491E-014
           2          27  -7.2071848301777326     
           2          28  -2.2787723585280037     
           2          29   1.7784537751877252E-014
           2          30  -2.2787723585281205     
           2          31   5.9396359411183823E-014
           2          32   1.8653590499079079E-014
           2          33  -2.2787723585279753     
           2          34  0.45598471759093834     
           2          35   7.1105730910081044E-015
           2          36  0.45598471759092313     
           2          37  -3.1395232826484343E-014
           2          38  -7.5991398528572707E-015
           2          39  0.45598471759091075     
           2          40  0.11796704472156343     
           2          41   3.8630268247463319E-016
           2          42  0.11796704472157571     
           2          43   1.2381791045707667E-014
           2          44   1.3259795540004683E-015
           2          45  0.11796704472157812     
           2          46  -3.4195039726013877E-014
           2          47   5.3831921259685012E-014
           2          48  -2.3029746911961585E-014
           2          49   7.7581080466010799E-014
           2          50   3.0148872105800161E-014
           2          51  -1.8986156227771088E-014
           2          52  -5.0670645492805596E-015
           2          53  -1.0645447305818225E-014
           2          54   2.0009885258251139E-014
           2          55   3.3654154262797307E-014
           3           1  -2.7052964932714763     
           3           2   7.0949880028526557     
           3           3   10.229503922767346     
           3           4   19.766673028080646     
           3           5  -1.9245570090012376     
           3           6 -0.17858718102920140     
           3           7   1.2876619879780382E-012
           3           8  -1.5075786213826517E-012
           3           9   2.7826636862791181E-013
           3          10  -3.0762974588422986E-013
           3          11   1.8507028090770199E-013
           3          12   3.6918106229996714E-013
           3          13  -1.6786821552110371E-013
           3          14   5.0881880924470685E-014
           3          15   4.1090800712375318E-014
           3          16   3.9199384828365617E-014
           3          17  -1.2194808991387525E-015
           3          18  -2.6677978647855545E-015
           3          19  -7.9593572037994891E-015
           3          20   4.2300426891187894E-015
           3          21  -4.2725231224977708E-015
           3          22  -11.867596810877219     
           3          23  -1.4322666541713314E-013
           3          24  -11.867596810876249     
           3          25  -1.0211747608638013E-012
           3          26  -3.8309917641760216E-013
           3          27  -11.867596810878826     
           3          28  -4.1154324249965946     
           3          29   1.3651343933391057E-014
           3          30  -4.1154324249968353     
           3          31   2.9316451006672404E-013
           3          32   8.7587576845814608E-014
           3          33  -4.1154324249961380     
           3          34  0.79525894455337554     
           3          35   1.2479948019303508E-014
           3          36  0.79525894455337776     
           3          37  -1.2735075792317086E-013
           3          38  -3.8433413499731359E-014
           3          39  0.79525894455317225     
           3          40  0.22277370850474260     
           3          41   4.0479588670253947E-015
           3          42  0.22277370850475844     
           3          43   4.6940270039171124E-014
           3          44   6.7600884301961590E-015
           3          45  0.22277370850481529     
           3          46   2.2927852966862653E-013
           3          47  -5.1136966600863122E-014
           3          48   9.2731423210798202E-014
           3          49  -1.3206886953867139E-013
           3          50  -7.5676899055837514E-014
           3          51  -3.1929726874035872E-016
           3          52  -4.4533237902879009E-014
           3          53   1.0305211539055335E-013
           3          54  -5.1010242999277443E-014
           3          55  -1.3447801803898368E-013
           4           1  -6.3601591649360572     
           4           2   10.664576044420192     
           4           3   19.766673028080646     
           4           4   126.01094170720131     
           4           5  -10.333974050986496     
           4           6  -1.5353932102706738     
           4           7   1.4436514253702678E-012
           4           8  -1.2737341938681898E-012
           4           9  -2.5858357890579215E-013
           4          10  -3.2811246513533256E-012
           4          11   2.5509796470712389E-012
           4          12   2.2791675275437081E-012
           4          13  -7.9889254802874176E-013
           4          14   4.5320980740913583E-014
           4          15   4.4291309079929605E-013
           4          16   3.1459103769476167E-013
           4          17   7.7403279949621430E-014
           4          18  -6.2594760652406891E-014
           4          19  -1.7647693031989636E-013
           4          20   3.5167233829990563E-014
           4          21  -7.5004213299219234E-014
           4          22  -50.196286796763765     
           4          23  -1.4474163671935714E-013
           4          24  -50.196286796759011     
           4          25  -3.4356755069313819E-013
           4          26   1.7814221718681929E-013
           4          27  -50.196286796758926     
           4          28  -24.044856543864224     
           4          29  -1.0903274303622718E-012
           4          30  -24.044856543866402     
           4          31   3.2097613408520128E-013
           4          32  -7.2378796630417438E-013
           4          33  -24.044856543866373     
           4          34   4.0741336414869744     
           4          35   3.5049376803232823E-013
           4          36   4.0741336414876352     
           4          37  -6.3205936860914466E-014
           4          38   2.0911337852890573E-013
           4          39   4.0741336414878466     
           4          40   1.4845812517676293     
           4          41   3.2124063379023324E-014
           4          42   1.4845812517675705     
           4          43   7.5794469751406908E-014
           4          44  -1.8722764447709542E-013
           4          45   1.4845812517673580     
           4          46   4.4560293543585346E-012
           4          47  -1.9353489120792357E-012
           4          48   2.0419290021822060E-012
           4          49  -3.0291959915153950E-012
           4          50  -2.3859963020092524E-012
           4          51   7.7240954067823004E-013
           4          52  -5.8087522399734046E-014
           4          53   1.8387660061200730E-012
           4          54  -5.5074088174936530E-013
           4          55  -3.0199086871574287E-012
           5           1  0.56751291438704410     
           5           2  -1.0902310833021156     
           5           3  -1.9245570090012376     
           5           4  -10.333974050986496     
           5           5  0.87046859275337629     
           5           6  0.12195284221464536     
           5           7   4.8001987037218401E-013
           5           8  -2.9064848351372112E-013
           5           9   1.5854728842774174E-013
           5          10  -8.8066020736804271E-014
           5          11   2.8418748643197471E-013
           5          12  -1.8335733440322006E-013
           5          13  -6.6606330322381039E-015
           5          14   8.0058225734733788E-014
           5          15  -4.0000945514398715E-014
           5          16  -1.0526812361855669E-014
           5          17  -2.1698491979518815E-014
           5          18   5.9210048160958403E-015
           5          19   8.5857516068769431E-015
           5          20   2.0554527152077294E-015
           5          21   5.0688657477135914E-015
           5          22   4.3346335050448888     
           5          23  -8.9016064680888602E-014
           5          24   4.3346335050463241     
           5          25  -3.8306733657085290E-013
           5          26   1.0873434711617700E-012
           5          27   4.3346335050501308     
           5          28   1.9977789375601320     
           5          29   1.0557089333941954E-013
           5          30   1.9977789375597763     
           5          31   9.4264773813660735E-014
           5          32  -2.6201173132556162E-013
           5          33   1.9977789375586892     
           5          34 -0.34576200050054101     
           5          35  -3.7862182460602012E-014
           5          36 -0.34576200050037603     
           5          37  -4.1582682212042991E-014
           5          38   1.1101011739341871E-013
           5          39 -0.34576200049995975     
           5          40 -0.12134991251791394     
           5          41   1.8449931041553152E-015
           5          42 -0.12134991251797875     
           5          43   8.8658064290060008E-015
           5          44  -2.6703757334036263E-014
           5          45 -0.12134991251810122     
           5          46  -1.7011242153492313E-013
           5          47   4.9164907526986072E-014
           5          48  -7.8457208689936383E-014
           5          49   2.2191816345488202E-014
           5          50   1.7329280705326464E-013
           5          51  -5.3125009902077616E-014
           5          52   1.0553386848353298E-014
           5          53  -6.5673275515934378E-014
           5          54  -4.5880144653826070E-014
           5          55   2.2515378432374802E-013
           6           1   6.5451477347721526E-002
           6           2  -8.4680742393514793E-002
           6           3 -0.17858718102920140     
           6           4  -1.5353932102706738     
           6           5  0.12195284221464536     
           6           6   1.9422974357738994E-002
           6           7   2.8522583432633524E-013
           6           8  -2.3612729597356638E-013
           6           9   5.6365060666718955E-014
           6          10  -1.0237984123990310E-013
           6          11   1.3951016161096211E-013
           6          12  -4.3031109259870702E-014
           6          13  -2.2826738997839842E-014
           6          14   3.3832949489718544E-014
           6          15  -9.9060502238471043E-015
           6          16   2.1779951121992046E-015
           6          17  -7.5439019996270990E-015
           6          18   1.6520473087882031E-015
           6          19   6.2407773397371611E-016
           6          20   1.4183627270564053E-015
           6          21   7.8990841054229458E-016
           6          22  0.57047000281516436     
           6          23  -4.3384241590073069E-014
           6          24  0.57047000281572202     
           6          25  -1.2091829051860675E-013
           6          26   2.6699046664205706E-013
           6          27  0.57047000281649241     
           6          28  0.28850767561599500     
           6          29   2.8293347242744449E-014
           6          30  0.28850767561584817     
           6          31   3.1261424678294243E-014
           6          32  -6.6815280286465123E-014
           6          33  0.28850767561562729     
           6          34  -4.7626604745543095E-002
           6          35  -9.8655603438731785E-015
           6          36  -4.7626604745482096E-002
           6          37  -1.3673683530315602E-014
           6          38   2.8062052943069826E-014
           6          39  -4.7626604745395415E-002
           6          40  -1.8173258147595954E-002
           6          41   1.1533904327511306E-015
           6          42  -1.8173258147617482E-002
           6          43   3.6899342581993946E-015
           6          44  -7.3670416771477349E-015
           6          45  -1.8173258147643371E-002
           6          46   5.4282650786654543E-015
           6          47  -6.0436021268017167E-015
           6          48   1.5582706102529426E-015
           6          49  -3.2483088081025302E-014
           6          50   3.6798942047822288E-014
           6          51  -1.1130596189277041E-014
           6          52   3.6991203754470814E-015
           6          53   4.6719588803263814E-015
           6          54  -2.6016830497464126E-014
           6          55   4.9440505677929643E-014
           7           1  -8.0977824814508363E-014
           7           2   2.8029902447037057E-013
           7           3   1.2876619879780382E-012
           7           4   1.4436514253702678E-012
           7           5   4.8001987037218401E-013
           7           6   2.8522583432633524E-013
           7           7   2.7034386343642738     
           7           8  -3.7220226900449655E-014
           7           9   7.0499162063970055E-015
           7          10  -1.9300054685684396     
           7          11  -3.2557290197520772E-014
           7          12   5.1625370643625391E-015
           7          13 -0.38018493791005686     
           7          14   2.6964541710556750E-014
           7          15  -1.5890067039911698E-014
           7          16   7.2246725088519162E-002
           7          17  -2.8427347281697701E-014
           7          18  -2.6784130469279298E-015
           7          19  -2.1085414478796343E-002
           7          20   1.6134446209608204E-014
           7          21   8.5717023756972004E-015
           7          22  -1.0344462660887035E-012
           7          23   8.6113687700957968E-014
           7          24  -9.0165705579465094E-013
           7          25  -6.7403737283940145E-015
           7          26  -4.3746109840564707E-014
           7          27  -1.2845845090248748E-012
           7          28  -3.5637602415957543E-013
           7          29  -2.1804619168112678E-014
           7          30  -3.6861275438646023E-013
           7          31   2.4303641398177541E-014
           7          32  -7.4521119730471795E-015
           7          33  -3.2669978673111213E-013
           7          34  -1.5517499883135098E-013
           7          35  -1.4822748376387327E-014
           7          36  -1.1820729163761251E-013
           7          37  -8.2804604769468341E-016
           7          38   1.3215739909640197E-014
           7          39  -2.0074222975310499E-013
           7          40  -1.5678611062534043E-013
           7          41   2.5890895243180445E-014
           7          42  -1.8602566591532887E-013
           7          43   2.5479193440477317E-014
           7          44  -1.8826307627287894E-014
           7          45  -1.6416320034200309E-013
           7          46  0.83056012562026527     
           7          47   2.0237284070776462E-014
           7          48  0.37143778005746425     
           7          49  -1.8214596497647845E-014
           7          50  -4.0245584640990195E-016
           7          51  -4.2886236916604247E-014
           7          52   8.3891227298750330E-015
           7          53  0.37143778005752770     
           7          54   7.4211470302490450E-015
           7          55  -1.0630385460813082E-014
           8           1  -2.1853502319004966E-014
           8           2   1.8085762641965599E-014
           8           3  -1.5075786213826517E-012
           8           4  -1.2737341938681898E-012
           8           5  -2.9064848351372112E-013
           8           6  -2.3612729597356638E-013
           8           7  -3.7220226900449655E-014
           8           8   2.7034386343641774     
           8           9  -6.8833827525080094E-015
           8          10   1.7691403897377247E-013
           8          11  -1.9300054685682420     
           8          12   2.1260770920785670E-014
           8          13   4.6192216718029528E-014
           8          14 -0.38018493791010816     
           8          15   1.6497914145936135E-013
           8          16  -9.9046638946039223E-014
           8          17   7.2246725088560101E-002
           8          18  -4.7104681266723697E-014
           8          19   7.1664896239608116E-014
           8          20  -2.1085414478796874E-002
           8          21   9.9312919000541152E-015
           8          22   1.5485389161879108E-012
           8          23  -3.4421636413876520E-014
           8          24   1.4667220041820341E-012
           8          25   6.5352003391399377E-014
           8          26  -1.5975876048352634E-013
           8          27   3.2972149986225594E-013
           8          28   1.7112099982082498E-013
           8          29   6.7863847531244915E-015
           8          30   1.2357615239528305E-013
           8          31  -6.4707218190543222E-014
           8          32   1.0463077482512004E-013
           8          33   5.7266444710938761E-013
           8          34   1.5370854994003963E-013
           8          35   3.0737833169443898E-014
           8          36   9.4608769759880757E-014
           8          37   3.7373511888777519E-015
           8          38  -6.0809944004163929E-014
           8          39   8.5319775696973585E-014
           8          40   9.5291519461582788E-014
           8          41  -5.3128745702602022E-014
           8          42   1.3969154934628015E-013
           8          43  -5.5362601177142347E-014
           8          44   4.5892535437644782E-014
           8          45   1.6179975798139190E-013
           8          46  -1.6347340148197233E-013
           8          47  0.37143778005745948     
           8          48   9.3688945490728695E-014
           8          49  0.83056012562020720     
           8          50  -3.1155633628347370E-014
           8          51   9.3384045654655369E-014
           8          52  -5.0112691773820043E-014
           8          53  -4.8665932394777990E-014
           8          54  0.37143778005747663     
           8          55  -6.1201044232346076E-014
           9           1  -2.1933133005996667E-014
           9           2   1.1887685222070905E-013
           9           3   2.7826636862791181E-013
           9           4  -2.5858357890579215E-013
           9           5   1.5854728842774174E-013
           9           6   5.6365060666718955E-014
           9           7   7.0499162063970055E-015
           9           8  -6.8833827525080094E-015
           9           9   2.7034386343642285     
           9          10  -3.6359804056505721E-014
           9          11  -3.8524738955118821E-014
           9          12  -1.9300054685683443     
           9          13  -5.9535709696714513E-015
           9          14   2.3842039453780745E-014
           9          15 -0.38018493791006225     
           9          16   2.4516846886012312E-014
           9          17  -2.2832430390801939E-014
           9          18   7.2246725088491004E-002
           9          19  -1.6082187664884800E-014
           9          20   1.3319206848526881E-014
           9          21  -2.1085414478767321E-002
           9          22   2.8089582259249664E-013
           9          23  -3.3398799094848391E-014
           9          24  -1.5487067353630803E-013
           9          25   2.1002481839236493E-014
           9          26   3.7394103483463407E-014
           9          27  -3.2682010936060227E-013
           9          28  -7.4560054627178463E-014
           9          29   1.2120789628799205E-014
           9          30   5.6018350014907607E-014
           9          31   1.4098134896422389E-014
           9          32  -1.1571335241701444E-014
           9          33   7.8876339905373689E-014
           9          34  -1.3706414432257219E-014
           9          35  -7.3192589041387003E-015
           9          36  -5.8490124085049494E-014
           9          37  -2.7650946222517176E-015
           9          38   1.0078902195511838E-014
           9          39  -8.5841807468238652E-014
           9          40  -4.6232727114530799E-014
           9          41   1.0903306781188978E-014
           9          42  -3.7896735779327037E-014
           9          43   9.4003241402009778E-015
           9          44  -9.6755518002647722E-015
           9          45  -3.7032564339351806E-014
           9          46   3.6803893266364013E-014
           9          47   2.8727020763080548E-015
           9          48  -1.5487611193457932E-014
           9          49   9.6311847388447120E-015
           9          50  0.37143778005750905     
           9          51  -1.5220155828344038E-014
           9          52  0.37143778005750316     
           9          53   2.0539125956672065E-015
           9          54  -7.7160500211131447E-015
           9          55  0.83056012562019144     
          10           1   1.0331847905892095E-013
          10           2   2.1805454039069130E-014
          10           3  -3.0762974588422986E-013
          10           4  -3.2811246513533256E-012
          10           5  -8.8066020736804271E-014
          10           6  -1.0237984123990310E-013
          10           7  -1.9300054685684396     
          10           8   1.7691403897377247E-013
          10           9  -3.6359804056505721E-014
          10          10   5.2421363973268615     
          10          11  -4.3742787169369347E-014
          10          12   1.9095836023762246E-014
          10          13  0.81560007551154323     
          10          14   1.6098233857659547E-015
          10          15   1.3433698597857182E-014
          10          16 -0.15087207017691553     
          10          17  -3.7608804959258841E-015
          10          18  -1.9845236564650542E-015
          10          19   4.3477319477890727E-002
          10          20  -1.3045120538924121E-015
          10          21  -1.7503359873234568E-015
          10          22   1.0663253406543536E-012
          10          23  -1.9159777275232704E-013
          10          24   4.3315232346868351E-013
          10          25   5.0251001695724700E-015
          10          26   1.6378402904379146E-013
          10          27   1.7200249855517568E-012
          10          28   6.1212700914732947E-013
          10          29   6.1160245536520800E-014
          10          30   8.0011962365928453E-013
          10          31  -2.2142037680074956E-015
          10          32  -4.3482614273664182E-014
          10          33   4.4681392019689609E-013
          10          34   2.9476067340089560E-014
          10          35  -1.1020176685688397E-014
          10          36  -6.0551798924362858E-014
          10          37   3.4427756455362758E-015
          10          38   1.1618335156937330E-014
          10          39   8.8586041008826083E-014
          10          40   4.2460672456664064E-014
          10          41   1.2619686323728561E-015
          10          42   7.9944519800604405E-014
          10          43  -1.2491244014234180E-014
          10          44   3.2390495024869500E-016
          10          45   4.1459057617468889E-014
          10          46  -2.0094166720566484     
          10          47  -4.3298697960658800E-015
          10          48 -0.89863845476799242     
          10          49   3.0669911055080257E-014
          10          50  -8.9372953482032308E-015
          10          51   1.1671496622538017E-014
          10          52  -1.1796119636751055E-014
          10          53 -0.89863845476801063     
          10          54   6.6613381477119395E-015
          10          55  -1.0658141036241197E-014
          11           1  -6.9721975727373877E-014
          11           2  -6.3214474703245824E-014
          11           3   1.8507028090770199E-013
          11           4   2.5509796470712389E-012
          11           5   2.8418748643197471E-013
          11           6   1.3951016161096211E-013
          11           7  -3.2557290197520772E-014
          11           8  -1.9300054685682420     
          11           9  -3.8524738955118821E-014
          11          10  -4.3742787169369347E-014
          11          11   5.2421363973267576     
          11          12   4.5075054802703536E-014
          11          13  -3.8261060985121715E-014
          11          14  0.81560007551148983     
          11          15   8.2767126485581800E-014
          11          16   4.0344463880535832E-014
          11          17 -0.15087207017691451     
          11          18  -2.7838842342296552E-014
          11          19  -2.4507305907062606E-014
          11          20   4.3477319477887952E-002
          11          21   1.1310397063050480E-014
          11          22  -2.4660233738312592E-012
          11          23  -9.3764055016153440E-014
          11          24  -1.8443949220347841E-012
          11          25  -1.9991235991924622E-013
          11          26   4.5710602168887314E-013
          11          27   1.7093050551250421E-012
          11          28  -5.5225071547135041E-014
          11          29   2.2955229565886232E-014
          11          30  -2.0105484815130594E-013
          11          31   6.8480120341106162E-014
          11          32  -1.4830274787783429E-013
          11          33  -1.2147383785160590E-012
          11          34  -2.5917217473317431E-013
          11          35  -1.2562649652320524E-015
          11          36  -1.8280671568076591E-013
          11          37  -2.1214922160136652E-014
          11          38   5.5402802505471735E-014
          11          39   1.7349778623824079E-013
          11          40  -3.2737655207768267E-014
          11          41   1.1223989341436891E-014
          11          42  -5.9956811330768561E-014
          11          43   1.4715408014443430E-014
          11          44  -2.0449030109194608E-014
          11          45  -1.6552353226911159E-013
          11          46   5.8897331455748385E-014
          11          47 -0.89863845476798343     
          11          48  -2.0261570205594486E-015
          11          49  -2.0094166720565556     
          11          50  -3.7470027081837887E-014
          11          51  -1.2368207753724002E-014
          11          52  -4.2355008390178970E-014
          11          53   1.3475331960393974E-014
          11          54 -0.89863845476797777     
          11          55  -8.0824236193164467E-014
          12           1  -6.3683627594772746E-014
          12           2   4.5340524133784643E-014
          12           3   3.6918106229996714E-013
          12           4   2.2791675275437081E-012
          12           5  -1.8335733440322006E-013
          12           6  -4.3031109259870702E-014
          12           7   5.1625370643625391E-015
          12           8   2.1260770920785670E-014
          12           9  -1.9300054685683443     
          12          10   1.9095836023762246E-014
          12          11   4.5075054802703536E-014
          12          12   5.2421363973268225     
          12          13   9.9920072272583176E-016
          12          14  -1.9678703111274048E-014
          12          15  0.81560007551154023     
          12          16  -1.0852430065860842E-014
          12          17   1.6368850719294915E-014
          12          18 -0.15087207017692125     
          12          19   6.6301131250579657E-015
          12          20  -2.1441182162964138E-014
          12          21   4.3477319477897389E-002
          12          22  -2.3658955051837330E-012
          12          23   1.6570363085743393E-013
          12          24  -6.4328247979121224E-013
          12          25  -9.6274198531815695E-014
          12          26  -9.0762782918365550E-014
          12          27   4.5650117820889623E-013
          12          28   3.3312685814100669E-014
          12          29  -4.7616839156564124E-014
          12          30  -4.3784653795519457E-013
          12          31  -5.2462862207082151E-015
          12          32   1.3015319923475918E-014
          12          33  -7.5895574155626733E-013
          12          34  -1.1352115881552773E-013
          12          35  -7.2553304243182059E-015
          12          36   8.3435396372104318E-014
          12          37   3.2288759471244052E-016
          12          38  -1.6908772751183120E-014
          12          39   1.9826391003194003E-013
          12          40   8.4245784494094795E-014
          12          41   4.4623989750494603E-015
          12          42   2.5037070789461428E-014
          12          43   4.9642157002594714E-015
          12          44   9.6035252849008103E-015
          12          45   1.7858002896110946E-015
          12          46  -3.4028335704977215E-014
          12          47   1.4599432773400832E-014
          12          48  -1.6653345399942605E-016
          12          49  -4.4630965590965035E-014
          12          50 -0.89863845476802140     
          12          51   4.7268995220561624E-016
          12          52 -0.89863845476798287     
          12          53   1.5154544285605816E-014
          12          54   2.9531932454877337E-014
          12          55  -2.0094166720566213     
          13           1   4.7794991276454305E-014
          13           2  -5.0603010184560087E-014
          13           3  -1.6786821552110371E-013
          13           4  -7.9889254802874176E-013
          13           5  -6.6606330322381039E-015
          13           6  -2.2826738997839842E-014
          13           7 -0.38018493791005686     
          13           8   4.6192216718029528E-014
          13           9  -5.9535709696714513E-015
          13          10  0.81560007551154323     
          13          11  -3.8261060985121715E-014
          13          12   9.9920072272583176E-016
          13          13  0.13009926199485111     
          13          14  -6.3456184750518205E-015
          13          15   2.3418766925100417E-015
          13          16  -2.4143082248584191E-002
          13          17   1.6312905887136576E-015
          13          18  -1.3791051629947890E-016
          13          19   6.9680528771252541E-003
          13          20  -1.1260523763010927E-015
          13          21  -5.9978064188623194E-016
          13          22   1.4982780863117172E-014
          13          23  -2.9592202063991637E-014
          13          24   1.0202931008300127E-013
          13          25  -1.5141835125253577E-014
          13          26   8.5326595685223454E-014
          13          27   8.6095760591668471E-013
          13          28   2.4414004201784723E-013
          13          29   9.2467939790159495E-015
          13          30   2.1930332768550662E-013
          13          31   3.3134746336540508E-015
          13          32  -2.3090431423950423E-014
          13          33   7.4025474383343273E-015
          13          34  -3.5134493953361341E-014
          13          35  -8.6090883734542392E-016
          13          36  -2.8452620083780445E-014
          13          37  -1.3326786790343179E-015
          13          38   8.0531479439796714E-015
          13          39   6.0422312831337465E-014
          13          40   2.0377680021535491E-014
          13          41  -8.9138566438369223E-016
          13          42   2.0144736472715105E-014
          13          43  -2.1871464719369185E-015
          13          44  -1.4273608982396285E-015
          13          45  -6.8565424098529874E-015
          13          46 -0.31627460444479466     
          13          47   4.4513004392413890E-015
          13          48 -0.14144230301907773     
          13          49   1.8162554793151958E-014
          13          50  -1.0061396161810333E-015
          13          51   3.3631507017297165E-015
          13          52  -1.7694179456477931E-015
          13          53 -0.14144230301908287     
          13          54   6.5052130348592247E-015
          13          55  -5.5511151235157817E-016
          14           1   2.2746058679165517E-015
          14           2  -2.5683818799757300E-014
          14           3   5.0881880924470685E-014
          14           4   4.5320980740913583E-014
          14           5   8.0058225734733788E-014
          14           6   3.3832949489718544E-014
          14           7   2.6964541710556750E-014
          14           8 -0.38018493791010816     
          14           9   2.3842039453780745E-014
          14          10   1.6098233857659547E-015
          14          11  0.81560007551148983     
          14          12  -1.9678703111274048E-014
          14          13  -6.3456184750518205E-015
          14          14  0.13009926199484464     
          14          15   3.3306690737236622E-016
          14          16   9.5225476809221016E-015
          14          17  -2.4143082248585593E-002
          14          18  -1.1423154089184145E-015
          14          19  -6.2917336271645581E-015
          14          20   6.9680528771248690E-003
          14          21   9.3566647483287856E-016
          14          22  -1.5619176892046065E-013
          14          23  -9.4496297733648126E-015
          14          24  -1.1096474992498370E-013
          14          25  -2.3679356149587745E-014
          14          26   3.6330483678729508E-014
          14          27   1.5738562579151986E-013
          14          28   1.8171566444183729E-014
          14          29   2.2829995672764809E-015
          14          30   1.2551613628494447E-014
          14          31   1.0213992905365911E-014
          14          32  -1.5250488320816836E-014
          14          33  -6.8968888717989787E-014
          14          34  -3.9558986517307924E-014
          14          35  -1.1367428095776329E-015
          14          36  -3.1669879632665811E-014
          14          37  -2.3230294440364237E-015
          14          38   6.2854253383558349E-015
          14          39  -1.3002014386655743E-014
          14          40  -1.7287443112628768E-014
          14          41   3.6233831020362980E-015
          14          42  -2.1222082351839566E-014
          14          43   4.0308808263773791E-015
          14          44  -3.4515054976570298E-015
          14          45  -2.6750915818646585E-014
          14          46   1.0762224444915383E-014
          14          47 -0.14144230301907293     
          14          48  -5.8685695192736073E-015
          14          49 -0.31627460444477173     
          14          50   6.8695049643605872E-016
          14          51  -5.4859800771548399E-015
          14          52   7.5633943547446422E-016
          14          53   2.0261570198708630E-015
          14          54 -0.14144230301907285     
          14          55   1.6237011734832393E-015
          15           1  -1.4697129821392399E-014
          15           2  -1.7971387419676661E-015
          15           3   4.1090800712375318E-014
          15           4   4.4291309079929605E-013
          15           5  -4.0000945514398715E-014
          15           6  -9.9060502238471043E-015
          15           7  -1.5890067039911698E-014
          15           8   1.6497914145936135E-013
          15           9 -0.38018493791006225     
          15          10   1.3433698597857182E-014
          15          11   8.2767126485581800E-014
          15          12  0.81560007551154023     
          15          13   2.3418766925100417E-015
          15          14   3.3306690737236622E-016
