           1           1   2.2192514156411347     
           1           2 -0.75941398895204582     
           1           3   9.5437609302946258E-002
           1           4  0.14769407293017373     
           1           5  -2.0499911037082805E-002
           1           6  -1.8699026087886088E-002
           1           7  -7.8313566946624112E-010
           1           8  -2.9255664251784224E-009
           1           9  -5.9912428814251781E-009
           1          10   1.9432018874720864E-009
           1          11   9.4071026317806372E-009
           1          12   1.4156470761296892E-008
           1          13   5.4027191737688238E-010
           1          14   2.8023493075526141E-009
           1          15   4.3804160954532087E-009
           1          16   1.2146184009543714E-010
           1          17   2.0342442401982054E-010
           1          18   3.5306335184123689E-010
           1          19   8.7603424507181837E-011
           1          20   3.1562876518690007E-010
           1          21   5.4660127565238179E-010
           1          22   8.9865283265110063E-003
           1          23   2.4994172293963443E-008
           1          24   8.9865279344200199E-003
           1          25  -3.3522919089140006E-009
           1          26  -9.6405068129437041E-009
           1          27   8.9865282595755387E-003
           1          28  -4.1095943183057536E-003
           1          29   1.7182640610517741E-008
           1          30  -4.1095944899019153E-003
           1          31  -2.2556733475950821E-009
           1          32  -6.1246000890571989E-009
           1          33  -4.1095943558863363E-003
           1          34   5.1302004477313430E-003
           1          35   1.1595959468429584E-008
           1          36   5.1302003830345829E-003
           1          37  -1.8082563718619888E-009
           1          38  -3.6654835233111283E-009
           1          39   5.1302004245998420E-003
           1          40   1.8334366484569556E-003
           1          41   2.7393970874689815E-009
           1          42   1.8334367765040103E-003
           1          43  -4.6877215671656377E-010
           1          44  -3.5441613223547776E-010
           1          45   1.8334367301229039E-003
           1          46   3.7774707978329832E-012
           1          47   1.3575124818001869E-010
           1          48   4.6474996253968343E-011
           1          49  -1.2758681363497135E-010
           1          50   1.8410881930110490E-010
           1          51  -8.1933191908398409E-011
           1          52   2.4481407222094188E-011
           1          53   4.1308915356937900E-011
           1          54  -5.8212992593441983E-012
           1          55  -1.4669095400594144E-010
           2           1 -0.75941398895204582     
           2           2   2.5986407013699298     
           2           3 -0.48146834704073327     
           2           4 -0.50077150538155080     
           2           5   6.7943737888809974E-002
           2           6   6.5608115806903622E-002
           2           7   4.9466852588902520E-009
           2           8   2.1052269685890675E-008
           2           9   3.5234832716453465E-008
           2          10  -1.1764652748447383E-008
           2          11  -5.6635450229774305E-008
           2          12  -8.1853356930431698E-008
           2          13  -3.4667787263906907E-009
           2          14  -1.7428896032809335E-008
           2          15  -2.5751982382839135E-008
           2          16  -4.8176278028240419E-010
           2          17  -9.9620796879919893E-010
           2          18  -1.6472273368992622E-009
           2          19  -2.9555202486352208E-010
           2          20  -1.0588053553865401E-009
           2          21  -1.8418530534531117E-009
           2          22  -1.6668804144982698E-002
           2          23   6.4194532853620041E-008
           2          24  -1.6668802451207897E-002
           2          25  -2.8560268487634117E-009
           2          26  -1.4445548562811858E-008
           2          27  -1.6668803958073096E-002
           2          28  -7.5761526417141554E-004
           2          29   4.4662174443198967E-008
           2          30  -7.5761450747907969E-004
           2          31  -2.1533051271106543E-009
           2          32  -1.2180495316914310E-008
           2          33  -7.5761517431931040E-004
           2          34  -1.6583595708645784E-002
           2          35   3.0538286918158910E-008
           2          36  -1.6583595369844099E-002
           2          37  -4.0490353400997756E-010
           2          38  -9.9615236437628676E-009
           2          39  -1.6583595634337166E-002
           2          40  -6.5389637606149114E-003
           2          41   7.8308988906829850E-009
           2          42  -6.5389641831249323E-003
           2          43  -1.2017286019956945E-011
           2          44  -4.3099901766412868E-009
           2          45  -6.5389640483327167E-003
           2          46   6.0247222955483238E-011
           2          47  -7.4610337669458803E-010
           2          48  -2.2903954446572307E-010
           2          49   8.9885365660569457E-010
           2          50  -1.0073077193039456E-009
           2          51   3.0602061543744148E-010
           2          52  -4.0756113581523031E-010
           2          53  -2.0267264779225820E-010
           2          54  -2.0028656977232646E-010
           2          55   1.0340642389758812E-009
           3           1   9.5437609302946258E-002
           3           2 -0.48146834704073327     
           3           3  0.74992996432746684     
           3           4  0.60037829633046158     
           3           5 -0.11160567402845853     
           3           6 -0.12276584132403343     
           3           7  -2.5049932359197414E-009
           3           8  -7.5056275709653185E-009
           3           9  -1.8675027064964114E-008
           3          10   5.0930255025002158E-009
           3          11   2.0481673116678222E-008
           3          12   3.8375903851402153E-008
           3          13   1.1754885190860588E-009
           3          14   5.3426600687820865E-009
           3          15   1.1256533464190997E-008
           3          16   7.0802438195820883E-010
           3          17   8.0424289326537287E-010
           3          18   1.5900958849815482E-009
           3          19   6.1243731134626449E-010
           3          20   2.2153028178584159E-009
           3          21   3.8078901659244335E-009
           3          22   2.1166154390255602E-002
           3          23   5.0116265931924156E-007
           3          24   2.1166152231826031E-002
           3          25  -5.0378954463288147E-008
           3          26  -1.7545111274188790E-007
           3          27   2.1166154012395397E-002
           3          28   1.1838757380374881E-002
           3          29   3.4594166078017259E-007
           3          30   1.1838756591950219E-002
           3          31  -3.4951303803906331E-008
           3          32  -1.1754491568067003E-007
           3          33   1.1838757212963694E-002
           3          34   2.2689114804800264E-002
           3          35   2.3427438961837048E-007
           3          36   2.2689114482364870E-002
           3          37  -2.5010809401964342E-008
           3          38  -7.7335623110491035E-008
           3          39   2.2689114696858678E-002
           3          40   8.5486082126735984E-003
           3          41   5.6728602920394885E-008
           3          42   8.5486091394657363E-003
           3          43  -6.3871005326397348E-009
           3          44  -1.5020931884271285E-008
           3          45   8.5486087795586824E-003
           3          46   2.1454671660088942E-011
           3          47   3.6984195319301884E-010
           3          48   1.3632267197534014E-010
           3          49  -1.5895425273437566E-010
           3          50   5.8936442853196452E-010
           3          51  -5.5910922267253555E-010
           3          52  -5.0071100320158026E-010
           3          53   1.0105958228854679E-010
           3          54  -6.1230380452502383E-010
           3          55  -1.0308225004610530E-010
           4           1  0.14769407293017373     
           4           2 -0.50077150538155080     
           4           3  0.60037829633046158     
           4           4  0.50236818211868017     
           4           5 -0.14708945163310896     
           4           6 -0.18841884571336379     
           4           7   5.8515737353399821E-009
           4           8   3.6505533190402918E-008
           4           9   3.6467837858007930E-008
           4          10  -1.4604274152035139E-008
           4          11  -8.3300102757329760E-008
           4          12  -9.4312235476208669E-008
           4          13  -5.2044106685785593E-009
           4          14  -2.8377079477659738E-008
           4          15  -3.2098694991472973E-008
           4          16   8.4615825647798614E-010
           4          17  -2.1109627536603505E-010
           4          18   4.0611710003127792E-010
           4          19   9.9361981062161600E-010
           4          20   3.6679331266881614E-009
           4          21   6.2560102422082472E-009
           4          22   1.7472980136201317E-002
           4          23  -5.8841803813605591E-008
           4          24   1.7472977836859790E-002
           4          25   3.0420122018322517E-008
           4          26  -4.3204712327889216E-008
           4          27   1.7472980107128992E-002
           4          28   9.9900817116576439E-003
           4          29  -4.0913885693534118E-008
           4          30   9.9900807077183372E-003
           4          31   2.0905832375218359E-008
           4          32  -2.6808422056177485E-008
           4          33   9.9900817539004677E-003
           4          34   2.1361086621602882E-002
           4          35  -2.8356536678436920E-008
           4          36   2.1361086377789756E-002
           4          37   1.2847322765015077E-008
           4          38  -1.4517091140418911E-008
           4          39   2.1361086807731754E-002
           4          40   8.9653634485035404E-003
           4          41  -8.0627654585485457E-009
           4          42   8.9653649655829816E-003
           4          43   2.6632261472793576E-009
           4          44   2.7181360687123337E-009
           4          45   8.9653643705064623E-003
           4          46   3.6070276516469426E-010
           4          47  -6.8480132261252655E-010
           4          48  -1.0817085720271936E-010
           4          49   1.7680838285488957E-009
           4          50  -7.6120751656583325E-010
           4          51  -7.2407285823042873E-010
           4          52  -2.1504664411097440E-009
           4          53  -1.0979260674525489E-010
           4          54  -1.8531285808334592E-009
           4          55   2.3711167642200546E-009
           5           1  -2.0499911037082805E-002
           5           2   6.7943737888809974E-002
           5           3 -0.11160567402845853     
           5           4 -0.14708945163310896     
           5           5  0.23585866182369195     
           5           6  0.36226076490542908     
           5           7  -6.2054786731730190E-008
           5           8  -2.9063860473012528E-007
           5           9  -3.9426216434577452E-007
           5          10   1.3839882255169790E-007
           5          11   6.9041911127645415E-007
           5          12   8.9276346044589579E-007
           5          13   4.5197948502290672E-008
           5          14   2.2491302360260171E-007
           5          15   2.9135286141315623E-007
           5          16  -3.5796854921982176E-010
           5          17   6.8190223765662192E-009
           5          18   8.1173963188650845E-009
           5          19  -2.1374828357222977E-009
           5          20  -8.0160642401623561E-009
           5          21  -1.3438466710298438E-008
           5          22  -4.2404180295098808E-003
           5          23  -4.6824864069635149E-006
           5          24  -4.2404240670573610E-003
           5          25   6.0281586513843009E-007
           5          26   1.4076645452351909E-006
           5          27  -4.2404195791947361E-003
           5          28  -5.2687327782862496E-003
           5          29  -3.2346326543322025E-006
           5          30  -5.2687370554186340E-003
           5          31   4.1638334353521585E-007
           5          32   9.7162801386407124E-007
           5          33  -5.2687338259429775E-003
           5          34  -1.5004924003585114E-002
           5          35  -2.1934970203180215E-006
           5          36  -1.5004927551336429E-002
           5          37   2.8351508051628626E-007
           5          38   6.5256316835246504E-007
           5          39  -1.5004925234513640E-002
           5          40  -9.0888000740999304E-003
           5          41  -5.3502212121533531E-007
           5          42  -9.0888038129599506E-003
           5          43   7.0432117804350857E-008
           5          44   1.4746746238947961E-007
           5          45  -9.0888020038856470E-003
           5          46  -2.4055506915708336E-009
           5          47   7.3956986663901243E-009
           5          48   1.5658942416816753E-009
           5          49  -1.2767006136587073E-008
           5          50   9.3492468247266064E-009
           5          51   1.1427355157233042E-009
           5          52   1.1489338735746311E-008
           5          53   1.4708057568900130E-009
           5          54   9.0002687892736041E-009
           5          55  -1.6324757860431567E-008
           6           1  -1.8699026087886088E-002
           6           2   6.5608115806903622E-002
           6           3 -0.12276584132403343     
           6           4 -0.18841884571336379     
           6           5  0.36226076490542908     
           6           6  0.55983697849175429     
           6           7  -3.3964741625987246E-008
           6           8  -1.5437634482494988E-007
           6           9  -2.1468770309110308E-007
           6          10   7.5958396296997483E-008
           6          11   3.5827944096138651E-007
           6          12   4.8542747488660608E-007
           6          13   2.5281979198799252E-008
           6          14   1.1883410486070461E-007
           6          15   1.6155581034530407E-007
           6          16  -2.2055523209058137E-009
           6          17   2.1704872902691221E-009
           6          18   1.8649872495034060E-009
           6          19  -3.0532797383329024E-009
           6          20  -1.1389098259499821E-008
           6          21  -1.9475939057965428E-008
           6          22  -5.1518056155899416E-003
           6          23   6.2046047913497204E-006
           6          24  -5.1517916637481695E-003
           6          25  -1.1602607569893699E-006
           6          26  -1.2837000586614966E-006
           6          27  -5.1518000933880627E-003
           6          28  -7.4680974610697405E-003
           6          29   4.2863609762547740E-006
           6          30  -7.4680881859229397E-003
           6          31  -8.0147125007377421E-007
           6          32  -8.8858211751089839E-007
           6          33  -7.4680936608350242E-003
           6          34  -2.1947841325745111E-002
           6          35   2.9091931029218808E-006
           6          36  -2.1947837111842523E-002
           6          37  -5.4178212764853746E-007
           6          38  -6.1462024952572094E-007
           6          39  -2.1947840000703350E-002
           6          40  -1.3658848723190712E-002
           6          41   7.1600560739331786E-007
           6          42  -1.3658852761104689E-002
           6          43  -1.3099436274030918E-007
           6          44  -1.7067892897547551E-007
           6          45  -1.3658851079996296E-002
           6          46  -1.4143079252237697E-009
           6          47   3.4254515569696568E-009
           6          48   8.8860237416065740E-010
           6          49  -7.7502291780641398E-009
           6          50   4.4194245944933059E-009
           6          51   1.7524970655603933E-009
           6          52   7.7019318998673979E-009
           6          53   7.3323532442406351E-010
           6          54   5.8876522812072939E-009
           6          55  -1.0319786633377972E-008
           7           1  -7.8313566946624112E-010
           7           2   4.9466852588902520E-009
           7           3  -2.5049932359197414E-009
           7           4   5.8515737353399821E-009
           7           5  -6.2054786731730190E-008
           7           6  -3.3964741625987246E-008
           7           7   2.2453299496860417     
           7           8   8.7933242588005333E-010
           7           9   3.3469300766111578E-010
           7          10 -0.59725937956271036     
           7          11  -1.9227936413782548E-009
           7          12  -1.9383341219115404E-009
           7          13 -0.20883497144595933     
           7          14   1.5324340657361606E-009
           7          15   8.0130421077127577E-010
           7          16  -7.2492100200392696E-003
           7          17  -6.8266355548075387E-010
           7          18   4.1376532052717989E-009
           7          19   5.4350081735849484E-004
           7          20  -2.1671877766848970E-009
           7          21   3.3088996751291290E-009
           7          22   1.1136660149726706E-009
           7          23   8.6823453208539695E-008
           7          24  -6.6525140155767558E-012
           7          25  -1.0514104033233183E-008
           7          26  -1.2596954795606340E-008
           7          27   9.1043563756994832E-010
           7          28   3.7138506861853324E-009
           7          29   6.3183629337617628E-008
           7          30   5.0352988186842814E-009
           7          31  -8.5866951231643690E-009
           7          32  -8.8691824379210613E-009
           7          33   7.2183459501956794E-009
           7          34   2.0100452528130244E-008
           7          35   4.1755566803226052E-008
           7          36   2.1518333384717559E-008
           7          37  -7.1317246957030537E-009
           7          38  -8.6905442504210244E-009
           7          39   2.0950013331344287E-008
           7          40   2.0325893867355202E-008
           7          41   1.0356151037902677E-008
           7          42   2.0760447466086184E-008
           7          43   3.6740196906993891E-011
           7          44  -1.9490072445644002E-010
           7          45   1.4920013773318474E-008
           7          46  -2.5480644848525609E-004
           7          47   1.7503488636700593E-010
           7          48  -3.9086059075001236E-003
           7          49  -1.1663475108017133E-011
           7          50  -5.8707707022475777E-010
           7          51   4.8021878221492292E-009
           7          52   2.5491725457558765E-010
           7          53  -3.9086067083088380E-003
           7          54   3.5928261530955688E-010
           7          55  -1.9057251633020200E-009
           8           1  -2.9255664251784224E-009
           8           2   2.1052269685890675E-008
           8           3  -7.5056275709653185E-009
           8           4   3.6505533190402918E-008
           8           5  -2.9063860473012528E-007
           8           6  -1.5437634482494988E-007
           8           7   8.7933242588005333E-010
           8           8   2.2453299510705729     
           8           9  -3.2749700308841399E-010
           8          10  -1.3802413449765501E-009
           8          11 -0.59725938653821631     
           8          12  -1.2525480156480325E-009
           8          13   1.3247313155350041E-008
           8          14 -0.20883496681586822     
           8          15   7.9726023984958303E-010
           8          16  -1.5791077286821169E-008
           8          17  -7.2492123278591215E-003
           8          18   1.6506956308651070E-008
           8          19   3.1380042006078655E-009
           8          20   5.4348939024563298E-004
           8          21   1.7274250233371364E-008
           8          22   1.7164496587664249E-009
           8          23   1.9454813701484640E-008
           8          24  -8.7190689540917033E-009
           8          25   1.6185357328059698E-009
           8          26  -8.5015266030786573E-010
           8          27   2.4868916101626641E-009
           8          28   1.3707438818800865E-008
           8          29   2.3504860352743297E-008
           8          30   1.7008741659508664E-008
           8          31  -6.8889379811128144E-009
           8          32   6.4823544806945428E-009
           8          33   3.4145495190789904E-008
           8          34   9.5568736225788989E-008
           8          35   1.3252212519137687E-008
           8          36   1.0171779606418618E-007
           8          37  -1.6251477738756207E-008
           8          38  -9.1415482286581239E-009
           8          39   1.0004180202691304E-007
           8          40   9.6227406070545294E-008
           8          41   5.2465460176950417E-009
           8          42   9.7224376940656821E-008
           8          43   9.8424595480275595E-009
           8          44   6.7243035492404318E-009
           8          45   7.1075742865059394E-008
           8          46  -3.2293598781099345E-009
           8          47  -3.9086031470159524E-003
           8          48  -1.3284040802092730E-009
           8          49  -2.5480708508586860E-004
           8          50  -2.9560555798466299E-010
           8          51   2.2691025716958836E-009
           8          52  -5.9579979964087438E-009
           8          53  -5.1776109875585338E-009
           8          54  -3.9086053223003903E-003
           8          55  -3.1526650656771183E-009
           9           1  -5.9912428814251781E-009
           9           2   3.5234832716453465E-008
           9           3  -1.8675027064964114E-008
           9           4   3.6467837858007930E-008
           9           5  -3.9426216434577452E-007
           9           6  -2.1468770309110308E-007
           9           7   3.3469300766111578E-010
           9           8  -3.2749700308841399E-010
           9           9   2.2453299518583916     
           9          10  -2.3662890267396421E-009
           9          11  -4.2313851026674113E-009
           9          12 -0.59725938801542422     
           9          13   2.7938114623524651E-008
           9          14   5.3611881998286508E-009
           9          15 -0.20883497025375336     
           9          16  -2.5000777130971353E-008
           9          17  -5.4942999145561006E-009
           9          18  -7.2491860003546238E-003
           9          19   9.9977650955120083E-009
           9          20  -1.3804862150366067E-008
           9          21   5.4351867333638903E-004
           9          22   4.2457195160264121E-009
           9          23  -8.9182442572926878E-008
           9          24   2.3297850400254274E-009
           9          25   2.5738299724756675E-008
           9          26   2.3276864045297522E-008
           9          27   2.2310087479967403E-009
           9          28   2.1939921193371876E-008
           9          29  -4.3103873058510590E-008
           9          30   3.1407096956126902E-008
           9          31   5.8466390510068576E-009
           9          32   2.2798185152363366E-008
           9          33   4.6640017038365717E-008
           9          34   1.3289560500448768E-007
           9          35  -3.9701273063630634E-008
           9          36   1.3753414103925312E-007
           9          37  -7.2624299270374998E-009
           9          38   2.2921229237352581E-009
           9          39   1.3095189178068152E-007
           9          40   1.3110015148489954E-007
           9          41  -6.4620818586539130E-009
           9          42   1.2968024891748516E-007
           9          43   1.3085627404023010E-008
           9          44   1.2644240438154541E-008
           9          45   9.5135407438288416E-008
           9          46  -5.4697578150555574E-009
           9          47   5.3123782673336232E-009
           9          48  -3.7855111701343442E-009
           9          49  -4.4523019775477070E-009
           9          50  -3.9086082920838415E-003
           9          51   3.0779032233276109E-009
           9          52  -3.9086063906060998E-003
           9          53  -1.0806280469615278E-008
           9          54   5.0841349335661515E-009
           9          55  -2.5481071117451322E-004
          10           1   1.9432018874720864E-009
          10           2  -1.1764652748447383E-008
          10           3   5.0930255025002158E-009
          10           4  -1.4604274152035139E-008
          10           5   1.3839882255169790E-007
          10           6   7.5958396296997483E-008
          10           7 -0.59725937956271036     
          10           8  -1.3802413449765501E-009
          10           9  -2.3662890267396421E-009
          10          10   1.4792113913491891     
          10          11   3.2388443339526615E-009
          10          12   7.7266807276436443E-009
          10          13  0.47061810287993339     
          10          14  -2.6555901110376660E-009
          10          15  -2.0593156775851476E-009
          10          16   1.9097111964732114E-002
          10          17   1.8848868805663340E-009
          10          18  -9.1537640647577199E-009
          10          19  -1.9798012695908741E-003
          10          20   4.7552885954117296E-009
          10          21  -7.1174868658476446E-009
          10          22  -1.6451912650420960E-009
          10          23  -2.1250661239807791E-007
          10          24   2.5865386090724028E-010
          10          25   2.4020473373693004E-008
          10          26   2.7655042347032706E-008
          10          27  -6.3982008774498856E-010
          10          28  -8.1231457150861675E-009
          10          29  -1.5448054043911738E-007
          10          30  -1.0143623737645295E-008
          10          31   1.8670355710477484E-008
          10          32   1.8898485338106125E-008
          10          33  -1.5618907723078026E-008
          10          34  -4.5512037586608769E-008
          10          35  -1.0245871228731206E-007
          10          36  -4.8468597201501915E-008
          10          37   1.6851668286537089E-008
          10          38   1.8592515170369931E-008
          10          39  -4.5869993365783490E-008
          10          40  -4.6073717881068450E-008
          10          41  -2.5648978994862901E-008
          10          42  -4.5773501348956577E-008
          10          43  -5.5671964793616184E-010
          10          44   7.7091346879429009E-010
          10          45  -3.3208483567391525E-008
          10          46  -9.2065837933043640E-003
          10          47  -4.0474661253517382E-010
          10          48   6.6526420259955862E-003
          10          49  -3.7880099278174465E-010
          10          50   1.2344493754795387E-009
          10          51  -1.2960663464957699E-008
          10          52  -1.0130561166952384E-009
          10          53   6.6526436370368770E-003
          10          54  -1.4643605554260307E-010
          10          55   4.2801527211013352E-009
          11           1   9.4071026317806372E-009
          11           2  -5.6635450229774305E-008
          11           3   2.0481673116678222E-008
          11           4  -8.3300102757329760E-008
          11           5   6.9041911127645415E-007
          11           6   3.5827944096138651E-007
          11           7  -1.9227936413782548E-009
          11           8 -0.59725938653821631     
          11           9  -4.2313851026674113E-009
          11          10   3.2388443339526615E-009
          11          11   1.4792114152646945     
          11          12   1.5529781550637644E-008
          11          13  -3.5400105403985849E-008
          11          14  0.47061809917469311     
          11          15   2.9710732658787823E-009
          11          16   4.0603121145241717E-008
          11          17   1.9097114128139234E-002
          11          18  -3.5046453444501864E-008
          11          19  -1.0777463843008995E-008
          11          20  -1.9797735242848740E-003
          11          21  -3.9476593322566719E-008
          11          22  -6.3587577808538267E-009
          11          23  -8.1511902820523275E-008
          11          24   1.5964964712731922E-008
          11          25   7.4480578370492891E-009
          11          26   9.1586247614507454E-010
          11          27  -8.1565209950622688E-009
          11          28  -3.4367819909716938E-008
          11          29  -8.4099719178029760E-008
          11          30  -4.1532333640834722E-008
          11          31   2.3199323640086455E-008
          11          32  -1.5268543297394289E-008
          11          33  -8.3692356093117284E-008
          11          34  -2.3017138259305050E-007
          11          35  -4.3779219442325970E-008
          11          36  -2.3919669725591201E-007
          11          37   4.6563108688060480E-008
          11          38   1.9677629581077347E-008
          11          39  -2.3458437524128876E-007
          11          40  -2.2465166245096734E-007
          11          41  -1.9100304286620359E-008
          11          42  -2.2643915595092182E-007
          11          43  -2.0232382218519520E-008
          11          44  -1.3482029738447506E-008
          11          45  -1.6760039960891307E-007
          11          46   8.4603131655499970E-009
          11          47   6.6526369498605253E-003
          11          48   4.5019491548884752E-009
          11          49  -9.2065861496492644E-003
          11          50  -3.2270895944897704E-009
          11          51  -5.3447927454454080E-009
          11          52   1.6639243389143144E-008
          11          53   1.2672567936171667E-008
          11          54   6.6526400631696713E-003
          11          55   2.3435863737069656E-009
          12           1   1.4156470761296892E-008
          12           2  -8.1853356930431698E-008
          12           3   3.8375903851402153E-008
          12           4  -9.4312235476208669E-008
          12           5   8.9276346044589579E-007
          12           6   4.8542747488660608E-007
          12           7  -1.9383341219115404E-009
          12           8  -1.2525480156480325E-009
          12           9 -0.59725938801542422     
          12          10   7.7266807276436443E-009
          12          11   1.5529781550637644E-008
          12          12   1.4792114193817731     
          12          13  -5.8849887823850107E-008
          12          14  -1.5075253398706514E-008
          12          15  0.47061810065346737     
          12          16   5.4248328577575404E-008
          12          17   1.5568830622347708E-008
          12          18   1.9097054708347324E-002
          12          19  -2.0333825798782062E-008
          12          20   3.0633257507652838E-008
          12          21  -1.9798423666245579E-003
          12          22  -2.7322673529622745E-009
          12          23   2.0890017871347809E-007
          12          24  -1.4174583324032397E-009
          12          25  -5.4503238823091989E-008
          12          26  -6.5047674594938627E-008
          12          27  -2.7570351392967237E-010
          12          28  -4.5919491810892437E-008
          12          29   1.0626404355531384E-007
          12          30  -6.7912101829758427E-008
          12          31  -1.2093191180378663E-008
          12          32  -6.1830454377982045E-008
          12          33  -1.0028129902330034E-007
          12          34  -2.9753555608239775E-007
          12          35   9.1327115353419072E-008
          12          36  -3.1333732077215152E-007
          12          37   1.5360724152546150E-008
          12          38  -1.0344217209403309E-008
          12          39  -3.0042747101704398E-007
          12          40  -2.9902532836852465E-007
          12          41   1.7719850885914206E-008
          12          42  -2.9435668643269830E-007
          12          43  -3.0875440308004862E-008
          12          44  -3.1655584829438169E-008
          12          45  -2.1358717316589020E-007
          12          46   1.1424895184696566E-008
          12          47  -1.5372119334188295E-008
          12          48   7.6067045251256640E-009
          12          49   1.4653821230398185E-008
          12          50   6.6526476304190063E-003
          12          51  -6.8954844507282337E-009
          12          52   6.6526441192631498E-003
          12          53   2.5421101414887771E-008
          12          54  -1.0698690750726381E-008
          12          55  -9.2065730625122549E-003
          13           1   5.4027191737688238E-010
          13           2  -3.4667787263906907E-009
          13           3   1.1754885190860588E-009
          13           4  -5.2044106685785593E-009
          13           5   4.5197948502290672E-008
          13           6   2.5281979198799252E-008
          13           7 -0.20883497144595933     
          13           8   1.3247313155350041E-008
          13           9   2.7938114623524651E-008
          13          10  0.47061810287993339     
          13          11  -3.5400105403985849E-008
          13          12  -5.8849887823850107E-008
          13          13  0.14993707482316074     
          13          14  -1.2632939139675632E-008
          13          15  -2.0473848716583094E-008
          13          16   6.0643078356278270E-003
          13          17   1.8442159942981369E-010
          13          18  -3.6834546186783780E-009
          13          19  -6.2799150586937292E-004
          13          20   1.5871233127373556E-009
          13          21  -2.2157402655900704E-009
          13          22  -6.2653838999991816E-010
          13          23  -2.6475434881715601E-007
          13          24   3.2202314243967592E-010
          13          25   6.0925433053076799E-008
          13          26   5.2227557210637762E-008
          13          27  -3.9622115695709752E-010
          13          28  -2.6882756944070559E-009
          13          29  -1.8536992259027564E-007
          13          30  -3.1242751412928305E-009
          13          31   4.2771496677386468E-008
          13          32   3.5819708562155086E-008
          13          33  -5.1738888983377573E-009
          13          34  -1.4767891096915245E-008
          13          35  -1.2499226476485907E-007
          13          36  -1.5589168363162364E-008
          13          37   3.0358409982043263E-008
          13          38   2.5810107938525478E-008
          13          39  -1.4925237052291988E-008
          13          40  -1.4901849983313228E-008
          13          41  -3.0788585787145629E-008
          13          42  -1.4786278217470223E-008
          13          43   5.9248670314799091E-009
          13          44   4.8960373922881695E-009
          13          45  -1.0752675543428436E-008
          13          46  -2.9667463486297363E-003
          13          47  -6.0373793759809689E-010
          13          48   2.1758513316006171E-003
          13          49   5.8381060559416754E-010
          13          50  -3.1271158480465176E-010
          13          51  -4.0736570869041291E-009
          13          52  -9.8411364978694738E-010
          13          53   2.1758518521452393E-003
          13          54  -5.1065419018568224E-010
          13          55   2.3924835022899617E-009
          14           1   2.8023493075526141E-009
          14           2  -1.7428896032809335E-008
          14           3   5.3426600687820865E-009
          14           4  -2.8377079477659738E-008
          14           5   2.2491302360260171E-007
          14           6   1.1883410486070461E-007
          14           7   1.5324340657361606E-009
          14           8 -0.20883496681586822     
          14           9   5.3611881998286508E-009
          14          10  -2.6555901110376660E-009
          14          11  0.47061809917469311     
          14          12  -1.5075253398706514E-008
          14          13  -1.2632939139675632E-008
          14          14  0.14993706993982525     
          14          15  -5.3289768580511186E-009
          14          16   1.3064962186467836E-008
          14          17   6.0643084302818388E-003
          14          18  -1.1525486024197473E-008
          14          19  -3.5009015021418405E-009
          14          20  -6.2798253135400042E-004
          14          21  -1.2726581263533639E-008
          14          22  -3.9795667199064678E-009
          14          23  -3.5129024051022834E-007
          14          24   2.3430638651934297E-009
          14          25   3.8542198637564372E-008
          14          26   1.0065460269028580E-007
          14          27   2.0051166138342619E-009
          14          28  -1.2414615537133971E-008
          14          29  -2.5167912921735538E-007
          14          30  -1.5351040768562659E-008
          14          31   3.2422768151743501E-008
          14          32   6.4184565633682446E-008
          14          33  -2.3899454861387215E-008
          14          34  -7.5240278663150545E-008
          14          35  -1.6655011167336655E-007
          14          36  -7.8511982076024234E-008
          14          37   3.1814049058630729E-008
          14          38   5.2831372427862684E-008
          14          39  -7.3960599749790068E-008
          14          40  -7.2751058077710918E-008
          14          41  -4.3520717038523709E-008
          14          42  -7.3395368869672935E-008
          14          43  -2.4777992806578261E-009
          14          44   6.8051557874567147E-009
          14          45  -5.3811100178101446E-008
          14          46   2.7614072506063460E-009
          14          47   2.1758495822866266E-003
          14          48   1.4225399411992316E-009
          14          49  -2.9667469523293214E-003
          14          50  -1.0041260819078998E-009
          14          51  -1.7081498416832907E-009
          14          52   5.0452947955868801E-009
          14          53   4.0631517427329496E-009
          14          54   2.1758505766037296E-003
          14          55   9.7014840339070175E-010
          15           1   4.3804160954532087E-009
          15           2  -2.5751982382839135E-008
          15           3   1.1256533464190997E-008
          15           4  -3.2098694991472973E-008
          15           5   2.9135286141315623E-007
          15           6   1.6155581034530407E-007
          15           7   8.0130421077127577E-010
          15           8   7.9726023984958303E-010
          15           9 -0.20883497025375336     
          15          10  -2.0593156775851476E-009
          15          11   2.9710732658787823E-009
          15          12  0.47061810065346737     
          15          13  -2.0473848716583094E-008
          15          14  -5.3289768580511186E-009
