           1           1   2.3894578950420153     
           1           2  -1.0739501699699654     
           1           3  -1.0151080845379266     
           1           4  -3.4068452604370165     
           1           5 -0.47813071009606045     
           1           6  0.38211293376562094     
           1           7   1.9870091428024229E-015
           1           8  -3.0544036785997013E-014
           1           9  -1.1291596229289653E-014
           1          10  -5.7792428591682257E-015
           1          11  -2.2533022624349746E-014
           1          12  -1.7011727388456649E-014
           1          13  -3.9205386509091912E-015
           1          14  -6.9445853471748110E-015
           1          15   7.5349563708496424E-017
           1          16   1.2212463289689501E-015
           1          17   3.3989766302976744E-015
           1          18   1.3678047771302877E-015
           1          19   9.8612903951489559E-016
           1          20  -3.4005103968542783E-015
           1          21  -1.3783003173385029E-015
           1          22   1.8849429840393339     
           1          23   1.6889844301518037E-014
           1          24   1.8849429840392915     
           1          25   6.7690516916335029E-014
           1          26   7.7096387734775865E-014
           1          27   1.8849429840392131     
           1          28  0.55577813388802511     
           1          29  -6.5175922636894613E-015
           1          30  0.55577813388804187     
           1          31  -2.1004419906827195E-014
           1          32  -2.3713092088640188E-014
           1          33  0.55577813388805730     
           1          34   2.6388501937447309E-002
           1          35  -1.0831927932743462E-014
           1          36   2.6388501937458304E-002
           1          37   5.8924995366110152E-015
           1          38   5.8973291783068947E-015
           1          39   2.6388501937452236E-002
           1          40  -7.8979797981625327E-002
           1          41   1.1054307095068001E-014
           1          42  -7.8979797981653402E-002
           1          43   9.7993666211033260E-016
           1          44   2.2310976664274075E-016
           1          45  -7.8979797981644284E-002
           1          46   4.5218441720081300E-015
           1          47   7.7854221891208995E-015
           1          48   4.6716883439251394E-015
           1          49   1.1601817871213213E-014
           1          50  -2.0150598376246519E-015
           1          51  -3.6685267294098034E-016
           1          52   5.1591958767133395E-015
           1          53   4.8315283860142307E-015
           1          54   1.0565128613970541E-015
           1          55   5.2006549604747804E-015
           2           1  -1.0739501699699654     
           2           2   3.0935489746660094     
           2           3   2.3008860072425250     
           2           4   6.9392331373766210     
           2           5  0.98497413819469881     
           2           6 -0.78153612472109835     
           2           7  -9.2501705447839445E-016
           2           8   1.0482368706038464E-013
           2           9   3.9444233631166224E-014
           2          10  -4.9121481757099682E-014
           2          11   2.5884881496458044E-014
           2          12   2.4337009252869564E-014
           2          13   2.6762105332816105E-015
           2          14   4.9659396064638557E-015
           2          15   5.7154646008146116E-015
           2          16  -2.1185569863092555E-015
           2          17  -8.6989304476694385E-015
           2          18  -2.7618979158878659E-015
           2          19  -3.3476267704833186E-015
           2          20   6.9153232054800825E-015
           2          21   7.9498620160934470E-016
           2          22  -3.8908777132301302     
           2          23  -1.4022116626646963E-013
           2          24  -3.8908777132299774     
           2          25  -2.4003758445760510E-013
           2          26  -2.7519938379220453E-013
           2          27  -3.8908777132298451     
           2          28  -1.1340772676376294     
           2          29   4.6671315003820310E-014
           2          30  -1.1340772676376978     
           2          31   7.5665387330545554E-014
           2          32   8.0883404834131825E-014
           2          33  -1.1340772676377127     
           2          34  -5.6250763728295364E-002
           2          35   5.4230052361018239E-015
           2          36  -5.6250763728294746E-002
           2          37  -2.0528112060156631E-014
           2          38  -2.2517277227994546E-014
           2          39  -5.6250763728285205E-002
           2          40  0.16122293127872891     
           2          41  -1.6390026002265910E-014
           2          42  0.16122293127877696     
           2          43   9.2833444197292833E-016
           2          44   3.8850456337314481E-015
           2          45  0.16122293127876322     
           2          46   3.1588129750750771E-015
           2          47  -8.7043768360679112E-015
           2          48   8.1046166554829731E-015
           2          49  -1.0891271573400490E-014
           2          50  -5.1942087872503364E-016
           2          51   1.2935761761048077E-015
           2          52  -9.0616386566992053E-015
           2          53   1.2542988767060710E-015
           2          54   4.1633156464810453E-015
           2          55  -4.5381370660762096E-015
           3           1  -1.0151080845379266     
           3           2   2.3008860072425250     
           3           3   2.6763682193383005     
           3           4   1.1915773758343162     
           3           5   8.5258457289726974E-002
           3           6 -0.14826027881062709     
           3           7   6.6226287262741133E-013
           3           8   1.3226800485922897E-013
           3           9   1.0280547935092027E-013
           3          10  -7.0905631606619817E-013
           3          11   2.1613849623256348E-013
           3          12  -1.2249272642964771E-014
           3          13  -2.3932220235680331E-013
           3          14   2.8237418612228495E-014
           3          15   9.6801663043808487E-015
           3          16   3.7893400446650157E-014
           3          17  -9.3980080510318034E-015
           3          18  -4.7212446097119137E-015
           3          19  -9.9113860409909925E-015
           3          20   7.1582246764330019E-015
           3          21   2.0146802750251435E-015
           3          22  -1.3742861593379654     
           3          23  -1.3348985036865350E-012
           3          24  -1.3742861593369087     
           3          25  -2.0014102284324229E-012
           3          26  -2.4383581397526853E-012
           3          27  -1.3742861593366504     
           3          28 -0.16093466244239646     
           3          29   3.9752982056028469E-013
           3          30 -0.16093466244271898     
           3          31   5.9674347082637997E-013
           3          32   7.1823720523958311E-013
           3          33 -0.16093466244279572     
           3          34   1.4469525480535395E-002
           3          35  -1.4231312867189325E-013
           3          36   1.4469525480652088E-002
           3          37  -2.2431333075209799E-013
           3          38  -2.6612939450717606E-013
           3          39   1.4469525480694211E-002
           3          40   3.6131121169465243E-002
           3          41   3.7442732994190131E-014
           3          42   3.6131121169446848E-002
           3          43   7.2167407545684222E-014
           3          44   8.4184857211849723E-014
           3          45   3.6131121169426995E-002
           3          46   3.2342094804347712E-013
           3          47  -3.0587397757165251E-014
           3          48   1.4956288849035037E-013
           3          49  -6.8523169856453030E-014
           3          50  -5.7392844055311294E-015
           3          51  -8.7128860710054880E-016
           3          52   5.5758363397072570E-015
           3          53   1.4860396733263333E-013
           3          54  -2.8944816805065811E-014
           3          55   7.4481460821288185E-015
           4           1  -3.4068452604370165     
           4           2   6.9392331373766210     
           4           3   1.1915773758343162     
           4           4   33.704839582891445     
           4           5   5.1419923262901488     
           4           6  -3.7336619940455109     
           4           7   7.0545433772672632E-013
           4           8  -2.5915532732990243E-014
           4           9   1.1240671023844353E-013
           4          10  -6.4418132203117269E-013
           4          11   6.7139209906026136E-013
           4          12   2.7268399629723579E-013
           4          13  -1.4553417280176543E-013
           4          14   3.3502687846893785E-013
           4          15  -7.7033485446701050E-015
           4          16   2.0881566003305394E-014
           4          17  -7.5670092686932254E-014
           4          18   4.5354644013541016E-015
           4          19  -1.8193715850005649E-014
           4          20   2.2523062614380896E-014
           4          21  -3.2769902999402513E-015
           4          22  -15.817715465412274     
           4          23  -9.7599591888122601E-013
           4          24  -15.817715465411206     
           4          25  -2.2572697222773305E-012
           4          26  -3.0347819151706148E-012
           4          27  -15.817715465409185     
           4          28  -5.6537338454720789     
           4          29   3.0092748495069789E-013
           4          30  -5.6537338454724724     
           4          31   6.6517485838884264E-013
           4          32   9.0029193283294450E-013
           4          33  -5.6537338454729333     
           4          34 -0.37647933003676076     
           4          35  -2.9411082101841203E-014
           4          36 -0.37647933003672673     
           4          37  -2.3316224059081697E-013
           4          38  -3.4399545705966730E-013
           4          39 -0.37647933003658363     
           4          40  0.74635611176980976     
           4          41  -3.9204066988420348E-014
           4          42  0.74635611176998895     
           4          43   3.9310021502330394E-014
           4          44   9.2804275010201145E-014
           4          45  0.74635611176990957     
           4          46   2.3767051441695500E-013
           4          47  -1.9241924147934128E-013
           4          48   1.1675872585123751E-013
           4          49  -3.8016852707338888E-013
           4          50   1.6823376145343124E-014
           4          51   1.0758582070837162E-014
           4          52  -8.2851813559803886E-014
           4          53   8.5617286304878106E-014
           4          54  -1.2707013023851831E-013
           4          55  -7.6799708575756052E-014
           5           1 -0.47813071009606045     
           5           2  0.98497413819469881     
           5           3   8.5258457289726974E-002
           5           4   5.1419923262901488     
           5           5  0.78804152787010395     
           5           6 -0.56901362706465242     
           5           7  -3.1517055051786956E-013
           5           8   5.9445135567111979E-014
           5           9   2.3314255650343565E-013
           5          10   1.5324655760038619E-012
           5          11   3.7482406801338929E-013
           5          12  -2.9062548844743067E-014
           5          13   4.7599168481500166E-013
           5          14   1.2853198262391445E-013
           5          15  -3.3849281203280512E-014
           5          16  -7.7442369215064882E-014
           5          17  -2.3791540877534358E-014
           5          18   6.3155539947010074E-015
           5          19   1.4716270310925448E-014
           5          20   5.8869648339304888E-015
           5          21  -1.7875557291689676E-015
           5          22  -2.3832278062538319     
           5          23   3.6854811335350065E-013
           5          24  -2.3832278062537360     
           5          25  -4.3670641144732746E-013
           5          26  -3.2967563785614560E-014
           5          27  -2.3832278062536179     
           5          28 -0.86397016328752463     
           5          29  -1.0689060068612504E-013
           5          30 -0.86397016328756449     
           5          31   1.2850389010875027E-013
           5          32   1.0506377484115443E-014
           5          33 -0.86397016328757881     
           5          34  -5.8464733765930380E-002
           5          35   5.4039098439060871E-014
           5          36  -5.8464733765932690E-002
           5          37  -4.6133088897322490E-014
           5          38  -4.0281389991497628E-015
           5          39  -5.8464733765933030E-002
           5          40  0.11350543644778462     
           5          41  -2.4377540941817186E-014
           5          42  0.11350543644781390     
           5          43   9.2842431434451692E-015
           5          44  -1.2610760424387859E-015
           5          45  0.11350543644780904     
           5          46  -6.6752275765253344E-013
           5          47  -7.9384888607773469E-014
           5          48  -2.9706831208063821E-013
           5          49  -1.6980516536016318E-013
           5          50   2.0919855969621747E-014
           5          51   1.6886870125498655E-015
           5          52   5.1805593329696961E-015
           5          53  -3.0183934882671259E-013
           5          54  -6.9392571966685002E-014
           5          55   2.8463748566352848E-014
           6           1  0.38211293376562094     
           6           2 -0.78153612472109835     
           6           3 -0.14826027881062709     
           6           4  -3.7336619940455109     
           6           5 -0.56901362706465242     
           6           6  0.41369811122852140     
           6           7   3.9355467426083955E-013
           6           8   1.9369710237783982E-012
           6           9  -5.8387442400980063E-013
           6          10   1.7959012475337019E-013
           6          11  -9.6651478426731417E-013
           6          12   1.4317666374921963E-013
           6          13   2.3096412081673265E-014
           6          14  -3.9831953060233989E-013
           6          15   8.1164165186739702E-014
           6          16  -2.9129052860252978E-015
           6          17   6.8677998863579107E-014
           6          18  -1.4036482059991458E-014
           6          19   2.0874278346815144E-015
           6          20  -1.5798436116751247E-014
           6          21   3.3548916834552558E-015
           6          22   1.7572391167418517     
           6          23   3.2546892211829799E-013
           6          24   1.7572391167418235     
           6          25  -2.8930591753976673E-013
           6          26   3.2197820530156789E-013
           6          27   1.7572391167414818     
           6          28  0.62605448932221974     
           6          29  -9.7491832302535902E-014
           6          30  0.62605448932223662     
           6          31   8.5429664677642188E-014
           6          32  -9.5530404790028420E-014
           6          33  0.62605448932232266     
           6          34   4.1534121426078395E-002
           6          35   2.7907182356128110E-014
           6          36   4.1534121426084820E-002
           6          37  -3.5447674352043018E-014
           6          38   3.6426123785598012E-014
           6          39   4.1534121426055455E-002
           6          40  -8.2737840512791802E-002
           6          41  -3.4635143237933372E-015
           6          42  -8.2737840512814964E-002
           6          43   1.5132391244187961E-014
           6          44  -9.7465206015379123E-015
           6          45  -8.2737840512801822E-002
           6          46  -4.8904333155877534E-014
           6          47   2.3021369751548054E-013
           6          48  -2.3060961582130677E-014
           6          49   5.0923666744452285E-013
           6          50  -4.6614298517766879E-014
           6          51  -1.1841939185676683E-015
           6          52  -3.5665354134841299E-014
           6          53  -1.9610779383888674E-014
           6          54   2.2297891764028534E-013
           6          55  -9.1711210385116900E-014
           7           1   1.9870091428024229E-015
           7           2  -9.2501705447839445E-016
           7           3   6.6226287262741133E-013
           7           4   7.0545433772672632E-013
           7           5  -3.1517055051786956E-013
           7           6   3.9355467426083955E-013
           7           7   2.5643428929738237     
           7           8   4.8155923693124101E-015
           7           9   1.9428902930847603E-016
           7          10  -1.5077565436613474     
           7          11  -1.0491607582710039E-014
           7          12  -5.6621374255847161E-015
           7          13 -0.57402901188430855     
           7          14  -8.2434059578433619E-015
           7          15   2.1968538099771869E-014
           7          16   9.5222624245661455E-002
           7          17   8.8349466631504102E-015
           7          18  -2.7998436902265406E-015
           7          19  -2.0894496196816228E-002
           7          20  -1.0600895161694297E-014
           7          21  -2.2555741996386947E-015
           7          22  -4.9718672537597808E-013
           7          23  -3.3676103673530945E-014
           7          24  -5.6312600097578258E-013
           7          25  -6.6989299515330867E-015
           7          26   5.3758007737014491E-015
           7          27  -5.2942364611508099E-013
           7          28  -9.2006981388188857E-014
           7          29   7.4547186991397551E-015
           7          30  -7.8111853536290484E-014
           7          31  -3.5848440309839329E-015
           7          32  -4.9125853194361393E-015
           7          33  -8.2992954875895102E-014
           7          34   4.5579454202318851E-014
           7          35  -4.8101037207130150E-015
           7          36   4.4720455127663769E-014
           7          37  -4.0493139516383130E-015
           7          38  -1.2740381153497084E-015
           7          39   3.8149002344192146E-014
           7          40  -1.0830286806279276E-013
           7          41   7.1893268654321895E-015
           7          42  -1.0920428628016182E-013
           7          43   3.7199115166071990E-015
           7          44  -2.5119078181527010E-015
           7          45  -1.0553157529916580E-013
           7          46  0.75566934108990880     
           7          47  -3.4694469519526494E-015
           7          48  0.33794560303790672     
           7          49   8.2017725944199122E-015
           7          50  -2.0747292772694856E-015
           7          51  -1.4806564437558514E-016
           7          52  -2.8102520310830341E-015
           7          53  0.33794560303790644     
           7          54   4.1633363424272241E-017
           7          55  -1.1407541578025751E-014
           8           1  -3.0544036785997013E-014
           8           2   1.0482368706038464E-013
           8           3   1.3226800485922897E-013
           8           4  -2.5915532732990243E-014
           8           5   5.9445135567111979E-014
           8           6   1.9369710237783982E-012
           8           7   4.8155923693124101E-015
           8           8   2.5643428929738361     
           8           9   1.3045120539334754E-015
           8          10  -3.5527136788028218E-015
           8          11  -1.5077565436613669     
           8          12  -4.3715031594568404E-015
           8          13   4.3715031594606609E-015
           8          14 -0.57402901188433364     
           8          15  -5.0584536559470008E-015
           8          16  -6.0351029729225222E-015
           8          17   9.5222624245661552E-002
           8          18   4.4712497593305579E-015
           8          19  -1.5144135945281689E-015
           8          20  -2.0894496196809893E-002
           8          21  -1.2804427657053547E-015
           8          22  -8.3203555124687745E-014
           8          23  -4.2448600035857664E-014
           8          24  -1.3151184962289631E-013
           8          25  -2.9981086295026944E-014
           8          26   3.1420754538780737E-014
           8          27  -1.5396457695770500E-013
           8          28  -1.2111934313338312E-013
           8          29   1.5172306694933782E-014
           8          30  -1.0985676996391676E-013
           8          31   1.0439210124131728E-014
           8          32  -8.8302605283962150E-015
           8          33  -1.0550983749300911E-013
           8          34  -3.4585186419308528E-013
           8          35  -3.9372961237635854E-015
           8          36  -3.5602843130338491E-013
           8          37  -1.7557889992142717E-015
           8          38   6.4565430035983622E-015
           8          39  -3.5210168607298505E-013
           8          40  -5.8256573665921602E-013
           8          41   1.6490483898691382E-015
           8          42  -5.7684777419627987E-013
           8          43  -9.9778840029757229E-017
           8          44  -4.0938608252898461E-015
           8          45  -5.8029487683315101E-013
           8          46   2.7200464103320268E-015
           8          47  0.33794560303791543     
           8          48  -2.1510571101971029E-016
           8          49  0.75566934108993689     
           8          50  -3.6273067882693125E-015
           8          51   3.1425144122427918E-015
           8          52   2.9490299091601157E-015
           8          53  -1.8596235662466146E-015
           8          54  0.33794560303791998     
           8          55   3.0531133177167062E-015
           9           1  -1.1291596229289653E-014
           9           2   3.9444233631166224E-014
           9           3   1.0280547935092027E-013
           9           4   1.1240671023844353E-013
           9           5   2.3314255650343565E-013
           9           6  -5.8387442400980063E-013
           9           7   1.9428902930847603E-016
           9           8   1.3045120539334754E-015
           9           9   2.5643428929738352     
           9          10  -2.1094237467847508E-015
           9          11  -3.3445468616801614E-015
           9          12  -1.5077565436613611     
           9          13   1.2989609388115669E-014
           9          14  -1.9581558596824031E-014
           9          15 -0.57402901188435496     
           9          16  -5.0254939099052543E-015
           9          17   2.3735353960045370E-015
           9          18   9.5222624245674514E-002
           9          19  -1.6297727056799734E-015
           9          20   1.1956581558170608E-015
           9          21  -2.0894496196821585E-002
           9          22  -6.5004497849873268E-014
           9          23   4.3077189551967073E-014
           9          24  -7.9737785499522500E-014
           9          25   5.7391526423936175E-015
           9          26  -4.1482606923003882E-014
           9          27  -7.1852095613536329E-014
           9          28  -1.1919291126421965E-014
           9          29  -1.5104588959095108E-014
           9          30  -1.2589148570913828E-014
           9          31  -4.5696938115394404E-015
           9          32   1.0155267726892437E-014
           9          33  -1.6325124856585377E-014
           9          34   2.6677426603598521E-014
           9          35   1.1030502919786216E-014
           9          36   2.3632138000337676E-014
           9          37   2.4344501107586632E-015
           9          38  -4.1846820778514620E-015
           9          39   2.6103528399582361E-014
           9          40   1.6414513702006551E-013
           9          41  -4.0274333606238133E-015
           9          42   1.6520469385730197E-013
           9          43  -2.2573128650854757E-015
           9          44   6.4816589833985789E-016
           9          45   1.6315744922630300E-013
           9          46  -4.5519144009644450E-015
           9          47   8.2642226395521427E-015
           9          48  -8.8193341518670087E-015
           9          49   1.1029371860258406E-014
           9          50  0.33794560303792115     
           9          51   2.0986146509551523E-015
           9          52  0.33794560303791954     
           9          53   5.4262150328548010E-015
           9          54   6.9805272673295453E-015
           9          55  0.75566934108994466     
          10           1  -5.7792428591682257E-015
          10           2  -4.9121481757099682E-014
          10           3  -7.0905631606619817E-013
          10           4  -6.4418132203117269E-013
          10           5   1.5324655760038619E-012
          10           6   1.7959012475337019E-013
          10           7  -1.5077565436613474     
          10           8  -3.5527136788028218E-015
          10           9  -2.1094237467847508E-015
          10          10   4.0436423826361692     
          10          11   6.2172489379074723E-015
          10          12   5.9952043329641852E-015
          10          13   1.2591967847832461     
          10          14   6.3560268159838979E-015
          10          15  -1.0269562977788015E-014
          10          16 -0.20438207559398142     
          10          17  -4.1078251911147358E-015
          10          18  -1.7902346272080803E-015
          10          19   4.4298125695414095E-002
          10          20   2.3436114160448301E-015
          10          21   3.6515929169306543E-015
          10          22   2.8299890077008084E-013
          10          23   1.1585784407862016E-013
          10          24   4.7787823107566398E-013
          10          25   3.6572438357128274E-014
          10          26  -2.6893579070699221E-014
          10          27   3.9793285385395860E-013
          10          28  -7.6669047976905217E-014
          10          29  -2.8745558132068166E-014
          10          30  -1.3850135336335564E-013
          10          31  -2.5889050008975918E-015
          10          32   5.5951696104677849E-015
          10          33  -1.1753255527387287E-013
          10          34  -5.3612946869926749E-013
          10          35   6.2533234988907635E-015
          10          36  -5.1691708622417328E-013
          10          37   7.9215467993780353E-015
          10          38   2.9447876272348713E-015
          10          39  -5.2384647438325630E-013
          10          40  -1.0711177940562835E-013
          10          41  -4.7705673858434613E-015
          10          42  -1.0937291982313497E-013
          10          43  -2.5853974548195262E-015
          10          44  -8.1283504104854654E-017
          10          45  -1.1610382901086519E-013
          10          46  -1.7675207119607206     
          10          47  -1.1102230246556625E-016
          10          48 -0.79045929271660220     
          10          49  -9.1038288019309789E-015
          10          50   6.9944050551424305E-015
          10          51   4.4680198579871547E-016
          10          52  -2.8310687127921005E-015
          10          53 -0.79045929271659576     
          10          54  -1.9428902930964477E-015
          10          55   7.1609385088397649E-015
          11           1  -2.2533022624349746E-014
          11           2   2.5884881496458044E-014
          11           3   2.1613849623256348E-013
          11           4   6.7139209906026136E-013
          11           5   3.7482406801338929E-013
          11           6  -9.6651478426731417E-013
          11           7  -1.0491607582710039E-014
          11           8  -1.5077565436613669     
          11           9  -3.3445468616801614E-015
          11          10   6.2172489379074723E-015
          11          11   4.0436423826361940     
          11          12   8.7152507432935649E-015
          11          13  -1.4849232954359011E-014
          11          14   1.2591967847832892     
          11          15  -3.4416913763416263E-015
          11          16   7.9034001565478103E-015
          11          17 -0.20438207559398408     
          11          18  -1.2141329608362840E-014
          11          19   4.9855952699586720E-015
          11          20   4.4298125695406754E-002
          11          21   8.2022062752873618E-015
          11          22  -5.1608088664281184E-013
          11          23   1.2489911591853400E-013
          11          24  -3.4047713249209125E-013
          11          25   9.3189568758644611E-014
          11          26  -1.0427058783193367E-013
          11          27  -2.3463952818932180E-013
          11          28  -5.5075556356142599E-014
          11          29  -3.9734823096529811E-014
          11          30  -9.5535559638848958E-014
          11          31  -2.9548587947814364E-014
          11          32   2.9424505448136676E-014
          11          33  -1.3429776088363692E-013
          11          34   3.9632882161541039E-014
          11          35   1.6134898712587804E-015
          11          36   7.2406069658153770E-014
          11          37   6.0105668836639149E-015
          11          38  -1.7638109754787375E-014
          11          39   7.5953324071136588E-014
          11          40   2.8344499253772295E-013
          11          41   4.2079437967583445E-015
          11          42   2.6904573096767227E-013
          11          43   6.5810875054720834E-018
          11          44   9.9904792065218483E-015
          11          45   2.5909908210207207E-013
          11          46  -2.9420910152573977E-015
          11          47 -0.79045929271661963     
          11          48   9.1315843775374334E-015
          11          49  -1.7675207119607688     
          11          50   6.2588823013297537E-015
          11          51  -7.7441948309891141E-015
          11          52   2.3661628212335340E-015
          11          53   3.7470027081084005E-015
          11          54 -0.79045929271661908     
          11          55   1.9567680809088494E-015
          12           1  -1.7011727388456649E-014
          12           2   2.4337009252869564E-014
          12           3  -1.2249272642964771E-014
          12           4   2.7268399629723579E-013
          12           5  -2.9062548844743067E-014
          12           6   1.4317666374921963E-013
          12           7  -5.6621374255847161E-015
          12           8  -4.3715031594568404E-015
          12           9  -1.5077565436613611     
          12          10   5.9952043329641852E-015
          12          11   8.7152507432935649E-015
          12          12   4.0436423826361674     
          12          13  -8.1046280797687120E-015
          12          14   4.8724912993227628E-014
          12          15   1.2591967847832974     
          12          16   3.8094527532469514E-015
          12          17  -3.5509789553215422E-015
          12          18 -0.20438207559400601     
          12          19   4.6022213817654689E-015
          12          20  -1.0606966693860234E-014
          12          21   4.4298125695428153E-002
          12          22  -1.4249980027973529E-013
          12          23  -1.5162734889713135E-013
          12          24  -1.1216194801926067E-013
          12          25  -2.1080954777452224E-014
          12          26   1.7204066376161931E-013
          12          27  -1.3678663498395116E-013
          12          28  -4.9010264304566612E-014
          12          29   4.3598945483520004E-014
          12          30  -4.7364705918731163E-014
          12          31   1.4207041050139827E-014
          12          32  -4.9388617287186858E-014
          12          33  -4.4648322059602888E-014
          12          34  -9.9885063542912891E-015
          12          35  -3.5399301387184758E-014
          12          36   2.7298040293074586E-015
          12          37  -8.9652114934333160E-015
          12          38   1.0870737148348031E-014
          12          39  -1.3074573409952291E-015
          12          40  -3.7484778202730468E-014
          12          41   1.6280860983769696E-014
          12          42  -4.2705798031602267E-014
          12          43   6.9985405269481443E-015
          12          44  -2.7517588064971343E-015
          12          45  -4.9124496595224010E-014
          12          46  -8.2711615334526767E-015
          12          47  -2.5292268279736363E-014
          12          48   1.6486811915687402E-014
          12          49  -2.9337643425710680E-014
          12          50 -0.79045929271661652     
          12          51  -3.2046637867406480E-015
          12          52 -0.79045929271660686     
          12          53  -1.0880185641324029E-014
          12          54  -2.2253032749825575E-014
          12          55  -1.7675207119607488     
          13           1  -3.9205386509091912E-015
          13           2   2.6762105332816105E-015
          13           3  -2.3932220235680331E-013
          13           4  -1.4553417280176543E-013
          13           5   4.7599168481500166E-013
          13           6   2.3096412081673265E-014
          13           7 -0.57402901188430855     
          13           8   4.3715031594606609E-015
          13           9   1.2989609388115669E-014
          13          10   1.2591967847832461     
          13          11  -1.4849232954359011E-014
          13          12  -8.1046280797687120E-015
          13          13  0.39757136193573966     
          13          14  -3.0531133177171701E-015
          13          15  -7.8131945358019199E-015
          13          16  -6.4637458854810551E-002
          13          17  -7.9623807547404313E-016
          13          18   2.2898349882896112E-016
          13          19   1.4022986575288193E-002
          13          20   1.0495077029660708E-015
          13          21   1.0512424264417013E-015
          13          22   7.1007081963624690E-014
          13          23   5.1902382174987207E-014
          13          24   1.3324953190779374E-013
          13          25   1.9304544603757934E-014
          13          26  -1.9863846459065618E-015
          13          27   1.0591721232835015E-013
          13          28  -3.0751198429157208E-014
          13          29  -1.3597121037319635E-014
          13          30  -5.0090661541186455E-014
          13          31  -3.0113430233112847E-015
          13          32   7.6464403944844561E-017
          13          33  -4.3055077969744532E-014
          13          34  -1.5985514770723618E-013
          13          35   3.9304950289771475E-015
          13          36  -1.5398479223251231E-013
          13          37   3.4642183962464953E-015
          13          38   1.6242279611005477E-015
          13          39  -1.5591846062542226E-013
          13          40  -2.3843231535986400E-014
          13          41  -2.3579176759234121E-015
          13          42  -2.4525246995698497E-014
          13          43  -1.2481601762069196E-015
          13          44  -1.1473692870903014E-016
          13          45  -2.6601221526838669E-014
          13          46 -0.55545193796239434     
          13          47   3.5180192092796849E-015
          13          48 -0.24840565830358297     
          13          49   4.4408920984987629E-015
          13          50   4.3437475838476186E-015
          13          51   1.3816740381510029E-016
          13          52   1.5126788710527007E-015
          13          53 -0.24840565830358108     
          13          54   2.7824964554658661E-015
          13          55   7.5772721430700034E-015
          14           1  -6.9445853471748110E-015
          14           2   4.9659396064638557E-015
          14           3   2.8237418612228495E-014
          14           4   3.3502687846893785E-013
          14           5   1.2853198262391445E-013
          14           6  -3.9831953060233989E-013
          14           7  -8.2434059578433619E-015
          14           8 -0.57402901188433364     
          14           9  -1.9581558596824031E-014
          14          10   6.3560268159838979E-015
          14          11   1.2591967847832892     
          14          12   4.8724912993227628E-014
          14          13  -3.0531133177171701E-015
          14          14  0.39757136193576487     
          14          15   1.3627987627270575E-014
          14          16   2.3731017151350928E-015
          14          17  -6.4637458854813173E-002
          14          18  -6.1140328910806274E-015
          14          19   1.5894403848643731E-015
          14          20   1.4022986575286117E-002
          14          21   2.9673529258753747E-015
          14          22  -2.1091564851275666E-013
          14          23   8.8055367494027399E-014
          14          24  -1.4040461116880131E-013
          14          25   4.4218901938113952E-014
          14          26  -3.3147711544248320E-014
          14          27  -1.1133967471080721E-013
          14          28  -3.0341290091577046E-014
          14          29  -2.6962214288231427E-014
          14          30  -4.7675918257390774E-014
          14          31  -1.3729777394291829E-014
          14          32   9.3659224372420706E-015
          14          33  -5.8332237089036064E-014
          14          34   2.6586139049723191E-014
          14          35   6.2849745916314606E-015
          14          36   3.8584662447267780E-014
          14          37   3.6010467137341924E-015
          14          38  -5.6074585898373014E-015
          14          39   3.9073935198841494E-014
          14          40   1.1645183079756282E-013
          14          41  -6.4233938949634960E-016
          14          42   1.1134517915436732E-013
          14          43  -5.5124851776993746E-016
          14          44   3.1688649471096187E-015
          14          45   1.0872993166287212E-013
          14          46  -3.0531133177206399E-015
          14          47 -0.24840565830359551     
          14          48   1.7555401576863081E-015
          14          49 -0.55545193796242553     
          14          50  -6.9978745020871795E-015
          14          51  -2.4248620365103816E-015
          14          52  -8.4637158392896838E-015
          14          53   2.7061686225131123E-016
          14          54 -0.24840565830359562     
          14          55  -1.9713397580995296E-014
          15           1   7.5349563708496424E-017
          15           2   5.7154646008146116E-015
          15           3   9.6801663043808487E-015
          15           4  -7.7033485446701050E-015
          15           5  -3.3849281203280512E-014
          15           6   8.1164165186739702E-014
          15           7   2.1968538099771869E-014
          15           8  -5.0584536559470008E-015
          15           9 -0.57402901188435496     
          15          10  -1.0269562977788015E-014
          15          11  -3.4416913763416263E-015
          15          12   1.2591967847832974     
          15          13  -7.8131945358019199E-015
          15          14   1.3627987627270575E-014
