           1           1   5.6096021073918367E-002
           1           2  0.11914327078416274     
           1           3   9.1294010828806643E-002
           1           4   1.5102840454836752E-016
           1           5  -1.5183673404851842E-016
           1           6   1.5837126445511581E-017
           1           7   3.2253171879910415E-016
           1           8  -1.3165712924857779E-016
           1           9   3.7217672566245661E-016
           2           1  0.11914327078416274     
           2           2  0.25305037151286103     
           2           3  0.19390086578183433     
           2           4   3.2077173665303822E-016
           2           5  -3.2248856110289362E-016
           2           6   3.3636735875691403E-017
           2           7   6.8503047406386914E-016
           2           8  -2.7962876333170073E-016
           2           9   7.9047232862977373E-016
           3           1   9.1294010828806643E-002
           3           2  0.19390086578183433     
           3           3  0.14857731891942338     
           3           4   2.4579263442103074E-016
           3           5  -2.4710815806650959E-016
           3           6   2.5774284263558039E-017
           3           7   5.2490735822205175E-016
           3           8  -2.1426666549969767E-016
           3           9   6.0570260372095847E-016
           4           1   1.5102840454836752E-016
           4           2   3.2077173665303822E-016
           4           3   2.4579263442103074E-016
           4           4   4.0661670014650262E-031
           4           5  -4.0879298132331377E-031
           4           6   4.2638602416107138E-032
           4           7   8.6835839644105538E-031
           4           8  -3.5446304028639726E-031
           4           9   1.0020186104245915E-030
           5           1  -1.5183673404851842E-016
           5           2  -3.2248856110289362E-016
           5           3  -2.4710815806650959E-016
           5           4  -4.0879298132331377E-031
           5           5   4.1098091032412927E-031
           5           6  -4.2866811409516104E-032
           5           7  -8.7300599707383730E-031
           5           8   3.5636018627713645E-031
           5           9  -1.0073815830715483E-030
           6           1   1.5837126445511581E-017
           6           2   3.3636735875691403E-017
           6           3   2.5774284263558039E-017
           6           4   4.2638602416107138E-032
           6           5  -4.2866811409516104E-032
           6           6   4.4711651423658203E-033
           6           7   9.1057717027358485E-032
           6           8  -3.7169670209144897E-032
           6           9   1.0507358189676115E-031
           7           1   3.2253171879910415E-016
           7           2   6.8503047406386914E-016
           7           3   5.2490735822205175E-016
           7           4   8.6835839644105538E-031
           7           5  -8.7300599707383730E-031
           7           6   9.1057717027358485E-032
           7           7   1.8544400768537075E-030
           7           8  -7.5698060888747942E-031
           7           9   2.1398808102050282E-030
           8           1  -1.3165712924857779E-016
           8           2  -2.7962876333170073E-016
           8           3  -2.1426666549969767E-016
           8           4  -3.5446304028639726E-031
           8           5   3.5636018627713645E-031
           8           6  -3.7169670209144897E-032
           8           7  -7.5698060888747942E-031
           8           8   3.0899873734602384E-031
           8           9  -8.7349723448811171E-031
           9           1   3.7217672566245661E-016
           9           2   7.9047232862977373E-016
           9           3   6.0570260372095847E-016
           9           4   1.0020186104245915E-030
           9           5  -1.0073815830715483E-030
           9           6   1.0507358189676115E-031
           9           7   2.1398808102050282E-030
           9           8  -8.7349723448811171E-031
           9           9   2.4692573995988773E-030
