           1           1  0.13891933289498282     
           1           2  0.25692431049087328     
           1           3  0.20952738986229447     
           1           4   6.6382885086596771E-016
           1           5   4.1904087648143901E-016
           1           6   1.5596897228236261E-016
           1           7   1.8681788818493781E-016
           1           8  -1.1030932617031938E-015
           1           9  -7.5449590192267795E-016
           2           1  0.25692431049087328     
           2           2  0.47516857406180812     
           2           3  0.38751035616507706     
           2           4   1.2277191455005128E-015
           2           5   7.7499545746497980E-016
           2           6   2.8845684752013871E-016
           2           7   3.4551039617102102E-016
           2           8  -2.0401186173158305E-015
           2           9  -1.3954034603991799E-015
           3           1  0.20952738986229447     
           3           2  0.38751035616507706     
           3           3  0.31602316391667529     
           3           4   1.0012215303006927E-015
           3           5   6.3202151165353182E-016
           3           6   2.3524205684840126E-016
           3           7   2.8177017638503194E-016
           3           8  -1.6637320502261587E-015
           3           9  -1.1379701907604822E-015
           4           1   6.6382885086596771E-016
           4           2   1.2277191455005128E-015
           4           3   1.0012215303006927E-015
           4           4   4.6614465224896946E-030
           4           5   2.6148301032182653E-030
           4           6   8.6227636922328386E-031
           4           7   1.0526733879171891E-030
           4           8  -9.5182198872052607E-030
           4           9  -5.3214971047747005E-030
           5           1   4.1904087648143901E-016
           5           2   7.7499545746497980E-016
           5           3   6.3202151165353182E-016
           5           4   2.6148301032182653E-030
           5           5   1.5158516426583642E-030
           5           6   5.1857213701880574E-031
           5           7   6.2930187802044795E-031
           5           8  -5.0738679049663097E-030
           5           9  -2.9815833993865605E-030
           6           1   1.5596897228236261E-016
           6           2   2.8845684752013871E-016
           6           3   2.3524205684840126E-016
           6           4   8.6227636922328386E-031
           6           5   5.1857213701880574E-031
           6           6   1.8429866941239274E-031
           6           7   2.2230982605387473E-031
           6           8  -1.5720516981664864E-030
           6           9  -9.8188417857572031E-031
           7           1   1.8681788818493781E-016
           7           2   3.4551039617102102E-016
           7           3   2.8177017638503194E-016
           7           4   1.0526733879171891E-030
           7           5   6.2930187802044795E-031
           7           6   2.2230982605387473E-031
           7           7   2.6841202718358333E-031
           7           8  -1.9395870004891589E-030
           7           9  -1.1989608188079100E-030
           8           1  -1.1030932617031938E-015
           8           2  -2.0401186173158305E-015
           8           3  -1.6637320502261587E-015
           8           4  -9.5182198872052607E-030
           8           5  -5.0738679049663097E-030
           8           6  -1.5720516981664864E-030
           8           7  -1.9395870004891589E-030
           8           8   2.0870370885152770E-029
           8           9   1.0884912069116004E-029
           9           1  -7.5449590192267795E-016
           9           2  -1.3954034603991799E-015
           9           3  -1.1379701907604822E-015
           9           4  -5.3214971047747005E-030
           9           5  -2.9815833993865605E-030
           9           6  -9.8188417857572031E-031
           9           7  -1.1989608188079100E-030
           9           8   1.0884912069116004E-029
           9           9   6.0752591838912637E-030
