           1           1  0.22669734899847926     
           1           2  0.41467433720127389     
           1           3  0.11506193534935757     
           1           4  -1.0297850532460506E-016
           1           5  -2.1259030254168267E-017
           1           6  -1.7822978444602729E-016
           1           7  -7.9428310902886533E-017
           1           8  -3.4579944588876927E-016
           1           9  -7.1248022002066988E-017
           2           1  0.41467433720127389     
           2           2  0.75852146790860497     
           2           3  0.21047106191969961     
           2           4  -1.8836807589551881E-016
           2           5  -3.8886975604854524E-017
           2           6  -3.2601756509811710E-016
           2           7  -1.4529010737965066E-016
           2           8  -6.3253565452790147E-016
           2           9  -1.3032673928977927E-016
           3           1  0.11506193534935757     
           3           2  0.21047106191969961     
           3           3   5.8400546035624591E-002
           3           4  -5.2267510733496343E-017
           3           5  -1.0790179838898580E-017
           3           6  -9.0461860387243861E-017
           3           7  -4.0314433381741541E-017
           3           8  -1.7551309559850280E-016
           3           9  -3.6162466555470976E-017
           4           1  -1.0297850532460506E-016
           4           2  -1.8836807589551881E-016
           4           3  -5.2267510733496343E-017
           4           4   4.6778546841149208E-032
           4           5   9.6570302647848464E-033
           4           6   8.0961850183354166E-032
           4           7   3.6080742776097289E-032
           4           8   1.5708128143986802E-031
           4           9   3.2364801994912837E-032
           5           1  -2.1259030254168267E-017
           5           2  -3.8886975604854524E-017
           5           3  -1.0790179838898580E-017
           5           4   9.6570302647848464E-033
           5           5   1.9936111707714476E-033
           5           6   1.6713880406944680E-032
           5           7   7.4485602587848321E-033
           5           8   3.2428084909247365E-032
           5           9   6.6814361172867050E-033
           6           1  -1.7822978444602729E-016
           6           2  -3.2601756509811710E-016
           6           3  -9.0461860387243861E-017
           6           4   8.0961850183354166E-032
           6           5   1.6713880406944680E-032
           6           6   1.4012451492712621E-031
           6           7   6.2446653186175865E-032
           6           8   2.7186802569413580E-031
           6           9   5.6015298192655065E-032
           7           1  -7.9428310902886533E-017
           7           2  -1.4529010737965066E-016
           7           3  -4.0314433381741541E-017
           7           4   3.6080742776097289E-032
           7           5   7.4485602587848321E-033
           7           6   6.2446653186175865E-032
           7           7   2.7829423682091344E-032
           7           8   1.2115830211266964E-031
           7           9   2.4963282842949525E-032
           8           1  -3.4579944588876927E-016
           8           2  -6.3253565452790147E-016
           8           3  -1.7551309559850280E-016
           8           4   1.5708128143986802E-031
           8           5   3.2428084909247365E-032
           8           6   2.7186802569413580E-031
           8           7   1.2115830211266964E-031
           8           8   5.2747532031255482E-031
           8           9   1.0868025867012181E-031
           9           1  -7.1248022002066988E-017
           9           2  -1.3032673928977927E-016
           9           3  -3.6162466555470976E-017
           9           4   3.2364801994912837E-032
           9           5   6.6814361172867050E-033
           9           6   5.6015298192655065E-032
           9           7   2.4963282842949525E-032
           9           8   1.0868025867012181E-031
           9           9   2.2392324663845427E-032
