           1           1   2.2481850986791985     
           1           2 -0.90492658235510226     
           1           3  0.97582311896954643     
           1           4  0.20203140316185564     
           1           5   1.1550823006583002     
           1           6  -5.3339764113777180E-002
           1           7   1.4239202359708332E-014
           1           8   3.3207400565556571E-014
           1           9   6.7355671002952390E-014
           1          10  -7.9763148975381863E-016
           1          11  -1.2166835147151189E-014
           1          12   1.0695349253739937E-014
           1          13   5.2400520708745715E-015
           1          14   1.3302716359687870E-015
           1          15   4.9430284479528965E-016
           1          16   3.7093559263688969E-015
           1          17   8.6729658389477169E-016
           1          18   4.2731284906130210E-015
           1          19  -5.3755622632217455E-015
           1          20  -4.6642219511978785E-015
           1          21   2.9843943027663604E-015
           1          22 -0.45195893000956977     
           1          23  -1.1642070293795840E-015
           1          24 -0.45195893000957799     
           1          25   5.7190852078133932E-015
           1          26   4.0800099684274608E-016
           1          27 -0.45195893000957238     
           1          28 -0.23374887618386858     
           1          29  -8.1817414766136769E-016
           1          30 -0.23374887618387347     
           1          31   3.1681072223763017E-015
           1          32  -1.8936097286116092E-015
           1          33 -0.23374887618386914     
           1          34 -0.31937051932099259     
           1          35  -4.2975609296038390E-015
           1          36 -0.31937051932099147     
           1          37   7.9405303010955641E-016
           1          38   6.3488200236375131E-016
           1          39 -0.31937051932099764     
           2           1 -0.90492658235510226     
           2           2   3.2677282455897934     
           2           3  -3.5336396743277616     
           2           4 -0.68797711564659414     
           2           5  -3.9239655111201341     
           2           6  0.18136757857533720     
           2           7  -7.8319544995593563E-014
           2           8  -1.2419743967614107E-013
           2           9  -2.5386455171809512E-013
           2          10   8.6734854453490762E-015
           2          11   5.6264441737818266E-014
           2          12  -3.5715065384585794E-014
           2          13   1.2166153255110376E-015
           2          14  -3.1674307859797606E-014
           2          15  -5.1628712010395183E-015
           2          16  -1.5138356375302417E-014
           2          17   3.3746969926114137E-014
           2          18  -9.3693961805997791E-016
           2          19   1.7219466459674317E-014
           2          20  -1.5212275287584784E-014
           2          21  -8.5487041246509775E-015
           2          22   1.5947224062627967     
           2          23  -1.5552729424010520E-015
           2          24   1.5947224062628442     
           2          25  -1.2611476037944076E-014
           2          26  -7.7577278092962133E-015
           2          27   1.5947224062628176     
           2          28  0.79445485040579655     
           2          29  -5.5042138582261694E-015
           2          30  0.79445485040581221     
           2          31  -3.2663893088464889E-015
           2          32   1.6449594207198588E-014
           2          33  0.79445485040581909     
           2          34   1.0848062497410447     
           2          35   1.1739720730939319E-014
           2          36   1.0848062497410464     
           2          37  -1.1992485819714008E-014
           2          38  -1.5381163707816339E-014
           2          39   1.0848062497410473     
           3           1  0.97582311896954643     
           3           2  -3.5336396743277616     
           3           3   12.535155853255624     
           3           4   1.7589203284357167     
           3           5   10.216595256826679     
           3           6 -0.47360942289846442     
           3           7   1.0725971407324289E-014
           3           8   6.2195370722918081E-014
           3           9   1.2403371774457001E-014
           3          10   4.9881260793235289E-015
           3          11  -1.5169602794722738E-013
           3          12   4.3343500528570886E-013
           3          13  -3.3116157321391481E-014
           3          14   6.8358751808235963E-014
           3          15  -9.2371353395849775E-014
           3          16   8.1425869058786665E-014
           3          17  -1.2099285279607333E-013
           3          18   5.9136969438556275E-014
           3          19  -8.9288918720751383E-014
           3          20   8.6710115389805357E-014
           3          21  -1.9064780072421407E-014
           3          22  -4.9806964729105641     
           3          23   1.7283106438712490E-014
           3          24  -4.9806964729108039     
           3          25   8.2086159205465548E-014
           3          26   2.5562086787747744E-014
           3          27  -4.9806964729106813     
           3          28  -2.0702526356835582     
           3          29   4.2824488827247824E-014
           3          30  -2.0702526356836524     
           3          31   3.9872788658310826E-014
           3          32  -2.7902000264750580E-014
           3          33  -2.0702526356837101     
           3          34  -2.8233401422730857     
           3          35  -3.9299115270114691E-014
           3          36  -2.8233401422731457     
           3          37   3.2892760112466834E-014
           3          38   3.4500956167255636E-014
           3          39  -2.8233401422730866     
           4           1  0.20203140316185564     
           4           2 -0.68797711564659414     
           4           3   1.7589203284357167     
           4           4  0.26313191841582262     
           4           5   1.5222975878280229     
           4           6  -7.0523346460325584E-002
           4           7  -4.0876052021759626E-014
           4           8   2.4110971199477969E-014
           4           9  -1.3856247285954911E-015
           4          10   1.0285495100172082E-014
           4          11  -1.8778687780467775E-014
           4          12   5.9068525015881185E-014
           4          13  -8.7844455355303025E-015
           4          14   9.5870706172694216E-015
           4          15  -1.2867844041579396E-014
           4          16   1.2462557261553512E-014
           4          17  -1.6613502976165248E-014
           4          18   7.8746595545486739E-015
           4          19  -1.2628236299035429E-014
           4          20   1.1217362377184085E-014
           4          21  -1.8924208088397607E-015
           4          22 -0.71508130985252327     
           4          23   9.6418705257329549E-015
           4          24 -0.71508130985255436     
           4          25   6.7524229594830662E-015
           4          26   4.5552466931733735E-015
           4          27 -0.71508130985254592     
           4          28 -0.30841419973572182     
           4          29   4.6912364833584632E-015
           4          30 -0.30841419973573414     
           4          31   5.3216795296663657E-015
           4          32  -4.7184391024780846E-015
           4          33 -0.30841419973574064     
           4          34 -0.42072074940580351     
           4          35  -5.3194160156891496E-015
           4          36 -0.42072074940581061     
           4          37   4.6973976684601528E-015
           4          38   5.3299918767257422E-015
           4          39 -0.42072074940580406     
           5           1   1.1550823006583002     
           5           2  -3.9239655111201341     
           5           3   10.216595256826679     
           5           4   1.5222975878280229     
           5           5   8.8091006947777437     
           5           6 -0.40811438592383448     
           5           7   5.6712754558950370E-013
           5           8   9.9456216191994418E-014
           5           9   2.6827779957531918E-013
           5          10  -1.5640888336943100E-013
           5          11  -1.5794737980354699E-013
           5          12   2.8281239107427671E-013
           5          13   4.3596286159171120E-014
           5          14   7.0448322706639742E-014
           5          15  -4.6670809756764772E-014
           5          16   4.0120279777472560E-014
           5          17  -1.0088821411628917E-013
           5          18   3.6100900620613612E-014
           5          19  -5.8979400649484581E-014
           5          20   6.7342741404057306E-014
           5          21  -6.8565137326806645E-015
           5          22  -4.1474678411351986     
           5          23  -6.1871232363768437E-014
           5          24  -4.1474678411353958     
           5          25   1.0067266637552281E-013
           5          26   1.1792133350230630E-014
           5          27  -4.1474678411352208     
           5          28  -1.7847250612953340     
           5          29   3.9219439376127140E-014
           5          30  -1.7847250612954046     
           5          31   2.5071667386480575E-014
           5          32  -2.5671612744238013E-014
           5          33  -1.7847250612954553     
           5          34  -2.4345779797501699     
           5          35  -3.4919444034559646E-014
           5          36  -2.4345779797502121     
           5          37   2.9290088871430892E-014
           5          38   3.0274718093122937E-014
           5          39  -2.4345779797501690     
           6           1  -5.3339764113777180E-002
           6           2  0.18136757857533720     
           6           3 -0.47360942289846442     
           6           4  -7.0523346460325584E-002
           6           5 -0.40811438592383448     
           6           6   1.8907539124304793E-002
           6           7  -5.0470940431835289E-014
           6           8  -4.6211945383032632E-015
           6           9  -1.9058602242108488E-014
           6          10   6.8462566555874789E-015
           6          11   9.4161390443363118E-015
           6          12  -2.0783863038607010E-014
           6          13  -2.5922783016453744E-015
           6          14  -3.9552248966057014E-015
           6          15   4.4979508904937215E-015
           6          16  -1.5709912220781139E-015
           6          17   4.8859350547843570E-015
           6          18  -2.3455917401264023E-015
           6          19   2.5969007940185268E-015
           6          20  -3.2155750776869681E-015
           6          21   6.1041307148544711E-016
           6          22  0.19221839362979801     
           6          23   5.3295092112846673E-015
           6          24  0.19221839362980750     
           6          25  -5.9447395495349568E-015
           6          26  -2.4087211194633208E-016
           6          27  0.19221839362979670     
           6          28   8.2684188482273061E-002
           6          29  -2.0652147420859855E-015
           6          30   8.2684188482276294E-002
           6          31  -1.0368786537005911E-015
           6          32   1.1576288215816476E-015
           6          33   8.2684188482278903E-002
           6          34  0.11279079297757982     
           6          35   1.7029257743986679E-015
           6          36  0.11279079297758179     
           6          37  -1.4009269813440693E-015
           6          38  -1.3917403784396849E-015
           6          39  0.11279079297757968     
           7           1   1.4239202359708332E-014
           7           2  -7.8319544995593563E-014
           7           3   1.0725971407324289E-014
           7           4  -4.0876052021759626E-014
           7           5   5.6712754558950370E-013
           7           6  -5.0470940431835289E-014
           7           7   2.3340392475886240     
           7           8  -1.5924761509467091E-015
           7           9  -2.4980018054065991E-015
           7          10  -1.0836246783732610     
           7          11   1.2809198146612744E-014
           7          12   1.7208456881689914E-014
           7          13  0.42517413821155836     
           7          14  -1.4072076837123848E-014
           7          15  -1.9137469386976126E-014
           7          16 -0.13946563614582008     
           7          17  -2.4633073358871676E-016
           7          18  -1.1032841307212521E-015
           7          19   6.2173772404889784E-002
           7          20  -1.1393230109346665E-014
           7          21   8.0300349702966432E-015
           7          22  -1.8817266769434236E-014
           7          23   1.7496426219563568E-014
           7          24  -2.4690612832710925E-014
           7          25   2.1933589202099423E-015
           7          26   1.0001363056596588E-014
           7          27  -2.0946670750976455E-014
           7          28  -1.2689035325044214E-013
           7          29  -4.7455499667428201E-015
           7          30  -9.0652143145444604E-014
           7          31   1.6668529719337464E-014
           7          32   1.0410765128008577E-014
           7          33  -8.6652576895509288E-014
           7          34  -1.2620749968000843E-013
           7          35  -3.1793949578179176E-016
           7          36  -1.5703319702999962E-013
           7          37  -1.7448435231257523E-014
           7          38  -3.0317434545243121E-015
           7          39  -1.6300175496993400E-013
           8           1   3.3207400565556571E-014
           8           2  -1.2419743967614107E-013
           8           3   6.2195370722918081E-014
           8           4   2.4110971199477969E-014
           8           5   9.9456216191994418E-014
           8           6  -4.6211945383032632E-015
           8           7  -1.5924761509467091E-015
           8           8   2.3340392475886205     
           8           9   6.5225602696727927E-016
           8          10  -4.8294701571194302E-015
           8          11  -1.0836246783732413     
           8          12   4.0800696154974511E-015
           8          13   7.2997163869104043E-015
           8          14  0.42517413821154926     
           8          15   2.4286128663675260E-016
           8          16  -4.9023285431104568E-015
           8          17 -0.13946563614580668     
           8          18  -9.9920072216264089E-016
           8          19   3.4616406963117186E-015
           8          20   6.2173772404884059E-002
           8          21   7.6414569116778333E-016
           8          22  -3.3741186774119466E-014
           8          23  -1.5680002637536603E-015
           8          24  -3.6603994900945018E-014
           8          25  -3.2097798151762030E-015
           8          26  -3.8781185474876629E-016
           8          27  -3.8225762466768995E-014
           8          28  -2.2142020069921251E-014
           8          29  -2.5271651909930852E-016
           8          30  -2.1144794016598322E-014
           8          31  -3.5197524877358035E-016
           8          32  -8.4389809762938356E-016
           8          33  -2.0492773506487219E-014
           8          34  -2.7071868051548633E-014
           8          35   1.0497618936159830E-015
           8          36  -2.6241061953754880E-014
           8          37  -1.9959306350423916E-016
           8          38   3.3702817542231165E-015
           8          39  -2.8921371376605797E-014
           9           1   6.7355671002952390E-014
           9           2  -2.5386455171809512E-013
           9           3   1.2403371774457001E-014
           9           4  -1.3856247285954911E-015
           9           5   2.6827779957531918E-013
           9           6  -1.9058602242108488E-014
           9           7  -2.4980018054065991E-015
           9           8   6.5225602696727927E-016
           9           9   2.3340392475886187     
           9          10   3.8857805861879212E-016
           9          11  -6.3837823915946501E-016
           9          12  -1.0836246783732280     
           9          13  -2.2204460492502687E-016
           9          14  -1.2420620087993840E-015
           9          15  0.42517413821153061     
           9          16   2.5569824035898129E-015
           9          17  -5.3932552868119019E-015
           9          18 -0.13946563614580998     
           9          19  -3.2179120479369768E-015
           9          20  -3.8944542035678599E-016
           9          21   6.2173772404895841E-002
           9          22  -3.3309550463068992E-014
           9          23   2.3485403205475965E-015
           9          24  -1.6366200595391468E-014
           9          25   8.4457230822328974E-015
           9          26   8.5691317071118431E-015
           9          27  -2.0264554287157023E-014
           9          28  -5.6771061511278858E-014
           9          29   1.1322978066305874E-015
           9          30  -4.6259363129880096E-014
           9          31   3.2058344233469119E-015
           9          32   3.4009555747388831E-015
           9          33  -4.7613989095708461E-014
           9          34  -6.3614952267252050E-014
           9          35  -1.1585011471061833E-015
           9          36  -7.6332744838180766E-014
           9          37  -2.4298313250149983E-015
           9          38  -2.6348117897667172E-016
           9          39  -7.7992495331707645E-014
          10           1  -7.9763148975381863E-016
          10           2   8.6734854453490762E-015
          10           3   4.9881260793235289E-015
          10           4   1.0285495100172082E-014
          10           5  -1.5640888336943100E-013
          10           6   6.8462566555874789E-015
          10           7  -1.0836246783732610     
          10           8  -4.8294701571194302E-015
          10           9   3.8857805861879212E-016
          10          10   3.4120243811806357     
          10          11  -5.4400928206632670E-015
          10          12  -1.0436096431476415E-014
          10          13  -1.1559870096836278     
          10          14   9.5617957995841150E-015
          10          15   1.2156942119645426E-014
          10          16  0.35352893153813691     
          10          17   7.4315553710846826E-015
          10          18   1.9428902930941309E-016
          10          19 -0.15523971801248482     
          10          20   2.5014712523585219E-015
          10          21  -7.7646222784722012E-015
          10          22   1.7006733305076241E-014
          10          23  -1.3753233697804108E-014
          10          24  -2.1307831043336249E-014
          10          25  -2.1732278071600638E-014
          10          26  -2.5858744687975297E-014
          10          27  -1.6435475380667251E-014
          10          28   3.8142130188926542E-014
          10          29  -1.4200083340737849E-015
          10          30   2.6964588364979618E-014
          10          31  -7.2277727095737783E-015
          10          32  -5.6531854412900943E-015
          10          33   3.2983267602710482E-014
          10          34   2.7945141000339672E-014
          10          35   7.9456500445783988E-016
          10          36   4.6544476629207296E-014
          10          37   8.0601142311029845E-015
          10          38   1.3332238751407076E-015
          10          39   5.3317119391868183E-014
          11           1  -1.2166835147151189E-014
          11           2   5.6264441737818266E-014
          11           3  -1.5169602794722738E-013
          11           4  -1.8778687780467775E-014
          11           5  -1.5794737980354699E-013
          11           6   9.4161390443363118E-015
          11           7   1.2809198146612744E-014
          11           8  -1.0836246783732413     
          11           9  -6.3837823915946501E-016
          11          10  -5.4400928206632670E-015
          11          11   3.4120243811806392     
          11          12  -1.9984014443252818E-015
          11          13   1.9151347174783950E-015
          11          14  -1.1559870096836358     
          11          15  -8.7707618945387367E-015
          11          16   6.4531713306337224E-015
          11          17  0.35352893153813342     
          11          18   3.4555691641457997E-015
          11          19  -5.9188765000328658E-015
          11          20 -0.15523971801248859     
          11          21  -5.8980598183211441E-016
          11          22   5.1667438368572762E-014
          11          23   1.6633353032998712E-015
          11          24   7.3419207788806255E-014
          11          25   1.3867886104260185E-014
          11          26   6.7916284376080504E-015
          11          27   7.0783449583324957E-014
          11          28   2.8289290271960125E-014
          11          29   2.7976060306717541E-015
          11          30   2.8888418619402802E-014
          11          31   3.2634255921031133E-015
          11          32   3.0168105470323693E-015
          11          33   2.7858177752237843E-014
          11          34   4.8815178236154389E-014
          11          35  -1.2844503345184159E-016
          11          36   4.2879034723194047E-014
          11          37  -3.7568950723875941E-015
          11          38  -3.2886711084761460E-015
          11          39   4.0581213306255700E-014
          12           1   1.0695349253739937E-014
          12           2  -3.5715065384585794E-014
          12           3   4.3343500528570886E-013
          12           4   5.9068525015881185E-014
          12           5   2.8281239107427671E-013
          12           6  -2.0783863038607010E-014
          12           7   1.7208456881689914E-014
          12           8   4.0800696154974511E-015
          12           9  -1.0836246783732280     
          12          10  -1.0436096431476415E-014
          12          11  -1.9984014443252818E-015
          12          12   3.4120243811806281     
          12          13   8.7152507433074599E-015
          12          14   8.2156503822261142E-015
          12          15  -1.1559870096836178     
          12          16  -6.1894933622852446E-015
          12          17   1.9262369477246504E-014
          12          18  0.35352893153814446     
          12          19   8.6736173798840339E-015
          12          20  -4.8260007101675089E-015
          12          21 -0.15523971801250788     
          12          22  -1.3769998692922935E-013
          12          23  -3.3554809554720769E-015
          12          24  -2.1941363832602655E-013
          12          25  -4.2644983859683929E-014
          12          26  -4.2241910248140156E-014
          12          27  -1.9068004212917107E-013
          12          28  -4.5595387141244365E-014
          12          29  -5.0724159890071227E-015
          12          30  -5.4558248302153009E-014
          12          31  -5.2918595072379290E-015
          12          32  -4.1139767700858955E-015
          12          33  -5.1705243336590483E-014
          12          34  -9.6484437749679193E-014
          12          35   1.0097204583957392E-015
          12          36  -7.3205950883025598E-014
          12          37   5.4602502815554928E-015
          12          38  -1.8968123662346199E-015
          12          39  -6.0885654846154718E-014
          13           1   5.2400520708745715E-015
          13           2   1.2166153255110376E-015
          13           3  -3.3116157321391481E-014
          13           4  -8.7844455355303025E-015
          13           5   4.3596286159171120E-014
          13           6  -2.5922783016453744E-015
          13           7  0.42517413821155836     
          13           8   7.2997163869104043E-015
          13           9  -2.2204460492502687E-016
          13          10  -1.1559870096836278     
          13          11   1.9151347174783950E-015
          13          12   8.7152507433074599E-015
          13          13  0.39333920466475392     
          13          14  -3.3167912860676390E-015
          13          15  -6.1062266354383484E-015
          13          16 -0.12056796619964984     
          13          17  -2.5552476801138514E-015
          13          18   3.7470027081098659E-016
          13          19   5.2970352117868297E-002
          13          20  -1.1102230246251445E-015
          13          21   2.5847379792054473E-015
          13          22   6.1981885434640319E-015
          13          23   4.9525874252165659E-015
          13          24   1.8640159503613970E-014
          13          25   7.2720921333902865E-015
          13          26   8.8019059081560363E-015
          13          27   1.7240795881026188E-014
          13          28  -1.1304627143799635E-014
          13          29   3.3848294018229209E-016
          13          30  -6.5629313415210478E-015
          13          31   2.8633656296526344E-015
          13          32   2.1677079405236150E-015
          13          33  -8.4393007900315272E-015
          13          34  -6.1243542332597265E-015
          13          35  -2.7419157659438333E-016
          13          36  -1.3153074412401390E-014
          13          37  -3.1634492275303781E-015
          13          38  -5.2815985309724118E-016
          13          39  -1.5555666508712249E-014
          14           1   1.3302716359687870E-015
          14           2  -3.1674307859797606E-014
          14           3   6.8358751808235963E-014
          14           4   9.5870706172694216E-015
          14           5   7.0448322706639742E-014
          14           6  -3.9552248966057014E-015
          14           7  -1.4072076837123848E-014
          14           8  0.42517413821154926     
          14           9  -1.2420620087993840E-015
          14          10   9.5617957995841150E-015
          14          11  -1.1559870096836358     
          14          12   8.2156503822261142E-015
          14          13  -3.3167912860676390E-015
          14          14  0.39333920466475847     
          14          15   4.0245584642664809E-016
          14          16  -1.3444106938820287E-015
          14          17 -0.12056796619964895     
          14          18  -4.0939474033053471E-016
          14          19   1.6445178552260147E-015
          14          20   5.2970352117869678E-002
          14          21  -1.1796119636641255E-016
          14          22  -2.6193474014743488E-014
          14          23  -5.2366015021669185E-015
          14          24  -3.4098419775599953E-014
          14          25  -2.2585454378747725E-015
          14          26  -2.8258090910062034E-015
          14          27  -2.8267900073364463E-014
          14          28  -1.2984530477712799E-014
          14          29  -4.6634072062943465E-016
          14          30  -1.3087714048601470E-014
          14          31  -1.3254866998978204E-015
          14          32  -9.6128140487394876E-016
          14          33  -1.3228678846394253E-014
          14          34  -2.1201874205885746E-014
          14          35  -8.6115072045888541E-017
          14          36  -1.9243867672360163E-014
          14          37   1.3146003505158376E-015
          14          38   1.1622900634849394E-015
          14          39  -1.8393220550567204E-014
          15           1   4.9430284479528965E-016
          15           2  -5.1628712010395183E-015
          15           3  -9.2371353395849775E-014
          15           4  -1.2867844041579396E-014
          15           5  -4.6670809756764772E-014
          15           6   4.4979508904937215E-015
          15           7  -1.9137469386976126E-014
          15           8   2.4286128663675260E-016
          15           9  0.42517413821153061     
          15          10   1.2156942119645426E-014
          15          11  -8.7707618945387367E-015
          15          12  -1.1559870096836178     
          15          13  -6.1062266354383484E-015
          15          14   4.0245584642664809E-016
          15          15  0.39333920466474709     
          15          16   3.1641356201816938E-015
          15          17  -7.4593109467002957E-015
          15          18 -0.12056796619965113     
          15          19  -3.4139358007223552E-015
          15          20   1.9949319973733495E-015
          15          21   5.2970352117875680E-002
          15          22   2.4390518129196634E-014
          15          23  -6.9798259002745461E-016
          15          24   5.1548650051704937E-014
          15          25   1.5269182599259900E-014
          15          26   1.3937655594194633E-014
          15          27   4.3986274167180495E-014
          15          28   5.5754373795968931E-015
          15          29   1.8912467259917535E-015
          15          30   8.8619037433985335E-015
          15          31   1.7406546846915802E-015
          15          32   1.4780777677918073E-015
          15          33   7.6808056552468088E-015
          15          34   1.9228436591633260E-014
          15          35  -4.3067416534242435E-016
          15          36   1.1177381834065141E-014
          15          37  -1.8369876933804807E-015
          15          38   6.0941472737916043E-016
          15          39   7.1382185395430875E-015
          16           1   3.7093559263688969E-015
          16           2  -1.5138356375302417E-014
          16           3   8.1425869058786665E-014
          16           4   1.2462557261553512E-014
          16           5   4.0120279777472560E-014
          16           6  -1.5709912220781139E-015
          16           7 -0.13946563614582008     
          16           8  -4.9023285431104568E-015
          16           9   2.5569824035898129E-015
          16          10  0.35352893153813691     
          16          11   6.4531713306337224E-015
          16          12  -6.1894933622852446E-015
          16          13 -0.12056796619964984     
          16          14  -1.3444106938820287E-015
          16          15   3.1641356201816938E-015
          16          16   3.7001556115858536E-002
          16          17   1.5126788710517785E-015
          16          18  -4.8745729674948210E-016
          16          19  -1.6260663063886956E-002
          16          20   6.4618449480133796E-017
          16          21  -6.5052130349130355E-016
          16          22  -2.9838182139202087E-014
          16          23  -1.8237275375418564E-015
          16          24  -3.3592421446952261E-014
          16          25  -2.0737824636827702E-015
          16          26  -2.7309677614266801E-015
          16          27  -3.2923225551152893E-014
          16          28  -7.3221315912224838E-015
          16          29  -5.4258464064573211E-017
          16          30  -8.9238172548232569E-015
          16          31  -9.5660114970161454E-016
          16          32  -7.0074024562620289E-016
          16          33  -8.4045673311281536E-015
          16          34  -1.3021760610379964E-014
          16          35   7.5708497829243919E-017
          16          36  -1.0755220493491879E-014
          16          37   1.0424498037858652E-015
          16          38   1.7284410017802048E-016
          16          39  -9.9932196450841150E-015
          17           1   8.6729658389477169E-016
          17           2   3.3746969926114137E-014
          17           3  -1.2099285279607333E-013
          17           4  -1.6613502976165248E-014
          17           5  -1.0088821411628917E-013
          17           6   4.8859350547843570E-015
          17           7  -2.4633073358871676E-016
          17           8 -0.13946563614580668     
          17           9  -5.3932552868119019E-015
          17          10   7.4315553710846826E-015
          17          11  0.35352893153813342     
          17          12   1.9262369477246504E-014
          17          13  -2.5552476801138514E-015
          17          14 -0.12056796619964895     
          17          15  -7.4593109467002957E-015
          17          16   1.5126788710517785E-015
          17          17   3.7001556115857481E-002
          17          18   2.3661628212323724E-015
          17          19  -9.8749133869979862E-016
          17          20  -1.6260663063887022E-002
          17          21  -9.5106214570429396E-016
          17          22   4.8136674250379544E-014
          17          23   4.3764700289947016E-015
          17          24   5.0924914759633771E-014
          17          25  -7.4988792229225498E-016
          17          26   1.1997306180209069E-015
          17          27   4.6164722881920445E-014
          17          28   1.9992328374440552E-014
          17          29  -1.3660531446206448E-016
          17          30   1.9979374841982634E-014
          17          31   5.4520105365437978E-016
          17          32   2.5914862061092143E-016
          17          33   2.0318958281410007E-014
          17          34   2.8424906144964640E-014
          17          35   1.1645505462962431E-016
          17          36   2.7844459140410700E-014
          17          37  -4.4459366174380989E-016
          17          38  -3.5470390141927014E-016
          17          39   2.7498086734496963E-014
          18           1   4.2731284906130210E-015
          18           2  -9.3693961805997791E-016
          18           3   5.9136969438556275E-014
          18           4   7.8746595545486739E-015
          18           5   3.6100900620613612E-014
          18           6  -2.3455917401264023E-015
          18           7  -1.1032841307212521E-015
          18           8  -9.9920072216264089E-016
          18           9 -0.13946563614580998     
          18          10   1.9428902930941309E-016
          18          11   3.4555691641457997E-015
          18          12  0.35352893153814446     
          18          13   3.7470027081098659E-016
          18          14  -4.0939474033053471E-016
          18          15 -0.12056796619965113     
          18          16  -4.8745729674948210E-016
          18          17   2.3661628212323724E-015
          18          18   3.7001556115859924E-002
          18          19   8.3179990673087861E-016
          18          20  -6.4054664350444213E-016
          18          21  -1.6260663063889666E-002
          18          22  -1.9259777068318570E-014
          18          23   1.3163997813407506E-016
          18          24  -2.7533333531071458E-014
          18          25  -4.6062778621228460E-015
          18          26  -4.2488926355129685E-015
          18          27  -2.5163649907658091E-014
          18          28  -6.1337407304765241E-015
          18          29  -5.6856742763347414E-016
          18          30  -7.1741111827088055E-015
          18          31  -5.4347971231841453E-016
          18          32  -4.6102718541725322E-016
          18          33  -6.8189234444415576E-015
          18          34  -1.1934728435290093E-014
          18          35   1.3308924105100271E-016
          18          36  -9.4476326453342810E-015
          18          37   5.6643903718503463E-016
          18          38  -1.8258951759565443E-016
          18          39  -8.2202437915453286E-015
          19           1  -5.3755622632217455E-015
          19           2   1.7219466459674317E-014
          19           3  -8.9288918720751383E-014
          19           4  -1.2628236299035429E-014
          19           5  -5.8979400649484581E-014
          19           6   2.5969007940185268E-015
          19           7   6.2173772404889784E-002
          19           8   3.4616406963117186E-015
          19           9  -3.2179120479369768E-015
          19          10 -0.15523971801248482     
          19          11  -5.9188765000328658E-015
          19          12   8.6736173798840339E-015
          19          13   5.2970352117868297E-002
          19          14   1.6445178552260147E-015
          19          15  -3.4139358007223552E-015
          19          16  -1.6260663063886956E-002
          19          17  -9.8749133869979862E-016
          19          18   8.3179990673087861E-016
          19          19   7.1463255490462427E-003
          19          20   1.0972125985553413E-016
          19          21   1.6479873021780093E-017
          19          22   3.3993245944537466E-014
          19          23   7.9068282312284399E-016
          19          24   3.5631040269394299E-014
          19          25   9.1686253755350075E-016
          19          26   1.1980230263904261E-015
          19          27   3.5357246210289609E-014
          19          28   1.1593775769367328E-014
          19          29   2.3015533443376902E-017
          19          30   1.2312644326955663E-014
          19          31   4.2595048493180491E-016
          19          32   3.1194377483557753E-016
          19          33   1.2085650776720985E-014
          19          34   1.7159428038602153E-014
          19          35  -3.3833685405806186E-017
          19          36   1.6152402778673611E-014
          19          37  -4.6444190247812051E-016
          19          38  -7.7189823551621041E-017
          19          39   1.5816610615335901E-014
          20           1  -4.6642219511978785E-015
          20           2  -1.5212275287584784E-014
          20           3   8.6710115389805357E-014
          20           4   1.1217362377184085E-014
          20           5   6.7342741404057306E-014
          20           6  -3.2155750776869681E-015
          20           7  -1.1393230109346665E-014
          20           8   6.2173772404884059E-002
          20           9  -3.8944542035678599E-016
          20          10   2.5014712523585219E-015
          20          11 -0.15523971801248859     
          20          12  -4.8260007101675089E-015
          20          13  -1.1102230246251445E-015
          20          14   5.2970352117869678E-002
          20          15   1.9949319973733495E-015
          20          16   6.4618449480133796E-017
          20          17  -1.6260663063887022E-002
          20          18  -6.4054664350444213E-016
          20          19   1.0972125985553413E-016
          20          20   7.1463255490465004E-003
          20          21   2.4221076533326938E-016
          20          22  -3.4121858602929928E-014
          20          23  -3.5269671766346992E-015
          20          24  -3.5570191680247195E-014
          20          25   1.1611144503086115E-015
          20          26  -7.2522454789124695E-016
          20          27  -3.1749683977176055E-014
          20          28  -1.3409881648978801E-014
          20          29   2.2029214583472166E-016
          20          30  -1.3381115033634255E-014
          20          31  -3.2197254502872161E-016
          20          32  -9.3876359427068147E-017
          20          33  -1.3702719470699706E-014
          20          34  -1.8861048447594063E-014
          20          35  -1.0564268825069880E-016
          20          36  -1.8614398258530866E-014
          20          37   2.2305476935772062E-016
          20          38   1.5001955272366603E-016
          20          39  -1.8404580349029284E-014
          21           1   2.9843943027663604E-015
          21           2  -8.5487041246509775E-015
          21           3  -1.9064780072421407E-014
          21           4  -1.8924208088397607E-015
