           1           1  0.16525131352234285     
           1           2  0.42626513138765720     
           1           3   3.5815515283284631E-002
           1           4   5.8076059414173741E-003
           1           5  -2.8233579032846921E-003
           1           6   4.9090490232942634E-016
           1           7  -4.7377942970031685E-016
           1           8   8.6010558814058828E-016
           1           9   1.2167437946700386E-015
           1          10  -1.2308984957217926E-016
           1          11   5.0090429007692590E-016
           1          12   1.0743582741027388E-015
           1          13  -2.1467228167761264E-015
           1          14  -1.1043169050973347E-015
           1          15  -1.1516356879899164E-016
           1          16   1.9245027481797614E-015
           1          17   2.9674632502416681E-016
           2           1  0.42626513138765720     
           2           2   1.0995492765772756     
           2           3   9.2385984731563425E-002
           2           4   1.4980697320335091E-002
           2           5  -7.2828409163314166E-003
           2           6   1.2651049887313313E-015
           2           7  -1.2138814644918699E-015
           2           8   2.6864333133192979E-015
           2           9   3.1295195364513898E-015
           2          10  -2.5439404771641979E-016
           2          11   4.8792552813089336E-015
           2          12   2.7692066814509792E-015
           2          13  -5.5228694036589505E-015
           2          14  -2.0191393391200987E-015
           2          15  -2.9642276270734192E-016
           2          16   4.9597836231022961E-015
           2          17   5.1175330945521777E-016
           3           1   3.5815515283284631E-002
           3           2   9.2385984731563425E-002
           3           3   7.7624262565014965E-003
           3           4   1.2587034554857296E-003
           3           5  -6.1191657712060109E-004
           3           6   1.0876933597765449E-016
           3           7  -1.1920866702686094E-016
           3           8  -7.5276724467642080E-016
           3           9   2.8191177412332207E-016
           3          10  -1.5339392229187635E-016
           3          11  -7.0933351513710421E-015
           3          12   2.3705841452035737E-016
           3          13  -4.9456687237029435E-016
           3          14  -1.9045963396752667E-015
           3          15  -2.6247186903924081E-017
           3          16   4.2606644248764169E-016
           3          17   5.7366869422215233E-016
           4           1   5.8076059414173741E-003
           4           2   1.4980697320335091E-002
           4           3   1.2587034554857296E-003
           4           4   2.0410298745508092E-004
           4           5  -9.9224325570319440E-005
           4           6   2.1356285634352255E-017
           4           7  -4.5219632851839818E-017
           4           8  -1.5934924844036668E-015
           4           9   7.4231044948143104E-017
           4          10  -2.2340149462037688E-016
           4          11  -1.2433527525690902E-014
           4          12   4.5033895705557850E-017
           4          13  -1.2610020911771036E-016
           4          14  -2.9178142101572669E-015
           4          15  -6.2730106291955568E-018
           4          16   8.3128994410878938E-017
           4          17   8.9103437554397167E-016
           5           1  -2.8233579032846921E-003
           5           2  -7.2828409163314166E-003
           5           3  -6.1191657712060109E-004
           5           4  -9.9224325570319440E-005
           5           5   4.8237739719765462E-005
           5           6  -9.6229788907080191E-018
           5           7   1.6697295123590252E-017
           5           8   4.7423591251546999E-016
           5           9  -3.0264443037025467E-017
           5          10   6.8070585628056794E-017
           5          11   3.7406991656158743E-015
           5          12  -2.0546767435739565E-017
           5          13   5.1930572396743619E-017
           5          14   8.8578685813224570E-016
           5          15   2.6377925401706571E-018
           5          16  -3.7546138177217606E-017
           5          17  -2.7023596842709681E-016
           6           1   4.9090490232942634E-016
           6           2   1.2651049887313313E-015
           6           3   1.0876933597765449E-016
           6           4   2.1356285634352255E-017
           6           5  -9.6229788907080191E-018
           6           6   8.4281689512939869E-008
           6           7  -5.8672510976377591E-007
           6           8  -3.3346438019998455E-005
           6           9   6.4629512307954354E-007
           6          10  -4.4991691459909966E-006
           6          11  -2.5570963739506984E-004
           6          12   1.4943913092111370E-007
           6          13  -1.0403171910704835E-006
           6          14  -5.9126279335707285E-005
           6          15  -4.5709182787246253E-008
           6          16   3.1820346083467578E-007
           6          17   1.8085048360622328E-005
           7           1  -4.7377942970031685E-016
           7           2  -1.2138814644918699E-015
           7           3  -1.1920866702686094E-016
           7           4  -4.5219632851839818E-017
           7           5   1.6697295123590252E-017
           7           6  -5.8672510976377591E-007
           7           7   4.0844738212617622E-006
           7           8   2.3214048769763538E-004
           7           9  -4.4991691459913075E-006
           7          10   3.1320866089449634E-005
           7          11   1.7801169617659741E-003
           7          12  -1.0403171910695044E-006
           7          13   7.2421450216213336E-006
           7          14   4.1160628048207790E-004
           7          15   3.1820346083525107E-007
           7          16  -2.2151663257388136E-006
           7          17  -1.2589866251838983E-004
           8           1   8.6010558814058828E-016
           8           2   2.6864333133192979E-015
           8           3  -7.5276724467642080E-016
           8           4  -1.5934924844036668E-015
           8           5   4.7423591251546999E-016
           8           6  -3.3346438019998455E-005
           8           7   2.3214048769763538E-004
           8           8   1.3193671544171809E-002
           8           9  -2.5570963739508828E-004
           8          10   1.7801169617659793E-003
           8          11  0.10117269390051577     
           8          12  -5.9126279335658855E-005
           8          13   4.1160628048212815E-004
           8          14   2.3393584307758428E-002
           8          15   1.8085048360660461E-005
           8          16  -1.2589866251842767E-004
           8          17  -7.1554325468710109E-003
           9           1   1.2167437946700386E-015
           9           2   3.1295195364513898E-015
           9           3   2.8191177412332207E-016
           9           4   7.4231044948143104E-017
           9           5  -3.0264443037025467E-017
           9           6   6.4629512307954354E-007
           9           7  -4.4991691459913075E-006
           9           8  -2.5570963739508828E-004
           9           9   4.9559683548141586E-006
           9          10  -3.4500863636786718E-005
           9          11  -1.9608516692999961E-003
           9          12   1.1459402637714433E-006
           9          13  -7.9774376964932125E-006
           9          14  -4.5339653489788570E-004
           9          15  -3.5051055675400415E-007
           9          16   2.4400714564805831E-006
           9          17   1.3868111358082574E-004
          10           1  -1.2308984957217926E-016
          10           2  -2.5439404771641979E-016
          10           3  -1.5339392229187635E-016
          10           4  -2.2340149462037688E-016
          10           5   6.8070585628056794E-017
          10           6  -4.4991691459909966E-006
          10           7   3.1320866089449634E-005
          10           8   1.7801169617659793E-003
          10           9  -3.4500863636786718E-005
          10          10   2.4017699599068301E-004
          10          11   1.3650425348008822E-002
          10          12  -7.9774376964851521E-006
          10          13   5.5534755356200196E-005
          10          14   3.1563099083771569E-003
          10          15   2.4400714564848259E-006
          10          16  -1.6986503253653031E-005
          10          17  -9.6542549227581094E-004
          11           1   5.0090429007692590E-016
          11           2   4.8792552813089336E-015
          11           3  -7.0933351513710421E-015
          11           4  -1.2433527525690902E-014
          11           5   3.7406991656158743E-015
          11           6  -2.5570963739506984E-004
          11           7   1.7801169617659741E-003
          11           8  0.10117269390051577     
          11           9  -1.9608516692999961E-003
          11          10   1.3650425348008822E-002
          11          11  0.77581997981517792     
          11          12  -4.5339653489748162E-004
          11          13   3.1563099083775329E-003
          11          14  0.17938842394862120     
          11          15   1.3868111358110815E-004
          11          16  -9.6542549227609836E-004
          11          17  -5.4869820304884014E-002
          12           1   1.0743582741027388E-015
          12           2   2.7692066814509792E-015
          12           3   2.3705841452035737E-016
          12           4   4.5033895705557850E-017
          12           5  -2.0546767435739565E-017
          12           6   1.4943913092111370E-007
          12           7  -1.0403171910695044E-006
          12           8  -5.9126279335658855E-005
          12           9   1.1459402637714433E-006
          12          10  -7.9774376964851521E-006
          12          11  -4.5339653489748162E-004
          12          12   2.6496922379598350E-007
          12          13  -1.8445773668549755E-006
          12          14  -1.0483629183976588E-004
          12          15  -8.1046554599402966E-008
          12          16   5.6420378991007138E-007
          12          17   3.2066442014819570E-005
          13           1  -2.1467228167761264E-015
          13           2  -5.5228694036589505E-015
          13           3  -4.9456687237029435E-016
          13           4  -1.2610020911771036E-016
          13           5   5.1930572396743619E-017
          13           6  -1.0403171910704835E-006
          13           7   7.2421450216213336E-006
          13           8   4.1160628048212815E-004
          13           9  -7.9774376964932125E-006
          13          10   5.5534755356200196E-005
          13          11   3.1563099083775329E-003
          13          12  -1.8445773668549755E-006
          13          13   1.2840984373843386E-005
          13          14   7.2981551737317813E-004
          13          15   5.6420378991162240E-007
          13          16  -3.9276921532714727E-006
          13          17  -2.2322982393474573E-004
          14           1  -1.1043169050973347E-015
          14           2  -2.0191393391200987E-015
          14           3  -1.9045963396752667E-015
          14           4  -2.9178142101572669E-015
          14           5   8.8578685813224570E-016
          14           6  -5.9126279335707285E-005
          14           7   4.1160628048207790E-004
          14           8   2.3393584307758428E-002
          14           9  -4.5339653489788570E-004
          14          10   3.1563099083771569E-003
          14          11  0.17938842394862120     
          14          12  -1.0483629183976588E-004
          14          13   7.2981551737317813E-004
          14          14   4.1478960949725072E-002
          14          15   3.2066442014913448E-005
          14          16  -2.2322982393478558E-004
          14          17  -1.2687235238749690E-002
          15           1  -1.1516356879899164E-016
          15           2  -2.9642276270734192E-016
          15           3  -2.6247186903924081E-017
          15           4  -6.2730106291955568E-018
          15           5   2.6377925401706571E-018
          15           6  -4.5709182787246253E-008
          15           7   3.1820346083525107E-007
          15           8   1.8085048360660461E-005
          15           9  -3.5051055675400415E-007
          15          10   2.4400714564848259E-006
          15          11   1.3868111358110815E-004
          15          12  -8.1046554599402966E-008
          15          13   5.6420378991162240E-007
          15          14   3.2066442014913448E-005
          15          15   2.4789837545403165E-008
          15          16  -1.7257390352377149E-007
          15          17  -9.8082132193726032E-006
          16           1   1.9245027481797614E-015
          16           2   4.9597836231022961E-015
          16           3   4.2606644248764169E-016
          16           4   8.3128994410878938E-017
          16           5  -3.7546138177217606E-017
          16           6   3.1820346083467578E-007
          16           7  -2.2151663257388136E-006
          16           8  -1.2589866251842767E-004
          16           9   2.4400714564805831E-006
          16          10  -1.6986503253653031E-005
          16          11  -9.6542549227609836E-004
          16          12   5.6420378991007138E-007
          16          13  -3.9276921532714727E-006
          16          14  -2.2322982393478558E-004
          16          15  -1.7257390352377149E-007
          16          16   1.2013693967492129E-006
          16          17   6.8279658499595863E-005
          17           1   2.9674632502416681E-016
          17           2   5.1175330945521777E-016
          17           3   5.7366869422215233E-016
          17           4   8.9103437554397167E-016
          17           5  -2.7023596842709681E-016
          17           6   1.8085048360622328E-005
          17           7  -1.2589866251838983E-004
          17           8  -7.1554325468710109E-003
          17           9   1.3868111358082574E-004
          17          10  -9.6542549227581094E-004
          17          11  -5.4869820304884014E-002
          17          12   3.2066442014819570E-005
          17          13  -2.2322982393474573E-004
          17          14  -1.2687235238749690E-002
          17          15  -9.8082132193726032E-006
          17          16   6.8279658499595863E-005
          17          17   3.8806646627062820E-003
