           1           1   2.4924922759590600     
           1           2  -1.5256727150720937     
           1           3  -2.8639389187568467     
           1           4  -5.4688829170590738     
           1           5  0.58785866539421539     
           1           6   5.8942576264455905E-002
           1           7   1.4617445414942448E-013
           1           8   6.3448696969763275E-014
           1           9   9.8853989266391869E-015
           1          10  -5.4662775843667827E-014
           1          11  -3.6239859017846734E-014
           1          12   1.7785661996843854E-014
           1          13   8.5357623063094705E-015
           1          14  -1.9134961908447889E-014
           1          15   5.7002332301307388E-015
           1          16  -1.1092147046378571E-014
           1          17   4.6547676586545710E-015
           1          18   3.2406758684886281E-015
           1          19   9.0156631863887230E-015
           1          20  -4.9813199888052878E-016
           1          21  -6.3331812435766637E-015
           1          22   3.1929412284589738     
           1          23  -2.2487841338837542E-015
           1          24   3.1929412284589342     
           1          25  -3.2661428516193915E-014
           1          26   5.9602123971558020E-014
           1          27   3.1929412284589467     
           1          28   1.1372996782346858     
           1          29  -2.4408443498871641E-015
           1          30   1.1372996782347211     
           1          31   3.1147734618819302E-014
           1          32  -7.0263532839467828E-015
           1          33   1.1372996782347000     
           1          34 -0.23519086030341724     
           1          35  -6.7045109217105222E-015
           1          36 -0.23519086030343195     
           1          37  -3.2796082935040524E-014
           1          38  -4.6950064459288802E-015
           1          39 -0.23519086030343661     
           1          40  -7.1791493066343623E-002
           1          41   5.3826486399336791E-015
           1          42  -7.1791493066345788E-002
           1          43   1.5018468116424753E-014
           1          44   1.8267405545171348E-015
           1          45  -7.1791493066335629E-002
           1          46   8.9183415238903451E-015
           1          47   1.1343279258811310E-014
           1          48  -1.2319845775390174E-015
           1          49   1.4917018863909255E-014
           1          50  -1.9981467843000403E-016
           1          51  -2.5772865572648090E-015
           1          52  -3.8468633454669123E-015
           1          53   6.7881018893756557E-015
           1          54   1.0500204191720233E-014
           1          55  -7.9713908671216487E-015
           2           1  -1.5256727150720937     
           2           2   4.6117172714409032     
           2           3   7.0565789261594762     
           2           4   13.057734892239509     
           2           5  -1.4183760936876344     
           2           6 -0.14063666443153822     
           2           7  -5.6202769588462031E-013
           2           8  -2.8063228568206289E-013
           2           9  -6.0679497264084942E-014
           2          10   2.0502685521116792E-013
           2          11   1.2705777935389256E-013
           2          12  -3.4689620457697404E-015
           2          13   3.5266272401305192E-014
           2          14   3.2552623186729358E-014
           2          15  -3.6835998678496079E-015
           2          16   1.5073205528109938E-014
           2          17   1.2450761310502011E-015
           2          18   2.1230613296992321E-016
           2          19  -1.5225397650492024E-014
           2          20  -1.4352337517970275E-015
           2          21   6.0019152302203671E-015
           2          22  -7.6705612130297585     
           2          23   1.1088980938379960E-013
           2          24  -7.6705612130296625     
           2          25   2.6692996571009028E-014
           2          26  -1.6561116513248321E-014
           2          27  -7.6705612130297878     
           2          28  -2.7207930635411763     
           2          29  -4.4649087519615551E-014
           2          30  -2.7207930635412279     
           2          31  -1.5991805336477474E-014
           2          32   6.0890131493191958E-015
           2          33  -2.7207930635411626     
           2          34  0.56785326701201799     
           2          35   3.4628868109535490E-014
           2          36  0.56785326701204220     
           2          37   2.0752777147479914E-014
           2          38   1.7976466399853258E-015
           2          39  0.56785326701201577     
           2          40  0.17244162871365082     
           2          41  -1.2970131084083276E-014
           2          42  0.17244162871366020     
           2          43  -1.0100811257472422E-014
           2          44  -1.0678525501715446E-015
           2          45  0.17244162871366825     
           2          46  -7.3672624720024231E-014
           2          47  -3.0881831096837695E-014
           2          48  -2.8113382594196139E-014
           2          49  -5.9274277460658812E-014
           2          50  -9.6608279632482977E-016
           2          51   6.8127485930766226E-015
           2          52  -1.1700333753095025E-015
           2          53  -4.8330568919685250E-014
           2          54  -2.4096651216087404E-014
           2          55  -1.5679343270937933E-015
           3           1  -2.8639389187568467     
           3           2   7.0565789261594762     
           3           3   11.190308218744299     
           3           4   23.603400556616883     
           3           5  -2.5488637953728950     
           3           6 -0.26307302245156605     
           3           7  -7.4823764892523370E-013
           3           8  -4.4505271181034893E-013
           3           9   2.3766234586505020E-013
           3          10   3.9965104780937267E-013
           3          11   3.8614185468741389E-013
           3          12  -6.4227085536220699E-014
           3          13   3.7820313274595865E-014
           3          14   1.1389422197261281E-013
           3          15  -2.9814184595529114E-014
           3          16   3.3219292992949556E-014
           3          17  -6.7547959686927951E-015
           3          18   1.4599953885973577E-015
           3          19  -3.0040658286078507E-014
           3          20   1.5903221298185137E-016
           3          21   1.0839687038786742E-014
           3          22  -13.264354040374890     
           3          23   6.1899501640935739E-013
           3          24  -13.264354040374558     
           3          25  -3.0152669224354031E-014
           3          26   2.6671560241594343E-013
           3          27  -13.264354040374700     
           3          28  -4.9003694177326746     
           3          29  -2.0627243382289517E-013
           3          30  -4.9003694177328141     
           3          31  -5.1708963589696257E-015
           3          32  -8.1531955726181516E-014
           3          33  -4.9003694177327173     
           3          34   1.0173956746139980     
           3          35   1.1191117610967189E-013
           3          36   1.0173956746140678     
           3          37   2.7276583955551255E-014
           3          38   4.2494912201117415E-014
           3          39   1.0173956746140256     
           3          40  0.31498645211701265     
           3          41  -4.0807455386077989E-014
           3          42  0.31498645211701676     
           3          43  -1.3135934181816076E-014
           3          44  -1.2128544738081086E-014
           3          45  0.31498645211703230     
           3          46  -1.1923147736303941E-013
           3          47  -8.7149914199553425E-014
           3          48  -4.1474298818306377E-014
           3          49  -1.6940348073496968E-013
           3          50   1.1258934951317281E-014
           3          51   1.3259891877079172E-014
           3          52   7.9783776177387205E-015
           3          53  -8.1131991482728479E-014
           3          54  -7.7802799917503332E-014
           3          55   3.7016408461947650E-014
           4           1  -5.4688829170590738     
           4           2   13.057734892239509     
           4           3   23.603400556616883     
           4           4   81.348686998450233     
           4           5  -8.6566107372592036     
           4           6 -0.99273248165000794     
           4           7  -1.1860049885356481E-012
           4           8  -3.1040625715568830E-013
           4           9   3.0440209818509535E-013
           4          10   6.9300232569959730E-013
           4          11   3.9900020039472018E-013
           4          12  -5.9925467781896909E-013
           4          13  -2.9709717621636606E-013
           4          14   1.7809982052173513E-013
           4          15  -7.6601273201393855E-014
           4          16   1.9359110732905587E-013
           4          17   1.3885500664273995E-014
           4          18  -1.4546209387722762E-014
           4          19  -1.2893990005467131E-013
           4          20  -3.4420326413291600E-015
           4          21   3.6577135773211917E-014
           4          22  -39.923687555325046     
           4          23  -2.3379113159376282E-015
           4          24  -39.923687555324506     
           4          25   4.5494290491836416E-013
           4          26  -1.2585967699101380E-012
           4          27  -39.923687555323760     
           4          28  -16.722498709213703     
           4          29  -7.0147991324131383E-014
           4          30  -16.722498709213966     
           4          31  -1.3565845482445980E-013
           4          32   3.9014323535450109E-013
           4          33  -16.722498709213962     
           4          34   3.4259480314368913     
           4          35   8.9654486097087991E-014
           4          36   3.4259480314371045     
           4          37   9.8251684876053901E-014
           4          38  -1.4094619576907524E-013
           4          39   3.4259480314370361     
           4          40   1.1187557196273623     
           4          41  -5.0778123921580760E-014
           4          42   1.1187557196273428     
           4          43  -2.0376369566730032E-014
           4          44   7.6239203267193888E-014
           4          45   1.1187557196274236     
           4          46   4.9040815600332549E-014
           4          47  -1.3195885639370902E-013
           4          48   8.3654720348399230E-014
           4          49  -1.5008553025535347E-013
           4          50   5.3264114383822175E-014
           4          51   5.5705668524635107E-014
           4          52   2.6787008895673829E-015
           4          53  -8.4626848411053608E-014
           4          54  -1.2227886664520426E-013
           4          55   2.4338212769905119E-013
           5           1  0.58785866539421539     
           5           2  -1.4183760936876344     
           5           3  -2.5488637953728950     
           5           4  -8.6566107372592036     
           5           5  0.92151370926785159     
           5           6  0.10542799697161169     
           5           7   1.1708808630237651E-012
           5           8   9.9519841420362669E-014
           5           9   2.0902903027714539E-013
           5          10   1.4077981065375791E-013
           5          11   7.5403794650324564E-013
           5          12  -1.0556572452850670E-014
           5          13   3.6029835548234534E-014
           5          14   1.9843997286644972E-013
           5          15  -2.4779306325049749E-014
           5          16  -2.0032670770240345E-014
           5          17  -3.3610258650513363E-014
           5          18   6.6522021137988069E-015
           5          19   1.3415427734744603E-014
           5          20   8.4168226192823966E-015
           5          21  -5.2105209783347792E-015
           5          22   4.2627579666145037     
           5          23  -1.1286057802644602E-013
           5          24   4.2627579666142985     
           5          25   2.4765414918642266E-013
           5          26  -4.0465905190594467E-013
           5          27   4.2627579666145712     
           5          28   1.7799187111364871     
           5          29   4.1812412941681515E-014
           5          30   1.7799187111365598     
           5          31  -7.5385992934966613E-014
           5          32   1.2202238401411851E-013
           5          33   1.7799187111364525     
           5          34 -0.36477314709394898     
           5          35  -2.3867875842245515E-014
           5          36 -0.36477314709399006     
           5          37   2.6751930550839320E-014
           5          38  -5.2883572192914481E-014
           5          39 -0.36477314709393865     
           5          40 -0.11897027150140566     
           5          41   1.0026603475777091E-014
           5          42 -0.11897027150139772     
           5          43  -9.8371018375831196E-015
           5          44   1.3954922842174385E-014
           5          45 -0.11897027150142053     
           5          46  -4.1682735773295656E-014
           5          47  -1.3113217738396079E-013
           5          48  -2.5149200136125091E-014
           5          49  -3.0849065089040682E-013
           5          50   1.3217519383415024E-014
           5          51  -5.9039117225470124E-015
           5          52   1.8513634664120574E-014
           5          53  -7.3184661075251373E-015
           5          54  -1.3222316856810986E-013
           5          55   1.6555460940068935E-014
           6           1   5.8942576264455905E-002
           6           2 -0.14063666443153822     
           6           3 -0.26307302245156605     
           6           4 -0.99273248165000794     
           6           5  0.10542799697161169     
           6           6   1.2258448839367598E-002
           6           7   4.0562729691724186E-013
           6           8   6.1158268255383126E-014
           6           9   1.1442908377436370E-013
           6          10   1.2194906454086001E-014
           6          11   2.0394622713129673E-013
           6          12  -1.5138010657322500E-014
           6          13  -1.0809686042303389E-014
           6          14   5.2478864770362998E-014
           6          15  -1.1625516466739775E-014
           6          16   1.9590043141755604E-016
           6          17  -8.2087880494499330E-015
           6          18   2.1964674400452270E-015
           6          19   8.8678701883339335E-016
           6          20   2.0380186356412364E-015
           6          21  -9.5815797065903860E-016
           6          22  0.47753764412163141     
           6          23   4.4497547533043682E-014
           6          24  0.47753764412160726     
           6          25   5.9535673770352582E-014
           6          26   9.3941029640677561E-016
           6          27  0.47753764412175181     
           6          28  0.20379413851887662     
           6          29  -1.2632374749512977E-014
           6          30  0.20379413851888500     
           6          31  -1.8199544865866560E-014
           6          32  -4.0164568285974948E-016
           6          33  0.20379413851883821     
           6          34  -4.1674505503584008E-002
           6          35   4.5546999574257304E-015
           6          36  -4.1674505503588907E-002
           6          37   7.1196568121730838E-015
           6          38  -7.3157050639495544E-017
           6          39  -4.1674505503568555E-002
           6          40  -1.3708135622726436E-002
           6          41  -1.2020085178745697E-015
           6          42  -1.3708135622725388E-002
           6          43  -2.4927645822950944E-015
           6          44  -3.9059966000456454E-016
           6          45  -1.3708135622732789E-002
           6          46   1.0012206633738413E-014
           6          47  -3.5497926607488083E-014
           6          48   3.6902415028232152E-015
           6          49  -8.1239080648694413E-014
           6          50   6.1590554844762669E-015
           6          51  -6.9657684953212733E-016
           6          52   6.8428679199352963E-015
           6          53   5.7967393141426326E-015
           6          54  -3.5578900299861070E-014
           6          55   1.2117767302258565E-014
           7           1   1.4617445414942448E-013
           7           2  -5.6202769588462031E-013
           7           3  -7.4823764892523370E-013
           7           4  -1.1860049885356481E-012
           7           5   1.1708808630237651E-012
           7           6   4.0562729691724186E-013
           7           7   2.5917535724805223     
           7           8   4.7600812180779006E-015
           7           9  -3.5249581031920593E-015
           7          10  -1.5589571238819697     
           7          11  -1.7652546091531532E-014
           7          12  -4.4964032497058106E-015
           7          13 -0.56705576529375845     
           7          14  -1.8943180357663991E-014
           7          15   1.3392065234540905E-013
           7          16   8.6944647847174317E-002
           7          17  -1.0300788000348662E-014
           7          18  -4.3676867678142320E-014
           7          19  -2.2135669287519144E-002
           7          20   6.3941907324484331E-015
           7          21   1.4772037759677850E-014
           7          22   6.3335880026945040E-013
           7          23   1.3653952679784212E-013
           7          24   7.2980808537341266E-013
           7          25   4.2766540028544643E-014
           7          26   2.1711186491665459E-013
           7          27   5.7239184320943676E-013
           7          28   1.3411677242586603E-013
           7          29  -3.3853107521372868E-014
           7          30   1.1642732770629405E-013
           7          31  -5.4708196162190939E-015
           7          32  -5.8911401336408564E-014
           7          33   1.5576947619724809E-013
           7          34  -3.7827601541964403E-013
           7          35   1.0124102964544050E-014
           7          36  -3.9343742699076006E-013
           7          37   1.3901929880404992E-015
           7          38   2.1344474137494830E-014
           7          39  -3.9287975922290181E-013
           7          40  -2.8070265082102747E-013
           7          41  -6.3559293930957379E-015
           7          42  -2.7780750115908509E-013
           7          43  -2.6097964130317879E-015
           7          44  -9.1309356036990950E-015
           7          45  -2.8357182212897698E-013
           7          46  0.76924261856019083     
           7          47   1.1157741397480917E-014
           7          48  0.34401575725809896     
           7          49   2.3758772726972632E-014
           7          50  -3.0878077872391294E-014
           7          51  -4.5088944084397307E-015
           7          52  -2.7963742432746774E-014
           7          53  0.34401575725811506     
           7          54   9.6728181020471087E-015
           7          55  -6.7390537594753994E-014
           8           1   6.3448696969763275E-014
           8           2  -2.8063228568206289E-013
           8           3  -4.4505271181034893E-013
           8           4  -3.1040625715568830E-013
           8           5   9.9519841420362669E-014
           8           6   6.1158268255383126E-014
           8           7   4.7600812180779006E-015
           8           8   2.5917535724805210     
           8           9   1.0318135235111177E-014
           8          10  -7.7160500211362157E-015
           8          11  -1.5589571238819628     
           8          12  -7.1331829332206761E-015
           8          13   1.1102230246520229E-016
           8          14 -0.56705576529375945     
           8          15   3.0329905253978786E-014
           8          16   4.4166059698364507E-015
           8          17   8.6944647847159981E-002
           8          18  -9.9538433051552978E-015
           8          19   4.3194614551836178E-016
           8          20  -2.2135669287517108E-002
           8          21   2.1480213441288099E-015
           8          22   3.4762973890962871E-013
           8          23   1.0559902556778446E-014
           8          24   3.2814032452083436E-013
           8          25   5.8497236287589627E-014
           8          26   3.9708803604733408E-014
           8          27   2.7463158014970985E-013
           8          28   3.3482414751528404E-014
           8          29   1.7101512564271834E-015
           8          30   5.1766452501461199E-014
           8          31  -1.5761083353497591E-014
           8          32  -9.8599944430828963E-016
           8          33   6.8266723696640679E-014
           8          34  -3.0166843679905942E-014
           8          35  -2.1810956797811789E-015
           8          36  -4.1801420821344537E-014
           8          37   4.7733234112742307E-015
           8          38  -4.9420903305687172E-015
           8          39  -3.8593434975068319E-014
           8          40  -2.7674275360737059E-014
           8          41  -4.0914940367793024E-015
           8          42  -3.5828469948949505E-014
           8          43  -3.7361395436130469E-015
           8          44   8.8582752355618407E-016
           8          45  -3.6161780458911907E-014
           8          46  -1.4710455076318957E-015
           8          47  0.34401575725811295     
           8          48  -3.8441472227652514E-015
           8          49  0.76924261856019227     
           8          50  -3.4347524824334225E-015
           8          51  -1.8426097671815655E-015
           8          52  -2.6645352591004041E-015
           8          53   4.0384362520715275E-015
           8          54  0.34401575725810313     
           8          55  -1.2156942119644480E-014
           9           1   9.8853989266391869E-015
           9           2  -6.0679497264084942E-014
           9           3   2.3766234586505020E-013
           9           4   3.0440209818509535E-013
           9           5   2.0902903027714539E-013
           9           6   1.1442908377436370E-013
           9           7  -3.5249581031920593E-015
           9           8   1.0318135235111177E-014
           9           9   2.5917535724805285     
           9          10  -1.1435297153613820E-014
           9          11  -3.8635761256959745E-014
           9          12  -1.5589571238819853     
           9          13   2.7755575616578840E-016
           9          14  -4.8093473647982047E-014
           9          15 -0.56705576529379376     
           9          16   3.1339514316994693E-014
           9          17   1.8528581446907888E-014
           9          18   8.6944647847171208E-002
           9          19  -5.9535709695518703E-015
           9          20  -2.1731748345286766E-015
           9          21  -2.2135669287506821E-002
           9          22  -2.0303058032298703E-013
           9          23  -7.3749252123190864E-014
           9          24  -1.6833650018586718E-013
           9          25  -2.1758663899961280E-014
           9          26  -1.5897938493576428E-013
           9          27  -3.0209672686294718E-013
           9          28  -8.3331219378641671E-014
           9          29  -3.9689843866664214E-016
           9          30  -1.2556432366367979E-013
           9          31   5.0252251855638075E-015
           9          32   1.7482214805602816E-014
           9          33  -6.6810806912590534E-014
           9          34  -6.3234575257960939E-014
           9          35   2.3475022335287845E-014
           9          36  -6.1864902954810155E-014
           9          37  -7.4013499139149639E-015
           9          38   1.4663442917394174E-014
           9          39  -7.8376460322577438E-014
           9          40  -6.6218478902900749E-014
           9          41  -9.1580030702358698E-015
           9          42  -7.8444380377240718E-014
           9          43  -1.8680680922640885E-014
           9          44  -2.1083524098994458E-014
           9          45  -6.5376054468190473E-014
           9          46  -3.2918112680147043E-014
           9          47   7.8340112175124757E-015
           9          48   1.7916224059888786E-014
           9          49   3.4403035975574746E-014
           9          50  0.34401575725811073     
           9          51   8.9197019965980655E-015
           9          52  0.34401575725811473     
           9          53   3.0267455208834318E-014
           9          54   1.0685896612004183E-015
           9          55  0.76924261856023834     
          10           1  -5.4662775843667827E-014
          10           2   2.0502685521116792E-013
          10           3   3.9965104780937267E-013
          10           4   6.9300232569959730E-013
          10           5   1.4077981065375791E-013
          10           6   1.2194906454086001E-014
          10           7  -1.5589571238819697     
          10           8  -7.7160500211362157E-015
          10           9  -1.1435297153613820E-014
          10          10   4.1203613152313316     
          10          11   2.3092638912173620E-014
          10          12   1.6653345369285619E-014
          10          13   1.2224186767244307     
          10          14   4.4131365228840323E-014
          10          15  -6.1617377866694598E-014
          10          16 -0.18286450985594066     
          10          17   4.3257064596951919E-014
          10          18   1.8186840922134737E-014
          10          19   4.6011923853783242E-002
          10          20  -1.6021906024114444E-014
          10          21   5.7991805801998165E-015
          10          22  -4.5992235974014942E-013
          10          23  -4.9577262902524152E-013
          10          24  -7.8943939775230731E-013
          10          25  -1.4866204985362861E-013
          10          26  -7.7800068997586154E-013
          10          27  -1.9657389788020382E-013
          10          28  -1.4325217629021035E-013
          10          29   1.1757801972515734E-013
          10          30  -8.6071414646600346E-014
          10          31   1.5080319005245934E-014
          10          32   2.0231160496615444E-013
          10          33  -2.5837591198823826E-013
          10          34  -5.6419172841149836E-014
          10          35  -1.9711646830578873E-014
          10          36  -4.2413323790349600E-014
          10          37  -7.2503868346959774E-015
          10          38  -5.4694951750156830E-014
          10          39   4.0531185212266867E-015
          10          40  -2.3417288320628443E-014
          10          41   1.9184528824799605E-014
          10          42  -2.0470411122451056E-014
          10          43  -6.5036376209479944E-015
          10          44   2.5668753502157036E-014
          10          45  -1.5173471399064600E-014
          10          46  -1.7721934670297288     
          10          47  -3.2973623831360460E-014
          10          48 -0.79254901231187325     
          10          49  -6.9833028248902202E-014
          10          50   9.6589403142533612E-015
          10          51   1.5469501653178474E-014
          10          52  -8.3821838359177120E-015
          10          53 -0.79254901231190078     
          10          54  -2.4313884239292484E-014
          10          55   1.3877787807839098E-014
          11           1  -3.6239859017846734E-014
          11           2   1.2705777935389256E-013
          11           3   3.8614185468741389E-013
          11           4   3.9900020039472018E-013
          11           5   7.5403794650324564E-013
          11           6   2.0394622713129673E-013
          11           7  -1.7652546091531532E-014
          11           8  -1.5589571238819628     
          11           9  -3.8635761256959745E-014
          11          10   2.3092638912173620E-014
          11          11   4.1203613152313432     
          11          12   1.6320278462005310E-014
          11          13   2.0539125955472697E-015
          11          14   1.2224186767243976     
          11          15   6.1756155744773626E-014
          11          16  -3.6290415117417513E-015
          11          17 -0.18286450985589855     
          11          18  -1.7444379274421542E-014
          11          19  -7.2060413192081126E-015
          11          20   4.6011923853775200E-002
          11          21   1.3146601862688387E-014
          11          22  -4.9148585095748982E-013
          11          23  -4.0153308626829521E-014
          11          24  -4.6125620605140145E-013
          11          25  -2.1632549017732628E-013
          11          26  -1.5168050405399116E-013
          11          27  -2.4491460251736228E-013
          11          28  -1.1802559061193766E-013
          11          29  -1.4341452184843634E-014
          11          30  -1.5059393561824889E-013
          11          31   6.0223642797884952E-014
          11          32   2.1130143754069470E-014
          11          33  -2.2532730090123829E-013
          11          34  -2.5259658237314315E-013
          11          35   2.2305797699036694E-014
          11          36  -2.2334495918481598E-013
          11          37  -2.4289762188616868E-014
          11          38   8.5982337407160445E-015
          11          39  -2.1403537972883871E-013
          11          40  -1.6693259711928905E-013
          11          41   3.3956337580959099E-015
          11          42  -1.6225828614814139E-013
          11          43   7.5871109843547664E-015
          11          44   1.4507745360810237E-015
          11          45  -1.5526726455454704E-013
          11          46  -1.6209256159515005E-014
          11          47 -0.79254901231190988     
          11          48   1.5376588891060501E-014
          11          49  -1.7721934670297093     
          11          50  -3.2945868255754038E-014
          11          51   7.8697258622922098E-015
          11          52  -2.9143354396410498E-014
          11          53  -3.4972025275606193E-015
          11          54 -0.79254901231189467     
          11          55  -4.0523140398822101E-014
          12           1   1.7785661996843854E-014
          12           2  -3.4689620457697404E-015
          12           3  -6.4227085536220699E-014
          12           4  -5.9925467781896909E-013
          12           5  -1.0556572452850670E-014
          12           6  -1.5138010657322500E-014
          12           7  -4.4964032497058106E-015
          12           8  -7.1331829332206761E-015
          12           9  -1.5589571238819853     
          12          10   1.6653345369285619E-014
          12          11   1.6320278462005310E-014
          12          12   4.1203613152313290     
          12          13   8.9928064994291323E-015
          12          14   6.0784710598264476E-015
          12          15   1.2224186767244380     
          12          16  -6.5988881026073444E-015
          12          17  -8.0005446712037627E-015
          12          18 -0.18286450985593319     
          12          19   6.4358240958720421E-015
          12          20   2.6098914696025072E-015
          12          21   4.6011923853777753E-002
          12          22   8.5479520479436630E-014
          12          23   2.3075972619654368E-013
          12          24   7.7877383445317929E-014
          12          25   1.2755898846779792E-013
          12          26   5.6363120428491561E-013
          12          27   5.6877679727050098E-013
          12          28   1.7469666455939088E-013
          12          29  -5.3497668765825185E-014
          12          30   1.9298924334051610E-013
          12          31  -3.8545183011394787E-014
          12          32  -1.5646823427319335E-013
          12          33   3.8000864105086949E-014
          12          34  -1.6918705249969171E-014
          12          35   1.0551324532009534E-014
          12          36  -3.5399846565133031E-014
          12          37   1.4363783292612518E-014
          12          38   5.8587785738919214E-014
          12          39   3.7210174310365781E-014
          12          40   1.3656130307026157E-014
          12          41  -6.8854512553210132E-015
          12          42   1.8645434882660332E-014
          12          43  -1.5173648514129295E-015
          12          44  -1.8582670309113297E-014
          12          45  -4.9202909526340428E-015
          12          46   9.1038288019668342E-015
          12          47  -1.7208456881734237E-015
          12          48  -2.3314683517129875E-014
          12          49  -1.2767564783199002E-014
          12          50 -0.79254901231189612     
          12          51  -1.5774873982799177E-014
          12          52 -0.79254901231187946     
          12          53  -1.2267964422074971E-014
          12          54   7.6327832943028453E-015
          12          55  -1.7721934670297337     
          13           1   8.5357623063094705E-015
          13           2   3.5266272401305192E-014
          13           3   3.7820313274595865E-014
          13           4  -2.9709717621636606E-013
          13           5   3.6029835548234534E-014
          13           6  -1.0809686042303389E-014
          13           7 -0.56705576529375845     
          13           8   1.1102230246520229E-016
          13           9   2.7755575616578840E-016
          13          10   1.2224186767244307     
          13          11   2.0539125955472697E-015
          13          12   8.9928064994291323E-015
          13          13  0.36812410522156436     
          13          14   1.1629586182945454E-014
          13          15  -2.3064883336587757E-014
          13          16  -5.5179139104271302E-002
          13          17   1.2757156442331508E-014
          13          18   7.1782857435900982E-015
          13          19   1.3897560123215762E-002
          13          20  -4.8294701571169334E-015
          13          21   8.6909646146756725E-016
          13          22   9.4836273254035487E-014
          13          23  -1.5326313676930469E-013
          13          24   1.8717435782655040E-017
          13          25  -6.2333142142979790E-014
          13          26  -2.6181860626771374E-013
          13          27   1.5937259317997544E-013
          13          28   6.5019518596366635E-014
          13          29   3.7012962779248460E-014
          13          30   8.1331749136957082E-014
          13          31   1.0210647750444605E-014
          13          32   6.9739672652590533E-014
          13          33   3.5523240079994112E-014
          13          34  -1.8379016238261237E-014
          13          35  -7.1018417463554933E-015
          13          36  -1.3523645470393732E-014
          13          37  -4.4664224279005130E-015
          13          38  -2.0676502742314422E-014
          13          39  -2.3290883600286385E-015
          13          40   3.5688880527228972E-016
          13          41   6.0058244288428265E-015
          13          42   9.6172767841570064E-016
          13          43  -8.9114484345692440E-016
          13          44   9.0165558992744127E-015
          13          45   3.2624654901403715E-015
          13          46 -0.53092584448433389     
          13          47  -8.6874951676896916E-015
          13          48 -0.23743725585568243     
          13          49  -1.8318679906308532E-014
          13          50   3.5804692544215919E-015
          13          51   4.5192614182662696E-015
          13          52  -1.5543122344739566E-015
          13          53 -0.23743725585569087     
          13          54  -6.2311267257094941E-015
          13          55   5.8009153036760102E-015
          14           1  -1.9134961908447889E-014
          14           2   3.2552623186729358E-014
          14           3   1.1389422197261281E-013
          14           4   1.7809982052173513E-013
          14           5   1.9843997286644972E-013
          14           6   5.2478864770362998E-014
          14           7  -1.8943180357663991E-014
          14           8 -0.56705576529375945     
          14           9  -4.8093473647982047E-014
          14          10   4.4131365228840323E-014
          14          11   1.2224186767243976     
          14          12   6.0784710598264476E-015
          14          13   1.1629586182945454E-014
          14          14  0.36812410522154559     
          14          15   1.7763568394002012E-014
          14          16  -2.8900493109767532E-015
          14          17  -5.5179139104257445E-002
          14          18  -4.6854881086128826E-015
          14          19  -1.6028844918027587E-015
          14          20   1.3897560123213065E-002
          14          21   3.6260057456599499E-015
          14          22  -1.6266214453856123E-013
          14          23  -1.2331207249588366E-014
          14          24  -1.5356590542884591E-013
          14          25  -5.6575430089415578E-014
          14          26  -4.0431762662507990E-014
          14          27  -1.0480577797110957E-013
          14          28  -4.6113852636035317E-014
          14          29  -3.8601464909269455E-015
          14          30  -5.5998605587901499E-014
          14          31   1.5561600559966490E-014
          14          32   4.7959648630016306E-015
          14          33  -7.3321419553292133E-014
          14          34  -6.5779123444511317E-014
          14          35   6.2075422373911844E-015
          14          36  -5.7108099249055837E-014
          14          37  -6.1709841507677873E-015
          14          38   3.0984970137655430E-015
          14          39  -5.6454910077938714E-014
          14          40  -4.4207193184484288E-014
          14          41   1.1809758967396168E-015
          14          42  -4.2474985535074254E-014
          14          43   2.0352895716752590E-015
          14          44   2.0655374842788765E-016
          14          45  -3.9951945964052656E-014
          14          46  -2.0400348077483269E-014
          14          47 -0.23743725585568679     
          14          48  -2.7200464103308171E-015
          14          49 -0.53092584448431412     
          14          50  -9.9781294338191813E-015
          14          51   2.2754999357221099E-015
          14          52  -8.9511731360401621E-015
          14          53  -8.3405504724937654E-015
          14          54 -0.23743725585568207     
          14          55  -1.2864709297844864E-014
          15           1   5.7002332301307388E-015
          15           2  -3.6835998678496079E-015
          15           3  -2.9814184595529114E-014
          15           4  -7.6601273201393855E-014
          15           5  -2.4779306325049749E-014
          15           6  -1.1625516466739775E-014
          15           7   1.3392065234540905E-013
          15           8   3.0329905253978786E-014
          15           9 -0.56705576529379376     
          15          10  -6.1617377866694598E-014
          15          11   6.1756155744773626E-014
          15          12   1.2224186767244380     
          15          13  -2.3064883336587757E-014
          15          14   1.7763568394002012E-014
