           1           1   2.2140211561835157     
           1           2 -0.74809001457569535     
           1           3   9.0406981517890062E-002
           1           4  0.14379563521858693     
           1           5  -2.0585777643153103E-002
           1           6  -1.8748618125568228E-002
           1           7   6.2524042671366573E-014
           1           8  -1.6029975413850971E-014
           1           9   3.0047427803299120E-012
           1          10  -8.8500178726789146E-015
           1          11   5.3632919449910362E-015
           1          12   8.1431615478612052E-014
           1          13   8.6548752334176255E-015
           1          14   9.5425550726950410E-015
           1          15  -4.6894565197280324E-015
           1          16  -1.5723904373280062E-014
           1          17  -1.4650556105993507E-014
           1          18   4.7435145557803913E-015
           1          19   2.5148264945994452E-014
           1          20  -5.0358119570177245E-015
           1          21  -2.6439981073067073E-014
           1          22   1.1149994522638144E-002
           1          23   2.2234993033130620E-011
           1          24   9.3047851403745482E-003
           1          25   5.7748999910249106E-011
           1          26   8.9876350271486869E-010
           1          27   9.8914013769401850E-003
           1          28  -3.1507768311600133E-003
           1          29   1.6184066055569131E-011
           1          30  -4.1580142596968038E-003
           1          31   3.0360343263482044E-011
           1          32   6.2937635224613516E-010
           1          33  -4.0946696884766581E-003
           1          34   5.6082548661436742E-003
           1          35   5.6164076540470205E-012
           1          36   4.3049789387311788E-003
           1          37   5.6202756023784020E-011
           1          38   1.2431998621121832E-010
           1          39   5.4707539608038740E-003
           1          40   1.9138361311877535E-003
           1          41  -2.2380087808870676E-013
           1          42   1.7467864550669734E-003
           1          43   1.6163824383826599E-011
           1          44  -7.7959826912257804E-011
           1          45   1.9827894470363342E-003
           1          46  -6.5092550439499138E-015
           1          47  -2.5120986571842823E-015
           1          48   3.4920077386004865E-016
           1          49  -3.5768727677200377E-015
           1          50   3.0522254370178915E-016
           1          51  -1.0339809755853010E-015
           1          52  -1.5169692011817610E-015
           1          53  -4.0426012405090027E-015
           1          54  -7.5911552366783690E-016
           1          55  -1.1437533001485762E-014
           2           1 -0.74809001457569535     
           2           2   2.5816786291657774     
           2           3 -0.47018767537246475     
           2           4 -0.49053718647098488     
           2           5   6.7516207181464477E-002
           2           6   6.5548241359958598E-002
           2           7  -2.4484828711099558E-013
           2           8   4.5061874049056025E-014
           2           9  -8.5192602215490674E-012
           2          10   4.7870403481393304E-014
           2          11  -9.7438114063284155E-015
           2          12  -2.3183039159247639E-013
           2          13   3.5095765449772259E-015
           2          14  -5.0051979877356756E-014
           2          15   1.9375137169965383E-014
           2          16   4.3886631263617546E-014
           2          17   6.7643222136130650E-014
           2          18  -1.9927909058539924E-014
           2          19  -7.9981900730953367E-014
           2          20   6.9386207976281735E-015
           2          21   9.3113767309451318E-014
           2          22  -2.1780475954945800E-002
           2          23  -8.9496167851427466E-011
           2          24  -1.4510735430301141E-002
           2          25  -2.0893176764424829E-010
           2          26  -3.6266608310068278E-009
           2          27  -1.6683839552502168E-002
           2          28  -4.0438219330729821E-003
           2          29  -6.4438649913034310E-011
           2          30   1.5534208723601999E-004
           2          31  -1.1534685701081171E-010
           2          32  -2.5168751705853145E-009
           2          33  -3.0344546437097500E-004
           2          34  -1.8343396348349448E-002
           2          35  -2.3538874507184241E-011
           2          36  -1.3113712469995174E-002
           2          37  -2.1245721794975089E-010
           2          38  -5.9463905657963554E-010
           2          39  -1.7694411241525147E-002
           2          40  -6.7366808542640329E-003
           2          41  -2.4488586472847043E-013
           2          42  -6.0587654417153837E-003
           2          43  -5.8114624483965114E-011
           2          44   2.2167249567953799E-010
           2          45  -6.9223385972246466E-003
           2          46   6.8616042843729977E-015
           2          47   1.4384625022344048E-014
           2          48  -7.5274709030536852E-015
           2          49   1.1779649027555951E-014
           2          50  -2.6954538812395945E-015
           2          51   8.2673551089083652E-015
           2          52   3.5217665763075025E-015
           2          53   9.2400847012300684E-015
           2          54   3.4957841896477131E-015
           2          55   3.0165315795965137E-014
           3           1   9.0406981517890062E-002
           3           2 -0.47018767537246475     
           3           3  0.73967552446475904     
           3           4  0.58720005900204342     
           3           5 -0.11291587809792097     
           3           6 -0.12483558278108627     
           3           7   3.2096999443084360E-013
           3           8  -4.0369963147496204E-014
           3           9   9.8603663424254855E-014
           3          10  -6.6988296870635443E-015
           3          11   3.9986796886598636E-014
           3          12   8.2872505166814851E-014
           3          13   8.9460683933703736E-015
           3          14   1.0657251951686489E-013
           3          15  -3.7035831606633038E-014
           3          16  -8.7821054118419897E-014
           3          17  -1.3570716749559763E-013
           3          18   2.8204190158813287E-014
           3          19   1.6098286670017003E-013
           3          20  -1.1626980290930453E-014
           3          21  -1.8212128714980470E-013
           3          22   3.1147474635086311E-002
           3          23   1.3500823636706199E-010
           3          24   2.1132379360084254E-002
           3          25   3.3673106590369836E-010
           3          26   5.5098742568832493E-009
           3          27   2.3269981642673937E-002
           3          28   1.8235377773233325E-002
           3          29   9.0402838060240116E-011
           3          30   1.0916598760823036E-002
           3          31   2.7033001582529330E-010
           3          32   3.4574595305129690E-009
           3          33   1.3203318637241012E-002
           3          34   2.5648288358898992E-002
           3          35   3.4488494063301087E-011
           3          36   1.8514923431418955E-002
           3          37   3.3367682285202055E-010
           3          38   7.3367602951735168E-010
           3          39   2.4674463490387499E-002
           3          40   8.8562929371845452E-003
           3          41  -4.2026512850145339E-012
           3          42   7.6472926471150126E-003
           3          43   1.1876795828756279E-010
           3          44  -6.6091605204752142E-010
           3          45   9.5132648894666397E-003
           3          46  -1.3174269348622722E-014
           3          47  -2.7372683547227939E-014
           3          48   1.4883635007624878E-014
           3          49  -2.4705104291025985E-014
           3          50   1.1383973123366860E-014
           3          51  -1.3189790130732095E-014
           3          52   8.1477836734987639E-015
           3          53  -1.4982575699364443E-014
           3          54  -1.0100644865198882E-014
           3          55   2.6138869291890480E-015
           4           1  0.14379563521858693     
           4           2 -0.49053718647098488     
           4           3  0.58720005900204342     
           4           4  0.48984484455966271     
           4           5 -0.15185586964970954     
           4           6 -0.19542631117871229     
           4           7  -1.0861085417221923E-013
           4           8  -2.0346261157037369E-013
           4           9   3.7165157122694702E-012
           4          10  -6.9023759102320362E-014
           4          11  -3.4039715228486904E-015
           4          12   9.0503844071106642E-014
           4          13  -1.4892605967264530E-014
           4          14   1.6307914863080446E-013
           4          15  -9.4862790166467462E-014
           4          16  -1.4332271695387635E-013
           4          17  -2.3046838882863685E-013
           4          18   3.2286162683657100E-014
           4          19   2.6141729894118425E-013
           4          20  -1.5022863231896317E-014
           4          21  -2.8870682768493191E-013
           4          22   2.6552780063228459E-002
           4          23   1.2471872228451074E-010
           4          24   1.5906992985917318E-002
           4          25   6.0878893794738880E-010
           4          26   5.3640406547780250E-009
           4          27   1.9198587436475525E-002
           4          28   1.6215803237037429E-002
           4          29   8.3426967625539703E-011
           4          30   8.7818629524401819E-003
           4          31   4.6109868741883583E-010
           4          32   3.2884736029026031E-009
           4          33   1.1530117372283859E-002
           4          34   2.4621014034953710E-002
           4          35   2.6909322111037029E-011
           4          36   1.8127542141221007E-002
           4          37   4.5969330220401794E-010
           4          38   2.3505552314009559E-010
           4          39   2.4093839792580889E-002
           4          40   9.1847490328686564E-003
           4          41  -1.4226519433246860E-011
           4          42   7.8595483220990376E-003
           4          43   1.8857622035483779E-010
           4          44  -1.3747490040224727E-009
           4          45   1.0610877606006477E-002
           4          46  -1.9862854441698096E-014
           4          47  -4.0905815423805539E-014
           4          48   2.0543534610662031E-014
           4          49  -4.0934121070188942E-014
           4          50   1.0644917572431284E-014
           4          51  -1.8375610144634275E-014
           4          52   1.4687728582966414E-014
           4          53  -1.7280185914505566E-014
           4          54  -1.6195989144942358E-014
           4          55   3.5892991316488506E-015
           5           1  -2.0585777643153103E-002
           5           2   6.7516207181464477E-002
           5           3 -0.11291587809792097     
           5           4 -0.15185586964970954     
           5           5  0.24585013289906718     
           5           6  0.37459384164257281     
           5           7   1.6546656506806289E-012
           5           8   7.9066306660925288E-013
           5           9  -3.7670541199829840E-011
           5          10  -1.0110107814694569E-013
           5          11   5.9721864231093056E-014
           5          12  -7.3120110087814540E-013
           5          13  -2.7540439678273059E-014
           5          14  -3.2772772988747335E-013
           5          15   2.2340050729125437E-013
           5          16   2.8104366341890242E-013
           5          17   4.7284423999405451E-013
           5          18  -4.5345511263148812E-014
           5          19  -5.1790096247476351E-013
           5          20   2.3033977519317655E-014
           5          21   5.6105149330410388E-013
           5          22  -1.2661413375168353E-002
           5          23  -1.2260633493737872E-010
           5          24   2.7838038728938566E-003
           5          25  -1.3348494357497311E-009
           5          26  -6.0508801648064086E-009
           5          27  -5.6781531591332769E-003
           5          28  -1.2229523212122463E-002
           5          29  -8.2945732741583756E-011
           5          30  -2.0505973509203964E-003
           5          31  -9.7819042696869569E-010
           5          32  -3.6138149979968741E-009
           5          33  -7.7580566304064832E-003
           5          34  -1.9910029200408411E-002
           5          35  -2.1412465697277889E-011
           5          36  -1.4045016847807415E-002
           5          37  -7.7552978799476158E-010
           5          38   4.5378122204050373E-010
           5          39  -1.9851963473192385E-002
           5          40  -9.1822622600304243E-003
           5          41   3.7413631931182140E-011
           5          42  -7.2782368534970304E-003
           5          43  -3.6495149941960183E-010
           5          44   3.0941352631787660E-009
           5          45  -1.2471881662037203E-002
           5          46   3.5931728797874432E-014
           5          47   7.5485609737766880E-014
           5          48  -3.3312439924906691E-014
           5          49   8.1870563718814224E-014
           5          50   6.3546374992776660E-015
           5          51   3.0968233580162656E-014
           5          52  -1.7572889890668143E-014
           5          53   1.8718760426221882E-014
           5          54   3.1979677192978243E-014
           5          55   8.3999239480273577E-014
           6           1  -1.8748618125568228E-002
           6           2   6.5548241359958598E-002
           6           3 -0.12483558278108627     
           6           4 -0.19542631117871229     
           6           5  0.37459384164257281     
           6           6  0.57458634920297491     
           6           7  -1.0618768776426159E-013
           6           8   2.7072241468701208E-013
           6           9  -3.2699314923505924E-012
           6          10  -3.3240602767196137E-013
           6          11  -2.1304502755538864E-014
           6          12  -2.4491120629882633E-013
           6          13  -7.6944109519433437E-014
           6          14  -5.3223762017100208E-013
           6          15   2.2903676716995205E-013
           6          16   4.3122879162051149E-013
           6          17   7.2909385122628534E-013
           6          18  -6.4558115997833677E-014
           6          19  -7.9557456702825953E-013
           6          20   3.5270544678557212E-014
           6          21   8.5973825259749750E-013
           6          22  -6.8685053238632223E-003
           6          23  -8.3694050488539832E-012
           6          24  -6.1075126555791160E-003
           6          25  -1.2252391906148484E-009
           6          26  -1.4453110273578289E-010
           6          27  -5.9470878850318354E-003
           6          28  -1.0194746698602503E-002
           6          29   1.9161344868646720E-012
           6          30  -1.1131719412775406E-002
           6          31  -9.0847347648157213E-010
           6          32   1.0360283443182687E-009
           6          33  -1.0382864807507965E-002
           6          34  -2.4320760522357172E-002
           6          35   5.0729368767513780E-011
           6          36  -2.6322572184070879E-002
           6          37  -7.9619454472544490E-010
           6          38   5.0980694929780011E-009
           6          39  -2.8746319494729056E-002
           6          40  -1.2735052988615006E-002
           6          41   7.3868634054363653E-011
           6          42  -1.1887071438353576E-002
           6          43  -4.9895389921435690E-010
           6          44   5.7021604149236247E-009
           6          45  -1.8715027652926809E-002
           6          46   5.8406035386789295E-014
           6          47   1.1462484191597712E-013
           6          48  -3.6248098301675618E-014
           6          49   1.2892117222591599E-013
           6          50  -2.8395067363920881E-014
           6          51   4.7290054048785408E-014
           6          52  -7.0607774100319629E-014
           6          53   2.5034171958582229E-014
           6          54   5.1603959613857720E-014
           6          55  -6.1211778109541674E-014
           7           1   6.2524042671366573E-014
           7           2  -2.4484828711099558E-013
           7           3   3.2096999443084360E-013
           7           4  -1.0861085417221923E-013
           7           5   1.6546656506806289E-012
           7           6  -1.0618768776426159E-013
           7           7   2.2353385652872952     
           7           8  -7.8301503991638696E-011
           7           9  -1.1434299765293718E-011
           7          10 -0.58330848953215264     
           7          11  -1.3431518989162813E-011
           7          12   4.0033180663620513E-011
           7          13 -0.19957924249506315     
           7          14   9.1326682993209339E-012
           7          15  -5.7740021010967088E-011
           7          16  -8.2996761640076779E-003
           7          17   4.3933944277124555E-012
           7          18  -1.3780666960777128E-011
           7          19   5.2280552060551301E-004
           7          20  -4.8183782664535549E-013
           7          21   1.9190624157673795E-012
           7          22  -1.6105815492127308E-013
           7          23   2.5734312213165414E-014
           7          24  -2.0124200337917864E-013
           7          25   2.4771201793021364E-013
           7          26  -3.3093075070680431E-014
           7          27  -1.1414872532489527E-013
           7          28  -2.0243288653350145E-013
           7          29   8.5139677559321130E-014
           7          30   2.6130294360802053E-015
           7          31   2.4406760813901639E-013
           7          32   2.4247470991885269E-013
           7          33  -1.6732696978257391E-013
           7          34  -5.3707085438677329E-013
           7          35  -1.6659715216349873E-013
           7          36  -6.2975456945012673E-013
           7          37  -1.9171131494967292E-015
           7          38  -2.1061687674998243E-013
           7          39  -3.5874174140131041E-013
           7          40  -7.0829459920554900E-014
           7          41   1.4894440724036818E-013
           7          42  -9.8172718971742405E-014
           7          43   5.9978686237247945E-014
           7          44   5.5042201546246437E-014
           7          45  -2.3868040521653323E-013
           7          46  -3.4656588438694079E-003
           7          47  -1.1893490713833639E-012
           7          48  -3.7879823126096236E-003
           7          49  -4.4875813617162542E-013
           7          50  -8.9420586474601754E-011
           7          51   1.1471155808365991E-009
           7          52   1.3463024228426688E-010
           7          53  -5.8381371211124718E-003
           7          54  -4.8392888597956241E-012
           7          55   9.3718843942345361E-012
           8           1  -1.6029975413850971E-014
           8           2   4.5061874049056025E-014
           8           3  -4.0369963147496204E-014
           8           4  -2.0346261157037369E-013
           8           5   7.9066306660925288E-013
           8           6   2.7072241468701208E-013
           8           7  -7.8301503991638696E-011
           8           8   2.2355212735975387     
           8           9  -1.0266997611417615E-009
           8          10  -1.3351399175622652E-011
           8          11 -0.58413794429950794     
           8          12  -5.1743635748434321E-010
           8          13   9.0949807293253271E-012
           8          14 -0.19812363764658428     
           8          15   4.7302571695669709E-010
           8          16   4.4550502217131387E-012
           8          17  -7.7551602379869293E-003
           8          18   2.0327944090636869E-010
           8          19  -4.7794940969560555E-013
           8          20   4.8955287668756443E-004
           8          21  -2.2259163325552486E-011
           8          22  -1.2931043514219845E-015
           8          23   1.1196289900088748E-014
           8          24  -2.5256064410425787E-014
           8          25  -1.6620142722148553E-013
           8          26  -2.6841795642372216E-014
           8          27   8.6086436606546192E-015
           8          28  -2.8614864419739110E-014
           8          29   4.9768305581318054E-015
           8          30  -4.9233861998963595E-014
           8          31  -1.1348857655465711E-013
           8          32   6.7203838534738695E-015
           8          33  -1.3866934987230011E-014
           8          34  -2.4922836249959676E-013
           8          35   1.7133228008422953E-014
           8          36  -2.4538773589195375E-013
           8          37  -7.1047314478875654E-014
           8          38  -3.2760035420158435E-014
           8          39  -2.5589977269271036E-013
           8          40  -1.9070267998086605E-013
           8          41  -1.6044110729237415E-014
           8          42  -1.7531446137612897E-013
           8          43  -3.1241046922998002E-014
           8          44   6.1782616206435670E-015
           8          45  -1.4722275787462180E-013
           8          46   1.3817844672060692E-011
           8          47  -2.4356256744399929E-003
           8          48  -2.1121488524683461E-011
           8          49  -9.5106243912647138E-003
           8          50   1.2956606040547664E-009
           8          51   2.4141514001652742E-010
           8          52   1.8780457965842284E-010
           8          53  -4.2903346865496699E-012
           8          54  -6.4505506956862848E-004
           8          55  -1.4008267550470580E-009
           9           1   3.0047427803299120E-012
           9           2  -8.5192602215490674E-012
           9           3   9.8603663424254855E-014
           9           4   3.7165157122694702E-012
           9           5  -3.7670541199829840E-011
           9           6  -3.2699314923505924E-012
           9           7  -1.1434299765293718E-011
           9           8  -1.0266997611417615E-009
           9           9   2.2350240676963109     
           9          10   4.0116333672641117E-011
           9          11  -5.1914472512610863E-010
           9          12 -0.58223257528083561     
           9          13  -5.9184243489035352E-011
           9          14   4.6979870931927535E-010
           9          15 -0.20056890912808814     
           9          16  -1.2123080799940360E-011
           9          17   1.9942532111731968E-010
           9          18  -8.7163101996574517E-003
           9          19   2.1428079895872791E-012
           9          20  -2.2038814113010358E-011
           9          21   5.6555170213723612E-004
           9          22   7.2171672274576744E-013
           9          23  -1.3132739913524180E-012
           9          24   1.5586425826631377E-012
           9          25   2.4889528215240766E-012
           9          26   6.3147400370670207E-013
           9          27  -7.0046367331260673E-014
           9          28   3.3737525648238711E-012
           9          29   3.7041933949680234E-012
           9          30   2.2418672425918060E-012
           9          31  -8.9630587602966105E-015
           9          32  -1.0722057151604844E-012
           9          33  -1.2127516926816421E-013
           9          34   9.3363583735083356E-012
           9          35  -2.4131177699579990E-012
           9          36   1.2035854263613692E-011
           9          37   9.4116763151233092E-013
           9          38   2.4039388271534453E-012
           9          39   1.5192818339312996E-011
           9          40   6.8458769460167204E-012
           9          41   1.6822048042902676E-012
           9          42   6.4670151452455303E-012
           9          43  -2.3368436149265570E-012
           9          44   3.6836836662590694E-015
           9          45   2.7715736807007294E-012
           9          46  -1.6429871778859808E-010
           9          47   1.4722489755184105E-009
           9          48   1.4444384710783382E-010
           9          49   6.2896760653046687E-010
           9          50  -6.6319912558144272E-003
           9          51  -1.2169662504102544E-011
           9          52  -3.2951638342930477E-003
           9          53   1.3652211245876454E-010
           9          54  -2.7097928651980041E-009
           9          55  -2.6029136516578107E-003
          10           1  -8.8500178726789146E-015
          10           2   4.7870403481393304E-014
          10           3  -6.6988296870635443E-015
          10           4  -6.9023759102320362E-014
          10           5  -1.0110107814694569E-013
          10           6  -3.3240602767196137E-013
          10           7 -0.58330848953215264     
          10           8  -1.3351399175622652E-011
          10           9   4.0116333672641117E-011
          10          10   1.4672780133287397     
          10          11   3.4855852125146959E-011
          10          12  -1.3464832244101716E-010
          10          13  0.46610727823719555     
          10          14  -1.9058694242635114E-011
          10          15   1.0716911440978030E-010
          10          16   2.0031632474456187E-002
          10          17  -1.0715207482665594E-011
          10          18   3.4875661348566888E-011
          10          19  -1.3876487249829010E-003
          10          20   1.1981855217466805E-012
          10          21  -5.2868045110684648E-012
          10          22   1.8296060976250658E-014
          10          23  -3.8951466933050165E-014
          10          24   8.6326378482273572E-015
          10          25  -5.0934521895417256E-013
          10          26  -5.5997978021337778E-014
          10          27  -2.1272677092055806E-014
          10          28   2.2910324815852181E-014
          10          29  -1.7262076822712390E-014
          10          30   5.6189382673795188E-014
          10          31  -3.7782472354484875E-013
          10          32  -4.9501957743477603E-014
          10          33   1.9695177372098587E-014
          10          34   2.9362234998562451E-014
          10          35  -1.5105329593713110E-014
          10          36  -3.9912131520597741E-015
          10          37  -3.4646219197377092E-013
          10          38  -2.2075257970475253E-015
          10          39   6.2774601054411995E-014
          10          40   1.6592428051023498E-013
          10          41   3.5600948769875990E-014
          10          42   1.1424060562476561E-013
          10          43  -1.1526965651597621E-013
          10          44  -1.6304651046243051E-014
          10          45   1.0351206135384673E-013
          10          46  -6.2152226522927036E-003
          10          47  -1.8859001204929872E-012
          10          48   2.7970662463485934E-003
          10          49   1.8179333898866338E-012
          10          50   3.0220178958126077E-010
          10          51  -3.3443321834561318E-009
          10          52  -3.7155097155720949E-010
          10          53   9.4907959009575375E-003
          10          54   1.3907452517213745E-011
          10          55  -1.7594132681583572E-011
          11           1   5.3632919449910362E-015
          11           2  -9.7438114063284155E-015
          11           3   3.9986796886598636E-014
          11           4  -3.4039715228486904E-015
          11           5   5.9721864231093056E-014
          11           6  -2.1304502755538864E-014
          11           7  -1.3431518989162813E-011
          11           8 -0.58413794429950794     
          11           9  -5.1914472512610863E-010
          11          10   3.4855852125146959E-011
          11          11   1.4701902723554479     
          11          12   1.5424564112230432E-009
          11          13  -1.8466431054967922E-011
          11          14  0.46336893162695164     
          11          15  -9.5565319223189981E-010
          11          16  -1.0674401596504159E-011
          11          17   1.8687891351524554E-002
          11          18  -4.9437827595679927E-010
          11          19   1.1575688798429618E-012
          11          20  -1.2918201880704520E-003
          11          21   5.5714604711466991E-011
          11          22  -1.3445397955485713E-014
          11          23   1.4908755002391040E-015
          11          24   5.1715877283087397E-014
          11          25   3.1154101685085197E-013
          11          26   5.3617758339576772E-014
          11          27  -5.2515242830402092E-014
          11          28  -1.9882529546628781E-015
          11          29   3.0649174791609634E-015
          11          30   3.5121507668116523E-014
          11          31   2.3290495266597053E-013
          11          32   2.2885193961051197E-014
          11          33  -4.3388973971659768E-014
          11          34  -3.2005756152446437E-014
          11          35  -5.8056624105964705E-016
          11          36  -5.1569564981051347E-015
          11          37   1.8330784019140228E-013
          11          38   2.1412669339704729E-014
          11          39  -5.3268485395615111E-014
          11          40  -1.0553632876175466E-014
          11          41  -3.2316689870169119E-015
          11          42  -8.2361437551815838E-015
          11          43   7.2563306238438781E-014
          11          44   1.5652267466599988E-015
          11          45  -2.1665960048653715E-014
          11          46  -3.7180538182587152E-011
          11          47  -4.8072914827366336E-004
          11          48   5.1995103769930976E-011
          11          49   9.0165384284703869E-003
          11          50  -3.6273415468293982E-009
          11          51  -6.4338644082621390E-010
          11          52  -8.1660137928763019E-010
          11          53   1.2269555228561889E-011
          11          54  -5.0372284329039309E-003
          11          55   3.8733853723375920E-009
          12           1   8.1431615478612052E-014
          12           2  -2.3183039159247639E-013
          12           3   8.2872505166814851E-014
          12           4   9.0503844071106642E-014
          12           5  -7.3120110087814540E-013
          12           6  -2.4491120629882633E-013
          12           7   4.0033180663620513E-011
          12           8  -5.1743635748434321E-010
          12           9 -0.58223257528083561     
          12          10  -1.3464832244101716E-010
          12          11   1.5424564112230432E-009
          12          12   1.4639125158220714     
          12          13   1.0729764598703369E-010
          12          14  -9.5182456283178869E-010
          12          15  0.46805428661752391     
          12          16   3.4719732741256675E-011
          12          17  -4.8479091911864113E-010
          12          18   2.1043688965914690E-002
          12          19  -5.2947424376074841E-012
          12          20   5.6224511092576193E-011
          12          21  -1.4961280551321096E-003
          12          22   5.9352703452661205E-015
          12          23  -4.7461093269518045E-014
          12          24  -6.8306928662229317E-015
          12          25   7.5754542597747797E-014
          12          26   5.1427725471596531E-014
          12          27   5.5038221142417505E-014
          12          28   7.3159828503733145E-014
          12          29   8.3795156627073846E-014
          12          30   9.0711912365706840E-015
          12          31   9.7133573178497389E-015
          12          32  -1.0241130974117389E-014
          12          33   7.0345469944828374E-015
          12          34   1.1926815120867746E-013
          12          35  -7.0455846075608519E-014
          12          36   2.0856246337787143E-013
          12          37   3.0753146559245656E-014
          12          38   7.0901013367149642E-014
          12          39   3.0211288035906000E-013
          12          40   1.4039057688608787E-013
          12          41   3.8898103977944431E-014
          12          42   1.2706022436455153E-013
          12          43  -4.5446712653039710E-014
          12          44  -7.9743705574929639E-015
          12          45   4.8286184567504693E-014
          12          46   4.6776016481299975E-010
          12          47  -4.0729720031156416E-009
          12          48  -3.9543490747639551E-010
          12          49  -1.7904387409300025E-009
          12          50   1.1430291356054603E-002
          12          51   3.4238005136489371E-011
          12          52   1.4964550627114877E-003
          12          53  -3.2503792310217523E-010
          12          54   7.2259831206478368E-009
          12          55  -7.8252180036276989E-003
          13           1   8.6548752334176255E-015
          13           2   3.5095765449772259E-015
          13           3   8.9460683933703736E-015
          13           4  -1.4892605967264530E-014
          13           5  -2.7540439678273059E-014
          13           6  -7.6944109519433437E-014
          13           7 -0.19957924249506315     
          13           8   9.0949807293253271E-012
          13           9  -5.9184243489035352E-011
          13          10  0.46610727823719555     
          13          11  -1.8466431054967922E-011
          13          12   1.0729764598703369E-010
          13          13  0.14817474561692368     
          13          14  -1.5348537966123813E-011
          13          15   8.2724751680399451E-011
          13          16   6.3734165437602970E-003
          13          17  -3.7608048057071773E-012
          13          18   1.3701797424839787E-011
          13          19  -4.4061213295492360E-004
          13          20   4.0609061021994307E-013
          13          21  -1.8423868374588671E-012
          13          22  -2.6113914829929372E-015
          13          23  -7.7090833425342918E-015
          13          24  -6.1871001563912547E-015
          13          25  -1.6829744731751380E-013
          13          26   1.2628571070162730E-014
          13          27   1.5130503164523327E-014
          13          28   1.3527455725228038E-015
          13          29  -2.6410291835764816E-015
          13          30   9.6168716122638676E-015
          13          31  -1.2496569142658376E-013
          13          32   4.3645478815007999E-015
          13          33   2.2121807834923769E-014
          13          34   7.3841824467387484E-015
          13          35  -1.2313313017087887E-015
          13          36  -2.8601035387494364E-015
          13          37  -1.1017871589051049E-013
          13          38   1.5099594799108818E-014
          13          39   3.2254868195158037E-014
          13          40   5.0706594874704623E-014
          13          41   1.0632012648878751E-014
          13          42   3.4712631765068946E-014
          13          43  -3.5100303716013910E-014
          13          44  -2.6112515248058429E-015
          13          45   3.6425307215989884E-014
          13          46  -1.9571756726302209E-003
          13          47  -1.6746556248175170E-012
          13          48   9.6068041522382385E-004
          13          49   1.3336335044445616E-012
          13          50   9.8241944358677740E-011
          13          51  -1.0528732084360115E-009
          13          52  -1.2195080850601283E-010
          13          53   3.0070397952489895E-003
          13          54   4.3393922006807480E-012
          13          55  -4.3541112899731798E-012
          14           1   9.5425550726950410E-015
          14           2  -5.0051979877356756E-014
          14           3   1.0657251951686489E-013
          14           4   1.6307914863080446E-013
          14           5  -3.2772772988747335E-013
          14           6  -5.3223762017100208E-013
          14           7   9.1326682993209339E-012
          14           8 -0.19812363764658428     
          14           9   4.6979870931927535E-010
          14          10  -1.9058694242635114E-011
          14          11  0.46336893162695164     
          14          12  -9.5182456283178869E-010
          14          13  -1.5348537966123813E-011
          14          14  0.14615060169935920     
          14          15  -7.6499214113044393E-010
          14          16  -3.7432719791543539E-012
          14          17   5.8976168593273485E-003
          14          18  -1.7653805146745572E-010
          14          19   3.9246028339128756E-013
          14          20  -4.0674887632171058E-004
          14          21   1.8963158859702536E-011
          14          22  -1.0340762368708149E-014
          14          23  -4.0952571671510800E-016
          14          24  -2.8837552617628162E-014
          14          25   4.9615891147209274E-013
          14          26  -1.2351220627153200E-014
          14          27   5.0134216688721818E-014
          14          28  -9.4082246672567082E-017
          14          29   3.3266433786800980E-016
          14          30  -1.5158374780017681E-014
          14          31   3.6290709068195298E-013
          14          32  -1.3980959203887182E-014
          14          33   4.0337834053632489E-014
          14          34   6.1810060715398988E-015
          14          35  -7.1068583242884601E-016
          14          36  -1.4243692404403477E-015
          14          37   2.8268164147421232E-013
          14          38  -7.0566542744441812E-015
          14          39   4.2575157584663157E-014
          14          40   6.8357865594580427E-015
          14          41  -9.8257928555871331E-016
          14          42   3.3437615450384580E-015
          14          43   1.0287276355111001E-013
          14          44  -2.3650356830163192E-015
          14          45   1.9703589869205891E-014
          14          46  -1.2960703508595397E-011
          14          47  -3.5547696538835646E-005
          14          48   1.8362842543218582E-011
          14          49   2.8407897886084258E-003
          14          50  -1.1519665711133275E-009
          14          51  -2.0481824699244376E-010
          14          52  -2.6526266942098875E-010
          14          53   3.4864909599296071E-012
          14          54  -1.6190632396225336E-003
          14          55   1.2338449390638309E-009
          15           1  -4.6894565197280324E-015
          15           2   1.9375137169965383E-014
          15           3  -3.7035831606633038E-014
          15           4  -9.4862790166467462E-014
          15           5   2.2340050729125437E-013
          15           6   2.2903676716995205E-013
          15           7  -5.7740021010967088E-011
          15           8   4.7302571695669709E-010
          15           9 -0.20056890912808814     
          15          10   1.0716911440978030E-010
          15          11  -9.5565319223189981E-010
          15          12  0.46805428661752391     
          15          13   8.2724751680399451E-011
          15          14  -7.6499214113044393E-010
