           1           1  0.55080195401831866     
           1           2  0.81618282571814715     
           1           3  -1.3889456037361483     
           1           4   1.1978383557577135     
           1           5  -8.0514253670671707E-002
           1           6  -8.6611280742313074E-003
           1           7   2.3830637931300697E-015
           1           8  -1.6864380421864719E-014
           1           9   5.3757672432854541E-016
           1          10  -4.3238605490821926E-015
           1          11  -8.0521926842115382E-015
           1          12   6.2234982563096730E-015
           1          13   4.6367413151509709E-015
           1          14   7.0134331844558842E-015
           1          15   1.0660915989341022E-015
           1          16   9.9361979776344173E-002
           1          17  -2.4284986445480972E-015
           1          18   9.9361979776347212E-002
           1          19  -3.7338219802765354E-016
           1          20  -4.1417349790119914E-015
           1          21   9.9361979776352999E-002
           1          22 -0.26696064941849529     
           1          23   3.2280440253879653E-015
           1          24 -0.26696064941850378     
           1          25  -2.3099207054354671E-015
           1          26   5.0569249436971331E-015
           1          27 -0.26696064941850606     
           1          28   1.0919529808211637E-002
           1          29  -3.0608164184946587E-015
           1          30   1.0919529808228093E-002
           1          31  -2.1962862531329026E-015
           1          32  -2.5010355505330500E-015
           1          33   1.0919529808223468E-002
           1          34   2.0634229744538800E-015
           1          35  -1.4869164867709467E-015
           1          36   4.4658816071094291E-016
           1          37   7.3192120482017952E-015
           1          38   2.5075872304674449E-015
           1          39   3.3118432158095464E-015
           1          40  -4.3289440171307880E-015
           1          41  -1.0319853353155963E-015
           1          42  -9.4691446714989566E-016
           1          43  -2.8534527702194829E-015
           2           1  0.81618282571814715     
           2           2   1.2874240485763060     
           2           3  -3.1155601508625930     
           2           4   2.7022603729531673     
           2           5 -0.16692706521943268     
           2           6  -1.1654415777603930E-002
           2           7   1.2305328711065534E-014
           2           8  -3.8213143285123233E-014
           2           9  -2.6295274353314845E-015
           2          10  -6.4151064736791022E-015
           2          11  -1.4259258949591834E-014
           2          12   7.1907958693769142E-015
           2          13   7.1418439930825933E-015
           2          14   9.9837708260928129E-015
           2          15   1.8084513757721443E-015
           2          16  0.19637662401236788     
           2          17  -4.2411733145854083E-015
           2          18  0.19637662401237357     
           2          19  -3.5573196030314500E-016
           2          20  -5.2736061249710654E-015
           2          21  0.19637662401238379     
           2          22 -0.61109238470433869     
           2          23   5.6712101166198344E-015
           2          24 -0.61109238470435501     
           2          25  -2.4646164516739739E-015
           2          26   7.0210363885418703E-015
           2          27 -0.61109238470435667     
           2          28   1.9579577446640802E-002
           2          29  -6.3817090108141923E-015
           2          30   1.9579577446664352E-002
           2          31  -3.0725454384943144E-015
           2          32  -3.1215583830933032E-015
           2          33   1.9579577446656591E-002
           2          34   2.1674970029647152E-015
           2          35  -2.5107709277810232E-016
           2          36   7.3857773842449516E-016
           2          37   1.3453524460493808E-014
           2          38   3.4372012692221418E-015
           2          39   4.1337831636731045E-015
           2          40  -5.3006569920304461E-015
           2          41  -1.7247514864541436E-015
           2          42   3.0202900226750108E-016
           2          43  -2.7175951463124755E-015
           3           1  -1.3889456037361483     
           3           2  -3.1155601508625930     
           3           3   17.837698880492709     
           3           4  -15.591820906509010     
           3           5  0.84861740628246718     
           3           6   5.8472758472454161E-003
           3           7  -1.9635142720292942E-013
           3           8   1.1729766155179238E-013
           3           9   4.6358940688920722E-014
           3          10  -9.0094712353507455E-016
           3          11   3.4421922136015095E-014
           3          12   1.2055046899101366E-014
           3          13  -1.3801025699611458E-014
           3          14  -9.8509261637595099E-015
           3          15  -5.8167192030455645E-015
           3          16 -0.91676330299790054     
           3          17   1.4835634792816803E-014
           3          18 -0.91676330299792441     
           3          19  -1.7366058559388703E-015
           3          20  -1.2643255929916475E-015
           3          21 -0.91676330299796149     
           3          22   3.5948150256475619     
           3          23  -2.0176857762070255E-014
           3          24   3.5948150256476352     
           3          25  -7.1659547625896335E-015
           3          26  -6.3482396098788571E-015
           3          27   3.5948150256476183     
           3          28  -7.3614595452500556E-002
           3          29   3.2746745209494596E-014
           3          30  -7.3614595452530740E-002
           3          31   3.0719236092206107E-015
           3          32  -1.6171703348831489E-015
           3          33  -7.3614595452506773E-002
           3          34   1.9270490322811503E-014
           3          35  -1.4595664399202462E-014
           3          36   3.3808778715993699E-015
           3          37  -3.5651452376559347E-014
           3          38  -2.6453499171631957E-015
           3          39   2.1380417869936755E-015
           3          40  -4.2847826445862406E-015
           3          41   1.0801825496536946E-014
           3          42  -1.2607820309711074E-014
           3          43  -1.3504793165577789E-014
           4           1   1.1978383557577135     
           4           2   2.7022603729531673     
           4           3  -15.591820906509010     
           4           4   13.629308134039475     
           4           5 -0.74124184763932799     
           4           6  -4.8101911024582425E-003
           4           7   2.5650063434003282E-013
           4           8  -3.1474877650338183E-014
           4           9  -4.4822782774739913E-014
           4          10   1.5031139750124263E-014
           4          11  -1.8082296231549006E-014
           4          12  -1.1492089549367057E-014
           4          13   1.0081034058925476E-014
           4          14   6.8288419142256845E-015
           4          15   5.1528996495003661E-015
           4          16  0.80031123466118659     
           4          17  -1.2921048061419120E-014
           4          18  0.80031123466120746     
           4          19   1.5366048713479366E-015
           4          20   1.2606102939277914E-015
           4          21  0.80031123466123955     
           4          22  -3.1426802164677068     
           4          23   1.7575710750767088E-014
           4          24  -3.1426802164677703     
           4          25   6.3688711798496181E-015
           4          26   5.3816629452389785E-015
           4          27  -3.1426802164677556     
           4          28   6.4155852191670429E-002
           4          29  -2.8604989760875002E-014
           4          30   6.4155852191696311E-002
           4          31  -2.6133902698011436E-015
           4          32   1.5098789128804820E-015
           4          33   6.4155852191675453E-002
           4          34  -3.1641763655408084E-014
           4          35   7.3540108189509590E-015
           4          36  -9.5404563727468826E-015
           4          37   1.8697401334391751E-014
           4          38   2.5503175767608543E-015
           4          39  -1.9963856980215606E-015
           4          40   4.2386854410053057E-015
           4          41  -1.5994033701419731E-014
           4          42   5.5909735772832423E-015
           4          43   1.2668600753835182E-014
           5           1  -8.0514253670671707E-002
           5           2 -0.16692706521943268     
           5           3  0.84861740628246718     
           5           4 -0.74124184763932799     
           5           5   4.0843242115233970E-002
           5           6   5.4579460539912531E-004
           5           7  -5.9913310855467209E-016
           5           8   4.6732350456939961E-014
           5           9   4.7912395728776859E-015
           5          10   1.4889137731899410E-015
           5          11   8.6372901919760717E-015
           5          12   7.9395567874247503E-016
           5          13  -9.5531959468691963E-016
           5          14  -1.5697340625854463E-015
           5          15  -3.5642443055352622E-016
           5          16  -4.4526865361916482E-002
           5          17   7.4732218312377271E-016
           5          18  -4.4526865361917654E-002
           5          19  -6.6030983584249667E-017
           5          20   7.8134287541193014E-017
           5          21  -4.4526865361919514E-002
           5          22  0.17059867551483718     
           5          23  -1.0139393035186567E-015
           5          24  0.17059867551484073     
           5          25  -2.4738577870177894E-016
           5          26  -4.5081270764867704E-016
           5          27  0.17059867551484006     
           5          28  -3.6713460422581933E-003
           5          29   1.5745700014989713E-015
           5          30  -3.6713460422600893E-003
           5          31   2.0997078948101935E-016
           5          32   8.7363042303875914E-018
           5          33  -3.6713460422588594E-003
           5          34  -6.4553814908810931E-016
           5          35  -3.7874741720448379E-015
           5          36  -5.0901793374366369E-016
           5          37  -8.9519415198439884E-015
           5          38  -4.1238267967981286E-016
           5          39  -1.1721501024905893E-017
           5          40  -2.6325675563847922E-016
           5          41  -1.2659554836072837E-016
           5          42  -3.7155626051000799E-015
           5          43  -9.8799096817880587E-016
           6           1  -8.6611280742313074E-003
           6           2  -1.1654415777603930E-002
           6           3   5.8472758472454161E-003
           6           4  -4.8101911024582425E-003
           6           5   5.4579460539912531E-004
           6           6   1.5403575264076502E-004
           6           7   1.1584603569027892E-014
           6           8   5.0662438424356622E-014
           6           9   2.2524981030464137E-015
           6          10   1.9849709521020120E-015
           6          11   8.5340054402007375E-015
           6          12   2.5732163344342455E-016
           6          13  -3.2089528206674680E-016
           6          14  -1.2266047144753061E-015
           6          15  -6.4048415504689322E-017
           6          16  -8.1916437362686864E-004
           6          17   2.8467731087587861E-017
           6          18  -8.1916437362689835E-004
           6          19   8.8592019148557962E-018
           6          20   7.8189741246343276E-017
           6          21  -8.1916437362696437E-004
           6          22   9.3828772705451305E-004
           6          23  -3.7330629159501867E-017
           6          24   9.3828772705458851E-004
           6          25   5.0815944142270523E-017
           6          26  -8.6662393180433576E-017
           6          27   9.3828772705464890E-004
           6          28  -1.2029621466462790E-004
           6          29   2.0206793365091583E-017
           6          30  -1.2029621466489926E-004
           6          31   3.7287355064955910E-017
           6          32   4.8168232783643443E-017
           6          33  -1.2029621466484024E-004
           6          34  -2.0425604054188711E-015
           6          35  -3.8794035906013321E-015
           6          36  -8.9879007165360130E-016
           6          37  -8.8685656770698176E-015
           6          38  -2.2338771567052027E-016
           6          39  -6.3780043488072014E-017
           6          40  -9.4823546111885871E-017
           6          41  -8.7965967636207745E-016
           6          42  -3.8916318761667373E-015
           6          43  -3.3420089339571288E-016
           7           1   2.3830637931300697E-015
           7           2   1.2305328711065534E-014
           7           3  -1.9635142720292942E-013
           7           4   2.5650063434003282E-013
           7           5  -5.9913310855467209E-016
           7           6   1.1584603569027892E-014
           7           7   1.1676100867053771     
           7           8   8.6736173798706879E-016
           7           9  -3.8857805861906146E-016
           7          10  0.19482586418212930     
           7          11  -2.7321894746659995E-016
           7          12  -7.2164496600646180E-016
           7          13  -2.5618165178710274E-002
           7          14  -1.6731407925796174E-015
           7          15   3.1832175784176417E-016
           7          16   2.4906125780266518E-015
           7          17  -5.5751943969708839E-016
           7          18   3.4962642498114731E-015
           7          19  -1.2332395680474242E-016
           7          20   6.8334895328477859E-016
           7          21   2.3377478894497058E-015
           7          22  -6.6024496668566588E-014
           7          23  -1.7007498346244491E-015
           7          24  -6.9645738917113440E-014
           7          25   1.0882432467836811E-015
           7          26   1.4101515353857153E-016
           7          27  -6.5612054411824918E-014
           7          28  -4.7057148710047923E-015
           7          29   7.6306906253913999E-016
           7          30  -1.9259619864360107E-015
           7          31  -2.0195193154231977E-015
           7          32  -3.0293398585971797E-016
           7          33  -5.4446589729024115E-015
           7          34 -0.20291020546305844     
           7          35  -3.6212352561000756E-016
           7          36  -9.0744202548768860E-002
           7          37   6.9041994343903970E-016
           7          38   1.1032841307212454E-015
           7          39   4.9377319853484337E-017
           7          40  -4.3021142204219230E-016
           7          41  -9.0744202548767555E-002
           7          42   5.4166740537389547E-016
           7          43   5.8980598183220582E-016
           8           1  -1.6864380421864719E-014
           8           2  -3.8213143285123233E-014
           8           3   1.1729766155179238E-013
           8           4  -3.1474877650338183E-014
           8           5   4.6732350456939961E-014
           8           6   5.0662438424356622E-014
           8           7   8.6736173798706879E-016
           8           8   1.1676100867053798     
           8           9   4.1633363423939200E-017
           8          10   5.7245874707300751E-017
           8          11  0.19482586418213252     
           8          12  -1.0894063429133126E-015
           8          13  -1.8749108168793177E-015
           8          14  -2.5618165178709369E-002
           8          15   5.2301912800695301E-016
           8          16  -1.6316524218323770E-014
           8          17   7.1865557719182620E-017
           8          18  -1.6086708033967937E-014
           8          19  -3.7831392808460057E-016
           8          20  -2.7101240060831604E-016
           8          21  -1.3744626411757295E-014
           8          22  -1.2540837892379042E-014
           8          23  -6.6419673428941857E-016
           8          24  -1.4034592439754126E-014
           8          25   4.8580810094353360E-016
           8          26  -7.7536946748207187E-016
           8          27  -1.3793015161070494E-014
           8          28  -2.6828216119084922E-014
           8          29  -5.9455868085982953E-017
           8          30  -2.6119030002019198E-014
           8          31  -4.9694909339185583E-017
           8          32  -1.2739828945308244E-016
           8          33  -2.5160751306561171E-014
           8          34   4.3715031594625271E-016
           8          35  -9.0744202548769567E-002
           8          36  -9.2547497443363053E-016
           8          37 -0.20291020546306290     
           8          38   7.6848249985769576E-016
           8          39   1.2085806964684846E-015
           8          40  -6.1669419570979979E-016
           8          41  -2.7929047963220269E-016
           8          42  -9.0744202548769068E-002
           8          43   8.9858676055585039E-016
           9           1   5.3757672432854541E-016
           9           2  -2.6295274353314845E-015
           9           3   4.6358940688920722E-014
           9           4  -4.4822782774739913E-014
           9           5   4.7912395728776859E-015
           9           6   2.2524981030464137E-015
           9           7  -3.8857805861906146E-016
           9           8   4.1633363423939200E-017
           9           9   1.1676100867053789     
           9          10   2.3384072456167316E-015
           9          11  -2.2898349882885191E-016
           9          12  0.19482586418210296     
           9          13  -7.2251232774434716E-016
           9          14  -4.9005938196344199E-016
           9          15  -2.5618165178701063E-002
           9          16  -1.6783004450860063E-015
           9          17   1.1736356000391539E-016
           9          18  -2.5789405037090717E-015
           9          19  -3.7824125247880207E-017
           9          20  -1.5697204321719160E-017
           9          21  -1.7725274163378400E-015
           9          22   9.2684985719947374E-015
           9          23  -4.5938679304747118E-018
           9          24   1.0122356357957999E-014
           9          25   3.6601518207110600E-017
           9          26  -1.9153086242906498E-016
           9          27   9.5422468084391620E-015
           9          28  -1.7372742094473749E-015
           9          29   2.1879864634138660E-018
           9          30  -1.7632057904926411E-015
           9          31  -6.6409154827170650E-019
           9          32   1.2067395784799521E-016
           9          33  -1.2674678901779590E-015
           9          34  -1.8179902028236658E-015
           9          35   8.8297424927213298E-016
           9          36  -2.0816681711721646E-016
           9          37  -3.2265856653178088E-016
           9          38  -9.0744202548766431E-002
           9          39  -3.3484936246529853E-016
           9          40  -9.0744202548765890E-002
           9          41  -6.0715321659187489E-016
           9          42  -5.5684623578861069E-016
           9          43 -0.20291020546304106     
          10           1  -4.3238605490821926E-015
          10           2  -6.4151064736791022E-015
          10           3  -9.0094712353507455E-016
          10           4   1.5031139750124263E-014
          10           5   1.4889137731899410E-015
          10           6   1.9849709521020120E-015
          10           7  0.19482586418212930     
          10           8   5.7245874707300751E-017
          10           9   2.3384072456167316E-015
          10          10   3.2508384251301183E-002
          10          11  -5.9847959921170250E-017
          10          12   2.8102520310821829E-016
          10          13  -4.2746129264658881E-003
          10          14  -2.7714918034163315E-016
          10          15   4.3368086899063596E-019
          10          16  -1.3635695096629715E-015
          10          17  -9.3026951269127670E-017
          10          18  -1.1957678109174039E-015
          10          19  -2.0577671204125917E-017
          10          20   1.1402269634150275E-016
          10          21  -1.3890763080318711E-015
          10          22  -4.6612017438855594E-015
          10          23  -2.8378485254725544E-016
          10          24  -5.2654374031342141E-015
          10          25   1.8158281896420216E-016
          10          26   2.3529600732046106E-017
          10          27  -4.5923821781675087E-015
          10          28  -9.4293804140067781E-016
          10          29   1.2732468760987956E-016
          10          30  -4.7911217682900025E-016
          10          31  -3.3697430361364199E-016
          10          32  -5.0547161468755261E-017
          10          33  -1.0662372702047000E-015
          10          34  -3.3857326671663905E-002
          10          35  -5.3288536777656540E-017
          10          36  -1.5141456794851321E-002
          10          37   1.3205582460870764E-016
          10          38  -2.6020852139746566E-018
          10          39   8.2390338358415441E-018
          10          40  -2.5934115965851595E-016
          10          41  -1.5141456794851104E-002
          10          42   9.8662397696184675E-017
          10          43  -3.2092384305569758E-016
          11           1  -8.0521926842115382E-015
          11           2  -1.4259258949591834E-014
          11           3   3.4421922136015095E-014
          11           4  -1.8082296231549006E-014
          11           5   8.6372901919760717E-015
          11           6   8.5340054402007375E-015
          11           7  -2.7321894746659995E-016
          11           8  0.19482586418213252     
          11           9  -2.2898349882885191E-016
          11          10  -5.9847959921170250E-017
          11          11   3.2508384251302182E-002
          11          12  -2.2161092405604411E-016
          11          13  -3.0382055378479495E-016
          11          14  -4.2746129264657979E-003
          11          15   9.2482445312999132E-017
          11          16  -3.7437508946490500E-015
          11          17   1.1991391258965650E-017
          11          18  -3.7054040721695804E-015
          11          19  -6.3124958246282666E-017
          11          20  -4.5220768263085635E-017
          11          21  -3.3146074515958933E-015
          11          22   7.8067673800971468E-016
          11          23  -1.1082698258461930E-016
          11          24   5.3143084344108689E-016
          11          25   8.1061292781474883E-017
          11          26  -1.2937711679841541E-016
          11          27   5.7174010645809981E-016
          11          28  -4.5856408477441055E-015
          11          29  -9.9207269724763231E-018
          11          30  -4.4673069966611779E-015
          11          31  -8.2920263944907834E-018
          11          32  -2.1257508924088571E-017
          11          33  -4.3074098896596518E-015
          11          34   1.4311468676809578E-016
          11          35  -1.5141456794851653E-002
          11          36  -1.2359904766334943E-016
          11          37  -3.3857326671665140E-002
          11          38   1.4658413372002324E-016
          11          39   2.0166216556734365E-016
          11          40  -8.5001450322851616E-017
          11          41  -1.4799359654410591E-017
          11          42  -1.5141456794851571E-002
          11          43   1.9038590148844368E-016
          12           1   6.2234982563096730E-015
          12           2   7.1907958693769142E-015
          12           3   1.2055046899101366E-014
          12           4  -1.1492089549367057E-014
          12           5   7.9395567874247503E-016
          12           6   2.5732163344342455E-016
          12           7  -7.2164496600646180E-016
          12           8  -1.0894063429133126E-015
          12           9  0.19482586418210296     
          12          10   2.8102520310821829E-016
          12          11  -2.2161092405604411E-016
          12          12   3.2508384251292335E-002
          12          13  -1.0625181290355735E-016
          12          14  -5.7733765684809440E-017
          12          15  -4.2746129264637665E-003
          12          16  -9.3103501030323399E-017
          12          17   1.9583127331276007E-017
          12          18  -2.4338310184583237E-016
          12          19  -6.3112831691547994E-018
          12          20  -2.6192146094970577E-018
          12          21  -1.0882608797298242E-016
          12          22   2.6063869091967711E-015
          12          23  -7.6652668528598021E-019
          12          24   2.7488604822953768E-015
          12          25   6.1072805864038588E-018
          12          26  -3.1958584646609772E-017
          12          27   2.6520641753841599E-015
          12          28  -2.3188162863349228E-016
          12          29   3.6508450758272809E-019
          12          30  -2.3620853771388417E-016
          12          31  -1.1080943141239726E-019
          12          32   2.0135495907117595E-017
          12          33  -1.5349037183274204E-016
          12          34  -1.8908485888144777E-016
          12          35   2.3201926491186033E-016
          12          36   1.6479873021781375E-017
          12          37   1.3660947373317242E-016
          12          38  -1.5141456794848842E-002
          12          39  -5.5872518707977403E-017
          12          40  -1.5141456794848752E-002
          12          41  -5.0306980803330179E-017
          12          42  -7.5894152074297789E-018
          12          43  -3.3857326671656376E-002
          13           1   4.6367413151509709E-015
          13           2   7.1418439930825933E-015
          13           3  -1.3801025699611458E-014
          13           4   1.0081034058925476E-014
          13           5  -9.5531959468691963E-016
          13           6  -3.2089528206674680E-016
          13           7  -2.5618165178710274E-002
          13           8  -1.8749108168793177E-015
          13           9  -7.2251232774434716E-016
          13          10  -4.2746129264658881E-003
          13          11  -3.0382055378479495E-016
          13          12  -1.0625181290355735E-016
          13          13   5.6208009385695309E-004
          13          14   7.7435752038017658E-017
          13          15   9.0530881402588431E-018
          13          16   1.0833110497676385E-015
          13          17   1.2232358438058892E-017
          13          18   1.0612463631626387E-015
          13          19   2.7058120959104097E-018
          13          20  -1.4993144166285547E-017
          13          21   1.0866650057557280E-015
          13          22  -2.1049452856124066E-015
          13          23   3.7315616477803538E-017
          13          24  -2.0254927499315490E-015
          13          25  -2.3876802340242369E-017
          13          26  -3.0939690716420679E-018
          13          27  -2.1139945512707920E-015
          13          28   2.1640767034136943E-016
          13          29  -1.6742257975942842E-017
          13          30   1.5541798777219866E-016
          13          31   4.4309637260903116E-017
          13          32   6.6465791759958617E-018
          13          33   2.3262061015397802E-016
          13          34   4.4519889123828095E-003
          13          35   1.5220843248980902E-016
          13          36   1.9909899686326483E-003
          13          37   3.0742552600830694E-016
          13          38   3.2634485391823982E-017
          13          39  -1.0833722237123892E-018
          13          40   6.6353172956096897E-017
          13          41   1.9909899686326197E-003
          13          42   1.3225911251607762E-016
          13          43   1.1405806854546622E-016
          14           1   7.0134331844558842E-015
          14           2   9.9837708260928129E-015
          14           3  -9.8509261637595099E-015
          14           4   6.8288419142256845E-015
          14           5  -1.5697340625854463E-015
          14           6  -1.2266047144753061E-015
          14           7  -1.6731407925796174E-015
          14           8  -2.5618165178709369E-002
          14           9  -4.9005938196344199E-016
          14          10  -2.7714918034163315E-016
          14          11  -4.2746129264657979E-003
          14          12  -5.7733765684809440E-017
          14          13   7.7435752038017658E-017
          14          14   5.6208009385691211E-004
          14          15  -7.3183646642108153E-019
          14          16   1.1160911083948280E-015
          14          17  -1.5767795681960881E-018
          14          18   1.1110487838735043E-015
          14          19   8.3004667477800363E-018
          14          20   5.9461977275173879E-018
          14          21   1.0596619086290067E-015
          14          22  -1.0136296183339657E-015
          14          23   1.4572931361219158E-017
          14          24  -9.8085562026153868E-016
          14          25  -1.0658962539702076E-017
          14          26   1.7012137286864477E-017
          14          27  -9.8615599124947498E-016
          14          28   6.8987663803643774E-016
          14          29   1.3045024762873146E-018
          14          30   6.7431660879716846E-016
          14          31   1.0903403545913235E-018
          14          32   2.7952057453206314E-018
          14          33   6.5329131774576781E-016
          14          34   2.7793522691667188E-016
          14          35   1.9909899686325885E-003
          14          36   1.4888128707299564E-016
          14          37   4.4519889123827419E-003
          14          38   2.1196152472108763E-017
          14          39  -2.6517088423960233E-017
          14          40   5.1580918355967891E-017
          14          41   1.3461725224122405E-016
          14          42   1.9909899686325781E-003
          14          43   6.5323180892230935E-017
          15           1   1.0660915989341022E-015
          15           2   1.8084513757721443E-015
          15           3  -5.8167192030455645E-015
          15           4   5.1528996495003661E-015
          15           5  -3.5642443055352622E-016
          15           6  -6.4048415504689322E-017
          15           7   3.1832175784176417E-016
          15           8   5.2301912800695301E-016
          15           9  -2.5618165178701063E-002
          15          10   4.3368086899063596E-019
          15          11   9.2482445312999132E-017
          15          12  -4.2746129264637665E-003
          15          13   9.0530881402588431E-018
          15          14  -7.3183646642108153E-019
          15          15   5.6208009385654803E-004
          15          16   3.2800203582892778E-016
          15          17  -2.5750369069109625E-018
          15          18   3.4776269570252887E-016
          15          19   8.2988721952000359E-019
          15          20   3.4440741625049318E-019
          15          21   3.3006944012881483E-016
          15          22  -1.1500062379205881E-015
          15          23   1.0079260945120183E-019
          15          24  -1.1687404626836504E-015
          15          25  -8.0306238349590027E-019
          15          26   4.2023183307554400E-018
          15          27  -1.1560124617606287E-015
          15          28   6.6176575788295315E-017
          15          29  -4.8005921906423728E-020
          15          30   6.6745532441002834E-017
          15          31   1.4570623503394614E-020
          15          32  -2.6476693034103100E-018
          15          33   5.5868703300675449E-017
          15          34  -1.3660947373317427E-017
          15          35  -6.0010590247069761E-017
          15          36  -1.9407218887490295E-017
          15          37  -8.4025668367612357E-017
          15          38   1.9909899686318755E-003
          15          39   7.3468244025111145E-018
          15          40   1.9909899686318638E-003
          15          41  -1.0733601507608132E-017
          15          42  -2.8541622190677847E-017
          15          43   4.4519889123808207E-003
          16           1   9.9361979776344173E-002
          16           2  0.19637662401236788     
          16           3 -0.91676330299790054     
          16           4  0.80031123466118659     
          16           5  -4.4526865361916482E-002
          16           6  -8.1916437362686864E-004
          16           7   2.4906125780266518E-015
          16           8  -1.6316524218323770E-014
          16           9  -1.6783004450860063E-015
          16          10  -1.3635695096629715E-015
          16          11  -3.7437508946490500E-015
          16          12  -9.3103501030323399E-017
          16          13   1.0833110497676385E-015
          16          14   1.1160911083948280E-015
          16          15   3.2800203582892778E-016
          16          16   4.8885087589586006E-002
          16          17  -8.4295212073098931E-016
          16          18   4.8885087589587310E-002
          16          19   5.7106253536578084E-017
          16          20  -2.0301910410192363E-016
          16          21   4.8885087589589392E-002
          16          22 -0.18393582136679759     
          16          23   1.1417109437793296E-015
          16          24 -0.18393582136680153     
          16          25   1.8702767996120025E-016
          16          26   6.1464381995050279E-016
          16          27 -0.18393582136680089     
          16          28   4.1112724575619363E-003
          16          29  -1.7153047897506797E-015
          16          30   4.1112724575643788E-003
          16          31  -2.8157748014548793E-016
          16          32  -8.2921630778047276E-017
          16          33   4.1112724575629728E-003
          16          34   4.1398632466793528E-016
          16          35   1.3459180230581470E-015
          16          36   3.9842935296380023E-016
          16          37   3.8224130101923400E-015
          16          38   2.4706413933423528E-016
          16          39   1.0996176397835048E-016
          16          40  -1.0884585095929681E-016
          16          41  -3.9898664258109462E-017
          16          42   1.2876670423590286E-015
          16          43   3.7041851560551216E-016
          17           1  -2.4284986445480972E-015
          17           2  -4.2411733145854083E-015
          17           3   1.4835634792816803E-014
          17           4  -1.2921048061419120E-014
          17           5   7.4732218312377271E-016
          17           6   2.8467731087587861E-017
          17           7  -5.5751943969708839E-016
          17           8   7.1865557719182620E-017
          17           9   1.1736356000391539E-016
          17          10  -9.3026951269127670E-017
          17          11   1.1991391258965650E-017
          17          12   1.9583127331276007E-017
          17          13   1.2232358438058892E-017
          17          14  -1.5767795681960881E-018
          17          15  -2.5750369069109625E-018
          17          16  -8.4295212073098931E-016
          17          17   1.6283998175889172E-029
          17          18  -8.4295212073101298E-016
          17          19   5.0492170972031332E-032
          17          20   1.0801047074294758E-029
          17          21  -8.4295212073105144E-016
          17          22   2.9525538155785675E-015
          17          23  -2.0776709819229530E-029
          17          24   2.9525538155786377E-015
          17          25   1.8037181533649598E-030
          17          26  -1.8538778530541177E-029
          17          27   2.9525538155786322E-015
          17          28  -7.6147424103928939E-017
          17          29   2.8337536918700928E-029
          17          30  -7.6147424103995893E-017
          17          31   9.1457743884115766E-030
          17          32   6.3605331696711819E-030
          17          33  -7.6147424103966237E-017
          17          34   9.6887124688835931E-017
          17          35  -5.5852401415486825E-018
          17          36   4.3329239389744896E-017
          17          37  -1.2488976627197077E-017
          17          38  -9.1212492784291433E-018
          17          39  -8.2102397072677446E-030
          17          40  -9.1212492784097700E-018
          17          41   4.3329239389753031E-017
          17          42  -5.5852401415495753E-018
          17          43  -2.0395733426266855E-017
          18           1   9.9361979776347212E-002
          18           2  0.19637662401237357     
          18           3 -0.91676330299792441     
          18           4  0.80031123466120746     
          18           5  -4.4526865361917654E-002
          18           6  -8.1916437362689835E-004
          18           7   3.4962642498114731E-015
          18           8  -1.6086708033967937E-014
          18           9  -2.5789405037090717E-015
          18          10  -1.1957678109174039E-015
          18          11  -3.7054040721695804E-015
          18          12  -2.4338310184583237E-016
          18          13   1.0612463631626387E-015
          18          14   1.1110487838735043E-015
          18          15   3.4776269570252887E-016
          18          16   4.8885087589587310E-002
          18          17  -8.4295212073101298E-016
          18          18   4.8885087589588615E-002
          18          19   5.7106253536578922E-017
          18          20  -2.0301910410193262E-016
          18          21   4.8885087589590696E-002
          18          22 -0.18393582136680237     
          18          23   1.1417109437793592E-015
          18          24 -0.18393582136680631     
          18          25   1.8702767996120326E-016
          18          26   6.1464381995052360E-016
          18          27 -0.18393582136680567     
          18          28   4.1112724575620482E-003
          18          29  -1.7153047897507243E-015
          18          30   4.1112724575644915E-003
          18          31  -2.8157748014549903E-016
          18          32  -8.2921630778052453E-017
          18          33   4.1112724575630847E-003
          18          34   2.3922165821846948E-016
          18          35   1.3280571921012837E-015
          18          36   3.2027221811458824E-016
          18          37   3.7824749780381944E-015
          18          38   3.1705999225962587E-016
          18          39   1.0996176397835742E-016
          18          40  -3.8849998033924535E-017
          18          41  -1.1805579910733220E-016
          18          42   1.2698062114021663E-015
          18          43   5.2693400088973939E-016
          19           1  -3.7338219802765354E-016
          19           2  -3.5573196030314500E-016
          19           3  -1.7366058559388703E-015
          19           4   1.5366048713479366E-015
          19           5  -6.6030983584249667E-017
          19           6   8.8592019148557962E-018
          19           7  -1.2332395680474242E-016
          19           8  -3.7831392808460057E-016
          19           9  -3.7824125247880207E-017
          19          10  -2.0577671204125917E-017
