           1           1   2.2205753252927822     
           1           2 -0.76585818804661709     
           1           3   9.8050862837797348E-002
           1           4  0.18349959079103884     
           1           5  -2.1282526431261588E-002
           1           6  -3.2573782077318925E-002
           1           7  -1.4509357612318857E-013
           1           8   2.8876329367718408E-013
           1           9  -5.3732848270878857E-013
           1          10   2.9411655562042003E-013
           1          11   1.5246465316926753E-012
           1          12   1.1170056043378468E-012
           1          13  -7.4079596959524255E-015
           1          14   1.7554304244272955E-012
           1          15   9.1768160912705605E-017
           1          16  -1.4130867466772133E-013
           1          17  -2.8040501996246123E-012
           1          18  -5.4134875886892511E-013
           1          19   6.9722961101547397E-014
           1          20   1.9855464618694276E-012
           1          21   3.0781259635481529E-013
           1          22   2.4420442806668968E-003
           1          23   1.3396446369677374E-011
           1          24   1.5361671961374055E-003
           1          25  -1.3495995949014283E-012
           1          26   7.2478530550164749E-011
           1          27   2.2013491093337435E-003
           1          28  -1.6472601698327285E-002
           1          29   2.1911937082140980E-012
           1          30  -1.6623981776529045E-002
           1          31  -7.4371637620101537E-014
           1          32   1.3172616430352578E-011
           1          33  -1.6503468478818544E-002
           1          34  -2.9286559799507096E-003
           1          35  -1.5027244577564637E-011
           1          36  -1.8967020238108891E-003
           1          37   1.3720744759314593E-012
           1          38  -7.8498750072565094E-011
           1          39  -2.6148108139286592E-003
           1          40   8.4966385502464430E-003
           1          41  -2.6126755967979899E-012
           1          42   8.6545000335272026E-003
           1          43   3.2656048992156670E-013
           1          44  -7.7680936359610171E-012
           1          45   8.5814336604491184E-003
           1          46  -1.1801030600708816E-013
           1          47  -3.3832994416893215E-013
           1          48  -1.1657810235020906E-014
           1          49  -5.2088737632272159E-013
           1          50  -1.7254005231358241E-013
           1          51  -2.4458355077312449E-014
           1          52  -7.5110618522172766E-014
           1          53  -4.1850283899581609E-014
           1          54  -3.0511480049254187E-013
           1          55  -4.4472717621100155E-013
           2           1 -0.76585818804661709     
           2           2   2.6361230417634847     
           2           3 -0.50090317618274549     
           2           4 -0.65110458517936520     
           2           5   6.4599510043282460E-002
           2           6  -1.6670808685508794E-002
           2           7   4.7866839951149957E-013
           2           8  -7.3651496439606447E-013
           2           9   1.6921361599808115E-012
           2          10  -8.2305043914876136E-013
           2          11  -1.9462797248701996E-012
           2          12  -3.1509375062708539E-012
           2          13   3.5776644596367048E-014
           2          14  -9.8432115124717309E-012
           2          15  -3.9783449237612641E-015
           2          16   6.1640542127372833E-013
           2          17   1.0896025216305231E-011
           2          18   2.2893911115762857E-012
           2          19  -1.9197580179564624E-013
           2          20  -5.2251488155014369E-012
           2          21  -9.2412907641564237E-013
           2          22   2.1243245971330378E-003
           2          23  -5.4381486277362192E-011
           2          24   5.7812042599221913E-003
           2          25   5.0843544606155537E-012
           2          26  -2.9468124699582342E-010
           2          27   3.0746805706680508E-003
           2          28   6.0781392502856572E-002
           2          29   6.7548019013919597E-012
           2          30   6.0314232585656831E-002
           2          31  -1.1271183959282269E-012
           2          32   3.0639577487233038E-011
           2          33   6.0593344410975539E-002
           2          34   4.7486421645698398E-002
           2          35   6.4280819344270927E-011
           2          36   4.3060588523180690E-002
           2          37  -5.8496014155347480E-012
           2          38   3.3565307897485143E-010
           2          39   4.6129661699396543E-002
           2          40   7.2679246877901975E-003
           2          41   1.2728296099092994E-011
           2          42   6.5043047533071543E-003
           2          43  -1.5281529047570292E-012
           2          44   3.8392957844709478E-011
           2          45   6.8659058269016785E-003
           2          46   4.4681099063443408E-013
           2          47   1.4484096460078156E-012
           2          48   3.8103877113553819E-014
           2          49   2.5278513638518801E-012
           2          50   6.1705076283447391E-013
           2          51   9.0374281214147163E-014
           2          52   3.0480366323196454E-013
           2          53   1.5224546536012983E-013
           2          54   1.3671820720658924E-012
           2          55   1.6733488464523521E-012
           3           1   9.8050862837797348E-002
           3           2 -0.50090317618274549     
           3           3  0.72832550069134427     
           3           4  0.72292588949412173     
           3           5 -0.11638992887780915     
           3           6 -0.38070888253922636     
           3           7   4.7937259565728481E-013
           3           8  -1.7033211190349381E-011
           3           9   1.4354073153509839E-012
           3          10   1.3269670407368061E-012
           3          11   1.6139824674708960E-011
           3          12   5.1519272078904967E-012
           3          13  -8.0992914167432745E-014
           3          14   9.3361194375176677E-012
           3          15  -2.3418917773019646E-013
           3          16  -8.0939844099923175E-013
           3          17  -1.7332554845845576E-011
           3          18  -3.0591254645976270E-012
           3          19   5.7303609284316086E-013
           3          20   1.6157730948184176E-011
           3          21   2.2955903554141404E-012
           3          22   1.6324372894304252E-002
           3          23   1.3533256466472174E-010
           3          24   7.1808137739834618E-003
           3          25  -1.3532453909550823E-011
           3          26   7.2039303797225837E-010
           3          27   1.3796896222336137E-002
           3          28  -3.4323747603449577E-002
           3          29  -1.7747229148765040E-011
           3          30  -3.3081518763897415E-002
           3          31   1.4642638820246440E-012
           3          32  -9.5113069278182794E-011
           3          33  -3.3944409502078395E-002
           3          34   7.3831199475600240E-003
           3          35  -6.2052742665157064E-011
           3          36   1.1661658325012814E-002
           3          37   5.6733796764481453E-012
           3          38  -3.2363003035312529E-010
           3          39   8.7025514092183842E-003
           3          40   9.8229703132960977E-002
           3          41  -2.2673843638794412E-011
           3          42   9.9672140364359202E-002
           3          43   2.4375156365621919E-012
           3          44  -9.1271254971967876E-011
           3          45   9.8826169134539815E-002
           3          46  -3.1803218370425357E-013
           3          47  -1.9688345664624060E-012
           3          48  -2.0636630692410721E-014
           3          49  -4.1742416243279161E-012
           3          50  -3.2258423485606661E-013
           3          51  -2.8828216455570670E-014
           3          52  -4.0332508017678702E-013
           3          53  -8.9415820239493129E-014
           3          54  -2.0881024246718724E-012
           3          55  -1.0754431930335395E-012
           4           1  0.18349959079103884     
           4           2 -0.65110458517936520     
           4           3  0.72292588949412173     
           4           4  0.86581207641946434     
           4           5 -0.23450988490013819     
           4           6  -1.1063641054961373     
           4           7   1.7839617166747698E-012
           4           8  -2.0344824549339179E-011
           4           9   5.9921682833491044E-012
           4          10  -1.2826041539062710E-012
           4          11  -1.9697561353660949E-011
           4          12  -5.0274287439166220E-012
           4          13  -1.3802156556756055E-013
           4          14   2.5904988426740235E-011
           4          15  -2.2871280904897961E-013
           4          16  -1.5622374069725248E-012
           4          17  -3.4573997197399632E-011
           4          18  -5.9520799970142801E-012
           4          19   1.4650731730178819E-012
           4          20   4.0916030153218531E-011
           4          21   5.5769238376714673E-012
           4          22   7.6839402062758317E-003
           4          23   4.0059143456057906E-011
           4          24   5.1471178092356122E-003
           4          25  -2.0404141625489654E-012
           4          26   1.9935448609035703E-010
           4          27   6.9950177854362448E-003
           4          28  -5.1864834898887775E-002
           4          29  -9.3180247429003707E-011
           4          30  -4.5412388411770789E-002
           4          31   9.0116398334826294E-012
           4          32  -5.0785642025819183E-010
           4          33  -5.0051890326513089E-002
           4          34   5.3046115457990761E-002
           4          35  -1.0000351919922169E-010
           4          36   5.9967672155605820E-002
           4          37   8.9875033110321685E-012
           4          38  -5.2528592086243471E-010
           4          39   5.5168961847934475E-002
           4          40  0.28426032315033095     
           4          41  -5.7284347453345263E-011
           4          42  0.28796236575945627     
           4          43   5.6653179123355764E-012
           4          44  -2.5677631769487910E-010
           4          45  0.28558878536479332     
           4          46  -2.8237854970476869E-013
           4          47  -1.8650103516655857E-012
           4          48  -6.3959368686468804E-015
           4          49  -4.8577460570307195E-012
           4          50  -1.8656789163086755E-013
           4          51  -2.5074587505450264E-014
           4          52  -3.5092411217938606E-013
           4          53  -4.8390162431716543E-014
           4          54  -2.1300364389042938E-012
           4          55  -9.7758809767208332E-013
           5           1  -2.1282526431261588E-002
           5           2   6.4599510043282460E-002
           5           3 -0.11638992887780915     
           5           4 -0.23450988490013819     
           5           5  0.19548549366031026     
           5           6   1.4488402167266312     
           5           7  -1.4802757384996280E-012
           5           8  -7.7174538427158336E-012
           5           9  -2.5366558909578640E-012
           5          10   1.0757059825586453E-012
           5          11   2.6103082355520383E-011
           5          12   5.0817108678378824E-012
           5          13   6.5882069511972790E-014
           5          14  -5.3384449500879558E-012
           5          15   4.2225710034277791E-013
           5          16   9.6387062657811013E-013
           5          17   2.9142184041425253E-011
           5          18   3.8962454429606145E-012
           5          19  -2.2490798274074367E-012
           5          20  -7.1625825544765580E-011
           5          21  -8.6501119548754402E-012
           5          22   1.5805695533710523E-003
           5          23   1.1441857527017479E-010
           5          24  -5.9807217454341480E-003
           5          25  -9.8320169839853304E-012
           5          26   6.4190144970148403E-010
           5          27  -5.5883081520686638E-005
           5          28  -3.2351566394719061E-002
           5          29   8.5663440497051719E-011
           5          30  -3.8057208143974862E-002
           5          31  -7.0548075919403250E-012
           5          32   4.7959139290748421E-010
           5          33  -3.3638895680516132E-002
           5          34 -0.17461839760396292     
           5          35   3.9904814970105693E-011
           5          36 -0.17732400895838396     
           5          37  -3.5617573586051426E-012
           5          38   2.1020850014669332E-010
           5          39 -0.17539578980189355     
           5          40 -0.38224253896231392     
           5          41   3.6989861918466692E-011
           5          42 -0.38471828416746262     
           5          43  -3.8600029968580346E-012
           5          44   1.7896968881263700E-010
           5          45 -0.38307375098452828     
           5          46   4.0446850365380788E-014
           5          47   3.4582742741172225E-013
           5          48   1.0590178398787582E-014
           5          49   1.4578578919266764E-012
           5          50   2.6034101057728132E-014
           5          51   1.3488543230764343E-015
           5          52   7.4841722667808425E-014
           5          53   8.7354639293506762E-015
           5          54   4.3862801096731993E-013
           5          55   1.4873775070788752E-013
           6           1  -3.2573782077318925E-002
           6           2  -1.6670808685508794E-002
           6           3 -0.38070888253922636     
           6           4  -1.1063641054961373     
           6           5   1.4488402167266312     
           6           6   11.791903951502363     
           6           7  -2.3516433914744788E-013
           6           8   5.1623806996839839E-012
           6           9   3.7135233540382827E-013
           6          10  -3.0199424625159040E-013
           6          11  -1.0437602203524478E-011
           6          12  -9.1896705253555110E-013
           6          13  -7.1040454927851260E-013
           6          14  -2.2205490580689925E-011
           6          15  -2.4597962360047789E-012
           6          16   4.4889217355061591E-012
           6          17   1.5061346720454768E-010
           6          18   1.8396898651442646E-011
           6          19  -9.5617936901761481E-012
           6          20  -2.5202742451831325E-010
           6          21  -3.2448298895674361E-011
           6          22  -1.5288027977455843E-002
           6          23   3.7667053150495014E-011
           6          24  -1.8137911291145559E-002
           6          25  -8.7720876908664695E-012
           6          26   2.5265510975561623E-010
           6          27  -1.5828026758107339E-002
           6          28 -0.45277468305790142     
           6          29   2.9109671628920058E-011
           6          30 -0.45493956124094587     
           6          31  -5.5817816180336765E-012
           6          32   1.9287887083589842E-010
           6          33 -0.45317654987095640     
           6          34  -1.6327119099727334     
           6          35   7.9383110629012475E-011
           6          36  -1.6381170564334107     
           6          37  -7.5565449941764289E-012
           6          38   4.3319027288182854E-010
           6          39  -1.6341413492852657     
           6          40  -3.1360674007627161     
           6          41   2.1847743275981156E-010
           6          42  -3.1510266602996797     
           6          43  -1.9523455360805199E-011
           6          44   1.2036641571163370E-009
           6          45  -3.1399930844992348     
           6          46   8.4740156679555730E-014
           6          47   6.8465144242460760E-013
           6          48   2.1564513678255898E-014
           6          49   1.8533225933810707E-012
           6          50   2.4006447155179601E-014
           6          51  -4.3914378747549836E-015
           6          52   4.7902081743194903E-014
           6          53   4.1077844699583519E-014
           6          54   8.2147226345131680E-013
           6          55   2.4753380510964765E-013
           7           1  -1.4509357612318857E-013
           7           2   4.7866839951149957E-013
           7           3   4.7937259565728481E-013
           7           4   1.7839617166747698E-012
           7           5  -1.4802757384996280E-012
           7           6  -2.3516433914744788E-013
           7           7   2.2333987118226455     
           7           8   5.7756935000511499E-012
           7           9  -8.3416379822861284E-013
           7          10 -0.56564086247914125     
           7          11  -1.6903948966298755E-011
           7          12   3.5499810424427676E-012
           7          13 -0.20901003313550715     
           7          14   2.9096893621697767E-011
           7          15  -4.9961133692424757E-012
           7          16  -1.5676338138271607E-002
           7          17  -1.9813123531507042E-011
           7          18   1.2507186886902913E-012
           7          19   1.7593103343021190E-002
           7          20   8.2742401887253499E-012
           7          21  -5.6920216700736681E-013
           7          22  -1.4078605462508375E-012
           7          23  -1.9690911252291203E-011
           7          24  -4.4063958231814088E-013
           7          25  -2.6414351342446587E-012
           7          26  -2.1721853940714141E-013
           7          27  -8.2630722851970536E-013
           7          28  -1.0535576170274514E-013
           7          29  -2.1093002987113646E-012
           7          30  -9.2481338746873083E-014
           7          31  -5.5386221722024749E-013
           7          32   6.9122603696424713E-014
           7          33  -2.1119664030322377E-013
           7          34   4.2869989739640431E-013
           7          35  -2.9074277780081935E-012
           7          36   3.9800027270564542E-013
           7          37  -2.1889894420795314E-013
           7          38   1.2501116135754136E-014
           7          39   3.1804267226731671E-013
           7          40   3.5297764941115644E-013
           7          41   1.1305970981675544E-012
           7          42   2.3247234318401394E-013
           7          43   1.1190081264196787E-013
           7          44  -3.4278706881494074E-015
           7          45   1.7258091706642427E-013
           7          46  -1.2949585460831765E-002
           7          47  -2.5647704135877110E-011
           7          48  -3.7184510318439288E-003
           7          49   1.9879233146574721E-011
           7          50  -1.9727475432741711E-011
           7          51  -3.6398770123425836E-010
           7          52   8.8781064997741490E-014
           7          53  -7.0539984735857736E-003
           7          54  -3.0442125518968934E-012
           7          55   1.4049171810421467E-011
           8           1   2.8876329367718408E-013
           8           2  -7.3651496439606447E-013
           8           3  -1.7033211190349381E-011
           8           4  -2.0344824549339179E-011
           8           5  -7.7174538427158336E-012
           8           6   5.1623806996839839E-012
           8           7   5.7756935000511499E-012
           8           8   2.2331828157234717     
           8           9   1.1443907266907093E-011
           8          10  -1.9847773857206993E-011
           8          11 -0.56464815110967514     
           8          12  -5.9964570465911426E-011
           8          13   2.8846110680341229E-011
           8          14 -0.21123591336010922     
           8          15   1.5303458240592315E-010
           8          16  -1.9459662525449826E-011
           8          17  -1.4152902340158400E-002
           8          18  -1.0376510690685095E-010
           8          19   8.1301810871734206E-012
           8          20   1.6936080634547036E-002
           8          21   4.4391011519383511E-011
           8          22   2.5604482352879204E-011
           8          23  -1.8441111412717668E-012
           8          24  -1.1651482568141500E-011
           8          25   1.5281541880431546E-012
           8          26  -6.4032153415706806E-012
           8          27   2.2367782102625825E-011
           8          28   2.0769489787876097E-012
           8          29   1.0977378344885703E-012
           8          30   7.9998767864556394E-012
           8          31  -1.3673373928657674E-012
           8          32   3.7095429341048388E-012
           8          33   6.9687330336427644E-012
           8          34  -2.5958432556965096E-012
           8          35  -5.3699003815328234E-014
           8          36  -6.8622716369726846E-012
           8          37   3.8013980235227217E-013
           8          38  -5.4112006268664197E-013
           8          39  -8.6200053255885203E-013
           8          40  -3.0242332937318953E-012
           8          41  -3.8649561272997037E-014
           8          42   3.6877851907445041E-013
           8          43  -2.3951413629427824E-014
           8          44   3.5935762329375014E-013
           8          45  -1.5159839680553545E-012
           8          46   6.6581240564517225E-011
           8          47  -7.9831860215835038E-003
           8          48  -8.3478064403489887E-011
           8          49  -9.7287900699283003E-003
           8          50  -2.5747153716123828E-011
           8          51   6.6400884072904502E-012
           8          52  -3.8311819817852964E-010
           8          53  -2.6535775616517864E-012
           8          54  -6.7230109117334194E-003
           8          55   2.7505820526227482E-010
           9           1  -5.3732848270878857E-013
           9           2   1.6921361599808115E-012
           9           3   1.4354073153509839E-012
           9           4   5.9921682833491044E-012
           9           5  -2.5366558909578640E-012
           9           6   3.7135233540382827E-013
           9           7  -8.3416379822861284E-013
           9           8   1.1443907266907093E-011
           9           9   2.2333566620924064     
           9          10   3.5501157091276842E-012
           9          11  -6.4015508357097794E-011
           9          12 -0.56541361454565842     
           9          13  -5.0205099572593528E-012
           9          14   1.5158471218162553E-010
           9          15 -0.20961538517833739     
           9          16   1.2421547270846900E-012
           9          17  -1.0340698776725352E-010
           9          18  -1.5249172128431701E-002
           9          19  -5.6375071614465340E-013
           9          20   4.4292267134865634E-011
           9          21   1.7403293511613887E-002
           9          22  -3.3867062462544382E-012
           9          23  -1.7839138293810183E-013
           9          24  -5.4132901235785934E-013
           9          25  -6.2671441969764393E-013
           9          26  -1.8212636224553972E-011
           9          27  -5.7277154195584064E-012
           9          28  -1.0681174070764033E-012
           9          29   5.6780479218220877E-014
           9          30  -4.7339934297011773E-013
           9          31  -1.3922146273501433E-013
           9          32  -1.5804646912627572E-012
           9          33  -5.7506585463609562E-013
           9          34   1.5323144056207906E-013
           9          35   5.3857126929702260E-014
           9          36   5.1348831167905949E-013
           9          37  -4.1468714363158255E-014
           9          38  -2.8942062999968156E-012
           9          39   4.9278200886154974E-013
           9          40  -2.3058666349016753E-013
           9          41  -1.8075616153618722E-014
           9          42   1.3140289464326073E-013
           9          43  -1.7017309783832868E-014
           9          44   1.1431598973701118E-012
           9          45   4.5643740576678722E-013
           9          46  -2.1982152411070601E-011
           9          47  -2.4149963117906531E-011
           9          48   9.6286204228108270E-014
           9          49   1.5014665058656637E-010
           9          50  -8.2247073570568645E-003
           9          51  -6.7156729876591079E-011
           9          52  -3.6292341432957401E-003
           9          53   2.8640182973827511E-011
           9          54  -2.0869170162251266E-010
           9          55  -1.2067317216033975E-002
          10           1   2.9411655562042003E-013
          10           2  -8.2305043914876136E-013
          10           3   1.3269670407368061E-012
          10           4  -1.2826041539062710E-012
          10           5   1.0757059825586453E-012
          10           6  -3.0199424625159040E-013
          10           7 -0.56564086247914125     
          10           8  -1.9847773857206993E-011
          10           9   3.5501157091276842E-012
          10          10   1.4062508014332455     
          10          11   5.4124553836925124E-011
          10          12  -1.1123775523420725E-011
          10          13  0.45507637747480456     
          10          14  -5.4648655730261268E-011
          10          15   1.0445261540907771E-011
          10          16   3.5740071176598887E-002
          10          17   4.3203955874230438E-011
          10          18  -2.6179856497747493E-012
          10          19  -4.3696308473080404E-002
          10          20  -1.7734742522109737E-011
          10          21   1.1575867744132025E-012
          10          22   2.2286545305611978E-012
          10          23   5.0023277406785069E-011
          10          24  -1.2148860134662590E-012
          10          25   7.2089570611408804E-012
          10          26   8.6347119621963631E-013
          10          27   1.0396028702325403E-013
          10          28   7.0216772569431511E-014
          10          29   1.4168798376079794E-011
          10          30  -3.1065990858357497E-014
          10          31   2.1154303080013037E-012
          10          32  -3.9694411626228513E-013
          10          33  -1.1506712138386960E-013
          10          34  -8.4754778405404558E-014
          10          35   5.8953635310581723E-012
          10          36  -1.7030823653985831E-013
          10          37   4.9604419139560858E-013
          10          38   3.0343013697317693E-014
          10          39   9.0015979321571969E-014
          10          40  -2.2617992292165515E-013
          10          41  -2.1599086342406465E-012
          10          42   7.1432943265738081E-014
          10          43  -2.2843031985827950E-013
          10          44  -1.0804880349462624E-014
          10          45   1.6632337263838680E-013
          10          46   1.3373812635057917E-002
          10          47   3.0048464179017453E-011
          10          48   1.7422427461436067E-003
          10          49  -4.7623178726357440E-011
          10          50   6.4288700116356994E-011
          10          51   9.4900666493005789E-010
          10          52  -1.0874289422336563E-012
          10          53   1.0438551434111975E-002
          10          54   1.5585434263513644E-011
          10          55  -4.5047662523410588E-011
          11           1   1.5246465316926753E-012
          11           2  -1.9462797248701996E-012
          11           3   1.6139824674708960E-011
          11           4  -1.9697561353660949E-011
          11           5   2.6103082355520383E-011
          11           6  -1.0437602203524478E-011
          11           7  -1.6903948966298755E-011
          11           8 -0.56464815110967514     
          11           9  -6.4015508357097794E-011
          11          10   5.4124553836925124E-011
          11          11   1.4027339794611522     
          11          12   2.3318069393547347E-010
          11          13  -5.5266236999912958E-011
          11          14  0.45923518353687665     
          11          15  -2.8143274356876232E-010
          11          16   4.2962999285546126E-011
          11          17   3.2441293435066881E-002
          11          18   2.2430233970260186E-010
          11          19  -1.7643433399687569E-011
          11          20  -4.2292788869995428E-002
          11          21  -9.4629608948335838E-011
          11          22  -2.6886721934484437E-011
          11          23   2.6443181068784368E-012
          11          24   5.3763925486334755E-011
          11          25  -1.9743666235000512E-012
          11          26   9.0289249794795036E-012
          11          27  -2.3752937117115118E-011
          11          28  -1.0031554758838552E-012
          11          29   2.1583782903443121E-013
          11          30   1.7494111471464131E-011
          11          31   3.8532382382482773E-013
          11          32   1.2308396698650922E-012
          11          33  -4.2503684467731871E-012
          11          34   1.1082906024892559E-011
          11          35  -6.1624202448954380E-014
          11          36   1.7270651894948809E-011
          11          37  -1.0993824718163774E-013
          11          38   2.2525518756672768E-013
          11          39   7.9107668491391409E-012
          11          40   5.4893835401741701E-012
          11          41   4.7610414332314024E-014
          11          42  -8.2018411175352220E-015
          11          43  -6.7191028617963234E-014
          11          44  -2.3653128471298955E-013
          11          45   3.0205751794635196E-012
          11          46  -1.8095229156670709E-010
          11          47   1.2328227918352044E-002
          11          48   2.0806690181877248E-010
          11          49   7.4122754636638958E-003
          11          50   9.8647992730634981E-011
          11          51  -1.5204683050352722E-011
          11          52   9.0003113273521260E-010
          11          53   1.5598879483905798E-011
          11          54   9.0467412271248247E-003
          11          55  -7.9982525944802568E-010
          12           1   1.1170056043378468E-012
          12           2  -3.1509375062708539E-012
          12           3   5.1519272078904967E-012
          12           4  -5.0274287439166220E-012
          12           5   5.0817108678378824E-012
          12           6  -9.1896705253555110E-013
          12           7   3.5499810424427676E-012
          12           8  -5.9964570465911426E-011
          12           9 -0.56541361454565842     
          12          10  -1.1123775523420725E-011
          12          11   2.3318069393547347E-010
          12          12   1.4054008901765793     
          12          13   1.0524518606596015E-011
          12          14  -2.8145422776385925E-010
          12          15  0.45621812647278659     
          12          16  -2.6142223106470495E-012
          12          17   2.2413998942006044E-010
          12          18   3.4820709138633443E-002
          12          19   1.1497996391035351E-012
          12          20  -9.4617041240958963E-011
          12          21  -4.3291480407975876E-002
          12          22   1.6745071890719803E-012
          12          23   7.8278839819090948E-013
          12          24  -7.1974376051354465E-012
          12          25   1.7209777815403278E-012
          12          26   4.5094093534944488E-011
          12          27   9.5886849205441480E-012
          12          28  -9.7720458855086667E-014
          12          29  -3.9927314469166684E-013
          12          30  -4.0493358287011948E-013
          12          31   4.9326059322501698E-013
          12          32   1.3612413504037549E-011
          12          33   3.8073275184044304E-013
          12          34   3.3517187158465395E-013
          12          35  -4.4072997534882756E-014
          12          36  -9.1597298168690049E-013
          12          37   9.7519541228061629E-014
          12          38   5.6385433582383330E-012
          12          39  -2.6186045661146139E-013
          12          40   5.6230531693317682E-013
          12          41   1.3960261753395205E-014
          12          42  -7.2098433265399656E-014
          12          43   4.0128395482504608E-014
          12          44  -2.0947804448180810E-012
          12          45  -9.3793275282664255E-013
          12          46   6.5475841490668908E-011
          12          47   9.8330644808858298E-011
          12          48  -1.0968682719026906E-012
          12          49  -4.0803929868824422E-010
          12          50   1.3347980400330134E-002
          12          51   1.7493920449550026E-010
          12          52   1.3703605543060483E-003
          12          53  -8.4062543605140940E-011
          12          54   3.7325047727616496E-010
          12          55   1.1740228188797990E-002
          13           1  -7.4079596959524255E-015
          13           2   3.5776644596367048E-014
          13           3  -8.0992914167432745E-014
          13           4  -1.3802156556756055E-013
          13           5   6.5882069511972790E-014
          13           6  -7.1040454927851260E-013
          13           7 -0.20901003313550715     
          13           8   2.8846110680341229E-011
          13           9  -5.0205099572593528E-012
          13          10  0.45507637747480456     
          13          11  -5.5266236999912958E-011
          13          12   1.0524518606596015E-011
          13          13  0.17564145218877047     
          13          14   4.2926460824084255E-012
          13          15   1.9152965374348702E-012
          13          16   1.3324353721124223E-002
          13          17   2.4374683184813660E-011
          13          18  -2.0173611393097973E-012
          13          19   9.5155277726948189E-003
          13          20  -1.9086067279362910E-011
          13          21   1.6903528362791161E-012
          13          22  -1.3237104534749487E-012
          13          23  -1.4932288545315675E-011
          13          24   7.4586493498843221E-013
          13          25  -2.2250781944805871E-012
          13          26  -1.3230063760987918E-013
          13          27   7.9673871239117653E-013
          13          28  -1.1645109520681228E-012
          13          29  -9.6624022585470644E-012
          13          30   3.0515755633370724E-013
          13          31  -1.4347857992561312E-012
          13          32  -2.5705958491013368E-013
          13          33   1.3865715312462966E-013
          13          34  -5.3368729470431053E-013
          13          35  -1.1515828983931091E-012
          13          36  -2.0104387900474731E-013
          13          37  -2.5731963667976833E-013
          13          38  -2.8159252097714423E-014
          13          39  -1.4169975422852129E-013
          13          40   4.1720940629419651E-014
          13          41   4.2650132779032437E-013
          13          42   1.5041253070911037E-013
          13          43   5.3996588762427141E-014
          13          44   2.0605978542008015E-016
          13          45   2.2176412006755307E-013
          13          46   4.4551809734230821E-003
          13          47  -5.9842226653454127E-011
          13          48   2.7399887877787932E-003
          13          49   1.6323056540476621E-011
          13          50   5.7856925235379009E-011
          13          51   4.3079629431850403E-010
          13          52  -3.1412597574021462E-012
          13          53   6.6915557929479444E-003
          13          54   3.7154555631151146E-011
          13          55  -4.0553578502299936E-011
          14           1   1.7554304244272955E-012
          14           2  -9.8432115124717309E-012
          14           3   9.3361194375176677E-012
          14           4   2.5904988426740235E-011
          14           5  -5.3384449500879558E-012
          14           6  -2.2205490580689925E-011
          14           7   2.9096893621697767E-011
          14           8 -0.21123591336010922     
          14           9   1.5158471218162553E-010
          14          10  -5.4648655730261268E-011
          14          11  0.45923518353687665     
          14          12  -2.8145422776385925E-010
          14          13   4.2926460824084255E-012
          14          14  0.17519258711103664     
          14          15   2.5217034123091246E-011
          14          16   2.4322130727013540E-011
          14          17   1.1431233656999124E-002
          14          18   1.2728625477418496E-010
          14          19  -1.9069561328350886E-011
          14          20   1.1022408814892356E-002
          14          21  -1.0242381886399308E-010
          14          22   1.2323504922136885E-011
          14          23  -8.3402129160294897E-013
          14          24  -1.6825025742336987E-011
          14          25   5.3117917572614956E-013
          14          26  -3.0021895609304485E-012
          14          27   5.6341469173369960E-012
          14          28  -1.2104667407208541E-011
          14          29  -7.3805348223560979E-013
          14          30  -3.1028686286249495E-011
          14          31   6.5116099025753429E-013
          14          32  -2.4954745609875252E-012
          14          33  -1.6525723909071835E-011
          14          34  -2.1765133666691173E-011
          14          35  -1.6763950941003595E-013
          14          36  -2.4363112096718326E-011
          14          37   8.1220271760615471E-014
          14          38  -4.9669727338071008E-013
          14          39  -2.3389204755792301E-011
          14          40   2.9157384421186964E-012
          14          41   3.9943369450547579E-014
          14          42   3.4451193088741400E-012
          14          43  -2.1215409803811883E-014
          14          44   6.3975533311241611E-014
          14          45   1.8442634651663291E-012
          14          46  -9.1968963086672252E-011
          14          47   5.2052572229057256E-003
          14          48   8.5200785584133786E-011
          14          49   4.8131336240256790E-003
          14          50   2.0089173132179269E-010
          14          51  -6.6511236893814608E-012
          14          52   2.8217688144481322E-010
          14          53   3.7152070785823929E-011
          14          54   3.7561932600192012E-003
          14          55  -3.5900896056976770E-010
          15           1   9.1768160912705605E-017
          15           2  -3.9783449237612641E-015
          15           3  -2.3418917773019646E-013
          15           4  -2.2871280904897961E-013
          15           5   4.2225710034277791E-013
          15           6  -2.4597962360047789E-012
          15           7  -4.9961133692424757E-012
          15           8   1.5303458240592315E-010
          15           9 -0.20961538517833739     
          15          10   1.0445261540907771E-011
          15          11  -2.8143274356876232E-010
          15          12  0.45621812647278659     
          15          13   1.9152965374348702E-012
          15          14   2.5217034123091246E-011
