           1           1  0.40216108421458807     
           1           2  0.61630387585969393     
           1           3  -5.7863670734592518E-002
           1           4 -0.14091861636744349     
           1           5  -4.1868741533039343E-002
           1           6  -1.1762470002879730E-003
           1           7   2.2645814963257527E-013
           1           8   5.0743201821111470E-013
           1           9   1.4743637211888276E-012
           1          10  -6.8322019545764862E-014
           1          11   1.1146998367472620E-013
           1          12   4.9650278703854080E-013
           1          13  -3.0353973823318311E-013
           1          14  -2.5557556410972363E-013
           1          15  -2.2623788820059754E-013
           1          16  -4.5616053345242624E-014
           1          17  -6.1504375204744674E-014
           1          18  -1.0391531256263907E-013
           1          19   1.4683383117787383E-003
           1          20  -2.5765455851463098E-005
           1          21   1.5789759078475428E-003
           1          22   7.8828396883327917E-006
           1          23  -4.0615552629830166E-005
           1          24   1.4747689820376068E-003
           1          25   5.6028979900033526E-003
           1          26   1.0361008236205757E-004
           1          27   5.1579933716789754E-003
           1          28  -3.1699096604238764E-005
           1          29   1.6332646179907607E-004
           1          30   5.5770384715680627E-003
           1          31   3.6355255122468163E-004
           1          32   2.6963134041440223E-004
           1          33  -7.9425204175794482E-004
           1          34  -8.2492645288803886E-005
           1          35   4.2503520831996776E-004
           1          36   2.9625662565073977E-004
           1          37  -1.2305126983782747E-013
           1          38  -5.2169964193779122E-015
           1          39  -5.1949840076415592E-014
           1          40   2.8277960620473933E-014
           1          41  -9.9999681157294766E-014
           1          42   6.1987124168613824E-015
           1          43  -1.3025241811272914E-013
           1          44   4.3544819360620556E-014
           1          45  -6.1008420001852792E-014
           1          46  -2.6678333106949570E-013
           2           1  0.61630387585969393     
           2           2  0.96265708235645508     
           2           3 -0.16424504147782421     
           2           4 -0.30474088762827239     
           2           5 -0.10173222067565715     
           2           6  -2.8509016033569090E-003
           2           7   5.2115869867787471E-013
           2           8   1.2374928895305130E-012
           2           9   3.4438303879025030E-012
           2          10  -1.6868992628273836E-013
           2          11   2.8784034268102714E-013
           2          12   1.2418424914513898E-012
           2          13  -7.1213465317710438E-013
           2          14  -6.0058057771467488E-013
           2          15  -4.7143133438598620E-013
           2          16  -1.1315581464689634E-013
           2          17  -1.5081243656227446E-013
           2          18  -2.5284802851107984E-013
           2          19   1.1089022622788121E-003
           2          20  -2.2935334775661263E-005
           2          21   1.2073872308345861E-003
           2          22   7.0169748157545002E-006
           2          23  -3.6154272190936179E-005
           2          24   1.1146265755638813E-003
           2          25   5.6733613622796299E-003
           2          26   2.9690292073129409E-004
           2          27   4.3984518347129709E-003
           2          28  -9.0836279297340039E-005
           2          29   4.6802494930925104E-004
           2          30   5.5992588577051545E-003
           2          31   9.4987637290022350E-004
           2          32   6.4563562600007684E-004
           2          33  -1.8225012446730696E-003
           2          34  -1.9752967363912663E-004
           2          35   1.0177521365948832E-003
           2          36   7.8873543522587372E-004
           2          37  -2.7051210723751050E-013
           2          38  -5.8561767899257305E-015
           2          39  -1.1751922642979645E-013
           2          40   7.8754056750864234E-014
           2          41  -1.7168306112045386E-013
           2          42   1.5908062344161756E-014
           2          43  -2.5809618061882131E-013
           2          44   1.3733999293039835E-013
           2          45  -1.5048266059364482E-013
           2          46  -5.0984202182392506E-013
           3           1  -5.7863670734592518E-002
           3           2 -0.16424504147782421     
           3           3  0.32251275429952331     
           3           4  0.38910100281895821     
           3           5  0.16209927039880440     
           3           6   4.5208359575136985E-003
           3           7  -5.8109092786041765E-012
           3           8  -5.5764872699550342E-012
           3           9  -1.4005257244659820E-011
           3          10  -4.1727324747700106E-012
           3          11  -3.6570668118709805E-012
           3          12  -9.8775644138443106E-012
           3          13  -9.6149323750724755E-013
           3          14  -5.1090536088875379E-013
           3          15  -3.0167854275091864E-012
           3          16   1.6234864368518435E-013
           3          17   2.3385970776874976E-013
           3          18   3.6216642917143449E-013
           3          19   4.5301170748029218E-003
           3          20  -5.7900872933181304E-005
           3          21   4.7787450920786520E-003
           3          22   1.7714545886213403E-005
           3          23  -9.1272436071337341E-005
           3          24   4.5445682672617775E-003
           3          25   1.1337591880393887E-002
           3          26  -5.8129201768549908E-004
           3          27   1.3833676233039171E-002
           3          28   1.7784400375304434E-004
           3          29  -9.1632364702219724E-004
           3          30   1.1482673628276367E-002
           3          31  -1.6817285932384594E-003
           3          32  -1.0023935324949996E-003
           3          33   2.6225775528340720E-003
           3          34   3.0667834814411337E-004
           3          35  -1.5801299035405848E-003
           3          36  -1.4315462502564034E-003
           3          37   3.0525448735230217E-013
           3          38  -6.1513713954276166E-014
           3          39   2.0139054500525241E-013
           3          40  -4.9984639847861425E-014
           3          41   5.9151189598782055E-014
           3          42  -8.9756926681308328E-014
           3          43   3.3017617795091738E-013
           3          44  -3.0120956550109672E-013
           3          45   1.3534929382570984E-013
           3          46   3.8370640755059468E-013
           4           1 -0.14091861636744349     
           4           2 -0.30474088762827239     
           4           3  0.38910100281895821     
           4           4  0.48373044190747405     
           4           5  0.19682050509498861     
           4           6   5.3808888030203693E-003
           4           7   9.9948125421607497E-012
           4           8   6.5858847662658138E-012
           4           9   1.6990662533013966E-011
           4          10   9.9470630361593793E-012
           4          11   7.3406683029890853E-012
           4          12   1.7974310486325962E-011
           4          13   5.7548366944056901E-012
           4          14   4.7444078936377286E-012
           4          15   1.0077806962420907E-011
           4          16   2.8719911257073083E-013
           4          17   3.3893946663050560E-013
           4          18   6.1597195194183291E-013
           4          19   5.2199263410951527E-003
           4          20   8.7655614801802634E-006
           4          21   5.1822868079298449E-003
           4          22  -2.6817869564065445E-006
           4          23   1.3817653981090371E-005
           4          24   5.2177385945373304E-003
           4          25   1.2361443506333005E-002
           4          26  -5.2055593541093254E-004
           4          27   1.4596725389288148E-002
           4          28   1.5926203826732276E-004
           4          29  -8.2058190813907774E-004
           4          30   1.2491366439964187E-002
           4          31  -1.9585389005325870E-003
           4          32  -1.1774468147769345E-003
           4          33   3.0974509748652426E-003
           4          34   3.6023520929775603E-004
           4          35  -1.8560763429315652E-003
           4          36  -1.6646658932857278E-003
           4          37   5.7979644623399236E-013
           4          38   1.1491691238951693E-013
           4          39   1.3322741202832323E-013
           4          40  -4.5871234856785402E-013
           4          41   2.1826995616272153E-013
           4          42   1.2218439883476104E-013
           4          43   1.4732361316770766E-013
           4          44  -3.8833980767095703E-013
           4          45   6.1113539249931950E-013
           4          46   8.0517870173868020E-013
           5           1  -4.1868741533039343E-002
           5           2 -0.10173222067565715     
           5           3  0.16209927039880440     
           5           4  0.19682050509498861     
           5           5   8.5073363722840051E-002
           5           6   2.6413345389185543E-003
           5           7  -4.8050854058505029E-012
           5           8  -6.9663951083888662E-012
           5           9  -1.9440011125238863E-011
           5          10  -3.7441311492713338E-012
           5          11  -5.5785142388222230E-012
           5          12  -1.5862786972620997E-011
           5          13  -1.3488365714324088E-012
           5          14  -2.0854015199212832E-012
           5          15  -6.5389521332311250E-012
           5          16   5.5177002887358508E-014
           5          17   6.9121426095322603E-014
           5          18   9.6976737838784246E-014
           5          19   1.8501598617727956E-003
           5          20  -2.3633334962608023E-004
           5          21   2.8649819671274406E-003
           5          22   7.2305258838991737E-005
           5          23  -3.7254569162610237E-004
           5          24   1.9091451157746478E-003
           5          25   5.0775669883458309E-003
           5          26  -7.4738101804972510E-004
           5          27   8.2868422409092500E-003
           5          28   2.2865828005365758E-004
           5          29  -1.1781391791421832E-003
           5          30   5.2641020566463444E-003
           5          31  -1.0520964043659574E-003
           5          32  -6.3250790116101325E-004
           5          33   1.6639104168841262E-003
           5          34   1.9351329848978099E-004
           5          35  -9.9705815745208836E-004
           5          36  -8.9423194679351360E-004
           5          37   8.7118546917835948E-014
           5          38  -6.8865755369356012E-014
           5          39   9.6492608635963517E-014
           5          40   1.3958528110248467E-013
           5          41  -3.3089512757568213E-014
           5          42  -1.1496029810113831E-013
           5          43   2.7344824729696310E-013
           5          44  -8.1930708465784925E-014
           5          45  -1.3405163873921102E-013
           5          46   4.4308068770410380E-014
           6           1  -1.1762470002879730E-003
           6           2  -2.8509016033569090E-003
           6           3   4.5208359575136985E-003
           6           4   5.3808888030203693E-003
           6           5   2.6413345389185543E-003
           6           6   1.0417760254418434E-004
           6           7   6.0728947400442160E-012
           6           8   5.4775232609127637E-012
           6           9   1.4161242698682335E-011
           6          10   5.3583469771958377E-012
           6          11   4.8262455720324962E-012
           6          12   1.2496377775713733E-011
           6          13   2.4468343524825246E-012
           6          14   2.1947557422554183E-012
           6          15   5.7196799961431647E-012
           6          16   2.8814999220967262E-014
           6          17   2.2469261515284005E-014
           6          18   6.8067813307452482E-014
           6          19   2.0869388065618332E-005
           6          20  -2.4208028244136904E-005
           6          21   1.2481934671733461E-004
           6          22   7.4063509682006468E-006
           6          23  -3.8160490883675749E-005
           6          24   2.6911348093085295E-005
           6          25   1.1117209606236223E-004
           6          26  -5.9774175750849401E-005
           6          27   3.6784410044843709E-004
           6          28   1.8287673764552085E-005
           6          29  -9.4225430762657288E-005
           6          30   1.2609083197420999E-004
           6          31  -4.6865975328074156E-005
           6          32  -2.8364121727990905E-005
           6          33   7.4930367532375061E-005
           6          34   8.6778912447181852E-006
           6          35  -4.4711977325599484E-005
           6          36  -3.9786717036111538E-005
           6          37   6.5542588926300145E-014
           6          38   6.9267453515020807E-014
           6          39  -3.3917324476295210E-014
           6          40  -1.4950198307829420E-013
           6          41   5.6431445101190076E-014
           6          42   8.6623689544332919E-014
           6          43  -1.1111648325795059E-013
           6          44  -5.3607064649647412E-015
           6          45   1.7550183551194661E-013
           6          46   1.2378233214400759E-013
           7           1   2.2645814963257527E-013
           7           2   5.2115869867787471E-013
           7           3  -5.8109092786041765E-012
           7           4   9.9948125421607497E-012
           7           5  -4.8050854058505029E-012
           7           6   6.0728947400442160E-012
           7           7  0.27703318286877587     
           7           8  -3.6820517095234269E-002
           7           9   1.1265092361962147E-002
           7          10  0.24408199490009475     
           7          11  -3.4003080525514318E-002
           7          12   1.0403108707604039E-002
           7          13  0.11333903305142703     
           7          14  -2.5641739373115448E-002
           7          15   7.8449892067293490E-003
           7          16   1.7830915051147921E-003
           7          17  -2.8447869417927134E-003
           7          18   8.7035133025109459E-004
           7          19   2.0986787245361703E-013
           7          20   3.1200369396108271E-013
           7          21  -3.1510377117331461E-013
           7          22   2.9292331416227369E-013
           7          23   9.4673802187271640E-014
           7          24   8.1671731360356992E-014
           7          25   4.0096911942383373E-013
           7          26   4.0484663534075181E-013
           7          27  -3.2343837170147166E-012
           7          28   3.6217563805514819E-013
           7          29   1.0027585080930503E-012
           7          30  -5.1512147605874923E-012
           7          31  -1.1826136505127151E-013
           7          32   1.6925692487004269E-012
           7          33  -4.4521008683169656E-012
           7          34   1.1646123472861016E-012
           7          35   2.3940919345313759E-012
           7          36  -3.9960815161909883E-012
           7          37   2.9662378043799832E-003
           7          38   1.8017843267231059E-003
           7          39  -3.2514525074880817E-003
           7          40  -4.0685151331741566E-004
           7          41  -5.5124882326020735E-004
           7          42   1.6812599192983408E-003
           7          43   1.3066510247812689E-004
           7          44   1.0621396665176871E-003
           7          45  -9.3799760410501833E-005
           7          46   4.8472580579556767E-005
           8           1   5.0743201821111470E-013
           8           2   1.2374928895305130E-012
           8           3  -5.5764872699550342E-012
           8           4   6.5858847662658138E-012
           8           5  -6.9663951083888662E-012
           8           6   5.4775232609127637E-012
           8           7  -3.6820517095234269E-002
           8           8  0.45960097371575637     
           8           9  -5.8042273906186999E-002
           8          10  -3.4003080532474285E-002
           8          11  0.41268004194317631     
           8          12  -5.3600988520535117E-002
           8          13  -2.5641739296178551E-002
           8          14  0.24047890000040509     
           8          15  -4.0420531127484949E-002
           8          16  -2.8447868178081265E-003
           8          17   1.5888446103377731E-002
           8          18  -4.4843991683098426E-003
           8          19  -1.5232422737022331E-013
           8          20   7.0617444430606626E-013
           8          21  -3.6855323098752795E-013
           8          22  -2.3306042576395144E-013
           8          23   8.9521455751838260E-013
           8          24   5.6771358444752670E-013
           8          25  -1.5032601527504483E-012
           8          26   1.9419116079410287E-012
           8          27  -1.4961995736595322E-012
           8          28  -2.6259105730545253E-012
           8          29   5.8277472821451136E-012
           8          30  -2.2922483358860211E-012
           8          31  -2.4071307106668325E-012
           8          32   3.2354731594790584E-012
           8          33  -3.5627181884303845E-012
           8          34   1.3170079996302566E-013
           8          35   7.6260780941689275E-012
           8          36  -2.3888897347196668E-012
           8          37  -1.4310512626970908E-004
           8          38   1.6914439597098038E-003
           8          39   1.4479314245816827E-003
           8          40  -5.3595554471569410E-003
           8          41  -1.1544056359115174E-004
           8          42  -2.0129833312848775E-004
           8          43   2.2824566032549555E-003
           8          44  -9.3799759940421396E-005
           8          45   1.5272286130656411E-003
           8          46  -2.4975017685616120E-004
           9           1   1.4743637211888276E-012
           9           2   3.4438303879025030E-012
           9           3  -1.4005257244659820E-011
           9           4   1.6990662533013966E-011
           9           5  -1.9440011125238863E-011
           9           6   1.4161242698682335E-011
           9           7   1.1265092361962147E-002
           9           8  -5.8042273906186999E-002
           9           9  0.28764470521814539     
           9          10   1.0403108701034348E-002
           9          11  -5.3600988509568952E-002
           9          12  0.25388154348769654     
           9          13   7.8449892164044986E-003
           9          14  -4.0420531232150010E-002
           9          15  0.12072887714652210     
           9          16   8.7035132961519571E-004
           9          17  -4.4843993614424966E-003
           9          18   2.6029473904563968E-003
           9          19  -7.4959394872036845E-013
           9          20   8.4808955152368831E-013
           9          21  -1.0707680100674989E-012
           9          22  -5.7700752163770778E-013
           9          23   5.8811700530868231E-013
           9          24   2.1734588875121360E-012
           9          25  -4.4035920301378682E-012
           9          26  -6.2767267180985722E-013
           9          27  -6.7664414203947992E-012
           9          28  -5.3194938811200834E-012
           9          29   5.6307061796600760E-012
           9          30  -1.7327053987903436E-012
           9          31  -7.1251943902502115E-012
           9          32   4.9712990298979669E-012
           9          33  -1.2386486032604477E-011
           9          34   2.5857662565039685E-012
           9          35   1.2991186354055844E-011
           9          36  -2.4182220377434146E-012
           9          37   4.3782451347284575E-005
           9          38  -1.1544056369393617E-004
           9          39   1.3066510193886717E-004
           9          40  -6.4134316653765601E-004
           9          41   1.3494392784254192E-003
           9          42   1.0427987818801654E-003
           9          43  -3.1283682403887058E-003
           9          44  -5.4495635282875653E-004
           9          45   2.8078337161368087E-003
           9          46   2.4107189872716920E-003
          10           1  -6.8322019545764862E-014
          10           2  -1.6868992628273836E-013
          10           3  -4.1727324747700106E-012
          10           4   9.9470630361593793E-012
          10           5  -3.7441311492713338E-012
          10           6   5.3583469771958377E-012
          10           7  0.24408199490009475     
          10           8  -3.4003080532474285E-002
          10           9   1.0403108701034348E-002
          10          10  0.21505903213958899     
          10          11  -3.1379101615169686E-002
          10          12   9.6003126601146085E-003
          10          13   9.9910612534666515E-002
          10          14  -2.3489414035293921E-002
          10          15   7.1864937344694787E-003
          10          16   1.5842540103707091E-003
          10          17  -2.5818078948377254E-003
          10          18   7.8989392901902453E-004
          10          19   1.9704689526893034E-013
          10          20   2.7238817603208499E-013
          10          21  -2.6438049047917227E-013
          10          22   2.5888712206770832E-013
          10          23   8.0183004237568940E-014
          10          24   8.5120367597948827E-014
          10          25   3.8493594003877002E-013
          10          26   3.4599117643802936E-013
          10          27  -2.8128707152468668E-012
          10          28   3.2481408507031502E-013
          10          29   8.6493284322950524E-013
          10          30  -4.4952418846589230E-012
          10          31  -1.0865712392240889E-013
          10          32   1.4813794639602704E-012
          10          33  -3.9158692722930469E-012
          10          34   1.0300087207298651E-012
          10          35   2.0891051071344826E-012
          10          36  -3.5149191650927642E-012
          10          37   2.6083933819593071E-003
          10          38   1.5894505655246411E-003
          10          39  -2.8624773720924575E-003
          10          40  -3.4679608377295056E-004
          10          41  -4.8628614487042989E-004
          10          42   1.4796315279325587E-003
          10          43   1.1274559401375932E-004
          10          44   9.3379880540751900E-004
          10          45  -7.8346082473044966E-005
          10          46   3.9931234071187232E-005
          11           1   1.1146998367472620E-013
          11           2   2.8784034268102714E-013
          11           3  -3.6570668118709805E-012
          11           4   7.3406683029890853E-012
          11           5  -5.5785142388222230E-012
          11           6   4.8262455720324962E-012
          11           7  -3.4003080525514318E-002
          11           8  0.41268004194317631     
          11           9  -5.3600988509568952E-002
          11          10  -3.1379101615169686E-002
          11          11  0.37064655984995926     
          11          12  -4.9464661415737382E-002
          11          13  -2.3489413956112794E-002
          11          14  0.21637856840440312     
          11          15  -3.7027698357109257E-002
          11          16  -2.5818077795556026E-003
          11          17   1.4385675209619192E-002
          11          18  -4.0698503617967972E-003
          11          19  -1.1137677248652671E-013
          11          20   6.3398535572038141E-013
          11          21  -3.1072172821837654E-013
          11          22  -2.1137944883249822E-013
          11          23   8.0618621720456071E-013
          11          24   5.1731304628233861E-013
          11          25  -1.2816626500727419E-012
          11          26   1.7561695873062470E-012
          11          27  -1.2578209937794303E-012
          11          28  -2.3405320081548645E-012
          11          29   5.2093454847828906E-012
          11          30  -2.0022708255555085E-012
          11          31  -2.1237998612877638E-012
          11          32   2.8705166208613701E-012
          11          33  -3.0976551407047356E-012
          11          34   9.4322476781063708E-014
          11          35   6.7731420692926460E-012
          11          36  -2.1340885346046665E-012
          11          37  -1.1717053891309817E-004
          11          38   1.4677479927284261E-003
          11          39   1.2813755744290689E-003
          11          40  -4.7737913815513872E-003
          11          41  -9.5274395630976232E-005
          11          42  -1.7833767598439372E-004
          11          43   2.0199051498614230E-003
          11          44  -7.8346081233478005E-005
          11          45   1.3222635128620559E-003
          11          46  -2.0574173321271760E-004
          12           1   4.9650278703854080E-013
          12           2   1.2418424914513898E-012
          12           3  -9.8775644138443106E-012
          12           4   1.7974310486325962E-011
          12           5  -1.5862786972620997E-011
          12           6   1.2496377775713733E-011
          12           7   1.0403108707604039E-002
          12           8  -5.3600988520535117E-002
          12           9  0.25388154348769654     
          12          10   9.6003126601146085E-003
          12          11  -4.9464661415737382E-002
          12          12  0.22410236068657907     
          12          13   7.1864937454825155E-003
          12          14  -3.7027698466592471E-002
          12          15  0.10668016527456776     
          12          16   7.8989392838281741E-004
          12          17  -4.0698505409393843E-003
          12          18   2.3283204169665243E-003
          12          19  -6.2636306264184443E-013
          12          20   7.4343435040070840E-013
          12          21  -9.1060525288489193E-013
          12          22  -5.0611430753694482E-013
          12          23   5.1347513162717463E-013
          12          24   1.9469707277468400E-012
          12          25  -3.7933170825573880E-012
          12          26  -5.6854107884363409E-013
          12          27  -5.8704581644557754E-012
          12          28  -4.6711241793577195E-012
          12          29   4.9270514724362807E-012
          12          30  -1.4346221177157864E-012
          12          31  -6.2812505070403067E-012
          12          32   4.3592607770366259E-012
          12          33  -1.0889818754556535E-011
          12          34   2.2843348608299448E-012
          12          35   1.1399653678930183E-011
          12          36  -2.1293831750583108E-012
          12          37   3.5847866397660657E-005
          12          38  -9.5274396682498274E-005
          12          39   1.1274559341326843E-004
          12          40  -5.4667437912096057E-004
          12          41   1.1854876835109016E-003
          12          42   9.1796335412251922E-004
          12          43  -2.7562729716514665E-003
          12          44  -4.8080773052117278E-004
          12          45   2.4773142829760766E-003
          12          46   2.1169825427704192E-003
          13           1  -3.0353973823318311E-013
          13           2  -7.1213465317710438E-013
          13           3  -9.6149323750724755E-013
          13           4   5.7548366944056901E-012
          13           5  -1.3488365714324088E-012
          13           6   2.4468343524825246E-012
          13           7  0.11333903305142703     
          13           8  -2.5641739296178551E-002
          13           9   7.8449892164044986E-003
          13          10   9.9910612534666515E-002
          13          11  -2.3489413956112794E-002
          13          12   7.1864937454825155E-003
          13          13   4.6690070999533442E-002
          13          14  -1.6392155278793341E-002
          13          15   5.0151153656259953E-003
          13          16   8.1002114439769732E-004
          13          17  -1.6270085197974192E-003
          13          18   4.9777683121580963E-004
          13          19   1.1816025585853849E-013
          13          20   1.2304593605368610E-013
          13          21  -1.3426379013268442E-013
          13          22   1.2032607365244161E-013
          13          23   3.4986143905389032E-014
          13          24   6.9148830312762835E-014
          13          25   2.2934440573869487E-013
          13          26   1.2795325515869562E-013
          13          27  -1.3508380609321610E-012
          13          28   1.7254366840966719E-013
          13          29   3.3717106770749699E-013
          13          30  -1.9788704284022519E-012
          13          31  -4.1901422998280245E-014
          13          32   6.4827083318107626E-013
          13          33  -1.8271812289308727E-012
          13          34   4.9302777289937786E-013
          13          35   8.8220485530542577E-013
          13          36  -1.5711672719828435E-012
          13          37   1.1894104328742288E-003
          13          38   7.2988921643637192E-004
          13          39  -1.3279331207836495E-003
          13          40  -7.3920751263973987E-005
          13          41  -2.2330673333036236E-004
          13          42   6.8282168051920524E-004
          13          43   1.7087745767966395E-005
          13          44   4.2397580430237556E-004
          13          45  -2.4861819813285852E-005
          13          46   1.5548766800699184E-005
          14           1  -2.5557556410972363E-013
          14           2  -6.0058057771467488E-013
          14           3  -5.1090536088875379E-013
          14           4   4.7444078936377286E-012
          14           5  -2.0854015199212832E-012
          14           6   2.1947557422554183E-012
          14           7  -2.5641739373115448E-002
          14           8  0.24047890000040509     
          14           9  -4.0420531232150010E-002
          14          10  -2.3489414035293921E-002
          14          11  0.21637856840440312     
          14          12  -3.7027698466592471E-002
          14          13  -1.6392155278793341E-002
          14          14  0.12796756960921496     
          14          15  -2.5839886098174544E-002
          14          16  -1.6270084484992643E-003
          14          17   8.8772447253177549E-003
          14          18  -2.5647459022510614E-003
          14          19  -3.2502485841770091E-014
          14          20   3.4259717642058280E-013
          14          21  -1.0910448189085373E-013
          14          22  -1.2212079497906878E-013
          14          23   4.5004605682555436E-013
          14          24   2.3204470877201263E-013
          14          25  -5.7953134104609625E-013
          14          26   1.0503661790362297E-012
          14          27  -3.5238930924480597E-013
          14          28  -1.2223693649566943E-012
          14          29   2.8227828883000612E-012
          14          30  -1.0278114055528593E-012
          14          31  -9.9252872806741319E-013
          14          32   1.4626991050254664E-012
          14          33  -1.2334407019011636E-012
          14          34  -7.8814048186206083E-014
          14          35   3.4728370203518660E-012
          14          36  -1.1285943029003281E-012
          14          37  -4.9396474724069950E-005
          14          38   6.4587745673790205E-004
          14          39   6.9698644735384280E-004
          14          40  -2.6127183212866665E-003
          14          41  -3.6176420779681241E-005
          14          42  -1.2090118566703535E-004
          14          43   1.0986993529918756E-003
          14          44  -2.4861816682904888E-005
          14          45   5.4724857165604798E-004
          14          46  -8.0113476458651162E-005
          15           1  -2.2623788820059754E-013
          15           2  -4.7143133438598620E-013
          15           3  -3.0167854275091864E-012
          15           4   1.0077806962420907E-011
          15           5  -6.5389521332311250E-012
          15           6   5.7196799961431647E-012
          15           7   7.8449892067293490E-003
          15           8  -4.0420531127484949E-002
          15           9  0.12072887714652210     
          15          10   7.1864937344694787E-003
          15          11  -3.7027698357109257E-002
          15          12  0.10668016527456776     
          15          13   5.0151153656259953E-003
          15          14  -2.5839886098174544E-002
          15          15   5.1414222860584793E-002
          15          16   4.9777683052293548E-004
          15          17  -2.5647460117630815E-003
          15          18   1.2789183044096123E-003
          15          19  -2.5599589602762018E-013
          15          20   3.2878671178556791E-013
          15          21  -4.1529794090179943E-013
          15          22  -2.2488088344546632E-013
          15          23   2.1840705367719929E-013
          15          24   9.2357037635429993E-013
          15          25  -1.6612257823928780E-012
          15          26  -3.2527872312094067E-013
          15          27  -2.7195608909642707E-012
          15          28  -2.0873420217527670E-012
          15          29   2.1281022814335999E-012
          15          30  -5.5099054756233445E-013
          15          31  -2.8624415292762860E-012
          15          32   1.9403167008679100E-012
          15          33  -5.0188846293044322E-012
          15          34   1.0802318464431403E-012
          15          35   5.0814773853168268E-012
          15          36  -9.2726364394978725E-013
          15          37   1.5112658557667235E-005
          15          38  -3.6176425174716087E-005
          15          39   1.7087745470945489E-005
          15          40  -1.1652548118431559E-004
          15          41   5.3870105034237279E-004
          15          42   4.3095612371321851E-004
          15          43  -1.3118367581811607E-003
          15          44  -2.2272163204571508E-004
          15          45   1.1475511820489186E-003
          15          46   9.6175951284326305E-004
          16           1  -4.5616053345242624E-014
          16           2  -1.1315581464689634E-013
          16           3   1.6234864368518435E-013
          16           4   2.8719911257073083E-013
          16           5   5.5177002887358508E-014
          16           6   2.8814999220967262E-014
          16           7   1.7830915051147921E-003
          16           8  -2.8447868178081265E-003
          16           9   8.7035132961519571E-004
          16          10   1.5842540103707091E-003
          16          11  -2.5818077795556026E-003
          16          12   7.8989392838281741E-004
          16          13   8.1002114439769732E-004
          16          14  -1.6270084484992643E-003
          16          15   4.9777683052293548E-004
          16          16   3.1694467282212394E-005
          16          17  -1.3437464488574659E-004
          16          18   4.1111391874766354E-005
          16          19   6.3339010185241316E-015
          16          20   2.3793926778197854E-016
          16          21  -3.9115896225854689E-015
          16          22   2.2468373425621829E-015
          16          23  -1.2630431793852554E-015
          16          24   6.5303517268305918E-015
          16          25   1.2870844312218069E-014
          16          26  -7.8787391500385485E-015
          16          27  -2.9154453256592320E-014
          16          28   8.8521812892679102E-015
          16          29  -1.3356126706759961E-014
          16          30  -6.7013098062215851E-015
          16          31   1.0013253539171737E-015
          16          32   6.9568652194242158E-017
          16          33  -3.0585728886206554E-014
          16          34   1.1679331174352255E-014
          16          35  -8.6177914437896867E-015
          16          36  -9.5911650983660720E-015
          16          37   1.2748580946819241E-005
          16          38   1.0628802233153607E-005
          16          39  -1.9851785019906237E-005
          16          40   1.9654617471854733E-005
          16          41  -3.2518402477202087E-006
          16          42   9.3400403468011856E-006
          16          43  -7.3201838174694306E-006
          16          44   4.1118654043219655E-006
          16          45   3.3467683271179314E-006
          16          46  -1.3203028538356064E-006
          17           1  -6.1504375204744674E-014
          17           2  -1.5081243656227446E-013
          17           3   2.3385970776874976E-013
          17           4   3.3893946663050560E-013
          17           5   6.9121426095322603E-014
          17           6   2.2469261515284005E-014
          17           7  -2.8447869417927134E-003
          17           8   1.5888446103377731E-002
          17           9  -4.4843993614424966E-003
          17          10  -2.5818078948377254E-003
          17          11   1.4385675209619192E-002
          17          12  -4.0698505409393843E-003
          17          13  -1.6270085197974192E-003
          17          14   8.8772447253177549E-003
          17          15  -2.5647460117630815E-003
          17          16  -1.3437464488574659E-004
          17          17   6.9796656178946147E-004
          17          18  -2.1182239113350928E-004
          17          19   2.6589391172634983E-015
          17          20   1.7254126279878311E-014
          17          21   8.0857328945513015E-015
          17          22  -8.1810691039364455E-015
          17          23   2.5311492930868201E-014
          17          24  -6.0250396223158880E-017
          17          25  -8.1282772002993508E-015
          17          26   7.4759890654598530E-014
          17          27   5.5182020226034487E-014
          17          28  -5.3907841926770179E-014
          17          29   1.4385927588389935E-013
          17          30  -4.5303158721270419E-014
          17          31  -1.7247420623814956E-014
          17          32   5.5285008637503350E-014
          17          33   3.3616086063312813E-014
          17          34  -3.2546960649107332E-014
          17          35   1.3719749416366511E-013
          17          36  -5.3994468701188756E-014
          17          37   3.3688916696715186E-006
          17          38  -4.7067058381761341E-006
          17          39   3.2478396809863915E-005
          17          40  -1.3527470056675023E-004
          17          41   3.2737613237690800E-006
          17          42  -9.5316941030163359E-006
          17          43   5.1197543027001828E-005
          17          44   3.3467697291036206E-006
          17          45  -1.2482480472053901E-005
          17          46   6.8027347487387461E-006
          18           1  -1.0391531256263907E-013
          18           2  -2.5284802851107984E-013
