           1           1  0.50817906606088370     
           1           2  0.79966461020223711     
           1           3  -1.2444883474956017     
           1           4   1.0385044013313141     
           1           5  -4.7832326392828591E-002
           1           6  -4.7942869257416977E-003
           1           7   1.3599286619435620E-014
           1           8   1.1237641920631863E-013
           1           9  -5.6403052034910438E-014
           1          10   1.0970789213803590E-014
           1          11   1.3122711565188585E-014
           1          12  -1.0939389897162077E-014
           1          13  -3.6842439346713228E-015
           1          14  -2.5360595465992081E-016
           1          15   3.8721642189452064E-015
           1          16   1.2328695674106849E-016
           1          17   2.7115901063701493E-016
           1          18  -2.6307539421922441E-015
           1          19   8.3177549598334233E-002
           1          20   1.5309419468881213E-015
           1          21   8.3177549598332373E-002
           1          22   7.7893247302786348E-016
           1          23  -1.3596236322425197E-015
           1          24   8.3177549598335621E-002
           1          25 -0.24002568845983882     
           1          26  -2.5347757886807987E-015
           1          27 -0.24002568845983710     
           1          28  -1.2447745535328734E-015
           1          29  -1.8668235866387773E-015
           1          30 -0.24002568845983746     
           1          31   5.1430648931154246E-003
           1          32   2.8586762846470321E-015
           1          33   5.1430648931109317E-003
           1          34  -1.5526828771086379E-015
           1          35   3.1943402076403078E-016
           1          36   5.1430648931089827E-003
           1          37  -4.0101032735378530E-015
           1          38  -8.4976888027628225E-015
           1          39  -3.0876683703634588E-015
           1          40  -1.8815297622771388E-014
           1          41   3.4599592850768458E-015
           1          42  -2.2123500969829523E-015
           1          43   2.3890319487584234E-015
           1          44  -5.4100121102649075E-015
           1          45  -8.9110115272699853E-015
           1          46   1.1594113899163926E-014
           2           1  0.79966461020223711     
           2           2   1.3350345415545082     
           2           3  -2.9221630032786070     
           2           4   2.4299233231819222     
           2           5 -0.10408405869413356     
           2           6  -7.6149443623747164E-003
           2           7   3.4521286023650362E-014
           2           8   2.8686678048259170E-013
           2           9  -1.4551211298032785E-013
           2          10   2.2014509593064955E-014
           2          11   3.8834105691053610E-014
           2          12  -2.3203755657117973E-014
           2          13  -4.6206644174705321E-015
           2          14  -5.3780612521710859E-015
           2          15   5.4658066625065300E-015
           2          16  -4.0136403469931592E-017
           2          17   2.6378154052894267E-015
           2          18  -2.9024491985067950E-015
           2          19  0.17154183682395713     
           2          20   3.5044150470360283E-015
           2          21  0.17154183682395346     
           2          22   1.1168716657415727E-015
           2          23  -1.9080802818470460E-015
           2          24  0.17154183682395938     
           2          25 -0.56812704156035920     
           2          26  -5.5372054431540717E-015
           2          27 -0.56812704156035421     
           2          28  -1.1917844986781492E-015
           2          29  -4.4047363917801567E-015
           2          30 -0.56812704156035865     
           2          31   9.6838008238099883E-003
           2          32   4.2408142829576016E-015
           2          33   9.6838008238045031E-003
           2          34  -2.1616770211282764E-015
           2          35   5.6914892150902720E-016
           2          36   9.6838008237978782E-003
           2          37  -9.5841977151365986E-015
           2          38  -2.1300176173974420E-014
           2          39  -5.6291920512666115E-015
           2          40  -4.7479336370355500E-014
           2          41   8.7972982940268792E-015
           2          42  -3.4804250116843401E-015
           2          43   7.7264542629461620E-015
           2          44  -9.3365853436347450E-015
           2          45  -2.3520655696316798E-014
           2          46   2.7812594279389091E-014
           3           1  -1.2444883474956017     
           3           2  -2.9221630032786070     
           3           3   15.161192228998496     
           3           4  -12.544024580434614     
           3           5  0.47928878999624636     
           3           6   1.2629493803011040E-002
           3           7  -4.4308829468280220E-013
           3           8  -1.5660842530049971E-012
           3           9   8.2773611821177093E-013
           3          10  -1.2534322623471824E-013
           3          11  -2.4611172062487037E-013
           3          12   9.8314302381905053E-014
           3          13   9.7268736057415675E-016
           3          14   6.0664203814107443E-014
           3          15  -9.4525272120824187E-016
           3          16   1.1166801024179388E-015
           3          17  -2.7880608870700394E-014
           3          18  -9.2549198747563683E-015
           3          19 -0.71463660090365311     
           3          20  -1.7515266965557946E-014
           3          21 -0.71463660090363912     
           3          22  -5.3956276113190233E-016
           3          23   4.2130783585546432E-016
           3          24 -0.71463660090365722     
           3          25   2.9810436589505049     
           3          26   2.5668941472145130E-014
           3          27   2.9810436589504730     
           3          28  -6.5909258527838925E-015
           3          29   2.3010317462278297E-014
           3          30   2.9810436589505231     
           3          31  -3.2587068746067198E-002
           3          32  -3.7636176285564159E-015
           3          33  -3.2587068746076135E-002
           3          34   2.6319951490614242E-016
           3          35  -1.6179208766849833E-015
           3          36  -3.2587068746026619E-002
           3          37   9.1462896446569241E-014
           3          38   1.1364867157757795E-013
           3          39   3.5354999573907212E-014
           3          40   2.5547460500049421E-013
           3          41  -4.8856950808335217E-014
           3          42   5.4065114633966458E-015
           3          43  -5.3955463287397093E-014
           3          44   4.1708077701325105E-014
           3          45   1.3439341056508091E-013
           3          46  -1.4472528274161284E-013
           4           1   1.0385044013313141     
           4           2   2.4299233231819222     
           4           3  -12.544024580434614     
           4           4   10.378832373658680     
           4           5 -0.39673753083123992     
           4           6  -1.0531194608589443E-002
           4           7   6.3425956357601831E-013
           4           8   1.2246878606102678E-012
           4           9  -6.6118193874226728E-013
           4          10   1.4617323175025847E-013
           4          11   1.9227997469704869E-013
           4          12  -7.7698344985667976E-014
           4          13  -8.2644620655857685E-015
           4          14  -4.8143108004896080E-014
           4          15   2.2016057680110188E-016
           4          16   7.4968628868437825E-016
           4          17   2.2583809863429168E-014
           4          18   7.7292061847269602E-015
           4          19  0.59180800313548731     
           4          20   1.4493762663919990E-014
           4          21  0.59180800313547566     
           4          22   4.6242221275416272E-016
           4          23  -3.7743946531760962E-016
           4          24  0.59180800313549076     
           4          25  -2.4663458123711801     
           4          26  -2.1247213317617060E-014
           4          27  -2.4663458123711539     
           4          28   5.4142879111095686E-015
           4          29  -1.9037733655603149E-014
           4          30  -2.4663458123711948     
           4          31   2.7015553763334341E-002
           4          32   3.1694639850814812E-015
           4          33   2.7015553763341617E-002
           4          34  -2.5111167598676416E-016
           4          35   1.3426955424722403E-015
           4          36   2.7015553763300695E-002
           4          37  -1.1994406695793104E-013
           4          38  -8.8783236078552395E-014
           4          39  -4.9088064137767859E-014
           4          40  -1.9963456356920593E-013
           4          41   3.8679292430912253E-014
           4          42  -4.5117429877426056E-015
           4          43   4.2865245975540852E-014
           4          44  -5.4383678182772343E-014
           4          45  -1.0591887531077053E-013
           4          46   1.1586365311189967E-013
           5           1  -4.7832326392828591E-002
           5           2 -0.10408405869413356     
           5           3  0.47928878999624636     
           5           4 -0.39673753083123992     
           5           5   1.5329239455423823E-002
           5           6   4.7783042012920925E-004
           5           7   1.8480908273304143E-014
           5           8  -6.0850983497200418E-014
           5           9   2.9245871791683633E-014
           5          10   1.0911886800555809E-015
           5          11  -9.4814819904925924E-015
           5          12   3.6936111179035843E-015
           5          13  -7.7503719115476021E-016
           5          14   2.1404682107035742E-015
           5          15  -2.0061924371840591E-016
           5          16   2.3004089818054219E-016
           5          17  -9.1189819964787933E-016
           5          18  -2.0101345566065223E-016
           5          19  -2.3104401359927914E-002
           5          20  -5.5565722875712060E-016
           5          21  -2.3104401359927459E-002
           5          22  -3.2419346658549188E-017
           5          23   4.1026859537162854E-017
           5          24  -2.3104401359928067E-002
           5          25   9.4141694792494124E-002
           5          26   8.2041407912379376E-016
           5          27   9.4141694792493139E-002
           5          28  -1.7101533654194068E-016
           5          29   7.2696314431314996E-016
           5          30   9.4141694792494637E-002
           5          31  -1.0817834871434822E-003
           5          32  -1.7229679259675196E-016
           5          33  -1.0817834871436553E-003
           5          34   4.0337076782926487E-017
           5          35  -5.5049743481337850E-017
           5          36  -1.0817834871421344E-003
           5          37  -2.4757102447431348E-015
           5          38   4.4392673063008677E-015
           5          39  -1.2459848305085460E-015
           5          40   9.9629254505301125E-015
           5          41  -1.7785450523977954E-015
           5          42   2.0789799781894495E-016
           5          43  -1.9085779379221375E-015
           5          44  -1.0074878015612310E-015
           5          45   5.0681034516366401E-015
           5          46  -5.1182696741677544E-015
           6           1  -4.7942869257416977E-003
           6           2  -7.6149443623747164E-003
           6           3   1.2629493803011040E-002
           6           4  -1.0531194608589443E-002
           6           5   4.7783042012920925E-004
           6           6   4.5295684209049253E-005
           6           7   2.1160218943933958E-014
           6           8  -2.9403409128703582E-014
           6           9   7.0539191435909305E-015
           6          10   3.2642770567053331E-015
           6          11  -4.6116009106917798E-015
           6          12   1.1329266123579045E-015
           6          13  -5.5264479778279398E-016
           6          14   7.8436235884088502E-016
           6          15  -2.1403018457522443E-016
           6          16   1.3162204974908623E-016
           6          17  -1.8036602833220614E-016
           6          18   6.3942624495412412E-017
           6          19  -8.2220166085420279E-004
           6          20  -1.5453205248275604E-017
           6          21  -8.2220166085418458E-004
           6          22  -7.2482828243935621E-018
           6          23   1.2613664665863853E-017
           6          24  -8.2220166085421591E-004
           6          25   2.4400364412532735E-003
           6          26   2.5341449875908507E-017
           6          27   2.4400364412532549E-003
           6          28   1.1036346891172839E-017
           6          29   1.8964783517181570E-017
           6          30   2.4400364412532618E-003
           6          31  -4.9987623526128632E-005
           6          32  -2.6731980242810172E-017
           6          33  -4.9987623526087703E-005
           6          34   1.4388749144736816E-017
           6          35  -3.0749253662408431E-018
           6          36  -4.9987623526066033E-005
           6          37  -3.4817305397372452E-015
           6          38   2.1761780138455689E-015
           6          39  -1.5455061100227603E-015
           6          40   4.8644585044809347E-015
           6          41  -5.1420090107105981E-016
           6          42   2.0871024997310860E-017
           6          43  -5.0466395094640242E-016
           6          44  -1.5235476964412478E-015
           6          45   2.1815250368228926E-015
           6          46  -1.1880896573162719E-015
           7           1   1.3599286619435620E-014
           7           2   3.4521286023650362E-014
           7           3  -4.4308829468280220E-013
           7           4   6.3425956357601831E-013
           7           5   1.8480908273304143E-014
           7           6   2.1160218943933958E-014
           7           7   1.2246651464459239     
           7           8 -0.23397414788111848     
           7           9  0.10823265041624922     
           7          10  0.19388008095847431     
           7          11  -3.7041085773557421E-002
           7          12   1.7134606211299738E-002
           7          13  -3.3709963789950219E-002
           7          14   6.4403401009223062E-003
           7          15  -2.9791969968366349E-003
           7          16   7.6219855186117659E-003
           7          17  -1.4561919819892995E-003
           7          18   6.7361082048161716E-004
           7          19   1.3498070600310041E-015
           7          20   4.2806842114160194E-017
           7          21  -1.5424014582433339E-015
           7          22   4.0074520630295473E-016
           7          23  -3.9160795855822056E-016
           7          24  -5.4333655762107904E-015
           7          25  -1.7255635350953368E-013
           7          26   2.3974576588045108E-016
           7          27  -1.7251546193525520E-013
           7          28  -2.5523661536377532E-015
           7          29   2.9954922346083306E-015
           7          30  -1.7079708832997777E-013
           7          31  -1.0592447917660305E-014
           7          32  -8.1260273243174088E-017
           7          33  -1.0200101175880099E-014
           7          34   1.0792393631642973E-015
           7          35   8.3862065094168919E-016
           7          36  -1.4340337637103383E-014
           7          37 -0.20252854157409259     
           7          38   1.7304208897464098E-002
           7          39  -9.0573517268713197E-002
           7          40   3.8693387391589867E-002
           7          41  -8.0046467068692860E-003
           7          42  -9.8872463427397342E-016
           7          43  -8.0046467068688593E-003
           7          44  -9.0573517268714210E-002
           7          45   1.7304208897465714E-002
           7          46  -1.7898934172428990E-002
           8           1   1.1237641920631863E-013
           8           2   2.8686678048259170E-013
           8           3  -1.5660842530049971E-012
           8           4   1.2246878606102678E-012
           8           5  -6.0850983497200418E-014
           8           6  -2.9403409128703582E-014
           8           7 -0.23397414788111848     
           8           8   2.0741360807683300     
           8           9 -0.42079031462016364     
           8          10  -3.7041085773549899E-002
           8          11  0.32836214243976769     
           8          12  -6.6616462877102406E-002
           8          13   6.4403401009190536E-003
           8          14  -5.7092383482182846E-002
           8          15   1.1582616121772067E-002
           8          16  -1.4561919819899177E-003
           8          17   1.2908863469436937E-002
           8          18  -2.6188854101850999E-003
           8          19   7.7992503556206577E-014
           8          20   1.9624404631067412E-016
           8          21   8.5534545352096376E-014
           8          22  -2.7963461735392596E-015
           8          23   6.1843610694253905E-015
           8          24   8.1805106301593305E-014
           8          25  -2.7985689622142054E-013
           8          26   1.2466304751706525E-015
           8          27  -2.9311530179902956E-013
           8          28  -5.1237257977340721E-015
           8          29  -6.6879543993784345E-017
           8          30  -2.7998411949768841E-013
           8          31   1.1416212315885431E-014
           8          32   4.7840200906217312E-015
           8          33   2.4127720565117729E-014
           8          34  -2.3336566864667385E-015
           8          35   2.5110040396122136E-016
           8          36   6.0905626439562144E-015
           8          37   3.8693387391582859E-002
           8          38 -0.15339850299024860     
           8          39   1.7304208897456951E-002
           8          40 -0.34300948033290313     
           8          41   3.1120718131290519E-002
           8          42  -2.0647244027257919E-015
           8          43   3.1120718131285200E-002
           8          44   1.7304208897460819E-002
           8          45 -0.15339850299025692     
           8          46   6.9588041250167779E-002
           9           1  -5.6403052034910438E-014
           9           2  -1.4551211298032785E-013
           9           3   8.2773611821177093E-013
           9           4  -6.6118193874226728E-013
           9           5   2.9245871791683633E-014
           9           6   7.0539191435909305E-015
           9           7  0.10823265041624922     
           9           8 -0.42079031462016364     
           9           9   1.3591347860286922     
           9          10   1.7134606211297247E-002
           9          11  -6.6616462877113355E-002
           9          12  0.21516833651505449     
           9          13  -2.9791969968367589E-003
           9          14   1.1582616121785473E-002
           9          15  -3.7411356529295413E-002
           9          16   6.7361082048229197E-004
           9          17  -2.6188854102003885E-003
           9          18   8.4588882822424338E-003
           9          19  -3.9680148702953233E-014
           9          20  -2.6029658618332516E-016
           9          21  -4.1038428078498514E-014
           9          22   6.9827852075259938E-016
           9          23  -1.7141195965578642E-015
           9          24  -4.1862568482598037E-014
           9          25   1.5407064378763549E-013
           9          26  -6.9192839081304588E-016
           9          27   1.5645784650094085E-013
           9          28   9.4579809105959487E-016
           9          29   9.1937272204180226E-016
           9          30   1.5500166445552557E-013
           9          31  -3.0338344400709965E-015
           9          32  -7.3396437256397051E-016
           9          33  -5.3287365563981681E-015
           9          34  -7.8904802929680686E-017
           9          35   1.6554645907906181E-016
           9          36  -3.2581533854518916E-015
           9          37  -1.7898934172426464E-002
           9          38   3.1120718131289856E-002
           9          39  -8.0046467068656292E-003
           9          40   6.9588041250174065E-002
           9          41 -0.10051859348666307     
           9          42   4.3370981186236894E-016
           9          43 -0.10051859348666155     
           9          44  -8.0046467068670309E-003
           9          45   3.1120718131289662E-002
           9          46 -0.22476640803884415     
          10           1   1.0970789213803590E-014
          10           2   2.2014509593064955E-014
          10           3  -1.2534322623471824E-013
          10           4   1.4617323175025847E-013
          10           5   1.0911886800555809E-015
          10           6   3.2642770567053331E-015
          10           7  0.19388008095847431     
          10           8  -3.7041085773549899E-002
          10           9   1.7134606211297247E-002
          10          10   3.0693684638247652E-002
          10          11  -5.8640753592182748E-003
          10          12   2.7126262628434246E-003
          10          13  -5.3367163486850965E-003
          10          14   1.0195878145063545E-003
          10          15  -4.7164480561414062E-004
          10          16   1.2066573248216629E-003
          10          17  -2.3053372603808986E-004
          10          18   1.0664116700674005E-004
          10          19   3.0743099911995932E-015
          10          20   6.7768679780224438E-018
          10          21   2.6164365689835679E-015
          10          22   6.3443067084279835E-017
          10          23  -6.1996524461896683E-017
          10          24   2.0004474225730403E-015
          10          25  -3.8121520423696546E-014
          10          26   3.7954806367380028E-017
          10          27  -3.8115046766995557E-014
          10          28  -4.0407205017555710E-016
          10          29   4.7422454916894787E-016
          10          30  -3.7843006352785369E-014
          10          31  -1.5322201801494988E-015
          10          32  -1.2864535584085554E-017
          10          33  -1.4701066968999160E-015
          10          34   1.7085732839795827E-016
          10          35   1.3276432351315575E-016
          10          36  -2.1255588281367070E-015
          10          37  -3.2062846036519134E-002
          10          38   2.7394765268685421E-003
          10          39  -1.4338940657953381E-002
          10          40   6.1256557368436363E-003
          10          41  -1.2672374616649953E-003
          10          42  -1.5652769468865442E-016
          10          43  -1.2672374616649281E-003
          10          44  -1.4338940657953544E-002
          10          45   2.7394765268687980E-003
          10          46  -2.8336291079171243E-003
          11           1   1.3122711565188585E-014
          11           2   3.8834105691053610E-014
          11           3  -2.4611172062487037E-013
          11           4   1.9227997469704869E-013
          11           5  -9.4814819904925924E-015
          11           6  -4.6116009106917798E-015
          11           7  -3.7041085773557421E-002
          11           8  0.32836214243976769     
          11           9  -6.6616462877113355E-002
          11          10  -5.8640753592182748E-003
          11          11   5.1983906739471730E-002
          11          12  -1.0546234007935600E-002
          11          13   1.0195878145060461E-003
          11          14  -9.0384510114967249E-003
          11          15   1.8336755625955410E-003
          11          16  -2.3053372603823444E-004
          11          17   2.0436373990064226E-003
          11          18  -4.1460289518424555E-004
          11          19   1.1988600826515503E-014
          11          20   3.1067930443476624E-017
          11          21   1.3182602042458520E-014
          11          22  -4.4269719285075940E-016
          11          23   9.7906307556512912E-016
          11          24   1.2592184370215870E-014
          11          25  -4.3999150210399014E-014
          11          26   1.9735747208356783E-016
          11          27  -4.6098124574311689E-014
          11          28  -8.1115101165135645E-016
          11          29  -1.0587883097367795E-017
          11          30  -4.4019291274406786E-014
          11          31   1.7759533594606374E-015
          11          32   7.5737127423648558E-016
          11          33   3.7883469150525262E-015
          11          34  -3.6944755765649532E-016
          11          35   3.9752390104339094E-017
          11          36   9.3283522831544282E-016
          11          37   6.1256557368437707E-003
          11          38  -2.4284935571957413E-002
          11          39   2.7394765268679662E-003
          11          40  -5.4302766768099892E-002
          11          41   4.9268058034406094E-003
          11          42  -3.2687215400809964E-016
          11          43   4.9268058034397698E-003
          11          44   2.7394765268685781E-003
          11          45  -2.4284935571958727E-002
          11          46   1.1016672688432396E-002
          12           1  -1.0939389897162077E-014
          12           2  -2.3203755657117973E-014
          12           3   9.8314302381905053E-014
          12           4  -7.7698344985667976E-014
          12           5   3.6936111179035843E-015
          12           6   1.1329266123579045E-015
          12           7   1.7134606211299738E-002
          12           8  -6.6616462877102406E-002
          12           9  0.21516833651505449     
          12          10   2.7126262628434246E-003
          12          11  -1.0546234007935600E-002
          12          12   3.4063886462603103E-002
          12          13  -4.7164480561422915E-004
          12          14   1.8336755625973620E-003
          12          15  -5.9226939328813422E-003
          12          16   1.0664116700686248E-004
          12          17  -4.1460289518659789E-004
          12          18   1.3391496849072394E-003
          12          19  -5.0228497956424294E-015
          12          20  -4.1208262804613930E-017
          12          21  -5.2378827097897829E-015
          12          22   1.1054637794498867E-016
          12          23  -2.7136695048240941E-016
          12          24  -5.3683546259145112E-015
          12          25   1.7902467059047629E-014
          12          26  -1.0954107154733822E-016
          12          27   1.8280391634318823E-014
          12          28   1.4973187650288958E-016
          12          29   1.4554840422928717E-016
          12          30   1.8049859481366764E-014
          12          31  -4.3850136543892322E-016
          12          32  -1.1619590251778062E-016
          12          33  -8.0181358135067902E-016
          12          34  -1.2491634651645578E-017
          12          35   2.6208111647325396E-017
          12          36  -4.7401390975952657E-016
          12          37  -2.8336291079171356E-003
          12          38   4.9268058034396978E-003
          12          39  -1.2672374616646013E-003
          12          40   1.1016672688431584E-002
          12          41  -1.5913372810179620E-002
          12          42   6.8661783737698431E-017
          12          43  -1.5913372810179377E-002
          12          44  -1.2672374616648238E-003
          12          45   4.9268058034396657E-003
          12          46  -3.5583383354858153E-002
          13           1  -3.6842439346713228E-015
          13           2  -4.6206644174705321E-015
          13           3   9.7268736057415675E-016
          13           4  -8.2644620655857685E-015
          13           5  -7.7503719115476021E-016
          13           6  -5.5264479778279398E-016
          13           7  -3.3709963789950219E-002
          13           8   6.4403401009190536E-003
          13           9  -2.9791969968367589E-003
          13          10  -5.3367163486850965E-003
          13          11   1.0195878145060461E-003
          13          12  -4.7164480561422915E-004
          13          13   9.2789581055488328E-004
          13          14  -1.7727591270725273E-004
          13          15   8.2004965339260279E-005
          13          16  -2.0980172138121094E-004
          13          17   4.0082939509229895E-005
          13          18  -1.8541718471252460E-005
          13          19   2.3638880381082453E-016
          13          20  -1.1782952277230208E-018
          13          21   3.1599933629551217E-016
          13          22  -1.1030857236917126E-017
          13          23   1.0779346616641510E-017
          13          24   4.2310147756680601E-016
          13          25   2.4942584199706740E-015
          13          26  -6.5992088613753826E-018
          13          27   2.4931328441410849E-015
          13          28   7.0256078461575158E-017
          13          29  -8.2453505805070467E-017
          13          30   2.4458331294560291E-015
          13          31   2.8996918543879624E-016
          13          32   2.2367590655300856E-018
          13          33   2.7916950317720410E-016
          13          34  -2.9706993751324638E-017
          13          35  -2.3083756289457558E-017
          13          36   3.9313308056377717E-016
          13          37   5.5747726819100358E-003
          13          38  -4.7631326574439819E-004
          13          39   2.4931141351719460E-003
          13          40  -1.0650688407894912E-003
          13          41   2.2033480043341861E-004
          13          42   2.7215497816978578E-017
          13          43   2.2033480043340690E-004
          13          44   2.4931141351719733E-003
          13          45  -4.7631326574444280E-004
          13          46   4.9268359157795855E-004
          14           1  -2.5360595465992081E-016
          14           2  -5.3780612521710859E-015
          14           3   6.0664203814107443E-014
          14           4  -4.8143108004896080E-014
          14           5   2.1404682107035742E-015
          14           6   7.8436235884088502E-016
          14           7   6.4403401009223062E-003
          14           8  -5.7092383482182846E-002
          14           9   1.1582616121785473E-002
          14          10   1.0195878145063545E-003
          14          11  -9.0384510114967249E-003
          14          12   1.8336755625973620E-003
          14          13  -1.7727591270725273E-004
          14          14   1.5715170677081040E-003
          14          15  -3.1882149270852264E-004
          14          16   4.0082939509267150E-005
          14          17  -3.5532759414860868E-004
          14          18   7.2087078336154149E-005
          14          19  -2.7158590927455200E-015
          14          20  -5.4017865327112064E-018
          14          21  -2.9234602942491649E-015
          14          22   7.6971838814699633E-017
          14          23  -1.7022986921723744E-016
          14          24  -2.8208042696907953E-015
          14          25   1.1204529549102938E-014
          14          26  -3.4314578396709271E-017
          14          27   1.1569478591076441E-014
          14          28   1.4103496911995295E-016
          14          29   1.8409170971269060E-018
          14          30   1.1208031479445885E-014
          14          31  -3.2595410276318421E-016
          14          32  -1.3168427671294376E-016
          14          33  -6.7584932435993074E-016
          14          34   6.4235911854987196E-017
          14          35  -6.9117550619807005E-018
          14          36  -1.7936100495209283E-016
          14          37  -1.0650688407898366E-003
          14          38   4.2224260208943622E-003
          14          39  -4.7631326574444210E-004
          14          40   9.4416316126838071E-003
          14          41  -8.5662459192865242E-004
          14          42   5.6833318931394914E-017
          14          43  -8.5662459192850616E-004
          14          44  -4.7631326574454840E-004
          14          45   4.2224260208945912E-003
          14          46  -1.9154708187502630E-003
          15           1   3.8721642189452064E-015
          15           2   5.4658066625065300E-015
          15           3  -9.4525272120824187E-016
          15           4   2.2016057680110188E-016
          15           5  -2.0061924371840591E-016
          15           6  -2.1403018457522443E-016
          15           7  -2.9791969968366349E-003
          15           8   1.1582616121772067E-002
          15           9  -3.7411356529295413E-002
          15          10  -4.7164480561414062E-004
          15          11   1.8336755625955410E-003
          15          12  -5.9226939328813422E-003
          15          13   8.2004965339260279E-005
          15          14  -3.1882149270852264E-004
          15          15   1.0297798362233282E-003
          15          16  -1.8541718471270275E-005
          15          17   7.2087078336491553E-005
          15          18  -2.3283819134165725E-004
          15          19   3.1114696003228812E-016
          15          20   7.1648879045197681E-018
          15          21   3.4853477065066475E-016
          15          22  -1.9220718184199199E-017
          15          23   4.7182619428056745E-017
          15          24   3.7121994566415457E-016
          15          25   1.0040375598675705E-016
          15          26   1.9045925383988754E-017
          15          27   3.4693943587563933E-017
          15          28  -2.6033907713266734E-017
          15          29  -2.5306526652940556E-017
          15          30   7.4776609584095199E-017
          15          31   6.1566843222102426E-017
          15          32   2.0203002015732655E-017
          15          33   1.2473600212829755E-016
          15          34   2.1719227148138739E-018
          15          35  -4.5568089835071238E-018
          15          36   6.7741415551691781E-017
          15          37   4.9268359157786823E-004
          15          38  -8.5662459192764324E-004
          15          39   2.2033480043330859E-004
          15          40  -1.9154708187482192E-003
          15          41   2.7668609305048545E-003
          15          42  -1.1938236419691333E-017
          15          43   2.7668609305048129E-003
          15          44   2.2033480043334722E-004
          15          45  -8.5662459192763771E-004
          15          46   6.1868891248971197E-003
          16           1   1.2328695674106849E-016
          16           2  -4.0136403469931592E-017
          16           3   1.1166801024179388E-015
          16           4   7.4968628868437825E-016
          16           5   2.3004089818054219E-016
          16           6   1.3162204974908623E-016
          16           7   7.6219855186117659E-003
          16           8  -1.4561919819899177E-003
          16           9   6.7361082048229197E-004
          16          10   1.2066573248216629E-003
          16          11  -2.3053372603823444E-004
          16          12   1.0664116700686248E-004
          16          13  -2.0980172138121094E-004
          16          14   4.0082939509267150E-005
          16          15  -1.8541718471270275E-005
          16          16   4.7437181840703831E-005
          16          17  -9.0629460887629408E-006
          16          18   4.1923720404637633E-006
          16          19  -1.5268273576458938E-016
          16          20   2.6641823818804221E-019
          16          21  -1.7068306141038349E-016
          16          22   2.4941300631899580E-018
          16          23  -2.4372622979925881E-018
          16          24  -1.9489937249481498E-016
          16          25  -3.0805620132863288E-016
          16          26   1.4921129755356499E-018
          16          27  -3.0780170320082864E-016
          16          28  -1.5885238440637908E-017
          16          29   1.8643135635537470E-017
          16          30  -2.9710700941205335E-016
          16          31  -7.2083791548193835E-017
          16          32  -5.0574202073783841E-019
          16          33  -6.9641931262704167E-017
          16          34   6.7168946720025651E-018
          16          35   5.2193487139211161E-018
          16          36  -9.5409646170454344E-017
          16          37  -1.2604830107749434E-003
          16          38   1.0769672837517487E-004
          16          39  -5.6370513931527791E-004
          16          40   2.4081720560124295E-004
          16          41  -4.9818761853729689E-005
          16          42  -6.1535554157019534E-018
          16          43  -4.9818761853727047E-005
          16          44  -5.6370513931528431E-004
          16          45   1.0769672837518493E-004
          16          46  -1.1139813805980952E-004
          17           1   2.7115901063701493E-016
          17           2   2.6378154052894267E-015
          17           3  -2.7880608870700394E-014
          17           4   2.2583809863429168E-014
          17           5  -9.1189819964787933E-016
          17           6  -1.8036602833220614E-016
          17           7  -1.4561919819892995E-003
          17           8   1.2908863469436937E-002
          17           9  -2.6188854102003885E-003
          17          10  -2.3053372603808986E-004
          17          11   2.0436373990064226E-003
          17          12  -4.1460289518659789E-004
          17          13   4.0082939509229895E-005
          17          14  -3.5532759414860868E-004
          17          15   7.2087078336491553E-005
          17          16  -9.0629460887629408E-006
          17          17   8.0341284073721329E-005
          17          18  -1.6299236349846738E-005
          17          19   1.2244145156701299E-015
          17          20   1.2213700075161214E-018
          17          21   1.2713541493453826E-015
          17          22  -1.7403704271001609E-017
          17          23   3.8489795067522498E-017
          17          24   1.2481431267095448E-015
          17          25  -5.3293105815271563E-015
          17          26   7.7586917994304796E-018
          17          27  -5.4118273213932766E-015
          17          28  -3.1888687242382361E-017
          17          29  -4.1624024111199676E-019
          17          30  -5.3301023848802580E-015
          17          31   9.8375992974635595E-017
          17          32   2.9774450556777794E-017
          17          33   1.7748899139432362E-016
          17          34  -1.4524049713729266E-017
          17          35   1.5627811800377147E-018
          17          36   6.5230586008083694E-017
          17          37   2.4081720560109715E-004
          17          38  -9.5471090343484115E-004
          17          39   1.0769672837508469E-004
          17          40  -2.1347984789405576E-003
          17          41   1.9368695484962563E-004
          17          42  -1.2850287724096995E-017
          17          43   1.9368695484959264E-004
          17          44   1.0769672837510874E-004
          17          45  -9.5471090343489298E-004
          17          46   4.3309719739864546E-004
          18           1  -2.6307539421922441E-015
          18           2  -2.9024491985067950E-015
