           1           1   2.0919636212157213     
           1           2  0.23119205934911127     
           1           3  -9.4120477821878573E-002
           1           4 -0.37532577138841894     
           1           5 -0.24396225808481778     
           1           6 -0.14912235511768496     
           1           7  -2.4064048516824359E-013
           1           8   1.2588794139262210E-012
           1           9   6.2852200062688494E-013
           1          10   3.9396670729026223E-014
           1          11  -2.0422041626774458E-013
           1          12  -1.1633880564614846E-013
           1          13   8.9300233527417398E-015
           1          14   1.1347708139544100E-013
           1          15   5.5816442106507562E-014
           1          16  -7.3608165016206154E-014
           1          17   1.7369143263221684E-013
           1          18   6.0953228563833581E-014
           1          19   2.5628019018789724E-014
           1          20  -6.5651972173041112E-015
           1          21   1.1208520139636506E-015
           1          22  0.16154438876260155     
           1          23  -3.7009900999363328E-015
           1          24  0.16154438876262878     
           1          25   6.7614198606536637E-015
           1          26   3.3174513345014116E-015
           1          27  0.16154438876261484     
           1          28  0.12648237862365272     
           1          29  -1.0928054747443427E-014
           1          30  0.12648237862364581     
           1          31   3.8335010127116700E-016
           1          32  -5.5785203664962488E-015
           1          33  0.12648237862367706     
           1          34   5.2117152461887195E-002
           1          35   1.2323728092586631E-014
           1          36   5.2117152461889457E-002
           1          37  -9.8861111536396202E-015
           1          38  -4.7104226848936143E-015
           1          39   5.2117152461889263E-002
           1          40   3.0850097466853075E-014
           1          41  -6.4672527711173754E-014
           1          42   1.0864151580042467E-014
           1          43  -1.2104301530541039E-013
           1          44  -2.0681623584420992E-014
           1          45  -1.5537506799701498E-014
           1          46  -1.8383305694310995E-014
           1          47   3.5040425507152838E-015
           1          48  -6.0233842152361619E-014
           1          49  -5.4338253644411478E-014
           2           1  0.23119205934911127     
           2           2   1.5482563853055518     
           2           3 -0.56715612570658402     
           2           4  0.70816407720297936     
           2           5   2.6078786888577921     
           2           6   2.4169377323842318     
           2           7  -7.5496080718389086E-013
           2           8   4.2650892131077882E-012
           2           9   2.1492508370206549E-012
           2          10   8.2041358822712673E-014
           2          11  -7.1473957586752404E-013
           2          12  -4.3112166852193523E-013
           2          13  -1.7969870938539288E-014
           2          14   3.6234640338099267E-013
           2          15   1.8337846257652036E-013
           2          16  -6.0664980247389598E-014
           2          17   6.4138308471800601E-013
           2          18   2.5058455651029647E-013
           2          19   5.4316219710308530E-014
           2          20  -3.6898933221013963E-014
           2          21  -1.7870973325640657E-014
           2          22 -0.52538037665534931     
           2          23  -2.7328246377291145E-014
           2          24 -0.52538037665531689     
           2          25   2.2675148386788098E-016
           2          26   4.2812199033955916E-014
           2          27 -0.52538037665540704     
           2          28  -1.3076748681154287     
           2          29  -1.9796653458635120E-014
           2          30  -1.3076748681154109     
           2          31  -5.8839409655832614E-015
           2          32  -7.2686868548534544E-014
           2          33  -1.3076748681152961     
           2          34 -0.81421722303487010     
           2          35   2.7208073534102241E-014
           2          36 -0.81421722303488731     
           2          37  -2.4391604602158278E-014
           2          38   1.5257683194986379E-014
           2          39 -0.81421722303489752     
           2          40   1.5776834849231394E-014
           2          41  -2.1092543468673721E-013
           2          42   6.6994981290152488E-015
           2          43  -4.5890387529689060E-013
           2          44  -8.7048650712388523E-014
           2          45  -3.6522926616990261E-014
           2          46  -6.9586623192019667E-014
           2          47  -3.2363634496048645E-014
           2          48  -2.1749867351924899E-013
           2          49  -1.8626610328593459E-013
           3           1  -9.4120477821878573E-002
           3           2 -0.56715612570658402     
           3           3  0.28147198898959352     
           3           4   7.0288280653725721E-002
           3           5 -0.37248887571906969     
           3           6 -0.38988860057720603     
           3           7   4.6320856086511143E-013
           3           8  -2.2430792941495197E-012
           3           9  -1.1470856981225666E-012
           3          10  -6.9179231757224006E-014
           3          11   4.1152616172061534E-013
           3          12   2.3073252907188675E-013
           3          13   2.5477124376552148E-015
           3          14  -1.9549508646309135E-013
           3          15  -9.4820020125893128E-014
           3          16   1.0899572459940146E-013
           3          17  -2.3443021307734487E-013
           3          18  -1.4556977683717190E-013
           3          19  -3.8078993148955883E-014
           3          20   4.4918256757045516E-015
           3          21   1.2169394864836229E-014
           3          22   1.5563878105099613E-002
           3          23   6.0469558655423970E-015
           3          24   1.5563878105059593E-002
           3          25  -5.3934241274118713E-015
           3          26  -1.9490243663261711E-014
           3          27   1.5563878105095130E-002
           3          28  0.18459140947076133     
           3          29   1.7704213984753217E-014
           3          30  0.18459140947076119     
           3          31   6.7546928464460432E-015
           3          32   3.4861953196057284E-014
           3          33  0.18459140947070996     
           3          34  0.13024597867243431     
           3          35  -1.7241609840585879E-014
           3          36  0.13024597867244150     
           3          37   1.1733991428447702E-014
           3          38  -5.8192700791808086E-015
           3          39  0.13024597867244120     
           3          40  -5.1350074911401652E-014
           3          41   8.7737895132501843E-014
           3          42  -1.9595979863016349E-014
           3          43   1.9028807068431469E-013
           3          44   4.9065504988208127E-014
           3          45   1.9427434475303012E-014
           3          46   3.9821897341415043E-014
           3          47  -2.0244882186043613E-015
           3          48   9.0785509134375757E-014
           3          49   1.0477485063825013E-013
           4           1 -0.37532577138841894     
           4           2  0.70816407720297936     
           4           3   7.0288280653725721E-002
           4           4   1.8923016086740410     
           4           5   3.9190102600404799     
           4           6   3.4170490710286572     
           4           7  -1.5633554886670377E-013
           4           8  -1.4582324866803510E-012
           4           9  -7.9076971813178630E-013
           4          10   1.1253188891844952E-013
           4          11  -3.1260828387790478E-014
           4          12   1.6795547001085416E-013
           4          13  -3.7654186745010513E-014
           4          14  -2.3163929906540779E-013
           4          15  -4.8889439565070767E-014
           4          16   2.3788141643458823E-013
           4          17   1.9029794699169745E-013
           4          18  -1.5215224905337666E-013
           4          19  -4.6881053535791163E-014
           4          20  -4.8997883451432294E-014
           4          21   1.8172651848529419E-014
           4          22  -1.0779193002025109     
           4          23  -3.0202608129235646E-014
           4          24  -1.0779193002026264     
           4          25  -2.4939728239553341E-014
           4          26   3.3129041039885264E-015
           4          27  -1.0779193002026559     
           4          28  -1.9757254550867169     
           4          29   3.9113008058190682E-014
           4          30  -1.9757254550866779     
           4          31   1.7485750848918386E-014
           4          32   2.2381152890025361E-015
           4          33  -1.9757254550866699     
           4          34  -1.1564240724448684     
           4          35  -2.1658779117334661E-014
           4          36  -1.1564240724448736     
           4          37   2.6186797892134625E-015
           4          38   7.4476279755447947E-015
           4          39  -1.1564240724448960     
           4          40  -1.1787050651656369E-013
           4          41  -1.5138794988929361E-014
           4          42  -3.7866835597408127E-014
           4          43  -3.8130379838970194E-014
           4          44   4.4587963983659702E-014
           4          45   1.2335331194902967E-014
           4          46   3.9984815212018291E-014
           4          47  -4.0907154229225196E-014
           4          48  -1.6458409967902028E-014
           4          49   9.7220766870269901E-014
           5           1 -0.24396225808481778     
           5           2   2.6078786888577921     
           5           3 -0.37248887571906969     
           5           4   3.9190102600404799     
           5           5   9.1528943045737403     
           5           6   8.1101641625516780     
           5           7  -8.9185310704594097E-014
           5           8   1.3986658881962056E-012
           5           9   6.3589672100728771E-013
           5          10  -2.3343111815076342E-013
           5          11  -4.6554535729060070E-013
           5          12  -1.3165284151458211E-013
           5          13  -1.0718314806826802E-013
           5          14  -2.2259340195692362E-014
           5          15   7.8638971138422593E-014
           5          16   5.1977503141004066E-013
           5          17   9.6671308006195133E-013
           5          18  -2.2872826689019643E-014
           5          19  -4.9126154836089849E-014
           5          20  -1.2450678387755194E-013
           5          21   1.4564798291696911E-014
           5          22  -2.3426873421213084     
           5          23  -7.7338993291504564E-014
           5          24  -2.3426873421214816     
           5          25  -4.3249932233244276E-014
           5          26   4.2977127058888224E-014
           5          27  -2.3426873421216134     
           5          28  -4.6078989990832575     
           5          29   5.1102488313305832E-014
           5          30  -4.6078989990831731     
           5          31   2.5952103548677242E-014
           5          32  -5.9037935494900402E-014
           5          33  -4.6078989990830568     
           5          34  -2.7413166058738820     
           5          35  -1.3683343004955377E-014
           5          36  -2.7413166058739051     
           5          37  -1.7355313748890178E-014
           5          38   2.5788053939850533E-014
           5          39  -2.7413166058739540     
           5          40  -2.8839216136106265E-013
           5          41  -2.3347443370874979E-013
           5          42  -1.0330032986257302E-013
           5          43  -5.1620065438123243E-013
           5          44  -4.9447363419068833E-015
           5          45  -1.1165373750665252E-014
           5          46   2.1410359834845143E-015
           5          47  -1.4300513898788571E-013
           5          48  -2.4098357529069233E-013
           5          49  -9.1138194426718580E-015
           6           1 -0.14912235511768496     
           6           2   2.4169377323842318     
           6           3 -0.38988860057720603     
           6           4   3.4170490710286572     
           6           5   8.1101641625516780     
           6           6   7.2006018074153220     
           6           7   8.2273728107915987E-013
           6           8   1.4646552379828497E-012
           6           9   1.1134085467231654E-012
           6          10  -6.2958741885275979E-013
           6          11  -2.1874239498724844E-013
           6          12  -3.8586305346532679E-013
           6          13  -9.2813208518079263E-014
           6          14   5.9003226399033539E-014
           6          15   7.2400481959530717E-014
           6          16   6.2832412145127830E-013
           6          17   8.6203287451846007E-013
           6          18   6.3149970912578333E-014
           6          19  -5.3339008503952245E-014
           6          20  -1.0620519328149657E-013
           6          21   5.1789783465151524E-015
           6          22  -2.0564255596397767     
           6          23  -6.9278597533439498E-014
           6          24  -2.0564255596399206     
           6          25  -3.6655406224613854E-014
           6          26   4.2014385872545506E-014
           6          27  -2.0564255596400436     
           6          28  -4.0822380846022011     
           6          29   4.0796466389728872E-014
           6          30  -4.0822380846021291     
           6          31   2.1328746295333005E-014
           6          32  -5.9486962103293307E-014
           6          33  -4.0822380846020137     
           6          34  -2.4335056498178957     
           6          35  -8.0186536329309555E-015
           6          36  -2.4335056498179175     
           6          37  -1.7984821993688771E-014
           6          38   2.3796144192272615E-014
           6          39  -2.4335056498179606     
           6          40  -3.6372058919432214E-013
           6          41  -2.1494096600046906E-013
           6          42  -1.4091568977415483E-013
           6          43  -4.7369521665256295E-013
           6          44  -2.8837913241366140E-014
           6          45  -1.4336089567009896E-014
           6          46  -2.0568926183978742E-014
           6          47  -1.7972874069874584E-013
           6          48  -2.2209731615172831E-013
           6          49  -6.1882294567863568E-014
           7           1  -2.4064048516824359E-013
           7           2  -7.5496080718389086E-013
           7           3   4.6320856086511143E-013
           7           4  -1.5633554886670377E-013
           7           5  -8.9185310704594097E-014
           7           6   8.2273728107915987E-013
           7           7   2.7834410280915751     
           7           8  -2.7846969897972339E-003
           7           9   2.6347406770624863E-002
           7          10  -1.1562857471899499     
           7          11   4.5291887360442481E-003
           7          12  -4.2852913048282738E-002
           7          13   1.7577722159997818E-002
           7          14   6.9229809943366404E-004
           7          15  -6.5501775235324135E-003
           7          16  0.55032790498921613     
           7          17  -2.8278450486567152E-004
           7          18   2.6755652069666725E-003
           7          19  -5.2926206364156861E-002
           7          20   3.2379201111883368E-005
           7          21  -3.0635576716469323E-004
           7          22  -3.1759405777825973E-014
           7          23   1.4666835284553473E-014
           7          24  -2.1495415925334803E-014
           7          25   1.2574985281025287E-015
           7          26  -5.5429955656655102E-015
           7          27  -2.2100456400777102E-014
           7          28  -8.1663354568376634E-014
           7          29   4.7034927782317159E-015
           7          30  -7.3185057485349236E-014
           7          31  -4.6853811071090451E-015
           7          32   1.2124605949628534E-014
           7          33  -8.6965970706132154E-014
           7          34  -2.4995613730075461E-013
           7          35   3.6776292597245873E-015
           7          36  -2.3938280060299279E-013
           7          37   1.9383516618098742E-015
           7          38  -1.4031963773744400E-014
           7          39  -2.4088796106225415E-013
           7          40 -0.34223700838415050     
           7          41   5.8054293610680416E-005
           7          42 -0.15305304303261641     
           7          43   1.2981334691525444E-004
           7          44  -5.4928061984604220E-004
           7          45  -2.2515918801103392E-015
           7          46  -5.4928061985546923E-004
           7          47 -0.15305304303261458     
           7          48   5.8054293617664189E-005
           7          49  -1.2282288047016185E-003
           8           1   1.2588794139262210E-012
           8           2   4.2650892131077882E-012
           8           3  -2.2430792941495197E-012
           8           4  -1.4582324866803510E-012
           8           5   1.3986658881962056E-012
           8           6   1.4646552379828497E-012
           8           7  -2.7846969897972339E-003
           8           8   2.7873639812779549     
           8           9  -5.0785888811963206E-002
           8          10   4.5291887360469777E-003
           8          11  -1.1626662602040652     
           8          12   8.2601042914240252E-002
           8          13   6.9229809945498347E-004
           8          14   1.6602444402649866E-002
           8          15   1.2625780985020544E-002
           8          16  -2.8278450492127488E-004
           8          17  0.55072627880809344     
           8          18  -5.1572801187803538E-003
           8          19   3.2379201133404842E-005
           8          20  -5.2971820695138089E-002
           8          21   5.9051541827739114E-004
           8          22   3.6767480319913175E-013
           8          23   1.3205303935876524E-014
           8          24   3.6924004811883799E-013
           8          25   7.3753751534605829E-016
           8          26  -7.7451743756353852E-015
           8          27   3.6015923772825804E-013
           8          28  -6.3085638892730876E-013
           8          29   4.5835790261151634E-015
           8          30  -6.1570362622156317E-013
           8          31  -6.0483444319640538E-015
           8          32   7.6585722071771675E-015
           8          33  -6.2078566937819536E-013
           8          34  -5.0095532269286306E-013
           8          35   3.0729953994748215E-015
           8          36  -4.9461595558105328E-013
           8          37  -3.9886169601696430E-016
           8          38  -1.2115061862499554E-014
           8          39  -4.9746873219388535E-013
           8          40   1.2981334692115334E-004
           8          41 -0.15313482725436817     
           8          42   5.8054293631223662E-005
           8          43 -0.34241988346342539     
           8          44   1.0587647099877867E-003
           8          45  -2.1363566893071542E-015
           8          46   1.0587647099781598E-003
           8          47   5.8054293634372747E-005
           8          48 -0.15313482725435762     
           8          49   2.3674698637057962E-003
           9           1   6.2852200062688494E-013
           9           2   2.1492508370206549E-012
           9           3  -1.1470856981225666E-012
           9           4  -7.9076971813178630E-013
           9           5   6.3589672100728771E-013
           9           6   1.1134085467231654E-012
           9           7   2.6347406770624863E-002
           9           8  -5.0785888811963206E-002
           9           9   3.2625069621432057     
           9          10  -4.2852913048290454E-002
           9          11   8.2601042914217784E-002
           9          12  -1.9354656867959772     
           9          13  -6.5501775235461135E-003
           9          14   1.2625780985005813E-002
           9          15 -0.10152192741214192     
           9          16   2.6755652070608997E-003
           9          17  -5.1572801186280616E-003
           9          18  0.59897679693539096     
           9          19  -3.0635576718070353E-004
           9          20   5.9051541825595505E-004
           9          21  -5.8496569058144279E-002
           9          22   1.8257589694825107E-013
           9          23   4.8678229615622725E-015
           9          24   1.9913712846656865E-013
           9          25  -4.3430475002272857E-015
           9          26  -2.3331290515336745E-015
           9          27   1.6255522202825145E-013
           9          28  -3.4896105006832612E-013
           9          29   2.8683388868535058E-015
           9          30  -3.4707145311361333E-013
           9          31   8.4744778223761909E-017
           9          32   5.5058359304959824E-015
           9          33  -3.4619943738353067E-013
           9          34  -3.6194268511580305E-013
           9          35   1.1686464314547349E-015
           9          36  -3.6226360632672764E-013
           9          37   1.3264827809350117E-015
           9          38  -6.6446441728190345E-015
           9          39  -3.5327365385900067E-013
           9          40  -1.2282288047540024E-003
           9          41   1.0587647099488118E-003
           9          42  -5.4928061986131264E-004
           9          43   2.3674698636236792E-003
           9          44 -0.16304042568122795     
           9          45  -1.2282614141644183E-015
           9          46 -0.16304042568124050     
           9          47  -5.4928061987571811E-004
           9          48   1.0587647099506421E-003
           9          49 -0.36456947490372399     
          10           1   3.9396670729026223E-014
          10           2   8.2041358822712673E-014
          10           3  -6.9179231757224006E-014
          10           4   1.1253188891844952E-013
          10           5  -2.3343111815076342E-013
          10           6  -6.2958741885275979E-013
          10           7  -1.1562857471899499     
          10           8   4.5291887360469777E-003
          10           9  -4.2852913048290454E-002
          10          10   1.3498623922374349     
          10          11  -7.3665288115343699E-003
          10          12   6.9698402302425119E-002
          10          13  0.17573185447328465     
          10          14  -1.1259927975731535E-003
          10          15   1.0653579318479836E-002
          10          16 -0.15956850706786699     
          10          17   4.5993671801636168E-004
          10          18  -4.3516906301840474E-003
          10          19   1.6682464458938204E-002
          10          20  -5.2663364633642183E-005
          10          21   4.9827435266292224E-004
          10          22   5.2147220151582456E-014
          10          23  -1.7283653445204357E-014
          10          24   3.9601448199637756E-014
          10          25  -7.4372526632865778E-015
          10          26  -5.3530519307994696E-015
          10          27   2.1920486515475918E-014
          10          28   1.5587015050252230E-013
          10          29   2.1708176291276556E-015
          10          30   1.5813569768709354E-013
          10          31  -9.1787774261541750E-016
          10          32   1.2332605778130442E-015
          10          33   1.7686521667990145E-013
          10          34   2.0342181511545598E-013
          10          35  -7.0857066116300386E-015
          10          36   1.9670847309843875E-013
          10          37  -4.9116637812891375E-016
          10          38   4.3945712544050653E-015
          10          39   1.9061654691498927E-013
          10          40   8.7360322057060971E-002
          10          41  -9.4422787717978273E-005
          10          42   3.9068723731171762E-002
          10          43  -2.1113577196771508E-004
          10          44   8.9338107720632245E-004
          10          45  -1.1621691326906956E-015
          10          46   8.9338107720760582E-004
          10          47   3.9068723731171116E-002
          10          48  -9.4422787718696124E-005
          10          49   1.9976608184490985E-003
          11           1  -2.0422041626774458E-013
          11           2  -7.1473957586752404E-013
          11           3   4.1152616172061534E-013
          11           4  -3.1260828387790478E-014
          11           5  -4.6554535729060070E-013
          11           6  -2.1874239498724844E-013
          11           7   4.5291887360442481E-003
          11           8  -1.1626662602040652     
          11           9   8.2601042914217784E-002
          11          10  -7.3665288115343699E-003
          11          11   1.3602400195985618     
          11          12 -0.13434700957543533     
          11          13  -1.1259927975818427E-003
          11          14  0.17731810139682960     
          11          15  -2.0535284532074965E-002
          11          16   4.5993671803818813E-004
          11          17 -0.16021644478604824     
          11          18   8.3880921721599822E-003
          11          19  -5.2663364641294983E-005
          11          20   1.6756654187600573E-002
          11          21  -9.6044768627291156E-004
          11          22   6.4241631144492688E-014
          11          23  -6.9081991432348597E-015
          11          24   5.8230773893143181E-014
          11          25  -6.7638098352987138E-015
          11          26  -1.1836838445900515E-015
          11          27   5.1510154386056887E-014
          11          28   1.8892446540533767E-013
          11          29   2.2201989007701563E-016
          11          30   1.8786029994077898E-013
          11          31   2.6037044953423976E-015
          11          32  -1.5733334610987227E-015
          11          33   1.9502441503623485E-013
          11          34   8.7264007622455269E-014
          11          35  -4.8415477030956239E-015
          11          36   8.3566651898235669E-014
          11          37  -1.1733782648127361E-015
          11          38   4.3944208411912004E-015
          11          39   8.1368466432486311E-014
          11          40  -2.1113577197278782E-004
          11          41   3.9201742216594011E-002
          11          42  -9.4422787725540841E-005
          11          43   8.7657760432719320E-002
          11          44  -1.7220348267730091E-003
          11          45  -8.9709386363097355E-016
          11          46  -1.7220348267739062E-003
          11          47  -9.4422787726320179E-005
          11          48   3.9201742216591021E-002
          11          49  -3.8505869322850226E-003
          12           1  -1.1633880564614846E-013
          12           2  -4.3112166852193523E-013
          12           3   2.3073252907188675E-013
          12           4   1.6795547001085416E-013
          12           5  -1.3165284151458211E-013
          12           6  -3.8586305346532679E-013
          12           7  -4.2852913048282738E-002
          12           8   8.2601042914240252E-002
          12           9  -1.9354656867959772     
          12          10   6.9698402302425119E-002
          12          11 -0.13434700957543533     
          12          12   2.6171647302471959     
          12          13   1.0653579318483215E-002
          12          14  -2.0535284532059651E-002
          12          15  0.36944226292556354     
          12          16  -4.3516906302128126E-003
          12          17   8.3880921721471418E-003
          12          18 -0.23869381737313089     
          12          19   4.9827435266213132E-004
          12          20  -9.6044768626765643E-004
          12          21   2.5742417502932970E-002
          12          22  -3.0228885323581075E-014
          12          23  -1.3340650944729479E-014
          12          24  -3.8040689613925487E-014
          12          25   4.9550743871716420E-015
          12          26  -8.4509317867852016E-015
          12          27  -1.5812638609333779E-014
          12          28   9.9083440397882752E-014
          12          29   5.7017217119058796E-015
          12          30   9.4302011096967739E-014
          12          31  -6.4704657613861753E-016
          12          32   4.7610682371232880E-015
          12          33   9.3062072806259885E-014
          12          34   1.2148016275861243E-013
          12          35  -2.7331285496351185E-015
          12          36   1.2331972791112079E-013
          12          37  -1.6310837123674891E-016
          12          38   1.2000062858214788E-015
          12          39   1.1546090873202683E-013
          12          40   1.9976608184662297E-003
          12          41  -1.7220348267717052E-003
          12          42   8.9338107721226908E-004
          12          43  -3.8505869322856458E-003
          12          44   5.5312767934335733E-002
          12          45   1.7315897015957759E-015
          12          46   5.5312767934346294E-002
          12          47   8.9338107722845774E-004
          12          48  -1.7220348267693618E-003
          12          49  0.12368310912485049     
          13           1   8.9300233527417398E-015
          13           2  -1.7969870938539288E-014
          13           3   2.5477124376552148E-015
          13           4  -3.7654186745010513E-014
          13           5  -1.0718314806826802E-013
          13           6  -9.2813208518079263E-014
          13           7   1.7577722159997818E-002
          13           8   6.9229809945498347E-004
          13           9  -6.5501775235461135E-003
          13          10  0.17573185447328465     
          13          11  -1.1259927975818427E-003
          13          12   1.0653579318483215E-002
          13          13   3.8639509783770107E-002
          13          14  -1.7211088324229937E-004
          13          15   1.6284268870710859E-003
          13          16   1.8009609703626934E-002
          13          17   7.0302505441539715E-005
          13          18  -6.6516705932141566E-004
          13          19  -1.4507067990611466E-003
          13          20  -8.0497301775721300E-006
          13          21   7.6162511094046717E-005
          13          22   2.9564770976880338E-014
          13          23  -2.2630359587960698E-015
          13          24   2.7886245431899846E-014
          13          25  -1.4476333015272874E-015
          13          26  -1.6465239025480405E-015
          13          27   2.4107687591443555E-014
          13          28   5.0492011501383891E-014
          13          29   8.9795428352416840E-016
          13          30   5.1763831374322183E-014
          13          31  -6.3251321806114231E-016
          13          32   1.3964016820360528E-015
          13          33   5.4414284880202999E-014
          13          34   3.2204189147699646E-014
          13          35  -1.1467220219356066E-015
          13          36   3.1782390097167137E-014
          13          37   7.8349403760349882E-017
          13          38  -3.9058083555561966E-016
          13          39   3.0358920528689557E-014
          13          40  -1.3698807748866813E-002
          13          41  -1.4432764960355342E-005
          13          42  -6.1262930674327457E-003
          13          43  -3.2272643554243911E-005
          13          44   1.3655558597350795E-004
          13          45  -4.5574466004925395E-016
          13          46   1.3655558597289375E-004
          13          47  -6.1262930674327119E-003
          13          48  -1.4432764959852721E-005
          13          49   3.0534757294462808E-004
          14           1   1.1347708139544100E-013
          14           2   3.6234640338099267E-013
          14           3  -1.9549508646309135E-013
          14           4  -2.3163929906540779E-013
          14           5  -2.2259340195692362E-014
          14           6   5.9003226399033539E-014
          14           7   6.9229809943366404E-004
          14           8   1.6602444402649866E-002
          14           9   1.2625780985005813E-002
          14          10  -1.1259927975731535E-003
          14          11  0.17731810139682960     
          14          12  -2.0535284532059651E-002
          14          13  -1.7211088324229937E-004
          14          14   3.8881971689067103E-002
          14          15  -3.1388708401124707E-003
          14          16   7.0302505436809477E-005
          14          17   1.7910570763760451E-002
          14          18   1.2821413738891563E-003
          14          19  -8.0497301767699186E-006
          14          20  -1.4393667090044019E-003
          14          21  -1.4680688895011215E-004
          14          22   8.4628637878459260E-014
          14          23  -2.1604347585923353E-016
          14          24   8.3510114010170986E-014
          14          25  -1.3546255520904896E-015
          14          26  -9.7535096573844992E-016
          14          27   8.1244013156039987E-014
          14          28   9.3359526801106938E-015
          14          29   4.7649070769454606E-016
          14          30   1.0532667407704773E-014
          14          31  -1.9014003789775754E-017
          14          32   3.8688105900222530E-016
          14          33   1.1564216720068045E-014
          14          34  -1.7257641173526679E-014
          14          35  -7.3101861473048956E-016
          14          36  -1.7441553700178293E-014
          14          37  -2.8439246854521686E-016
          14          38  -2.1088406035324096E-016
          14          39  -1.8171746021617238E-014
          14          40  -3.2272643552195867E-005
          14          41  -6.1059608512200950E-003
          14          42  -1.4432764958876148E-005
          14          43  -1.3653343531279583E-002
          14          44  -2.6321743411564360E-004
          14          45  -3.8914207800409762E-016
          14          46  -2.6321743411673442E-004
          14          47  -1.4432764958747448E-005
          14          48  -6.1059608512197350E-003
          14          49  -5.8857207554577936E-004
          15           1   5.5816442106507562E-014
          15           2   1.8337846257652036E-013
          15           3  -9.4820020125893128E-014
          15           4  -4.8889439565070767E-014
          15           5   7.8638971138422593E-014
          15           6   7.2400481959530717E-014
          15           7  -6.5501775235324135E-003
          15           8   1.2625780985020544E-002
          15           9 -0.10152192741214192     
          15          10   1.0653579318479836E-002
          15          11  -2.0535284532074965E-002
          15          12  0.36944226292556354     
          15          13   1.6284268870710859E-003
          15          14  -3.1388708401124707E-003
          15          15   6.8248641888486283E-002
          15          16  -6.6516705931605937E-004
          15          17   1.2821413739019893E-003
          15          18   5.9151033506923923E-003
          15          19   7.6162511092134943E-005
          15          20  -1.4680688895115060E-004
          15          21  -6.5869769984755049E-005
          15          22   9.2713785505654104E-015
          15          23  -2.3517907863254569E-015
          15          24   9.1797781298767726E-015
          15          25   6.3583600223722503E-016
          15          26  -1.9976687119613242E-015
          15          27   1.0428852311701617E-014
          15          28  -3.5001949333093890E-014
          15          29   1.4691432221900864E-015
          15          30  -3.5831268330248940E-014
          15          31  -1.2825716716454980E-016
          15          32   1.5184276917435283E-015
          15          33  -3.6010514357151844E-014
          15          34  -2.4803533155288062E-014
          15          35  -4.6574941991553827E-016
          15          36  -2.4446395578339670E-014
          15          37   9.0036636232788023E-017
          15          38  -3.7040041167371301E-016
          15          39  -2.5257774591939821E-014
          15          40   3.0534757294168561E-004
          15          41  -2.6321743411931769E-004
          15          42   1.3655558597259720E-004
          15          43  -5.8857207555426813E-004
          15          44  -3.6433493032369461E-003
          15          45   2.4933674250049094E-016
          15          46  -3.6433493032359031E-003
          15          47   1.3655558597465385E-004
          15          48  -2.6321743411865254E-004
          15          49  -8.1467767078128306E-003
          16           1  -7.3608165016206154E-014
          16           2  -6.0664980247389598E-014
          16           3   1.0899572459940146E-013
          16           4   2.3788141643458823E-013
          16           5   5.1977503141004066E-013
          16           6   6.2832412145127830E-013
          16           7  0.55032790498921613     
          16           8  -2.8278450492127488E-004
          16           9   2.6755652070608997E-003
          16          10 -0.15956850706786699     
          16          11   4.5993671803818813E-004
          16          12  -4.3516906302128126E-003
          16          13   1.8009609703626934E-002
          16          14   7.0302505436809477E-005
          16          15  -6.6516705931605937E-004
          16          16  0.11429084908873588     
          16          17  -2.8716616751221662E-005
          16          18   2.7170223008632404E-004
          16          19  -1.0885472674255960E-002
          16          20   3.2880907294950497E-006
          16          21  -3.1110265942768145E-005
          16          22  -1.5514675807861696E-013
          16          23   2.0112199850773044E-015
          16          24  -1.5377506096944094E-013
          16          25  -3.0046478667594543E-016
          16          26  -1.7038516837175969E-015
          16          27  -1.5531864262891353E-013
          16          28  -2.8815401647465589E-013
          16          29   1.2574840360382922E-015
          16          30  -2.8601815527112073E-013
          16          31  -1.1538130511628653E-015
          16          32   2.8951008931989456E-015
          16          33  -2.8771017895987979E-013
          16          34  -2.0680639082939723E-013
          16          35   2.8577956888866894E-016
          16          36  -2.0490018920905735E-013
          16          37   4.0817942768251842E-016
          16          38  -2.8882411944195451E-015
          16          39  -2.0573117622606372E-013
          16          40  -7.2017718273196252E-002
          16          41   5.8953827798632992E-006
          16          42  -3.2207302728657142E-002
          16          43   1.3182476652428362E-005
          16          44  -5.5779156106822289E-005
          16          45  -6.1173150164069432E-016
          16          46  -5.5779156108896855E-005
          16          47  -3.2207302728656767E-002
          16          48   5.8953827814171625E-006
          16          49  -1.2472598478273779E-004
