           1           1   2.3055174833728085     
           1           2 -0.79583210317218556     
           1           3   2.1295319919037714E-002
           1           4  -2.2815282803718540     
           1           5  0.87714968011142036     
           1           6 -0.47211090380355819     
           1           7  -1.2662850978389729E-013
           1           8   2.2081433054703297E-013
           1           9  -4.7473261008989327E-014
           1          10   3.1989761596855124E-014
           1          11  -5.9672047795774953E-014
           1          12   1.4226463586487156E-014
           1          13  -3.8319254684531573E-014
           1          14   6.7361423639341527E-014
           1          15  -1.8400264932849836E-014
           1          16  -7.5789630359949704E-015
           1          17   8.8711910737263481E-015
           1          18  -2.2484369711625960E-015
           1          19   4.7784438020225594E-015
           1          20  -2.2343374279515629E-015
           1          21   6.6847570233215047E-016
           1          22  0.90174198700021124     
           1          23  -4.5995044136542592E-015
           1          24  0.90174198700026631     
           1          25   7.9273334816473699E-015
           1          26   1.2949699967337582E-014
           1          27  0.90174198700023145     
           1          28  0.22370311074278704     
           1          29   1.8656390183825270E-015
           1          30  0.22370311074276727     
           1          31  -3.9943017947276954E-015
           1          32  -5.4538618865441711E-015
           1          33  0.22370311074278043     
           1          34 -0.21699478101952299     
           1          35   5.5151446952664307E-016
           1          36 -0.21699478101951852     
           1          37   1.2292017199554093E-015
           1          38   2.9033729474925756E-015
           1          39 -0.21699478101952235     
           1          40  0.12163071746338264     
           1          41  -1.9272157132140088E-015
           1          42  0.12163071746338401     
           1          43   7.7287135978102111E-016
           1          44  -2.7168876803680339E-015
           1          45  0.12163071746338588     
           1          46   1.9146605903762760E-014
           1          47  -1.3783637586136598E-014
           1          48   8.9225270332847024E-015
           1          49  -3.1507597027159818E-014
           1          50   3.1384302944878612E-015
           1          51   2.5761297529306099E-015
           1          52   6.0211936676669017E-015
           1          53   6.9304965712397382E-015
           1          54  -1.5413606694651938E-014
           1          55   1.0120975539653972E-014
           2           1 -0.79583210317218556     
           2           2   2.3580121412376061     
           2           3  0.47543833407885572     
           2           4   3.8636501857918315     
           2           5  -1.5510115348719515     
           2           6  0.83261492046069119     
           2           7   4.0019883509734757E-013
           2           8  -7.0799008181366779E-013
           2           9   1.3912694651230371E-013
           2          10  -1.0280580763284090E-013
           2          11   1.9077470319844877E-013
           2          12  -4.8612997682861568E-014
           2          13   1.3318852403742773E-013
           2          14  -2.2811769385815500E-013
           2          15   5.6964437026895165E-014
           2          16   2.6331106361707218E-014
           2          17  -3.1007588994447496E-014
           2          18   1.0683619625845879E-014
           2          19  -1.2228427828456143E-014
           2          20   4.3171368872627792E-015
           2          21  -4.2058162819461254E-015
           2          22  -1.6596214067046446     
           2          23  -3.0403731444949787E-015
           2          24  -1.6596214067046740     
           2          25   3.5429662228484023E-016
           2          26  -2.4233805910574845E-014
           2          27  -1.6596214067046604     
           2          28 -0.36784914368785082     
           2          29   3.8673070716843843E-015
           2          30 -0.36784914368784638     
           2          31   4.2609062331820589E-015
           2          32   1.1787243015448958E-014
           2          33 -0.36784914368785643     
           2          34  0.38011313794014545     
           2          35  -5.0125209084375311E-015
           2          36  0.38011313794014950     
           2          37   3.2235263468631132E-015
           2          38  -5.8677355657367907E-015
           2          39  0.38011313794015933     
           2          40 -0.21341347823855941     
           2          41   3.2195731644035523E-015
           2          42 -0.21341347823856816     
           2          43  -4.7357846473190915E-015
           2          44   5.7115812349294610E-015
           2          45 -0.21341347823857101     
           2          46  -7.0866863276294009E-014
           2          47   4.8447322831725903E-014
           2          48  -3.0922611805849157E-014
           2          49   1.0854988118594486E-013
           2          50  -1.6246101760439416E-014
           2          51  -3.1067611557158867E-015
           2          52  -1.5155321021142051E-014
           2          53  -2.6422639991047988E-014
           2          54   5.0404240599730486E-014
           2          55  -3.0235872825967929E-014
           3           1   2.1295319919037714E-002
           3           2  0.47543833407885572     
           3           3   6.3843207297448510     
           3           4  -7.3829528894479148     
           3           5   1.5353912775401692     
           3           6 -0.91424737306488735     
           3           7   4.7563540541107281E-013
           3           8  -2.1503409070062193E-013
           3           9   1.8029521403758413E-013
           3          10  -1.4659420363381886E-012
           3          11   3.3265824302812855E-014
           3          12   2.8610828330455253E-014
           3          13   1.4149171947866164E-012
           3          14  -5.5081055792809927E-014
           3          15  -3.1922701282319047E-014
           3          16   1.8054294654286097E-013
           3          17  -1.1853664293895316E-014
           3          18  -8.6769226401482200E-015
           3          19  -3.8902083401545133E-014
           3          20   6.0179724890441465E-015
           3          21   1.6176906507530552E-015
           3          22   1.0344148448006301     
           3          23  -3.6570157364661385E-014
           3          24   1.0344148448012027     
           3          25  -2.4060533892773879E-014
           3          26  -2.0053904833080019E-013
           3          27   1.0344148448007511     
           3          28  0.96441026885737169     
           3          29   2.2752582302746097E-014
           3          30  0.96441026885717940     
           3          31   9.7814415837976517E-015
           3          32   6.4731290866595815E-014
           3          33  0.96441026885733172     
           3          34 -0.45170202170525309     
           3          35  -1.0790781169691906E-014
           3          36 -0.45170202170517615     
           3          37  -1.0263556310554963E-015
           3          38  -3.3724360663948812E-014
           3          39 -0.45170202170523532     
           3          40  0.26096142183524629     
           3          41   1.5897483137111914E-015
           3          42  0.26096142183522519     
           3          43   2.0631988837523521E-015
           3          44   9.5548559617096580E-015
           3          45  0.26096142183525195     
           3          46  -6.6055548692698031E-013
           3          47   9.7875613249863509E-015
           3          48  -2.8841238292539136E-013
           3          49   2.8768786497534615E-014
           3          50  -1.9125409903347211E-015
           3          51   3.8044571848531299E-015
           3          52   1.4807464051619420E-014
           3          53  -2.9429918644116833E-013
           3          54   1.4589954099374152E-014
           3          55   1.7190241093901352E-014
           4           1  -2.2815282803718540     
           4           2   3.8636501857918315     
           4           3  -7.3829528894479148     
           4           4   17.195039823400943     
           4           5  -5.0496938121373045     
           4           6   2.8271186153630028     
           4           7   1.1332290423686626E-012
           4           8  -1.0219874374111547E-012
           4           9   5.0658226979477409E-013
           4          10  -2.2732512588688610E-012
           4          11   4.3327550202859737E-013
           4          12   1.7367692208853814E-014
           4          13   2.0903911919172057E-012
           4          14  -4.5915391676913211E-013
           4          15   6.1769298844490163E-014
           4          16   2.7015203314464374E-013
           4          17  -5.4770586266594039E-014
           4          18   2.5408148945714326E-014
           4          19  -7.1897466222766851E-014
           4          20   3.2532575276727720E-015
           4          21  -8.8458156603264313E-015
           4          22  -4.6064957163406159     
           4          23   9.0822788312961607E-014
           4          24  -4.6064957163414455     
           4          25   1.6588379324016578E-013
           4          26  -5.6054572029823545E-013
           4          27  -4.6064957163408540     
           4          28  -1.9761113396697203     
           4          29  -3.8940125844020280E-014
           4          30  -1.9761113396694512     
           4          31  -4.9330398575900540E-014
           4          32   1.9676197122621400E-013
           4          33  -1.9761113396696608     
           4          34   1.3353808130732321     
           4          35   1.1352033002778600E-014
           4          36   1.3353808130731357     
           4          37   2.5549026705033135E-014
           4          38  -7.4593854531814178E-014
           4          39   1.3353808130732272     
           4          40 -0.75914083254474807     
           4          41   2.2459273284838045E-015
           4          42 -0.75914083254473574     
           4          43  -1.7486592919342091E-014
           4          44   3.3353996742820898E-014
           4          45 -0.75914083254477505     
           4          46  -9.6796990539510733E-013
           4          47   9.8761161508406931E-014
           4          48  -4.4066178633863795E-013
           4          49   2.1261364805851769E-013
           4          50  -1.2370138933076558E-014
           4          51  -1.1352311818381323E-014
           4          52  -3.3011394594103250E-014
           4          53  -4.2436913226574567E-013
           4          54   9.6646981471338867E-014
           4          55  -4.5617389176660435E-014
           5           1  0.87714968011142036     
           5           2  -1.5510115348719515     
           5           3   1.5353912775401692     
           5           4  -5.0496938121373045     
           5           5   1.6077171428824881     
           5           6 -0.88930956119384319     
           5           7  -6.6554912469941055E-013
           5           8   2.8168108132593793E-013
           5           9  -3.5789518201413204E-013
           5          10   1.8674322492335533E-012
           5          11  -2.2297900384030593E-013
           5          12  -1.6327948798866449E-014
           5          13  -1.7296187229399621E-012
           5          14   2.1815018743055398E-013
           5          15  -2.5485720884248326E-014
           5          16  -2.1906073395955712E-013
           5          17   2.5574098275059496E-014
           5          18  -1.0274972945747309E-014
           5          19   5.2520435331641243E-014
           5          20  -2.8998845503876053E-015
           5          21   3.6029781451701553E-015
           5          22   1.5386239004607511     
           5          23   4.2203758433629908E-014
           5          24   1.5386239004606463     
           5          25  -7.3529154920000455E-013
           5          26   5.1855944456903669E-013
           5          27   1.5386239004605922     
           5          28  0.55746213549000267     
           5          29  -1.2873929119609059E-014
           5          30  0.55746213549004042     
           5          31   2.4267123105197453E-013
           5          32  -1.7624414602627683E-013
           5          33  0.55746213549006296     
           5          34 -0.41615209914703821     
           5          35   7.4054095589361641E-015
           5          36 -0.41615209914705914     
           5          37  -1.0303419767257734E-013
           5          38   7.1757318069295074E-014
           5          39 -0.41615209914707074     
           5          40  0.23574785287262956     
           5          41  -4.2735111021208061E-015
           5          42  0.23574785287264277     
           5          43   3.6524469655901380E-014
           5          44  -2.6453818157840018E-014
           5          45  0.23574785287264866     
           5          46   7.9971849919653428E-013
           5          47  -4.5328066618217672E-014
           5          48   3.5921159876300214E-013
           5          49  -9.9610103992228595E-014
           5          50   7.4824557438582679E-015
           5          51   3.5525370424479491E-015
           5          52   1.2024166888937013E-014
           5          53   3.5421403652502676E-013
           5          54  -4.5481950821456160E-014
           5          55   1.9348463044567542E-014
           6           1 -0.47211090380355819     
           6           2  0.83261492046069119     
           6           3 -0.91424737306488735     
           6           4   2.8271186153630028     
           6           5 -0.88930956119384319     
           6           6  0.49278281059616014     
           6           7  -1.1157254252920256E-014
           6           8  -5.6140228966059174E-013
           6           9  -1.7812606602887111E-013
           6          10   8.6429237245750842E-013
           6          11  -8.7291120886302156E-015
           6          12   2.1141087236860667E-014
           6          13  -7.8655596197234795E-013
           6          14  -3.9429922053108789E-014
           6          15  -3.1441719137570731E-014
           6          16  -9.3672462654139181E-014
           6          17  -8.5992828980778338E-015
           6          18  -3.7306236781400742E-015
           6          19   1.7677498959293189E-014
           6          20   6.1005120582593017E-016
           6          21   2.6072538783010046E-016
           6          22 -0.84535981146224259     
           6          23   1.7510446966908842E-013
           6          24 -0.84535981146306416     
           6          25  -1.5277230438662983E-012
           6          26   4.7935164622547805E-013
           6          27 -0.84535981146279870     
           6          28 -0.31407749552955394     
           6          29  -5.9200461611579476E-014
           6          30 -0.31407749552928155     
           6          31   5.1100903932105459E-013
           6          32  -1.5811016968757062E-013
           6          33 -0.31407749552937253     
           6          34  0.23091284921419930     
           6          35   2.3420379431310609E-014
           6          36  0.23091284921408928     
           6          37  -2.1036017492725460E-013
           6          38   6.6262687540389235E-014
           6          39  0.23091284921412822     
           6          40 -0.13087847858338489     
           6          41  -6.5530457890153007E-015
           6          42 -0.13087847858335278     
           6          43   6.6454857184200372E-014
           6          44  -1.9726421257350461E-014
           6          45 -0.13087847858336665     
           6          46   3.5912564633620797E-013
           6          47   1.0792495620236809E-014
           6          48   1.5966722632157853E-013
           6          49   2.3096734598626478E-014
           6          50   7.3754736951805648E-015
           6          51  -1.9695628766740881E-015
           6          52   4.7030560881971060E-015
           6          53   1.6244709095305251E-013
           6          54   1.0811271069278473E-014
           6          55   1.4800460609457530E-014
           7           1  -1.2662850978389729E-013
           7           2   4.0019883509734757E-013
           7           3   4.7563540541107281E-013
           7           4   1.1332290423686626E-012
           7           5  -6.6554912469941055E-013
           7           6  -1.1157254252920256E-014
           7           7   2.5340371114821445     
           7           8   1.2961853812498643E-014
           7           9  -1.4280243654241310E-014
           7          10  -1.9602918726488083     
           7          11  -4.3187675657918362E-014
           7          12   3.9412917374194105E-014
           7          13   1.9991940131062329     
           7          14   6.8722805224296483E-014
           7          15  -8.9844798267791651E-014
           7          16  0.26835639605897621     
           7          17   1.7798262863521864E-014
           7          18   2.0719537197066877E-014
           7          19  -5.9401777245023907E-002
           7          20   1.1015494072452557E-015
           7          21   9.6493993351209595E-015
           7          22  -4.5181024357482215E-013
           7          23   1.6533889595645465E-013
           7          24  -5.7898433366169213E-013
           7          25  -6.2976607947307063E-014
           7          26  -4.0654951414592533E-014
           7          27  -6.0264140582822992E-013
           7          28  -9.0153935852826826E-014
           7          29  -4.8148942035205515E-014
           7          30  -2.7422248706661274E-014
           7          31   3.2181769309487878E-014
           7          32   1.9102739186402475E-014
           7          33  -4.0880231421850495E-014
           7          34   2.2227806582845564E-013
           7          35   4.0871025189152978E-014
           7          36   1.8687585885024017E-013
           7          37  -2.3668706954100804E-014
           7          38   2.6881093876365667E-015
           7          39   2.2136190268756284E-013
           7          40   1.4783370449952698E-014
           7          41  -1.8507577500547877E-015
           7          42   1.6743702734646010E-014
           7          43   8.1869913107507509E-015
           7          44  -1.4502017283782683E-015
           7          45   1.4858752007624621E-015
           7          46 -0.94533831350339947     
           7          47  -2.9504176879413522E-014
           7          48 -0.42276814614575509     
           7          49  -1.5737411374061095E-014
           7          50   2.1489754420400882E-014
           7          51  -5.1474619369090646E-016
           7          52  -1.9914625504213644E-014
           7          53 -0.42276814614578062     
           7          54  -3.1988300897012115E-014
           7          55   1.2184697695261506E-014
           8           1   2.2081433054703297E-013
           8           2  -7.0799008181366779E-013
           8           3  -2.1503409070062193E-013
           8           4  -1.0219874374111547E-012
           8           5   2.8168108132593793E-013
           8           6  -5.6140228966059174E-013
           8           7   1.2961853812498643E-014
           8           8   2.5340371114821663     
           8           9   2.2100377083947126E-015
           8          10  -6.6113781116427782E-014
           8          11  -1.9602918726489105     
           8          12  -3.6776137690720041E-015
           8          13   8.6708418223224347E-014
           8          14   1.9991940131064445     
           8          15   1.3572476476043509E-014
           8          16  -5.0653925498512354E-016
           8          17  0.26835639605894579     
           8          18  -1.0848093257020848E-014
           8          19   9.9573127521070581E-016
           8          20  -5.9401777245017412E-002
           8          21  -1.6620819304202523E-015
           8          22   4.5593090032457910E-013
           8          23  -5.5734758817648138E-014
           8          24   5.2259657458333509E-013
           8          25   3.0539042836311050E-014
           8          26   1.8136617426600348E-014
           8          27   4.8282325910633101E-013
           8          28   1.4323880004489824E-013
           8          29   1.6598377362877814E-014
           8          30   1.1784402515103824E-013
           8          31  -1.4385098737235056E-014
           8          32  -9.1257185103525299E-015
           8          33   1.3678945314988292E-013
           8          34   9.7506818539273501E-016
           8          35  -1.5476766162350644E-014
           8          36   2.0640971294114602E-014
           8          37   7.2521788975363397E-015
           8          38   3.9968281884856681E-015
           8          39  -1.2835385028598068E-015
           8          40   1.5025755145453971E-013
           8          41   8.2407434060099487E-016
           8          42   1.4743817559250455E-013
           8          43  -1.8682830653200715E-015
           8          44  -9.0979009812131880E-016
           8          45   1.5383923044158245E-013
           8          46  -4.9793502654438182E-014
           8          47 -0.42276814614577279     
           8          48  -1.4585554986012906E-014
           8          49 -0.94533831350353059     
           8          50   3.1051550219962956E-016
           8          51   2.7132447782831616E-015
           8          52   6.7584826624055292E-015
           8          53  -3.3167912860676252E-015
           8          54 -0.42276814614577285     
           8          55   4.0349668051216021E-015
           9           1  -4.7473261008989327E-014
           9           2   1.3912694651230371E-013
           9           3   1.8029521403758413E-013
           9           4   5.0658226979477409E-013
           9           5  -3.5789518201413204E-013
           9           6  -1.7812606602887111E-013
           9           7  -1.4280243654241310E-014
           9           8   2.2100377083947126E-015
           9           9   2.5340371114821560     
           9          10   7.0526917639314180E-014
           9          11  -1.5022705301960178E-014
           9          12  -1.9602918726489098     
           9          13  -4.8960835385970924E-014
           9          14   1.8526846723460644E-015
           9          15   1.9991940131064287     
           9          16  -1.1834283553113322E-014
           9          17  -3.5284275501362119E-015
           9          18  0.26835639605892292     
           9          19   4.9821258230054626E-015
           9          20   4.7852347084821533E-015
           9          21  -5.9401777245009890E-002
           9          22  -2.4426943280359968E-013
           9          23  -3.1343906120859940E-014
           9          24  -2.1673346500089102E-013
           9          25   5.4848310589065134E-014
           9          26   2.3776177646762748E-014
           9          27  -2.1971307775531637E-013
           9          28  -4.8707063274742674E-015
           9          29   9.8977207293118128E-015
           9          30  -3.3515574256624231E-015
           9          31  -2.4780293282568273E-014
           9          32  -1.3314393330507181E-014
           9          33  -2.0991783272839240E-014
           9          34   1.4828718161857566E-013
           9          35  -1.0263840848636321E-014
           9          36   1.5562905045091968E-013
           9          37   9.5036811091822073E-015
           9          38   2.6740624736694286E-015
           9          39   1.5453911270893041E-013
           9          40   5.3008408256317861E-014
           9          41   3.8257868047064191E-015
           9          42   4.4683431002009632E-014
           9          43  -2.1016409950721159E-015
           9          44   1.8755756981595126E-015
           9          45   5.3030040119573991E-014
           9          46   1.5529244556944680E-014
           9          47  -2.1944251971106657E-015
           9          48   1.4446777107935222E-014
           9          49  -1.6202317265643970E-015
           9          50 -0.42276814614575586     
           9          51   2.1503781551958114E-015
           9          52 -0.42276814614575925     
           9          53   1.4904744105592815E-014
           9          54   8.4810630740498084E-015
           9          55 -0.94533831350350972     
          10           1   3.1989761596855124E-014
          10           2  -1.0280580763284090E-013
          10           3  -1.4659420363381886E-012
          10           4  -2.2732512588688610E-012
          10           5   1.8674322492335533E-012
          10           6   8.6429237245750842E-013
          10           7  -1.9602918726488083     
          10           8  -6.6113781116427782E-014
          10           9   7.0526917639314180E-014
          10          10   6.7335469556579666     
          10          11   2.1782575743145460E-013
          10          12  -2.2148949341272378E-013
          10          13  -6.2421850673675774     
          10          14  -3.2129854332651687E-013
          10          15   4.8927528695231063E-013
          10          16 -0.77529010523424269     
          10          17  -8.5154105988748623E-014
          10          18  -1.0720591081536615E-013
          10          19  0.16874558072860366     
          10          20   2.9282132274489222E-015
          10          21  -3.0649094373558076E-014
          10          22   6.4247215613798672E-013
          10          23  -8.4985538507966068E-013
          10          24   1.2636381744748249E-012
          10          25   3.2121428509942352E-013
          10          26   1.9699075020763302E-013
          10          27   1.4364663149333415E-012
          10          28   1.1009489194460429E-013
          10          29   2.2348633136309705E-013
          10          30  -1.1109830502456621E-013
          10          31  -1.7155944937627781E-013
          10          32  -8.8867076795976835E-014
          10          33  -1.0318166052672279E-013
          10          34  -7.3525875372369199E-013
          10          35  -1.9045614124310594E-013
          10          36  -6.0357374592972912E-013
          10          37   9.7885068467700615E-014
          10          38  -2.2563825755688389E-014
          10          39  -7.5156087110699176E-013
          10          40  -2.9490166204176596E-013
          10          41   1.5996805095611487E-014
          10          42  -2.9983732799740657E-013
          10          43  -2.3299585829998416E-014
          10          44   2.5375666081067669E-014
          10          45  -2.2148883637433609E-013
          10          46   2.8770189531420707     
          10          47   1.0680345496894001E-013
          10          48   1.2866419903563762     
          10          49   6.5281113847956743E-014
          10          50  -1.0658141036401595E-013
          10          51   1.6047489096717923E-015
          10          52   8.0463413709707753E-014
          10          53   1.2866419903564881     
          10          54   1.8451906669269996E-013
          10          55  -7.1054273576012013E-014
          11           1  -5.9672047795774953E-014
          11           2   1.9077470319844877E-013
          11           3   3.3265824302812855E-014
          11           4   4.3327550202859737E-013
          11           5  -2.2297900384030593E-013
          11           6  -8.7291120886302156E-015
          11           7  -4.3187675657918362E-014
          11           8  -1.9602918726489105     
          11           9  -1.5022705301960178E-014
          11          10   2.1782575743145460E-013
          11          11   6.7335469556585270     
          11          12   4.4964032497323485E-014
          11          13  -3.3972824553529639E-013
          11          14  -6.2421850673686601     
          11          15  -1.1485257189747628E-013
          11          16   3.9412917374192647E-014
          11          17 -0.77529010523406872     
          11          18   4.6351811278099831E-014
          11          19  -1.6826817716975098E-014
          11          20  0.16874558072855392     
          11          21   7.2017045105176137E-015
          11          22   3.6721542011063036E-015
          11          23   2.8598073096404782E-013
          11          24  -3.0418091506502805E-013
          11          25  -1.4238989885880888E-013
          11          26  -7.6396999604631313E-014
          11          27  -1.2924391438249548E-013
          11          28  -5.7294726626474969E-014
          11          29  -7.8515121069045743E-014
          11          30   2.2741571320361141E-014
          11          31   7.3923123825265310E-014
          11          32   2.8515865038870693E-014
          11          33  -1.5183569407838178E-014
          11          34   7.7707005610451587E-014
          11          35   6.6201287854673778E-014
          11          36   1.7327027157558746E-014
          11          37  -2.7140593803545903E-014
          11          38  -1.8978307179602993E-016
          11          39   8.2495352035727806E-014
          11          40   1.9694085655426004E-014
          11          41  -2.9387835506651804E-016
          11          42   1.7548025199873455E-014
          11          43  -5.1141580701198420E-015
          11          44  -7.6968151138167493E-015
          11          45  -5.5189843901013745E-015
          11          46   1.9295676167985188E-013
          11          47   1.2866419903564585     
          11          48   3.7692071686023711E-014
          11          49   2.8770189531427404     
          11          50   1.5168422073942069E-014
          11          51  -3.2306989993214104E-015
          11          52  -3.3396896359505048E-014
          11          53  -4.4408920985007366E-015
          11          54   1.2866419903564454     
          11          55   7.1886940844496730E-015
          12           1   1.4226463586487156E-014
          12           2  -4.8612997682861568E-014
          12           3   2.8610828330455253E-014
          12           4   1.7367692208853814E-014
          12           5  -1.6327948798866449E-014
          12           6   2.1141087236860667E-014
          12           7   3.9412917374194105E-014
          12           8  -3.6776137690720041E-015
          12           9  -1.9602918726489098     
          12          10  -2.2148949341272378E-013
          12          11   4.4964032497323485E-014
          12          12   6.7335469556585679     
          12          13   1.5265566588596592E-013
          12          14  -2.5757174171316449E-014
          12          15  -6.2421850673686885     
          12          16   5.5122573172636971E-014
          12          17   1.0706713293726067E-014
          12          18 -0.77529010523401054     
          12          19  -1.9220736113823357E-014
          12          20  -1.0770030700602594E-014
          12          21  0.16874558072854690     
          12          22   7.0426756655018700E-014
          12          23   1.4974073909997586E-013
          12          24  -9.8368656223270574E-014
          12          25  -2.3786411354958669E-013
          12          26  -8.0371076036118746E-014
          12          27  -6.2694118936903275E-015
          12          28  -1.6558709713209722E-014
          12          29  -4.5520068905712920E-014
          12          30   2.3648583236439800E-014
          12          31   9.4545611078350965E-014
          12          32   2.9944029869958517E-014
          12          33   1.9458868724592400E-014
          12          34   6.1433919098523642E-015
          12          35   3.7374890022406009E-014
          12          36  -2.8370303201691601E-014
          12          37  -3.5004295109776198E-014
          12          38  -6.7400159804148479E-015
          12          39  -2.7646306595033067E-015
          12          40   1.3665022773062147E-015
          12          41  -2.6056644924230299E-015
          12          42   3.2434943811825713E-015
          12          43   1.9983669899721011E-015
          12          44  -4.1473060323798496E-015
          12          45  -7.9917957965847949E-015
          12          46  -5.4845017416484115E-014
          12          47   5.1902926401226321E-015
          12          48  -4.3409720262845299E-014
          12          49   2.5812685322544198E-014
          12          50   1.2866419903564541     
          12          51  -6.9309147226396134E-015
          12          52   1.2866419903564290     
          12          53  -5.9896532178527612E-014
          12          54  -2.4188984149016969E-014
          12          55   2.8770189531426742     
          13           1  -3.8319254684531573E-014
          13           2   1.3318852403742773E-013
          13           3   1.4149171947866164E-012
          13           4   2.0903911919172057E-012
          13           5  -1.7296187229399621E-012
          13           6  -7.8655596197234795E-013
          13           7   1.9991940131062329     
          13           8   8.6708418223224347E-014
          13           9  -4.8960835385970924E-014
          13          10  -6.2421850673675774     
          13          11  -3.3972824553529639E-013
          13          12   1.5265566588596592E-013
          13          13   5.8035406521616544     
          13          14   4.2343906159203021E-013
          13          15  -4.0178971261184981E-013
          13          16  0.72266808728937593     
          13          17   9.4035890185749648E-014
          13          18   1.0427769758791712E-013
          13          19 -0.15738414713769722     
          13          20  -5.9466320756486138E-015
          13          21   2.7214341891123960E-014
          13          22  -6.0617326440756401E-013
          13          23   7.8291811042597283E-013
          13          24  -1.1856065980885563E-012
          13          25  -3.1069482923787531E-013
          13          26  -1.8734169423442921E-013
          13          27  -1.3416343582966746E-012
          13          28  -1.0127694868046697E-013
          13          29  -2.0650617261976722E-013
          13          30   1.0647937847860865E-013
          13          31   1.6264818095963570E-013
          13          32   8.3847497750618323E-014
          13          33   9.7533621760560325E-014
          13          34   6.7932341347495971E-013
          13          35   1.7557837102096531E-013
          13          36   5.5633571760446641E-013
          13          37  -9.2471158227573045E-014
          13          38   1.9690856900527972E-014
          13          39   6.9296468102928241E-013
          13          40   2.6873253511029960E-013
          13          41  -1.4689635493195391E-014
          13          42   2.7374023943188273E-013
          13          43   2.2434786831368544E-014
          13          44  -2.2692819190638928E-014
          13          45   2.0173185535998870E-013
          13          46  -2.6770639413739232     
          13          47  -1.2517764602648635E-013
          13          48  -1.1972193906052910     
          13          49  -1.1901590823981355E-013
          13          50   8.8262730457701220E-014
          13          51  -1.4920549327631697E-015
          13          52  -8.3905105086045549E-014
          13          53  -1.1972193906053941     
          13          54  -1.9545476348525747E-013
          13          55   4.3409720262846315E-014
          14           1   6.7361423639341527E-014
          14           2  -2.2811769385815500E-013
          14           3  -5.5081055792809927E-014
          14           4  -4.5915391676913211E-013
          14           5   2.1815018743055398E-013
          14           6  -3.9429922053108789E-014
          14           7   6.8722805224296483E-014
          14           8   1.9991940131064445     
          14           9   1.8526846723460644E-015
          14          10  -3.2129854332651687E-013
          14          11  -6.2421850673686601     
          14          12  -2.5757174171316449E-014
          14          13   4.2343906159203021E-013
          14          14   5.8035406521631696     
          14          15   9.0510932082576464E-014
          14          16  -2.1982415887576976E-014
          14          17  0.72266808728928089     
          14          18  -4.4565046097842906E-014
          14          19   1.2288781103819922E-014
          14          20 -0.15738414713766583     
          14          21  -6.2224531083285073E-015
          14          22   1.1634245699025235E-014
          14          23  -2.7296148878333561E-013
          14          24   3.2592335427522358E-013
          14          25   1.8510008674395640E-013
          14          26   1.0570587029696462E-013
          14          27   1.5906508012443010E-013
          14          28   6.8384339050095232E-014
          14          29   7.5674841685101993E-014
          14          30  -1.6356103871265420E-014
          14          31  -8.5918342690719525E-014
          14          32  -3.8274836267427650E-014
          14          33   2.1442369631747408E-014
          14          34  -7.0241220126014579E-014
          14          35  -6.2455727184106112E-014
          14          36  -9.7862426007423968E-015
          14          37   3.2577285142551736E-014
          14          38   5.4140935512117548E-015
          14          39  -7.1263189043649975E-014
          14          40  -4.2045617751932799E-015
          14          41   8.0659533391350778E-016
          14          42  -3.9237784299759582E-015
          14          43   2.0066255160594785E-015
          14          44   5.2640132883857408E-015
          14          45   1.7687030559193831E-014
          14          46  -2.2881696537524370E-013
          14          47  -1.1972193906054742     
          14          48  -5.7787108431738363E-014
          14          49  -2.6770639413747777     
          14          50  -1.0651202142499979E-014
          14          51   3.1592298311084260E-015
          14          52   3.3639757646141031E-014
          14          53  -1.8873791418627235E-014
          14          54  -1.1972193906054622     
          14          55   1.0269562977733189E-015
          15           1  -1.8400264932849836E-014
          15           2   5.6964437026895165E-014
          15           3  -3.1922701282319047E-014
          15           4   6.1769298844490163E-014
          15           5  -2.5485720884248326E-014
          15           6  -3.1441719137570731E-014
          15           7  -8.9844798267791651E-014
          15           8   1.3572476476043509E-014
          15           9   1.9991940131064287     
          15          10   4.8927528695231063E-013
          15          11  -1.1485257189747628E-013
          15          12  -6.2421850673686885     
          15          13  -4.0178971261184981E-013
          15          14   9.0510932082576464E-014
