           1           1   2.2365406547473956     
           1           2 -0.79678865818889810     
           1           3  0.14942471894848641     
           1           4  0.15588767766371234     
           1           5   2.4075276970086525E-002
           1           6  -9.3612199956565237E-002
           1           7   9.5916053428508508E-002
           1           8  -7.5282378875553864E-011
           1           9   1.0400266094692694E-010
           1          10  -1.8394467743919663E-011
           1          11   1.1230560179507349E-010
           1          12  -1.7091409209546834E-010
           1          13   1.0889090789137968E-010
           1          14  -7.8391629684960235E-011
           1          15   1.1784714142185693E-010
           1          16  -1.7146166446072248E-011
           1          17  -2.2345136497330034E-010
           1          18   3.1333988788075852E-010
           1          19  -1.4210476165273945E-011
           1          20  -1.0804428899215458E-010
           1          21   1.5214260304369224E-010
           1          22   9.3296902764456546E-012
           1          23   3.2382775635912439E-012
           1          24   9.6746397234206278E-013
           1          25   9.7346063383453666E-014
           1          26  -6.8881061813936030E-003
           1          27   4.1123598676911160E-004
           1          28  -7.0724794577866554E-003
           1          29   1.1514301968089291E-004
           1          30   8.9133722029552278E-005
           1          31  -7.3265583220463049E-003
           1          32  -1.5219779335381305E-002
           1          33  -2.2910571231776977E-004
           1          34  -1.5117062219199253E-002
           1          35  -6.4147780776330438E-005
           1          36  -4.9657698743219463E-005
           1          37  -1.4975511111793998E-002
           1          38  -8.1856061608553098E-003
           1          39   2.3829787763833326E-004
           1          40  -8.2924448897552100E-003
           1          41   6.6721564603454755E-005
           1          42   5.1649708009890021E-005
           1          43  -8.4396749736734451E-003
           1          44  -5.0616644593299807E-003
           1          45  -5.7387117692524973E-004
           1          46  -4.8043748219601164E-003
           1          47  -1.6067895732328736E-004
           1          48  -1.2438320468466439E-004
           1          49  -4.4498132463575684E-003
           1          50  -2.6916897129855455E-002
           1          51  -1.8244144991103807E-004
           1          52  -2.6835101049122366E-002
           1          53  -5.1082108878360791E-005
           1          54  -3.9543021330425440E-005
           1          55  -2.6722381377776633E-002
           1          56  -2.3428229156270986E-011
           1          57   2.0347849040985302E-011
           1          58  -2.6237918136223833E-011
           1          59   1.1452588830265500E-012
           1          60   4.5095866676286386E-012
           1          61  -1.0617884245715159E-011
           1          62  -6.4230079916975165E-012
           1          63  -1.8868814574083755E-013
           1          64  -2.2277684686903578E-012
           1          65   3.0991921988268805E-012
           2           1 -0.79678865818889810     
           2           2   2.6810596666287774     
           2           3 -0.58884630628893386     
           2           4 -0.52522030418353016     
           2           5  -9.1792065810462398E-002
           2           6  0.26409952725195807     
           2           7 -0.27569866427562228     
           2           8   2.9852391920219144E-010
           2           9  -4.5636689470225031E-010
           2          10   2.6024565977171300E-010
           2          11  -4.9958819809993395E-010
           2          12   8.6454592567120622E-010
           2          13  -7.6338153758261330E-010
           2          14   4.3411615097633044E-010
           2          15  -5.4701579100031603E-010
           2          16  -1.4092215832702031E-010
           2          17   1.0771095122120465E-009
           2          18  -1.3541527721217847E-009
           2          19  -3.0581311488786768E-010
           2          20   5.2956356748883244E-010
           2          21  -6.6461462821957996E-010
           2          22  -2.0476056690048774E-010
           2          23  -8.9659010665803489E-012
           2          24  -4.0370961021683203E-012
           2          25  -1.3959253045719256E-012
           2          26  -1.0697178827858949E-003
           2          27  -7.4407344523142436E-004
           2          28  -7.3612032801062500E-004
           2          29  -2.0833465295751430E-004
           2          30  -1.6127460870863259E-004
           2          31  -2.7639952386418443E-004
           2          32   4.6848699353363880E-002
           2          33   9.8140681236927037E-004
           2          34   4.6408695935702224E-002
           2          35   2.7478633708707961E-004
           2          36   2.1271587026810312E-004
           2          37   4.5802341901725385E-002
           2          38   3.4790371155011789E-002
           2          39  -9.2535539557820593E-004
           2          40   3.5205245857494072E-002
           2          41  -2.5909229091451963E-004
           2          42  -2.0056559984518902E-004
           2          43   3.5776968134511006E-002
           2          44   1.8552039849497218E-002
           2          45   1.8233162517805733E-003
           2          46   1.7734573547866343E-002
           2          47   5.1051280592288970E-004
           2          48   3.9519317173992096E-004
           2          49   1.6608052629419452E-002
           2          50   7.7580936767456393E-002
           2          51   5.6086493851287310E-004
           2          52   7.7329477690943976E-002
           2          53   1.5703757543846387E-004
           2          54   1.2156387314060565E-004
           2          55   7.6982952786604594E-002
           2          56   6.4185008433028172E-011
           2          57  -7.9071889078710038E-011
           2          58   9.7252455540096520E-011
           2          59  -3.3784324019585750E-012
           2          60  -1.3558131361446999E-011
           2          61   4.2525081723260993E-011
           2          62   2.8757943705466321E-011
           2          63   1.1606084688088981E-011
           2          64   4.6318068890025470E-012
           2          65  -1.9205571824675270E-011
           3           1  0.14942471894848641     
           3           2 -0.58884630628893386     
           3           3  0.88003705000402843     
           3           4  0.66998629166027546     
           3           5   5.3992606246551795E-003
           3           6 -0.55211523213598901     
           3           7  0.45739449283248945     
           3           8  -3.7181930006522789E-010
           3           9   3.6638177533188774E-010
           3          10   3.1418192590242969E-010
           3          11   1.5310406355395504E-009
           3          12  -1.6490787630203289E-009
           3          13  -6.3129664329257372E-010
           3          14  -1.1890984797030796E-009
           3          15   1.7441907324486805E-009
           3          16  -3.7932336780283718E-010
           3          17  -2.8537204273647531E-009
           3          18   3.9915642042626448E-009
           3          19  -5.0989521629622899E-010
           3          20  -1.3583993043023802E-009
           3          21   1.9321533845496248E-009
           3          22  -1.4511064043408591E-010
           3          23   1.7131589613179517E-011
           3          24   1.4845386733116278E-011
           3          25   8.3926715884379737E-014
           3          26   1.3425755498172581E-002
           3          27   4.0335901466603844E-003
           3          28   1.1617338582487006E-002
           3          29   1.1293734238099935E-003
           3          30   8.7426226735811232E-004
           3          31   9.1252188459203173E-003
           3          32  -6.3969294506595539E-002
           3          33  -7.8362207942439565E-004
           3          34  -6.3617963284465284E-002
           3          35  -2.1940883782759673E-004
           3          36  -1.6984755638273360E-004
           3          37  -6.3133809606661179E-002
           3          38  -4.9739934635034434E-002
           3          39   1.0431237636608819E-003
           3          40  -5.0207612395747961E-002
           3          41   2.9206739548545560E-004
           3          42   2.2609088754355945E-004
           3          43  -5.0852094769168271E-002
           3          44  -2.2327434590241807E-002
           3          45  -4.0468624211699826E-003
           3          46  -2.0513061736582534E-002
           3          47  -1.1330864605625963E-003
           3          48  -8.7713341141665898E-004
           3          49  -1.8012741499342663E-002
           3          50 -0.13024554609928207     
           3          51  -1.3812443592191529E-003
           3          52 -0.12962627719293948     
           3          53  -3.8673704083162466E-004
           3          54  -2.9937599651957557E-004
           3          55 -0.12877288862445413     
           3          56  -9.8460526442307117E-011
           3          57   1.5176532368740560E-010
           3          58  -2.4266483250147190E-010
           3          59  -2.8714261544809199E-011
           3          60   4.6917557022339618E-011
           3          61  -7.2331096310269641E-011
           3          62  -5.1381557980081829E-011
           3          63   1.0758825728551652E-011
           3          64  -3.2691488799491309E-012
           3          65   3.1629728639019647E-012
           4           1  0.15588767766371234     
           4           2 -0.52522030418353016     
           4           3  0.66998629166027546     
           4           4  0.51447374612289121     
           4           5  -6.0345227642954590E-003
           4           6 -0.46397861715279909     
           4           7  0.38129858004757289     
           4           8  -1.9232924436579461E-009
           4           9   2.5594078578727073E-009
           4          10  -6.4839008219279161E-010
           4          11   5.6737485487728496E-009
           4          12  -7.1395157797812211E-009
           4          13  -3.7722933483911418E-010
           4          14  -4.5126256127401889E-009
           4          15   4.9120551134191077E-009
           4          16   3.3270318326365856E-009
           4          17  -9.4530804986953603E-009
           4          18   1.0357020835586139E-008
           4          19   6.6149647852456360E-009
           4          20  -4.6288401408792741E-009
           4          21   5.0658789727213122E-009
           4          22   3.3428695200539930E-009
           4          23  -1.4573827538435390E-011
           4          24   3.7652293497365820E-011
           4          25   2.6519450193115901E-011
           4          26   7.7337145134320669E-003
           4          27  -2.6806728201030647E-004
           4          28   7.8538983578435757E-003
           4          29  -7.5063147837419440E-005
           4          30  -5.8105908785732459E-005
           4          31   8.0195129917362117E-003
           4          32  -5.3203630648623740E-002
           4          33  -1.2807070465762464E-003
           4          34  -5.2629437744985991E-002
           4          35  -3.5858980624537518E-004
           4          36  -2.7758892063636559E-004
           4          37  -5.1838165805356246E-002
           4          38  -4.0235677813827517E-002
           4          39   1.0370886154367053E-003
           4          40  -4.0700649313581069E-002
           4          41   2.9037738132868182E-004
           4          42   2.2478266325962298E-004
           4          43  -4.1341403135412014E-002
           4          44  -1.8351898961733927E-002
           4          45  -3.2415894077845279E-003
           4          46  -1.6898562906234562E-002
           4          47  -9.0761708432377224E-004
           4          48  -7.0259540309959730E-004
           4          49  -1.4895773967603729E-002
           4          50 -0.10859736254406042     
           4          51  -1.1419068829141956E-003
           4          52 -0.10808539846570306     
           4          53  -3.1972452085457200E-004
           4          54  -2.4750109767686271E-004
           4          55 -0.10737988230437490     
           4          56   1.6056380523116741E-010
           4          57   3.0099090376614070E-010
           4          58  -4.5676111994109462E-010
           4          59  -9.9538476994226453E-011
           4          60  -1.9513631484674254E-012
           4          61  -2.3854086422530173E-010
           4          62  -1.4608677757798026E-010
           4          63  -1.4032810074465124E-010
           4          64   6.1168125898645325E-012
           4          65   1.3450448293513279E-010
           5           1   2.4075276970086525E-002
           5           2  -9.1792065810462398E-002
           5           3   5.3992606246551795E-003
           5           4  -6.0345227642954590E-003
           5           5  0.11284432276214862     
           5           6  0.39270849113269385     
           5           7 -0.28124939713004105     
           5           8   4.9360289732259940E-010
           5           9  -8.7795092588960839E-010
           5          10   9.1460479004021883E-010
           5          11  -1.1766181637641419E-009
           5          12   1.8950571651629516E-009
           5          13  -1.5848291272935881E-009
           5          14   5.4206458554102052E-010
           5          15  -7.7638625496956845E-010
           5          16   7.8971055230984016E-011
           5          17   1.4548685214520916E-009
           5          18  -1.9630647124537578E-009
           5          19   9.2898921648568124E-011
           5          20   6.6803123722939065E-010
           5          21  -9.0450983457309705E-010
           5          22  -8.4800730850701069E-012
           5          23  -1.1935739422711454E-011
           5          24  -7.7744571379613430E-012
           5          25  -2.5208800974588653E-012
           5          26   3.2188915000773959E-003
           5          27  -1.6922983622419583E-003
           5          28   3.9776167626066096E-003
           5          29  -4.7382980278493927E-004
           5          30  -3.6679972719996161E-004
           5          31   5.0231945618902782E-003
           5          32   3.3103300147911165E-002
           5          33  -1.8375865332006191E-005
           5          34   3.3111538724159041E-002
           5          35  -5.1449249166895295E-006
           5          36  -3.9828357921225873E-006
           5          37   3.3122893439729295E-002
           5          38   1.9431888584947106E-002
           5          39  -1.0863085092305876E-004
           5          40   1.9480594425639521E-002
           5          41  -3.0416605364544857E-005
           5          42  -2.3544264893503308E-005
           5          43   1.9547708568508682E-002
           5          44   1.0692703547449183E-002
           5          45   2.7932664995835655E-003
           5          46   9.4403687962449287E-003
           5          47   7.8209022780028540E-004
           5          48   6.0542359560556108E-004
           5          49   7.7145724035803265E-003
           5          50   8.0827546087049673E-002
           5          51   1.0997354149165687E-003
           5          52   8.0334489278358706E-002
           5          53   3.0791690401557511E-004
           5          54   2.3836084026603797E-004
           5          55   7.9655028242643977E-002
           5          56   8.5226143229771932E-011
           5          57  -6.5481378716714400E-011
           5          58   1.3933630537905612E-010
           5          59   2.9544102956658578E-011
           5          60  -1.4460142054728582E-012
           5          61   5.9023636010648721E-011
           5          62   2.2403509876395505E-011
           5          63  -2.8474348622192929E-011
           5          64   2.1416414568840191E-011
           5          65   3.1060809519952061E-011
           6           1  -9.3612199956565237E-002
           6           2  0.26409952725195807     
           6           3 -0.55211523213598901     
           6           4 -0.46397861715279909     
           6           5  0.39270849113269385     
           6           6   1.7561469482190124     
           6           7  -1.3021589597151182     
           6           8   1.6025199338623156E-008
           6           9  -1.9654273133569750E-008
           6          10  -2.8804809745962166E-009
           6          11  -4.7945367247327584E-008
           6          12   5.5460955431082448E-008
           6          13   2.1383038820142588E-008
           6          14   3.5952022862888905E-008
           6          15  -3.9375893437930384E-008
           6          16  -2.5748495417111712E-008
           6          17   7.3899146864171169E-008
           6          18  -8.1061652531821438E-008
           6          19  -5.1741880863584629E-008
           6          20   3.6213488923555411E-008
           6          21  -3.9680278780253377E-008
           6          22  -2.5726413533594544E-008
           6          23   2.0353286773467222E-010
           6          24  -3.0561587485500884E-010
           6          25  -2.0770205593579679E-010
           6          26   5.4568050384878677E-003
           6          27  -4.8361439143062707E-003
           6          28   7.6250505736243871E-003
           6          29  -1.3540704397710145E-003
           6          30  -1.0482160602560190E-003
           6          31   1.0613053983881885E-002
           6          32  0.16090580699829893     
           6          33   1.2153657138095765E-003
           6          34  0.16036091054408386     
           6          35   3.4029603280635499E-004
           6          36   2.6342628550141958E-004
           6          37  0.15961001479174369     
           6          38  0.10203648656376166     
           6          39  -1.1706247186771372E-003
           6          40  0.10256133488232455     
           6          41  -3.2776923393474603E-004
           6          42  -2.5372297522048646E-004
           6          43  0.10328458454206103     
           6          44   5.3138887991564403E-002
           6          45   1.2548187003991138E-002
           6          46   4.7513026554459652E-002
           6          47   3.5133831743559946E-003
           6          48   2.7197439903863261E-003
           6          49   3.9760234043079073E-002
           6          50  0.37334885905289156     
           6          51   4.7868318958475620E-003
           6          52  0.37120272452983238     
           6          53   1.3402736358967668E-003
           6          54   1.0375160361692365E-003
           6          55  0.36824522615509503     
           6          56  -1.9566520415268086E-009
           6          57  -1.9510129464981379E-009
           6          58   3.2436753318458297E-009
           6          59   9.1073575430919005E-010
           6          60   3.4298488170612341E-011
           6          61   1.6239222447521685E-009
           6          62   1.0256873737494253E-009
           6          63   1.1329908811474544E-009
           6          64  -1.4954055005009008E-010
           6          65  -9.7516798234959945E-010
           7           1   9.5916053428508508E-002
           7           2 -0.27569866427562228     
           7           3  0.45739449283248945     
           7           4  0.38129858004757289     
           7           5 -0.28124939713004105     
           7           6  -1.3021589597151182     
           7           7  0.96971667658045257     
           7           8  -1.9153151587323098E-008
           7           9   2.3840100230864034E-008
           7          10   2.2622698616708119E-009
           7          11   5.8430071916243586E-008
           7          12  -6.9623747804244189E-008
           7          13  -1.8916436984400789E-008
           7          14  -4.5538734793637998E-008
           7          15   5.2538463857905048E-008
           7          16   2.2660914587371651E-008
           7          17  -9.2673163203587116E-008
           7          18   1.0695833409955136E-007
           7          19   4.5450368891608001E-008
           7          20  -4.5528402655531740E-008
           7          21   5.2496350892429812E-008
           7          22   2.2554580020663032E-008
           7          23  -2.9852065427331298E-010
           7          24   4.0058433818455830E-010
           7          25   1.8031585636216972E-010
           7          26  -2.7944923385718251E-003
           7          27   4.5440327014077365E-003
           7          28  -4.8317725580100659E-003
           7          29   1.2722816754439771E-003
           7          30   9.8490129050604744E-004
           7          31  -7.6392957787358466E-003
           7          32 -0.12038959059151622     
           7          33  -7.6690597861188772E-004
           7          34 -0.12004575681089272     
           7          35  -2.1473063675557416E-004
           7          36  -1.6622436872919765E-004
           7          37 -0.11957193749392664     
           7          38  -7.6981844074983957E-002
           7          39   9.5421414755126645E-004
           7          40  -7.7409664217685331E-002
           7          41   2.6717504256571802E-004
           7          42   2.0681806899581871E-004
           7          43  -7.7999209204490993E-002
           7          44  -3.9884015781711128E-002
           7          45  -9.2578533948336379E-003
           7          46  -3.5733344462304070E-002
           7          47  -2.5921184402507569E-003
           7          48  -2.0065840094720096E-003
           7          49  -3.0013457165203067E-002
           7          50 -0.27795081515208875     
           7          51  -3.5385986456719322E-003
           7          52 -0.27636431515978166     
           7          53  -9.9077856502751381E-004
           7          54  -7.6696924108715452E-004
           7          55 -0.27417802576869332     
           7          56   2.7710942619719739E-009
           7          57   2.2590905104694935E-009
           7          58  -4.1354594250722781E-009
           7          59  -1.1926076750265024E-009
           7          60   2.9049753186274259E-010
           7          61  -1.4894459549930330E-009
           7          62  -1.2188604086791665E-009
           7          63  -1.2806970446013590E-009
           7          64   5.0277907379958299E-010
           7          65   8.6542085087899371E-010
           8           1  -7.5282378875553864E-011
           8           2   2.9852391920219144E-010
           8           3  -3.7181930006522789E-010
           8           4  -1.9232924436579461E-009
           8           5   4.9360289732259940E-010
           8           6   1.6025199338623156E-008
           8           7  -1.9153151587323098E-008
           8           8   2.3285880327321773     
           8           9   4.7037604070956276E-003
           8          10   1.3168868352471785E-003
           8          11 -0.88985139373729671     
           8          12  -1.5443295104680439E-002
           8          13  -4.3240106459178900E-003
           8          14   1.0112891977744117E-002
           8          15   1.3569569203643099E-002
           8          16   3.7993619950807884E-003
           8          17   7.5837895652803550E-002
           8          18   2.4471401786546318E-002
           8          19   6.8517893853810904E-003
           8          20   5.4009579493478024E-002
           8          21   1.7171267442959937E-002
           8          22   4.8078105593557779E-003
           8          23   1.9168200372316826E-003
           8          24   1.7263811620383380E-003
           8          25   4.8337302143111236E-004
           8          26   1.5454810609574965E-010
           8          27  -4.2687706947420968E-010
           8          28   3.6290281156427248E-010
           8          29   5.2881909174840372E-010
           8          30   3.8782081850525345E-010
           8          31  -1.6155704406760225E-010
           8          32   6.8142673150696798E-010
           8          33  -8.9486302242909958E-010
           8          34  -9.9860191787324018E-010
           8          35  -1.2767440218550676E-010
           8          36  -3.9139199626587903E-010
           8          37   2.6100172815568517E-011
           8          38  -3.3392442221826454E-009
           8          39   1.6293911632073933E-009
           8          40   4.2945777436629362E-010
           8          41  -6.3165242994042012E-011
           8          42   6.4042685087544459E-010
           8          43  -1.1254854568223981E-009
           8          44  -5.4138724128599116E-010
           8          45  -3.1943792160168096E-010
           8          46  -3.9846955106504842E-009
           8          47   4.0632935922531576E-010
           8          48  -9.2817314501933179E-010
           8          49  -1.0792568876334772E-011
           8          50   4.0459129681078363E-009
           8          51  -1.1073824775019000E-010
           8          52   7.6292560634910227E-009
           8          53   1.1762875691647732E-009
           8          54   4.9351398750596502E-010
           8          55   5.2364723670499756E-009
           8          56   1.0358225541129470E-002
           8          57  -2.1749513641332848E-003
           8          58   5.3850408905662551E-003
           8          59  -8.7786784114147988E-004
           8          60  -6.0896695661062118E-004
           8          61  -1.4360681212844656E-004
           8          62  -5.0742139925803647E-005
           8          63   5.7943999527323379E-003
           8          64  -4.7342052528011585E-004
           8          65  -3.0677480128144099E-004
           9           1   1.0400266094692694E-010
           9           2  -4.5636689470225031E-010
           9           3   3.6638177533188774E-010
           9           4   2.5594078578727073E-009
           9           5  -8.7795092588960839E-010
           9           6  -1.9654273133569750E-008
           9           7   2.3840100230864034E-008
           9           8   4.7037604070956276E-003
           9           9   2.3261531744674491     
           9          10   1.0194428892641926E-003
           9          11  -1.5443295294032633E-002
           9          12 -0.88185642438303569     
           9          13  -3.3472572439302876E-003
           9          14   1.3569567647645013E-002
           9          15   3.0879237394439169E-003
           9          16   2.9411236035004735E-003
           9          17   2.4471407835569343E-002
           9          18   6.3169054053839435E-002
           9          19   5.3040180826561169E-003
           9          20   1.7171265054770651E-002
           9          21   4.5120013569234660E-002
           9          22   3.7217739228244807E-003
           9          23   1.7263826017920167E-003
           9          24   1.0230724536635424E-003
           9          25   3.7418361651447591E-004
           9          26  -6.6850049384689311E-010
           9          27   5.2215703136988749E-010
           9          28   2.2805663873501677E-010
           9          29  -4.6902270001716269E-010
           9          30  -1.4997413115986769E-010
           9          31   2.4415526601808626E-010
           9          32  -8.8883354281029802E-010
           9          33   1.1215193899360323E-009
           9          34   9.1483592186826200E-010
           9          35  -3.4269231402180780E-010
           9          36   6.3787988419869482E-010
           9          37   1.0789412471851851E-010
           9          38   4.4647904964509774E-009
           9          39  -1.9660989303066384E-009
           9          40  -3.1047718468542334E-010
           9          41   2.0157380926362440E-010
           9          42  -9.4412706774948754E-010
           9          43   1.1094298800913049E-009
           9          44   7.8828108038391752E-010
           9          45   3.9084202310605541E-010
           9          46   4.5398837566187492E-009
           9          47  -4.4634779021278383E-010
           9          48   1.1608963585542327E-009
           9          49   1.5515400438284921E-010
           9          50  -4.8499414109270327E-009
           9          51   2.3762003674179997E-011
           9          52  -9.1413485107783379E-009
           9          53  -1.6412115043190078E-009
           9          54  -6.7663350336816194E-010
           9          55  -6.9417497925602109E-009
           9          56  -7.1983014514160584E-004
           9          57   5.0720398787077346E-003
           9          58  -2.3869834527501812E-003
           9          59   1.1885246345311819E-002
           9          60   6.6776464625429723E-006
           9          61  -2.5406385923151998E-004
           9          62  -5.1736237510503335E-004
           9          63  -4.7342239808280319E-004
           9          64   6.0394916395271059E-003
           9          65  -2.3747360796711917E-004
          10           1  -1.8394467743919663E-011
          10           2   2.6024565977171300E-010
          10           3   3.1418192590242969E-010
          10           4  -6.4839008219279161E-010
          10           5   9.1460479004021883E-010
          10           6  -2.8804809745962166E-009
          10           7   2.2622698616708119E-009
          10           8   1.3168868352471785E-003
          10           9   1.0194428892641926E-003
          10          10   2.3227972556168206     
          10          11  -4.3240106629053874E-003
          10          12  -3.3472572664870509E-003
          10          13 -0.87083883180476052     
          10          14   3.7993632674131641E-003
          10          15   2.9411209408734475E-003
          10          16  -6.5929128889909341E-003
          10          17   6.8517835907936477E-003
          10          18   5.3040270723299547E-003
          10          19   4.5710614470567089E-002
          10          20   4.8078162741137468E-003
          10          21   3.7217673149684241E-003
          10          22   3.2869655501959645E-002
          10          23   4.8337168277910313E-004
          10          24   3.7418257732743985E-004
          10          25  -2.0856241944397508E-004
          10          26   7.1574482668157768E-010
          10          27   1.8088931273601936E-010
          10          28  -6.8862429622693586E-010
          10          29  -2.2563598298516971E-010
          10          30   3.3426904286010134E-010
          10          31  -5.7730285631976818E-010
          10          32   7.2160793198411774E-010
          10          33  -2.7331501928283889E-010
          10          34   7.4431536242758534E-010
          10          35   5.6009313382954428E-010
          10          36  -7.7951665348701066E-010
          10          37  -3.1797933621029956E-010
          10          38  -7.4204863341470459E-010
          10          39  -3.8821612185425900E-010
          10          40  -8.1598593906502038E-010
          10          41   1.7402063720212257E-010
          10          42   6.8764621751605511E-010
          10          43   8.0773501003315365E-010
          10          44   1.0121663544422028E-009
          10          45  -1.3701550788623286E-010
          10          46   8.9137972308356748E-010
          10          47  -2.7657715629139079E-010
          10          48  -6.7178822210974638E-011
          10          49  -7.2549826140526543E-010
          10          50  -9.8666732758295050E-010
          10          51   3.9830631649415316E-010
          10          52  -2.6350163513575485E-009
          10          53   5.9170552231472858E-010
          10          54   1.1800113164809624E-010
          10          55   7.7954768549978220E-010
          10          56  -2.0154304049100101E-004
          10          57   6.6758710788006903E-006
          10          58  -5.0741637976913818E-005
          10          59  -1.9027207659460892E-004
          10          60   5.0500627565681442E-003
          10          61  -1.2447924054041872E-003
          10          62   5.6081562099600654E-003
          10          63  -7.5014640543364080E-004
          10          64  -5.8069436997774601E-004
          10          65   1.4257690938491685E-002
          11           1   1.1230560179507349E-010
          11           2  -4.9958819809993395E-010
          11           3   1.5310406355395504E-009
          11           4   5.6737485487728496E-009
          11           5  -1.1766181637641419E-009
          11           6  -4.7945367247327584E-008
          11           7   5.8430071916243586E-008
          11           8 -0.88985139373729671     
          11           9  -1.5443295294032633E-002
          11          10  -4.3240106629053874E-003
          11          11   2.4251619612177846     
          11          12   5.0568710660683115E-002
          11          13   1.4158853577063911E-002
          11          14  -8.1530911712682841E-002
          11          15  -4.3867998004499323E-002
          11          16  -1.2282660655677907E-002
          11          17 -0.29706736673285694     
          11          18  -7.9333373871286333E-002
          11          19  -2.2212686853305068E-002
          11          20 -0.16919690988161559     
          11          21  -5.6999195562259512E-002
          11          22  -1.5959294547865738E-002
          11          23  -8.2024617938460907E-003
          11          24  -5.6256549663536966E-003
          11          25  -1.5751390064238412E-003
          11          26  -5.0184670152507244E-010
          11          27   1.3145415818369116E-009
          11          28  -1.0760864353492060E-009
          11          29  -1.5545903460630552E-009
          11          30  -1.1595555704206892E-009
          11          31   1.4817229789202660E-011
          11          32  -2.1915869983770619E-009
          11          33   2.8002711416052676E-009
          11          34   2.7862013427345887E-009
          11          35   2.2545060369193891E-010
          11          36   1.0712051014530618E-009
          11          37  -2.2813703473633181E-010
          11          38   9.9577387646678818E-009
          11          39  -5.0644511876823069E-009
          11          40  -1.6217244797659585E-009
          11          41   2.1120201233454188E-010
          11          42  -2.0714331082295528E-009
          11          43   2.9001810412215111E-009
          11          44   1.6723409527745527E-009
          11          45   8.1115903148347340E-010
          11          46   1.2572500136067898E-008
          11          47  -1.3513077543548092E-009
          11          48   3.1577493469012648E-009
          11          49  -3.3576531790732953E-010
          11          50  -1.2087114907059113E-008
          11          51   4.3745312971317767E-010
          11          52  -2.3670685077966434E-008
          11          53  -3.7975949389927997E-009
          11          54  -1.7994766623643943E-009
          11          55  -1.6078804843759557E-008
          11          56   2.2014314307608712E-003
          11          57   6.8096139730145309E-003
          11          58  -1.5311990562698783E-003
          11          59   1.7570805998377553E-003
          11          60   1.9066323297121136E-003
          11          61   4.9303359402117430E-004
          11          62   2.5728631571722202E-005
          11          63  -2.9366200216531420E-003
          11          64   1.0511366484098287E-003
          11          65   6.9215897696463474E-004
          12           1  -1.7091409209546834E-010
          12           2   8.6454592567120622E-010
          12           3  -1.6490787630203289E-009
          12           4  -7.1395157797812211E-009
          12           5   1.8950571651629516E-009
          12           6   5.5460955431082448E-008
          12           7  -6.9623747804244189E-008
          12           8  -1.5443295104680439E-002
          12           9 -0.88185642438303569     
          12          10  -3.3472572664870509E-003
          12          11   5.0568710660683115E-002
          12          12   2.3989826178970732     
          12          13   1.0960501436956788E-002
          12          14  -4.3867992580739291E-002
          12          15  -5.8820448149758842E-002
          12          16  -9.5081291666102262E-003
          12          17  -7.9333392828136243E-002
          12          18 -0.25599649903987665     
          12          19  -1.7194997945689027E-002
          12          20  -5.6999187198957794E-002
          12          21 -0.13968842267518955     
          12          22  -1.2354248164281607E-002
          12          23  -5.6256598777950917E-003
          12          24  -5.2900604443533910E-003
          12          25  -1.2193298209251125E-003
          12          26   2.4434707376597696E-009
          12          27  -1.8259485765373131E-009
          12          28  -6.8211740671072277E-010
          12          29   1.2850375677936649E-009
          12          30   3.7669886703646445E-010
          12          31  -3.4270145682492683E-010
          12          32   3.2759966668133724E-009
          12          33  -3.4468298318104569E-009
          12          34  -2.3068075736040296E-009
          12          35   8.9402466829496652E-010
          12          36  -2.0127341009028941E-009
          12          37   5.6792649610630017E-011
          12          38  -1.3022702445929302E-008
          12          39   5.9850165626522410E-009
          12          40   1.6529269593317168E-009
          12          41  -4.3509885619417366E-010
          12          42   3.1972312276535020E-009
          12          43  -2.2818938129674340E-009
          12          44  -2.0822779672832922E-009
          12          45  -9.9467989483838625E-010
          12          46  -1.3965854523542128E-008
          12          47   1.3320116414891721E-009
          12          48  -3.9554996671238432E-009
          12          49   2.3348294969258775E-010
          12          50   1.3522759486430301E-008
          12          51  -1.5109810791319520E-010
          12          52   2.7399936312865089E-008
          12          53   5.3392858061985424E-009
          12          54   2.4390720492556241E-009
          12          55   2.0528016950472894E-008
          12          56   1.2382546369379540E-003
          12          57  -1.9855278083091366E-004
          12          58   7.5056998025603812E-003
          12          59  -2.3291320787523183E-003
          12          60  -1.3095851942065861E-004
          12          61   8.6195451391129032E-004
          12          62   1.6268103000540207E-003
          12          63   1.0511426491803036E-003
          12          64  -3.4807956621230561E-003
          12          65   5.3579635860358786E-004
          13           1   1.0889090789137968E-010
          13           2  -7.6338153758261330E-010
          13           3  -6.3129664329257372E-010
          13           4  -3.7722933483911418E-010
