           1           1   2.6251265238432824     
           1           2  -1.3894787207329977     
           1           3 -0.96519149477884336     
           1           4  -6.7634909989353371     
           1           5  -1.3739160948372073     
           1           6   1.1309825439682450     
           1           7  -1.6163623799359463     
           1           8   4.9856344373074525E-013
           1           9  -2.2279454832181200E-013
           1          10   5.5446896424543477E-013
           1          11  -4.3560650183754201E-014
           1          12   3.4397846893338571E-014
           1          13  -1.0399404719441899E-013
           1          14   3.8771071893136381E-014
           1          15  -1.9576178479752560E-014
           1          16   4.3379493859195665E-014
           1          17   1.4238946301592190E-013
           1          18   1.3056946039665424E-014
           1          19   9.6983849219328489E-014
           1          20  -3.1003224833793148E-014
           1          21  -1.4980324903626063E-014
           1          22  -2.3249641083301109E-014
           1          23   5.9789260847011276E-015
           1          24   6.7446957089581515E-015
           1          25   7.9613881887589097E-015
           1          26   3.7271376518002439     
           1          27  -1.1336313159984234E-014
           1          28   3.7271376518002350     
           1          29   1.6151792757562810E-014
           1          30  -7.0066554103017900E-016
           1          31   3.7271376518002404     
           1          32  0.52478298726931660     
           1          33   1.3316895891005222E-014
           1          34  0.52478298726934880     
           1          35  -2.3873471649506292E-016
           1          36   1.9854774595838567E-014
           1          37  0.52478298726934824     
           1          38   2.2912439755417291E-003
           1          39  -1.8955838341088139E-014
           1          40   2.2912439755056399E-003
           1          41   1.6119012797706111E-015
           1          42  -1.2066004990119535E-014
           1          43   2.2912439755084710E-003
           1          44   4.0886733095114453E-002
           1          45   7.0647594224273804E-015
           1          46   4.0886733095136046E-002
           1          47  -8.7713186875751530E-015
           1          48   2.0849633924977829E-015
           1          49   4.0886733095134201E-002
           1          50  0.43836763165134773     
           1          51  -8.2254885849972269E-015
           1          52  0.43836763165135029     
           1          53   6.1109562855668842E-015
           1          54  -1.1655892705855630E-015
           1          55  0.43836763165134490     
           1          56  -8.8970172682541482E-014
           1          57  -3.6189399341655449E-015
           1          58  -4.0733728052179026E-014
           1          59   3.1592857753923464E-015
           1          60  -2.7257624082301401E-014
           1          61  -3.1094042882146504E-015
           1          62  -3.0455405396651510E-014
           1          63  -4.0400652659063618E-014
           1          64   4.1708437171179967E-015
           1          65  -6.4869212086345101E-014
           2           1  -1.3894787207329977     
           2           2   3.9732679244702225     
           2           3   2.4813731869364406     
           2           4   8.5020861406352086     
           2           5   1.6455044360713718     
           2           6 -0.84397976547821374     
           2           7   1.2844073097485211     
           2           8  -1.6410921124325040E-012
           2           9   7.9102353749221188E-013
           2          10  -1.7282911102070912E-012
           2          11   1.6093955825682556E-013
           2          12  -2.1228222975658079E-013
           2          13   2.9487672111019628E-013
           2          14  -5.0112522641490140E-014
           2          15   8.3796040513814453E-014
           2          16  -1.1472939978364977E-013
           2          17  -2.4724125334496853E-013
           2          18   1.8969672005320017E-013
           2          19  -3.1373000038458781E-013
           2          20   4.3508252804478314E-014
           2          21  -2.6267731368277634E-014
           2          22   8.0833609433203201E-014
           2          23  -2.5488107820868656E-015
           2          24   1.0993744626363689E-015
           2          25  -2.5366983823618133E-014
           2          26  -5.7631261077200158     
           2          27   1.7949780840152853E-014
           2          28  -5.7631261077199909     
           2          29  -4.9481241851795880E-014
           2          30  -1.4065143111433604E-014
           2          31  -5.7631261077200078     
           2          32 -0.57251179580404321     
           2          33  -3.2352614261229855E-014
           2          34 -0.57251179580411005     
           2          35   2.4705744651417341E-014
           2          36  -2.0650821732976061E-014
           2          37 -0.57251179580411393     
           2          38 -0.10022971098434820     
           2          39   4.7698405620896406E-014
           2          40 -0.10022971098425516     
           2          41  -2.4905484725210272E-014
           2          42   1.6687087490353796E-014
           2          43 -0.10022971098426785     
           2          44  -4.8546783972497419E-002
           2          45  -2.3322645996367544E-014
           2          46  -4.8546783972555990E-002
           2          47   1.8679959992936845E-014
           2          48  -1.3147946104139762E-015
           2          49  -4.8546783972540968E-002
           2          50 -0.34776732518993309     
           2          51   2.2714121560518188E-014
           2          52 -0.34776732518994313     
           2          53  -9.7109710104877282E-015
           2          54   5.2462142499700546E-015
           2          55 -0.34776732518994052     
           2          56   1.5120501137784480E-013
           2          57  -5.5107987433910790E-014
           2          58   7.7009115553379696E-014
           2          59  -1.3480077049669857E-013
           2          60   9.6067397385042727E-014
           2          61   7.3621567956944282E-015
           2          62   8.7096439889791789E-014
           2          63   6.7156774388824505E-014
           2          64  -5.9588049022381504E-014
           2          65   1.9605360494924583E-013
           3           1 -0.96519149477884336     
           3           2   2.4813731869364406     
           3           3   1.6237595669751850     
           3           4   3.0731498127968098     
           3           5  0.55883999687150698     
           3           6   4.5810314738876423E-002
           3           7   2.4609870598236161E-002
           3           8  -1.1774140430047194E-012
           3           9   8.8342642783352048E-013
           3          10  -9.8009932188873789E-013
           3          11   2.0359177637818795E-013
           3          12  -6.1395719097922337E-013
           3          13   1.6548997603592898E-013
           3          14  -6.1295070117568629E-014
           3          15   2.1685327519214516E-013
           3          16  -6.5973489433676338E-014
           3          17  -1.8288034182735581E-013
           3          18   4.6723198048294240E-013
           3          19  -1.7981720270243840E-013
           3          20   2.8108169890350790E-014
           3          21  -8.8705209648540504E-014
           3          22   4.7129507870113002E-014
           3          23  -4.8002301478732735E-016
           3          24   1.7349905760859424E-014
           3          25  -1.5012463003084237E-014
           3          26  -2.6506702615569586     
           3          27   1.5335314072226975E-013
           3          28  -2.6506702615567623     
           3          29  -1.4026014522871192E-013
           3          30   9.6933638875559790E-015
           3          31  -2.6506702615569178     
           3          32 -0.15940562699293859     
           3          33  -8.3921648979802785E-014
           3          34 -0.15940562699307292     
           3          35   7.6367245219386021E-014
           3          36  -1.9116696645700498E-014
           3          37 -0.15940562699299993     
           3          38  -9.7041648523818858E-002
           3          39   7.1704603016506527E-014
           3          40  -9.7041648523689725E-002
           3          41  -6.2706475318116682E-014
           3          42   1.8139096755917529E-014
           3          43  -9.7041648523751689E-002
           3          44  -1.8708665262732661E-002
           3          45  -2.6108953399933017E-014
           3          46  -1.8708665262794140E-002
           3          47   2.8289211904116893E-014
           3          48  -4.6631666647446664E-015
           3          49  -1.8708665262766079E-002
           3          50  -6.0831339125628769E-003
           3          51   1.5886850876445078E-014
           3          52  -6.0831339125629880E-003
           3          53  -1.0926173667440964E-014
           3          54   4.3006091495637651E-015
           3          55  -6.0831339125668182E-003
           3          56   1.2235300196871934E-013
           3          57  -1.4582175106949094E-013
           3          58   6.0872073691861605E-014
           3          59  -3.3079076593241431E-013
           3          60   5.6100228791143672E-014
           3          61   3.7449136992541853E-015
           3          62   4.9825632124926864E-014
           3          63   5.4578215286953050E-014
           3          64  -1.4569365614383262E-013
           3          65   1.1130361701428143E-013
           4           1  -6.7634909989353371     
           4           2   8.5020861406352086     
           4           3   3.0731498127968098     
           4           4   109.76399985424077     
           4           5   22.683826046104091     
           4           6  -24.719911819401677     
           4           7   33.920481582205454     
           4           8  -1.5908086856694441E-012
           4           9   4.2415224413853381E-013
           4          10  -2.6111626275640110E-012
           4          11  -8.0772894676755064E-014
           4          12   4.7571967490232870E-013
           4          13   8.6244030454884005E-013
           4          14  -9.4784160990816329E-013
           4          15  -1.7638673650966594E-013
           4          16  -3.1688675913942258E-013
           4          17  -2.8532558347240169E-012
           4          18  -1.0048235870720599E-012
           4          19  -7.4072258269305724E-013
           4          20   7.0507252980551505E-013
           4          21   3.8888090597295551E-013
           4          22   1.8938769295651740E-013
           4          23  -1.8161799747314119E-013
           4          24  -1.4658611523960769E-013
           4          25  -6.2036408147528850E-014
           4          26  -52.329710269963428     
           4          27   6.2402247511365395E-013
           4          28  -52.329710269963385     
           4          29  -2.6925220599221576E-013
           4          30   1.9016410711061622E-013
           4          31  -52.329710269963556     
           4          32  -9.2690473612333726     
           4          33  -6.4196917480782759E-013
           4          34  -9.2690473612335182     
           4          35  -6.9244441175483073E-014
           4          36  -2.9134312968444941E-013
           4          37  -9.2690473612335129     
           4          38   1.0961645513728171     
           4          39   7.1480543825281792E-013
           4          40   1.0961645513729357     
           4          41   1.1768539077066814E-013
           4          42   8.3623131136592325E-014
           4          43   1.0961645513728364     
           4          44 -0.58379863231537765     
           4          45  -3.6546410097870843E-013
           4          46 -0.58379863231547113     
           4          47  -1.8484277015339489E-014
           4          48   3.3414302972714521E-014
           4          49 -0.58379863231541562     
           4          50  -9.2073173549895095     
           4          51   1.9722808283325485E-013
           4          52  -9.2073173549895095     
           4          53  -8.3247532229832278E-015
           4          54   1.0280809593830549E-015
           4          55  -9.2073173549894953     
           4          56   1.7843232936650709E-012
           4          57   3.1374035758086286E-013
           4          58   7.9942294360096171E-013
           4          59   5.6385256492414076E-013
           4          60   1.7752196140569625E-013
           4          61   4.5030462487725363E-014
           4          62   2.1368672048546609E-013
           4          63   7.9433112677617877E-013
           4          64   1.7094362077143370E-013
           4          65   4.8812347778423646E-013
           5           1  -1.3739160948372073     
           5           2   1.6455044360713718     
           5           3  0.55883999687150698     
           5           4   22.683826046104091     
           5           5   4.6929043174565273     
           5           6  -5.1468239561149325     
           5           7   7.0593079814066275     
           5           8  -6.2695667383692629E-013
           5           9   6.2232580837516678E-013
           5          10  -3.2307276275848984E-013
           5          11   5.3448640944569515E-014
           5          12  -5.8393310139419857E-013
           5          13   1.0268326051314719E-013
           5          14   3.8615718473516060E-013
           5          15   2.6606807946667039E-013
           5          16  -2.9731080412652532E-014
           5          17   1.2081221221236441E-013
           5          18   3.4777692625130445E-013
           5          19  -7.9331401044372159E-014
           5          20   1.9349954773627584E-014
           5          21  -2.6489164870465204E-014
           5          22   2.3931344869860004E-014
           5          23  -1.2615107414514316E-014
           5          24  -7.8012708255838956E-015
           5          25  -9.3742161003280717E-015
           5          26  -10.733713184930739     
           5          27  -6.0915890938747711E-014
           5          28  -10.733713184930737     
           5          29  -1.3154421606625585E-013
           5          30  -9.5737513894781149E-014
           5          31  -10.733713184930654     
           5          32  -1.9212926868525977     
           5          33  -3.6944128429242853E-014
           5          34  -1.9212926868526221     
           5          35   2.2985750379073489E-014
           5          36   8.2922272655820428E-015
           5          37  -1.9212926868526812     
           5          38  0.23308643524927039     
           5          39   7.6654396524223944E-014
           5          40  0.23308643524928840     
           5          41  -2.9310288593591705E-015
           5          42  -3.3308348061433931E-014
           5          43  0.23308643524931308     
           5          44 -0.12082649346467335     
           5          45  -5.0828367232692409E-014
           5          46 -0.12082649346468950     
           5          47   5.5165481826459961E-015
           5          48   2.4166991701454144E-014
           5          49 -0.12082649346469415     
           5          50  -1.9161892092644908     
           5          51   3.3407678570175158E-014
           5          52  -1.9161892092644910     
           5          53  -4.1536643449101800E-015
           5          54  -4.8447774841575339E-015
           5          55  -1.9161892092644832     
           5          56  -1.9683767760048158E-013
           5          57  -1.1673135489329094E-013
           5          58  -8.8031046240454453E-014
           5          59  -2.8944083135747719E-013
           5          60   1.3195570724821552E-014
           5          61   9.2478133852742176E-015
           5          62   2.0779553221173095E-014
           5          63  -8.8773499022859653E-014
           5          64  -1.4620167093092674E-013
           5          65   4.8926716181934105E-014
           6           1   1.1309825439682450     
           6           2 -0.84397976547821374     
           6           3   4.5810314738876423E-002
           6           4  -24.719911819401677     
           6           5  -5.1468239561149325     
           6           6   5.9241881438375312     
           6           7  -8.0885251878656685     
           6           8  -2.5706198269138408E-012
           6           9   4.0395700353430530E-012
           6          10   1.4130191299518504E-012
           6          11   9.2093258729379683E-013
           6          12  -4.9425699309776021E-012
           6          13  -6.0100644041927946E-013
           6          14   3.7149185224454062E-012
           6          15   1.9563642134479199E-012
           6          16   2.5282297245863785E-013
           6          17   4.8036220866995748E-012
           6          18   3.9340562401004399E-012
           6          19   5.1888756113950623E-013
           6          20  -9.0540216100832809E-013
           6          21  -8.0860509039021744E-013
           6          22  -1.0622282611711395E-013
           6          23   1.9341446071535256E-013
           6          24   1.8538339450583871E-013
           6          25   2.5365447332093019E-014
           6          26   11.185042817591427     
           6          27  -1.4367701473936872E-012
           6          28   11.185042817591519     
           6          29  -4.7887651792402319E-013
           6          30  -9.2750292925480190E-013
           6          31   11.185042817592079     
           6          32   2.1366197296095519     
           6          33   8.0205247569061899E-013
           6          34   2.1366197296095168     
           6          35   2.9463733894582833E-013
           6          36   5.0915467075257172E-013
           6          37   2.1366197296092508     
           6          38 -0.30862041012431679     
           6          39  -6.4525981416473018E-013
           6          40 -0.30862041012427782     
           6          41  -2.3648445361286285E-013
           6          42  -3.4346166151295622E-013
           6          43 -0.30862041012406305     
           6          44  0.13070679266086135     
           6          45   2.5108996509190671E-013
           6          46  0.13070679266085214     
           6          47   7.9623735211173428E-014
           6          48   1.0536837884610617E-013
           6          49  0.13070679266077601     
           6          50   2.1958131517566688     
           6          51  -8.9097736096766624E-014
           6          52   2.1958131517566697     
           6          53  -2.0780663593414104E-014
           6          54  -3.0718706742095943E-014
           6          55   2.1958131517566857     
           6          56  -3.7339767228195870E-012
           6          57  -1.2690894642585265E-012
           6          58  -1.6673312649782190E-012
           6          59  -2.8072175323042443E-012
           6          60  -1.5283772745189961E-013
           6          61  -9.0695100770357377E-015
           6          62  -1.6398897234994460E-013
           6          63  -1.6690720011446045E-012
           6          64  -1.2353476100495366E-012
           6          65  -3.6976377279807660E-013
           7           1  -1.6163623799359463     
           7           2   1.2844073097485211     
           7           3   2.4609870598236161E-002
           7           4   33.920481582205454     
           7           5   7.0593079814066275     
           7           6  -8.0885251878656685     
           7           7   11.049445533063118     
           7           8   2.4375421144225706E-012
           7           9  -3.9906087921959150E-012
           7          10  -1.4779591592585542E-012
           7          11  -7.8385100247432159E-013
           7          12   4.9779545183344974E-012
           7          13   6.3805056642043222E-013
           7          14  -3.8605226092827635E-012
           7          15  -2.0560173514450826E-012
           7          16  -2.7344599482969276E-013
           7          17  -5.1658487316100563E-012
           7          18  -4.1320756067796900E-012
           7          19  -5.5579733664972830E-013
           7          20   9.9010068557218771E-013
           7          21   8.6241009569706120E-013
           7          22   1.1529379415048494E-013
           7          23  -2.1497204414638868E-013
           7          24  -2.0197390196132218E-013
           7          25  -2.8557421887234559E-014
           7          26  -15.395359711852731     
           7          27   1.4244837152952078E-012
           7          28  -15.395359711852839     
           7          29   4.6572541705661109E-013
           7          30   9.2353317377038998E-013
           7          31  -15.395359711853402     
           7          32  -2.9268835026406119     
           7          33  -8.2383870244204700E-013
           7          34  -2.9268835026405751     
           7          35  -3.0735179867631839E-013
           7          36  -5.2276678946726892E-013
           7          37  -2.9268835026403148     
           7          38  0.41639636448011041     
           7          39   6.8091092166963121E-013
           7          40  0.41639636448006656     
           7          41   2.5231035174342573E-013
           7          42   3.4213827349980881E-013
           7          43  0.41639636447984918     
           7          44 -0.17977001656271555     
           7          45  -2.7335327570231164E-013
           7          46 -0.17977001656270691     
           7          47  -8.3713381143835742E-014
           7          48  -1.0007364036248777E-013
           7          49 -0.17977001656262906     
           7          50  -2.9995832664460425     
           7          51   1.0242506928449752E-013
           7          52  -2.9995832664460433     
           7          53   2.1224464044217734E-014
           7          54   2.9697827319054398E-014
           7          55  -2.9995832664460576     
           7          56   3.9727520168184244E-012
           7          57   1.3345708211025908E-012
           7          58   1.7735042842151389E-012
           7          59   2.9421999829795590E-012
           7          60   1.6035435939185992E-013
           7          61   1.2641270095799859E-014
           7          62   1.7503387329052436E-013
           7          63   1.7755594054611591E-012
           7          64   1.2887209878716763E-012
           7          65   3.9584892392181618E-013
           8           1   4.9856344373074525E-013
           8           2  -1.6410921124325040E-012
           8           3  -1.1774140430047194E-012
           8           4  -1.5908086856694441E-012
           8           5  -6.2695667383692629E-013
           8           6  -2.5706198269138408E-012
           8           7   2.4375421144225706E-012
           8           8   2.4549695750682714     
           8           9   4.9545321320133241E-003
           8          10   9.8395476096894562E-004
           8          11  -1.3585627855672748     
           8          12  -2.7405038562325911E-002
           8          13  -5.4425559163246125E-003
           8          14  0.71831314606080110     
           8          15   6.7425433016782152E-002
           8          16   1.3390482503517742E-002
           8          17   1.3278013448858863     
           8          18   9.2284724871365159E-002
           8          19   1.8327460995758656E-002
           8          20 -0.25648318260705993     
           8          21  -1.6932777637265497E-002
           8          22  -3.3627972790700421E-003
           8          23   5.4000675230527109E-002
           8          24   3.4534145934698563E-003
           8          25   6.8583745959070980E-004
           8          26   1.5537291938163752E-012
           8          27   1.0933130235223619E-014
           8          28   1.4831862192842901E-012
           8          29  -1.4808715577378838E-013
           8          30  -2.0599957816704518E-014
           8          31   1.5236233737421960E-012
           8          32   1.7731899537618614E-013
           8          33   1.0459756989264695E-014
           8          34   2.2951757222683361E-013
           8          35   2.8690719369435646E-014
           8          36  -3.6117590615677740E-014
           8          37   2.1386929451154458E-013
           8          38   4.3638256662994424E-013
           8          39  -2.0120497565032256E-014
           8          40   3.9810081564655073E-013
           8          41  -2.2298950679124673E-014
           8          42   5.0720303434962782E-014
           8          43   4.5380359887408809E-013
           8          44   2.4084226584936225E-013
           8          45   1.0473504545487842E-014
           8          46   2.4911034402576001E-013
           8          47   1.4455116014860232E-014
           8          48  -3.0151345149096359E-014
           8          49   1.5760035456640890E-013
           8          50  -7.0316463590304246E-013
           8          51  -9.2308422027648742E-015
           8          52  -6.9961782078909962E-013
           8          53  -2.2666848849574801E-014
           8          54   9.9390926394790227E-015
           8          55  -6.6601273748682284E-013
           8          56 -0.96749756542427312     
           8          57  -3.1965662002846992E-002
           8          58 -0.43267806487083948     
           8          59  -7.1477393184196963E-002
           8          60  -6.3482816292326450E-003
           8          61   8.6087636075452708E-015
           8          62  -6.3482816292722974E-003
           8          63 -0.43267806487081906     
           8          64  -3.1965662002873416E-002
           8          65  -1.4195189263279050E-002
           9           1  -2.2279454832181200E-013
           9           2   7.9102353749221188E-013
           9           3   8.8342642783352048E-013
           9           4   4.2415224413853381E-013
           9           5   6.2232580837516678E-013
           9           6   4.0395700353430530E-012
           9           7  -3.9906087921959150E-012
           9           8   4.9545321320133241E-003
           9           9   2.4488206402783379     
           9          10   5.4742484328000032E-004
           9          11  -2.7405038562329658E-002
           9          12  -1.3245511391503946     
           9          13  -3.0279749006227562E-003
           9          14   6.7425433016828226E-002
           9          15  0.63463327886943288     
           9          16   7.4498168785240675E-003
           9          17   9.2284724871287943E-002
           9          18   1.2132692881303502     
           9          19   1.0196512950879911E-002
           9          20  -1.6932777637233550E-002
           9          21 -0.23546837379570007     
           9          22  -1.8708977754752904E-003
           9          23   3.4534145934404462E-003
           9          24   4.9714736503733661E-002
           9          25   3.8156679423647928E-004
           9          26  -9.5963488031577807E-013
           9          27  -5.7019466311546176E-014
           9          28  -9.1033692181705745E-013
           9          29   1.0193803561851876E-013
           9          30   5.1959555277960818E-014
           9          31  -9.4850658280496163E-013
           9          32  -1.7729012194708915E-013
           9          33   1.1974150858817676E-014
           9          34  -1.9385349621568795E-013
           9          35  -4.3348878158478987E-014
           9          36  -8.3521331101513096E-015
           9          37  -1.6435119331041296E-013
           9          38  -6.2881056766326729E-013
           9          39  -5.9377973655789845E-015
           9          40  -6.2441798433941561E-013
           9          41   3.5593111418399819E-014
           9          42   7.3256328104388900E-016
           9          43  -6.5226152161830649E-013
           9          44  -2.9837163827748980E-013
           9          45   6.7373436306120646E-015
           9          46  -3.0050188017372423E-013
           9          47  -1.9328479318799575E-014
           9          48   1.1585752867054449E-015
           9          49  -2.7768872685173687E-013
           9          50   1.1084988496512296E-012
           9          51  -3.8659887943905566E-015
           9          52   1.1118956258543431E-012
           9          53   1.0524961730311588E-014
           9          54   2.1129692939021796E-015
           9          55   1.1045531301453780E-012
           9          56  -7.1477393184153151E-002
           9          57 -0.39300635300476217     
           9          58  -3.1965662002855527E-002
           9          59 -0.87878892090792604     
           9          60  -3.5318768848349672E-003
           9          61  -4.9168221525334533E-015
           9          62  -3.5318768848226737E-003
           9          63  -3.1965662002857498E-002
           9          64 -0.39300635300476072     
           9          65  -7.8975168026397466E-003
          10           1   5.5446896424543477E-013
          10           2  -1.7282911102070912E-012
          10           3  -9.8009932188873789E-013
          10           4  -2.6111626275640110E-012
          10           5  -3.2307276275848984E-013
          10           6   1.4130191299518504E-012
          10           7  -1.4779591592585542E-012
          10           8   9.8395476096894562E-004
          10           9   5.4742484328000032E-004
          10          10   2.4461728950907817     
          10          11  -5.4425559163551272E-003
          10          12  -3.0279749006092501E-003
          10          13  -1.3099056475006028     
          10          14   1.3390482503447586E-002
          10          15   7.4498168784903037E-003
          10          16  0.59860053934289215     
          10          17   1.8327460995915340E-002
          10          18   1.0196512950820446E-002
          10          19   1.1639515262002020     
          10          20  -3.3627972791172075E-003
          10          21  -1.8708977754844595E-003
          10          22 -0.22641934972921623     
          10          23   6.8583745958635098E-004
          10          24   3.8156679427354587E-004
          10          25   4.7869201622402296E-002
          10          26   1.6550269326825764E-012
          10          27  -2.1312353545894049E-014
          10          28   1.6051222934939664E-012
          10          29   6.1399115250231044E-014
          10          30  -1.3316491561633110E-014
          10          31   1.7170435585695780E-012
          10          32   9.2780638964087444E-014
          10          33   4.1388227943363729E-014
          10          34   1.0410715164932273E-013
          10          35  -7.4180037887186174E-014
          10          36  -6.6361500112212336E-014
          10          37   9.4105166427028724E-014
          10          38  -1.3777315202488112E-013
          10          39  -5.0028980606496594E-014
          10          40  -1.3559040525973782E-013
          10          41   3.7430070593654256E-014
          10          42   9.0874337566172291E-014
          10          43  -1.0732657937906157E-013
          10          44  -5.3982202249800463E-014
          10          45   2.6955890054660009E-014
          10          46  -5.9073599127916393E-014
          10          47   6.8673421316294306E-015
          10          48  -5.9466252353101087E-014
          10          49  -1.4132006583951032E-013
          10          50   3.8068070260697027E-013
          10          51  -2.2475550744355824E-014
          10          52   3.8970081277656894E-013
          10          53  -2.2894263475894922E-014
          10          54   1.4691935012068136E-014
          10          55   4.1611660866699096E-013
          10          56  -1.4195189263350106E-002
          10          57  -3.5318768847946076E-003
          10          58  -6.3482816292532189E-003
          10          59  -7.8975168026132626E-003
          10          60 -0.37592362440804850     
          10          61   1.7901286143276281E-014
          10          62 -0.37592362440811317     
          10          63  -6.3482816292245786E-003
          10          64  -3.5318768848285162E-003
          10          65 -0.84059077852452413     
          11           1  -4.3560650183754201E-014
          11           2   1.6093955825682556E-013
          11           3   2.0359177637818795E-013
          11           4  -8.0772894676755064E-014
          11           5   5.3448640944569515E-014
          11           6   9.2093258729379683E-013
          11           7  -7.8385100247432159E-013
          11           8  -1.3585627855672748     
          11           9  -2.7405038562329658E-002
          11          10  -5.4425559163551272E-003
          11          11   4.1350577242459288     
          11          12  0.15158568328779426     
          11          13   3.0104447966194908E-002
          11          14  -2.6961306996089087     
          11          15 -0.37295077369008689     
          11          16  -7.4066870412791183E-002
          11          17  -4.4009383797764547     
          11          18 -0.51045515023954424     
          11          19 -0.10137481440299297     
          11          20  0.83323355288510026     
          11          21   9.3660392495557965E-002
          11          22   1.8600664331997838E-002
          11          23 -0.17334743794754648     
          11          24  -1.9101896522888778E-002
          11          25  -3.7935775823735181E-003
          11          26  -1.7004876398375122E-013
          11          27  -3.2440060187217778E-014
          11          28  -3.6048082502989325E-014
          11          29   5.4348177044114919E-013
          11          30   5.1932006946768977E-014
          11          31   4.8649473193275828E-015
          11          32   6.2018706819674080E-014
          11          33   5.3316043875009141E-014
          11          34  -6.7195218270725599E-014
          11          35  -2.0496408980781685E-013
          11          36  -8.8664406157287050E-014
          11          37  -1.2318021547158858E-013
          11          38  -2.0513814569025145E-013
          11          39  -4.2852640367121331E-014
          11          40  -7.3152096763803260E-014
          11          41   1.1451984421361091E-013
          11          42   7.3661658978055073E-014
          11          43  -9.3610528169086186E-014
          11          44  -7.8990562443891917E-014
          11          45   2.4137123305777736E-014
          11          46  -1.2781820058130302E-013
          11          47  -1.7655932647310574E-014
          11          48  -3.1306963287508289E-014
          11          49  -8.1908559319200122E-014
          11          50   2.2432585754162816E-013
          11          51  -1.1831873721474617E-014
          11          52   2.3801898641315803E-013
          11          53   1.1926416555762425E-014
          11          54   1.0110878029901738E-014
          11          55   2.0715126405926979E-013
          11          56   3.2853695627606108     
          11          57  0.17681189192383770     
          11          58   1.4692619347083060     
          11          59  0.39536340957210309     
          11          60   3.5114294996572697E-002
          11          61   2.6685972339033316E-015
          11          62   3.5114294996578956E-002
          11          63   1.4692619347083014     
          11          64  0.17681189192385854     
          11          65   7.8517950594307190E-002
          12           1   3.4397846893338571E-014
          12           2  -2.1228222975658079E-013
          12           3  -6.1395719097922337E-013
          12           4   4.7571967490232870E-013
          12           5  -5.8393310139419857E-013
          12           6  -4.9425699309776021E-012
          12           7   4.9779545183344974E-012
          12           8  -2.7405038562325911E-002
          12           9  -1.3245511391503946     
          12          10  -3.0279749006092501E-003
          12          11  0.15158568328779426     
          12          12   3.9469288642876093     
          12          13   1.6748658946196749E-002
          12          14 -0.37295077369010532     
          12          15  -2.2332716594073143     
          12          16  -4.1207224698117641E-002
          12          17 -0.51045515023940768     
          12          18  -3.7674264056141551     
          12          19  -5.6400044075747113E-002
          12          20   9.3660392495535441E-002
          12          21  0.71699419253614760     
          12          22   1.0348510074626388E-002
          12          23  -1.9101896522878931E-002
          12          24 -0.14964059480809602     
          12          25  -2.1105631029748736E-003
          12          26   5.0935656305878665E-013
          12          27   2.1253611825200607E-013
          12          28   3.8560880087856479E-013
          12          29  -3.5651782126402734E-013
          12          30  -1.6305999022372845E-013
          12          31   4.3697277127667795E-013
          12          32   1.4474236400861709E-013
          12          33  -7.7024573891853966E-014
          12          34   2.0018365082037959E-013
          12          35   1.8268118388764270E-013
          12          36   7.5181341620613023E-014
          12          37   1.2445571313245064E-013
          12          38   7.5451299017355486E-013
          12          39   4.8943739445333936E-014
          12          40   7.1664234574575499E-013
          12          41  -1.3589316580310965E-013
          12          42  -5.0994794272221220E-014
          12          43   7.7409330161993435E-013
          12          44   3.3844144679101880E-013
          12          45  -1.6602540186907001E-014
          12          46   3.5694007854576517E-013
          12          47   4.8253070160161419E-014
          12          48   2.0055982491574984E-014
          12          49   3.2753394789343404E-013
          12          50  -1.3766158240927972E-012
          12          51   7.9596636052892246E-015
          12          52  -1.3890810495016113E-012
          12          53  -1.4418091703777290E-014
          12          54  -3.4955327729979508E-015
          12          55  -1.3778035175296853E-012
          12          56  0.39536340957201460     
          12          57   1.2498255147691446     
          12          58  0.17681189192382385     
          12          59   2.7946948110375063     
          12          60   1.9535895549189216E-002
          12          61   9.2967553888375212E-016
          12          62   1.9535895549193584E-002
          12          63  0.17681189192382185     
          12          64   1.2498255147691610     
          12          65   4.3683590449324357E-002
          13           1  -1.0399404719441899E-013
          13           2   2.9487672111019628E-013
          13           3   1.6548997603592898E-013
          13           4   8.6244030454884005E-013
