           1           1   2.1506784359570479     
           1           2  0.13074398600001585     
           1           3 -0.49404490707415011     
           1           4  0.12845169699636561     
           1           5   6.6418792373112739E-002
           1           6   2.0931430647700814E-002
           1           7   1.9582120926523428E-012
           1           8   2.0644058738750894E-012
           1           9  -1.2422369003757345E-012
           1          10   8.4721538621389486E-013
           1          11   8.9831752614047480E-013
           1          12  -5.5682577533823291E-013
           1          13   3.2866838031563722E-013
           1          14   3.0641975954919814E-013
           1          15  -1.9847596636474965E-013
           1          16   7.3533812852782040E-013
           1          17   2.6057597630608904E-013
           1          18  -2.9557613406114507E-013
           1          19  -3.5900723269551783E-014
           1          20  -7.2241590629748047E-014
           1          21   5.7007838789317649E-014
           1          22  -1.3541655666599883E-002
           1          23  -2.2263666261576766E-005
           1          24  -1.3628430650891317E-002
           1          25  -4.3723464109230771E-005
           1          26  -2.0610541276557567E-004
           1          27  -1.3888174718869826E-002
           1          28  -5.7849334351218282E-003
           1          29   2.0506664417354112E-005
           1          30  -5.7049861735287604E-003
           1          31   4.0283487361373704E-005
           1          32   1.8987792370814510E-004
           1          33  -5.4656937710139469E-003
           1          34  -5.1494240791099734E-003
           1          35  -3.7413884950510830E-005
           1          36  -5.2952929482200919E-003
           1          37  -7.3499891402122345E-005
           1          38  -3.4644070135519614E-004
           1          39  -5.7318922210113478E-003
           1          40  -2.7242599144974430E-013
           1          41  -7.4714167573721098E-014
           1          42  -1.0709006016649362E-013
           1          43  -1.5589857952346352E-013
           1          44   4.3231102666082581E-014
           1          45  -2.2696142594466112E-015
           1          46   3.3095156330686472E-014
           1          47  -9.8813255081247484E-014
           1          48  -7.5059204124281668E-014
           1          49   1.1277561394385367E-013
           2           1  0.13074398600001585     
           2           2  0.20555567732151903     
           2           3 -0.53328476631778743     
           2           4  0.12461454704009439     
           2           5   5.8222211741926294E-002
           2           6   9.5995548336925730E-003
           2           7   8.2694776609950510E-012
           2           8   3.1921043421627107E-012
           2           9  -2.4907151938206593E-012
           2          10   4.0316633460911347E-012
           2          11   1.5451124159236087E-012
           2          12  -1.2047362588068323E-012
           2          13   8.8130833079976753E-013
           2          14   3.6786039203382029E-013
           2          15  -3.1409242933297593E-013
           2          16   9.6509036677278135E-013
           2          17   3.1437147648017038E-013
           2          18  -3.3883823925756129E-013
           2          19   5.6571348539758160E-016
           2          20  -1.0433717466948598E-013
           2          21   5.7093261522797521E-014
           2          22  -6.8631699956183041E-004
           2          23  -1.3218109855235187E-005
           2          24  -7.3782684341685677E-004
           2          25  -2.5954214835705014E-005
           2          26  -1.2234937403328232E-004
           2          27  -8.9201792076066514E-004
           2          28   4.7172237399396256E-003
           2          29   3.8558484027935251E-005
           2          30   4.8675446065129298E-003
           2          31   7.5742987439900741E-005
           2          32   3.5701968193350194E-004
           2          33   5.3174764676729193E-003
           2          34  -9.2457397607362225E-004
           2          35  -4.2863042635462848E-005
           2          36  -1.0916883262604624E-003
           2          37  -8.4204995087248965E-005
           2          38  -3.9689884445723615E-004
           2          39  -1.5918770746929873E-003
           2          40  -3.5237704249840608E-013
           2          41  -8.1059381175825776E-014
           2          42  -1.3167287276366908E-013
           2          43  -1.7014555374953562E-013
           2          44   4.8905886866973267E-014
           2          45  -3.9330790825714875E-016
           2          46   4.9377913129484617E-014
           2          47  -1.4131284251673531E-013
           2          48  -8.5356829090225277E-014
           2          49   1.2703443175999204E-013
           3           1 -0.49404490707415011     
           3           2 -0.53328476631778743     
           3           3   1.4647408405303803     
           3           4 -0.57844311356300460     
           3           5 -0.28107523698162995     
           3           6  -5.4114396354996590E-002
           3           7  -1.6041895636672631E-012
           3           8  -3.9410556868952095E-012
           3           9   2.0854728255353200E-012
           3          10  -7.9592904303013575E-013
           3          11  -1.8983256557946732E-012
           3          12   9.9772459860097096E-013
           3          13  -1.2890575418159606E-012
           3          14  -8.2787956421437256E-013
           3          15   6.4500096650869580E-013
           3          16  -2.6023652108652920E-012
           3          17  -7.7662766589802631E-013
           3          18   1.1856813174829536E-012
           3          19  -3.0382895184510383E-014
           3          20   3.9648261028986846E-013
           3          21  -2.4457928225168567E-013
           3          22  -3.7508026195307888E-004
           3          23  -1.6714779534024926E-005
           3          24  -4.4032528894841650E-004
           3          25  -3.2876643052037876E-005
           3          26  -1.5491799092697510E-004
           3          27  -6.3555573206101543E-004
           3          28  -1.8721860822344137E-002
           3          29  -5.1632238179497416E-005
           3          30  -1.8923178109816623E-002
           3          31  -1.0143927878141293E-004
           3          32  -4.7812427037326362E-004
           3          33  -1.9525729905415672E-002
           3          34   7.4985470395299431E-003
           3          35   1.7875880039282775E-004
           3          36   8.1955071490056458E-003
           3          37   3.5118206657998796E-004
           3          38   1.6552816631311682E-003
           3          39   1.0281562511922870E-002
           3          40   5.5551588427928008E-013
           3          41   1.8881142225833093E-013
           3          42   1.2008190786799233E-013
           3          43   3.3871949762422379E-013
           3          44  -1.1791964550477402E-013
           3          45  -8.0756076881633321E-015
           3          46  -1.1253129304653112E-013
           3          47   1.8062954440993271E-013
           3          48   1.9746953530026417E-013
           3          49  -3.1137566354357210E-013
           4           1  0.12845169699636561     
           4           2  0.12461454704009439     
           4           3 -0.57844311356300460     
           4           4  0.98535151031454438     
           4           5  0.49717643458091010     
           4           6  0.10687504575919682     
           4           7  -1.0267523369321240E-010
           4           8  -3.0139853172720312E-011
           4           9   2.6560404212332633E-011
           4          10  -4.9970429068316012E-011
           4          11  -1.4690468002291858E-011
           4          12   1.2940272674028028E-011
           4          13  -5.4494017027180250E-012
           4          14  -1.2744365121041930E-012
           4          15   1.2094254979298061E-012
           4          16   6.2348541989376378E-013
           4          17   1.9368162729232727E-013
           4          18  -1.3422704082977310E-012
           4          19   9.2716223791187712E-013
           4          20   2.7904432810371965E-014
           4          21   1.7219824974372675E-014
           4          22   1.0849585369877268E-002
           4          23   1.5802754693802420E-004
           4          24   1.1465774105271866E-002
           4          25   3.1048416022258236E-004
           4          26   1.4634199407448298E-003
           4          27   1.3310034446086754E-002
           4          28   2.9021311287357854E-002
           4          29  -1.8707666422032631E-004
           4          30   2.8292097646710063E-002
           4          31  -3.6743109812036132E-004
           4          32  -1.7319748019886359E-003
           4          33   2.6109381766281456E-002
           4          34  -1.7603438121702661E-002
           4          35  -2.7149484224200503E-004
           4          36  -1.8661998840899467E-002
           4          37  -5.3338475831877044E-004
           4          38  -2.5140666798479381E-003
           4          39  -2.1830329476877391E-002
           4          40   1.8704042741483617E-012
           4          41   1.8193646284954720E-013
           4          42   1.0782476495630879E-012
           4          43   6.1352240186784609E-013
           4          44  -1.1971666276372898E-013
           4          45   3.2064867582911353E-014
           4          46  -1.4665188678712547E-013
           4          47   9.3836018542993120E-013
           4          48   1.8718601569490207E-013
           4          49  -2.4605667082140107E-013
           5           1   6.6418792373112739E-002
           5           2   5.8222211741926294E-002
           5           3 -0.28107523698162995     
           5           4  0.49717643458091010     
           5           5  0.25818609074063825     
           5           6   6.2559528159880265E-002
           5           7   1.2910982656661432E-010
           5           8  -4.2925870321881869E-012
           5           9  -1.1694116462998312E-011
           5          10   6.2758071163833812E-011
           5          11  -2.1231205301732189E-012
           5          12  -5.6645996205242668E-012
           5          13   1.2792456372911006E-011
           5          14   1.2773114636006676E-012
           5          15  -2.0472204752956057E-012
           5          16   1.6670325606157235E-011
           5          17   5.0250207411765775E-012
           5          18  -4.9485495191636835E-012
           5          19   6.2581697685561124E-012
           5          20   3.0487277505645843E-012
           5          21  -2.2036889801866992E-012
           5          22   3.0103309642604235E-003
           5          23   3.0721318314990158E-004
           5          24   4.2080012854549898E-003
           5          25   6.0347650471976374E-004
           5          26   2.8445304469738985E-003
           5          27   7.7928035776703682E-003
           5          28   8.8338240173646762E-003
           5          29   2.7816392569883388E-004
           5          30   9.9182402083423486E-003
           5          31   5.4641044695324763E-004
           5          32   2.5755487972694176E-003
           5          33   1.3164060293138321E-002
           5          34  -1.1572487437355367E-002
           5          35  -9.7033903362117672E-005
           5          36  -1.1950826042082363E-002
           5          37  -1.9063628917111795E-004
           5          38  -8.9854748698147953E-004
           5          39  -1.3083212562394267E-002
           5          40  -3.7673175998436212E-012
           5          41  -1.3269767061140634E-013
           5          42  -1.6441045575732822E-012
           5          43  -2.5015681872792174E-013
           5          44   2.6832523840751705E-013
           5          45  -2.9823557158131431E-014
           5          46   2.6199781065873301E-013
           5          47  -1.7403457391013739E-012
           5          48  -1.4225917129825417E-013
           5          49   7.0559320646041837E-013
           6           1   2.0931430647700814E-002
           6           2   9.5995548336925730E-003
           6           3  -5.4114396354996590E-002
           6           4  0.10687504575919682     
           6           5   6.2559528159880265E-002
           6           6   2.1787421655677250E-002
           6           7   1.9357434698873457E-010
           6           8   1.0726578538226186E-010
           6           9  -7.5239142730615379E-011
           6          10   9.4599640428309572E-011
           6          11   5.2557612376616246E-011
           6          12  -3.6837609861799480E-011
           6          13   9.6595435609559025E-012
           6          14   4.8376284943240973E-012
           6          15  -3.4907837299537875E-012
           6          16  -1.2292960805845188E-011
           6          17  -9.2235848599100435E-012
           6          18   5.9114763338374640E-012
           6          19  -1.3472219713604308E-011
           6          20  -8.9097641829140378E-012
           6          21   5.9547122384160164E-012
           6          22  -1.7815627844931098E-003
           6          23   2.8579502873455302E-004
           6          24  -6.6744890741879945E-004
           6          25   5.6137356340448853E-004
           6          26   2.6461091898943366E-003
           6          27   2.6672970190199912E-003
           6          28  -3.7334616823200117E-003
           6          29   4.2078424230958267E-004
           6          30  -2.0930925008140261E-003
           6          31   8.2654060684570277E-004
           6          32   3.8959934396361586E-003
           6          33   2.8168125120342576E-003
           6          34  -5.0870510269526974E-003
           6          35   1.7732332002164454E-005
           6          36  -5.0179154862096250E-003
           6          37   3.4835786479919440E-005
           6          38   1.6419745675688848E-004
           6          39  -4.8109869288792875E-003
           6          40  -3.2496855691304596E-012
           6          41  -7.1815912598561775E-013
           6          42  -1.4604125282136844E-012
           6          43  -1.6423059566865171E-012
           6          44   5.6683900585615486E-013
           6          45   7.8601216405421553E-014
           6          46   6.1950048805428787E-013
           6          47  -1.3820915353715620E-012
           6          48  -7.2628156554545173E-013
           6          49   1.1111817239358563E-012
           7           1   1.9582120926523428E-012
           7           2   8.2694776609950510E-012
           7           3  -1.6041895636672631E-012
           7           4  -1.0267523369321240E-010
           7           5   1.2910982656661432E-010
           7           6   1.9357434698873457E-010
           7           7   1.0491105681121100     
           7           8  -1.4362114577335001E-003
           7           9  -2.8210626286536500E-003
           7          10  0.51677915533718544     
           7          11  -6.0522006581593089E-004
           7          12  -1.1888085568899061E-003
           7          13   5.2829616502276418E-002
           7          14   1.0851793387916600E-003
           7          15   2.1316218723321633E-003
           7          16  -6.2022643605131982E-002
           7          17   4.5518275243335970E-003
           7          18   8.9406236695634272E-003
           7          19  -6.9430367512773636E-002
           7          20   2.9277454735112864E-003
           7          21   5.7511093671807952E-003
           7          22  -6.6996716616625588E-012
           7          23   4.9873483221408769E-013
           7          24   1.8374894649377059E-012
           7          25   4.5197484116545219E-012
           7          26  -1.0816458902944239E-011
           7          27   3.4107160191051660E-013
           7          28  -5.7223970254920464E-011
           7          29  -1.6366828462866685E-011
           7          30  -6.7187425139494972E-011
           7          31  -3.1643608714549755E-012
           7          32   5.9422703100907501E-012
           7          33  -6.4684622508914001E-011
           7          34  -5.8849241034794451E-011
           7          35   2.1600179175998442E-011
           7          36  -7.0336100126327085E-011
           7          37   6.3108043805052483E-012
           7          38  -7.8372114833536848E-012
           7          39  -6.0204584921123921E-011
           7          40  -1.8594236437633617E-002
           7          41  -3.9975069844417396E-005
           7          42  -8.0842426272541880E-003
           7          43  -3.3819432050509078E-004
           7          44  -7.8470394104681207E-005
           7          45   5.4981701003414428E-004
           7          46  -3.2616117959207336E-004
           7          47  -7.3913382805801450E-003
           7          48  -2.2965234183375109E-004
           7          49  -7.5727349555288208E-004
           8           1   2.0644058738750894E-012
           8           2   3.1921043421627107E-012
           8           3  -3.9410556868952095E-012
           8           4  -3.0139853172720312E-011
           8           5  -4.2925870321881869E-012
           8           6   1.0726578538226186E-010
           8           7  -1.4362114577335001E-003
           8           8   1.0426457003188379     
           8           9  -1.3297471738388114E-002
           8          10  -6.0522005166178342E-004
           8          11  0.51405483178034372     
           8          12  -5.6036011772381475E-003
           8          13   1.0851793855417430E-003
           8          14   5.7714529618685742E-002
           8          15   1.0047621692907804E-002
           8          16   4.5518273673835086E-003
           8          17  -4.1533902390471472E-002
           8          18   4.2143178262362857E-002
           8          19   2.9277454817636986E-003
           8          20  -5.6250896075032003E-002
           8          21   2.7108306639876314E-002
           8          22  -1.8952083454239482E-012
           8          23  -1.2467274900128501E-012
           8          24   1.7117015819112141E-012
           8          25   5.9040200232237776E-013
           8          26  -1.7934310715144525E-012
           8          27   2.3891324032316818E-013
           8          28  -1.4700457600939604E-011
           8          29  -1.2248555401900810E-012
           8          30  -1.0557579045651449E-011
           8          31  -5.0426264101366350E-012
           8          32  -6.7362665381387950E-013
           8          33  -9.3085569804470889E-012
           8          34  -2.4654687583067669E-011
           8          35   5.1486131068737978E-012
           8          36  -3.3615596959148122E-011
           8          37   6.6141208050547458E-012
           8          38   2.6881833077724777E-012
           8          39  -3.4250888572587332E-011
           8          40  -3.2236183261658089E-004
           8          41  -8.9675681715710200E-003
           8          42  -6.1216613080322191E-005
           8          43  -1.9591970966657983E-002
           8          44  -1.3407872537108548E-003
           8          45   6.8464832927776231E-005
           8          46  -5.6660930085533059E-004
           8          47  -2.2965213464280396E-004
           8          48  -8.4249840572994030E-003
           8          49  -3.5696339569920130E-003
           9           1  -1.2422369003757345E-012
           9           2  -2.4907151938206593E-012
           9           3   2.0854728255353200E-012
           9           4   2.6560404212332633E-011
           9           5  -1.1694116462998312E-011
           9           6  -7.5239142730615379E-011
           9           7  -2.8210626286536500E-003
           9           8  -1.3297471738388114E-002
           9           9   1.0232951438484066     
           9          10  -1.1888085507212329E-003
           9          11  -5.6036011644584631E-003
           9          12  0.50590044080731855     
           9          13   2.1316218931995779E-003
           9          14   1.0047621680982038E-002
           9          15   7.2335879042523296E-002
           9          16   8.9406236090050807E-003
           9          17   4.2143178255695378E-002
           9          18   1.9793120852684861E-002
           9          19   5.7511093671495372E-003
           9          20   2.7108306624445140E-002
           9          21  -1.6802766374409576E-002
           9          22   1.7496063518979475E-012
           9          23   8.2415743863037192E-013
           9          24  -7.3683146454507889E-013
           9          25  -4.6413762679208510E-013
           9          26   2.3181514171883755E-012
           9          27  -5.6240454400722531E-013
           9          28   1.3594205577704745E-011
           9          29   2.2549658865335357E-012
           9          30   1.2394701950140111E-011
           9          31   2.7178853106026702E-012
           9          32  -4.4991561757608042E-013
           9          33   1.1946983989441470E-011
           9          34   1.8845500811395326E-011
           9          35  -4.8999773858747727E-012
           9          36   2.4714128641392841E-011
           9          37  -3.9719252618614405E-012
           9          38  -4.5783333064418328E-013
           9          39   2.3760858864066940E-011
           9          40  -6.3308864347005086E-004
           9          41  -1.3407873222519245E-003
           9          42  -3.2616142788075957E-004
           9          43  -3.1308637726231285E-003
           9          44  -1.0918694501994472E-002
           9          45  -3.8559049830028471E-005
           9          46  -1.1069014466765122E-002
           9          47  -2.4508154127383648E-004
           9          48  -1.1552811790189414E-003
           9          49  -2.3430364983417839E-002
          10           1   8.4721538621389486E-013
          10           2   4.0316633460911347E-012
          10           3  -7.9592904303013575E-013
          10           4  -4.9970429068316012E-011
          10           5   6.2758071163833812E-011
          10           6   9.4599640428309572E-011
          10           7  0.51677915533718544     
          10           8  -6.0522005166178342E-004
          10           9  -1.1888085507212329E-003
          10          10  0.25466326591213484     
          10          11  -2.5204818983461065E-004
          10          12  -4.9509452659775581E-004
          10          13   2.4609484024373046E-002
          10          14   6.0408885184961778E-004
          10          15   1.1866147297075517E-003
          10          16  -3.6500622678046567E-002
          10          17   2.5062086571554492E-003
          10          18   4.9226612198052921E-003
          10          19  -3.8080466170544031E-002
          10          20   1.6113484029532479E-003
          10          21   3.1652535217613197E-003
          10          22  -3.2489792580223443E-012
          10          23   2.4704817817305251E-013
          10          24   8.8604647791232778E-013
          10          25   2.2076494752753400E-012
          10          26  -5.2657011867827669E-012
          10          27   1.6742806888076898E-013
          10          28  -2.7844230249135850E-011
          10          29  -7.9751988680149633E-012
          10          30  -3.2740318701346593E-011
          10          31  -1.5359867825850491E-012
          10          32   2.8975928656129408E-012
          10          33  -3.1492373192858400E-011
          10          34  -2.8721255790685765E-011
          10          35   1.0531354350156130E-011
          10          36  -3.4346790225249337E-011
          10          37   3.0489178431866331E-012
          10          38  -3.8028608462263377E-012
          10          39  -2.9369593444599862E-011
          10          40  -8.7993424578579147E-003
          10          41  -2.3494321410514403E-005
          10          42  -3.8114869639105983E-003
          10          43  -1.8589889340675340E-004
          10          44  -4.6121051256016725E-005
          10          45   2.9397958910324404E-004
          10          46  -1.7935883563215525E-004
          10          47  -3.4410005456168040E-003
          10          48  -1.2643526859531975E-004
          10          49  -4.1649613415250305E-004
          11           1   8.9831752614047480E-013
          11           2   1.5451124159236087E-012
          11           3  -1.8983256557946732E-012
          11           4  -1.4690468002291858E-011
          11           5  -2.1231205301732189E-012
          11           6   5.2557612376616246E-011
          11           7  -6.0522006581593089E-004
          11           8  0.51405483178034372     
          11           9  -5.6036011644584631E-003
          11          10  -2.5204818983461065E-004
          11          11  0.25352868708078430     
          11          12  -2.3336835322069899E-003
          11          13   6.0408887369901333E-004
          11          14   2.7328779504235047E-002
          11          15   5.5932312547012832E-003
          11          16   2.5062085805990777E-003
          11          17  -2.5219628135564127E-002
          11          18   2.3203807287776705E-002
          11          19   1.6113484072332609E-003
          11          20  -3.0826845418879395E-002
          11          21   1.4919665494394141E-002
          11          22  -9.1893192481170504E-013
          11          23  -6.1029269208782464E-013
          11          24   8.2776497297346510E-013
          11          25   2.9235313534842654E-013
          11          26  -8.6984838622315075E-013
          11          27   1.2147819280368268E-013
          11          28  -7.1717853747011764E-012
          11          29  -6.1116883429589332E-013
          11          30  -5.1837660825749634E-012
          11          31  -2.4550699156545473E-012
          11          32  -3.1734732754367134E-013
          11          33  -4.5501003339799345E-012
          11          34  -1.2087192812590361E-011
          11          35   2.5069776251922679E-012
          11          36  -1.6458722344261504E-011
          11          37   3.2144519705038798E-012
          11          38   1.3132586610340464E-012
          11          39  -1.6749743354149095E-011
          11          40  -1.7715574892318304E-004
          11          41  -4.2934895234392444E-003
          11          42  -3.5224518731803971E-005
          11          43  -9.3555230707119789E-003
          11          44  -7.3685400382936044E-004
          11          45   3.5762005768956087E-005
          11          46  -3.2603669270575613E-004
          11          47  -1.2643514437573418E-004
          11          48  -4.0100753996083179E-003
          11          49  -1.9632780352397891E-003
          12           1  -5.5682577533823291E-013
          12           2  -1.2047362588068323E-012
          12           3   9.9772459860097096E-013
          12           4   1.2940272674028028E-011
          12           5  -5.6645996205242668E-012
          12           6  -3.6837609861799480E-011
          12           7  -1.1888085568899061E-003
          12           8  -5.6036011772381475E-003
          12           9  0.50590044080731855     
          12          10  -4.9509452659775581E-004
          12          11  -2.3336835322069899E-003
          12          12  0.25013269883549155     
          12          13   1.1866147397441569E-003
          12          14   5.5932312483313006E-003
          12          15   3.5468077564559608E-002
          12          16   4.9226611912618979E-003
          12          17   2.3203807285610181E-002
          12          18   8.5467001530847592E-003
          12          19   3.1652535223661940E-003
          12          20   1.4919665487646604E-002
          12          21  -9.1156816939766822E-003
          12          22   8.4922894267414872E-013
          12          23   4.0459199685408192E-013
          12          24  -3.5195197600053413E-013
          12          25  -2.2644384862156999E-013
          12          26   1.1288771593562471E-012
          12          27  -2.8002299997307308E-013
          12          28   6.6239541654919864E-012
          12          29   1.1049291181266204E-012
          12          30   6.0581476863200215E-012
          12          31   1.3210499975947297E-012
          12          32  -2.2632167499974988E-013
          12          33   5.8278535355459519E-012
          12          34   9.2249820035971355E-012
          12          35  -2.3869198648213410E-012
          12          36   1.2090800461559455E-011
          12          37  -1.9276560792231517E-012
          12          38  -2.2603078755750182E-013
          12          39   1.1610973552994816E-011
          12          40  -3.4791762643456990E-004
          12          41  -7.3685404754106126E-004
          12          42  -1.7935899387750733E-004
          12          43  -1.7209763897646144E-003
          12          44  -5.3657664583520604E-003
          12          45  -2.2335176797948303E-005
          12          46  -5.4528385861410296E-003
          12          47  -1.3812858318314734E-004
          12          48  -6.5111840488887374E-004
          12          49  -1.1490767265058301E-002
          13           1   3.2866838031563722E-013
          13           2   8.8130833079976753E-013
          13           3  -1.2890575418159606E-012
          13           4  -5.4494017027180250E-012
          13           5   1.2792456372911006E-011
          13           6   9.6595435609559025E-012
          13           7   5.2829616502276418E-002
          13           8   1.0851793855417430E-003
          13           9   2.1316218931995779E-003
          13          10   2.4609484024373046E-002
          13          11   6.0408887369901333E-004
          13          12   1.1866147397441569E-003
          13          13   2.5187671382514515E-002
          13          14  -8.4053574822221346E-004
          13          15  -1.6511263101552944E-003
          13          16   9.1667323791278552E-002
          13          17  -3.8619680093969549E-003
          13          18  -7.5858454916614857E-003
          13          19   5.8307682093000621E-002
          13          20  -2.5539235887672629E-003
          13          21  -5.0169483366539237E-003
          13          22  -6.6863342773543207E-013
          13          23   6.2010309487280789E-015
          13          24   2.9762083090672971E-013
          13          25   2.5178934882576841E-013
          13          26  -8.0453169289679962E-013
          13          27   1.0965529681835442E-014
          13          28  -4.5979231839995818E-012
          13          29  -1.2464553303218982E-012
          13          30  -4.6401770201071734E-012
          13          31  -3.0448553193942181E-013
          13          32   4.3363220950098450E-013
          13          33  -4.8044449404679318E-012
          13          34  -3.4435292282188117E-012
          13          35   1.5263902282781312E-012
          13          36  -3.8932892533195213E-012
          13          37   8.6373035089776753E-013
          13          38  -8.2959345558206143E-013
          13          39  -3.7584247184325902E-012
          13          40  -6.7141011729101498E-003
          13          41   3.0538644556434225E-005
          13          42  -3.1389681174211746E-003
          13          43   2.2064381501666556E-004
          13          44   5.9948918936647129E-005
          13          45  -3.2409653470177196E-004
          13          46   2.1976976838908085E-004
          13          47  -3.5474091664020042E-003
          13          48   1.6862106261409624E-004
          13          49   5.1636035534219468E-004
          14           1   3.0641975954919814E-013
          14           2   3.6786039203382029E-013
          14           3  -8.2787956421437256E-013
          14           4  -1.2744365121041930E-012
          14           5   1.2773114636006676E-012
          14           6   4.8376284943240973E-012
          14           7   1.0851793387916600E-003
          14           8   5.7714529618685742E-002
          14           9   1.0047621680982038E-002
          14          10   6.0408885184961778E-004
          14          11   2.7328779504235047E-002
          14          12   5.5932312483313006E-003
          14          13  -8.4053574822221346E-004
          14          14   2.1403886052597375E-002
          14          15  -7.7826888084641362E-003
          14          16  -3.8619680217299186E-003
          14          17   7.4283270221853437E-002
          14          18  -3.5756934099980271E-002
          14          19  -2.5539235863594979E-003
          14          20   4.6810654019326291E-002
          14          21  -2.3647605382580983E-002
          14          22  -2.4973334655909703E-013
          14          23  -7.0901736468251535E-016
          14          24   2.7832094571222070E-013
          14          25   4.4365610933517140E-015
          14          26  -1.7390962074940878E-013
          14          27   2.2208226231166091E-014
          14          28  -1.2123319337618564E-012
          14          29   1.2057249083803098E-013
          14          30  -4.6064012979448970E-013
          14          31  -3.8988289367367538E-013
          14          32  -1.0204477015776839E-013
          14          33  -6.1062994803559747E-013
          14          34  -1.1120174242277817E-012
          14          35   4.3906329184008943E-013
          14          36  -1.6778888580943155E-012
          14          37   6.1513323563596129E-013
          14          38   1.3507371012655081E-013
          14          39  -1.9787148710537048E-012
          14          40   2.0652023282682067E-004
          14          41  -2.5841725733974489E-003
          14          42   4.9487947772978937E-005
          14          43  -6.0322029051769069E-003
          14          44   8.6050793477333756E-004
          14          45  -2.5777309626497771E-005
          14          46   4.5806771000824208E-004
          14          47   1.6862054870834292E-004
          14          48  -2.7884575979526816E-003
          14          49   2.4340211475511520E-003
          15           1  -1.9847596636474965E-013
          15           2  -3.1409242933297593E-013
          15           3   6.4500096650869580E-013
          15           4   1.2094254979298061E-012
          15           5  -2.0472204752956057E-012
          15           6  -3.4907837299537875E-012
          15           7   2.1316218723321633E-003
          15           8   1.0047621692907804E-002
          15           9   7.2335879042523296E-002
          15          10   1.1866147297075517E-003
          15          11   5.5932312547012832E-003
          15          12   3.5468077564559608E-002
          15          13  -1.6511263101552944E-003
          15          14  -7.7826888084641362E-003
          15          15   1.0078484677614574E-002
          15          16  -7.5858454940466568E-003
          15          17  -3.5756934096184453E-002
          15          18   2.2249575545673528E-002
          15          19  -5.0169483316694751E-003
          15          20  -2.3647605376898563E-002
          15          21   1.2398569068292301E-002
          15          22   2.0451954088953938E-013
          15          23   1.8193649017273973E-014
          15          24  -1.4816259531106983E-013
          15          25  -4.8090373274172144E-015
          15          26   1.9291599915448468E-013
          15          27  -4.3809803364389306E-014
          15          28   1.1087130278103013E-012
          15          29   6.2738542414126281E-014
          15          30   7.1747181212593050E-013
          15          31   2.1658639784476007E-013
          15          32  -7.4052112340347672E-015
          15          33   8.4530717833115613E-013
          15          34   9.3448437347406601E-013
          15          35  -3.8425706009172791E-013
          15          36   1.2761871802194342E-012
          15          37  -4.0058012279334422E-013
          15          38   2.5743803860471536E-014
          15          39   1.4008518485760567E-012
          15          40   4.0557567762756759E-004
          15          41   8.6050816786243116E-004
          15          42   2.1977060401213999E-004
          15          43   2.0425992313505541E-003
          15          44  -1.3319524658116538E-003
          15          45   5.2369134263109385E-005
          15          46  -1.1277972523063215E-003
          15          47   2.0858133166109155E-004
          15          48   9.8321508605594596E-004
          15          49  -3.2311321320174996E-003
          16           1   7.3533812852782040E-013
          16           2   9.6509036677278135E-013
          16           3  -2.6023652108652920E-012
          16           4   6.2348541989376378E-013
          16           5   1.6670325606157235E-011
          16           6  -1.2292960805845188E-011
          16           7  -6.2022643605131982E-002
          16           8   4.5518273673835086E-003
          16           9   8.9406236090050807E-003
          16          10  -3.6500622678046567E-002
          16          11   2.5062085805990777E-003
          16          12   4.9226611912618979E-003
          16          13   9.1667323791278552E-002
          16          14  -3.8619680217299186E-003
          16          15  -7.5858454940466568E-003
          16          16  0.40252718927172559     
          16          17  -1.7501651650960150E-002
          16          18  -3.4375270048087297E-002
          16          19  0.26416396232953793     
          16          20  -1.1539502895528367E-002
          16          21  -2.2666821463294969E-002
          16          22  -1.0401259891138589E-012
          16          23  -1.1066101226955751E-013
          16          24   7.0673787375175352E-013
          16          25  -1.6821356896007284E-013
          16          26  -4.6829869621329256E-013
          16          27  -1.1047184772037431E-013
          16          28  -3.9508800325333736E-012
          16          29  -8.1071603497409499E-013
          16          30  -1.4306319354041982E-012
          16          31  -4.2456147682746367E-013
          16          32   2.1076593396091469E-013
          16          33  -2.8052998868652727E-012
          16          34   1.5398749146428722E-012
          16          35   5.7134338029684852E-013
          16          36   2.7636881212668919E-012
          16          37   1.9265628785751391E-012
          16          38  -1.3577559488020473E-012
          16          39   5.9835083786046591E-013
          16          40  -2.3212291447456544E-002
          16          41   1.4395646035578056E-004
          16          42  -1.1017213129867077E-002
          16          43   1.0303616417779258E-003
          16          44   2.8254498959078467E-004
          16          45  -1.5127609780683626E-003
          16          46   1.0220196973140111E-003
          16          47  -1.2923664623277258E-002
          16          48   7.7608779381442745E-004
          16          49   2.3977095080594023E-003
