           1           1   2.4143856682212896     
           1           2  -1.0393394773455893     
           1           3  -1.3241707509518770     
           1           4  -4.6383745145671229     
           1           5  0.31120010253455338     
           1           6 -0.29993141036025728     
           1           7   6.9164351183353262E-013
           1           8   1.7235151550658209E-013
           1           9  -6.1572725432094966E-013
           1          10  -1.4388132187820371E-012
           1          11  -3.6504048990346819E-013
           1          12   1.3910410508747790E-013
           1          13   3.1904931012984444E-012
           1          14   8.7037241138543909E-013
           1          15  -4.6611958905372166E-013
           1          16  -2.0683815911239707E-013
           1          17  -5.3401800866909449E-014
           1          18   2.5232374622137941E-014
           1          19   4.0224043782709307E-014
           1          20   7.8813919279903000E-015
           1          21  -4.3936998530773026E-015
           1          22   2.3360488761692948     
           1          23   8.4245446082532338E-014
           1          24   2.3360488761693396     
           1          25  -1.0387189624067171E-013
           1          26   6.7534194293698769E-015
           1          27   2.3360488761692917     
           1          28  0.78626799413502879     
           1          29  -2.5157714508217518E-014
           1          30  0.78626799413503023     
           1          31   4.6419883137461810E-014
           1          32  -9.8977031459175684E-015
           1          33  0.78626799413504833     
           1          34 -0.13289299327103138     
           1          35   8.6490757804157980E-015
           1          36 -0.13289299327103948     
           1          37  -1.4819026662532643E-014
           1          38   7.1627388323578866E-015
           1          39 -0.13289299327104631     
           1          40  0.10042895851842154     
           1          41  -2.5212625508997832E-015
           1          42  0.10042895851842262     
           1          43  -1.8690137301715702E-015
           1          44  -2.1353934664130825E-015
           1          45  0.10042895851842681     
           1          46  -1.5563561278022656E-012
           1          47  -1.9174600361664228E-013
           1          48  -6.9976937626984018E-013
           1          49  -4.3091987352696291E-013
           1          50   1.0553194502829434E-013
           1          51   4.3707148167210833E-016
           1          52   1.0744589631889881E-013
           1          53  -6.9727469414809228E-013
           1          54  -1.9392047458333638E-013
           1          55   2.3838567525098569E-013
           2           1  -1.0393394773455893     
           2           2   2.9053585305479741     
           2           3   2.9772068376730392     
           2           4   8.0165935261022039     
           2           5 -0.51903261712470050     
           2           6  0.53880303163609489     
           2           7  -1.7979943508753152E-012
           2           8  -5.3680251645606007E-013
           2           9   2.1560803065848080E-012
           2          10   2.3427693682146974E-012
           2          11   8.2782755389479477E-013
           2          12  -1.1603028539114114E-012
           2          13  -5.4288644151722612E-012
           2          14  -1.9686977866703619E-012
           2          15   3.0176121852339098E-012
           2          16   3.4478742556150429E-013
           2          17   1.2292470867302273E-013
           2          18  -1.8587760771526745E-013
           2          19  -6.7715072483606992E-014
           2          20  -2.3671400533734547E-014
           2          21   3.8214068958590888E-014
           2          22  -4.2502689468454555     
           2          23  -4.8377444958068317E-014
           2          24  -4.2502689468453951     
           2          25   1.2848328867666448E-013
           2          26  -3.6417859652031181E-014
           2          27  -4.2502689468453951     
           2          28  -1.3636338565857713     
           2          29   7.4644096010582019E-015
           2          30  -1.3636338565858153     
           2          31  -5.3197898007397473E-014
           2          32   2.2718988492046192E-014
           2          33  -1.3636338565858226     
           2          34  0.22182223219088973     
           2          35   7.0912983721219264E-015
           2          36  0.22182223219092673     
           2          37   1.1841686360402628E-014
           2          38  -1.2875540910852417E-014
           2          39  0.22182223219092692     
           2          40 -0.18136292684213645     
           2          41  -6.7036112503392487E-015
           2          42 -0.18136292684214866     
           2          43   8.3389853339620211E-015
           2          44   3.8345105093839398E-015
           2          45 -0.18136292684215155     
           2          46   2.6684127069068292E-012
           2          47   4.3379803330511671E-013
           2          48   1.1972196580533988E-012
           2          49   9.7250423194148136E-013
           2          50  -6.7079032029097578E-013
           2          51   1.9661449048704378E-015
           2          52  -6.7269085161618916E-013
           2          53   1.1938415963593933E-012
           2          54   4.3873456706876268E-013
           2          55  -1.5037654595712267E-012
           3           1  -1.3241707509518770     
           3           2   2.9772068376730392     
           3           3   3.9953694805501394     
           3           4   2.8046843433891171     
           3           5  -7.1935275170695201E-002
           3           6  0.26890129168645993     
           3           7  -4.1963248215425648E-012
           3           8  -1.8434729884329605E-012
           3           9   3.5604683050277709E-012
           3          10   1.2092977258232265E-011
           3          11   6.1503074080722722E-012
           3          12  -2.9386913106157575E-012
           3          13  -2.6029891952634031E-011
           3          14  -1.3201654448057275E-011
           3          15   7.0814508128450037E-012
           3          16   1.7145858977294717E-012
           3          17   8.7016534370736633E-013
           3          18  -4.4935780356646015E-013
           3          19  -3.5290192051702090E-013
           3          20  -1.7935982253869249E-013
           3          21   9.2576388558490576E-014
           3          22  -2.5001664356743110     
           3          23  -1.6528374119309930E-013
           3          24  -2.5001664356728464     
           3          25   8.2559303443679505E-013
           3          26  -5.0599410577454290E-013
           3          27  -2.5001664356727242     
           3          28 -0.48727227326155031     
           3          29   5.0489512573877749E-014
           3          30 -0.48727227326203815     
           3          31  -2.7286510968340279E-013
           3          32   1.7321518031253710E-013
           3          33 -0.48727227326208211     
           3          34   3.2145420672415409E-002
           3          35  -1.5994949683135815E-014
           3          36   3.2145420672626712E-002
           3          37   1.0980829534374645E-013
           3          38  -7.5329619601464427E-014
           3          39   3.2145420672640146E-002
           3          40  -9.4966879282032318E-002
           3          41   2.4637271121507764E-015
           3          42  -9.4966879282098265E-002
           3          43  -2.8090396089357697E-014
           3          44   2.4042307275944112E-014
           3          45  -9.4966879282103983E-002
           3          46   1.2666871625491619E-011
           3          47   2.8754527468145923E-012
           3          48   5.6688392613949964E-012
           3          49   6.4232032935073009E-012
           3          50  -1.5609116423067538E-012
           3          51   2.0194416008849103E-015
           3          52  -1.5638389540031956E-012
           3          53   5.6654492424549559E-012
           3          54   2.8743338785022683E-012
           3          55  -3.4963939057622597E-012
           4           1  -4.6383745145671229     
           4           2   8.0165935261022039     
           4           3   2.8046843433891171     
           4           4   58.481787108146975     
           4           5  -4.4821107298832956     
           4           6   3.4141991941047931     
           4           7  -5.2006767388513826E-012
           4           8  -2.1575179893829195E-012
           4           9   4.9043410198766451E-012
           4          10   1.4636415950487534E-011
           4          11   6.3457765884574096E-012
           4          12   2.0149392457392147E-012
           4          13  -3.2272896771065875E-011
           4          14  -1.4349394321168634E-011
           4          15  -2.6842272978959496E-012
           4          16   2.1015733335508905E-012
           4          17   9.2252402975718769E-013
           4          18   2.2528224916174753E-013
           4          19  -4.1888134806112439E-013
           4          20  -1.7911531802159555E-013
           4          21  -4.6371213495121502E-014
           4          22  -24.540647623276890     
           4          23  -2.2179228087139910E-012
           4          24  -24.540647623278119     
           4          25   3.0148145732673175E-012
           4          26  -5.4610763667385299E-013
           4          27  -24.540647623275994     
           4          28  -9.8803424850675583     
           4          29   6.7510684878349473E-013
           4          30  -9.8803424850673434     
           4          31  -1.0908215978368638E-012
           4          32   2.3878823845356923E-013
           4          33  -9.8803424850680805     
           4          34   1.9067065564545320     
           4          35  -2.2366010275845111E-013
           4          36   1.9067065564545653     
           4          37   3.8573207475237790E-013
           4          38  -1.1518790573734966E-013
           4          39   1.9067065564548809     
           4          40  -1.1208298690814993     
           4          41   5.1323788209577001E-014
           4          42  -1.1208298690815250     
           4          43  -5.6670928561810666E-014
           4          44   3.6375951395472035E-014
           4          45  -1.1208298690816456     
           4          46   1.5758120405517773E-011
           4          47   3.1191725072714493E-012
           4          48   7.0613438171141710E-012
           4          49   7.0397308213440148E-012
           4          50   5.3248082588476684E-013
           4          51   3.5133974336430586E-015
           4          52   5.3125520418085673E-013
           4          53   7.0494569759906094E-012
           4          54   3.1716496035505325E-012
           4          55   1.1917363608437682E-012
           5           1  0.31120010253455338     
           5           2 -0.51903261712470050     
           5           3  -7.1935275170695201E-002
           5           4  -4.4821107298832956     
           5           5  0.34881894289859983     
           5           6 -0.25777430251223399     
           5           7  -1.3863922176483331E-011
           5           8  -1.5219812603435097E-012
           5           9  -1.5349473023427622E-012
           5          10   6.5344471027581594E-011
           5          11   1.1912850624512190E-011
           5          12   1.5503187780491246E-012
           5          13  -1.3785609615985922E-010
           5          14  -2.4787886083710888E-011
           5          15  -3.6312924100644896E-012
           5          16   9.1737771169996069E-012
           5          17   1.6582804505780703E-012
           5          18   2.3228417717934211E-013
           5          19  -1.9067748770957509E-012
           5          20  -3.4529700781546187E-013
           5          21  -4.8379081798022458E-014
           5          22   1.8317818252203895     
           5          23  -1.4760343790318808E-013
           5          24   1.8317818252225269     
           5          25  -2.0722011368460126E-013
           5          26   1.1611442899564135E-013
           5          27   1.8317818252211355     
           5          28  0.75674568574787571     
           5          29   5.2404231189218163E-014
           5          30  0.75674568574718892     
           5          31   7.5877013040062209E-014
           5          32  -4.2497399252744234E-014
           5          33  0.75674568574764867     
           5          34 -0.14833154954250494     
           5          35  -2.6287613178408781E-014
           5          36 -0.14833154954222738     
           5          37  -2.6364078548555558E-014
           5          38   1.8851493877004025E-014
           5          39 -0.14833154954242012     
           5          40   8.4375440207067900E-002
           5          41   1.0075808594404007E-014
           5          42   8.4375440206979291E-002
           5          43   3.4630015860472824E-015
           5          44  -6.0466386750298720E-015
           5          45   8.4375440207043101E-002
           5          46   6.6897115370954411E-011
           5          47   5.3711302058161917E-012
           5          48   2.9916347030202009E-011
           5          49   1.2004869809589706E-011
           5          50   7.9918958649897425E-013
           5          51  -2.0320400370561718E-016
           5          52   7.9917525493819689E-013
           5          53   2.9917152090498428E-011
           5          54   5.3669717193116670E-012
           5          55   1.7867310372582134E-012
           6           1 -0.29993141036025728     
           6           2  0.53880303163609489     
           6           3  0.26890129168645993     
           6           4   3.4141991941047931     
           6           5 -0.25777430251223399     
           6           6  0.20218769208172277     
           6           7  -9.9625582367132956E-012
           6           8  -1.0964238521402506E-012
           6           9   3.6955255043203738E-014
           6          10   4.0644597559088040E-011
           6          11   6.2322320358670618E-012
           6          12   9.6530475784315113E-013
           6          13  -8.6228479765520738E-011
           6          14  -1.3128218289561478E-011
           6          15  -1.9666155283821083E-012
           6          16   5.7252704722310543E-012
           6          17   8.7343032704753882E-013
           6          18   1.3307151902500729E-013
           6          19  -1.1882029262334683E-012
           6          20  -1.8064987014647431E-013
           6          21  -2.7647715788925903E-014
           6          22  -1.4687330318332128     
           6          23  -3.4381058408590528E-013
           6          24  -1.4687330318332084     
           6          25  -3.8873446246683796E-013
           6          26   4.1745669157330454E-013
           6          27  -1.4687330318335936     
           6          28 -0.57718624337602531     
           6          29   1.0969000220412587E-013
           6          30 -0.57718624337603741     
           6          31   1.2166358129084154E-013
           6          32  -1.3334920163010783E-013
           6          33 -0.57718624337591384     
           6          34  0.10970016496105314     
           6          35  -4.2351783509395739E-014
           6          36  0.10970016496106552     
           6          37  -5.4933716453678999E-014
           6          38   5.4746583440858177E-014
           6          39  0.10970016496101404     
           6          40  -6.6557367992769761E-002
           6          41   1.2438722033309081E-014
           6          42  -6.6557367992774563E-002
           6          43   2.1896602476519359E-014
           6          44  -1.7798278077427999E-014
           6          45  -6.6557367992758992E-002
           6          46   4.1876519917588186E-011
           6          47   2.8472278608120331E-012
           6          48   1.8728662941999666E-011
           6          49   6.3701306269355816E-012
           6          50   4.2458454190327555E-013
           6          51   2.5615369560776892E-016
           6          52   4.2443535657939974E-013
           6          53   1.8727892546360725E-011
           6          54   2.8501929531289327E-012
           6          55   9.4929565022303818E-013
           7           1   6.9164351183353262E-013
           7           2  -1.7979943508753152E-012
           7           3  -4.1963248215425648E-012
           7           4  -5.2006767388513826E-012
           7           5  -1.3863922176483331E-011
           7           6  -9.9625582367132956E-012
           7           7   2.7424804993442491     
           7           8   7.7438055967528938E-015
           7           9   7.0221606307546547E-015
           7          10  -3.8769327437364725     
           7          11   3.3062441673343442E-013
           7          12  -1.0484668688803383E-013
           7          13   8.7580764868610554     
           7          14  -1.0179634912789559E-012
           7          15   5.4029003493380719E-013
           7          16 -0.56886118271870456     
           7          17   5.1438020509670835E-014
           7          18  -8.2002113432896695E-014
           7          19  0.11830558356925072     
           7          20   5.2197829392138591E-015
           7          21  -5.6376778245769989E-014
           7          22   5.8299966181937459E-012
           7          23   8.7684766507260166E-014
           7          24   5.6737123588120655E-012
           7          25   2.0860964745686709E-013
           7          26  -1.9155013694795661E-013
           7          27   4.9620756535205664E-012
           7          28   2.9445343200843656E-012
           7          29   1.3024161158104806E-013
           7          30   3.0748863179777870E-012
           7          31  -2.4158628257034995E-013
           7          32   7.7316649966903110E-014
           7          33   3.0289227105710652E-012
           7          34   5.6211938192626171E-012
           7          35  -2.7179082056644922E-015
           7          36   5.4357116499512075E-012
           7          37   7.0988263841355546E-014
           7          38  -6.8510389707808895E-014
           7          39   5.7325926767604882E-012
           7          40   3.8559756761093294E-012
           7          41  -1.0245123510203523E-013
           7          42   3.8882096725654502E-012
           7          43  -1.1011630365951448E-013
           7          44   1.0777569284279630E-013
           7          45   3.9150832844624500E-012
           7          46  -4.2887925052475664     
           7          47   1.7053025658245812E-013
           7          48  -1.9180063166249948     
           7          49   5.2663429173101722E-013
           7          50  -3.0614399904032892E-014
           7          51  -8.0752237940789335E-014
           7          52  -1.3180428970471079E-013
           7          53  -1.9180063166251375     
           7          54   2.6634250360760817E-013
           7          55  -2.3096802248544444E-013
           8           1   1.7235151550658209E-013
           8           2  -5.3680251645606007E-013
           8           3  -1.8434729884329605E-012
           8           4  -2.1575179893829195E-012
           8           5  -1.5219812603435097E-012
           8           6  -1.0964238521402506E-012
           8           7   7.7438055967528938E-015
           8           8   2.7424804993443943     
           8           9   2.6649255718824007E-014
           8          10  -1.6653345369309377E-014
           8          11  -3.8769327437382493     
           8          12  -2.5881727316879529E-013
           8          13  -2.2948309919018505E-013
           8          14   8.7580764868670418     
           8          15   9.7296476431200825E-013
           8          16   4.9453496853155803E-014
           8          17 -0.56886118271909680     
           8          18  -5.7725525748347219E-014
           8          19  -2.3562748974198685E-014
           8          20  0.11830558356937251     
           8          21   3.1588772396450891E-014
           8          22   1.9906236628181628E-012
           8          23   4.7352739068322183E-013
           8          24   1.9616401254371260E-012
           8          25   7.9165841691620650E-014
           8          26  -1.1903829990560507E-013
           8          27   1.3126206748823805E-012
           8          28   5.2820661070881298E-013
           8          29  -1.2703473454511852E-013
           8          30   5.6160255790443101E-013
           8          31  -5.4630268499970492E-014
           8          32   3.8689806148599174E-014
           8          33   6.9062837366571701E-013
           8          34   6.3661529229706884E-013
           8          35  -6.1040666883157532E-016
           8          36   5.8130804535026991E-013
           8          37   4.7605857676665693E-014
           8          38  -1.8806352114500801E-014
           8          39   5.2083348051350381E-013
           8          40   4.2819058676115298E-013
           8          41  -6.5520708644923678E-015
           8          42   4.4374465747550660E-013
           8          43  -5.1350562441734096E-014
           8          44   1.2902141595833446E-014
           8          45   4.4549780156400655E-013
           8          46   1.7141843500220394E-013
           8          47  -1.9180063166264782     
           8          48   2.4508173268632403E-014
           8          49  -4.2887925052507052     
           8          50  -2.2946835404048344E-013
           8          51  -1.4307241544764353E-014
           8          52  -2.2383744163746546E-013
           8          53   6.3393734706134594E-014
           8          54  -1.9180063166264223     
           8          55  -5.4642401714490419E-013
           9           1  -6.1572725432094966E-013
           9           2   2.1560803065848080E-012
           9           3   3.5604683050277709E-012
           9           4   4.9043410198766451E-012
           9           5  -1.5349473023427622E-012
           9           6   3.6955255043203738E-014
           9           7   7.0221606307546547E-015
           9           8   2.6649255718824007E-014
           9           9   2.7424804993445719     
           9          10   3.4749980670763670E-014
           9          11  -7.9268189234755088E-014
           9          12  -3.8769327437398791     
           9          13  -4.2787995369052786E-013
           9          14  -7.2226946645782078E-014
           9          15   8.7580764868723655     
           9          16  -1.3046855262821907E-014
           9          17  -9.1396942097920334E-014
           9          18 -0.56886118271934361     
           9          19  -1.0567935415650392E-014
           9          20  -1.3664850501138386E-014
           9          21  0.11830558356944870     
           9          22  -3.2862725361428403E-012
           9          23   7.5285781186889639E-014
           9          24  -3.0672579471929772E-012
           9          25  -1.1419029693661176E-014
           9          26  -3.1552523899778960E-014
           9          27  -3.1523428806787422E-012
           9          28  -6.2210126213564660E-013
           9          29  -4.4182119453615529E-014
           9          30  -6.8941764632580444E-013
           9          31   1.7338535569424985E-014
           9          32  -7.6177024991551539E-015
           9          33  -6.1540334418935780E-013
           9          34   5.4950160977848375E-013
           9          35   1.2790344175585753E-014
           9          36   6.1088423079817474E-013
           9          37  -1.4389286392779441E-014
           9          38   4.2007468975170891E-014
           9          39   5.2053094921374236E-013
           9          40   2.8067472118324893E-014
           9          41   1.1988378144112770E-014
           9          42   7.7104121193813838E-014
           9          43  -9.6125604007412982E-015
           9          44  -5.8255583494442178E-014
           9          45   6.5900244434201496E-014
           9          46   2.1455059950880794E-013
           9          47   4.9833401294388451E-014
           9          48   1.3689049893628049E-013
           9          49   7.5883743733135256E-014
           9          50  -1.9180063166277297     
           9          51  -5.1929926221988198E-014
           9          52  -1.9180063166275962     
           9          53   1.1672607325152568E-013
           9          54   1.7862447632135808E-014
           9          55  -4.2887925052535127     
          10           1  -1.4388132187820371E-012
          10           2   2.3427693682146974E-012
          10           3   1.2092977258232265E-011
          10           4   1.4636415950487534E-011
          10           5   6.5344471027581594E-011
          10           6   4.0644597559088040E-011
          10           7  -3.8769327437364725     
          10           8  -1.6653345369309377E-014
          10           9   3.4749980670763670E-014
          10          10   17.805508434957979     
          10          11  -2.2213342276705875E-012
          10          12   9.0683016651376950E-013
          10          13  -37.609635945122974     
          10          14   6.2847504977994578E-012
          10          15  -3.9439562726781177E-012
          10          16   2.5014612509777741     
          10          17  -4.7573056605245040E-014
          10          18   4.4050874059561589E-013
          10          19 -0.51959141629436434     
          10          20   3.4708347307346310E-014
          10          21   2.7737187546783267E-013
          10          22  -2.1051027611065350E-011
          10          23  -1.2436902041391016E-012
          10          24  -2.0394542821712075E-011
          10          25  -1.4987029825012831E-012
          10          26   1.3568098219622328E-012
          10          27  -1.5797340133464347E-011
          10          28  -1.1477905436599095E-011
          10          29  -4.4198368847684457E-013
          10          30  -1.2514483524474260E-011
          10          31   1.6859490951426367E-012
          10          32  -2.3442784386727280E-013
          10          33  -1.2270909612462069E-011
          10          34  -2.5944946928026216E-011
          10          35  -1.6019101207481548E-013
          10          36  -2.4955506079662185E-011
          10          37  -6.7577264446060506E-013
          10          38   3.7428303968432393E-014
          10          39  -2.6483576533093207E-011
          10          40  -1.5970913528934647E-011
          10          41   6.4983645175830109E-013
          10          42  -1.6381298350142870E-011
          10          43   9.4220379788504471E-013
          10          44  -2.2026943612109806E-013
          10          45  -1.6438234468028996E-011
          10          46   18.253873275349061     
          10          47  -1.0165202013471043E-012
          10          48   8.1633802992691393     
          10          49  -3.0264679651288553E-012
          10          50   6.0584870453788269E-013
          10          51   4.7057752049989259E-013
          10          52   4.7722936713504761E-013
          10          53   8.1633802992700062     
          10          54  -1.6469048347292603E-012
          10          55   2.1040946762694610E-012
          11           1  -3.6504048990346819E-013
          11           2   8.2782755389479477E-013
          11           3   6.1503074080722722E-012
          11           4   6.3457765884574096E-012
          11           5   1.1912850624512190E-011
          11           6   6.2322320358670618E-012
          11           7   3.3062441673343442E-013
          11           8  -3.8769327437382493     
          11           9  -7.9268189234755088E-014
          11          10  -2.2213342276705875E-012
          11          11   17.805508434973696     
          11          12   1.2582573871712018E-012
          11          13   6.4117600118166056E-012
          11          14  -37.609635945168414     
          11          15  -5.0803528051095304E-012
          11          16  -6.4248606435065433E-013
          11          17   2.5014612509805429     
          11          18   3.0007767104494358E-013
          11          19   2.4978630275289795E-013
          11          20 -0.51959141629533534     
          11          21  -2.2548065845006747E-013
          11          22  -7.7928724759072971E-012
          11          23  -3.5631770195716701E-012
          11          24  -7.8047828122336521E-012
          11          25  -3.5510286407418646E-013
          11          26   8.1014527532504405E-013
          11          27  -2.9869852661862360E-012
          11          28  -2.3385422797880465E-012
          11          29   1.0253067105201197E-012
          11          30  -2.5156598340817259E-012
          11          31   3.1774622876059508E-013
          11          32  -2.2829660148489831E-013
          11          33  -3.4830819013222280E-012
          11          34  -4.7482981708366534E-012
          11          35  -5.7025077902802631E-014
          11          36  -4.4217658392827621E-012
          11          37  -2.8867609798020151E-013
          11          38   9.1216885771403212E-014
          11          39  -3.9723721486261237E-012
          11          40  -2.5877974854379604E-012
          11          41   5.9984719085471529E-014
          11          42  -2.6998924828343119E-012
          11          43   3.4732460679193539E-013
          11          44  -6.0358547233181526E-014
          11          45  -2.6871034412893609E-012
          11          46  -3.5229597017412212E-012
          11          47   8.1633802992802096     
          11          48  -1.2361223156179256E-012
          11          49   18.253873275372488     
          11          50   1.2532475057725901E-012
          11          51   8.3810578921479968E-014
          11          52   1.1113193698620926E-012
          11          53  -1.4963585925901067E-012
          11          54   8.1633802992798383     
          11          55   2.9598684614386723E-012
          12           1   1.3910410508747790E-013
          12           2  -1.1603028539114114E-012
          12           3  -2.9386913106157575E-012
          12           4   2.0149392457392147E-012
          12           5   1.5503187780491246E-012
          12           6   9.6530475784315113E-013
          12           7  -1.0484668688803383E-013
          12           8  -2.5881727316879529E-013
          12           9  -3.8769327437398791     
          12          10   9.0683016651376950E-013
          12          11   1.2582573871712018E-012
          12          12   17.805508434984549     
          12          13  -1.0957901253048718E-012
          12          14  -2.0025370250922237E-012
          12          15  -37.609635945199258     
          12          16   4.5685677463316230E-014
          12          17   4.1004005746359177E-013
          12          18   2.5014612509821994     
          12          19  -2.6714741530041441E-014
          12          20  -1.1580797085186480E-013
          12          21 -0.51959141629576189     
          12          22   6.3821663186024730E-013
          12          23  -1.4490523148328145E-013
          12          24  -6.4093990581072755E-013
          12          25   1.4162667249382308E-013
          12          26   1.6446790993098698E-013
          12          27   3.2562219696370274E-013
          12          28  -7.8852977507662441E-013
          12          29   4.3895650534149970E-014
          12          30  -3.0548616466946437E-013
          12          31  -5.6918823297260664E-014
          12          32  -2.9037412487723763E-014
          12          33  -7.0700865442195313E-013
          12          34  -5.9193599559931575E-013
          12          35  -2.7759188655478168E-014
          12          36  -8.1934151122809943E-013
          12          37   5.7527655358014647E-014
          12          38   2.7530724078443141E-014
          12          39  -4.5074430703694726E-013
          12          40  -3.3574042137511370E-013
          12          41   3.0999017136571677E-014
          12          42  -3.6187366841694707E-013
          12          43  -4.3498049812741197E-014
          12          44  -4.7897742403645000E-015
          12          45  -5.1457929754756136E-013
          12          46   6.8789418605767298E-013
          12          47   3.1368657671398032E-013
          12          48   1.3067324999834402E-013
          12          49   7.4681927308983037E-013
          12          50   8.1633802992869899     
          12          51   2.4232013207475738E-013
          12          52   8.1633802992868176     
          12          53   1.8407497748281824E-013
          12          54   3.4304503682141185E-013
          12          55   18.253873275388191     
          13           1   3.1904931012984444E-012
          13           2  -5.4288644151722612E-012
          13           3  -2.6029891952634031E-011
          13           4  -3.2272896771065875E-011
          13           5  -1.3785609615985922E-010
          13           6  -8.6228479765520738E-011
          13           7   8.7580764868610554     
          13           8  -2.2948309919018505E-013
          13           9  -4.2787995369052786E-013
          13          10  -37.609635945122974     
          13          11   6.4117600118166056E-012
          13          12  -1.0957901253048718E-012
          13          13   79.611421926988911     
          13          14  -1.6861179119590535E-011
          13          15   6.5059069243026742E-012
          13          16  -5.2909582564906863     
          13          17   3.5915714846637627E-013
          13          18  -8.1262774287430639E-013
          13          19   1.0990555375226019     
          13          20  -1.2065348720114429E-013
          13          21  -6.0829119519211559E-013
          13          22   4.5145542704895522E-011
          13          23   2.4566993298585049E-012
          13          24   4.3550204797390022E-011
          13          25   3.3644951821533510E-012
          13          26  -2.9284069098529751E-012
          13          27   3.4344561062015318E-011
          13          28   2.4505878365767971E-011
          13          29   9.8162706464227101E-013
          13          30   2.6733951982323950E-011
          13          31  -3.6003331923942860E-012
          13          32   5.3375996427196639E-013
          13          33   2.6084439859235896E-011
          13          34   5.4768490977942082E-011
          13          35   3.1127869302278679E-013
          13          36   5.2659476087124656E-011
          13          37   1.4366611128727336E-012
          13          38  -1.0998279542068175E-013
          13          39   5.5933688826091601E-011
          13          40   3.3862355227431147E-011
          13          41  -1.3557889811109426E-012
          13          42   3.4721153580209133E-011
          13          43  -1.9720746214758220E-012
          13          44   4.8735004226296914E-013
          13          45   3.4827196437500771E-011
          13          46  -38.650887053212521     
          13          47   2.9318769634308739E-012
          13          48  -17.285202168329306     
          13          49   8.1410433949730087E-012
          13          50  -8.7241325275028039E-013
          13          51  -9.8746825899539835E-013
          13          52  -6.3948846218389569E-013
          13          53  -17.285202168331121     
          13          54   4.2503778274756909E-012
          13          55  -3.5333957981716718E-012
          14           1   8.7037241138543909E-013
          14           2  -1.9686977866703619E-012
          14           3  -1.3201654448057275E-011
          14           4  -1.4349394321168634E-011
          14           5  -2.4787886083710888E-011
          14           6  -1.3128218289561478E-011
          14           7  -1.0179634912789559E-012
          14           8   8.7580764868670418     
          14           9  -7.2226946645782078E-014
          14          10   6.2847504977994578E-012
          14          11  -37.609635945168414     
          14          12  -2.0025370250922237E-012
          14          13  -1.6861179119590535E-011
          14          14   79.611421927110499     
          14          15   9.2862384448732260E-012
          14          16   1.5742962489186549E-012
          14          17  -5.2909582564982562     
          14          18  -5.3888143947145296E-013
          14          19  -5.6912807799858043E-013
          14          20   1.0990555375249964     
          14          21   4.5174974871996433E-013
          14          22   1.6975989487668383E-011
          14          23   7.5949566650925887E-012
          14          24   1.7014618515014428E-011
          14          25   4.2247229140112344E-013
          14          26  -1.5555929240351135E-012
          14          27   6.5537131476710122E-012
          14          28   5.0266126327316568E-012
          14          29  -2.1891085248954821E-012
          14          30   5.3916546425576765E-012
          14          31  -5.5914565007329486E-013
          14          32   4.3349998877426352E-013
          14          33   7.5432979673084470E-012
          14          34   9.9040243718018323E-012
          14          35   1.3837308647805042E-013
          14          36   9.2221843073195426E-012
          14          37   5.6021247525942624E-013
          14          38  -1.7338355505502875E-013
          14          39   8.2287315274134278E-012
          14          40   5.4341477130186686E-012
          14          41  -1.3182221145331641E-013
          14          42   5.6672479389799082E-012
          14          43  -7.1179047053184772E-013
          14          44   1.2127401962822953E-013
          14          45   5.6595494696927160E-012
          14          46   9.0425444909685906E-012
          14          47  -17.285202168358214     
          14          48   3.3342217875549317E-012
          14          49  -38.650887053274403     
          14          50  -2.3283736050319196E-012
          14          51  -1.7584717447546388E-013
          14          52  -2.0359131047700890E-012
          14          53   3.8782310696213658E-012
          14          54  -17.285202168357440     
          14          55  -5.5379867358600604E-012
          15           1  -4.6611958905372166E-013
          15           2   3.0176121852339098E-012
          15           3   7.0814508128450037E-012
          15           4  -2.6842272978959496E-012
          15           5  -3.6312924100644896E-012
          15           6  -1.9666155283821083E-012
          15           7   5.4029003493380719E-013
          15           8   9.7296476431200825E-013
          15           9   8.7580764868723655     
          15          10  -3.9439562726781177E-012
          15          11  -5.0803528051095304E-012
          15          12  -37.609635945199258     
          15          13   6.5059069243026742E-012
          15          14   9.2862384448732260E-012
