           1           1   2.2060303462879869     
           1           2 -0.72831503915322737     
           1           3   9.5771936809854408E-002
           1           4  0.12637610945560529     
           1           5  -3.8482701472957688E-002
           1           6  -2.7125178756903665E-002
           1           7  -3.1376099130649050E-010
           1           8  -2.1692894772404508E-010
           1           9   2.1377039455955169E-010
           1          10  -2.8874095378185065E-011
           1          11   5.5610738964326229E-012
           1          12   1.3516004361055950E-011
           1          13   3.3692009642078573E-012
           1          14  -4.3791892199510747E-011
           1          15   6.6729289031289291E-012
           1          16   1.3076749175853158E-012
           1          17   2.1513527315712360E-012
           1          18   1.5930018399988666E-012
           1          19   1.4105354187469649E-012
           1          20   7.4491062823275175E-013
           1          21  -1.6649557992305542E-012
           1          22   1.4629054172583200E-002
           1          23  -3.4508977999225444E-007
           1          24   1.4641548594056310E-002
           1          25  -3.8969318724910737E-007
           1          26   1.9010600912297283E-006
           1          27   1.4641289913857998E-002
           1          28  -5.6440122383737547E-004
           1          29  -1.3404647915303347E-007
           1          30  -5.5949080960776565E-004
           1          31  -1.5483538736567532E-007
           1          32   7.4763406068313222E-007
           1          33  -5.5959269117451349E-004
           1          34   2.7959478915782574E-003
           1          35   3.3718181486997533E-007
           1          36   2.7840302280172213E-003
           1          37   3.6314165342688488E-007
           1          38  -1.8108210162732182E-006
           1          39   2.7842758711327763E-003
           1          40  -1.6455959001065670E-004
           1          41   1.1145293268639567E-007
           1          42  -1.6855042886217635E-004
           1          43   1.2316730964328146E-007
           1          44  -6.0698574294221195E-007
           1          45  -1.6846795242413131E-004
           1          46  -3.5305850059776770E-013
           1          47   1.0314226348724654E-011
           1          48   1.0247396512790306E-013
           1          49   2.3547551559506172E-011
           1          50  -2.3788684637553353E-012
           1          51   2.3947291926653674E-013
           1          52  -2.5465626520356147E-012
           1          53  -5.1610938739951650E-013
           1          54   1.0518689917119384E-011
           1          55  -5.9501829039430876E-012
           2           1 -0.72831503915322737     
           2           2   2.5605736995784891     
           2           3 -0.48244533302502141     
           2           4 -0.49722076972357410     
           2           5  0.15171293474395747     
           2           6  0.10899373080350813     
           2           7   1.5524691752075202E-009
           2           8   4.6738916204836654E-010
           2           9  -4.2355756771830532E-010
           2          10   1.1468839466676746E-010
           2          11  -1.4080561483321082E-011
           2          12  -4.3042364377104670E-011
           2          13  -1.7988243326985605E-010
           2          14   9.4759159821369517E-011
           2          15   7.0295372679666492E-011
           2          16   4.5776879512697272E-012
           2          17  -3.2234269486280357E-012
           2          18  -1.2193696843248324E-011
           2          19  -7.4106502601290115E-012
           2          20  -2.5905944379763869E-012
           2          21   6.1030155463468160E-012
           2          22  -2.1810197248645417E-002
           2          23   1.4609402060180594E-006
           2          24  -2.1863038592471434E-002
           2          25   1.6464820279941941E-006
           2          26  -8.0391015443838892E-006
           2          27  -2.1861944841399548E-002
           2          28  -1.9367486588171947E-003
           2          29   5.3780049964318258E-007
           2          30  -1.9564498910044715E-003
           2          31   6.2121000375231534E-007
           2          32  -2.9990875233546251E-006
           2          33  -1.9560412003326827E-003
           2          34  -1.4638737574178530E-002
           2          35  -1.2321492724468654E-006
           2          36  -1.4595220720149772E-002
           2          37  -1.3249747583005876E-006
           2          38   6.6115013423959177E-006
           2          39  -1.4596117500281502E-002
           2          40  -3.2549877221373629E-003
           2          41  -3.9568253504478225E-007
           2          42  -3.2408259620536183E-003
           2          43  -4.3683839120163267E-007
           2          44   2.1531137292092751E-006
           2          45  -3.2411185060139160E-003
           2          46   7.4550809843527316E-011
           2          47  -2.3694447884513961E-011
           2          48   3.2219977866790485E-011
           2          49  -5.4874537338862256E-011
           2          50  -1.0142644574922066E-011
           2          51  -4.3140841423115348E-013
           2          52  -9.6102891572575601E-012
           2          53   3.4869532996083881E-011
           2          54  -2.4533713794540702E-011
           2          55  -2.0767508405886171E-011
           3           1   9.5771936809854408E-002
           3           2 -0.48244533302502141     
           3           3  0.78466942795912042     
           3           4  0.63036446850007954     
           3           5 -0.26006974777304037     
           3           6 -0.20432313803749536     
           3           7  -1.6635123022298216E-009
           3           8  -3.6935933065493593E-010
           3           9   2.8965376067910849E-010
           3          10  -2.6887995696112928E-010
           3          11  -6.8270226249567165E-011
           3          12   1.7601554544471596E-010
           3          13   3.3730766565657486E-010
           3          14   5.1064700594209124E-011
           3          15  -1.7843893392619693E-010
           3          16  -7.8358964956938385E-012
           3          17  -5.8211304684624876E-012
           3          18   2.3532001677008279E-011
           3          19   1.3771920272125947E-011
           3          20   1.0254274190385016E-011
           3          21  -1.4865965482024354E-011
           3          22   3.7479583344483952E-002
           3          23  -2.3790312202143397E-006
           3          24   3.7565641658570660E-002
           3          25  -2.6818491894955714E-006
           3          26   1.3094167007661051E-005
           3          27   3.7563860109600056E-002
           3          28   1.2002364464083551E-002
           3          29  -2.2694561293782114E-007
           3          30   1.2011461346951907E-002
           3          31  -3.0961282578465708E-007
           3          32   1.3903415984667391E-006
           3          33   1.2011269863670595E-002
           3          34   1.2177439762568678E-002
           3          35   2.1243837870138271E-006
           3          36   1.2102383422851236E-002
           3          37   2.2860639328385182E-006
           3          38  -1.1402529711718359E-005
           3          39   1.2103930123742907E-002
           3          40   1.2664859698666318E-003
           3          41   9.1747541717834997E-007
           3          42   1.2336617998398710E-003
           3          43   1.0122143154690210E-006
           3          44  -4.9926087264607495E-006
           3          45   1.2343401169106994E-003
           3          46  -1.5748719123918613E-010
           3          47  -8.7927874051288456E-012
           3          48  -7.0301069635986340E-011
           3          49  -1.7347251880539055E-011
           3          50   3.8105066242190586E-011
           3          51   1.2977580033606298E-012
           3          52   3.6871953783626640E-011
           3          53  -7.2142658021348490E-011
           3          54  -6.7271002757854068E-012
           3          55   8.2376350126708771E-011
           4           1  0.12637610945560529     
           4           2 -0.49722076972357410     
           4           3  0.63036446850007954     
           4           4  0.55725712466992749     
           4           5 -0.37598519761022570     
           4           6 -0.30990415776851821     
           4           7   9.2700994618743592E-010
           4           8   1.6429286495708889E-009
           4           9  -1.6285673840507926E-009
           4          10   3.1008277835317848E-010
           4          11   6.1445938083751339E-011
           4          12  -1.4635478632024802E-010
           4          13   3.7141377531289123E-010
           4          14   3.6217926344595252E-011
           4          15  -1.9328848723790229E-010
           4          16   1.6994865846052662E-011
           4          17  -5.6828089853267073E-012
           4          18   2.4867654018122044E-011
           4          19   1.6113428095945278E-011
           4          20   1.2747427713664681E-011
           4          21  -1.8221392351621352E-011
           4          22   2.9799032859078887E-002
           4          23  -1.6023132365120670E-006
           4          24   2.9857609716962368E-002
           4          25  -1.8445769942605726E-006
           4          26   8.9415337200414574E-006
           4          27   2.9856391534788862E-002
           4          28   6.5498231926044209E-003
           4          29   2.9849790012419143E-007
           4          30   6.5403844125809466E-003
           4          31   2.5328403104666258E-007
           4          32  -1.4063087926912874E-006
           4          33   6.5405721830462654E-003
           4          34   5.6532126937652886E-003
           4          35   3.0329931835272775E-006
           4          36   5.5459060429604527E-003
           4          37   3.2721930299302241E-006
           4          38  -1.6288236084053725E-005
           4          39   5.5481158447055938E-003
           4          40  -1.6479210754189325E-003
           4          41   1.4889550621322634E-006
           4          42  -1.7011760860227410E-003
           4          43   1.6417204416329259E-006
           4          44  -8.0979542334002168E-006
           4          45  -1.7000759042977375E-003
           4          46  -1.1497089862266600E-010
           4          47  -4.8870299902331538E-012
           4          48  -4.8360189019112364E-011
           4          49  -4.7458038625857364E-012
           4          50   2.7376409371984273E-011
           4          51   1.4921254934130799E-012
           4          52   2.5961574147199747E-011
           4          53  -5.3168124998734794E-011
           4          54   2.4421216306573203E-013
           4          55   6.0527576996386268E-011
           5           1  -3.8482701472957688E-002
           5           2  0.15171293474395747     
           5           3 -0.26006974777304037     
           5           4 -0.37598519761022570     
           5           5  0.70707093225040030     
           5           6  0.60042356115742601     
           5           7  -9.2590594080841729E-009
           5           8  -1.8734692023117621E-009
           5           9   1.5186689010439064E-009
           5          10  -3.9416504830691470E-010
           5          11  -7.7302517260737623E-011
           5          12   1.4421824902874436E-010
           5          13  -5.4200949103351438E-011
           5          14  -2.1267966757062454E-011
           5          15   9.0415325647231521E-011
           5          16  -7.2526727809281534E-011
           5          17   6.0221441113709958E-011
           5          18  -9.9156876615615189E-011
           5          19  -2.4911738413949616E-011
           5          20   5.5523453662721625E-013
           5          21   2.2326185315308561E-012
           5          22  -1.1237785474217665E-002
           5          23   4.4195516593558945E-008
           5          24  -1.1241710155561677E-002
           5          25   1.9643470008178910E-007
           5          26  -7.4413157424724698E-007
           5          27  -1.1241602611889679E-002
           5          28   6.8460539860183377E-003
           5          29  -1.4016838713986441E-006
           5          30   6.8939903270747319E-003
           5          31  -1.4075884098832013E-006
           5          32   7.1636311997442333E-006
           5          33   6.8930230788202870E-003
           5          34   1.2767321717467068E-002
           5          35  -5.1823271523769751E-006
           5          36   1.2950532952548348E-002
           5          37  -5.5795544123785129E-006
           5          38   2.7737283922605664E-005
           5          39   1.2946770385380909E-002
           5          40   1.0519991602645431E-002
           5          41  -2.8633041645300326E-006
           5          42   1.0622196725241076E-002
           5          43  -3.1434538624841761E-006
           5          44   1.5512988306920453E-005
           5          45   1.0620089721499257E-002
           5          46   2.3437955798937908E-011
           5          47   4.0444656688691602E-012
           5          48   4.9574064183138074E-012
           5          49  -1.0905528206855366E-012
           5          50  -1.2001083290261618E-011
           5          51  -5.8498914447780612E-012
           5          52  -7.9226304322850451E-012
           5          53   9.2237775605879065E-012
           5          54  -6.2666660087454657E-012
           5          55  -2.2630013722383522E-011
           6           1  -2.7125178756903665E-002
           6           2  0.10899373080350813     
           6           3 -0.20432313803749536     
           6           4 -0.30990415776851821     
           6           5  0.60042356115742601     
           6           6  0.56154926350189738     
           6           7  -1.2801353992759801E-008
           6           8   1.3853250817962740E-009
           6           9  -2.1082482693550708E-009
           6          10  -3.9343745179823053E-010
           6          11   7.8316925748783584E-011
           6          12  -8.2098855974240980E-011
           6          13   1.3789718596995703E-013
           6          14  -3.4042265464383036E-012
           6          15   3.7391133045570919E-011
           6          16  -7.5249287951427465E-011
           6          17  -1.4145109672433691E-010
           6          18   1.6266799128044809E-010
           6          19  -5.1195291110768858E-012
           6          20  -1.1243895919822231E-010
           6          21   1.3708099880291506E-010
           6          22  -9.0412671709875908E-003
           6          23  -1.4449525368834885E-006
           6          24  -8.9900216247845097E-003
           6          25  -1.5698049486862360E-006
           6          26   7.8529276511540281E-006
           6          27  -8.9910876084279678E-003
           6          28   4.1509271503937240E-003
           6          29  -2.7149845071435624E-006
           6          30   4.2473517812281142E-003
           6          31  -2.9549572788060674E-006
           6          32   1.4716073313584657E-005
           6          33   4.2453540616379272E-003
           6          34   1.0466205267780016E-002
           6          35  -6.5421541177442414E-006
           6          36   1.0699654252729668E-002
           6          37  -7.1846710462047425E-006
           6          38   3.5589293689878251E-005
           6          39   1.0694820340652984E-002
           6          40   6.0728760425572577E-003
           6          41  -3.6493275377059831E-006
           6          42   6.2040916299853244E-003
           6          43  -4.0693960405566755E-006
           6          44   2.0045585494551373E-005
           6          45   6.2013663113385572E-003
           6          46   1.1404620860238720E-011
           6          47   4.8927065250885678E-012
           6          48  -5.8333525565514860E-013
           6          49   3.3453696761037709E-012
           6          50  -9.6692589140014658E-012
           6          51  -6.7951947953705514E-012
           6          52  -4.5646244650142600E-012
           6          53   1.7464776909555873E-012
           6          54  -4.8204556209548143E-012
           6          55  -1.7736848563331867E-011
           7           1  -3.1376099130649050E-010
           7           2   1.5524691752075202E-009
           7           3  -1.6635123022298216E-009
           7           4   9.2700994618743592E-010
           7           5  -9.2590594080841729E-009
           7           6  -1.2801353992759801E-008
           7           7   2.2219567255265771     
           7           8  -1.4510696746137232E-007
           7           9  -1.6057392693107258E-007
           7          10 -0.56953555081119878     
           7          11   1.6519531371734772E-007
           7          12   1.8921365457780803E-007
           7          13 -0.19306680859798778     
           7          14   1.5869499241335263E-006
           7          15   1.7153002277781944E-006
           7          16  -1.4953454330204933E-003
           7          17  -3.2159434279159838E-007
           7          18  -3.5146374386163090E-007
           7          19  -1.3391091506772413E-003
           7          20   6.2980355762924524E-008
           7          21   6.7223448291919784E-008
           7          22   8.4694808432635683E-010
           7          23   1.5702913455651996E-010
           7          24   7.9856630657750637E-010
           7          25   1.6866723941808031E-010
           7          26   6.0789499856956391E-010
           7          27   2.1798777670538092E-009
           7          28   1.9096263213691972E-009
           7          29  -4.8866483486709046E-010
           7          30   2.5741516705712568E-009
           7          31   3.9256908526242220E-010
           7          32  -4.0062326693231761E-010
           7          33   1.1209658816646662E-009
           7          34   4.1470595294859992E-009
           7          35   3.4156172917014187E-010
           7          36   3.8561607256986461E-009
           7          37  -3.0006402989356115E-010
           7          38   9.4807624674040106E-010
           7          39   4.3610637170381692E-009
           7          40   4.6257699971061622E-009
           7          41   9.3016487600325234E-010
           7          42   5.2770892305486554E-009
           7          43   5.6891402471158517E-010
           7          44  -2.7927849505834555E-010
           7          45   4.6524269939969209E-009
           7          46   1.0912892858879249E-003
           7          47   1.1325365892424391E-003
           7          48  -3.5107313382591772E-003
           7          49   1.6982806339587416E-003
           7          50  -5.3271132217619680E-004
           7          51  -1.1663205247461135E-003
           7          52   2.6365699987729594E-003
           7          53  -2.9604234664854954E-003
           7          54  -3.4133198728215847E-003
           7          55  -1.5699835074947611E-003
           8           1  -2.1692894772404508E-010
           8           2   4.6738916204836654E-010
           8           3  -3.6935933065493593E-010
           8           4   1.6429286495708889E-009
           8           5  -1.8734692023117621E-009
           8           6   1.3853250817962740E-009
           8           7  -1.4510696746137232E-007
           8           8   2.2219627268857840     
           8           9   7.9059712731059825E-007
           8          10   1.6553030798924986E-007
           8          11 -0.56954249773509102     
           8          12  -9.1503064372254537E-007
           8          13   1.5850881041642921E-006
           8          14 -0.19313171165727849     
           8          15  -8.5486607633219285E-006
           8          16  -3.2181370826438280E-007
           8          17  -1.4821024243842618E-003
           8          18   1.7443160008122855E-006
           8          19   6.2962512401768555E-008
           8          20  -1.3417012666405393E-003
           8          21  -3.4160502316052449E-007
           8          22  -1.5697384324670507E-010
           8          23   9.3759551425313524E-011
           8          24  -2.6988433189854551E-011
           8          25  -5.5918626983206613E-011
           8          26  -4.0873599722734262E-011
           8          27  -2.1811125001860874E-010
           8          28  -3.5850232758484260E-010
           8          29  -2.2377957380064571E-011
           8          30  -4.5216222694431182E-010
           8          31   1.5191511834361650E-010
           8          32  -7.3155119245658708E-012
           8          33  -4.3745631006013760E-011
           8          34   6.7957789871176339E-010
           8          35   4.6121072803180326E-011
           8          36   5.4544078481271598E-010
           8          37  -4.3276055833172873E-011
           8          38   1.0787716276172674E-011
           8          39   2.7015144912051189E-010
           8          40  -4.8030554803911976E-010
           8          41  -7.7309176703707406E-011
           8          42  -4.5740555924474786E-010
           8          43   5.9326040973104260E-011
           8          44   5.0638819496471034E-011
           8          45  -1.6923260943961733E-010
           8          46   8.4269439394355373E-004
           8          47  -3.4664742288621417E-003
           8          48   2.2814836680863505E-003
           8          49  -4.4895266366597707E-005
           8          50  -1.0045084200744968E-003
           8          51   3.0465680718364096E-003
           8          52   6.3349946981096231E-004
           8          53  -3.4143753413912077E-003
           8          54  -1.3860880117733615E-003
           8          55   2.8578602035962637E-004
           9           1   2.1377039455955169E-010
           9           2  -4.2355756771830532E-010
           9           3   2.8965376067910849E-010
           9           4  -1.6285673840507926E-009
           9           5   1.5186689010439064E-009
           9           6  -2.1082482693550708E-009
           9           7  -1.6057392693107258E-007
           9           8   7.9059712731059825E-007
           9           9   2.2219626030356023     
           9          10   1.8834602463682604E-007
           9          11  -9.1578558309801536E-007
           9          12 -0.56954235454919167     
           9          13   1.7183479311538729E-006
           9          14  -8.5464285863067735E-006
           9          15 -0.19313037017841439     
           9          16  -3.5233842220578913E-007
           9          17   1.7441888487656250E-006
           9          18  -1.4823760339919255E-003
           9          19   6.8994291830613861E-008
           9          20  -3.4141342791906122E-007
           9          21  -1.3416476049995950E-003
           9          22   1.8727008966356745E-010
           9          23  -7.6028734772535227E-011
           9          24   6.4130849234224044E-011
           9          25   8.6409441635577946E-011
           9          26   5.4223308765472291E-011
           9          27   2.9376770902096039E-010
           9          28   4.7225049815606082E-010
           9          29   2.3187588819525266E-011
           9          30   6.2059592669983719E-010
           9          31  -1.2994781340331062E-010
           9          32  -6.3980464692118095E-012
           9          33   8.2473377336624180E-011
           9          34  -5.1926863093758369E-010
           9          35  -2.3967555035533708E-011
           9          36  -3.9694949865797473E-010
           9          37   3.6227777257316472E-011
           9          38   2.8327916078000495E-011
           9          39  -5.2742428428989459E-011
           9          40   7.4028701963192934E-010
           9          41   1.2894951096840412E-010
           9          42   7.4793525023693848E-010
           9          43  -3.6855140205646524E-011
           9          44  -6.6154246493409197E-011
           9          45   4.0410059672154840E-010
           9          46  -3.9896096155524527E-004
           9          47  -1.0045364143488633E-003
           9          48   2.6374262929515337E-003
           9          49   4.8110753307114716E-004
           9          50  -2.9169890682574032E-003
           9          51  -3.9410881129298709E-003
           9          52  -1.3870492835111657E-003
           9          53  -2.1046624006644701E-003
           9          54   3.7147349761949968E-004
           9          55  -4.5519262357575623E-004
          10           1  -2.8874095378185065E-011
          10           2   1.1468839466676746E-010
          10           3  -2.6887995696112928E-010
          10           4   3.1008277835317848E-010
          10           5  -3.9416504830691470E-010
          10           6  -3.9343745179823053E-010
          10           7 -0.56953555081119878     
          10           8   1.6553030798924986E-007
          10           9   1.8834602463682604E-007
          10          10   1.4872445667702383     
          10          11  -9.9315126678156504E-007
          10          12  -1.1001661592569206E-006
          10          13  0.44711013637741170     
          10          14  -1.5209065780162925E-006
          10          15  -1.6510375252529598E-006
          10          16   1.0640453826536788E-002
          10          17   6.4589107554160372E-007
          10          18   7.0852247677741899E-007
          10          19   1.3893231889073770E-003
          10          20  -1.2419511261721411E-007
          10          21  -1.3656520982534588E-007
          10          22  -1.7745455747589950E-010
          10          23  -3.7411138172642185E-011
          10          24  -8.6572477879193261E-012
          10          25   1.1332875221049133E-010
          10          26   2.4046154606318268E-011
          10          27  -8.7451507064237838E-012
          10          28   4.7867902151692151E-011
          10          29  -3.3261112970992288E-011
          10          30   3.2816036110514156E-011
          10          31   2.7447687600693219E-011
          10          32  -4.4766538482168564E-012
          10          33   1.2828183549127338E-011
          10          34   1.6394924966351911E-010
          10          35   2.1903602708400793E-011
          10          36   1.8181778377600643E-010
          10          37   9.6620014216339079E-012
          10          38   2.9276309500228063E-011
          10          39   2.0199273323212305E-010
          10          40   1.6351420280899403E-010
          10          41   2.5391526104137064E-011
          10          42   1.6936870439045231E-010
          10          43   9.0662844485555356E-012
          10          44  -7.0468736337184189E-012
          10          45   1.5264907811352483E-010
          10          46  -4.9128046837512863E-003
          10          47  -3.0540392460221607E-003
          10          48   8.5790663499871224E-003
          10          49  -4.5806308237149526E-003
          10          50   1.4358759439968352E-003
          10          51   3.1438828210664108E-003
          10          52  -7.1097195980039819E-003
          10          53   7.0953739499577577E-003
          10          54   9.2026286552720910E-003
          10          55   4.2314930292606991E-003
          11           1   5.5610738964326229E-012
          11           2  -1.4080561483321082E-011
          11           3  -6.8270226249567165E-011
          11           4   6.1445938083751339E-011
          11           5  -7.7302517260737623E-011
          11           6   7.8316925748783584E-011
          11           7   1.6519531371734772E-007
          11           8 -0.56954249773509102     
          11           9  -9.1578558309801536E-007
          11          10  -9.9315126678156504E-007
          11          11   1.4872856807140251     
          11          12   5.4152895343577088E-006
          11          13  -1.5209638656692467E-006
          11          14  0.44717245226242719     
          11          15   8.2076791641710892E-006
          11          16   6.4588418778686095E-007
          11          17   1.0613848894251855E-002
          11          18  -3.5039409808197911E-006
          11          19  -1.2420063024348637E-007
          11          20   1.3944443130238030E-003
          11          21   6.7472573488896176E-007
          11          22   9.5293834015722549E-012
          11          23  -1.2656000937029076E-010
          11          24  -5.8530227328915458E-011
          11          25   2.5219322090240869E-011
          11          26   1.0326645870998106E-010
          11          27   2.4085608132745976E-011
          11          28   6.6951088248419567E-012
          11          29  -1.5183436761693954E-011
          11          30  -3.1206715984015496E-011
          11          31   1.4657856734259325E-011
          11          32   2.8580137022673759E-011
          11          33   2.1018482598224905E-012
          11          34   2.9018402175580658E-011
          11          35  -3.7747096255820567E-011
          11          36   3.3195219375233307E-011
          11          37   2.7243275548463052E-012
          11          38   1.8601558756630042E-011
          11          39   4.4005873072253455E-012
          11          40  -1.1106797137213583E-011
          11          41   1.6209040880693586E-012
          11          42  -1.4571087185158395E-011
          11          43   1.7778709108554826E-012
          11          44   1.6306643974798195E-012
          11          45  -5.4798757427030967E-012
          11          46  -2.2737030230775192E-003
          11          47   8.4937493596609712E-003
          11          48  -6.1521136520288925E-003
          11          49  -1.7990322061325363E-003
          11          50   2.7122242850309715E-003
          11          51  -8.2143859561300044E-003
          11          52  -1.7059002027110942E-003
          11          53   9.2056347021331301E-003
          11          54   2.8788094705261297E-003
          11          55  -7.6227497920853030E-004
          12           1   1.3516004361055950E-011
          12           2  -4.3042364377104670E-011
          12           3   1.7601554544471596E-010
          12           4  -1.4635478632024802E-010
          12           5   1.4421824902874436E-010
          12           6  -8.2098855974240980E-011
          12           7   1.8921365457780803E-007
          12           8  -9.1503064372254537E-007
          12           9 -0.56954235454919167     
          12          10  -1.1001661592569206E-006
          12          11   5.4152895343577088E-006
          12          12   1.4872848309480382     
          12          13  -1.6509650047823828E-006
          12          14   8.2077113258523511E-006
          12          15  0.44717116594382661     
          12          16   7.0851200519585827E-007
          12          17  -3.5039430867084984E-006
          12          18   1.0614398407026189E-002
          12          19  -1.3652246762866297E-007
          12          20   6.7473022757237800E-007
          12          21   1.3943384872220741E-003
          12          22  -1.7017160539858207E-011
          12          23   4.4957838151317658E-013
          12          24  -3.2172293725689522E-012
          12          25  -1.2196232965668316E-010
          12          26  -6.0081731343874708E-011
          12          27   1.0225460142545855E-010
          12          28   6.6117581110665035E-012
          12          29  -5.9116130957039852E-013
          12          30   1.7431550095423841E-011
          12          31  -2.0005600157230772E-011
          12          32  -3.4089684890041771E-011
          12          33  -3.0319095167923164E-012
          12          34  -4.9051972883821323E-011
          12          35  -5.4212800956795942E-012
          12          36  -3.6310708891561873E-011
          12          37  -2.5761718343838844E-011
          12          38  -6.5565115431029377E-012
          12          39  -3.4047624052415139E-011
          12          40   1.3199611894261852E-011
          12          41   3.3505606728679187E-012
          12          42   1.4061672467153275E-011
          12          43   1.8965980321135932E-012
          12          44  -3.5667763623869697E-012
          12          45   3.7476686390657038E-012
          12          46   1.0740439383867012E-003
          12          47   2.7123025056715495E-003
          12          48  -7.1121579740650491E-003
          12          49  -1.2889273803969609E-003
          12          50   7.0115584821934807E-003
          12          51   1.0626647024002527E-002
          12          52   2.8807050796395570E-003
          12          53   5.6744767170172619E-003
          12          54  -9.9940012941496605E-004
          12          55  -6.9377196503658985E-004
          13           1   3.3692009642078573E-012
          13           2  -1.7988243326985605E-010
          13           3   3.3730766565657486E-010
          13           4   3.7141377531289123E-010
          13           5  -5.4200949103351438E-011
          13           6   1.3789718596995703E-013
          13           7 -0.19306680859798778     
          13           8   1.5850881041642921E-006
          13           9   1.7183479311538729E-006
          13          10  0.44711013637741170     
          13          11  -1.5209638656692467E-006
          13          12  -1.6509650047823828E-006
          13          13  0.13489784461863086     
          13          14  -7.8930540240796433E-007
          13          15  -8.5364844415327839E-007
          13          16   3.1575512835739774E-003
          13          17   1.8844187182824390E-007
          13          18   2.0716306956355000E-007
          13          19   4.2987209644193927E-004
          13          20  -3.8313714236257860E-008
          13          21  -4.2089868335610348E-008
          13          22  -4.7950136350319314E-011
          13          23  -2.2056506922271472E-011
          13          24   2.1304807607375165E-011
          13          25  -9.2622148143627727E-012
          13          26  -2.8174657774527372E-011
          13          27  -3.1309040511678671E-011
          13          28  -1.1285759922200791E-011
          13          29  -7.0303476806816291E-012
          13          30  -1.2629219585876294E-011
          13          31  -2.8141837483218373E-011
          13          32  -1.3161248729708038E-011
          13          33  -1.7303772938993085E-011
          13          34  -1.6272022690231233E-011
          13          35  -1.8056740292994334E-012
          13          36   1.1422789017076037E-012
          13          37  -7.8722840167960344E-012
          13          38  -1.6764990487192876E-011
          13          39  -1.2546491280070846E-011
          13          40  -2.6724480265909500E-011
          13          41  -7.9930901846799785E-012
          13          42  -3.4986862186479330E-011
          13          43  -7.3846796342087600E-012
          13          44   1.7482948567601311E-012
          13          45  -3.0252203762366977E-011
          13          46  -1.7327886194032265E-003
          13          47  -9.6735248949411808E-004
          13          48   2.6371751067053857E-003
          13          49  -1.4510648469882397E-003
          13          50   4.5487108698730698E-004
          13          51   9.9566563085769482E-004
          13          52  -2.2521322718575404E-003
          13          53   2.1672617843467622E-003
          13          54   2.9150162825286102E-003
          13          55   1.3402944110303711E-003
          14           1  -4.3791892199510747E-011
          14           2   9.4759159821369517E-011
          14           3   5.1064700594209124E-011
          14           4   3.6217926344595252E-011
          14           5  -2.1267966757062454E-011
          14           6  -3.4042265464383036E-012
          14           7   1.5869499241335263E-006
          14           8 -0.19313171165727849     
          14           9  -8.5464285863067735E-006
          14          10  -1.5209065780162925E-006
          14          11  0.44717245226242719     
          14          12   8.2077113258523511E-006
          14          13  -7.8930540240796433E-007
          14          14  0.13493012422352740     
          14          15   4.2513263816667760E-006
          14          16   1.8844754157703727E-007
          14          17   3.1497806962798311E-003
          14          18  -1.0239632461473263E-006
          14          19  -3.8315857120144882E-008
          14          20   4.3145170986056986E-004
          14          21   2.0816059977331316E-007
          14          22  -9.6317637725019286E-012
          14          23   3.6815305131878690E-011
          14          24  -1.4136143241314129E-011
          14          25  -4.2797339586649498E-011
          14          26  -4.7487240532939420E-011
          14          27   3.5724861388262923E-011
          14          28  -6.2507443364734395E-012
          14          29   5.1936285467786176E-011
          14          30  -2.8744387934818108E-012
          14          31  -3.6827867834709850E-011
          14          32  -4.9885070994004524E-011
          14          33   1.6596514628336578E-011
          14          34  -1.1612058986827338E-011
          14          35   1.6406547832669675E-011
          14          36  -9.3299989240926816E-013
          14          37  -1.8362496066948446E-011
          14          38  -2.4907795369154388E-011
          14          39   3.1197001187174269E-012
          14          40   6.9078118770251212E-013
          14          41   3.8423795939867146E-012
          14          42   2.8663506987234673E-013
          14          43  -1.6887595266251559E-012
          14          44  -2.1563701255259622E-012
          14          45  -1.7684667499372427E-012
          14          46  -7.2018831851895847E-004
          14          47   2.6125017296026141E-003
          14          48  -1.9483418262096880E-003
          14          49  -7.4605376616162806E-004
          14          50   8.5912882209308612E-004
          14          51  -2.6015956314563468E-003
          14          52  -5.4045919140546859E-004
          14          53   2.9154318523754450E-003
          14          54   8.3295750934137989E-004
          14          55  -2.4097232324870604E-004
          15           1   6.6729289031289291E-012
          15           2   7.0295372679666492E-011
          15           3  -1.7843893392619693E-010
          15           4  -1.9328848723790229E-010
          15           5   9.0415325647231521E-011
          15           6   3.7391133045570919E-011
          15           7   1.7153002277781944E-006
          15           8  -8.5486607633219285E-006
          15           9 -0.19313037017841439     
          15          10  -1.6510375252529598E-006
          15          11   8.2076791641710892E-006
          15          12  0.44717116594382661     
          15          13  -8.5364844415327839E-007
          15          14   4.2513263816667760E-006
