           1           1   2.2080209784191962     
           1           2 -0.73230092588875906     
           1           3   8.5010985666885447E-002
           1           4  0.12582146124428184     
           1           5  -1.8094054373290924E-002
           1           6  -2.3823492507401439E-002
           1           7   3.9792964504438756E-013
           1           8   1.7367031934607280E-012
           1           9  -6.3776574970366480E-012
           1          10   1.3311513520152570E-013
           1          11   1.9186242375603286E-012
           1          12   3.0847791398838788E-012
           1          13  -5.5909305149397738E-014
           1          14   1.4015105912740973E-012
           1          15  -3.0756690721025590E-012
           1          16  -4.4890706991362156E-013
           1          17  -2.1639087800768116E-012
           1          18   2.0463777925219677E-012
           1          19  -3.9054089508617475E-013
           1          20  -2.1645783342068671E-012
           1          21   2.6526148132990774E-012
           1          22   9.6013296029628208E-003
           1          23   8.1650327547138992E-009
           1          24   1.5440483419205734E-002
           1          25  -1.0670308996639050E-009
           1          26  -2.2787908893776684E-013
           1          27   1.5440483421990772E-002
           1          28  -2.5733300857328223E-003
           1          29   6.0097110314227496E-009
           1          30   1.7248587861408179E-003
           1          31  -7.8472834248721659E-010
           1          32  -2.2013575372071537E-013
           1          33   1.7248587874423695E-003
           1          34   5.2725831299137117E-003
           1          35   1.5426585924453600E-009
           1          36   6.3812997918594313E-003
           1          37  -1.9150008729985751E-010
           1          38  -6.5234250617158824E-013
           1          39   6.3812997924828953E-003
           1          40   2.8777029860366666E-003
           1          41  -4.6456691191700210E-010
           1          42   2.5486395085993064E-003
           1          43   6.5644527491498185E-011
           1          44  -2.1257434956821087E-013
           1          45   2.5486395083974900E-003
           1          46   2.0236573133343744E-013
           1          47  -8.0266570850879453E-015
           1          48   2.5354462581432866E-013
           1          49  -5.6634877856363827E-013
           1          50  -4.4024327081578929E-014
           1          51  -2.9342198724760646E-015
           1          52   2.4310020754318719E-013
           1          53  -1.3116536227883204E-013
           1          54  -3.0136946945903147E-013
           1          55   3.7906986568803960E-013
           2           1 -0.73230092588875906     
           2           2   2.5572411393064245     
           2           3 -0.44733594151925316     
           2           4 -0.47110556841583273     
           2           5   6.6881151751999685E-002
           2           6   8.2831923679001676E-002
           2           7   2.8773686660877746E-014
           2           8  -5.7998305903142024E-012
           2           9   1.7855679182128515E-011
           2          10  -3.0985383231398134E-013
           2          11  -4.2649817960473208E-012
           2          12  -1.0477787382251177E-011
           2          13   3.3368561574499870E-013
           2          14  -3.9955900931939785E-012
           2          15   1.2280074223596412E-011
           2          16   1.4827497206612529E-012
           2          17   6.9311604144332168E-012
           2          18  -6.1706063417901121E-012
           2          19   1.2675545200477092E-012
           2          20   7.0819575990707745E-012
           2          21  -8.7744674521682096E-012
           2          22  -6.0202917155133236E-003
           2          23  -3.2368561061678569E-008
           2          24  -2.9169327563800918E-002
           2          25   4.2300717300277682E-009
           2          26   6.7962090451542124E-013
           2          27  -2.9169327574715301E-002
           2          28   3.1147274257682048E-003
           2          29  -2.3467389450512356E-008
           2          30  -1.3670760112189274E-002
           2          31   3.0624987174698144E-009
           2          32   8.5425762876758280E-013
           2          33  -1.3670760117351761E-002
           2          34  -1.9406424254957762E-002
           2          35  -6.5854691405505986E-009
           2          36  -2.4137280009218325E-002
           2          37   8.2224849053751450E-010
           2          38   2.4512091214679755E-012
           2          39  -2.4137280011763271E-002
           2          40  -1.1474933558585056E-002
           2          41   9.6348980287069959E-010
           2          42  -1.0797120646051480E-002
           2          43  -1.4336420024125990E-010
           2          44   6.9851857295516936E-013
           2          45  -1.0797120645488923E-002
           2          46  -5.4632396856640216E-013
           2          47  -1.4721536943212730E-013
           2          48  -9.5566816911013503E-013
           2          49   1.7209604252572195E-012
           2          50   1.5777364941134975E-013
           2          51   1.6115093157057011E-014
           2          52  -9.6032943917624949E-013
           2          53   6.5433415797468165E-013
           2          54   9.2072115773057555E-013
           2          55  -1.4825474360409321E-012
           3           1   8.5010985666885447E-002
           3           2 -0.44733594151925316     
           3           3  0.71143232114811927     
           3           4  0.56307205486117518     
           3           5  -9.5049651390442219E-002
           3           6 -0.17093010025582811     
           3           7  -3.7205912684151188E-012
           3           8  -6.2263646982630722E-013
           3           9   8.4018903595091751E-012
           3          10   2.9767879855450999E-012
           3          11   8.1359136420099122E-012
           3          12   2.6807629132386674E-011
           3          13   8.8939690505844659E-013
           3          14   6.7984527338440490E-012
           3          15  -1.4278146402667595E-011
           3          16  -3.2874533927998387E-012
           3          17  -1.6819265413961464E-011
           3          18   1.6256928998832892E-011
           3          19  -2.9456253719655715E-012
           3          20  -1.5729528109778638E-011
           3          21   1.9336071613583477E-011
           3          22   5.3714014332783173E-003
           3          23   5.4541867270849141E-008
           3          24   4.4392259167859521E-002
           3          25  -7.1114263981703189E-009
           3          26  -1.1582847801321308E-012
           3          27   4.4392259186122232E-002
           3          28   4.9310417671480714E-003
           3          29   3.6928053785427710E-008
           3          30   3.1360667599753242E-002
           3          31  -4.7905270250971266E-009
           3          32  -2.2631910965257800E-012
           3          33   3.1360667610711185E-002
           3          34   2.2055038640181754E-002
           3          35   1.1877480497348521E-008
           3          36   3.0592016966496605E-002
           3          37  -1.4796585343019107E-009
           3          38  -3.9913861127435948E-012
           3          39   3.0592016971037219E-002
           3          40   1.8255090216736446E-002
           3          41  -4.3729408713828966E-009
           3          42   1.5152216642441986E-002
           3          43   6.1052526436866252E-010
           3          44  -1.6523417201389352E-012
           3          45   1.5152216641219001E-002
           3          46  -1.7357058446358572E-013
           3          47   1.1577486166919692E-012
           3          48   9.1552302311141080E-013
           3          49  -9.3135462972651659E-013
           3          50  -2.4377370882998946E-014
           3          51  -1.3410893716874053E-013
           3          52   1.3593240491769040E-012
           3          53  -1.2357627871745985E-012
           3          54  -7.1962555393410087E-013
           3          55   3.0216231604989964E-012
           4           1  0.12582146124428184     
           4           2 -0.47110556841583273     
           4           3  0.56307205486117518     
           4           4  0.46469221010031136     
           4           5 -0.10835925326191759     
           4           6 -0.24675897276191247     
           4           7  -1.5254221882816269E-011
           4           8   1.8540230220493902E-011
           4           9   1.4187374300449945E-012
           4          10   1.2470807329150724E-012
           4          11  -5.8035225793425340E-012
           4          12   4.9426164910537270E-011
           4          13   8.9489102978794698E-013
           4          14   3.8836824507898299E-012
           4          15  -6.9929388150134105E-012
           4          16  -4.9415909689477766E-012
           4          17  -2.6354809134131199E-011
           4          18   2.6524371893491836E-011
           4          19  -4.4143339048555325E-012
           4          20  -2.3272830268764199E-011
           4          21   2.8337873017055055E-011
           4          22  -7.4025715613377941E-003
           4          23   6.8225012550434402E-008
           4          24   4.1451585570893415E-002
           4          25  -8.8083836985572829E-009
           4          26  -3.0919453997634580E-012
           4          27   4.1451585587210113E-002
           4          28  -3.0384878886757834E-003
           4          29   4.8231974497977601E-008
           4          30   3.1510661018443395E-002
           4          31  -6.1999187087999095E-009
           4          32  -3.5802221957106892E-012
           4          33   3.1510661028141790E-002
           4          34   1.7153423809833118E-002
           4          35   1.8908843871261882E-008
           4          36   3.0744266675466394E-002
           4          37  -2.3477906810065179E-009
           4          38  -5.0712101949648440E-012
           4          39   3.0744266678573710E-002
           4          40   2.2998674043340574E-002
           4          41  -7.1324104537472571E-009
           4          42   1.7934977726832200E-002
           4          43   9.9413623869643371E-010
           4          44  -2.5531714040333663E-012
           4          45   1.7934977724430444E-002
           4          46  -1.9415899640801013E-013
           4          47   1.4601132643359974E-012
           4          48   7.4950967936123175E-013
           4          49  -2.2788770919373619E-012
           4          50  -3.3618021447265007E-013
           4          51  -9.5931472538097587E-014
           4          52   1.8231554506659255E-012
           4          53  -1.0543676666235684E-012
           4          54  -1.2498518411616134E-012
           4          55   4.3162541497756397E-012
           5           1  -1.8094054373290924E-002
           5           2   6.6881151751999685E-002
           5           3  -9.5049651390442219E-002
           5           4 -0.10835925326191759     
           5           5  0.10211526895714361     
           5           6  0.31708013385315703     
           5           7  -5.8602204829598576E-013
           5           8  -4.8764183212086084E-011
           5           9   1.3122853504347611E-010
           5          10  -3.3692742584390273E-012
           5          11  -8.6582158534803688E-012
           5          12  -1.4193272550161257E-010
           5          13  -2.5738465705851432E-012
           5          14  -6.5924486316706242E-012
           5          15  -3.2232623170341882E-011
           5          16   6.7508125457348967E-012
           5          17   3.7337905108613192E-011
           5          18  -3.9839176965047656E-011
           5          19   5.8098930553415496E-012
           5          20   3.0555030236469866E-011
           5          21  -3.6751781836240634E-011
           5          22   5.2561433123507133E-002
           5          23  -1.2022646246193867E-007
           5          24  -3.3578516439247447E-002
           5          25   1.5434052472537947E-008
           5          26   8.8159173296294321E-012
           5          27  -3.3578516461630244E-002
           5          28   3.4469234831628545E-002
           5          29  -9.1346535202246095E-008
           5          30  -3.0989140043717431E-002
           5          31   1.1703567234791029E-008
           5          32   7.3256640262592702E-012
           5          33  -3.0989140059818440E-002
           5          34   1.1917388645293889E-002
           5          35  -5.2878396782327987E-008
           5          36  -2.6015743965989081E-002
           5          37   6.6944615773946065E-009
           5          38   7.3544584570695339E-012
           5          39  -2.6015743972767187E-002
           5          40  -2.1514381957149390E-002
           5          41   4.2672226623056054E-009
           5          42  -1.8517562904919613E-002
           5          43  -6.5675286068842205E-010
           5          44   4.0378877325090997E-012
           5          45  -1.8517562902074187E-002
           5          46   4.0888076487669786E-013
           5          47  -3.7963277080359245E-012
           5          48  -4.7448899208156959E-014
           5          49   3.8145500759375420E-012
           5          50   1.8899928852843937E-012
           5          51   3.1174237038389855E-016
           5          52  -2.6221221117544329E-012
           5          53   3.1196265497775304E-013
           5          54   2.5090679630852743E-012
           5          55  -8.1326951755031321E-012
           6           1  -2.3823492507401439E-002
           6           2   8.2831923679001676E-002
           6           3 -0.17093010025582811     
           6           4 -0.24675897276191247     
           6           5  0.31708013385315703     
           6           6   1.1316351432515921     
           6           7   2.9141222170616415E-012
           6           8   1.5710318681918016E-011
           6           9   2.1700629879932834E-012
           6          10  -7.1107794110914590E-012
           6          11  -5.0337283293086317E-011
           6          12   8.9246885980765195E-012
           6          13  -9.3402694125525019E-012
           6          14  -4.4103043237925127E-011
           6          15   4.7697666291677608E-011
           6          16   2.2413336600772868E-011
           6          17   1.2528476627856171E-010
           6          18  -1.3380553128219245E-010
           6          19   2.1688254901812717E-011
           6          20   1.1103049545917672E-010
           6          21  -1.3339233559866923E-010
           6          22   3.0375333245253530E-003
           6          23  -2.7682789681019773E-008
           6          24  -1.6781786401058429E-002
           6          25   3.4828313721245921E-009
           6          26   6.2714654807102499E-012
           6          27  -1.6781786394954496E-002
           6          28  -2.4412427973568192E-002
           6          29  -1.6190749350660253E-008
           6          30  -3.6033171353393866E-002
           6          31   1.9680441601368414E-009
           6          32   5.8752107986910865E-012
           6          33  -3.6033171348297553E-002
           6          34  -6.3610684760235306E-002
           6          35   3.4283868548901671E-008
           6          36  -3.9191957421623444E-002
           6          37  -4.6994086728519960E-009
           6          38   9.9314158210790739E-012
           6          39  -3.9191957406589900E-002
           6          40 -0.10266470897094182     
           6          41   6.7554389979608697E-008
           6          42  -5.4478277333708122E-002
           6          43  -9.0277240599187264E-009
           6          44   1.0060561052629650E-011
           6          45  -5.4478277317808743E-002
           6          46   1.7273349533833724E-012
           6          47   1.3997956270345445E-012
           6          48   1.0027444642243095E-012
           6          49   8.4444677997954192E-012
           6          50  -4.6108689643906929E-012
           6          51  -1.2892494800088303E-013
           6          52  -6.4440087162173176E-012
           6          53   7.8578116355949667E-013
           6          54   4.9867008829809833E-012
           6          55  -1.3699906960288188E-011
           7           1   3.9792964504438756E-013
           7           2   2.8773686660877746E-014
           7           3  -3.7205912684151188E-012
           7           4  -1.5254221882816269E-011
           7           5  -5.8602204829598576E-013
           7           6   2.9141222170616415E-012
           7           7   2.2207443749178832     
           7           8   2.8893781261606403E-009
           7           9  -2.1166366184734362E-009
           7          10 -0.56060587878802892     
           7          11  -6.1089928737624386E-009
           7          12   7.0586081949980700E-010
           7          13 -0.17730401697670878     
           7          14   6.1168471499224389E-009
           7          15  -7.9945412699433353E-010
           7          16  -1.3448760327337482E-002
           7          17   2.6474919649067295E-009
           7          18  -3.4665281869884778E-010
           7          19   1.3406778553358076E-003
           7          20  -2.6919012130328426E-010
           7          21   3.5922517843248547E-011
           7          22   6.8359434147274799E-012
           7          23  -3.1582262663663668E-012
           7          24   4.8026366639705643E-012
           7          25   1.1864419972925975E-011
           7          26   1.2430649063606180E-012
           7          27   7.2170434661880963E-012
           7          28   3.6959422443995512E-012
           7          29   1.7904212224177136E-012
           7          30   1.4994023235133008E-012
           7          31  -2.7274289245972139E-012
           7          32  -7.4955363002890011E-013
           7          33   1.7960593015573762E-012
           7          34  -4.3028517309273943E-013
           7          35  -8.0561952548143867E-012
           7          36   1.7315288749128261E-012
           7          37   9.9044406390884834E-012
           7          38  -4.7344135173922249E-013
           7          39   2.8801946259580776E-013
           7          40  -7.0386231708472237E-014
           7          41  -8.0530593100727369E-013
           7          42  -2.7939851835041487E-013
           7          43   3.5335158573301914E-013
           7          44  -2.2499184222449269E-013
           7          45  -7.9370361482969745E-013
           7          46  -1.4317445138681446E-002
           7          47  -9.8643782379189251E-009
           7          48  -1.0103743435844349E-002
           7          49  -1.2745224681365584E-009
           7          50   1.3260414015361564E-009
           7          51  -6.5772855195700254E-013
           7          52  -7.8014198421472581E-010
           7          53  -1.0103743436635362E-002
           7          54   5.8824816762127430E-009
           7          55   1.8096478110085007E-010
           8           1   1.7367031934607280E-012
           8           2  -5.7998305903142024E-012
           8           3  -6.2263646982630722E-013
           8           4   1.8540230220493902E-011
           8           5  -4.8764183212086084E-011
           8           6   1.5710318681918016E-011
           8           7   2.8893781261606403E-009
           8           8   2.2221811590484055     
           8           9   1.2151214243364796E-013
           8          10  -6.1065704478810057E-009
           8          11 -0.56570165352273039     
           8          12   2.8577440327915238E-012
           8          13   6.0996042628779750E-009
           8          14 -0.17224750989197379     
           8          15  -6.7327031088980598E-012
           8          16   2.6384746723402063E-009
           8          17  -1.1259231166994826E-002
           8          18   4.0878292578614691E-012
           8          19  -2.6305921307310343E-010
           8          20   1.1181909486410232E-003
           8          21  -5.0057732577177884E-012
           8          22   5.7626114954677691E-012
           8          23  -6.2863138976494135E-012
           8          24  -1.7724637138737465E-011
           8          25   5.4356081625252147E-012
           8          26   6.1311550766383858E-012
           8          27  -3.2388311309672079E-012
           8          28  -9.4428236432850359E-013
           8          29  -2.2693704679584456E-013
           8          30   5.4398568778933582E-013
           8          31  -5.1397259588243866E-013
           8          32  -9.5110855621573993E-012
           8          33   1.1557026539257660E-012
           8          34   1.6091073311773054E-011
           8          35  -4.6301343340683238E-013
           8          36   8.1950643540370749E-012
           8          37  -3.6949111406547884E-012
           8          38   2.1743192369976695E-012
           8          39   2.3731284252194657E-011
           8          40   5.8046428167102199E-013
           8          41   1.9762854762695353E-012
           8          42   2.3642219889962535E-012
           8          43   6.4506483354556821E-013
           8          44  -2.6732413426630651E-012
           8          45  -1.7229320970899166E-012
           8          46  -1.9404160035805371E-009
           8          47  -7.1188513616487255E-003
           8          48  -8.9595129657827102E-009
           8          49  -2.3637026158228842E-002
           8          50   1.5693739707042662E-012
           8          51  -3.3593967051370486E-010
           8          52  -1.4662094464478171E-011
           8          53   5.8865784587924267E-009
           8          54  -5.2547457036988630E-003
           8          55   5.6474422387473497E-012
           9           1  -6.3776574970366480E-012
           9           2   1.7855679182128515E-011
           9           3   8.4018903595091751E-012
           9           4   1.4187374300449945E-012
           9           5   1.3122853504347611E-010
           9           6   2.1700629879932834E-012
           9           7  -2.1166366184734362E-009
           9           8   1.2151214243364796E-013
           9           9   2.2221811590566052     
           9          10   7.0352217052648414E-010
           9          11  -2.9337092050154864E-012
           9          12 -0.56570165353591650     
           9          13  -7.6766764939881379E-010
           9          14  -5.0932850583035144E-012
           9          15 -0.17224750990253798     
           9          16  -3.4633366576302994E-010
           9          17   5.7161104797941694E-012
           9          18  -1.1259231160724170E-002
           9          19   3.6892755532478593E-011
           9          20  -7.0097023056539831E-013
           9          21   1.1181909491238342E-003
           9          22  -2.7212374990349251E-011
           9          23   1.4821930725175707E-012
           9          24  -1.0005144230811565E-011
           9          25   3.7996188586245684E-012
           9          26  -7.0676914303581486E-012
           9          27  -1.2888139028921500E-011
           9          28  -7.0456161426141344E-012
           9          29  -2.9079748013822290E-012
           9          30  -1.1527541375800203E-011
           9          31   8.9240362529039131E-012
           9          32   7.4505670560488424E-012
           9          33  -1.8858754375288869E-011
           9          34  -4.7344438754013467E-011
           9          35  -2.4785043440658152E-012
           9          36  -5.1687320336819268E-011
           9          37  -8.3243988055505367E-012
           9          38   1.6374824352765264E-012
           9          39  -2.5800954061664184E-011
           9          40  -1.2702640451798348E-011
           9          41   7.4205682187269421E-014
           9          42  -1.2250396179145992E-011
           9          43  -2.3396289324873444E-012
           9          44  -3.4819835372062427E-012
           9          45  -1.7056998182572028E-011
           9          46   2.4922665845819685E-010
           9          47   2.8801210669604655E-013
           9          48  -7.8610489555102109E-010
           9          49  -9.0932892980898169E-012
           9          50  -7.1188513553693969E-003
           9          51   2.6042314224645908E-009
           9          52  -5.2547456969370774E-003
           9          53   1.2068483498672831E-009
           9          54   2.1037679336397036E-011
           9          55  -2.3637026147861225E-002
          10           1   1.3311513520152570E-013
          10           2  -3.0985383231398134E-013
          10           3   2.9767879855450999E-012
          10           4   1.2470807329150724E-012
          10           5  -3.3692742584390273E-012
          10           6  -7.1107794110914590E-012
          10           7 -0.56060587878802892     
          10           8  -6.1065704478810057E-009
          10           9   7.0352217052648414E-010
          10          10   1.4289256033334428     
          10          11   1.9591343402805224E-008
          10          12  -2.4074428982765198E-009
          10          13  0.45783379788974438     
          10          14  -1.2902175408054918E-008
          10          15   1.6638175757249334E-009
          10          16   2.7963601656244935E-002
          10          17  -6.2852481159574334E-009
          10          18   8.2285955807142850E-010
          10          19  -2.1944012862888810E-003
          10          20   6.2333638751303505E-010
          10          21  -8.2125818937018728E-011
          10          22  -1.3872037258328971E-012
          10          23  -6.9173785427691822E-012
          10          24   3.9613590538813845E-012
          10          25  -1.3159778570512185E-011
          10          26  -1.5722641386338962E-012
          10          27  -2.7919482022712794E-012
          10          28  -1.7760723716498322E-012
          10          29  -2.3720497908855776E-012
          10          30   2.9673091997479641E-012
          10          31  -3.1501498547747605E-012
          10          32  -3.6405436063300069E-013
          10          33   1.3043872585620147E-013
          10          34  -1.0555347927190650E-013
          10          35   1.3649125102928740E-011
          10          36   1.1047448653490600E-013
          10          37  -2.1359910289549595E-011
          10          38   7.7808585466271745E-013
          10          39   2.0689746031911586E-012
          10          40   7.7294875743551233E-013
          10          41   1.6102858806903366E-012
          10          42   8.8004168908211330E-013
          10          43  -2.7492033840430050E-012
          10          44  -3.0807477955090135E-013
          10          45   7.2681641441489856E-013
          10          46   2.6271973760227888E-003
          10          47   2.4303764622783567E-008
          10          48   1.0288783829249856E-002
          10          49   3.0082363954580807E-009
          10          50  -3.2428374314629618E-009
          10          51   2.6334094559262558E-012
          10          52   2.1734375286754463E-009
          10          53   1.0288783829870658E-002
          10          54  -1.6269760251593236E-008
          10          55  -3.8861632264236890E-010
          11           1   1.9186242375603286E-012
          11           2  -4.2649817960473208E-012
          11           3   8.1359136420099122E-012
          11           4  -5.8035225793425340E-012
          11           5  -8.6582158534803688E-012
          11           6  -5.0337283293086317E-011
          11           7  -6.1089928737624386E-009
          11           8 -0.56570165352273039     
          11           9  -2.9337092050154864E-012
          11          10   1.9591343402805224E-008
          11          11   1.4451921864560724     
          11          12   4.1222781478612989E-012
          11          13  -1.2891532996699671E-008
          11          14  0.44714139048625146     
          11          15   1.8760663735120761E-011
          11          16  -6.2625728274908967E-009
          11          17   2.2768708403429816E-002
          11          18  -1.2541382298566835E-011
          11          19   6.1023594318186413E-010
          11          20  -1.6796398266478428E-003
          11          21   1.0944782275725035E-011
          11          22  -2.2494501731638943E-011
          11          23   2.8171185063932942E-011
          11          24   2.9048706595732468E-011
          11          25  -1.4200774763947089E-011
          11          26   5.4371034674353544E-013
          11          27   7.3267519862278334E-012
          11          28  -7.4699470264851095E-012
          11          29   1.1085039664107019E-011
          11          30   1.9050142664271067E-011
          11          31  -8.6994676314781394E-012
          11          32   1.8413823409456585E-011
          11          33  -5.2680858485741184E-014
          11          34   3.1947387567532732E-012
          11          35   3.0202466007723967E-012
          11          36   2.1853102849062617E-011
          11          37   1.3949796027685665E-011
          11          38  -4.2861788511679766E-012
          11          39  -1.6722579892807223E-011
          11          40   6.2692825579834246E-012
          11          41  -1.9568009657235459E-012
          11          42   1.0219684491010731E-011
          11          43  -4.0759080956089233E-012
          11          44   8.5412612593980350E-012
          11          45   1.8943098172683103E-011
          11          46   4.8255095601560016E-009
          11          47   2.9643574212770397E-003
          11          48   2.1864573138063102E-008
          11          49   2.5500422760442405E-002
          11          50  -4.7711084500321229E-012
          11          51   1.1060308189468606E-009
          11          52   3.5916702991931034E-011
          11          53  -1.6266394158877240E-008
          11          54  -3.1057299566453677E-003
          11          55  -2.4969634484103845E-011
          12           1   3.0847791398838788E-012
          12           2  -1.0477787382251177E-011
          12           3   2.6807629132386674E-011
          12           4   4.9426164910537270E-011
          12           5  -1.4193272550161257E-010
          12           6   8.9246885980765195E-012
          12           7   7.0586081949980700E-010
          12           8   2.8577440327915238E-012
          12           9 -0.56570165353591650     
          12          10  -2.4074428982765198E-009
          12          11   4.1222781478612989E-012
          12          12   1.4451921864713055     
          12          13   1.6163540279148465E-009
          12          14  -4.9719419794778201E-012
          12          15  0.44714139049405466     
          12          16   8.2654074054139727E-010
          12          17  -1.3370224461298150E-011
          12          18   2.2768708394098381E-002
          12          19  -8.9239636368870573E-011
          12          20   3.0165802198427456E-012
          12          21  -1.6796398252557653E-003
          12          22   2.0616834567712624E-011
          12          23  -1.2931180059476172E-011
          12          24  -3.7004154446704791E-011
          12          25  -1.5832467680744552E-011
          12          26  -5.1710249562459071E-012
          12          27   3.2042707683687968E-012
          12          28   4.0127350451743896E-012
          12          29  -3.9653701615843153E-012
          12          30  -1.7451803640096368E-012
          12          31  -1.2556877137589693E-011
          12          32  -1.2905049084837158E-011
          12          33   8.3618271041276317E-012
          12          34   5.4580029803463772E-011
          12          35   1.1522252850195613E-011
          12          36   6.2145238707229760E-011
          12          37   5.4520859062825572E-012
          12          38  -4.5308178812921431E-012
          12          39   1.5326004512234064E-011
          12          40   1.9262672423065277E-011
          12          41  -4.3899999925957372E-012
          12          42   1.0326743360283458E-011
          12          43   7.9287674659052870E-012
          12          44   4.8085581832072622E-012
          12          45   1.7067745683751520E-011
          12          46  -5.9172076770027031E-010
          12          47   5.6669709050782510E-012
          12          48   2.1772589933934554E-009
          12          49   2.0822802047006009E-011
          12          50   2.9643574147125316E-003
          12          51  -8.4896484600602499E-009
          12          52  -3.1057299582964827E-003
          12          53  -2.9417552442619024E-009
          12          54  -4.3360423434699294E-011
          12          55   2.5500422754816756E-002
          13           1  -5.5909305149397738E-014
          13           2   3.3368561574499870E-013
          13           3   8.8939690505844659E-013
          13           4   8.9489102978794698E-013
          13           5  -2.5738465705851432E-012
          13           6  -9.3402694125525019E-012
          13           7 -0.17730401697670878     
          13           8   6.0996042628779750E-009
          13           9  -7.6766764939881379E-010
          13          10  0.45783379788974438     
          13          11  -1.2891532996699671E-008
          13          12   1.6163540279148465E-009
          13          13  0.14669476414300081     
          13          14  -9.9752651118788679E-009
          13          15   1.2620458414774942E-009
          13          16   8.9567731264784262E-003
          13          17  -2.2878435839496828E-009
          13          18   2.9819207220649048E-010
          13          19  -7.0253997820112781E-004
          13          20   2.2161558766118950E-010
          13          21  -2.9044452906177536E-011
          13          22   1.6042001352797140E-012
          13          23   2.3647675711999699E-011
          13          24  -2.9459284282323246E-012
          13          25  -6.0784589268781723E-012
          13          26  -5.0288721770394237E-013
          13          27   1.3772919689864382E-012
          13          28   1.2207117228498389E-012
          13          29   1.9144294036083824E-011
          13          30  -2.0887413060055108E-012
          13          31  -2.4530466397251300E-012
          13          32  -1.1804831989482264E-013
          13          33   1.9560084100451466E-012
          13          34   1.5497628517126428E-012
          13          35   1.8168397764096665E-011
          13          36  -1.8772811261712466E-012
          13          37  -7.8398940469116298E-012
          13          38   2.4908457817871262E-013
          13          39   1.9186556193687734E-012
          13          40   1.1774983055626858E-012
          13          41   3.2227214189441153E-012
          13          42   2.6276457935139896E-013
          13          43  -1.0774841860295673E-012
          13          44  -9.9129415946894888E-014
          13          45   6.8587765842634759E-013
          13          46   8.2578629056545615E-004
          13          47   7.6657216735137822E-009
          13          48   3.2892527354310159E-003
          13          49   5.1965246827184848E-010
          13          50  -1.0251306463931236E-009
          13          51   8.4416687637046868E-013
          13          52   6.7569742782086142E-010
          13          53   3.2892527356298273E-003
          13          54  -5.0296271464961238E-009
          13          55  -7.0786925281553796E-011
          14           1   1.4015105912740973E-012
          14           2  -3.9955900931939785E-012
          14           3   6.7984527338440490E-012
          14           4   3.8836824507898299E-012
          14           5  -6.5924486316706242E-012
          14           6  -4.4103043237925127E-011
          14           7   6.1168471499224389E-009
          14           8 -0.17224750989197379     
          14           9  -5.0932850583035144E-012
          14          10  -1.2902175408054918E-008
          14          11  0.44714139048625146     
          14          12  -4.9719419794778201E-012
          14          13  -9.9752651118788679E-009
          14          14  0.13842368824196902     
          14          15   3.9129508453110620E-012
          14          16  -2.2803320473962823E-009
          14          17   7.0653956194765954E-003
          14          18  -3.7876640034201749E-012
          14          19   2.1759081077416657E-010
          14          20  -5.1944758678857848E-004
          14          21   3.3392087541240236E-012
          14          22   1.4270881904406861E-011
          14          23  -2.7602845471525695E-011
          14          24  -1.3079675598450482E-011
          14          25   7.4557644898408443E-012
          14          26  -1.5741545908040764E-013
          14          27   3.6335750993017824E-012
          14          28   1.5138616798760685E-011
          14          29  -2.4364049482357658E-011
          14          30  -1.0186327304048986E-011
          14          31   6.3641510836257755E-012
          14          32   5.5136088890952955E-012
          14          33   1.9746025362052430E-012
          14          34   1.4980041701694468E-011
          14          35  -1.8315168795238216E-011
          14          36  -3.6166263970856957E-012
          14          37   1.0513306080738715E-011
          14          38  -1.3453392818095059E-012
          14          39  -3.8327982542923963E-012
          14          40   7.5018467481525904E-012
          14          41  -4.3485391959466105E-012
          14          42   2.3754899501208346E-012
          14          43  -4.1800403940204279E-016
          14          44   2.6170466081058256E-012
          14          45   6.8822874458269985E-012
          14          46   1.2722606380335972E-009
          14          47   8.4106087977040261E-004
          14          48   6.6497837651535763E-009
          14          49   7.7838717562068102E-003
          14          50  -1.5553278644839402E-012
          14          51   3.0653931979488095E-010
          14          52   1.0900468958892550E-011
          14          53  -5.0235958097316453E-009
          14          54  -8.4805336692241919E-004
          14          55  -7.6693252525512553E-012
          15           1  -3.0756690721025590E-012
          15           2   1.2280074223596412E-011
          15           3  -1.4278146402667595E-011
          15           4  -6.9929388150134105E-012
          15           5  -3.2232623170341882E-011
          15           6   4.7697666291677608E-011
          15           7  -7.9945412699433353E-010
          15           8  -6.7327031088980598E-012
          15           9 -0.17224750990253798     
          15          10   1.6638175757249334E-009
          15          11   1.8760663735120761E-011
          15          12  0.44714139049405466     
          15          13   1.2620458414774942E-009
          15          14   3.9129508453110620E-012
