           1           1   2.2098217260926223     
           1           2  0.29061459718683924     
           1           3 -0.41224043874742378     
           1           4 -0.51165849547714948     
           1           5 -0.32177251638191806     
           1           6 -0.23435121858592156     
           1           7  -2.1552564231999738E-014
           1           8   3.0007669489974786E-014
           1           9  -2.1868572699198158E-014
           1          10   1.1333167652548390E-014
           1          11   1.5413404311895887E-014
           1          12   5.6887899368620422E-015
           1          13  -3.0590921269297856E-014
           1          14  -2.0436718602005092E-014
           1          15  -3.0429407563842398E-014
           1          16   1.7635777993719694E-015
           1          17   4.6461781565255138E-014
           1          18   1.5583715071655220E-014
           1          19   3.8280522590301996E-015
           1          20  -1.6922525313598195E-015
           1          21   7.2127067373210775E-015
           1          22  0.19197310909804763     
           1          23   5.2663742109000079E-015
           1          24  0.19197310909806398     
           1          25  -1.4238896527089551E-014
           1          26  -6.2592988473790739E-016
           1          27  0.19197310909804510     
           1          28  0.23524848014418001     
           1          29   5.3216559014489554E-016
           1          30  0.23524848014418226     
           1          31   3.5183787134448353E-015
           1          32  -9.0057643719767038E-015
           1          33  0.23524848014417274     
           1          34  0.16635772098336904     
           1          35  -6.8908867442980732E-015
           1          36  0.16635772098338589     
           1          37  -2.1506837822023876E-014
           1          38  -1.1952229590590096E-015
           1          39  0.16635772098339188     
           1          40   7.4904827836623764E-002
           1          41   1.9541750580748022E-015
           1          42   7.4904827836627774E-002
           1          43   2.1117373527177753E-014
           1          44   7.9914007227275334E-015
           1          45   7.4904827836597562E-002
           1          46   6.9512419274396582E-015
           1          47  -3.4325422532716349E-015
           1          48  -2.5037932963211028E-015
           1          49  -2.3224084234845177E-014
           1          50   6.8223919851457401E-015
           1          51   1.0313611066243404E-014
           1          52   1.7574315751647031E-015
           1          53  -9.4882264566788733E-015
           1          54  -1.5978490771440268E-014
           1          55  -1.6725935154770321E-014
           2           1  0.29061459718683924     
           2           2  0.71366425176250026     
           2           3 -0.68463193357919727     
           2           4 -0.64198919675269983     
           2           5 -0.38178858674805100     
           2           6 -0.26925946564126402     
           2           7  -4.8894700462385790E-014
           2           8   6.9322700036120813E-014
           2           9  -9.5017380192010259E-015
           2          10  -2.0321291473684515E-014
           2          11  -2.4825557330332530E-014
           2          12  -2.0085372837819427E-014
           2          13  -2.4397772660201623E-014
           2          14   1.4743308915982508E-014
           2          15  -2.3707385987098613E-014
           2          16   1.3552681043074857E-014
           2          17  -4.2881787635665218E-014
           2          18   1.0351650385522097E-014
           2          19  -2.3441397276343169E-015
           2          20  -2.8384489450302587E-015
           2          21   1.7764823059870926E-015
           2          22  0.26153715650405940     
           2          23  -2.8989961382234171E-016
           2          24  0.26153715650406090     
           2          25  -2.7839541441128926E-016
           2          26   2.8233148134653086E-016
           2          27  0.26153715650406428     
           2          28  0.29201887506231411     
           2          29   2.9719813424163569E-016
           2          30  0.29201887506232171     
           2          31  -3.0328186108321580E-015
           2          32  -2.3569677829986462E-015
           2          33  0.29201887506231061     
           2          34  0.19746721521031271     
           2          35  -8.5446116923378381E-016
           2          36  0.19746721521030616     
           2          37   5.1390378364770927E-015
           2          38   2.3210901146126196E-015
           2          39  0.19746721521031355     
           2          40   8.6336958785088139E-002
           2          41   1.0721157601932608E-015
           2          42   8.6336958785090054E-002
           2          43  -3.1378601375157031E-015
           2          44  -1.2894225101163454E-015
           2          45   8.6336958785085696E-002
           2          46  -5.6202787831763683E-015
           2          47   1.1299624895788804E-014
           2          48  -2.6309327083734034E-015
           2          49   2.4220829411192250E-014
           2          50  -3.8749001825442609E-015
           2          51  -3.7336400283378971E-016
           2          52  -4.1139939419061290E-015
           2          53  -2.7268962205275697E-015
           2          54   1.0710787249383156E-014
           2          55  -3.3578347400356915E-015
           3           1 -0.41224043874742378     
           3           2 -0.68463193357919727     
           3           3  0.66529542226846794     
           3           4  0.63183882445204642     
           3           5  0.37686823026597516     
           3           6  0.26626269145381881     
           3           7   2.2590114963178926E-014
           3           8  -6.5880179609700110E-014
           3           9   1.3501606425180065E-014
           3          10   2.8227165609770938E-014
           3          11   1.6878781005083942E-014
           3          12   1.3063846984577342E-014
           3          13   3.0433834705174628E-014
           3          14  -1.6981767113385690E-014
           3          15   1.9837652466620194E-014
           3          16  -1.1962147187913949E-014
           3          17   3.8075669019380158E-014
           3          18  -9.9311269906385283E-015
           3          19   2.0126753219817593E-015
           3          20   2.8104189397521164E-015
           3          21  -2.0832995942531923E-015
           3          22 -0.25635121288156815     
           3          23  -6.5450568093650204E-017
           3          24 -0.25635121288157053     
           3          25   1.1683589967510132E-015
           3          26  -2.2357247243264020E-016
           3          27 -0.25635121288157253     
           3          28 -0.28756213509147732     
           3          29  -3.1134112300130793E-016
           3          30 -0.28756213509148465     
           3          31   2.6061485620735755E-015
           3          32   2.7744634793519085E-015
           3          33 -0.28756213509147366     
           3          34 -0.19491797499615243     
           3          35   1.2371776540057234E-015
           3          36 -0.19491797499614744     
           3          37  -3.4241946973061722E-015
           3          38  -2.0900967073176209E-015
           3          39 -0.19491797499615468     
           3          40  -8.5360809361928899E-002
           3          41  -1.1253324890101752E-015
           3          42  -8.5360809361930939E-002
           3          43   1.5812720339184427E-015
           3          44   6.9356874452599870E-016
           3          45  -8.5360809361924944E-002
           3          46   4.3723542786272954E-015
           3          47  -1.0551924254453286E-014
           3          48   2.4231213775314692E-015
           3          49  -2.1626548694053464E-014
           3          50   3.0229283109112920E-015
           3          51  -3.0959251271187030E-016
           3          52   3.5692564932864480E-015
           3          53   2.9583340836856577E-015
           3          54  -9.2018377942808800E-015
           3          55   3.8471161200029787E-015
           4           1 -0.51165849547714948     
           4           2 -0.64198919675269983     
           4           3  0.63183882445204642     
           4           4  0.60745105870328397     
           4           5  0.36334157537168110     
           4           6  0.25713714324145415     
           4           7  -6.6304911375578435E-013
           4           8  -2.3762275616390564E-013
           4           9   1.7947261290297886E-013
           4          10   3.4690080499995892E-013
           4          11   1.3558987286272820E-014
           4          12   7.0048870684579303E-014
           4          13   2.2616826760008977E-013
           4          14  -3.6350352227003312E-014
           4          15   9.0958678929530200E-014
           4          16   2.7171140635444922E-015
           4          17   5.2727409734098042E-014
           4          18  -4.1696764528124558E-014
           4          19   3.0744587288505118E-015
           4          20   3.9659767907954183E-015
           4          21  -4.2059602435964951E-015
           4          22 -0.24549639074846089     
           4          23  -3.8342504646562064E-016
           4          24 -0.24549639074846411     
           4          25   1.9404575455845953E-015
           4          26  -1.6533273861995472E-016
           4          27 -0.24549639074846474     
           4          28 -0.27660927216984527     
           4          29  -3.1654011107780773E-016
           4          30 -0.27660927216985204     
           4          31   2.1595152477185031E-015
           4          32   3.0828967295061725E-015
           4          33 -0.27660927216984144     
           4          34 -0.18791796197666369     
           4          35   1.5514628169693452E-015
           4          36 -0.18791796197666016     
           4          37  -1.7993909203528441E-015
           4          38  -1.8318926503541301E-015
           4          39 -0.18791796197666716     
           4          40  -8.2421397286491241E-002
           4          41  -1.1460101452978755E-015
           4          42  -8.2421397286493350E-002
           4          43   1.4329136678825874E-016
           4          44   1.4098552498945820E-016
           4          45  -8.2421397286486037E-002
           4          46  -4.1916240507293288E-015
           4          47  -1.4136737934578226E-014
           4          48  -1.1031094278624049E-015
           4          49  -2.8860513103251156E-014
           4          50   9.4510047895122006E-015
           4          51  -9.1627663695190909E-016
           4          52   1.0260424549942277E-014
           4          53  -1.8581996953236290E-016
           4          54  -1.2134691047263120E-014
           4          55   2.0444231864265583E-014
           5           1 -0.32177251638191806     
           5           2 -0.38178858674805100     
           5           3  0.37686823026597516     
           5           4  0.36334157537168110     
           5           5  0.21746867726502045     
           5           6  0.15396141292775950     
           5           7  -1.8924776423116833E-013
           5           8  -1.5323533899269426E-013
           5           9   8.8065087410464756E-014
           5          10   1.4190579874734602E-014
           5          11  -6.4131934053617114E-015
           5          12  -1.8930978891533890E-014
           5          13  -7.2648317498146727E-015
           5          14  -3.5243194751989599E-014
           5          15  -5.9181698914408116E-016
           5          16   1.7412219450005848E-014
           5          17   3.5189752711941565E-014
           5          18  -1.0103084868738477E-014
           5          19   2.4024096654064136E-015
           5          20   2.6079660328982335E-015
           5          21  -1.7496010196699040E-015
           5          22 -0.14671058985070998     
           5          23  -2.7305158627071527E-016
           5          24 -0.14671058985071200     
           5          25   1.2721151775030276E-015
           5          26  -9.2126597007983067E-017
           5          27 -0.14671058985071223     
           5          28 -0.16547141105643023     
           5          29  -1.9168362222648943E-016
           5          30 -0.16547141105643423     
           5          31   1.2445029420975645E-015
           5          32   1.9006759603251321E-015
           5          33 -0.16547141105642790     
           5          34 -0.11247288355309701     
           5          35   9.7736797828473587E-016
           5          36 -0.11247288355309508     
           5          37  -8.7272740155395083E-016
           5          38  -1.0715194619906331E-015
           5          39 -0.11247288355309924     
           5          40  -4.9348105072435401E-002
           5          41  -6.9421965846341031E-016
           5          42  -4.9348105072436678E-002
           5          43  -1.0207662543759067E-016
           5          44   1.2620012332575579E-017
           5          45  -4.9348105072432084E-002
           5          46  -1.0083830698040499E-014
           5          47  -9.3137350699945094E-015
           5          48  -4.0043152446837003E-015
           5          49  -1.9064142324615289E-014
           5          50   2.2660939084185972E-015
           5          51  -6.3243090337073682E-016
           5          52   2.7889970217003324E-015
           5          53  -3.4007223690044545E-015
           5          54  -8.0202083497255132E-015
           5          55   4.9430118506311166E-015
           6           1 -0.23435121858592156     
           6           2 -0.26925946564126402     
           6           3  0.26626269145381881     
           6           4  0.25713714324145415     
           6           5  0.15396141292775950     
           6           6  0.10902485578831413     
           6           7   3.0195280119592321E-012
           6           8   6.2330049928772041E-013
           6           9  -5.4625497664197579E-013
           6          10  -1.3989697114684408E-012
           6          11  -9.1452541464363206E-014
           6          12  -3.9739632082305719E-013
           6          13  -8.4658452615210911E-013
           6          14  -1.1348116837640399E-014
           6          15  -4.0812363482826767E-013
           6          16  -6.6020188650344197E-014
           6          17  -4.3469563642634397E-014
           6          18   1.4431259668942503E-013
           6          19  -5.9148036330808820E-015
           6          20  -2.5698633090778047E-015
           6          21   7.4506275331518951E-015
           6          22 -0.10377199176331260     
           6          23  -2.1167061683509930E-016
           6          24 -0.10377199176331410     
           6          25   9.4727331448523819E-016
           6          26  -6.2345019370774000E-017
           6          27 -0.10377199176331418     
           6          28 -0.11711268310740386     
           6          29  -1.3664475249568747E-016
           6          30 -0.11711268310740669     
           6          31   8.6083521768628987E-016
           6          32   1.3690063956034884E-015
           6          33 -0.11711268310740222     
           6          34  -7.9627258814766746E-002
           6          35   7.1250469901095349E-016
           6          36  -7.9627258814765456E-002
           6          37  -5.3178943913776577E-016
           6          38  -7.4810559172713704E-016
           6          39  -7.9627258814768412E-002
           6          40  -3.4944132118600452E-002
           6          41  -4.9498695851999443E-016
           6          42  -3.4944132118601375E-002
           6          43  -1.5142696118688682E-016
           6          44  -2.1307936578557347E-017
           6          45  -3.4944132118598030E-002
           6          46   3.6007134820519434E-014
           6          47   8.9766854060649476E-015
           6          48   1.6478992875034008E-014
           6          49   2.1368786294946080E-014
           6          50  -3.2329609892274398E-014
           6          51  -4.8314909228298598E-016
           6          52  -3.1943207986402314E-014
           6          53   1.6929317076142483E-014
           6          54   9.9326060167754800E-015
           6          55  -7.2257643786695805E-014
           7           1  -2.1552564231999738E-014
           7           2  -4.8894700462385790E-014
           7           3   2.2590114963178926E-014
           7           4  -6.6304911375578435E-013
           7           5  -1.8924776423116833E-013
           7           6   3.0195280119592321E-012
           7           7   2.8626598853727332     
           7           8  -2.9497529088860320E-002
           7           9  0.15882176165084366     
           7          10  -1.0080136679114922     
           7          11   3.1140404869241304E-002
           7          12 -0.16766739834229810     
           7          13 -0.52831609237845445     
           7          14   2.3485660080468651E-002
           7          15 -0.12645241898977738     
           7          16 -0.12748113152967849     
           7          17  -3.0014129887139893E-003
           7          18   1.6160326407970781E-002
           7          19  -9.8873843796513441E-003
           7          20  -1.2729173235246619E-004
           7          21   6.8536917499389277E-004
           7          22   1.3501204879136240E-014
           7          23   1.4715507242932619E-014
           7          24   2.3319268566030969E-014
           7          25  -1.0908426346429027E-014
           7          26  -5.2640326544287771E-015
           7          27   1.9483800972891842E-014
           7          28  -1.1570020117063670E-014
           7          29  -6.1298985459392907E-016
           7          30  -5.5454249114387127E-015
           7          31  -5.0747926535030229E-015
           7          32   3.0530978364718392E-015
           7          33  -3.8335530766466915E-015
           7          34  -3.8269148452044203E-013
           7          35   2.8831752869492415E-015
           7          36  -4.0470089946992697E-013
           7          37   1.2677605120459220E-015
           7          38  -4.2209131739303003E-015
           7          39  -4.0084259989051093E-013
           7          40  -8.2943403718964343E-013
           7          41  -2.0107200767482361E-015
           7          42  -8.2172822698089578E-013
           7          43  -1.5319902809321595E-015
           7          44   3.0499029037285570E-015
           7          45  -8.2070362067791052E-013
           7          46   6.7073259427036902E-002
           7          47   6.4570657468367989E-004
           7          48   2.9996073510259257E-002
           7          49   1.4438437945141088E-003
           7          50  -3.4766388530703693E-003
           7          51  -2.1130261526784007E-015
           7          52  -3.4766388530708559E-003
           7          53   2.9996073510268926E-002
           7          54   6.4570657468008066E-004
           7          55  -7.7740008086882853E-003
           8           1   3.0007669489974786E-014
           8           2   6.9322700036120813E-014
           8           3  -6.5880179609700110E-014
           8           4  -2.3762275616390564E-013
           8           5  -1.5323533899269426E-013
           8           6   6.2330049928772041E-013
           8           7  -2.9497529088860320E-002
           8           8   2.1120509451685026     
           8           9  0.23062334975418558     
           8          10   3.1140404869248531E-002
           8          11 -0.21559928547203447     
           8          12 -0.24346800242194533     
           8          13   2.3485660080440056E-002
           8          14   6.9311809601824231E-002
           8          15 -0.18362017993521404     
           8          16  -3.0014129886853677E-003
           8          17 -0.20385659388702290     
           8          18   2.3466233912853327E-002
           8          19  -1.2729173235612851E-004
           8          20  -1.3126513732903598E-002
           8          21   9.9521711203469452E-004
           8          22   4.0284319659487942E-014
           8          23   1.6393992162309799E-015
           8          24   4.4097480640011797E-014
           8          25  -1.3401045066087541E-014
           8          26  -1.3741763378653228E-014
           8          27   4.9539134534223005E-014
           8          28   5.0300839349961964E-014
           8          29   2.3502547312420802E-015
           8          30   5.1894813050000603E-014
           8          31   1.6535633422810094E-015
           8          32  -3.0363591174447490E-015
           8          33   5.2389675160330084E-014
           8          34  -4.3361911937470916E-014
           8          35  -1.6978737013859186E-015
           8          36  -4.3257428275732647E-014
           8          37   2.7388621616123103E-015
           8          38   1.2769857854019876E-015
           8          39  -4.3647912276662985E-014
           8          40  -1.6394365486653212E-013
           8          41  -1.1657164438328118E-015
           8          42  -1.6340181555039257E-013
           8          43  -2.1405924334014135E-015
           8          44  -8.3605461286142274E-016
           8          45  -1.6546206734373141E-013
           8          46   1.4438437945000645E-003
           8          47   4.6427047313011865E-002
           8          48   6.4570657468032461E-004
           8          49  0.10381403378649050     
           8          50  -5.0483894011314869E-003
           8          51  -8.7839520060684199E-017
           8          52  -5.0483894011322831E-003
           8          53   6.4570657467845263E-004
           8          54   4.6427047313014537E-002
           8          55  -1.1288541877817410E-002
           9           1  -2.1868572699198158E-014
           9           2  -9.5017380192010259E-015
           9           3   1.3501606425180065E-014
           9           4   1.7947261290297886E-013
           9           5   8.8065087410464756E-014
           9           6  -5.4625497664197579E-013
           9           7  0.15882176165084366     
           9           8  0.23062334975418558     
           9           9   2.2943999506505000     
           9          10 -0.16766739834227443     
           9          11 -0.24346800242195879     
           9          12 -0.40810428618271433     
           9          13 -0.12645241898983223     
           9          14 -0.18362017993517965     
           9          15  -7.5872783516337222E-002
           9          16   1.6160326408059998E-002
           9          17   2.3466233912794125E-002
           9          18 -0.18530233899058096     
           9          19   6.8536917500502297E-004
           9          20   9.9521711202942053E-004
           9          21  -1.2339616609039573E-002
           9          22   4.5140771358213059E-015
           9          23   4.4565060234455191E-015
           9          24   1.1936024779481848E-014
           9          25  -2.0624567883487809E-014
           9          26  -2.4234561890609145E-014
           9          27   1.8610696523313143E-014
           9          28  -2.2504891896043381E-014
           9          29   3.1843584235063146E-015
           9          30  -1.9240952480224460E-014
           9          31   2.1310697800142762E-015
           9          32  -3.6587611013157337E-017
           9          33  -1.8107830552882462E-014
           9          34   5.3210173763762855E-014
           9          35  -4.2463457234615706E-015
           9          36   4.8483500227921366E-014
           9          37   1.3630313115963876E-015
           9          38  -3.5532650425241430E-015
           9          39   4.8386107862940267E-014
           9          40   1.4500154826300258E-013
           9          41  -5.7525816648509548E-016
           9          42   1.4869863537686070E-013
           9          43  -1.0211537284110803E-015
           9          44   2.8829863840502385E-015
           9          45   1.4497007693331333E-013
           9          46  -7.7740008087409055E-003
           9          47  -5.0483894011157772E-003
           9          48  -3.4766388530956638E-003
           9          49  -1.1288541877790350E-002
           9          50   4.2435392575706818E-002
           9          51  -1.2317902384953896E-015
           9          52   4.2435392575702863E-002
           9          53  -3.4766388530941116E-003
           9          54  -5.0483894011137788E-003
           9          55   9.4888422451160831E-002
          10           1   1.1333167652548390E-014
          10           2  -2.0321291473684515E-014
          10           3   2.8227165609770938E-014
          10           4   3.4690080499995892E-013
          10           5   1.4190579874734602E-014
          10           6  -1.3989697114684408E-012
          10           7  -1.0080136679114922     
          10           8   3.1140404869248531E-002
          10           9 -0.16766739834227443     
          10          10   1.0280228754912719     
          10          11  -3.2874781223178676E-002
          10          12  0.17700569603725808     
          10          13  0.77116003489821416     
          10          14  -2.4793702595364696E-002
          10          15  0.13349523318295720     
          10          16  -9.5054206427201388E-002
          10          17   3.1685777939851828E-003
          10          18  -1.7060381757689088E-002
          10          19  -3.9509203643628438E-003
          10          20   1.3438129241268238E-004
          10          21  -7.2354106440747389E-004
          10          22  -3.1490920455734429E-014
          10          23  -1.3253383153583595E-014
          10          24  -4.2083263443082352E-014
          10          25   1.2167245694582943E-014
          10          26   4.8605421738661279E-015
          10          27  -3.6333098103160343E-014
          10          28  -1.7913436250443472E-015
          10          29  -1.5412467137900295E-015
          10          30  -2.2711130354505419E-015
          10          31   1.5838349222593768E-015
          10          32  -2.6758748393982914E-015
          10          33  -6.0403596199775730E-015
          10          34   1.9406049421185690E-013
          10          35  -1.6860503811405408E-015
          10          36   2.0820418415154375E-013
          10          37   1.8080864615353245E-015
          10          38   3.5783918459551013E-015
          10          39   2.0806025632630211E-013
          10          40   3.8841477232286482E-013
          10          41   8.5733734374155685E-016
          10          42   3.8590480885018440E-013
          10          43   5.2033019269060515E-016
          10          44  -2.5346160851862178E-015
          10          45   3.8132785026074306E-013
          10          46   4.5623155600176331E-002
          10          47  -6.8166944091533439E-004
          10          48   2.0403295454017215E-002
          10          49  -1.5242592080732371E-003
          10          50   3.6702715384368755E-003
          10          51   1.7514320185271436E-015
          10          52   3.6702715384361352E-003
          10          53   2.0403295454006945E-002
          10          54  -6.8166944091247155E-004
          10          55   8.2069766558329083E-003
          11           1   1.5413404311895887E-014
          11           2  -2.4825557330332530E-014
          11           3   1.6878781005083942E-014
          11           4   1.3558987286272820E-014
          11           5  -6.4131934053617114E-015
          11           6  -9.1452541464363206E-014
          11           7   3.1140404869241304E-002
          11           8 -0.21559928547203447     
          11           9 -0.24346800242195879     
          11          10  -3.2874781223178676E-002
          11          11  0.19147468126636541     
          11          12  0.25702804276548952     
          11          13  -2.4793702595332128E-002
          11          14  0.14024702612504161     
          11          15  0.19384697369468748     
          11          16   3.1685777939695087E-003
          11          17  -1.4424984477147842E-002
          11          18  -2.4773194480115245E-002
          11          19   1.3438129241875001E-004
          11          20  -5.3138650509282652E-004
          11          21  -1.0506460967645741E-003
          11          22  -9.0835945552322688E-015
          11          23  -2.2355982338625953E-015
          11          24  -1.3075436882232445E-014
          11          25   1.4381294233461616E-014
          11          26   1.6828616517625878E-014
          11          27  -1.9141067832859134E-014
          11          28   2.7617660418659351E-015
          11          29  -1.8638197317721796E-015
          11          30  -5.4370643920352912E-016
          11          31  -2.5824026409396156E-015
          11          32   5.8148867767364707E-016
          11          33  -5.0697031208713542E-016
          11          34   1.5668675231714190E-014
          11          35   2.3360440414189569E-015
          11          36   1.8735676669283075E-014
          11          37  -3.8066145313708953E-016
          11          38   2.1040679512260940E-015
          11          39   1.8723829634955808E-014
          11          40   2.6395520618390432E-014
          11          41   7.2154350181067071E-016
          11          42   2.3714635872613958E-014
          11          43   3.8578497604300489E-016
          11          44  -1.9981393130305254E-015
          11          45   2.6268911714902950E-014
          11          46  -1.5242592080686752E-003
          11          47   3.0571924949387742E-003
          11          48  -6.8166944091608563E-004
          11          49   6.8360902389884449E-003
          11          50   5.3295613139280841E-003
          11          51   2.2241314211415943E-016
          11          52   5.3295613139291813E-003
          11          53  -6.8166944091436598E-004
          11          54   3.0571924949362736E-003
          11          55   1.1917261388194246E-002
          12           1   5.6887899368620422E-015
          12           2  -2.0085372837819427E-014
          12           3   1.3063846984577342E-014
          12           4   7.0048870684579303E-014
          12           5  -1.8930978891533890E-014
          12           6  -3.9739632082305719E-013
          12           7 -0.16766739834229810     
          12           8 -0.24346800242194533     
          12           9 -0.40810428618271433     
          12          10  0.17700569603725808     
          12          11  0.25702804276548952     
          12          12  0.39470131911211326     
          12          13  0.13349523318298057     
          12          14  0.19384697369466877     
          12          15  0.29351772879497950     
          12          16  -1.7060381757714349E-002
          12          17  -2.4773194480091614E-002
          12          18  -3.4012625454859800E-002
          12          19  -7.2354106441065147E-004
          12          20  -1.0506460967639045E-003
          12          21  -1.3621101549864429E-003
          12          22  -1.3265281897248438E-014
          12          23  -5.9465901932486943E-015
          12          24  -2.1084563356171199E-014
          12          25   2.2534532854376596E-014
          12          26   2.4417573518246305E-014
          12          27  -2.8233958059033659E-014
          12          28   1.0537901299601893E-014
          12          29  -2.9145813803067402E-015
          12          30   5.8634566217071106E-015
          12          31  -3.2480739862354654E-015
          12          32   1.6241967142099205E-016
          12          33   5.0965963259430855E-015
          12          34   6.3821967502265219E-014
          12          35   2.9132945345951882E-015
          12          36   7.1131893524814698E-014
          12          37  -8.6797370952740971E-017
          12          38   3.7661901824858843E-015
          12          39   7.1091367856466376E-014
          12          40   1.1231648319992192E-013
          12          41   1.1578981350763835E-015
          12          42   1.0803945758751735E-013
          12          43   6.0585508834640944E-016
          12          44  -3.3751020705267335E-015
          12          45   1.1060319832852306E-013
          12          46   8.2069766558472979E-003
          12          47   5.3295613139228209E-003
          12          48   3.6702715384450317E-003
          12          49   1.1917261388188452E-002
          12          50   7.2711639175466669E-003
          12          51   6.9885270722043264E-016
          12          52   7.2711639175480737E-003
          12          53   3.6702715384451497E-003
          12          54   5.3295613139199942E-003
          12          55   1.6258816795176542E-002
          13           1  -3.0590921269297856E-014
          13           2  -2.4397772660201623E-014
          13           3   3.0433834705174628E-014
          13           4   2.2616826760008977E-013
          13           5  -7.2648317498146727E-015
          13           6  -8.4658452615210911E-013
          13           7 -0.52831609237845445     
          13           8   2.3485660080440056E-002
          13           9 -0.12645241898983223     
          13          10  0.77116003489821416     
          13          11  -2.4793702595332128E-002
          13          12  0.13349523318298057     
          13          13  0.60617255266776804     
          13          14  -1.8699065530302157E-002
          13          15  0.10068024748098525     
          13          16  -9.8130183198112786E-002
          13          17   2.3896972862239982E-003
          13          18  -1.2866702552070208E-002
          13          19  -4.6365646404573357E-003
          13          20   1.0134850102375895E-004
          13          21  -5.4568460378960160E-004
          13          22  -2.7556321112577438E-014
          13          23  -9.7327872284279799E-015
          13          24  -3.5571109786826517E-014
          13          25   9.2513586653847834E-015
          13          26   3.5855341419136051E-015
          13          27  -3.1038542390115557E-014
          13          28  -5.3722277474854961E-015
          13          29  -1.4143699075312623E-015
          13          30  -5.0569618101556775E-015
          13          31   7.5999096464386882E-016
          13          32  -1.9550919872486255E-015
          13          33  -8.1255953819398865E-015
          13          34   1.2042416655290014E-013
          13          35  -1.1152613867487684E-015
          13          36   1.3004428459205036E-013
          13          37   1.7259356772578996E-015
          13          38   2.5977203705098659E-015
          13          39   1.3038817528001598E-013
          13          40   2.3602806483079902E-013
          13          41   5.0088943019775446E-016
          13          42   2.3478278488663441E-013
          13          43   2.6611227779885585E-016
          13          44  -1.8326795807869208E-015
          13          45   2.3092843783926321E-013
          13          46   4.7815048227876966E-002
          13          47  -5.1410560793218305E-004
          13          48   2.1383539636999085E-002
          13          49  -1.1495750869518454E-003
          13          50   2.7680677279754030E-003
          13          51   1.2657184537677453E-015
          13          52   2.7680677279747008E-003
          13          53   2.1383539636991331E-002
          13          54  -5.1410560793013174E-004
          13          55   6.1895876060802909E-003
          14           1  -2.0436718602005092E-014
          14           2   1.4743308915982508E-014
          14           3  -1.6981767113385690E-014
          14           4  -3.6350352227003312E-014
          14           5  -3.5243194751989599E-014
          14           6  -1.1348116837640399E-014
          14           7   2.3485660080468651E-002
          14           8   6.9311809601824231E-002
          14           9 -0.18362017993517965     
          14          10  -2.4793702595364696E-002
          14          11  0.14024702612504161     
          14          12  0.19384697369466877     
          14          13  -1.8699065530302157E-002
          14          14  0.13034673965764632     
          14          15  0.14619669047111797     
          14          16   2.3896972862167019E-003
          14          17  -3.7320745837866362E-002
          14          18  -1.8683598595112053E-002
          14          19   1.0134850102870190E-004
          14          20  -2.0575997814719200E-003
          14          21  -7.9238266801713900E-004
          14          22   5.2280342680372737E-015
          14          23  -1.7441934297838951E-015
          14          24   2.2213220650416795E-015
          14          25   1.0873101579023829E-014
          14          26   1.2959220138337912E-014
          14          27  -2.3902430288075707E-015
          14          28   1.7213993231852762E-014
          14          29  -1.3345833946641703E-015
          14          30   1.4534201807764114E-014
          14          31  -2.0439598792493206E-015
          14          32   1.3640945712424421E-016
          14          33   1.4626292743019928E-014
          14          34   1.4062335826077739E-014
          14          35   1.8244060909066784E-015
          14          36   1.6741279803056053E-014
          14          37   2.0126211861970074E-018
          14          38   1.9843633259392118E-015
          14          39   1.6683513875526928E-014
          14          40   5.4643985242653461E-015
          14          41   4.8555743274635556E-016
          14          42   3.1996847089963101E-015
          14          43   7.5166606542050079E-017
          14          44  -1.8386769157897861E-015
          14          45   5.1697563379492201E-015
          14          46  -1.1495750869509481E-003
          14          47   8.3013501302234786E-003
          14          48  -5.1410560793385294E-004
          14          49   1.8562383196208815E-002
          14          50   4.0194809901238143E-003
          14          51   1.8267319933672835E-016
          14          52   4.0194809901246695E-003
          14          53  -5.1410560793258529E-004
          14          54   8.3013501302216311E-003
          14          55   8.9878327281834782E-003
          15           1  -3.0429407563842398E-014
          15           2  -2.3707385987098613E-014
          15           3   1.9837652466620194E-014
          15           4   9.0958678929530200E-014
          15           5  -5.9181698914408116E-016
          15           6  -4.0812363482826767E-013
          15           7 -0.12645241898977738     
          15           8 -0.18362017993521404     
          15           9  -7.5872783516337222E-002
          15          10  0.13349523318295720     
          15          11  0.19384697369468748     
          15          12  0.29351772879497950     
          15          13  0.10068024748098525     
          15          14  0.14619669047111797     
