           1           1   2.1427560436189665     
           1           2  0.14297742853043377     
           1           3 -0.45911657249133464     
           1           4   9.6556608427218249E-002
           1           5   4.8620364340584352E-002
           1           6   1.9700547640560357E-002
           1           7   1.7069290659001206E-011
           1           8  -5.7403690590240808E-012
           1           9   3.5530466829480305E-012
           1          10   8.6616618047602406E-012
           1          11  -2.2777014808259117E-012
           1          12   2.7521342142898136E-012
           1          13   8.9126337830707648E-012
           1          14  -2.0447878183132147E-012
           1          15   3.0129172616695265E-012
           1          16   4.3269919325743768E-013
           1          17   1.9626003409632626E-012
           1          18   3.3203556308174406E-012
           1          19   1.0122941100196412E-013
           1          20   2.6780797425233944E-012
           1          21   4.0896111254752167E-012
           1          22   2.5510766579122449E-003
           1          23   2.2875206990144998E-004
           1          24   2.7805897782340193E-003
           1          25  -2.2901067051086184E-004
           1          26  -3.9731822588331999E-004
           1          27   2.7813673104560271E-003
           1          28  -5.7698487267872399E-003
           1          29  -4.4247002944162463E-005
           1          30  -5.8142429720098986E-003
           1          31   4.4297038077798292E-005
           1          32   7.6852433938248048E-005
           1          33  -5.8143934123688788E-003
           1          34  -2.5059527537011103E-003
           1          35   2.0739706558509834E-004
           1          36  -2.2978657693147170E-003
           1          37  -2.0763152748391744E-004
           1          38  -3.6022676833069958E-004
           1          39  -2.2971608149152684E-003
           1          40  -4.8616595384824747E-003
           1          41   2.7509583052249322E-004
           1          42  -4.5856484639224216E-003
           1          43  -2.7540682007176815E-004
           1          44  -4.7781246679156892E-004
           1          45  -4.5847134141087792E-003
           1          46   7.4416353935916149E-013
           1          47  -1.0143400506724882E-013
           1          48  -5.5530556680435513E-013
           1          49  -1.0137652503790615E-012
           1          50   3.0815916132496529E-013
           1          51   1.1971756467831910E-014
           1          52   1.0724447426244636E-012
           1          53   1.1693137641924573E-012
           1          54   1.0504224326893626E-012
           1          55  -6.2408818004548203E-013
           2           1  0.14297742853043377     
           2           2  0.25543264775718766     
           2           3 -0.55932742148634473     
           2           4  0.12735954093226062     
           2           5   5.6752346075020693E-002
           2           6   1.5553519838315877E-002
           2           7   4.2912390767955664E-011
           2           8  -1.2260005334732989E-011
           2           9   1.1766429376539884E-011
           2          10   2.9812143096625075E-011
           2          11  -8.0719650688878546E-012
           2          12   8.8888241257733461E-012
           2          13   1.8526636175153491E-011
           2          14  -4.0051990056926216E-012
           2          15   6.6367000633475033E-012
           2          16   2.9002299408740035E-012
           2          17   1.9715866027559418E-012
           2          18   5.2492498041311383E-012
           2          19   2.4509768315643029E-013
           2          20   4.0048675980907374E-012
           2          21   6.2001717248843983E-012
           2          22  -7.4242716887744912E-005
           2          23   2.9059280099489687E-004
           2          24   2.1731688213704847E-004
           2          25  -2.9092130489575825E-004
           2          26  -5.0472904798710559E-004
           2          27   2.1830459199856934E-004
           2          28   2.6464333862271641E-004
           2          29  -7.0852173275597909E-005
           2          30   1.9355538360134870E-004
           2          31   7.0932289530137608E-005
           2          32   1.2306283929716883E-004
           2          33   1.9331449849175546E-004
           2          34   4.5931689741603209E-003
           2          35   3.1297331164912060E-004
           2          36   4.9071834115900119E-003
           2          37  -3.1332712559764900E-004
           2          38  -5.4360154018089904E-004
           2          39   4.9082472206953302E-003
           2          40  -2.8858692985313295E-003
           2          41   4.0947477328876186E-004
           2          42  -2.4750322036983961E-003
           2          43  -4.0993767577561388E-004
           2          44  -7.1121452894679061E-004
           2          45  -2.4736403984695018E-003
           2          46   1.3277010115131629E-013
           2          47   7.3097972678656757E-014
           2          48  -1.2677248529785212E-012
           2          49  -1.0329344802714416E-012
           2          50   4.5156681021110647E-013
           2          51   1.2948736180249013E-014
           2          52   1.6083238005428049E-012
           2          53   1.3189381448155827E-012
           2          54   1.8065743594720532E-012
           2          55  -9.6019139319679143E-013
           3           1 -0.45911657249133464     
           3           2 -0.55932742148634473     
           3           3   1.2822623984255404     
           3           4 -0.48327103763640056     
           3           5 -0.22889737154334855     
           3           6  -7.4298574934735781E-002
           3           7  -7.3859509206748119E-011
           3           8   2.1877769835331183E-011
           3           9  -1.8545415329327255E-011
           3          10  -4.9729260700822329E-011
           3          11   1.4092297344593517E-011
           3          12  -1.3533508023967384E-011
           3          13  -3.4891818559155797E-011
           3          14   6.8772040772561017E-012
           3          15  -1.3209080573303758E-011
           3          16  -1.0598063973981402E-011
           3          17  -8.5621693892670853E-012
           3          18  -2.1439582667349993E-011
           3          19  -1.2159250226328886E-012
           3          20  -1.5737198740882333E-011
           3          21  -2.4706444611413238E-011
           3          22   6.2768068911914048E-004
           3          23  -6.0695871820398294E-004
           3          24   1.8702691491202783E-005
           3          25   6.0764485744888074E-004
           3          26   1.0542232155427683E-003
           3          27   1.6639682620673787E-005
           3          28  -2.4090042960280230E-003
           3          29   4.0486277925484314E-004
           3          30  -2.0027942796203035E-003
           3          31  -4.0532053599252058E-004
           3          32  -7.0320431744204295E-004
           3          33  -2.0014179455631305E-003
           3          34  -1.1644670995456402E-002
           3          35  -1.2209351455221293E-003
           3          36  -1.2869667656203945E-002
           3          37   1.2223153998481050E-003
           3          38   2.1206352062911327E-003
           3          39  -1.2873817653801106E-002
           3          40   1.5517351320216033E-002
           3          41  -1.5277158161359165E-003
           3          42   1.3984552804322859E-002
           3          43   1.5294428673419238E-003
           3          44   2.6534813724231531E-003
           3          45   1.3979360093056130E-002
           3          46   2.7381929457533302E-013
           3          47  -4.0869500587353610E-013
           3          48   5.1492933174674555E-012
           3          49   3.7648356897148741E-012
           3          50  -1.7006951701757198E-012
           3          51  -4.2275528188176213E-014
           3          52  -6.0946573633469488E-012
           3          53  -4.7028159087965335E-012
           3          54  -7.1097555371503531E-012
           3          55   3.9799417634487425E-012
           4           1   9.6556608427218249E-002
           4           2  0.12735954093226062     
           4           3 -0.48327103763640056     
           4           4  0.93506413938630162     
           4           5  0.47253978079707049     
           4           6  0.17548208715842073     
           4           7   4.7734598265581141E-010
           4           8  -9.3503492582287511E-011
           4           9   1.7853249003810044E-010
           4          10   3.5660218182395515E-010
           4          11  -7.0472636941687884E-011
           4          12   1.3239910595875278E-010
           4          13   1.7791750402256507E-010
           4          14  -3.3344111586869548E-011
           4          15   6.9317137125400860E-011
           4          16   3.2949978299726918E-011
           4          17   7.0930231639165321E-012
           4          18   4.0214099447742736E-011
           4          19   1.9105528943070254E-012
           4          20   2.6592170144527447E-011
           4          21   4.4317612089601225E-011
           4          22  -2.8068682414652329E-003
           4          23   3.6148598081689053E-005
           4          24  -2.7705996481772448E-003
           4          25  -3.6189445254053735E-005
           4          26  -6.2786023164515883E-005
           4          27  -2.7704768338758781E-003
           4          28   9.6500091515008546E-003
           4          29  -6.7734220648735070E-004
           4          30   8.9704128309366776E-003
           4          31   6.7810804260574117E-004
           4          32   1.1764727571365700E-003
           4          33   8.9681101966194096E-003
           4          34   1.0757748303074122E-002
           4          35   3.1986397912099635E-003
           4          36   1.3967029004596112E-002
           4          37  -3.2022558075525658E-003
           4          38  -5.5556993414750608E-003
           4          39   1.3977901246862360E-002
           4          40  -3.9542434377381593E-002
           4          41   3.0199878063082893E-003
           4          42  -3.6512399070645747E-002
           4          43  -3.0234018436555120E-003
           4          44  -5.2454005746115223E-003
           4          45  -3.6502134111292640E-002
           4          46  -4.5638880251372792E-012
           4          47   1.2349797893268598E-012
           4          48  -1.1836436015015020E-011
           4          49  -6.9311617856769872E-012
           4          50   2.6982801749790157E-012
           4          51   1.1125713806601145E-014
           4          52   1.1442313298202791E-011
           4          53   7.5514198123400012E-012
           4          54   1.4543826310921931E-011
           4          55  -9.7303089990931667E-012
           5           1   4.8620364340584352E-002
           5           2   5.6752346075020693E-002
           5           3 -0.22889737154334855     
           5           4  0.47253978079707049     
           5           5  0.23988195637506118     
           5           6   9.1267326836457635E-002
           5           7  -8.5678303006071148E-011
           5           8   7.4136039790321215E-012
           5           9  -4.5236099303359598E-011
           5          10  -6.5484991185490427E-011
           5          11   5.1865327446996759E-012
           5          12  -3.5398075265481752E-011
           5          13  -2.6726811160395360E-011
           5          14   3.2543365608461526E-012
           5          15  -1.2203565640041966E-011
           5          16   8.1067195002656701E-012
           5          17   1.2636548454048336E-011
           5          18   3.0374722704264875E-011
           5          19   1.8282227373193649E-013
           5          20   1.6342421360281877E-011
           5          21   3.2244746995515987E-011
           5          22  -1.4095057998601466E-003
           5          23  -3.1047366382911182E-005
           5          24  -1.4406565995959400E-003
           5          25   3.1082474596043276E-005
           5          26   5.3926145967614011E-005
           5          27  -1.4407621593697083E-003
           5          28   4.9850171326497328E-003
           5          29  -8.1439137819960946E-004
           5          30   4.1679159602257673E-003
           5          31   8.1531209193408827E-004
           5          32   1.4145123611163813E-003
           5          33   4.1651476577016736E-003
           5          34   5.1518899735097119E-003
           5          35   8.0092916303328623E-004
           5          36   5.9554832095563568E-003
           5          37  -8.0183460288117507E-004
           5          38  -1.3911290150892472E-003
           5          39   5.9582055862495518E-003
           5          40  -2.0617204291217495E-002
           5          41   1.3999068842848145E-003
           5          42  -1.9212639958087595E-002
           5          43  -1.4014894511300926E-003
           5          44  -2.4314907080268578E-003
           5          45  -1.9207881666551220E-002
           5          46  -1.1347465500349740E-012
           5          47   6.6313475938983598E-013
           5          48  -5.4104334544409263E-012
           5          49  -3.2111139176013160E-012
           5          50   1.8179717360829741E-012
           5          51   6.8161572370823283E-014
           5          52   6.1086132399199088E-012
           5          53   4.2098085715172346E-012
           5          54   7.3056322349237713E-012
           5          55  -3.9037764127327682E-012
           6           1   1.9700547640560357E-002
           6           2   1.5553519838315877E-002
           6           3  -7.4298574934735781E-002
           6           4  0.17548208715842073     
           6           5   9.1267326836457635E-002
           6           6   3.9656744852261235E-002
           6           7  -8.2385656768557771E-010
           6           8   1.3860571949202928E-010
           6           9  -3.3593834338348058E-010
           6          10  -6.1991407827319694E-010
           6          11   1.0304318620852197E-010
           6          12  -2.5384691664288814E-010
           6          13  -2.9193478843501267E-010
           6          14   5.1988041466086735E-011
           6          15  -1.1655776592231262E-010
           6          16  -1.1825343385374448E-011
           6          17   3.6898334029128846E-011
           6          18   2.5431487620373273E-011
           6          19   5.7244540175828482E-012
           6          20   2.6150414346360124E-011
           6          21   2.2597936118968530E-011
           6          22  -4.9156547104880555E-004
           6          23  -1.1507567888951237E-004
           6          24  -6.0702406075804254E-004
           6          25   1.1520577492533376E-004
           6          26   1.9987437878889414E-004
           6          27  -6.0741521931519560E-004
           6          28   2.0705284988781760E-003
           6          29  -1.4380340919165928E-003
           6          30   6.2770992185766925E-004
           6          31   1.4396597901591168E-003
           6          32   2.4977137913820163E-003
           6          33   6.2282194942067822E-004
           6          34   1.4089778747539191E-003
           6          35  -1.6725260758535363E-003
           6          36  -2.6911324074499910E-004
           6          37   1.6744168398490681E-003
           6          38   2.9050019423731018E-003
           6          39  -2.7479818516245756E-004
           6          40  -9.0437949741335299E-003
           6          41   2.1586159351207927E-004
           6          42  -8.8272153252931963E-003
           6          43  -2.1610561912674775E-004
           6          44  -3.7492876145096929E-004
           6          45  -8.8264816148430209E-003
           6          46   2.4542995518504764E-012
           6          47   3.9848844514483044E-013
           6          48  -4.8809379174501574E-013
           6          49  -3.8492376644537232E-013
           6          50   1.6813793856684084E-012
           6          51   4.0627965775185459E-014
           6          52   2.8564969723663826E-012
           6          53   2.6111027435732457E-012
           6          54   2.7186683616205511E-012
           6          55   8.9080544963040326E-013
           7           1   1.7069290659001206E-011
           7           2   4.2912390767955664E-011
           7           3  -7.3859509206748119E-011
           7           4   4.7734598265581141E-010
           7           5  -8.5678303006071148E-011
           7           6  -8.2385656768557771E-010
           7           7  0.60067514995211291     
           7           8   3.5181590018469196E-003
           7           9  -3.5221369172143478E-003
           7          10  0.45172011392098044     
           7          11   2.8853314181085214E-003
           7          12  -2.8885936542003042E-003
           7          13  0.21351586565332514     
           7          14  -6.2478710725418179E-004
           7          15   6.2549332770570152E-004
           7          16   8.1646332185309686E-003
           7          17  -1.2521183144579251E-002
           7          18   1.2535338208942483E-002
           7          19  -9.7795591053569612E-003
           7          20  -1.5542356599392673E-002
           7          21   1.5559926960574009E-002
           7          22  -5.1533056429288161E-011
           7          23  -1.1158667967315811E-013
           7          24  -2.2231105459491869E-011
           7          25   5.1105532136699627E-012
           7          26   2.4442719229345787E-011
           7          27  -2.9334792532169988E-012
           7          28  -2.5986101610549739E-011
           7          29  -2.1002109111128944E-011
           7          30  -6.1600359344788102E-013
           7          31  -1.8920241144503213E-011
           7          32   7.7262909034533562E-012
           7          33  -1.2449252862975676E-010
           7          34   7.7830062739030432E-011
           7          35   9.5300702783928777E-012
           7          36   7.3315604231237843E-011
           7          37   2.1468233281963100E-011
           7          38   6.9965550523322078E-011
           7          39   2.4678913051180191E-010
           7          40   2.7213452987972343E-010
           7          41   2.2694538708578014E-012
           7          42   2.8985306783333301E-010
           7          43  -5.3434814415205612E-011
           7          44  -6.6046317267847862E-011
           7          45   1.7358521768257214E-010
           7          46  -2.0634418776621097E-003
           7          47  -1.0144410576070251E-004
           7          48  -1.1073427209895370E-003
           7          49   7.0166099323386977E-005
           7          50   1.0155875629613259E-004
           7          51   2.7313273384331905E-004
           7          52   1.0852308072308874E-004
           7          53  -1.1078772506991669E-003
           7          54  -1.0887490250038922E-004
           7          55  -6.9891467524285439E-005
           8           1  -5.7403690590240808E-012
           8           2  -1.2260005334732989E-011
           8           3   2.1877769835331183E-011
           8           4  -9.3503492582287511E-011
           8           5   7.4136039790321215E-012
           8           6   1.3860571949202928E-010
           8           7   3.5181590018469196E-003
           8           8  0.60475108753991513     
           8           9  -6.1106739528031589E-003
           8          10   2.8853313993531513E-003
           8          11  0.45506289346796391     
           8          12  -5.0115182181467164E-003
           8          13  -6.2478698185049327E-004
           8          14  0.21279202425007684     
           8          15   1.0851885375974747E-003
           8          16  -1.2521183154768856E-002
           8          17  -6.3416842095274095E-003
           8          18   2.1747973858702356E-002
           8          19  -1.5542356390977096E-002
           8          20  -2.7786032743878065E-002
           8          21   2.6995432890586566E-002
           8          22   1.7625602579802491E-011
           8          23   4.8265881864545177E-012
           8          24   1.6046139096387081E-012
           8          25  -2.3916500349206067E-012
           8          26  -9.0761310505701393E-012
           8          27  -1.2920821479006268E-012
           8          28   2.2485638345498341E-012
           8          29   9.9641951242311690E-012
           8          30   7.3968153741432482E-013
           8          31   4.4982266443724580E-012
           8          32  -9.7976943241570413E-013
           8          33   2.3419362821751999E-011
           8          34  -6.2930282386480052E-012
           8          35   3.4494203691631307E-012
           8          36   8.6902496669817012E-012
           8          37  -4.3561560543266199E-012
           8          38  -2.7122441285845201E-011
           8          39  -6.0682730806254342E-011
           8          40  -4.8631253770445481E-011
           8          41   2.1450610054659971E-013
           8          42  -5.4023393853843137E-011
           8          43   1.6582837640342900E-011
           8          44   2.2787690572562498E-011
           8          45  -2.3864520153925081E-011
           8          46   1.7452466037835772E-004
           8          47  -9.1294285232087526E-004
           8          48  -2.4145589535952416E-004
           8          49  -2.2146480079535493E-003
           8          50  -5.4905642876626842E-005
           8          51   3.1928564631291989E-004
           8          52   4.1938341675065824E-004
           8          53  -1.0887480397152565E-004
           8          54  -1.2340132778786983E-003
           8          55  -1.2125723940275074E-004
           9           1   3.5530466829480305E-012
           9           2   1.1766429376539884E-011
           9           3  -1.8545415329327255E-011
           9           4   1.7853249003810044E-010
           9           5  -4.5236099303359598E-011
           9           6  -3.3593834338348058E-010
           9           7  -3.5221369172143478E-003
           9           8  -6.1106739528031589E-003
           9           9  0.60476489818006951     
           9          10  -2.8885936357954333E-003
           9          11  -5.0115182183171183E-003
           9          12  0.45507421938575288     
           9          13   6.2549320866820400E-004
           9          14   1.0851885563148730E-003
           9          15  0.21278957237551777     
           9          16   1.2535338207494468E-002
           9          17   2.1747973858800406E-002
           9          18  -6.3908281185352453E-003
           9          19   1.5559926770087064E-002
           9          20   2.6995432849106892E-002
           9          21  -2.7847034108194418E-002
           9          22  -1.7312439633738819E-011
           9          23   4.8528518939666809E-013
           9          24  -7.2226725140321790E-012
           9          25   5.7658225299213309E-012
           9          26   2.6257651027802930E-012
           9          27  -2.0800879522987853E-012
           9          28  -1.2426451151993207E-011
           9          29  -4.8361030753478962E-012
           9          30  -8.8536998980197656E-012
           9          31  -1.0059828339258093E-011
           9          32   3.0709686823131788E-012
           9          33  -3.8605882759111639E-011
           9          34   3.7555640278958578E-011
           9          35   1.8110379661479816E-012
           9          36   3.2037574766580296E-011
           9          37   1.5004180432405883E-012
           9          38   1.1209811399119161E-011
           9          39   1.0363822925068357E-010
           9          40   1.0802769681895526E-010
           9          41  -8.5512460627003523E-013
           9          42   1.0549871984039463E-010
           9          43  -1.7188765205495961E-011
           9          44  -1.6069552803681645E-011
           9          45   8.4730553610166086E-011
           9          46  -1.7472198542048596E-004
           9          47  -5.4905650086077001E-005
           9          48   1.0852301363200952E-004
           9          49  -1.2187128671585100E-004
           9          50  -9.1281873928343452E-004
           9          51  -3.1947280442169793E-004
           9          52  -1.2333546549539573E-003
           9          53   2.4220369777016202E-004
           9          54   4.2020725605940737E-004
           9          55  -2.2155711286428567E-003
          10           1   8.6616618047602406E-012
          10           2   2.9812143096625075E-011
          10           3  -4.9729260700822329E-011
          10           4   3.5660218182395515E-010
          10           5  -6.5484991185490427E-011
          10           6  -6.1991407827319694E-010
          10           7  0.45172011392098044     
          10           8   2.8853313993531513E-003
          10           9  -2.8885936357954333E-003
          10          10  0.33974248110690397     
          10          11   2.4186975025983566E-003
          10          12  -2.4214320340067994E-003
          10          13  0.16047432179629784     
          10          14  -5.4741832295670655E-004
          10          15   5.4803713879450597E-004
          10          16   5.0024540680250178E-003
          10          17  -1.1383524017534678E-002
          10          18   1.1396392960288357E-002
          10          19  -8.8067765543737575E-003
          10          20  -1.4208224039442618E-002
          10          21   1.4224286192364965E-002
          10          22  -3.8732645931088004E-011
          10          23  -6.8481948479802625E-014
          10          24  -1.6667944041402827E-011
          10          25   3.8548092525034296E-012
          10          26   1.8374959137733120E-011
          10          27  -2.2514441592478860E-012
          10          28  -1.9529423110997805E-011
          10          29  -1.5607164381865044E-011
          10          30  -3.9250349595772081E-014
          10          31  -1.4128266298903541E-011
          10          32   5.7599399978583452E-012
          10          33  -9.3967229883329409E-011
          10          34   5.8510557530885078E-011
          10          35   7.5040486887468598E-012
          10          36   5.5932344651582774E-011
          10          37   1.6343241694752663E-011
          10          38   5.2537646882534665E-011
          10          39   1.8467917153991541E-010
          10          40   2.0471427408810950E-010
          10          41   1.8124491973562285E-012
          10          42   2.1832218845676270E-010
          10          43  -4.0055632392755417E-011
          10          44  -4.9614384100109134E-011
          10          45   1.3028044873076598E-010
          10          46  -1.5543188844278073E-003
          10          47  -8.6434033117232650E-005
          10          48  -8.5184060969806285E-004
          10          49   2.9991714107714792E-005
          10          50   8.6531722413291990E-005
          10          51   2.2873261910741853E-004
          10          52   1.1517863977900309E-004
          10          53  -8.5228824475919889E-004
          10          54  -1.1548452755915181E-004
          10          55  -2.9700329582758482E-005
          11           1  -2.2777014808259117E-012
          11           2  -8.0719650688878546E-012
          11           3   1.4092297344593517E-011
          11           4  -7.0472636941687884E-011
          11           5   5.1865327446996759E-012
          11           6   1.0304318620852197E-010
          11           7   2.8853314181085214E-003
          11           8  0.45506289346796391     
          11           9  -5.0115182183171183E-003
          11          10   2.4186975025983566E-003
          11          11  0.34254464516535210     
          11          12  -4.2010236800723525E-003
          11          13  -5.4741821866901934E-004
          11          14  0.15984011519341706     
          11          15   9.5080737155271711E-004
          11          16  -1.1383523989898219E-002
          11          17  -8.1858372961864136E-003
          11          18   1.9771979888961528E-002
          11          19  -1.4208223810034224E-002
          11          20  -2.5267601458977520E-002
          11          21   2.4678185381040926E-002
          11          22   1.3250700719916803E-011
          11          23   3.6726602943967670E-012
          11          24   1.2942386571124289E-012
          11          25  -1.7899031214224100E-012
          11          26  -6.8475066244705643E-012
          11          27  -1.0357771400226474E-012
          11          28   1.6704004390707632E-012
          11          29   7.9170843170534242E-012
          11          30   1.3808686013857494E-012
          11          31   3.4246455917969713E-012
          11          32  -1.0220907880956938E-012
          11          33   1.7015494326695897E-011
          11          34  -4.5906071983574362E-012
          11          35   3.3986489025584539E-012
          11          36   8.3017750643412699E-012
          11          37  -3.1302429528841941E-012
          11          38  -2.0848774740165766E-011
          11          39  -4.6697643422401655E-011
          11          40  -3.6256301590314126E-011
          11          41   3.8971214721145146E-013
          11          42  -3.9763967891017523E-011
          11          43   1.2611836333273448E-011
          11          44   1.7104675798072167E-011
          11          45  -1.8220487303276236E-011
          11          46   1.2589997360638937E-004
          11          47  -7.0392549757424742E-004
          11          48  -2.1510855495595588E-004
          11          49  -1.7044594952802632E-003
          11          50  -2.3667010248644953E-005
          11          51   2.8058786668530268E-004
          11          52   3.7362087496893288E-004
          11          53  -1.1548444660094403E-004
          11          54  -9.8608183440730040E-004
          11          55  -5.1528249894592038E-005
          12           1   2.7521342142898136E-012
          12           2   8.8888241257733461E-012
          12           3  -1.3533508023967384E-011
          12           4   1.3239910595875278E-010
          12           5  -3.5398075265481752E-011
          12           6  -2.5384691664288814E-010
          12           7  -2.8885936542003042E-003
          12           8  -5.0115182181467164E-003
          12           9  0.45507421938575288     
          12          10  -2.4214320340067994E-003
          12          11  -4.2010236800723525E-003
          12          12  0.34255413897862563     
          12          13   5.4803703967956998E-004
          12          14   9.5080738613569039E-004
          12          15  0.15983796676918829     
          12          16   1.1396392922169868E-002
          12          17   1.9771979886087448E-002
          12          18  -8.2305160182326899E-003
          12          19   1.4224285970563272E-002
          12          20   2.4678185339823886E-002
          12          21  -2.5323366549261435E-002
          12          22  -1.3018884508332271E-011
          12          23   3.5819655316919717E-013
          12          24  -5.4853789205418988E-012
          12          25   4.2903138958956558E-012
          12          26   1.9332830525956634E-012
          12          27  -1.4663879975909247E-012
          12          28  -9.4302509848916522E-012
          12          29  -3.6465470766420217E-012
          12          30  -7.1741288868360951E-012
          12          31  -8.0221633503718808E-012
          12          32   1.8724043533845970E-012
          12          33  -2.8121574584612185E-011
          12          34   2.8237978529690466E-011
          12          35   1.2650089921987202E-012
          12          36   2.3171688244414585E-011
          12          37   2.7335035077109373E-013
          12          38   7.6543366791758218E-012
          12          39   7.9852216022057431E-011
          12          40   8.1492177603008286E-011
          12          41  -7.6748473807989358E-013
          12          42   7.9149492260886067E-011
          12          43  -1.3172370709305202E-011
          12          44  -1.2234961139451070E-011
          12          45   6.4665398092435638E-011
          12          46  -1.2604232245058689E-004
          12          47  -2.3667015594081936E-005
          12          48   1.1517858252342276E-004
          12          49  -5.2092577363817673E-005
          12          50  -7.0387198450772460E-004
          12          51  -2.8077437396727383E-004
          12          52  -9.8558070118691995E-004
          12          53   2.1578812519611293E-004
          12          54   3.7437800629040729E-004
          12          55  -1.7053457526799030E-003
          13           1   8.9126337830707648E-012
          13           2   1.8526636175153491E-011
          13           3  -3.4891818559155797E-011
          13           4   1.7791750402256507E-010
          13           5  -2.6726811160395360E-011
          13           6  -2.9193478843501267E-010
          13           7  0.21351586565332514     
          13           8  -6.2478698185049327E-004
          13           9   6.2549320866820400E-004
          13          10  0.16047432179629784     
          13          11  -5.4741821866901934E-004
          13          12   5.4803703967956998E-004
          13          13   7.6130238822316898E-002
          13          14  -4.8639543161727765E-004
          13          15   4.8694532220042137E-004
          13          16   5.6604805235650488E-003
          13          17   2.8655521031650203E-004
          13          18  -2.8687912300258368E-004
          13          19   4.4314491003982016E-005
          13          20   5.8581992430191301E-004
          13          21  -5.8648219658031782E-004
          13          22  -1.8414811225145586E-011
          13          23  -8.9457488980488474E-014
          13          24  -8.0591477249193409E-012
          13          25   1.8005152305636147E-012
          13          26   8.7272577245635891E-012
          13          27  -9.6195676091867424E-013
          13          28  -9.2247511854606732E-012
          13          29  -7.9543696596211311E-012
          13          30  -1.2119830805131384E-012
          13          31  -6.9452834172450279E-012
          13          32   2.9240130360593716E-012
          13          33  -4.3452247118527790E-011
          13          34   2.7770994183618015E-011
          13          35   2.5354018381620379E-012
          13          36   2.4143604917568415E-011
          13          37   7.1979328155102074E-012
          13          38   2.5155453575439492E-011
          13          39   9.0041903527153493E-011
          13          40   9.6614207496940057E-011
          13          41   5.4992954033453126E-013
          13          42   1.0223465421275610E-010
          13          43  -1.9337180217728990E-011
          13          44  -2.3637810575744038E-011
          13          45   6.2320070646061055E-011
          13          46  -7.2727917849085572E-004
          13          47  -9.8722901983101586E-006
          13          48  -3.4771564548112728E-004
          13          49   8.4456317357846930E-005
          13          50   9.8834395534664838E-006
          13          51   4.1102240632183708E-005
          13          52  -4.4485987561848404E-005
          13          53  -3.4779608881809691E-004
          13          54   4.4458357250287343E-005
          13          55  -8.4568667915386323E-005
          14           1  -2.0447878183132147E-012
          14           2  -4.0051990056926216E-012
          14           3   6.8772040772561017E-012
          14           4  -3.3344111586869548E-011
          14           5   3.2543365608461526E-012
          14           6   5.1988041466086735E-011
          14           7  -6.2478710725418179E-004
          14           8  0.21279202425007684     
          14           9   1.0851885563148730E-003
          14          10  -5.4741832295670655E-004
          14          11  0.15984011519341706     
          14          12   9.5080738613569039E-004
          14          13  -4.8639543161727765E-004
          14          14   7.5566729436614466E-002
          14          15   8.4481748383067798E-004
          14          16   2.8655523290163789E-004
          14          17   5.9924667312585955E-003
          14          18  -4.9771606015187929E-004
          14          19   5.8581997455061003E-004
          14          20   7.2301160961482690E-004
          14          21  -1.0175074633356326E-003
          14          22   6.2849117835743102E-012
          14          23   1.6162811431446741E-012
          14          24   3.6969894316029022E-013
          14          25  -8.6570830170008030E-013
          14          26  -3.1901732867980995E-012
          14          27  -2.9466600477869001E-013
          14          28   8.2153361203776548E-013
          14          29   2.5248326055481267E-012
          14          30  -1.7619797651272801E-012
          14          31   1.4974321914123604E-012
          14          32   3.4251043588015324E-013
          14          33   9.7437297861657674E-012
          14          34  -2.5501632677817077E-012
          14          35  -7.2896224869672488E-013
          14          36  -1.1603616053311163E-012
          14          37  -1.8960141478414905E-012
          14          38  -8.5490447874041751E-012
          14          39  -1.8987689575716609E-011
          14          40  -1.8010226760577631E-011
          14          41  -4.7955190390202602E-013
          14          42  -2.1261100014658475E-011
          14          43   5.5612575183790980E-012
          14          44   8.1943765294393395E-012
          14          45  -7.7699865930827810E-012
          14          46   7.9479730112576533E-005
          14          47  -2.8022735256898353E-004
          14          48  -3.1954662098424859E-006
          14          49  -6.8826070269008505E-004
          14          50  -6.5583334422940294E-005
          14          51   1.5972540376096519E-005
          14          52   5.5501658266749685E-006
          14          53   4.4458377889687864E-005
          14          54  -2.9628915863765394E-004
          14          55  -1.4672106419006970E-004
          15           1   3.0129172616695265E-012
          15           2   6.6367000633475033E-012
          15           3  -1.3209080573303758E-011
          15           4   6.9317137125400860E-011
          15           5  -1.2203565640041966E-011
          15           6  -1.1655776592231262E-010
          15           7   6.2549332770570152E-004
          15           8   1.0851885375974747E-003
          15           9  0.21278957237551777     
          15          10   5.4803713879450597E-004
          15          11   9.5080737155271711E-004
          15          12  0.15983796676918829     
          15          13   4.8694532220042137E-004
          15          14   8.4481748383067798E-004
