           1           1   2.1959624599524417     
           1           2   7.3475198111911777E-002
           1           3 -0.62835657671693734     
           1           4  0.16834106331231274     
           1           5   9.7052961847794147E-002
           1           6   1.3220828632071045E-002
           1           7  -6.8618529139165346E-015
           1           8  -3.9142111919099884E-015
           1           9  -1.4318387438866860E-015
           1          10   3.9309445517063857E-015
           1          11   3.1165895294571822E-015
           1          12  -1.0585057706062265E-016
           1          13  -2.4003894459362474E-015
           1          14  -1.7787263582749642E-015
           1          15   3.0543060256879156E-015
           1          16  -6.5525781820525364E-015
           1          17   1.3938446742127117E-014
           1          18   2.5697074163888927E-014
           1          19  -1.5509929663979470E-015
           1          20  -2.1402518153147725E-015
           1          21  -5.5673233226446184E-015
           1          22  -3.4294782540519578E-015
           1          23   3.8288051739245310E-015
           1          24   3.0374108463104163E-015
           1          25  -3.0769598046419097E-003
           1          26   3.2270126922590581E-015
           1          27  -3.0769598046403697E-003
           1          28   6.4623847323834946E-016
           1          29  -2.8667110102786661E-015
           1          30  -3.0769598046410714E-003
           1          31  -1.4388881982075052E-002
           1          32  -1.7812056238324251E-015
           1          33  -1.4388881982081424E-002
           1          34   2.1104796247263453E-016
           1          35   5.5387967402767701E-015
           1          36  -1.4388881982065638E-002
           1          37  -7.0059994842380704E-003
           1          38   1.3848841705910191E-015
           1          39  -7.0059994842299154E-003
           1          40   4.3788300635765480E-015
           1          41  -2.2868096925138408E-015
           1          42  -7.0059994842452582E-003
           1          43  -3.6345309367108482E-003
           1          44  -2.6353542399331714E-015
           1          45  -3.6345309367149586E-003
           1          46  -3.5904503499374273E-015
           1          47   1.8980390767681597E-015
           1          48  -3.6345309367037289E-003
           1          49   4.2931144362492891E-015
           1          50  -1.1265666856002698E-015
           1          51  -2.5754874322336202E-015
           1          52  -9.8306888185505421E-015
           1          53  -5.9614741109705406E-015
           1          54   1.6317754441394079E-015
           1          55  -6.8410239419364715E-015
           1          56  -1.4690069869388153E-015
           1          57  -7.5509835794761692E-016
           1          58  -1.1841380011672293E-014
           2           1   7.3475198111911777E-002
           2           2   9.7888947709264346E-002
           2           3 -0.42878192443035962     
           2           4  0.10708221013742791     
           2           5   5.7218825784126862E-002
           2           6   1.7253575065001993E-003
           2           7   5.2538941669796280E-016
           2           8  -3.4638271446113466E-015
           2           9  -2.6252983778155319E-015
           2          10  -2.1992909176243368E-015
           2          11  -3.8197109854003742E-015
           2          12  -9.9168704876939108E-016
           2          13  -6.9769232540682028E-016
           2          14   2.5568038265612860E-015
           2          15   2.0464644069055840E-015
           2          16   5.4502117634626611E-015
           2          17   4.6734080304489982E-016
           2          18  -8.0863923707736619E-016
           2          19  -2.2202859600300741E-015
           2          20   4.2306418688077134E-015
           2          21   3.9821429627009823E-015
           2          22  -2.0123369634660525E-015
           2          23   4.4580881018570679E-016
           2          24   1.9106176431240035E-015
           2          25   6.8407955966321983E-005
           2          26   4.4814940522401412E-016
           2          27   6.8407955965503017E-005
           2          28   3.9802963579490585E-017
           2          29  -2.7855302719833486E-016
           2          30   6.8407955968699692E-005
           2          31  -9.3244815955152596E-005
           2          32   2.8689996381464488E-016
           2          33  -9.3244815954420597E-005
           2          34   3.4896587307712500E-016
           2          35  -1.2444310506541550E-015
           2          36  -9.3244815953279312E-005
           2          37   4.2881821555835935E-003
           2          38  -5.8103999656311671E-016
           2          39   4.2881821555827131E-003
           2          40  -2.9016934952237042E-016
           2          41   2.5424789069737836E-016
           2          42   4.2881821555839144E-003
           2          43   5.5924359860302344E-004
           2          44   3.4476078571929911E-016
           2          45   5.5924359860501263E-004
           2          46   1.2019521873632641E-016
           2          47  -1.0011392410262340E-015
           2          48   5.5924359860498661E-004
           2          49  -3.6022906904935322E-015
           2          50  -2.0453139866101638E-016
           2          51  -2.0061724834736113E-015
           2          52   5.8175772589192541E-016
           2          53   9.6267203846814843E-016
           2          54  -5.4760097371868329E-016
           2          55   4.8023316030954087E-016
           2          56  -1.5495952996311279E-015
           2          57   9.8770144174969033E-017
           2          58   2.0705105773141894E-015
           3           1 -0.62835657671693734     
           3           2 -0.42878192443035962     
           3           3   2.0143483803322590     
           3           4 -0.78214659606047476     
           3           5 -0.42029950227292656     
           3           6  -1.6396828870303595E-002
           3           7   1.1221863104055102E-014
           3           8  -3.2695165242656235E-015
           3           9   1.3104156903315786E-014
           3          10   1.3111271763243757E-014
           3          11   5.6032213347494768E-015
           3          12   5.2034310938990586E-015
           3          13   9.6679763276267400E-015
           3          14  -1.8750441618649857E-014
           3          15  -1.9020661486617462E-014
           3          16   2.6494733145471324E-014
           3          17  -9.6355205845167011E-015
           3          18  -1.3252603416468297E-014
           3          19   1.0846680256255615E-014
           3          20  -3.4125294099206110E-014
           3          21  -3.0412330784465552E-014
           3          22   1.8719476765439449E-014
           3          23  -3.8267102846157681E-015
           3          24  -1.2398451618845585E-014
           3          25   8.8045867265175529E-005
           3          26  -2.3182354927900949E-015
           3          27   8.8045867270321478E-005
           3          28  -2.6730264591232202E-016
           3          29   1.8358084378203107E-015
           3          30   8.8045867255330418E-005
           3          31   3.1258579147406401E-008
           3          32  -2.1493265524765937E-017
           3          33   3.1258575054326360E-008
           3          34  -2.7212488170713752E-015
           3          35   5.9818682350481338E-015
           3          36   3.1258561079394037E-008
           3          37  -2.6695695618934701E-002
           3          38   2.2866685379847791E-015
           3          39  -2.6695695618929573E-002
           3          40   1.7090456241777123E-015
           3          41   8.8550921225921797E-016
           3          42  -2.6695695618933833E-002
           3          43  -2.4667765102330324E-003
           3          44  -6.6841954703151405E-016
           3          45  -2.4667765102392813E-003
           3          46  -5.2741480055346259E-016
           3          47   5.4139203782061486E-015
           3          48  -2.4667765102454153E-003
           3          49   2.7429627978377403E-016
           3          50   1.5406569211285673E-015
           3          51   2.9552885013448195E-015
           3          52  -3.1286171600715328E-015
           3          53  -4.4611392220291347E-015
           3          54   1.3902927244425020E-015
           3          55  -7.5727918669894538E-016
           3          56   2.3847802212878186E-015
           3          57   3.8828189853970460E-016
           3          58  -7.3197422301075467E-015
           4           1  0.16834106331231274     
           4           2  0.10708221013742791     
           4           3 -0.78214659606047476     
           4           4   1.0993708937955513     
           4           5  0.59212108708029465     
           4           6   2.5602899296623797E-002
           4           7  -5.0844266177681708E-015
           4           8   3.7060729259802166E-014
           4           9  -9.9532878643417830E-014
           4          10   2.2428732633669927E-015
           4          11   1.9073422023475930E-014
           4          12  -5.0434942342056304E-014
           4          13  -6.9079927132061968E-014
           4          14   6.6950488532755100E-014
           4          15   8.1106430533306619E-014
           4          16  -2.5622794191746757E-013
           4          17   1.0005769503534647E-013
           4          18   1.5278210425110039E-013
           4          19  -6.3441155948158093E-014
           4          20   1.0260026382216441E-013
           4          21   1.1213606017190005E-013
           4          22  -3.5805939027679135E-014
           4          23   6.8033196199495054E-015
           4          24   1.6854458468334657E-014
           4          25   1.4236386743798256E-004
           4          26   4.1798226335412458E-016
           4          27   1.4236386743109452E-004
           4          28   8.4204733106624968E-017
           4          29  -1.1797251567688849E-015
           4          30   1.4236386743912959E-004
           4          31   7.3161594437875380E-003
           4          32  -2.8598754971691421E-015
           4          33   7.3161594437941690E-003
           4          34   4.2875336379391394E-015
           4          35  -5.8423972144018416E-015
           4          36   7.3161594438183007E-003
           4          37   3.4805350039530829E-002
           4          38  -5.6815578017987776E-016
           4          39   3.4805350039521968E-002
           4          40  -3.6982426277713924E-015
           4          41  -5.1790498000189023E-015
           4          42   3.4805350039526922E-002
           4          43   2.3913567266622849E-003
           4          44  -1.1335829528473540E-015
           4          45   2.3913567266588172E-003
           4          46   1.6994367793478170E-015
           4          47  -5.5715547172311427E-015
           4          48   2.3913567266743534E-003
           4          49   4.4761919601955263E-014
           4          50  -2.3611960788800271E-015
           4          51   1.7783523304497417E-014
           4          52   5.8823181073527296E-015
           4          53   4.3623746049075935E-015
           4          54   1.8162323470449936E-015
           4          55  -1.1254568618057102E-015
           4          56   1.3303166889487493E-014
           4          57  -2.6643214092615607E-015
           4          58   1.5279411798806670E-015
           5           1   9.7052961847794147E-002
           5           2   5.7218825784126862E-002
           5           3 -0.42029950227292656     
           5           4  0.59212108708029465     
           5           5  0.31893968264820394     
           5           6   1.3824429676588599E-002
           5           7   3.6835055200843429E-014
           5           8  -6.3199399243756542E-014
           5           9  -4.8683123086089047E-014
           5          10   2.1248759384154486E-014
           5          11  -3.1528075512862063E-014
           5          12  -2.5689930828583503E-014
           5          13  -5.2036047172795012E-014
           5          14   5.4157344093449553E-014
           5          15   1.1010031115405395E-013
           5          16  -1.7476390083272872E-013
           5          17   1.0443196914553369E-013
           5          18   2.1685212743585240E-013
           5          19  -5.4837105395505405E-014
           5          20   8.3940605384821765E-014
           5          21   1.3500611721957844E-013
           5          22  -2.0062435767880419E-014
           5          23   4.7408894552265582E-015
           5          24   1.1908451434159605E-014
           5          25   6.6574024136173871E-005
           5          26   2.3207725079879732E-016
           5          27   6.6574024132473190E-005
           5          28   4.7071711537655448E-017
           5          29  -6.4263215260342515E-016
           5          30   6.6574024136777392E-005
           5          31   3.8977433647664475E-003
           5          32  -1.5486344917386996E-015
           5          33   3.8977433647699958E-003
           5          34   2.3082032121654635E-015
           5          35  -3.1216298103966995E-015
           5          36   3.8977433647830392E-003
           5          37   1.8701000863661370E-002
           5          38  -2.9764884104900063E-016
           5          39   1.8701000863656628E-002
           5          40  -1.9770125750067011E-015
           5          41  -2.7995465688976526E-015
           5          42   1.8701000863659237E-002
           5          43   1.2730843414278023E-003
           5          44  -6.2142766691268196E-016
           5          45   1.2730843414259061E-003
           5          46   9.0361410598473739E-016
           5          47  -2.9889342609450517E-015
           5          48   1.2730843414343132E-003
           5          49   2.4309661703247021E-014
           5          50  -1.2387969363911898E-015
           5          51   9.6563736585682803E-015
           5          52   3.2140427355395911E-015
           5          53   1.4015611176639462E-015
           5          54   9.8776011987826859E-016
           5          55  -1.5547324707703154E-015
           5          56   7.2422657166818617E-015
           5          57  -1.4030711472784815E-015
           5          58  -1.2932636615493601E-015
           6           1   1.3220828632071045E-002
           6           2   1.7253575065001993E-003
           6           3  -1.6396828870303595E-002
           6           4   2.5602899296623797E-002
           6           5   1.3824429676588599E-002
           6           6   6.4805425792890188E-004
           6           7  -2.3497998383747858E-013
           6           8   1.7476180234551693E-013
           6           9   4.5298603532473224E-013
           6          10  -1.2234677639485748E-013
           6          11   9.1548256350777550E-014
           6          12   2.3293590039984759E-013
           6          13   3.4031384722329649E-013
           6          14  -2.7720393236277494E-013
           6          15  -4.3908487520276105E-013
           6          16   7.2870478408017388E-013
           6          17  -5.9375242245662707E-013
           6          18  -9.6890600971457398E-013
           6          19   4.0853155002488162E-013
           6          20  -3.3012676928910747E-013
           6          21  -5.4124423626548832E-013
           6          22   1.4644828729295356E-014
           6          23  -1.2389084036704193E-014
           6          24  -2.0112747642924610E-014
           6          25  -1.1567677588017848E-005
           6          26   1.9467952536604176E-017
           6          27  -1.1567677588164593E-005
           6          28   4.4973874362063913E-018
           6          29  -3.7889652212510390E-017
           6          30  -1.1567677588014790E-005
           6          31   1.0860885575206288E-004
           6          32  -7.9439861447773435E-017
           6          33   1.0860885575218236E-004
           6          34   9.8604963188360244E-017
           6          35  -9.8535938156319281E-017
           6          36   1.0860885575281414E-004
           6          37   7.4329887396194240E-004
           6          38  -2.7502758367383848E-019
           6          39   7.4329887396177999E-004
           6          40  -6.4233402747877034E-017
           6          41  -1.3641607494583908E-016
           6          42   7.4329887396181284E-004
           6          43   3.3460467587390277E-005
           6          44  -4.3070752030599624E-017
           6          45   3.3460467587265627E-005
           6          46   2.2417696230866664E-017
           6          47  -1.1170991484041079E-016
           6          48   3.3460467587686277E-005
           6          49  -7.5298009835341269E-015
           6          50   3.1558608403463382E-015
           6          51  -3.4364623257950075E-015
           6          52   7.2757858665878309E-015
           6          53   4.5378847833196713E-015
           6          54   5.7059127279211705E-017
           6          55   4.4092839286128163E-015
           6          56  -3.5430966563066796E-015
           6          57   3.1468038505348085E-015
           6          58   9.9595969093886874E-015
           7           1  -6.8618529139165346E-015
           7           2   5.2538941669796280E-016
           7           3   1.1221863104055102E-014
           7           4  -5.0844266177681708E-015
           7           5   3.6835055200843429E-014
           7           6  -2.3497998383747858E-013
           7           7   1.0837003482959684     
           7           8   2.0955459589799830E-015
           7           9  -5.4643789493269423E-015
           7          10  0.54206007358416630     
           7          11  -1.7347234759768071E-016
           7          12   7.9975089051220749E-015
           7          13  -2.9052168002752135E-002
           7          14  -1.0626916013833920E-014
           7          15   2.2473342631279536E-014
           7          16 -0.23634046446295010     
           7          17   3.0690727736981671E-014
           7          18  -1.1276569955587235E-013
           7          19 -0.13986185304974985     
           7          20  -1.1098760799299612E-014
           7          21   3.2077639156025128E-014
           7          22  -5.0237290714288179E-003
           7          23  -2.0372809342306120E-014
           7          24  -2.1751426614730063E-014
           7          25   3.3272816298421418E-015
           7          26  -8.8792139501381274E-016
           7          27   3.5830533472608263E-015
           7          28  -2.0003000633366274E-015
           7          29  -3.0436582765262583E-015
           7          30   3.6575852484334662E-015
           7          31   4.5393525068235808E-015
           7          32   5.9348709561746943E-015
           7          33   2.3955878396248067E-014
           7          34  -2.5133881047241495E-016
           7          35   2.3009923964295945E-015
           7          36   1.6198662357772696E-014
           7          37   2.8631644703729902E-014
           7          38  -1.1925229124356822E-014
           7          39   2.3212087227987462E-014
           7          40   1.0413263233998630E-014
           7          41  -1.2251294979306849E-014
           7          42   1.6146849222764505E-014
           7          43   7.5289062569405284E-014
           7          44   1.4257452402840721E-014
           7          45   7.5861818385223290E-014
           7          46   1.3377988502969231E-014
           7          47   9.4985194406738328E-015
           7          48   1.0553671625176576E-013
           7          49  -7.3489765534252511E-003
           7          50   2.0595233417991521E-015
           7          51  -3.2865622277642270E-003
           7          52  -7.9641154782095214E-015
           7          53   1.4401389694489175E-014
           7          54   1.6678610918755875E-015
           7          55   1.9873276743860580E-014
           7          56  -3.2865622277770202E-003
           7          57  -7.1881519833616458E-015
           7          58   4.9507706961771092E-014
           8           1  -3.9142111919099884E-015
           8           2  -3.4638271446113466E-015
           8           3  -3.2695165242656235E-015
           8           4   3.7060729259802166E-014
           8           5  -6.3199399243756542E-014
           8           6   1.7476180234551693E-013
           8           7   2.0955459589799830E-015
           8           8   1.0837003482959733     
           8           9   1.8474805019152996E-015
           8          10   2.4598378889351125E-015
           8          11  0.54206007358417208     
           8          12  -4.4348205663347073E-015
           8          13  -1.9879931034694209E-015
           8          14  -2.9052168002751524E-002
           8          15  -1.1074474670635936E-014
           8          16  -2.0476675910430231E-014
           8          17 -0.23634046446301230     
           8          18   3.8528208401444886E-014
           8          19   1.1893264151296989E-014
           8          20 -0.13986185304972121     
           8          21  -1.3542986176950933E-014
           8          22  -1.6533432609100451E-014
           8          23  -5.0237290714410946E-003
           8          24   9.8357736885712477E-015
           8          25  -2.4696137751943000E-015
           8          26   1.2430074089394638E-015
           8          27  -3.1475863196182799E-015
           8          28   2.0158014582681488E-015
           8          29   1.8743574477011311E-015
           8          30  -3.4905294222126614E-015
           8          31  -1.1904943975411257E-014
           8          32  -2.4173197007723473E-015
           8          33  -2.8569942540243915E-014
           8          34  -3.9276121980194885E-015
           8          35  -2.8945169040900988E-015
           8          36  -1.7438923060633832E-014
           8          37  -1.6892000186982985E-014
           8          38   8.2373578975267954E-015
           8          39  -1.0793543903245120E-014
           8          40  -1.9186253176340234E-015
           8          41   9.7454939935208422E-015
           8          42  -2.6139977040109498E-015
           8          43  -5.1779630157091878E-014
           8          44  -8.1300295611278220E-015
           8          45  -5.4687829049025734E-014
           8          46  -1.5048723950598055E-014
           8          47  -1.1255730824225643E-014
           8          48  -7.3183313206709085E-014
           8          49   1.1752643129525620E-014
           8          50  -3.2865622277685907E-003
           8          51  -3.3176315427513314E-015
           8          52  -7.3489765534003942E-003
           8          53  -2.5043172830613303E-015
           8          54  -2.2163903232469433E-015
           8          55  -4.9359388104575075E-015
           8          56   5.5800362160768335E-015
           8          57  -3.2865622277620981E-003
           8          58  -1.5278902275317474E-014
           9           1  -1.4318387438866860E-015
           9           2  -2.6252983778155319E-015
           9           3   1.3104156903315786E-014
           9           4  -9.9532878643417830E-014
           9           5  -4.8683123086089047E-014
           9           6   4.5298603532473224E-013
           9           7  -5.4643789493269423E-015
           9           8   1.8474805019152996E-015
           9           9   1.0837003482959711     
           9          10   6.5394738235635685E-015
           9          11   3.8918521183539667E-015
           9          12  0.54206007358418118     
           9          13   2.1600776722863202E-014
           9          14   3.1037672432177033E-014
           9          15  -2.9052168002762682E-002
           9          16  -1.2269352200888761E-013
           9          17  -1.2427212037202651E-013
           9          18 -0.23634046446307930     
           9          19   6.7851106677618844E-014
           9          20   2.0613719065032399E-014
           9          21 -0.13986185304971152     
           9          22  -5.1500307924473576E-014
           9          23   2.3656857722764713E-014
           9          24  -5.0237290714582822E-003
           9          25   2.0260630275522260E-015
           9          26  -2.4143325157341126E-015
           9          27  -3.0385797454654317E-015
           9          28  -1.4841608050694555E-015
           9          29   1.9287311125630575E-015
           9          30   1.3425503270295877E-015
           9          31   2.1437261484039573E-014
           9          32  -9.8933032615026927E-015
           9          33   5.4567132920565837E-015
           9          34  -2.8621683608095662E-015
           9          35   2.1612847352094562E-015
           9          36   5.6056983627298049E-015
           9          37  -4.4758207021727038E-014
           9          38   1.7792724657039119E-014
           9          39  -5.5515802095791189E-014
           9          40   8.4364898484222932E-015
           9          41   5.2095044635591999E-015
           9          42  -3.3188137155530613E-014
           9          43  -1.5298488449942135E-013
           9          44  -8.3943729010077693E-015
           9          45  -1.3683450656963721E-013
           9          46  -2.0605642596643124E-014
           9          47  -1.5368702636392279E-014
           9          48  -1.8864056777800060E-013
           9          49   5.5354158756681926E-014
           9          50   1.9678215220503281E-014
           9          51   1.5248016065928793E-014
           9          52   4.7900973552256199E-014
           9          53  -3.2865622277408377E-003
           9          54  -6.3847242448260508E-015
           9          55  -3.2865622277507235E-003
           9          56   3.4945340349722132E-014
           9          57   1.9472189702676723E-014
           9          58  -7.3489765533541855E-003
          10           1   3.9309445517063857E-015
          10           2  -2.1992909176243368E-015
          10           3   1.3111271763243757E-014
          10           4   2.2428732633669927E-015
          10           5   2.1248759384154486E-014
          10           6  -1.2234677639485748E-013
          10           7  0.54206007358416630     
          10           8   2.4598378889351125E-015
          10           9   6.5394738235635685E-015
          10          10  0.27116860837597345     
          10          11   6.6960326172704754E-016
          10          12   8.7534146597789686E-015
          10          13  -1.6791624066933346E-002
          10          14  -8.7360674250192005E-015
          10          15   7.4922706927438298E-015
          10          16 -0.12281894807614882     
          10          17   9.7422070410857486E-015
          10          18  -6.7532784919777100E-014
          10          19  -7.2514457331752574E-002
          10          20  -9.3987317928423408E-015
          10          21   1.0817301915322375E-014
          10          22  -2.6097636979737484E-003
          10          23  -1.0743250906941615E-014
          10          24  -1.1406782636502744E-014
          10          25   1.6359211986310748E-015
          10          26  -4.3183709932285783E-016
          10          27   1.7926748078247097E-015
          10          28  -1.0063014050195623E-015
          10          29  -1.5786284004801493E-015
          10          30   1.8167965572335631E-015
          10          31   1.8826874807764358E-015
          10          32   3.0922263965595693E-015
          10          33   1.1875603357187771E-014
          10          34  -6.8457954627312433E-017
          10          35   1.1271133055523867E-015
          10          36   7.9767392982954195E-015
          10          37   1.4759243954801973E-014
          10          38  -6.1785969928236144E-015
          10          39   1.2066139541345014E-014
          10          40   5.2692441112964649E-015
          10          41  -6.3095812214702979E-015
          10          42   8.3653767197542912E-015
          10          43   3.9286350812809772E-014
          10          44   7.3200432572125497E-015
          10          45   3.9506071763562818E-014
          10          46   6.9864771572613104E-015
          10          47   4.9067551972764318E-015
          10          48   5.4940876024686951E-014
          10          49  -3.6069255398377734E-003
          10          50   1.0158432255102934E-015
          10          51  -1.6130661394037275E-003
          10          52  -4.1844240745991801E-015
          10          53   7.3292202385291660E-015
          10          54   9.0575159506739365E-016
          10          55   1.0196474198830019E-014
          10          56  -1.6130661394103754E-003
          10          57  -3.7173497786924248E-015
          10          58   2.5273132111397478E-014
          11           1   3.1165895294571822E-015
          11           2  -3.8197109854003742E-015
          11           3   5.6032213347494768E-015
          11           4   1.9073422023475930E-014
          11           5  -3.1528075512862063E-014
          11           6   9.1548256350777550E-014
          11           7  -1.7347234759768071E-016
          11           8  0.54206007358417208     
          11           9   3.8918521183539667E-015
          11          10   6.6960326172704754E-016
          11          11  0.27116860837597817     
          11          12  -7.5937520160884731E-016
          11          13  -1.0547118733938987E-015
          11          14  -1.6791624066936645E-002
          11          15  -5.7549451315530575E-015
          11          16  -1.1567136137813350E-014
          11          17 -0.12281894807618936     
          11          18   1.9838297671270766E-014
          11          19   6.3594962629309748E-015
          11          20  -7.2514457331742152E-002
          11          21  -7.3240025155740796E-015
          11          22  -8.7031618890842655E-015
          11          23  -2.6097636979803152E-003
          11          24   5.0980812453527147E-015
          11          25  -1.2352276981363697E-015
          11          26   6.1079883748657999E-016
          11          27  -1.6087037591804696E-015
          11          28   1.0132425409373979E-015
          11          29   9.7002971197575554E-016
          11          30  -1.7518988565655904E-015
          11          31  -5.7388079976060622E-015
          11          32  -1.2819415762317712E-015
          11          33  -1.4304388659248230E-014
          11          34  -2.0132544367307294E-015
          11          35  -1.4206252200673360E-015
          11          36  -8.6313826170374382E-015
          11          37  -8.8594747070145665E-015
          11          38   4.2908405718341647E-015
          11          39  -5.8088538438211466E-015
          11          40  -9.9008479967849859E-016
          11          41   4.9771041385969348E-015
          11          42  -1.4992486930267207E-015
          11          43  -2.7231605588550059E-014
          11          44  -4.1635790341083835E-015
          11          45  -2.8637650143307942E-014
          11          46  -7.7785934914974081E-015
          11          47  -5.7660503061607463E-015
          11          48  -3.8277872908440474E-014
          11          49   6.3851376443102570E-015
          11          50  -1.6130661394058732E-003
          11          51  -1.5564399812387220E-015
          11          52  -3.6069255398247773E-003
          11          53  -1.3456304213260717E-015
          11          54  -1.1849242923340512E-015
          11          55  -2.6350449600087700E-015
          11          56   3.0892985652258842E-015
          11          57  -1.6130661394025587E-003
          11          58  -8.0154253460223979E-015
          12           1  -1.0585057706062265E-016
          12           2  -9.9168704876939108E-016
          12           3   5.2034310938990586E-015
          12           4  -5.0434942342056304E-014
          12           5  -2.5689930828583503E-014
          12           6   2.3293590039984759E-013
          12           7   7.9975089051220749E-015
          12           8  -4.4348205663347073E-015
          12           9  0.54206007358418118     
          12          10   8.7534146597789686E-015
          12          11  -7.5937520160884731E-016
          12          12  0.27116860837598789     
          12          13   8.1475624857940687E-015
          12          14   1.8056736661442585E-014
          12          15  -1.6791624066940646E-002
          12          16  -7.0611051727897944E-014
          12          17  -5.8156604532122458E-014
          12          18 -0.12281894807621949     
          12          19   3.0502943920707182E-014
          12          20   1.3602834136872133E-014
          12          21  -7.2514457331736393E-002
          12          22  -2.6691864864203385E-014
          12          23   1.2291871080011285E-014
          12          24  -2.6097636979891120E-003
          12          25   1.0168945516742340E-015
          12          26  -1.2255194366999313E-015
          12          27  -1.5550545009811257E-015
          12          28  -7.1169597663299280E-016
          12          29   1.0148630037698258E-015
          12          30   6.6307346183174963E-016
          12          31   1.1053890985472641E-014
          12          32  -5.0959470725184061E-015
          12          33   2.6708372388460806E-015
          12          34  -1.4060250445687487E-015
          12          35   1.0291605181138232E-015
          12          36   2.8829873137047389E-015
          12          37  -2.2835022553498840E-014
          12          38   9.2220082247214040E-015
          12          39  -2.8243880007815854E-014
          12          40   4.1961141386267702E-015
          12          41   2.7681573009927362E-015
          12          42  -1.6745226404555015E-014
          12          43  -7.8561215068449862E-014
          12          44  -4.4753754081722257E-015
          12          45  -7.0311441723418284E-014
          12          46  -1.0628705187928684E-014
          12          47  -8.0149249287730456E-015
          12          48  -9.7093821665697446E-014
          12          49   2.8428133328275984E-014
          12          50   9.9029264606295686E-015
          12          51   7.7809327449045174E-015
          12          52   2.4347901082452661E-014
          12          53  -1.6130661393920001E-003
          12          54  -3.2717182832636838E-015
          12          55  -1.6130661393971111E-003
          12          56   1.7921041983292446E-014
          12          57   9.9360081794175326E-015
          12          58  -3.6069255398020975E-003
          13           1  -2.4003894459362474E-015
          13           2  -6.9769232540682028E-016
          13           3   9.6679763276267400E-015
          13           4  -6.9079927132061968E-014
          13           5  -5.2036047172795012E-014
          13           6   3.4031384722329649E-013
          13           7  -2.9052168002752135E-002
          13           8  -1.9879931034694209E-015
          13           9   2.1600776722863202E-014
          13          10  -1.6791624066933346E-002
          13          11  -1.0547118733938987E-015
          13          12   8.1475624857940687E-015
          13          13  0.15286408955948982     
          13          14   1.1653872311612190E-014
          13          15  -4.2780883002802028E-014
          13          16  0.31609967679651263     
          13          17  -8.4626750052052557E-014
          13          18   4.6174869483550651E-014
          13          19  0.17579015687797617     
          13          20   2.3939183968479938E-015
          13          21  -4.6223441740878002E-014
          13          22   6.6575103011050595E-003
          13          23   2.8039202903951121E-014
          13          24   2.1153868587364677E-014
          13          25   8.8259509655536005E-016
          13          26  -8.0364706474928826E-016
          13          27  -1.0636460459715080E-015
          13          28   4.4154701084802468E-016
          13          29   3.8643936428297575E-015
          13          30  -1.8013402897103714E-016
          13          31   2.5357363627088464E-014
          13          32  -8.4799134268312392E-015
          13          33   5.9332411695487273E-015
          13          34  -3.8466920116240183E-015
          13          35   1.5418996653449365E-015
          13          36   7.4032804019455816E-015
          13          37  -2.7697877667387248E-014
          13          38   1.4699399942106291E-014
          13          39  -2.8745374113714738E-014
          13          40  -4.3573110056042016E-015
          13          41   1.2547086799479036E-014
          13          42  -1.7332399246018050E-014
          13          43  -1.1283353908451093E-013
          13          44  -1.3071643720676453E-014
          13          45  -1.0835573965786950E-013
          13          46  -2.0204116101433110E-014
          13          47  -1.0729899365814086E-014
          13          48  -1.4896525737741795E-013
          13          49  -4.4455433474968817E-003
          13          50   3.5754277143140722E-015
          13          51  -1.9881074243010949E-003
          13          52   1.9675233664528946E-014
          13          53  -7.0206020901311672E-015
          13          54  -4.8563824015177958E-015
          13          55  -1.5941905456319516E-014
          13          56  -1.9881074242839719E-003
          13          57   1.1062006345652353E-014
          13          58  -3.1557140798069150E-014
          14           1  -1.7787263582749642E-015
          14           2   2.5568038265612860E-015
          14           3  -1.8750441618649857E-014
          14           4   6.6950488532755100E-014
          14           5   5.4157344093449553E-014
          14           6  -2.7720393236277494E-013
          14           7  -1.0626916013833920E-014
          14           8  -2.9052168002751524E-002
          14           9   3.1037672432177033E-014
          14          10  -8.7360674250192005E-015
          14          11  -1.6791624066936645E-002
          14          12   1.8056736661442585E-014
          14          13   1.1653872311612190E-014
          14          14  0.15286408955946679     
          14          15  -6.8851174761519474E-015
          14          16   1.2004286453759505E-013
          14          17  0.31609967679657236     
          14          18  -1.2188514086908242E-013
          14          19  -1.0449974219284286E-014
          14          20  0.17579015687791658     
          14          21  -1.0241807402167069E-014
          14          22   3.0224737643247401E-014
          14          23   6.6575103011218524E-003
          14          24  -1.4003772100257272E-014
          14          25  -6.3429529931596888E-016
          14          26   7.0330766758510154E-016
          14          27   1.6961390127835479E-015
          14          28  -3.8725827309968971E-016
          14          29  -2.2366387187524964E-015
          14          30  -2.0207258205050506E-016
