           1           1  0.51656415551148149     
           1           2  0.63253553547169261     
           1           3  -7.2237731144269776E-002
           1           4 -0.14050397379630114     
           1           5  -3.0618052657030402E-002
           1           6   1.4195685137152912E-003
           1           7   9.5541797054063934E-016
           1           8  -3.5253140746334090E-015
           1           9   1.2493445906542963E-015
           1          10  -1.2612741416698699E-014
           1          11  -3.0351744908699621E-015
           1          12  -1.5088197401731018E-014
           1          13   4.4780324436688472E-015
           1          14  -7.2896421255027618E-015
           1          15   8.5068913046067531E-015
           1          16   1.1560822580433845E-003
           1          17   2.1171098575563786E-005
           1          18   1.1780680682831001E-003
           1          19   1.1117397663726108E-005
           1          20  -6.2968958668088867E-006
           1          21   1.1855892205156469E-003
           1          22   4.1295624415717668E-003
           1          23   3.5124884524496015E-004
           1          24   4.4943282828827681E-003
           1          25   1.8444828407563544E-004
           1          26  -1.0447151566379072E-004
           1          27   4.6191113947996430E-003
           1          28  -1.7367108689325611E-003
           1          29   4.7097344448521347E-004
           1          30  -1.2476130979881183E-003
           1          31   2.4731822668690130E-004
           1          32  -1.4008104364447507E-004
           1          33  -1.0802971841726398E-003
           1          34   2.5167853279730176E-015
           1          35   3.1264037927306513E-015
           1          36   3.6560914474119370E-015
           1          37   3.4189103724667196E-015
           1          38  -5.7194637305299861E-016
           1          39  -3.5241642916826487E-015
           1          40   8.9856875912934431E-015
           1          41   3.5546840951745888E-015
           1          42  -4.0350141612230832E-015
           1          43   9.0381318915156373E-015
           2           1  0.63253553547169261     
           2           2  0.79228179821632949     
           2           3 -0.17631141074522444     
           2           4 -0.24843889228273097     
           2           5  -6.4174334748115167E-002
           2           6   3.8252635921981206E-003
           2           7   8.6395020580981831E-016
           2           8  -4.2024338414484922E-015
           2           9   1.5501270082234566E-015
           2          10  -1.5595450458174699E-014
           2          11  -3.3637276281860549E-015
           2          12  -1.8177039680389588E-014
           2          13   5.2398852083456894E-015
           2          14  -8.5942320399913411E-015
           2          15   1.0423735906880124E-014
           2          16  -1.7379124095918703E-004
           2          17   2.2728962436100201E-004
           2          18   6.2245066539026294E-005
           2          19   1.1935464850077078E-004
           2          20  -6.7602483780494446E-005
           2          21   1.4299098245285264E-004
           2          22  -2.1365482155390582E-003
           2          23   8.6475229572804090E-004
           2          24  -1.2385179395982375E-003
           2          25   4.5409993373692580E-004
           2          26  -2.5720222230960019E-004
           2          27  -9.3130985937097321E-004
           2          28  -3.9869185687451307E-003
           2          29   9.5606180155551588E-004
           2          30  -2.9940649335015402E-003
           2          31   5.0204849539105690E-004
           2          32  -2.8436026719744201E-004
           2          33  -2.6544187072064219E-003
           2          34   2.9454856272860539E-015
           2          35   3.6952292906215688E-015
           2          36   4.4047732694771045E-015
           2          37   4.0416017543942879E-015
           2          38  -6.1116389553178173E-016
           2          39  -4.1320227591473020E-015
           2          40   1.0745263215751049E-014
           2          41   4.2419347398071320E-015
           2          42  -4.7559577663697644E-015
           2          43   1.0869590424877101E-014
           3           1  -7.2237731144269776E-002
           3           2 -0.17631141074522444     
           3           3  0.44525877493898491     
           3           4  0.39795771452512935     
           3           5  0.13644436736699972     
           3           6  -1.0532425160135030E-002
           3           7  -2.8340327736687687E-014
           3           8   1.6749234752157331E-014
           3           9   8.5761404502285508E-015
           3          10  -2.8899273145960352E-014
           3          11   1.6386992526649247E-014
           3          12   9.9107977957304107E-015
           3          13  -1.5566594241834216E-014
           3          14   8.4938557548878330E-015
           3          15   3.6199427960222246E-015
           3          16   7.7072719668784574E-003
           3          17  -1.0014302831308905E-003
           3          18   6.6673040619415341E-003
           3          19  -5.2587248151679620E-004
           3          20   2.9785421655142779E-004
           3          21   6.3115403312507526E-003
           3          22   3.5047886954372005E-002
           3          23  -2.1933651345219535E-003
           3          24   3.2770115273991152E-002
           3          25  -1.1517829655933644E-003
           3          26   6.5236992483733852E-004
           3          27   3.1990910060249789E-002
           3          28   9.4542578111624764E-003
           3          29  -1.9434462182914051E-003
           3          30   7.4360225442586386E-003
           3          31  -1.0205451645633602E-003
           3          32   5.7803677792655453E-004
           3          33   6.7456025656384110E-003
           3          34   2.2657823335252528E-016
           3          35   4.1745006853602256E-016
           3          36  -1.6984061643141452E-016
           3          37   2.1226594346028333E-016
           3          38  -2.8835998673283870E-016
           3          39  -5.1517706344893504E-016
           3          40   8.5717900823937728E-017
           3          41   1.2049262178427496E-016
           3          42  -4.0044196893404657E-016
           3          43  -2.9720702671192948E-016
           4           1 -0.14050397379630114     
           4           2 -0.24843889228273097     
           4           3  0.39795771452512935     
           4           4  0.36768438378501944     
           4           5  0.12237235523265008     
           4           6  -9.5245250128950590E-003
           4           7   3.5293574064436557E-014
           4           8  -1.8798403196742326E-014
           4           9  -1.0687926036218967E-014
           4          10   4.0274056117103193E-014
           4          11  -2.1005501155331110E-014
           4          12  -7.9008060815286876E-015
           4          13   1.8458254727692747E-014
           4          14  -9.9126940580845572E-015
           4          15  -7.9594642681600263E-015
           4          16   6.8482496351614623E-003
           4          17  -1.2352483472722001E-003
           4          18   5.5654657256551370E-003
           4          19  -6.4865535174864772E-004
           4          20   3.6739844245360512E-004
           4          21   5.1266368146810912E-003
           4          22   3.0324525814372394E-002
           4          23  -2.6738277122115833E-003
           4          24   2.7547802089458943E-002
           4          25  -1.4040841524547189E-003
           4          26   7.9527333934307923E-004
           4          27   2.6597909832997070E-002
           4          28   8.6465854580727881E-003
           4          29  -1.9080620849737634E-003
           4          30   6.6650959976297811E-003
           4          31  -1.0019642037417033E-003
           4          32   5.6751252870411439E-004
           4          33   5.9872464039044514E-003
           4          34   7.4796660597213373E-018
           4          35  -5.0304586125987695E-016
           4          36  -6.7252169760274797E-016
           4          37  -2.6824774938933018E-016
           4          38  -3.1181081819293876E-016
           4          39   2.8809785843462522E-016
           4          40  -1.4240740535397249E-015
           4          41  -5.7811869184452961E-016
           4          42   3.7336539807344531E-016
           4          43  -1.6036381076013963E-015
           5           1  -3.0618052657030402E-002
           5           2  -6.4174334748115167E-002
           5           3  0.13644436736699972     
           5           4  0.12237235523265008     
           5           5   4.3608709120139685E-002
           5           6  -2.9349491457381603E-003
           5           7   4.1204084305310154E-014
           5           8  -2.3288075867065483E-014
           5           9  -1.2116219962329095E-014
           5          10   4.3952321397605728E-014
           5          11  -2.4851419305365049E-014
           5          12  -1.2263497604242793E-014
           5          13   2.2238734347511845E-014
           5          14  -1.2703405578286912E-014
           5          15  -7.0606020672752926E-015
           5          16   1.7086621201936147E-003
           5          17   4.0727092146218970E-004
           5          18   2.1316059151175251E-003
           5          19   2.1386667781193977E-004
           5          20  -1.2113409982401533E-004
           5          21   2.2762911966069201E-003
           5          22   9.6581673019138607E-003
           5          23   6.8497429132291076E-004
           5          24   1.0369501201795308E-002
           5          25   3.5969466976921213E-004
           5          26  -2.0373109804868350E-004
           5          27   1.0612842199457670E-002
           5          28   2.5887027854486714E-003
           5          29  -3.1575494768252080E-004
           5          30   2.2607967435516723E-003
           5          31  -1.6580966674892603E-004
           5          32   9.3914581713270878E-005
           5          33   2.1486231025178606E-003
           5          34   2.2320764837094594E-016
           5          35  -2.3263934878220676E-016
           5          36  -3.9628106007315809E-017
           5          37   5.7803393682482704E-017
           5          38  -2.2337929702173328E-016
           5          39   3.7161813809852457E-017
           5          40  -1.5331203113726709E-016
           5          41  -9.3073662309576147E-017
           5          42  -2.9499833251714965E-017
           5          43  -1.6864416012599884E-016
           6           1   1.4195685137152912E-003
           6           2   3.8252635921981206E-003
           6           3  -1.0532425160135030E-002
           6           4  -9.5245250128950590E-003
           6           5  -2.9349491457381603E-003
           6           6   2.9961686502363931E-004
           6           7  -1.2879686936850230E-015
           6           8   6.7658075199345043E-016
           6           9   4.0074452594212657E-016
           6          10  -1.3737145484545745E-015
           6          11   7.5192812029434512E-016
           6          12   3.9782636498843817E-016
           6          13  -7.1000030200037982E-016
           6          14   3.9431820722111370E-016
           6          15   2.3833108635686883E-016
           6          16  -2.9050758044726552E-004
           6          17   1.4731609298007794E-004
           6          18  -1.3752237755196184E-004
           6          19   7.7358833932274120E-005
           6          20  -4.3816049179861547E-005
           6          21  -8.5187508398931023E-005
           6          22  -9.9429672357817067E-004
           6          23   2.8853191490531825E-004
           6          24  -6.9466133567931904E-004
           6          25   1.5151428465564194E-004
           6          26  -8.5817701389894889E-005
           6          27  -5.9215875187704193E-004
           6          28  -2.7799298072048200E-004
           6          29   9.5087595646729551E-005
           6          30  -1.7924615684672426E-004
           6          31   4.9932531032828003E-005
           6          32  -2.8281787683278035E-005
           6          33  -1.4546575680727294E-004
           6          34  -1.2561148964567144E-017
           6          35  -7.6933212487990607E-020
           6          36   8.9910067224089985E-019
           6          37  -1.2280560944340333E-017
           6          38   1.3002236554759103E-017
           6          39   8.1396655187963958E-018
           6          40  -1.7418790510385419E-018
           6          41   7.8186973940800391E-019
           6          42   4.9468711740365020E-018
           6          43   2.3682840485645003E-018
           7           1   9.5541797054063934E-016
           7           2   8.6395020580981831E-016
           7           3  -2.8340327736687687E-014
           7           4   3.5293574064436557E-014
           7           5   4.1204084305310154E-014
           7           6  -1.2879686936850230E-015
           7           7  0.14562491650294832     
           7           8  -8.2481962139474438E-002
           7           9  -4.3313043749183738E-002
           7          10  0.15333729047713457     
           7          11  -8.6850251237578752E-002
           7          12  -4.5606925849065824E-002
           7          13   7.9253753609783456E-002
           7          14  -4.4889330059199220E-002
           7          15  -2.3572347817002914E-002
           7          16  -1.3617124713337068E-015
           7          17  -8.0882753037057138E-016
           7          18  -2.2760170553684607E-015
           7          19   6.8010353278679167E-016
           7          20   4.2111695488302000E-016
           7          21  -1.4435449437688757E-015
           7          22  -2.2523535828609728E-014
           7          23   3.0111037471358398E-015
           7          24  -1.7205844982527681E-014
           7          25   1.9581490098644775E-015
           7          26  -1.7775752589575160E-015
           7          27  -1.9602685836811613E-014
           7          28  -9.1903952913411326E-015
           7          29  -1.3654100323759830E-015
           7          30  -8.8573019643610560E-015
           7          31  -3.2436336159286608E-015
           7          32   5.6760369723535401E-015
           7          33  -1.3123085631516893E-014
           7          34   5.7713586057368154E-004
           7          35  -8.6352944574831416E-004
           7          36   2.3431010918088989E-004
           7          37   2.1782845912868260E-004
           7          38  -4.5345780496689549E-004
           7          39   3.6954613585003701E-004
           7          40  -6.9690582773835095E-005
           7          41  -2.0708406641572452E-004
           7          42   1.1729243116663750E-004
           7          43   2.1223922950507496E-004
           8           1  -3.5253140746334090E-015
           8           2  -4.2024338414484922E-015
           8           3   1.6749234752157331E-014
           8           4  -1.8798403196742326E-014
           8           5  -2.3288075867065483E-014
           8           6   6.7658075199345043E-016
           8           7  -8.2481962139474438E-002
           8           8   4.6717788698199564E-002
           8           9   2.4532510784946910E-002
           8          10  -8.6850251257988148E-002
           8          11   4.9191987926302298E-002
           8          12   2.5831765754896107E-002
           8          13  -4.4889331177889777E-002
           8          14   2.5425319453036593E-002
           8          15   1.3351379330344151E-002
           8          16   8.4931356696311827E-016
           8          17   3.6723969834574348E-016
           8          18   1.2727981634329081E-015
           8          19  -4.3293385873139576E-016
           8          20  -2.1149026151840703E-016
           8          21   7.6900018028392922E-016
           8          22   1.2874596693320863E-014
           8          23  -1.8856310161138531E-015
           8          24   9.6755822670232284E-015
           8          25  -1.2036919672664627E-015
           8          26   1.0603980598754446E-015
           8          27   1.0969156744647626E-014
           8          28   5.2624158982857855E-015
           8          29   7.3285014252495003E-016
           8          30   5.0316743780249415E-015
           8          31   1.8159173221117320E-015
           8          32  -3.2028564324602599E-015
           8          33   7.4334202080046150E-015
           8          34  -3.2688978881033467E-004
           8          35   4.8910313400311379E-004
           8          36  -1.3271326101644838E-004
           8          37  -1.2337805335935279E-004
           8          38   2.5683853010395656E-004
           8          39  -2.0931095528116381E-004
           8          40   3.9472750596996887E-005
           8          41   1.1729242863081320E-004
           8          42  -6.6434440609877612E-005
           8          43  -1.2021231333852400E-004
           9           1   1.2493445906542963E-015
           9           2   1.5501270082234566E-015
           9           3   8.5761404502285508E-015
           9           4  -1.0687926036218967E-014
           9           5  -1.2116219962329095E-014
           9           6   4.0074452594212657E-016
           9           7  -4.3313043749183738E-002
           9           8   2.4532510784946910E-002
           9           9   1.2882546502821324E-002
           9          10  -4.5606925863425025E-002
           9          11   2.5831765756958818E-002
           9          12   1.3564813096571789E-002
           9          13  -2.3572348605041638E-002
           9          14   1.3351379443958549E-002
           9          15   7.0110950569928871E-003
           9          16   3.6939048166557936E-016
           9          17   2.9050521208216783E-016
           9          18   6.9318929930835640E-016
           9          19  -1.7605959145677587E-016
           9          20  -1.4010489620673776E-016
           9          21   4.6332838253537713E-016
           9          22   6.6737051433158216E-015
           9          23  -7.9506639810751616E-016
           9          24   5.1964616933294187E-015
           9          25  -5.2962335255457232E-016
           9          26   4.9880376404651226E-016
           9          27   5.9450623931575917E-015
           9          28   2.7123364126980539E-015
           9          29   4.2684709916017178E-016
           9          30   2.6347976336500347E-015
           9          31   9.7563835087873969E-016
           9          32  -1.6943839867337792E-015
           9          33   3.9109307065301130E-015
           9          34  -1.7165682479718073E-004
           9          35   2.5683852434447833E-004
           9          36  -6.9690573931573252E-005
           9          37  -6.4788456581651627E-005
           9          38   1.3487140948535635E-004
           9          39  -1.0991366267386247E-004
           9          40   2.0727986206454696E-005
           9          41   6.1592764781029429E-005
           9          42  -3.4886146715598883E-005
           9          43  -6.3126058737758952E-005
          10           1  -1.2612741416698699E-014
          10           2  -1.5595450458174699E-014
          10           3  -2.8899273145960352E-014
          10           4   4.0274056117103193E-014
          10           5   4.3952321397605728E-014
          10           6  -1.3737145484545745E-015
          10           7  0.15333729047713457     
          10           8  -8.6850251257988148E-002
          10           9  -4.5606925863425025E-002
          10          10  0.16145811592889814     
          10          11  -9.1449887298367005E-002
          10          12  -4.8022293194212806E-002
          10          13   8.3451075066680466E-002
          10          14  -4.7266693145002016E-002
          10          15  -2.4820752047405602E-002
          10          16  -1.4893900566910592E-015
          10          17  -8.1734386080426113E-016
          10          18  -2.4164763836464630E-015
          10          19   7.3414414434004003E-016
          10          20   4.3321189485752408E-016
          10          21  -1.5277238666098584E-015
          10          22  -2.3925431850915813E-014
          10          23   3.1799914518995541E-015
          10          24  -1.8316332774975567E-014
          10          25   2.0667992444502568E-015
          10          26  -1.8745177949594718E-015
          10          27  -2.0836765803017145E-014
          10          28  -9.6509647089472116E-015
          10          29  -1.4412218188070343E-015
          10          30  -9.3038641645939541E-015
          10          31  -3.4172555644306150E-015
          10          32   5.9776836299645942E-015
          10          33  -1.3796809046872565E-014
          10          34   6.0770128644685570E-004
          10          35  -9.0926243007038879E-004
          10          36   2.4671929870237431E-004
          10          37   2.2936477159061716E-004
          10          38  -4.7747317443388846E-004
          10          39   3.8911749814732089E-004
          10          40  -7.3381433554991869E-005
          10          41  -2.1805135005540958E-004
          10          42   1.2350430146481061E-004
          10          43   2.2347953335721924E-004
          11           1  -3.0351744908699621E-015
          11           2  -3.3637276281860549E-015
          11           3   1.6386992526649247E-014
          11           4  -2.1005501155331110E-014
          11           5  -2.4851419305365049E-014
          11           6   7.5192812029434512E-016
          11           7  -8.6850251237578752E-002
          11           8   4.9191987926302298E-002
          11           9   2.5831765756958818E-002
          11          10  -9.1449887298367005E-002
          11          11   5.1797222076881574E-002
          11          12   2.7199829969240173E-002
          11          13  -4.7266694311831586E-002
          11          14   2.6771858052527131E-002
          11          15   1.4058475564000377E-002
          11          16   8.5273329368851416E-016
          11          17   4.1582934643092945E-016
          11          18   1.3289076988741925E-015
          11          19  -4.4056000209502455E-016
          11          20  -2.3135810456347344E-016
          11          21   8.0878060695809455E-016
          11          22   1.3433826118727723E-014
          11          23  -1.9302738174503509E-015
          11          24   1.0122736458281924E-014
          11          25  -1.2384422906033144E-015
          11          26   1.1001329268656184E-015
          11          27   1.1504436989348716E-014
          11          28   5.5032352968897541E-015
          11          29   7.8752676192439116E-016
          11          30   5.2767485713268402E-015
          11          31   1.9204200593730431E-015
          11          32  -3.3771999860953126E-015
          11          33   7.8113280989173115E-015
          11          34  -3.4420204792375383E-004
          11          35   5.1500629916426295E-004
          11          36  -1.3974182673232840E-004
          11          37  -1.2991222145447697E-004
          11          38   2.7044083686199755E-004
          11          39  -2.2039617610220105E-004
          11          40   4.1563248708735323E-005
          11          41   1.2350429876566480E-004
          11          42  -6.9952844332670482E-005
          11          43  -1.2657882213867365E-004
          12           1  -1.5088197401731018E-014
          12           2  -1.8177039680389588E-014
          12           3   9.9107977957304107E-015
          12           4  -7.9008060815286876E-015
          12           5  -1.2263497604242793E-014
          12           6   3.9782636498843817E-016
          12           7  -4.5606925849065824E-002
          12           8   2.5831765754896107E-002
          12           9   1.3564813096571789E-002
          12          10  -4.8022293194212806E-002
          12          11   2.7199829969240173E-002
          12          12   1.4283212896194705E-002
          12          13  -2.4820752869364544E-002
          12          14   1.4058475682509260E-002
          12          15   7.3824064232625658E-003
          12          16   3.4864738337868912E-016
          12          17   2.9131034025890177E-016
          12          18   6.7445349265770435E-016
          12          19  -1.9304016896457620E-016
          12          20  -1.4318836013540229E-016
          12          21   4.2723932568296248E-016
          12          22   6.8096864727638951E-015
          12          23  -8.9109175973303461E-016
          12          24   5.1982142815814402E-015
          12          25  -5.8598610038967135E-016
          12          26   5.4125751055670870E-016
          12          27   5.9673065274331044E-015
          12          28   2.8940316029164483E-015
          12          29   4.3090381922491331E-016
          12          30   2.7931231679051094E-015
          12          31   1.0175680317255147E-015
          12          32  -1.7786023690353565E-015
          12          33   4.1302511809058484E-015
          12          34  -1.8074786259182358E-004
          12          35   2.7044083077589902E-004
          12          36  -7.3381424221335165E-005
          12          37  -6.8219688099165082E-005
          12          38   1.4201427189410029E-004
          12          39  -1.1573474938390931E-004
          12          40   2.1825751507848124E-005
          12          41   6.4854750741462282E-005
          12          42  -3.6733735814812918E-005
          12          43  -6.6469248771070330E-005
          13           1   4.4780324436688472E-015
          13           2   5.2398852083456894E-015
          13           3  -1.5566594241834216E-014
          13           4   1.8458254727692747E-014
          13           5   2.2238734347511845E-014
          13           6  -7.1000030200037982E-016
          13           7   7.9253753609783456E-002
          13           8  -4.4889331177889777E-002
          13           9  -2.3572348605041638E-002
          13          10   8.3451075066680466E-002
          13          11  -4.7266694311831586E-002
          13          12  -2.4820752869364544E-002
          13          13   4.3132436481864662E-002
          13          14  -2.4430214208212044E-002
          13          15  -1.2828828271671779E-002
          13          16  -6.9955900485301416E-016
          13          17  -4.7638012250966122E-016
          13          18  -1.2347358203690410E-015
          13          19   3.5112991231009620E-016
          13          20   2.3994937695027606E-016
          13          21  -7.9453455657068466E-016
          13          22  -1.2152461802531580E-014
          13          23   1.5842801693707708E-015
          13          24  -9.3149586322374545E-015
          13          25   1.0370898829111680E-015
          13          26  -9.5121579421685288E-016
          13          27  -1.0638743269696647E-014
          13          28  -4.9946660332029570E-015
          13          29  -7.5321295310064227E-016
          13          30  -4.8238881174786119E-015
          13          31  -1.7706000699347902E-015
          13          32   3.0920893955131531E-015
          13          33  -7.1490572026114317E-015
          13          34   3.1409585936037829E-004
          13          35  -4.6996044064165463E-004
          13          36   1.2751908194864262E-004
          13          37   1.1854923898709238E-004
          13          38  -2.4678629186751820E-004
          13          39   2.0111886826395834E-004
          13          40  -3.7927851968711154E-005
          13          41  -1.1270179561539238E-004
          13          42   6.3834305716391397E-005
          13          43   1.1550740083126461E-004
          14           1  -7.2896421255027618E-015
          14           2  -8.5942320399913411E-015
          14           3   8.4938557548878330E-015
          14           4  -9.9126940580845572E-015
          14           5  -1.2703405578286912E-014
          14           6   3.9431820722111370E-016
          14           7  -4.4889330059199220E-002
          14           8   2.5425319453036593E-002
          14           9   1.3351379443958549E-002
          14          10  -4.7266693145002016E-002
          14          11   2.6771858052527131E-002
          14          12   1.4058475682509260E-002
          14          13  -2.4430214208212044E-002
          14          14   1.3837274565049653E-002
          14          15   7.2662489829222647E-003
          14          16   4.0332165594623660E-016
          14          17   2.3599501924220937E-016
          14          18   6.7131738430833140E-016
          14          19  -2.1664312768323798E-016
          14          20  -1.2584630252951241E-016
          14          21   4.0997023880783390E-016
          14          22   6.8152866520166181E-015
          14          23  -9.7523170561570215E-016
          14          24   5.1272317564530683E-015
          14          25  -6.2831227141572324E-016
          14          26   5.6193699111441095E-016
          14          27   5.8493506853132245E-015
          14          28   2.8432328375516587E-015
          14          29   4.1042489962372383E-016
          14          30   2.7296860363089757E-015
          14          31   9.9436365160614899E-016
          14          32  -1.7465427439849071E-015
          14          33   4.0409085742942045E-015
          14          34  -1.7790391065231927E-004
          14          35   2.6618561738539189E-004
          14          36  -7.2226814475220824E-005
          14          37  -6.7146294967429222E-005
          14          38   1.3977976821478105E-004
          14          39  -1.1391373717243044E-004
          14          40   2.1482337276322422E-005
          14          41   6.3834302745494688E-005
          14          42  -3.6155753991306133E-005
          14          43  -6.5423397681883328E-005
          15           1   8.5068913046067531E-015
          15           2   1.0423735906880124E-014
          15           3   3.6199427960222246E-015
          15           4  -7.9594642681600263E-015
          15           5  -7.0606020672752926E-015
          15           6   2.3833108635686883E-016
          15           7  -2.3572347817002914E-002
          15           8   1.3351379330344151E-002
          15           9   7.0110950569928871E-003
          15          10  -2.4820752047405602E-002
          15          11   1.4058475564000377E-002
          15          12   7.3824064232625658E-003
          15          13  -1.2828828271671779E-002
          15          14   7.2662489829222647E-003
          15          15   3.8156628340076143E-003
          15          16   2.2302775566582701E-016
          15          17   1.4852133103323399E-016
          15          18   3.8929983554663507E-016
          15          19  -1.0084842577903552E-016
          15          20  -7.3399936052297621E-017
          15          21   2.6079847400696951E-016
          15          22   3.7062165161940320E-015
          15          23  -4.3491952078851214E-016
          15          24   2.8999489723596754E-015
          15          25  -2.8940320066563506E-016
          15          26   2.7212496888401052E-016
          15          27   3.3065732162735459E-015
          15          28   1.4515739919903656E-015
          15          29   2.3727761752815540E-016
          15          30   1.4145400374011059E-015
          15          31   5.3358550119972094E-016
          15          32  -9.2361744980183092E-016
          15          33   2.1108195378553569E-015
          15          34  -9.3421150513296148E-005
          15          35   1.3977976389082354E-004
          15          36  -3.7927845888516206E-005
          15          37  -3.5259956375110795E-005
          15          38   7.3401347487110291E-005
          15          39  -5.9818541070271570E-005
          15          40   1.1280835012057934E-005
          15          41   3.3520758384860327E-005
          15          42  -1.8986160130817136E-005
          15          43  -3.4355226141572027E-005
          16           1   1.1560822580433845E-003
          16           2  -1.7379124095918703E-004
          16           3   7.7072719668784574E-003
          16           4   6.8482496351614623E-003
          16           5   1.7086621201936147E-003
          16           6  -2.9050758044726552E-004
          16           7  -1.3617124713337068E-015
          16           8   8.4931356696311827E-016
          16           9   3.6939048166557936E-016
          16          10  -1.4893900566910592E-015
          16          11   8.5273329368851416E-016
          16          12   3.4864738337868912E-016
          16          13  -6.9955900485301416E-016
          16          14   4.0332165594623660E-016
          16          15   2.2302775566582701E-016
          16          16   3.7204043375428154E-004
          16          17  -2.8138097135559841E-004
          16          18   7.9831182630533623E-005
          16          19  -1.4775917131979667E-004
          16          20   8.3690805251770707E-005
          16          21  -2.0130987279496768E-005
          16          22   9.9319308548015709E-004
          16          23  -5.4116446924501612E-004
          16          24   4.3120317416632840E-004
          16          25  -2.8417704718098859E-004
          16          26   1.6095790023058689E-004
          16          27   2.3895145367339106E-004
          16          28   2.7840080303861503E-004
          16          29  -1.3757246815649114E-004
          16          30   1.3553417283325667E-004
          16          31  -7.2242247552042711E-005
          16          32   4.0918013600670798E-005
          16          33   8.6660779051020824E-005
          16          34   1.0945200601951858E-017
          16          35   2.9857255970899860E-017
          16          36   1.2367878176662382E-017
          16          37   2.5963460022968875E-017
          16          38  -7.0177251592372538E-018
          16          39  -2.8836140107297756E-017
          16          40   4.1444768577762901E-017
          16          41   1.7404236271841301E-017
          16          42  -1.8891087977731464E-017
          16          43   3.3113265100562978E-017
          17           1   2.1171098575563786E-005
          17           2   2.2728962436100201E-004
          17           3  -1.0014302831308905E-003
          17           4  -1.2352483472722001E-003
          17           5   4.0727092146218970E-004
          17           6   1.4731609298007794E-004
          17           7  -8.0882753037057138E-016
          17           8   3.6723969834574348E-016
          17           9   2.9050521208216783E-016
          17          10  -8.1734386080426113E-016
          17          11   4.1582934643092945E-016
          17          12   2.9131034025890177E-016
          17          13  -4.7638012250966122E-016
          17          14   2.3599501924220937E-016
          17          15   1.4852133103323399E-016
          17          16  -2.8138097135559841E-004
          17          17   3.0873176526974744E-004
          17          18   3.9231605037941044E-005
          17          19   1.6212165861931107E-004
          17          20  -9.1825718994273728E-005
          17          21   1.4891029804183227E-004
          17          22  -4.7592109979168167E-004
          17          23   5.8818824230303843E-004
          17          24   1.3490218310469574E-004
          17          25   3.0887023735201563E-004
          17          26  -1.7494412548765115E-004
          17          27   3.4385936484634949E-004
          17          28  -1.5516117887138704E-004
          17          29   1.2574465265340529E-004
          17          30  -2.4577529972964960E-005
          17          31   6.6031209193552948E-005
          17          32  -3.7400082270114333E-005
          17          33   2.0093969801546522E-005
          17          34  -6.9797192130286009E-018
          17          35  -3.3594809398056768E-018
          17          36  -7.9239451308013882E-018
          17          37  -1.4574288007693009E-017
          17          38   9.5083165422397476E-018
          17          39   5.6520708982622581E-018
          17          40  -9.0007138016288532E-018
          17          41  -2.0951980236870151E-018
          17          42  -3.1662058586421670E-018
          17          43  -5.6306258076985116E-018
          18           1   1.1780680682831001E-003
          18           2   6.2245066539026294E-005
          18           3   6.6673040619415341E-003
          18           4   5.5654657256551370E-003
          18           5   2.1316059151175251E-003
          18           6  -1.3752237755196184E-004
          18           7  -2.2760170553684607E-015
          18           8   1.2727981634329081E-015
          18           9   6.9318929930835640E-016
          18          10  -2.4164763836464630E-015
          18          11   1.3289076988741925E-015
          18          12   6.7445349265770435E-016
          18          13  -1.2347358203690410E-015
          18          14   6.7131738430833140E-016
          18          15   3.8929983554663507E-016
          18          16   7.9831182630533623E-005
          18          17   3.9231605037941044E-005
          18          18   1.2057252391469876E-004
          18          19   2.0601355539875083E-005
          18          20  -1.1668609158406071E-005
          18          21   1.3450977186576721E-004
          18          22   4.9895729276038837E-004
          18          23   6.9658805111460549E-005
          18          24   5.7129675234838650E-004
          18          25   3.6579330049379079E-005
          18          26  -2.0718535771244129E-005
          18          27   5.9604343606016886E-004
          18          28   1.1726861456304045E-004
          18          29  -6.9888304014934293E-006
          18          30   1.1001083566588573E-004
          18          31  -3.6699836831195771E-006
          18          32   2.0786777552791634E-006
          18          33   1.0752801851203348E-004
          18          34   3.4022170829669235E-018
          18          35   2.6809382821616473E-017
          18          36   4.0193678207832413E-018
          18          37   1.0717099107708897E-017
          18          38   3.0880168672921365E-018
          18          39  -2.3155240672306941E-017
          18          40   3.2133265338038806E-017
          18          41   1.5334139772021551E-017
          18          42  -2.2239023446727382E-017
          18          43   2.7157595681092579E-017
          19           1   1.1117397663726108E-005
          19           2   1.1935464850077078E-004
          19           3  -5.2587248151679620E-004
          19           4  -6.4865535174864772E-004
          19           5   2.1386667781193977E-004
          19           6   7.7358833932274120E-005
          19           7   6.8010353278679167E-016
          19           8  -4.3293385873139576E-016
          19           9  -1.7605959145677587E-016
          19          10   7.3414414434004003E-016
