           1           1  0.93836668388084465     
           1           2  0.72274710909615281     
           1           3 -0.62557376317837210     
           1           4 -0.61542268608860939     
           1           5  0.13695929715664112     
           1           6   3.4913044079465467E-015
           1           7   8.2527333299131104E-016
           1           8  -1.0333235272785842E-015
           1           9   1.0100174192734018E-014
           1          10   3.5895529143135604E-016
           1          11  -1.3973036306833687E-015
           1          12   1.9174124777341746E-015
           1          13   3.8974086710849455E-015
           1          14  -2.8064181973066682E-015
           1          15  -2.3425107552348850E-015
           1          16  -2.9641231625476775E-015
           1          17   1.8085750580867603E-015
           1          18  0.27227775215410571     
           1          19   8.3976180272041852E-016
           1          20  0.27227775215410893     
           1          21   1.4489704190500047E-016
           1          22   9.8575086518712514E-017
           1          23  0.27227775215410421     
           2           1  0.72274710909615281     
           2           2  0.55860991357045686     
           2           3 -0.54506241628025709     
           2           4 -0.52701003625658793     
           2           5  0.11720476800956349     
           2           6   2.8840311695495433E-015
           2           7   6.2513479638555232E-016
           2           8  -8.1161411804424642E-016
           2           9   8.9192669874447904E-015
           2          10   2.5691847437102436E-017
           2          11  -1.4062719952464539E-015
           2          12   1.7689178079363771E-015
           2          13   3.0867711905513278E-015
           2          14  -2.3641899339969490E-015
           2          15  -1.9390240234385529E-015
           2          16  -2.3644933957638438E-015
           2          17   1.4072871076921945E-015
           2          18  0.23383448480625674     
           2          19   6.9353116768625059E-016
           2          20  0.23383448480625918     
           2          21   2.3954865570917734E-016
           2          22   5.3911149223305388E-017
           2          23  0.23383448480625524     
           3           1 -0.62557376317837210     
           3           2 -0.54506241628025709     
           3           3   2.4814254069582211     
           3           4   2.1405580996751259     
           3           5 -0.47380049287142101     
           3           6  -8.6924640104025038E-015
           3           7  -2.0720149448234807E-016
           3           8   1.2023932731865677E-015
           3           9  -4.3948211698578430E-014
           3          10   7.9478801757678717E-015
           3          11   1.1706322035269727E-014
           3          12  -1.0814071703896906E-014
           3          13  -5.3704764174764595E-015
           3          14   8.4862950682161630E-015
           3          15   5.9617591726853025E-015
           3          16   4.6358454055105758E-015
           3          17  -1.6722178297654710E-015
           3          18 -0.96899261878311438     
           3          19  -2.0854568955874741E-015
           3          20 -0.96899261878311704     
           3          21  -4.2736099485753121E-015
           3          22   6.5293916649839245E-016
           3          23 -0.96899261878310450     
           4           1 -0.61542268608860939     
           4           2 -0.52701003625658793     
           4           3   2.1405580996751259     
           4           4   1.8538714861912846     
           4           5 -0.41041575728269863     
           4           6  -7.6245906754102055E-015
           4           7  -2.5378141482386013E-016
           4           8   1.1081074259611436E-015
           4           9  -3.7816089842557538E-014
           4          10   6.6267462267476288E-015
           4          11   9.9474092755043091E-015
           4          12  -9.2500507421865461E-015
           4          13  -4.8796575901277353E-015
           4          14   7.3853027993855931E-015
           4          15   5.2243050067833542E-015
           4          16   4.1733207826623839E-015
           4          17  -1.5771530023529511E-015
           4          18 -0.83860183163907753     
           4          19  -1.8294656287321523E-015
           4          20 -0.83860183163908020     
           4          21  -3.5960329838832045E-015
           4          22   5.3769802542223810E-016
           4          23 -0.83860183163906921     
           5           1  0.13695929715664112     
           5           2  0.11720476800956349     
           5           3 -0.47380049287142101     
           5           4 -0.41041575728269863     
           5           5   9.0859796191734093E-002
           5           6   1.6888907093919594E-015
           5           7   5.6904822852192034E-017
           5           8  -2.4596452779260269E-016
           5           9   8.3694517772609984E-015
           5          10  -1.4645565937937227E-015
           5          11  -2.2003322132687820E-015
           5          12   2.0466810652269030E-015
           5          13   1.0824923555302259E-015
           5          14  -1.6353265897431922E-015
           5          15  -1.1571652020095304E-015
           5          16  -9.2544056341748527E-016
           5          17   3.5040684208537647E-016
           5          18  0.18564629417365294     
           5          19   4.0523915982262577E-016
           5          20  0.18564629417365353     
           5          21   7.9507900149638727E-016
           5          22  -1.1876731185361671E-016
           5          23  0.18564629417365108     
           6           1   3.4913044079465467E-015
           6           2   2.8840311695495433E-015
           6           3  -8.6924640104025038E-015
           6           4  -7.6245906754102055E-015
           6           5   1.6888907093919594E-015
           6           6   3.2614356092064993E-029
           6           7   2.0130516886588886E-030
           6           8  -5.4278854849360041E-030
           6           9   1.5232047807318933E-028
           6          10  -2.3907381252328051E-029
           6          11  -3.8419932351590895E-029
           6          12   3.6534983394498440E-029
           6          13   2.3048148160333252E-029
           6          14  -3.0838253468647587E-029
           6          15  -2.2282068674641734E-029
           6          16  -1.9229056734242584E-029
           6          17   8.1673691609359485E-030
           6          18   3.4410043695475296E-015
           6          19   7.8282593716193341E-030
           6          20   3.4410043695475438E-015
           6          21   1.3417772131190601E-029
           6          22  -1.8490155345763703E-030
           6          23   3.4410043695474969E-015
           7           1   8.2527333299131104E-016
           7           2   6.2513479638555232E-016
           7           3  -2.0720149448234807E-016
           7           4  -2.5378141482386013E-016
           7           5   5.6904822852192034E-017
           7           6   2.0130516886588886E-030
           7           7   7.8279260265329226E-031
           7           8  -8.2347007821520104E-031
           7           9   2.6999953922680259E-030
           7          10   1.6759169606362487E-030
           7          11   5.6123212128742394E-031
           7          12   1.0203855217567555E-031
           7          13   2.9671087148710487E-030
           7          14  -1.3691042296633872E-030
           7          15  -1.3291533065367482E-030
           7          16  -2.1649857944464354E-030
           7          17   1.5130968235244866E-030
           7          18   1.0863080199318231E-016
           7          19   4.8508512781538920E-031
           7          20   1.0863080199318500E-016
           7          21  -5.6653760630624525E-031
           7          22   2.0609253303548353E-031
           7          23   1.0863080199318244E-016
           8           1  -1.0333235272785842E-015
           8           2  -8.1161411804424642E-016
           8           3   1.2023932731865677E-015
           8           4   1.1081074259611436E-015
           8           5  -2.4596452779260269E-016
           8           6  -5.4278854849360041E-030
           8           7  -8.2347007821520104E-031
           8           8   1.2656266279257366E-030
           8           9  -2.0379451406873739E-029
           8          10   1.6412866019389201E-030
           8          11   4.2189373443356786E-030
           8          12  -4.4834791971271848E-030
           8          13  -4.9813934430721350E-030
           8          14   4.7359849118434971E-030
           8          15   3.6740842742049177E-030
           8          16   3.9256946009546002E-030
           8          17  -2.1076358834255590E-030
           8          18  -4.9571545572790279E-016
           8          19  -1.3042390613844861E-030
           8          20  -4.9571545572790644E-016
           8          21  -1.1985938123511055E-030
           8          22   7.0215661389587220E-032
           8          23  -4.9571545572789885E-016
           9           1   1.0100174192734018E-014
           9           2   8.9192669874447904E-015
           9           3  -4.3948211698578430E-014
           9           4  -3.7816089842557538E-014
           9           5   8.3694517772609984E-015
           9           6   1.5232047807318933E-028
           9           7   2.6999953922680259E-030
           9           8  -2.0379451406873739E-029
           9           9   7.7958966823675888E-028
           9          10  -1.4372767198121774E-028
           9          11  -2.0927844234726537E-028
           9          12   1.9254129683294376E-028
           9          13   9.1925179591832125E-029
           9          14  -1.4946299027955653E-028
           9          15  -1.0453482095798566E-028
           9          16  -7.9852643336122379E-029
           9          17   2.7876533181540342E-029
           9          18   1.7126591409171417E-014
           9          19   3.6541355286867477E-029
           9          20   1.7126591409171464E-014
           9          21   7.6859113846729492E-029
           9          22  -1.1894268349786156E-029
           9          23   1.7126591409171240E-014
          10           1   3.5895529143135604E-016
          10           2   2.5691847437102436E-017
          10           3   7.9478801757678717E-015
          10           4   6.6267462267476288E-015
          10           5  -1.4645565937937227E-015
          10           6  -2.3907381252328051E-029
          10           7   1.6759169606362487E-030
          10           8   1.6412866019389201E-030
          10           9  -1.4372767198121774E-028
          10          10   3.2607102811953757E-029
          10          11   4.2197558000568149E-029
          10          12  -3.7084862758246786E-029
          10          13  -9.5035494989409626E-030
          10          14   2.5162516068949076E-029
          10          15   1.6554384721165139E-029
          10          16   9.4146133654061629E-030
          10          17  -1.1583037061730915E-030
          10          18  -3.0189168624423661E-015
          10          19  -5.7292634886955171E-030
          10          20  -3.0189168624423681E-015
          10          21  -1.6510311374648088E-029
          10          22   2.8878453675563317E-030
          10          23  -3.0189168624423318E-015
          11           1  -1.3973036306833687E-015
          11           2  -1.4062719952464539E-015
          11           3   1.1706322035269727E-014
          11           4   9.9474092755043091E-015
          11           5  -2.2003322132687820E-015
          11           6  -3.8419932351590895E-029
          11           7   5.6123212128742394E-031
          11           8   4.2189373443356786E-030
          11           9  -2.0927844234726537E-028
          11          10   4.2197558000568149E-029
          11          11   5.8318507439573807E-029
          11          12  -5.2626237186246943E-029
          11          13  -2.0272848042078470E-029
          11          14   3.8707114842644225E-029
          11          15   2.6453987572231583E-029
          11          16   1.8296218415374334E-029
          11          17  -5.1280044044820677E-030
          11          18  -4.5155817129520567E-015
          11          19  -9.2132703925516810E-030
          11          20  -4.5155817129520654E-015
          11          21  -2.2017207936212094E-029
          11          22   3.6041546880576531E-030
          11          23  -4.5155817129520086E-015
          12           1   1.9174124777341746E-015
          12           2   1.7689178079363771E-015
          12           3  -1.0814071703896906E-014
          12           4  -9.2500507421865461E-015
          12           5   2.0466810652269030E-015
          12           6   3.6534983394498440E-029
          12           7   1.0203855217567555E-031
          12           8  -4.4834791971271848E-030
          12           9   1.9254129683294376E-028
          12          10  -3.7084862758246786E-029
          12          11  -5.2626237186246943E-029
          12          12   4.7965856305521437E-029
          12          13   2.0769250350886278E-029
          12          14  -3.6292258730305787E-029
          12          15  -2.5111547359346453E-029
          12          16  -1.8342814636244538E-029
          12          17   5.8504572879542298E-030
          12          18   4.1938747132413967E-015
          12          19   8.7630878636221256E-030
          12          20   4.1938747132414062E-015
          12          21   1.9590584169220456E-029
          12          22  -3.1181988402790538E-030
          12          23   4.1938747132413525E-015
          13           1   3.8974086710849455E-015
          13           2   3.0867711905513278E-015
          13           3  -5.3704764174764595E-015
          13           4  -4.8796575901277353E-015
          13           5   1.0824923555302259E-015
          13           6   2.3048148160333252E-029
          13           7   2.9671087148710487E-030
          13           8  -4.9813934430721350E-030
          13           9   9.1925179591832125E-029
          13          10  -9.5035494989409626E-030
          13          11  -2.0272848042078470E-029
          13          12   2.0769250350886278E-029
          13          13   1.9910252420459910E-029
          13          14  -2.0539827819410296E-029
          13          15  -1.5638191549706381E-029
          13          16  -1.5882947765518231E-029
          13          17   8.1381960267623653E-030
          13          18   2.1883650815764389E-015
          13          19   5.5365927358586450E-030
          13          20   2.1883650815764527E-015
          13          21   6.2110566779616254E-030
          13          22  -5.5564928221959065E-031
          13          23   2.1883650815764204E-015
          14           1  -2.8064181973066682E-015
          14           2  -2.3641899339969490E-015
          14           3   8.4862950682161630E-015
          14           4   7.3853027993855931E-015
          14           5  -1.6353265897431922E-015
          14           6  -3.0838253468647587E-029
          14           7  -1.3691042296633872E-030
          14           8   4.7359849118434971E-030
          14           9  -1.4946299027955653E-028
          14          10   2.5162516068949076E-029
          14          11   3.8707114842644225E-029
          14          12  -3.6292258730305787E-029
          14          13  -2.0539827819410296E-029
          14          14   2.9592406122831353E-029
          14          15   2.1106091435515252E-029
          14          16   1.7388273932522423E-029
          14          17  -6.9039332169392432E-030
          14          18  -3.3378013326444011E-015
          14          19  -7.4004067965920072E-030
          14          20  -3.3378013326444129E-015
          14          21  -1.3818707424553850E-029
          14          22   2.0081388948000201E-030
          14          23  -3.3378013326443679E-015
          15           1  -2.3425107552348850E-015
          15           2  -1.9390240234385529E-015
          15           3   5.9617591726853025E-015
          15           4   5.2243050067833542E-015
          15           5  -1.1571652020095304E-015
          15           6  -2.2282068674641734E-029
          15           7  -1.3291533065367482E-030
          15           8   3.6740842742049177E-030
          15           9  -1.0453482095798566E-028
          15          10   1.6554384721165139E-029
          15          11   2.6453987572231583E-029
          15          12  -2.5111547359346453E-029
          15          13  -1.5638191549706381E-029
          15          14   2.1106091435515252E-029
          15          15   1.5226304276706381E-029
          15          16   1.3068696447243783E-029
          15          17  -5.5092078274433743E-030
          15          18  -2.3581607446942201E-015
          15          19  -5.3481191901565243E-030
          15          20  -2.3581607446942295E-015
          15          21  -9.2647593689277611E-030
          15          22   1.2856895535500248E-030
          15          23  -2.3581607446941976E-015
          16           1  -2.9641231625476775E-015
          16           2  -2.3644933957638438E-015
          16           3   4.6358454055105758E-015
          16           4   4.1733207826623839E-015
          16           5  -9.2544056341748527E-016
          16           6  -1.9229056734242584E-029
          16           7  -2.1649857944464354E-030
          16           8   3.9256946009546002E-030
          16           9  -7.9852643336122379E-029
          16          10   9.4146133654061629E-030
          16          11   1.8296218415374334E-029
          16          12  -1.8342814636244538E-029
          16          13  -1.5882947765518231E-029
          16          14   1.7388273932522423E-029
          16          15   1.3068696447243783E-029
          16          16   1.2789999708225312E-029
          16          17  -6.3140039705509424E-030
          16          18  -1.8746686904188461E-015
          16          19  -4.6182791976998959E-030
          16          20  -1.8746686904188571E-015
          16          21  -5.8394265003329619E-030
          16          22   6.1454614071222348E-031
          16          23  -1.8746686904188299E-015
          17           1   1.8085750580867603E-015
          17           2   1.4072871076921945E-015
          17           3  -1.6722178297654710E-015
          17           4  -1.5771530023529511E-015
          17           5   3.5040684208537647E-016
          17           6   8.1673691609359485E-030
          17           7   1.5130968235244866E-030
          17           8  -2.1076358834255590E-030
          17           9   2.7876533181540342E-029
          17          10  -1.1583037061730915E-030
          17          11  -5.1280044044820677E-030
          17          12   5.8504572879542298E-030
          17          13   8.1381960267623653E-030
          17          14  -6.9039332169392432E-030
          17          15  -5.5092078274433743E-030
          17          16  -6.3140039705509424E-030
          17          17   3.5912059778819735E-030
          17          18   7.0273246633307941E-016
          17          19   1.9632873114621281E-030
          17          20   7.0273246633308572E-016
          17          21   1.2231918605070560E-030
          17          22   2.7588217344227855E-032
          17          23   7.0273246633307438E-016
          18           1  0.27227775215410571     
          18           2  0.23383448480625674     
          18           3 -0.96899261878311438     
          18           4 -0.83860183163907753     
          18           5  0.18564629417365294     
          18           6   3.4410043695475296E-015
          18           7   1.0863080199318231E-016
          18           8  -4.9571545572790279E-016
          18           9   1.7126591409171417E-014
          18          10  -3.0189168624423661E-015
          18          11  -4.5155817129520567E-015
          18          12   4.1938747132413967E-015
          18          13   2.1883650815764389E-015
          18          14  -3.3378013326444011E-015
          18          15  -2.3581607446942201E-015
          18          16  -1.8746686904188461E-015
          18          17   7.0273246633307941E-016
          18          18  0.37939377675023461     
          18          19   8.2562717071469199E-016
          18          20  0.37939377675023578     
          18          21   1.6354012728411897E-015
          18          22  -2.4553469534384486E-016
          18          23  0.37939377675023078     
          19           1   8.3976180272041852E-016
          19           2   6.9353116768625059E-016
          19           3  -2.0854568955874741E-015
          19           4  -1.8294656287321523E-015
          19           5   4.0523915982262577E-016
          19           6   7.8282593716193341E-030
          19           7   4.8508512781538920E-031
          19           8  -1.3042390613844861E-030
          19           9   3.6541355286867477E-029
          19          10  -5.7292634886955171E-030
          19          11  -9.2132703925516810E-030
          19          12   8.7630878636221256E-030
          19          13   5.5365927358586450E-030
          19          14  -7.4004067965920072E-030
          19          15  -5.3481191901565243E-030
          19          16  -4.6182791976998959E-030
          19          17   1.9632873114621281E-030
          19          18   8.2562717071469199E-016
          19          19   1.8789831039514512E-030
          19          20   8.2562717071469534E-016
          19          21   3.2165708952575577E-030
          19          22  -4.4288477806090971E-031
          19          23   8.2562717071468400E-016
          20           1  0.27227775215410893     
          20           2  0.23383448480625918     
          20           3 -0.96899261878311704     
          20           4 -0.83860183163908020     
          20           5  0.18564629417365353     
          20           6   3.4410043695475438E-015
          20           7   1.0863080199318500E-016
          20           8  -4.9571545572790644E-016
          20           9   1.7126591409171464E-014
          20          10  -3.0189168624423681E-015
          20          11  -4.5155817129520654E-015
          20          12   4.1938747132414062E-015
          20          13   2.1883650815764527E-015
          20          14  -3.3378013326444129E-015
          20          15  -2.3581607446942295E-015
          20          16  -1.8746686904188571E-015
          20          17   7.0273246633308572E-016
          20          18  0.37939377675023578     
          20          19   8.2562717071469534E-016
          20          20  0.37939377675023694     
          20          21   1.6354012728411915E-015
          20          22  -2.4553469534384471E-016
          20          23  0.37939377675023195     
          21           1   1.4489704190500047E-016
          21           2   2.3954865570917734E-016
          21           3  -4.2736099485753121E-015
          21           4  -3.5960329838832045E-015
          21           5   7.9507900149638727E-016
          21           6   1.3417772131190601E-029
          21           7  -5.6653760630624525E-031
          21           8  -1.1985938123511055E-030
          21           9   7.6859113846729492E-029
          21          10  -1.6510311374648088E-029
          21          11  -2.2017207936212094E-029
          21          12   1.9590584169220456E-029
          21          13   6.2110566779616254E-030
          21          14  -1.3818707424553850E-029
          21          15  -9.2647593689277611E-030
          21          16  -5.8394265003329619E-030
          21          17   1.2231918605070560E-030
          21          18   1.6354012728411897E-015
          21          19   3.2165708952575577E-030
          21          20   1.6354012728411915E-015
          21          21   8.4740366031319882E-030
          21          22  -1.4388880738455295E-030
          21          23   1.6354012728411716E-015
          22           1   9.8575086518712514E-017
          22           2   5.3911149223305388E-017
          22           3   6.5293916649839245E-016
          22           4   5.3769802542223810E-016
          22           5  -1.1876731185361671E-016
          22           6  -1.8490155345763703E-030
          22           7   2.0609253303548353E-031
          22           8   7.0215661389587220E-032
          22           9  -1.1894268349786156E-029
          22          10   2.8878453675563317E-030
          22          11   3.6041546880576531E-030
          22          12  -3.1181988402790538E-030
          22          13  -5.5564928221959065E-031
          22          14   2.0081388948000201E-030
          22          15   1.2856895535500248E-030
          22          16   6.1454614071222348E-031
          22          17   2.7588217344227855E-032
          22          18  -2.4553469534384486E-016
          22          19  -4.4288477806090971E-031
          22          20  -2.4553469534384471E-016
          22          21  -1.4388880738455295E-030
          22          22   2.6053496993273589E-031
          22          23  -2.4553469534384190E-016
          23           1  0.27227775215410421     
          23           2  0.23383448480625524     
          23           3 -0.96899261878310450     
          23           4 -0.83860183163906921     
          23           5  0.18564629417365108     
          23           6   3.4410043695474969E-015
          23           7   1.0863080199318244E-016
          23           8  -4.9571545572789885E-016
          23           9   1.7126591409171240E-014
          23          10  -3.0189168624423318E-015
          23          11  -4.5155817129520086E-015
          23          12   4.1938747132413525E-015
          23          13   2.1883650815764204E-015
          23          14  -3.3378013326443679E-015
          23          15  -2.3581607446941976E-015
          23          16  -1.8746686904188299E-015
          23          17   7.0273246633307438E-016
          23          18  0.37939377675023078     
          23          19   8.2562717071468400E-016
          23          20  0.37939377675023195     
          23          21   1.6354012728411716E-015
          23          22  -2.4553469534384190E-016
          23          23  0.37939377675022695     
