           1           1   2.2388310130599685     
           1           2 -0.80327587014430391     
           1           3  0.15091201175306865     
           1           4  0.15701836132258473     
           1           5   2.5904720742071764E-002
           1           6  -8.4952416102185499E-002
           1           7  0.10640497546185529     
           1           8  -1.5702718121867331E-011
           1           9   7.5610925607539676E-011
           1          10   4.0350829011035082E-011
           1          11   1.6852334366386926E-010
           1          12  -1.5142142604345476E-010
           1          13  -9.8268101945422445E-011
           1          14  -1.5752306369852906E-010
           1          15   3.0665167343429407E-011
           1          16   7.2017653209645756E-011
           1          17  -1.4798562359611992E-010
           1          18   2.1554616752823807E-010
           1          19   1.1413062278313270E-010
           1          20  -1.3873839694349592E-010
           1          21   9.0120603440153028E-011
           1          22   5.1981427974764931E-011
           1          23  -1.1052730842822476E-011
           1          24   2.8112527038299364E-012
           1          25   6.8724438053534515E-012
           1          26  -6.4671297853119607E-003
           1          27  -5.0500180942030284E-006
           1          28  -6.4797833784592338E-003
           1          29   3.4638223498596952E-005
           1          30   1.1102502825272247E-004
           1          31  -7.1252653235782011E-003
           1          32  -1.6794898022066122E-002
           1          33   3.6861170215827392E-006
           1          34  -1.6785661886631394E-002
           1          35  -2.5283203132611516E-005
           1          36  -8.1039628915293495E-005
           1          37  -1.6314510212372985E-002
           1          38  -1.1471248601520993E-002
           1          39  -4.4987948047853700E-006
           1          40  -1.1482521530043421E-002
           1          41   3.0857585310739539E-005
           1          42   9.8910733052161792E-005
           1          43  -1.2057576501480175E-002
           1          44  -9.8055591466822325E-003
           1          45   5.9634562894509831E-006
           1          46  -9.7906167002626814E-003
           1          47  -4.0903459524477644E-005
           1          48  -1.3110737599871395E-004
           1          49  -9.0283812695280390E-003
           1          50  -3.0021367565600060E-002
           1          51   1.7557223439786850E-006
           1          52  -3.0016968102268081E-002
           1          53  -1.2042744710501979E-005
           1          54  -3.8601345670128553E-005
           1          55  -2.9792545650852285E-002
           1          56  -1.2562138973272774E-011
           1          57  -9.3148568442042657E-012
           1          58   1.1135907130320993E-011
           1          59  -1.1446620131146433E-011
           1          60  -2.6759909528850179E-011
           1          61  -9.7596771175588082E-012
           1          62  -1.3806834526522532E-011
           1          63  -1.5247144465146078E-011
           1          64  -7.4899388614268911E-012
           1          65  -2.4079975514410686E-011
           2           1 -0.80327587014430391     
           2           2   2.6982425302965147     
           2           3 -0.59649289335650679     
           2           4 -0.53048107257618971     
           2           5 -0.10110314337849724     
           2           6  0.23740361720234393     
           2           7 -0.30696219639268379     
           2           8   2.4045972211136462E-010
           2           9  -3.4095197837304619E-010
           2          10  -1.0637255492061523E-010
           2          11  -1.1173732375307352E-009
           2          12   6.8186672728003675E-010
           2          13   2.5023654428714963E-010
           2          14   9.5182712949682629E-010
           2          15   1.5380264680644714E-010
           2          16  -1.7600419406871882E-010
           2          17   1.2614108140269824E-009
           2          18  -2.7035415883672900E-010
           2          19  -2.7082038777985125E-010
           2          20   8.5947507055463409E-010
           2          21  -6.6482374955409737E-011
           2          22  -1.0479219739185747E-010
           2          23   4.9118603684744630E-011
           2          24  -2.6372086060837981E-012
           2          25  -2.0930150143733374E-011
           2          26  -6.6230787352671472E-004
           2          27   8.1307785785278296E-006
           2          28  -6.4193528720401898E-004
           2          29  -5.5769137926431236E-005
           2          30  -1.7875287596448754E-004
           2          31   3.9730200440933703E-004
           2          32   5.0912800944479808E-002
           2          33  -1.5587079454610275E-005
           2          34   5.0873744913271957E-002
           2          35   1.0691239122698505E-004
           2          36   3.4268511623016348E-004
           2          37   4.8881425663367228E-002
           2          38   4.5633403716790283E-002
           2          39   1.6618145413119652E-005
           2          40   4.5675044752197518E-002
           2          41  -1.1398505297472307E-004
           2          42  -3.6536597176839609E-004
           2          43   4.7799236536649012E-002
           2          44   3.2890721877949586E-002
           2          45  -1.9154777755399167E-005
           2          46   3.2842726343765727E-002
           2          47   1.3138299018877110E-004
           2          48   4.2112041132206493E-004
           2          49   3.0394405366590618E-002
           2          50   8.6810098849684963E-002
           2          51  -5.3061628452228899E-006
           2          52   8.6796802729397105E-002
           2          53   3.6395730615587906E-005
           2          54   1.1666150549574699E-004
           2          55   8.6118550200382296E-002
           2          56   3.2964887187925863E-011
           2          57   2.6587796821796962E-011
           2          58  -3.8796780069572081E-011
           2          59   3.3256452306110313E-011
           2          60   8.8549801104884630E-011
           2          61   2.7512159841035147E-011
           2          62   4.5135762942224564E-011
           2          63   5.7959242382229467E-011
           2          64   3.5458259814084123E-011
           2          65   9.4231651790367531E-011
           3           1  0.15091201175306865     
           3           2 -0.59649289335650679     
           3           3  0.88324965471726913     
           3           4  0.66653019501751487     
           3           5   1.1863070606241047E-002
           3           6 -0.52596368310674491     
           3           7  0.52427302751422389     
           3           8   1.2551318897517844E-010
           3           9  -3.9045519498496869E-011
           3          10   1.6749347359555558E-010
           3          11  -5.1641405850503583E-010
           3          12  -2.0864415668100447E-010
           3          13  -6.7967096896782694E-010
           3          14   2.7197710906625317E-010
           3          15   9.2837238936251100E-010
           3          16   6.2849945259413206E-010
           3          17   1.3698678871670783E-009
           3          18   2.6753050165929602E-009
           3          19   9.8853369517107017E-010
           3          20   3.2630302557349407E-010
           3          21   1.2671492093479380E-009
           3          22   5.5799312046791994E-010
           3          23  -3.1812859876017040E-011
           3          24   4.0308513978345416E-011
           3          25   4.8104820366383359E-011
           3          26   1.3224680752328436E-002
           3          27  -4.9496167776358455E-005
           3          28   1.3100659499077422E-002
           3          29   3.3949608328993967E-004
           3          30   1.0881857114492352E-003
           3          31   6.7741118223541771E-003
           3          32  -7.0401002837887278E-002
           3          33   1.2889657608933196E-005
           3          34  -7.0368705989917485E-002
           3          35  -8.8410527730641090E-005
           3          36  -2.8337846064659746E-004
           3          37  -6.8721192058993449E-002
           3          38  -6.5285412089442163E-002
           3          39  -2.2018477429855190E-005
           3          40  -6.5340586257699729E-002
           3          41   1.5102701873085560E-004
           3          42   4.8410819353750462E-004
           3          43  -6.8155139757622232E-002
           3          44  -4.5100270181026941E-002
           3          45   4.0362185138233639E-005
           3          46  -4.4999135814658336E-002
           3          47  -2.7684500436311849E-004
           3          48  -8.8736855514687891E-004
           3          49  -3.9840130662868463E-002
           3          50 -0.14965445121272580     
           3          51   1.3382388157768634E-005
           3          52 -0.14962091792947566     
           3          53  -9.1791571967733175E-005
           3          54  -2.9422465926005431E-004
           3          55 -0.14791033983434759     
           3          56  -9.1000293113662814E-011
           3          57  -6.8165118113289553E-011
           3          58   7.5906499657387989E-011
           3          59  -7.7402038977229870E-011
           3          60  -1.5133030931501617E-010
           3          61  -7.3816982240128838E-011
           3          62  -6.1961603840586922E-011
           3          63  -9.4243134912963186E-011
           3          64  -3.6557132100416146E-011
           3          65  -7.3148211228538043E-011
           4           1  0.15701836132258473     
           4           2 -0.53048107257618971     
           4           3  0.66653019501751487     
           4           4  0.50653229808893463     
           4           5   4.3499948612848120E-003
           4           6 -0.41820564625197865     
           4           7  0.41570160656603561     
           4           8  -3.7821115176208979E-009
           4           9   6.9086222770573479E-010
           4          10  -1.3843414303554555E-010
           4          11   1.1852534743449989E-008
           4          12  -1.2030169481134150E-009
           4          13   2.7041306617574088E-010
           4          14  -1.0755942481246211E-008
           4          15  -3.5289452230994033E-009
           4          16  -6.4394964490768882E-010
           4          17  -1.8151935761632166E-008
           4          18  -5.0571779866238483E-009
           4          19  -1.2008839732486983E-009
           4          20  -9.9273016821235768E-009
           4          21  -2.7455321139845342E-009
           4          22  -5.9056359370051856E-010
           4          23  -3.6934162696278264E-010
           4          24  -8.3055930102287679E-011
           4          25   6.1039800716244711E-012
           4          26   7.3092644526860373E-003
           4          27   9.6223776068246051E-006
           4          28   7.3333758460535584E-003
           4          29  -6.5999992891713417E-005
           4          30  -2.1155841813385353E-004
           4          31   8.5633594756387155E-003
           4          32  -5.6094585630702867E-002
           4          33   1.9170698113892396E-005
           4          34  -5.6046550330037095E-002
           4          35  -1.3149239260884014E-004
           4          36  -4.2147074098996667E-004
           4          37  -5.3596184785517142E-002
           4          38  -5.0997028051191565E-002
           4          39  -1.8897086774698428E-005
           4          40  -5.1044380390043567E-002
           4          41   1.2961694830852241E-004
           4          42   4.1547806779304022E-004
           4          43  -5.3459923807741824E-002
           4          44  -3.5665602343277633E-002
           4          45   3.1298882742628835E-005
           4          46  -3.5587177687950534E-002
           4          47  -2.1467961162494926E-004
           4          48  -6.8811009593648794E-004
           4          49  -3.1586626378078769E-002
           4          50 -0.11866371837753897     
           4          51   1.0462444197421303E-005
           4          52 -0.11863750182187321     
           4          53  -7.1763294184086282E-005
           4          54  -2.3002693149439188E-004
           4          55 -0.11730015973850867     
           4          56   1.7578484435705907E-010
           4          57   1.5540975980594446E-012
           4          58   1.5749159627736747E-010
           4          59   5.8567914683173957E-011
           4          60  -6.8837794631000343E-011
           4          61   2.0227093788079294E-011
           4          62   3.1881807309029365E-011
           4          63  -3.5433517950246029E-010
           4          64  -1.9856254272277826E-010
           4          65  -1.4792413067419644E-010
           5           1   2.5904720742071764E-002
           5           2 -0.10110314337849724     
           5           3   1.1863070606241047E-002
           5           4   4.3499948612848120E-003
           5           5  0.12086680874911220     
           5           6  0.37320733793900873     
           5           7 -0.31494827052846003     
           5           8   3.6441809067155254E-009
           5           9  -1.3018517170058994E-009
           5          10  -1.6279650272730567E-010
           5          11  -1.2008334742551074E-008
           5          12   3.3685257121674285E-009
           5          13   3.2057078685421674E-010
           5          14   1.1267978728909321E-008
           5          15   6.3301685646142631E-010
           5          16   3.1028489620126832E-010
           5          17   1.9099837312389966E-008
           5          18   1.2729663434891484E-010
           5          19   6.0036660273070293E-010
           5          20   1.0528093196277466E-008
           5          21   1.4062767960504552E-010
           5          22   2.0896966050756897E-010
           5          23   4.1450214080142767E-010
           5          24   5.2821764692261182E-012
           5          25  -7.3339367496034460E-012
           5          26   3.3044462994929213E-003
           5          27   1.7973474512607147E-005
           5          28   3.3494814530266649E-003
           5          29  -1.2328115610686999E-004
           5          30  -3.9514703709282229E-004
           5          31   5.6467992246528650E-003
           5          32   3.4991667591164163E-002
           5          33   7.2359453711118443E-007
           5          34   3.4993481464014209E-002
           5          35  -4.9636067735670480E-006
           5          36  -1.5915290174090722E-005
           5          37   3.5086017144485088E-002
           5          38   2.5034663265610938E-002
           5          39   4.9608454974852230E-006
           5          40   2.5047095287937655E-002
           5          41  -3.4027684620041652E-005
           5          42  -1.0908137834610967E-004
           5          43   2.5681293147836091E-002
           5          44   2.2689389634456446E-002
           5          45  -2.6232774951069836E-005
           5          46   2.2623659033539276E-002
           5          47   1.7993104134034926E-004
           5          48   5.7673031800360057E-004
           5          49   1.9270651837751084E-002
           5          50   9.0611195927543742E-002
           5          51  -1.0663976843210920E-005
           5          52   9.0584474442843343E-002
           5          53   7.3145541261661283E-005
           5          54   2.3445736299209294E-004
           5          55   8.9221374441611281E-002
           5          56  -1.2091082197712951E-010
           5          57   3.0295483134054575E-011
           5          58  -1.2414892366596449E-010
           5          59   2.1218107135906581E-012
           5          60   4.8739516875069707E-011
           5          61   2.2676407759401985E-011
           5          62  -1.3200396564273494E-011
           5          63   1.5881526021226507E-010
           5          64   5.7898362778610622E-011
           5          65  -8.0875819552303305E-012
           6           1  -8.4952416102185499E-002
           6           2  0.23740361720234393     
           6           3 -0.52596368310674491     
           6           4 -0.41820564625197865     
           6           5  0.37320733793900873     
           6           6   1.5251984321269698     
           6           7  -1.3426327298343887     
           6           8   1.9689722459883982E-008
           6           9  -1.7638089534225487E-009
           6          10   2.6367069044645394E-010
           6          11  -6.3605836675035014E-008
           6          12  -4.5137838387274420E-010
           6          13  -1.7367950639596904E-009
           6          14   5.9557774513697422E-008
           6          15   2.5795189917447985E-008
           6          16   5.2835873492051029E-009
           6          17   1.0192020790180821E-007
           6          18   4.0687859620689602E-008
           6          19   9.4360483397055030E-009
           6          20   5.4715905504590230E-008
           6          21   2.1569332574051479E-008
           6          22   4.5366304475619058E-009
           6          23   1.8980246045927014E-009
           6          24   6.6086099739354690E-010
           6          25   6.8525591345924828E-011
           6          26   5.1084590968763248E-003
           6          27   3.6735530430332761E-005
           6          28   5.2005035379675997E-003
           6          29  -2.5197222489108106E-004
           6          30  -8.0761626200574104E-004
           6          31   9.8958237282569320E-003
           6          32  0.15805033162976306     
           6          33  -1.6455177430389795E-005
           6          34  0.15800910286550013     
           6          35   1.1286509590339307E-004
           6          36   3.6174862840173300E-004
           6          37  0.15590597251588606     
           6          38  0.12216258909504549     
           6          39   3.1216791203902207E-005
           6          40  0.12224081573879882     
           6          41  -2.1412141761081448E-004
           6          42  -6.8637656578181359E-004
           6          43  0.12623136732220680     
           6          44  0.10186307772355463     
           6          45  -1.0946599098714848E-004
           6          46  0.10158879229888468     
           6          47   7.5082911664178776E-004
           6          48   2.4066223378112804E-003
           6          49   8.7597117259071072E-002
           6          50  0.38545665777452298     
           6          51  -4.2304984250667853E-005
           6          52  0.38535065110571476     
           6          53   2.9017522401784723E-004
           6          54   9.3011450231905940E-004
           6          55  0.37994310470982379     
           6          56  -1.4534321430538222E-009
           6          57  -1.8500423064138825E-010
           6          58  -8.8059016520494565E-010
           6          59  -6.7390346541935839E-010
           6          60  -4.1074099207368765E-011
           6          61  -3.6021162315578184E-010
           6          62  -5.0919110792131741E-010
           6          63   2.4207205532421324E-009
           6          64   1.2606958676635246E-009
           6          65   5.9716553749437987E-010
           7           1  0.10640497546185529     
           7           2 -0.30696219639268379     
           7           3  0.52427302751422389     
           7           4  0.41570160656603561     
           7           5 -0.31494827052846003     
           7           6  -1.3426327298343887     
           7           7   1.1885153195381910     
           7           8  -2.1088894697992647E-008
           7           9   4.1282757798575359E-009
           7          10   1.0756583449710565E-011
           7          11   6.7990981802771082E-008
           7          12  -6.5662653800955323E-009
           7          13   9.1575426747913613E-010
           7          14  -6.3806984897958664E-008
           7          15  -2.2844175070988315E-008
           7          16  -5.0805413557879675E-009
           7          17  -1.0965076682071363E-007
           7          18  -3.5713261026898918E-008
           7          19  -9.0028970340667733E-009
           7          20  -5.8673946479552642E-008
           7          21  -1.8777508892672611E-008
           7          22  -4.3610094461597427E-009
           7          23  -2.0150005892074718E-009
           7          24  -5.4046986469513319E-010
           7          25  -6.9285249820590146E-011
           7          26  -3.0795331513545263E-003
           7          27  -4.2765648176802828E-005
           7          28  -3.1866880053150934E-003
           7          29   2.9333398097198290E-004
           7          30   9.4019830118682131E-004
           7          31  -8.6528262510844160E-003
           7          32 -0.14078546927707167     
           7          33   1.3639633400151909E-005
           7          34 -0.14075129510239848     
           7          35  -9.3553161875001119E-005
           7          36  -2.9985025128896441E-004
           7          37 -0.13900802984260846     
           7          38 -0.10975850260566067     
           7          39  -2.9153300127994394E-005
           7          40 -0.10983155795595562     
           7          41   1.9996732043227436E-004
           7          42   6.4100243756192235E-004
           7          43 -0.11355830369416371     
           7          44  -9.0729818469534707E-002
           7          45   9.5866467374298558E-005
           7          46  -9.0489608964439375E-002
           7          47  -6.5754972032309187E-004
           7          48  -2.1076349917733567E-003
           7          49  -7.8236193478817662E-002
           7          50 -0.34111669146809021     
           7          51   3.7111162831251999E-005
           7          52 -0.34102369933444954     
           7          53  -2.5455015345018277E-004
           7          54  -8.1592351866814660E-004
           7          55 -0.33628004221835406     
           7          56   1.5730740038301776E-009
           7          57   2.0752604175158979E-010
           7          58   8.9240411490238200E-010
           7          59   6.9141591479604939E-010
           7          60   8.8717081990097447E-011
           7          61   4.1803616432047145E-010
           7          62   5.3656645955594327E-010
           7          63  -2.5028032311085872E-009
           7          64  -1.3345819333939180E-009
           7          65  -6.4200936147300775E-010
           8           1  -1.5702718121867331E-011
           8           2   2.4045972211136462E-010
           8           3   1.2551318897517844E-010
           8           4  -3.7821115176208979E-009
           8           5   3.6441809067155254E-009
           8           6   1.9689722459883982E-008
           8           7  -2.1088894697992647E-008
           8           8   2.3442275567463113     
           8           9  -7.8294029584954461E-005
           8          10   5.3702428459312694E-004
           8          11 -0.92635897234232289     
           8          12   2.5681945960755637E-004
           8          13  -1.7615318125563766E-003
           8          14   3.2032153680565431E-002
           8          15  -2.3065299748322148E-004
           8          16   1.5820530780740736E-003
           8          17  0.10944245603835379     
           8          18  -3.8754748725413788E-004
           8          19   2.6582490957327400E-003
           8          20   6.6069988383248082E-002
           8          21  -2.2748760435667187E-004
           8          22   1.5603159434133011E-003
           8          23   1.8409276216125913E-003
           8          24  -1.5257052964311051E-005
           8          25   1.0464750429152608E-004
           8          26  -5.2099265752718733E-011
           8          27   4.2427097404646571E-010
           8          28  -4.0283192142064224E-010
           8          29   3.8870866303551671E-012
           8          30   5.6693257929194047E-010
           8          31   1.2013065342627275E-010
           8          32  -1.1713019602849564E-009
           8          33   3.1992428741666733E-010
           8          34  -1.4250527316558501E-009
           8          35   2.0658080004723159E-010
           8          36  -5.2484778737722543E-010
           8          37  -1.4946114455192682E-009
           8          38  -1.3629175423098943E-009
           8          39  -7.2942891384139454E-010
           8          40  -2.0580759315391410E-009
           8          41  -6.2858092768411444E-010
           8          42   3.0729634730336188E-010
           8          43  -2.2852469425447117E-009
           8          44  -2.8329667901681459E-009
           8          45   4.3722432966138325E-010
           8          46  -1.4767006800905475E-009
           8          47  -1.9472072074659360E-010
           8          48  -1.5520446887262291E-009
           8          49   3.4734974491067902E-011
           8          50   8.5278884681508080E-009
           8          51  -1.6292945202012261E-009
           8          52   5.9924736670295507E-009
           8          53   5.1682353701362790E-010
           8          54  -1.1024115627988783E-009
           8          55   1.9213324266183313E-009
           8          56   9.4061348696484904E-003
           8          57   2.7189103434708684E-005
           8          58   4.2408130294436215E-003
           8          59   8.0864879908770114E-006
           8          60  -1.8650063528936986E-004
           8          61  -3.0057567200884454E-004
           8          62  -2.5938585581765344E-005
           8          63   5.9883167553685572E-003
           8          64   1.5138873509496231E-005
           8          65  -1.1353914841348815E-004
           9           1   7.5610925607539676E-011
           9           2  -3.4095197837304619E-010
           9           3  -3.9045519498496869E-011
           9           4   6.9086222770573479E-010
           9           5  -1.3018517170058994E-009
           9           6  -1.7638089534225487E-009
           9           7   4.1282757798575359E-009
           9           8  -7.8294029584954461E-005
           9           9   2.3440010609742199     
           9          10   1.7211123463701788E-003
           9          11   2.5681932712117014E-004
           9          12 -0.92561588971292896     
           9          13  -5.6463743268070094E-003
           9          14  -2.3065134294315772E-004
           9          15   3.1364790180032263E-002
           9          16   5.0710351048316943E-003
           9          17  -3.8755048206002337E-004
           9          18  0.10832112527589310     
           9          19   8.5206253396357817E-003
           9          20  -2.2748387697347160E-004
           9          21   6.5411795956221985E-002
           9          22   5.0013375816060661E-003
           9          23  -1.5257029897831376E-005
           9          24   1.7967832628878835E-003
           9          25   3.3543059649187651E-004
           9          26  -2.0375369559629234E-010
           9          27  -6.2816282053466130E-010
           9          28   6.1449070016720549E-012
           9          29   8.4182344225402332E-011
           9          30  -6.8034431124872128E-010
           9          31   8.6531333591313507E-010
           9          32   3.9450228561241141E-010
           9          33  -2.3498575249910756E-010
           9          34  -5.1388611301017085E-010
           9          35   3.5276873212700420E-010
           9          36  -8.3433726332843492E-010
           9          37  -1.2967423101813684E-009
           9          38   5.2371230748078546E-010
           9          39  -1.2181012685789104E-010
           9          40   5.5042119137519940E-011
           9          41  -1.0003358484292727E-009
           9          42   3.8355447346189365E-010
           9          43   1.8758450292124185E-009
           9          44  -3.6414196942966066E-010
           9          45  -1.0293897585793335E-009
           9          46   2.2436845159351190E-010
           9          47   4.4976112259803108E-010
           9          48   1.6649100717494987E-010
           9          49  -4.8472936558051991E-010
           9          50  -5.0389941786357920E-010
           9          51   3.0521408778776278E-010
           9          52  -1.6100423156310106E-010
           9          53  -4.5570791067216031E-010
           9          54  -8.8138876079995464E-010
           9          55  -1.7043841449139300E-009
           9          56   7.9208306927633152E-006
           9          57   4.2168544425908051E-003
           9          58   2.7412672014990212E-005
           9          59   9.5060365001792130E-003
           9          60  -7.8254253318869963E-005
           9          61  -9.5536290072983023E-005
           9          62  -6.0270586800475936E-004
           9          63   1.5138634435770815E-005
           9          64   6.0321199712174024E-003
           9          65  -3.6395124292927126E-004
          10           1   4.0350829011035082E-011
          10           2  -1.0637255492061523E-010
          10           3   1.6749347359555558E-010
          10           4  -1.3843414303554555E-010
          10           5  -1.6279650272730567E-010
          10           6   2.6367069044645394E-010
          10           7   1.0756583449710565E-011
          10           8   5.3702428459312694E-004
          10           9   1.7211123463701788E-003
          10          10   2.3324467785454424     
          10          11  -1.7615315705349680E-003
          10          12  -5.6463743867669232E-003
          10          13 -0.88771052092879921     
          10          14   1.5820501311467083E-003
          10          15   5.0710329015789465E-003
          10          16  -2.6783733964584819E-003
          10          17   2.6582520815154791E-003
          10          18   8.5206277084711509E-003
          10          19   5.1119970112585837E-002
          10          20   1.5603180917812907E-003
          10          21   5.0013369392239481E-003
          10          22   3.1836562391339203E-002
          10          23   1.0464797628137912E-004
          10          24   3.3543230859500381E-004
          10          25  -4.5505883693071271E-004
          10          26  -6.8921248011103804E-012
          10          27  -6.2560091892548957E-011
          10          28   2.1546613404882064E-011
          10          29  -1.2345353518370940E-010
          10          30  -2.1425990653555000E-010
          10          31   2.5634570584909862E-010
          10          32   1.3444957376193257E-011
          10          33  -9.1996993054609887E-012
          10          34  -1.5069580142282227E-010
          10          35   1.0037742851380760E-010
          10          36  -1.2258401522932215E-010
          10          37  -3.9860927493174934E-010
          10          38  -5.8880233690487343E-011
          10          39  -6.8201467320943488E-011
          10          40  -1.2615858551147313E-010
          10          41  -6.5433885473897241E-011
          10          42   2.0519080554925704E-010
          10          43   3.6603002202209699E-010
          10          44  -1.9914500329574160E-010
          10          45  -1.0286780106023991E-010
          10          46  -7.7726642324792558E-012
          10          47   7.5658833186110021E-011
          10          48   4.5282512755646809E-011
          10          49  -2.6685081232924029E-011
          10          50   2.0263902069693008E-010
          10          51  -2.3640506702390261E-011
          10          52   1.5695515695414815E-010
          10          53  -9.4411996585719291E-011
          10          54  -1.9917712636956252E-010
          10          55  -2.7924365652999230E-010
          10          56  -5.4339975154849749E-005
          10          57  -7.8254275009406876E-005
          10          58  -2.5938497634618830E-005
          10          59  -1.7784332235935304E-004
          10          60   4.7422020225104632E-003
          10          61   2.7042690842683603E-005
          10          62   4.8099630755087958E-003
          10          63  -2.6592783859340273E-004
          10          64  -8.5239662852813552E-004
          10          65   1.5876095085703354E-002
          11           1   1.6852334366386926E-010
          11           2  -1.1173732375307352E-009
          11           3  -5.1641405850503583E-010
          11           4   1.1852534743449989E-008
          11           5  -1.2008334742551074E-008
          11           6  -6.3605836675035014E-008
          11           7   6.7990981802771082E-008
          11           8 -0.92635897234232289     
          11           9   2.5681932712117014E-004
          11          10  -1.7615315705349680E-003
          11          11   2.5126802145575988     
          11          12  -8.4021736796357615E-004
          11          13   5.7630818596942131E-003
          11          14 -0.15870332156579076     
          11          15   7.4496306086376234E-004
          11          16  -5.1097169135263000E-003
          11          17 -0.40227467150539686     
          11          18   1.2577484168122812E-003
          11          19  -8.6270953678906255E-003
          11          20 -0.20957650876454398     
          11          21   7.5485327553484038E-004
          11          22  -5.1774693964185062E-003
          11          23  -7.7425790310158421E-003
          11          24   4.9299477081546865E-005
          11          25  -3.3814327425933253E-004
          11          26   3.2651758228081654E-010
          11          27  -1.4143364767433950E-009
          11          28   1.4606188089274612E-009
          11          29  -4.3373346858393401E-011
          11          30  -2.0635658047579909E-009
          11          31  -9.6573359970875058E-011
          11          32   4.1311841405673392E-009
          11          33  -1.1103732889579730E-009
          11          34   4.7271607274772044E-009
          11          35  -7.4493698327589517E-010
          11          36   1.6118598625117127E-009
          11          37   4.6257154761502842E-009
          11          38   4.1913283724804427E-009
          11          39   2.3154173669819574E-009
          11          40   6.4789917996005937E-009
          11          41   2.1655885758069798E-009
          11          42  -8.1561995153081736E-010
          11          43   7.5271169983369015E-009
          11          44   9.4360086985456547E-009
          11          45  -1.3668213658162656E-009
          11          46   4.7734773621586930E-009
          11          47   5.8086834678768480E-010
          11          48   5.0011021091581979E-009
          11          49  -9.4246796634196890E-011
          11          50  -2.7765806045428051E-008
          11          51   5.2563435788175568E-009
          11          52  -1.9220247793356379E-008
          11          53  -1.6167600869031114E-009
          11          54   3.6478501016009924E-009
          11          55  -6.0083350869948117E-009
          11          56   3.6167680343312581E-003
          11          57  -8.4445546789506843E-005
          11          58   1.5010730332483590E-003
          11          59  -9.7273819480838956E-006
          11          60   5.7924692560490148E-004
          11          61   1.0211326673073245E-003
          11          62   3.3554469706034414E-005
          11          63  -4.4356456185720280E-003
          11          64  -4.2119081575805445E-005
          11          65   2.5707723624097544E-004
          12           1  -1.5142142604345476E-010
          12           2   6.8186672728003675E-010
          12           3  -2.0864415668100447E-010
          12           4  -1.2030169481134150E-009
          12           5   3.3685257121674285E-009
          12           6  -4.5137838387274420E-010
          12           7  -6.5662653800955323E-009
          12           8   2.5681945960755637E-004
          12           9 -0.92561588971292896     
          12          10  -5.6463743867669232E-003
          12          11  -8.4021736796357615E-004
          12          12   2.5102491328070466     
          12          13   1.8472800799011292E-002
          12          14   7.4495801477258462E-004
          12          15 -0.15654787261038228     
          12          16  -1.6378419890097442E-002
          12          17   1.2577599906056225E-003
          12          18 -0.39863550041264217     
          12          19  -2.7652864190877549E-002
          12          20   7.5484019079376762E-004
          12          21 -0.20739248066230853     
          12          22  -1.6595537986263766E-002
          12          23   4.9299627608254012E-005
          12          24  -7.5999373881929753E-003
          12          25  -1.0838629232695894E-003
          12          26   6.3300388168393397E-010
          12          27   1.7214687932449568E-009
          12          28   1.7273395495627122E-010
          12          29  -3.0856411204700502E-010
          12          30   1.5877318890649544E-009
          12          31  -2.2325459816083071E-009
          12          32  -5.7569559441485234E-010
          12          33   6.7851084785432961E-010
          12          34   1.8828148213367073E-009
          12          35  -1.1603526406903242E-009
          12          36   2.0132148899969622E-009
          12          37   4.0069499752669875E-009
          12          38  -1.1223590154727502E-009
          12          39   3.8445527394353172E-010
          12          40   1.4892728316480833E-010
          12          41   3.3472369765745532E-009
          12          42  -6.3213411770396708E-010
          12          43  -4.6626706454101785E-009
          12          44   1.7253781710677376E-009
          12          45   3.3067970354376765E-009
          12          46   8.0507585234287803E-011
          12          47  -1.5330153845576393E-009
          12          48  -9.0722797769105692E-010
          12          49   1.5968532087877808E-009
          12          50  -5.1691536808729431E-010
          12          51  -8.2489897448830400E-010
          12          52  -1.3876534921464587E-009
          12          53   1.8732130336547967E-009
          12          54   2.9277387189660517E-009
          12          55   3.6706828714260269E-009
          12          56  -9.1854231167253937E-006
          12          57   1.6054081542278586E-003
          12          58  -8.5178777714380827E-005
          12          59   3.3287090599193139E-003
          12          60   9.1523303807455197E-005
          12          61   3.2435051519624021E-004
          12          62   1.8727615653149937E-003
          12          63  -4.2118635974867325E-005
          12          64  -4.5575128815960909E-003
          12          65   8.2406392852233399E-004
          13           1  -9.8268101945422445E-011
          13           2   2.5023654428714963E-010
          13           3  -6.7967096896782694E-010
          13           4   2.7041306617574088E-010
