           1           1  0.46069622728974591     
           1           2  0.62671050729571798     
           1           3  -6.4663423063150899E-002
           1           4 -0.14022323784833174     
           1           5  -3.6893140000290349E-002
           1           6  -3.8426136753979363E-004
           1           7  -5.3048271463524608E-012
           1           8   3.4056058183687904E-013
           1           9  -7.7648611412791107E-013
           1          10  -5.9905019348156013E-012
           1          11   1.6898492419309889E-012
           1          12  -4.8283452070738797E-013
           1          13  -3.3314673245707557E-012
           1          14   9.1364199913951555E-013
           1          15  -5.7485817377824403E-013
           1          16   1.3268354535510560E-003
           1          17   7.3514461455840500E-007
           1          18   1.3261906785913358E-003
           1          19  -3.9890713844952983E-006
           1          20  -2.4513825767908792E-006
           1          21   1.3373191976140675E-003
           1          22   5.0426342660811066E-003
           1          23   5.2357366476667210E-006
           1          24   5.0380421701905244E-003
           1          25  -2.8410452844395860E-005
           1          26  -1.7458919633912243E-005
           1          27   5.1173000931366451E-003
           1          28  -7.8908715548750607E-004
           1          29   2.7830730292225181E-005
           1          30  -8.1349653913442973E-004
           1          31  -1.5101701682519809E-004
           1          32  -9.2803645616594148E-005
           1          33  -3.9219770189433318E-004
           1          34   9.3901408397996864E-013
           1          35   2.6776390928211818E-013
           1          36   7.0582257432455441E-013
           1          37   5.5767409034686600E-013
           1          38   1.6042074862722646E-013
           1          39   8.3200846263040583E-014
           1          40   1.4066975655140743E-013
           1          41   3.4961847047042193E-013
           1          42   1.3444715954450965E-013
           1          43   1.1473907997422110E-013
           2           1  0.62671050729571798     
           2           2  0.87037826825014697     
           2           3 -0.16909106627046372     
           2           4 -0.27277973093281754     
           2           5  -8.2362654479430170E-002
           2           6  -1.5350736945670849E-004
           2           7  -1.1217871587600010E-011
           2           8   1.7661992236685735E-012
           2           9  -1.5068126395928146E-012
           2          10  -1.3216952809456826E-011
           2          11   4.2673566839011292E-012
           2          12  -9.9948429665543086E-013
           2          13  -7.5254478333370164E-012
           2          14   2.1075306439919364E-012
           2          15  -1.2949915454624751E-012
           2          16   4.2262660481895160E-004
           2          17   2.1078224965384080E-005
           2          18   4.0413957367131073E-004
           2          19  -1.1437604032813256E-004
           2          20  -7.0286873348290304E-005
           2          21   7.2321997866788869E-004
           2          22   1.8299718395874574E-003
           2          23   2.6660369308459104E-005
           2          24   1.8065888951248324E-003
           2          25  -1.4466617535441404E-004
           2          26  -8.8900904458220605E-005
           2          27   2.2101709269659424E-003
           2          28  -2.0405106995592566E-003
           2          29   5.9226396242732682E-005
           2          30  -2.0924561461862492E-003
           2          31  -3.2137833530097669E-004
           2          32  -1.9749483694284233E-004
           2          33  -1.1958928821152836E-003
           2          34   1.5834972919132296E-012
           2          35   4.4284153325348096E-013
           2          36   1.4109398258536725E-012
           2          37   8.8019190396384787E-013
           2          38   3.0528446798915231E-013
           2          39   1.8996103604569635E-013
           2          40   2.6692102810297634E-013
           2          41   5.5938768899637607E-013
           2          42   1.1901154514483548E-013
           2          43   1.2594945470670930E-013
           3           1  -6.4663423063150899E-002
           3           2 -0.16909106627046372     
           3           3  0.37832403467884934     
           3           4  0.39279928965039079     
           3           5  0.15147022964625764     
           3           6  -1.6480352470371528E-003
           3           7   3.0580581958858931E-011
           3           8  -3.2685498364790965E-012
           3           9   6.1738660462139374E-012
           3          10   3.5314388393798167E-011
           3          11  -6.5287776833815694E-012
           3          12   5.5661812564832736E-012
           3          13   2.0037241207996904E-011
           3          14  -2.6630662812820766E-012
           3          15   4.4683173917721498E-012
           3          16   6.1075436306193016E-003
           3          17  -9.5245390537734083E-005
           3          18   6.1910802687162583E-003
           3          19   5.1682687458875793E-004
           3          20   3.1760274680163046E-004
           3          21   4.7492632663898859E-003
           3          22   2.2214243244123688E-002
           3          23  -9.4498183449150661E-005
           3          24   2.2297124525909536E-002
           3          25   5.1277220457858659E-004
           3          26   3.1511105813487915E-004
           3          27   2.0866619420879889E-002
           3          28   4.5185812870905638E-003
           3          29  -1.0226983372269613E-004
           3          30   4.6082786516304765E-003
           3          31   5.5494359753636318E-004
           3          32   3.4102639518445474E-004
           3          33   3.0601282497746520E-003
           3          34  -1.4921656710149104E-012
           3          35  -3.9420409370398103E-013
           3          36  -2.1412895781783258E-012
           3          37  -6.1733767676369482E-013
           3          38  -3.8891416435338206E-013
           3          39  -3.5102043135669726E-013
           3          40  -3.5539299282388686E-013
           3          41  -4.4552481038426259E-013
           3          42   2.7615612021589702E-013
           3          43   1.0708145205696092E-013
           4           1 -0.14022323784833174     
           4           2 -0.27277973093281754     
           4           3  0.39279928965039079     
           4           4  0.42130832643522403     
           4           5  0.15706897997962382     
           4           6  -2.0820958898088012E-003
           4           7  -3.3528809693089036E-012
           4           8  -3.6882242474580738E-011
           4           9  -9.7947524576852311E-012
           4          10   2.5157741444172577E-012
           4          11  -3.9753054081502749E-011
           4          12  -1.0105596854275560E-011
           4          13   3.2454428294669179E-012
           4          14  -1.9802941965247784E-011
           4          15  -3.5547386317822771E-012
           4          16   6.2431987861562323E-003
           4          17  -1.4272116739111145E-004
           4          18   6.3683748836888109E-003
           4          19   7.7444312511364350E-004
           4          20   4.7591422829005529E-004
           4          21   4.2078732936146005E-003
           4          22   2.1808524445817615E-002
           4          23  -1.9504186583761088E-004
           4          24   2.1979589331550066E-002
           4          25   1.0583490768233022E-003
           4          26   6.5038137927628682E-004
           4          27   1.9027061726039480E-002
           4          28   4.8861906821068644E-003
           4          29  -1.2883762654018841E-004
           4          30   4.9991897960071979E-003
           4          31   6.9910755280544695E-004
           4          32   4.2961866811604425E-004
           4          33   3.0488581220684992E-003
           4          34  -1.7529142969796725E-012
           4          35  -5.1878968775554840E-013
           4          36  -2.4222541281900649E-012
           4          37  -9.1210447836409739E-013
           4          38  -4.9674712008231395E-013
           4          39  -4.3664955905688989E-013
           4          40  -4.7783292373779606E-013
           4          41  -5.1971812426763068E-013
           4          42   2.8706964793070178E-013
           4          43   1.5487086226515711E-013
           5           1  -3.6893140000290349E-002
           5           2  -8.2362654479430170E-002
           5           3  0.15147022964625764     
           5           4  0.15706897997962382     
           5           5   6.5693516587069872E-002
           5           6   4.2755363128650658E-004
           5           7   1.6876233042600520E-012
           5           8  -6.1981245337977290E-011
           5           9  -1.3136590307174044E-011
           5          10   3.1521158018486211E-012
           5          11  -6.2156347948568811E-011
           5          12  -1.3164769433407708E-011
           5          13   1.8104788427852393E-012
           5          14  -3.2418062200980211E-011
           5          15  -6.3638731175091786E-012
           5          16   1.8026409130002727E-003
           5          17   7.4768171818916990E-005
           5          18   1.7370641859504297E-003
           5          19  -4.0571211495155025E-004
           5          20  -2.4932000794318531E-004
           5          21   2.8688990293373375E-003
           5          22   8.1639133103195288E-003
           5          23   1.8526296323570013E-004
           5          24   8.0014251675320832E-003
           5          25  -1.0052864101835063E-003
           5          26  -6.1777306313519874E-004
           5          27   1.0805922165063096E-002
           5          28   1.3932993041129774E-003
           5          29   6.5953958279599549E-006
           5          30   1.3875145979369457E-003
           5          31  -3.5788329128703489E-005
           5          32  -2.1992805080149386E-005
           5          33   1.4873566329476747E-003
           5          34  -6.6206070412617976E-013
           5          35  -1.6244387149314609E-013
           5          36  -6.1655894027829252E-013
           5          37  -3.3191468115537347E-013
           5          38  -2.3547428778336238E-013
           5          39  -1.9654311280072134E-013
           5          40  -1.7691658922281438E-013
           5          41  -1.0094114050178224E-013
           5          42   1.7979534397114070E-013
           5          43   8.2252463207190222E-014
           6           1  -3.8426136753979363E-004
           6           2  -1.5350736945670849E-004
           6           3  -1.6480352470371528E-003
           6           4  -2.0820958898088012E-003
           6           5   4.2755363128650658E-004
           6           6   2.4970040868643349E-004
           6           7   9.8485557837817623E-012
           6           8   1.8573396859406708E-010
           6           9   3.6909971885276856E-011
           6          10   9.4893411885672075E-012
           6          11   1.8210726969055938E-010
           6          12   3.6170742555028244E-011
           6          13   4.8199065564973133E-012
           6          14   9.4688938723045468E-011
           6          15   1.8785113247202022E-011
           6          16  -1.6309346808299254E-004
           6          17   2.5635372946819549E-005
           6          18  -1.8557741926356199E-004
           6          19  -1.3910438548934948E-004
           6          20  -8.5483044188125376E-005
           6          21   2.0248884985314650E-004
           6          22  -2.2354709033356121E-004
           6          23   5.0632867117450839E-005
           6          24  -2.6795553639766376E-004
           6          25  -2.7474746378310317E-004
           6          26  -1.6883903076531288E-004
           6          27   4.9852091943482408E-004
           6          28  -1.1377451703154110E-004
           6          29   1.1189825960787471E-005
           6          30  -1.2358875462756613E-004
           6          31  -6.0718988651455337E-005
           6          32  -3.7313302196279909E-005
           6          33   4.5802059654777855E-005
           6          34   3.2102967446597224E-014
           6          35   2.6971208235132799E-013
           6          36   1.0475088994071059E-014
           6          37   6.7848545397988891E-013
           6          38   6.4092459434829396E-014
           6          39   2.1907664095518695E-013
           6          40   3.0159624294802346E-013
           6          41   8.0512470413105226E-014
           6          42  -2.6664012307206336E-013
           6          43  -1.4152681461337773E-013
           7           1  -5.3048271463524608E-012
           7           2  -1.1217871587600010E-011
           7           3   3.0580581958858931E-011
           7           4  -3.3528809693089036E-012
           7           5   1.6876233042600520E-012
           7           6   9.8485557837817623E-012
           7           7  0.20720965533778243     
           7           8  -1.1075509271374157E-002
           7           9   6.0098676692147211E-002
           7          10  0.20315667886035274     
           7          11  -1.0858874734182233E-002
           7          12   5.8923158524500314E-002
           7          13  0.10572776607689732     
           7          14  -5.6512268847345726E-003
           7          15   3.0665070079044919E-002
           7          16  -2.6906588351136287E-012
           7          17  -5.1830148659787480E-013
           7          18  -6.6662884816664242E-013
           7          19  -1.0069304553270903E-012
           7          20  -8.1910637708381645E-013
           7          21   2.2140315505189933E-012
           7          22   1.6091131028871825E-011
           7          23  -1.9676221050708890E-012
           7          24   5.6001690601937250E-012
           7          25  -2.7252545882634527E-012
           7          26   2.5143534214907667E-012
           7          27   8.5880540954335889E-012
           7          28  -1.8753185919051540E-011
           7          29   1.5813725844163577E-011
           7          30  -1.6521280037433209E-011
           7          31   8.0159234816150906E-013
           7          32  -4.1270093240233479E-012
           7          33   1.3519029766453704E-011
           7          34   6.3294432002785987E-004
           7          35  -9.1393685784423983E-005
           7          36   3.2575596308210848E-004
           7          37  -3.8446940687953508E-005
           7          38   4.9592657941264953E-004
           7          39   1.2128315604530473E-004
           7          40   7.9706444203888908E-005
           7          41  -2.2483216336518450E-004
           7          42   9.2191729377165529E-005
           7          43  -2.2365570859817451E-004
           8           1   3.4056058183687904E-013
           8           2   1.7661992236685735E-012
           8           3  -3.2685498364790965E-012
           8           4  -3.6882242474580738E-011
           8           5  -6.1981245337977290E-011
           8           6   1.8573396859406708E-010
           8           7  -1.1075509271374157E-002
           8           8  0.21842637902045919     
           8           9   3.6932105344286426E-002
           8          10  -1.0858874767010140E-002
           8          11  0.21415400614660501     
           8          12   3.6209720745302168E-002
           8          13  -5.6512268012181704E-003
           8          14  0.11145104674515653     
           8          15   1.8844434756315677E-002
           8          16  -5.3636409983073458E-014
           8          17  -5.9650646542708061E-012
           8          18  -2.2207808098905608E-012
           8          19  -4.6806648994204107E-013
           8          20  -1.4848915152709618E-012
           8          21   3.2692504966844064E-012
           8          22  -3.6259888829553224E-012
           8          23  -1.3457931753917327E-011
           8          24   1.7613959078048839E-012
           8          25  -5.2595722163699900E-012
           8          26  -3.3175392439601154E-012
           8          27   1.4277708945174847E-011
           8          28  -2.1800146223460899E-011
           8          29  -1.5903044364320457E-011
           8          30  -3.0885770986281938E-011
           8          31  -8.8118836191045552E-012
           8          32  -1.8078634693675442E-012
           8          33  -3.9614824398306696E-011
           8          34  -3.3831315366186435E-005
           8          35   3.0246053036660263E-004
           8          36  -9.7586182817894555E-005
           8          37   7.5823422871703434E-004
           8          38   2.8332200267936565E-005
           8          39   2.3616142695022073E-004
           8          40   3.2540835736134344E-004
           8          41   9.2191730973588651E-005
           8          42  -3.1819937332407025E-004
           8          43  -1.3744191028745894E-004
           9           1  -7.7648611412791107E-013
           9           2  -1.5068126395928146E-012
           9           3   6.1738660462139374E-012
           9           4  -9.7947524576852311E-012
           9           5  -1.3136590307174044E-011
           9           6   3.6909971885276856E-011
           9           7   6.0098676692147211E-002
           9           8   3.6932105344286426E-002
           9           9   2.4829066042668657E-002
           9          10   5.8923159432593811E-002
           9          11   3.6209721316736068E-002
           9          12   2.4343414454412387E-002
           9          13   3.0665071268607777E-002
           9          14   1.8844435550302678E-002
           9          15   1.2668915371701166E-002
           9          16  -6.9869353562405852E-013
           9          17  -1.2836221287015742E-012
           9          18  -4.6574764486630605E-013
           9          19  -2.3143254677656274E-013
           9          20  -4.2293578342576209E-013
           9          21   9.7246520670311792E-013
           9          22   4.1569212538927216E-012
           9          23  -3.1282733115112565E-012
           9          24   2.0545614381015212E-012
           9          25  -1.4714974456121880E-012
           9          26   3.3624905348452606E-013
           9          27   4.3782855290490549E-012
           9          28  -9.5601574955422567E-012
           9          29   1.7996833043609668E-012
           9          30  -1.0554760835731797E-011
           9          31  -1.3188758604324804E-012
           9          32  -1.5310716839878523E-012
           9          33  -3.3350915041319672E-012
           9          34   1.8357791775131039E-004
           9          35   2.8332165088722179E-005
           9          36   7.9706394226476129E-005
           9          37   1.2820423885191048E-004
           9          38   1.5394392507124563E-004
           9          39   7.9893300978463007E-005
           9          40   8.3872132368814070E-005
           9          41  -5.0434655925014375E-005
           9          42  -3.0993332604952328E-005
           9          43  -9.2400744933780347E-005
          10           1  -5.9905019348156013E-012
          10           2  -1.3216952809456826E-011
          10           3   3.5314388393798167E-011
          10           4   2.5157741444172577E-012
          10           5   3.1521158018486211E-012
          10           6   9.4893411885672075E-012
          10           7  0.20315667886035274     
          10           8  -1.0858874767010140E-002
          10           9   5.8923159432593811E-002
          10          10  0.19918297773473917     
          10          11  -1.0646477553307637E-002
          10          12   5.7770634148834620E-002
          10          13  0.10365975361762117     
          10          14  -5.5406901405338146E-003
          10          15   3.0065267868291053E-002
          10          16  -2.4723841765335525E-012
          10          17  -5.2443020681979874E-013
          10          18  -4.7367688633812797E-013
          10          19  -8.9896825429610575E-013
          10          20  -7.4884269068030206E-013
          10          21   2.1043960674756945E-012
          10          22   1.6159061507842299E-011
          10          23  -1.9602260021816858E-012
          10          24   5.9005686857479113E-012
          10          25  -2.5032456275772175E-012
          10          26   2.5688456703787534E-012
          10          27   8.3593707410554337E-012
          10          28  -1.8266888205446360E-011
          10          29   1.5496598005152400E-011
          10          30  -1.6071783853435097E-011
          10          31   8.2831832603218397E-013
          10          32  -4.0202270274717405E-012
          10          33   1.3262644752026920E-011
          10          34   6.2056406469461381E-004
          10          35  -8.9606044981364793E-005
          10          36   3.1938424624711962E-004
          10          37  -3.7694927057142595E-005
          10          38   4.8622636171749415E-004
          10          39   1.1891088339551624E-004
          10          40   7.8147403098782431E-005
          10          41  -2.2043449443640315E-004
          10          42   9.0388479018469831E-005
          10          43  -2.1928105078330198E-004
          11           1   1.6898492419309889E-012
          11           2   4.2673566839011292E-012
          11           3  -6.5287776833815694E-012
          11           4  -3.9753054081502749E-011
          11           5  -6.2156347948568811E-011
          11           6   1.8210726969055938E-010
          11           7  -1.0858874734182233E-002
          11           8  0.21415400614660501     
          11           9   3.6209721316736068E-002
          11          10  -1.0646477553307637E-002
          11          11  0.20996519996490173     
          11          12   3.5501466404949167E-002
          11          13  -5.5406900419006921E-003
          11          14  0.10927108830326859     
          11          15   1.8475841670455129E-002
          11          16  -9.9162977301633176E-014
          11          17  -5.8484706234018592E-012
          11          18  -2.2238471530822394E-012
          11          19  -4.5846979537094174E-013
          11          20  -1.4555760971239006E-012
          11          21   3.1575688877449961E-012
          11          22  -3.7295831160958342E-012
          11          23  -1.3195399178860521E-011
          11          24   1.5530410024541310E-012
          11          25  -5.1528886747652454E-012
          11          26  -3.2503091256268317E-012
          11          27   1.3813915840162699E-011
          11          28  -2.1410924639471034E-011
          11          29  -1.5591399236278392E-011
          11          30  -3.0319349634679377E-011
          11          31  -8.6426995089394504E-012
          11          32  -1.7744528157477439E-012
          11          33  -3.8868808806488193E-011
          11          34  -3.3169582242465498E-005
          11          35   2.9654446762611636E-004
          11          36  -9.5677418180472210E-005
          11          37   7.4340333070313188E-004
          11          38   2.7778028453584707E-005
          11          39   2.3154216033994765E-004
          11          40   3.1904344004319120E-004
          11          41   9.0388480633528300E-005
          11          42  -3.1197546220913905E-004
          11          43  -1.3475357611906770E-004
          12           1  -4.8283452070738797E-013
          12           2  -9.9948429665543086E-013
          12           3   5.5661812564832736E-012
          12           4  -1.0105596854275560E-011
          12           5  -1.3164769433407708E-011
          12           6   3.6170742555028244E-011
          12           7   5.8923158524500314E-002
          12           8   3.6209720745302168E-002
          12           9   2.4343414454412387E-002
          12          10   5.7770634148834620E-002
          12          11   3.5501466404949167E-002
          12          12   2.3867262114527783E-002
          12          13   3.0065268571235815E-002
          12          14   1.8475842157340418E-002
          12          15   1.2421113909448112E-002
          12          16  -6.8144816776790755E-013
          12          17  -1.2604095624735430E-012
          12          18  -4.5139676219792057E-013
          12          19  -2.1662393798928174E-013
          12          20  -4.0834480544359973E-013
          12          21   9.3000119974883574E-013
          12          22   4.0600635060919562E-012
          12          23  -3.0709444106375370E-012
          12          24   2.0022104741528019E-012
          12          25  -1.4217725667378747E-012
          12          26   3.4254187837409576E-013
          12          27   4.2220581584332647E-012
          12          28  -9.3715641973990054E-012
          12          29   1.7637649290780109E-012
          12          30  -1.0346084503322382E-011
          12          31  -1.2891886859944389E-012
          12          32  -1.4987335874286392E-012
          12          33  -3.2784832358643661E-012
          12          34   1.7998717017793413E-004
          12          35   2.7777993625601708E-005
          12          36   7.8147352987814362E-005
          12          37   1.2569658956390563E-004
          12          38   1.5093281251284392E-004
          12          39   7.8330603938590887E-005
          12          40   8.2231610193547945E-005
          12          41  -4.9448164067901136E-005
          12          42  -3.0387109237096906E-005
          12          43  -9.0593404760129173E-005
          13           1  -3.3314673245707557E-012
          13           2  -7.5254478333370164E-012
          13           3   2.0037241207996904E-011
          13           4   3.2454428294669179E-012
          13           5   1.8104788427852393E-012
          13           6   4.8199065564973133E-012
          13           7  0.10572776607689732     
          13           8  -5.6512268012181704E-003
          13           9   3.0665071268607777E-002
          13          10  0.10365975361762117     
          13          11  -5.5406900419006921E-003
          13          12   3.0065268571235815E-002
          13          13   5.3947102519854767E-002
          13          14  -2.8835120849313445E-003
          13          15   1.5646709897584727E-002
          13          16  -1.1981305780278181E-012
          13          17  -2.8492731627940401E-013
          13          18  -1.4742827493499998E-013
          13          19  -4.0272559006384764E-013
          13          20  -3.4969860416833755E-013
          13          21   1.0125970055554918E-012
          13          22   8.5603988244769673E-012
          13          23  -1.0436847034868391E-012
          13          24   3.2422665257251394E-012
          13          25  -1.1750464120356000E-012
          13          26   1.4153684898360598E-012
          13          27   4.1656242284924650E-012
          13          28  -9.4433448243858584E-012
          13          29   8.0594131195530921E-012
          13          30  -8.2962218792611149E-012
          13          31   4.6038006663824843E-013
          13          32  -2.0742184579077525E-012
          13          33   6.8883938434989017E-012
          13          34   3.2295690516215205E-004
          13          35  -4.6633203867951382E-005
          13          36   1.6621546988980111E-004
          13          37  -1.9617371654607641E-005
          13          38   2.5304423830095006E-004
          13          39   6.1884168655815841E-005
          13          40   4.0669844359905101E-005
          13          41  -1.1471956893543600E-004
          13          42   4.7040401878384517E-005
          13          43  -1.1411928883103261E-004
          14           1   9.1364199913951555E-013
          14           2   2.1075306439919364E-012
          14           3  -2.6630662812820766E-012
          14           4  -1.9802941965247784E-011
          14           5  -3.2418062200980211E-011
          14           6   9.4688938723045468E-011
          14           7  -5.6512268847345726E-003
          14           8  0.11145104674515653     
          14           9   1.8844435550302678E-002
          14          10  -5.5406901405338146E-003
          14          11  0.10927108830326859     
          14          12   1.8475842157340418E-002
          14          13  -2.8835120849313445E-003
          14          14   5.6867379646611295E-002
          14          15   9.6152854795810358E-003
          14          16   5.1400913807006055E-015
          14          17  -3.0523685138495890E-012
          14          18  -1.0929855528303887E-012
          14          19  -1.9150117366919513E-013
          14          20  -7.2857505306260500E-013
          14          21   1.5762454003017315E-012
          14          22  -1.8558896854139829E-012
          14          23  -6.8842018072106403E-012
          14          24   9.0821950995044271E-013
          14          25  -2.5895019143244116E-012
          14          26  -1.6348889839636400E-012
          14          27   7.0318983574976073E-012
          14          28  -1.1102632575375833E-011
          14          29  -8.1179491757045395E-012
          14          30  -1.5735465480763435E-011
          14          31  -4.4772602238591810E-012
          14          32  -9.1080102538865261E-013
          14          33  -2.0242325153471253E-011
          14          34  -1.7262270678375437E-005
          14          35   1.5432908255690216E-004
          14          36  -4.9792896597891174E-005
          14          37   3.8688549820534515E-004
          14          38   1.4456374608749577E-005
          14          39   1.2050027291357373E-004
          14          40   1.6603810512998447E-004
          14          41   4.7040402735623358E-005
          14          42  -1.6235975417282041E-004
          14          43  -7.0129097601612602E-005
          15           1  -5.7485817377824403E-013
          15           2  -1.2949915454624751E-012
          15           3   4.4683173917721498E-012
          15           4  -3.5547386317822771E-012
          15           5  -6.3638731175091786E-012
          15           6   1.8785113247202022E-011
          15           7   3.0665070079044919E-002
          15           8   1.8844434756315677E-002
          15           9   1.2668915371701166E-002
          15          10   3.0065267868291053E-002
          15          11   1.8475841670455129E-002
          15          12   1.2421113909448112E-002
          15          13   1.5646709897584727E-002
          15          14   9.6152854795810358E-003
          15          15   6.4642550960034104E-003
          15          16  -3.1180086786904183E-013
          15          17  -6.5970970836690246E-013
          15          18  -1.8877743745322791E-013
          15          19  -9.2326206736982305E-014
          15          20  -1.9997014406795811E-013
          15          21   4.7319677700314104E-013
          15          22   2.2193553901705333E-012
          15          23  -1.6052948946755031E-012
          15          24   1.1546244108227145E-012
          15          25  -7.0140226021832367E-013
          15          26   2.0194082583932088E-013
          15          27   2.2024175509463686E-012
          15          28  -4.8458483805135286E-012
          15          29   9.1604312925164109E-013
          15          30  -5.3513781810887266E-012
          15          31  -6.6081220022116676E-013
          15          32  -7.7376306251949446E-013
          15          33  -1.7014376616937216E-012
          15          34   9.3669778149119319E-005
          15          35   1.4456355224884269E-005
          15          36   4.0669816736280677E-005
          15          37   6.5415615817355398E-005
          15          38   7.8549171274637020E-005
          15          39   4.0765184871809701E-005
          15          40   4.2795365026572675E-005
          15          41  -2.5734048500520584E-005
          15          42  -1.5814203556782417E-005
          15          43  -4.7147049987160489E-005
          16           1   1.3268354535510560E-003
          16           2   4.2262660481895160E-004
          16           3   6.1075436306193016E-003
          16           4   6.2431987861562323E-003
          16           5   1.8026409130002727E-003
          16           6  -1.6309346808299254E-004
          16           7  -2.6906588351136287E-012
          16           8  -5.3636409983073458E-014
          16           9  -6.9869353562405852E-013
          16          10  -2.4723841765335525E-012
          16          11  -9.9162977301633176E-014
          16          12  -6.8144816776790755E-013
          16          13  -1.1981305780278181E-012
          16          14   5.1400913807006055E-015
          16          15  -3.1180086786904183E-013
          16          16   1.8515592887278164E-004
          16          17  -1.5360587078974290E-005
          16          18   1.9862819989906934E-004
          16          19   8.3350650121323183E-005
          16          20   5.1221011381882073E-005
          16          21  -3.3899161382594024E-005
          16          22   4.6621009868552026E-004
          16          23  -2.9190464981373992E-005
          16          24   4.9181210890294450E-004
          16          25   1.5839525891310109E-004
          16          26   9.7337757557809337E-005
          16          27   4.9929106175168202E-005
          16          28   1.2486328082107859E-004
          16          29  -7.5065507137865731E-006
          16          30   1.3144703273546500E-004
          16          31   4.0732553665049553E-005
          16          32   2.5031149453191886E-005
          16          33   1.7813429403668771E-005
          16          34  -2.7819187922280341E-014
          16          35  -1.4471476177154263E-014
          16          36  -6.7493400870059978E-014
          16          37  -2.5730529655622305E-014
          16          38  -8.9478124473364365E-015
          16          39  -9.9487339462922910E-015
          16          40  -1.4758277821544882E-014
          16          41  -1.3901989666736969E-014
          16          42   4.8886757739075361E-015
          16          43   7.2230158820939756E-015
          17           1   7.3514461455840500E-007
          17           2   2.1078224965384080E-005
          17           3  -9.5245390537734083E-005
          17           4  -1.4272116739111145E-004
          17           5   7.4768171818916990E-005
          17           6   2.5635372946819549E-005
          17           7  -5.1830148659787480E-013
          17           8  -5.9650646542708061E-012
          17           9  -1.2836221287015742E-012
          17          10  -5.2443020681979874E-013
          17          11  -5.8484706234018592E-012
          17          12  -1.2604095624735430E-012
          17          13  -2.8492731627940401E-013
          17          14  -3.0523685138495890E-012
          17          15  -6.5970970836690246E-013
          17          16  -1.5360587078974290E-005
          17          17   2.6735423430586971E-006
          17          18  -1.7705464041650917E-005
          17          19  -1.4507355361654869E-005
          17          20  -8.9151243864777399E-006
          17          21   2.2766410729108312E-005
          17          22  -1.8007202365303929E-005
          17          23   5.2667806629117527E-006
          17          24  -2.2626524921332665E-005
          17          25  -2.8578958957026352E-005
          17          26  -1.7562468689465472E-005
          17          27   5.7101596708598271E-005
          17          28  -1.0925930526875171E-005
          17          29   1.1499686757116315E-006
          17          30  -1.1934531227960062E-005
          17          31  -6.2400375964875759E-006
          17          32  -3.8346555796162493E-006
          17          33   5.4736159802753903E-006
          17          34  -1.5721017357189127E-015
          17          35  -6.0083504385029091E-015
          17          36   7.6535044784409578E-015
          17          37  -1.7357879488314620E-014
          17          38  -3.5019772598987551E-015
          17          39  -6.4409944762967277E-015
          17          40  -7.6724490802006685E-015
          17          41   6.9315171538971811E-016
          17          42   8.0829779413398588E-015
          17          43   4.3758736489216453E-015
          18           1   1.3261906785913358E-003
          18           2   4.0413957367131073E-004
          18           3   6.1910802687162583E-003
          18           4   6.3683748836888109E-003
          18           5   1.7370641859504297E-003
          18           6  -1.8557741926356199E-004
          18           7  -6.6662884816664242E-013
          18           8  -2.2207808098905608E-012
          18           9  -4.6574764486630605E-013
          18          10  -4.7367688633812797E-013
          18          11  -2.2238471530822394E-012
          18          12  -4.5139676219792057E-013
          18          13  -1.4742827493499998E-013
          18          14  -1.0929855528303887E-012
          18          15  -1.8877743745322791E-013
          18          16   1.9862819989906934E-004
          18          17  -1.7705464041650917E-005
          18          18   2.1415708618128032E-004
          18          19   9.6074579280413706E-005
          18          20   5.9040176785236702E-005
          18          21  -5.3866839062677833E-005
          18          22   4.8200363003521980E-004
          18          23  -3.3809786863321477E-005
          18          24   5.1165709770427078E-004
          18          25   1.8346093354867362E-004
          18          26   1.1274122717437286E-004
          18          27  -1.5284529750978840E-007
          18          28   1.3444605891569744E-004
          18          29  -8.5151508083135204E-006
          18          30   1.4191442167552675E-004
          18          31   4.6205487530638861E-005
          18          32   2.8394401045837089E-005
          18          33   1.3012699054394283E-005
          18          34  -2.1646311102829988E-014
          18          35  -1.9886758467453654E-014
          18          36  -6.9046399345648536E-014
          18          37  -3.6190693125752036E-014
          18          38  -3.9616592887097540E-015
          18          39  -1.1529072980117659E-014
          18          40  -1.8495801432596170E-014
          18          41  -1.8905155979327997E-014
          18          42   9.0175025083835142E-015
          18          43   6.7079002779852595E-015
          19           1  -3.9890713844952983E-006
          19           2  -1.1437604032813256E-004
          19           3   5.1682687458875793E-004
          19           4   7.7444312511364350E-004
          19           5  -4.0571211495155025E-004
          19           6  -1.3910438548934948E-004
          19           7  -1.0069304553270903E-012
          19           8  -4.6806648994204107E-013
          19           9  -2.3143254677656274E-013
          19          10  -8.9896825429610575E-013
