           1           1   2.5244515353194394     
           1           2   5.8755955343855977E-002
           1           3  -1.8457642715871438     
           1           4  0.58006709566096692     
           1           5  0.83863357722267584     
           1           6  0.39684422752208770     
           1           7  -1.3373425599489019E-014
           1           8  -1.1330589203696502E-013
           1           9   1.1800221629887220E-015
           1          10   4.6732014031661390E-016
           1          11   4.5401670899104302E-014
           1          12   2.0115279659005481E-014
           1          13   3.9054116780165032E-014
           1          14  -5.4599229040425162E-015
           1          15  -1.3631061504305324E-014
           1          16  -1.8157086566586804E-013
           1          17  -7.4473061423533521E-014
           1          18   1.9406209340804739E-014
           1          19   4.2714782263626270E-014
           1          20   7.9201931974716622E-015
           1          21  -4.3255603669076936E-015
           1          22  -1.5647447526629480E-014
           1          23   2.4449073671551595E-015
           1          24  -6.2756075341419243E-015
           1          25  0.34941672791232831     
           1          26  -3.7046387874782543E-015
           1          27  0.34941672791227146     
           1          28  -3.1308331409040810E-015
           1          29   7.2754554680490201E-015
           1          30  0.34941672791234224     
           1          31 -0.21968384767814900     
           1          32  -1.4876304776479536E-015
           1          33 -0.21968384767814797     
           1          34  -4.5309549726273145E-015
           1          35  -4.6248126814803123E-015
           1          36 -0.21968384767814214     
           1          37 -0.38360197326014839     
           1          38   3.5313454488896247E-015
           1          39 -0.38360197326013390     
           1          40   9.5604821831487974E-015
           1          41   1.0448648816993837E-014
           1          42 -0.38360197326014162     
           1          43 -0.15343246423333784     
           1          44  -2.8938545399393258E-015
           1          45 -0.15343246423334433     
           1          46  -9.4689701890251861E-015
           1          47  -5.7467960820580751E-015
           1          48 -0.15343246423334303     
           1          49   8.6313267117732743E-014
           1          50   2.3399343193198673E-014
           1          51   3.6295696550712020E-014
           1          52   4.5385724403825530E-014
           1          53   1.4020841624654535E-015
           1          54   2.3144977851312125E-015
           1          55   2.5637544602671772E-017
           1          56   3.4298741060990695E-014
           1          57   1.3267304626654129E-014
           1          58  -3.8990478598411279E-015
           2           1   5.8755955343855977E-002
           2           2  0.17026159723882708     
           2           3 -0.99350199369492076     
           2           4  0.51848734950517394     
           2           5  0.62173034778187952     
           2           6  0.28535298375016160     
           2           7  -1.8444810329126370E-014
           2           8  -8.3123401795959003E-014
           2           9  -1.4446370691954205E-015
           2          10  -1.5923712500270296E-015
           2          11   2.3460957876308153E-014
           2          12   4.2031692083385873E-015
           2          13   2.2811494526634915E-015
           2          14  -9.5682888825213392E-016
           2          15   4.0846860126752305E-015
           2          16   9.0796337400268896E-015
           2          17  -6.0694502092142078E-015
           2          18  -3.0571897833890943E-015
           2          19  -5.1423981770209500E-016
           2          20   8.7941018028704044E-016
           2          21   9.0253577777717914E-016
           2          22   2.5075644506481656E-016
           2          23  -3.6913807646627654E-016
           2          24   2.3070370770359140E-016
           2          25  0.16858304232134008     
           2          26   3.1062653940702023E-015
           2          27  0.16858304232130064     
           2          28  -2.3781672529994135E-015
           2          29   3.4025870239285033E-015
           2          30  0.16858304232136234     
           2          31 -0.19580237427364086     
           2          32   2.4435849447867962E-015
           2          33 -0.19580237427366023     
           2          34   3.2322459794265269E-015
           2          35  -3.8634939147419917E-016
           2          36 -0.19580237427364083     
           2          37 -0.28694456700883719     
           2          38  -1.0356786815363503E-015
           2          39 -0.28694456700882470     
           2          40  -1.7648525880984092E-015
           2          41  -8.4276663327380185E-016
           2          42 -0.28694456700883547     
           2          43 -0.11060477739766571     
           2          44   6.5643998893007592E-016
           2          45 -0.11060477739767011     
           2          46   8.4931624186670330E-016
           2          47   5.6587471807022357E-016
           2          48 -0.11060477739766617     
           2          49  -6.5585147412326418E-015
           2          50   1.7582877132614019E-015
           2          51  -2.7962372112137319E-015
           2          52   4.9091530273964726E-015
           2          53   4.3349610473991350E-016
           2          54  -1.1721728154362330E-016
           2          55  -3.1605432345089869E-016
           2          56  -1.8262052558411823E-015
           2          57   3.1168433969161887E-015
           2          58   8.0116498203349673E-016
           3           1  -1.8457642715871438     
           3           2 -0.99350199369492076     
           3           3   7.1958257058659392     
           3           4  -4.7110802366436557     
           3           5  -5.4229262809827974     
           3           6  -2.4690643593214197     
           3           7  -9.0682029959276020E-014
           3           8   5.1793219394772106E-013
           3           9   1.6008526279165672E-014
           3          10   1.4890355704177685E-013
           3          11  -2.5238297746732627E-013
           3          12  -6.3599089547941379E-014
           3          13  -5.6388887757580392E-015
           3          14  -2.5595817435244647E-014
           3          15  -2.5635878156153141E-014
           3          16   1.1705507318865974E-014
           3          17   4.9361317767508126E-014
           3          18  -8.3486887677901022E-017
           3          19  -1.6016551885345628E-014
           3          20  -5.3769032723053092E-015
           3          21  -1.9243378870786702E-015
           3          22   6.3362587927439229E-015
           3          23  -6.4544315470061734E-016
           3          24   2.6654998140268490E-015
           3          25  -1.2706188976679593     
           3          26  -2.5411275017681074E-014
           3          27  -1.2706188976675619     
           3          28   2.0690409853537689E-014
           3          29  -3.3959510745108655E-014
           3          30  -1.2706188976681454     
           3          31   1.7721618547379356     
           3          32  -1.7702404506483158E-014
           3          33   1.7721618547380920     
           3          34  -1.9271677332477944E-014
           3          35   3.4650192683473468E-015
           3          36   1.7721618547379168     
           3          37   2.5082922623785424     
           3          38   4.0055468934865131E-015
           3          39   2.5082922623784438     
           3          40   6.3479389586305672E-015
           3          41   1.0350522969305348E-017
           3          42   2.5082922623785358     
           3          43  0.95767988701497841     
           3          44  -2.3603194115333971E-015
           3          45  0.95767988701501516     
           3          46   5.0771868328881785E-016
           3          47  -7.3660754901862311E-016
           3          48  0.95767988701498541     
           3          49   1.2008509561606412E-014
           3          50  -1.5741985501621258E-014
           3          51   5.4916634645690421E-015
           3          52  -3.6466582872848412E-014
           3          53  -2.4500127800890960E-015
           3          54  -6.3074305550110201E-016
           3          55   4.3993663236877411E-015
           3          56  -8.4322192740487952E-017
           3          57  -1.7973712238033753E-014
           3          58   1.6138823771164725E-015
           4           1  0.58006709566096692     
           4           2  0.51848734950517394     
           4           3  -4.7110802366436557     
           4           4   5.8471271397340647     
           4           5   6.1262701649406734     
           4           6   2.7349885037976582     
           4           7   1.4132597616056789E-013
           4           8  -6.1469651244344920E-013
           4           9   4.0368683973538765E-015
           4          10  -1.9477889640142110E-013
           4          11   4.3964183700353046E-013
           4          12   3.9751656896952999E-014
           4          13  -2.7681144152266952E-014
           4          14   9.1806963060400164E-014
           4          15   2.1689005631062347E-014
           4          16   9.7526408862702380E-014
           4          17  -2.9289892639588026E-015
           4          18   6.6117837633248504E-015
           4          19  -9.3983671954469980E-015
           4          20  -1.1393008518751291E-015
           4          21   7.1865218656254171E-016
           4          22   2.0584851284844808E-015
           4          23   1.4666901463701431E-015
           4          24  -9.5020759949754525E-016
           4          25  0.88624800748213362     
           4          26   3.8233353733876323E-014
           4          27  0.88624800748159571     
           4          28  -2.3402239950231009E-014
           4          29   4.1723967680129862E-014
           4          30  0.88624800748235510     
           4          31  -2.1869386880110397     
           4          32   2.1157824752736249E-014
           4          33  -2.1869386880112369     
           4          34   1.9994155776023982E-014
           4          35   2.4247126366341623E-015
           4          36  -2.1869386880109962     
           4          37  -2.8488231037837606     
           4          38  -3.3924499463395601E-015
           4          39  -2.8488231037836624     
           4          40  -1.0010008071427726E-014
           4          41  -5.3213351687073109E-015
           4          42  -2.8488231037837748     
           4          43  -1.0626158723725656     
           4          44   2.6706552182729042E-015
           4          45  -1.0626158723726034     
           4          46   2.1725295897629788E-015
           4          47   3.6834240533159581E-015
           4          48  -1.0626158723725712     
           4          49  -6.4354209011873775E-014
           4          50   1.9137054429219961E-015
           4          51  -2.7308931260684055E-014
           4          52   5.8818379148080139E-015
           4          53   6.2329036102747383E-016
           4          54  -2.6668874034195595E-016
           4          55  -7.0894518969372228E-015
           4          56  -2.0902087959396516E-014
           4          57   6.2922060501097823E-015
           4          58  -5.8343970621417180E-015
           5           1  0.83863357722267584     
           5           2  0.62173034778187952     
           5           3  -5.4229262809827974     
           5           4   6.1262701649406734     
           5           5   6.4890630141799042     
           5           6   2.9038891205411632     
           5           7   2.4125213755654043E-014
           5           8  -1.2830248695529262E-013
           5           9  -6.5095664680787270E-014
           5          10  -1.1454449442487149E-013
           5          11   3.2386231386114056E-013
           5          12   7.5882318811174839E-014
           5          13  -1.0169720719999226E-015
           5          14   9.2985672429316570E-014
           5          15   2.8741849294459045E-014
           5          16   7.9458732980352584E-014
           5          17   6.4706389081312017E-014
           5          18  -7.2899800289467675E-016
           5          19  -4.7815090826048290E-015
           5          20  -9.9202237768803433E-015
           5          21   1.8370241191034474E-015
           5          22   5.7003117023223562E-016
           5          23   3.4040519586622684E-015
           5          24  -1.5554732892452082E-015
           5          25   1.0088942125373719     
           5          26   3.9193018821590007E-014
           5          27   1.0088942125368132     
           5          28  -2.4783414274666988E-014
           5          29   4.3817454997550878E-014
           5          30   1.0088942125376050     
           5          31  -2.2927696993283484     
           5          32   2.2194192846781513E-014
           5          33  -2.2927696993285540     
           5          34   2.1264807021225658E-014
           5          35   1.7176368156901202E-015
           5          36  -2.2927696993283049     
           5          37  -3.0155838429634270     
           5          38  -3.6597180306215062E-015
           5          39  -3.0155838429633222     
           5          40  -1.0069063121601230E-014
           5          41  -4.8007229009359558E-015
           5          42  -3.0155838429634394     
           5          43  -1.1280049385259965     
           5          44   2.7711326288597036E-015
           5          45  -1.1280049385260369     
           5          46   1.7990413866407087E-015
           5          47   3.4483961234225556E-015
           5          48  -1.1280049385260027     
           5          49  -5.7066612457246520E-014
           5          50  -1.7176642149141454E-014
           5          51  -2.4200405361089572E-014
           5          52  -3.6856805626907946E-014
           5          53   2.8899541890127248E-015
           5          54  -1.2326933201096437E-016
           5          55  -5.2881650941214308E-015
           5          56  -1.7477534019484815E-014
           5          57  -1.2950842863009899E-014
           5          58  -1.3945057976824397E-015
           6           1  0.39684422752208770     
           6           2  0.28535298375016160     
           6           3  -2.4690643593214197     
           6           4   2.7349885037976582     
           6           5   2.9038891205411632     
           6           6   1.3001822339729905     
           6           7   1.0280973161317307E-012
           6           8   1.0344779574791897E-012
           6           9  -1.7566802698769292E-013
           6          10  -7.3740203176870286E-013
           6          11  -4.8500257328039766E-013
           6          12   2.6570955103673532E-013
           6          13  -1.7443429966714715E-013
           6          14  -1.0218850881578741E-013
           6          15   9.2041676890623286E-014
           6          16   1.0409112849787017E-013
           6          17   1.2229072376687613E-013
           6          18   1.2661264775326876E-014
           6          19  -1.2107882122325629E-014
           6          20  -1.7560487309753300E-014
           6          21  -2.6290540257546865E-016
           6          22   2.2036390877596498E-015
           6          23   4.1486587958884570E-015
           6          24  -5.4126882848954114E-016
           6          25  0.45833175291171702     
           6          26   1.7412684253495319E-014
           6          27  0.45833175291146810     
           6          28  -1.1090259073875570E-014
           6          29   1.9571181573075017E-014
           6          30  0.45833175291182116     
           6          31  -1.0237163376128671     
           6          32   9.9115834320225362E-015
           6          33  -1.0237163376129590     
           6          34   9.5260012282696671E-015
           6          35   6.8606274966603204E-016
           6          36  -1.0237163376128480     
           6          37  -1.3492995911674943     
           6          38  -1.6450216628848899E-015
           6          39  -1.3492995911674470     
           6          40  -4.4556300925046296E-015
           6          41  -2.0684111912954187E-015
           6          42  -1.3492995911674994     
           6          43 -0.50502824363215515     
           6          44   1.2350536884023044E-015
           6          45 -0.50502824363217336     
           6          46   7.5763249864285473E-016
           6          47   1.4998675231294764E-015
           6          48 -0.50502824363215804     
           6          49  -6.0516390717838140E-014
           6          50  -3.0949266853503705E-014
           6          51  -2.6495659993434500E-014
           6          52  -6.8523430754221804E-014
           6          53  -4.1729602343343038E-015
           6          54  -3.9977484636790143E-017
           6          55  -7.8334975117886581E-015
           6          56  -2.3492816413935339E-014
           6          57  -2.9096611126562567E-014
           6          58  -1.2865444006313845E-014
           7           1  -1.3373425599489019E-014
           7           2  -1.8444810329126370E-014
           7           3  -9.0682029959276020E-014
           7           4   1.4132597616056789E-013
           7           5   2.4125213755654043E-014
           7           6   1.0280973161317307E-012
           7           7   3.1521634669899221     
           7           8   7.0499162063731235E-015
           7           9  -9.8809849191629245E-015
           7          10  -1.5995002577819664     
           7          11  -9.8254737679374206E-015
           7          12   4.3631764867767352E-014
           7          13 -0.32577006829242239     
           7          14  -1.7055801215804617E-014
           7          15   6.7640337775287056E-014
           7          16  0.30897065332598433     
           7          17   8.9993984486723158E-014
           7          18  -5.2717205600849582E-013
           7          19  -4.2343994790676152E-002
           7          20  -2.1268794017647841E-014
           7          21   1.0195642073662631E-013
           7          22   8.3838995880695256E-003
           7          23   9.2018542308460173E-015
           7          24  -2.4525574713468679E-014
           7          25   5.0214312474197702E-014
           7          26   2.9060955565432484E-014
           7          27  -1.6959077813636029E-015
           7          28   2.3253635314875835E-014
           7          29  -3.6717710841858691E-014
           7          30  -7.9610734288590495E-014
           7          31  -9.4524157424408442E-014
           7          32   8.0442468165294209E-015
           7          33  -1.1125747085183505E-013
           7          34   4.5952689741529358E-015
           7          35  -5.0690934542497655E-015
           7          36  -1.0793869422134542E-013
           7          37  -1.7420985943287418E-013
           7          38  -2.3585687110640821E-015
           7          39  -1.6167875517187838E-013
           7          40  -6.1103260423602118E-015
           7          41  -4.4986692218568124E-015
           7          42  -1.6439832573881810E-013
           7          43  -3.3723800283461320E-013
           7          44  -1.9519077644282613E-016
           7          45  -3.3242819214703948E-013
           7          46   1.0146295108493298E-015
           7          47   1.4293601457106925E-015
           7          48  -3.2786029485835765E-013
           7          49 -0.17976837714387400     
           7          50  -1.6525843193892706E-014
           7          51  -8.0394862299695363E-002
           7          52  -4.3949219263871682E-014
           7          53   1.1932468901854055E-013
           7          54  -5.7690493758061613E-016
           7          55   1.1704526237110733E-013
           7          56  -8.0394862299696321E-002
           7          57  -1.4942908022064033E-014
           7          58   2.6051383272829308E-013
           8           1  -1.1330589203696502E-013
           8           2  -8.3123401795959003E-014
           8           3   5.1793219394772106E-013
           8           4  -6.1469651244344920E-013
           8           5  -1.2830248695529262E-013
           8           6   1.0344779574791897E-012
           8           7   7.0499162063731235E-015
           8           8   3.1521634669899159     
           8           9  -2.3786528302593635E-014
           8          10  -3.0586644328427379E-014
           8          11  -1.5995002577819402     
           8          12   7.8742568021538773E-014
           8          13  -2.2731816429201989E-014
           8          14 -0.32577006829238236     
           8          15   1.1558809465128641E-013
           8          16   2.6246539663876522E-013
           8          17  0.30897065332566837     
           8          18  -8.5206321165376409E-013
           8          19  -4.1038570111617658E-014
           8          20  -4.2343994790616846E-002
           8          21   1.7122902488259095E-013
           8          22   8.6469189013865436E-015
           8          23   8.3838995880579671E-003
           8          24  -4.1248674940118345E-014
           8          25  -9.1340306369354130E-014
           8          26   3.9465575299622160E-014
           8          27  -6.3964905287749050E-014
           8          28  -2.6068445964578879E-015
           8          29  -8.9744097791497514E-015
           8          30  -8.8109708258983280E-014
           8          31   1.2643989454581614E-013
           8          32   5.6746933259669590E-015
           8          33   1.3222925575445218E-013
           8          34  -3.7409221200032135E-015
           8          35  -5.2668234863078328E-015
           8          36   1.0965117737768960E-013
           8          37  -6.7533900724338945E-014
           8          38   4.7718328792226055E-015
           8          39  -6.4645054610410750E-014
           8          40  -2.1189414841050047E-016
           8          41  -2.1334838935962593E-015
           8          42  -4.4729681538551998E-014
           8          43  -3.3984081027320016E-013
           8          44  -4.5579283090198819E-015
           8          45  -3.3489257124981945E-013
           8          46   2.1667436636772611E-016
           8          47   1.8554777676197269E-015
           8          48  -3.4471187990686420E-013
           8          49  -1.4126547154269410E-013
           8          50  -8.0394862299624240E-002
           8          51  -5.8035173888803576E-014
           8          52 -0.17976837714371127     
           8          53   1.8736227846982695E-013
           8          54   8.7113277700007864E-016
           8          55   1.8702921156243953E-013
           8          56  -6.3677361994418217E-014
           8          57  -8.0394862299624892E-002
           8          58   4.2078840412074214E-013
           9           1   1.1800221629887220E-015
           9           2  -1.4446370691954205E-015
           9           3   1.6008526279165672E-014
           9           4   4.0368683973538765E-015
           9           5  -6.5095664680787270E-014
           9           6  -1.7566802698769292E-013
           9           7  -9.8809849191629245E-015
           9           8  -2.3786528302593635E-014
           9           9   3.1521634669899425     
           9          10   1.0436096431475236E-014
           9          11   2.9226621123256760E-014
           9          12  -1.5995002577819717     
           9          13   4.6074255521938522E-015
           9          14   1.2892464873459564E-014
           9          15 -0.32577006829241584     
           9          16  -1.7316009737200968E-014
           9          17  -1.2278372762963856E-013
           9          18  0.30897065332589402     
           9          19   1.2160411566597885E-015
           9          20   2.1883102968578459E-014
           9          21  -4.2343994790656397E-002
           9          22   2.0824813228015224E-015
           9          23  -8.6808950869668555E-015
           9          24   8.3838995880655097E-003
           9          25   1.8401137582904197E-014
           9          26  -6.7057817776269324E-014
           9          27   2.3293714470638068E-014
           9          28  -1.8944877864664691E-014
           9          29   1.0744244645851177E-014
           9          30  -6.0178533156246191E-014
           9          31   1.9261208669322633E-014
           9          32  -2.1104581708270306E-014
           9          33   2.3148871733612984E-014
           9          34   7.0522987018974594E-016
           9          35   3.8656743902046892E-015
           9          36  -1.3476957906498743E-014
           9          37   4.5938464786573515E-014
           9          38   8.3708352202434719E-015
           9          39   4.2291224610855397E-014
           9          40   3.4540711031884175E-015
           9          41   4.4039879547801598E-015
           9          42   4.9889269038944544E-014
           9          43   5.9345393656952340E-014
           9          44  -3.4214692239309950E-015
           9          45   6.0556923314649543E-014
           9          46  -6.4019442719151185E-016
           9          47  -2.6162635524688352E-016
           9          48   6.2662643164146271E-014
           9          49   1.3534312559571393E-014
           9          50   2.4906292306337043E-014
           9          51   4.3368086899421645E-015
           9          52   6.7642072498763715E-014
           9          53  -8.0394862299679820E-002
           9          54   3.5539892708310596E-015
           9          55  -8.0394862299676698E-002
           9          56   4.1355807667288296E-015
           9          57   2.6610658121484240E-014
           9          58 -0.17976837714380878     
          10           1   4.6732014031661390E-016
          10           2  -1.5923712500270296E-015
          10           3   1.4890355704177685E-013
          10           4  -1.9477889640142110E-013
          10           5  -1.1454449442487149E-013
          10           6  -7.3740203176870286E-013
          10           7  -1.5995002577819664     
          10           8  -3.0586644328427379E-014
          10           9   1.0436096431475236E-014
          10          10   1.9292410265690980     
          10          11   2.1871393585121693E-014
          10          12  -3.2751579226440452E-014
          10          13  0.62054031844075874     
          10          14   1.4085954624932507E-014
          10          15  -4.0023540037736111E-014
          10          16   3.7927754314001180E-002
          10          17  -4.1721834320716099E-014
          10          18   3.5160763189878718E-013
          10          19  -2.8168289990152624E-004
          10          20   8.8533781000817487E-015
          10          21  -6.7060506453442351E-014
          10          22  -1.4536952513458052E-004
          10          23  -4.8796145075967420E-015
          10          24   1.7156577807736438E-014
          10          25  -7.8637270837521297E-014
          10          26  -3.9990037767300739E-014
          10          27  -1.6587349774303890E-014
          10          28  -3.1605665772385679E-014
          10          29   4.8581866303384972E-014
          10          30   8.0025538433508346E-014
          10          31   9.4917709985306055E-014
          10          32  -1.3861878707793204E-014
          10          33   1.1313726016931152E-013
          10          34  -6.6374495716616983E-015
          10          35   1.1049354866354187E-014
          10          36   1.2110639969223824E-013
          10          37   1.6396589031307317E-013
          10          38   5.2891605860195586E-015
          10          39   1.5441082583482660E-013
          10          40   5.6492136056333862E-015
          10          41   2.7514529954538222E-015
          10          42   1.5192185796599394E-013
          10          43   2.4508433016520249E-013
          10          44  -7.2577606266254543E-016
          10          45   2.4120953393965346E-013
          10          46  -4.5632537998469541E-016
          10          47  -1.1577390268065831E-015
          10          48   2.4175906685044691E-013
          10          49  -5.5492431275204909E-002
          10          50   6.4219463080656949E-015
          10          51  -2.4816969713624834E-002
          10          52   2.2625998297164567E-014
          10          53  -8.1205875357426167E-014
          10          54   2.0769024576857738E-015
          10          55  -7.5727618620291815E-014
          10          56  -2.4816969713625014E-002
          10          57   6.2883726004156922E-015
          10          58  -1.7493645421140524E-013
          11           1   4.5401670899104302E-014
          11           2   2.3460957876308153E-014
          11           3  -2.5238297746732627E-013
          11           4   4.3964183700353046E-013
          11           5   3.2386231386114056E-013
          11           6  -4.8500257328039766E-013
          11           7  -9.8254737679374206E-015
          11           8  -1.5995002577819402     
          11           9   2.9226621123256760E-014
          11          10   2.1871393585121693E-014
          11          11   1.9292410265690589     
          11          12  -6.1672889017926789E-014
          11          13   2.8171909249890381E-015
          11          14  0.62054031844071533     
          11          15  -8.6902707252533825E-014
          11          16  -1.2438487739796263E-013
          11          17   3.7927754314260341E-002
          11          18   5.9757927772796648E-013
          11          19   2.0080725277038294E-014
          11          20  -2.8168289995491604E-004
          11          21  -1.2039208605735261E-013
          11          22  -5.3721404495026868E-015
          11          23  -1.4536952512395773E-004
          11          24   2.9089984544469735E-014
          11          25   5.1367152250174635E-014
          11          26  -4.5822773693782328E-014
          11          27   1.6553655540699168E-014
          11          28   7.9487913236004086E-015
          11          29   1.4525192857238312E-014
          11          30   4.9280523155397034E-014
          11          31  -1.2039178973748855E-013
          11          32  -1.4760763764458108E-014
          11          33  -1.3734910056046500E-013
          11          34   3.6184380732961378E-015
          11          35   4.8558585420605491E-015
          11          36  -1.1986497618784787E-013
          11          37  -6.7909385504872874E-014
          11          38   9.7274436986535851E-016
          11          39  -5.9242749283944524E-014
          11          40  -2.1035701965197155E-016
          11          41   2.3343483993291492E-015
          11          42  -7.8267040778244422E-014
          11          43   1.5354133197407301E-013
          11          44   1.0956684975463241E-015
          11          45   1.4589641930653682E-013
          11          46   4.2303518619556746E-016
          11          47  -9.6124863874718262E-016
          11          48   1.5283905803314568E-013
          11          49   7.1314482097404848E-014
          11          50  -2.4816969713680137E-002
          11          51   2.7423376069978629E-014
          11          52  -5.5492431275332044E-002
          11          53  -1.3228914491625327E-013
          11          54  -6.3937721526726662E-017
          11          55  -1.2796968346107117E-013
          11          56   3.1904166808426842E-014
          11          57  -2.4816969713680730E-002
          11          58  -2.9585535410436852E-013
          12           1   2.0115279659005481E-014
          12           2   4.2031692083385873E-015
          12           3  -6.3599089547941379E-014
          12           4   3.9751656896952999E-014
          12           5   7.5882318811174839E-014
          12           6   2.6570955103673532E-013
          12           7   4.3631764867767352E-014
          12           8   7.8742568021538773E-014
          12           9  -1.5995002577819717     
          12          10  -3.2751579226440452E-014
          12          11  -6.1672889017926789E-014
          12          12   1.9292410265690800     
          12          13  -1.1435297153638377E-014
          12          14  -2.2037927038809269E-014
          12          15  0.62054031844071911     
          12          16  -1.6792123247449052E-015
          12          17   1.0923553728225977E-013
          12          18   3.7927754314241093E-002
          12          19   2.8618600544926744E-015
          12          20  -2.0848882516244546E-014
          12          21  -2.8168289995036911E-004
          12          22  -2.9329837170077724E-015
          12          23   9.8108370386040969E-015
          12          24  -1.4536952512487784E-004
          12          25  -2.1508075173680991E-014
          12          26   9.2403345363766028E-014
          12          27  -3.0125993206287293E-014
          12          28   2.6266909511192418E-014
          12          29  -1.3400208880206964E-014
          12          30   8.6763190144902838E-014
          12          31  -4.1349093435389494E-014
          12          32   2.7623033484853586E-014
          12          33  -4.3538808907572566E-014
          12          34  -1.1718340917579280E-015
          12          35  -5.2156601121613614E-015
          12          36   5.0247189329466317E-015
          12          37  -6.2291147314325863E-014
          12          38  -1.0315813092792565E-014
          12          39  -6.0343019262202210E-014
          12          40  -3.7754803097728226E-015
          12          41  -4.8051568247112421E-015
          12          42  -7.2791093337783661E-014
          12          43  -9.0376054293099394E-014
          12          44   4.1234978149705262E-015
          12          45  -9.0973222170245325E-014
          12          46   8.4886425959830589E-016
          12          47  -1.5557470829446689E-016
          12          48  -9.0270038474483637E-014
          12          49  -4.3298697960385728E-015
          12          50  -2.0661423960621808E-014
          12          51   5.2388648974479754E-016
          12          52  -5.9782040429112827E-014
          12          53  -2.4816969713674218E-002
          12          54  -4.1802794682087078E-015
          12          55  -2.4816969713680463E-002
          12          56  -2.1510571102128787E-016
          12          57  -2.0229477815103561E-014
          12          58  -5.5492431275337220E-002
          13           1   3.9054116780165032E-014
          13           2   2.2811494526634915E-015
          13           3  -5.6388887757580392E-015
          13           4  -2.7681144152266952E-014
          13           5  -1.0169720719999226E-015
          13           6  -1.7443429966714715E-013
          13           7 -0.32577006829242239     
          13           8  -2.2731816429201989E-014
          13           9   4.6074255521938522E-015
          13          10  0.62054031844075874     
          13          11   2.8171909249890381E-015
          13          12  -1.1435297153638377E-014
          13          13  0.21909855562675262     
          13          14   7.4940054162234906E-016
          13          15  -1.0227929614358908E-014
          13          16   4.7379082552442442E-002
          13          17  -1.0638191716426845E-014
          13          18   8.8540286213856272E-014
          13          19  -4.4906960038193942E-003
          13          20   1.7647016660458617E-015
          13          21  -1.6760030863149896E-014
          13          22   8.0720451003403091E-004
          13          23  -1.1052966810038620E-015
          13          24   4.4504195250913173E-015
          13          25  -1.6314229788709779E-014
          13          26  -1.3285890337008107E-014
          13          27   3.5959978313429202E-015
          13          28  -1.0470831106369929E-014
          13          29   1.5994326541086924E-014
          13          30   3.4897360097604135E-014
          13          31   1.4973712300594910E-014
          13          32  -4.8150407064272120E-015
          13          33   2.0665808179027999E-014
          13          34  -2.2287425679778402E-015
          13          35   3.9768770838409052E-015
          13          36   2.4254849611513906E-014
          13          37   2.8840109546777207E-014
          13          38   1.9106915928824701E-015
          13          39   2.6243048688114044E-014
          13          40   1.6696338618411297E-015
          13          41   6.5584284446131973E-016
          13          42   2.4948168875502318E-014
          13          43   5.7345039044042313E-014
          13          44  -3.1580191145507610E-016
          13          45   5.6263779214317793E-014
          13          46  -8.1020054465927089E-017
          13          47  -3.2386727824815930E-016
          13          48   5.6959680904306393E-014
          13          49  -4.1181541844039285E-002
          13          50   1.8175565219545024E-015
          13          51  -1.8416945396306342E-002
          13          52   6.7081756816019028E-015
          13          53  -2.0667495492787626E-014
          13          54   7.8636536886161025E-016
          13          55  -1.8671696133676483E-014
          13          56  -1.8416945396306519E-002
          13          57   1.9268441009411351E-015
          13          58  -4.4160855527941629E-014
          14           1  -5.4599229040425162E-015
          14           2  -9.5682888825213392E-016
          14           3  -2.5595817435244647E-014
          14           4   9.1806963060400164E-014
          14           5   9.2985672429316570E-014
          14           6  -1.0218850881578741E-013
          14           7  -1.7055801215804617E-014
          14           8 -0.32577006829238236     
          14           9   1.2892464873459564E-014
          14          10   1.4085954624932507E-014
          14          11  0.62054031844071533     
          14          12  -2.2037927038809269E-014
          14          13   7.4940054162234906E-016
          14          14  0.21909855562672984     
          14          15  -2.5167368189471473E-014
          14          16  -2.4669502551865852E-014
          14          17   4.7379082552515675E-002
          14          18   1.5511984058358408E-013
          14          19   4.0985010524296723E-015
          14          20  -4.4906960038351238E-003
          14          21  -3.1325419688754685E-014
          14          22  -1.3265349105631636E-015
          14          23   8.0720451003718822E-004
          14          24   7.5834249903955455E-015
          14          25   6.9887495010689711E-015
          14          26  -1.4586492864626898E-014
          14          27  -4.3627711935235706E-015
          14          28   2.9683811528129953E-015
          14          29   4.9891025096837600E-015
          14          30   6.4726629634850936E-015
