           1           1  0.47796678348254290     
           1           2  0.78611412909530975     
           1           3  -1.1742588938800325     
           1           4   1.0021265691255394     
           1           5  -4.6539344066275634E-002
           1           6  -5.8325341722288357E-003
           1           7   4.6234217692956207E-014
           1           8  -6.6986419474927960E-014
           1           9  -1.2513421905965325E-013
           1          10   2.6297569254457649E-015
           1          11  -5.1424469330636371E-015
           1          12  -1.9799336843868726E-014
           1          13  -4.6971121998738589E-016
           1          14   1.4115540034431393E-015
           1          15   3.2256274500577343E-015
           1          16  -1.3694293533722983E-015
           1          17  -1.6891673878589040E-015
           1          18  -1.8248063015918918E-015
           1          19   7.1464906828701769E-002
           1          20  -1.0102571362762130E-015
           1          21   7.1464906828696925E-002
           1          22  -8.0836007732873807E-016
           1          23   1.1706050722387078E-015
           1          24   7.1464906828701075E-002
           1          25 -0.23538415341602836     
           1          26  -9.6416075585844882E-016
           1          27 -0.23538415341603020     
           1          28   7.4850444279273373E-017
           1          29  -2.5430194140593774E-015
           1          30 -0.23538415341602995     
           1          31   5.3962427294228545E-003
           1          32   5.3842204052803711E-017
           1          33   5.3962427294225596E-003
           1          34  -4.6522608117519309E-016
           1          35   1.3570634380153275E-015
           1          36   5.3962427294187050E-003
           1          37  -4.4415535093282565E-015
           1          38   2.5946749977435497E-015
           1          39  -3.4136810180705919E-015
           1          40   8.0218837624239520E-015
           1          41   9.7670314665332626E-015
           1          42  -3.8438415245460124E-016
           1          43   8.9669258524709189E-015
           1          44  -9.2882116161546186E-016
           1          45   5.5363608926806769E-015
           1          46   2.0151721945466747E-014
           2           1  0.78611412909530975     
           2           2   1.3680793349155027     
           2           3  -2.8480104920556242     
           2           4   2.4018862372044296     
           2           5 -0.10535856988190039     
           2           6  -1.0659865191574117E-002
           2           7   1.2398029793108494E-013
           2           8  -1.8292420547726401E-013
           2           9  -3.4024446241182976E-013
           2          10   1.2031049665836522E-014
           2          11  -1.8435956925952167E-014
           2          12  -4.8269585665539881E-014
           2          13  -1.6374128766453215E-015
           2          14   4.0870265910585617E-015
           2          15   7.8737485035688029E-015
           2          16  -2.0448789060927818E-015
           2          17  -2.7413438378785532E-015
           2          18  -3.3434423264211685E-015
           2          19  0.15157197372706527     
           2          20  -2.4104078978774250E-015
           2          21  0.15157197372705633     
           2          22  -2.0011993570119676E-015
           2          23   1.2428553494295765E-015
           2          24  0.15157197372706530     
           2          25 -0.57039895232784565     
           2          26  -1.2323017930887151E-015
           2          27 -0.57039895232785121     
           2          28   9.9458149244837084E-016
           2          29  -4.3371361935622718E-015
           2          30 -0.57039895232785187     
           2          31   1.0918602053188287E-002
           2          32   3.4066750484877781E-016
           2          33   1.0918602053186574E-002
           2          34  -7.7637594371448671E-016
           2          35   3.1204116839301676E-015
           2          36   1.0918602053180008E-002
           2          37  -1.5497107810435835E-014
           2          38   9.6824438646904026E-015
           2          39  -9.3937288718271919E-015
           2          40   2.4257575725793278E-014
           2          41   2.4755958554568183E-014
           2          42  -9.7554556166443642E-016
           2          43   2.3655856854195894E-014
           2          44  -5.7159710550314782E-015
           2          45   1.3346223839152760E-014
           2          46   5.2660808285397872E-014
           3           1  -1.1742588938800325     
           3           2  -2.8480104920556242     
           3           3   14.066511371428987     
           3           4  -11.655188509968511     
           3           5  0.46581376342494213     
           3           6   2.7345007292353386E-002
           3           7  -8.2429003773672485E-013
           3           8   8.1541653148223125E-013
           3           9   1.8657004563673236E-012
           3          10  -1.1814527250932018E-013
           3          11   1.0112166829946821E-013
           3          12   2.2876322175257926E-013
           3          13   1.5007514932940307E-014
           3          14  -1.8797263221220141E-014
           3          15  -3.7116396281194887E-014
           3          16   6.7994464970656081E-017
           3          17   2.2615981357973576E-015
           3          18   8.1609367193444931E-015
           3          19 -0.59070043275471273     
           3          20   1.1615996075462961E-014
           3          21 -0.59070043275468886     
           3          22   1.0178959967850360E-014
           3          23   5.4483045073616994E-015
           3          24 -0.59070043275472517     
           3          25   2.8136496956158092     
           3          26  -1.9426282619909501E-015
           3          27   2.8136496956158443     
           3          28  -1.0813844352644464E-014
           3          29   8.1336481541843504E-015
           3          30   2.8136496956158576     
           3          31  -3.8181803230972755E-002
           3          32  -3.2074675388007978E-015
           3          33  -3.8181803230957059E-002
           3          34   1.2797729454692850E-015
           3          35  -1.4170936974104643E-014
           3          36  -3.8181803230944826E-002
           3          37   1.3041938726653699E-013
           3          38  -5.5977598553058070E-014
           3          39   6.3242436931057066E-014
           3          40  -1.1788585271484087E-013
           3          41  -1.2435002628072362E-013
           3          42   5.1323803724355622E-015
           3          43  -1.2501703340495639E-013
           3          44   6.2127777921563010E-014
           3          45  -4.8879442657799077E-014
           3          46  -2.7489728028210272E-013
           4           1   1.0021265691255394     
           4           2   2.4018862372044296     
           4           3  -11.655188509968511     
           4           4   9.6594601182916424     
           4           5 -0.38655005578618573     
           4           6  -2.2929912611036756E-002
           4           7   8.3943637876880595E-013
           4           8  -4.4133397120566363E-013
           4           9  -1.5212232028789428E-012
           4          10   1.1955306566693381E-013
           4          11  -5.0639122733786316E-014
           4          12  -1.8646943162917728E-013
           4          13  -1.6523941772899490E-014
           4          14   9.4192379643022967E-015
           4          15   3.0178521339713721E-014
           4          16   8.0123413939630314E-016
           4          17  -5.6427506747034048E-016
           4          18  -6.7140603150367949E-015
           4          19  0.49114125175503043     
           4          20  -9.6278613584084739E-015
           4          21  0.49114125175501039     
           4          22  -8.4308772707500962E-015
           4          23  -4.3895795969062728E-015
           4          24  0.49114125175504064     
           4          25  -2.3313642039936400     
           4          26   1.5231650538049487E-015
           4          27  -2.3313642039936688     
           4          28   8.8965588864296216E-015
           4          29  -6.8824290383894784E-015
           4          30  -2.3313642039936799     
           4          31   3.1806108569804939E-002
           4          32   2.6412148796189085E-015
           4          33   3.1806108569792012E-002
           4          34  -1.0878990901078002E-015
           4          35   1.1755075342080685E-014
           4          36   3.1806108569781659E-002
           4          37  -1.3216018272208586E-013
           4          38   2.9937472027331920E-014
           4          39  -6.3256089598494295E-014
           4          40   6.1124050776617732E-014
           4          41   1.0143574780508348E-013
           4          42  -4.2491905831449516E-015
           4          43   1.0192272814223284E-013
           4          44  -6.2148923876456970E-014
           4          45   2.4327375278247866E-014
           4          46   2.2409138911540205E-013
           5           1  -4.6539344066275634E-002
           5           2 -0.10535856988190039     
           5           3  0.46581376342494213     
           5           4 -0.38655005578618573     
           5           5   1.5579641716390426E-002
           5           6   9.7704069785513412E-004
           5           7  -7.4844956591925173E-015
           5           8   3.5004648250738794E-014
           5           9   6.3028219477915952E-014
           5          10  -1.0480775721054267E-015
           5          11   4.4091088082987913E-015
           5          12   7.8511799102426362E-015
           5          13  -2.6546096327571844E-017
           5          14  -8.2976783724733729E-016
           5          15  -1.2805173495083123E-015
           5          16   1.4747684789103116E-016
           5          17   1.5392789662731809E-016
           5          18   3.0461323457627973E-016
           5          19  -2.0007370634681547E-002
           5          20   3.8548188699009718E-016
           5          21  -2.0007370634680693E-002
           5          22   3.3624378974658783E-016
           5          23   1.4767797880530781E-016
           5          24  -2.0007370634681925E-002
           5          25   9.3184397676038366E-002
           5          26  -4.1641138159109411E-017
           5          27   9.3184397676039518E-002
           5          28  -3.4142433147641880E-016
           5          29   3.0689614025914808E-016
           5          30   9.3184397676039921E-002
           5          31  -1.3088898595087950E-003
           5          32  -1.0190641086131070E-016
           5          33  -1.3088898595082956E-003
           5          34   4.9599362459752938E-017
           5          35  -4.7277869863465769E-016
           5          36  -1.3088898595078335E-003
           5          37   1.1795552350509958E-015
           5          38  -2.3697236712887419E-015
           5          39   7.1082821431799571E-016
           5          40  -5.1146269473607552E-015
           5          41  -4.2349670556010844E-015
           5          42   1.6907162729539621E-016
           5          43  -4.2398157938122329E-015
           5          44   6.2573475813643715E-016
           5          45  -2.2058624184483416E-015
           5          46  -9.3364085148939850E-015
           6           1  -5.8325341722288357E-003
           6           2  -1.0659865191574117E-002
           6           3   2.7345007292353386E-002
           6           4  -2.2929912611036756E-002
           6           5   9.7704069785513412E-004
           6           6   8.6324019079258392E-005
           6           7  -3.8886258504425958E-014
           6           8  -9.2598285796178260E-015
           6           9   2.0058996205418909E-014
           6          10  -5.4280446280832704E-015
           6          11  -1.3559446735643109E-015
           6          12   2.7992483718112650E-015
           6          13   1.0053620111986925E-015
           6          14   2.4913405014925300E-016
           6          15  -5.1186540366225610E-016
           6          16  -2.1521432263186935E-016
           6          17  -4.7496012823464450E-017
           6          18   1.2824843664875548E-016
           6          19  -1.3552931161077426E-003
           6          20   2.2960255523553648E-017
           6          21  -1.3552931161076695E-003
           6          22   1.9401168805507665E-017
           6          23  -4.5950014675740981E-018
           6          24  -1.3552931161077506E-003
           6          25   5.4743798617412683E-003
           6          26   6.7469043855118049E-018
           6          27   5.4743798617413256E-003
           6          28  -1.3286989862864727E-017
           6          29   3.3227339831970160E-017
           6          30   5.4743798617413386E-003
           6          31  -9.4862109866421869E-005
           6          32  -4.2366439901743295E-018
           6          33  -9.4862109866400836E-005
           6          34   5.8363190929602876E-018
           6          35  -2.9174510889532761E-017
           6          36  -9.4862109866350583E-005
           6          37   6.0226122213490214E-015
           6          38   6.6392557656581408E-016
           6          39   2.7124535949391838E-015
           6          40   1.4723197052735498E-015
           6          41  -1.3983815359055969E-015
           6          42   9.5655682076765708E-018
           6          43  -1.3916825404162106E-015
           6          44   2.6879399689795939E-015
           6          45   6.4470378838365715E-016
           6          46  -3.1074290891946971E-015
           7           1   4.6234217692956207E-014
           7           2   1.2398029793108494E-013
           7           3  -8.2429003773672485E-013
           7           4   8.3943637876880595E-013
           7           5  -7.4844956591925173E-015
           7           6  -3.8886258504425958E-014
           7           7   1.7293831741884713     
           7           8  0.45025504519727555     
           7           9 -0.37851617841259899     
           7          10  0.24288294150698925     
           7          11   6.3235997341776318E-002
           7          12  -5.3160643744524623E-002
           7          13  -4.5362453799580219E-002
           7          14  -1.1810380712988018E-002
           7          15   9.9286398248231659E-003
           7          16   1.0520173691113674E-002
           7          17   2.7389888785071398E-003
           7          18  -2.3025874203170134E-003
           7          19   2.6580463896575413E-014
           7          20  -1.5898816034410949E-015
           7          21   2.5914580005405284E-014
           7          22   3.0470296954568138E-015
           7          23   4.8115050158583107E-015
           7          24   2.4211805109107183E-014
           7          25  -2.0755099110339191E-013
           7          26   5.5445955675628334E-015
           7          27  -2.0876595558145933E-013
           7          28  -3.8515490619768983E-015
           7          29   2.5723895138030535E-015
           7          30  -2.0680209526906000E-013
           7          31   1.4844569731819125E-014
           7          32   2.5736659188598343E-015
           7          33   1.5402522518470455E-014
           7          34  -4.5156462895542997E-015
           7          35   5.2944626988806213E-015
           7          36   1.0492541900856597E-014
           7          37 -0.26886661123613609     
           7          38  -3.1305398023965550E-002
           7          39 -0.12024080392080233     
           7          40  -7.0000998044271873E-002
           7          41   2.6317527699271228E-002
           7          42  -3.8575327535239068E-015
           7          43   2.6317527699268255E-002
           7          44 -0.12024080392079975     
           7          45  -3.1305398023966431E-002
           7          46   5.8847780935296336E-002
           8           1  -6.6986419474927960E-014
           8           2  -1.8292420547726401E-013
           8           3   8.1541653148223125E-013
           8           4  -4.4133397120566363E-013
           8           5   3.5004648250738794E-014
           8           6  -9.2598285796178260E-015
           8           7  0.45025504519727555     
           8           8   2.0356526289819601     
           8           9  0.27107336621193862     
           8          10   6.3235997341764036E-002
           8          11  0.28589690578292304     
           8          12   3.8070855280893184E-002
           8          13  -1.1810380712984667E-002
           8          14  -5.3396031436195895E-002
           8          15  -7.1103693123727848E-003
           8          16   2.7389888785086438E-003
           8          17   1.2383270261506591E-002
           8          18   1.6489919285360690E-003
           8          19  -5.4619325827329720E-014
           8          20  -1.1330894790919782E-015
           8          21  -5.6436945597792393E-014
           8          22  -3.0500920311327020E-015
           8          23   3.9822327831606960E-016
           8          24  -5.2491212129585078E-014
           8          25   9.6055684184304202E-014
           8          26  -1.7266897387542755E-015
           8          27   9.6430764866268191E-014
           8          28   3.9732996446963589E-016
           8          29  -5.4395944416442864E-015
           8          30   9.4133209182202201E-014
           8          31  -1.2777614426280493E-016
           8          32  -3.3804202003612389E-015
           8          33   1.9203960981980446E-015
           8          34   3.8074034784797653E-015
           8          35   1.9045267585889211E-016
           8          36   1.8456943570901113E-015
           8          37  -7.0000998044268112E-002
           8          38 -0.14153515095180685     
           8          39  -3.1305398023958958E-002
           8          40 -0.31648221873393056     
           8          41  -1.8847228284234612E-002
           8          42   1.4900197425461797E-015
           8          43  -1.8847228284229297E-002
           8          44  -3.1305398023963434E-002
           8          45 -0.14153515095180516     
           8          46  -4.2143683630994772E-002
           9           1  -1.2513421905965325E-013
           9           2  -3.4024446241182976E-013
           9           3   1.8657004563673236E-012
           9           4  -1.5212232028789428E-012
           9           5   6.3028219477915952E-014
           9           6   2.0058996205418909E-014
           9           7 -0.37851617841259899     
           9           8  0.27107336621193862     
           9           9   2.1302181870063639     
           9          10  -5.3160643744556028E-002
           9          11   3.8070855280887848E-002
           9          12  0.29917815035671264     
           9          13   9.9286398248298359E-003
           9          14  -7.1103693123731179E-003
           9          15  -5.5876526112523674E-002
           9          16  -2.3025874203138302E-003
           9          17   1.6489919285383016E-003
           9          18   1.2958530915389902E-002
           9          19  -8.3876698277912509E-014
           9          20   1.5507941489251626E-015
           9          21  -8.2848355597873535E-014
           9          22  -6.7047165978195936E-015
           9          23  -7.1932126397967116E-015
           9          24  -8.4772961546534363E-014
           9          25   3.6096748691081283E-013
           9          26  -6.0868944208283313E-015
           9          27   3.6358313314036412E-013
           9          28   4.9200004514911394E-016
           9          29  -4.5499991805951265E-015
           9          30   3.5937256819251720E-013
           9          31  -1.7268699799111385E-014
           9          32  -4.7920585741980963E-015
           9          33  -1.4917331719222589E-014
           9          34   5.7428731191727054E-015
           9          35  -4.2388700677522901E-015
           9          36  -7.1756962087898520E-015
           9          37   5.8847780935313093E-002
           9          38  -1.8847228284231431E-002
           9          39   2.6317527699278774E-002
           9          40  -4.2143683630998456E-002
           9          41 -0.14811011877257568     
           9          42   1.5462063584454299E-015
           9          43 -0.14811011877256849     
           9          44   2.6317527699272043E-002
           9          45  -1.8847228284229654E-002
           9          46 -0.33118429373104291     
          10           1   2.6297569254457649E-015
          10           2   1.2031049665836522E-014
          10           3  -1.1814527250932018E-013
          10           4   1.1955306566693381E-013
          10           5  -1.0480775721054267E-015
          10           6  -5.4280446280832704E-015
          10           7  0.24288294150698925     
          10           8   6.3235997341764036E-002
          10           9  -5.3160643744556028E-002
          10          10   3.4111655621242042E-002
          10          11   8.8811694670879841E-003
          10          12  -7.4661380530303611E-003
          10          13  -6.3709225215442099E-003
          10          14  -1.6587070180291009E-003
          10          15   1.3944262219093228E-003
          10          16   1.4775041005364044E-003
          10          17   3.8467685212613520E-004
          10          18  -3.2338651958157541E-004
          10          19   3.5960929040150432E-015
          10          20  -2.2329066586000965E-016
          10          21   3.5025729481120491E-015
          10          22   4.2793959507502065E-016
          10          23   6.7575104740783590E-016
          10          24   3.2634270019100488E-015
          10          25  -2.9619740665105082E-014
          10          26   7.7870983193085768E-016
          10          27  -2.9790376155645255E-014
          10          28  -5.4093018799630125E-016
          10          29   3.6127883116908801E-016
          10          30  -2.9514562110207798E-014
          10          31   2.0676820559231855E-015
          10          32   3.6145809567180219E-016
          10          33   2.1460436452265137E-015
          10          34  -6.3419921621869156E-016
          10          35   7.4357996145454291E-016
          10          36   1.4564622077824899E-015
          10          37  -3.7760927933563906E-002
          10          38  -4.3966815860086387E-003
          10          39  -1.6887200350583983E-002
          10          40  -9.8312789017365367E-003
          10          41   3.6961609411934066E-003
          10          42  -5.4177056659240007E-016
          10          43   3.6961609411929877E-003
          10          44  -1.6887200350583619E-002
          10          45  -4.3966815860087645E-003
          10          46   8.2648671202869665E-003
          11           1  -5.1424469330636371E-015
          11           2  -1.8435956925952167E-014
          11           3   1.0112166829946821E-013
          11           4  -5.0639122733786316E-014
          11           5   4.4091088082987913E-015
          11           6  -1.3559446735643109E-015
          11           7   6.3235997341776318E-002
          11           8  0.28589690578292304     
          11           9   3.8070855280887848E-002
          11          10   8.8811694670879841E-003
          11          11   4.0152744909688579E-002
          11          12   5.3468551413690130E-003
          11          13  -1.6587070180289537E-003
          11          14  -7.4991970394922324E-003
          11          15  -9.9861467346580059E-004
          11          16   3.8467685212642132E-004
          11          17   1.7391663984483261E-003
          11          18   2.3159240595243681E-004
          11          19  -6.9248270742206440E-015
          11          20  -1.5913656948909178E-016
          11          21  -7.1801023902872823E-015
          11          22  -4.2836968431593084E-016
          11          23   5.5928404218153592E-017
          11          24  -6.6259444885195295E-015
          11          25   1.0806149906518492E-014
          11          26  -2.4250466240093129E-016
          11          27   1.0858828052517298E-014
          11          28   5.5802942898686779E-017
          11          29  -7.6396296570392046E-016
          11          30   1.0536148214323656E-014
          11          31   3.6720483834166227E-017
          11          32  -4.7476257086780111E-016
          11          33   3.2437570471674139E-016
          11          34   5.3473016862839589E-016
          11          35   2.6748095402465803E-017
          11          36   3.1388423071203804E-016
          11          37  -9.8312789017379228E-003
          11          38  -1.9877881491439424E-002
          11          39  -4.3966815860085728E-003
          11          40  -4.4448294263542951E-002
          11          41  -2.6469959423972007E-003
          11          42   2.0926558288206970E-016
          11          43  -2.6469959423964561E-003
          11          44  -4.3966815860091990E-003
          11          45  -1.9877881491439188E-002
          11          46  -5.9188628633647777E-003
          12           1  -1.9799336843868726E-014
          12           2  -4.8269585665539881E-014
          12           3   2.2876322175257926E-013
          12           4  -1.8646943162917728E-013
          12           5   7.8511799102426362E-015
          12           6   2.7992483718112650E-015
          12           7  -5.3160643744524623E-002
          12           8   3.8070855280893184E-002
          12           9  0.29917815035671264     
          12          10  -7.4661380530303611E-003
          12          11   5.3468551413690130E-003
          12          12   4.2018027165869998E-002
          12          13   1.3944262219094351E-003
          12          14  -9.9861467346598642E-004
          12          15  -7.8475697150047104E-003
          12          16  -3.2338651958093719E-004
          12          17   2.3159240595278273E-004
          12          18   1.8199587883788197E-003
          12          19  -1.0674796110920884E-014
          12          20   2.1780103460265448E-016
          12          21  -1.0530370688762957E-014
          12          22  -9.4164284327163626E-016
          12          23  -1.0102495912502079E-015
          12          24  -1.0800671661404154E-014
          12          25   4.4048870028578399E-014
          12          26  -8.5487290707956839E-016
          12          27   4.4416224042227194E-014
          12          28   6.9098867139993254E-017
          12          29  -6.3902390247072948E-016
          12          30   4.3824871925933404E-014
          12          31  -2.3640855769029567E-015
          12          32  -6.7301989503916365E-016
          12          33  -2.0338480654405994E-015
          12          34   8.0655689074828457E-016
          12          35  -5.9532742430231024E-016
          12          36  -9.4657531240773497E-016
          12          37   8.2648671202844391E-003
          12          38  -2.6469959423971244E-003
          12          39   3.6961609411922808E-003
          12          40  -5.9188628633661212E-003
          12          41  -2.0801301788603975E-002
          12          42   2.1715670310724781E-016
          12          43  -2.0801301788602969E-002
          12          44   3.6961609411913367E-003
          12          45  -2.6469959423968746E-003
          12          46  -4.6513124819805893E-002
          13           1  -4.6971121998738589E-016
          13           2  -1.6374128766453215E-015
          13           3   1.5007514932940307E-014
          13           4  -1.6523941772899490E-014
          13           5  -2.6546096327571844E-017
          13           6   1.0053620111986925E-015
          13           7  -4.5362453799580219E-002
          13           8  -1.1810380712984667E-002
          13           9   9.9286398248298359E-003
          13          10  -6.3709225215442099E-003
          13          11  -1.6587070180289537E-003
          13          12   1.3944262219094351E-003
          13          13   1.1898763937521644E-003
          13          14   3.0979129289837381E-004
          13          15  -2.6043243167185479E-004
          13          16  -2.7594861575465683E-004
          13          17  -7.1844839427900222E-005
          13          18   6.0397844175082002E-005
          13          19  -4.0834279525032128E-016
          13          20   4.1703268459714516E-017
          13          21  -3.9087637849554386E-016
          13          22  -7.9924880644786563E-017
          13          23  -1.2620781631621667E-016
          13          24  -3.4621187110511930E-016
          13          25   4.1209417654838659E-015
          13          26  -1.4543709226785486E-016
          13          27   4.1528107988057060E-015
          13          28   1.0102776468999273E-016
          13          29  -6.7474867464908362E-017
          13          30   4.1012979102685245E-015
          13          31  -3.7031671288931407E-016
          13          32  -6.7508348110655095E-017
          13          33  -3.8495205101714611E-016
          13          34   1.1844731650131062E-016
          13          35  -1.3887600108302515E-016
          13          36  -2.5616117791994595E-016
          13          37   7.0524851938450319E-003
          13          38   8.2115386152432164E-004
          13          39   3.1539672607496685E-003
          13          40   1.8361558543547622E-003
          13          41  -6.9031990839033908E-004
          13          42   1.0118471945594010E-016
          13          43  -6.9031990839026102E-004
          13          44   3.1539672607495996E-003
          13          45   8.2115386152434473E-004
          13          46  -1.5436022413820216E-003
          14           1   1.4115540034431393E-015
          14           2   4.0870265910585617E-015
          14           3  -1.8797263221220141E-014
          14           4   9.4192379643022967E-015
          14           5  -8.2976783724733729E-016
          14           6   2.4913405014925300E-016
          14           7  -1.1810380712988018E-002
          14           8  -5.3396031436195895E-002
          14           9  -7.1103693123731179E-003
          14          10  -1.6587070180291009E-003
          14          11  -7.4991970394922324E-003
          14          12  -9.9861467346598642E-004
          14          13   3.0979129289837381E-004
          14          14   1.4006005408501781E-003
          14          15   1.8650800137556391E-004
          14          16  -7.1844839427960056E-005
          14          17  -3.2481842862207484E-004
          14          18  -4.3253757345702076E-005
          14          19   1.3163307556289565E-015
          14          20   2.9721417389316618E-017
          14          21   1.3640076927551230E-015
          14          22   8.0005207007777609E-017
          14          23  -1.0445565409781214E-017
          14          24   1.2605094311619317E-015
          14          25  -2.0010545284503202E-015
          14          26   4.5291803846290113E-017
          14          27  -2.0108930537468740E-015
          14          28  -1.0422133408855212E-017
          14          29   1.4268286822169049E-016
          14          30  -1.9506271941467827E-015
          14          31  -4.4336751222526060E-018
          14          32   8.8669854923275347E-017
          14          33  -5.8158101327460731E-017
          14          34  -9.9869807320130858E-017
          14          35  -4.9956544267573713E-018
          14          36  -5.6198642989730672E-017
          14          37   1.8361558543551848E-003
          14          38   3.7125270107252590E-003
          14          39   8.2115386152438203E-004
          14          40   8.3014627642856754E-003
          14          41   4.9437078783585141E-004
          14          42  -3.9083849513806112E-017
          14          43   4.9437078783571219E-004
          14          44   8.2115386152449934E-004
          14          45   3.7125270107252147E-003
          14          46   1.1054466876908135E-003
          15           1   3.2256274500577343E-015
          15           2   7.8737485035688029E-015
          15           3  -3.7116396281194887E-014
          15           4   3.0178521339713721E-014
          15           5  -1.2805173495083123E-015
          15           6  -5.1186540366225610E-016
          15           7   9.9286398248231659E-003
          15           8  -7.1103693123727848E-003
          15           9  -5.5876526112523674E-002
          15          10   1.3944262219093228E-003
          15          11  -9.9861467346580059E-004
          15          12  -7.8475697150047104E-003
          15          13  -2.6043243167185479E-004
          15          14   1.8650800137556391E-004
          15          15   1.4656649677708402E-003
          15          16   6.0397844174957928E-005
          15          17  -4.3253757345758617E-005
          15          18  -3.3990775944472111E-004
          15          19   1.7579242567162446E-015
          15          20  -4.0677987957334574E-017
          15          21   1.7309503922716149E-015
          15          22   1.7586755870374917E-016
          15          23   1.8868101697384147E-016
          15          24   1.7814336222067425E-015
          15          25  -7.1049270590142313E-015
          15          26   1.5966182108674709E-016
          15          27  -7.1735365684710835E-015
          15          28  -1.2905369758750945E-017
          15          29   1.1934840739659064E-016
          15          30  -7.0630916648964429E-015
          15          31   4.2628445599736506E-016
          15          32   1.2569772790748188E-016
          15          33   3.6460707444206595E-016
          15          34  -1.5063799650273598E-016
          15          35   1.1118735886916629E-016
          15          36   1.6154069307752919E-016
          15          37  -1.5436022413814247E-003
          15          38   4.9437078783574494E-004
          15          39  -6.9031990839007302E-004
          15          40   1.1054466876908586E-003
          15          41   3.8849912040019976E-003
          15          42  -4.0557648268134520E-017
          15          43   3.8849912040018098E-003
          15          44  -6.9031990838989705E-004
          15          45   4.9437078783569832E-004
          15          46   8.6871044241371154E-003
          16           1  -1.3694293533722983E-015
          16           2  -2.0448789060927818E-015
          16           3   6.7994464970656081E-017
          16           4   8.0123413939630314E-016
          16           5   1.4747684789103116E-016
          16           6  -2.1521432263186935E-016
          16           7   1.0520173691113674E-002
          16           8   2.7389888785086438E-003
          16           9  -2.3025874203138302E-003
          16          10   1.4775041005364044E-003
          16          11   3.8467685212642132E-004
          16          12  -3.2338651958093719E-004
          16          13  -2.7594861575465683E-004
          16          14  -7.1844839427960056E-005
          16          15   6.0397844174957928E-005
          16          16   6.3996259558345169E-005
          16          17   1.6661801253782628E-005
          16          18  -1.4007086435326727E-005
          16          19  -1.2323978878495102E-016
          16          20  -9.6715585453441097E-018
          16          21  -1.2729048980815384E-016
          16          22   1.8535673364118992E-017
          16          23   2.9269319395464221E-017
          16          24  -1.3764880017760397E-016
          16          25  -2.4436045125599614E-016
          16          26   3.3728851586110076E-017
          16          27  -2.5175131611957650E-016
          16          28  -2.3429720906621125E-017
          16          29   1.5648344965013903E-017
          16          30  -2.3980477246177782E-016
          16          31   6.9377088052372805E-017
          16          32   1.5656109584842806E-017
          16          33   7.2771223206824966E-017
          16          34  -2.7469553308220997E-017
          16          35   3.2207244770644646E-017
          16          36   4.2902857602141792E-017
          16          37  -1.6355678094720663E-003
          16          38  -1.9043681562159854E-004
          16          39  -7.3144816075799610E-004
          16          40  -4.2582966514847218E-004
          16          41   1.6009463180209914E-004
          16          42  -2.3466120864314845E-017
          16          43   1.6009463180208101E-004
          16          44  -7.3144816075798027E-004
          16          45  -1.9043681562160396E-004
          16          46   3.5798247954224593E-004
          17           1  -1.6891673878589040E-015
          17           2  -2.7413438378785532E-015
          17           3   2.2615981357973576E-015
          17           4  -5.6427506747034048E-016
          17           5   1.5392789662731809E-016
          17           6  -4.7496012823464450E-017
          17           7   2.7389888785071398E-003
          17           8   1.2383270261506591E-002
          17           9   1.6489919285383016E-003
          17          10   3.8467685212613520E-004
          17          11   1.7391663984483261E-003
          17          12   2.3159240595278273E-004
          17          13  -7.1844839427900222E-005
          17          14  -3.2481842862207484E-004
          17          15  -4.3253757345758617E-005
          17          16   1.6661801253782628E-005
          17          17   7.5329837805481725E-005
          17          18   1.0031138132009624E-005
          17          19  -3.0679969288459674E-016
          17          20  -6.8928033448846908E-018
          17          21  -3.1785662692620646E-016
          17          22  -1.8554302146764960E-017
          17          23   2.4224695361028552E-018
          17          24  -2.9385396398605539E-016
          17          25   4.6507462488416518E-017
          17          26  -1.0503789000310073E-017
          17          27   4.8789151116662741E-017
          17          28   2.4170353345069895E-018
          17          29  -3.3090109346182730E-017
          17          30   3.4812673710056008E-017
          17          31  -2.2129344351604431E-018
          17          32  -2.0563752549206087E-017
          17          33   1.0246495066413743E-017
          17          34   2.3161174749247469E-017
          17          35   1.1585606127568752E-018
          17          36   9.7920698683435782E-018
          17          37  -4.2582966514821544E-004
          17          38  -8.6098580906501430E-004
          17          39  -1.9043681562145394E-004
          17          40  -1.9252227967320045E-003
          17          41  -1.1465134974463924E-004
          17          42   9.0640794525701319E-018
          17          43  -1.1465134974460698E-004
          17          44  -1.9043681562148112E-004
          17          45  -8.6098580906500389E-004
          17          46  -2.5636821174105241E-004
          18           1  -1.8248063015918918E-015
          18           2  -3.3434423264211685E-015
