           1           1   2.2316135591130997     
           1           2 -0.78546017369875543     
           1           3  0.13562301220704132     
           1           4  0.18629929052519784     
           1           5  -6.4519830893664004E-002
           1           6  -9.4754680657784793E-002
           1           7  -2.0584819892503013E-002
           1           8  -6.4619019608789524E-009
           1           9   5.9032431069666174E-009
           1          10  -4.3339454635901433E-009
           1          11   2.8404084945696003E-009
           1          12   2.9347783175578490E-009
           1          13   9.6724437412245754E-010
           1          14  -7.8018272432427205E-010
           1          15  -6.7015873743187878E-010
           1          16  -1.3131075655674170E-010
           1          17  -2.0079575420114120E-009
           1          18  -2.4403625536326936E-009
           1          19  -1.2494679732787391E-009
           1          20  -7.0317763479380606E-010
           1          21  -8.9290699386803924E-010
           1          22  -3.2087758279749775E-010
           1          23  -3.0976295233622404E-003
           1          24   6.3092243498458984E-005
           1          25  -3.0730231564788939E-003
           1          26   2.1933783586112267E-004
           1          27  -1.7543858624158155E-004
           1          28  -3.5575164550943842E-003
           1          29   7.8841939413653722E-003
           1          30  -2.7196433093606173E-005
           1          31   7.8735923536729195E-003
           1          32  -9.4543334710878526E-005
           1          33   7.5627618226147263E-005
           1          34   8.0824364541378646E-003
           1          35   1.5596795551714837E-002
           1          36   6.3560770585137822E-005
           1          37   1.5621610537323551E-002
           1          38   2.2099601758831996E-004
           1          39  -1.7672868767934713E-004
           1          40   1.5133487896971533E-002
           1          41   1.9708429420257287E-002
           1          42  -3.7775323045271045E-005
           1          43   1.9693695528543935E-002
           1          44  -1.3132667660755728E-004
           1          45   1.0504081477951787E-004
           1          46   1.9983780302019492E-002
           1          47   4.6103004173228927E-003
           1          48  -1.4469669883434188E-005
           1          49   4.6046505561285122E-003
           1          50  -5.0310966985997823E-005
           1          51   4.0232260669395008E-005
           1          52   4.7157735730795486E-003
           1          53  -1.3407017174908375E-009
           1          54  -5.4977902950074197E-010
           1          55  -4.5029137157967411E-010
           1          56  -9.3806470335141532E-010
           1          57  -3.3552075430176919E-010
           1          58  -1.2741690615402746E-010
           1          59  -4.4015040083717879E-010
           1          60  -1.9546800801299334E-010
           1          61  -2.8662193903889093E-010
           1          62  -6.5740644742933236E-010
           2           1 -0.78546017369875543     
           2           2   2.6570298588767871     
           2           3 -0.55486504504374312     
           2           4 -0.61560279067293000     
           2           5  0.17731199034388045     
           2           6  0.27485726859405568     
           2           7   6.0971806147691501E-002
           2           8   1.3340241967033484E-008
           2           9  -1.0777879773433384E-008
           2          10   8.9086651179725929E-009
           2          11  -8.0928835731558941E-009
           2          12  -8.1842283965423411E-009
           2          13  -3.1840609550534823E-009
           2          14   3.8995573211870954E-009
           2          15   3.0095948376120092E-009
           2          16   7.7199868540326570E-010
           2          17   7.0262163601678065E-009
           2          18   8.7994025068071877E-009
           2          19   4.3163909950664551E-009
           2          20   2.3521590713296768E-009
           2          21   3.0546527408437918E-009
           2          22   1.0788867296561446E-009
           2          23  -1.1207263438812311E-002
           2          24  -1.4022543166628627E-004
           2          25  -1.1261945027791804E-002
           2          26  -4.8748242320359816E-004
           2          27   3.8992350367900229E-004
           2          28  -1.0185140092875787E-002
           2          29  -1.9020331512212472E-002
           2          30   1.2662216145637039E-004
           2          31  -1.8970964746362243E-002
           2          32   4.4018496877517373E-004
           2          33  -3.5210463740229078E-004
           2          34  -1.9943312376509419E-002
           2          35  -3.4171750443743036E-002
           2          36  -2.3213949635422982E-004
           2          37  -3.4262376985166064E-002
           2          38  -8.0712748987127564E-004
           2          39   6.4545823697188072E-004
           2          40  -3.2479637170683279E-002
           2          41  -5.1586885548250062E-002
           2          42   1.4178567782364922E-004
           2          43  -5.1531581830745771E-002
           2          44   4.9292248034706900E-004
           2          45  -3.9425832321122165E-004
           2          46  -5.2620386093608813E-002
           2          47  -1.3443699908611316E-002
           2          48   4.9041046774990599E-005
           2          49  -1.3424550505879665E-002
           2          50   1.7051627452779568E-004
           2          51  -1.3635610592324768E-004
           2          52  -1.3801172844342340E-002
           2          53   4.7031018943352581E-009
           2          54   1.8795782424363532E-009
           2          55   1.5799655801005420E-009
           2          56   3.1502773454051597E-009
           2          57   1.1926983825724166E-009
           2          58   4.5183311158683359E-010
           2          59   1.5564149376313415E-009
           2          60   6.7620204911752157E-010
           2          61   9.3676494931453890E-010
           2          62   2.3199213470531041E-009
           3           1  0.13562301220704132     
           3           2 -0.55486504504374312     
           3           3  0.82489004123684784     
           3           4  0.76308424531431807     
           3           5 -0.29965662677429061     
           3           6 -0.38273371788358362     
           3           7  -9.8035859329547309E-002
           3           8   5.2490517968763505E-009
           3           9  -2.0921156321039959E-008
           3          10   6.1918838118819080E-009
           3          11   2.0818101455165665E-008
           3          12   1.7501915590865984E-008
           3          13   7.5654906408676368E-009
           3          14  -9.0824170494179710E-010
           3          15   3.0641861492324839E-010
           3          16  -2.1055850534747428E-010
           3          17  -1.5746442099530718E-008
           3          18  -1.9690887459332571E-008
           3          19  -8.4447778671420129E-009
           3          20  -5.2321265034992940E-009
           3          21  -6.5010055553562227E-009
           3          22  -2.2294931502424678E-009
           3          23   2.1462191982454693E-002
           3          24   5.9619958037397864E-004
           3          25   2.1694742657027560E-002
           3          26   2.0726924903272433E-003
           3          27  -1.6578130448314404E-003
           3          28   1.7116428104431241E-002
           3          29   2.4411636135408893E-002
           3          30  -5.5630065908927548E-005
           3          31   2.4390017641918463E-002
           3          32  -1.9332942022310946E-004
           3          33   1.5473277240539679E-004
           3          34   2.4817181168631765E-002
           3          35   3.1748883622822889E-002
           3          36   3.5015153081846963E-004
           3          37   3.1885583225202463E-002
           3          38   1.2174526819435242E-003
           3          39  -9.7358601958673634E-004
           3          40   2.9196534546969594E-002
           3          41   5.8752472546050649E-002
           3          42  -2.1124101332965631E-004
           3          43   5.8670095549894538E-002
           3          44  -7.3436981398880682E-004
           3          45   5.8740062938500513E-004
           3          46   6.0292252925010309E-002
           3          47   2.0745792541172269E-002
           3          48  -1.0507122343362417E-004
           3          49   2.0704766055678697E-002
           3          50  -3.6533105099202271E-004
           3          51   2.9214573688885940E-004
           3          52   2.1511680007045807E-002
           3          53  -7.6250263576188957E-009
           3          54  -2.7789327833339717E-009
           3          55  -2.4105302485920762E-009
           3          56  -4.4193449722905047E-009
           3          57  -2.1512340980059321E-009
           3          58  -8.3230655541826465E-010
           3          59  -2.8657942972441853E-009
           3          60  -7.5695131448308400E-010
           3          61  -1.1050607815485723E-009
           3          62  -4.2776099634647576E-009
           4           1  0.18629929052519784     
           4           2 -0.61560279067293000     
           4           3  0.76308424531431807     
           4           4  0.80167777014820540     
           4           5 -0.54659699884578949     
           4           6 -0.63629065119525685     
           4           7 -0.17086091172978396     
           4           8   1.2599428785899995E-007
           4           9  -1.7894723042754701E-007
           4          10   9.4202539775895158E-008
           4          11   2.5400000491282996E-008
           4          12   1.3919080611701333E-008
           4          13   1.2975057489072455E-008
           4          14  -2.9599631576757377E-009
           4          15   1.0028876821414040E-009
           4          16  -1.0698434885555596E-009
           4          17  -4.5226693846451449E-008
           4          18  -5.1130345765455802E-008
           4          19  -1.6854757778874982E-008
           4          20  -2.8312190288284974E-008
           4          21  -2.6812490670534190E-008
           4          22  -6.4249850386768270E-009
           4          23   1.9089636900631514E-002
           4          24   4.2819379580728563E-004
           4          25   1.9256647715272558E-002
           4          26   1.4886307740115678E-003
           4          27  -1.1906549705103014E-003
           4          28   1.5968467792837886E-002
           4          29   3.2680261647838243E-002
           4          30  -8.3424428013140615E-005
           4          31   3.2647865786323407E-002
           4          32  -2.8989075276606151E-004
           4          33   2.3206076799589623E-004
           4          34   3.3288425091862035E-002
           4          35   4.5641602284400049E-002
           4          36   4.8027670405711531E-004
           4          37   4.5829137140014652E-002
           4          38   1.6699304529277812E-003
           4          39  -1.3353809571815351E-003
           4          40   4.2140721209752027E-002
           4          41   8.8131607181911570E-002
           4          42  -3.6893569217352133E-004
           4          43   8.7987734781510590E-002
           4          44  -1.2825870975546457E-003
           4          45   1.0259054870243719E-003
           4          46   9.0820855946659090E-002
           4          47   3.5707726488631436E-002
           4          48  -2.0879168762329180E-004
           4          49   3.5626205334925901E-002
           4          50  -7.2596092509250574E-004
           4          51   5.8053741725309048E-004
           4          52   3.7229655470202891E-002
           4          53  -1.3463381995604651E-008
           4          54  -4.3102376399351383E-009
           4          55  -4.0982392649254798E-009
           4          56  -6.6976998918990134E-009
           4          57  -4.0260543647054200E-009
           4          58  -1.5141829338341925E-009
           4          59  -5.4491570565247677E-009
           4          60  -1.1266476711291811E-009
           4          61  -1.3780431305891240E-009
           4          62  -8.2914623103696136E-009
           5           1  -6.4519830893664004E-002
           5           2  0.17731199034388045     
           5           3 -0.29965662677429061     
           5           4 -0.54659699884578949     
           5           5  0.91384073103170993     
           5           6  0.97606473874675426     
           5           7  0.27484532722665561     
           5           8  -8.9584595216881189E-008
           5           9   1.7331646866123404E-007
           5          10  -7.6366667380435208E-008
           5          11  -5.9447914114150795E-008
           5          12  -4.4033460845612780E-008
           5          13  -2.2861510099831289E-008
           5          14  -1.1523062359625974E-008
           5          15  -1.2629671185094343E-008
           5          16  -2.0820544869912192E-009
           5          17   9.5586647166381846E-008
           5          18   1.0065811126211725E-007
           5          19   3.1163816489860297E-008
           5          20   6.9024505540587149E-008
           5          21   6.3114701480180616E-008
           5          22   1.3609322794625267E-008
           5          23  -9.4594466296079559E-003
           5          24  -1.3181166819016183E-003
           5          25  -9.9735852084544448E-003
           5          26  -4.5824843522127628E-003
           5          27   3.6652213244816653E-003
           5          28   1.4847484891929857E-004
           5          29  -3.9179047182384463E-002
           5          30  -2.1821994356795803E-004
           5          31  -3.9264412393449674E-002
           5          32  -7.5888562065128812E-004
           5          33   6.0663778163216745E-004
           5          34  -3.7588521875422581E-002
           5          35  -5.8173899483547162E-002
           5          36  -6.3020693721275870E-004
           5          37  -5.8420040675745466E-002
           5          38  -2.1913151032101844E-003
           5          39   1.7522235411025194E-003
           5          40  -5.3580109875917256E-002
           5          41 -0.12028895877203497     
           5          42   5.0168890939618219E-004
           5          43 -0.12009334804054882     
           5          44   1.7440660548069201E-003
           5          45  -1.3950757788109003E-003
           5          46 -0.12394587731363921     
           5          47  -5.6714239394350205E-002
           5          48   3.7702537345199363E-004
           5          49  -5.6567041179638372E-002
           5          50   1.3108935936416038E-003
           5          51  -1.0483085047485897E-003
           5          52  -5.9462459674893622E-002
           5          53   2.0831842538060273E-008
           5          54   6.8359133080418181E-009
           5          55   6.0621759036732458E-009
           5          56   1.0823995200759722E-008
           5          57   6.5455920390998119E-009
           5          58   2.4876700057080342E-009
           5          59   8.9406907011744735E-009
           5          60   1.1376887550352875E-009
           5          61   2.1246308942440912E-009
           5          62   1.3672609498366862E-008
           6           1  -9.4754680657784793E-002
           6           2  0.27485726859405568     
           6           3 -0.38273371788358362     
           6           4 -0.63629065119525685     
           6           5  0.97606473874675426     
           6           6   1.0487589706382163     
           6           7  0.29429514758561726     
           6           8  -9.5274799221528044E-008
           6           9   1.7768768591179628E-007
           6          10  -7.9471770592837868E-008
           6          11  -5.7168515580406022E-008
           6          12  -4.1264027717049505E-008
           6          13  -2.3477074356417153E-008
           6          14  -9.5143419734283629E-009
           6          15  -1.0886349762202063E-008
           6          16  -1.7845753884351705E-009
           6          17   9.2779483480296776E-008
           6          18   9.7128930928892349E-008
           6          19   3.2760529223473004E-008
           6          20   6.2200468528794627E-008
           6          21   5.4654772939062735E-008
           6          22   1.3849319839296186E-008
           6          23  -1.0852056409127822E-002
           6          24  -1.0832338801261489E-003
           6          25  -1.1274528434882679E-002
           6          26  -3.7658540149316366E-003
           6          27   3.0121223436594901E-003
           6          28  -2.9562279049698053E-003
           6          29  -4.2750172330706604E-002
           6          30  -1.4478717016262754E-004
           6          31  -4.2806899970748560E-002
           6          32  -5.0359761946528402E-004
           6          33   4.0244365282744634E-004
           6          34  -4.1694916822544989E-002
           6          35  -6.3384133448059390E-002
           6          36  -6.6425594194610693E-004
           6          37  -6.3643571450939240E-002
           6          38  -2.3097068379144929E-003
           6          39   1.8468949900656857E-003
           6          40  -5.8542147638463549E-002
           6          41 -0.13030670995139285     
           6          42   5.7806750780686408E-004
           6          43 -0.13008130087569808     
           6          44   2.0096062241782842E-003
           6          45  -1.6074544999481414E-003
           6          46 -0.13452036667460704     
           6          47  -6.0790977249417635E-002
           6          48   4.0156231073570328E-004
           6          49  -6.0634198530679445E-002
           6          50   1.3962078876340520E-003
           6          51  -1.1165324359659569E-003
           6          52  -6.3718052895482824E-002
           6          53   2.2602836585573105E-008
           6          54   7.4555830177722436E-009
           6          55   6.5798641897071995E-009
           6          56   1.1872656270633774E-008
           6          57   6.9758052004047790E-009
           6          58   2.6725115910229451E-009
           6          59   9.6447978536468861E-009
           6          60   1.3539386579601461E-009
           6          61   2.4313228001573896E-009
           6          62   1.4648273424539316E-008
           7           1  -2.0584819892503013E-002
           7           2   6.0971806147691501E-002
           7           3  -9.8035859329547309E-002
           7           4 -0.17086091172978396     
           7           5  0.27484532722665561     
           7           6  0.29429514758561726     
           7           7   8.2756428909969565E-002
           7           8  -2.9037007299902106E-008
           7           9   3.9921930436246475E-008
           7          10  -2.0321846414544372E-008
           7          11  -4.1911834250767572E-010
           7          12   8.5860716018978704E-011
           7          13  -4.2354855105082813E-009
           7          14   2.7102301710082337E-009
           7          15   1.1157101048030785E-009
           7          16   2.6800710665303300E-010
           7          17  -1.1226380819687509E-008
           7          18  -1.7570620086227226E-009
           7          19   4.1452767887029386E-009
           7          20  -2.8039539364690995E-008
           7          21  -2.0039246437039809E-008
           7          22  -2.3237169753452803E-009
           7          23  -2.5791539619092830E-003
           7          24  -1.9544584738271720E-004
           7          25  -2.6553520283912118E-003
           7          26  -6.7943761927819466E-004
           7          27   5.4348777079131819E-004
           7          28  -1.1545206470522948E-003
           7          29  -1.1812229760665007E-002
           7          30  -1.8563375713886325E-005
           7          31  -1.1819536717826712E-002
           7          32  -6.4598695483102932E-005
           7          33   5.1576386237048755E-005
           7          34  -1.1676950810262841E-002
           7          35  -1.7595435382097291E-002
           7          36  -1.8237232556503975E-004
           7          37  -1.7666665526827302E-002
           7          38  -6.3413446373392817E-004
           7          39   5.0706705514680676E-004
           7          40  -1.6266061146516034E-002
           7          41  -3.6343934878434646E-002
           7          42   1.6911933555475772E-004
           7          43  -3.6277986606210767E-002
           7          44   5.8793276735702622E-004
           7          45  -4.7027493381381633E-004
           7          46  -3.7576681200119297E-002
           7          47  -1.7087604206331531E-002
           7          48   1.1311794864419730E-004
           7          49  -1.7043440439757987E-002
           7          50   3.9330432525135019E-004
           7          51  -3.1452118689019576E-004
           7          52  -1.7912145794543591E-002
           7          53   7.0369967739473058E-009
           7          54   2.2930054207799279E-009
           7          55   2.0928425558343960E-009
           7          56   3.8735436992576589E-009
           7          57   1.8207725887518294E-009
           7          58   7.5441898044401088E-010
           7          59   2.8743811069566763E-009
           7          60   8.6606397786923811E-010
           7          61   1.1160572418806901E-009
           7          62   4.2832903550701524E-009
           8           1  -6.4619019608789524E-009
           8           2   1.3340241967033484E-008
           8           3   5.2490517968763505E-009
           8           4   1.2599428785899995E-007
           8           5  -8.9584595216881189E-008
           8           6  -9.5274799221528044E-008
           8           7  -2.9037007299902106E-008
           8           8   2.2735353543476844     
           8           9   6.3819583706791827E-004
           8          10   2.2188980231521204E-003
           8          11 -0.60261070197762967     
           8          12  -1.6417646410494245E-003
           8          13  -5.7082093767788812E-003
           8          14 -0.27079125125519654     
           8          15  -3.7834144676111912E-004
           8          16  -1.3153683349344900E-003
           8          17   3.0377602981278961E-002
           8          18   3.6046391680877861E-003
           8          19   1.2532608253041510E-002
           8          20   4.6410623602320664E-002
           8          21   4.2506404520764283E-003
           8          22   1.4778776873349823E-002
           8          23  -3.7139814592949441E-008
           8          24   3.0438532017820938E-009
           8          25  -3.8975922319795025E-008
           8          26   7.4420092216173638E-011
           8          27  -3.7253952158386034E-009
           8          28  -3.2599437068877454E-008
           8          29   1.4970507570803857E-008
           8          30  -5.5609768012739551E-009
           8          31   4.0797155784422797E-008
           8          32  -1.4191664827371962E-008
           8          33  -1.5591704021834708E-009
           8          34   2.8168541289036459E-008
           8          35   4.1887696559584528E-008
           8          36   4.2578585256554306E-009
           8          37   1.4558788597958044E-008
           8          38   2.5827343485687839E-008
           8          39   7.6385552813358593E-009
           8          40   1.8002433237754426E-008
           8          41   3.4960848242077095E-008
           8          42   1.4123024391092128E-009
           8          43   4.9680351846876294E-008
           8          44  -8.6637446234316068E-009
           8          45   3.6061813703693367E-009
           8          46   3.8902846069847917E-008
           8          47   1.0495367754517086E-008
           8          48  -1.6548168393534754E-008
           8          49   4.3043858462552919E-009
           8          50  -3.3219663783711328E-009
           8          51  -2.2510237552353799E-008
           8          52  -3.4995325528139109E-008
           8          53  -3.6981696337728943E-003
           8          54   3.6763540782990749E-005
           8          55  -1.6282013071607486E-003
           8          56  -1.2202395337772274E-004
           8          57   1.2784367244167790E-004
           8          58  -1.2895948323878549E-004
           8          59  -2.0317135110369298E-004
           8          60  -1.9843729208185844E-003
           8          61  -1.2278180126113473E-004
           8          62  -5.9097320633571095E-004
           9           1   5.9032431069666174E-009
           9           2  -1.0777879773433384E-008
           9           3  -2.0921156321039959E-008
           9           4  -1.7894723042754701E-007
           9           5   1.7331646866123404E-007
           9           6   1.7768768591179628E-007
           9           7   3.9921930436246475E-008
           9           8   6.3819583706791827E-004
           9           9   2.2738230463664464     
           9          10  -1.7744623243944899E-003
           9          11  -1.6417950213001239E-003
           9          12 -0.60335077771248402     
           9          13   4.5648667372745364E-003
           9          14  -3.7831717169087189E-004
           9          15 -0.27096172496050264     
           9          16   1.0519564844690523E-003
           9          17   3.6046138025560347E-003
           9          18   3.2002264690124529E-002
           9          19  -1.0022532578854578E-002
           9          20   4.2506153630588678E-003
           9          21   4.8326510583414653E-002
           9          22  -1.1818773635929649E-002
           9          23   3.0707880932935152E-008
           9          24  -1.3132164529617196E-008
           9          25   4.2440811719659129E-008
           9          26  -5.8203594486308670E-009
           9          27  -9.1112662599698342E-010
           9          28   5.1791624807021252E-008
           9          29  -2.8006187422801945E-008
           9          30   1.2522176176647099E-008
           9          31  -5.6598859322778164E-008
           9          32   2.0687838910985140E-008
           9          33   4.6448241048180977E-009
           9          34  -4.5646947522087430E-008
           9          35  -5.8023104258351074E-008
           9          36  -1.6559097837995685E-008
           9          37  -3.2410049511262247E-008
           9          38  -3.5321438199917295E-008
           9          39  -7.3134325346089982E-009
           9          40  -4.3359293353728955E-008
           9          41  -5.3842254693173265E-008
           9          42   7.3151129499538169E-009
           9          43  -8.3571154328684972E-008
           9          44   1.9459288669324083E-008
           9          45   1.6945204757007152E-008
           9          46  -7.3304346861340687E-008
           9          47  -2.6719167023694421E-009
           9          48  -9.9183001313683643E-009
           9          49  -5.8532886985363806E-010
           9          50  -1.5539253850013060E-008
           9          51  -3.9286841610861903E-008
           9          52  -2.3860905801912307E-008
           9          53  -1.2444438111434083E-004
           9          54  -1.6741023302568124E-003
           9          55   4.0035738148462898E-005
           9          56  -3.7065717816385010E-003
           9          57   1.7158498682906390E-004
           9          58   1.7438819389088518E-004
           9          59  -1.1132858815903176E-004
           9          60  -1.2277969800689268E-004
           9          61  -2.0397105692513792E-003
           9          62   4.7261738922326911E-004
          10           1  -4.3339454635901433E-009
          10           2   8.9086651179725929E-009
          10           3   6.1918838118819080E-009
          10           4   9.4202539775895158E-008
          10           5  -7.6366667380435208E-008
          10           6  -7.9471770592837868E-008
          10           7  -2.0321846414544372E-008
          10           8   2.2188980231521204E-003
          10           9  -1.7744623243944899E-003
          10          10   2.2681638517879668     
          10          11  -5.7081923120458370E-003
          10          12   4.5648657782490941E-003
          10          13 -0.58879231216766781     
          10          14  -1.3154004637739058E-003
          10          15   1.0519835102850252E-003
          10          16 -0.26760677366037278     
          10          17   1.2532673357660864E-002
          10          18  -1.0022573671414780E-002
          10          19   3.8068127910957910E-005
          10          20   1.4778722983798488E-002
          10          21  -1.1818814615147210E-002
          10          22   1.0633821877761485E-002
          10          23  -2.2566433243122319E-008
          10          24   5.5028565319168436E-009
          10          25  -2.6567293065023129E-008
          10          26   1.2092251632857038E-009
          10          27  -1.5998901031053832E-009
          10          28  -2.7089335163522105E-008
          10          29   1.2095117333586032E-008
          10          30  -5.7365285650532973E-009
          10          31   3.1305309068942887E-008
          10          32  -9.9704399131577806E-009
          10          33  -9.3814263551390217E-010
          10          34   2.3389911188054444E-008
          10          35   3.2935695246315120E-008
          10          36   6.4003374633527923E-009
          10          37   1.2686722650360826E-008
          10          38   1.6912506609936900E-008
          10          39   2.8420184238055417E-009
          10          40   1.7407629951168287E-008
          10          41   2.6684965242713909E-008
          10          42  -1.6417583808688152E-009
          10          43   4.1096788749295747E-008
          10          44  -8.4181917207008148E-009
          10          45  -3.1411254677475638E-009
          10          46   3.4358539696567383E-008
          10          47   4.3951274967726042E-009
          10          48  -3.0851361136857648E-009
          10          49   1.2754336875275163E-009
          10          50   3.0636282036253969E-009
          10          51   3.0163957268381628E-009
          10          52  -6.1202106469675225E-009
          10          53  -4.3274609014491857E-004
          10          54   1.7159284997728060E-004
          10          55  -2.0319114183356911E-004
          10          56   3.3928750832205526E-004
          10          57  -1.1268866119253714E-003
          10          58  -2.4134664636585253E-005
          10          59  -1.1363005333293239E-003
          10          60  -8.4501349110966247E-005
          10          61   6.7576410731312993E-005
          10          62  -3.1371876937732477E-003
          11           1   2.8404084945696003E-009
          11           2  -8.0928835731558941E-009
          11           3   2.0818101455165665E-008
          11           4   2.5400000491282996E-008
          11           5  -5.9447914114150795E-008
          11           6  -5.7168515580406022E-008
          11           7  -4.1911834250767572E-010
          11           8 -0.60261070197762967     
          11           9  -1.6417950213001239E-003
          11          10  -5.7081923120458370E-003
          11          11   1.3737126600465874     
          11          12   4.1642015180296723E-003
          11          13   1.4478295091931765E-002
          11          14  0.52426225894465961     
          11          15   1.1065385185982817E-003
          11          16   3.8472235152795177E-003
          11          17  -4.7613490716280571E-002
          11          18  -9.1944160953557202E-003
          11          19  -3.1967353079302825E-002
          11          20 -0.11610147210128199     
          11          21  -1.0868440006756077E-002
          11          22  -3.7787774235410285E-002
          11          23   1.6601929529672085E-008
          11          24   1.2618451008570201E-008
          11          25   1.6561343412612135E-009
          11          26   1.1293650222165057E-008
          11          27   7.3287056144127729E-009
          11          28  -1.7633223765858105E-008
          11          29   9.1211890792054389E-009
          11          30  -2.3047587440827426E-009
          11          31   3.9478542374515773E-009
          11          32  -1.0785861392806131E-009
          11          33  -5.5858689838812326E-010
          11          34   8.1366638081044086E-009
          11          35   5.2317936845092726E-009
          11          36   7.5899567651480882E-009
          11          37   8.3365743813902879E-009
          11          38   3.0555034006858898E-009
          11          39  -4.3099168775781944E-009
          11          40   2.2740988921657077E-008
          11          41   1.0076908088371608E-008
          11          42  -1.2890253132763861E-008
          11          43   1.8563869465519790E-008
          11          44  -7.1427558107895534E-009
          11          45  -2.2798395914222840E-008
          11          46   2.2629308712724491E-008
          11          47  -1.0163092111199274E-008
          11          48   3.5682137756022727E-008
          11          49  -7.5045888399989171E-009
          11          50   2.4589645613305012E-008
          11          51   8.0857637616354326E-008
          11          52   8.3264130826315731E-008
          11          53  -8.9464584228939430E-003
          11          54  -7.8319398871174595E-005
          11          55  -4.0620148874843491E-003
          11          56   3.0161281168360530E-004
          11          57  -2.7227230469953627E-004
          11          58   2.9706843942594501E-004
          11          59   5.0339020978374847E-004
          11          60  -3.2415535688386397E-003
          11          61   3.0934374352920344E-004
          11          62   1.4751435810848772E-003
          12           1   2.9347783175578490E-009
          12           2  -8.1842283965423411E-009
          12           3   1.7501915590865984E-008
          12           4   1.3919080611701333E-008
          12           5  -4.4033460845612780E-008
          12           6  -4.1264027717049505E-008
          12           7   8.5860716018978704E-011
          12           8  -1.6417646410494245E-003
          12           9 -0.60335077771248402     
          12          10   4.5648657782490941E-003
          12          11   4.1642015180296723E-003
          12          12   1.3755897024047390     
          12          13  -1.1578337975643276E-002
          12          14   1.1065380692661495E-003
          12          15  0.52476097202137251     
          12          16  -3.0767366568865318E-003
          12          17  -9.1944214740314230E-003
          12          18  -5.1757645860967844E-002
          12          19   2.5564844480426740E-002
          12          20  -1.0868377163712381E-002
          12          21 -0.12100019644086661     
          12          22   3.0219349741162933E-002
          12          23   1.3489996651913730E-008
          12          24   9.2585863723390316E-009
          12          25   8.9452435027442014E-009
          12          26   1.5581365279617521E-009
          12          27   5.6138502952790281E-009
          12          28  -1.5002217230288324E-008
          12          29   8.8541467065273929E-009
          12          30  -1.3772670779308763E-009
          12          31  -3.2774450099715057E-009
          12          32   9.3867828080829577E-011
          12          33  -1.5461075742396818E-009
          12          34   3.7974144114673816E-009
          12          35  -1.0718051322323223E-008
          12          36   1.0945226565792273E-008
          12          37   1.7335174159490648E-008
          12          38  -3.9658576766642769E-009
          12          39  -3.6020298533914519E-009
          12          40   1.4515183495812284E-008
          12          41   1.3086440401176445E-009
          12          42  -3.5879322437631284E-009
          12          43   1.3952086694189108E-008
          12          44  -9.6457449661393126E-009
          12          45  -2.4560043343938893E-008
          12          46   1.9347212672849240E-008
          12          47  -1.5981040495195392E-008
          12          48   3.2986454370788819E-008
          12          49  -3.0671236779622310E-009
          12          50   1.8011692109339348E-008
          12          51   6.8889222077959364E-008
          12          52   6.8793044216314943E-008
          12          53   3.0784950796755144E-004
          12          54  -3.9513000004601558E-003
          12          55  -8.6666479972581184E-005
          12          56  -8.9193394992870319E-003
          12          57  -4.2583773405839505E-004
          12          58  -4.0504398828372418E-004
          12          59   2.4097367126381240E-004
          12          60   3.0934434612098905E-004
          12          61  -3.1021201331870641E-003
          12          62  -1.1797255853631186E-003
          13           1   9.6724437412245754E-010
          13           2  -3.1840609550534823E-009
          13           3   7.5654906408676368E-009
          13           4   1.2975057489072455E-008
          13           5  -2.2861510099831289E-008
          13           6  -2.3477074356417153E-008
          13           7  -4.2354855105082813E-009
          13           8  -5.7082093767788812E-003
          13           9   4.5648667372745364E-003
          13          10 -0.58879231216766781     
          13          11   1.4478295091931765E-002
          13          12  -1.1578337975643276E-002
          13          13   1.3386635708360186     
          13          14   3.8472188500823798E-003
          13          15  -3.0767370053766223E-003
          13          16  0.51494867398612487     
          13          17  -3.1967378708607760E-002
          13          18   2.5564819946485046E-002
          13          19   2.9774125335090596E-002
          13          20  -3.7787641155210543E-002
          13          21   3.0219468992388532E-002
          13          22  -2.4623941682602291E-002
          13          23   1.0298412845028159E-009
          13          24   4.4551904816444893E-010
          13          25  -1.3043778893317647E-009
          13          26   6.0152470547816017E-009
          13          27   2.8595378005039490E-009
          13          28  -1.1265296334545606E-009
          13          29   1.8671386948294692E-009
          13          30  -1.8696458838980564E-010
          13          31   2.5295702171793399E-009
          13          32  -5.8478795762768283E-010
          13          33   1.6806786811479168E-010
          13          34   2.3897327366298945E-009
          13          35   3.5937101356689048E-009
          13          36  -6.5190724690386041E-010
          13          37   1.4460089251326011E-009
          13          38   6.3112233444647095E-009
          13          39   2.4084285784450150E-009
          13          40   6.7411996296141666E-009
