           1           1  0.14041105331425902     
           1           2  0.25561218556425669     
           1           3  0.21120467311792751     
           1           4  -1.7456839577492010E-015
           1           5   2.2993000269184495E-015
           1           6  -7.8788707061467741E-017
           1           7   1.1252429905667460E-015
           1           8  -5.5439574871690708E-015
           1           9   7.1862636134190189E-015
           1          10  -1.4935790955346843E-015
           1          11   5.7191134409523682E-015
           1          12  -1.5557855176925497E-014
           1          13   8.1981516131328228E-004
           1          14  -1.9137014106042683E-015
           1          15   8.1981516131135555E-004
           1          16   5.6909708940559779E-016
           1          17  -8.6539432802095265E-016
           1          18   8.1981516131242175E-004
           2           1  0.25561218556425669     
           2           2  0.46533081169226675     
           2           3  0.38448887620781291     
           2           4  -3.1779477604858234E-015
           2           5   4.1857862103209564E-015
           2           6  -1.4343303235938603E-016
           2           7   2.0484511072720052E-015
           2           8  -1.0092557260865675E-014
           2           9   1.3082314209539904E-014
           2          10  -2.7190002216227020E-015
           2          11   1.0411436115269009E-014
           2          12  -2.8322463484869806E-014
           2          13   1.4924376689114040E-003
           2          14  -3.4838156092586114E-015
           2          15   1.4924376689078962E-003
           2          16   1.0360188408435576E-015
           2          17  -1.5754157722707263E-015
           2          18   1.4924376689098376E-003
           3           1  0.21120467311792751     
           3           2  0.38448887620781291     
           3           3  0.31769161257161016     
           3           4  -2.6258175304733589E-015
           3           5   3.4585460810563949E-015
           3           6  -1.1850796651208725E-016
           3           7   1.6925916644327647E-015
           3           8  -8.3390786256629477E-015
           3           9   1.0809383932394081E-014
           3          10  -2.2466094855363881E-015
           3          11   8.6024991700081117E-015
           3          12  -2.3401732661110802E-014
           3          13   1.2331564304457992E-003
           3          14  -2.8785492362910899E-015
           3          15   1.2331564304429012E-003
           3          16   8.5602155224977822E-016
           3          17  -1.3017060490930105E-015
           3          18   1.2331564304445051E-003
           4           1  -1.7456839577492010E-015
           4           2  -3.1779477604858234E-015
           4           3  -2.6258175304733589E-015
           4           4   3.8011212125062604E-029
           4           5  -5.6570801150315353E-029
           4           6   5.1356603026477971E-030
           4           7  -2.3571650717609702E-030
           4           8   1.3239946929769236E-028
           4           9  -1.7932517835046348E-028
           4          10   3.0666780425883708E-029
           4          11  -1.7295564676092291E-028
           4          12   3.6662518970608447E-028
           4          13  -1.0191687795085366E-017
           4          14   3.8624192617125604E-029
           4          15  -1.0191687795045718E-017
           4          16  -1.3337785945253199E-029
           4          17   1.8950865926815131E-029
           4          18  -1.0191687795060481E-017
           5           1   2.2993000269184495E-015
           5           2   4.1857862103209564E-015
           5           3   3.4585460810563949E-015
           5           4  -5.6570801150315353E-029
           5           5   8.5673942239115783E-029
           5           6  -8.4221713998433237E-030
           5           7  -1.5353951743670640E-030
           5           8  -1.9970654926150769E-028
           5           9   2.7208749233002133E-028
           5          10  -4.5217845806960727E-029
           5          11   2.6843317775992367E-028
           5          12  -5.5198165250315443E-028
           5          13   1.3423500697809949E-017
           5          14  -5.6789451282329597E-029
           5          15   1.3423500697751467E-017
           5          16   2.0065641411878242E-029
           5          17  -2.8228399959091761E-029
           5          18   1.3423500697771513E-017
           6           1  -7.8788707061467741E-017
           6           2  -1.4343303235938603E-016
           6           3  -1.1850796651208725E-016
           6           4   5.1356603026477971E-030
           6           5  -8.4221713998433237E-030
           6           6   1.1034168454450718E-030
           6           7   2.3332264058384161E-030
           6           8   1.9287385954446143E-029
           6           9  -2.6964501753043067E-029
           6          10   3.9212312939414885E-030
           6          11  -2.9166644880722934E-029
           6          12   5.2870804417114406E-029
           6          13  -4.5981772295104892E-019
           6          14   4.8537923778113178E-030
           6          15  -4.5981772294596851E-019
           6          16  -1.9153410684707599E-030
           6          17   2.5732983636206977E-030
           6          18  -4.5981772294695054E-019
           7           1   1.1252429905667460E-015
           7           2   2.0484511072720052E-015
           7           3   1.6925916644327647E-015
           7           4  -2.3571650717609702E-030
           7           5  -1.5353951743670640E-030
           7           6   2.3332264058384161E-030
           7           7   1.7315375929021222E-029
           7           8   8.4791650881427347E-031
           7           9  -6.5949027332818467E-030
           7          10  -3.3399612173324540E-030
           7          11  -2.6820387970953881E-029
           7          12  -1.1327545807223787E-030
           7          13   6.5705051791115215E-018
           7          14  -4.7564497470389515E-030
           7          15   6.5705051791072737E-018
           7          16   9.3611579368635723E-032
           7          17  -1.0918956270694032E-030
           7          18   6.5705051791147455E-018
           8           1  -5.5439574871690708E-015
           8           2  -1.0092557260865675E-014
           8           3  -8.3390786256629477E-015
           8           4   1.3239946929769236E-028
           8           5  -1.9970654926150769E-028
           8           6   1.9287385954446143E-029
           8           7   8.4791650881427347E-031
           8           8   4.6594879494538328E-028
           8           9  -6.3396629828413148E-028
           8          10   1.0605877003428394E-028
           8          11  -6.2224253959440740E-028
           8          12   1.2884147435110910E-027
           8          13  -3.2366271719415850E-017
           8          14   1.3328879731908129E-028
           8          15  -3.2366271719278693E-017
           8          16  -4.6844746343369507E-029
           8          17   6.6053009823018426E-029
           8          18  -3.2366271719326659E-017
           9           1   7.1862636134190189E-015
           9           2   1.3082314209539904E-014
           9           3   1.0809383932394081E-014
           9           4  -1.7932517835046348E-028
           9           5   2.7208749233002133E-028
           9           6  -2.6964501753043067E-029
           9           7  -6.5949027332818467E-030
           9           8  -6.3396629828413148E-028
           9           9   8.6427962525374697E-028
           9          10  -1.4319242822668709E-028
           9          11   8.5469135715341780E-028
           9          12  -1.7519142221916318E-027
           9          13   4.1953868090411348E-017
           9          14  -1.7978065712452412E-028
           9          15   4.1953868090226151E-017
           9          16   6.3680386869992476E-029
           9          17  -8.9490283606962390E-029
           9          18   4.1953868090289038E-017
          10           1  -1.4935790955346843E-015
          10           2  -2.7190002216227020E-015
          10           3  -2.2466094855363881E-015
          10           4   3.0666780425883708E-029
          10           5  -4.5217845806960727E-029
          10           6   3.9212312939414885E-030
          10           7  -3.3399612173324540E-030
          10           8   1.0605877003428394E-028
          10           9  -1.4319242822668709E-028
          10          10   2.4861901152701646E-029
          10          11  -1.3639242691060027E-028
          10          12   2.9397716744920036E-028
          10          13  -8.7199352158453806E-018
          10          14   3.1359123056368465E-029
          10          15  -8.7199352158132438E-018
          10          16  -1.0699248170236912E-029
          10          17   1.5282249538852159E-029
          10          18  -8.7199352158257038E-018
          11           1   5.7191134409523682E-015
          11           2   1.0411436115269009E-014
          11           3   8.6024991700081117E-015
          11           4  -1.7295564676092291E-028
          11           5   2.6843317775992367E-028
          11           6  -2.9166644880722934E-029
          11           7  -2.6820387970953881E-029
          11           8  -6.2224253959440740E-028
          11           9   8.5469135715341780E-028
          11          10  -1.3639242691060027E-028
          11          11   8.6907472949936446E-028
          11          12  -1.7154299259214820E-027
          11          13   3.3387064680635625E-017
          11          14  -1.7058112983880169E-028
          11          15   3.3387064680459130E-017
          11          16   6.2292567385438066E-029
          11          17  -8.6410893586279974E-029
          11          18   3.3387064680511971E-017
          12           1  -1.5557855176925497E-014
          12           2  -2.8322463484869806E-014
          12           3  -2.3401732661110802E-014
          12           4   3.6662518970608447E-028
          12           5  -5.5198165250315443E-028
          12           6   5.2870804417114406E-029
          12           7  -1.1327545807223787E-030
          12           8   1.2884147435110910E-027
          12           9  -1.7519142221916318E-027
          12          10   2.9397716744920036E-028
          12          11  -1.7154299259214820E-027
          12          12   3.5633485699818633E-027
          12          13  -9.0828818768164143E-017
          12          14   3.6956651316224789E-028
          12          15  -9.0828818767783986E-017
          12          16  -1.2956831414195516E-028
          12          17   1.8288941572783550E-028
          12          18  -9.0828818767918117E-017
          13           1   8.1981516131328228E-004
          13           2   1.4924376689114040E-003
          13           3   1.2331564304457992E-003
          13           4  -1.0191687795085366E-017
          13           5   1.3423500697809949E-017
          13           6  -4.5981772295104892E-019
          13           7   6.5705051791115215E-018
          13           8  -3.2366271719415850E-017
          13           9   4.1953868090411348E-017
          13          10  -8.7199352158453806E-018
          13          11   3.3387064680635625E-017
          13          12  -9.0828818768164143E-017
          13          13   4.7866381484067426E-006
          13          14  -1.1172760430846582E-017
          13          15   4.7866381483954932E-006
          13          16   3.3224677660517172E-018
          13          17  -5.0523575892115442E-018
          13          18   4.7866381484017197E-006
          14           1  -1.9137014106042683E-015
          14           2  -3.4838156092586114E-015
          14           3  -2.8785492362910899E-015
          14           4   3.8624192617125604E-029
          14           5  -5.6789451282329597E-029
          14           6   4.8537923778113178E-030
          14           7  -4.7564497470389515E-030
          14           8   1.3328879731908129E-028
          14           9  -1.7978065712452412E-028
          14          10   3.1359123056368465E-029
          14          11  -1.7058112983880169E-028
          14          12   3.6956651316224789E-028
          14          13  -1.1172760430846582E-017
          14          14   3.9571802884573758E-029
          14          15  -1.1172760430806048E-017
          14          16  -1.3451997818242641E-029
          14          17   1.9245018259960832E-029
          14          18  -1.1172760430821950E-017
          15           1   8.1981516131135555E-004
          15           2   1.4924376689078962E-003
          15           3   1.2331564304429012E-003
          15           4  -1.0191687795045718E-017
          15           5   1.3423500697751467E-017
          15           6  -4.5981772294596851E-019
          15           7   6.5705051791072737E-018
          15           8  -3.2366271719278693E-017
          15           9   4.1953868090226151E-017
          15          10  -8.7199352158132438E-018
          15          11   3.3387064680459130E-017
          15          12  -9.0828818767783986E-017
          15          13   4.7866381483954932E-006
          15          14  -1.1172760430806048E-017
          15          15   4.7866381483842446E-006
          15          16   3.3224677660378814E-018
          15          17  -5.0523575891917857E-018
          15          18   4.7866381483904703E-006
          16           1   5.6909708940559779E-016
          16           2   1.0360188408435576E-015
          16           3   8.5602155224977822E-016
          16           4  -1.3337785945253199E-029
          16           5   2.0065641411878242E-029
          16           6  -1.9153410684707599E-030
          16           7   9.3611579368635723E-032
          16           8  -4.6844746343369507E-029
          16           9   6.3680386869992476E-029
          16          10  -1.0699248170236912E-029
          16          11   6.2292567385438066E-029
          16          12  -1.2956831414195516E-028
          16          13   3.3224677660517172E-018
          16          14  -1.3451997818242641E-029
          16          15   3.3224677660378814E-018
          16          16   4.7114429760316328E-030
          16          17  -6.6532435440552592E-030
          16          18   3.3224677660427817E-018
          17           1  -8.6539432802095265E-016
          17           2  -1.5754157722707263E-015
          17           3  -1.3017060490930105E-015
          17           4   1.8950865926815131E-029
          17           5  -2.8228399959091761E-029
          17           6   2.5732983636206977E-030
          17           7  -1.0918956270694032E-030
          17           8   6.6053009823018426E-029
          17           9  -8.9490283606962390E-029
          17          10   1.5282249538852159E-029
          17          11  -8.6410893586279974E-029
          17          12   1.8288941572783550E-028
          17          13  -5.0523575892115442E-018
          17          14   1.9245018259960832E-029
          17          15  -5.0523575891917857E-018
          17          16  -6.6532435440552592E-030
          17          17   9.4485458002852078E-030
          17          18  -5.0523575891991150E-018
          18           1   8.1981516131242175E-004
          18           2   1.4924376689098376E-003
          18           3   1.2331564304445051E-003
          18           4  -1.0191687795060481E-017
          18           5   1.3423500697771513E-017
          18           6  -4.5981772294695054E-019
          18           7   6.5705051791147455E-018
          18           8  -3.2366271719326659E-017
          18           9   4.1953868090289038E-017
          18          10  -8.7199352158257038E-018
          18          11   3.3387064680511971E-017
          18          12  -9.0828818767918117E-017
          18          13   4.7866381484017197E-006
          18          14  -1.1172760430821950E-017
          18          15   4.7866381483904703E-006
          18          16   3.3224677660427817E-018
          18          17  -5.0523575891991150E-018
          18          18   4.7866381483966960E-006
