           1           1   2.6148317113082031     
           1           2  -1.3756287874457522     
           1           3 -0.70310227853219365     
           1           4  -5.8052083980505582     
           1           5  -1.6218142735102847     
           1           6  0.94915161393615766     
           1           7  -1.5022774735908493     
           1           8   6.1537116468895436E-014
           1           9  -9.5163422123873538E-014
           1          10  -7.5026113570946205E-014
           1          11   3.1754587883648637E-014
           1          12   1.0890981678065757E-013
           1          13   4.3883034029975144E-014
           1          14   1.5632356913873252E-015
           1          15  -8.3535964494754019E-014
           1          16  -2.9697921184702533E-014
           1          17  -1.6044439666249677E-014
           1          18  -7.7920659387873591E-014
           1          19  -2.3618789931166671E-014
           1          20   1.3345298251846022E-014
           1          21   2.4356208928712922E-014
           1          22  -3.5573049804976800E-015
           1          23  -6.4177478181989566E-015
           1          24  -1.8439589078785151E-014
           1          25   6.6242219285310028E-015
           1          26   3.2470098667126877     
           1          27   1.5470334028686321E-013
           1          28   3.2470098667126566     
           1          29  -1.6088113885153167E-014
           1          30   6.7928229047167036E-015
           1          31   3.2470098667125664     
           1          32  0.60277472054830017     
           1          33  -2.3844368117838834E-013
           1          34  0.60277472054832071     
           1          35   2.9383157514078370E-015
           1          36  -2.4427358879621241E-014
           1          37  0.60277472054837689     
           1          38   5.3646323622808745E-002
           1          39   2.4622935213465077E-013
           1          40   5.3646323622789843E-002
           1          41  -7.9118536624255583E-015
           1          42   2.8637951032272572E-014
           1          43   5.3646323622756883E-002
           1          44   6.8497856087653047E-002
           1          45  -1.0282103299456430E-013
           1          46   6.8497856087656225E-002
           1          47   1.5655849364475568E-015
           1          48  -8.2759250248648504E-015
           1          49   6.8497856087673448E-002
           1          50  0.40599555013697441     
           1          51   1.7722816288942745E-014
           1          52  0.40599555013696026     
           1          53  -7.9638408171914433E-015
           1          54   4.9523609818820356E-015
           1          55  0.40599555013696387     
           1          56   9.0005059072743609E-015
           1          57   3.2010323112312928E-014
           1          58   2.1561923810261361E-015
           1          59   6.1493448950062090E-014
           1          60   1.3603990035242701E-014
           1          61  -3.2091783067390322E-015
           1          62   1.2749898428342838E-015
           1          63  -3.3529737877323632E-015
           1          64   3.5273983840610465E-014
           1          65   3.3789515385822938E-014
           2           1  -1.3756287874457522     
           2           2   4.0922655268342512     
           2           3   2.3576918053052465     
           2           4   6.6317784110024016     
           2           5   1.7210039634908911     
           2           6 -0.85744710894968945     
           2           7   1.3199777265639816     
           2           8   2.0898906915916533E-013
           2           9   3.7008938934187161E-013
           2          10   2.3004250467308066E-013
           2          11  -6.7106643839285125E-013
           2          12  -1.0395247010509589E-013
           2          13  -9.9278162755390733E-014
           2          14   3.9911669058223251E-013
           2          15  -1.6013203819694259E-013
           2          16   5.6411556744154208E-014
           2          17   6.0989641114349347E-013
           2          18  -2.8494523427975709E-013
           2          19   8.0174163246910802E-014
           2          20  -1.1956915779428197E-013
           2          21   5.6810481361626809E-014
           2          22   2.9554394266055535E-015
           2          23   3.3797887322599202E-014
           2          24   5.9235086487710108E-015
           2          25  -1.1932305392518924E-014
           2          26  -4.9510477610280876     
           2          27  -4.7739418924171283E-013
           2          28  -4.9510477610278798     
           2          29   5.6823765921473480E-014
           2          30   1.4908911438442088E-014
           2          31  -4.9510477610276489     
           2          32 -0.61917785586285445     
           2          33   4.4606229918169748E-013
           2          34 -0.61917785586308483     
           2          35  -6.7891584424961416E-015
           2          36   4.5369668098079319E-014
           2          37 -0.61917785586304963     
           2          38  -8.9689117562513257E-002
           2          39  -4.4762133381601445E-013
           2          40  -8.9689117562268564E-002
           2          41   7.1005504685949816E-015
           2          42  -8.2644251437660485E-014
           2          43  -8.9689117562384679E-002
           2          44  -5.5378100874928490E-002
           2          45   1.8786996191625165E-013
           2          46  -5.5378100875043655E-002
           2          47   1.2629817614253046E-015
           2          48   4.0392839238843888E-014
           2          49  -5.5378100874974634E-002
           2          50 -0.35669678709011932     
           2          51  -3.3747834311827268E-014
           2          52 -0.35669678709005376     
           2          53   1.6044189553945190E-014
           2          54  -1.5547324123012773E-014
           2          55 -0.35669678709010411     
           2          56  -4.7597836115764886E-013
           2          57   8.5982525860553225E-014
           2          58  -1.9777429784629672E-013
           2          59   2.0675693286100509E-013
           2          60  -3.6297419845243134E-014
           2          61   2.4070031588290804E-015
           2          62  -1.4630469480728088E-014
           2          63  -1.8858830682244396E-013
           2          64   8.0487738292290733E-014
           2          65  -8.3839667921530033E-014
           3           1 -0.70310227853219365     
           3           2   2.3576918053052465     
           3           3   1.8827614546564606     
           3           4  -2.2520433028928366     
           3           5 -0.78392665133259654     
           3           6  0.80227132144995084     
           3           7  -1.2174064483426972     
           3           8   1.1165172954714122E-012
           3           9   3.6055737084442992E-013
           3          10   1.2999522447093265E-013
           3          11  -1.7433423938668131E-012
           3          12   2.9480504982516187E-013
           3          13  -2.6758611001392947E-014
           3          14   1.3836658206778310E-012
           3          15  -8.1873068955522644E-013
           3          16   7.3099080286667030E-014
           3          17   2.1112071789232985E-012
           3          18  -1.0437170201691087E-012
           3          19   9.9947642358924140E-014
           3          20  -3.8792051691456591E-013
           3          21   1.9932924724234353E-013
           3          22  -1.5911782205340266E-014
           3          23   7.8861372948062739E-014
           3          24  -4.1863024721418683E-014
           3          25   4.0239431877560093E-016
           3          26 -0.29328574134017371     
           3          27  -1.8285881316186834E-012
           3          28 -0.29328574133891383     
           3          29   2.3636081444410383E-013
           3          30   2.2791187319760748E-013
           3          31 -0.29328574133866425     
           3          32  0.33330038907160497     
           3          33   9.1330140042721653E-013
           3          34  0.33330038907084103     
           3          35  -1.1104260731874330E-013
           3          36  -7.9363057646300260E-014
           3          37  0.33330038907087783     
           3          38  -4.6383952760552113E-002
           3          39  -6.9024077394473982E-013
           3          40  -4.6383952759925927E-002
           3          41   7.6264950876199874E-014
           3          42   2.3220533128478642E-014
           3          43  -4.6383952760020497E-002
           3          44   4.6014250023091605E-002
           3          45   2.4478046448045508E-013
           3          46   4.6014250022853677E-002
           3          47  -1.8710894203578387E-014
           3          48   9.7314053777677344E-015
           3          49   4.6014250022912533E-002
           3          50  0.32930157038697611     
           3          51  -6.7996954941746459E-014
           3          52  0.32930157038705299     
           3          53   5.7954934055126602E-015
           3          54  -5.6405677492975924E-015
           3          55  0.32930157038702101     
           3          56  -1.5902131753202867E-012
           3          57   3.6121006288856003E-013
           3          58  -7.0060230961479118E-013
           3          59   8.0612131839248951E-013
           3          60  -3.9559042932374892E-014
           3          61   2.2006624608442363E-015
           3          62  -3.0308922100404579E-014
           3          63  -7.0150928342314836E-013
           3          64   3.6411807284351017E-013
           3          65  -8.0155283397040818E-014
           4           1  -5.8052083980505582     
           4           2   6.6317784110024016     
           4           3  -2.2520433028928366     
           4           4   84.229212312044339     
           4           5   24.254039120418014     
           4           6  -17.014707105824385     
           4           7   25.985769017222463     
           4           8  -2.8818173583353767E-012
           4           9  -6.3742554377198874E-014
           4          10   3.5569586466426155E-013
           4          11   4.0800388700772602E-012
           4          12  -2.3839888078256249E-012
           4          13  -4.6419927155919176E-013
           4          14  -2.6717812694391851E-012
           4          15   3.6248609770062241E-012
           4          16   3.3207119340157309E-013
           4          17  -4.5263245047207107E-012
           4          18   3.8592077898543721E-012
           4          19   3.3015352553009290E-013
           4          20   7.9068946687431902E-013
           4          21  -8.0917879493716887E-013
           4          22   7.2241165139250360E-014
           4          23  -1.1480938005020124E-013
           4          24   3.5326037293258860E-013
           4          25  -8.4173386416109050E-014
           4          26  -39.311632812246003     
           4          27  -3.2988355891116665E-012
           4          28  -39.311632812244746     
           4          29   3.0456810113151048E-013
           4          30   6.0040415142381002E-015
           4          31  -39.311632812243985     
           4          32  -9.3408658542820433     
           4          33   3.8358046223344651E-012
           4          34  -9.3408658542823773     
           4          35  -9.6865865776879384E-014
           4          36  -1.5758067268904393E-015
           4          37  -9.3408658542834484     
           4          38 -0.21936981083593460     
           4          39  -3.6730863238229502E-012
           4          40 -0.21936981083580082     
           4          41   1.6047814267171832E-013
           4          42  -1.7106883455395800E-015
           4          43 -0.21936981083495449     
           4          44  -1.0301016409470392     
           4          45   1.3884126083240579E-012
           4          46  -1.0301016409470103     
           4          47  -9.8091926300059271E-014
           4          48  -9.7233649254773256E-014
           4          49  -1.0301016409473824     
           4          50  -7.0260024234674434     
           4          51  -2.3732616493109101E-013
           4          52  -7.0260024234672844     
           4          53   1.6305783769332550E-013
           4          54   2.4376493926201447E-014
           4          55  -7.0260024234672613     
           4          56   3.2789126290922561E-012
           4          57  -1.4408479509957793E-012
           4          58   1.4734191084240242E-012
           4          59  -3.0739205969929144E-012
           4          60  -1.4007386015785913E-013
           4          61  -1.4252134888309002E-015
           4          62  -5.4805676209518166E-014
           4          63   1.5619949825591021E-012
           4          64  -1.5214723419130672E-012
           4          65  -4.3248643765471284E-013
           5           1  -1.6218142735102847     
           5           2   1.7210039634908911     
           5           3 -0.78392665133259654     
           5           4   24.254039120418014     
           5           5   6.9957423743510461     
           5           6  -4.9180362574854923     
           5           7   7.5166046244995250     
           5           8   7.6165914050942803E-014
           5           9   1.3329008369097740E-013
           5          10   8.1353371487110698E-014
           5          11  -1.6430153921113780E-013
           5          12  -2.4459746881319161E-013
           5          13  -1.2068852032340316E-013
           5          14   1.3527067729207951E-013
           5          15   1.1950442450302548E-013
           5          16   1.1303243282812552E-013
           5          17   1.1723962469230085E-013
           5          18  -8.8065709944491758E-014
           5          19   1.1339036700566814E-013
           5          20  -3.2074766870560487E-014
           5          21  -2.1480270409960229E-014
           5          22   1.6665954186298360E-014
           5          23   1.6120624278149253E-014
           5          24   6.1504462851148966E-014
           5          25  -2.2722358814979258E-014
           5          26  -11.195710630908181     
           5          27  -6.5337533322009039E-013
           5          28  -11.195710630908003     
           5          29   6.8537374445577313E-014
           5          30   4.4669383835102730E-014
           5          31  -11.195710630907694     
           5          32  -2.6956677085207423     
           5          33   9.4929236533377178E-013
           5          34  -2.6956677085207335     
           5          35  -1.9868305622834576E-014
           5          36  -2.6060474439778016E-014
           5          37  -2.6956677085211034     
           5          38  -6.0924862259349399E-002
           5          39  -9.3968461342740591E-013
           5          40  -6.0924862259392712E-002
           5          41   4.0657325578299007E-014
           5          42   2.2432355238180654E-014
           5          43  -6.0924862259098579E-002
           5          44 -0.29879069423227195     
           5          45   3.5904054963016067E-013
           5          46 -0.29879069423223448     
           5          47  -2.7119100090526027E-014
           5          48  -3.7141842680711536E-014
           5          49 -0.29879069423235971     
           5          50  -2.0323237219302546     
           5          51  -5.7743657581040643E-014
           5          52  -2.0323237219302186     
           5          53   4.5842219740530087E-014
           5          54   9.9050000771610724E-015
           5          55  -2.0323237219302044     
           5          56  -1.1220305632072171E-013
           5          57   7.5672694834564403E-016
           5          58  -4.9783542248979291E-014
           5          59   4.3555201425145874E-014
           5          60  -4.6213163025858272E-014
           5          61  -6.6935292989267842E-016
           5          62  -2.3273867156446380E-014
           5          63  -2.4409350150427101E-014
           5          64  -2.2416601173974630E-014
           5          65  -1.3806200062520964E-013
           6           1  0.94915161393615766     
           6           2 -0.85744710894968945     
           6           3  0.80227132144995084     
           6           4  -17.014707105824385     
           6           5  -4.9180362574854923     
           6           6   3.5346109968416570     
           6           7  -5.3702086417205308     
           6           8   1.7238403689562363E-011
           6           9   3.0233958121352980E-012
           6          10  -8.7848569567893366E-014
           6          11  -2.7026322053706377E-011
           6          12   7.7375921580392617E-012
           6          13   7.7115789763595468E-014
           6          14   1.8572395197222906E-011
           6          15  -1.6578205997134263E-011
           6          16   4.2721316952506194E-013
           6          17   2.9106930981039801E-011
           6          18  -2.1353062450487091E-011
           6          19   5.3648600183538492E-013
           6          20  -5.3222634440794083E-012
           6          21   3.8113781134961100E-012
           6          22  -1.2195757527268711E-013
           6          23   1.0128795338028114E-012
           6          24  -7.5722251947269960E-013
           6          25   3.7962534105707848E-014
           6          26   7.7905683068344675     
           6          27   3.8714763002175270E-012
           6          28   7.7905683068315916     
           6          29  -1.9678670381422088E-013
           6          30   9.2768852346181162E-013
           6          31   7.7905683068339924     
           6          32   1.9039995019359117     
           6          33  -2.4310943603310674E-012
           6          34   1.9039995019373150     
           6          35   8.8090461273171935E-014
           6          36  -4.7573175392283078E-013
           6          37   1.9039995019362275     
           6          38   2.7224566403870696E-002
           6          39   1.9617833549639146E-012
           6          40   2.7224566402864747E-002
           6          41  -8.3233046043251170E-014
           6          42   3.5152623224178497E-013
           6          43   2.7224566403647281E-002
           6          44  0.20813835248927526     
           6          45  -6.8432637618447195E-013
           6          46  0.20813835248959028     
           6          47   3.6489942770250984E-014
           6          48  -9.6502135687699345E-014
           6          49  0.20813835248935450     
           6          50   1.4520944961070406     
           6          51   1.6087967530408397E-013
           6          52   1.4520944961069187     
           6          53  -3.8982255929266496E-014
           6          54   2.7702869232165897E-014
           6          55   1.4520944961070017     
           6          56  -2.1671258362658434E-011
           6          57   7.4134636081214397E-012
           6          58  -9.6946862495727192E-012
           6          59   1.6545183056615141E-011
           6          60  -1.8294643223208260E-013
           6          61   2.7121007537022895E-016
           6          62  -2.0126992882339880E-013
           6          63  -9.7123994972454209E-012
           6          64   7.4303218237045217E-012
           6          65  -3.8402122196900194E-013
           7           1  -1.5022774735908493     
           7           2   1.3199777265639816     
           7           3  -1.2174064483426972     
           7           4   25.985769017222463     
           7           5   7.5166046244995250     
           7           6  -5.3702086417205308     
           7           7   8.1813436046694576     
           7           8  -1.5886789136947251E-011
           7           9  -2.7489270005979211E-012
           7          10   1.0933119485791511E-013
           7          11   2.4846385312596992E-011
           7          12  -7.2527167830172764E-012
           7          13  -1.0952402753726427E-013
           7          14  -1.7065213476138371E-011
           7          15   1.5390333226537217E-011
           7          16  -3.7177104097405066E-013
           7          17  -2.6788317644856160E-011
           7          18   1.9723531714535732E-011
           7          19  -4.8002954895729892E-013
           7          20   4.8943958454456169E-012
           7          21  -3.5373236193136852E-012
           7          22   1.2463872340131174E-013
           7          23  -9.2779514432520271E-013
           7          24   7.2654348408792344E-013
           7          25  -4.4983434022359828E-014
           7          26  -11.814459403808581     
           7          27  -3.7461060574848409E-012
           7          28  -11.814459403805909     
           7          29   2.1166527397077668E-013
           7          30  -8.3954392432806582E-013
           7          31  -11.814459403807986     
           7          32  -2.9065334938838836     
           7          33   2.5905685698253143E-012
           7          34  -2.9065334938851386     
           7          35  -9.1865558046588480E-014
           7          36   4.2582426127755109E-013
           7          37  -2.9065334938843073     
           7          38  -4.7839155116449331E-002
           7          39  -2.1646337389797094E-012
           7          40  -4.7839155115570874E-002
           7          41   9.5992789179634003E-014
           7          42  -3.0963019725337371E-013
           7          43  -4.7839155116151333E-002
           7          44 -0.32073537266757324     
           7          45   7.6754526076314365E-013
           7          46 -0.32073537266783553     
           7          47  -4.6466977372821424E-014
           7          48   7.0129988768591436E-014
           7          49 -0.32073537266767826     
           7          50  -2.2121549244568675     
           7          51  -1.6912856332106464E-013
           7          52  -2.2121549244567440     
           7          53   5.5145333196060654E-014
           7          54  -2.0179488513657984E-014
           7          55  -2.2121549244568111     
           7          56   1.9935106370174565E-011
           7          57  -6.8597427974185482E-012
           7          58   8.9168101671681711E-012
           7          59  -1.5292270686123385E-011
           7          60   1.6135515151626292E-013
           7          61  -7.7100941906075310E-016
           7          62   1.8659231504009681E-013
           7          63   8.9437864482016707E-012
           7          64  -6.8851249992491738E-012
           7          65   3.2254140244919087E-013
           8           1   6.1537116468895436E-014
           8           2   2.0898906915916533E-013
           8           3   1.1165172954714122E-012
           8           4  -2.8818173583353767E-012
           8           5   7.6165914050942803E-014
           8           6   1.7238403689562363E-011
           8           7  -1.5886789136947251E-011
           8           8   2.4944086438084168     
           8           9   1.0285175489066489E-014
           8          10  -1.1374581831979924E-014
           8          11  -1.4759512339087788     
           8          12   1.0984269049885143E-014
           8          13  -6.6266436782314031E-015
           8          14  0.83101683895420031     
           8          15   4.0509262611010399E-014
           8          16   8.2711615334574162E-015
           8          17   1.4422358958117458     
           8          18  -3.0649094373558228E-013
           8          19   7.8687056870307970E-014
           8          20 -0.26848776124635360     
           8          21   4.1206621448353076E-014
           8          22   2.7859659024187522E-015
           8          23   5.2004591322863933E-002
           8          24   1.1419684642355321E-014
           8          25  -1.9359513991901167E-015
           8          26   1.2210559228997193E-012
           8          27  -8.1847468661794155E-013
           8          28  -2.5816238613257398E-012
           8          29   8.2350902606229008E-013
           8          30   7.4211804189156130E-013
           8          31   3.0632941083673283E-013
           8          32  -7.9891935534730142E-013
           8          33   2.8373476181519045E-013
           8          34   1.2767686031642015E-012
           8          35  -3.4745026727668910E-013
           8          36  -2.7957600372050100E-013
           8          37  -6.2510141933937512E-013
           8          38  -1.9261675402330252E-012
           8          39  -2.0179244626502679E-013
           8          40  -3.5580991960096964E-012
           8          41   2.5478744001879657E-013
           8          42   2.1591606503260989E-013
           8          43  -1.9053872011221333E-012
           8          44  -1.5329585971366085E-012
           8          45   3.2304330781805815E-014
           8          46  -9.2062409869231097E-013
           8          47  -8.3569452779906616E-014
           8          48  -1.2003261501042731E-013
           8          49  -1.6011658877772574E-012
           8          50   4.4000739245519586E-012
           8          51   8.5210468444066753E-015
           8          52   4.2950244871535904E-012
           8          53   2.2266695631705799E-015
           8          54   3.2472045950798547E-014
           8          55   4.4929960380503450E-012
           8          56  -1.0537265048780282     
           8          57   8.3474893664003957E-014
           8          58 -0.47124081892003444     
           8          59   1.7216783554374615E-013
           8          60  -4.9078796582335826E-014
           8          61  -2.5920200167554063E-014
           8          62   5.3776427755281020E-015
           8          63 -0.47124081892016845     
           8          64   7.7708672829857051E-014
           8          65  -6.2921889920630747E-014
           9           1  -9.5163422123873538E-014
           9           2   3.7008938934187161E-013
           9           3   3.6055737084442992E-013
           9           4  -6.3742554377198874E-014
           9           5   1.3329008369097740E-013
           9           6   3.0233958121352980E-012
           9           7  -2.7489270005979211E-012
           9           8   1.0285175489066489E-014
           9           9   2.4944086438084305     
           9          10   4.1919592796979543E-015
           9          11  -4.9370230126299930E-014
           9          12  -1.4759512339088108     
           9          13  -8.2087114883222512E-015
           9          14   4.1452952181941782E-014
           9          15  0.83101683895417833     
           9          16   4.6282422339061213E-015
           9          17   1.1865508575681361E-014
           9          18   1.4422358958120245     
           9          19   4.5505266221823604E-014
           9          20   2.3279989047608751E-015
           9          21 -0.26848776124642548     
           9          22  -9.7838404045091920E-015
           9          23  -1.5612511283791264E-015
           9          24   5.2004591322902548E-002
           9          25   4.0167522086242968E-015
           9          26  -2.6495239448771946E-013
           9          27  -8.2692354061444178E-014
           9          28  -5.7079010901339121E-013
           9          29   7.8243346646489189E-014
           9          30   1.4943616458795606E-013
           9          31  -3.3698004573227237E-013
           9          32  -9.7258818578840906E-014
           9          33   5.1801631741205345E-014
           9          34   1.2635012544383095E-014
           9          35  -4.1878234551634414E-015
           9          36  -7.0101419138532964E-014
           9          37  -7.4933957064359378E-014
           9          38  -4.3306443375483654E-013
           9          39  -3.0862993296352264E-014
           9          40  -4.9182768260388000E-013
           9          41   1.9974585751281104E-015
           9          42   4.4784667172746546E-014
           9          43  -4.1708404878745762E-013
           9          44  -2.3825198761770376E-013
           9          45   4.7169103340451023E-015
           9          46  -2.3170973748585991E-013
           9          47   4.8807845877208645E-015
           9          48  -1.6375953116911229E-014
           9          49  -2.6396272073985342E-013
           9          50   7.5308222074809084E-013
           9          51  -1.7076862688859066E-015
           9          52   7.6030416740644107E-013
           9          53  -4.7078036926437433E-015
           9          54   5.5117180151139738E-015
           9          55   7.7501970232100316E-013
           9          56  -2.0539125955565396E-014
           9          57 -0.47124081892016828     
           9          58  -6.2727600891321345E-015
           9          59  -1.0537265048781510     
           9          60  -7.4627803936522241E-015
           9          61  -3.0472173084119176E-015
           9          62  -1.3902073936478132E-014
           9          63  -1.1206313654810174E-014
           9          64 -0.47124081892016983     
           9          65  -2.3564483697668948E-014
          10           1  -7.5026113570946205E-014
          10           2   2.3004250467308066E-013
          10           3   1.2999522447093265E-013
          10           4   3.5569586466426155E-013
          10           5   8.1353371487110698E-014
          10           6  -8.7848569567893366E-014
          10           7   1.0933119485791511E-013
          10           8  -1.1374581831979924E-014
          10           9   4.1919592796979543E-015
          10          10   2.4944086438084163     
          10          11   4.5081993693685263E-014
          10          12  -1.0224460167407301E-014
          10          13  -1.4759512339087941     
          10          14  -3.0850322296771537E-014
          10          15   4.5796699765787707E-016
          10          16  0.83101683895418854     
          10          17  -7.0332628610003667E-014
          10          18   6.0992877415344537E-014
          10          19   1.4422358958119390     
          10          20   2.4511642715552284E-014
          10          21  -1.8285720160271524E-014
          10          22 -0.26848776124639617     
          10          23  -8.0256981616066980E-015
          10          24   8.5790749504432995E-015
          10          25   5.2004591322904310E-002
          10          26  -2.2923615621699163E-013
          10          27  -1.3863119838988402E-013
          10          28  -3.5447280165791981E-013
          10          29   9.6958693568236629E-014
          10          30  -3.6623006882877336E-014
          10          31  -1.2927164341867857E-013
          10          32   5.8590017304506491E-017
          10          33   3.3592270665765201E-014
          10          34   2.7997147222475218E-014
          10          35  -6.2772763682291156E-014
          10          36   4.8781539327971807E-014
          10          37  -1.3223911578261324E-013
          10          38  -2.3188445022869213E-014
          10          39  -3.4803922790271769E-014
          10          40  -4.2400225496653603E-014
          10          41   4.6285417633584985E-014
          10          42  -4.1089681094479920E-014
          10          43   8.3331437928071577E-014
          10          44   1.1822488421898804E-014
          10          45   1.7243844795066978E-014
          10          46   1.0725316403696431E-014
          10          47  -1.4125304199868597E-014
          10          48   1.0549701807643941E-014
          10          49  -1.2043676219585693E-014
          10          50  -4.0868356963147845E-014
          10          51  -4.2610384507898712E-015
          10          52  -3.1504449474481866E-014
          10          53   3.5615322976007297E-015
          10          54   4.1996652867937182E-015
          10          55  -2.8620792580119618E-014
          10          56   4.4145243016657787E-014
          10          57  -5.0896786785159520E-015
          10          58   2.5049406993105094E-014
          10          59  -3.4867941867133823E-014
          10          60 -0.47124081892015318     
          10          61   3.0798452301397134E-015
          10          62 -0.47124081892013864     
          10          63   1.6431300764452317E-014
          10          64  -2.0702189962307216E-014
          10          65  -1.0537265048781255     
          11           1   3.1754587883648637E-014
          11           2  -6.7106643839285125E-013
          11           3  -1.7433423938668131E-012
          11           4   4.0800388700772602E-012
          11           5  -1.6430153921113780E-013
          11           6  -2.7026322053706377E-011
          11           7   2.4846385312596992E-011
          11           8  -1.4759512339087788     
          11           9  -4.9370230126299930E-014
          11          10   4.5081993693685263E-014
          11          11   4.5293216281921556     
          11          12  -1.1518563880485999E-014
          11          13   2.5368596112684827E-014
          11          14  -3.1992741819011181     
          11          15  -1.3888890038060708E-013
          11          16  -1.0769163338864018E-014
          11          17  -4.9049573316006487     
          11          18   1.0000889005823410E-012
          11          19  -4.6651571494749078E-013
          11          20  0.89524949720660829     
          11          21  -1.3110346142042317E-013
          11          22   4.1855408028368402E-014
          11          23 -0.17121618662518129     
          11          24  -4.6584264223881178E-014
          11          25  -1.1806527977498149E-014
          11          26  -4.6113118162461111E-012
          11          27   2.8351061862977688E-012
          11          28   8.5777189029150225E-012
          11          29  -2.8800792289942200E-012
          11          30  -2.5705916436412001E-012
          11          31  -1.5207185937649228E-012
          11          32   2.4817284130614392E-012
          11          33  -8.3728594887917415E-013
          11          34  -4.5621863992170407E-012
          11          35   1.3010549109183463E-012
          11          36   8.6871775008561135E-013
          11          37   2.1493488008335331E-012
          11          38   2.1294031314075789E-012
          11          39   6.2866781988605819E-013
          11          40   7.7028996165447706E-012
          11          41  -9.4036347024372645E-013
          11          42  -6.4904279513478984E-013
          11          43   1.9389059433215602E-012
          11          44   2.7302606620438233E-012
          11          45  -1.1310337546204600E-013
          11          46   6.3215128290774307E-013
          11          47   3.1551440206735437E-013
          11          48   3.7758166626146787E-013
          11          49   2.9220262450175980E-012
          11          50  -6.8457367098412258E-012
          11          51  -1.7945899931724497E-014
          11          52  -6.5169917586468597E-012
          11          53  -1.9123797114689363E-014
          11          54  -1.1974950413527413E-013
          11          55  -7.1734918268633679E-012
          11          56   3.6696448856811203     
          11          57  -2.8074764735208646E-013
          11          58   1.6411150835332378     
          11          59  -5.4600768351065199E-013
          11          60   2.2393198406689407E-013
          11          61   7.5631648826866351E-014
          11          62  -1.8041124150158794E-014
          11          63   1.6411150835337107     
          11          64  -2.4147350785597155E-013
          11          65   3.3140157285060923E-013
          12           1   1.0890981678065757E-013
          12           2  -1.0395247010509589E-013
          12           3   2.9480504982516187E-013
          12           4  -2.3839888078256249E-012
          12           5  -2.4459746881319161E-013
          12           6   7.7375921580392617E-012
          12           7  -7.2527167830172764E-012
          12           8   1.0984269049885143E-014
          12           9  -1.4759512339088108     
          12          10  -1.0224460167407301E-014
          12          11  -1.1518563880485999E-014
          12          12   4.5293216281922035     
          12          13   2.3411828031782989E-014
          12          14  -6.2727600891321345E-014
          12          15  -3.1992741819010404     
          12          16  -4.5241588253475129E-014
          12          17  -2.6090241078691179E-014
          12          18  -4.9049573316012012     
          12          19  -4.6351811278100286E-014
          12          20   3.0989100174849682E-014
          12          21  0.89524949720675207     
          12          22   1.4807599590938025E-014
          12          23  -1.4346163146328195E-014
          12          24 -0.17121618662530380     
          12          25   3.2109731540330699E-015
          12          26   1.4960574716450753E-013
          12          27   2.8161490993682497E-013
          12          28   1.2568678234133347E-012
          12          29  -2.6429411531826557E-013
          12          30  -5.6115663583323620E-013
          12          31   4.4044642974313528E-013
          12          32   2.5404326938414099E-013
          12          33  -2.5470989956168583E-013
          12          34  -1.7668557981260370E-013
          12          35  -4.2861054109197666E-014
          12          36   3.2143984513628847E-013
          12          37   2.9648900200512691E-014
          12          38  -1.1421125691967148E-012
          12          39   1.5286653432885979E-013
          12          40  -8.7784232954730198E-013
          12          41   2.0408885166874219E-014
          12          42  -2.2745303914965738E-013
          12          43  -1.0562545791085250E-012
          12          44  -5.8381364249169632E-013
          12          45  -2.7522307531235440E-014
          12          46  -6.5444811413654031E-013
          12          47  -2.7148679350490374E-014
          12          48   9.1676968079915810E-014
          12          49  -5.4328972200323616E-013
          12          50   2.0221760447794300E-012
          12          51   3.1388761347449180E-016
          12          52   2.0247780606130135E-012
          12          53   2.3079782592706542E-014
          12          54  -1.7931855445802990E-014
          12          55   1.9817593794056187E-012
          12          56   2.6756374893466273E-014
          12          57   1.6411150835335939     
          12          58  -5.4678483962788960E-015
          12          59   3.6696448856813531     
          12          60  -2.6367796834847468E-015
          12          61   1.6649023319251677E-014
          12          62   3.9940273310890007E-014
          12          63   1.6903145549918008E-014
          12          64   1.6411150835336128     
          12          65   2.6700863742235015E-014
          13           1   4.3883034029975144E-014
          13           2  -9.9278162755390733E-014
          13           3  -2.6758611001392947E-014
          13           4  -4.6419927155919176E-013
