           1           1  0.17575649743933466     
           1           2  0.47767880705968691     
           1           3   1.0703625679109083E-002
           1           4 -0.18910723202672242     
           1           5   2.5616442858234192E-002
           1           6   3.1953754633767340E-015
           1           7   1.5699194605012909E-015
           1           8  -6.3303906611963275E-016
           1           9   5.6864341471894862E-015
           1          10  -8.9467558408485566E-015
           1          11   4.3727117368823283E-015
           1          12   6.0434608996711847E-016
           1          13  -3.2097487928601501E-015
           1          14   1.8791937158015006E-015
           1          15  -3.4472750671134431E-015
           1          16   3.3630749381949126E-015
           1          17  -5.8845872950487383E-015
           1          18   3.7844390671638500E-002
           1          19   1.0216011343052160E-015
           1          20   3.7844390671648388E-002
           1          21  -1.3984684390283804E-015
           1          22  -1.6103447727158341E-015
           1          23   3.7844390671648569E-002
           2           1  0.47767880705968691     
           2           2   1.3247281145376375     
           2           3   1.5684205947500522E-002
           2           4 -0.86172998617122065     
           2           5  0.11123028660423075     
           2           6   9.7438289480165558E-015
           2           7   3.2327353066113164E-015
           2           8  -1.5594342873987446E-015
           2           9   2.4832434539018029E-014
           2          10  -2.9928808711364149E-014
           2          11   1.2263155350510104E-014
           2          12   3.3395129274708709E-015
           2          13  -1.0105445843066869E-014
           2          14   4.3040956623113221E-015
           2          15  -9.4458791719744594E-015
           2          16   9.6502083917181491E-015
           2          17  -1.5382654704026269E-014
           2          18  0.18172775344281766     
           2          19   2.8083303627556307E-015
           2          20  0.18172775344284314     
           2          21  -3.1892364614172844E-015
           2          22  -3.7001700452012356E-015
           2          23  0.18172775344284381     
           3           1   1.0703625679109083E-002
           3           2   1.5684205947500522E-002
           3           3   7.4416752080253279E-003
           3           4  0.16461086409594924     
           3           5  -1.9512895505801472E-002
           3           6  -3.4188547703667719E-016
           3           7   6.1931342288467547E-016
           3           8  -1.2012553586357299E-016
           3           9  -4.4030155922571065E-015
           3          10   2.2978263929722642E-015
           3          11   7.4451915269602096E-017
           3          12  -8.2264513911671289E-016
           3          13   5.0436818669515587E-016
           3          14   5.2125813957774756E-016
           3          15  -1.7108392625784714E-016
           3          16  -5.3425728135313461E-017
           3          17  -6.6768394315400673E-016
           3          18  -3.7640623994460470E-002
           3          19   4.6121992733848839E-017
           3          20  -3.7640623994459173E-002
           3          21  -3.9490604083867941E-016
           3          22  -4.4068500200705890E-016
           3          23  -3.7640623994459235E-002
           4           1 -0.18910723202672242     
           4           2 -0.86172998617122065     
           4           3  0.16461086409594924     
           4           4   4.7722103591475591     
           4           5 -0.57419324241846781     
           4           6  -1.7354485963501634E-014
           4           7   1.1895699298584271E-014
           4           8  -1.4348797810486795E-015
           4           9  -1.2931549372927608E-013
           4          10   8.3365486854701036E-014
           4          11  -9.6813849139027720E-015
           4          12  -2.2944335081911729E-014
           4          13   2.1607449196398362E-014
           4          14   8.5308077309164898E-015
           4          15   4.7170630092376042E-015
           4          16  -1.0317218774137515E-014
           4          17  -1.6919124417959046E-015
           4          18  -1.0768993475856208     
           4          19  -1.5166766777302908E-015
           4          20  -1.0768993475856132     
           4          21  -6.5299097172076822E-015
           4          22  -7.1547307145906262E-015
           4          23  -1.0768993475856152     
           5           1   2.5616442858234192E-002
           5           2  0.11123028660423075     
           5           3  -1.9512895505801472E-002
           5           4 -0.57419324241846781     
           5           5   6.9135753208506345E-002
           5           6   2.1307635645305419E-015
           5           7  -1.3965595042973595E-015
           5           8   1.6090623775895303E-016
           5           9   1.5568828284505446E-014
           5          10  -1.0126572028528387E-014
           5          11   1.2327408708920570E-015
           5          12   2.7554793707560049E-015
           5          13  -2.6398578692055412E-015
           5          14  -9.8870156077320437E-016
           5          15  -6.2303346998118138E-016
           5          16   1.2916366302076278E-015
           5          17   1.0230299603852050E-016
           5          18  0.12949055347964225     
           5          19   1.9884694056790676E-016
           5          20  0.12949055347964153     
           5          21   7.5748189551828604E-016
           5          22   8.2863406599277008E-016
           5          23  0.12949055347964181     
           6           1   3.1953754633767340E-015
           6           2   9.7438289480165558E-015
           6           3  -3.4188547703667719E-016
           6           4  -1.7354485963501634E-014
           6           5   2.1307635645305419E-015
           6           6   1.0048348321037667E-028
           6           7  -1.2837316546001330E-029
           6           8  -5.0637344301959205E-030
           6           9   4.7864194539718858E-028
           6          10  -3.8726774475115326E-028
           6          11   9.4657417438345913E-029
           6          12   7.8895245880064306E-029
           6          13  -1.1365222705849168E-028
           6          14   2.0213609072478838E-030
           6          15  -6.5744009588471386E-029
           6          16   8.1547232959079216E-029
           6          17  -8.2546291563562867E-029
           6          18   3.8442442185276585E-015
           6          19   1.9845043680124413E-029
           6          20   3.8442442185277847E-015
           6          21  -9.5169944985102303E-031
           6          22  -2.2061533841296134E-030
           6          23   3.8442442185277934E-015
           7           1   1.5699194605012909E-015
           7           2   3.2327353066113164E-015
           7           3   6.1931342288467547E-016
           7           4   1.1895699298584271E-014
           7           5  -1.3965595042973595E-015
           7           6  -1.2837316546001330E-029
           7           7   5.4416890321078561E-029
           7           8  -1.1946346571344501E-029
           7           9  -3.1552604937065115E-028
           7          10   1.3934330461487939E-028
           7          11   2.4261241347284699E-029
           7          12  -6.0891896663191367E-029
           7          13   2.5308878130095930E-029
           7          14   4.8163595828252646E-029
           7          15  -2.7795272322104599E-029
           7          16   1.0122053651816268E-029
           7          17  -7.6420631405795252E-029
           7          18  -2.7429809554002764E-015
           7          19   7.8839725418976286E-030
           7          20  -2.7429809554001348E-015
           7          21  -3.6382047172790130E-029
           7          22  -4.0810327639592477E-029
           7          23  -2.7429809554001391E-015
           8           1  -6.3303906611963275E-016
           8           2  -1.5594342873987446E-015
           8           3  -1.2012553586357299E-016
           8           4  -1.4348797810486795E-015
           8           5   1.6090623775895303E-016
           8           6  -5.0637344301959205E-030
           8           7  -1.1946346571344501E-029
           8           8   3.2601029534178284E-030
           8           9   3.6577212510657630E-029
           8          10  -1.9277927543512410E-030
           8          11  -1.3444749173603399E-029
           8          12   8.1487450907627426E-030
           8          13   3.1529122350688057E-030
           8          14  -1.1655964727115446E-029
           8          15   1.1949561447546859E-029
           8          16  -9.0106250627001387E-030
           8          17   2.4911158597532674E-029
           8          18   3.4359781765504751E-016
           8          19  -3.4862468047894273E-030
           8          20   3.4359781765500362E-016
           8          21   8.7582169107341855E-030
           8          22   9.9163217222547862E-030
           8          23   3.4359781765500377E-016
           9           1   5.6864341471894862E-015
           9           2   2.4832434539018029E-014
           9           3  -4.4030155922571065E-015
           9           4  -1.2931549372927608E-013
           9           5   1.5568828284505446E-014
           9           6   4.7864194539718858E-028
           9           7  -3.1552604937065115E-028
           9           8   3.6577212510657630E-029
           9           9   3.5060184007992464E-027
           9          10  -2.2778566518647959E-027
           9          11   2.7566783792858671E-028
           9          12   6.2071824324019930E-028
           9          13  -5.9337212048762340E-028
           9          14  -2.2375782350697714E-028
           9          15  -1.3871230968463362E-028
           9          16   2.8944056689873643E-028
           9          17   2.5965414371763201E-029
           9          18   2.9165264842529976E-014
           9          19   4.4310194372297887E-029
           9          20   2.9165264842529811E-014
           9          21   1.7140899255839031E-028
           9          22   1.8754966798697098E-028
           9          23   2.9165264842529868E-014
          10           1  -8.9467558408485566E-015
          10           2  -2.9928808711364149E-014
          10           3   2.2978263929722642E-015
          10           4   8.3365486854701036E-014
          10           5  -1.0126572028528387E-014
          10           6  -3.8726774475115326E-028
          10           7   1.3934330461487939E-028
          10           8  -1.9277927543512410E-030
          10           9  -2.2778566518647959E-027
          10          10   1.6455724166588147E-027
          10          11  -3.0291030437592415E-028
          10          12  -3.9058874683560189E-028
          10          13   4.5639233665888413E-028
          10          14   7.4661646034312974E-029
          10          15   1.9174889618324395E-028
          10          16  -2.7931109460937997E-028
          10          17   1.7005183612980212E-028
          10          18  -1.8650318905266490E-014
          10          19  -5.8741845793273330E-029
          10          20  -1.8650318905266698E-014
          10          21  -5.8490008875065007E-029
          10          22  -6.1468600049682176E-029
          10          23  -1.8650318905266742E-014
          11           1   4.3727117368823283E-015
          11           2   1.2263155350510104E-014
          11           3   7.4451915269602096E-017
          11           4  -9.6813849139027720E-015
          11           5   1.2327408708920570E-015
          11           6   9.4657417438345913E-029
          11           7   2.4261241347284699E-029
          11           8  -1.3444749173603399E-029
          11           9   2.7566783792858671E-028
          11          10  -3.0291030437592415E-028
          11          11   1.1421102116210473E-028
          11          12   3.9319664996564651E-029
          11          13  -9.9630727544346291E-029
          11          14   3.5258544215269994E-029
          11          15  -8.6863936644707297E-029
          11          16   9.0967762879455523E-029
          11          17  -1.3766522196462363E-028
          11          18   2.0702079774608904E-015
          11          19   2.5871531492258257E-029
          11          20   2.0702079774611168E-015
          11          21  -2.6041293321458299E-029
          11          22  -3.0383737349791742E-029
          11          23   2.0702079774611235E-015
          12           1   6.0434608996711847E-016
          12           2   3.3395129274708709E-015
          12           3  -8.2264513911671289E-016
          12           4  -2.2944335081911729E-014
          12           5   2.7554793707560049E-015
          12           6   7.8895245880064306E-029
          12           7  -6.0891896663191367E-029
          12           8   8.1487450907627426E-030
          12           9   6.2071824324019930E-028
          12          10  -3.9058874683560189E-028
          12          11   3.9319664996564651E-029
          12          12   1.1086654925171298E-028
          12          13  -9.9622397747358913E-029
          12          14  -4.5032580342441834E-029
          12          15  -1.6771986491691262E-029
          12          16   4.4251635014823690E-029
          12          17   1.8917900096322690E-029
          12          18   5.1863804789123687E-015
          12          19   5.5499629730569806E-030
          12          20   5.1863804789123150E-015
          12          21   3.4397801536094390E-029
          12          22   3.7830625789197347E-029
          12          23   5.1863804789123261E-015
          13           1  -3.2097487928601501E-015
          13           2  -1.0105445843066869E-014
          13           3   5.0436818669515587E-016
          13           4   2.1607449196398362E-014
          13           5  -2.6398578692055412E-015
          13           6  -1.1365222705849168E-028
          13           7   2.5308878130095930E-029
          13           8   3.1529122350688057E-030
          13           9  -5.9337212048762340E-028
          13          10   4.5639233665888413E-028
          13          11  -9.9630727544346291E-029
          13          12  -9.9622397747358913E-029
          13          13   1.3075241966440873E-028
          13          14   7.6126173557897766E-030
          13          15   6.6960778414395705E-029
          13          16  -8.8035279995836720E-029
          13          17   7.5585745382528268E-029
          13          18  -4.8083947893764180E-015
          13          19  -2.0315795742181244E-029
          13          20  -4.8083947893765277E-015
          13          21  -6.3860213079664810E-030
          13          22  -5.9052033112153496E-030
          13          23  -4.8083947893765371E-015
          14           1   1.8791937158015006E-015
          14           2   4.3040956623113221E-015
          14           3   5.2125813957774756E-016
          14           4   8.5308077309164898E-015
          14           5  -9.8870156077320437E-016
          14           6   2.0213609072478838E-030
          14           7   4.8163595828252646E-029
          14           8  -1.1655964727115446E-029
          14           9  -2.2375782350697714E-028
          14          10   7.4661646034312974E-029
          14          11   3.5258544215269994E-029
          14          12  -4.5032580342441834E-029
          14          13   7.6126173557897766E-030
          14          14   4.4466846644990211E-029
          14          15  -3.4530283990690488E-029
          14          16   2.0485669132984191E-029
          14          17  -8.1450650781562782E-029
          14          18  -1.9887077033796915E-015
          14          19   9.9587216481123881E-030
          14          20  -1.9887077033795444E-015
          14          21  -3.3510586228499404E-029
          14          22  -3.7745729682747275E-029
          14          23  -1.9887077033795471E-015
          15           1  -3.4472750671134431E-015
          15           2  -9.4458791719744594E-015
          15           3  -1.7108392625784714E-016
          15           4   4.7170630092376042E-015
          15           5  -6.2303346998118138E-016
          15           6  -6.5744009588471386E-029
          15           7  -2.7795272322104599E-029
          15           8   1.1949561447546859E-029
          15           9  -1.3871230968463362E-028
          15          10   1.9174889618324395E-028
          15          11  -8.6863936644707297E-029
          15          12  -1.6771986491691262E-029
          15          13   6.6960778414395705E-029
          15          14  -3.4530283990690488E-029
          15          15   6.7836963603590030E-029
          15          16  -6.7440927963876007E-029
          15          17   1.1364976730672008E-028
          15          18  -9.7087297188172671E-016
          15          19  -2.0129710238709495E-029
          15          20  -9.7087297188191663E-016
          15          21   2.5656910540299705E-029
          15          22   2.9624499624830959E-029
          15          23  -9.7087297188192057E-016
          16           1   3.3630749381949126E-015
          16           2   9.6502083917181491E-015
          16           3  -5.3425728135313461E-017
          16           4  -1.0317218774137515E-014
          16           5   1.2916366302076278E-015
          16           6   8.1547232959079216E-029
          16           7   1.0122053651816268E-029
          16           8  -9.0106250627001387E-030
          16           9   2.8944056689873643E-028
          16          10  -2.7931109460937997E-028
          16          11   9.0967762879455523E-029
          16          12   4.4251635014823690E-029
          16          13  -8.8035279995836720E-029
          16          14   2.0485669132984191E-029
          16          15  -6.7440927963876007E-029
          16          16   7.4173545504451703E-029
          16          17  -1.0083666867306214E-028
          16          18   2.2433933296343915E-015
          16          19   2.0160287379312421E-029
          16          20   2.2433933296345544E-015
          16          21  -1.4979155343986771E-029
          16          22  -1.7783015613928697E-029
          16          23   2.2433933296345603E-015
          17           1  -5.8845872950487383E-015
          17           2  -1.5382654704026269E-014
          17           3  -6.6768394315400673E-016
          17           4  -1.6919124417959046E-015
          17           5   1.0230299603852050E-016
          17           6  -8.2546291563562867E-029
          17           7  -7.6420631405795252E-029
          17           8   2.4911158597532674E-029
          17           9   2.5965414371763201E-029
          17          10   1.7005183612980212E-028
          17          11  -1.3766522196462363E-028
          17          12   1.8917900096322690E-029
          17          13   7.5585745382528268E-029
          17          14  -8.1450650781562782E-029
          17          15   1.1364976730672008E-028
          17          16  -1.0083666867306214E-028
          17          17   2.1111535032749282E-028
          17          18   5.5262728256987529E-016
          17          19  -3.3471560126174308E-029
          17          20   5.5262728256951281E-016
          17          21   6.0932964653222260E-029
          17          22   6.9524548718658436E-029
          17          23   5.5262728256951015E-016
          18           1   3.7844390671638500E-002
          18           2  0.18172775344281766     
          18           3  -3.7640623994460470E-002
          18           4  -1.0768993475856208     
          18           5  0.12949055347964225     
          18           6   3.8442442185276585E-015
          18           7  -2.7429809554002764E-015
          18           8   3.4359781765504751E-016
          18           9   2.9165264842529976E-014
          18          10  -1.8650318905266490E-014
          18          11   2.0702079774608904E-015
          18          12   5.1863804789123687E-015
          18          13  -4.8083947893764180E-015
          18          14  -1.9887077033796915E-015
          18          15  -9.7087297188172671E-016
          18          16   2.2433933296343915E-015
          18          17   5.5262728256987529E-016
          18          18  0.24315226387238223     
          18          19   3.1465610466493422E-016
          18          20  0.24315226387238026     
          18          21   1.5211099966037775E-015
          18          22   1.6688995650736477E-015
          18          23  0.24315226387238073     
          19           1   1.0216011343052160E-015
          19           2   2.8083303627556307E-015
          19           3   4.6121992733848839E-017
          19           4  -1.5166766777302908E-015
          19           5   1.9884694056790676E-016
          19           6   1.9845043680124413E-029
          19           7   7.8839725418976286E-030
          19           8  -3.4862468047894273E-030
          19           9   4.4310194372297887E-029
          19          10  -5.8741845793273330E-029
          19          11   2.5871531492258257E-029
          19          12   5.5499629730569806E-030
          19          13  -2.0315795742181244E-029
          19          14   9.9587216481123881E-030
          19          15  -2.0129710238709495E-029
          19          16   2.0160287379312421E-029
          19          17  -3.3471560126174308E-029
          19          18   3.1465610466493422E-016
          19          19   5.9762994969923422E-030
          19          20   3.1465610466499003E-016
          19          21  -7.3945584852724795E-030
          19          22  -8.5481848328806031E-030
          19          23   3.1465610466499131E-016
          20           1   3.7844390671648388E-002
          20           2  0.18172775344284314     
          20           3  -3.7640623994459173E-002
          20           4  -1.0768993475856132     
          20           5  0.12949055347964153     
          20           6   3.8442442185277847E-015
          20           7  -2.7429809554001348E-015
          20           8   3.4359781765500362E-016
          20           9   2.9165264842529811E-014
          20          10  -1.8650318905266698E-014
          20          11   2.0702079774611168E-015
          20          12   5.1863804789123150E-015
          20          13  -4.8083947893765277E-015
          20          14  -1.9887077033795444E-015
          20          15  -9.7087297188191663E-016
          20          16   2.2433933296345544E-015
          20          17   5.5262728256951281E-016
          20          18  0.24315226387238026     
          20          19   3.1465610466499003E-016
          20          20  0.24315226387237832     
          20          21   1.5211099966036670E-015
          20          22   1.6688995650735221E-015
          20          23  0.24315226387237882     
          21           1  -1.3984684390283804E-015
          21           2  -3.1892364614172844E-015
          21           3  -3.9490604083867941E-016
          21           4  -6.5299097172076822E-015
          21           5   7.5748189551828604E-016
          21           6  -9.5169944985102303E-031
          21           7  -3.6382047172790130E-029
          21           8   8.7582169107341855E-030
          21           9   1.7140899255839031E-028
          21          10  -5.8490008875065007E-029
          21          11  -2.6041293321458299E-029
          21          12   3.4397801536094390E-029
          21          13  -6.3860213079664810E-030
          21          14  -3.3510586228499404E-029
          21          15   2.5656910540299705E-029
          21          16  -1.4979155343986771E-029
          21          17   6.0932964653222260E-029
          21          18   1.5211099966037775E-015
          21          19  -7.3945584852724795E-030
          21          20   1.5211099966036670E-015
          21          21   2.5257111758204961E-029
          21          22   2.8442704665951978E-029
          21          23   1.5211099966036694E-015
          22           1  -1.6103447727158341E-015
          22           2  -3.7001700452012356E-015
          22           3  -4.4068500200705890E-016
          22           4  -7.1547307145906262E-015
          22           5   8.2863406599277008E-016
          22           6  -2.2061533841296134E-030
          22           7  -4.0810327639592477E-029
          22           8   9.9163217222547862E-030
          22           9   1.8754966798697098E-028
          22          10  -6.1468600049682176E-029
          22          11  -3.0383737349791742E-029
          22          12   3.7830625789197347E-029
          22          13  -5.9052033112153496E-030
          22          14  -3.7745729682747275E-029
          22          15   2.9624499624830959E-029
          22          16  -1.7783015613928697E-029
          22          17   6.9524548718658436E-029
          22          18   1.6688995650736477E-015
          22          19  -8.5481848328806031E-030
          22          20   1.6688995650735221E-015
          22          21   2.8442704665951978E-029
          22          22   3.2042897209132443E-029
          22          23   1.6688995650735244E-015
          23           1   3.7844390671648569E-002
          23           2  0.18172775344284381     
          23           3  -3.7640623994459235E-002
          23           4  -1.0768993475856152     
          23           5  0.12949055347964181     
          23           6   3.8442442185277934E-015
          23           7  -2.7429809554001391E-015
          23           8   3.4359781765500377E-016
          23           9   2.9165264842529868E-014
          23          10  -1.8650318905266742E-014
          23          11   2.0702079774611235E-015
          23          12   5.1863804789123261E-015
          23          13  -4.8083947893765371E-015
          23          14  -1.9887077033795471E-015
          23          15  -9.7087297188192057E-016
          23          16   2.2433933296345603E-015
          23          17   5.5262728256951015E-016
          23          18  0.24315226387238073     
          23          19   3.1465610466499131E-016
          23          20  0.24315226387237882     
          23          21   1.5211099966036694E-015
          23          22   1.6688995650735244E-015
          23          23  0.24315226387237932     
