           1           1  0.42577860578908261     
           1           2  0.62059304320489361     
           1           3  -5.9249146007302578E-002
           1           4 -0.13976793806969040     
           1           5  -4.0041095375533207E-002
           1           6  -1.7842554224964569E-003
           1           7   1.7647737922569293E-016
           1           8  -1.6943706828097626E-015
           1           9  -2.1749654136211847E-015
           1          10  -3.1627789121527252E-015
           1          11   2.2510947782210066E-015
           1          12   2.2250841601262409E-015
           1          13   1.9189058053367200E-015
           1          14  -2.5085826369917631E-015
           1          15  -2.1132874482576218E-015
           1          16   1.4203855742914923E-003
           1          17   1.3103484467824367E-015
           1          18   1.4203855742908971E-003
           1          19  -2.6495759960616386E-016
           1          20  -1.6873495152997988E-017
           1          21   1.4203855742914492E-003
           1          22   5.3625811185952013E-003
           1          23  -4.1286851495962675E-016
           1          24   5.3625811185951545E-003
           1          25  -8.1399814376687566E-016
           1          26   6.0310105987608364E-016
           1          27   5.3625811185917908E-003
           1          28  -3.8171586835623552E-004
           1          29   8.0144976558245109E-016
           1          30  -3.8171586835765095E-004
           1          31   1.3783623958756273E-015
           1          32  -2.2084520173819688E-016
           1          33  -3.8171586835273133E-004
           1          34   1.9945015503545906E-016
           1          35  -4.4847916753199886E-016
           1          36   1.0594971166771730E-015
           1          37  -5.3655975056138767E-016
           1          38   1.0212544892254938E-015
           1          39   1.1982794752638236E-015
           1          40  -2.4173215484292378E-016
           1          41  -4.7610326287372482E-016
           1          42   8.9222403655965176E-017
           1          43  -1.7260215566195120E-015
           2           1  0.62059304320489361     
           2           2  0.92230783766859714     
           2           3 -0.16317154191004055     
           2           4 -0.28771648433909902     
           2           5  -9.4268106831213450E-002
           2           6  -3.8850799051161422E-003
           2           7   4.3738557832025205E-016
           2           8  -2.2569438367257362E-015
           2           9  -3.6468924923120140E-015
           2          10  -4.4808377389222662E-015
           2          11   3.3780418058688029E-015
           2          12   2.3504771054200424E-015
           2          13   2.8680959937315781E-015
           2          14  -3.8228695379862730E-015
           2          15  -3.2391382544913176E-015
           2          16   8.4456996798562404E-004
           2          17   1.8679552073831770E-015
           2          18   8.4456996798528122E-004
           2          19  -3.7509700648878609E-016
           2          20  -1.4858768128499713E-017
           2          21   8.4456996798563922E-004
           2          22   3.8464514599119790E-003
           2          23  -6.7084502424395290E-016
           2          24   3.8464514599112799E-003
           2          25  -1.1180020982716222E-015
           2          26   8.5354603886547529E-016
           2          27   3.8464514599049846E-003
           2          28  -8.9520380200413478E-004
           2          29   1.3605589785375940E-015
           2          30  -8.9520380200636314E-004
           2          31   2.0689436230718533E-015
           2          32  -2.6610622720287518E-016
           2          33  -8.9520380199919840E-004
           2          34   4.0183964333932202E-016
           2          35  -6.1101551260860991E-016
           2          36   1.5007965022439725E-015
           2          37  -6.3335180464428487E-016
           2          38   1.5391092928295328E-015
           2          39   1.6401461810331295E-015
           2          40  -3.4169729238000839E-016
           2          41  -6.5435206980519385E-016
           2          42   1.7788365706601892E-016
           2          43  -2.3827011101557646E-015
           3           1  -5.9249146007302578E-002
           3           2 -0.16317154191004055     
           3           3  0.34067724847581621     
           3           4  0.38231918325276071     
           3           5  0.16072239704008279     
           3           6   5.7756594963306179E-003
           3           7  -7.2421024069049384E-015
           3           8   9.2981138587814474E-016
           3           9   2.3524757768647949E-015
           3          10  -6.0340138309924569E-015
           3          11   7.4384797661240824E-016
           3          12   3.4224670589252120E-015
           3          13  -3.7702853131735172E-015
           3          14   1.8909639271958128E-015
           3          15   1.0031890106954911E-015
           3          16   5.0731661542723948E-003
           3          17  -3.8050698185992255E-017
           3          18   5.0731661542702264E-003
           3          19  -2.8704069828599073E-017
           3          20  -3.9994996784953769E-017
           3          21   5.0731661542720427E-003
           3          22   1.6476601884189854E-002
           3          23   3.6536507193054400E-016
           3          24   1.6476601884192539E-002
           3          25  -1.4641943089775775E-016
           3          26   1.7974013343869980E-017
           3          27   1.6476601884199103E-002
           3          28   1.5185004347823474E-003
           3          29  -9.5443756511158006E-016
           3          30   1.5185004347832841E-003
           3          31  -4.6549692239788130E-016
           3          32  -1.9478670953204826E-016
           3          33   1.5185004347825161E-003
           3          34  -5.3274034179722886E-016
           3          35  -1.1138772452544673E-016
           3          36   5.7049600334141754E-018
           3          37  -5.3898581689977977E-016
           3          38  -3.9074665478916174E-016
           3          39   2.6798380851053479E-016
           3          40  -6.7340120638126550E-019
           3          41  -1.0508271539190126E-016
           3          42  -2.2583638690555184E-016
           3          43  -2.8754702816118091E-016
           4           1 -0.13976793806969040     
           4           2 -0.28771648433909902     
           4           3  0.38231918325276071     
           4           4  0.44560217999120311     
           4           5  0.17911266369974527     
           4           6   5.5974989070717487E-003
           4           7   5.7827862414233939E-015
           4           8  -1.5011006683524314E-014
           4           9   1.9833156032204731E-014
           4          10   6.5588439224532462E-015
           4          11  -1.4794927653885301E-014
           4          12   1.9371242123184358E-014
           4          13   2.4064773768001239E-015
           4          14  -5.4712871600863325E-015
           4          15   9.6296635580815294E-015
           4          16   5.4463337123196939E-003
           4          17  -1.7400205916766444E-016
           4          18   5.4463337123177085E-003
           4          19   6.1724552834947260E-017
           4          20  -4.4875977771895097E-017
           4          21   5.4463337123195300E-003
           4          22   1.6514363414584260E-002
           4          23   4.2759811875410442E-016
           4          24   1.6514363414585065E-002
           4          25  -1.2346211504978689E-016
           4          26  -8.2533870287877199E-017
           4          27   1.6514363414593315E-002
           4          28   1.8978764375055439E-003
           4          29  -1.1287014869097750E-015
           4          30   1.8978764375071223E-003
           4          31  -7.0026505429187560E-016
           4          32  -2.0268750693134077E-016
           4          33   1.8978764375056100E-003
           4          34  -5.6545624891276864E-016
           4          35  -6.9408674327473369E-017
           4          36  -9.4474961039543464E-017
           4          37  -5.7722398669254802E-016
           4          38  -5.0194783824913091E-016
           4          39   1.5081737855845484E-016
           4          40   3.8213740655013483E-017
           4          41  -4.6810877943529456E-017
           4          42  -2.4859789476903032E-016
           4          43  -9.2139889410904055E-017
           5           1  -4.0041095375533207E-002
           5           2  -9.4268106831213450E-002
           5           3  0.16072239704008279     
           5           4  0.17911266369974527     
           5           5   8.4136736056167574E-002
           5           6   4.9112272991968407E-003
           5           7   4.7054457322251888E-015
           5           8   2.1543076887350499E-014
           5           9  -2.9572711016910772E-014
           5          10   4.7254517224863704E-015
           5          11   2.0048122812486609E-014
           5          12  -2.7011485800080638E-014
           5          13   2.1093436915916194E-015
           5          14   1.1067944373845316E-014
           5          15  -1.4476212415426379E-014
           5          16   2.2055217563244525E-003
           5          17  -3.9971032645132785E-017
           5          18   2.2055217563228162E-003
           5          19   2.2837632637777118E-018
           5          20  -8.8335184484470118E-018
           5          21   2.2055217563239776E-003
           5          22   8.3187515912135183E-003
           5          23   2.1800312434658303E-016
           5          24   8.3187515912192325E-003
           5          25  -3.9877967939300740E-017
           5          26   2.9959454972733562E-017
           5          27   8.3187515912210522E-003
           5          28   3.8886339854631323E-004
           5          29  -5.1775734704649534E-016
           5          30   3.8886339854605605E-004
           5          31  -2.7611608801548693E-016
           5          32  -1.1688643902539207E-016
           5          33   3.8886339854578891E-004
           5          34  -2.2213361649428238E-016
           5          35  -4.8546872633950718E-017
           5          36  -1.3597533000495725E-018
           5          37  -2.4375144868573791E-016
           5          38  -2.4810180672410111E-016
           5          39   9.8587293412781916E-017
           5          40  -4.9917159062441722E-017
           5          41  -4.9339890788505942E-018
           5          42  -1.0030581350568857E-016
           5          43  -1.8799828740352636E-016
           6           1  -1.7842554224964569E-003
           6           2  -3.8850799051161422E-003
           6           3   5.7756594963306179E-003
           6           4   5.5974989070717487E-003
           6           5   4.9112272991968407E-003
           6           6   6.9216766609700388E-004
           6           7   1.7536445603283469E-014
           6           8   9.4774707007949924E-015
           6           9  -3.4913302231582481E-016
           6          10   1.6425898894764247E-014
           6          11   8.8747182984363375E-015
           6          12  -2.6248002614749243E-016
           6          13   8.5354709166670742E-015
           6          14   4.6107362361026961E-015
           6          15  -1.6994548196708352E-016
           6          16   4.3859096949248042E-005
           6          17  -3.6335244798583700E-018
           6          18   4.3859096949038466E-005
           6          19  -1.0916235646033732E-019
           6          20   1.9159916570645108E-018
           6          21   4.3859096949153703E-005
           6          22   4.8606893898623901E-004
           6          23   1.7827260998725428E-017
           6          24   4.8606893898750682E-004
           6          25   5.2468319597406396E-018
           6          26   8.8366355141695859E-018
           6          27   4.8606893898726108E-004
           6          28  -6.5476708760011802E-005
           6          29  -3.2242321578903939E-017
           6          30  -6.5476708760193162E-005
           6          31  -1.7409304900633155E-017
           6          32  -9.6551518141695060E-018
           6          33  -6.5476708760164919E-005
           6          34   2.6911413184913956E-017
           6          35   6.4588525612005498E-019
           6          36   1.4466071178195547E-017
           6          37   2.7453336493476814E-019
           6          38  -1.5531502217750659E-017
           6          39   1.1049183477923980E-018
           6          40  -6.8695823207099461E-018
           6          41   2.1097028831268215E-017
           6          42   2.2300534330484896E-019
           6          43  -8.7494321449963757E-018
           7           1   1.7647737922569293E-016
           7           2   4.3738557832025205E-016
           7           3  -7.2421024069049384E-015
           7           4   5.7827862414233939E-015
           7           5   4.7054457322251888E-015
           7           6   1.7536445603283469E-014
           7           7  0.23906990484896257     
           7           8  -4.0939474033052559E-016
           7           9  -6.7307270867900520E-016
           7          10  0.22395354344699764     
           7          11   4.8734887653224144E-016
           7          12  -4.4408920985006538E-016
           7          13  0.11664533369675245     
           7          14  -5.3738480679244422E-016
           7          15  -1.0130785099704595E-015
           7          16   6.8975263665737855E-016
           7          17   2.5314885529502110E-016
           7          18   4.4209979644645502E-016
           7          19  -4.2230615314759850E-016
           7          20  -2.4021041764743247E-016
           7          21   5.1548734173983796E-016
           7          22  -1.5639143742648791E-015
           7          23   2.3760744680166325E-015
           7          24  -4.9788261370544498E-015
           7          25   1.3694625980970611E-016
           7          26  -3.7245299623807269E-016
           7          27  -4.7193245955164462E-015
           7          28  -8.5598304897666873E-015
           7          29  -9.6046926104800146E-016
           7          30  -1.2699313971093777E-014
           7          31  -2.2443208308040528E-015
           7          32   4.6625047322321311E-015
           7          33  -5.0294791768481149E-015
           7          34   4.4668734705684553E-004
           7          35   7.6989048037429925E-017
           7          36   1.9976504854493096E-004
           7          37  -2.3448413078840698E-016
           7          38  -8.4605716529905885E-016
           7          39  -7.9358101949941311E-016
           7          40   1.1093895442050583E-015
           7          41   1.9976504854573470E-004
           7          42   1.0175926661837303E-015
           7          43  -1.6253139242458662E-015
           8           1  -1.6943706828097626E-015
           8           2  -2.2569438367257362E-015
           8           3   9.2981138587814474E-016
           8           4  -1.5011006683524314E-014
           8           5   2.1543076887350499E-014
           8           6   9.4774707007949924E-015
           8           7  -4.0939474033052559E-016
           8           8  0.23906990484896809     
           8           9  -1.2474559146075055E-015
           8          10   5.3663670729342646E-015
           8          11  0.22395354344698951     
           8          12   1.0428127545508587E-015
           8          13  -4.4653408574901790E-015
           8          14  0.11664533369675978     
           8          15  -8.3483025180297551E-015
           8          16   1.2106335696760407E-015
           8          17  -4.8862918686971824E-016
           8          18   1.6360666324714156E-015
           8          19   6.2510673034989424E-017
           8          20  -9.2300337666794008E-016
           8          21  -8.4848321722320976E-016
           8          22   3.4211222755541253E-015
           8          23   2.0399955258611884E-015
           8          24  -8.0526471236138845E-017
           8          25  -1.6519987604678115E-015
           8          26  -2.3510858165556507E-015
           8          27   1.4065761169050101E-015
           8          28  -8.4894993749007815E-015
           8          29  -1.6358790484392527E-015
           8          30  -1.3864272463338830E-014
           8          31   2.8928431485679048E-015
           8          32   4.9725417732479981E-015
           8          33  -3.9966964870348141E-015
           8          34  -1.9906333051660130E-015
           8          35   1.9976504854661548E-004
           8          36  -8.8600726249807890E-016
           8          37   4.4668734705871036E-004
           8          38  -1.5409272874938113E-015
           8          39  -8.1867472401201461E-016
           8          40   5.8144600487073207E-016
           8          41  -1.0404194629584023E-015
           8          42   1.9976504854820720E-004
           8          43  -1.8299442199896106E-015
           9           1  -2.1749654136211847E-015
           9           2  -3.6468924923120140E-015
           9           3   2.3524757768647949E-015
           9           4   1.9833156032204731E-014
           9           5  -2.9572711016910772E-014
           9           6  -3.4913302231582481E-016
           9           7  -6.7307270867900520E-016
           9           8  -1.2474559146075055E-015
           9           9  0.23906990484896404     
           9          10   8.4585116688629335E-015
           9          11   2.1275841331769162E-015
           9          12  0.22395354344698384     
           9          13  -8.6076978877969326E-015
           9          14   6.5111354892802389E-015
           9          15  0.11664533369676731     
           9          16   1.3633678393878649E-016
           9          17   7.9519040877664529E-016
           9          18   1.8460640585246251E-016
           9          19  -6.7508086076242693E-016
           9          20   7.1881249071633117E-017
           9          21   2.7251493124867931E-015
           9          22   3.1527875398990808E-015
           9          23   3.5030300313607614E-015
           9          24   1.0713584000886664E-015
           9          25   2.4946990935509164E-015
           9          26   5.1516970347470086E-016
           9          27  -1.2170998680477840E-015
           9          28   1.8860742049403273E-015
           9          29   5.0555534354845752E-015
           9          30   1.6607792125882255E-016
           9          31  -8.3958912004207916E-015
           9          32   6.3465427579110808E-015
           9          33   1.0643686004110345E-014
           9          34   1.3047559994233662E-015
           9          35  -3.4356956006812604E-016
           9          36  -1.8979026791994606E-015
           9          37  -7.7204051469222121E-016
           9          38   1.9976504854545332E-004
           9          39  -8.8706726552756664E-016
           9          40   1.9976504854826051E-004
           9          41   1.8467351129217399E-016
           9          42   8.4512508494994755E-016
           9          43   4.4668734705784625E-004
          10           1  -3.1627789121527252E-015
          10           2  -4.4808377389222662E-015
          10           3  -6.0340138309924569E-015
          10           4   6.5588439224532462E-015
          10           5   4.7254517224863704E-015
          10           6   1.6425898894764247E-014
          10           7  0.22395354344699764     
          10           8   5.3663670729342646E-015
          10           9   8.4585116688629335E-015
          10          10  0.20979298776294261     
          10          11   5.8434160288278439E-015
          10          12   8.1046280797635812E-015
          10          13  0.10926986324125165     
          10          14   2.3023575233816186E-015
          10          15   3.4867941867134107E-015
          10          16   6.2581905840762219E-016
          10          17   2.3714228354542098E-016
          10          18   3.9382527757191522E-016
          10          19  -3.9560378574891384E-016
          10          20  -2.2502194175806912E-016
          10          21   4.6257253718084737E-016
          10          22  -1.4769409051984050E-015
          10          23   2.2258355644659434E-015
          10          24  -4.6759282069199310E-015
          10          25   1.2828716423169745E-016
          10          26  -3.4890283796982262E-016
          10          27  -4.4328349167205086E-015
          10          28  -8.0136649062439729E-015
          10          29  -8.9973890490097262E-016
          10          30  -1.1891409343668002E-014
          10          31  -2.1024126939276782E-015
          10          32   4.3676951173823170E-015
          10          33  -4.7065372832984340E-015
          10          34   4.1844335969230410E-004
          10          35   7.6925520566393384E-017
          10          36   1.8713392849159754E-004
          10          37  -2.0890966501194273E-016
          10          38  -7.8495559661594266E-016
          10          39  -7.4340298684384252E-016
          10          40   1.0468446313798069E-015
          10          41   1.8713392849235047E-004
          10          42   9.5805652026623490E-016
          10          43  -1.5055502417676524E-015
          11           1   2.2510947782210066E-015
          11           2   3.3780418058688029E-015
          11           3   7.4384797661240824E-016
          11           4  -1.4794927653885301E-014
          11           5   2.0048122812486609E-014
          11           6   8.8747182984363375E-015
          11           7   4.8734887653224144E-016
          11           8  0.22395354344698951     
          11           9   2.1275841331769162E-015
          11          10   5.8434160288278439E-015
          11          11  0.20979298776292257     
          11          12   4.0655413063861737E-015
          11          13  -3.7580073601606083E-015
          11          14  0.10926986324125205     
          11          15  -6.2160698680383160E-015
          11          16   1.1576409386937103E-015
          11          17  -4.5773322200558908E-016
          11          18   1.5561739199684484E-015
          11          19   5.8558130678487432E-017
          11          20  -8.6464198389550601E-016
          11          21  -7.7127814080559513E-016
          11          22   3.2693527470916375E-015
          11          23   1.9110068535027586E-015
          11          24  -1.0887169537842179E-017
          11          25  -1.5475430770365008E-015
          11          26  -2.2024269424385745E-015
          11          27   1.3821861003652968E-015
          11          28  -7.9544888648546135E-015
          11          29  -1.5324426124655475E-015
          11          30  -1.2989415695731420E-014
          11          31   2.7099290233431424E-015
          11          32   4.6581285534898923E-015
          11          33  -3.7457653645790585E-015
          11          34  -1.8631362118793976E-015
          11          35   1.8713392849316446E-004
          11          36  -8.2925669030673722E-016
          11          37   4.1844335969402631E-004
          11          38  -1.4407346983086224E-015
          11          39  -7.6691001943052966E-016
          11          40   5.4743596444235266E-016
          11          41  -9.7390418907201316E-016
          11          42   1.8713392849465556E-004
          11          43  -1.7080707901980798E-015
          12           1   2.2250841601262409E-015
          12           2   2.3504771054200424E-015
          12           3   3.4224670589252120E-015
          12           4   1.9371242123184358E-014
          12           5  -2.7011485800080638E-014
          12           6  -2.6248002614749243E-016
          12           7  -4.4408920985006538E-016
          12           8   1.0428127545508587E-015
          12           9  0.22395354344698384     
          12          10   8.1046280797635812E-015
          12          11   4.0655413063861737E-015
          12          12  0.20979298776291547     
          12          13  -7.9727890955893786E-015
          12          14   7.1775810121798869E-015
          12          15  0.10926986324125819     
          12          16   1.8262070258794963E-016
          12          17   7.4491061463005825E-016
          12          18   2.2783824209897816E-016
          12          19  -6.3239557892700351E-016
          12          20   6.7336206316539597E-017
          12          21   2.6077429255400525E-015
          12          22   3.0974736615327551E-015
          12          23   3.2815338627422580E-015
          12          24   1.1476530365200707E-015
          12          25   2.3369595691589107E-015
          12          26   4.8259558492976278E-016
          12          27  -9.9610628987234989E-016
          12          28   1.7654233965459500E-015
          12          29   4.7358913982821507E-015
          12          30   1.5418227153068434E-016
          12          31  -7.8650200070873719E-015
          12          32   5.9452516207338440E-015
          12          33   9.9692924523200181E-015
          12          34   1.2226005798032818E-015
          12          35  -3.1999364206095393E-016
          12          36  -1.7777391971701521E-015
          12          37  -7.1909920848339502E-016
          12          38   1.8713392849207419E-004
          12          39  -8.3097810875119768E-016
          12          40   1.8713392849470384E-004
          12          41   1.7315386320950787E-016
          12          42   7.9352860236354674E-016
          12          43   4.1844335969321321E-004
          13           1   1.9189058053367200E-015
          13           2   2.8680959937315781E-015
          13           3  -3.7702853131735172E-015
          13           4   2.4064773768001239E-015
          13           5   2.1093436915916194E-015
          13           6   8.5354709166670742E-015
          13           7  0.11664533369675245     
          13           8  -4.4653408574901790E-015
          13           9  -8.6076978877969326E-015
          13          10  0.10926986324125165     
          13          11  -3.7580073601606083E-015
          13          12  -7.9727890955893786E-015
          13          13   5.6912784073857775E-002
          13          14  -2.3433674705558741E-015
          13          15  -4.5345671662033927E-015
          13          16   3.5102794674681886E-016
          13          17   1.2351463777714982E-016
          13          18   2.3019488661905271E-016
          13          19  -2.0604869603812594E-016
          13          20  -1.1720180480943251E-016
          13          21   2.6600162990333006E-016
          13          22  -7.5498178514413255E-016
          13          23   1.1593178128597798E-015
          13          24  -2.4211619024917557E-015
          13          25   6.6817871467766121E-017
          13          26  -1.8172468868461624E-016
          13          27  -2.2945477060011751E-015
          13          28  -4.1747605892731695E-015
          13          29  -4.6862551575126449E-016
          13          30  -6.1944687257557115E-015
          13          31  -1.0950334898783814E-015
          13          32   2.2748970461063436E-015
          13          33  -2.4522560054267210E-015
          13          34   2.1794459946131910E-004
          13          35   3.3999478986310297E-017
          13          36   9.7467980184259232E-005
          13          37  -1.2237699087870319E-016
          13          38  -4.1971837789164922E-016
          13          39  -3.8719855974086824E-016
          13          40   5.3436598136842279E-016
          13          41   9.7467980184651388E-005
          13          42   4.9293235890185964E-016
          13          43  -8.0848278375888077E-016
          14           1  -2.5085826369917631E-015
          14           2  -3.8228695379862730E-015
          14           3   1.8909639271958128E-015
          14           4  -5.4712871600863325E-015
          14           5   1.1067944373845316E-014
          14           6   4.6107362361026961E-015
          14           7  -5.3738480679244422E-016
          14           8  0.11664533369675978     
          14           9   6.5111354892802389E-015
          14          10   2.3023575233816186E-015
          14          11  0.10926986324125205     
          14          12   7.1775810121798869E-015
          14          13  -2.3433674705558741E-015
          14          14   5.6912784073863625E-002
          14          15  -6.0104102684448194E-016
          14          16   6.0257900672281473E-016
          14          17  -2.3840857172047041E-016
          14          18   8.1015336287924355E-016
          14          19   3.0499775035995735E-017
          14          20  -4.5034542069477105E-016
          14          21  -4.0209100759864938E-016
          14          22   1.7014720604471583E-015
          14          23   9.9534050094815699E-016
          14          24  -7.0281659458713773E-018
          14          25  -8.0603180397431780E-016
          14          26  -1.1471255229515503E-015
          14          27   7.1854863864868438E-016
          14          28  -4.1297605272822963E-015
          14          29  -7.9816678562384668E-016
          14          30  -6.7521826211100199E-015
          14          31   1.4114560116222181E-015
          14          32   2.4261681738153669E-015
          14          33  -1.9376632308031478E-015
          14          34  -9.7188539192134956E-016
          14          35   9.7467980185085015E-005
          14          36  -4.3257628509143149E-016
          14          37   2.1794459946223766E-004
          14          38  -7.4589031797455882E-016
          14          39  -3.9944210640741335E-016
          14          40   2.8964343247431285E-016
          14          41  -5.0791536588715793E-016
          14          42   9.7467980185861629E-005
          14          43  -8.7954810687965557E-016
          15           1  -2.1132874482576218E-015
          15           2  -3.2391382544913176E-015
          15           3   1.0031890106954911E-015
          15           4   9.6296635580815294E-015
          15           5  -1.4476212415426379E-014
          15           6  -1.6994548196708352E-016
          15           7  -1.0130785099704595E-015
          15           8  -8.3483025180297551E-015
          15           9  0.11664533369676731     
          15          10   3.4867941867134107E-015
          15          11  -6.2160698680383160E-015
          15          12  0.10926986324125819     
          15          13  -4.5345671662033927E-015
          15          14  -6.0104102684448194E-016
          15          15   5.6912784073871944E-002
          15          16   5.4644441406184648E-017
          15          17   3.8798380182073520E-016
          15          18   7.8195821321998405E-017
          15          19  -3.2938078226819475E-016
          15          20   3.5071801654857072E-017
          15          21   1.3177599366904851E-015
          15          22   1.5158629831173288E-015
          15          23   1.7091741732026163E-015
          15          24   5.0030647995681133E-016
          15          25   1.2171963193113919E-015
          15          26   2.5135803693172143E-016
          15          27  -6.1626224293013880E-016
          15          28   9.1916552427852056E-016
          15          29   2.4666706496432725E-015
          15          30   7.9956839296050442E-017
          15          31  -4.0964651379836827E-015
          15          32   3.0965612266629335E-015
          15          33   5.1921188738281493E-015
          15          34   6.3532214428576913E-016
          15          35  -1.7410099162832773E-016
          15          36  -9.2658289352864448E-016
          15          37  -3.9115190057792794E-016
          15          38   9.7467980184525932E-005
          15          39  -4.3281172201204744E-016
          15          40   9.7467980185895591E-005
          15          41   8.9534770656571620E-017
          15          42   4.0587665515855321E-016
          15          43   2.1794459946183382E-004
          16           1   1.4203855742914923E-003
          16           2   8.4456996798562404E-004
          16           3   5.0731661542723948E-003
          16           4   5.4463337123196939E-003
          16           5   2.2055217563244525E-003
          16           6   4.3859096949248042E-005
          16           7   6.8975263665737855E-016
          16           8   1.2106335696760407E-015
          16           9   1.3633678393878649E-016
          16          10   6.2581905840762219E-016
          16          11   1.1576409386937103E-015
          16          12   1.8262070258794963E-016
          16          13   3.5102794674681886E-016
          16          14   6.0257900672281473E-016
          16          15   5.4644441406184648E-017
          16          16   9.5455354628295371E-005
          16          17   1.1613409846774217E-017
          16          18   9.5455354628267642E-005
          16          19   4.0618496386308602E-019
          16          20  -8.8032178187925818E-019
          16          21   9.5455354628298257E-005
          16          22   2.6962898719507032E-004
          16          23   1.5394825038096925E-018
          16          24   2.6962898719503324E-004
          16          25  -1.2089589693037600E-017
          16          26   4.0619241707545795E-018
          16          27   2.6962898719513526E-004
          16          28   2.8572302054845912E-005
          16          29  -8.2895738370820790E-018
          16          30   2.8572302054863730E-005
          16          31   2.6616837218336799E-018
          16          32  -5.9304271060179340E-018
          16          33   2.8572302054889727E-005
          16          34  -4.4781289968237877E-018
          16          35  -4.0567625854520376E-018
          16          36   1.0432162756728264E-017
          16          37  -1.2154289277593624E-017
          16          38   3.9629603018041938E-018
          16          39   1.4371366922007497E-017
          16          40  -2.3139302152378681E-018
          16          41  -4.8547857905449054E-018
          16          42  -7.9110911270213029E-019
          16          43  -1.9818134283275911E-017
          17           1   1.3103484467824367E-015
          17           2   1.8679552073831770E-015
          17           3  -3.8050698185992255E-017
          17           4  -1.7400205916766444E-016
          17           5  -3.9971032645132785E-017
          17           6  -3.6335244798583700E-018
          17           7   2.5314885529502110E-016
          17           8  -4.8862918686971824E-016
          17           9   7.9519040877664529E-016
          17          10   2.3714228354542098E-016
          17          11  -4.5773322200558908E-016
          17          12   7.4491061463005825E-016
          17          13   1.2351463777714982E-016
          17          14  -2.3840857172047041E-016
          17          15   3.8798380182073520E-016
          17          16   1.1613409846774217E-017
          17          17   1.3121756420435181E-029
          17          18   1.1613409846769356E-017
          17          19  -1.2508350385441600E-030
          17          20   1.8090037638828246E-030
          17          21   1.1613409846789820E-017
          17          22   1.6336869445128151E-017
          17          23   7.5364739574307595E-030
          17          24   1.6336869445123282E-017
          17          25   4.1396313307197587E-030
          17          26   9.1089204152649179E-030
          17          27   1.6336869445098874E-017
          17          28   3.5208145716581405E-019
          17          29   2.2766484704644875E-029
          17          30   3.5208145716084751E-019
          17          31  -3.0057600268077424E-029
          17          32   1.2977167347682488E-029
          17          33   3.5208145721338254E-019
          17          34   4.7299299615375666E-019
          17          35  -4.0829494326727353E-019
          17          36   2.1152931566079562E-019
          17          37  -9.1297344731939411E-019
          17          38   6.6445523837371270E-019
          17          39   5.3055349133037233E-030
          17          40   6.6445523837129826E-019
          17          41   2.1152931565917035E-019
          17          42  -4.0829494326159338E-019
          17          43   1.4857641505495220E-018
          18           1   1.4203855742908971E-003
          18           2   8.4456996798528122E-004
          18           3   5.0731661542702264E-003
          18           4   5.4463337123177085E-003
          18           5   2.2055217563228162E-003
          18           6   4.3859096949038466E-005
          18           7   4.4209979644645502E-016
          18           8   1.6360666324714156E-015
          18           9   1.8460640585246251E-016
          18          10   3.9382527757191522E-016
          18          11   1.5561739199684484E-015
          18          12   2.2783824209897816E-016
          18          13   2.3019488661905271E-016
          18          14   8.1015336287924355E-016
          18          15   7.8195821321998405E-017
          18          16   9.5455354628267642E-005
          18          17   1.1613409846769356E-017
          18          18   9.5455354628239900E-005
          18          19   4.0618496386376471E-019
          18          20  -8.8032178188108050E-019
          18          21   9.5455354628270529E-005
          18          22   2.6962898719488254E-004
          18          23   1.5394825038071452E-018
          18          24   2.6962898719484546E-004
          18          25  -1.2089589693037868E-017
          18          26   4.0619241707462379E-018
          18          27   2.6962898719494753E-004
          18          28   2.8572302054863262E-005
          18          29  -8.2895738370743707E-018
          18          30   2.8572302054881084E-005
          18          31   2.6616837218409795E-018
          18          32  -5.9304271060082666E-018
          18          33   2.8572302054907077E-005
          18          34  -4.9408530283373731E-018
          18          35  -3.7012738571771307E-018
          18          36   1.0225225870716999E-017
          18          37  -1.1359393883741132E-017
          18          38   4.0032940417235042E-018
          18          39   1.4371366922001529E-017
          18          40  -2.2735964753144871E-018
          18          41  -5.0617226765529843E-018
          18          42  -4.3562038442691188E-019
          18          43  -1.9727945476903043E-017
          19           1  -2.6495759960616386E-016
          19           2  -3.7509700648878609E-016
          19           3  -2.8704069828599073E-017
          19           4   6.1724552834947260E-017
          19           5   2.2837632637777118E-018
          19           6  -1.0916235646033732E-019
          19           7  -4.2230615314759850E-016
          19           8   6.2510673034989424E-017
          19           9  -6.7508086076242693E-016
          19          10  -3.9560378574891384E-016
