           1           1  0.45555652793799412     
           1           2  0.77457174424689823     
           1           3  -1.1210330023990820     
           1           4  0.97796000567919861     
           1           5  -4.8380568776528410E-002
           1           6  -7.3791427809017270E-003
           1           7   6.2146185553878658E-016
           1           8   1.7865705987218848E-014
           1           9  -2.9751108923956543E-014
           1          10  -1.0571899626738540E-014
           1          11  -1.2703414137612616E-014
           1          12   1.0712856455232034E-014
           1          13  -3.5941530395161613E-015
           1          14   7.3731124080062353E-015
           1          15   2.9576056379604147E-015
           1          16   5.4321337990804630E-015
           1          17  -2.8102405214829630E-015
           1          18   1.1705181938982901E-015
           1          19   6.2809386324133937E-002
           1          20   1.6056036016598229E-015
           1          21   6.2809386324140515E-002
           1          22   4.9307788492769214E-017
           1          23   1.9619208705574115E-015
           1          24   6.2809386324139987E-002
           1          25 -0.23230390838347487     
           1          26   9.8716927739417585E-016
           1          27 -0.23230390838347731     
           1          28  -5.1152894157826120E-015
           1          29  -5.2821481660833257E-015
           1          30 -0.23230390838348100     
           1          31   6.2033176656349489E-003
           1          32   1.2470171231330879E-016
           1          33   6.2033176656351684E-003
           1          34  -3.3606193511271893E-016
           1          35   6.7600522518174845E-015
           1          36   6.2033176656385251E-003
           1          37   8.7605637275408932E-015
           1          38  -7.4854537192062086E-016
           1          39  -7.9103746557120007E-016
           1          40   1.1010103003121285E-014
           1          41   4.1638825381217850E-015
           1          42  -4.2504616761628391E-015
           1          43  -4.6133412598489023E-015
           1          44   6.4037012849143306E-015
           1          45   9.0536601621829478E-016
           1          46  -7.5119876700690463E-016
           2           1  0.77457174424689823     
           2           2   1.3904028871070104     
           2           3  -2.7837788076157111     
           2           4   2.3844499662728049     
           2           5 -0.11274772953744146     
           2           6  -1.5061390593828380E-002
           2           7  -1.0833094425122482E-015
           2           8   5.6012519617944951E-014
           2           9  -7.8671975457512502E-014
           2          10  -1.5578119621979021E-014
           2          11  -1.4558131769447766E-014
           2          12   1.2615121472447350E-014
           2          13  -6.2433254626138382E-015
           2          14   9.5227254907069630E-015
           2          15   5.7534294858549937E-015
           2          16   8.8239745668903526E-015
           2          17  -4.7246593190809446E-015
           2          18   1.3566459018131704E-015
           2          19  0.13586784140195621     
           2          20   2.6768058661143455E-015
           2          21  0.13586784140196517     
           2          22  -2.8438968821878637E-016
           2          23   3.0486820779542002E-015
           2          24  0.13586784140196048     
           2          25 -0.57258364290831287     
           2          26   1.5988164925493585E-015
           2          27 -0.57258364290832153     
           2          28  -6.9111381691999831E-015
           2          29  -8.3107089065482286E-015
           2          30 -0.57258364290832364     
           2          31   1.3376667419634208E-002
           2          32   3.0761725913101253E-016
           2          33   1.3376667419636400E-002
           2          34  -4.8834110881874505E-016
           2          35   1.0181494908126442E-014
           2          36   1.3376667419639422E-002
           2          37   1.3654803993089598E-014
           2          38  -2.5228127446590062E-015
           2          39  -7.2174673584354764E-016
           2          40   1.2069857093128712E-014
           2          41   9.1040792782699724E-015
           2          42  -6.4454198658426862E-015
           2          43  -5.7485589247856561E-015
           2          44   9.5073194713644076E-015
           2          45  -2.9981249520390623E-016
           2          46   3.6963373485631902E-015
           3           1  -1.1210330023990820     
           3           2  -2.7837788076157111     
           3           3   13.251819419071337     
           3           4  -11.033964140648147     
           3           5  0.48353602713475435     
           3           6   4.8223508374162789E-002
           3           7  -1.1669476508292998E-013
           3           8  -3.2051368090824957E-013
           3           9   4.5232362224572192E-013
           3          10  -1.9867374927748751E-014
           3          11  -4.9254503417216575E-014
           3          12   4.5885860022700143E-014
           3          13   1.3770308606956503E-014
           3          14   1.7173022984648697E-014
           3          15  -1.6971364750626808E-014
           3          16  -9.2321689430470112E-015
           3          17   6.4439854299552843E-015
           3          18   4.9377082558289980E-015
           3          19 -0.50215154392330263     
           3          20  -3.3154956249801964E-015
           3          21 -0.50215154392329220     
           3          22   4.2808609310761362E-015
           3          23  -1.3952806327942005E-015
           3          24 -0.50215154392324568     
           3          25   2.6949199917540922     
           3          26  -1.4770757648948414E-015
           3          27   2.6949199917541526     
           3          28  -8.7673350527640032E-015
           3          29   4.9835844587632897E-015
           3          30   2.6949199917541109     
           3          31  -4.9089974596634868E-002
           3          32  -1.4496565479455944E-015
           3          33  -4.9089974596657142E-002
           3          34  -1.6597516834470764E-016
           3          35  -9.4451304560588825E-016
           3          36  -4.9089974596633314E-002
           3          37   1.3802528611995104E-014
           3          38   1.4834514721472336E-014
           3          39   3.6767185748175063E-015
           3          40   4.8046603006798139E-014
           3          41  -3.7273993199779689E-014
           3          42   1.1161482661040536E-015
           3          43  -1.6524579350705784E-014
           3          44   9.9296915941228162E-015
           3          45   1.7807403889615043E-014
           3          46  -6.3931257449369319E-014
           4           1  0.97796000567919861     
           4           2   2.3844499662728049     
           4           3  -11.033964140648147     
           4           4   9.1927952192374178     
           4           5 -0.40353352661739023     
           4           6  -4.0560188886335280E-002
           4           7   2.2492153532592658E-013
           4           8   2.4688649132009845E-013
           4           9  -4.0014766154093460E-013
           4          10   3.0804936413368996E-014
           4          11   3.6621691905759872E-014
           4          12  -3.9411963899348776E-014
           4          13  -1.4828563709152403E-014
           4          14  -1.2761249547610076E-014
           4          15   1.4902942001831450E-014
           4          16   8.9868360273588446E-015
           4          17  -5.7512691310557730E-015
           4          18  -4.0535073229329686E-015
           4          19  0.42062085288575718     
           4          20   2.9242468960204578E-015
           4          21  0.42062085288574946     
           4          22  -3.5135966821506071E-015
           4          23   1.3894648555579925E-015
           4          24  0.42062085288571111     
           4          25  -2.2444263992605515     
           4          26   1.3363440357053154E-015
           4          27  -2.2444263992606013     
           4          28   6.5767377776216562E-015
           4          29  -4.7497510571898670E-015
           4          30  -2.2444263992605675     
           4          31   4.1127387078831054E-002
           4          32   1.2072941032051612E-015
           4          33   4.1127387078849394E-002
           4          34   9.4963024526144767E-017
           4          35   1.6113688802983227E-015
           4          36   4.1127387078830215E-002
           4          37  -2.9067437563678903E-014
           4          38  -1.1060108292784476E-014
           4          39  -1.1528696854291181E-014
           4          40  -3.5395421243929225E-014
           4          41   3.2763704905361480E-014
           4          42  -1.4425765551027914E-015
           4          43   1.4619822656727485E-014
           4          44  -1.5781357436855050E-014
           4          45  -1.3300149794244490E-014
           4          46   5.6055724154706292E-014
           5           1  -4.8380568776528410E-002
           5           2 -0.11274772953744146     
           5           3  0.48353602713475435     
           5           4 -0.40353352661739023     
           5           5   1.7798336109857149E-002
           5           6   1.8279789361438392E-003
           5           7  -1.5243112237001326E-015
           5           8  -2.0783673105438791E-014
           5           9  -5.7192677460999261E-015
           5          10  -1.5988585004369252E-016
           5          11  -2.5833774677919269E-015
           5          12  -1.3264974780115239E-015
           5          13   4.9239933254763605E-016
           5          14   6.6421640465567467E-016
           5          15  -1.2691052992236793E-016
           5          16  -4.1895552802489791E-016
           5          17   2.2984695293411477E-016
           5          18   2.3175290695181379E-017
           5          19  -1.8743985043248149E-002
           5          20  -1.4844012255077782E-016
           5          21  -1.8743985043247927E-002
           5          22   1.4767399245662077E-016
           5          23  -8.9126064173619501E-017
           5          24  -1.8743985043246300E-002
           5          25   9.8422681057343864E-002
           5          26  -7.1765436501251707E-017
           5          27   9.8422681057346015E-002
           5          28  -1.9851910185049382E-016
           5          29   2.8257787103774187E-016
           5          30   9.8422681057344641E-002
           5          31  -1.8337066336973676E-003
           5          32  -5.2938336667989187E-017
           5          33  -1.8337066336981459E-003
           5          34   1.1997487596203249E-018
           5          35  -1.7291019255266980E-016
           5          36  -1.8337066336973878E-003
           5          37  -7.2897031737050220E-017
           5          38   1.1361438887987284E-015
           5          39  -2.1705988811584442E-017
           5          40   2.7943256772536318E-015
           5          41   5.7127152091383682E-017
           5          42   1.2686053434963887E-016
           5          43   9.5976747714548697E-016
           5          44   4.6379920987140493E-017
           5          45   1.2051299165505100E-015
           5          46   1.0106872011048452E-015
           6           1  -7.3791427809017270E-003
           6           2  -1.5061390593828380E-002
           6           3   4.8223508374162789E-002
           6           4  -4.0560188886335280E-002
           6           5   1.8279789361438392E-003
           6           6   2.0566957159633646E-004
           6           7   2.1278388999903508E-014
           6           8   6.1432119835700258E-015
           6           9  -7.4298867824564111E-014
           6          10   2.6856082910007369E-015
           6          11   8.5932659463731826E-016
           6          12  -9.2517007332491523E-015
           6          13  -4.4136347901153658E-016
           6          14  -1.8992028579920811E-016
           6          15   1.7270649298522931E-015
           6          16   4.5521345942786997E-017
           6          17   8.4830110888552556E-017
           6          18  -4.2352114266316140E-016
           6          19  -2.0133025530590276E-003
           6          20  -2.4186669596782389E-017
           6          21  -2.0133025530590584E-003
           6          22   1.1814423726261867E-017
           6          23  -2.1944285795652133E-017
           6          24  -2.0133025530589201E-003
           6          25   9.8464328313792419E-003
           6          26  -1.3262165567526313E-017
           6          27   9.8464328313794362E-003
           6          28   2.1671738931182554E-017
           6          29   6.2597013409749801E-017
           6          30   9.8464328313793512E-003
           6          31  -1.9739637281795101E-004
           6          32  -5.2942369362254225E-018
           6          33  -1.9739637281801685E-004
           6          34   2.5985555241971153E-018
           6          35  -6.4543355889578866E-017
           6          36  -1.9739637281797928E-004
           6          37  -3.1938027800769288E-015
           6          38  -4.2193036785717913E-016
           6          39  -1.3923892264292634E-015
           6          40  -1.0168687490950566E-015
           6          41   4.8038830085060778E-015
           6          42   4.2078801782382335E-017
           6          43   4.9436230416399676E-015
           6          44  -1.4402867119136748E-015
           6          45  -4.2854153663640919E-016
           6          46   1.0889480008903331E-014
           7           1   6.2146185553878658E-016
           7           2  -1.0833094425122482E-015
           7           3  -1.1669476508292998E-013
           7           4   2.2492153532592658E-013
           7           5  -1.5243112237001326E-015
           7           6   2.1278388999903508E-014
           7           7   2.3890329633410143     
           7           8   4.4964032497318840E-015
           7           9  -3.3306690738754696E-015
           7          10  0.29238789589020198     
           7          11   2.5847379792054426E-015
           7          12   8.8817841970012523E-016
           7          13  -5.6768005185377779E-002
           7          14   2.2308543901061739E-015
           7          15  -3.7816971776294395E-016
           7          16   1.3444905900063591E-002
           7          17  -1.8767539605724082E-015
           7          18  -8.9338259012805565E-017
           7          19  -9.2953788430089894E-015
           7          20  -3.1625261274570950E-016
           7          21  -8.9581228613696589E-015
           7          22   1.3268981832516315E-015
           7          23  -1.1637007439871247E-015
           7          24  -7.3472345522525206E-015
           7          25  -6.0812271743401524E-014
           7          26   2.9852611070282301E-015
           7          27  -6.1769973889789483E-014
           7          28  -4.4802597832338761E-016
           7          29  -8.8962946745044664E-016
           7          30  -6.4985779423991512E-014
           7          31  -6.8073284562681022E-015
           7          32  -2.9417655474134735E-015
           7          33  -9.3377281208813295E-015
           7          34  -2.7238327405628501E-016
           7          35   2.5637874138318310E-015
           7          36  -8.6216251159046252E-015
           7          37 -0.34845874235126062     
           7          38  -1.1639994523804376E-015
           7          39 -0.15583548705030070     
           7          40  -7.9415640730218229E-015
           7          41   8.6042284408449632E-016
           7          42   1.1770484060542475E-016
           7          43  -8.3266726846886741E-016
           7          44 -0.15583548705030301     
           7          45  -2.4980018054066022E-015
           7          46   7.4940054162198066E-016
           8           1   1.7865705987218848E-014
           8           2   5.6012519617944951E-014
           8           3  -3.2051368090824957E-013
           8           4   2.4688649132009845E-013
           8           5  -2.0783673105438791E-014
           8           6   6.1432119835700258E-015
           8           7   4.4964032497318840E-015
           8           8   2.3890329633410294     
           8           9   2.8310687127941492E-015
           8          10   7.7819695132319566E-015
           8          11  0.29238789589020081     
           8          12   1.2906342661267445E-015
           8          13  -5.4565726936850467E-015
           8          14  -5.6768005185379895E-002
           8          15  -3.7686867515596134E-016
           8          16   1.5434702127503641E-015
           8          17   1.3444905900065281E-002
           8          18  -1.2717691483254967E-016
           8          19   1.3352453912780823E-014
           8          20   1.8046513011506317E-015
           8          21   1.3130946763223824E-014
           8          22   7.2858907938317491E-016
           8          23   1.6966154564128390E-015
           8          24   1.4563198591749671E-014
           8          25  -5.6514433217850566E-014
           8          26   1.6011018272478692E-015
           8          27  -6.0046700057831249E-014
           8          28   1.5356084601041107E-015
           8          29  -1.7004460412107427E-015
           8          30  -5.6073439482875581E-014
           8          31  -5.3973485208564066E-016
           8          32  -1.6205107366961175E-015
           8          33   2.6181048580818685E-015
           8          34   1.8914510020864860E-015
           8          35   7.7086572830932625E-016
           8          36  -1.2282937576864863E-015
           8          37  -4.9543702473897611E-015
           8          38 -0.15583548705030331     
           8          39   2.6714741530042829E-016
           8          40 -0.34845874235126406     
           8          41  -2.3505503099485736E-015
           8          42  -6.3496778577831191E-016
           8          43   1.7520707107365752E-016
           8          44  -2.3054474995731766E-015
           8          45 -0.15583548705030364     
           8          46  -2.2447321779139884E-015
           9           1  -2.9751108923956543E-014
           9           2  -7.8671975457512502E-014
           9           3   4.5232362224572192E-013
           9           4  -4.0014766154093460E-013
           9           5  -5.7192677460999261E-015
           9           6  -7.4298867824564111E-014
           9           7  -3.3306690738754696E-015
           9           8   2.8310687127941492E-015
           9           9   2.3890329633410081     
           9          10  -3.0808688933348094E-015
           9          11   4.1633363423443370E-017
           9          12  0.29238789589025843     
           9          13  -2.0469737016526324E-015
           9          14  -1.3218592886943270E-015
           9          15  -5.6768005185404383E-002
           9          16   7.9276862852140084E-016
           9          17   2.4882439858542327E-016
           9          18   1.3444905900070320E-002
           9          19  -1.3149903180715629E-014
           9          20   9.0186303378226882E-016
           9          21  -1.3257454090635272E-014
           9          22   7.5365021850036545E-016
           9          23  -3.5694484210992421E-015
           9          24  -1.7598236947532338E-014
           9          25   1.1187873494129514E-013
           9          26  -1.0768547834841512E-015
           9          27   1.1459131748534227E-013
           9          28   1.0163066411450393E-015
           9          29   2.0949723309290460E-015
           9          30   1.1400470216597615E-013
           9          31   3.0123438901444314E-014
           9          32  -3.4699713391244859E-016
           9          33   2.9426953364860361E-014
           9          34  -2.8750564990804979E-015
           9          35   4.8137019074959501E-015
           9          36   3.0000604840335540E-014
           9          37   5.4400928206632670E-015
           9          38  -2.4875934645507414E-015
           9          39  -1.3739009929736312E-015
           9          40   1.0928757898653885E-015
           9          41 -0.15583548705030817     
           9          42  -5.8328473122883035E-016
           9          43 -0.15583548705031064     
           9          44   4.4408920985006262E-016
           9          45   1.3340023530261647E-015
           9          46 -0.34845874235128527     
          10           1  -1.0571899626738540E-014
          10           2  -1.5578119621979021E-014
          10           3  -1.9867374927748751E-014
          10           4   3.0804936413368996E-014
          10           5  -1.5988585004369252E-016
          10           6   2.6856082910007369E-015
          10           7  0.29238789589020198     
          10           8   7.7819695132319566E-015
          10           9  -3.0808688933348094E-015
          10          10   3.5784638795248194E-002
          10          11   1.1995612836379621E-015
          10          12  -2.2204460492503131E-016
          10          13  -6.9476971832252710E-003
          10          14   1.0126448291014611E-016
          10          15   1.6913553890773869E-017
          10          16   1.6454891191889434E-003
          10          17  -1.8900354371853556E-016
          10          18  -2.6020852139652106E-017
          10          19  -1.5527307776409649E-015
          10          20  -3.8705383068999298E-017
          10          21  -1.5114548436708272E-015
          10          22   1.6239582032341579E-016
          10          23  -1.4242248524881590E-016
          10          24  -1.3143021670673521E-015
          10          25  -8.4450946598703579E-015
          10          26   3.6535879879452262E-016
          10          27  -8.5623054810557595E-015
          10          28  -5.4832802692884925E-017
          10          29  -1.0887957265589746E-016
          10          30  -8.9558800479055450E-015
          10          31  -8.7565716135233442E-016
          10          32  -3.6003548373298275E-016
          10          33  -1.1853465817371783E-015
          10          34  -3.3336322101465264E-017
          10          35   3.1377566527639890E-016
          10          36  -1.0977044880205108E-015
          10          37  -4.2647012428889575E-002
          10          38  -6.1430895093028681E-016
          10          39  -1.9072323765655097E-002
          10          40  -2.0257233390719165E-015
          10          41   2.8102520310824275E-016
          10          42   1.4405607293456665E-017
          10          43   7.1123662515049091E-017
          10          44  -1.9072323765655378E-002
          10          45  -7.7650559593411828E-016
          10          46   4.7878367936959876E-016
          11           1  -1.2703414137612616E-014
          11           2  -1.4558131769447766E-014
          11           3  -4.9254503417216575E-014
          11           4   3.6621691905759872E-014
          11           5  -2.5833774677919269E-015
          11           6   8.5932659463731826E-016
          11           7   2.5847379792054426E-015
          11           8  0.29238789589020081     
          11           9   4.1633363423443370E-017
          11          10   1.1995612836379621E-015
          11          11   3.5784638795247688E-002
          11          12   1.1926223897340549E-016
          11          13  -7.1600711470942713E-016
          11          14  -6.9476971832254574E-003
          11          15  -3.8651807449108233E-017
          11          16   2.0033345642100908E-016
          11          17   1.6454891191891329E-003
          11          18  -1.7320129705455933E-017
          11          19   1.1271571382428645E-015
          11          20   2.2086685485531798E-016
          11          21   1.1000474204707717E-015
          11          22   8.9170233796798036E-017
          11          23   2.0764461229593289E-016
          11          24   1.2753372155272129E-015
          11          25  -8.7670687294811671E-015
          11          26   1.9595493304545630E-016
          11          27  -9.1993742208297368E-015
          11          28   1.8793936017263932E-016
          11          29  -2.0811342819172431E-016
          11          30  -8.7130965858359829E-015
          11          31  -1.1837622670662748E-016
          11          32  -1.9833034195871165E-016
          11          33   2.6810404484365129E-016
          11          34   2.3149005776215897E-016
          11          35   9.4344369362879310E-017
          11          36  -2.0264726553060880E-016
          11          37  -9.0248988837693389E-016
          11          38  -1.9072323765655218E-002
          11          39  -9.9529759434169307E-017
          11          40  -4.2647012428889561E-002
          11          41  -2.6714741530042829E-016
          11          42  -7.7712152862767651E-017
          11          43   4.0549161250957866E-017
          11          44  -4.1373154902046849E-016
          11          45  -1.9072323765655260E-002
          11          46  -2.2898349882893854E-016
          12           1   1.0712856455232034E-014
          12           2   1.2615121472447350E-014
          12           3   4.5885860022700143E-014
          12           4  -3.9411963899348776E-014
          12           5  -1.3264974780115239E-015
          12           6  -9.2517007332491523E-015
          12           7   8.8817841970012523E-016
          12           8   1.2906342661267445E-015
          12           9  0.29238789589025843     
          12          10  -2.2204460492503131E-016
          12          11   1.1926223897340549E-016
          12          12   3.5784638795262086E-002
          12          13  -2.8059152223924855E-016
          12          14  -1.8393489856216583E-016
          12          15  -6.9476971832298836E-003
          12          16   1.0419182877585698E-016
          12          17   3.5751566637709509E-017
          12          18   1.6454891191900879E-003
          12          19  -4.8661008578377099E-016
          12          20   1.1037680889097431E-016
          12          21  -4.9977297835761683E-016
          12          22   9.2237405262262004E-017
          12          23  -4.3685605403882947E-016
          12          24  -1.0310307657217030E-015
          12          25   1.1603519625310308E-014
          12          26  -1.3179362074681537E-016
          12          27   1.1935505962314861E-014
          12          28   1.2438328183116341E-016
          12          29   2.5639853496687490E-016
          12          30   1.1863711549446165E-014
          12          31   3.7988669224189630E-015
          12          32  -4.2468129750176152E-017
          12          33   3.7136257626339177E-015
          12          34  -3.5187112661525801E-016
          12          35   5.8913719223361297E-016
          12          36   3.7838335623849947E-015
          12          37   4.7531423241764514E-016
          12          38  -3.6624349386560340E-016
          12          39  -2.5500435096859064E-016
          12          40  -3.9031278209478160E-018
          12          41  -1.9072323765659736E-002
          12          42  -7.1386790339964216E-017
          12          43  -1.9072323765660038E-002
          12          44  -2.9490299091605721E-017
          12          45   1.0299920638612292E-016
          12          46  -4.2647012428900920E-002
          13           1  -3.5941530395161613E-015
          13           2  -6.2433254626138382E-015
          13           3   1.3770308606956503E-014
          13           4  -1.4828563709152403E-014
          13           5   4.9239933254763605E-016
          13           6  -4.4136347901153658E-016
          13           7  -5.6768005185377779E-002
          13           8  -5.4565726936850467E-015
          13           9  -2.0469737016526324E-015
          13          10  -6.9476971832252710E-003
          13          11  -7.1600711470942713E-016
          13          12  -2.8059152223924855E-016
          13          13   1.3489166797515965E-003
          13          14   7.4132323543696366E-017
          13          15   5.9631119486702744E-017
          13          16  -3.1947675045234617E-004
          13          17   1.4491039661626570E-017
          13          18  -9.8391347153059527E-018
          13          19  -3.4514837345936579E-016
          13          20   7.5147686263354718E-018
          13          21  -3.5316222241347803E-016
          13          22  -3.1529645719898408E-017
          13          23   2.7651761563167186E-017
          13          24  -3.9144001819453982E-016
          13          25   3.7132603735308174E-015
          13          26  -7.0935529397850136E-017
          13          27   3.7360172133260514E-015
          13          28   1.0645956523409676E-017
          13          29   2.1139302385666931E-017
          13          30   3.8124309204795408E-015
          13          31   1.0595752371209055E-016
          13          32   6.9901991480350575E-017
          13          33   1.6608467284984283E-016
          13          34   6.4723490011686341E-018
          13          35  -6.0920506094318936E-017
          13          36   1.4906869202262177E-016
          13          37   8.2800480345917148E-003
          13          38   3.7665183472146424E-016
          13          39   3.7029500524621197E-003
          13          40   9.6884306133304676E-016
          13          41   1.1796119636642288E-016
          13          42  -2.7968927613324324E-018
          13          43   1.5829351718288365E-016
          13          44   3.7029500524621748E-003
          13          45   4.0831053815804097E-016
          13          46   2.9316826744008040E-016
          14           1   7.3731124080062353E-015
          14           2   9.5227254907069630E-015
          14           3   1.7173022984648697E-014
          14           4  -1.2761249547610076E-014
          14           5   6.6421640465567467E-016
          14           6  -1.8992028579920811E-016
          14           7   2.2308543901061739E-015
          14           8  -5.6768005185379895E-002
          14           9  -1.3218592886943270E-015
          14          10   1.0126448291014611E-016
          14          11  -6.9476971832254574E-003
          14          12  -1.8393489856216583E-016
          14          13   7.4132323543696366E-017
          14          14   1.3489166797516884E-003
          14          15   3.8719570084888577E-017
          14          16  -2.3530575274724463E-017
          14          17  -3.1947675045239615E-004
          14          18  -4.0352649607194868E-018
          14          19  -1.9439071362479430E-016
          14          20  -4.2881976093868435E-017
          14          21  -1.8912727891792899E-016
          14          22  -1.7312673902397768E-017
          14          23  -4.0314837218672030E-017
          14          24  -2.2316032930938807E-016
          14          25   3.1831656310359578E-015
          14          26  -3.8045250202141634E-017
          14          27   3.2670990657626158E-015
          14          28  -3.6489002187874305E-017
          14          29   4.0405859260158480E-017
          14          30   3.1726867741017246E-015
          14          31   2.6344539330379897E-017
          14          32   3.8506443115405573E-017
          14          33  -4.8691788670229794E-017
          14          34  -4.4944503463105833E-017
          14          35  -1.8317248164009391E-017
          14          36   4.2706019529101756E-017
          14          37  -2.2334564753201391E-016
          14          38   3.7029500524622967E-003
          14          39  -1.5894403848637495E-016
          14          40   8.2800480345920531E-003
          14          41   1.3750394052547410E-016
          14          42   1.5088052408020703E-017
          14          43   7.7683085658586393E-017
          14          44  -9.7740825849568225E-017
          14          45   3.7029500524623040E-003
          14          46   2.3646449381908852E-016
          15           1   2.9576056379604147E-015
          15           2   5.7534294858549937E-015
          15           3  -1.6971364750626808E-014
          15           4   1.4902942001831450E-014
          15           5  -1.2691052992236793E-016
          15           6   1.7270649298522931E-015
          15           7  -3.7816971776294395E-016
          15           8  -3.7686867515596134E-016
          15           9  -5.6768005185404383E-002
          15          10   1.6913553890773869E-017
          15          11  -3.8651807449108233E-017
          15          12  -6.9476971832298836E-003
          15          13   5.9631119486702744E-017
          15          14   3.8719570084888577E-017
          15          15   1.3489166797528642E-003
          15          16  -2.1412992906588713E-017
          15          17  -7.6470134478118235E-018
          15          18  -3.1947675045265658E-004
          15          19   6.4546090302702414E-016
          15          20  -2.1429995384684910E-017
          15          21   6.4801651892089139E-016
          15          22  -1.7908174633128323E-017
          15          23   8.4816940405311013E-017
          15          24   7.5116184487923360E-016
          15          25  -3.9447229451194045E-015
          15          26   2.5588134977959972E-017
          15          27  -4.0091791088849273E-015
          15          28  -2.4149394989450661E-017
          15          29  -4.9780560574267544E-017
          15          30  -3.9952400038149793E-015
          15          31  -6.8293573893046060E-016
          15          32   8.2453174148414333E-018
          15          33  -6.6638590677700623E-016
          15          34   6.8316856549304704E-017
          15          35  -1.1438278962191099E-016
          15          36  -6.8001696605247683E-016
          15          37  -6.1582683397176652E-017
          15          38   7.9417809134563200E-017
          15          39   6.3100566438656358E-017
          15          40   1.8973538018496328E-017
          15          41   3.7029500524640422E-003
          15          42   1.3859963907995064E-017
          15          43   3.7029500524640999E-003
          15          44   1.9298798670241979E-017
          15          45  -1.1628068299907035E-017
          15          46   8.2800480345962008E-003
          16           1   5.4321337990804630E-015
          16           2   8.8239745668903526E-015
          16           3  -9.2321689430470112E-015
          16           4   8.9868360273588446E-015
          16           5  -4.1895552802489791E-016
          16           6   4.5521345942786997E-017
          16           7   1.3444905900063591E-002
          16           8   1.5434702127503641E-015
          16           9   7.9276862852140084E-016
          16          10   1.6454891191889434E-003
          16          11   2.0033345642100908E-016
          16          12   1.0419182877585698E-016
          16          13  -3.1947675045234617E-004
          16          14  -2.3530575274724463E-017
          16          15  -2.1412992906588713E-017
          16          16   7.5664713478364022E-005
          16          17  -2.0184795133069977E-018
          16          18   4.0657581468206416E-018
          16          19   5.3770557014493547E-016
          16          20  -1.7797940355829684E-018
          16          21   5.3960356611534231E-016
          16          22   7.4674654919128989E-018
          16          23  -6.5490293515252348E-018
          16          24   5.4866926008606782E-016
          16          25  -2.1425884099131163E-015
          16          26   1.6800335234811814E-017
          16          27  -2.1479781284461252E-015
          16          28  -2.5213830080785610E-018
          16          29  -5.0066217835804719E-018
          16          30  -2.1660759125553656E-015
          16          31   2.0192632134200393E-017
          16          32  -1.6555552632355191E-017
          16          33   5.9521482638092575E-018
          16          34  -1.5329078939650246E-018
          16          35   1.4428382134479028E-017
          16          36   9.9822046357921659E-018
          16          37  -1.9610424271481516E-003
          16          38  -1.0562839665440027E-016
          16          39  -8.7700483477288896E-004
          16          40  -2.6611742323656706E-016
          16          41  -4.8138576458356397E-017
          16          42   6.6241467994487813E-019
          16          43  -5.7625345467604561E-017
          16          44  -8.7700483477290187E-004
          16          45  -1.1306873406308204E-016
          16          46  -1.1438332919722072E-016
          17           1  -2.8102405214829630E-015
          17           2  -4.7246593190809446E-015
          17           3   6.4439854299552843E-015
          17           4  -5.7512691310557730E-015
          17           5   2.2984695293411477E-016
          17           6   8.4830110888552556E-017
          17           7  -1.8767539605724082E-015
          17           8   1.3444905900065281E-002
          17           9   2.4882439858542327E-016
          17          10  -1.8900354371853556E-016
          17          11   1.6454891191891329E-003
          17          12   3.5751566637709509E-017
          17          13   1.4491039661626570E-017
          17          14  -3.1947675045239615E-004
          17          15  -7.6470134478118235E-018
          17          16  -2.0184795133069977E-018
          17          17   7.5664713478382562E-005
          17          18   5.9377009602526454E-019
          17          19  -3.6211482286031247E-016
          17          20   1.0156145728707356E-017
          17          21  -3.6336141209862727E-016
          17          22   4.1003250111796942E-018
          17          23   9.5481458439730242E-018
          17          24  -3.5530104149879606E-016
          17          25   1.3857866516568367E-015
          17          26   9.0106179923296998E-018
          17          27   1.3659078990376214E-015
          17          28   8.6420369925095203E-018
          17          29  -9.5697034586594714E-018
          17          30   1.3882684588819110E-015
          17          31  -4.6170877140668332E-017
          17          32  -9.1198466907931476E-018
          17          33  -2.8399310819828538E-017
          17          34   1.0644633677250598E-017
          17          35   4.3382478758714541E-018
          17          36  -5.0045921911736373E-017
          17          37   2.4950202494322671E-016
          17          38  -8.7700483477300823E-004
          17          39   1.2560482168244569E-016
          17          40  -1.9610424271484048E-003
          17          41  -2.8392544391964147E-017
          17          42  -3.5734467712663986E-018
          17          43  -1.4196272195982074E-017
          17          44   1.1113072267976420E-016
          17          45  -8.7700483477301018E-004
          17          46  -4.6566483308252415E-017
          18           1   1.1705181938982901E-015
          18           2   1.3566459018131704E-015
