           1           1   2.1625668402183384     
           1           2  0.11288661768904518     
           1           3 -0.53530953120543434     
           1           4  0.13908985038304716     
           1           5   7.8395568301755925E-002
           1           6   2.7369623132215033E-002
           1           7  -2.8809968962456275E-009
           1           8   3.2599549637010454E-009
           1           9  -2.2300260826594935E-009
           1          10  -1.4248851226001920E-009
           1          11   1.6402481855156678E-009
           1          12  -1.1887546593042970E-009
           1          13  -4.1055078018303052E-010
           1          14   4.3005844235080376E-010
           1          15  -3.7377526491778624E-010
           1          16  -6.0615833483405933E-010
           1          17   3.9730558113034831E-010
           1          18  -4.5253887859037308E-010
           1          19  -4.1724722912588407E-010
           1          20   3.3648769520223554E-010
           1          21  -3.3961333072526480E-010
           1          22  -2.4805183083706165E-003
           1          23   3.0227259276190777E-010
           1          24  -2.4805178270900577E-003
           1          25  -1.5078857944574335E-009
           1          26   6.8453289140212549E-010
           1          27  -2.4805206654984571E-003
           1          28  -1.3888750394084333E-002
           1          29   5.0252241016120532E-010
           1          30  -1.3888749578978617E-002
           1          31  -2.5742915958062628E-009
           1          32   1.1646637927521429E-009
           1          33  -1.3888754398960432E-002
           1          34  -8.3109034188584043E-003
           1          35   1.0089548316225827E-009
           1          36  -8.3109018627519678E-003
           1          37  -5.0848907745109427E-009
           1          38   2.2600128992640533E-009
           1          39  -8.3109114017862161E-003
           1          40  -7.3564934269903350E-003
           1          41   1.7113849444407344E-009
           1          42  -7.3564907757721516E-003
           1          43  -8.6553342308682722E-009
           1          44   3.8675172181430167E-009
           1          45  -7.3565070336189496E-003
           1          46  -5.0889801390921266E-011
           1          47   2.2005915252807938E-011
           1          48  -2.1076716124461166E-011
           1          49   5.7558017066484543E-011
           1          50  -3.1689409884958232E-011
           1          51   1.5681915272841843E-011
           1          52  -1.7920174823375586E-011
           1          53  -1.4220017873533320E-011
           1          54   2.6994347485794008E-011
           1          55  -5.1785705022287799E-011
           2           1  0.11288661768904518     
           2           2  0.16670674892325624     
           2           3 -0.50563034309096544     
           2           4  0.12017645158715273     
           2           5   6.1335508498763375E-002
           2           6   1.2360049080195565E-002
           2           7  -5.2636693782489248E-009
           2           8   5.4843763335822314E-009
           2           9  -5.1255355193150212E-009
           2          10  -2.5024018237073873E-009
           2          11   2.6416538557090635E-009
           2          12  -2.5073174031812729E-009
           2          13  -6.3249431276446989E-010
           2          14   6.3728172755689905E-010
           2          15  -6.3485061327030814E-010
           2          16  -7.9629576743393365E-010
           2          17   5.6003468776476400E-010
           2          18  -6.5029518967548877E-010
           2          19  -4.4208430688888211E-010
           2          20   3.5343518056899196E-010
           2          21  -3.5682519207860414E-010
           2          22  -7.3252725185947421E-007
           2          23   3.3394325160638815E-010
           2          24  -7.3200678379464193E-007
           2          25  -1.6505102734916275E-009
           2          26   7.4314798223346309E-010
           2          27  -7.3511309620527846E-007
           2          28  -5.5794227430981810E-004
           2          29   5.5499721384012688E-010
           2          30  -5.5794137610587968E-004
           2          31  -2.8363590996916834E-009
           2          32   1.2840615226341827E-009
           2          33  -5.5794668836434071E-004
           2          34   3.8570694945550101E-003
           2          35   1.1394881991593289E-009
           2          36   3.8570712512369910E-003
           2          37  -5.7426477581183210E-009
           2          38   2.5531428498142696E-009
           2          39   3.8570604776440639E-003
           2          40  -1.9780201944798550E-003
           2          41   1.8912440086486554E-009
           2          42  -1.9780172641022955E-003
           2          43  -9.5656311744004816E-009
           2          44   4.2741632703709851E-009
           2          45  -1.9780352316013852E-003
           2          46   3.2725634864203045E-011
           2          47  -1.3872118287856812E-011
           2          48   1.8574685284116452E-011
           2          49  -2.2929006997612531E-011
           2          50   1.1010921672529314E-011
           2          51   1.6631403685638145E-011
           2          52   2.6101861861411231E-011
           2          53   2.4573369286031733E-011
           2          54  -8.7837705153124215E-012
           2          55   4.6222689807644149E-011
           3           1 -0.53530953120543434     
           3           2 -0.50563034309096544     
           3           3   1.6244294875154908     
           3           4 -0.62357670502895246     
           3           5 -0.32797322659732941     
           3           6  -7.3235425381529565E-002
           3           7   6.2315482766922464E-009
           3           8  -2.8732656458677003E-009
           3           9   1.3371466609784747E-008
           3          10   2.8447264834283931E-009
           3          11  -1.2984505913783271E-009
           3          12   6.5661183681195067E-009
           3          13   1.8288842235507218E-009
           3          14  -1.4806158727119272E-009
           3          15   2.3722554766908701E-009
           3          16   3.7898008334705728E-009
           3          17  -2.4397054188592839E-009
           3          18   3.2308705281607301E-009
           3          19   2.2007283159038430E-009
           3          20  -1.7522977056489598E-009
           3          21   1.7728488566375150E-009
           3          22  -3.6697946649335016E-005
           3          23  -1.6907753594649294E-009
           3          24  -3.6700525498797876E-005
           3          25   8.3148331711972171E-009
           3          26  -3.7171744016744506E-009
           3          27  -3.6684889846554341E-005
           3          28  -4.1496791197904136E-004
           3          29  -3.2295556482408197E-009
           3          30  -4.1497299346813284E-004
           3          31   1.6215202551120883E-008
           3          32  -7.3024620246456708E-009
           3          33  -4.1494257456742723E-004
           3          34  -1.5718064935685488E-002
           3          35  -6.5740878523540358E-009
           3          36  -1.5718075106988735E-002
           3          37   3.3220659533836239E-008
           3          38  -1.4814869862790750E-008
           3          39  -1.5718012768581389E-002
           3          40   1.3228333807550667E-002
           3          41  -9.9705245263021756E-009
           3          42   1.3228318362764509E-002
           3          43   5.0417597731462623E-008
           3          44  -2.2515028911491068E-008
           3          45   1.3228413059025482E-002
           3          46   4.9419510475209689E-011
           3          47  -6.0644582153253244E-011
           3          48  -4.6637537389058469E-011
           3          49  -1.5127683928719314E-010
           3          50  -1.1913153583399182E-011
           3          51  -6.4867032889411372E-011
           3          52  -8.4800297147832314E-011
           3          53  -3.7824340775793771E-011
           3          54  -7.5847228443054691E-011
           3          55  -1.4536392395998911E-010
           4           1  0.13908985038304716     
           4           2  0.12017645158715273     
           4           3 -0.62357670502895246     
           4           4  0.97442912874158094     
           4           5  0.52152075861501113     
           4           6  0.12106395392836353     
           4           7  -2.2318912742974232E-009
           4           8   4.3168938927866441E-008
           4           9   8.3241223697794661E-008
           4          10  -1.0897302367455383E-009
           4          11   2.1161841261917937E-008
           4          12   4.0663096944180515E-008
           4          13  -2.5646531311432268E-009
           4          14   5.1054947748779332E-009
           4          15   4.2258401419173341E-009
           4          16  -6.3230109899762286E-009
           4          17   4.2620128139061182E-009
           4          18  -2.9682941890113754E-009
           4          19  -3.6333265824694211E-009
           4          20   2.3817465254348121E-009
           4          21  -2.9039321272358305E-009
           4          22   8.8983250999917951E-004
           4          23   2.0140825257402639E-009
           4          24   8.8983542848270272E-004
           4          25  -9.6797378632774115E-009
           4          26   4.2714378537328018E-009
           4          27   8.8981724520749786E-004
           4          28   1.1943364956649171E-002
           4          29   2.4573567310577663E-009
           4          30   1.1943368590545888E-002
           4          31  -1.1545774575423591E-008
           4          32   5.2044243413252414E-009
           4          33   1.1943346875408569E-002
           4          34   2.3026464007754190E-002
           4          35   7.2037453185334542E-009
           4          36   2.3026475142042636E-002
           4          37  -3.6426579080906331E-008
           4          38   1.6332573616898308E-008
           4          39   2.3026406806049702E-002
           4          40  -2.2975135233278935E-002
           4          41   1.5099763817956156E-008
           4          42  -2.2975111874563945E-002
           4          43  -7.6302106848813786E-008
           4          44   3.4059778648261933E-008
           4          45  -2.2975255175766176E-002
           4          46   1.5490250008451762E-011
           4          47  -2.7951057803100781E-010
           4          48   2.4381834513173411E-010
           4          49  -6.4738158093115380E-010
           4          50  -6.3552663531505105E-010
           4          51   6.1182716244320621E-011
           4          52  -5.1804363464118742E-010
           4          53   1.4227263511336972E-010
           4          54  -2.7636154566722877E-010
           4          55  -1.1968813935475079E-009
           5           1   7.8395568301755925E-002
           5           2   6.1335508498763375E-002
           5           3 -0.32797322659732941     
           5           4  0.52152075861501113     
           5           5  0.29317701543067692     
           5           6   7.8006279802847731E-002
           5           7   7.3941854157972030E-008
           5           8  -1.1826775898648105E-007
           5           9  -1.4949307732239941E-008
           5          10   3.6173888548972324E-008
           5          11  -5.7768990792847379E-008
           5          12  -7.3121269956547701E-009
           5          13   3.0328692222015130E-009
           5          14  -7.9320280927299528E-009
           5          15  -2.3800157852352377E-009
           5          16  -4.4465007275435193E-009
           5          17  -1.3336527981174522E-009
           5          18  -2.4970708279808407E-009
           5          19  -3.3087172396706798E-009
           5          20   6.0829881581347677E-010
           5          21  -7.7256377868456575E-010
           5          22   4.3055886770039368E-004
           5          23   2.1349108206959037E-009
           5          24   4.3056211539652318E-004
           5          25  -1.0635180153807866E-008
           5          26   4.7276657379951356E-009
           5          27   4.3054213973676926E-004
           5          28   4.5450876140696993E-003
           5          29   7.4381789504179910E-009
           5          30   4.5450991627175152E-003
           5          31  -3.7468097582899046E-008
           5          32   1.6743856223745736E-008
           5          33   4.5450287884816467E-003
           5          34   6.7418794672033031E-003
           5          35   1.2075095696990760E-008
           5          36   6.7418982802660340E-003
           5          37  -6.1272513050698537E-008
           5          38   2.7353128788433198E-008
           5          39   6.7417832329896253E-003
           5          40  -1.5887171402161025E-002
           5          41   9.7940989189847480E-009
           5          42  -1.5887156202894850E-002
           5          43  -4.9553313719005980E-008
           5          44   2.2103301143783793E-008
           5          45  -1.5887249274167299E-002
           5          46  -1.0751668452816881E-009
           5          47   8.6841688323986653E-010
           5          48  -4.1934362797597379E-010
           5          49   1.9230285584104276E-009
           5          50   9.5562380627451192E-011
           5          51   3.2384128777265691E-011
           5          52   1.3441852234019920E-010
           5          53  -4.5407808624294092E-010
           5          54   8.6866606752141908E-010
           5          55   2.8905741376555174E-010
           6           1   2.7369623132215033E-002
           6           2   1.2360049080195565E-002
           6           3  -7.3235425381529565E-002
           6           4  0.12106395392836353     
           6           5   7.8006279802847731E-002
           6           6   2.7479219813851243E-002
           6           7  -9.4800785279481357E-008
           6           8  -5.4680048909877252E-008
           6           9  -4.0959832893853012E-007
           6          10  -4.6310639151904723E-008
           6          11  -2.7002400727553492E-008
           6          12  -2.0037140526509405E-007
           6          13  -5.2123265790291257E-009
           6          14  -2.0095282688050294E-009
           6          15  -3.2189497405863752E-008
           6          16   3.6187662978634876E-009
           6          17   3.4941611192796678E-009
           6          18  -1.1006932901995069E-008
           6          19   4.1025517064636693E-009
           6          20   2.5180133355780931E-009
           6          21  -2.4648983181562578E-010
           6          22   5.9595396718113094E-005
           6          23   1.2430082829296045E-009
           6          24   5.9597342746968460E-005
           6          25  -6.3260552579421326E-009
           6          26   2.8240980978961410E-009
           6          27   5.9585461560558226E-005
           6          28  -2.9654198940952175E-004
           6          29   6.0554099848636100E-009
           6          30  -2.9653251888703291E-004
           6          31  -3.0818123763837465E-008
           6          32   1.3755139214863247E-008
           6          33  -2.9659039169886475E-004
           6          34  -2.4161768963699808E-003
           6          35   8.6135918342307992E-009
           6          36  -2.4161634426443515E-003
           6          37  -4.3755951904009743E-008
           6          38   1.9506489666381724E-008
           6          39  -2.4162456228345717E-003
           6          40  -6.2389027410413387E-003
           6          41   3.4829117281277341E-009
           6          42  -6.2388973078433135E-003
           6          43  -1.7657900553025098E-008
           6          44   7.8668052229427801E-009
           6          45  -6.2389304767121040E-003
           6          46   1.4317188096736991E-009
           6          47   3.5648218696266246E-010
           6          48   6.0832848411298660E-010
           6          49   7.8794897086117020E-010
           6          50   2.9581279691344087E-009
           6          51   7.2794158304983335E-012
           6          52   2.9501526219842387E-009
           6          53   6.1417029104988184E-010
           6          54   3.5553266140371275E-010
           6          55   6.6004991716681548E-009
           7           1  -2.8809968962456275E-009
           7           2  -5.2636693782489248E-009
           7           3   6.2315482766922464E-009
           7           4  -2.2318912742974232E-009
           7           5   7.3941854157972030E-008
           7           6  -9.4800785279481357E-008
           7           7   1.0636236866315338     
           7           8  -7.5288829792853029E-009
           7           9   1.8749480081641213E-008
           7          10  0.51637693723719491     
           7          11   2.2490557862598352E-009
           7          12   1.7083888478338170E-008
           7          13   3.8980248412894998E-002
           7          14   8.6491145891378467E-009
           7          15  -9.0173826912282511E-009
           7          16  -8.4049135694376206E-002
           7          17  -8.9555303460430650E-009
           7          18  -1.3572424081078428E-007
           7          19  -6.8331688336707802E-002
           7          20  -1.9347296583286428E-009
           7          21   5.1474776049799639E-008
           7          22  -2.9114951319085904E-009
           7          23   2.0757583149211262E-009
           7          24   8.4811958609761933E-010
           7          25  -1.2155980666021583E-009
           7          26  -2.5555110601718374E-009
           7          27  -2.4240536081469829E-009
           7          28  -2.4569144551112666E-009
           7          29   4.0680996405032287E-009
           7          30  -8.1505181136057892E-009
           7          31   4.3105529153957009E-009
           7          32   5.2345895142314030E-010
           7          33  -5.5370010141247034E-009
           7          34  -2.8881627201397755E-009
           7          35  -5.9085212661666699E-009
           7          36   7.6970435950407628E-009
           7          37  -3.6880279404505343E-009
           7          38  -8.9046524027392367E-010
           7          39  -3.9344686274110470E-009
           7          40   2.0502488044860569E-008
           7          41   3.7697160774513283E-009
           7          42   2.1090253263270168E-008
           7          43   1.6093182693612994E-009
           7          44  -2.1008780657036609E-009
           7          45   1.7782368481311459E-008
           7          46  -1.4610930855946891E-002
           7          47   1.3268468970989825E-008
           7          48  -6.5342041860129724E-003
           7          49   5.2839209684794796E-009
           7          50  -6.6127209589465735E-009
           7          51  -8.9155124484816433E-011
           7          52   2.5034865085833424E-008
           7          53  -6.5342250969871677E-003
           7          54   5.0510020628385246E-009
           7          55   4.9245145019054137E-008
           8           1   3.2599549637010454E-009
           8           2   5.4843763335822314E-009
           8           3  -2.8732656458677003E-009
           8           4   4.3168938927866441E-008
           8           5  -1.1826775898648105E-007
           8           6  -5.4680048909877252E-008
           8           7  -7.5288829792853029E-009
           8           8   1.0636236875865017     
           8           9  -9.2509200450817592E-009
           8          10  -4.1015502361893617E-010
           8          11  0.51637693421283148     
           8          12  -8.0325751185227197E-009
           8          13   5.0404550432070400E-009
           8          14   3.8980241123420079E-002
           8          15   5.8397789271389294E-009
           8          16  -1.3499758178094557E-008
           8          17  -8.4049080066064916E-002
           8          18   7.0024175347250188E-008
           8          19  -5.5969444044632235E-009
           8          20  -6.8331718158022206E-002
           8          21  -2.2170976617725223E-008
           8          22   6.0064947608517468E-009
           8          23  -2.8449071279278940E-009
           8          24  -5.5778331068496115E-010
           8          25  -1.4636445792233103E-009
           8          26   3.8626377138630416E-009
           8          27   3.6746197344560779E-009
           8          28   5.5684762003287383E-009
           8          29   2.6171403444571484E-009
           8          30   9.9703670814798915E-009
           8          31  -1.3698573962031563E-012
           8          32   2.7755662769022118E-010
           8          33   1.4331798661171964E-008
           8          34   3.0739320613475806E-008
           8          35   5.2737386167524663E-009
           8          36   3.4976854862512828E-008
           8          37   1.1058340458947330E-009
           8          38   1.1253120225072159E-009
           8          39   2.9810564800102162E-008
           8          40   2.5215360195047289E-008
           8          41  -3.9268237582638059E-009
           8          42   2.1940522166367975E-008
           8          43  -1.2122192914792580E-009
           8          44   5.3316345597541952E-009
           8          45   3.6188290898822420E-008
           8          46   1.5394955365595794E-008
           8          47  -6.5342185598005111E-003
           8          48   1.2843992938735465E-008
           8          49  -1.4610925938755334E-002
           8          50  -2.2259886763044478E-009
           8          51  -8.4930827100127850E-009
           8          52  -7.0247688468432273E-009
           8          53   4.5964735060967949E-009
           8          54  -6.5342331103619622E-003
           8          55  -3.1944099806880813E-008
           9           1  -2.2300260826594935E-009
           9           2  -5.1255355193150212E-009
           9           3   1.3371466609784747E-008
           9           4   8.3241223697794661E-008
           9           5  -1.4949307732239941E-008
           9           6  -4.0959832893853012E-007
           9           7   1.8749480081641213E-008
           9           8  -9.2509200450817592E-009
           9           9   1.0636237000128614     
           9          10   2.3781822725303849E-009
           9          11  -2.0147415850852852E-009
           9          12  0.51637696594250304     
           9          13  -1.1886876659252421E-008
           9          14  -3.1219108022728784E-009
           9          15   3.8980237405997736E-002
           9          16  -8.4005501920989215E-008
           9          17   5.3474675718492680E-008
           9          18  -8.4049406689582384E-002
           9          19   5.7262843134677909E-008
           9          20  -2.4202567471987225E-008
           9          21  -6.8331591097258476E-002
           9          22   1.2844201152874450E-009
           9          23   8.6627900809546437E-010
           9          24   2.9310097616667586E-009
           9          25  -7.7206904981442227E-009
           9          26  -7.9184886416265077E-010
           9          27   1.1789106442041374E-009
           9          28   4.3497304527328941E-009
           9          29   1.8799261501353311E-008
           9          30  -6.5662456150201445E-009
           9          31   1.4051783946846540E-008
           9          32   3.0525027341433517E-009
           9          33   1.1795677603364527E-008
           9          34   5.6152270035574225E-008
           9          35  -7.3564366269647174E-009
           9          36   9.5987465010307548E-008
           9          37  -8.7363950163936773E-009
           9          38   1.2299608515484716E-009
           9          39   4.8713237091038565E-008
           9          40   1.1749466409980730E-007
           9          41   3.9348628486906478E-009
           9          42   1.1143051474990847E-007
           9          43   2.3377640430093073E-009
           9          44   5.5644377026732194E-009
           9          45   1.3146767302875521E-007
           9          46   1.1516268441599116E-008
           9          47  -3.1486439867148714E-009
           9          48   3.4954078929601108E-009
           9          49  -6.1317157807636769E-009
           9          50  -6.5341551026432357E-003
           9          51  -6.3608859257293660E-009
           9          52  -6.5341559680298106E-003
           9          53  -1.3492297423520485E-008
           9          54   9.4932312828909109E-009
           9          55  -1.4610880500977717E-002
          10           1  -1.4248851226001920E-009
          10           2  -2.5024018237073873E-009
          10           3   2.8447264834283931E-009
          10           4  -1.0897302367455383E-009
          10           5   3.6173888548972324E-008
          10           6  -4.6310639151904723E-008
          10           7  0.51637693723719491     
          10           8  -4.1015502361893617E-010
          10           9   2.3781822725303849E-009
          10          10  0.25076477149450282     
          10          11   2.6760237525530346E-009
          10          12   5.1341976719145084E-009
          10          13   1.7365239393156928E-002
          10          14   4.7824597006757838E-009
          10          15  -6.5917263336278789E-009
          10          16  -4.4817882805228193E-002
          10          17  -3.0133735757033151E-009
          10          18  -7.3199781084152545E-008
          10          19  -3.5664868336531638E-002
          10          20  -8.9011074603132656E-010
          10          21   2.4695406858053952E-008
          10          22  -1.4257608627033321E-009
          10          23   1.0205438106810429E-009
          10          24   4.1948593225361691E-010
          10          25  -6.0012706167372315E-010
          10          26  -1.2472531755380545E-009
          10          27  -1.1796696000170631E-009
          10          28  -1.2169629145797591E-009
          10          29   1.9999390622147508E-009
          10          30  -3.9939683731301205E-009
          10          31   2.0968791261853924E-009
          10          32   2.5670730701558079E-010
          10          33  -2.7137108322824427E-009
          10          34  -1.4389197508652023E-009
          10          35  -2.8753075090766042E-009
          10          36   3.7488819254277692E-009
          10          37  -1.8135311835180491E-009
          10          38  -4.3747479886427561E-010
          10          39  -1.9366000271428843E-009
          10          40   1.0002458180252603E-008
          10          41   1.8465368926530186E-009
          10          42   1.0297071697177302E-008
          10          43   7.8797645642071499E-010
          10          44  -1.0329392856291935E-009
          10          45   8.6743816437943063E-009
          10          46  -7.0070599421940471E-003
          10          47   6.5393576266445138E-009
          10          48  -3.1336509890478653E-003
          10          49   2.3381444916464524E-009
          10          50  -3.5723361295673362E-009
          10          51   1.6490970310253022E-010
          10          52   1.2711594495531147E-008
          10          53  -3.1336620914185383E-003
          10          54   2.3596976603473844E-009
          10          55   2.5129012572314398E-008
          11           1   1.6402481855156678E-009
          11           2   2.6416538557090635E-009
          11           3  -1.2984505913783271E-009
          11           4   2.1161841261917937E-008
          11           5  -5.7768990792847379E-008
          11           6  -2.7002400727553492E-008
          11           7   2.2490557862598352E-009
          11           8  0.51637693421283148     
          11           9  -2.0147415850852852E-009
          11          10   2.6760237525530346E-009
          11          11  0.25076476828458716     
          11          12  -2.7408066715751724E-009
          11          13   3.2105663971296226E-009
          11          14   1.7365236197014671E-002
          11          15   3.8329969881107868E-009
          11          16  -5.1911579354468025E-009
          11          17  -4.4817853202015923E-002
          11          18   3.7358434761399414E-008
          11          19  -2.6965923168230475E-009
          11          20  -3.5664882643078794E-002
          11          21  -1.0570517017048082E-008
          11          22   2.9313438428540457E-009
          11          23  -1.3992724611657290E-009
          11          24  -2.7038274159690294E-010
          11          25  -7.1261475478445314E-010
          11          26   1.8835949297713023E-009
          11          27   1.7932300357716099E-009
          11          28   2.7258965779519284E-009
          11          29   1.2594716098948777E-009
          11          30   4.9016065956674283E-009
          11          31  -1.6064091084117868E-013
          11          32   1.2396538799322344E-010
          11          33   7.0110879712814925E-009
          11          34   1.5055877766865282E-008
          11          35   2.5524346345985905E-009
          11          36   1.7147259112950740E-008
          11          37   5.4305479372456386E-010
          11          38   5.3166182171585677E-010
          11          39   1.4597579525225888E-008
          11          40   1.2400365408293547E-008
          11          41  -1.9280254987458013E-009
          11          42   1.0801723437896430E-008
          11          43  -5.9768346912999914E-010
          11          44   2.6040208121747748E-009
          11          45   1.7768657420301019E-008
          11          46   7.2457673386258599E-009
          11          47  -3.1336582870326399E-003
          11          48   6.3120582711700294E-009
          11          49  -7.0070574925843654E-003
          11          50  -1.2953527592884154E-009
          11          51  -4.6185936962270483E-009
          11          52  -3.2792726817594590E-009
          11          53   2.1189963407409612E-009
          11          54  -3.1336661319130371E-003
          11          55  -1.6078243403081316E-008
          12           1  -1.1887546593042970E-009
          12           2  -2.5073174031812729E-009
          12           3   6.5661183681195067E-009
          12           4   4.0663096944180515E-008
          12           5  -7.3121269956547701E-009
          12           6  -2.0037140526509405E-007
          12           7   1.7083888478338170E-008
          12           8  -8.0325751185227197E-009
          12           9  0.51637696594250304     
          12          10   5.1341976719145084E-009
          12          11  -2.7408066715751724E-009
          12          12  0.25076479655442069     
          12          13  -6.8791977867179875E-009
          12          14  -1.0155184861354638E-009
          12          15   1.7365232715883819E-002
          12          16  -4.7615469631597834E-008
          12          17   2.9163538291242340E-008
          12          18  -4.4818026939929693E-002
          12          19   2.7488386967639128E-008
          12          20  -1.1546604969062625E-008
          12          21  -3.5664821634572394E-002
          12          22   6.3064597736084476E-010
          12          23   4.2608827665959282E-010
          12          24   1.4366463859710140E-009
          12          25  -3.7781380734757003E-009
          12          26  -3.7939495669237335E-010
          12          27   5.7426144945183112E-010
          12          28   2.1270664122785225E-009
          12          29   9.1932358583017946E-009
          12          30  -3.2114455333298559E-009
          12          31   6.8548815568745685E-009
          12          32   1.5045585393895092E-009
          12          33   5.7460638603251690E-009
          12          34   2.7467780137746434E-008
          12          35  -3.5980829564461678E-009
          12          36   4.6936469252148326E-008
          12          37  -4.2879800425753636E-009
          12          38   6.1556549490779042E-010
          12          39   2.3801448089973077E-008
          12          40   5.7479746664855385E-008
          12          41   1.9225506722022187E-009
          12          42   5.4510422286042059E-008
          12          43   1.1335972761291142E-009
          12          44   2.7275544553066092E-009
          12          45   6.4306696801691291E-008
          12          46   6.4463471599981264E-009
          12          47  -1.7046534375682374E-009
          12          48   2.0753519909343326E-009
          12          49  -3.3711547812677751E-009
          12          50  -3.1336265247874275E-003
          12          51  -3.0193339059245634E-009
          12          52  -3.1336267988013910E-003
          12          53  -7.0443906116324264E-009
          12          54   4.8352998546448230E-009
          12          55  -7.0070355948439762E-003
          13           1  -4.1055078018303052E-010
          13           2  -6.3249431276446989E-010
          13           3   1.8288842235507218E-009
          13           4  -2.5646531311432268E-009
          13           5   3.0328692222015130E-009
          13           6  -5.2123265790291257E-009
          13           7   3.8980248412894998E-002
          13           8   5.0404550432070400E-009
          13           9  -1.1886876659252421E-008
          13          10   1.7365239393156928E-002
          13          11   3.2105663971296226E-009
          13          12  -6.8791977867179875E-009
          13          13   5.2241574229338159E-002
          13          14   6.7779977708883092E-010
          13          15  -6.9430924015166851E-010
          13          16  0.12766869248394261     
          13          17  -1.9630430907213800E-008
          13          18   8.5579251249669816E-008
          13          19   7.8671796501507726E-002
          13          20   1.4868747946122002E-008
          13          21  -7.2477549300842995E-008
          13          22  -2.6665028050093108E-010
          13          23   1.9503315345283227E-010
          13          24   1.1141824144668401E-010
          13          25  -1.0832264804602085E-010
          13          26  -1.8986863723467633E-010
          13          27  -1.3541668528672311E-010
          13          28   1.3015496426904045E-011
          13          29   4.6582123121582238E-011
          13          30  -7.9269448551971107E-010
          13          31   6.1904084795590573E-010
          13          32   5.5697808307012556E-011
          13          33  -5.8362359677538818E-010
          13          34   1.0952278280782129E-010
          13          35  -9.1644889662776108E-010
          13          36   3.9359480054587837E-010
          13          37   1.2374913080341650E-010
          13          38  -4.2547574244559030E-012
          13          39  -5.2225486078710544E-010
          13          40   1.2452367621935971E-009
          13          41   1.3983485074364705E-010
          13          42   1.0882794469962238E-009
          13          43   1.2266050276771451E-010
          13          44   3.2372596031513061E-011
          13          45   1.0074603642376985E-009
          13          46  -3.3656617442244089E-003
          13          47  -2.0667042807572805E-009
          13          48  -1.5051746716701260E-003
          13          49   6.4618968876615883E-009
          13          50   1.4891775263877087E-008
          13          51  -7.5716858414867381E-009
          13          52  -1.2044414437837949E-008
          13          53  -1.5051444557575336E-003
          13          54   3.0995270854521292E-009
          13          55  -2.7369514472491267E-008
          14           1   4.3005844235080376E-010
          14           2   6.3728172755689905E-010
          14           3  -1.4806158727119272E-009
          14           4   5.1054947748779332E-009
          14           5  -7.9320280927299528E-009
          14           6  -2.0095282688050294E-009
          14           7   8.6491145891378467E-009
          14           8   3.8980241123420079E-002
          14           9  -3.1219108022728784E-009
          14          10   4.7824597006757838E-009
          14          11   1.7365236197014671E-002
          14          12  -1.0155184861354638E-009
          14          13   6.7779977708883092E-010
          14          14   5.2241573547150560E-002
          14          15   1.7530686294071187E-010
          14          16  -2.0439030104415258E-008
          14          17  0.12766866336818047     
          14          18  -3.7595580134005277E-008
          14          19   1.4706442231239405E-008
          14          20   7.8671821521064542E-002
          14          21   3.2815440214094924E-008
          14          22   4.2191892752430997E-010
          14          23  -1.6923155900014863E-010
          14          24  -4.4556259339246943E-011
          14          25  -1.0574901699239744E-010
          14          26   2.7981285956190169E-010
          14          27   2.6209974388737063E-010
          14          28   6.0134786866860123E-010
          14          29   8.0276880834976174E-010
          14          30   3.8356122552521817E-010
          14          31   4.9776558256860904E-011
          14          32   3.8211802948945253E-010
          14          33   1.3653634247722141E-009
          14          34   2.4436136503152707E-009
          14          35   1.3023440426851541E-009
          14          36   1.9981482930761666E-009
          14          37   1.0741736149988123E-010
          14          38   7.7259387908654924E-010
          14          39   2.5257309465979017E-009
          14          40   1.6278704247017565E-009
          14          41   4.1272999213626511E-011
          14          42   1.1789938067238514E-009
          14          43  -3.4599338428442807E-011
          14          44   5.9569103412768645E-010
          14          45   2.3049934401341331E-009
          14          46   7.2477582635927294E-009
          14          47  -1.5051654882977080E-003
          14          48  -2.0765412617215549E-009
          14          49  -3.3656616331245769E-003
          14          50   6.1644199289879966E-009
          14          51   1.6254900424259878E-008
          14          52  -7.2457703737589975E-009
          14          53   3.1188841454360541E-009
          14          54  -1.5051400240073203E-003
          14          55   1.1671949679212638E-008
          15           1  -3.7377526491778624E-010
          15           2  -6.3485061327030814E-010
          15           3   2.3722554766908701E-009
          15           4   4.2258401419173341E-009
          15           5  -2.3800157852352377E-009
          15           6  -3.2189497405863752E-008
          15           7  -9.0173826912282511E-009
          15           8   5.8397789271389294E-009
          15           9   3.8980237405997736E-002
          15          10  -6.5917263336278789E-009
          15          11   3.8329969881107868E-009
          15          12   1.7365232715883819E-002
          15          13  -6.9430924015166851E-010
          15          14   1.7530686294071187E-010
