           1           1   2.5024049630374940     
           1           2   6.3701248533581001E-002
           1           3  -1.7618418403814202     
           1           4  0.18486368976870987     
           1           5  0.66212283274670525     
           1           6  0.60231882927708313     
           1           7  -5.1773449264439539E-013
           1           8  -2.4059561570993858E-013
           1           9   2.3812916967831243E-014
           1          10   4.7154878029343201E-013
           1          11  -1.5204608459091918E-014
           1          12   8.5590380397932016E-016
           1          13   6.9346876816259846E-014
           1          14  -7.7387658698439330E-016
           1          15   2.4453949807997732E-014
           1          16  -2.4701959900704643E-013
           1          17  -4.7918966321059253E-014
           1          18   1.1222495218206560E-014
           1          19   2.8795901007716398E-014
           1          20  -4.5768698575961757E-015
           1          21  -1.1690431131594319E-014
           1          22  0.42095313078357027     
           1          23   1.6571933210839928E-014
           1          24  0.42095313078361341     
           1          25  -1.5425481402958080E-015
           1          26   8.0098572854979764E-015
           1          27  0.42095313078360763     
           1          28 -0.11561802417114911     
           1          29  -1.3937561946431700E-014
           1          30 -0.11561802417117081     
           1          31   1.1997736486973956E-014
           1          32   1.1241494483858254E-014
           1          33 -0.11561802417114447     
           1          34 -0.33151526067208631     
           1          35   1.1723888119430591E-014
           1          36 -0.33151526067206621     
           1          37  -2.2867627935049346E-015
           1          38  -3.9011035577520481E-015
           1          39 -0.33151526067207227     
           1          40 -0.20334662651353044     
           1          41   1.3045395929954707E-015
           1          42 -0.20334662651352295     
           1          43  -7.1286602699650299E-015
           1          44  -5.8063492420904091E-015
           1          45 -0.20334662651351962     
           1          46   1.2619010688769973E-013
           1          47   1.9174343992365561E-014
           1          48   4.8952178096725399E-014
           1          49   3.1108148910555244E-014
           1          50  -1.1157960616176968E-014
           1          51   1.0170937968378740E-014
           1          52   1.1038388485020610E-014
           1          53   7.8873878065930462E-014
           1          54   8.5479963612793809E-015
           1          55  -8.9642684602406833E-015
           2           1   6.3701248533581001E-002
           2           2  0.24277256504711600     
           2           3  -1.0679379922012864     
           2           4  0.29660139153293918     
           2           5  0.58909700156061595     
           2           6  0.50765092357290975     
           2           7  -4.5278080420101529E-013
           2           8  -2.1675927307706267E-013
           2           9  -1.4994353691473769E-015
           2          10   4.4697933099106460E-013
           2          11   7.9323749164386786E-015
           2          12   3.4990396566195615E-014
           2          13   5.5031189165420775E-014
           2          14  -1.6649282524759873E-014
           2          15   1.0340747727858633E-014
           2          16  -7.4085329920579363E-014
           2          17  -6.3183165829436345E-014
           2          18  -1.2862142638390961E-014
           2          19   9.1477240810927636E-015
           2          20   8.5308283773487506E-015
           2          21   4.1026104052854017E-015
           2          22  0.24332937725907675     
           2          23   6.7073551460602278E-015
           2          24  0.24332937725911485     
           2          25   1.2151724122789554E-015
           2          26   5.7280646390937560E-015
           2          27  0.24332937725910270     
           2          28 -0.15146445691369986     
           2          29   2.5898788269334164E-015
           2          30 -0.15146445691369062     
           2          31  -3.2667687668202207E-015
           2          32   7.9621438270992237E-016
           2          33 -0.15146445691369606     
           2          34 -0.29700079979153082     
           2          35  -1.0760228086094595E-016
           2          36 -0.29700079979153410     
           2          37   3.1432743371374272E-015
           2          38  -9.9339096641879945E-016
           2          39 -0.29700079979153260     
           2          40 -0.17205096741446668     
           2          41   3.7669393253234758E-016
           2          42 -0.17205096741446799     
           2          43  -1.6750924824195617E-015
           2          44   4.1925060907468159E-016
           2          45 -0.17205096741446602     
           2          46   4.1419171060377053E-014
           2          47   1.4824760204988029E-014
           2          48   1.8331387756029438E-014
           2          49   3.9266673406296049E-014
           2          50   3.2263547165432545E-015
           2          51  -1.0803429973320972E-015
           2          52  -1.0468385736176634E-015
           2          53   1.7643883984636665E-014
           2          54   1.8057155663304266E-014
           2          55   4.9805596769688894E-015
           3           1  -1.7618418403814202     
           3           2  -1.0679379922012864     
           3           3   5.8925460188583862     
           3           4  -2.1775963611304658     
           3           5  -3.8973692440224519     
           3           6  -3.3126705833630714     
           3           7   2.8126448757541545E-012
           3           8   7.7382569255880063E-013
           3           9   3.3636844918172925E-014
           3          10  -3.2307644455767038E-012
           3          11   1.3518072366296129E-013
           3          12  -2.2512647671423017E-013
           3          13  -4.5211045913253924E-013
           3          14   6.7016061041372155E-014
           3          15  -7.5916876164880184E-014
           3          16   5.6559686303238346E-013
           3          17   3.0464077966559496E-013
           3          18   6.1824711482185472E-014
           3          19  -6.9967909377704476E-014
           3          20  -3.7964015387006085E-014
           3          21  -1.4260390430082620E-014
           3          22  -1.4101013718620847     
           3          23  -5.3872976330965844E-014
           3          24  -1.4101013718623707     
           3          25  -7.3145034949895289E-015
           3          26  -4.3480907539179098E-014
           3          27  -1.4101013718622748     
           3          28   1.0796792670651754     
           3          29  -5.6220579308631519E-015
           3          30   1.0796792670651245     
           3          31   1.0183961663030102E-014
           3          32  -1.2977276194593225E-014
           3          33   1.0796792670651307     
           3          34   1.9682921365703239     
           3          35  -5.6400969371801276E-015
           3          36   1.9682921365703352     
           3          37  -1.5712855656545727E-014
           3          38   8.1505941413149008E-015
           3          39   1.9682921365703332     
           3          40   1.1238569668314415     
           3          41  -3.2238348522502873E-015
           3          42   1.1238569668314391     
           3          43   1.2631934905663721E-014
           3          44   1.4355041184532542E-015
           3          45   1.1238569668314256     
           3          46  -2.9771720463698465E-013
           3          47  -6.9241215071801267E-014
           3          48  -1.2521260309097974E-013
           3          49  -1.8497949513344738E-013
           3          50  -9.1812496586860282E-015
           3          51  -1.9956441108515015E-015
           3          52  -2.8325875890598823E-015
           3          53  -1.4506043888043728E-013
           3          54  -8.1142430098579391E-014
           3          55  -1.9412179912693130E-014
           4           1  0.18486368976870987     
           4           2  0.29660139153293918     
           4           3  -2.1775963611304658     
           4           4   2.4675252979197646     
           4           5   3.3467762772480398     
           4           6   2.7172389197283158     
           4           7  -1.9539924497045839E-012
           4           8  -9.3142127164105481E-014
           4           9  -1.4516100874636029E-013
           4          10   3.1192370651299083E-012
           4          11  -2.5850966279469994E-013
           4          12   2.2927243161584555E-013
           4          13   5.0489517227768463E-013
           4          14  -3.2133457212890656E-014
           4          15   5.3196266122376806E-014
           4          16  -3.5444791783701296E-013
           4          17  -2.1945119082512517E-013
           4          18  -6.0624507813527804E-014
           4          19   4.6917813431012387E-014
           4          20   3.3221976059588723E-014
           4          21   1.5245774032281673E-014
           4          22  0.64201273971898687     
           4          23   4.9175586392440192E-014
           4          24  0.64201273971929096     
           4          25   9.3971946737865307E-015
           4          26   4.4677680479744933E-014
           4          27  0.64201273971916950     
           4          28  -1.1441863443159925     
           4          29   1.0173098896827290E-014
           4          30  -1.1441863443159181     
           4          31  -1.2462169860510453E-014
           4          32   8.9735991199213859E-015
           4          33  -1.1441863443159215     
           4          34  -1.6995685538757177     
           4          35  -1.9401117478839307E-015
           4          36  -1.6995685538757466     
           4          37   1.3417524881145625E-014
           4          38  -5.5525006198663150E-015
           4          39  -1.6995685538757461     
           4          40 -0.92506256862602143     
           4          41   2.7140656728399599E-015
           4          42 -0.92506256862601377     
           4          43  -5.6478833145736964E-015
           4          44   8.9808872001060604E-016
           4          45 -0.92506256862600278     
           4          46   1.6874257561625644E-013
           4          47   3.9520507352561018E-014
           4          48   6.8010940263349273E-014
           4          49   1.2437695087893979E-013
           4          50   1.1746361920711149E-014
           4          51   4.7131487518518162E-016
           4          52   3.7653780731688700E-015
           4          53   8.1265265616943947E-014
           4          54   5.4714905278301048E-014
           4          55   2.1214452972449839E-014
           5           1  0.66212283274670525     
           5           2  0.58909700156061595     
           5           3  -3.8973692440224519     
           5           4   3.3467762772480398     
           5           5   4.7642056625675266     
           5           6   3.9034062178090645     
           5           7  -2.7628732288147899E-012
           5           8   1.8476525331849747E-013
           5           9  -2.0979775988118121E-013
           5          10   4.3820166461660886E-012
           5          11  -3.9184072822654651E-013
           5          12   3.8410882224893374E-013
           5          13   7.0820607332542619E-013
           5          14  -2.1177082542328581E-014
           5          15   9.0223855308334148E-014
           5          16  -5.0649219725700412E-013
           5          17  -2.1926289237357605E-013
           5          18  -8.6613771062286771E-014
           5          19   6.7311798554335206E-014
           5          20   3.7088468771414092E-014
           5          21   2.0991132435234638E-014
           5          22   1.0718452794183246     
           5          23   6.9335714776241718E-014
           5          24   1.0718452794187414     
           5          25   1.2481577305947635E-014
           5          26   6.1612513979029809E-014
           5          27   1.0718452794185793     
           5          28  -1.5685452144967491     
           5          29   1.2773332396578822E-014
           5          30  -1.5685452144966516     
           5          31  -1.6494905536862594E-014
           5          32   1.3518586889390238E-014
           5          33  -1.5685452144966567     
           5          34  -2.4167792399999031     
           5          35  -7.3228061790840633E-016
           5          36  -2.4167792399999382     
           5          37   1.9036361176068890E-014
           5          38  -8.3406658373198662E-015
           5          39  -2.4167792399999377     
           5          40  -1.3279509225666393     
           5          41   3.8911929026152186E-015
           5          42  -1.3279509225666295     
           5          43  -9.5398795041233389E-015
           5          44   6.0383961043473458E-016
           5          45  -1.3279509225666140     
           5          46   2.4121300048988414E-013
           5          47   3.1916948595890614E-014
           5          48   9.7334786080390174E-014
           5          49   1.1958395654495493E-013
           5          50   1.5887294666918979E-014
           5          51   1.1763642241248443E-015
           5          52   5.6106014877494869E-015
           5          53   1.1768575757376954E-013
           5          54   5.1977312243190148E-014
           5          55   2.9723388541072167E-014
           6           1  0.60231882927708313     
           6           2  0.50765092357290975     
           6           3  -3.3126705833630714     
           6           4   2.7172389197283158     
           6           5   3.9034062178090645     
           6           6   3.2034341916480602     
           6           7  -2.8983495740520129E-012
           6           8   8.4149381983235923E-013
           6           9  -5.2372001702100249E-014
           6          10   3.8870729212400546E-012
           6          11  -5.8259655851250133E-013
           6          12   2.5690930400100594E-013
           6          13   5.8321616513096781E-013
           6          14  -7.7277166691396145E-015
           6          15   7.3357816455751998E-014
           6          16  -5.3807645413479248E-013
           6          17  -3.7937731083783426E-014
           6          18  -4.8604577669044500E-014
           6          19   6.7101685448652049E-014
           6          20   1.6585506967487091E-014
           6          21   1.4911069857706188E-014
           6          22  0.90184452007487992     
           6          23   5.6708461198771559E-014
           6          24  0.90184452007521876     
           6          25   1.0092174181938802E-014
           6          26   5.0182710933072055E-014
           6          27  0.90184452007508764     
           6          28  -1.2761161553807465     
           6          29   1.0209093208772443E-014
           6          30  -1.2761161553806677     
           6          31  -1.3327642728480296E-014
           6          32   1.1187838331020780E-014
           6          33  -1.2761161553806717     
           6          34  -1.9797258355569964     
           6          35  -2.9564119215916021E-016
           6          36  -1.9797258355570251     
           6          37   1.5587153080456357E-014
           6          38  -6.8991400658143540E-015
           6          39  -1.9797258355570242     
           6          40  -1.0896797552457840     
           6          41   3.1922974351938972E-015
           6          42  -1.0896797552457762     
           6          43  -8.0410439708433707E-015
           6          44   3.9351554223994455E-016
           6          45  -1.0896797552457631     
           6          46   2.7359652252675807E-013
           6          47  -1.3081593015170016E-014
           6          48   1.1373170212131978E-013
           6          49   9.7966178276405279E-015
           6          50   6.7614143313425990E-015
           6          51   1.0398353387098624E-015
           6          52  -1.4953180880838197E-015
           6          53   1.3062864191876992E-013
           6          54   3.1188134902479335E-015
           6          55   1.0574086493235755E-014
           7           1  -5.1773449264439539E-013
           7           2  -4.5278080420101529E-013
           7           3   2.8126448757541545E-012
           7           4  -1.9539924497045839E-012
           7           5  -2.7628732288147899E-012
           7           6  -2.8983495740520129E-012
           7           7   3.1055954371440735     
           7           8   9.4596947671931483E-002
           7           9 -0.20983876038920793     
           7          10  -1.6802559048390062     
           7          11 -0.15385782777443688     
           7          12  0.34129363209835234     
           7          13  -6.2512458541717622E-002
           7          14  -2.3517563069031161E-002
           7          15   5.2167605860949616E-002
           7          16  0.58304251465303181     
           7          17   9.6062699482431981E-003
           7          18  -2.1309015011784081E-002
           7          19  -5.6672072589034665E-002
           7          20  -1.0999306583688146E-003
           7          21   2.4399104998849793E-003
           7          22  -6.9993284119690689E-013
           7          23  -3.4211254681728080E-014
           7          24  -6.6368472371294822E-013
           7          25  -3.5543955153557537E-014
           7          26  -4.2387712563970436E-014
           7          27  -8.1345663183412595E-013
           7          28   9.6394703901512796E-013
           7          29  -8.9385165040816829E-015
           7          30   9.6110341990032184E-013
           7          31   1.1026434060093348E-015
           7          32  -7.0687076252465081E-015
           7          33   9.3181194794371115E-013
           7          34   1.4972944376957073E-012
           7          35   1.4878879356605306E-014
           7          36   1.5194170171807835E-012
           7          37  -1.1363022275266958E-014
           7          38  -8.1071961551541154E-015
           7          39   1.4953188247301885E-012
           7          40   9.4940793668065954E-013
           7          41  -1.6567114897931092E-015
           7          42   9.4874380393919647E-013
           7          43   1.9960324334932494E-015
           7          44   6.5001259982377233E-017
           7          45   9.6541719925450604E-013
           7          46 -0.35725477951500706     
           7          47  -1.9721208430587790E-003
           7          48 -0.15976919445644860     
           7          49  -4.4097962649168702E-003
           7          50   4.3746379058971175E-003
           7          51  -6.9646869260472528E-015
           7          52   4.3746379059102971E-003
           7          53 -0.15976919445644466     
           7          54  -1.9721208430524525E-003
           7          55   9.7819877345315769E-003
           8           1  -2.4059561570993858E-013
           8           2  -2.1675927307706267E-013
           8           3   7.7382569255880063E-013
           8           4  -9.3142127164105481E-014
           8           5   1.8476525331849747E-013
           8           6   8.4149381983235923E-013
           8           7   9.4596947671931483E-002
           8           8   2.8096496435484113     
           8           9  -6.1341662206064879E-002
           8          10 -0.15385782777447199     
           8          11  -1.1989129221929615     
           8          12   9.9769549984126460E-002
           8          13  -2.3517563069094190E-002
           8          14   1.1062049274931783E-002
           8          15   1.5250031266343181E-002
           8          16   9.6062699486480843E-003
           8          17  0.55298937601157128     
           8          18  -6.2292133178635401E-003
           8          19  -1.0999306584228801E-003
           8          20  -5.3230948328471070E-002
           8          21   7.1325319222345174E-004
           8          22  -1.6834009345370503E-013
           8          23  -1.2348690323378999E-014
           8          24  -1.2630931410107043E-013
           8          25  -1.2777253714287747E-014
           8          26  -2.8671146762522052E-014
           8          27  -1.7012100625105852E-013
           8          28  -7.3458561517052377E-014
           8          29  -8.4232660170615429E-015
           8          30  -5.0947298718800484E-014
           8          31   3.8617592017676953E-015
           8          32  -1.5970564045642646E-014
           8          33  -5.6061598022795984E-014
           8          34  -1.7032674458679324E-013
           8          35   2.2555679873132381E-014
           8          36  -1.6825745978864928E-013
           8          37  -1.0423852558458948E-014
           8          38   3.7409690251516967E-016
           8          39  -1.9537090063373061E-013
           8          40  -2.7788148627660692E-013
           8          41  -8.4984780183814716E-015
           8          42  -2.6603501859607928E-013
           8          43   5.5127285922730193E-015
           8          44  -1.4089327854019180E-015
           8          45  -2.4273942963043081E-013
           8          46  -4.4097962651231991E-003
           8          47 -0.15359943018440925     
           8          48  -1.9721208431502583E-003
           8          49 -0.34345876719757629     
           8          50   1.2788274206624105E-003
           8          51  -8.6039873368043979E-015
           8          52   1.2788274206648876E-003
           8          53  -1.9721208431365080E-003
           8          54 -0.15359943018441002     
           8          55   2.8595450440734283E-003
           9           1   2.3812916967831243E-014
           9           2  -1.4994353691473769E-015
           9           3   3.3636844918172925E-014
           9           4  -1.4516100874636029E-013
           9           5  -2.0979775988118121E-013
           9           6  -5.2372001702100249E-014
           9           7 -0.20983876038920793     
           9           8  -6.1341662206064879E-002
           9           9   2.9180668908202834     
           9          10  0.34129363209834107     
           9          11   9.9769549984122421E-002
           9          12  -1.3752488671580152     
           9          13   5.2167605860930701E-002
           9          14   1.5250031266305843E-002
           9          15  -1.5891351582636881E-002
           9          16  -2.1309015011644578E-002
           9          17  -6.2292133176528710E-003
           9          18  0.56399909006762328     
           9          19   2.4399104998701761E-003
           9          20   7.1325319219571199E-004
           9          21  -5.4491575199855508E-002
           9          22  -3.8983787848793503E-014
           9          23   2.5471153447649592E-015
           9          24  -1.3245865720392916E-014
           9          25  -5.1978315491974445E-015
           9          26  -4.6005155148294846E-015
           9          27  -3.1391868245063582E-014
           9          28   6.0034493693002431E-014
           9          29  -5.0038738425031668E-015
           9          30   6.7655489996440259E-014
           9          31  -4.4839416062097716E-015
           9          32  -3.4002203599815618E-015
           9          33   5.9365994291707048E-014
           9          34   8.4306121589965904E-014
           9          35  -6.8698496543123482E-016
           9          36   8.4347047706225362E-014
           9          37   1.4209030740442279E-015
           9          38   2.5230453661639772E-015
           9          39   9.0577111379072303E-014
           9          40   2.1381582443094040E-014
           9          41  -4.6609029208174062E-016
           9          42   2.6242827919819820E-014
           9          43  -3.4275561416916171E-016
           9          44  -7.1619072075079923E-016
           9          45   2.0311996494141011E-014
           9          46   9.7819877344676818E-003
           9          47   1.2788274206130808E-003
           9          48   4.3746379058700584E-003
           9          49   2.8595450439799510E-003
           9          50 -0.15585967132724077     
           9          51  -3.1769733978403708E-015
           9          52 -0.15585967132724562     
           9          53   4.3746379058693568E-003
           9          54   1.2788274206066261E-003
           9          55 -0.34851282003848594     
          10           1   4.7154878029343201E-013
          10           2   4.4697933099106460E-013
          10           3  -3.2307644455767038E-012
          10           4   3.1192370651299083E-012
          10           5   4.3820166461660886E-012
          10           6   3.8870729212400546E-012
          10           7  -1.6802559048390062     
          10           8 -0.15385782777447199     
          10           9  0.34129363209834107     
          10          10   2.2020771016814953     
          10          11  0.25024307601945422     
          10          12 -0.55509927286469785     
          10          13  0.30599505568746632     
          10          14   3.8250295145963703E-002
          10          15  -8.4848345697106017E-002
          10          16 -0.21277739914400995     
          10          17  -1.5624180945293640E-002
          10          18   3.4658187630815102E-002
          10          19   2.2774953219773280E-002
          10          20   1.7889894544369097E-003
          10          21  -3.9684084816065677E-003
          10          22   8.8865041598695028E-013
          10          23   3.4040176519411080E-014
          10          24   8.1045987780053597E-013
          10          25   5.9290264057393098E-014
          10          26   7.6281994018739383E-014
          10          27   1.0642472911392458E-012
          10          28  -1.5057599089874577E-012
          10          29   1.9687019556126828E-014
          10          30  -1.5090310564447724E-012
          10          31   7.9486654220299780E-015
          10          32   8.2755548925683773E-015
          10          33  -1.4473925133254424E-012
          10          34  -2.2553345328811964E-012
          10          35  -2.2540368809162931E-015
          10          36  -2.2657388936624889E-012
          10          37   3.2088040000746480E-015
          10          38   6.0466439365536809E-016
          10          39  -2.2709771865825332E-012
          10          40  -1.3092133113544059E-012
          10          41  -5.0298508153967128E-015
          10          42  -1.3152048837353610E-012
          10          43   3.6460675633561836E-015
          10          44   3.5447638968776465E-015
          10          45  -1.3042003243629722E-012
          10          46  0.11178607469598650     
          10          47   3.2075689173776257E-003
          10          48   4.9992252391612202E-002
          10          49   7.1723421417740820E-003
          10          50  -7.1151585972195871E-003
          10          51   6.5428002388922055E-015
          10          52  -7.1151585972293813E-003
          10          53   4.9992252391617031E-002
          10          54   3.2075689173784033E-003
          10          55  -1.5909978294092433E-002
          11           1  -1.5204608459091918E-014
          11           2   7.9323749164386786E-015
          11           3   1.3518072366296129E-013
          11           4  -2.5850966279469994E-013
          11           5  -3.9184072822654651E-013
          11           6  -5.8259655851250133E-013
          11           7 -0.15385782777443688     
          11           8  -1.1989129221929615     
          11           9   9.9769549984122421E-002
          11          10  0.25024307601945422     
          11          11   1.4191936414112680     
          11          12 -0.16227084082913087     
          11          13   3.8250295145980100E-002
          11          14  0.18632931349559365     
          11          15  -2.4803513663740669E-002
          11          16  -1.5624180945466788E-002
          11          17 -0.16389727411896671     
          11          18   1.0131544974770128E-002
          11          19   1.7889894544532423E-003
          11          20   1.7178114031362882E-002
          11          21  -1.1600753460623127E-003
          11          22   4.8971869471323801E-015
          11          23  -1.4384801121482840E-015
          11          24  -9.3778641222625740E-014
          11          25   1.9544239987451733E-014
          11          26   5.4322289738226221E-014
          11          27  -3.5170186759150265E-015
          11          28   1.5739277379653348E-013
          11          29   1.0198904318884358E-014
          11          30   1.3046137898972534E-013
          11          31   6.8613750684444124E-015
          11          32   1.6670567950158990E-014
          11          33   1.5724478200002409E-013
          11          34   2.3513578992439957E-013
          11          35  -3.4788915125101334E-015
          11          36   2.3961637519586765E-013
          11          37  -1.0323027542721988E-015
          11          38  -5.6712355350916888E-015
          11          39   2.3491390943527053E-013
          11          40   1.9335710373335985E-013
          11          41   2.2589145869920156E-015
          11          42   1.8285485604392464E-013
          11          43   2.3970783777336296E-015
          11          44   4.2718216970378886E-015
          11          45   1.8996454633722388E-013
          11          46   7.1723421418677840E-003
          11          47   3.9957398708264279E-002
          11          48   3.2075689174215351E-003
          11          49   8.9347459715752919E-002
          11          50  -2.0799572700794609E-003
          11          51   3.9432256302049721E-015
          11          52  -2.0799572700811331E-003
          11          53   3.2075689174177451E-003
          11          54   3.9957398708272543E-002
          11          55  -4.6509258461920689E-003
          12           1   8.5590380397932016E-016
          12           2   3.4990396566195615E-014
          12           3  -2.2512647671423017E-013
          12           4   2.2927243161584555E-013
          12           5   3.8410882224893374E-013
          12           6   2.5690930400100594E-013
          12           7  0.34129363209835234     
          12           8   9.9769549984126460E-002
          12           9  -1.3752488671580152     
          12          10 -0.55509927286469785     
          12          11 -0.16227084082913087     
          12          12   1.7059963989903899     
          12          13  -8.4848345697079136E-002
          12          14  -2.4803513663720547E-002
          12          15  0.23016784961255887     
          12          16   3.4658187630623380E-002
          12          17   1.0131544974626153E-002
          12          18 -0.18180409596377270     
          12          19  -3.9684084815791772E-003
          12          20  -1.1600753460402522E-003
          12          21   1.9228468898296019E-002
          12          22   9.1895565812419323E-014
          12          23  -5.9186473082755885E-015
          12          24   4.7392910964147244E-014
          12          25   6.7756072517332483E-015
          12          26   9.5660500541092681E-015
          12          27   7.9110940905102549E-014
          12          28  -1.0825758538967876E-013
          12          29   5.2385535341903022E-015
          12          30  -1.2133626806681756E-013
          12          31   5.0817796669823644E-015
          12          32   2.7389563658635622E-015
          12          33  -1.0978397942919969E-013
          12          34  -1.8126159701576420E-013
          12          35   3.1618918684990512E-016
          12          36  -1.7866733195531333E-013
          12          37  -2.0860839526711207E-015
          12          38  -1.8388245396291724E-015
          12          39  -1.8573888645988126E-013
          12          40  -8.8534948655329393E-014
          12          41   1.3043337107483045E-015
          12          42  -9.4557149863061293E-014
          12          43   2.1845281648935664E-015
          12          44   1.7256232420488059E-015
          12          45  -8.7067590044875577E-014
          12          46  -1.5909978293991264E-002
          12          47  -2.0799572700468658E-003
          12          48  -7.1151585971842282E-003
          12          49  -4.6509258461179693E-003
          12          50   4.3633582782153679E-002
          12          51   2.5848252380093816E-015
          12          52   4.3633582782155109E-002
          12          53  -7.1151585971827597E-003
          12          54  -2.0799572700425529E-003
          12          55   9.7567657202762587E-002
          13           1   6.9346876816259846E-014
          13           2   5.5031189165420775E-014
          13           3  -4.5211045913253924E-013
          13           4   5.0489517227768463E-013
          13           5   7.0820607332542619E-013
          13           6   5.8321616513096781E-013
          13           7  -6.2512458541717622E-002
          13           8  -2.3517563069094190E-002
          13           9   5.2167605860930701E-002
          13          10  0.30599505568746632     
          13          11   3.8250295145980100E-002
          13          12  -8.4848345697079136E-002
          13          13   5.8550573747499723E-002
          13          14   5.8466555879514550E-003
          13          15  -1.2969286971643229E-002
          13          16   9.8764942597078416E-003
          13          17  -2.3881960775293935E-003
          13          18   5.2975927533732408E-003
          13          19  -5.1945428657097163E-004
          13          20   2.7345162046004757E-004
          13          21  -6.0658140115481816E-004
          13          22   1.3155535002734958E-013
          13          23   3.9577898066692186E-015
          13          24   1.1849491775035286E-013
          13          25   9.1479607298757247E-015
          13          26   1.2083037625353932E-014
          13          27   1.5787438849306945E-013
          13          28  -2.4134251721055932E-013
          13          29   3.3060290584583654E-015
          13          30  -2.4229770863068364E-013
          13          31   1.7765718638247937E-015
          13          32   1.0792372022086150E-015
          13          33  -2.3206920500669679E-013
          13          34  -3.5710739711870197E-013
          13          35   9.2056841402045108E-016
          13          36  -3.5722329760482776E-013
          13          37  -3.8994440761384705E-016
          13          38  -6.3284809447928294E-016
          13          39  -3.6058539731091777E-013
          13          40  -1.9907082550395623E-013
          13          41  -1.2141128923299482E-015
          13          42  -2.0039431603807005E-013
          13          43   9.5464222396708886E-016
          13          44   7.5226468263032639E-016
          13          45  -1.9651456938677170E-013
          13          46  -9.9652688935047348E-003
          13          47   4.9028512494227498E-004
          13          48  -4.4566037319893406E-003
          13          49   1.0963108677290241E-003
          13          50  -1.0875702164591511E-003
          13          51   7.2424659653056066E-016
          13          52  -1.0875702164599773E-003
          13          53  -4.4566037319879589E-003
          13          54   4.9028512494303197E-004
          13          55  -2.4318809343106440E-003
          14           1  -7.7387658698439330E-016
          14           2  -1.6649282524759873E-014
          14           3   6.7016061041372155E-014
          14           4  -3.2133457212890656E-014
          14           5  -2.1177082542328581E-014
          14           6  -7.7277166691396145E-015
          14           7  -2.3517563069031161E-002
          14           8   1.1062049274931783E-002
          14           9   1.5250031266305843E-002
          14          10   3.8250295145963703E-002
          14          11  0.18632931349559365     
          14          12  -2.4803513663720547E-002
          14          13   5.8466555879514550E-003
          14          14   4.0259358539822397E-002
          14          15  -3.7912805955963237E-003
          14          16  -2.3881960775160842E-003
          14          17   1.7347946572082943E-002
          14          18   1.5486326004758159E-003
          14          19   2.7345162045729722E-004
          14          20  -1.3749454923491530E-003
          14          21  -1.7732048807904996E-004
          14          22  -4.9159435191818606E-015
          14          23  -1.4606103594170742E-015
          14          24  -2.1746332647735428E-014
          14          25   2.9160546371896074E-015
          14          26   8.7465993050289164E-015
          14          27  -6.8541056873206391E-015
          14          28   1.1726221974193332E-014
          14          29   1.3570976389295693E-015
          14          30   8.1678359589785132E-015
          14          31   1.8063923350717770E-015
          14          32   2.0117445022475478E-015
          14          33   1.3326206511127476E-014
          14          34   1.1213167060813675E-014
          14          35   1.3825130920397585E-015
          14          36   1.2350342774871990E-014
          14          37  -1.1946378249683655E-015
          14          38  -1.1587156089300561E-015
          14          39   8.8183250494883550E-015
          14          40   2.3960043492245484E-015
          14          41  -3.2131618340473541E-016
          14          42   1.2960120325241513E-015
          14          43   1.0214558326192831E-015
          14          44   7.6711397484386464E-016
          14          45   4.9767875163347714E-015
          14          46   1.0963108677219289E-003
          14          47  -5.9904568209161518E-003
          14          48   4.9028512493959906E-004
          14          49  -1.3395068667843721E-002
          14          50  -3.1792679636307054E-004
          14          51   2.3337505443508676E-017
          14          52  -3.1792679636319111E-004
          14          53   4.9028512494009074E-004
          14          54  -5.9904568209144873E-003
          14          55  -7.1090592853818488E-004
          15           1   2.4453949807997732E-014
          15           2   1.0340747727858633E-014
          15           3  -7.5916876164880184E-014
          15           4   5.3196266122376806E-014
          15           5   9.0223855308334148E-014
          15           6   7.3357816455751998E-014
          15           7   5.2167605860949616E-002
          15           8   1.5250031266343181E-002
          15           9  -1.5891351582636881E-002
          15          10  -8.4848345697106017E-002
          15          11  -2.4803513663740669E-002
          15          12  0.23016784961255887     
          15          13  -1.2969286971643229E-002
          15          14  -3.7912805955963237E-003
