           1           1   2.1737675097852396     
           1           2   9.8327335684444614E-002
           1           3 -0.56987388368217395     
           1           4  0.15402351593076258     
           1           5   8.4956509987067136E-002
           1           6   1.0655170289222558E-002
           1           7   1.3837450669555871E-011
           1           8  -8.0001011745818976E-011
           1           9  -1.0497345788712182E-010
           1          10  -1.0670832088921220E-011
           1          11   1.2897763548821024E-011
           1          12   1.7634550233017610E-011
           1          13  -7.4102284302328402E-012
           1          14   2.2647510008380772E-011
           1          15   3.3197386092384438E-011
           1          16  -3.3309981612744024E-011
           1          17   1.0413366419180730E-010
           1          18   1.4966759602398844E-010
           1          19  -2.0647163460320826E-011
           1          20   7.1026987095880455E-011
           1          21   1.0088796385795571E-010
           1          22   4.1164923598032607E-013
           1          23  -8.5081844510211629E-014
           1          24   3.1780739467016951E-013
           1          25  -3.0627614291474110E-003
           1          26  -2.2237858780267011E-004
           1          27  -2.5834216861895859E-003
           1          28   1.7621082324996486E-004
           1          29  -5.0060865275255181E-004
           1          30  -2.7870171155390438E-003
           1          31  -1.4634642309572881E-002
           1          32  -1.1924510655593088E-004
           1          33  -1.4377608077390091E-002
           1          34   9.4488765667861193E-005
           1          35  -2.6843919256751064E-004
           1          36  -1.4486781160351903E-002
           1          37  -6.1467508196099861E-003
           1          38  -2.7585418727993957E-004
           1          39  -5.5521437421048626E-003
           1          40   2.1858439194184266E-004
           1          41  -6.2099047228604694E-004
           1          42  -5.8046980624317651E-003
           1          43  -3.1196310950467191E-003
           1          44  -3.0809248946649765E-004
           1          45  -2.4555339667546605E-003
           1          46   2.4412975551534649E-004
           1          47  -6.9356391391931296E-004
           1          48  -2.7376035218843746E-003
           1          49  -2.4580622798387237E-012
           1          50   5.6021505380587805E-012
           1          51  -5.0573335074587718E-012
           1          52   1.7599730812257255E-011
           1          53   3.5192724989809256E-012
           1          54  -1.0630417545750302E-013
           1          55   2.8762421792433537E-012
           1          56   1.0664221878739017E-012
           1          57  -3.6515756139997951E-012
           1          58   1.7720853759810538E-011
           2           1   9.8327335684444614E-002
           2           2  0.13794897548910384     
           2           3 -0.47890081033570431     
           2           4  0.11777456283645646     
           2           5   6.1003333408996954E-002
           2           6   1.5853367732548815E-003
           2           7   1.0052794417133375E-011
           2           8  -6.8013671696610643E-011
           2           9  -8.9414847106738680E-011
           2          10  -3.8273108540175353E-012
           2          11  -7.2522233666546870E-012
           2          12  -9.0328199106889404E-012
           2          13  -9.0803987368607255E-012
           2          14   2.7409118947704273E-011
           2          15   3.9476656429464404E-011
           2          16  -3.9475602990766800E-011
           2          17   1.2253092036830840E-010
           2          18   1.7360446030353541E-010
           2          19  -1.9750091142930086E-011
           2          20   6.8038488927409090E-011
           2          21   9.6935995950292461E-011
           2          22   2.6499906695483707E-013
           2          23   3.5953431952164042E-013
           2          24   8.9789480199148324E-013
           2          25  -2.0916336646362131E-004
           2          26  -1.9451466884208601E-004
           2          27   2.1011534521107064E-004
           2          28   1.5413170685251788E-004
           2          29  -4.3788265934790554E-004
           2          30   3.2030344638814208E-005
           2          31  -5.8123104781220990E-004
           2          32  -1.1947185671410667E-004
           2          33  -3.2370804653810618E-004
           2          34   9.4668438095919956E-005
           2          35  -2.6894964039832453E-004
           2          36  -4.3308873875408469E-004
           2          37   4.6163050558008668E-003
           2          38  -2.8089777955133928E-004
           2          39   5.2217836555340097E-003
           2          40   2.2258089098937527E-004
           2          41  -6.3234438116234687E-004
           2          42   4.9646117542198071E-003
           2          43   4.1888360364110248E-004
           2          44  -3.0259417884198625E-004
           2          45   1.0711290569314859E-003
           2          46   2.3977294256028318E-004
           2          47  -6.8118636462304017E-004
           2          48   7.9409339757099756E-004
           2          49   1.4166058516810986E-012
           2          50   3.7446221650649076E-013
           2          51  -3.3291651693411044E-012
           2          52   5.8916805634010038E-012
           2          53  -3.3206268326859162E-012
           2          54  -1.0413882875242662E-013
           2          55  -3.9621971137178964E-012
           2          56   2.7914627527486237E-012
           2          57  -8.8836063853572071E-012
           2          58   2.4429232867607652E-012
           3           1 -0.56987388368217395     
           3           2 -0.47890081033570431     
           3           3   1.7688429803179990     
           3           4 -0.69469284439572965     
           3           5 -0.36739120105267853     
           3           6  -1.4069492995331501E-002
           3           7  -5.9573992094710627E-011
           3           8   4.0669169235461666E-010
           3           9   5.3553785942528739E-010
           3          10   3.3457536473447790E-012
           3          11   1.0249456501410489E-010
           3          12   1.3340752942342458E-010
           3          13   6.1358285185818622E-011
           3          14  -1.8057427267363479E-010
           3          15  -2.5942101722182201E-010
           3          16   2.4819744915190919E-010
           3          17  -7.5708803465046910E-010
           3          18  -1.0737134289928112E-009
           3          19   1.1780096277739416E-010
           3          20  -4.0007864165842704E-010
           3          21  -5.7288373110429249E-010
           3          22  -1.3878274061437696E-012
           3          23  -2.4411261603085275E-012
           3          24  -5.8406111524718111E-012
           3          25   9.9071873328831247E-004
           3          26   7.3373602265801676E-004
           3          27  -5.9085810052924453E-004
           3          28  -5.8140593326074885E-004
           3          29   1.6517534430351283E-003
           3          30   8.0903016779232417E-005
           3          31   1.1879703567832470E-003
           3          32   6.2891298223819326E-004
           3          33  -1.6765900753978202E-004
           3          34  -4.9834505355107446E-004
           3          35   1.4157804438452905E-003
           3          36   4.0813299894713276E-004
           3          37  -2.2467507786742665E-002
           3          38   1.8729162638583289E-003
           3          39  -2.6504601697235113E-002
           3          40  -1.4840821276522549E-003
           3          41   4.2162244371409894E-003
           3          42  -2.4789880335663452E-002
           3          43  -6.4590523212828188E-004
           3          44   1.7618011050470847E-003
           3          45  -4.4434890609445325E-003
           3          46  -1.3960355623329273E-003
           3          47   3.9660871635822641E-003
           3          48  -2.8304979098721528E-003
           3          49  -1.2529101878779274E-011
           3          50   2.7937829765267585E-012
           3          51   1.8545643180109892E-011
           3          52  -2.4531280764746500E-011
           3          53   2.6609838325922370E-011
           3          54   6.1468432048649104E-013
           3          55   3.0644121941006821E-011
           3          56  -1.8853663171750005E-011
           3          57   5.9006619881318283E-011
           3          58  -3.1897450707367820E-013
           4           1  0.15402351593076258     
           4           2  0.11777456283645646     
           4           3 -0.69469284439572965     
           4           4   1.0544617036163992     
           4           5  0.56657084791690004     
           4           6   2.6323896491098252E-002
           4           7  -5.3243826424916257E-012
           4           8  -5.7735490167722810E-010
           4           9  -7.2274547280656343E-010
           4          10  -1.7470480335776041E-011
           4          11  -2.4747017538849109E-010
           4          12  -3.0575314889178837E-010
           4          13   1.1255971728417188E-011
           4          14   2.5611647854113813E-010
           4          15   3.2095511280684429E-010
           4          16  -1.1986816820631009E-010
           4          17   1.1238997462054787E-009
           4          18   1.4756866185794361E-009
           4          19  -4.2243916780890209E-011
           4          20   5.7675952454057917E-010
           4          21   7.6568157232484565E-010
           4          22   3.3603028606492167E-012
           4          23   6.1966985338009998E-012
           4          24   1.0384692454811160E-011
           4          25  -2.8720266735484702E-005
           4          26  -2.8396229355150278E-004
           4          27   5.8336386261366121E-004
           4          28   2.2500916621356101E-004
           4          29  -6.3924300302092927E-004
           4          30   3.2338624371100672E-004
           4          31   8.0432040717968167E-003
           4          32  -3.7858823241558679E-004
           4          33   8.8592552809394418E-003
           4          34   2.9998992515248984E-004
           4          35  -8.5226059948564567E-004
           4          36   8.5126443907191460E-003
           4          37   3.0887040478738380E-002
           4          38  -2.6649443205867696E-003
           4          39   3.6631360563209849E-002
           4          40   2.1116780955738176E-003
           4          41  -5.9992022277237499E-003
           4          42   3.4191509405920292E-002
           4          43  -8.4167854146536582E-004
           4          44  -2.5658522302393445E-003
           4          45   4.6890473324195008E-003
           4          46   2.0331585460799592E-003
           4          47  -5.7761307969334047E-003
           4          48   2.3399189922796420E-003
           4          49   2.6912962477461902E-011
           4          50  -1.2890743446357513E-011
           4          51  -2.9905803192826235E-011
           4          52   9.8273405775789621E-012
           4          53  -6.0470023963544134E-011
           4          54   2.6487698436042162E-012
           4          55  -6.2070108862050330E-011
           4          56   3.1107487477020125E-011
           4          57  -1.0843263000396756E-010
           4          58  -3.2033000346635301E-011
           5           1   8.4956509987067136E-002
           5           2   6.1003333408996954E-002
           5           3 -0.36739120105267853     
           5           4  0.56657084791690004     
           5           5  0.31342204252741479     
           5           6   1.6840018595723486E-002
           5           7   2.4173849620458461E-010
           5           8  -3.1169725004112176E-010
           5           9  -5.0236924236816445E-010
           5          10   1.1976027377171074E-010
           5          11  -1.4169303588195577E-010
           5          12  -2.3394916301715972E-010
           5          13  -2.8769263757827934E-010
           5          14   3.0979536981443077E-010
           5          15   5.2632861209223393E-010
           5          16  -7.7763973719001544E-010
           5          17   9.2264182113134865E-010
           5          18   1.5303116686772549E-009
           5          19  -3.6658719099541841E-010
           5          20   4.1788394644869673E-010
           5          21   7.2360947878431044E-010
           5          22  -2.1323310087729126E-012
           5          23  -3.0973783358167231E-013
           5          24   5.7838104806111813E-012
           5          25  -1.8367817526866758E-004
           5          26  -2.7894166381591109E-004
           5          27   4.1758394503879615E-004
           5          28   2.2103088365244922E-004
           5          29  -6.2794084322467336E-004
           5          30   1.6220295898676851E-004
           5          31   2.1782937516410293E-003
           5          32  -1.2708450874675111E-003
           5          33   4.9176156644676998E-003
           5          34   1.0070063473690250E-003
           5          35  -2.8608690372054994E-003
           5          36   3.7541120905750592E-003
           5          37   1.2414741390461385E-002
           5          38  -2.9225639179651965E-003
           5          39   1.8714363608569345E-002
           5          40   2.3158135988357903E-003
           5          41  -6.5791438341122766E-003
           5          42   1.6038652697803919E-002
           5          43  -1.4509858520659522E-003
           5          44  -1.6046115619495456E-003
           5          45   2.0077739724354005E-003
           5          46   1.2714799417771611E-003
           5          47  -3.6122291048057303E-003
           5          48   5.3869532973408276E-004
           5          49   1.8040162708749358E-011
           5          50  -1.4556532477120631E-011
           5          51  -5.3136345447029406E-012
           5          52   1.1437163914032184E-011
           5          53  -2.4132803743390597E-011
           5          54  -7.1602669479447672E-012
           5          55  -3.6861015866028646E-011
           5          56   2.3000978566680694E-011
           5          57  -4.8973246030271476E-011
           5          58  -2.0425840200736692E-011
           6           1   1.0655170289222558E-002
           6           2   1.5853367732548815E-003
           6           3  -1.4069492995331501E-002
           6           4   2.6323896491098252E-002
           6           5   1.6840018595723486E-002
           6           6   1.4892589383134957E-003
           6           7   2.9113991993850876E-011
           6           8  -5.0462565993651704E-010
           6           9  -6.4848127602699551E-010
           6          10   1.5497458952151303E-011
           6          11  -2.4953036023770474E-010
           6          12  -3.2108862155615842E-010
           6          13  -7.1134732640297954E-011
           6          14  -4.1752816246297494E-011
           6          15  -2.0553266618513308E-011
           6          16  -1.6956618785026628E-010
           6          17  -3.4821189097297298E-011
           6          18   3.3653073179131576E-011
           6          19  -8.0235538381374589E-011
           6          20  -2.5456454987086668E-011
           6          21   8.6115425684770275E-012
           6          22  -7.6321180347626244E-013
           6          23  -2.2093363765483338E-012
           6          24  -1.6234621606192900E-012
           6          25  -5.8892086196222805E-005
           6          26  -4.3959629825426957E-005
           6          27   3.5863428594302246E-005
           6          28   3.4833220686235348E-005
           6          29  -9.8959935313324945E-005
           6          30  -4.3831627551898289E-006
           6          31  -4.7423523714899970E-004
           6          32  -3.2597795821460193E-004
           6          33   2.2841422241906160E-004
           6          34   2.5830203880944288E-004
           6          35  -7.3382686655027189E-004
           6          36  -7.0030116001344793E-005
           6          37  -5.1270752855726571E-004
           6          38  -5.0891294119147429E-004
           6          39   5.8426052410482060E-004
           6          40   4.0325808261636609E-004
           6          41  -1.1456418189433857E-003
           6          42   1.1833269541855512E-004
           6          43  -3.3084487766093466E-004
           6          44  -1.3081822266815911E-004
           6          45  -4.8864606739620323E-005
           6          46   1.0365919154453455E-004
           6          47  -2.9449206377461269E-004
           6          48  -1.6863333502917097E-004
           6          49   1.7456630915411713E-012
           6          50   2.4665544138978290E-012
           6          51  -5.7938937164555730E-013
           6          52   1.7705462972130406E-011
           6          53   5.9196809305577407E-012
           6          54  -2.2962393806443832E-012
           6          55   1.8416075473931864E-012
           6          56   4.5024984258749133E-012
           6          57  -8.1809529310457620E-013
           6          58   1.5371099990117256E-011
           7           1   1.3837450669555871E-011
           7           2   1.0052794417133375E-011
           7           3  -5.9573992094710627E-011
           7           4  -5.3243826424916257E-012
           7           5   2.4173849620458461E-010
           7           6   2.9113991993850876E-011
           7           7   1.0592283093261980     
           7           8  -8.1465152061709761E-003
           7           9   6.4552244503855620E-003
           7          10  0.51938961823552554     
           7          11  -3.3047904754228085E-003
           7          12   2.6186859606689050E-003
           7          13   2.7493040763178822E-002
           7          14   9.1368167366921282E-003
           7          15  -7.2399323639103100E-003
           7          16 -0.10715884027488520     
           7          17   1.9442486905813426E-002
           7          18  -1.5406053500978931E-002
           7          19  -6.8960474064130098E-002
           7          20   1.5435829056381720E-002
           7          21  -1.2231213776176891E-002
           7          22  -1.1122850537641038E-003
           7          23   1.5925358091495286E-003
           7          24  -1.2619112519345484E-003
           7          25   3.2248148367766092E-011
           7          26  -8.4538518832643000E-011
           7          27  -5.3031454132223272E-012
           7          28  -1.0893381707317855E-010
           7          29   1.7066202547799617E-012
           7          30  -2.2194696741829806E-011
           7          31  -1.8791276315157927E-011
           7          32   5.5574965900913681E-011
           7          33   3.6624552047694448E-011
           7          34   1.0312661797675172E-010
           7          35   1.8214369055434523E-011
           7          36   3.9519659948976469E-013
           7          37  -7.6584188011217742E-011
           7          38   7.6798671313758212E-011
           7          39   1.8251062444532962E-011
           7          40   1.7296834845574113E-010
           7          41   2.5869223452808656E-011
           7          42  -6.9950722028360900E-011
           7          43  -2.7798352868869745E-011
           7          44   7.1703135098964676E-012
           7          45  -5.0003179357364722E-012
           7          46   3.4667489981239718E-011
           7          47  -1.7703595920073834E-012
           7          48  -2.0835129065987686E-011
           7          49  -1.4176733780199801E-002
           7          50  -1.6678594632369087E-003
           7          51  -4.3518274336241582E-003
           7          52   2.4676962589218452E-004
           7          53   1.3215969788958727E-003
           7          54  -2.0878305323716560E-003
           7          55  -2.8596997227226569E-004
           7          56  -5.2009395904692194E-003
           7          57   2.2105205314803416E-004
           7          58  -1.1294495688005780E-004
           8           1  -8.0001011745818976E-011
           8           2  -6.8013671696610643E-011
           8           3   4.0669169235461666E-010
           8           4  -5.7735490167722810E-010
           8           5  -3.1169725004112176E-010
           8           6  -5.0462565993651704E-010
           8           7  -8.1465152061709761E-003
           8           8   1.0795047567198424     
           8           9  -1.8339066672717948E-002
           8          10  -3.3047904868884854E-003
           8          11  0.52761514862125691     
           8          12  -7.4395949251845703E-003
           8          13   9.1368167846798461E-003
           8          14   4.7517677729321493E-003
           8          15   2.0568389312761375E-002
           8          16   1.9442486744333510E-002
           8          17 -0.15555062878438014     
           8          18   4.3768048543507423E-002
           8          19   1.5435829058823762E-002
           8          20 -0.10737980719191248     
           8          21   3.4748441468108932E-002
           8          22   1.5925357695068957E-003
           8          23  -5.0760607172064560E-003
           8          24   3.5850446692066089E-003
           8          25   5.4772630765488876E-011
           8          26   5.0534780107550940E-011
           8          27  -1.0511156181965832E-010
           8          28   4.3388107138302043E-012
           8          29  -1.1958619402708345E-010
           8          30   6.7076661101372103E-011
           8          31   5.6848145434049344E-011
           8          32   2.1991847645198083E-011
           8          33   1.1999217857669869E-010
           8          34   5.2633707366236757E-012
           8          35   9.6422640277723681E-011
           8          36   1.8566494176374996E-010
           8          37   5.3035351458947007E-011
           8          38  -3.6443836397861955E-013
           8          39   7.5674617005515180E-011
           8          40   3.8412652180997993E-011
           8          41   1.2320950411904226E-010
           8          42   2.0392120401123635E-010
           8          43   1.2679492814383144E-010
           8          44   2.5919962612903291E-011
           8          45   1.0426776462172089E-010
           8          46   1.4941800689423324E-011
           8          47   1.7248063801270713E-011
           8          48   2.3942117053364330E-010
           8          49   1.3668318563960901E-006
           8          50  -6.4297365051785935E-003
           8          51  -1.3386169209046582E-003
           8          52  -1.0147992340273269E-002
           8          53   7.1254547110477886E-005
           8          54   4.3365356281212724E-004
           8          55  -3.0134340273653987E-003
           8          56   2.2105206604389454E-004
           8          57  -5.7511317986446327E-003
           8          58   3.2087243924598273E-004
           9           1  -1.0497345788712182E-010
           9           2  -8.9414847106738680E-011
           9           3   5.3553785942528739E-010
           9           4  -7.2274547280656343E-010
           9           5  -5.0236924236816445E-010
           9           6  -6.4848127602699551E-010
           9           7   6.4552244503855620E-003
           9           8  -1.8339066672717948E-002
           9           9   1.0708925015880122     
           9          10   2.6186859261941456E-003
           9          11  -7.4395949300926703E-003
           9          12  0.52412142225525504     
           9          13  -7.2399323057840467E-003
           9          14   2.0568389435391354E-002
           9          15   1.4410928972852944E-002
           9          16  -1.5406053773165965E-002
           9          17   4.3768048494295032E-002
           9          18 -0.13499662942051457     
           9          19  -1.2231213695591868E-002
           9          20   3.4748441486805420E-002
           9          21  -9.1061524187201121E-002
           9          22  -1.2619112585494040E-003
           9          23   3.5850447878527526E-003
           9          24  -3.3924810969815731E-003
           9          25   7.7960722264397515E-011
           9          26   1.4938039294148422E-011
           9          27   8.7770568341953069E-011
           9          28   2.7377573910152316E-011
           9          29  -8.0514219973666067E-011
           9          30  -1.4592426368251291E-010
           9          31   9.1404714800230871E-011
           9          32  -1.5037882700605153E-011
           9          33   1.8366975824105778E-010
           9          34  -4.5204302911274674E-011
           9          35   1.3706811384462375E-010
           9          36   1.7154760916514074E-010
           9          37   1.2148170058397809E-010
           9          38  -5.9010372473332928E-011
           9          39   1.5187058921415948E-010
           9          40  -3.4429373986843335E-011
           9          41   1.7627602617830067E-010
           9          42   2.0399301752339105E-010
           9          43   1.8844097250568636E-010
           9          44   6.4977134791040883E-013
           9          45   2.1513637805135068E-010
           9          46  -8.4093694282729455E-012
           9          47   6.0525074918133576E-011
           9          48   2.1523442628119762E-010
           9          49  -1.0828703322850967E-006
           9          50   7.1254590015797483E-005
           9          51  -2.8596991768638799E-004
           9          52   5.5551656392952313E-004
           9          53  -6.3962744802829787E-003
           9          54  -7.0874887985648231E-004
           9          55  -4.8685576012989880E-003
           9          56   1.1715184672128544E-003
           9          57  -3.3282420928207198E-003
           9          58  -1.1709925292780830E-002
          10           1  -1.0670832088921220E-011
          10           2  -3.8273108540175353E-012
          10           3   3.3457536473447790E-012
          10           4  -1.7470480335776041E-011
          10           5   1.1976027377171074E-010
          10           6   1.5497458952151303E-011
          10           7  0.51938961823552554     
          10           8  -3.3047904868884854E-003
          10           9   2.6186859261941456E-003
          10          10  0.25473753968471768     
          10          11  -1.2811069466458636E-003
          10          12   1.0151375411499330E-003
          10          13   1.1897190979387760E-002
          10          14   4.6070249830587355E-003
          10          15  -3.6505656241835071E-003
          10          16  -5.6328832155110864E-002
          10          17   9.6708473562861861E-003
          10          18  -7.6630933114486040E-003
          10          19  -3.5736807600406935E-002
          10          20   7.7411212592467561E-003
          10          21  -6.1339956915220772E-003
          10          22  -5.8491187034304744E-004
          10          23   8.0947959829524017E-004
          10          24  -6.4142445518813331E-004
          10          25   1.5582302904784371E-011
          10          26  -4.0959531898401988E-011
          10          27  -2.4124821797719374E-012
          10          28  -5.2548997613196366E-011
          10          29   8.1924887523911772E-013
          10          30  -1.0845010469961463E-011
          10          31  -1.0603622911609003E-011
          10          32   2.9155365740514708E-011
          10          33   1.9078906995569032E-011
          10          34   5.4600493647169695E-011
          10          35   8.6881009877808770E-012
          10          36  -4.5121235546153370E-014
          10          37  -4.1355002496280738E-011
          10          38   3.9737464580272692E-011
          10          39   8.2844054250596366E-012
          10          40   8.9784964997675715E-011
          10          41   1.2721114171746431E-011
          10          42  -3.7051525896500040E-011
          10          43  -1.4960072183563772E-011
          10          44   3.8264659669467271E-012
          10          45  -3.1136321958702741E-012
          10          46   1.8211288608894571E-011
          10          47  -1.3209303705597703E-012
          10          48  -1.0830245792514543E-011
          10          49  -6.9002666340566930E-003
          10          50  -8.7234685774858003E-004
          10          51  -2.0477684141393081E-003
          10          52   1.3368135669390593E-004
          10          53   6.9123987616629486E-004
          10          54  -1.0903760925421719E-003
          10          55  -1.5503849525026796E-004
          10          56  -2.4912199210745931E-003
          10          57   1.1981713974617741E-004
          10          58  -6.1134674535005123E-005
          11           1   1.2897763548821024E-011
          11           2  -7.2522233666546870E-012
          11           3   1.0249456501410489E-010
          11           4  -2.4747017538849109E-010
          11           5  -1.4169303588195577E-010
          11           6  -2.4953036023770474E-010
          11           7  -3.3047904754228085E-003
          11           8  0.52761514862125691     
          11           9  -7.4395949300926703E-003
          11          10  -1.2811069466458636E-003
          11          11  0.25792617863410966     
          11          12  -2.8839700601876487E-003
          11          13   4.6070249924654062E-003
          11          14   4.3043883393595848E-004
          11          15   1.0371126577410626E-002
          11          16   9.6708472451163766E-003
          11          17  -8.0399291892633798E-002
          11          18   2.1770574724817079E-002
          11          19   7.7411212373590874E-003
          11          20  -5.5004234977987704E-002
          11          21   1.7426462603083455E-002
          11          22   8.0947957638091836E-004
          11          23  -2.5996832223584045E-003
          11          24   1.8222638985489344E-003
          11          25   2.6575919275262863E-011
          11          26   2.4804928326224798E-011
          11          27  -5.1153804280273114E-011
          11          28   2.1654470139987839E-012
          11          29  -5.7854162690098230E-011
          11          30   3.2960129419287970E-011
          11          31   2.7589207687028545E-011
          11          32   1.1403260993644617E-011
          11          33   5.9994346695977365E-011
          11          34   2.4684559350991202E-012
          11          35   5.1812348536021423E-011
          11          36   9.2919347965015184E-011
          11          37   2.7971106407764987E-011
          11          38   7.7575724754099353E-013
          11          39   4.0030564516756278E-011
          11          40   1.8896411227871360E-011
          11          41   6.5965089791519391E-011
          11          42   1.0527003509045467E-010
          11          43   6.2589332476689326E-011
          11          44   1.3034818777199835E-011
          11          45   5.1299654872516037E-011
          11          46   7.6576527354455081E-012
          11          47   8.9308509763578826E-012
          11          48   1.1962005861692073E-010
          11          49   5.9047959538084411E-007
          11          50  -3.1343773327709564E-003
          11          51  -6.9378663624579309E-004
          11          52  -4.8047339382075761E-003
          11          53   3.8492123510822443E-005
          11          54   2.2042689106894993E-004
          11          55  -1.5618211737467001E-003
          11          56   1.1981714617319254E-004
          11          57  -2.7894413331200204E-003
          11          58   1.7368134665861638E-004
          12           1   1.7634550233017610E-011
          12           2  -9.0328199106889404E-012
          12           3   1.3340752942342458E-010
          12           4  -3.0575314889178837E-010
          12           5  -2.3394916301715972E-010
          12           6  -3.2108862155615842E-010
          12           7   2.6186859606689050E-003
          12           8  -7.4395949251845703E-003
          12           9  0.52412142225525504     
          12          10   1.0151375411499330E-003
          12          11  -2.8839700601876487E-003
          12          12  0.25657183068822453     
          12          13  -3.6505656025056419E-003
          12          14   1.0371126703493752E-002
          12          15   5.3008437859686629E-003
          12          16  -7.6630934672803387E-003
          12          17   2.1770574836335016E-002
          12          18  -7.0175569464166115E-002
          12          19  -6.1339956646460046E-003
          12          20   1.7426462705635189E-002
          12          21  -4.6820560115244943E-002
          12          22  -6.4142445919773716E-004
          12          23   1.8222639653265021E-003
          12          24  -1.7439264252057812E-003
          12          25   3.7947815214935781E-011
          12          26   7.3678412859062889E-012
          12          27   4.2869723174392496E-011
          12          28   1.3155333618229129E-011
          12          29  -3.8635830525496048E-011
          12          30  -7.0891246264775947E-011
          12          31   4.5112009863769147E-011
          12          32  -7.0827004783244796E-012
          12          33   9.0179980638289106E-011
          12          34  -2.3940367091517911E-011
          12          35   7.2800583661497063E-011
          12          36   8.7396966930165862E-011
          12          37   6.3810169106679078E-011
          12          38  -2.8723511852962562E-011
          12          39   7.8565165515004472E-011
          12          40  -1.8967843681791822E-011
          12          41   9.3601284202045052E-011
          12          42   1.0718646529838465E-010
          12          43   9.3742981387327774E-011
          12          44   2.8888832871393779E-013
          12          45   1.0699431786323631E-010
          12          46  -4.4136258348978615E-012
          12          47   3.1029714016831482E-011
          12          48   1.0734786608672435E-010
          12          49  -4.6779653472151655E-007
          12          50   3.8492142736677455E-005
          12          51  -1.5503846889093693E-004
          12          52   3.0093739862922374E-004
          12          53  -3.1163009612460318E-003
          12          54  -3.6575413502921631E-004
          12          55  -2.3279134497025070E-003
          12          56   6.0984683097681171E-004
          12          57  -1.7325530556376828E-003
          12          58  -5.6138549712923362E-003
          13           1  -7.4102284302328402E-012
          13           2  -9.0803987368607255E-012
          13           3   6.1358285185818622E-011
          13           4   1.1255971728417188E-011
          13           5  -2.8769263757827934E-010
          13           6  -7.1134732640297954E-011
          13           7   2.7493040763178822E-002
          13           8   9.1368167846798461E-003
          13           9  -7.2399323057840467E-003
          13          10   1.1897190979387760E-002
          13          11   4.6070249924654062E-003
          13          12  -3.6505656025056419E-003
          13          13   7.0013480753699661E-002
          13          14  -1.1079787966868940E-002
          13          15   8.7795255229714004E-003
          13          16  0.16218368054865054     
          13          17  -2.4422267385735896E-002
          13          18   1.9351987354881414E-002
          13          19   8.2955763471557725E-002
          13          20  -1.9616984969257921E-002
          13          21   1.5544324630381063E-002
          13          22   1.9218830102388559E-003
          13          23  -1.9952976771591439E-003
          13          24   1.5810561833206342E-003
          13          25   2.9757681110160591E-012
          13          26  -4.3388996612900438E-012
          13          27  -6.6086660888986862E-012
          13          28  -1.5130742746421230E-011
          13          29  -1.8381850380725029E-012
          13          30   3.8466432216018953E-012
          13          31   4.3742123033340368E-011
          13          32  -7.5642765544337392E-011
          13          33  -4.1137491860252940E-011
          13          34  -1.5169190761223813E-010
          13          35  -8.2001566947048790E-012
          13          36   1.9241795927178042E-011
          13          37   1.1037166813259228E-010
          13          38  -9.1812508133958945E-011
          13          39  -1.5275316406091431E-011
          13          40  -1.9396049781461035E-010
          13          41  -2.9832500697376301E-011
          13          42   9.7457946473301162E-011
          13          43   5.1729096635865899E-011
          13          44  -8.4418489010251545E-012
          13          45   2.0011282979480768E-011
          13          46  -4.8301246510932067E-011
          13          47   1.4580561724022922E-011
          13          48   3.8611784367282317E-011
          13          49  -2.6403212237536538E-003
          13          50   2.0892067454853567E-003
          13          51  -3.8376706380563292E-003
          13          52  -5.9690752113738448E-004
          13          53  -1.6554688011009872E-003
          13          54   2.7887494330120000E-003
          13          55   4.5469347594947253E-004
          13          56  -2.7034976259091830E-003
          13          57  -4.0253231437352807E-004
          13          58   3.7181673353711903E-004
          14           1   2.2647510008380772E-011
          14           2   2.7409118947704273E-011
          14           3  -1.8057427267363479E-010
          14           4   2.5611647854113813E-010
          14           5   3.0979536981443077E-010
          14           6  -4.1752816246297494E-011
          14           7   9.1368167366921282E-003
          14           8   4.7517677729321493E-003
          14           9   2.0568389435391354E-002
          14          10   4.6070249830587355E-003
          14          11   4.3043883393595848E-004
          14          12   1.0371126703493752E-002
          14          13  -1.1079787966868940E-002
          14          14   9.7590753132179076E-002
          14          15  -2.4942318707425963E-002
          14          16  -2.4422267515357803E-002
          14          17  0.22296999928164773     
          14          18  -5.4978305983249445E-002
          14          19  -1.9616984964056540E-002
          14          20  0.13178187301602773     
          14          21  -4.4160871184748471E-002
          14          22  -1.9952976538054746E-003
          14          23   6.8881213991635049E-003
          14          24  -4.4917240490823032E-003
          14          25   8.7851751859467180E-012
          14          26  -4.4586166127033224E-012
          14          27   1.0961743585403235E-011
          14          28  -3.5033906262403105E-012
          14          29  -9.1872636492966249E-012
          14          30  -1.8016337569917149E-011
