           1           1   2.5126499336003478     
           1           2   5.8766784433049793E-002
           1           3  -1.7618999500532455     
           1           4  0.33002320671367646     
           1           5  0.67581669006816936     
           1           6  0.32343519502717094     
           1           7  -2.1008520310070773E-013
           1           8  -3.6520418105295369E-013
           1           9   3.0734922848347160E-014
           1          10   4.3375658849683053E-014
           1          11  -9.4006717992397876E-015
           1          12  -2.2986709683550247E-014
           1          13  -4.6958988298164808E-015
           1          14  -7.5726876343313532E-014
           1          15   7.0987787100972224E-016
           1          16  -5.8685895997492629E-014
           1          17   2.1409987176642941E-013
           1          18  -2.8526740909148050E-014
           1          19   1.3800599424751672E-014
           1          20  -3.5326185836127278E-014
           1          21   5.5701817406441197E-015
           1          22  -4.9310855729566201E-015
           1          23   4.8049674449107019E-015
           1          24  -3.4477511104183904E-015
           1          25  0.38897028582218973     
           1          26   1.7209960630813941E-015
           1          27  0.38897028582219995     
           1          28  -5.8477660581686120E-015
           1          29   5.9117693668039091E-016
           1          30  0.38897028582219362     
           1          31 -0.13215943134619493     
           1          32  -5.7558758914014981E-015
           1          33 -0.13215943134619895     
           1          34   3.9055399867694355E-015
           1          35  -2.4299654071501551E-015
           1          36 -0.13215943134619573     
           1          37 -0.30081952025469383     
           1          38   4.3455239442439002E-015
           1          39 -0.30081952025468467     
           1          40   1.8622272385489121E-015
           1          41   1.9219544018452817E-015
           1          42 -0.30081952025468595     
           1          43 -0.12473114887509855     
           1          44  -2.6747144238996872E-016
           1          45 -0.12473114887510173     
           1          46  -4.1213154305309844E-015
           1          47  -2.2673346660425196E-015
           1          48 -0.12473114887510064     
           1          49   2.9676659917782356E-014
           1          50  -4.4755376417958289E-014
           1          51   1.3089511263517481E-014
           1          52  -9.7550819004542080E-014
           1          53   1.0764415427505128E-014
           1          54  -1.1454706740574169E-015
           1          55   5.1092990749939106E-015
           1          56   1.5991880392232875E-014
           1          57  -4.1366240579467799E-014
           1          58   1.0427918453132318E-014
           2           1   5.8766784433049793E-002
           2           2  0.19878849478271204     
           2           3 -0.99930821437680040     
           2           4  0.39470659026433264     
           2           5  0.55727092745709272     
           2           6  0.25482327934992688     
           2           7  -1.4033205340653466E-013
           2           8  -2.5109655440423324E-013
           2           9   2.8189470357599337E-014
           2          10   2.1575995168977694E-014
           2          11  -1.0386041003358591E-014
           2          12  -2.7882336613496608E-014
           2          13  -3.9693343951059028E-014
           2          14  -6.3942705361567519E-014
           2          15  -3.7783283748843793E-015
           2          16   1.6502946594988503E-013
           2          17   2.0379218581064648E-013
           2          18  -1.5531377873579994E-015
           2          19  -2.9963244570140096E-014
           2          20  -4.1344469282224462E-014
           2          21   2.6596454719789449E-015
           2          22   6.8615302441675838E-015
           2          23   1.0084870160504202E-014
           2          24  -1.0937893932424870E-015
           2          25  0.20323500114307613     
           2          26  -1.6317519905828432E-015
           2          27  0.20323500114308626     
           2          28  -4.6379086477098633E-015
           2          29  -1.4605947440284571E-015
           2          30  0.20323500114308649     
           2          31 -0.15543992442398566     
           2          32   3.1291033249434449E-016
           2          33 -0.15543992442398580     
           2          34  -9.2312534539478438E-017
           2          35   3.6894622392367004E-016
           2          36 -0.15543992442398791     
           2          37 -0.25157240767646305     
           2          38  -9.3937605829230213E-016
           2          39 -0.25157240767646133     
           2          40   2.2254584376226702E-015
           2          41   1.3785536593230931E-015
           2          42 -0.25157240767645872     
           2          43  -9.8643150581338060E-002
           2          44  -3.8642973417253835E-016
           2          45  -9.8643150581339933E-002
           2          46  -9.3730760641969510E-016
           2          47  -1.2026896648153145E-015
           2          48  -9.8643150581340877E-002
           2          49  -7.7989846961512297E-014
           2          50  -4.0517133138243083E-014
           2          51  -3.3613775151538454E-014
           2          52  -9.1688417018066997E-014
           2          53   6.0474814810618030E-016
           2          54  -5.2140292757275922E-016
           2          55  -7.4966806814235609E-016
           2          56  -3.4101762276399663E-014
           2          57  -4.1292161051124108E-014
           2          58  -4.4879550044256353E-016
           3           1  -1.7618999500532455     
           3           2 -0.99930821437680040     
           3           3   6.2732037929344502     
           3           4  -3.2386985947301556     
           3           5  -4.2534259761922595     
           3           6  -1.9224715497913107     
           3           7   7.6550363740351128E-013
           3           8   1.1627242397163955E-012
           3           9  -1.8047930066671076E-013
           3          10  -1.4361516560800721E-013
           3          11   2.2193612474408130E-013
           3          12   2.1058826169288126E-013
           3          13   2.1041989716506132E-013
           3          14   4.1935130851909150E-013
           3          15   3.4671049901620310E-014
           3          16  -9.0291909426537455E-013
           3          17  -1.4182317302853585E-012
           3          18   2.6422232621524027E-014
           3          19   1.6361596741751521E-013
           3          20   2.7684678260003215E-013
           3          21  -1.5421570338424875E-014
           3          22  -3.6381046786362841E-014
           3          23  -6.5193991158940432E-014
           3          24   6.7816155903442462E-015
           3          25  -1.3373086685450846     
           3          26   1.2227430144084402E-014
           3          27  -1.3373086685451936     
           3          28   3.8832865546151861E-014
           3          29   8.9104998198686325E-015
           3          30  -1.3373086685451769     
           3          31   1.2687055210922014     
           3          32   4.0828688088530769E-015
           3          33   1.2687055210921947     
           3          34   2.3557400076023526E-015
           3          35  -8.3101031346802868E-017
           3          36   1.2687055210922038     
           3          37   1.9266592025822633     
           3          38  -2.0675592743434028E-015
           3          39   1.9266592025822538     
           3          40  -1.5273384849106093E-014
           3          41  -8.2281452542295987E-015
           3          42   1.9266592025822442     
           3          43  0.74494174654479739     
           3          44   4.1195709465251662E-015
           3          45  0.74494174654480383     
           3          46   7.5614477236321975E-015
           3          47   7.3783277105783034E-015
           3          48  0.74494174654480638     
           3          49   4.2747791143925781E-013
           3          50   2.9099256538759722E-013
           3          51   1.8612663059315082E-013
           3          52   6.5214776295143172E-013
           3          53  -9.2268914235321895E-015
           3          54   3.3128787091374719E-015
           3          55  -1.1879386729575797E-015
           3          56   1.8553841267430878E-013
           3          57   2.9149870814564238E-013
           3          58  -7.0741600155930188E-015
           4           1  0.33002320671367646     
           4           2  0.39470659026433264     
           4           3  -3.2386985947301556     
           4           4   4.0892720238904809     
           4           5   4.5031250132392300     
           4           6   1.9702450937019820     
           4           7  -1.7840707694761793E-013
           4           8   1.9465603244160422E-014
           4           9   1.1445580694056066E-013
           4          10   3.2429165687750179E-014
           4          11  -3.1460440794360259E-013
           4          12  -2.2291899296568808E-013
           4          13  -1.3724641315665730E-013
           4          14  -2.8631890163729932E-013
           4          15  -5.3794902417708190E-014
           4          16   7.0816733925067716E-013
           4          17   1.2752557209040562E-012
           4          18  -1.3607674541254001E-014
           4          19  -1.3334812490164218E-013
           4          20  -2.4212811038200164E-013
           4          21   3.7279513494260776E-015
           4          22   3.0283033787051329E-014
           4          23   5.8620343578265237E-014
           4          24  -8.7753637892266648E-016
           4          25  0.78788662451257385     
           4          26  -1.8538745889561642E-014
           4          27  0.78788662451275226     
           4          28  -4.7110890971494238E-014
           4          29  -9.1282675296414887E-015
           4          30  0.78788662451271174     
           4          31  -1.5872421709176388     
           4          32  -6.3383424493210999E-015
           4          33  -1.5872421709176117     
           4          34  -1.2083576338679094E-014
           4          35  -2.9792783414618211E-016
           4          36  -1.5872421709176181     
           4          37  -2.0587599972148567     
           4          38   1.0387250559580612E-014
           4          39  -2.0587599972148642     
           4          40   1.4357036309456674E-014
           4          41   4.0549217085195965E-015
           4          42  -2.0587599972148651     
           4          43 -0.76562626825704272     
           4          44  -6.8562174510486561E-015
           4          45 -0.76562626825703328     
           4          46  -3.9084773694039521E-015
           4          47  -3.1595127771760431E-015
           4          48 -0.76562626825703073     
           4          49  -3.3818270499141797E-013
           4          50  -2.7513781199255961E-013
           4          51  -1.5163523706714291E-013
           4          52  -6.1035065719334566E-013
           4          53   2.4847569118119263E-015
           4          54  -1.4379038758142990E-015
           4          55   4.7552370089889352E-015
           4          56  -1.4870210895591116E-013
           4          57  -2.7268892872350244E-013
           4          58   1.0177369334893925E-014
           5           1  0.67581669006816936     
           5           2  0.55727092745709272     
           5           3  -4.2534259761922595     
           5           4   4.5031250132392300     
           5           5   5.0867545173590605     
           5           6   2.2370410573822372     
           5           7  -1.1728937965169068E-013
           5           8   2.0517896454330496E-013
           5           9   2.0425010348291899E-013
           5          10   8.7792680471581574E-014
           5          11  -5.6642960370853373E-013
           5          12  -2.7693767869870706E-013
           5          13  -1.4260496280368197E-013
           5          14  -3.8005013631096009E-013
           5          15  -5.9523899789517206E-014
           5          16   8.8597474559458502E-013
           5          17   1.5337270847198412E-012
           5          18  -8.3788057999713534E-015
           5          19  -1.6216895289908294E-013
           5          20  -2.8881002032976333E-013
           5          21   5.2257402169244967E-015
           5          22   3.6465240404242923E-014
           5          23   6.9201478257020586E-014
           5          24  -1.8800459475390358E-015
           5          25   1.0004406518885456     
           5          26  -1.9919376409121971E-014
           5          27   1.0004406518887363     
           5          28  -5.2186715507259613E-014
           5          29  -1.0326708747498198E-014
           5          30   1.0004406518886944     
           5          31  -1.7500177650293434     
           5          32  -6.9092152418895774E-015
           5          33  -1.7500177650293163     
           5          34  -1.1934049719093147E-014
           5          35  -3.1540540363759281E-016
           5          36  -1.7500177650293236     
           5          37  -2.3222462446204148     
           5          38   1.0407367439704621E-014
           5          39  -2.3222462446204206     
           5          40   1.6516977613603859E-014
           5          41   5.3866867285900008E-015
           5          42  -2.3222462446204188     
           5          43 -0.86890719394433236     
           5          44  -7.3117901103437118E-015
           5          45 -0.86890719394432436     
           5          46  -5.1679822499955828E-015
           5          47  -4.3832936665668438E-015
           5          48 -0.86890719394432248     
           5          49  -4.3023031855698566E-013
           5          50  -3.3067746647019987E-013
           5          51  -1.9188963221654827E-013
           5          52  -7.3495656361500338E-013
           5          53   1.5554774930411170E-015
           5          54  -1.9889244227252987E-015
           5          55   2.1993247713782133E-015
           5          56  -1.8891935785912887E-013
           5          57  -3.2835723106792645E-013
           5          58   5.2483421395569615E-015
           6           1  0.32343519502717094     
           6           2  0.25482327934992688     
           6           3  -1.9224715497913107     
           6           4   1.9702450937019820     
           6           5   2.2370410573822372     
           6           6  0.98479856827014955     
           6           7  -3.5583628285272483E-014
           6           8   6.0842453126250892E-013
           6           9   1.4026589270947590E-013
           6          10   2.6733377187146599E-013
           6          11  -4.4553931387664729E-013
           6          12  -2.6951838677602413E-013
           6          13   4.8042489041912157E-015
           6          14  -1.7853782836391393E-013
           6          15  -6.4683504838948305E-014
           6          16   4.3269016383889985E-013
           6          17   7.6708978597542636E-013
           6          18  -1.5168737456572898E-014
           6          19  -7.6069554498133731E-014
           6          20  -1.3847438696008817E-013
           6          21   3.5396899396356375E-015
           6          22   1.6942676460256739E-014
           6          23   3.2649034530767398E-014
           6          24  -1.1187656582875487E-015
           6          25  0.44960303990766232     
           6          26  -8.6711921389969626E-015
           6          27  0.44960303990774519     
           6          28  -2.2860572397885122E-014
           6          29  -4.5430293984464340E-015
           6          30  0.44960303990772704     
           6          31 -0.76587401097904373     
           6          32  -3.0160302646924190E-015
           6          33 -0.76587401097903218     
           6          34  -5.0988834520082528E-015
           6          35  -1.3658066593991909E-016
           6          36 -0.76587401097903551     
           6          37  -1.0209807347479425     
           6          38   4.4605701934251731E-015
           6          39  -1.0209807347479449     
           6          40   7.2900104921814964E-015
           6          41   2.4393337987653564E-015
           6          42  -1.0209807347479440     
           6          43 -0.38247933939402007     
           6          44  -3.1777618972469743E-015
           6          45 -0.38247933939401685     
           6          46  -2.3382314189171210E-015
           6          47  -1.9987136902042608E-015
           6          48 -0.38247933939401613     
           6          49  -2.1877283560252518E-013
           6          50  -1.7013032914422196E-013
           6          51  -9.7527438134857737E-014
           6          52  -3.7855310932224145E-013
           6          53   4.8207507245224504E-015
           6          54  -9.0648286988147322E-016
           6          55   4.9365264899676816E-015
           6          56  -9.6251476891315767E-014
           6          57  -1.6914932092486559E-013
           6          58   1.1257819404207983E-014
           7           1  -2.1008520310070773E-013
           7           2  -1.4033205340653466E-013
           7           3   7.6550363740351128E-013
           7           4  -1.7840707694761793E-013
           7           5  -1.1728937965169068E-013
           7           6  -3.5583628285272483E-014
           7           7   3.1118436815144683     
           7           8 -0.19486022632774919     
           7           9  -5.3535618697407243E-002
           7          10  -1.6178369646029975     
           7          11  0.29218750320731329     
           7          12   8.0275174953068087E-002
           7          13 -0.19071383231046818     
           7          14   6.7823135710453702E-002
           7          15   1.8633630888599314E-002
           7          16  0.44613895007013782     
           7          17   6.6971783270380620E-004
           7          18   1.8399731532471665E-004
           7          19  -5.4664042926293392E-002
           7          20   4.2985998395928833E-004
           7          21   1.1809911458659696E-004
           7          22   1.0584517997155474E-002
           7          23  -9.6818122959133957E-005
           7          24  -2.6599672044143558E-005
           7          25  -1.7100111634524330E-013
           7          26   1.5286140586904774E-014
           7          27  -1.4642966561771716E-013
           7          28   2.8282936144628290E-014
           7          29  -8.0217638610383316E-015
           7          30  -1.1975534514045696E-013
           7          31   3.0739629843617452E-014
           7          32   6.2835900303888579E-015
           7          33   4.1264027467585002E-014
           7          34   4.2826002729393452E-015
           7          35  -1.9834639116346454E-015
           7          36   6.2099428052694682E-014
           7          37   6.5859901910044022E-014
           7          38  -1.5465971627344641E-015
           7          39   5.7807602785670775E-014
           7          40  -4.1731682060601042E-016
           7          41   3.1242483061284207E-015
           7          42   5.7716049897067053E-014
           7          43   9.6640984958650724E-015
           7          44   1.1960980300966365E-015
           7          45   1.6727072043007206E-014
           7          46  -6.4953693390796137E-016
           7          47  -1.9429190913087311E-015
           7          48   1.6225517032399240E-014
           7          49 -0.26286199418625356     
           7          50  -1.8243735284428368E-003
           7          51 -0.11755545754032799     
           7          52  -4.0794232259532852E-003
           7          53  -5.0122576277536175E-004
           7          54   2.9903434883151518E-015
           7          55  -5.0122576277910886E-004
           7          56 -0.11755545754031929     
           7          57  -1.8243735284446700E-003
           7          58  -1.1207748776475134E-003
           8           1  -3.6520418105295369E-013
           8           2  -2.5109655440423324E-013
           8           3   1.1627242397163955E-012
           8           4   1.9465603244160422E-014
           8           5   2.0517896454330496E-013
           8           6   6.0842453126250892E-013
           8           7 -0.19486022632774919     
           8           8   2.8488217507452056     
           8           9 -0.10071844901112754     
           8          10  0.29218750320732390     
           8          11  -1.2234428766531065     
           8          12  0.15102451997554719     
           8          13   6.7823135710466442E-002
           8          14  -9.9166303902156167E-002
           8          15   3.5056107470285612E-002
           8          16   6.6971783258606304E-004
           8          17  0.44704293381642790     
           8          18   3.4616064367965963E-004
           8          19   4.2985998398100837E-004
           8          20  -5.4083818808336417E-002
           8          21   2.2218403259897931E-004
           8          22  -9.6818122964919897E-005
           8          23   1.0453833094878455E-002
           8          24  -5.0042901852659663E-005
           8          25  -1.4893182004517321E-013
           8          26  -1.8256307366783685E-014
           8          27  -2.0245858585738578E-013
           8          28  -1.1272122293823884E-014
           8          29   1.3629786722694382E-015
           8          30  -2.6936949357199537E-013
           8          31  -7.3186395871955273E-014
           8          32  -2.8510268064782018E-015
           8          33  -8.8166495487274318E-014
           8          34  -5.0094771566269949E-015
           8          35   3.9146111160468923E-015
           8          36  -9.2821574141794614E-014
           8          37  -1.4486652381802169E-013
           8          38   1.1045612319969594E-016
           8          39  -1.3876807415550059E-013
           8          40   1.1041878029293225E-015
           8          41  -3.7880464278640032E-015
           8          42  -1.4481294485817226E-013
           8          43  -2.0970718843485229E-013
           8          44   3.1682702954656695E-016
           8          45  -2.0480754267622289E-013
           8          46  -2.6317125601312691E-015
           8          47   1.5477073658181576E-015
           8          48  -2.0972136530023724E-013
           8          49  -4.0794232258937763E-003
           8          50 -0.12001799315845083     
           8          51  -1.8243735284189980E-003
           8          52 -0.26836839122540473     
           8          53  -9.4297371845744788E-004
           8          54  -2.8062116953174710E-016
           8          55  -9.4297371845359019E-004
           8          56  -1.8243735284184971E-003
           8          57 -0.12001799315845538     
           8          58  -2.1085533354621676E-003
           9           1   3.0734922848347160E-014
           9           2   2.8189470357599337E-014
           9           3  -1.8047930066671076E-013
           9           4   1.1445580694056066E-013
           9           5   2.0425010348291899E-013
           9           6   1.4026589270947590E-013
           9           7  -5.3535618697407243E-002
           9           8 -0.10071844901112754     
           9           9   3.1877479301694591     
           9          10   8.0275174953074638E-002
           9          11  0.15102451997555336     
           9          12  -1.7316532795857329     
           9          13   1.8633630888595994E-002
           9          14   3.5056107470282608E-002
           9          15 -0.21713309833797995     
           9          16   1.8399731528378143E-004
           9          17   3.4616064368298786E-004
           9          18  0.44587807369825283     
           9          19   1.1809911459624613E-004
           9          20   2.2218403259699807E-004
           9          21  -5.4831487046275065E-002
           9          22  -2.6599672045466481E-005
           9          23  -5.0042901853677674E-005
           9          24   1.0622231731865427E-002
           9          25   3.0278291321591785E-014
           9          26  -1.6684302272416459E-014
           9          27   4.3305111361119744E-014
           9          28  -1.1773656440517125E-014
           9          29   3.3516034446355885E-015
           9          30   6.5418110169984391E-014
           9          31  -5.3803766314048971E-014
           9          32  -5.7692784016222018E-015
           9          33  -5.2261559655081846E-014
           9          34  -6.9657413935779347E-015
           9          35   2.4260205924655183E-015
           9          36  -4.4556191501863387E-014
           9          37  -9.5681173120600714E-014
           9          38   4.9834487397555036E-016
           9          39  -9.5476582456453143E-014
           9          40   2.0022443802508317E-015
           9          41  -1.7904655823996346E-016
           9          42  -9.8324039575011092E-014
           9          43  -5.3377135402906751E-014
           9          44   4.9863147414819441E-016
           9          45  -5.2029713409430448E-014
           9          46  -1.7702620608426139E-016
           9          47  -1.5390199401239118E-015
           9          48  -5.0773366556474543E-014
           9          49  -1.1207748776221427E-003
           9          50  -9.4297371845670813E-004
           9          51  -5.0122576276981801E-004
           9          52  -2.1085533354580775E-003
           9          53 -0.11684480609264247     
           9          54  -6.3637177687740060E-016
           9          55 -0.11684480609263603     
           9          56  -5.0122576277026535E-004
           9          57  -9.4297371845381483E-004
           9          58 -0.26127292924092482     
          10           1   4.3375658849683053E-014
          10           2   2.1575995168977694E-014
          10           3  -1.4361516560800721E-013
          10           4   3.2429165687750179E-014
          10           5   8.7792680471581574E-014
          10           6   2.6733377187146599E-013
          10           7  -1.6178369646029975     
          10           8  0.29218750320732390     
          10           9   8.0275174953074638E-002
          10          10   2.0411962253346201     
          10          11 -0.43812705465574514     
          10          12 -0.12037039770043610     
          10          13  0.45048126574241593     
          10          14 -0.10169891032355696     
          10          15  -2.7940612548932639E-002
          10          16  -5.2093847048048023E-002
          10          17  -1.0042233094377905E-003
          10          18  -2.7589886970718296E-004
          10          19   9.6013947188868225E-003
          10          20  -6.4456312000755382E-004
          10          21  -1.7708634576849401E-004
          10          22  -1.9445142739337347E-003
          10          23   1.4517608927752367E-004
          10          24   3.9885470244206857E-005
          10          25   8.1009148846371720E-014
          10          26  -2.0664721082239850E-014
          10          27   3.9842826294980064E-014
          10          28  -3.9517771200753579E-014
          10          29   1.1318845010094800E-014
          10          30  -6.9040322017746064E-015
          10          31  -4.7993150593853095E-015
          10          32  -8.8218560220846179E-015
          10          33  -2.0770767573903999E-014
          10          34  -8.8084385085481120E-015
          10          35   3.8780063547309416E-015
          10          36  -3.9589857480203891E-014
          10          37  -7.5118827137996122E-014
          10          38   1.4468804620084460E-015
          10          39  -6.7196463418097018E-014
          10          40   1.5109380341807906E-015
          10          41  -3.8592236633166850E-015
          10          42  -6.9690282026127670E-014
          10          43  -8.8212626236726837E-014
          10          44  -1.0351755156052165E-015
          10          45  -9.0687066989215054E-014
          10          46  -4.6329319915431941E-016
          10          47   1.5539405382775661E-015
          10          48  -9.1330368165240091E-014
          10          49   7.5263527090590390E-003
          10          50   2.7355974907380459E-003
          10          51   3.3658872560230627E-003
          10          52   6.1169819483714478E-003
          10          53   7.5157412539250494E-004
          10          54  -2.5783658341971117E-015
          10          55   7.5157412539571136E-004
          10          56   3.3658872560154733E-003
          10          57   2.7355974907397546E-003
          10          58   1.6805708345156815E-003
          11           1  -9.4006717992397876E-015
          11           2  -1.0386041003358591E-014
          11           3   2.2193612474408130E-013
          11           4  -3.1460440794360259E-013
          11           5  -5.6642960370853373E-013
          11           6  -4.4553931387664729E-013
          11           7  0.29218750320731329     
          11           8  -1.2234428766531065     
          11           9  0.15102451997555336     
          11          10 -0.43812705465574514     
          11          11   1.4498132324605992     
          11          12 -0.22645707770307588     
          11          13 -0.10169891032356325     
          11          14  0.31320828677416823     
          11          15  -5.2565660560640763E-002
          11          16  -1.0042233093271666E-003
          11          17  -5.3449345595336081E-002
          11          18  -5.1905828125180687E-004
          11          19  -6.4456312002635280E-004
          11          20   8.7313647516009552E-003
          11          21  -3.3315879266470087E-004
          11          22   1.4517608928277771E-004
          11          23  -1.7485558886564680E-003
          11          24   7.5037942950094817E-005
          11          25  -1.2884557496105884E-013
          11          26   2.7586719901413209E-014
          11          27  -6.8503029158692475E-014
          11          28   2.1014830060666008E-014
          11          29  -4.2872140778117091E-015
          11          30   1.9198867680905895E-014
          11          31   1.4421910961042296E-013
          11          32   6.2318105322494729E-015
          11          33   1.6267220858309088E-013
          11          34   4.3942386969543560E-015
          11          35  -2.1508271639304158E-015
          11          36   1.8210510242555684E-013
          11          37   2.7212814205767612E-013
          11          38  -3.3802073241980922E-017
          11          39   2.6720425418773488E-013
          11          40  -1.4369407489077691E-015
          11          41   3.0511082277971843E-015
          11          42   2.6375430789513923E-013
          11          43   1.6348734679481210E-013
          11          44  -3.4778588339197516E-016
          11          45   1.6250809859668238E-013
          11          46   1.1644125540546222E-015
          11          47  -1.3321423233178578E-015
          11          48   1.6631312650681517E-013
          11          49   6.1169819483144596E-003
          11          50   7.0583910951455744E-003
          11          51   2.7355974907116542E-003
          11          52   1.5783042300523825E-002
          11          53   1.4139629290872340E-003
          11          54   4.0628583774038618E-016
          11          55   1.4139629290843010E-003
          11          56   2.7355974907162946E-003
          11          57   7.0583910951459508E-003
          11          58   3.1617172270963717E-003
          12           1  -2.2986709683550247E-014
          12           2  -2.7882336613496608E-014
          12           3   2.1058826169288126E-013
          12           4  -2.2291899296568808E-013
          12           5  -2.7693767869870706E-013
          12           6  -2.6951838677602413E-013
          12           7   8.0275174953068087E-002
          12           8  0.15102451997554719     
          12           9  -1.7316532795857329     
          12          10 -0.12037039770043610     
          12          11 -0.22645707770307588     
          12          12   2.2118606319494125     
          12          13  -2.7940612548958531E-002
          12          14  -5.2565660560625636E-002
          12          15  0.49009622217866911     
          12          16  -2.7589886948114752E-004
          12          17  -5.1905828132582351E-004
          12          18  -5.1702670165641493E-002
          12          19  -1.7708634581287564E-004
          12          20  -3.3315879264998217E-004
          12          21   9.8524725311669378E-003
          12          22   3.9885470254895315E-005
          12          23   7.5037942949523443E-005
          12          24  -2.0010649727865300E-003
          12          25  -2.7292778686027763E-014
          12          26   2.6049866773250609E-014
          12          27  -4.7254752235965011E-014
          12          28   2.0481193514672480E-014
          12          29  -4.9368293043095585E-015
          12          30  -8.2981244405713707E-014
          12          31   9.9497699576347025E-014
          12          32   8.6031031861405966E-015
          12          33   9.6970065589458486E-014
          12          34   8.2073507701382804E-015
          12          35  -3.4094481842567689E-015
          12          36   8.6534039886572975E-014
          12          37   1.4495868316787764E-013
          12          38  -9.9304969187049619E-016
          12          39   1.4525427156545500E-013
          12          40  -3.6583285813032218E-015
          12          41   1.5576540647970374E-015
          12          42   1.4869623221934681E-013
          12          43   9.8306054946834811E-014
          12          44  -1.7976527475783890E-016
          12          45   9.5839746058892651E-014
          12          46   8.6142305551884027E-016
          12          47   1.1131148331225850E-015
          12          48   9.1895424361726787E-014
          12          49   1.6805708343990051E-003
          12          50   1.4139629291010645E-003
          12          51   7.5157412534645465E-004
          12          52   3.1617172271300531E-003
          12          53   2.3002851263155617E-003
          12          54   1.6288618971774812E-015
          12          55   2.3002851263120021E-003
          12          56   7.5157412534839212E-004
          12          57   1.4139629290960737E-003
          12          58   5.1435939100774484E-003
          13           1  -4.6958988298164808E-015
          13           2  -3.9693343951059028E-014
          13           3   2.1041989716506132E-013
          13           4  -1.3724641315665730E-013
          13           5  -1.4260496280368197E-013
          13           6   4.8042489041912157E-015
          13           7 -0.19071383231046818     
          13           8   6.7823135710466442E-002
          13           9   1.8633630888595994E-002
          13          10  0.45048126574241593     
          13          11 -0.10169891032356325     
          13          12  -2.7940612548958531E-002
          13          13  0.11454112481223599     
          13          14  -2.3606550317069867E-002
          13          15  -6.4856297272770560E-003
          13          16   2.5310076516596485E-002
          13          17  -2.3310228209547641E-004
          13          18  -6.4042186199983052E-005
          13          19  -2.1589414469053722E-003
          13          20  -1.4961725427266206E-004
          13          21  -4.1105629532828279E-005
          13          22   3.9302847874848396E-004
          13          23   3.3698558278548236E-005
          13          24   9.2582934978180225E-006
          13          25  -3.1401874438388188E-014
          13          26  -4.6599256388790192E-015
          13          27  -4.1219537398866717E-014
          13          28  -8.9976144415150420E-015
          13          29   2.5843304680201925E-015
          13          30  -5.2479738216468914E-014
          13          31   5.2314833249642285E-014
          13          32  -2.0113547975415644E-015
          13          33   4.8595963572383958E-014
          13          34  -2.1893467554508369E-015
          13          35   9.5497250038717072E-016
          13          36   4.4980863491383752E-014
          13          37   5.5704893788957873E-014
          13          38   2.8297013741075865E-016
          13          39   5.7292117072941227E-014
          13          40   4.0439172205781865E-016
          13          41  -8.4575939512239470E-016
          13          42   5.6553719941214270E-014
          13          43   2.2993613942233121E-015
          13          44  -1.9430778784892876E-016
          13          45   2.2170909476831034E-015
          13          46  -1.9468325691652277E-016
          13          47   2.7828071970690807E-016
          13          48   1.9831635396020952E-015
          13          49  -2.1694733074840815E-002
          13          50   6.3499224924581466E-004
          13          51  -9.7021795818106847E-003
          13          52   1.4198858344997450E-003
          13          53   1.7445685850418571E-004
          13          54  -4.8295800838514574E-016
          13          55   1.7445685850478394E-004
          13          56  -9.7021795818121141E-003
          13          57   6.3499224924614837E-004
          13          58   3.9009739475809655E-004
          14           1  -7.5726876343313532E-014
          14           2  -6.3942705361567519E-014
          14           3   4.1935130851909150E-013
          14           4  -2.8631890163729932E-013
          14           5  -3.8005013631096009E-013
          14           6  -1.7853782836391393E-013
          14           7   6.7823135710453702E-002
          14           8  -9.9166303902156167E-002
          14           9   3.5056107470282608E-002
          14          10 -0.10169891032355696     
          14          11  0.31320828677416823     
          14          12  -5.2565660560625636E-002
          14          13  -2.3606550317069867E-002
          14          14   8.2677051983150257E-002
          14          15  -1.2201644118180302E-002
          14          16  -2.3310228207513688E-004
          14          17   2.4995435538060998E-002
          14          18  -1.2048482519870010E-004
          14          19  -1.4961725427602610E-004
          14          20  -2.3608945075134207E-003
          14          21  -7.7333471693130776E-005
          14          22   3.3698558279528457E-005
          14          23   4.3851472306960819E-004
          14          24   1.7417954335294176E-005
          14          25  -1.0672596138063960E-013
          14          26   6.4163308576691974E-015
          14          27  -9.3926868385511370E-014
          14          28   5.1273556577817655E-015
          14          29  -1.1311808215236496E-015
          14          30  -7.4335054603799043E-014
