           1           1   2.1525388082503696     
           1           2  0.12795476134794662     
           1           3 -0.49930282555334038     
           1           4  0.12588933350003839     
           1           5   6.5526833230983156E-002
           1           6   2.1033849004983521E-002
           1           7  -2.0791056385803991E-010
           1           8  -1.4378267174983552E-010
           1           9  -1.4037755548920863E-010
           1          10  -1.1478216168565083E-010
           1          11  -7.8449397362020809E-011
           1          12  -6.8646819783788109E-011
           1          13  -4.5757429263495251E-012
           1          14  -2.0073566858000055E-012
           1          15  -1.1175913698963146E-011
           1          16   1.8098244756081701E-011
           1          17   1.0506349448853693E-011
           1          18  -1.0964385323624359E-011
           1          19   2.1580862332386389E-012
           1          20   7.9824182616115598E-013
           1          21  -1.1659682558797425E-012
           1          22  -7.2747107825441200E-004
           1          23   2.8538472504724020E-004
           1          24  -1.2301209925172512E-003
           1          25  -1.1708503445573591E-004
           1          26   2.8605022911276016E-004
           1          27  -7.2794344189836750E-004
           1          28  -1.2044501387157444E-002
           1          29  -9.1930650071577347E-005
           1          30  -1.1882583576306227E-002
           1          31   3.7716071873652676E-005
           1          32  -9.2145190281113856E-005
           1          33  -1.2044349114201994E-002
           1          34  -5.5664358962286310E-003
           1          35  -1.8933504393337051E-005
           1          36  -5.5330883299653374E-003
           1          37   7.7679858812298389E-006
           1          38  -1.8977523661493608E-005
           1          39  -5.5664046502648225E-003
           1          40  -5.3064579726784071E-003
           1          41   1.9395855065704713E-004
           1          42  -5.6480750533742250E-003
           1          43  -7.9573045801438805E-005
           1          44   1.9441021911398746E-004
           1          45  -5.3067785329362557E-003
           1          46  -5.3281235514884939E-012
           1          47  -1.3958408711341879E-012
           1          48  -2.3864939321299682E-012
           1          49  -2.6298949046998131E-012
           1          50   2.1607635986399994E-012
           1          51  -9.6026740698224084E-014
           1          52   2.5811877176907693E-012
           1          53  -2.3180429529932336E-012
           1          54  -9.4557495342411314E-013
           1          55   5.8728483296123948E-012
           2           1  0.12795476134794662     
           2           2  0.20518856079952943     
           2           3 -0.53350954633143566     
           2           4  0.12642269244561924     
           2           5   5.9157814161539618E-002
           2           6   1.0010642621276388E-002
           2           7  -2.5544631525720339E-010
           2           8  -1.6422425580448382E-010
           2           9  -1.3906889485228897E-010
           2          10  -1.3338318121874259E-010
           2          11  -8.5594223290924721E-011
           2          12  -6.9327346851084970E-011
           2          13  -5.7343391134104781E-012
           2          14  -1.6883964376429713E-012
           2          15  -1.1209545216898894E-011
           2          16   1.4751987891297848E-011
           2          17   9.3599661526024091E-012
           2          18  -1.0393454406771118E-011
           2          19   3.4758884040656278E-012
           2          20   1.2615155063630960E-012
           2          21  -1.8360163779052162E-012
           2          22   1.6489468335263436E-004
           2          23   3.1085897185758411E-004
           2          24  -3.8262323763686278E-004
           2          25  -1.2753632772694018E-004
           2          26   3.1158389639193327E-004
           2          27   1.6438014437276149E-004
           2          28  -5.1395364624137263E-004
           2          29  -1.2205742883238634E-004
           2          30  -2.9897344110303280E-004
           2          31   5.0076109214219075E-005
           2          32  -1.2234223460751126E-004
           2          33  -5.1375150093499315E-004
           2          34   5.1002652787775294E-003
           2          35  -2.0525913871460898E-005
           2          36   5.1364175964744210E-003
           2          37   8.4213856262166072E-006
           2          38  -2.0573631379912187E-005
           2          39   5.1002991506098336E-003
           2          40  -1.1465957606498699E-003
           2          41   2.4205179298182329E-004
           2          42  -1.5729189009417051E-003
           2          43  -9.9303631879460100E-005
           2          44   2.4261545833297697E-004
           2          45  -1.1469958072872779E-003
           2          46  -1.5246941565197443E-012
           2          47  -5.2496190677043161E-013
           2          48  -7.9777230947269371E-013
           2          49  -9.4291929458224748E-013
           2          50   1.7022813917358646E-012
           2          51  -9.4433651193013463E-014
           2          52   2.3358704745570780E-012
           2          53  -5.9618229934773103E-013
           2          54  -1.6516095395817456E-013
           2          55   5.1588700868763582E-012
           3           1 -0.49930282555334038     
           3           2 -0.53350954633143566     
           3           3   1.4631264287501839     
           3           4 -0.56896624444828325     
           3           5 -0.27862620128312965     
           3           6  -5.6687895430042441E-002
           3           7  -1.5004300115259830E-009
           3           8  -7.9570655608336527E-010
           3           9  -4.7452719379696457E-010
           3          10  -7.3467799289363767E-010
           3          11  -3.8569374528918500E-010
           3          12  -2.3103242650696480E-010
           3          13  -1.6467155060531740E-010
           3          14  -1.0115381978551163E-010
           3          15  -3.1353607038503986E-011
           3          16  -1.4623713087237467E-010
           3          17  -9.0506719970366577E-011
           3          18  -4.5962405786522441E-012
           3          19  -7.6428852825337571E-012
           3          20  -2.3813984678686250E-012
           3          21   8.6075659404077248E-012
           3          22  -3.4838611203228916E-004
           3          23  -7.1633151199710493E-004
           3          24   9.1329307680879611E-004
           3          25   2.9388929995000383E-004
           3          26  -7.1800214279653450E-004
           3          27  -3.4720033226940577E-004
           3          28  -5.3575142100578677E-004
           3          29   8.5712487495984060E-004
           3          30  -2.0454076495088850E-003
           3          31  -3.5165160763677827E-004
           3          32   8.5912319674934928E-004
           3          33  -5.3716977955672266E-004
           3          34  -1.8066718209914564E-002
           3          35   7.3125094225204301E-005
           3          36  -1.8195514686390801E-002
           3          37  -3.0002899855354620E-005
           3          38   7.3295222288589576E-005
           3          39  -1.8066838985498417E-002
           3          40   8.8807234694983014E-003
           3          41  -1.0229009358079676E-003
           3          42   1.0682346611689882E-002
           3          43   4.1965186910319951E-004
           3          44  -1.0252830240801421E-003
           3          45   8.8824140806621366E-003
           3          46   5.9191627273983551E-011
           3          47   1.7975564482367825E-011
           3          48   2.5792770121391758E-011
           3          49   3.1257796364268516E-011
           3          50   3.4849052717060166E-012
           3          51   1.8698354948776456E-012
           3          52   3.5386028713999932E-012
           3          53   2.6496130053460012E-011
           3          54   1.4796335098659797E-011
           3          55   6.2196231825926411E-012
           4           1  0.12588933350003839     
           4           2  0.12642269244561924     
           4           3 -0.56896624444828325     
           4           4  0.97506584153710207     
           4           5  0.49754908019148569     
           4           6  0.11375599710826650     
           4           7   3.1922460891924834E-008
           4           8   1.8158149940985793E-008
           4           9   1.2466404712042341E-008
           4          10   1.5806936240304011E-008
           4          11   8.9825883115773154E-009
           4          12   6.1524937673409206E-009
           4          13   2.4281405798952603E-009
           4          14   1.3918626957745633E-009
           4          15   8.9760179548840116E-010
           4          16   1.3265126618632157E-009
           4          17   7.4946683946059788E-010
           4          18   4.1173968150053131E-010
           4          19  -7.0898997093437797E-011
           4          20  -5.8205046622783774E-011
           4          21  -8.3096536628554869E-011
           4          22   9.9683544504863006E-005
           4          23  -9.3151666937349399E-005
           4          24   2.6375254412237164E-004
           4          25   3.8218606847433109E-005
           4          26  -9.3368642289103445E-005
           4          27   9.9837560509190250E-005
           4          28   1.1185566798720899E-002
           4          29  -1.2116669861858016E-003
           4          30   1.3319674651077848E-002
           4          31   4.9710457990906082E-004
           4          32  -1.2144918051899701E-003
           4          33   1.1187571731874579E-002
           4          34   2.6436015523899452E-002
           4          35   1.3243180531412220E-003
           4          36   2.4103491661495498E-002
           4          37  -5.4333090870641552E-004
           4          38   1.3274022036310618E-003
           4          39   2.6433826421308385E-002
           4          40  -2.0417642090778450E-002
           4          41   1.8176555856675312E-003
           4          42  -2.3619058822862235E-002
           4          43  -7.4570687795128866E-004
           4          44   1.8218886485119180E-003
           4          45  -2.0420646390085496E-002
           4          46  -7.7868991493098973E-010
           4          47  -2.1849978302697281E-010
           4          48  -3.3991452171385137E-010
           4          49  -4.1818859462860741E-010
           4          50  -1.2328303250467241E-010
           4          51  -1.3686316014318092E-011
           4          52  -1.3538156110642471E-010
           4          53  -3.4710874162092527E-010
           4          54  -2.0391271123409130E-010
           4          55  -2.9251977973171006E-010
           5           1   6.5526833230983156E-002
           5           2   5.9157814161539618E-002
           5           3 -0.27862620128312965     
           5           4  0.49754908019148569     
           5           5  0.26045354809294519     
           5           6   6.5677908918908373E-002
           5           7  -1.4969655641708250E-008
           5           8  -6.9336030037822001E-009
           5           9  -1.9211442516103800E-009
           5          10  -7.3490946470194430E-009
           5          11  -3.4089147098476425E-009
           5          12  -9.5488729108676821E-010
           5          13  -1.1023674592169282E-009
           5          14  -4.6625076114155122E-010
           5          15  -7.5440326200228716E-011
           5          16  -7.2101204172598965E-010
           5          17  -1.8876815652986590E-010
           5          18   2.1061215056802883E-010
           5          19  -8.2166314814421963E-011
           5          20   4.6732602653372562E-011
           5          21   1.8906900441506356E-010
           5          22  -7.0021481213257907E-005
           5          23  -2.0775501166147962E-004
           5          24   2.9589924399665526E-004
           5          25   8.5237789050877070E-005
           5          26  -2.0823888572713375E-004
           5          27  -6.9678014319946805E-005
           5          28   3.8720899632325987E-003
           5          29  -2.1487251544330768E-003
           5          30   7.6566478426680525E-003
           5          31   8.8156423719564468E-004
           5          32  -2.1537310948009114E-003
           5          33   3.8756431574826144E-003
           5          34   8.9971496292204044E-003
           5          35  -1.7025501617839358E-003
           5          36   1.1995861750831794E-002
           5          37   6.9851725184976983E-004
           5          38  -1.7065154047275714E-003
           5          39   8.9999642157106013E-003
           5          40  -1.2750757205969332E-002
           5          41   6.0718698771860668E-004
           5          42  -1.3820182775196008E-002
           5          43  -2.4909603240767401E-004
           5          44   6.0860099365556706E-004
           5          45  -1.2751760680893469E-002
           5          46   3.5981305711154771E-010
           5          47   7.1494480247415529E-011
           5          48   1.6005730993009122E-010
           5          49   1.5376956456321506E-010
           5          50   1.1784715652558110E-011
           5          51   1.1352603077787824E-012
           5          52   1.2101863163797756E-011
           5          53   1.5923218703332548E-010
           5          54   7.2681161090068562E-011
           5          55   2.9035939375883090E-011
           6           1   2.1033849004983521E-002
           6           2   1.0010642621276388E-002
           6           3  -5.6687895430042441E-002
           6           4  0.11375599710826650     
           6           5   6.5677908918908373E-002
           6           6   2.2157668231920735E-002
           6           7  -6.7556397918680378E-008
           6           8  -3.9629384054503586E-008
           6           9  -2.9163513226349894E-008
           6          10  -3.3470809102512901E-008
           6          11  -1.9613658787020242E-008
           6          12  -1.4398666664876978E-008
           6          13  -4.8525208804176430E-009
           6          14  -2.8916755793166258E-009
           6          15  -2.2171590317995213E-009
           6          16  -2.1629856278146078E-009
           6          17  -1.4640838145807203E-009
           6          18  -1.4233255536477754E-009
           6          19   4.6771087965646023E-010
           6          20   1.4437103977718977E-010
           6          21  -1.1696720515026924E-010
           6          22  -1.2997158931383535E-004
           6          23  -1.9507646968680684E-004
           6          24   2.1361824135456042E-004
           6          25   8.0035908770529574E-005
           6          26  -1.9553079659320602E-004
           6          27  -1.2964909600952343E-004
           6          28  -8.7659728260474571E-004
           6          29  -1.9271184141564414E-003
           6          30   2.5176466111243266E-003
           6          31   7.9064966401460744E-004
           6          32  -1.9316071312267457E-003
           6          33  -8.7341115802490289E-004
           6          34  -2.1647202189288397E-003
           6          35  -2.6229125370137133E-003
           6          36   2.4550291006631515E-003
           6          37   1.0761177417976584E-003
           6          38  -2.6290212143060213E-003
           6          39  -2.1603842263531970E-003
           6          40  -5.0987877183079873E-003
           6          41  -1.6181517205852115E-004
           6          42  -4.8137772347221740E-003
           6          43   6.6394057361605552E-005
           6          44  -1.6219207158065329E-004
           6          45  -5.0985201347939499E-003
           6          46   1.6013867156060392E-009
           6          47   4.6732208629565361E-010
           6          48   6.9465771121774882E-010
           6          49   8.9800095315257845E-010
           6          50   3.0265673497686676E-010
           6          51   2.6232074614386850E-011
           6          52   3.3079934777313842E-010
           6          53   7.1095356675413820E-010
           6          54   4.3665374646399581E-010
           6          55   7.1694326156547442E-010
           7           1  -2.0791056385803991E-010
           7           2  -2.5544631525720339E-010
           7           3  -1.5004300115259830E-009
           7           4   3.1922460891924834E-008
           7           5  -1.4969655641708250E-008
           7           6  -6.7556397918680378E-008
           7           7   1.0452645220280181     
           7           8   1.0179185462235724E-002
           7           9  -4.1762254579856464E-003
           7          10  0.51516527298174508     
           7          11   4.2831455623429261E-003
           7          12  -1.7572506671902155E-003
           7          13   5.5699783483987027E-002
           7          14  -7.6935855243830059E-003
           7          15   3.1564627780116920E-003
           7          16  -4.9757722486526219E-002
           7          17  -3.2211465553919461E-002
           7          18   1.3215430144533781E-002
           7          19  -6.1548358023935178E-002
           7          20  -2.0729538261834185E-002
           7          21   8.5047147967156882E-003
           7          22  -1.2044427177917435E-009
           7          23  -1.4342330254880720E-009
           7          24  -8.4335398379093435E-010
           7          25  -6.0700316508847853E-011
           7          26   6.8837395766170647E-012
           7          27  -5.4617560076495462E-010
           7          28  -2.9013299870215113E-009
           7          29   1.5237915232248623E-010
           7          30  -3.9496020137624419E-009
           7          31  -1.5154583583001083E-009
           7          32  -8.3840267211922962E-010
           7          33  -2.8719861941675277E-009
           7          34   1.6003922246374449E-008
           7          35  -8.7957013486044364E-010
           7          36   1.6134033643172080E-008
           7          37   8.7865704669041972E-012
           7          38   6.5843143614358242E-010
           7          39   1.0290823139978343E-008
           7          40   1.8928644446325141E-008
           7          41   1.1968287264103579E-009
           7          42   2.0101123190380341E-008
           7          43   1.1938290778726305E-009
           7          44  -2.2941461511597105E-009
           7          45   2.2072119752089126E-008
           7          46  -1.9194878779856654E-002
           7          47   3.6186805587194845E-004
           7          48  -8.0507806715973424E-003
           7          49   2.6982701171623076E-003
           7          50  -1.4845542246822016E-004
           7          51  -3.1883017259804630E-004
           7          52  -6.5556149876924014E-004
           7          53  -8.6105122507460791E-003
           7          54   1.1098821644267821E-003
           7          55  -9.5779559406597220E-004
           8           1  -1.4378267174983552E-010
           8           2  -1.6422425580448382E-010
           8           3  -7.9570655608336527E-010
           8           4   1.8158149940985793E-008
           8           5  -6.9336030037822001E-009
           8           6  -3.9629384054503586E-008
           8           7   1.0179185462235724E-002
           8           8   1.0245618998784884     
           8           9   1.0203043727248956E-002
           8          10   4.2831440181025759E-003
           8          11  0.50645410234450050     
           8          12   4.2931918726875429E-003
           8          13  -7.6935832710830349E-003
           8          14   7.1346763640584121E-002
           8          15  -7.7114843466579343E-003
           8          16  -3.2211456684937710E-002
           8          17   1.5753144548425295E-002
           8          18  -3.2286488674897279E-002
           8          19  -2.0729540460338806E-002
           8          20  -1.9389154568056090E-002
           8          21  -2.0777815482753221E-002
           8          22  -9.8187467134855107E-010
           8          23  -7.1107827495530532E-010
           8          24  -4.4998157029033310E-010
           8          25  -1.6499112464701754E-010
           8          26  -2.2724820400932324E-011
           8          27  -4.0928068367370058E-010
           8          28  -1.8047415118286441E-009
           8          29  -1.1368397707945026E-010
           8          30  -2.7864672987784120E-009
           8          31  -9.2870083383719986E-010
           8          32  -5.5334480323335219E-010
           8          33  -1.7983641302727659E-009
           8          34   8.8778422475131910E-009
           8          35  -4.2468903582142395E-010
           8          36   9.0556020165906514E-009
           8          37   2.3084523555557703E-010
           8          38   2.3713283497288099E-010
           8          39   5.4778951053441682E-009
           8          40   1.0881164715759134E-008
           8          41   5.2881637859566957E-010
           8          42   1.1493159042447000E-008
           8          43   4.7540754893032970E-010
           8          44  -1.8700947576723450E-009
           8          45   1.2694103905033701E-008
           8          46   2.3341983214151128E-003
           8          47  -1.0867349270330645E-002
           8          48   8.5031446480629850E-004
           8          49  -2.3131745634631669E-002
           8          50   1.1120105059604112E-003
           8          51  -1.0089423563710773E-004
           8          52   8.5229634178371374E-004
           8          53   1.1098825657723604E-003
           8          54  -1.0867757218724652E-002
           8          55   2.3399809601566601E-003
           9           1  -1.4037755548920863E-010
           9           2  -1.3906889485228897E-010
           9           3  -4.7452719379696457E-010
           9           4   1.2466404712042341E-008
           9           5  -1.9211442516103800E-009
           9           6  -2.9163513226349894E-008
           9           7  -4.1762254579856464E-003
           9           8   1.0203043727248956E-002
           9           9   1.0452449676965108     
           9          10  -1.7572492653051362E-003
           9          11   4.2931936210312003E-003
           9          12  0.51515703792849288     
           9          13   3.1564525926616009E-003
           9          14  -7.7114929398923076E-003
           9          15   5.5714464264618499E-002
           9          16   1.3215457482234037E-002
           9          17  -3.2286465757837009E-002
           9          18  -4.9696262396790175E-002
           9          19   8.5047080833510966E-003
           9          20  -2.0777819413060613E-002
           9          21  -6.1508787044903979E-002
           9          22  -1.1335890133500072E-009
           9          23  -3.4753821688906528E-010
           9          24  -3.2207959857320910E-010
           9          25  -3.1457157898534566E-010
           9          26  -3.1112719999237898E-011
           9          27  -4.4529108860318220E-010
           9          28  -1.5137725733266765E-009
           9          29  -4.2777657053307279E-010
           9          30  -2.8613812322284368E-009
           9          31  -7.5109489180704895E-010
           9          32  -5.1351898500858989E-010
           9          33  -1.5259035132691456E-009
           9          34   5.6617015023305124E-009
           9          35  -1.6059652620672047E-010
           9          36   5.9621951907726812E-009
           9          37   5.5477250344767226E-010
           9          38  -7.7888604717205603E-011
           9          39   3.0715054830294745E-009
           9          40   7.6271906251715500E-009
           9          41   9.5855074952190459E-011
           9          42   7.9507011936064202E-009
           9          43  -3.2548752452308650E-011
           9          44  -2.2700484131579528E-009
           9          45   8.9110850349372736E-009
           9          46  -9.5766589232893894E-004
           9          47   1.1120045284690972E-003
           9          48  -6.5556570871961955E-004
           9          49   2.7045456708311914E-003
           9          50  -8.6131490941952788E-003
           9          51  -3.1755950417849239E-004
           9          52  -8.0538249462900786E-003
           9          53  -1.4864874607311662E-004
           9          54   3.6316339865382426E-004
           9          55  -1.9197867536904653E-002
          10           1  -1.1478216168565083E-010
          10           2  -1.3338318121874259E-010
          10           3  -7.3467799289363767E-010
          10           4   1.5806936240304011E-008
          10           5  -7.3490946470194430E-009
          10           6  -3.3470809102512901E-008
          10           7  0.51516527298174508     
          10           8   4.2831440181025759E-003
          10           9  -1.7572492653051362E-003
          10          10  0.25399603253191266     
          10          11   1.7804227496740651E-003
          10          12  -7.3045553652970312E-004
          10          13   2.6200974566851425E-002
          10          14  -4.2861513804317349E-003
          10          15   1.7584875857728152E-003
          10          16  -2.9775696011458939E-002
          10          17  -1.7746235201705412E-002
          10          18   7.2807674878270787E-003
          10          19  -3.3762317032601054E-002
          10          20  -1.1415888323316623E-002
          10          21   4.6836003345480087E-003
          10          22  -5.9667268147177105E-010
          10          23  -7.0732105127957925E-010
          10          24  -4.1863944661634124E-010
          10          25  -3.0824027538306009E-011
          10          26   3.6102095284526648E-012
          10          27  -2.7245057871541568E-010
          10          28  -1.4419151705881433E-009
          10          29   7.3446727620037106E-011
          10          30  -1.9634873041267046E-009
          10          31  -7.5096408146009087E-010
          10          32  -4.1513939887029461E-010
          10          33  -1.4276948216672955E-009
          10          34   7.9085561258359779E-009
          10          35  -4.3076049435886394E-010
          10          36   7.9706555985690968E-009
          10          37   4.7610278575396821E-012
          10          38   3.2495994082758347E-010
          10          39   5.0810353686916876E-009
          10          40   9.3715731010150473E-009
          10          41   5.8644225103173554E-010
          10          42   9.9556757779365214E-009
          10          43   5.8930150555131557E-010
          10          44  -1.1391214782486248E-009
          10          45   1.0931439308324459E-008
          10          46  -9.1335089993321711E-003
          10          47   2.0999863220490695E-004
          10          48  -3.8028094932930400E-003
          10          49   1.4849350737525275E-003
          10          50  -8.6151955658519898E-005
          10          51  -1.6881222686640507E-004
          10          52  -3.6112238214561156E-004
          10          53  -4.0991729434379960E-003
          10          54   6.1058985157363098E-004
          10          55  -5.2677922091195714E-004
          11           1  -7.8449397362020809E-011
          11           2  -8.5594223290924721E-011
          11           3  -3.8569374528918500E-010
          11           4   8.9825883115773154E-009
          11           5  -3.4089147098476425E-009
          11           6  -1.9613658787020242E-008
          11           7   4.2831455623429261E-003
          11           8  0.50645410234450050     
          11           9   4.2931936210312003E-003
          11          10   1.7804227496740651E-003
          11          11  0.25037494759253964     
          11          12   1.7846041737198750E-003
          11          13  -4.2861501750353272E-003
          11          14   3.4918021739559435E-002
          11          15  -4.2961241081025826E-003
          11          16  -1.7746230932976031E-002
          11          17   6.3161526372843627E-003
          11          18  -1.7787567186089769E-002
          11          19  -1.1415889495302464E-002
          11          20  -1.0544976030638385E-002
          11          21  -1.1442474773015035E-002
          11          22  -4.8597219533530333E-010
          11          23  -3.5172515332030829E-010
          11          24  -2.2292751594186721E-010
          11          25  -8.1417508047994697E-011
          11          26  -1.0869302332236572E-011
          11          27  -2.0299512382600786E-010
          11          28  -8.9555410816637331E-010
          11          29  -5.7013962075303852E-011
          11          30  -1.3804361321283928E-009
          11          31  -4.6049873560021865E-010
          11          32  -2.7334868813382935E-010
          11          33  -8.9090174980503377E-010
          11          34   4.3873844771528802E-009
          11          35  -2.0904662107217647E-010
          11          36   4.4746184254760754E-009
          11          37   1.1367074891100441E-010
          11          38   1.1629844900536152E-010
          11          39   2.7040555233843733E-009
          11          40   5.3828884744266279E-009
          11          41   2.6056223855560309E-010
          11          42   5.6868661627180775E-009
          11          43   2.3510828197411318E-010
          11          44  -9.2598141865680785E-010
          11          45   6.2821283601969251E-009
          11          46   1.2837866432687962E-003
          11          47  -5.3407353335328811E-003
          11          48   4.7986388979530707E-004
          11          49  -1.1325559360317306E-002
          11          50   6.1175962811997218E-004
          11          51  -5.8748207164449048E-005
          11          52   4.8098223462695894E-004
          11          53   6.1059018395151759E-004
          11          54  -5.3409727441015888E-003
          11          55   1.2869676974947611E-003
          12           1  -6.8646819783788109E-011
          12           2  -6.9327346851084970E-011
          12           3  -2.3103242650696480E-010
          12           4   6.1524937673409206E-009
          12           5  -9.5488729108676821E-010
          12           6  -1.4398666664876978E-008
          12           7  -1.7572506671902155E-003
          12           8   4.2931918726875429E-003
          12           9  0.51515703792849288     
          12          10  -7.3045553652970312E-004
          12          11   1.7846041737198750E-003
          12          12  0.25399260570849513     
          12          13   1.7584824732135539E-003
          12          14  -4.2961285583724591E-003
          12          15   2.6209153729652521E-002
          12          16   7.2807811782636608E-003
          12          17  -1.7787556250170294E-002
          12          18  -2.9741834439795438E-002
          12          19   4.6835971248932974E-003
          12          20  -1.1442476900987774E-002
          12          21  -3.3740525307328122E-002
          12          22  -5.6049156885602282E-010
          12          23  -1.7404584955030691E-010
          12          24  -1.5875491514987274E-010
          12          25  -1.5431017915991902E-010
          12          26  -1.4655567968719724E-011
          12          27  -2.1931579708608349E-010
          12          28  -7.4897371045549634E-010
          12          29  -2.1154680911269079E-010
          12          30  -1.4108114907526661E-009
          12          31  -3.7292387579173994E-010
          12          32  -2.5267524093528184E-010
          12          33  -7.5102853821072060E-010
          12          34   2.7985733722187826E-009
          12          35  -8.1207595765046176E-011
          12          36   2.9476979661899874E-009
          12          37   2.7272793376295698E-010
          12          38  -4.0188185756130087E-011
          12          39   1.5150974377469069E-009
          12          40   3.7655910846913419E-009
          12          41   5.0500691589037975E-011
          12          42   3.9245352593341355E-009
          12          43  -1.5007183392375557E-011
          12          44  -1.1208495154884968E-009
          12          45   4.4017549007147212E-009
          12          46  -5.2670694922302987E-004
          12          47   6.1175657370197002E-004
          12          48  -3.6112446758790556E-004
          12          49   1.4883892581726216E-003
          12          50  -4.1006131125837404E-003
          12          51  -1.6812727372348725E-004
          12          52  -3.8044868192042931E-003
          12          53  -8.6258464048137996E-005
          12          54   2.1073819758543556E-004
          12          55  -9.1351769394355329E-003
          13           1  -4.5757429263495251E-012
          13           2  -5.7343391134104781E-012
          13           3  -1.6467155060531740E-010
          13           4   2.4281405798952603E-009
          13           5  -1.1023674592169282E-009
          13           6  -4.8525208804176430E-009
          13           7   5.5699783483987027E-002
          13           8  -7.6935832710830349E-003
          13           9   3.1564525926616009E-003
          13          10   2.6200974566851425E-002
          13          11  -4.2861501750353272E-003
          13          12   1.7584824732135539E-003
          13          13   2.3000328034731444E-002
          13          14   5.9788256063107881E-003
          13          15  -2.4529349577404255E-003
          13          16   8.1389215293495992E-002
          13          17   2.7384987028211922E-002
          13          18  -1.1235279044209082E-002
          13          19   5.1538792041968276E-002
          13          20   1.8120146920440748E-002
          13          21  -7.4341456464565138E-003
          13          22  -8.9107629555005399E-011
          13          23  -1.0582600514490842E-010
          13          24  -6.2107427789987057E-011
          13          25  -4.1854770604357207E-012
          13          26   2.5969802084225931E-013
          13          27  -4.0305516719317887E-011
          13          28  -2.1427443199576887E-010
          13          29   1.1268028253092920E-011
          13          30  -2.8698692768750703E-010
          13          31  -1.1101976354463123E-010
          13          32  -6.2436655277808564E-011
          13          33  -2.1254343040530790E-010
          13          34   1.1738673797245293E-009
          13          35  -6.4581150468566154E-011
          13          36   1.1853529840035853E-009
          13          37   1.6099003965341945E-013
          13          38   4.7410429815526164E-011
          13          39   7.5202792852181451E-010
          13          40   1.3622648438302359E-009
          13          41   8.6892341784180802E-011
          13          42   1.4464807822299486E-009
          13          43   9.2483748220307425E-011
          13          44  -1.7373224181868896E-010
          13          45   1.5920942733283819E-009
          13          46  -6.2942870873187295E-003
          13          47  -2.8592698307669420E-004
          13          48  -3.0692899814840678E-003
          13          49  -1.8377917464641826E-003
          13          50   1.1730489945264533E-004
          13          51   1.5839335708525671E-004
          13          52   4.8040524313008696E-004
          13          53  -2.7912140505510388E-003
          13          54  -7.3548818025272070E-004
          13          55   6.2084088477956482E-004
          14           1  -2.0073566858000055E-012
          14           2  -1.6883964376429713E-012
          14           3  -1.0115381978551163E-010
          14           4   1.3918626957745633E-009
          14           5  -4.6625076114155122E-010
          14           6  -2.8916755793166258E-009
          14           7  -7.6935855243830059E-003
          14           8   7.1346763640584121E-002
          14           9  -7.7114929398923076E-003
          14          10  -4.2861513804317349E-003
          14          11   3.4918021739559435E-002
          14          12  -4.2961285583724591E-003
          14          13   5.9788256063107881E-003
          14          14   1.0840741251466439E-002
          14          15   5.9927515003988015E-003
          14          16   2.7384987330006934E-002
          14          17   2.5694297233462775E-002
          14          18   2.7448765819765297E-002
          14          19   1.8120146627366780E-002
          14          20   1.4686513890635028E-002
          14          21   1.8162348645535297E-002
          14          22  -7.2544829429191596E-011
          14          23  -5.2307812313867068E-011
          14          24  -3.3008429371649279E-011
          14          25  -1.2180115549840040E-011
          14          26  -1.8853268056963552E-012
          14          27  -3.0361752197882084E-011
          14          28  -1.3382914273975189E-010
          14          29  -7.9558307339555731E-012
          14          30  -2.0297341862724203E-010
          14          31  -6.7291228762110378E-011
          14          32  -4.0978865270841287E-011
          14          33  -1.3325698267825775E-010
          14          34   6.4809699098073997E-010
          14          35  -3.2397980487357262E-011
          14          36   6.6318707173874072E-010
          14          37   1.7184467843614073E-011
          14          38   1.7603231028143964E-011
          14          39   3.9765065271424575E-010
          14          40   7.9380557166495253E-010
          14          41   3.9865871533782035E-011
          14          42   8.3848928863593834E-010
          14          43   3.6325099997523558E-011
          14          44  -1.3919766498182468E-010
          14          45   9.2687998117655257E-010
          14          46  -1.5129204892528089E-003
          14          47  -1.2959644469627760E-003
          14          48  -7.2178554442989447E-004
          14          49  -3.4449506787265485E-003
          14          50  -7.3679315531102556E-004
          14          51   1.4164780723831190E-004
          14          52  -7.2346647489931559E-004
          14          53  -7.3549044794663128E-004
          14          54  -1.2953938456339779E-003
          14          55  -1.5167493920794019E-003
          15           1  -1.1175913698963146E-011
          15           2  -1.1209545216898894E-011
          15           3  -3.1353607038503986E-011
          15           4   8.9760179548840116E-010
          15           5  -7.5440326200228716E-011
          15           6  -2.2171590317995213E-009
          15           7   3.1564627780116920E-003
          15           8  -7.7114843466579343E-003
          15           9   5.5714464264618499E-002
          15          10   1.7584875857728152E-003
          15          11  -4.2961241081025826E-003
          15          12   2.6209153729652521E-002
          15          13  -2.4529349577404255E-003
          15          14   5.9927515003988015E-003
