           1           1  0.40125470120183676     
           1           2  0.64580873248288917     
           1           3 -0.26258132679494262     
           1           4 -0.10162791304118533     
           1           5  0.16946640689042489     
           1           6  -1.2757157609849957E-002
           1           7   1.0535883104409117E-015
           1           8   4.9808948600283003E-016
           1           9   1.4693331370044301E-015
           1          10  -9.3011145229979556E-016
           1          11  -3.8334438127018750E-015
           1          12   2.6926918681395655E-015
           1          13   1.1778710040785294E-015
           1          14  -3.7676978375911056E-015
           1          15   3.0638615943264573E-015
           1          16  -1.1224617561753213E-015
           1          17   5.8559277446494761E-015
           1          18  -8.0810390859670964E-015
           1          19   4.3218508446558930E-015
           1          20  -5.8166080339102723E-015
           1          21   4.8735926396582196E-015
           1          22  -2.6862627444856513E-002
           1          23   1.0195607356190369E-003
           1          24  -2.7499243018967195E-002
           1          25   3.2545719898925560E-004
           1          26  -4.6881172785732435E-004
           1          27  -2.6395620674265027E-002
           2           1  0.64580873248288917     
           2           2   1.0737430534621621     
           2           3 -0.65433838996003701     
           2           4 -0.25888625154831557     
           2           5  0.45750405060687416     
           2           6  -3.3909856524513365E-002
           2           7   2.5425147124372184E-015
           2           8   1.5813080666656449E-015
           2           9   3.1092811762384419E-015
           2          10  -2.6442521283129996E-015
           2          11  -7.6190509949484050E-015
           2          12   3.5952585309445815E-015
           2          13  -3.8106125460689295E-016
           2          14  -1.2565636773787913E-014
           2          15   1.0734006516791900E-014
           2          16   5.2330829488591309E-016
           2          17   1.4505243541195523E-014
           2          18  -2.1021793035766777E-014
           2          19   7.9902870292961764E-015
           2          20  -1.4208768068509000E-014
           2          21   1.2475164464648745E-014
           2          22  -7.3403513889773064E-002
           2          23   2.7936912224516622E-003
           2          24  -7.5148358378847896E-002
           2          25   8.9178915669604918E-004
           2          26  -1.2845914864518372E-003
           2          27  -7.2123517205294974E-002
           3           1 -0.26258132679494262     
           3           2 -0.65433838996003701     
           3           3   1.9011928462737147     
           3           4  0.61455650245879334     
           3           5  -2.0076281245242598     
           3           6  0.19773736593806832     
           3           7  -1.1055103369847627E-014
           3           8  -1.3489231986803465E-014
           3           9  -5.5946225644970488E-015
           3          10   9.6788998204955107E-015
           3          11   1.7370546126845008E-014
           3          12   9.0888022412054837E-015
           3          13   2.8269044478911713E-014
           3          14   8.1817220565315516E-014
           3          15  -6.3902857587241987E-014
           3          16  -2.6696980279210436E-014
           3          17  -5.5365907231512507E-014
           3          18   9.0660547721051770E-014
           3          19  -1.5717701896526366E-014
           3          20   5.6526729794976119E-014
           3          21  -5.3346252217379869E-014
           3          22  0.35273067560778271     
           3          23  -7.9295669880057890E-003
           3          24  0.35768814978578378     
           3          25  -2.5313058438189897E-003
           3          26   3.6462036052377533E-003
           3          27  0.34909373664416016     
           4           1 -0.10162791304118533     
           4           2 -0.25888625154831557     
           4           3  0.61455650245879334     
           4           4  0.43657052116017836     
           4           5 -0.61432527984753160     
           4           6  -2.9586612156283994E-002
           4           7   6.9142521176996391E-016
           4           8   3.5862640172740360E-015
           4           9  -2.7335121269314188E-015
           4          10   2.4012501038320055E-015
           4          11   7.1004039580784532E-015
           4          12  -1.0688139454768212E-015
           4          13  -3.0079700574857956E-015
           4          14  -7.0011007954414875E-015
           4          15  -5.9883806671706513E-015
           4          16  -2.1112592849494384E-015
           4          17  -1.0847977888931869E-014
           4          18   8.4104266354890025E-015
           4          19  -1.1111747352883190E-015
           4          20   5.0347421615030465E-015
           4          21  -4.1905582738346595E-015
           4          22   6.8613213582503829E-002
           4          23  -1.0949662092059866E-002
           4          24   7.5465362570110064E-002
           4          25  -3.4954795656989817E-003
           4          26   5.0349686670069808E-003
           4          27   6.3586029572450575E-002
           5           1  0.16946640689042489     
           5           2  0.45750405060687416     
           5           3  -2.0076281245242598     
           5           4 -0.61432527984753160     
           5           5   7.5337185223825394     
           5           6 -0.64562545068272592     
           5           7   4.1172648268545764E-014
           5           8   7.6180250092855860E-014
           5           9  -6.8699906536486159E-015
           5          10  -8.0654973948739474E-015
           5          11  -4.7726439135572284E-014
           5          12  -4.7928198326047155E-014
           5          13  -9.3173321262880687E-014
           5          14  -2.2868608068394660E-013
           5          15   1.8744911388036963E-013
           5          16   1.0587301613471045E-013
           5          17   1.5733998098762464E-013
           5          18  -2.5931309457484740E-013
           5          19   4.0189345053500630E-014
           5          20  -1.5488102811529426E-013
           5          21   1.5315403115976826E-013
           5          22  -1.3278320315937255     
           5          23   4.0111286563205735E-002
           5          24  -1.3529692792381698     
           5          25   1.2805279946620771E-002
           5          26  -1.8444615220679667E-002
           5          27  -1.3093882722871617     
           6           1  -1.2757157609849957E-002
           6           2  -3.3909856524513365E-002
           6           3  0.19773736593806832     
           6           4  -2.9586612156283994E-002
           6           5 -0.64562545068272592     
           6           6  0.12089357239609116     
           6           7  -6.8336882914139325E-015
           6           8  -1.3220914920948563E-014
           6           9   8.1504832458593589E-017
           6          10  -1.5428979985852492E-016
           6          11   3.7184206562497640E-015
           6          12   6.1598080900562526E-015
           6          13   1.6656147078841199E-014
           6          14   4.2875161895336525E-014
           6          15  -2.5346491426894873E-014
           6          16  -1.4062668558505495E-014
           6          17  -1.7256485850528474E-014
           6          18   3.5377292633074727E-014
           6          19  -5.7836975922863186E-015
           6          20   2.1482485532759334E-014
           6          21  -2.1403554673705839E-014
           6          22  0.14619135956036045     
           6          23   3.1212978565829204E-003
           6          24  0.14423547912487603     
           6          25   9.9645236129519178E-004
           6          26  -1.4352836298029273E-003
           6          27  0.14762642481413180     
           7           1   1.0535883104409117E-015
           7           2   2.5425147124372184E-015
           7           3  -1.1055103369847627E-014
           7           4   6.9142521176996391E-016
           7           5   4.1172648268545764E-014
           7           6  -6.8336882914139325E-015
           7           7  0.71364371088493006     
           7           8  -5.3952386713716285E-002
           7           9  -1.7235488657722016E-002
           7          10  0.62145088283479510     
           7          11   1.8499045730849987E-002
           7          12   5.9096568714144615E-003
           7          13 -0.17546835226439472     
           7          14  0.16023345720562912     
           7          15   5.1187762070806019E-002
           7          16   7.3272160965939553E-002
           7          17  -3.4351946252760807E-002
           7          18  -1.0973983100164914E-002
           7          19  -3.0438766086667471E-002
           7          20   1.9294453034127974E-002
           7          21   6.1637556127241084E-003
           7          22  -8.1651957425106147E-015
           7          23   7.7278391371710577E-017
           7          24  -9.2730086792513401E-015
           7          25   1.4648854095531411E-016
           7          26   1.3210611530356827E-016
           7          27  -8.8134621447183276E-015
           8           1   4.9808948600283003E-016
           8           2   1.5813080666656449E-015
           8           3  -1.3489231986803465E-014
           8           4   3.5862640172740360E-015
           8           5   7.6180250092855860E-014
           8           6  -1.3220914920948563E-014
           8           7  -5.3952386713716285E-002
           8           8  0.75385508045072325     
           8           9   2.4816273525829290E-002
           8          10   1.8499045730848804E-002
           8          11  0.60766331921049566     
           8          12  -8.5089355037919132E-003
           8          13  0.16023345720563026     
           8          14 -0.29489229542913808     
           8          15  -7.3701972131499593E-002
           8          16  -3.4351946252761868E-002
           8          17   9.8875084028528071E-002
           8          18   1.5800733689061736E-002
           8          19   1.9294453034128377E-002
           8          20  -4.4819156441632604E-002
           8          21  -8.8747959671683085E-003
           8          22  -1.7476891545136850E-014
           8          23  -2.6687386469557589E-016
           8          24  -1.6188309184027573E-014
           8          25   7.9168592555641929E-017
           8          26  -5.2285648339310850E-016
           8          27  -1.7303026627900632E-014
           9           1   1.4693331370044301E-015
           9           2   3.1092811762384419E-015
           9           3  -5.5946225644970488E-015
           9           4  -2.7335121269314188E-015
           9           5  -6.8699906536486159E-015
           9           6   8.1504832458593589E-017
           9           7  -1.7235488657722016E-002
           9           8   2.4816273525829290E-002
           9           9  0.68410024477315468     
           9          10   5.9096568714153870E-003
           9          11  -8.5089355037894967E-003
           9          12  0.63158066511023081     
           9          13   5.1187762070805422E-002
           9          14  -7.3701972131501717E-002
           9          15  -8.7727067749084967E-002
           9          16  -1.0973983100164493E-002
           9          17   1.5800733689062173E-002
           9          18   5.4461583310175962E-002
           9          19   6.1637556127230016E-003
           9          20  -8.8747959671675175E-003
           9          21  -1.9873431463313482E-002
           9          22   1.4517066235163681E-015
           9          23  -2.3294408893233068E-017
           9          24   1.3260092389305653E-015
           9          25   3.9149310222656041E-016
           9          26   3.1032696427744622E-016
           9          27   1.8853907445367989E-015
          10           1  -9.3011145229979556E-016
          10           2  -2.6442521283129996E-015
          10           3   9.6788998204955107E-015
          10           4   2.4012501038320055E-015
          10           5  -8.0654973948739474E-015
          10           6  -1.5428979985852492E-016
          10           7  0.62145088283479510     
          10           8   1.8499045730848804E-002
          10           9   5.9096568714153870E-003
          10          10  0.66254073736114694     
          10          11  -6.4066190453797248E-003
          10          12  -2.0466418006249822E-003
          10          13  -1.0322713216187079E-002
          10          14  -5.5391005266056323E-002
          10          15  -1.7695065986018992E-002
          10          16   3.4558126923535652E-002
          10          17   1.1520631472300823E-002
          10          18   3.6803508642557292E-003
          10          19  -9.9327292175181089E-003
          10          20  -6.5804599276571710E-003
          10          21  -2.1021765551804622E-003
          10          22   1.5404393052203454E-015
          10          23   2.6286378385820894E-016
          10          24   6.0634033541444982E-016
          10          25   3.2501416277697919E-017
          10          26   3.2968302022235417E-016
          10          27   1.3857520737844252E-015
          11           1  -3.8334438127018750E-015
          11           2  -7.6190509949484050E-015
          11           3   1.7370546126845008E-014
          11           4   7.1004039580784532E-015
          11           5  -4.7726439135572284E-014
          11           6   3.7184206562497640E-015
          11           7   1.8499045730849987E-002
          11           8  0.60766331921049566     
          11           9  -8.5089355037894967E-003
          11          10  -6.4066190453797248E-003
          11          11  0.66731566840298473     
          11          12   2.9468281255197581E-003
          11          13  -5.5391005266054665E-002
          11          14   3.0960876241926422E-002
          11          15   2.5477989414006846E-002
          11          16   1.1520631472298579E-002
          11          17   2.5971660263179559E-002
          11          18  -5.2991009151039815E-003
          11          19  -6.5804599276556332E-003
          11          20  -5.0282324532127769E-003
          11          21   3.0267890530377333E-003
          11          22   7.4459897860617304E-015
          11          23  -3.9723583431446176E-016
          11          24   8.7259935180598264E-015
          11          25   3.7997170491098220E-016
          11          26  -5.4785509290279996E-016
          11          27   7.0279531879134885E-015
          12           1   2.6926918681395655E-015
          12           2   3.5952585309445815E-015
          12           3   9.0888022412054837E-015
          12           4  -1.0688139454768212E-015
          12           5  -4.7928198326047155E-014
          12           6   6.1598080900562526E-015
          12           7   5.9096568714144615E-003
          12           8  -8.5089355037919132E-003
          12           9  0.63158066511023081     
          12          10  -2.0466418006249822E-003
          12          11   2.9468281255197581E-003
          12          12  0.65903257499453960     
          12          13  -1.7695065986019377E-002
          12          14   2.5477989414006114E-002
          12          15  -4.0653943892941545E-002
          12          16   3.6803508642554925E-003
          12          17  -5.2991009151045088E-003
          12          18   4.0866640897056411E-002
          12          19  -2.1021765551815230E-003
          12          20   3.0267890530394806E-003
          12          21  -1.3536084077504871E-002
          12          22   9.8746064206443641E-015
          12          23   1.1549860763118289E-018
          12          24   9.7907684366179677E-015
          12          25   4.8064139383345892E-016
          12          26   3.7847179426978621E-016
          12          27   9.8865023587928105E-015
          13           1   1.1778710040785294E-015
          13           2  -3.8106125460689295E-016
          13           3   2.8269044478911713E-014
          13           4  -3.0079700574857956E-015
          13           5  -9.3173321262880687E-014
          13           6   1.6656147078841199E-014
          13           7 -0.17546835226439472     
          13           8  0.16023345720563026     
          13           9   5.1187762070805422E-002
          13          10  -1.0322713216187079E-002
          13          11  -5.5391005266054665E-002
          13          12  -1.7695065986019377E-002
          13          13  0.33961688988576727     
          13          14 -0.47724636795478242     
          13          15 -0.15245987921658136     
          13          16  -7.6005199247097296E-002
          13          17  0.10169290590908128     
          13          18   3.2486550329390240E-002
          13          19   4.1688308418375369E-002
          13          20  -5.7310005759979701E-002
          13          21  -1.8308104875709608E-002
          13          22   2.0134367439581958E-014
          13          23   3.9712417628983863E-016
          13          24   2.0753907962607545E-014
          13          25  -2.2418964461922849E-016
          13          26  -2.4845532154076669E-017
          13          27   2.1310319930303444E-014
          14           1  -3.7676978375911056E-015
          14           2  -1.2565636773787913E-014
          14           3   8.1817220565315516E-014
          14           4  -7.0011007954414875E-015
          14           5  -2.2868608068394660E-013
          14           6   4.2875161895336525E-014
          14           7  0.16023345720562912     
          14           8 -0.29489229542913808     
          14           9  -7.3701972131501717E-002
          14          10  -5.5391005266056323E-002
          14          11   3.0960876241926422E-002
          14          12   2.5477989414006114E-002
          14          13 -0.47724636795478242     
          14          14  0.69531440846998072     
          14          15  0.21951719150466856     
          14          16  0.10169290590907964     
          14          17 -0.15179815801699162     
          14          18  -4.6775298043179835E-002
          14          19  -5.7310005759977807E-002
          14          20   8.4402152268526598E-002
          14          21   2.6360664751540790E-002
          14          22   5.2397271579235113E-014
          14          23   1.0845014477887544E-015
          14          24   5.0560331505963986E-014
          14          25   8.3994465575640455E-016
          14          26  -6.3366547662932192E-016
          14          27   5.1533364802660994E-014
          15           1   3.0638615943264573E-015
          15           2   1.0734006516791900E-014
          15           3  -6.3902857587241987E-014
          15           4  -5.9883806671706513E-015
          15           5   1.8744911388036963E-013
          15           6  -2.5346491426894873E-014
          15           7   5.1187762070806019E-002
          15           8  -7.3701972131499593E-002
          15           9  -8.7727067749084967E-002
          15          10  -1.7695065986018992E-002
          15          11   2.5477989414006846E-002
          15          12  -4.0653943892941545E-002
          15          13 -0.15245987921658136     
          15          14  0.21951719150466856     
          15          15   7.8284393633872865E-002
          15          16   3.2486550329389664E-002
          15          17  -4.6775298043179765E-002
          15          18  -2.0319786561365367E-002
          15          19  -1.8308104875709830E-002
          15          20   2.6360664751542029E-002
          15          21   1.0306263690306443E-002
          15          22  -3.7274412320580326E-014
          15          23   6.3620465448097253E-017
          15          24  -3.7626677660843515E-014
          15          25   1.4395860482450880E-016
          15          26  -9.5440643911845081E-017
          15          27  -3.7757336902689067E-014
          16           1  -1.1224617561753213E-015
          16           2   5.2330829488591309E-016
          16           3  -2.6696980279210436E-014
          16           4  -2.1112592849494384E-015
          16           5   1.0587301613471045E-013
          16           6  -1.4062668558505495E-014
          16           7   7.3272160965939553E-002
          16           8  -3.4351946252761868E-002
          16           9  -1.0973983100164493E-002
          16          10   3.4558126923535652E-002
          16          11   1.1520631472298579E-002
          16          12   3.6803508642554925E-003
          16          13  -7.6005199247097296E-002
          16          14  0.10169290590907964     
          16          15   3.2486550329389664E-002
          16          16   1.8901821402452688E-002
          16          17  -2.1687445814341524E-002
          16          18  -6.9282148411949004E-003
          16          19  -9.8190728218140282E-003
          16          20   1.2216845251380015E-002
          16          21   3.9027615011822687E-003
          16          22  -2.1064570770349102E-014
          16          23   6.1411067388097629E-017
          16          24  -2.1328049084437362E-014
          16          25   9.4643276800388029E-017
          16          26  -5.5212562915065805E-017
          16          27  -2.1265957316587835E-014
          17           1   5.8559277446494761E-015
          17           2   1.4505243541195523E-014
          17           3  -5.5365907231512507E-014
          17           4  -1.0847977888931869E-014
          17           5   1.5733998098762464E-013
          17           6  -1.7256485850528474E-014
          17           7  -3.4351946252760807E-002
          17           8   9.8875084028528071E-002
          17           9   1.5800733689062173E-002
          17          10   1.1520631472300823E-002
          17          11   2.5971660263179559E-002
          17          12  -5.2991009151045088E-003
          17          13  0.10169290590908128     
          17          14 -0.15179815801699162     
          17          15  -4.6775298043179765E-002
          17          16  -2.1687445814341524E-002
          17          17   3.5065738361422932E-002
          17          18   9.9754917286768007E-003
          17          19   1.2216845251379834E-002
          17          20  -1.8924436073641214E-002
          17          21  -5.6193357114958870E-003
          17          22  -2.9548961345494263E-014
          17          23   4.7246860315407595E-016
          17          24  -2.9568784888149474E-014
          17          25   6.0759270603743325E-017
          17          26  -2.2584862020955071E-016
          17          27  -2.9052183520692006E-014
          18           1  -8.0810390859670964E-015
          18           2  -2.1021793035766777E-014
          18           3   9.0660547721051770E-014
          18           4   8.4104266354890025E-015
          18           5  -2.5931309457484740E-013
          18           6   3.5377292633074727E-014
          18           7  -1.0973983100164914E-002
          18           8   1.5800733689061736E-002
          18           9   5.4461583310175962E-002
          18          10   3.6803508642557292E-003
          18          11  -5.2991009151039815E-003
          18          12   4.0866640897056411E-002
          18          13   3.2486550329390240E-002
          18          14  -4.6775298043179835E-002
          18          15  -2.0319786561365367E-002
          18          16  -6.9282148411949004E-003
          18          17   9.9754917286768007E-003
          18          18   7.0261221147288194E-003
          18          19   3.9027615011823255E-003
          18          20  -5.6193357114960821E-003
          18          21  -3.1293232915073715E-003
          18          22   5.1935495512663506E-014
          18          23  -6.5729993774350631E-017
          18          24   5.2025179564787992E-014
          18          25  -2.4045595614348290E-017
          18          26   5.6154634877821064E-017
          18          27   5.2034658122395197E-014
          19           1   4.3218508446558930E-015
          19           2   7.9902870292961764E-015
          19           3  -1.5717701896526366E-014
          19           4  -1.1111747352883190E-015
          19           5   4.0189345053500630E-014
          19           6  -5.7836975922863186E-015
          19           7  -3.0438766086667471E-002
          19           8   1.9294453034128377E-002
          19           9   6.1637556127230016E-003
          19          10  -9.9327292175181089E-003
          19          11  -6.5804599276556332E-003
          19          12  -2.1021765551815230E-003
          19          13   4.1688308418375369E-002
          19          14  -5.7310005759977807E-002
          19          15  -1.8308104875709830E-002
          19          16  -9.8190728218140282E-003
          19          17   1.2216845251379834E-002
          19          18   3.9027615011823255E-003
          19          19   5.2447854202986493E-003
          19          20  -6.8834451737234247E-003
          19          21  -2.1989674311763663E-003
          19          22  -8.2310571978081064E-015
          19          23  -1.7164342950264960E-017
          19          24  -8.1050982724568681E-015
          19          25  -4.7632370705560647E-017
          19          26   2.4189867376837456E-017
          19          27  -8.1147732040179133E-015
          20           1  -5.8166080339102723E-015
          20           2  -1.4208768068509000E-014
          20           3   5.6526729794976119E-014
          20           4   5.0347421615030465E-015
          20           5  -1.5488102811529426E-013
          20           6   2.1482485532759334E-014
          20           7   1.9294453034127974E-002
          20           8  -4.4819156441632604E-002
          20           9  -8.8747959671675175E-003
          20          10  -6.5804599276571710E-003
          20          11  -5.0282324532127769E-003
          20          12   3.0267890530394806E-003
          20          13  -5.7310005759979701E-002
          20          14   8.4402152268526598E-002
          20          15   2.6360664751542029E-002
          20          16   1.2216845251380015E-002
          20          17  -1.8924436073641214E-002
          20          18  -5.6193357114960821E-003
          20          19  -6.8834451737234247E-003
          20          20   1.0375100771040320E-002
          20          21   3.1661520209940518E-003
          20          22   3.1236156709116508E-014
          20          23  -1.1614932806488844E-017
          20          24   3.1094830330350983E-014
          20          25   5.1099770030087444E-017
          20          26  -9.6044601965274901E-019
          20          27   3.1069674382419959E-014
          21           1   4.8735926396582196E-015
          21           2   1.2475164464648745E-014
          21           3  -5.3346252217379869E-014
          21           4  -4.1905582738346595E-015
          21           5   1.5315403115976826E-013
          21           6  -2.1403554673705839E-014
          21           7   6.1637556127241084E-003
          21           8  -8.8747959671683085E-003
          21           9  -1.9873431463313482E-002
          21          10  -2.1021765551804622E-003
          21          11   3.0267890530377333E-003
          21          12  -1.3536084077504871E-002
          21          13  -1.8308104875709608E-002
          21          14   2.6360664751540790E-002
          21          15   1.0306263690306443E-002
          21          16   3.9027615011822687E-003
          21          17  -5.6193357114958870E-003
          21          18  -3.1293232915073715E-003
          21          19  -2.1989674311763663E-003
          21          20   3.1661520209940518E-003
          21          21   1.4755206739348998E-003
          21          22  -3.0918081825358389E-014
          21          23  -1.0753541216060698E-017
          21          24  -3.0944960168701314E-014
          21          25   5.1918395270436991E-018
          21          26  -6.5796587227682837E-018
          21          27  -3.0988980692267023E-014
          22           1  -2.6862627444856513E-002
          22           2  -7.3403513889773064E-002
          22           3  0.35273067560778271     
          22           4   6.8613213582503829E-002
          22           5  -1.3278320315937255     
          22           6  0.14619135956036045     
          22           7  -8.1651957425106147E-015
          22           8  -1.7476891545136850E-014
          22           9   1.4517066235163681E-015
          22          10   1.5404393052203454E-015
          22          11   7.4459897860617304E-015
          22          12   9.8746064206443641E-015
          22          13   2.0134367439581958E-014
          22          14   5.2397271579235113E-014
          22          15  -3.7274412320580326E-014
          22          16  -2.1064570770349102E-014
          22          17  -2.9548961345494263E-014
          22          18   5.1935495512663506E-014
          22          19  -8.2310571978081064E-015
          22          20   3.1236156709116508E-014
          22          21  -3.0918081825358389E-014
          22          22  0.25049822926979892     
          22          23  -3.8052729089169263E-003
          22          24  0.25288288446936363     
          22          25  -1.2148089861973694E-003
          22          26   1.7498011211170481E-003
          22          27  0.24874855702417215     
          23           1   1.0195607356190369E-003
          23           2   2.7936912224516622E-003
          23           3  -7.9295669880057890E-003
          23           4  -1.0949662092059866E-002
          23           5   4.0111286563205735E-002
          23           6   3.1212978565829204E-003
          23           7   7.7278391371710577E-017
          23           8  -2.6687386469557589E-016
          23           9  -2.3294408893233068E-017
          23          10   2.6286378385820894E-016
          23          11  -3.9723583431446176E-016
          23          12   1.1549860763118289E-018
          23          13   3.9712417628983863E-016
          23          14   1.0845014477887544E-015
          23          15   6.3620465448097253E-017
          23          16   6.1411067388097629E-017
          23          17   4.7246860315407595E-016
          23          18  -6.5729993774350631E-017
          23          19  -1.7164342950264960E-017
          23          20  -1.1614932806488844E-017
          23          21  -1.0753541216060698E-017
          23          22  -3.8052729089169263E-003
          23          23   8.7176294962809338E-004
          23          24  -4.3516009420680258E-003
          23          25   2.7830499202248092E-004
          23          26  -4.0086806418060416E-004
          23          27  -3.4044196481268943E-003
          24           1  -2.7499243018967195E-002
          24           2  -7.5148358378847896E-002
          24           3  0.35768814978578378     
          24           4   7.5465362570110064E-002
          24           5  -1.3529692792381698     
          24           6  0.14423547912487603     
          24           7  -9.2730086792513401E-015
          24           8  -1.6188309184027573E-014
          24           9   1.3260092389305653E-015
          24          10   6.0634033541444982E-016
          24          11   8.7259935180598264E-015
          24          12   9.7907684366179677E-015
          24          13   2.0753907962607545E-014
          24          14   5.0560331505963986E-014
          24          15  -3.7626677660843515E-014
          24          16  -2.1328049084437362E-014
          24          17  -2.9568784888149474E-014
          24          18   5.2025179564787992E-014
          24          19  -8.1050982724568681E-015
          24          20   3.1094830330350983E-014
          24          21  -3.0944960168701314E-014
          24          22  0.25288288446936363     
          24          23  -4.3516009420680258E-003
          24          24  0.25560992017292122     
          24          25  -1.3892208756201764E-003
          24          26   2.0010224694773076E-003
          24          27  0.25088199987324217     
          25           1   3.2545719898925560E-004
          25           2   8.9178915669604918E-004
          25           3  -2.5313058438189897E-003
          25           4  -3.4954795656989817E-003
          25           5   1.2805279946620771E-002
          25           6   9.9645236129519178E-004
          25           7   1.4648854095531411E-016
          25           8   7.9168592555641929E-017
          25           9   3.9149310222656041E-016
          25          10   3.2501416277697919E-017
          25          11   3.7997170491098220E-016
          25          12   4.8064139383345892E-016
          25          13  -2.2418964461922849E-016
          25          14   8.3994465575640455E-016
          25          15   1.4395860482450880E-016
          25          16   9.4643276800388029E-017
          25          17   6.0759270603743325E-017
          25          18  -2.4045595614348290E-017
          25          19  -4.7632370705560647E-017
          25          20   5.1099770030087444E-017
          25          21   5.1918395270436991E-018
          25          22  -1.2148089861973694E-003
          25          23   2.7830499202248092E-004
          25          24  -1.3892208756201764E-003
          25          25   8.8847167311768537E-005
          25          26  -1.2797467876592326E-004
          25          27  -1.0868390295795019E-003
          26           1  -4.6881172785732435E-004
          26           2  -1.2845914864518372E-003
          26           3   3.6462036052377533E-003
          26           4   5.0349686670069808E-003
          26           5  -1.8444615220679667E-002
          26           6  -1.4352836298029273E-003
          26           7   1.3210611530356827E-016
          26           8  -5.2285648339310850E-016
          26           9   3.1032696427744622E-016
          26          10   3.2968302022235417E-016
          26          11  -5.4785509290279996E-016
          26          12   3.7847179426978621E-016
          26          13  -2.4845532154076669E-017
          26          14  -6.3366547662932192E-016
          26          15  -9.5440643911845081E-017
          26          16  -5.5212562915065805E-017
          26          17  -2.2584862020955071E-016
          26          18   5.6154634877821064E-017
          26          19   2.4189867376837456E-017
          26          20  -9.6044601965274901E-019
          26          21  -6.5796587227682837E-018
          26          22   1.7498011211170481E-003
          26          23  -4.0086806418060416E-004
          26          24   2.0010224694773076E-003
          26          25  -1.2797467876592326E-004
          26          26   1.8433360235106138E-004
          26          27   1.5654743236179212E-003
          27           1  -2.6395620674265027E-002
          27           2  -7.2123517205294974E-002
          27           3  0.34909373664416016     
          27           4   6.3586029572450575E-002
          27           5  -1.3093882722871617     
          27           6  0.14762642481413180     
          27           7  -8.8134621447183276E-015
          27           8  -1.7303026627900632E-014
          27           9   1.8853907445367989E-015
          27          10   1.3857520737844252E-015
          27          11   7.0279531879134885E-015
          27          12   9.8865023587928105E-015
          27          13   2.1310319930303444E-014
          27          14   5.1533364802660994E-014
          27          15  -3.7757336902689067E-014
          27          16  -2.1265957316587835E-014
          27          17  -2.9052183520692006E-014
          27          18   5.2034658122395197E-014
          27          19  -8.1147732040179133E-015
          27          20   3.1069674382419959E-014
          27          21  -3.0988980692267023E-014
          27          22  0.24874855702417215     
          27          23  -3.4044196481268943E-003
          27          24  0.25088199987324217     
          27          25  -1.0868390295795019E-003
          27          26   1.5654743236179212E-003
          27          27  0.24718320498516014     
