           1           1  0.37925290928048022     
           1           2  0.61365714299428364     
           1           3 -0.13087269215501116     
           1           4 -0.14266136939131285     
           1           5   2.2569384813199714E-002
           1           6   3.0231111813578744E-002
           1           7   5.3368960430450845E-013
           1           8   3.8732098560321379E-013
           1           9   7.1589106019412196E-013
           1          10   1.5413149418011807E-012
           1          11   2.9838030635516834E-012
           1          12   2.2554451811533672E-012
           1          13  -7.6753306793823392E-013
           1          14  -4.0894538428206582E-012
           1          15  -1.9312942474594117E-012
           1          16   1.5634874947100128E-012
           1          17   5.5609851320728116E-012
           1          18   2.8692521696779871E-012
           1          19  -6.2967627269644979E-013
           1          20  -3.2748801866677630E-012
           1          21  -1.5602254514711667E-012
           1          22   1.2160390293525934E-003
           1          23   2.8186318530685637E-005
           1          24   1.2052666887939175E-003
           1          25  -5.5179649268643442E-005
           1          26  -4.4331388989872315E-005
           1          27   1.2608148839372013E-003
           2           1  0.61365714299428364     
           2           2   1.0229540155762433     
           2           3 -0.35254419924922065     
           2           4 -0.37207802111913335     
           2           5   5.8377833064514176E-002
           2           6   8.3132558764823103E-002
           2           7   1.2310643255229794E-012
           2           8   1.3260745998577220E-012
           2           9   1.7530616321430012E-012
           2          10   3.1656806789793606E-012
           2          11   6.1067428517301823E-012
           2          12   4.6878227111697805E-012
           2          13  -1.2068899333430469E-012
           2          14  -7.3506048819340032E-012
           2          15  -3.3859009568879116E-012
           2          16   3.0590786569435588E-012
           2          17   9.9805880090311135E-012
           2          18   5.2704902682588636E-012
           2          19  -1.0288910116782918E-012
           2          20  -6.0331784581390035E-012
           2          21  -2.8328672640820106E-012
           2          22   4.6668924702458646E-003
           2          23   7.5233042107560239E-005
           2          24   4.6381396570785646E-003
           2          25  -1.4728184067058846E-004
           2          26  -1.1832638761801037E-004
           2          27   4.7864051961248807E-003
           3           1 -0.13087269215501116     
           3           2 -0.35254419924922065     
           3           3  0.70630567816628664     
           3           4  0.71797500224430144     
           3           5 -0.13436185797666575     
           3           6 -0.19131995425509601     
           3           7  -2.5213127071724619E-012
           3           8  -4.0114148515715617E-012
           3           9  -3.7825630359205282E-012
           3          10  -4.6565999065049468E-012
           3          11  -7.9753037015511990E-012
           3          12  -6.8346746891922369E-012
           3          13  -5.4264869731957088E-014
           3          14   4.8514843246186822E-012
           3          15   1.7943955455193082E-012
           3          16  -3.2194857944207419E-012
           3          17  -6.4694437795404842E-012
           3          18  -4.0038402345577611E-012
           3          19   1.7420831007650808E-013
           3          20   4.6491481480192740E-012
           3          21   1.9852726911886363E-012
           3          22  -1.3125215666329038E-002
           3          23  -1.4608536797740355E-004
           3          24  -1.3069384276545328E-002
           3          25   2.8598766403975517E-004
           3          26   2.2976279371265777E-004
           3          27  -1.3357282061453320E-002
           4           1 -0.14266136939131285     
           4           2 -0.37207802111913335     
           4           3  0.71797500224430144     
           4           4  0.76688307903689457     
           4           5 -0.29809316603482422     
           4           6 -0.33068284720037733     
           4           7  -4.8378024240480056E-012
           4           8  -4.9195183479289488E-012
           4           9  -5.6896924402051003E-012
           4          10  -8.3485183802098266E-012
           4          11  -9.4656438024782814E-012
           4          12  -9.8895159968970381E-012
           4          13  -9.9917117071474918E-013
           4          14   5.2911649817553174E-012
           4          15   1.4494082963198646E-012
           4          16  -4.7566318825484447E-012
           4          17  -6.2193857508112943E-012
           4          18  -4.6293201181865177E-012
           4          19  -4.2584812517587764E-013
           4          20   5.3003343597271096E-012
           4          21   2.0575278287677095E-012
           4          22  -1.3507738427003702E-002
           4          23  -8.7559254448593346E-005
           4          24  -1.3474274740833301E-002
           4          25   1.7141257020072097E-004
           4          26   1.3771304168326733E-004
           4          27  -1.3646832204873064E-002
           5           1   2.2569384813199714E-002
           5           2   5.8377833064514176E-002
           5           3 -0.13436185797666575     
           5           4 -0.29809316603482422     
           5           5  0.73547257165655600     
           5           6  0.63483567813257880     
           5           7   3.4485611185531718E-012
           5           8   3.1685404982223586E-012
           5           9   3.5222474283923800E-012
           5          10   5.4710092764586338E-012
           5          11   5.1772977832626135E-012
           5          12   5.6441081418753198E-012
           5          13   4.0785225363666246E-012
           5          14  -2.5066520866518228E-012
           5          15   1.2002647879690929E-012
           5          16   7.7735125284681327E-012
           5          17  -1.4358416575470592E-012
           5          18   3.2310281548968401E-012
           5          19   2.7288995106736449E-012
           5          20  -3.2249974379444268E-012
           5          21  -3.7445742976619988E-013
           5          22   3.3829316373223521E-003
           5          23  -4.9594910940977018E-004
           5          24   3.5724751122318044E-003
           5          25   9.7090707039693830E-004
           5          26   7.8002777044000778E-004
           5          27   2.5950834574882363E-003
           6           1   3.0231111813578744E-002
           6           2   8.3132558764823103E-002
           6           3 -0.19131995425509601     
           6           4 -0.33068284720037733     
           6           5  0.63483567813257880     
           6           6  0.55869123258508668     
           6           7  -3.0590104801873055E-012
           6           8  -3.6267741763437487E-012
           6           9  -3.6653788152700804E-012
           6          10  -4.7778799238684809E-012
           6          11  -5.5650421347528673E-012
           6          12  -5.7258385129690491E-012
           6          13   1.4653335807684177E-012
           6          14  -2.0734327655418626E-012
           6          15  -2.0796411429352690E-013
           6          16   4.4964027478452010E-012
           6          17   1.6444691688927019E-012
           6          18   2.4877324505885941E-012
           6          19   1.9954010208111884E-012
           6          20  -2.8207871574145357E-012
           6          21  -7.2602576755453314E-013
           6          22   4.2961372602674380E-003
           6          23   5.4343596096289269E-004
           6          24   4.0884450953073354E-003
           6          25  -1.0638709492472951E-003
           6          26  -8.5471504863363600E-004
           6          27   5.1594216725773957E-003
           7           1   5.3368960430450845E-013
           7           2   1.2310643255229794E-012
           7           3  -2.5213127071724619E-012
           7           4  -4.8378024240480056E-012
           7           5   3.4485611185531718E-012
           7           6  -3.0590104801873055E-012
           7           7  0.36983662044516458     
           7           8   1.7512663227908518E-003
           7           9  -3.4284095228869827E-003
           7          10  0.58914745589889650     
           7          11   2.4933465108834384E-003
           7          12  -4.8811609309082011E-003
           7          13   2.4744305609767224E-002
           7          14  -4.0964213274691076E-003
           7          15   8.0194611437872064E-003
           7          16  -1.5348204009861349E-002
           7          17  -8.5209335986456119E-003
           7          18   1.6681217628176259E-002
           7          19  -5.5536197872010033E-003
           7          20  -5.7186441765898679E-003
           7          21   1.1195245984094146E-002
           7          22   7.9074703875169112E-013
           7          23  -2.0125608618215117E-012
           7          24  -3.4075148702848349E-012
           7          25  -5.0623514168188438E-013
           7          26   2.3985642175897423E-012
           7          27  -1.4472842160452855E-012
           8           1   3.8732098560321379E-013
           8           2   1.3260745998577220E-012
           8           3  -4.0114148515715617E-012
           8           4  -4.9195183479289488E-012
           8           5   3.1685404982223586E-012
           8           6  -3.6267741763437487E-012
           8           7   1.7512663227908518E-003
           8           8  0.36906377394680223     
           8           9  -2.7543879086041620E-003
           8          10   2.4933465098739655E-003
           8          11  0.58804712404560555     
           8          12  -3.9215299575834587E-003
           8          13  -4.0964213219296820E-003
           8          14   2.6552086136156804E-002
           8          15   6.4428435985564164E-003
           8          16  -8.5209335864415842E-003
           8          17  -1.1587854024117498E-002
           8          18   1.3401707947189747E-002
           8          19  -5.7186442209835398E-003
           8          20  -3.0299404479861005E-003
           8          21   8.9942725109904455E-003
           8          22   9.2631362907993790E-013
           8          23  -3.2095322796205720E-012
           8          24   3.6280897645006979E-013
           8          25  -1.6396188287400739E-013
           8          26   1.8217280433877789E-012
           8          27   2.0392725006212462E-013
           9           1   7.1589106019412196E-013
           9           2   1.7530616321430012E-012
           9           3  -3.7825630359205282E-012
           9           4  -5.6896924402051003E-012
           9           5   3.5222474283923800E-012
           9           6  -3.6653788152700804E-012
           9           7  -3.4284095228869827E-003
           9           8  -2.7543879086041620E-003
           9           9  0.37304899982087425     
           9          10  -4.8811609367223159E-003
           9          11  -3.9215299558267407E-003
           9          12  0.59372104605150056     
           9          13   8.0194611221196966E-003
           9          14   6.4428436009098403E-003
           9          15   1.7230162280944823E-002
           9          16   1.6681217618334149E-002
           9          17   1.3401707933328028E-002
           9          18  -3.0978313853819498E-002
           9          19   1.1195246099380845E-002
           9          20   8.9942725512415240E-003
           9          21  -1.6043436958647423E-002
           9          22  -5.5163249574858849E-014
           9          23  -3.1425427971290920E-012
           9          24  -1.3021279340422674E-012
           9          25   4.6191252715135949E-013
           9          26   1.7120627468220022E-012
           9          27  -1.6729689748150704E-014
          10           1   1.5413149418011807E-012
          10           2   3.1656806789793606E-012
          10           3  -4.6565999065049468E-012
          10           4  -8.3485183802098266E-012
          10           5   5.4710092764586338E-012
          10           6  -4.7778799238684809E-012
          10           7  0.58914745589889650     
          10           8   2.4933465098739655E-003
          10           9  -4.8811609367223159E-003
          10          10  0.93852788483876326     
          10          11   3.5151166282588824E-003
          10          12  -6.8814541012450275E-003
          10          13   3.8974081286763808E-002
          10          14  -6.9059228951704526E-003
          10          15   1.3519551793544842E-002
          10          16  -2.5517770793870603E-002
          10          17  -1.4428111870253156E-002
          10          18   2.8245552120752929E-002
          10          19  -9.5333836859857832E-003
          10          20  -9.6625696510921830E-003
          10          21   1.8916169766350775E-002
          10          22   1.3181651228450825E-012
          10          23  -3.1764849405634705E-012
          10          24  -5.4533708407045961E-012
          10          25  -8.8778313305038250E-013
          10          26   3.8162193999571447E-012
          10          27  -2.2855406901602932E-012
          11           1   2.9838030635516834E-012
          11           2   6.1067428517301823E-012
          11           3  -7.9753037015511990E-012
          11           4  -9.4656438024782814E-012
          11           5   5.1772977832626135E-012
          11           6  -5.5650421347528673E-012
          11           7   2.4933465108834384E-003
          11           8  0.58804712404560555     
          11           9  -3.9215299558267407E-003
          11          10   3.5151166282588824E-003
          11          11  0.93697663844118750     
          11          12  -5.5285676393768100E-003
          11          13  -6.9059228845844639E-003
          11          14   4.2021715290159606E-002
          11          15   1.0861622265928211E-002
          11          16  -1.4428111847607632E-002
          11          17  -1.9150540059791266E-002
          11          18   2.2692506548137759E-002
          11          19  -9.6625697236032461E-003
          11          20  -5.2692212999146375E-003
          11          21   1.5197270872750662E-002
          11          22   1.5383319150740106E-012
          11          23  -5.1274998206332776E-012
          11          24   5.9132984084838822E-013
          11          25  -2.5512406341642262E-013
          11          26   2.9552113672727456E-012
          11          27   3.0061392385062417E-013
          12           1   2.2554451811533672E-012
          12           2   4.6878227111697805E-012
          12           3  -6.8346746891922369E-012
          12           4  -9.8895159968970381E-012
          12           5   5.6441081418753198E-012
          12           6  -5.7258385129690491E-012
          12           7  -4.8811609309082011E-003
          12           8  -3.9215299575834587E-003
          12           9  0.59372104605150056     
          12          10  -6.8814541012450275E-003
          12          11  -5.5285676393768100E-003
          12          12  0.94497572572471245     
          12          13   1.3519551757450952E-002
          12          14   1.0861622270543976E-002
          12          15   2.6306415963389288E-002
          12          16   2.8245552099735338E-002
          12          17   2.2692506526876464E-002
          12          18  -5.1983529590678652E-002
          12          19   1.8916169959966603E-002
          12          20   1.5197270942047739E-002
          12          21  -2.7257617943927080E-002
          12          22  -1.5173841905946533E-013
          12          23  -5.0187611615125356E-012
          12          24  -2.0344381261772110E-012
          12          25   7.7952762927074709E-013
          12          26   2.6750435495623709E-012
          12          27   3.2879893505211535E-014
          13           1  -7.6753306793823392E-013
          13           2  -1.2068899333430469E-012
          13           3  -5.4264869731957088E-014
          13           4  -9.9917117071474918E-013
          13           5   4.0785225363666246E-012
          13           6   1.4653335807684177E-012
          13           7   2.4744305609767224E-002
          13           8  -4.0964213219296820E-003
          13           9   8.0194611221196966E-003
          13          10   3.8974081286763808E-002
          13          11  -6.9059228845844639E-003
          13          12   1.3519551757450952E-002
          13          13   1.4949441148877470E-002
          13          14   1.0064222465290646E-002
          13          15  -1.9702475450935206E-002
          13          16   3.0632258315888929E-002
          13          17   2.4919252582539485E-002
          13          18  -4.8783794737701905E-002
          13          19   2.0041376594587431E-002
          13          20   1.5999238931872481E-002
          13          21  -3.1321307940918738E-002
          13          22  -1.3449607706337160E-012
          13          23  -1.0398900661294037E-012
          13          24   5.9589944439521673E-013
          13          25   2.1815529704619715E-012
          13          26   2.8369502427870209E-013
          13          27  -3.1396267746831567E-013
          14           1  -4.0894538428206582E-012
          14           2  -7.3506048819340032E-012
          14           3   4.8514843246186822E-012
          14           4   5.2911649817553174E-012
          14           5  -2.5066520866518228E-012
          14           6  -2.0734327655418626E-012
          14           7  -4.0964213274691076E-003
          14           8   2.6552086136156804E-002
          14           9   6.4428436009098403E-003
          14          10  -6.9059228951704526E-003
          14          11   4.2021715290159606E-002
          14          12   1.0861622270543976E-002
          14          13   1.0064222465290646E-002
          14          14   1.0508026575370186E-002
          14          15  -1.5828989715892330E-002
          14          16   2.4919252611923202E-002
          14          17   1.9635210872989240E-002
          14          18  -3.9192952540297386E-002
          14          19   1.5999239061625318E-002
          14          20   1.2980795927254707E-002
          14          21  -2.5163572087942121E-002
          14          22  -1.1647388091512345E-012
          14          23  -5.0404043711484937E-014
          14          24   2.7361358959818692E-013
          14          25  -1.8004684843099562E-014
          14          26  -1.2190617312579342E-012
          14          27   1.2039905946308219E-012
          15           1  -1.9312942474594117E-012
          15           2  -3.3859009568879116E-012
          15           3   1.7943955455193082E-012
          15           4   1.4494082963198646E-012
          15           5   1.2002647879690929E-012
          15           6  -2.0796411429352690E-013
          15           7   8.0194611437872064E-003
          15           8   6.4428435985564164E-003
          15           9   1.7230162280944823E-002
          15          10   1.3519551793544842E-002
          15          11   1.0861622265928211E-002
          15          12   2.6306415963389288E-002
          15          13  -1.9702475450935206E-002
          15          14  -1.5828989715892330E-002
          15          15   3.3410435002314991E-002
          15          16  -4.8783794728728007E-002
          15          17  -3.9192952488773948E-002
          15          18   7.6342115311402683E-002
          15          19  -3.1321308323684523E-002
          15          20  -2.5163572190009229E-002
          15          21   4.9389083195697465E-002
          15          22   2.2079641077359487E-012
          15          23   2.6613379330880958E-015
          15          24  -1.0555952641893566E-012
          15          25  -1.2664908921687072E-012
          15          26   1.7609031560675347E-012
          15          27  -1.4755408644420481E-012
          16           1   1.5634874947100128E-012
          16           2   3.0590786569435588E-012
          16           3  -3.2194857944207419E-012
          16           4  -4.7566318825484447E-012
          16           5   7.7735125284681327E-012
          16           6   4.4964027478452010E-012
          16           7  -1.5348204009861349E-002
          16           8  -8.5209335864415842E-003
          16           9   1.6681217618334149E-002
          16          10  -2.5517770793870603E-002
          16          11  -1.4428111847607632E-002
          16          12   2.8245552099735338E-002
          16          13   3.0632258315888929E-002
          16          14   2.4919252611923202E-002
          16          15  -4.8783794728728007E-002
          16          16   7.6069540388749107E-002
          16          17   6.1065188854241545E-002
          16          18 -0.11954578608664274     
          16          19   4.8861156728180616E-002
          16          20   3.9271320700402283E-002
          16          21  -7.6880477513088755E-002
          16          22  -3.3203805027146613E-012
          16          23  -1.6433386675731364E-012
          16          24   2.0111121452634910E-012
          16          25   4.4845293208104183E-012
          16          26  -4.7526215616442686E-013
          16          27   2.5891292405406013E-013
          17           1   5.5609851320728116E-012
          17           2   9.9805880090311135E-012
          17           3  -6.4694437795404842E-012
          17           4  -6.2193857508112943E-012
          17           5  -1.4358416575470592E-012
          17           6   1.6444691688927019E-012
          17           7  -8.5209335986456119E-003
          17           8  -1.1587854024117498E-002
          17           9   1.3401707933328028E-002
          17          10  -1.4428111870253156E-002
          17          11  -1.9150540059791266E-002
          17          12   2.2692506526876464E-002
          17          13   2.4919252582539485E-002
          17          14   1.9635210872989240E-002
          17          15  -3.9192952488773948E-002
          17          16   6.1065188854241545E-002
          17          17   4.9121028266334160E-002
          17          18  -9.6043211485007274E-002
          17          19   3.9271320974907049E-002
          17          20   3.1530436841914436E-002
          17          21  -6.1765857271893959E-002
          17          22  -2.6515300698761740E-012
          17          23   3.4179829218223848E-013
          17          24   9.6757574830318334E-013
          17          25   3.8676958644652919E-013
          17          26  -2.9617064745727732E-012
          17          27   2.8169767659032211E-012
          18           1   2.8692521696779871E-012
          18           2   5.2704902682588636E-012
          18           3  -4.0038402345577611E-012
          18           4  -4.6293201181865177E-012
          18           5   3.2310281548968401E-012
          18           6   2.4877324505885941E-012
          18           7   1.6681217628176259E-002
          18           8   1.3401707947189747E-002
          18           9  -3.0978313853819498E-002
          18          10   2.8245552120752929E-002
          18          11   2.2692506548137759E-002
          18          12  -5.1983529590678652E-002
          18          13  -4.8783794737701905E-002
          18          14  -3.9192952540297386E-002
          18          15   7.6342115311402683E-002
          18          16 -0.11954578608664274     
          18          17  -9.6043211485007274E-002
          18          18  0.18808257293872593     
          18          19  -7.6880478463626375E-002
          18          20  -6.1765857603937525E-002
          18          21  0.12089728313457732     
          18          22   5.4153949245581612E-012
          18          23   7.9667947830263542E-013
          18          24  -2.1513635914687963E-012
          18          25  -3.3860510915471022E-012
          18          26   3.6181284542511566E-012
          18          27  -3.1403785327559951E-012
          19           1  -6.2967627269644979E-013
          19           2  -1.0288910116782918E-012
          19           3   1.7420831007650808E-013
          19           4  -4.2584812517587764E-013
          19           5   2.7288995106736449E-012
          19           6   1.9954010208111884E-012
          19           7  -5.5536197872010033E-003
          19           8  -5.7186442209835398E-003
          19           9   1.1195246099380845E-002
          19          10  -9.5333836859857832E-003
          19          11  -9.6625697236032461E-003
          19          12   1.8916169959966603E-002
          19          13   2.0041376594587431E-002
          19          14   1.5999239061625318E-002
          19          15  -3.1321308323684523E-002
          19          16   4.8861156728180616E-002
          19          17   3.9271320974907049E-002
          19          18  -7.6880478463626375E-002
          19          19   3.1436220277402727E-002
          19          20   2.5250543504147731E-002
          19          21  -4.9432354385905104E-002
          19          22  -2.1808725979539531E-012
          19          23  -5.4974752336639325E-013
          19          24   9.9824464443141088E-013
          19          25   1.8364319160246969E-012
          19          26  -1.1182699997982376E-012
          19          27   9.4929523360521350E-013
          20           1  -3.2748801866677630E-012
          20           2  -6.0331784581390035E-012
          20           3   4.6491481480192740E-012
          20           4   5.3003343597271096E-012
          20           5  -3.2249974379444268E-012
          20           6  -2.8207871574145357E-012
          20           7  -5.7186441765898679E-003
          20           8  -3.0299404479861005E-003
          20           9   8.9942725512415240E-003
          20          10  -9.6625696510921830E-003
          20          11  -5.2692212999146375E-003
          20          12   1.5197270942047739E-002
          20          13   1.5999238931872481E-002
          20          14   1.2980795927254707E-002
          20          15  -2.5163572190009229E-002
          20          16   3.9271320700402283E-002
          20          17   3.1530436841914436E-002
          20          18  -6.1765857603937525E-002
          20          19   2.5250543504147731E-002
          20          20   2.0292971356695916E-002
          20          21  -3.9714005727224458E-002
          20          22  -1.8384276255583777E-012
          20          23  -1.9404366577405560E-013
          20          24   6.3054134739757199E-013
          20          25   9.7826341218388096E-013
          20          26  -1.2991053468810566E-012
          20          27   1.0852556079279791E-012
          21           1  -1.5602254514711667E-012
          21           2  -2.8328672640820106E-012
          21           3   1.9852726911886363E-012
          21           4   2.0575278287677095E-012
          21           5  -3.7445742976619988E-013
          21           6  -7.2602576755453314E-013
          21           7   1.1195245984094146E-002
          21           8   8.9942725109904455E-003
          21           9  -1.6043436958647423E-002
          21          10   1.8916169766350775E-002
          21          11   1.5197270872750662E-002
          21          12  -2.7257617943927080E-002
          21          13  -3.1321307940918738E-002
          21          14  -2.5163572087942121E-002
          21          15   4.9389083195697465E-002
          21          16  -7.6880477513088755E-002
          21          17  -6.1765857271893959E-002
          21          18  0.12089728313457732     
          21          19  -4.9432354385905104E-002
          21          20  -3.9714005727224458E-002
          21          21   7.7753768898142631E-002
          21          22   3.4095933780157795E-012
          21          23   5.9911660619268072E-013
          21          24  -1.5333365317486199E-012
          21          25  -2.4232286861335526E-012
          21          26   2.1572659754160345E-012
          21          27  -1.9071528390066166E-012
          22           1   1.2160390293525934E-003
          22           2   4.6668924702458646E-003
          22           3  -1.3125215666329038E-002
          22           4  -1.3507738427003702E-002
          22           5   3.3829316373223521E-003
          22           6   4.2961372602674380E-003
          22           7   7.9074703875169112E-013
          22           8   9.2631362907993790E-013
          22           9  -5.5163249574858849E-014
          22          10   1.3181651228450825E-012
          22          11   1.5383319150740106E-012
          22          12  -1.5173841905946533E-013
          22          13  -1.3449607706337160E-012
          22          14  -1.1647388091512345E-012
          22          15   2.2079641077359487E-012
          22          16  -3.3203805027146613E-012
          22          17  -2.6515300698761740E-012
          22          18   5.4153949245581612E-012
          22          19  -2.1808725979539531E-012
          22          20  -1.8384276255583777E-012
          22          21   3.4095933780157795E-012
          22          22   2.4930258371133959E-004
          22          23  -4.8800928962265599E-006
          22          24   2.5116767386009950E-004
          22          25   9.5536349318914413E-006
          22          26   7.6754004153092642E-006
          22          27   2.4155023090381464E-004
          23           1   2.8186318530685637E-005
          23           2   7.5233042107560239E-005
          23           3  -1.4608536797740355E-004
          23           4  -8.7559254448593346E-005
          23           5  -4.9594910940977018E-004
          23           6   5.4343596096289269E-004
          23           7  -2.0125608618215117E-012
          23           8  -3.2095322796205720E-012
          23           9  -3.1425427971290920E-012
          23          10  -3.1764849405634705E-012
          23          11  -5.1274998206332776E-012
          23          12  -5.0187611615125356E-012
          23          13  -1.0398900661294037E-012
          23          14  -5.0404043711484937E-014
          23          15   2.6613379330880958E-015
          23          16  -1.6433386675731364E-012
          23          17   3.4179829218223848E-013
          23          18   7.9667947830263542E-013
          23          19  -5.4974752336639325E-013
          23          20  -1.9404366577405560E-013
          23          21   5.9911660619268072E-013
          23          22  -4.8800928962265599E-006
          23          23   3.7833818635723832E-004
          23          24  -1.4947463839984099E-004
          23          25  -7.4066315654704976E-004
          23          26  -5.9504956544868966E-004
          23          27   5.9613538541841585E-004
          24           1   1.2052666887939175E-003
          24           2   4.6381396570785646E-003
          24           3  -1.3069384276545328E-002
          24           4  -1.3474274740833301E-002
          24           5   3.5724751122318044E-003
          24           6   4.0884450953073354E-003
          24           7  -3.4075148702848349E-012
          24           8   3.6280897645006979E-013
          24           9  -1.3021279340422674E-012
          24          10  -5.4533708407045961E-012
          24          11   5.9132984084838822E-013
          24          12  -2.0344381261772110E-012
          24          13   5.9589944439521673E-013
          24          14   2.7361358959818692E-013
          24          15  -1.0555952641893566E-012
          24          16   2.0111121452634910E-012
          24          17   9.6757574830318334E-013
          24          18  -2.1513635914687963E-012
          24          19   9.9824464443141088E-013
          24          20   6.3054134739757199E-013
          24          21  -1.5333365317486199E-012
          24          22   2.5116767386009950E-004
          24          23  -1.4947463839984099E-004
          24          24   3.0829438798264262E-004
          24          25   2.9262274176286286E-004
          24          26   2.3509342104020627E-004
          24          27   1.3717228020310090E-005
          25           1  -5.5179649268643442E-005
          25           2  -1.4728184067058846E-004
          25           3   2.8598766403975517E-004
          25           4   1.7141257020072097E-004
          25           5   9.7090707039693830E-004
          25           6  -1.0638709492472951E-003
          25           7  -5.0623514168188438E-013
          25           8  -1.6396188287400739E-013
          25           9   4.6191252715135949E-013
          25          10  -8.8778313305038250E-013
          25          11  -2.5512406341642262E-013
          25          12   7.7952762927074709E-013
          25          13   2.1815529704619715E-012
          25          14  -1.8004684843099562E-014
          25          15  -1.2664908921687072E-012
          25          16   4.4845293208104183E-012
          25          17   3.8676958644652919E-013
          25          18  -3.3860510915471022E-012
          25          19   1.8364319160246969E-012
          25          20   9.7826341218388096E-013
          25          21  -2.4232286861335526E-012
          25          22   9.5536349318914413E-006
          25          23  -7.4066315654704976E-004
          25          24   2.9262274176286286E-004
          25          25   1.4499776423526328E-003
          25          26   1.1649135755781863E-003
          25          27  -1.1670392582893965E-003
          26           1  -4.4331388989872315E-005
          26           2  -1.1832638761801037E-004
          26           3   2.2976279371265777E-004
          26           4   1.3771304168326733E-004
          26           5   7.8002777044000778E-004
          26           6  -8.5471504863363600E-004
          26           7   2.3985642175897423E-012
          26           8   1.8217280433877789E-012
          26           9   1.7120627468220022E-012
          26          10   3.8162193999571447E-012
          26          11   2.9552113672727456E-012
          26          12   2.6750435495623709E-012
          26          13   2.8369502427870209E-013
          26          14  -1.2190617312579342E-012
          26          15   1.7609031560675347E-012
          26          16  -4.7526215616442686E-013
          26          17  -2.9617064745727732E-012
          26          18   3.6181284542511566E-012
          26          19  -1.1182699997982376E-012
          26          20  -1.2991053468810566E-012
          26          21   2.1572659754160345E-012
          26          22   7.6754004153092642E-006
          26          23  -5.9504956544868966E-004
          26          24   2.3509342104020627E-004
          26          25   1.1649135755781863E-003
          26          26   9.3589280201903172E-004
          26          27  -9.3760057778419367E-004
          27           1   1.2608148839372013E-003
          27           2   4.7864051961248807E-003
          27           3  -1.3357282061453320E-002
          27           4  -1.3646832204873064E-002
          27           5   2.5950834574882363E-003
          27           6   5.1594216725773957E-003
          27           7  -1.4472842160452855E-012
          27           8   2.0392725006212462E-013
          27           9  -1.6729689748150704E-014
          27          10  -2.2855406901602932E-012
          27          11   3.0061392385062417E-013
          27          12   3.2879893505211535E-014
          27          13  -3.1396267746831567E-013
          27          14   1.2039905946308219E-012
          27          15  -1.4755408644420481E-012
          27          16   2.5891292405406013E-013
          27          17   2.8169767659032211E-012
          27          18  -3.1403785327559951E-012
          27          19   9.4929523360521350E-013
          27          20   1.0852556079279791E-012
          27          21  -1.9071528390066166E-012
          27          22   2.4155023090381464E-004
          27          23   5.9613538541841585E-004
          27          24   1.3717228020310090E-005
          27          25  -1.1670392582893965E-003
          27          26  -9.3760057778419367E-004
          27          27   1.1885511073479200E-003
