           1           1  0.37026353186120697     
           1           2  0.62924017227799034     
           1           3 -0.13948718494405643     
           1           4 -0.17619226547479991     
           1           5   3.7960365252730374E-002
           1           6   4.4665407448623115E-002
           1           7   5.3043525283510459E-011
           1           8   1.4349027122868889E-011
           1           9  -2.1040352837844706E-010
           1          10   7.8937657301478630E-012
           1          11  -1.3253406684420229E-013
           1          12  -4.1800675409024504E-011
           1          13   6.3846544836106085E-012
           1          14   2.0808839098853685E-011
           1          15   4.5523455754949763E-010
           1          16   4.6413889320885526E-012
           1          17   7.5955671365491580E-012
           1          18   4.6969005697257132E-011
           1          19  -1.0141090157749087E-011
           1          20  -1.8224946313656599E-011
           1          21  -2.0851757126680467E-010
           1          22   1.0000041958456904E-003
           1          23   5.4944777913924394E-015
           1          24   1.0000041957331624E-003
           1          25  -2.7052600742686074E-008
           1          26  -1.6865057101798376E-008
           1          27   1.0000041953313710E-003
           2           1  0.62924017227799034     
           2           2   1.1095013390530912     
           2           3 -0.39568755953641638     
           2           4 -0.48531389524264795     
           2           5  0.11244530772894443     
           2           6  0.13033768690326208     
           2           7   1.2894174276869427E-010
           2           8   2.9447042570336196E-011
           2           9  -6.6447039039791478E-010
           2          10   1.8995849808306180E-011
           2          11  -1.1631881143847833E-012
           2          12  -1.0883041940295906E-010
           2          13   2.3439991070281918E-011
           2          14   6.3473805061829677E-011
           2          15   1.3333019205921250E-009
           2          16   2.1974691693174228E-011
           2          17   2.6556739904888565E-011
           2          18   1.4989646170017115E-010
           2          19  -2.5007891860754300E-011
           2          20  -5.0077993618940900E-011
           2          21  -5.8673733970957784E-010
           2          22   2.9720737595535342E-003
           2          23  -1.3118614036742606E-014
           2          24   2.9720737592455367E-003
           2          25  -5.4156560822468375E-008
           2          26  -3.2861964210366517E-008
           2          27   2.9720737580777572E-003
           3           1 -0.13948718494405643     
           3           2 -0.39568755953641638     
           3           3  0.68230486372204102     
           3           4  0.81576306822829792     
           3           5 -0.25242098021518716     
           3           6 -0.27238807738351190     
           3           7  -2.7229350688260822E-010
           3           8  -7.3458066605887729E-011
           3           9   1.3601723799802512E-009
           3          10  -4.3700398388663954E-011
           3          11  -5.6291213743343152E-012
           3          12   1.6251351029109997E-010
           3          13  -5.4006581082004476E-011
           3          14  -1.2959358070178201E-010
           3          15  -2.6107181330998072E-009
           3          16  -4.7985758152810452E-011
           3          17  -5.4190457898876022E-011
           3          18  -3.2785362951950774E-010
           3          19   5.0056413144146041E-011
           3          20   1.0153933072649126E-010
           3          21   1.1479596916960525E-009
           3          22  -4.8736055757639327E-003
           3          23   2.3761695045598852E-013
           3          24  -4.8736055752395674E-003
           3          25   4.2061337672606827E-008
           3          26   2.2681505659601313E-008
           3          27  -4.8736055729596637E-003
           4           1 -0.17619226547479991     
           4           2 -0.48531389524264795     
           4           3  0.81576306822829792     
           4           4   1.0206536044320900     
           4           5 -0.48951692892208276     
           4           6 -0.48061529514687545     
           4           7  -4.9988455028436292E-011
           4           8   9.7267782624335133E-011
           4           9   2.7819830408387883E-009
           4          10   1.2386442221380670E-012
           4          11   2.7097301074343783E-011
           4          12   3.3875082236479587E-010
           4          13  -6.3627313387694962E-011
           4          14  -2.0579852315853440E-010
           4          15  -4.3763862538726442E-009
           4          16  -5.6529764538291665E-011
           4          17  -9.9485221072777817E-011
           4          18  -1.2472590399416494E-009
           4          19   1.0267061320157981E-010
           4          20   1.7229812778983276E-010
           4          21   1.5679764975925048E-009
           4          22  -3.6438063524211039E-003
           4          23   8.7459401161229657E-013
           4          24  -3.6438063517214695E-003
           4          25   4.8390356161030949E-008
           4          26   2.6085219604465864E-008
           4          27  -3.6438063481977240E-003
           5           1   3.7960365252730374E-002
           5           2  0.11244530772894443     
           5           3 -0.25242098021518716     
           5           4 -0.48951692892208276     
           5           5  0.87898497281503807     
           5           6  0.74917734248739676     
           5           7  -2.7970359950887106E-010
           5           8  -3.7209547881842653E-010
           5           9  -7.3378380304235769E-009
           5          10  -5.6566618291100003E-011
           5          11  -6.2952891229151707E-011
           5          12  -9.6401755372812700E-010
           5          13   1.0590500453504553E-010
           5          14   3.7706318688064890E-010
           5          15   8.1147095593943310E-009
           5          16   1.0471118183708085E-010
           5          17   3.2876620269236016E-010
           5          18   6.9718012231935792E-009
           5          19  -1.4767079084040007E-010
           5          20  -1.6321438242647923E-010
           5          21   4.7504191622500868E-010
           5          22  -7.3089155024563118E-003
           5          23  -2.5608158281973229E-012
           5          24  -7.3089155029529181E-003
           5          25  -4.7785398152649629E-009
           5          26  -2.1855311430756388E-009
           5          27  -7.3089155071364258E-003
           6           1   4.4665407448623115E-002
           6           2  0.13033768690326208     
           6           3 -0.27238807738351190     
           6           4 -0.48061529514687545     
           6           5  0.74917734248739676     
           6           6  0.64391335991390641     
           6           7   1.2695339659306837E-010
           6           8   1.2188338906219019E-010
           6           9   2.4263689388116756E-009
           6          10   2.1128086141808047E-011
           6          11   1.8089693081722132E-011
           6          12   5.2609743232722137E-010
           6          13   1.0168207689715305E-010
           6          14   6.0382722997604075E-011
           6          15  -3.7289878496570643E-010
           6          16   8.1379102458354833E-011
           6          17  -1.8836105660281175E-010
           6          18  -6.9110083378171466E-009
           6          19  -1.3058428940025917E-010
           6          20  -3.8766595704165798E-010
           6          21  -6.3738098865330185E-009
           6          22  -5.5751289472671687E-003
           6          23  -2.1359018641177529E-012
           6          24  -5.5751289477262902E-003
           6          25  -7.9052542173465253E-009
           6          26  -3.9415380929248809E-009
           6          27  -5.5751289513933724E-003
           7           1   5.3043525283510459E-011
           7           2   1.2894174276869427E-010
           7           3  -2.7229350688260822E-010
           7           4  -4.9988455028436292E-011
           7           5  -2.7970359950887106E-010
           7           6   1.2695339659306837E-010
           7           7   2.0563575070207305     
           7           8  -2.2819548334274131E-011
           7           9  -2.6164886229862461E-010
           7          10  0.38770843434981705     
           7          11   5.1664466975409606E-012
           7          12  -1.1253762591950656E-010
           7          13 -0.10248213287829622     
           7          14   2.6772032507560439E-011
           7          15   3.8481513114918542E-010
           7          16 -0.32185079386233695     
           7          17   9.6256683179696267E-012
           7          18  -2.0213491991327714E-010
           7          19 -0.16310979891526906     
           7          20   4.4272231713993193E-011
           7          21  -9.2227538106559592E-011
           7          22  -2.4309860326792796E-010
           7          23  -1.5929782089442064E-010
           7          24   1.1282721948315003E-010
           7          25  -6.5564625524358547E-008
           7          26  -1.4565474800589657E-007
           7          27   1.8024862836808507E-010
           8           1   1.4349027122868889E-011
           8           2   2.9447042570336196E-011
           8           3  -7.3458066605887729E-011
           8           4   9.7267782624335133E-011
           8           5  -3.7209547881842653E-010
           8           6   1.2188338906219019E-010
           8           7  -2.2819548334274131E-011
           8           8   2.0563575070238653     
           8           9  -1.5090132268746892E-010
           8          10   3.7857646704997361E-012
           8          11  0.38770843433734942     
           8          12  -5.5483735227762621E-011
           8          13   1.9975264498039991E-011
           8          14 -0.10248213282370029     
           8          15   1.8755665423531021E-010
           8          16   1.2488862721760086E-010
           8          17 -0.32185079398025584     
           8          18  -1.0742805950370027E-010
           8          19  -4.3401556654165674E-011
           8          20 -0.16310979875738019     
           8          21  -6.8400809322133327E-011
           8          22   1.0683245549784275E-010
           8          23  -1.3110802118092600E-010
           8          24  -3.1178202789585733E-010
           8          25  -5.0667653249689891E-007
           8          26  -3.2145084217931157E-007
           8          27   2.2452442089031244E-010
           9           1  -2.1040352837844706E-010
           9           2  -6.6447039039791478E-010
           9           3   1.3601723799802512E-009
           9           4   2.7819830408387883E-009
           9           5  -7.3378380304235769E-009
           9           6   2.4263689388116756E-009
           9           7  -2.6164886229862461E-010
           9           8  -1.5090132268746892E-010
           9           9   2.0563575068998552     
           9          10  -8.9579201695277888E-011
           9          11  -5.0835790871978093E-011
           9          12  0.38770843431271634     
           9          13   4.5213772309482536E-010
           9          14   2.5680384208026652E-010
           9          15 -0.10248213272348643     
           9          16  -1.1523774989807833E-010
           9          17  -1.1287815127047907E-010
           9          18 -0.32185079373073311     
           9          19  -2.3422559725094771E-010
           9          20   9.4532645600331477E-012
           9          21 -0.16310979895026720     
           9          22   1.8377814294842684E-009
           9          23  -1.5922304198986265E-010
           9          24   1.1960943706110375E-009
           9          25   1.0290971199826967E-009
           9          26  -1.1624335362253065E-008
           9          27  -1.5493780073267455E-009
          10           1   7.8937657301478630E-012
          10           2   1.8995849808306180E-011
          10           3  -4.3700398388663954E-011
          10           4   1.2386442221380670E-012
          10           5  -5.6566618291100003E-011
          10           6   2.1128086141808047E-011
          10           7  0.38770843434981705     
          10           8   3.7857646704997361E-012
          10           9  -8.9579201695277888E-011
          10          10   7.3455999858665841E-002
          10          11   2.1762888257996493E-012
          10          12  -2.6534429818300675E-011
          10          13  -1.0739711946779478E-002
          10          14  -4.7554403991012517E-012
          10          15   1.0276500136963129E-010
          10          16  -4.6538934311647288E-002
          10          17  -6.6431036019332090E-012
          10          18   1.3273014631831614E-011
          10          19  -2.3306252306155503E-002
          10          20   4.0708478254991576E-012
          10          21   1.4552187579952580E-011
          10          22  -3.5839392911513143E-011
          10          23  -1.8097898586766541E-011
          10          24   1.8485725608760799E-011
          10          25  -1.2961574874390371E-008
          10          26  -2.7818748865443425E-008
          10          27   2.7677364507051820E-011
          11           1  -1.3253406684420229E-013
          11           2  -1.1631881143847833E-012
          11           3  -5.6291213743343152E-012
          11           4   2.7097301074343783E-011
          11           5  -6.2952891229151707E-011
          11           6   1.8089693081722132E-011
          11           7   5.1664466975409606E-012
          11           8  0.38770843433734942     
          11           9  -5.0835790871978093E-011
          11          10   2.1762888257996493E-012
          11          11   7.3455999854719733E-002
          11          12  -1.2577969156664370E-011
          11          13   2.6098710866062635E-012
          11          14  -1.0739711930267220E-002
          11          15   7.1777455940696955E-011
          11          16   1.3810956718540712E-011
          11          17  -4.6538934303265160E-002
          11          18   3.9963560238831519E-011
          11          19  -5.6237904957900930E-012
          11          20  -2.3306252275890608E-002
          11          21   2.1461942466272088E-011
          11          22   1.4444576087546501E-011
          11          23  -1.6394993465063353E-011
          11          24  -4.0790375707293047E-011
          11          25  -9.6314275076567374E-008
          11          26  -6.0928384852306142E-008
          11          27   3.1884174140934066E-011
          12           1  -4.1800675409024504E-011
          12           2  -1.0883041940295906E-010
          12           3   1.6251351029109997E-010
          12           4   3.3875082236479587E-010
          12           5  -9.6401755372812700E-010
          12           6   5.2609743232722137E-010
          12           7  -1.1253762591950656E-010
          12           8  -5.5483735227762621E-011
          12           9  0.38770843431271634     
          12          10  -2.6534429818300675E-011
          12          11  -1.2577969156664370E-011
          12          12   7.3455999850185860E-002
          12          13   1.1524371561211222E-010
          12          14   6.5324940769218021E-011
          12          15  -1.0739711905810072E-002
          12          16   2.5504159548161986E-011
          12          17   9.7551749664304133E-012
          12          18  -4.6538934261220806E-002
          12          19  -1.3221043183853087E-011
          12          20   1.3536559460153308E-011
          12          21  -2.3306252294340728E-002
          12          22   2.7931939823745476E-010
          12          23  -5.1644990712667719E-011
          12          24   1.7920980478075203E-010
          12          25   1.2751941677042932E-010
          12          26  -2.3037144028923878E-009
          12          27  -1.6998880189442259E-010
          13           1   6.3846544836106085E-012
          13           2   2.3439991070281918E-011
          13           3  -5.4006581082004476E-011
          13           4  -6.3627313387694962E-011
          13           5   1.0590500453504553E-010
          13           6   1.0168207689715305E-010
          13           7 -0.10248213287829622     
          13           8   1.9975264498039991E-011
          13           9   4.5213772309482536E-010
          13          10  -1.0739711946779478E-002
          13          11   2.6098710866062635E-012
          13          12   1.1524371561211222E-010
          13          13  0.21147455625368394     
          13          14  -5.8141082226459417E-011
          13          15  -3.0861500854850732E-011
          13          16  0.35611968811046812     
          13          17   1.0404765243832159E-010
          13          18  -7.5425207746171452E-011
          13          19  0.18718728313379646     
          13          20   5.6542499848877270E-011
          13          21   8.1416984265558767E-011
          13          22   2.5317559748322874E-010
          13          23   2.9495235043107341E-010
          13          24  -7.1901188134285734E-011
          13          25  -1.1158046147782708E-008
          13          26  -1.3205532494711360E-009
          13          27  -1.5990310788354015E-010
          14           1   2.0808839098853685E-011
          14           2   6.3473805061829677E-011
          14           3  -1.2959358070178201E-010
          14           4  -2.0579852315853440E-010
          14           5   3.7706318688064890E-010
          14           6   6.0382722997604075E-011
          14           7   2.6772032507560439E-011
          14           8 -0.10248213282370029     
          14           9   2.5680384208026652E-010
          14          10  -4.7554403991012517E-012
          14          11  -1.0739711930267220E-002
          14          12   6.5324940769218021E-011
          14          13  -5.8141082226459417E-011
          14          14  0.21147455601491966     
          14          15  -1.5007398102007130E-011
          14          16  -2.7364628618631315E-010
          14          17  0.35611968818965578     
          14          18  -5.7550166021602678E-011
          14          19   4.5532046882845734E-011
          14          20  0.18718728279000685     
          14          21   3.6495379635015368E-011
          14          22  -1.4070533537439916E-010
          14          23   2.0669464642755957E-010
          14          24   4.4982055668335281E-010
          14          25   6.3804346898625619E-009
          14          26   8.2869009487457831E-009
          14          27  -2.6079114719848267E-010
          15           1   4.5523455754949763E-010
          15           2   1.3333019205921250E-009
          15           3  -2.6107181330998072E-009
          15           4  -4.3763862538726442E-009
          15           5   8.1147095593943310E-009
          15           6  -3.7289878496570643E-010
          15           7   3.8481513114918542E-010
          15           8   1.8755665423531021E-010
          15           9 -0.10248213272348643     
          15          10   1.0276500136963129E-010
          15          11   7.1777455940696955E-011
          15          12  -1.0739711905810072E-002
          15          13  -3.0861500854850732E-011
          15          14  -1.5007398102007130E-011
          15          15  0.21147455606939949     
          15          16  -2.0163931635508447E-010
          15          17   1.6609470743222943E-011
          15          18  0.35611968792532134     
          15          19   5.4327993492808702E-011
          15          20  -1.0243326326042634E-010
          15          21  0.18718728316151004     
          15          22  -1.6767389402622807E-009
          15          23  -5.1204262737774549E-010
          15          24  -1.1428131384761216E-009
          15          25  -1.6504953446928524E-009
          15          26  -2.1148794962363120E-009
          15          27   3.0441294020562181E-009
          16           1   4.6413889320885526E-012
          16           2   2.1974691693174228E-011
          16           3  -4.7985758152810452E-011
          16           4  -5.6529764538291665E-011
          16           5   1.0471118183708085E-010
          16           6   8.1379102458354833E-011
          16           7 -0.32185079386233695     
          16           8   1.2488862721760086E-010
          16           9  -1.1523774989807833E-010
          16          10  -4.6538934311647288E-002
          16          11   1.3810956718540712E-011
          16          12   2.5504159548161986E-011
          16          13  0.35611968811046812     
          16          14  -2.7364628618631315E-010
          16          15  -2.0163931635508447E-010
          16          16  0.61080370463474687     
          16          17  -1.2574437324719412E-010
          16          18  -2.4511917495750879E-010
          16          19  0.32060577021451619     
          16          20  -6.5945679472712015E-011
          16          21   6.6782135377252416E-011
          16          22   4.3611376726556630E-010
          16          23   4.9791201893564747E-010
          16          24  -1.2606806240822008E-010
          16          25  -1.3510558469111932E-008
          16          26   8.6586790007343232E-009
          16          27  -2.7610474848784908E-010
          17           1   7.5955671365491580E-012
          17           2   2.6556739904888565E-011
          17           3  -5.4190457898876022E-011
          17           4  -9.9485221072777817E-011
          17           5   3.2876620269236016E-010
          17           6  -1.8836105660281175E-010
          17           7   9.6256683179696267E-012
          17           8 -0.32185079398025584     
          17           9  -1.1287815127047907E-010
          17          10  -6.6431036019332090E-012
          17          11  -4.6538934303265160E-002
          17          12   9.7551749664304133E-012
          17          13   1.0404765243832159E-010
          17          14  0.35611968818965578     
          17          15   1.6609470743222943E-011
          17          16  -1.2574437324719412E-010
          17          17  0.61080370557506058     
          17          18   4.4983322622371702E-011
          17          19   2.5426730859701152E-010
          17          20  0.32060577005735369     
          17          21   1.3295320400175115E-010
          17          22  -2.3786558619744233E-010
          17          23   3.5037211091176530E-010
          17          24   7.6642225476409123E-010
          17          25   4.8204845573095154E-008
          17          26   3.7568137300171155E-008
          17          27  -4.4451398555989200E-010
          18           1   4.6969005697257132E-011
          18           2   1.4989646170017115E-010
          18           3  -3.2785362951950774E-010
          18           4  -1.2472590399416494E-009
          18           5   6.9718012231935792E-009
          18           6  -6.9110083378171466E-009
          18           7  -2.0213491991327714E-010
          18           8  -1.0742805950370027E-010
          18           9 -0.32185079373073311     
          18          10   1.3273014631831614E-011
          18          11   3.9963560238831519E-011
          18          12  -4.6538934261220806E-002
          18          13  -7.5425207746171452E-011
          18          14  -5.7550166021602678E-011
          18          15  0.35611968792532134     
          18          16  -2.4511917495750879E-010
          18          17   4.4983322622371702E-011
          18          18  0.61080370454403177     
          18          19   1.4569274953135647E-010
          18          20  -1.6597557356279324E-010
          18          21  0.32060577038041971     
          18          22  -2.8659024001031111E-009
          18          23  -8.3196880652946163E-010
          18          24  -1.9382941182427049E-009
          18          25  -2.7964604522121339E-009
          18          26  -2.6204806393059558E-009
          18          27   5.1657433762376055E-009
          19           1  -1.0141090157749087E-011
          19           2  -2.5007891860754300E-011
          19           3   5.0056413144146041E-011
          19           4   1.0267061320157981E-010
          19           5  -1.4767079084040007E-010
          19           6  -1.3058428940025917E-010
          19           7 -0.16310979891526906     
          19           8  -4.3401556654165674E-011
          19           9  -2.3422559725094771E-010
          19          10  -2.3306252306155503E-002
          19          11  -5.6237904957900930E-012
          19          12  -1.3221043183853087E-011
          19          13  0.18718728313379646     
          19          14   4.5532046882845734E-011
          19          15   5.4327993492808702E-011
          19          16  0.32060577021451619     
          19          17   2.5426730859701152E-010
          19          18   1.4569274953135647E-010
          19          19  0.16830129066373312     
          19          20   1.3379920782430332E-010
          19          21   1.7933446394557961E-010
          19          22   2.3034314782895160E-010
          19          23   2.6166810914838865E-010
          19          24  -6.4557351750324092E-011
          19          25  -7.3160528639391707E-009
          19          26   4.1091258361800364E-009
          19          27  -1.4334600132609831E-010
          20           1  -1.8224946313656599E-011
          20           2  -5.0077993618940900E-011
          20           3   1.0153933072649126E-010
          20           4   1.7229812778983276E-010
          20           5  -1.6321438242647923E-010
          20           6  -3.8766595704165798E-010
          20           7   4.4272231713993193E-011
          20           8 -0.16310979875738019     
          20           9   9.4532645600331477E-012
          20          10   4.0708478254991576E-012
          20          11  -2.3306252275890608E-002
          20          12   1.3536559460153308E-011
          20          13   5.6542499848877270E-011
          20          14  0.18718728279000685     
          20          15  -1.0243326326042634E-010
          20          16  -6.5945679472712015E-011
          20          17  0.32060577005735369     
          20          18  -1.6597557356279324E-010
          20          19   1.3379920782430332E-010
          20          20  0.16830129023891782     
          20          21  -2.9680792545949686E-011
          20          22  -1.2251271291346076E-010
          20          23   1.8407266783812461E-010
          20          24   4.0497089188762847E-010
          20          25   2.3815970401614779E-008
          20          26   1.8787584282329689E-008
          20          27  -2.3095355598005132E-010
          21           1  -2.0851757126680467E-010
          21           2  -5.8673733970957784E-010
          21           3   1.1479596916960525E-009
          21           4   1.5679764975925048E-009
          21           5   4.7504191622500868E-010
          21           6  -6.3738098865330185E-009
          21           7  -9.2227538106559592E-011
          21           8  -6.8400809322133327E-011
          21           9 -0.16310979895026720     
          21          10   1.4552187579952580E-011
          21          11   2.1461942466272088E-011
          21          12  -2.3306252294340728E-002
          21          13   8.1416984265558767E-011
          21          14   3.6495379635015368E-011
          21          15  0.18718728316151004     
          21          16   6.6782135377252416E-011
          21          17   1.3295320400175115E-010
          21          18  0.32060577038041971     
          21          19   1.7933446394557961E-010
          21          20  -2.9680792545949686E-011
          21          21  0.16830129086293991     
          21          22  -1.4815190031420974E-009
          21          23  -4.3853926806038763E-010
          21          24  -9.9509787693536373E-010
          21          25  -1.4692112804338633E-009
          21          26  -1.4156329151951880E-009
          21          27   2.7368345985106950E-009
          22           1   1.0000041958456904E-003
          22           2   2.9720737595535342E-003
          22           3  -4.8736055757639327E-003
          22           4  -3.6438063524211039E-003
          22           5  -7.3089155024563118E-003
          22           6  -5.5751289472671687E-003
          22           7  -2.4309860326792796E-010
          22           8   1.0683245549784275E-010
          22           9   1.8377814294842684E-009
          22          10  -3.5839392911513143E-011
          22          11   1.4444576087546501E-011
          22          12   2.7931939823745476E-010
          22          13   2.5317559748322874E-010
          22          14  -1.4070533537439916E-010
          22          15  -1.6767389402622807E-009
          22          16   4.3611376726556630E-010
          22          17  -2.3786558619744233E-010
          22          18  -2.8659024001031111E-009
          22          19   2.3034314782895160E-010
          22          20  -1.2251271291346076E-010
          22          21  -1.4815190031420974E-009
          22          22   1.4056756125863386E-004
          22          23   2.6985556995005026E-014
          22          24   1.4056756125839715E-004
          22          25  -4.1722916976289229E-010
          22          26  -2.2850098603514383E-010
          22          27   1.4056756128081829E-004
          23           1   5.4944777913924394E-015
          23           2  -1.3118614036742606E-014
          23           3   2.3761695045598852E-013
          23           4   8.7459401161229657E-013
          23           5  -2.5608158281973229E-012
          23           6  -2.1359018641177529E-012
          23           7  -1.5929782089442064E-010
          23           8  -1.3110802118092600E-010
          23           9  -1.5922304198986265E-010
          23          10  -1.8097898586766541E-011
          23          11  -1.6394993465063353E-011
          23          12  -5.1644990712667719E-011
          23          13   2.9495235043107341E-010
          23          14   2.0669464642755957E-010
          23          15  -5.1204262737774549E-010
          23          16   4.9791201893564747E-010
          23          17   3.5037211091176530E-010
          23          18  -8.3196880652946163E-010
          23          19   2.6166810914838865E-010
          23          20   1.8407266783812461E-010
          23          21  -4.3853926806038763E-010
          23          22   2.6985556995005026E-014
          23          23   1.9387713756113479E-018
          23          24   2.6984469915532774E-014
          23          25   2.9472556622401693E-018
          23          26   2.0020598084790897E-017
          23          27   2.6973651932423413E-014
          24           1   1.0000041957331624E-003
          24           2   2.9720737592455367E-003
          24           3  -4.8736055752395674E-003
          24           4  -3.6438063517214695E-003
          24           5  -7.3089155029529181E-003
          24           6  -5.5751289477262902E-003
          24           7   1.1282721948315003E-010
          24           8  -3.1178202789585733E-010
          24           9   1.1960943706110375E-009
          24          10   1.8485725608760799E-011
          24          11  -4.0790375707293047E-011
          24          12   1.7920980478075203E-010
          24          13  -7.1901188134285734E-011
          24          14   4.4982055668335281E-010
          24          15  -1.1428131384761216E-009
          24          16  -1.2606806240822008E-010
          24          17   7.6642225476409123E-010
          24          18  -1.9382941182427049E-009
          24          19  -6.4557351750324092E-011
          24          20   4.0497089188762847E-010
          24          21  -9.9509787693536373E-010
          24          22   1.4056756125839715E-004
          24          23   2.6984469915532774E-014
          24          24   1.4056756125816410E-004
          24          25  -4.1722911275320592E-010
          24          26  -2.2850095729037947E-010
          24          27   1.4056756128059408E-004
          25           1  -2.7052600742686074E-008
          25           2  -5.4156560822468375E-008
          25           3   4.2061337672606827E-008
          25           4   4.8390356161030949E-008
          25           5  -4.7785398152649629E-009
          25           6  -7.9052542173465253E-009
          25           7  -6.5564625524358547E-008
          25           8  -5.0667653249689891E-007
          25           9   1.0290971199826967E-009
          25          10  -1.2961574874390371E-008
          25          11  -9.6314275076567374E-008
          25          12   1.2751941677042932E-010
          25          13  -1.1158046147782708E-008
          25          14   6.3804346898625619E-009
          25          15  -1.6504953446928524E-009
          25          16  -1.3510558469111932E-008
          25          17   4.8204845573095154E-008
          25          18  -2.7964604522121339E-009
          25          19  -7.3160528639391707E-009
          25          20   2.3815970401614779E-008
          25          21  -1.4692112804338633E-009
          25          22  -4.1722916976289229E-010
          25          23   2.9472556622401693E-018
          25          24  -4.1722911275320592E-010
          25          25   1.3339789245594688E-013
          25          26   8.7301571196919667E-014
          25          27  -4.1722921126196413E-010
          26           1  -1.6865057101798376E-008
          26           2  -3.2861964210366517E-008
          26           3   2.2681505659601313E-008
          26           4   2.6085219604465864E-008
          26           5  -2.1855311430756388E-009
          26           6  -3.9415380929248809E-009
          26           7  -1.4565474800589657E-007
          26           8  -3.2145084217931157E-007
          26           9  -1.1624335362253065E-008
          26          10  -2.7818748865443425E-008
          26          11  -6.0928384852306142E-008
          26          12  -2.3037144028923878E-009
          26          13  -1.3205532494711360E-009
          26          14   8.2869009487457831E-009
          26          15  -2.1148794962363120E-009
          26          16   8.6586790007343232E-009
          26          17   3.7568137300171155E-008
          26          18  -2.6204806393059558E-009
          26          19   4.1091258361800364E-009
          26          20   1.8787584282329689E-008
          26          21  -1.4156329151951880E-009
          26          22  -2.2850098603514383E-010
          26          23   2.0020598084790897E-017
          26          24  -2.2850095729037947E-010
          26          25   8.7301571196919667E-014
          26          26   6.2546817439368874E-014
          26          27  -2.2850105405767784E-010
          27           1   1.0000041953313710E-003
          27           2   2.9720737580777572E-003
          27           3  -4.8736055729596637E-003
          27           4  -3.6438063481977240E-003
          27           5  -7.3089155071364258E-003
          27           6  -5.5751289513933724E-003
          27           7   1.8024862836808507E-010
          27           8   2.2452442089031244E-010
          27           9  -1.5493780073267455E-009
          27          10   2.7677364507051820E-011
          27          11   3.1884174140934066E-011
          27          12  -1.6998880189442259E-010
          27          13  -1.5990310788354015E-010
          27          14  -2.6079114719848267E-010
          27          15   3.0441294020562181E-009
          27          16  -2.7610474848784908E-010
          27          17  -4.4451398555989200E-010
          27          18   5.1657433762376055E-009
          27          19  -1.4334600132609831E-010
          27          20  -2.3095355598005132E-010
          27          21   2.7368345985106950E-009
          27          22   1.4056756128081829E-004
          27          23   2.6973651932423413E-014
          27          24   1.4056756128059408E-004
          27          25  -4.1722921126196413E-010
          27          26  -2.2850105405767784E-010
          27          27   1.4056756130310959E-004
