           1           1  0.36203612884178737     
           1           2  0.64914785724414448     
           1           3 -0.17163937701100829     
           1           4 -0.20520485740977645     
           1           5   3.0392842434370571E-002
           1           6   3.9329534834030580E-002
           1           7  -2.3045200812477233E-002
           1           8  -1.4673173575121268E-002
           1           9   8.1315170694342502E-012
           1          10   5.8856336469943002E-012
           1          11  -7.5724012876592097E-013
           1          12   5.3267878652204070E-011
           1          13   4.1451345379541230E-011
           1          14  -1.9144110490997067E-012
           1          15   3.1236168659487234E-012
           1          16   7.8197100657755416E-011
           1          17   2.4650641519023486E-012
           1          18   1.9979666556738858E-012
           1          19   2.1583249868403110E-012
           1          20  -8.4089834395668965E-012
           1          21   3.5708903168617526E-012
           1          22  -3.6335434093249597E-011
           1          23   1.0770649684110877E-011
           1          24  -1.0025269861487260E-011
           1          25  -9.9744340481001501E-011
           1          26   3.4105821250925947E-011
           1          27  -8.8178178582833193E-012
           1          28  -6.5637859576059181E-011
           1          29   3.5191223151091762E-011
           1          30   2.7509549190396762E-002
           1          31  -5.1629927438096901E-012
           1          32   2.7509549190150175E-002
           1          33  -7.1073415808256905E-012
           1          34   1.0153966914518093E-012
           1          35   2.7509549185559121E-002
           1          36   3.5920188404833754E-003
           1          37  -6.1091964809488580E-013
           1          38   3.5920188391889169E-003
           1          39  -1.6273341885739186E-012
           1          40  -1.3349045170644550E-012
           1          41   3.5920188398285268E-003
           1          42   1.2879203377790687E-003
           1          43   7.2740910661422757E-013
           1          44   1.2879203371771258E-003
           1          45  -5.2278173671642400E-013
           1          46   2.4931483977119163E-013
           1          47   1.2879203384436083E-003
           2           1  0.64914785724414448     
           2           2   1.2234226491135236     
           2           3 -0.51450393566693275     
           2           4 -0.61461505378740000     
           2           5  0.10731402198667145     
           2           6  0.12358729202983965     
           2           7  -8.3595868838960474E-002
           2           8  -5.2581203376010383E-002
           2           9   2.1787209294475840E-011
           2          10   1.3495176108365400E-011
           2          11  -9.4208367924372983E-013
           2          12   1.4488288145870349E-010
           2          13   9.2342736840305814E-011
           2          14   2.6140479236113327E-013
           2          15   5.9610412258098265E-012
           2          16   2.6701674071732258E-010
           2          17  -6.1591031459077910E-012
           2          18   6.0277495980049573E-012
           2          19   1.0601520950433552E-011
           2          20  -3.3483492892376103E-011
           2          21   1.2549613072559224E-011
           2          22  -1.3026820301304480E-010
           2          23   3.8105946980454612E-011
           2          24  -3.4199962894153394E-011
           2          25  -3.4905550870406801E-010
           2          26   1.2067973544629118E-010
           2          27  -3.0525298395488483E-011
           2          28  -2.3025725498113021E-010
           2          29   1.2480319142891309E-010
           2          30   9.9084312512278672E-002
           2          31  -1.6019954282986190E-011
           2          32   9.9084312508588762E-002
           2          33  -2.3339392947887662E-011
           2          34   1.6935535053389522E-012
           2          35   9.9084312494532895E-002
           2          36   1.3219952071417653E-002
           2          37  -1.6688541412976331E-012
           2          38   1.3219952066203276E-002
           2          39  -5.2858612077767811E-012
           2          40  -5.1334318547807741E-012
           2          41   1.3219952068699085E-002
           2          42   4.9738766801216330E-003
           2          43   2.6141788647243543E-012
           2          44   4.9738766779573625E-003
           2          45  -1.8467540815735614E-012
           2          46   8.0268774579983979E-013
           2          47   4.9738766824394499E-003
           3           1 -0.17163937701100829     
           3           2 -0.51450393566693275     
           3           3  0.80158511796009146     
           3           4  0.94467153632848522     
           3           5 -0.17683429446777826     
           3           6 -0.18465370882197554     
           3           7  0.13304389789477816     
           3           8   8.1914090010448776E-002
           3           9  -2.5817939826733961E-011
           3          10  -1.2336523237049222E-011
           3          11   3.0949959391127188E-012
           3          12  -1.7324527606236426E-010
           3          13  -7.7685657342716088E-011
           3          14   2.0212226188097242E-011
           3          15  -4.9242597016141030E-011
           3          16  -4.7281169773293965E-010
           3          17  -2.9016381202158914E-011
           3          18  -2.2694918725096137E-011
           3          19  -2.9047299207319157E-011
           3          20   4.1707931276545709E-011
           3          21  -1.8696751676419381E-011
           3          22   2.0899986837762713E-010
           3          23  -6.0358702877982659E-011
           3          24   6.4519599520926331E-011
           3          25   5.7765158318117190E-010
           3          26  -1.8975540026854455E-010
           3          27   5.6044159261439562E-011
           3          28   3.8499228951806002E-010
           3          29  -1.9418031572973484E-010
           3          30 -0.17381170336726257     
           3          31   3.8032532663623849E-011
           3          32 -0.17381170335627205     
           3          33   2.0610440349450928E-011
           3          34  -2.2041692291840348E-011
           3          35 -0.17381170333739265     
           3          36  -2.3368684976656263E-002
           3          37   6.6405673124964917E-012
           3          38  -2.3368684966560943E-002
           3          39   2.9223615513596654E-012
           3          40   2.1540610341296990E-012
           3          41  -2.3368684971770123E-002
           3          42  -8.6819398952962951E-003
           3          43  -3.8464806979599561E-012
           3          44  -8.6819398919903527E-003
           3          45   2.2575040100462716E-012
           3          46  -1.8518966910020346E-012
           3          47  -8.6819398994128424E-003
           4           1 -0.20520485740977645     
           4           2 -0.61461505378740000     
           4           3  0.94467153632848522     
           4           4   1.2191365071979023     
           4           5 -0.40047216512598161     
           4           6 -0.36434849666210367     
           4           7  0.28567634476766979     
           4           8  0.17771552999255719     
           4           9  -3.9229552175667762E-011
           4          10  -7.6276492507202179E-012
           4          11   1.2760484795969228E-011
           4          12  -2.6637292334296609E-010
           4          13  -3.0934953447336354E-011
           4          14   9.5313093904416677E-011
           4          15  -2.1477548844346128E-011
           4          16  -8.4421832750758788E-010
           4          17  -1.9886212541427183E-010
           4          18  -2.7245438549602373E-011
           4          19  -6.1025300543419569E-011
           4          20   3.2935666848388784E-011
           4          21  -4.1460822485132926E-011
           4          22   4.5625754459917873E-010
           4          23  -1.3367224112354915E-010
           4          24   1.0458335172810808E-010
           4          25   1.1769506497678596E-009
           4          26  -4.0848681611898499E-010
           4          27   9.8072465998724687E-011
           4          28   7.8431288692386027E-010
           4          29  -4.1787385293078333E-010
           4          30 -0.31459587367501574     
           4          31   6.4334326950987994E-011
           4          32 -0.31459587371024533     
           4          33   1.0227983164612561E-010
           4          34  -2.5730348171407157E-011
           4          35 -0.31459587363508246     
           4          36  -4.4792660611656529E-002
           4          37   1.0677235336951433E-011
           4          38  -4.4792660611446086E-002
           4          39   2.6445717745920550E-011
           4          40   9.4177432670114209E-012
           4          41  -4.4792660606905607E-002
           4          42  -1.8125604245110533E-002
           4          43  -8.6795120366703774E-012
           4          44  -1.8125604238710097E-002
           4          45   6.8432013690373523E-012
           4          46  -2.7982433632064118E-012
           4          47  -1.8125604253348811E-002
           5           1   3.0392842434370571E-002
           5           2  0.10731402198667145     
           5           3 -0.17683429446777826     
           5           4 -0.40047216512598161     
           5           5  0.38814119155278537     
           5           6  0.30599298574275152     
           5           7 -0.25820265879361781     
           5           8 -0.16205720161212944     
           5           9  -1.3537076789470632E-011
           5          10  -4.9641889335339907E-011
           5          11  -5.7078589050519026E-011
           5          12  -1.1036727588203763E-010
           5          13  -3.8873894253895487E-010
           5          14  -4.4270532723352732E-010
           5          15   2.8166876135287677E-010
           5          16   1.0110239319101919E-009
           5          17   9.5427497681103129E-010
           5          18   1.1999115015678621E-010
           5          19   1.8586862533979388E-010
           5          20   2.3633326057775727E-010
           5          21   3.7922602309401104E-011
           5          22  -4.6721726451721891E-010
           5          23   1.4148354643152302E-010
           5          24  -9.2034214815016166E-011
           5          25  -1.2044237089630779E-009
           5          26   3.9557259953775980E-010
           5          27  -9.6155158942963361E-011
           5          28  -8.2341397231562311E-010
           5          29   3.8626158514220754E-010
           5          30  0.23792394724791394     
           5          31  -1.3433897955849395E-010
           5          32  0.23792394728267935     
           5          33  -8.8200887687790926E-011
           5          34   1.2398280765361389E-010
           5          35  0.23792394716263879     
           5          36   3.6496849958841643E-002
           5          37  -3.5592699132295303E-011
           5          38   3.6496849961408243E-002
           5          39  -2.3660560559707528E-011
           5          40   2.5750578338371089E-011
           5          41   3.6496849937200232E-002
           5          42   1.6160165921650465E-002
           5          43   6.8316409661055178E-012
           5          44   1.6160165914681935E-002
           5          45  -6.6837291559374141E-012
           5          46   4.3600998568510195E-012
           5          47   1.6160165927963800E-002
           6           1   3.9329534834030580E-002
           6           2  0.12358729202983965     
           6           3 -0.18465370882197554     
           6           4 -0.36434849666210367     
           6           5  0.30599298574275152     
           6           6  0.29070210720101214     
           6           7 -0.41290539265371989     
           6           8 -0.27350505879657439     
           6           9   2.9850638167269735E-011
           6          10  -1.1285601211559033E-011
           6          11   5.4980388853881051E-011
           6          12   2.2223308106993544E-010
           6          13  -1.0124805724057131E-010
           6          14   4.2899952800321531E-010
           6          15  -3.4972480294024501E-010
           6          16   5.9010374488187116E-010
           6          17  -9.7308570372613895E-010
           6          18  -7.9114049075363576E-011
           6          19   1.0100492671275634E-010
           6          20  -3.9868910259685673E-010
           6          21   5.2052061021237085E-011
           6          22  -6.7115975366667329E-010
           6          23   1.7085604443359105E-010
           6          24  -2.7921915040740034E-011
           6          25  -1.3510662907708895E-009
           6          26   5.6038217131133111E-010
           6          27  -5.7106193196134698E-011
           6          28  -8.8368100614729333E-010
           6          29   6.2121574365932543E-010
           6          30  0.19617804495895436     
           6          31  -4.3113721496366557E-012
           6          32  0.19617804530042238     
           6          33  -9.5971127197881523E-011
           6          34  -1.3346772582400442E-012
           6          35  0.19617804521369181     
           6          36   2.9437565052500465E-002
           6          37   6.4384381361029722E-012
           6          38   2.9437565155482629E-002
           6          39  -2.5278891774059890E-011
           6          40  -1.4440573745884047E-011
           6          41   2.9437565143266599E-002
           6          42   1.9121770930960159E-002
           6          43   1.3223253444020612E-011
           6          44   1.9121770925825430E-002
           6          45  -1.1001357297568335E-011
           6          46   5.2653629680172977E-013
           6          47   1.9121770938724407E-002
           7           1  -2.3045200812477233E-002
           7           2  -8.3595868838960474E-002
           7           3  0.13304389789477816     
           7           4  0.28567634476766979     
           7           5 -0.25820265879361781     
           7           6 -0.41290539265371989     
           7           7   1.1060088313622893     
           7           8  0.76008637426570314     
           7           9  -3.3036661984633164E-011
           7          10   1.0303271146110386E-010
           7          11  -2.9586241441270225E-011
           7          12  -2.1647743838291875E-010
           7          13   8.6903254571097447E-010
           7          14  -2.3816630701573069E-010
           7          15  -3.0751229159504831E-010
           7          16  -3.4614523452486826E-009
           7          17   7.0942831471601415E-010
           7          18  -2.3735666180765657E-010
           7          19  -1.2666416303373996E-009
           7          20   3.3717171677100607E-010
           7          21   3.4582162428741782E-010
           7          22   3.1386763977938004E-009
           7          23  -5.7357261316587597E-010
           7          24   1.5403592962724429E-009
           7          25   7.6186719917955677E-009
           7          26  -1.7658845514758022E-009
           7          27   1.3317303187601697E-009
           7          28   5.5298881946982343E-009
           7          29  -1.8995025059757842E-009
           7          30 -0.18015419245937075     
           7          31  -1.7945247625091939E-010
           7          32 -0.18015419295410096     
           7          33   2.9582165386395123E-010
           7          34   1.7476058398549839E-010
           7          35 -0.18015419258699839     
           7          36  -2.5341597466395929E-002
           7          37  -7.3009186206589919E-011
           7          38  -2.5341597617187787E-002
           7          39   8.6489057028637272E-011
           7          40   7.8429265648556701E-011
           7          41  -2.5341597531789370E-002
           7          42  -3.9299049774613418E-002
           7          43  -4.1438960985474181E-011
           7          44  -3.9299049744628653E-002
           7          45   3.8725486443675780E-011
           7          46   8.0316835591590005E-012
           7          47  -3.9299049770848818E-002
           8           1  -1.4673173575121268E-002
           8           2  -5.2581203376010383E-002
           8           3   8.1914090010448776E-002
           8           4  0.17771552999255719     
           8           5 -0.16205720161212944     
           8           6 -0.27350505879657439     
           8           7  0.76008637426570314     
           8           8  0.52557774713684469     
           8           9  -1.1973374976468605E-010
           8          10  -1.2461667376369891E-010
           8          11  -9.1091574674078745E-011
           8          12  -9.3066315015204297E-010
           8          13  -9.6865077924454517E-010
           8          14  -7.0820248419738355E-010
           8          15   2.1420506040151656E-009
           8          16   2.2225780743924100E-009
           8          17   1.5661869170237044E-009
           8          18   7.2809962141729887E-010
           8          19   9.0861142286575642E-010
           8          20   5.7795791921868932E-010
           8          21  -1.1645507470786205E-009
           8          22  -1.2491850000085125E-009
           8          23  -2.2070974496049619E-010
           8          24  -3.5231466606641286E-009
           8          25  -5.9072428056773815E-009
           8          26  -7.2763180378233180E-010
           8          27  -2.6461899385195242E-009
           8          28  -4.9915412348668460E-009
           8          29  -8.5785049653218078E-010
           8          30 -0.11415807635355649     
           8          31   4.6593399264815778E-010
           8          32 -0.11415807713846529     
           8          33   5.8640722910097669E-010
           8          34  -1.0370529778468681E-010
           8          35 -0.11415807694644417     
           8          36  -1.5507274953055573E-002
           8          37   1.4067202075120128E-010
           8          38  -1.5507275200405811E-002
           8          39   1.8483129879557723E-010
           8          40  -1.8154416247865239E-011
           8          41  -1.5507275160158651E-002
           8          42  -2.7234255681053615E-002
           8          43  -1.2207785577472447E-011
           8          44  -2.7234255667553678E-002
           8          45   3.9947886255154054E-011
           8          46   6.4681015993522861E-015
           8          47  -2.7234255685928632E-002
           9           1   8.1315170694342502E-012
           9           2   2.1787209294475840E-011
           9           3  -2.5817939826733961E-011
           9           4  -3.9229552175667762E-011
           9           5  -1.3537076789470632E-011
           9           6   2.9850638167269735E-011
           9           7  -3.3036661984633164E-011
           9           8  -1.1973374976468605E-010
           9           9   4.0763196736356797E-002
           9          10  -1.1402475672185548E-012
           9          11  -3.9316022154363050E-013
           9          12  0.28891596851263146     
           9          13  -9.2770825567516567E-012
           9          14  -4.0954298271960595E-012
           9          15  -8.7688413951666808E-002
           9          16   8.3223685364292335E-012
           9          17   7.1037034626574520E-012
           9          18  -3.2607180634144528E-002
           9          19  -3.5312685466170673E-012
           9          20  -8.8983476442853846E-013
           9          21   1.0327564711088695E-003
           9          22  -6.1142348504769470E-012
           9          23   1.1909899482761941E-011
           9          24   5.7936552113991490E-003
           9          25  -1.2871975586579115E-012
           9          26  -2.1695826470386380E-011
           9          27   5.4218328625160401E-003
           9          28   8.0670935704458014E-012
           9          29   1.1627706437832188E-011
           9          30   2.3157441961042308E-011
           9          31   2.0545673462235886E-011
           9          32  -1.9872784153305496E-011
           9          33  -8.3484899730283412E-012
           9          34  -1.6829415691367786E-011
           9          35   5.6827380495556479E-012
           9          36   2.2047549658299124E-012
           9          37   9.4824063188993084E-012
           9          38   2.2925523533883518E-011
           9          39  -1.5894117997182077E-013
           9          40   4.9284978597087310E-012
           9          41   2.3844041599342099E-011
           9          42   3.9082044050136153E-011
           9          43  -3.6942408182930021E-011
           9          44   4.8010244215989630E-011
           9          45   1.2117140631803314E-011
           9          46  -5.1621837928356242E-012
           9          47   5.6616801641635925E-011
          10           1   5.8856336469943002E-012
          10           2   1.3495176108365400E-011
          10           3  -1.2336523237049222E-011
          10           4  -7.6276492507202179E-012
          10           5  -4.9641889335339907E-011
          10           6  -1.1285601211559033E-011
          10           7   1.0303271146110386E-010
          10           8  -1.2461667376369891E-010
          10           9  -1.1402475672185548E-012
          10          10   4.0763196739462590E-002
          10          11  -4.4836160288245305E-014
          10          12   5.6603175829514397E-012
          10          13  0.28891596852081058     
          10          14  -7.1847316302629431E-012
          10          15  -1.0157046079728670E-011
          10          16  -8.7688413949991120E-002
          10          17   2.0731581122193195E-011
          10          18   1.2103251481324367E-011
          10          19  -3.2607180636810999E-002
          10          20  -2.2214802104693998E-011
          10          21   2.7401628915187511E-012
          10          22   1.0327564640619140E-003
          10          23   2.6055586026694905E-011
          10          24  -1.7766067981911672E-011
          10          25   5.7936552158126282E-003
          10          26  -9.0863561753038518E-012
          10          27   1.1646534568571109E-011
          10          28   5.4218328638155691E-003
          10          29   2.3475720388833746E-013
          10          30  -3.0822712452068213E-011
          10          31  -8.3278010923359187E-013
          10          32  -4.1242381204467935E-011
          10          33   7.2544972714609060E-012
          10          34   1.6989939965736391E-011
          10          35   3.8620176301828746E-012
          10          36   3.0246866242569111E-011
          10          37   2.0806448938167408E-012
          10          38   2.4118341782878288E-011
          10          39   3.6341634556376433E-012
          10          40   6.4938713692146629E-012
          10          41   3.8041815056742987E-011
          10          42   7.4002077402624560E-011
          10          43   1.0359541883594962E-012
          10          44   5.0096657805782823E-012
          10          45  -1.1886374583709881E-011
          10          46   2.1030719869884266E-011
          10          47   6.4158423810081951E-011
          11           1  -7.5724012876592097E-013
          11           2  -9.4208367924372983E-013
          11           3   3.0949959391127188E-012
          11           4   1.2760484795969228E-011
          11           5  -5.7078589050519026E-011
          11           6   5.4980388853881051E-011
          11           7  -2.9586241441270225E-011
          11           8  -9.1091574674078745E-011
          11           9  -3.9316022154363050E-013
          11          10  -4.4836160288245305E-014
          11          11   4.0763196736450708E-002
          11          12   5.8151552713302008E-013
          11          13  -7.2600411631779667E-013
          11          14  0.28891596850768048     
          11          15   7.8311227792456368E-013
          11          16   6.3220950446258801E-012
          11          17  -8.7688413939086468E-002
          11          18  -9.9142345934502608E-012
          11          19  -1.4084623334488216E-011
          11          20  -3.2607180657399107E-002
          11          21   1.9920573164385169E-011
          11          22   2.3072494242087977E-011
          11          23   1.0327565217179001E-003
          11          24  -7.0724443840209622E-012
          11          25  -1.7251581242049229E-011
          11          26   5.7936551663006269E-003
          11          27   1.2262279364376248E-012
          11          28   7.7130442092230166E-012
          11          29   5.4218328652792759E-003
          11          30   1.1196106192666186E-011
          11          31  -4.5552752875745126E-012
          11          32   1.6108364090192700E-011
          11          33  -1.7836602583300648E-011
          11          34  -3.0703558580915974E-011
          11          35   4.5504828594991829E-012
          11          36   1.1731004864447253E-011
          11          37   2.8607366786697847E-011
          11          38   8.9693573356618530E-012
          11          39  -9.3270449467228948E-012
          11          40   2.6228629334273634E-012
          11          41  -5.2890428237202525E-012
          11          42   7.4383416171554235E-012
          11          43  -3.6447342324153317E-012
          11          44   6.6131746239274408E-012
          11          45  -5.9829883489229797E-012
          11          46  -9.1290905342817348E-012
          11          47   4.2245674163686383E-011
          12           1   5.3267878652204070E-011
          12           2   1.4488288145870349E-010
          12           3  -1.7324527606236426E-010
          12           4  -2.6637292334296609E-010
          12           5  -1.1036727588203763E-010
          12           6   2.2223308106993544E-010
          12           7  -2.1647743838291875E-010
          12           8  -9.3066315015204297E-010
          12           9  0.28891596851263146     
          12          10   5.6603175829514397E-012
          12          11   5.8151552713302008E-013
          12          12   2.0505488142151291     
          12          13   2.9401831914804366E-011
          12          14  -2.1917094424355890E-012
          12          15 -0.68284466521453990     
          12          16   7.7359632140652214E-011
          12          17  -1.3663577320321806E-011
          12          18 -0.25118859194679799     
          12          19  -3.1461692034065024E-011
          12          20  -2.2101389365887046E-011
          12          21   7.7511888102078591E-003
          12          22  -3.7648356508493043E-011
          12          23   8.4589489579173174E-011
          12          24   4.5926770697445204E-002
          12          25  -1.1042718683753398E-011
          12          26  -1.6736366779199652E-010
          12          27   4.2593806147766082E-002
          12          28   5.6226587286911127E-011
          12          29   9.0402632363601494E-011
          12          30   1.8140831230809824E-010
          12          31   1.5312581137044925E-010
          12          32  -1.5671367766722362E-010
          12          33  -7.8588764094933238E-011
          12          34  -1.3051915723448190E-010
          12          35   4.2369462100681928E-011
          12          36   1.2668692897000641E-011
          12          37   6.5936506548380750E-011
          12          38   1.7290124844553105E-010
          12          39  -2.6231933611328459E-012
          12          40   3.7626365378690870E-011
          12          41   1.7505664733097779E-010
          12          42   2.8904476079215011E-010
          12          43  -2.9171321822308384E-010
          12          44   3.6196483847290854E-010
          12          45   1.0004531329472931E-010
          12          46  -3.5455994140185608E-011
          12          47   4.3417219991525166E-010
          13           1   4.1451345379541230E-011
          13           2   9.2342736840305814E-011
          13           3  -7.7685657342716088E-011
          13           4  -3.0934953447336354E-011
          13           5  -3.8873894253895487E-010
          13           6  -1.0124805724057131E-010
          13           7   8.6903254571097447E-010
          13           8  -9.6865077924454517E-010
          13           9  -9.2770825567516567E-012
          13          10  0.28891596852081058     
          13          11  -7.2600411631779667E-013
          13          12   2.9401831914804366E-011
          13          13   2.0505488141760067     
          13          14  -5.2724703882236818E-011
          13          15  -5.5876505060902553E-011
          13          16 -0.68284466518461973     
          13          17   1.3976323924986989E-010
          13          18   7.8540961721718897E-011
          13          19 -0.25118859195909926     
          13          20  -1.6276118444570182E-010
          13          21   3.0138312997016089E-011
          13          22   7.7511887670766947E-003
          13          23   1.8709173724341939E-010
          13          24  -1.3125682243128306E-010
          13          25   4.5926770724253302E-002
          13          26  -6.4908149266276337E-011
          13          27   8.1140421555742297E-011
          13          28   4.2593806154325467E-002
          13          29   1.1317699995109918E-012
          13          30  -2.3563445477505003E-010
          13          31  -1.6810439472127364E-011
          13          32  -3.2074008068948173E-010
          13          33   4.1927087496423936E-011
          13          34   1.3044938209168560E-010
          13          35   3.2912573613678897E-011
          13          36   2.3023321267186573E-010
          13          37   7.4360796266947720E-012
          13          38   1.8035569367616633E-010
          13          39   2.6657052069858779E-011
          13          40   4.9810374719482081E-011
          13          41   2.8207527529013077E-010
          13          42   5.5837094990070886E-010
          13          43   5.4718335064522706E-012
          13          44   1.8776435478442432E-011
          13          45  -8.6545499406068812E-011
          13          46   1.7468069099636333E-010
          13          47   4.9471993999975533E-010
          14           1  -1.9144110490997067E-012
          14           2   2.6140479236113327E-013
          14           3   2.0212226188097242E-011
          14           4   9.5313093904416677E-011
          14           5  -4.4270532723352732E-010
          14           6   4.2899952800321531E-010
          14           7  -2.3816630701573069E-010
          14           8  -7.0820248419738355E-010
          14           9  -4.0954298271960595E-012
          14          10  -7.1847316302629431E-012
          14          11  0.28891596850768048     
          14          12  -2.1917094424355890E-012
          14          13  -5.2724703882236818E-011
          14          14   2.0505488141427382     
          14          15  -3.3280393316402647E-012
          14          16   4.6260766590662365E-011
          14          17 -0.68284466514461584     
          14          18  -7.9195216458365153E-011
          14          19  -1.0745114782066172E-010
          14          20 -0.25118859212105404     
          14          21   1.5509285564219674E-010
          14          22   1.7505253364663866E-010
          14          23   7.7511891970398657E-003
          14          24  -5.7155768520938154E-011
          14          25  -1.3174331539419714E-010
          14          26   4.5926770343365945E-002
          14          27   1.0675735869352829E-011
          14          28   6.0133483144860526E-011
          14          29   4.2593806174653290E-002
          14          30   8.7846468237775861E-011
          14          31  -3.1245634395374130E-011
          14          32   1.2232943224200788E-010
          14          33  -1.1473497743564708E-010
          14          34  -2.2735407769387623E-010
          14          35   3.7921166406089540E-011
          14          36   9.0237325820047592E-011
          14          37   2.2178276673616951E-010
          14          38   6.8902570111115029E-011
          14          39  -6.4624535439002580E-011
          14          40   2.2514051961770747E-011
          14          41  -3.8105394929906792E-011
          14          42   5.8015292858637742E-011
          14          43  -2.8150105050986130E-011
          14          44   5.2167553321996857E-011
          14          45  -4.6833484354248624E-011
          14          46  -7.5613128032507636E-011
          14          47   3.2962309681588238E-010
          15           1   3.1236168659487234E-012
          15           2   5.9610412258098265E-012
          15           3  -4.9242597016141030E-011
          15           4  -2.1477548844346128E-011
          15           5   2.8166876135287677E-010
          15           6  -3.4972480294024501E-010
          15           7  -3.0751229159504831E-010
          15           8   2.1420506040151656E-009
          15           9  -8.7688413951666808E-002
          15          10  -1.0157046079728670E-011
          15          11   7.8311227792456368E-013
          15          12 -0.68284466521453990     
          15          13  -5.5876505060902553E-011
          15          14  -3.3280393316402647E-012
          15          15   1.5283803170781129     
          15          16  -2.6846788082394217E-010
          15          17   7.3629505478661866E-011
          15          18  0.50886493884952599     
          15          19   1.6881149572709463E-010
          15          20  -8.8770966060961424E-011
          15          21  -1.3590588713579025E-002
          15          22  -1.0385071332946235E-010
          15          23  -5.1723715253958299E-011
          15          24 -0.12499308337778532     
          15          25   4.2511471039447623E-011
          15          26   3.3634380997244156E-010
          15          27 -0.10758376714757764     
          15          28   3.3354858596831136E-012
          15          29  -1.9774430160029394E-010
          15          30  -4.8981683759097963E-010
          15          31  -3.5209376522935029E-010
          15          32   4.1389988737525941E-010
          15          33   3.9509889939614323E-010
          15          34   3.6910282348609732E-010
          15          35  -1.5067136559086327E-010
          15          36   4.4773139719318600E-011
          15          37  -3.8219068743600542E-011
          15          38  -2.6471069256264409E-010
          15          39   1.5197380236394392E-011
          15          40  -4.0496105800387880E-011
          15          41  -2.1095574697714151E-010
          15          42  -3.4913552321929217E-010
          15          43   7.5931195758019125E-010
          15          44  -5.9947246285742790E-010
          15          45  -3.5726206929959426E-010
          15          46  -1.0557339004360717E-011
          15          47  -8.6789321272214771E-010
          16           1   7.8197100657755416E-011
          16           2   2.6701674071732258E-010
          16           3  -4.7281169773293965E-010
          16           4  -8.4421832750758788E-010
          16           5   1.0110239319101919E-009
          16           6   5.9010374488187116E-010
          16           7  -3.4614523452486826E-009
          16           8   2.2225780743924100E-009
          16           9   8.3223685364292335E-012
          16          10  -8.7688413949991120E-002
          16          11   6.3220950446258801E-012
          16          12   7.7359632140652214E-011
          16          13 -0.68284466518461973     
          16          14   4.6260766590662365E-011
          16          15  -2.6846788082394217E-010
          16          16   1.5283803171207055     
          16          17  -1.0960845581851222E-010
          16          18   1.5156494522472517E-010
          16          19  0.50886493888329210     
          16          20   9.0190076086597544E-011
          16          21  -2.3847268863373668E-010
          16          22  -1.3590588843710416E-002
          16          23  -1.1298568444774183E-010
          16          24   1.5050016683350888E-010
          16          25 -0.12499308328628880     
          16          26   2.8953034066205001E-011
          16          27   5.5519946064853520E-012
          16          28 -0.10758376709487090     
          16          29   9.7770979831619204E-012
          16          30   5.6003534652255827E-010
          16          31   1.1377001158673363E-010
          16          32   9.0547764506718631E-010
          16          33   1.0775082618153093E-010
          16          34  -2.4946263303428576E-010
          16          35  -2.0271490413132609E-010
          16          36  -4.0018888512968981E-010
          16          37   1.1552627654618178E-010
          16          38  -2.1876835152053333E-010
          16          39  -5.3467638809795729E-011
          16          40  -9.8449176201169649E-011
          16          41  -4.0627350347860479E-010
          16          42  -9.4056091707611658E-010
          16          43   4.0098517532127342E-011
          16          44   3.7329103198847953E-010
          16          45   7.7902929879219270E-011
          16          46  -6.3499112641105002E-010
          16          47  -1.0663104587678185E-009
          17           1   2.4650641519023486E-012
          17           2  -6.1591031459077910E-012
          17           3  -2.9016381202158914E-011
          17           4  -1.9886212541427183E-010
          17           5   9.5427497681103129E-010
          17           6  -9.7308570372613895E-010
          17           7   7.0942831471601415E-010
          17           8   1.5661869170237044E-009
          17           9   7.1037034626574520E-012
          17          10   2.0731581122193195E-011
          17          11  -8.7688413939086468E-002
          17          12  -1.3663577320321806E-011
          17          13   1.3976323924986989E-010
          17          14 -0.68284466514461584     
          17          15   7.3629505478661866E-011
          17          16  -1.0960845581851222E-010
          17          17   1.5283803172084229     
          17          18   1.7924003458822380E-010
          17          19   1.8787585898110631E-010
          17          20  0.50886493902899121     
          17          21  -3.4712300097287376E-010
          17          22  -3.0368639125957305E-010
          17          23  -1.3590589440901312E-002
          17          24   1.7540542303313186E-010
          17          25   2.4710545024489156E-010
          17          26 -0.12499308253360325     
          17          27  -4.6451069108317216E-011
          17          28  -1.3647780025971078E-010
          17          29 -0.10758376731658600     
          17          30  -1.4893976648520583E-010
          17          31   1.1558713251252104E-010
          17          32  -2.8940471255937974E-010
