           1           1  0.69921980355682067     
           1           2  0.57757035720180916     
           1           3  -1.1073568494422489E-012
           1           4   5.1603415578808565E-012
           1           5  -4.0484782963951586E-012
           1           6 -0.13384126645392327     
           1           7  -2.1936090357258929E-012
           1           8   1.0012212562382579E-011
           1           9  -5.5744025652175577E-012
           1          10 -0.12824846091843856     
           1          11   3.5112259646778218E-012
           1          12   8.9565357455689010E-012
           1          13  -9.6812705768406836E-012
           1          14  -1.1522275634152043E-003
           1          15  -3.4522554624371216E-005
           1          16  -7.9528998133865045E-004
           1          17   1.5538108667486608E-004
           1          18   1.2924577932450012E-005
           1          19  -8.4318159733969315E-004
           2           1  0.57757035720180916     
           2           2  0.49823460183869711     
           2           3  -2.5686318606175195E-012
           2           4   8.9687753431744447E-012
           2           5  -6.0074652383343939E-012
           2           6 -0.22307814997594452     
           2           7  -3.9345000638686114E-012
           2           8   1.6935240607720520E-011
           2           9  -9.3320669951927099E-012
           2          10 -0.21538571891137018     
           2          11   7.1208613692293950E-012
           2          12   1.4867727496202862E-011
           2          13  -1.7055591854069732E-011
           2          14  -2.3440781930070933E-003
           2          15  -1.1685625913896098E-004
           2          16  -1.1358713382311806E-003
           2          17   5.2595121651228746E-004
           2          18   4.3749125548960379E-005
           2          19  -1.2979808612106911E-003
           3           1  -1.1073568494422489E-012
           3           2  -2.5686318606175195E-012
           3           3   6.2697765675352873E-002
           3           4   5.2152847432209255E-003
           3           5  -2.3473127740591532E-002
           3           6   2.2090357920380439E-011
           3           7  0.10619744104085088     
           3           8   8.8336464141418602E-003
           3           9  -3.9758770805458567E-002
           3          10  -2.0387990670775244E-011
           3          11  0.10937057327096354     
           3          12   9.0975917248121464E-003
           3          13  -4.0946744740358518E-002
           3          14  -1.8899376651580045E-012
           3          15   1.0583075359440107E-011
           3          16  -5.2966487578307799E-013
           3          17  -3.8183354711654909E-011
           3          18  -2.0513760516111021E-010
           3          19   6.6742506252134418E-012
           4           1   5.1603415578808565E-012
           4           2   8.9687753431744447E-012
           4           3   5.2152847432209255E-003
           4           4   4.3381442161287794E-004
           4           5  -1.9525264363496621E-003
           4           6  -2.3003616660090108E-011
           4           7   8.8336464316331673E-003
           4           8   7.3479462743905816E-004
           4           9  -3.3071881997293940E-003
           4          10  -3.2536276543894492E-011
           4          11   9.0975918518514630E-003
           4          12   7.5674995450623298E-004
           4          13  -3.4060054744965455E-003
           4          14   4.0551989762243632E-012
           4          15   1.5065880967567186E-012
           4          16  -2.3068550331066932E-012
           4          17  -5.9948961237056659E-012
           4          18  -1.7298090479069287E-011
           4          19  -8.3882187974371342E-013
           5           1  -4.0484782963951586E-012
           5           2  -6.0074652383343939E-012
           5           3  -2.3473127740591532E-002
           5           4  -1.9525264363496621E-003
           5           5   8.7879961907913196E-003
           5           6   6.7178283098811059E-012
           5           7  -3.9758770865670104E-002
           5           8  -3.3071881981893798E-003
           5           9   1.4885103095345315E-002
           5          10   3.3707546569476355E-011
           5          11  -4.0946745227641711E-002
           5          12  -3.4060054674677543E-003
           5          13   1.5329863185693507E-002
           5          14  -6.8745276714991488E-012
           5          15  -5.0603097148517703E-012
           5          16   3.9703727239648284E-012
           5          17   1.9237929416239992E-011
           5          18   7.7211658650157588E-011
           5          19  -2.5009813806447711E-013
           6           1 -0.13384126645392327     
           6           2 -0.22307814997594452     
           6           3   2.2090357920380439E-011
           6           4  -2.3003616660090108E-011
           6           5   6.7178283098811059E-012
           6           6  0.62470782069707398     
           6           7   3.3239779299540280E-011
           6           8  -4.2352754968266116E-011
           6           9   1.1552730673271653E-011
           6          10  0.60584802483188072     
           6          11  -5.0807173292256035E-012
           6          12  -3.6067177279756112E-011
           6          13   4.0118065922498774E-011
           6          14   8.5919489672023064E-003
           6          15   6.1434172108834660E-004
           6          16   2.2401124177713078E-003
           6          17  -2.7650498124447403E-003
           6          18  -2.3000044668642771E-004
           6          19   3.0923615336935165E-003
           7           1  -2.1936090357258929E-012
           7           2  -3.9345000638686114E-012
           7           3  0.10619744104085088     
           7           4   8.8336464316331673E-003
           7           5  -3.9758770865670104E-002
           7           6   3.3239779299540280E-011
           7           7  0.17987716726655947     
           7           8   1.4962425441108420E-002
           7           9  -6.7343384137996662E-002
           7          10  -3.6480200195664855E-011
           7          11  0.18525181689390149     
           7          12   1.5409495863251643E-002
           7          13  -6.9355573735993770E-002
           7          14  -4.6736450668407130E-012
           7          15   1.7718783403222644E-011
           7          16  -2.3121124678073129E-013
           7          17  -6.3744065655223326E-011
           7          18  -3.4738453105395002E-010
           7          19   1.1683859306068793E-011
           8           1   1.0012212562382579E-011
           8           2   1.6935240607720520E-011
           8           3   8.8336464141418602E-003
           8           4   7.3479462743905816E-004
           8           5  -3.3071881981893798E-003
           8           6  -4.2352754968266116E-011
           8           7   1.4962425441108420E-002
           8           8   1.2445947336327016E-003
           8           9  -5.6017135439069294E-003
           8          10  -6.0282278574290840E-011
           8          11   1.5409496047918763E-002
           8          12   1.2817826544783198E-003
           8          13  -5.7690901892639788E-003
           8          14   8.0954026584557411E-012
           8          15   2.7304854717296048E-012
           8          16  -4.5275152295158768E-012
           8          17  -1.0958123841621964E-011
           8          18  -2.9366371574716640E-011
           8          19  -1.7931595954326215E-012
           9           1  -5.5744025652175577E-012
           9           2  -9.3320669951927099E-012
           9           3  -3.9758770805458567E-002
           9           4  -3.3071881997293940E-003
           9           5   1.4885103095345315E-002
           9           6   1.1552730673271653E-011
           9           7  -6.7343384137996662E-002
           9           8  -5.6017135439069294E-003
           9           9   2.5212379403535868E-002
           9          10   5.9803370752226284E-011
           9          11  -6.9355574456320207E-002
           9          12  -5.7690901800450311E-003
           9          13   2.5965713798976903E-002
           9          14  -1.3354046152470668E-011
           9          15  -8.8155572415940170E-012
           9          16   7.5420313125870913E-012
           9          17   3.3685231391095119E-011
           9          18   1.3087256736408977E-010
           9          19   5.4344440049572683E-014
          10           1 -0.12824846091843856     
          10           2 -0.21538571891137018     
          10           3  -2.0387990670775244E-011
          10           4  -3.2536276543894492E-011
          10           5   3.3707546569476355E-011
          10           6  0.60584802483188072     
          10           7  -3.6480200195664855E-011
          10           8  -6.0282278574290840E-011
          10           9   5.9803370752226284E-011
          10          10  0.59247274283745033     
          10          11  -6.1567786914816290E-011
          10          12  -5.3195669225391739E-011
          10          13   7.1186774652549887E-011
          10          14   5.0246549658224428E-003
          10          15   1.2281602469899717E-004
          10          16   3.7548285536887415E-003
          10          17  -5.5277454786248695E-004
          10          18  -4.5980405412716354E-005
          10          19   3.9252057635087833E-003
          11           1   3.5112259646778218E-012
          11           2   7.1208613692293950E-012
          11           3  0.10937057327096354     
          11           4   9.0975918518514630E-003
          11           5  -4.0946745227641711E-002
          11           6  -5.0807173292256035E-012
          11           7  0.18525181689390149     
          11           8   1.5409496047918763E-002
          11           9  -6.9355574456320207E-002
          11          10  -6.1567786914816290E-011
          11          11  0.19078705865784240     
          11          12   1.5869924735117422E-002
          11          13  -7.1427887383127511E-002
          11          14  -1.4890121041774481E-011
          11          15   1.6846655274217776E-011
          11          16   4.1761127202229419E-012
          11          17  -5.9340533234984205E-011
          11          18  -3.5723950343660653E-010
          11          19   1.4502881429920216E-011
          12           1   8.9565357455689010E-012
          12           2   1.4867727496202862E-011
          12           3   9.0975917248121464E-003
          12           4   7.5674995450623298E-004
          12           5  -3.4060054674677543E-003
          12           6  -3.6067177279756112E-011
          12           7   1.5409495863251643E-002
          12           8   1.2817826544783198E-003
          12           9  -5.7690901800450311E-003
          12          10  -5.3195669225391739E-011
          12          11   1.5869924735117422E-002
          12          12   1.3200817333735816E-003
          12          13  -5.9414679629376504E-003
          12          14   7.3854375354182658E-012
          12          15   2.6686904904436824E-012
          12          16  -4.1321982102128907E-012
          12          17  -1.0640215208774517E-011
          12          18  -3.0190145694059348E-011
          12          19  -1.5150469125922158E-012
          13           1  -9.6812705768406836E-012
          13           2  -1.7055591854069732E-011
          13           3  -4.0946744740358518E-002
          13           4  -3.4060054744965455E-003
          13           5   1.5329863185693507E-002
          13           6   4.0118065922498774E-011
          13           7  -6.9355573735993770E-002
          13           8  -5.7690901892639788E-003
          13           9   2.5965713798976903E-002
          13          10   7.1186774652549887E-011
          13          11  -7.1427887383127511E-002
          13          12  -5.9414679629376504E-003
          13          13   2.6741557482505007E-002
          13          14  -1.3747464822382387E-012
          13          15  -7.3375016164084291E-012
          13          16   2.1402903327440650E-012
          13          17   2.6853707400229178E-011
          13          18   1.3413100261000093E-010
          13          19  -3.1552739730055157E-012
          14           1  -1.1522275634152043E-003
          14           2  -2.3440781930070933E-003
          14           3  -1.8899376651580045E-012
          14           4   4.0551989762243632E-012
          14           5  -6.8745276714991488E-012
          14           6   8.5919489672023064E-003
          14           7  -4.6736450668407130E-012
          14           8   8.0954026584557411E-012
          14           9  -1.3354046152470668E-011
          14          10   5.0246549658224428E-003
          14          11  -1.4890121041774481E-011
          14          12   7.3854375354182658E-012
          14          13  -1.3747464822382387E-012
          14          14   2.3517515777933574E-003
          14          15   3.2761318656892322E-004
          14          16  -1.0355251145732873E-003
          14          17  -1.4745323653101044E-003
          14          18  -1.2265359293197407E-004
          14          19  -5.8104179910777379E-004
          15           1  -3.4522554624371216E-005
          15           2  -1.1685625913896098E-004
          15           3   1.0583075359440107E-011
          15           4   1.5065880967567186E-012
          15           5  -5.0603097148517703E-012
          15           6   6.1434172108834660E-004
          15           7   1.7718783403222644E-011
          15           8   2.7304854717296048E-012
          15           9  -8.8155572415940170E-012
          15          10   1.2281602469899717E-004
          15          11   1.6846655274217776E-011
          15          12   2.6686904904436824E-012
          15          13  -7.3375016164084291E-012
          15          14   3.2761318656892322E-004
          15          15   4.6224447188393578E-005
          15          16  -1.5031321864371322E-004
          15          17  -2.0804853471758831E-004
          15          18  -1.7305758133736505E-005
          15          19  -8.6188083003567665E-005
          16           1  -7.9528998133865045E-004
          16           2  -1.1358713382311806E-003
          16           3  -5.2966487578307799E-013
          16           4  -2.3068550331066932E-012
          16           5   3.9703727239648284E-012
          16           6   2.2401124177713078E-003
          16           7  -2.3121124678073129E-013
          16           8  -4.5275152295158768E-012
          16           9   7.5420313125870913E-012
          16          10   3.7548285536887415E-003
          16          11   4.1761127202229419E-012
          16          12  -4.1321982102128907E-012
          16          13   2.1402903327440650E-012
          16          14  -1.0355251145732873E-003
          16          15  -1.5031321864371322E-004
          16          16   5.1860177261061323E-004
          16          17   6.7653475080025499E-004
          16          18   5.6275075281774439E-005
          16          19   3.1007887763165386E-004
          17           1   1.5538108667486608E-004
          17           2   5.2595121651228746E-004
          17           3  -3.8183354711654909E-011
          17           4  -5.9948961237056659E-012
          17           5   1.9237929416239992E-011
          17           6  -2.7650498124447403E-003
          17           7  -6.3744065655223326E-011
          17           8  -1.0958123841621964E-011
          17           9   3.3685231391095119E-011
          17          10  -5.5277454786248695E-004
          17          11  -5.9340533234984205E-011
          17          12  -1.0640215208774517E-011
          17          13   2.6853707400229178E-011
          17          14  -1.4745323653101044E-003
          17          15  -2.0804853471758831E-004
          17          16   6.7653475080025499E-004
          17          17   9.3639178899696505E-004
          17          18   7.7890333814633136E-005
          17          19   3.8791820003599407E-004
          18           1   1.2924577932450012E-005
          18           2   4.3749125548960379E-005
          18           3  -2.0513760516111021E-010
          18           4  -1.7298090479069287E-011
          18           5   7.7211658650157588E-011
          18           6  -2.3000044668642771E-004
          18           7  -3.4738453105395002E-010
          18           8  -2.9366371574716640E-011
          18           9   1.3087256736408977E-010
          18          10  -4.5980405412716354E-005
          18          11  -3.5723950343660653E-010
          18          12  -3.0190145694059348E-011
          18          13   1.3413100261000093E-010
          18          14  -1.2265359293197407E-004
          18          15  -1.7305758133736505E-005
          18          16   5.6275075281774439E-005
          18          17   7.7890333814633136E-005
          18          18   6.4790231749622241E-006
          18          19   3.2267560748208603E-005
          19           1  -8.4318159733969315E-004
          19           2  -1.2979808612106911E-003
          19           3   6.6742506252134418E-012
          19           4  -8.3882187974371342E-013
          19           5  -2.5009813806447711E-013
          19           6   3.0923615336935165E-003
          19           7   1.1683859306068793E-011
          19           8  -1.7931595954326215E-012
          19           9   5.4344440049572683E-014
          19          10   3.9252057635087833E-003
          19          11   1.4502881429920216E-011
          19          12  -1.5150469125922158E-012
          19          13  -3.1552739730055157E-012
          19          14  -5.8104179910777379E-004
          19          15  -8.6188083003567665E-005
          19          16   3.1007887763165386E-004
          19          17   3.8791820003599407E-004
          19          18   3.2267560748208603E-005
          19          19   1.9051395340154869E-004
