           1           1  0.73508369449993261     
           1           2  0.57323433435579552     
           1           3   2.2882327120364847E-015
           1           4   4.6451486284909347E-015
           1           5   2.8402793485975290E-015
           1           6 -0.13258904491733742     
           1           7  -7.3189998868398256E-015
           1           8  -2.5119890715868268E-016
           1           9   5.5259557189798738E-015
           1          10 -0.11425777426627612     
           1          11   2.6733423283899086E-017
           1          12  -2.8547428009035508E-015
           1          13  -1.1888194413509698E-015
           1          14   1.7153187076587963E-003
           1          15  -2.3180032700774835E-015
           1          16   1.7153187076623722E-003
           1          17  -5.8725800624605162E-017
           1          18   2.7262180978531327E-015
           1          19   1.7153187076588987E-003
           2           1  0.57323433435579552     
           2           2  0.46800624414348813     
           2           3   1.5825332895637995E-015
           2           4   2.9934482182966309E-015
           2           5   2.0524751088280302E-015
           2           6 -0.21987805985718845     
           2           7  -6.4014599634206308E-015
           2           8   1.5559039077054513E-015
           2           9   3.1997107270955608E-015
           2          10 -0.19510177094491793     
           2          11  -1.0256403344644559E-015
           2          12  -4.2783489869954015E-015
           2          13   2.6276628901272244E-016
           2          14   2.0532195495200733E-003
           2          15  -2.1455861684771605E-015
           2          16   2.0532195495232162E-003
           2          17   8.7636694742548029E-017
           2          18   1.4363400854968090E-015
           2          19   2.0532195495202225E-003
           3           1   2.2882327120364847E-015
           3           2   1.5825332895637995E-015
           3           3   3.1882928233506342E-029
           3           4  -9.2764836044646935E-030
           3           5   1.9817670517229086E-029
           3           6   7.0785142204280264E-016
           3           7  -2.4738863263213149E-029
           3           8   2.5449569104264743E-029
           3           9   5.4397477068770986E-029
           3          10   6.6398733233639937E-016
           3          11   4.5285441608230905E-029
           3          12  -6.9231095902765486E-029
           3          13   2.5181918222612555E-029
           3          14  -1.5444435410082782E-018
           3          15  -1.6212140678530719E-029
           3          16  -1.5444435409901975E-018
           3          17  -4.1147260713690707E-031
           3          18  -7.4914326833907545E-030
           3          19  -1.5444435410083598E-018
           4           1   4.6451486284909347E-015
           4           2   2.9934482182966309E-015
           4           3  -9.2764836044646935E-030
           4           4   9.3536487415170025E-029
           4           5   2.8163470370956556E-029
           4           6   2.6530912881376631E-015
           4           7  -1.4894619138028384E-029
           4           8  -1.0832709082351945E-028
           4           9   2.8709859303253305E-029
           4          10   2.4549327213241821E-015
           4          11  -2.0310956885610747E-029
           4          12   1.4566205779682548E-028
           4          13  -9.5715365326535778E-029
           4          14  -1.0606322106821178E-017
           4          15   2.9070739116348961E-030
           4          16  -1.0606322106811610E-017
           4          17  -4.0826346840647501E-030
           4          18   6.8887959309710416E-029
           4          19  -1.0606322106835810E-017
           5           1   2.8402793485975290E-015
           5           2   2.0524751088280302E-015
           5           3   1.9817670517229086E-029
           5           4   2.8163470370956556E-029
           5           5   6.4338042162950617E-029
           5           6   3.8933394649024378E-016
           5           7  -2.8409009004824637E-029
           5           8   8.7233846893191209E-030
           5           9   2.7644303691316575E-029
           5          10   3.7898091806225068E-016
           5          11   6.3536589720323721E-030
           5          12  -3.4604254070942916E-029
           5          13   3.1137976588014996E-030
           5          14   1.0884458688897246E-018
           5          15  -3.4804627577186753E-029
           5          16   1.0884458689354785E-018
           5          17   3.7271701490469878E-030
           5          18   1.0574412120465869E-029
           5          19   1.0884458688545309E-018
           6           1 -0.13258904491733742     
           6           2 -0.21987805985718845     
           6           3   7.0785142204280264E-016
           6           4   2.6530912881376631E-015
           6           5   3.8933394649024378E-016
           6           6  0.67045984610990106     
           6           7   5.1719296194456845E-015
           6           8  -9.6781129076918656E-015
           6           9   5.1619539284993036E-015
           6          10  0.60897680469712134     
           6          11   5.8038397326031827E-015
           6          12   1.1905484541669421E-014
           6          13  -6.3897868234044482E-015
           6          14  -4.2812644847148662E-003
           6          15   2.2939389756041564E-015
           6          16  -4.2812644847174787E-003
           6          17  -7.3003255813057901E-016
           6          18   3.3360531733880941E-015
           6          19  -4.2812644847152678E-003
           7           1  -7.3189998868398256E-015
           7           2  -6.4014599634206308E-015
           7           3  -2.4738863263213149E-029
           7           4  -1.4894619138028384E-029
           7           5  -2.8409009004824637E-029
           7           6   5.1719296194456845E-015
           7           7   9.9163133694849624E-029
           7           8  -7.1944410236308738E-029
           7           9  -2.7830053767173707E-029
           7          10   4.6428613096827001E-015
           7          11   2.1705563006861432E-029
           7          12   1.2683647200567832E-028
           7          13  -4.2774791935035994E-029
           7          14  -4.0741234302111098E-017
           7          15   3.9829706739711913E-029
           7          16  -4.0741234302163564E-017
           7          17  -4.4097288085924012E-030
           7          18   4.0514969022817602E-030
           7          19  -4.0741234302113089E-017
           8           1  -2.5119890715868268E-016
           8           2   1.5559039077054513E-015
           8           3   2.5449569104264743E-029
           8           4  -1.0832709082351945E-028
           8           5   8.7233846893191209E-030
           8           6  -9.6781129076918656E-015
           8           7  -7.1944410236308738E-029
           8           8   2.2829036833583044E-028
           8           9  -4.5935690667053470E-029
           8          10  -8.8096387130858688E-015
           8          11  -2.2882423837028517E-029
           8          12  -3.2227569707560752E-028
           8          13   1.7590779882799741E-028
           8          14   5.9146914289082482E-017
           8          15  -5.3204669846322264E-029
           8          16   5.9146914289133869E-017
           8          17   1.3667575971285996E-029
           8          18  -1.0073582377354061E-028
           8          19   5.9146914289084726E-017
           9           1   5.5259557189798738E-015
           9           2   3.1997107270955608E-015
           9           3   5.4397477068770986E-029
           9           4   2.8709859303253305E-029
           9           5   2.7644303691316575E-029
           9           6   5.1619539284993036E-015
           9           7  -2.7830053767173707E-029
           9           8  -4.5935690667053470E-029
           9           9   1.3466645463561082E-028
           9          10   4.7454868153950847E-015
           9          11   1.0085638521579232E-028
           9          12  -4.2837611647370543E-030
           9          13  -2.5046998127058055E-029
           9          14  -2.4939301052390033E-017
           9          15  -7.3662697343114058E-030
           9          16  -2.4939301052378191E-017
           9          17  -7.5195716032307980E-030
           9          18   2.9566717391889191E-029
           9          19  -2.4939301052382955E-017
          10           1 -0.11425777426627612     
          10           2 -0.19510177094491793     
          10           3   6.6398733233639937E-016
          10           4   2.4549327213241821E-015
          10           5   3.7898091806225068E-016
          10           6  0.60897680469712134     
          10           7   4.6428613096827001E-015
          10           8  -8.8096387130858688E-015
          10           9   4.7454868153950847E-015
          10          10  0.55318567782376704     
          10          11   5.2816948606609258E-015
          10          12   1.0809700406476173E-014
          10          13  -5.8253502635649853E-015
          10          14  -3.8810966135311578E-003
          10          15   2.0674020724957595E-015
          10          16  -3.8810966135335041E-003
          10          17  -6.6486065500822762E-016
          10          18   3.0597053194824022E-015
          10          19  -3.8810966135315230E-003
          11           1   2.6733423283899086E-017
          11           2  -1.0256403344644559E-015
          11           3   4.5285441608230905E-029
          11           4  -2.0310956885610747E-029
          11           5   6.3536589720323721E-030
          11           6   5.8038397326031827E-015
          11           7   2.1705563006861432E-029
          11           8  -2.2882423837028517E-029
          11           9   1.0085638521579232E-028
          11          10   5.2816948606609258E-015
          11          11   1.1182740722171103E-028
          11          12  -1.8910721271092924E-029
          11          13   2.6271257718777125E-030
          11          14  -3.5621454560240000E-017
          11          15   5.8448517999402553E-030
          11          16  -3.5621454560251901E-017
          11          17  -6.5743683049008551E-030
          11          18  -1.6958739904082963E-030
          11          19  -3.5621454560231120E-017
          12           1  -2.8547428009035508E-015
          12           2  -4.2783489869954015E-015
          12           3  -6.9231095902765486E-029
          12           4   1.4566205779682548E-028
          12           5  -3.4604254070942916E-029
          12           6   1.1905484541669421E-014
          12           7   1.2683647200567832E-028
          12           8  -3.2227569707560752E-028
          12           9  -4.2837611647370543E-030
          12          10   1.0809700406476173E-014
          12          11  -1.8910721271092924E-029
          12          12   4.9370716506185676E-028
          12          13  -2.5331922638415206E-028
          12          14  -7.6636230885034155E-017
          12          15   8.8153359571849980E-029
          12          16  -7.6636230885123111E-017
          12          17  -1.7128660069366576E-029
          12          18   1.3567753678370505E-028
          12          19  -7.6636230885037569E-017
          13           1  -1.1888194413509698E-015
          13           2   2.6276628901272244E-016
          13           3   2.5181918222612555E-029
          13           4  -9.5715365326535778E-029
          13           5   3.1137976588014996E-030
          13           6  -6.3897868234044482E-015
          13           7  -4.2774791935035994E-029
          13           8   1.7590779882799741E-028
          13           9  -2.5046998127058055E-029
          13          10  -5.8253502635649853E-015
          13          11   2.6271257718777125E-030
          13          12  -2.5331922638415206E-028
          13          13   1.4066296370443470E-028
          13          14   3.7797037732566656E-017
          13          15  -3.7194804573429824E-029
          13          16   3.7797037732599449E-017
          13          17   9.5511844350384551E-030
          13          18  -8.3450710732803664E-029
          13          19   3.7797037732570674E-017
          14           1   1.7153187076587963E-003
          14           2   2.0532195495200733E-003
          14           3  -1.5444435410082782E-018
          14           4  -1.0606322106821178E-017
          14           5   1.0884458688897246E-018
          14           6  -4.2812644847148662E-003
          14           7  -4.0741234302111098E-017
          14           8   5.9146914289082482E-017
          14           9  -2.4939301052390033E-017
          14          10  -3.8810966135311578E-003
          14          11  -3.5621454560240000E-017
          14          12  -7.6636230885034155E-017
          14          13   3.7797037732566656E-017
          14          14   2.8402776201213699E-005
          14          15  -1.6932556352158307E-017
          14          16   2.8402776201234126E-005
          14          17   4.4127562843861536E-018
          14          18  -1.7153338143874186E-017
          14          19   2.8402776201216295E-005
          15           1  -2.3180032700774835E-015
          15           2  -2.1455861684771605E-015
          15           3  -1.6212140678530719E-029
          15           4   2.9070739116348961E-030
          15           5  -3.4804627577186753E-029
          15           6   2.2939389756041564E-015
          15           7   3.9829706739711913E-029
          15           8  -5.3204669846322264E-029
          15           9  -7.3662697343114058E-030
          15          10   2.0674020724957595E-015
          15          11   5.8448517999402553E-030
          15          12   8.8153359571849980E-029
          15          13  -3.7194804573429824E-029
          15          14  -1.6932556352158307E-017
          15          15   3.0691825536063095E-029
          15          16  -1.6932556352195618E-017
          15          17  -4.7396526192414473E-030
          15          18   1.2689031563262170E-029
          15          19  -1.6932556352142817E-017
          16           1   1.7153187076623722E-003
          16           2   2.0532195495232162E-003
          16           3  -1.5444435409901975E-018
          16           4  -1.0606322106811610E-017
          16           5   1.0884458689354785E-018
          16           6  -4.2812644847174787E-003
          16           7  -4.0741234302163564E-017
          16           8   5.9146914289133869E-017
          16           9  -2.4939301052378191E-017
          16          10  -3.8810966135335041E-003
          16          11  -3.5621454560251901E-017
          16          12  -7.6636230885123111E-017
          16          13   3.7797037732599449E-017
          16          14   2.8402776201234126E-005
          16          15  -1.6932556352195618E-017
          16          16   2.8402776201254553E-005
          16          17   4.4127562843914708E-018
          16          18  -1.7153338143880297E-017
          16          19   2.8402776201236725E-005
          17           1  -5.8725800624605162E-017
          17           2   8.7636694742548029E-017
          17           3  -4.1147260713690707E-031
          17           4  -4.0826346840647501E-030
          17           5   3.7271701490469878E-030
          17           6  -7.3003255813057901E-016
          17           7  -4.4097288085924012E-030
          17           8   1.3667575971285996E-029
          17           9  -7.5195716032307980E-030
          17          10  -6.6486065500822762E-016
          17          11  -6.5743683049008551E-030
          17          12  -1.7128660069366576E-029
          17          13   9.5511844350384551E-030
          17          14   4.4127562843861536E-018
          17          15  -4.7396526192414473E-030
          17          16   4.4127562843914708E-018
          17          17   1.3314947413066762E-030
          17          18  -5.2675515646724927E-030
          17          19   4.4127562843832778E-018
          18           1   2.7262180978531327E-015
          18           2   1.4363400854968090E-015
          18           3  -7.4914326833907545E-030
          18           4   6.8887959309710416E-029
          18           5   1.0574412120465869E-029
          18           6   3.3360531733880941E-015
          18           7   4.0514969022817602E-030
          18           8  -1.0073582377354061E-028
          18           9   2.9566717391889191E-029
          18          10   3.0597053194824022E-015
          18          11  -1.6958739904082963E-030
          18          12   1.3567753678370505E-028
          18          13  -8.3450710732803664E-029
          18          14  -1.7153338143874186E-017
          18          15   1.2689031563262170E-029
          18          16  -1.7153338143880297E-017
          18          17  -5.2675515646724927E-030
          18          18   5.5518133603333166E-029
          18          19  -1.7153338143879283E-017
          19           1   1.7153187076588987E-003
          19           2   2.0532195495202225E-003
          19           3  -1.5444435410083598E-018
          19           4  -1.0606322106835810E-017
          19           5   1.0884458688545309E-018
          19           6  -4.2812644847152678E-003
          19           7  -4.0741234302113089E-017
          19           8   5.9146914289084726E-017
          19           9  -2.4939301052382955E-017
          19          10  -3.8810966135315230E-003
          19          11  -3.5621454560231120E-017
          19          12  -7.6636230885037569E-017
          19          13   3.7797037732570674E-017
          19          14   2.8402776201216295E-005
          19          15  -1.6932556352142817E-017
          19          16   2.8402776201236725E-005
          19          17   4.4127562843832778E-018
          19          18  -1.7153338143879283E-017
          19          19   2.8402776201218890E-005
