           1           1  0.66536777683079118     
           1           2  0.57649564102434137     
           1           3   9.3086269657618865E-012
           1           4   1.3554964752215677E-011
           1           5  -1.7911504358224906E-012
           1           6 -0.13968507552673926     
           1           7   1.0375176379827593E-011
           1           8   1.2565220094193510E-011
           1           9   4.7097485027831971E-012
           1          10 -0.12760064992893747     
           1          11  -1.2269614602727220E-012
           1          12   1.4910330998803484E-011
           1          13  -3.0367457523633310E-011
           1          14  -9.1194031284899755E-004
           1          15   6.7348103863565378E-007
           1          16  -9.0876876625339527E-004
           1          17   1.4817045740681510E-006
           1          18  -2.6384607583392625E-007
           1          19  -9.0916761260186117E-004
           2           1  0.57649564102434137     
           2           2  0.52014948506665570     
           2           3   1.2535382271476715E-011
           2           4   2.3580170685900612E-011
           2           5  -6.8413717155872615E-012
           2           6 -0.23657245389346149     
           2           7   1.6088124268643495E-011
           2           8   2.8951307678884777E-011
           2           9  -1.8086097588047675E-012
           2          10 -0.21515955312792459     
           2          11  -4.5297014169062510E-012
           2          12   2.9870311935786423E-011
           2          13  -5.8961315821881550E-011
           2          14  -1.1565886985169080E-003
           2          15  -1.0396808798467431E-004
           2          16  -1.6461942461724229E-003
           2          17  -2.2873667715748135E-004
           2          18   4.0731101440156310E-005
           2          19  -1.5846219627197824E-003
           3           1   9.3086269657618865E-012
           3           2   1.2535382271476715E-011
           3           3   1.3159275862154637E-002
           3           4   1.2653397402109443E-002
           3           5   2.7838312402333570E-002
           3           6  -6.8606878075064964E-011
           3           7   2.1727220466789720E-002
           3           8   2.0891966854902376E-002
           3           9   4.5963710865871692E-002
           3          10   6.0493626863121547E-011
           3          11   1.9557233281888263E-002
           3          12   1.8805399901559813E-002
           3          13   4.1373125396371974E-002
           3          14  -1.0893808843169962E-011
           3          15   4.7605169433064725E-012
           3          16  -5.2319339836517900E-012
           3          17  -4.9482970871119943E-012
           3          18  -2.2048716026448116E-012
           3          19  -1.2297819890837432E-011
           4           1   1.3554964752215677E-011
           4           2   2.3580170685900612E-011
           4           3   1.2653397402109443E-002
           4           4   8.1964716936161308E-002
           4           5  -4.9571633753822484E-003
           4           6  -9.8377972512882527E-011
           4           7   2.0891966865956124E-002
           4           8  0.13533157104902127     
           4           9  -8.1847498871745507E-003
           4          10   5.0036403780706608E-011
           4          11   1.8805399832588811E-002
           4          12  0.12181544812095026     
           4          13  -7.3673050408177183E-003
           4          14  -2.1415461178112181E-012
           4          15   2.1570413093799569E-011
           4          16   1.2578246276591024E-011
           4          17  -1.6773423338067316E-011
           4          18  -1.0960753797083081E-011
           4          19  -1.7579818077159964E-011
           5           1  -1.7911504358224906E-012
           5           2  -6.8413717155872615E-012
           5           3   2.7838312402333570E-002
           5           4  -4.9571633753822484E-003
           5           5   7.3311817375355068E-002
           5           6  -6.7950538757486674E-011
           5           7   4.5963710860408527E-002
           5           8  -8.1847498862803146E-003
           5           9  0.12104480789926564     
           5          10   2.0540666636064534E-010
           5          11   4.1373125379440982E-002
           5          12  -7.3673049546098754E-003
           5          13  0.10895556340719599     
           5          14  -2.2804829328842771E-011
           5          15   8.2685239345807252E-013
           5          16  -2.2201947310263597E-011
           5          17  -8.3511596610901425E-012
           5          18  -5.0484638228102666E-014
           5          19  -2.5629889941784306E-011
           6           1 -0.13968507552673926     
           6           2 -0.23657245389346149     
           6           3  -6.8606878075064964E-011
           6           4  -9.8377972512882527E-011
           6           5  -6.7950538757486674E-011
           6           6  0.67690941237643520     
           6           7  -1.1038073408944881E-010
           6           8  -1.5145236141873102E-010
           6           9  -1.3114783421965816E-010
           6          10  0.60889215749129755     
           6          11  -3.9330696610239723E-011
           6          12  -1.3998649577578015E-010
           6          13   5.1363122510887539E-011
           6          14   1.3139088851024418E-003
           6          15   9.6495473611132865E-004
           6          16   5.8580646641778087E-003
           6          17   2.1229643241589078E-003
           6          18  -3.7803588835326279E-004
           6          19   5.2865964129149142E-003
           7           1   1.0375176379827593E-011
           7           2   1.6088124268643495E-011
           7           3   2.1727220466789720E-002
           7           4   2.0891966865956124E-002
           7           5   4.5963710860408527E-002
           7           6  -1.1038073408944881E-010
           7           7   3.5873714796886350E-002
           7           8   3.4494631396348119E-002
           7           9   7.5890473739106706E-002
           7          10   1.0151679719984563E-010
           7          11   3.2290858835027775E-002
           7          12   3.1049510195494612E-002
           7          13   6.8310978971227371E-002
           7          14  -1.8192188557531016E-011
           7          15   7.9533309597804472E-012
           7          16  -8.4046990265737650E-012
           7          17  -7.9649257945805203E-012
           7          18  -3.6769907249879155E-012
           7          19  -2.0126383625723096E-011
           8           1   1.2565220094193510E-011
           8           2   2.8951307678884777E-011
           8           3   2.0891966854902376E-002
           8           4  0.13533157104902127     
           8           5  -8.1847498862803146E-003
           8           6  -1.5145236141873102E-010
           8           7   3.4494631396348119E-002
           8           8  0.22344534096129129     
           8           9  -1.3513803285355529E-002
           8          10   9.0240564136189503E-011
           8          11   3.1049510065188891E-002
           8          12  0.20112893191699244     
           8          13  -1.2164123820182851E-002
           8          14  -4.0091917284673210E-012
           8          15   3.5837013927426854E-011
           8          16   2.1340987013903098E-011
           8          17  -2.7205661494122383E-011
           8          18  -1.8184302172275440E-011
           8          19  -2.8584449489602372E-011
           9           1   4.7097485027831971E-012
           9           2  -1.8086097588047675E-012
           9           3   4.5963710865871692E-002
           9           4  -8.1847498871745507E-003
           9           5  0.12104480789926564     
           9           6  -1.3114783421965816E-010
           9           7   7.5890473739106706E-002
           9           8  -1.3513803285355529E-002
           9           9  0.19985653123769884     
           9          10   3.2692370184130599E-010
           9          11   6.8310978951392001E-002
           9          12  -1.2164123679174479E-002
           9          13  0.17989603469595372     
           9          14  -3.6615209982254461E-011
           9          15   8.9614759030373777E-013
           9          16  -3.7828708971607909E-011
           9          17  -1.4820534947510759E-011
           9          18   1.0040833972587227E-013
           9          19  -4.3210778655824664E-011
          10           1 -0.12760064992893747     
          10           2 -0.21515955312792459     
          10           3   6.0493626863121547E-011
          10           4   5.0036403780706608E-011
          10           5   2.0540666636064534E-010
          10           6  0.60889215749129755     
          10           7   1.0151679719984563E-010
          10           8   9.0240564136189503E-011
          10           9   3.2692370184130599E-010
          10          10  0.56204180605460285     
          10          11   1.3645242579799140E-010
          10          12   7.4579805032656367E-011
          10          13   4.1584942539406278E-010
          10          14   4.3743335595762571E-003
          10          15  -4.4494236138944597E-004
          10          16   2.2790151907799965E-003
          10          17  -9.7890266859014530E-004
          10          18   1.7431302002655783E-004
          10          19   2.5425201975521035E-003
          11           1  -1.2269614602727220E-012
          11           2  -4.5297014169062510E-012
          11           3   1.9557233281888263E-002
          11           4   1.8805399832588811E-002
          11           5   4.1373125379440982E-002
          11           6  -3.9330696610239723E-011
          11           7   3.2290858835027775E-002
          11           8   3.1049510065188891E-002
          11           9   6.8310978951392001E-002
          11          10   1.3645242579799140E-010
          11          11   2.9065837485952029E-002
          11          12   2.7948467350089139E-002
          11          13   6.1488479604099276E-002
          11          14  -1.8242569421920890E-011
          11          15   8.0622352549476486E-012
          11          16  -5.1790849783411612E-012
          11          17  -5.1822560813878016E-012
          11          18  -3.6636112122172661E-012
          11          19  -1.6264993697546583E-011
          12           1   1.4910330998803484E-011
          12           2   2.9870311935786423E-011
          12           3   1.8805399901559813E-002
          12           4  0.12181544812095026     
          12           5  -7.3673049546098754E-003
          12           6  -1.3998649577578015E-010
          12           7   3.1049510195494612E-002
          12           8  0.20112893191699244     
          12           9  -1.2164123679174479E-002
          12          10   7.4579805032656367E-011
          12          11   2.7948467350089139E-002
          12          12  0.18104135481203901     
          12          13  -1.0949242302338551E-002
          12          14  -4.3640992042939336E-012
          12          15   3.2560071061442553E-011
          12          16   1.9877594608721163E-011
          12          17  -2.3823554739103786E-011
          12          18  -1.6486571013876586E-011
          12          19  -2.5240580368505477E-011
          13           1  -3.0367457523633310E-011
          13           2  -5.8961315821881550E-011
          13           3   4.1373125396371974E-002
          13           4  -7.3673050408177183E-003
          13           5  0.10895556340719599     
          13           6   5.1363122510887539E-011
          13           7   6.8310978971227371E-002
          13           8  -1.2164123820182851E-002
          13           9  0.17989603469595372     
          13          10   4.1584942539406278E-010
          13          11   6.1488479604099276E-002
          13          12  -1.0949242302338551E-002
          13          13  0.16192907531672018     
          13          14  -3.9479845389804718E-011
          13          15   3.8726345210272018E-012
          13          16  -2.6133821300013781E-011
          13          17  -6.5949684219412182E-012
          13          18  -1.1107682395278794E-012
          13          19  -3.2794110131970513E-011
          14           1  -9.1194031284899755E-004
          14           2  -1.1565886985169080E-003
          14           3  -1.0893808843169962E-011
          14           4  -2.1415461178112181E-012
          14           5  -2.2804829328842771E-011
          14           6   1.3139088851024418E-003
          14           7  -1.8192188557531016E-011
          14           8  -4.0091917284673210E-012
          14           9  -3.6615209982254461E-011
          14          10   4.3743335595762571E-003
          14          11  -1.8242569421920890E-011
          14          12  -4.3640992042939336E-012
          14          13  -3.9479845389804718E-011
          14          14   7.1503559997279057E-004
          14          15  -2.9036048806113754E-004
          14          16  -6.5232727848840212E-004
          14          17  -6.3881230458430818E-004
          14          18   1.1375319428763524E-004
          14          19  -4.8036916718588202E-004
          15           1   6.7348103863565378E-007
          15           2  -1.0396808798467431E-004
          15           3   4.7605169433064725E-012
          15           4   2.1570413093799569E-011
          15           5   8.2685239345807252E-013
          15           6   9.6495473611132865E-004
          15           7   7.9533309597804472E-012
          15           8   3.5837013927426854E-011
          15           9   8.9614759030373777E-013
          15          10  -4.4494236138944597E-004
          15          11   8.0622352549476486E-012
          15          12   3.2560071061442553E-011
          15          13   3.8726345210272018E-012
          15          14  -2.9036048806113754E-004
          15          15   1.2168663409055033E-004
          15          16   2.8268506431921989E-004
          15          17   2.6771865440757892E-004
          15          18  -4.7672613534623903E-005
          15          19   2.1061946089232718E-004
          16           1  -9.0876876625339527E-004
          16           2  -1.6461942461724229E-003
          16           3  -5.2319339836517900E-012
          16           4   1.2578246276591024E-011
          16           5  -2.2201947310263597E-011
          16           6   5.8580646641778087E-003
          16           7  -8.4046990265737650E-012
          16           8   2.1340987013903098E-011
          16           9  -3.7828708971607909E-011
          16          10   2.2790151907799965E-003
          16          11  -5.1790849783411612E-012
          16          12   1.9877594608721163E-011
          16          13  -2.6133821300013781E-011
          16          14  -6.5232727848840212E-004
          16          15   2.8268506431921989E-004
          16          16   6.7889056686721791E-004
          16          17   6.2192586394253921E-004
          16          18  -1.1074622884568410E-004
          16          19   5.1147801653522035E-004
          17           1   1.4817045740681510E-006
          17           2  -2.2873667715748135E-004
          17           3  -4.9482970871119943E-012
          17           4  -1.6773423338067316E-011
          17           5  -8.3511596610901425E-012
          17           6   2.1229643241589078E-003
          17           7  -7.9649257945805203E-012
          17           8  -2.7205661494122383E-011
          17           9  -1.4820534947510759E-011
          17          10  -9.7890266859014530E-004
          17          11  -5.1822560813878016E-012
          17          12  -2.3823554739103786E-011
          17          13  -6.5949684219412182E-012
          17          14  -6.3881230458430818E-004
          17          15   2.6771865440757892E-004
          17          16   6.2192586394253921E-004
          17          17   5.8899877092886488E-004
          17          18  -1.0488290717355912E-004
          17          19   4.6337676343770280E-004
          18           1  -2.6384607583392625E-007
          18           2   4.0731101440156310E-005
          18           3  -2.2048716026448116E-012
          18           4  -1.0960753797083081E-011
          18           5  -5.0484638228102666E-014
          18           6  -3.7803588835326279E-004
          18           7  -3.6769907249879155E-012
          18           8  -1.8184302172275440E-011
          18           9   1.0040833972587227E-013
          18          10   1.7431302002655783E-004
          18          11  -3.6636112122172661E-012
          18          12  -1.6486571013876586E-011
          18          13  -1.1107682395278794E-012
          18          14   1.1375319428763524E-004
          18          15  -4.7672613534623903E-005
          18          16  -1.1074622884568410E-004
          18          17  -1.0488290717355912E-004
          18          18   1.8676480767234016E-005
          18          19  -8.2513418504712440E-005
          19           1  -9.0916761260186117E-004
          19           2  -1.5846219627197824E-003
          19           3  -1.2297819890837432E-011
          19           4  -1.7579818077159964E-011
          19           5  -2.5629889941784306E-011
          19           6   5.2865964129149142E-003
          19           7  -2.0126383625723096E-011
          19           8  -2.8584449489602372E-011
          19           9  -4.3210778655824664E-011
          19          10   2.5425201975521035E-003
          19          11  -1.6264993697546583E-011
          19          12  -2.5240580368505477E-011
          19          13  -3.2794110131970513E-011
          19          14  -4.8036916718588202E-004
          19          15   2.1061946089232718E-004
          19          16   5.1147801653522035E-004
          19          17   4.6337676343770280E-004
          19          18  -8.2513418504712440E-005
          19          19   3.8674436217315801E-004
