           1           1  0.36614435649661897     
           1           2  0.66079435457069069     
           1           3 -0.21704828023424722     
           1           4 -0.22626900159455279     
           1           5  0.17168318635834795     
           1           6  -3.5617572864463605E-002
           1           7  -3.1982095116930582E-003
           1           8   9.5135423826169603E-004
           1           9   4.7944218094859443E-015
           1          10   2.5845405127008432E-014
           1          11  -1.4638246230604457E-014
           1          12   3.8631983985622131E-014
           1          13   1.5469589099616482E-013
           1          14  -9.4019212346337115E-014
           1          15  -1.3530399187851275E-014
           1          16   4.2599815651514957E-014
           1          17  -3.7687852111139682E-015
           1          18   1.1635576458685098E-014
           1          19  -2.5677334643783078E-014
           1          20   1.2177055980273922E-014
           1          21   5.3187211210997253E-015
           1          22   1.7103936995477895E-014
           1          23  -4.0402642599186837E-014
           1          24  -2.3313134570210464E-015
           1          25  -1.3353893724170216E-014
           1          26   3.1818457925205911E-014
           1          27  -6.8314943021311528E-016
           1          28  -1.6798313144832528E-015
           1          29   1.1912786001807337E-015
           1          30   1.6424028411316759E-002
           1          31   6.1313951426571881E-006
           1          32   1.6353935508606150E-002
           1          33   7.7903809065819243E-006
           1          34  -1.1566551023421492E-004
           1          35   1.6310668046459781E-002
           1          36  -1.3296294984241400E-002
           1          37  -2.5424606973929972E-005
           1          38  -1.2982052132853602E-002
           1          39  -3.2295208861352823E-005
           1          40   4.7928751990897010E-004
           1          41  -1.2788386487183570E-002
           1          42  -2.9908496005193533E-003
           1          43  -6.5131560623202562E-006
           1          44  -2.9141964273303239E-003
           1          45  -8.2734731088278882E-006
           1          46   1.2279090748408276E-004
           1          47  -2.8669480157886671E-003
           2           1  0.66079435457069069     
           2           2   1.2565721809473265     
           2           3 -0.65475430369889642     
           2           4 -0.66691406593949232     
           2           5  0.54571955655468773     
           2           6 -0.11387384154206817     
           2           7  -1.2810370271835975E-002
           2           8   2.4566609049284905E-003
           2           9   1.4259323426257683E-014
           2          10   7.4452329638591932E-014
           2          11  -3.9196898648511957E-014
           2          12   1.0765025106751882E-013
           2          13   4.3396169841408688E-013
           2          14  -2.6532530594194389E-013
           2          15  -3.7290336213320075E-014
           2          16   1.1726408748596783E-013
           2          17  -8.6266448191951631E-015
           2          18   3.1934083392818008E-014
           2          19  -7.1323439229505170E-014
           2          20   3.7010641353558695E-014
           2          21   1.9670140880483502E-014
           2          22   4.5636010045086999E-014
           2          23  -1.1968682004395004E-013
           2          24  -1.1522795429361264E-014
           2          25  -4.0619996408054922E-014
           2          26   8.8302526862485356E-014
           2          27   7.5241789050719466E-016
           2          28  -1.5852814841596582E-015
           2          29   4.8052440438189151E-015
           2          30   6.1258898247589948E-002
           2          31   2.4731425340796415E-005
           2          32   6.0968285741581564E-002
           2          33   3.1420295600199748E-005
           2          34  -4.6643750746332515E-004
           2          35   6.0788994840846350E-002
           2          36  -4.0280733170246559E-002
           2          37  -8.2553012244453966E-005
           2          38  -3.9260533426753418E-002
           2          39  -1.0486188939392122E-004
           2          40   1.5562421292470694E-003
           2          41  -3.8631784509419426E-002
           2          42  -8.9218389072470913E-003
           2          43  -2.1058701395827625E-005
           2          44  -8.6740757884712586E-003
           2          45  -2.6750232380679393E-005
           2          46   3.9701348162042793E-004
           2          47  -8.5213573651613545E-003
           3           1 -0.21704828023424722     
           3           2 -0.65475430369889642     
           3           3   1.2645658068382311     
           3           4   1.2384922542675785     
           3           5  -1.5287802876372720     
           3           6  0.44222770813862411     
           3           7  -1.2275669225771807E-002
           3           8  -1.5674319969517084E-002
           3           9  -2.3477268326675948E-014
           3          10  -1.1769319490884258E-013
           3          11   5.4049208147854102E-014
           3          12  -1.6233079376611066E-013
           3          13  -6.5697656776660699E-013
           3          14   3.9896604552239158E-013
           3          15   4.5015384300445746E-014
           3          16  -1.9809717565965576E-013
           3          17   2.4027891031350949E-014
           3          18  -4.6526174340856365E-014
           3          19   1.0480972332640562E-013
           3          20  -7.0435922864538670E-014
           3          21  -4.1018413120311127E-014
           3          22  -7.5661053465116791E-014
           3          23   2.1129744294910305E-013
           3          24   2.7984244307251614E-014
           3          25   7.7304255542376892E-014
           3          26  -1.4237112439954912E-013
           3          27  -9.3079414681315594E-015
           3          28  -6.2028226341448878E-015
           3          29  -1.3009647491281405E-014
           3          30 -0.10919960600671884     
           3          31  -3.9336094669153624E-005
           3          32 -0.10875660376877586     
           3          33  -4.9980304313150152E-005
           3          34   7.4209150713758199E-004
           3          35 -0.10848310359817917     
           3          36  0.13313294795199099     
           3          37   1.7717431654798216E-004
           3          38  0.13094155377992978     
           3          39   2.2505165668152327E-004
           3          40  -3.3399221489011882E-003
           3          41  0.12959105350826364     
           3          42   3.1942236554835066E-002
           3          43   4.3633632180567261E-005
           3          44   3.1429594829575899E-002
           3          45   5.5426941866321522E-005
           3          46  -8.2262976063361486E-004
           3          47   3.1113593349493866E-002
           4           1 -0.22626900159455279     
           4           2 -0.66691406593949232     
           4           3   1.2384922542675785     
           4           4   1.2675731475514698     
           4           5  -1.5618879060930462     
           4           6  0.36784682617040237     
           4           7   5.0362594787453835E-002
           4           8  -7.7284030253129167E-003
           4           9  -2.1351630617694190E-014
           4          10  -1.1216137090998375E-013
           4          11   5.7982144429819171E-014
           4          12  -1.4645011554612432E-013
           4          13  -6.3620562730907788E-013
           4          14   4.1998370808522773E-013
           4          15   5.6564030095112828E-014
           4          16  -1.4521752196975988E-013
           4          17   3.5637835326803772E-015
           4          18  -4.8027821744294940E-014
           4          19   9.5306412950556327E-014
           4          20  -7.9693986303275165E-014
           4          21  -3.9414829650392972E-014
           4          22  -6.6073774850789470E-014
           4          23   2.8492001648029877E-013
           4          24   6.8638207711849829E-015
           4          25   9.2012791673958430E-014
           4          26  -1.8413828876748171E-013
           4          27  -1.6597166850379326E-014
           4          28  -9.3034173158343100E-015
           4          29  -3.8850204151691831E-015
           4          30 -0.15451066132486424     
           4          31  -3.6805988461573271E-005
           4          32 -0.15415157627901649     
           4          33  -4.6787252863370804E-005
           4          34   6.9520376030740626E-004
           4          35 -0.15392910089635103     
           4          36  0.14548839403137226     
           4          37   3.2506252590722926E-004
           4          38  0.14146391217248766     
           4          39   4.1289966911804856E-004
           4          40  -6.1276291216265551E-003
           4          41  0.13898384436393593     
           4          42   3.2123796481589986E-002
           4          43   7.5914910137774775E-005
           4          44   3.1234037950089107E-002
           4          45   9.6434154000466044E-005
           4          46  -1.4312689629961477E-003
           4          47   3.0685544065536557E-002
           5           1  0.17168318635834795     
           5           2  0.54571955655468773     
           5           3  -1.5287802876372720     
           5           4  -1.5618879060930462     
           5           5   5.2264595058078820     
           5           6  -1.9512623119080290     
           5           7  0.15764996668802428     
           5           8   8.6796233624843996E-002
           5           9  -8.4883996416375803E-015
           5          10  -1.0530013252936040E-014
           5          11   4.3779588050992451E-015
           5          12  -6.0855681972644992E-014
           5          13  -6.7254762563200003E-014
           5          14   2.4570344908557535E-014
           5          15   7.5535363317486734E-014
           5          16   3.8286674473112221E-014
           5          17  -5.3038702357044669E-014
           5          18   6.9010495837076633E-015
           5          19   3.8645437418663129E-014
           5          20   1.1052022407597869E-013
           5          21   6.7290433863065252E-015
           5          22   7.6974747539083495E-014
           5          23  -3.9700410200414909E-013
           5          24   6.9145091830492561E-014
           5          25  -1.3162637343898411E-013
           5          26   2.4092116583729624E-013
           5          27   4.5335829491002337E-014
           5          28   2.6151132968681205E-014
           5          29  -5.8349089953934674E-015
           5          30  -1.0316651959501988E-002
           5          31  -6.7868051490077753E-005
           5          32  -9.1561038840255460E-003
           5          33  -8.6097818815483433E-005
           5          34   1.2751044237664783E-003
           5          35  -8.4445697568825695E-003
           5          36 -0.63979380074300085     
           5          37  -7.3732323043731378E-004
           5          38 -0.63064758982950264     
           5          39  -9.3654396242232648E-004
           5          40   1.3898378708200118E-002
           5          41 -0.62501179649623384     
           5          42 -0.15794502099080954     
           5          43  -1.5579191094951223E-004
           5          44 -0.15612747716847505     
           5          45  -1.9790605526068936E-004
           5          46   2.9374217355410785E-003
           5          47 -0.15500689346985130     
           6           1  -3.5617572864463605E-002
           6           2 -0.11387384154206817     
           6           3  0.44222770813862411     
           6           4  0.36784682617040237     
           6           5  -1.9512623119080290     
           6           6   1.1023732131379644     
           6           7 -0.21263449747036270     
           6           8  -6.2782383664955407E-002
           6           9   6.6090227142453376E-015
           6          10  -4.8725497621201235E-015
           6          11   2.8518867838691080E-015
           6          12   4.6033476751622271E-014
           6          13  -3.0518119547919204E-014
           6          14   2.2779590913834780E-014
           6          15  -9.1631947095874992E-014
           6          16   1.2477794733121638E-014
           6          17   6.9074852423905631E-015
           6          18   7.0065118681181013E-015
           6          19  -9.6642171184023354E-015
           6          20  -2.9901954542555779E-014
           6          21  -7.4321545680762063E-016
           6          22  -3.9376284300950371E-014
           6          23   4.9516040214773105E-014
           6          24  -6.4391733644774422E-015
           6          25   2.9816444697554536E-014
           6          26  -3.2384133914893436E-014
           6          27  -1.0747263765432057E-014
           6          28  -4.7912483685897993E-015
           6          29  -1.1503587397163505E-014
           6          30  0.21624935282128899     
           6          31   2.0650149356057869E-004
           6          32  0.21348515959869382     
           6          33   2.6224951250901563E-004
           6          34  -3.8906572603330538E-003
           6          35  0.21178347980319370     
           6          36  0.32294276243712206     
           6          37   1.3334783806574624E-004
           6          38  0.32127465414063822     
           6          39   1.6936263459050910E-004
           6          40  -2.5129909909715324E-003
           6          41  0.32024726994080566     
           6          42   8.6390777427700169E-002
           6          43   2.2360607769162318E-005
           6          44   8.6132133008870918E-002
           6          45   2.8408813605244547E-005
           6          46  -4.2174508601501928E-004
           6          47   8.5972551284464280E-002
           7           1  -3.1982095116930582E-003
           7           2  -1.2810370271835975E-002
           7           3  -1.2275669225771807E-002
           7           4   5.0362594787453835E-002
           7           5  0.15764996668802428     
           7           6 -0.21263449747036270     
           7           7  0.25935748167531630     
           7           8   3.5957289079559210E-002
           7           9  -1.1321726049357007E-014
           7          10   3.4907785141128736E-015
           7          11  -5.2563232106240462E-015
           7          12  -7.9151019352181481E-014
           7          13   2.4887638221745094E-014
           7          14  -2.9132621752614336E-014
           7          15   9.5523441608632011E-014
           7          16  -2.3419518568544251E-014
           7          17   3.9666379013669525E-014
           7          18  -3.4587886858977850E-014
           7          19  -4.1350861217294259E-014
           7          20  -4.3337776796955664E-014
           7          21  -1.4876556240612418E-014
           7          22  -3.1414186792791767E-016
           7          23   3.3630923911887977E-013
           7          24  -5.2666222959521429E-014
           7          25   8.3070877043483660E-014
           7          26  -1.9576365617951212E-013
           7          27  -2.4818449985595980E-014
           7          28  -1.7549737232776440E-014
           7          29   2.4141430280895628E-014
           7          30  -8.8606675232757601E-002
           7          31  -5.3052564294434621E-004
           7          32  -8.1768314973979433E-002
           7          33  -6.7388438338247803E-004
           7          34   1.0000819345384940E-002
           7          35  -7.7554173128641490E-002
           7          36   3.5819760543849152E-002
           7          37   5.4563313705384051E-004
           7          38   2.9080046189527281E-002
           7          39   6.9310107032737652E-004
           7          40  -1.0286651128070121E-002
           7          41   2.4925799685163563E-002
           7          42  -5.4242519415355246E-003
           7          43   1.0110718012172742E-004
           7          44  -6.5904190462912505E-003
           7          45   1.2843348902419203E-004
           7          46  -1.9061472656914150E-003
           7          47  -7.3092338945620998E-003
           8           1   9.5135423826169603E-004
           8           2   2.4566609049284905E-003
           8           3  -1.5674319969517084E-002
           8           4  -7.7284030253129167E-003
           8           5   8.6796233624843996E-002
           8           6  -6.2782383664955407E-002
           8           7   3.5957289079559210E-002
           8           8   6.2801839656736044E-003
           8           9  -3.2105077668110611E-015
           8          10  -3.8333902079404768E-016
           8          11  -1.8458207768331975E-015
           8          12  -2.0275744577675128E-014
           8          13  -3.2820709794066842E-015
           8          14  -1.0749980434712996E-014
           8          15  -1.9818132137969503E-014
           8          16   4.2967007127319337E-014
           8          17  -2.4434198169278820E-014
           8          18  -1.0943903622284170E-014
           8          19  -2.7124413985398817E-015
           8          20  -1.1714796637310865E-014
           8          21  -2.4567826960776987E-015
           8          22   2.8557205878405675E-015
           8          23   3.1564133476494511E-014
           8          24  -5.0964422750274066E-015
           8          25   6.8560383196736786E-015
           8          26  -1.8966657056584973E-014
           8          27  -2.3177618965327714E-015
           8          28  -1.4027556864275007E-015
           8          29   2.7581321519373171E-015
           8          30  -1.7685519638453582E-002
           8          31  -7.6065213222920966E-005
           8          32  -1.6689299564492031E-002
           8          33  -9.6619944791916283E-005
           8          34   1.4339027614740844E-003
           8          35  -1.6075365609313594E-002
           8          36  -8.5927949372916965E-003
           8          37   5.2319945954612708E-005
           8          38  -9.2370949062839259E-003
           8          39   6.6462497074963278E-005
           8          40  -9.8645215468168030E-004
           8          41  -9.6342970982808297E-003
           8          42  -3.9428872031662000E-003
           8          43   9.5665037433625338E-006
           8          44  -4.0528260878410008E-003
           8          45   1.2151504730773270E-005
           8          46  -1.8033360508533356E-004
           8          47  -4.1205738916693657E-003
           9           1   4.7944218094859443E-015
           9           2   1.4259323426257683E-014
           9           3  -2.3477268326675948E-014
           9           4  -2.1351630617694190E-014
           9           5  -8.4883996416375803E-015
           9           6   6.6090227142453376E-015
           9           7  -1.1321726049357007E-014
           9           8  -3.2105077668110611E-015
           9           9   4.9102466944182563E-002
           9          10  -3.1081196650933408E-005
           9          11  -3.9470600594855004E-005
           9          12  0.32287414798632008     
           9          13  -2.0180244077726021E-004
           9          14  -2.5627274356787946E-004
           9          15 -0.14892392170930072     
           9          16   8.3899348696268123E-004
           9          17   1.0654537268126177E-003
           9          18   8.7779842962339896E-003
           9          19  -1.1290003297053958E-003
           9          20  -1.4337389116079275E-003
           9          21  -1.3093621425676246E-002
           9          22  -1.2053571218981570E-004
           9          23  -1.5307058488535905E-004
           9          24   7.1333878396045332E-003
           9          25  -2.1148879570474565E-005
           9          26  -2.6857362907882487E-005
           9          27  -2.1259038616749429E-003
           9          28   3.6094818902137251E-006
           9          29   4.5837494455478621E-006
           9          30  -1.6631071314054433E-015
           9          31  -2.0419287417196117E-015
           9          32   2.7788709730453525E-016
           9          33   4.1435123948086560E-015
           9          34   2.1763919743552430E-015
           9          35   9.2576839681016775E-015
           9          36  -1.4577216259250866E-015
           9          37  -5.1173822395787277E-016
           9          38   3.3630443749290383E-015
           9          39  -6.4554130679120334E-016
           9          40  -1.0428657822268428E-015
           9          41  -8.7380846418991358E-017
           9          42   2.5959284250641039E-015
           9          43   1.0697672615492778E-015
           9          44   2.4540334206827934E-015
           9          45  -1.3252833946348995E-015
           9          46   3.9670120563651066E-017
           9          47   5.4365597949903066E-015
          10           1   2.5845405127008432E-014
          10           2   7.4452329638591932E-014
          10           3  -1.1769319490884258E-013
          10           4  -1.1216137090998375E-013
          10           5  -1.0530013252936040E-014
          10           6  -4.8725497621201235E-015
          10           7   3.4907785141128736E-015
          10           8  -3.8333902079404768E-016
          10           9  -3.1081196650933408E-005
          10          10   4.9561456626186343E-002
          10          11   5.8554036239506248E-004
          10          12  -2.0180244077527886E-004
          10          13  0.32585425326242023     
          10          14   3.8017672112983809E-003
          10          15   8.3899348696103151E-004
          10          16 -0.16131370697752412     
          10          17  -1.5805844087987787E-002
          10          18  -1.1290003297003135E-003
          10          19   2.5450427967608463E-002
          10          20   2.1269298823881934E-002
          10          21  -1.2053571219447257E-004
          10          22  -1.1313617630364096E-002
          10          23   2.2707788597894499E-003
          10          24  -2.1148879569071309E-005
          10          25   7.4457026318415880E-003
          10          26   3.9842489644950971E-004
          10          27   3.6094818897954535E-006
          10          28  -2.1792066658655324E-003
          10          29  -6.7999226319523232E-005
          10          30   2.1136471582340001E-014
          10          31   5.9050024073481534E-016
          10          32   5.4609408352794475E-015
          10          33   1.2935355154679011E-015
          10          34   8.2520126267738272E-016
          10          35  -1.8272627521142328E-014
          10          36  -3.0544911100298421E-015
          10          37   5.8862643667538349E-016
          10          38  -2.2118907131095946E-015
          10          39  -7.3215152252659861E-016
          10          40  -2.7676318620550860E-015
          10          41   4.8821913401862078E-016
          10          42  -3.9592943300045751E-017
          10          43  -2.4060285348105837E-016
          10          44  -1.9257337962872399E-015
          10          45   6.1954936968108276E-016
          10          46   5.2267017639375347E-016
          10          47  -4.3357321304519317E-015
          11           1  -1.4638246230604457E-014
          11           2  -3.9196898648511957E-014
          11           3   5.4049208147854102E-014
          11           4   5.7982144429819171E-014
          11           5   4.3779588050992451E-015
          11           6   2.8518867838691080E-015
          11           7  -5.2563232106240462E-015
          11           8  -1.8458207768331975E-015
          11           9  -3.9470600594855004E-005
          11          10   5.8554036239506248E-004
          11          11   4.9843960598366321E-002
          11          12  -2.5627274356672408E-004
          11          13   3.8017672112974623E-003
          11          14  0.32768848093916358     
          11          15   1.0654537268129658E-003
          11          16  -1.5805844087990590E-002
          11          17 -0.16893950703093047     
          11          18  -1.4337389116127171E-003
          11          19   2.1269298823893331E-002
          11          20   3.5712165284451688E-002
          11          21  -1.5307058488066985E-004
          11          22   2.2707788597825188E-003
          11          23  -1.0218041497083880E-002
          11          24  -2.6857362911619132E-005
          11          25   3.9842489645623388E-004
          11          26   7.6379295436078999E-003
          11          27   4.5837494468134725E-006
          11          28  -6.7999226322965506E-005
          11          29  -2.2120140566604116E-003
          11          30  -1.8826648051121709E-014
          11          31  -2.8392070635079832E-015
          11          32  -6.8684230926244636E-015
          11          33   4.8407152478124908E-016
          11          34  -2.9972786073854058E-016
          11          35   2.2218734467977144E-014
          11          36   4.1215337985970699E-015
          11          37  -1.7762634752073824E-015
          11          38   1.7812979159576937E-015
          11          39   1.0623861751719874E-015
          11          40   1.5599187569554564E-015
          11          41  -4.7534158559582039E-017
          11          42   9.1689190449172730E-016
          11          43   6.6180381912321357E-016
          11          44   3.1983192710629751E-015
          11          45  -1.0473313066880205E-015
          11          46   8.4013726711535061E-016
          11          47   5.1273663813023827E-015
          12           1   3.8631983985622131E-014
          12           2   1.0765025106751882E-013
          12           3  -1.6233079376611066E-013
          12           4  -1.4645011554612432E-013
          12           5  -6.0855681972644992E-014
          12           6   4.6033476751622271E-014
          12           7  -7.9151019352181481E-014
          12           8  -2.0275744577675128E-014
          12           9  0.32287414798632008     
          12          10  -2.0180244077527886E-004
          12          11  -2.5627274356672408E-004
          12          12   2.1242575085621285     
          12          13  -1.3101277575382146E-003
          12          14  -1.6637560654007982E-003
          12          15 -0.99990665729062744     
          12          16   5.4542003857403877E-003
          12          17   6.9263924191116481E-003
          12          18   5.1941107490935709E-002
          12          19  -7.3406382615349881E-003
          12          20  -9.3220156227447806E-003
          12          21  -8.6429563783622917E-002
          12          22  -7.8201032468916605E-004
          12          23  -9.9308972927552447E-004
          12          24   4.6855323384827563E-002
          12          25  -1.3815001610596037E-004
          12          26  -1.7543932319987547E-004
          12          27  -1.3988770344101727E-002
          12          28   2.3672368166266550E-005
          12          29   3.0061988882317041E-005
          12          30  -7.7739534881061432E-016
          12          31  -9.6863958650839274E-015
          12          32   6.6690936567068124E-015
          12          33   2.3977637221883953E-014
          12          34   1.0409397669976616E-014
          12          35   4.7730551362397889E-014
          12          36  -1.2868154482737201E-014
          12          37  -2.6086415115405249E-015
          12          38   2.0705382341813657E-014
          12          39  -4.8986212979138341E-015
          12          40  -6.4536089795088068E-015
          12          41   4.8629941233520414E-016
          12          42   1.6865486306474043E-014
          12          43   6.7909932961635073E-015
          12          44   1.5856428117705848E-014
          12          45  -9.5368654909912171E-015
          12          46  -2.7730420556745035E-016
          12          47   3.5609113298719954E-014
          13           1   1.5469589099616482E-013
          13           2   4.3396169841408688E-013
          13           3  -6.5697656776660699E-013
          13           4  -6.3620562730907788E-013
          13           5  -6.7254762563200003E-014
          13           6  -3.0518119547919204E-014
          13           7   2.4887638221745094E-014
          13           8  -3.2820709794066842E-015
          13           9  -2.0180244077726021E-004
          13          10  0.32585425326242023     
          13          11   3.8017672112974623E-003
          13          12  -1.3101277575382146E-003
          13          13   2.1436047405773180     
          13          14   2.4681568431691392E-002
          13          15   5.4542003857370840E-003
          13          16  -1.0804512296141491     
          13          17 -0.10275197872436798     
          13          18  -7.3406382614992806E-003
          13          19  0.16034353635405382     
          13          20  0.13829068480721388     
          13          21  -7.8201032472107889E-004
          13          22  -7.4881273898179293E-002
          13          23   1.4732335182455631E-002
          13          24  -1.3815001609636962E-004
          13          25   4.8895445341848101E-002
          13          26   2.6026156931215957E-003
          13          27   2.3672368163489044E-005
          13          28  -1.4338350600631742E-002
          13          29  -4.4596503582721347E-004
          13          30   1.2005585123396468E-013
          13          31   6.0936371264804962E-015
          13          32   3.3202720530804689E-014
          13          33   9.1267830440273509E-015
          13          34   2.5546339423115024E-015
          13          35  -1.1130026548906081E-013
          13          36  -1.8339067029501907E-014
          13          37   4.6063550822638212E-015
          13          38  -1.3493094013378582E-014
          13          39  -5.0218139855388515E-015
          13          40  -1.9611053291728933E-014
          13          41  -1.3406652325869642E-015
          13          42  -6.5876421818008893E-016
          13          43  -1.8074837801145833E-015
          13          44  -1.3592272147180133E-014
          13          45   4.2981848764137893E-015
          13          46   3.8588351046623039E-015
          13          47  -2.9024669995726082E-014
          14           1  -9.4019212346337115E-014
          14           2  -2.6532530594194389E-013
          14           3   3.9896604552239158E-013
          14           4   4.1998370808522773E-013
          14           5   2.4570344908557535E-014
          14           6   2.2779590913834780E-014
          14           7  -2.9132621752614336E-014
          14           8  -1.0749980434712996E-014
          14           9  -2.5627274356787946E-004
          14          10   3.8017672112983809E-003
          14          11  0.32768848093916358     
          14          12  -1.6637560654007982E-003
          14          13   2.4681568431691392E-002
          14          14   2.1555127858124177     
          14          15   6.9263924191130758E-003
          14          16 -0.10275197872439296     
          14          17  -1.1300256807149343     
          14          18  -9.3220156227796849E-003
          14          19  0.13829068480729262     
          14          20  0.22706424457337004     
          14          21  -9.9308972924278156E-004
          14          22   1.4732335182406605E-002
          14          23  -6.7773406593635066E-002
          14          24  -1.7543932322580197E-004
          14          25   2.6026156931702343E-003
          14          26   5.0151121836127174E-002
          14          27   3.0061988891529277E-005
          14          28  -4.4596503585224461E-004
          14          29  -1.4553514066504245E-002
          14          30  -1.0897853336272474E-013
          14          31  -2.1231652977123773E-014
          14          32  -3.9598893570605118E-014
          14          33   4.0811454566506233E-015
          14          34  -7.2310223727869636E-016
          14          35   1.2206476823819660E-013
          14          36   2.9664981773420540E-014
          14          37  -1.2169040012867747E-014
          14          38   1.4805495415740188E-014
          14          39   7.3533598692797188E-015
          14          40   1.0770533178783207E-014
          14          41   7.5389847872477369E-015
          14          42   7.4072956516724209E-015
          14          43   4.4209740125754831E-015
          14          44   2.2734967355026289E-014
          14          45  -6.9910416333433540E-015
          14          46   5.1602888227621652E-015
          14          47   3.4820434661329929E-014
          15           1  -1.3530399187851275E-014
          15           2  -3.7290336213320075E-014
          15           3   4.5015384300445746E-014
          15           4   5.6564030095112828E-014
          15           5   7.5535363317486734E-014
          15           6  -9.1631947095874992E-014
          15           7   9.5523441608632011E-014
          15           8  -1.9818132137969503E-014
          15           9 -0.14892392170930072     
          15          10   8.3899348696103151E-004
          15          11   1.0654537268129658E-003
          15          12 -0.99990665729062744     
          15          13   5.4542003857370840E-003
          15          14   6.9263924191130758E-003
          15          15   2.4679557074849328     
          15          16  -2.2720052392647547E-002
          15          17  -2.8852625045666869E-002
          15          18  -9.3928589733700552E-002
          15          19   3.0597969512060005E-002
          15          20   3.8856941270427575E-002
          15          21  0.18642858614400448     
          15          22   3.3061850446674491E-003
          15          23   4.1985870356220168E-003
          15          24  -9.9480459328799994E-002
          15          25   5.5743141279231839E-004
          15          26   7.0789271361004660E-004
          15          27   2.9834034281487645E-002
          15          28  -9.2892229958803875E-005
          15          29  -1.1796560296984735E-004
          15          30   5.1775440916132583E-014
          15          31   5.7914497133879661E-014
          15          32  -1.8103427187577645E-014
          15          33  -6.9425665494782602E-014
          15          34  -1.5059714902685477E-014
          15          35  -1.3420596091778830E-013
          15          36   4.3216397961194818E-014
          15          37  -1.9229401113579311E-014
          15          38  -6.7333934211932102E-015
          15          39   1.4693872690564348E-014
          15          40  -6.8848103928170521E-015
          15          41   4.2882899147459489E-014
          15          42   1.4315050333911907E-014
          15          43   4.5836814990937007E-016
          15          44   1.4876460268342840E-014
          15          45   2.5287712956338698E-014
          15          46   1.7831533298055751E-014
          15          47  -3.2818558700764908E-014
          16           1   4.2599815651514957E-014
          16           2   1.1726408748596783E-013
          16           3  -1.9809717565965576E-013
          16           4  -1.4521752196975988E-013
          16           5   3.8286674473112221E-014
          16           6   1.2477794733121638E-014
          16           7  -2.3419518568544251E-014
          16           8   4.2967007127319337E-014
          16           9   8.3899348696268123E-004
          16          10 -0.16131370697752412     
          16          11  -1.5805844087990590E-002
          16          12   5.4542003857403877E-003
          16          13  -1.0804512296141491     
          16          14 -0.10275197872439296     
          16          15  -2.2720052392647547E-002
          16          16   2.8034726987351148     
          16          17  0.42802430693968263     
          16          18   3.0597969512010117E-002
          16          19 -0.54578224267380870     
          16          20 -0.57643681745031561     
          16          21   3.3061850446877063E-003
          16          22  0.13760469967276617     
          16          23  -6.2285400482873760E-002
          16          24   5.5743141279629470E-004
          16          25 -0.10771229379913126     
          16          26  -1.0501480806861588E-002
          16          27  -9.2892229954946514E-005
          16          28   3.1205814635255180E-002
          16          29   1.7500017897596515E-003
          16          30  -2.9561348837461504E-013
          16          31  -2.5059326550964363E-015
          16          32  -4.0262260830995399E-014
          16          33  -5.1840540401141880E-015
          16          34  -3.4913287880539374E-014
          16          35   3.4467129520912113E-013
          16          36   4.8401804691532564E-014
          16          37  -1.1068393877440791E-014
          16          38  -7.1419816331977517E-016
          16          39   8.5019005945716859E-015
          16          40   3.1847434410669980E-014
          16          41   6.4967773914701452E-016
          16          42  -2.8460733972597843E-014
          16          43   3.4302077481835876E-015
          16          44   2.0307475040960833E-014
          16          45  -6.1345368673430189E-015
          16          46  -1.4995955884073850E-014
          16          47   4.8917776780424238E-014
          17           1  -3.7687852111139682E-015
          17           2  -8.6266448191951631E-015
          17           3   2.4027891031350949E-014
          17           4   3.5637835326803772E-015
          17           5  -5.3038702357044669E-014
          17           6   6.9074852423905631E-015
          17           7   3.9666379013669525E-014
          17           8  -2.4434198169278820E-014
          17           9   1.0654537268126177E-003
          17          10  -1.5805844087987787E-002
          17          11 -0.16893950703093047     
          17          12   6.9263924191116481E-003
          17          13 -0.10275197872436798     
          17          14  -1.1300256807149343     
          17          15  -2.8852625045666869E-002
          17          16  0.42802430693968263     
          17          17   3.0099803527728204     
          17          18   3.8856941270490358E-002
          17          19 -0.57643681745044650     
          17          20 -0.82389405300689389     
          17          21   4.1985870355714834E-003
          17          22  -6.2285400482776657E-002
          17          23  0.10755404197528923     
          17          24   7.0789271366129120E-004
          17          25  -1.0501480806986697E-002
          17          26 -0.11277891298466532     
          17          27  -1.1796560300342628E-004
          17          28   1.7500017898281585E-003
          17          29   3.2050132956346115E-002
          17          30   2.9499901482211700E-013
          17          31   4.2043444564039506E-014
          17          32   1.1053329683750502E-013
