           1           1  0.36387804865552154     
           1           2  0.64758922461458912     
           1           3 -0.17032833865091843     
           1           4 -0.20074939436683684     
           1           5   3.5517088368371350E-002
           1           6   3.1741130472372474E-002
           1           7  -1.6272865746876846E-002
           1           8  -1.0366413816628560E-002
           1           9   2.9947676357626578E-013
           1          10   1.0568211063000337E-013
           1          11  -5.3148566997702268E-014
           1          12   1.6464279019789039E-012
           1          13   7.6773376833799818E-013
           1          14  -3.5968339885100491E-013
           1          15  -6.8741871303937384E-013
           1          16  -4.8063195469479166E-013
           1          17   4.5225806206231526E-014
           1          18   5.4225609790711069E-014
           1          19  -2.1963156118153404E-014
           1          20  -1.3424789958756939E-013
           1          21   5.5188703664065173E-013
           1          22   4.5559827638271844E-013
           1          23   2.7904053912509638E-013
           1          24   1.3417951317578849E-012
           1          25   1.1810827934449390E-012
           1          26   1.0295203561794524E-013
           1          27   7.0965208739376737E-013
           1          28   6.2759744090932931E-013
           1          29   9.7167569362034680E-014
           1          30   2.5103424689063757E-002
           1          31  -8.2083665295261007E-006
           1          32   2.5346748436620291E-002
           1          33   1.7940759935878715E-006
           1          34  -6.1462207675184302E-005
           1          35   2.5114851022569898E-002
           1          36   1.8167898750520814E-003
           1          37  -2.0765415227058300E-006
           1          38   1.8783455904061927E-003
           1          39   4.5386293429861360E-007
           1          40  -1.5548626652040792E-005
           1          41   1.8196804935338359E-003
           1          42  -1.1696553767236281E-005
           1          43   3.6172424601264283E-006
           1          44  -1.1892385226192737E-004
           1          45  -7.9060894031700073E-007
           1          46   2.7085012177500533E-005
           1          47  -1.6731881711084352E-005
           2           1  0.64758922461458912     
           2           2   1.2096160922247665     
           2           3 -0.50592489307020849     
           2           4 -0.59470821743105728     
           2           5  0.12306534221731755     
           2           6   9.7232217141165617E-002
           2           7  -5.8599516010611100E-002
           2           8  -3.6905568923643842E-002
           2           9   7.7032251729981368E-013
           2          10   2.6352672893343472E-013
           2          11  -1.1488274181538311E-013
           2          12   4.3613177273333236E-012
           2          13   1.8629520832810168E-012
           2          14  -7.1754200156459005E-013
           2          15  -2.3381301119616495E-012
           2          16  -1.5876607407257113E-012
           2          17   6.9653707066787672E-014
           2          18   1.5215930941625173E-013
           2          19  -1.4418982197076763E-013
           2          20  -3.4828253839088751E-013
           2          21   1.9643180634868620E-012
           2          22   1.6951864448494157E-012
           2          23   7.1227602677932810E-013
           2          24   4.6780658295322479E-012
           2          25   4.0117623055081040E-012
           2          26   6.1835171535497982E-013
           2          27   2.5340095428009786E-012
           2          28   2.1852723745384710E-012
           2          29   2.5169147695287402E-013
           2          30   8.8679376161410917E-002
           2          31  -2.6506804892321081E-005
           2          32   8.9465127513764453E-002
           2          33   5.7935061968308984E-006
           2          34  -1.9847636446102625E-004
           2          35   8.8716274561511960E-002
           2          36   6.6800855543026217E-003
           2          37  -6.9628608820104507E-006
           2          38   6.8864883047822815E-003
           2          39   1.5218498637258652E-006
           2          40  -5.2136171079215685E-005
           2          41   6.6897781002771255E-003
           2          42   2.4382098683703663E-004
           2          43   1.3362513824322417E-005
           2          44  -1.5228910958223272E-004
           2          45  -2.9206012541797643E-006
           2          46   1.0005518110972882E-004
           2          47   2.2521990042880143E-004
           3           1 -0.17032833865091843     
           3           2 -0.50592489307020849     
           3           3  0.80054132193416971     
           3           4  0.93110121238462695     
           3           5 -0.21463319277557555     
           3           6 -0.14930441803350514     
           3           7   9.3785656991541871E-002
           3           8   5.7969617468520709E-002
           3           9  -1.2464443851464024E-012
           3          10  -1.9610402270389588E-013
           3          11   1.1115682706022987E-013
           3          12  -7.6745216081118812E-012
           3          13  -1.2810187307264615E-012
           3          14   5.5541854777091389E-013
           3          15   4.3676822872416033E-012
           3          16   2.7205689724577438E-012
           3          17  -3.0425077124189925E-013
           3          18  -9.9123467655470886E-014
           3          19   3.6317937074453477E-013
           3          20   3.4059014014789071E-013
           3          21  -3.1288272530383698E-012
           3          22  -2.9540813719529060E-012
           3          23  -8.2676829026183282E-013
           3          24  -7.3965875330973408E-012
           3          25  -6.6259118459336918E-012
           3          26  -1.2625438226375865E-012
           3          27  -4.0025764467299435E-012
           3          28  -3.7298464255564840E-012
           3          29  -2.2757241569041481E-013
           3          30 -0.16044879632649112     
           3          31   5.2070945892884785E-005
           3          32 -0.16199235528646858     
           3          33  -1.1380977418746349E-005
           3          34   3.8989429644325981E-004
           3          35 -0.16052128090567122     
           3          36  -1.2436305100042920E-002
           3          37   1.3696460228007926E-005
           3          38  -1.2842314511719794E-002
           3          39  -2.9935907620437363E-006
           3          40   1.0255568872039649E-004
           3          41  -1.2455371051920129E-002
           3          42  -8.7289107476230896E-004
           3          43  -1.8850185628522018E-005
           3          44  -3.1410783098284557E-004
           3          45   4.1200238629955719E-006
           3          46  -1.4114550310388827E-004
           3          47  -8.4665095739439261E-004
           4           1 -0.20074939436683684     
           4           2 -0.59470821743105728     
           4           3  0.93110121238462695     
           4           4   1.1721403454546906     
           4           5 -0.44555056517444275     
           4           6 -0.28405401100242267     
           4           7  0.19894449377446838     
           4           8  0.12305118490180669     
           4           9  -2.1577761827316608E-013
           4          10  -1.1426744132550721E-012
           4          11   3.2163590178644313E-013
           4          12  -5.7723510317456538E-013
           4          13  -7.8928256212424544E-012
           4          14   1.9832828794115748E-012
           4          15   8.7064837882892333E-012
           4          16   5.2888831780266339E-012
           4          17  -5.8771585082139628E-013
           4          18   2.5116991338491804E-013
           4          19   9.7747330166825927E-013
           4          20   4.2904420811460501E-013
           4          21  -6.7998589660861614E-012
           4          22  -6.1632936867904533E-012
           4          23  -1.4936306153174381E-012
           4          24  -1.5429338407401494E-011
           4          25  -1.3192435766471454E-011
           4          26  -3.0563634088656843E-012
           4          27  -8.5281831694764311E-012
           4          28  -7.4409256691297587E-012
           4          29  -4.7357938736768476E-013
           4          30 -0.28123416276652846     
           4          31   1.0693245869445858E-004
           4          32 -0.28440400252446951     
           4          33  -2.3371879651295537E-005
           4          34   8.0068366281448998E-004
           4          35 -0.28138301649157049     
           4          36  -2.3589097719727510E-002
           4          37   3.2297615134863110E-005
           4          38  -2.4546508282150915E-002
           4          39  -7.0591845615639498E-006
           4          40   2.4183651132928774E-004
           4          41  -2.3634057129943521E-002
           4          42  -2.3058587043409250E-003
           4          43  -4.2801085825300126E-005
           4          44  -1.0370897868849918E-003
           4          45   9.3548943291236482E-006
           4          46  -3.2048388856560769E-004
           4          47  -2.2462780964842442E-003
           5           1   3.5517088368371350E-002
           5           2  0.12306534221731755     
           5           3 -0.21463319277557555     
           5           4 -0.44555056517444275     
           5           5  0.48900106675865995     
           5           6  0.28014876050111426     
           5           7 -0.20663368067209253     
           5           8 -0.12704153435369608     
           5           9  -3.9317990567061618E-012
           5          10   6.3986535080310909E-013
           5          11   3.9185591665990601E-013
           5          12  -2.6771225313905512E-011
           5          13   4.6586693842301555E-012
           5          14   2.6522231087274844E-012
           5          15  -1.4782492561609847E-011
           5          16  -7.1227246527522210E-012
           5          17   2.7795828481426085E-012
           5          18  -2.5540933825670228E-012
           5          19  -1.7833959372280887E-012
           5          20   4.7835514252664048E-013
           5          21   7.6362319187289345E-012
           5          22   7.2525784002983211E-012
           5          23   1.6156917617738523E-012
           5          24   1.6669537918310697E-011
           5          25   1.5172852806094256E-011
           5          26   3.7543140703423624E-012
           5          27   9.0082465457160015E-012
           5          28   8.7565105145578223E-012
           5          29   2.8302183951500590E-013
           5          30  0.25004384661526158     
           5          31  -2.0340686815331754E-004
           5          32  0.25607351418204960     
           5          33   4.4457977161519179E-005
           5          34  -1.5230600532887238E-003
           5          35  0.25032699609547382     
           5          36   2.3188276649804565E-002
           5          37  -6.9316932152676009E-005
           5          38   2.5243064981788549E-002
           5          39   1.5150376126612924E-005
           5          40  -5.1902795261113963E-004
           5          41   2.3284768245095830E-002
           5          42   3.0421616420120458E-003
           5          43   3.4687007715835337E-005
           5          44   2.0139214490238590E-003
           5          45  -7.5814266635233535E-006
           5          46   2.5972768910303805E-004
           5          47   2.9938761151802025E-003
           6           1   3.1741130472372474E-002
           6           2   9.7232217141165617E-002
           6           3 -0.14930441803350514     
           6           4 -0.28405401100242267     
           6           5  0.28014876050111426     
           6           6  0.18518236764716028     
           6           7 -0.26043084055203908     
           6           8 -0.16773132183185507     
           6           9   1.5658255062843403E-012
           6          10  -3.1299468842829591E-014
           6          11   1.8604270875598368E-013
           6          12   1.0679988456186327E-011
           6          13  -1.0609097423158532E-013
           6          14   1.5336624525168242E-012
           6          15  -1.0394366690742808E-012
           6          16  -3.6142350069378038E-012
           6          17  -4.6629104077304841E-012
           6          18   9.3603602873558707E-013
           6          19  -7.2016082995434022E-013
           6          20  -1.7410863678296492E-012
           6          21   8.7870769457455811E-012
           6          22   6.6630565252479802E-012
           6          23   1.1521560336423478E-012
           6          24   1.9210093277258074E-011
           6          25   1.2757495247508894E-011
           6          26   4.3877002308118777E-012
           6          27   1.1498649105911825E-011
           6          28   6.9095318012077610E-012
           6          29   9.9773322489218447E-013
           6          30  0.15226043598214012     
           6          31   4.2875159214180833E-005
           6          32  0.15098947124049863     
           6          33  -9.3710836368408567E-006
           6          34   3.2103853209080116E-004
           6          35  0.15220075225867402     
           6          36   1.3301235844629548E-002
           6          37   5.1919695567144940E-006
           6          38   1.3147328320605976E-002
           6          39  -1.1347918812073285E-006
           6          40   3.8876177036701676E-005
           6          41   1.3294008439973925E-002
           6          42   1.3510521210905804E-003
           6          43   8.9944285673993743E-005
           6          44  -1.3152006856701082E-003
           6          45  -1.9658830251447149E-005
           6          46   6.7348044705327608E-004
           6          47   1.2258465292101189E-003
           7           1  -1.6272865746876846E-002
           7           2  -5.8599516010611100E-002
           7           3   9.3785656991541871E-002
           7           4  0.19894449377446838     
           7           5 -0.20663368067209253     
           7           6 -0.26043084055203908     
           7           7  0.94160047247305834     
           7           8  0.62431849176468457     
           7           9  -2.8940879974174697E-013
           7          10  -7.5458993290861515E-013
           7          11  -1.1878887760625004E-012
           7          12  -2.4967585167153079E-012
           7          13  -6.5129923328683357E-012
           7          14  -8.7434666252536058E-012
           7          15   1.3661719529114465E-011
           7          16   3.0899516025128218E-011
           7          17   1.1745735659167485E-011
           7          18   2.4753677571495972E-012
           7          19   9.0570845849835629E-012
           7          20   3.9120151380384038E-012
           7          21  -3.4185674806543320E-011
           7          22  -4.5704563952392989E-011
           7          23  -1.6626583301685407E-012
           7          24  -7.4393877315644209E-011
           7          25  -9.4143829909635647E-011
           7          26  -8.9432018859808270E-012
           7          27  -4.3001531605640783E-011
           7          28  -5.8351958840828424E-011
           7          29   2.8510087843514449E-012
           7          30 -0.13905534759247706     
           7          31   1.0249113464481376E-004
           7          32 -0.14209353151824783     
           7          33  -2.2401153742411412E-005
           7          34   7.6742812081753622E-004
           7          35 -0.13919801882808430     
           7          36  -5.7352722041829453E-003
           7          37   1.0517500605851877E-004
           7          38  -8.8530152063589808E-003
           7          39  -2.2987758443634294E-005
           7          40   7.8752429213464834E-004
           7          41  -5.8816794865618012E-003
           7          42   2.0864423986071759E-003
           7          43  -3.2397643815642359E-004
           7          44   1.1690199650593494E-002
           7          45   7.0810477430005450E-005
           7          46  -2.4258550148379115E-003
           7          47   2.5374289322378334E-003
           8           1  -1.0366413816628560E-002
           8           2  -3.6905568923643842E-002
           8           3   5.7969617468520709E-002
           8           4  0.12305118490180669     
           8           5 -0.12704153435369608     
           8           6 -0.16773132183185507     
           8           7  0.62431849176468457     
           8           8  0.41440825323911573     
           8           9   8.0156886495980284E-013
           8          10   2.1612183678293379E-012
           8          11  -1.1816581867678189E-012
           8          12   4.9933049459982232E-012
           8          13   1.6056265689684929E-011
           8          14  -8.6260841253659716E-012
           8          15   1.3787440237097203E-011
           8          16  -2.5951294415427929E-011
           8          17   1.0470090162265834E-011
           8          18   3.0680891642136149E-012
           8          19  -8.4356935537259276E-012
           8          20   3.2146585827678168E-012
           8          21  -2.0245239410985533E-011
           8          22   3.1551861533775589E-011
           8          23  -1.0825718050576252E-011
           8          24  -4.6167166801012120E-011
           8          25   7.8858908488149500E-011
           8          26  -3.1511541785733158E-011
           8          27  -2.9791393749420624E-011
           8          28   6.0181140207999313E-011
           8          29  -1.8719491708749421E-011
           8          30  -9.0050063330585295E-002
           8          31  -2.0152095644946751E-004
           8          32  -8.4076300385694747E-002
           8          33   4.4045778570749412E-005
           8          34  -1.5089388207759837E-003
           8          35  -8.9769539111665159E-002
           8          36  -4.3702454663327936E-003
           8          37  -2.7100671966048588E-005
           8          38  -3.5668898700251116E-003
           8          39   5.9233055638612475E-006
           8          40  -2.0292309395893062E-004
           8          41  -4.3325203819849665E-003
           8          42   8.8803960825806216E-004
           8          43  -2.7300928810506774E-004
           8          44   8.9809582265157860E-003
           8          45   5.9670752906670660E-005
           8          46  -2.0442256675149914E-003
           8          47   1.2680780891671708E-003
           9           1   2.9947676357626578E-013
           9           2   7.7032251729981368E-013
           9           3  -1.2464443851464024E-012
           9           4  -2.1577761827316608E-013
           9           5  -3.9317990567061618E-012
           9           6   1.5658255062843403E-012
           9           7  -2.8940879974174697E-013
           9           8   8.0156886495980284E-013
           9           9   4.1196523093224059E-002
           9          10  -2.7542789718154777E-006
           9          11   6.0199411744455758E-007
           9          12  0.28832223391021217     
           9          13  -2.0480964585680997E-005
           9          14   4.4764584007232663E-006
           9          15  -8.3063048019407532E-002
           9          16   5.2013746144173172E-005
           9          17  -1.1368477683716389E-005
           9          18  -3.1416704585134160E-002
           9          19   8.7765372528600711E-006
           9          20  -1.9182584490726194E-006
           9          21  -1.4779080488000296E-003
           9          22  -5.8925471531286221E-005
           9          23   1.2879150919914940E-005
           9          24   5.9477186713865235E-005
           9          25  -1.2857753706360038E-004
           9          26   2.8102769343593694E-005
           9          27   2.8293614110186672E-006
           9          28  -9.1779601357908745E-005
           9          29   2.0059971323447010E-005
           9          30   1.7145380809350540E-012
           9          31   9.6935279050300176E-013
           9          32   2.1628153181084301E-013
           9          33  -6.1569649279827851E-013
           9          34   3.6316810512249378E-013
           9          35  -2.4281345197047425E-013
           9          36  -4.8793665271071562E-013
           9          37  -2.1032504726440364E-012
           9          38  -1.3611395129041512E-012
           9          39   9.1359054534235222E-013
           9          40  -1.7153671376902642E-012
           9          41  -5.9738821007384495E-013
           9          42  -2.0899661557611228E-012
           9          43   1.3485009926350822E-012
           9          44  -5.8171195421090303E-013
           9          45  -6.3234626407032655E-013
           9          46  -1.0941665672551467E-012
           9          47  -6.9508902532706053E-013
          10           1   1.0568211063000337E-013
          10           2   2.6352672893343472E-013
          10           3  -1.9610402270389588E-013
          10           4  -1.1426744132550721E-012
          10           5   6.3986535080310909E-013
          10           6  -3.1299468842829591E-014
          10           7  -7.5458993290861515E-013
          10           8   2.1612183678293379E-012
          10           9  -2.7542789718154777E-006
          10          10   4.1290799949053977E-002
          10          11  -2.0623358106175548E-005
          10          12  -2.0480963098795756E-005
          10          13  0.28902328155602475     
          10          14  -1.5335637262039889E-004
          10          15   5.2013746257610386E-005
          10          16  -8.4843438482219632E-002
          10          17   3.8946599974761415E-004
          10          18   8.7765397769049463E-006
          10          19  -3.1717118778368948E-002
          10          20   6.5716547311524165E-005
          10          21  -5.8925475074957295E-005
          10          22   5.3906556563839152E-004
          10          23  -4.4121930736908653E-004
          10          24  -1.2857753569969568E-004
          10          25   4.4605871476629368E-003
          10          26  -9.6275661555331974E-004
          10          27  -9.1779599520802038E-005
          10          28   3.1443744240569208E-003
          10          29  -6.8722282266001674E-004
          10          30   2.6942710791965421E-013
          10          31   8.9221302715796763E-015
          10          32  -1.9325531759315863E-013
          10          33   2.3842619517798818E-013
          10          34  -3.5823372897057948E-013
          10          35   2.5535130087146584E-013
          10          36  -3.9833937292094468E-013
          10          37   8.6072387785552220E-014
          10          38  -6.6055809813331122E-013
          10          39   8.1523287988988313E-014
          10          40  -3.9852421529344993E-014
          10          41  -3.7267354190629822E-013
          10          42  -1.3587379976504326E-012
          10          43   1.9890500289929821E-012
          10          44   3.8149795881930333E-013
          10          45  -5.3693062128691787E-013
          10          46   2.7526486795557992E-013
          10          47  -1.6342301790136810E-012
          11           1  -5.3148566997702268E-014
          11           2  -1.1488274181538311E-013
          11           3   1.1115682706022987E-013
          11           4   3.2163590178644313E-013
          11           5   3.9185591665990601E-013
          11           6   1.8604270875598368E-013
          11           7  -1.1878887760625004E-012
          11           8  -1.1816581867678189E-012
          11           9   6.0199411744455758E-007
          11          10  -2.0623358106175548E-005
          11          11   4.1200950276006759E-002
          11          12   4.4764598753701090E-006
          11          13  -1.5335637219514011E-004
          11          14  0.28835515467499062     
          11          15  -1.1368475397061078E-005
          11          16   3.8946600007317664E-004
          11          17  -8.3146654059806924E-002
          11          18  -1.9182597203217098E-006
          11          19   6.5716547691904069E-005
          11          20  -3.1430811851057096E-002
          11          21   1.2879149488159584E-005
          11          22  -4.4121930718970387E-004
          11          23  -1.3831922094280059E-003
          11          24   2.8102774047286736E-005
          11          25  -9.6275661240177561E-004
          11          26   2.6615060548570540E-004
          11          27   2.0059968418593471E-005
          11          28  -6.8722283942618614E-004
          11          29   1.5035438055948424E-004
          11          30   3.0646115332787453E-013
          11          31   1.2103426242112514E-013
          11          32  -2.2231004667629734E-013
          11          33   3.6045583901248105E-013
          11          34   4.9031610687669579E-013
          11          35  -5.5779821579266638E-014
          11          36   4.2243488718750278E-013
          11          37   4.5433954431874973E-013
          11          38   4.7043013623697682E-013
          11          39  -7.0972628428165041E-014
          11          40   2.5971075224322657E-013
          11          41   2.2668236261086038E-013
          11          42   6.9495310912024620E-013
          11          43  -7.4285544626990377E-013
          11          44   8.8198651546780900E-013
          11          45   3.2170936596260575E-013
          11          46  -1.3436657406728369E-013
          11          47   3.9161487219607529E-013
          12           1   1.6464279019789039E-012
          12           2   4.3613177273333236E-012
          12           3  -7.6745216081118812E-012
          12           4  -5.7723510317456538E-013
          12           5  -2.6771225313905512E-011
          12           6   1.0679988456186327E-011
          12           7  -2.4967585167153079E-012
          12           8   4.9933049459982232E-012
          12           9  0.28832223391021217     
          12          10  -2.0480963098795756E-005
          12          11   4.4764598753701090E-006
          12          12   2.0203908888071629     
          12          13  -1.5324855177802581E-004
          12          14   3.3495042745544067E-005
          12          15 -0.63829282951737265     
          12          16   4.0166827406195183E-004
          12          17  -8.7791344571515255E-005
          12          18 -0.23906341453722069     
          12          19   6.8676559762176679E-005
          12          20  -1.5010407084835149E-005
          12          21  -1.1589046591929681E-002
          12          22  -4.5767504710445477E-004
          12          23   1.0003256211500600E-004
          12          24   6.2719550165792938E-004
          12          25  -9.9912533184444994E-004
          12          26   2.1837554173786359E-004
          12          27  -2.6436774255571558E-005
          12          28  -7.1313099169873352E-004
          12          29   1.5586673745656400E-004
          12          30   1.2500770996630588E-011
          12          31   6.6337824865249918E-012
          12          32   1.0115184706423732E-012
          12          33  -3.7991461271915680E-012
          12          34   2.6237824050924689E-012
          12          35  -2.0469103771939015E-012
          12          36  -3.3298167527599465E-012
          12          37  -1.4487277284193640E-011
          12          38  -9.7256411419766914E-012
          12          39   6.3331090522784736E-012
          12          40  -1.1893531381072106E-011
          12          41  -4.4328401007369912E-012
          12          42  -1.4699695163762849E-011
          12          43   9.2903789092031743E-012
          12          44  -3.6424613332842419E-012
          12          45  -4.3034147764427202E-012
          12          46  -7.7244887395185037E-012
          12          47  -5.0266709108931642E-012
          13           1   7.6773376833799818E-013
          13           2   1.8629520832810168E-012
          13           3  -1.2810187307264615E-012
          13           4  -7.8928256212424544E-012
          13           5   4.6586693842301555E-012
          13           6  -1.0609097423158532E-013
          13           7  -6.5129923328683357E-012
          13           8   1.6056265689684929E-011
          13           9  -2.0480964585680997E-005
          13          10  0.28902328155602475     
          13          11  -1.5335637219514011E-004
          13          12  -1.5324855177802581E-004
          13          13   2.0256364687080937     
          13          14  -1.1474870613929109E-003
          13          15   4.0166827455319842E-004
          13          16 -0.65204162511969743     
          13          17   3.0075921751216840E-003
          13          18   6.8676577173739281E-005
          13          19 -0.24141416085182510     
          13          20   5.1423313150444016E-004
          13          21  -4.5767507174456845E-004
          13          22   4.0768185081115809E-003
          13          23  -3.4269571496021319E-003
          13          24  -9.9912532271446606E-004
          13          25   3.4826485348289811E-002
          13          26  -7.4812019786037231E-003
          13          27  -7.1313097700192605E-004
          13          28   2.4383487778178885E-002
          13          29  -5.3397474542843546E-003
          13          30   2.0421814051381956E-012
          13          31  -1.9523130333644119E-014
          13          32  -1.5696656767688369E-012
          13          33   1.7530272421001643E-012
          13          34  -2.8614027182603120E-012
          13          35   2.0096127846227730E-012
          13          36  -2.8619614276753845E-012
          13          37   7.5678312120970285E-013
          13          38  -4.6685464307157456E-012
          13          39   5.8269662630391039E-013
          13          40  -3.3265091663568589E-013
          13          41  -2.7500279310597767E-012
          13          42  -1.0108346508190135E-011
          13          43   1.5603422476206749E-011
          13          44   3.2301755950506381E-012
          13          45  -4.1302603749558989E-012
          13          46   2.2602420804838339E-012
          13          47  -1.2131703055293148E-011
          14           1  -3.5968339885100491E-013
          14           2  -7.1754200156459005E-013
          14           3   5.5541854777091389E-013
          14           4   1.9832828794115748E-012
          14           5   2.6522231087274844E-012
          14           6   1.5336624525168242E-012
          14           7  -8.7434666252536058E-012
          14           8  -8.6260841253659716E-012
          14           9   4.4764584007232663E-006
          14          10  -1.5335637262039889E-004
          14          11  0.28835515467499062     
          14          12   3.3495042745544067E-005
          14          13  -1.1474870613929109E-003
          14          14   2.0206372180106285     
          14          15  -8.7791329193441576E-005
          14          16   3.0075921773920077E-003
          14          17 -0.63893846449720337     
          14          18  -1.5010415865977649E-005
          14          19   5.1423313425782069E-004
          14          20 -0.23917380413953840     
          14          21   1.0003255238338755E-004
          14          22  -3.4269571477234771E-003
          14          23  -1.0853387209007494E-002
          14          24   2.1837557413344918E-004
          14          25  -7.4812019544667745E-003
          14          26   2.2331731322641022E-003
          14          27   1.5586671725236243E-004
          14          28  -5.3397475848145784E-003
          14          29   1.1198382331178618E-003
          14          30   2.5538858689372631E-012
          14          31   1.1111727984694384E-012
          14          32  -1.6068704258679744E-012
          14          33   2.6945148931877516E-012
          14          34   3.9345631736662888E-012
          14          35  -4.8657698444644945E-013
          14          36   3.1192558229652054E-012
          14          37   3.2063725648743029E-012
          14          38   3.3402390579565794E-012
          14          39  -3.0638891087166411E-013
          14          40   1.8374988718244370E-012
          14          41   1.5608551710293827E-012
          14          42   4.8889000082260780E-012
          14          43  -5.5951185524727046E-012
          14          44   6.4992895188711171E-012
          14          45   2.3644993795381050E-012
          14          46  -1.2011847826749940E-012
          14          47   2.7295353920143546E-012
          15           1  -6.8741871303937384E-013
          15           2  -2.3381301119616495E-012
          15           3   4.3676822872416033E-012
          15           4   8.7064837882892333E-012
          15           5  -1.4782492561609847E-011
          15           6  -1.0394366690742808E-012
          15           7   1.3661719529114465E-011
          15           8   1.3787440237097203E-011
          15           9  -8.3063048019407532E-002
          15          10   5.2013746257610386E-005
          15          11  -1.1368475397061078E-005
          15          12 -0.63829282951737265     
          15          13   4.0166827455319842E-004
          15          14  -8.7791329193441576E-005
          15          15   1.4604720879580873     
          15          16  -1.0368274878826925E-003
          15          17   2.2661601423957248E-004
          15          18  0.49890141172753533     
          15          19  -2.0901928168995729E-004
          15          20   4.5684664803508032E-005
          15          21   3.1254608139917185E-002
          15          22   1.1795717292693085E-003
          15          23  -2.5781515684106368E-004
          15          24  -4.9104344942195724E-003
          15          25   2.5901147087041862E-003
          15          26  -5.6611295504645936E-004
          15          27   1.0423257587990403E-003
          15          28   1.8470570033934379E-003
          15          29  -4.0370523459984955E-004
          15          30  -1.8461088823901159E-011
          15          31   1.9593665520447695E-012
          15          32   5.8436831494579449E-012
          15          33  -1.0922760488944188E-011
          15          34  -1.1740211474717848E-012
          15          35   3.4781169846721381E-012
          15          36  -9.2994918425671027E-013
          15          37  -8.6325264351868608E-013
          15          38   6.7214342437697253E-012
          15          39  -6.6706940336778989E-013
          15          40   1.4321830459732842E-012
          15          41   6.4966083683852172E-012
          15          42   6.0819706041633019E-012
          15          43   7.0547198010449395E-013
          15          44  -9.0034031351408082E-012
          15          45  -1.5329677928891459E-012
          15          46   3.9513653211272709E-012
          15          47   5.2170248127519382E-012
          16           1  -4.8063195469479166E-013
          16           2  -1.5876607407257113E-012
          16           3   2.7205689724577438E-012
          16           4   5.2888831780266339E-012
          16           5  -7.1227246527522210E-012
          16           6  -3.6142350069378038E-012
          16           7   3.0899516025128218E-011
          16           8  -2.5951294415427929E-011
          16           9   5.2013746144173172E-005
          16          10  -8.4843438482219632E-002
          16          11   3.8946600007317664E-004
          16          12   4.0166827406195183E-004
          16          13 -0.65204162511969743     
          16          14   3.0075921773920077E-003
          16          15  -1.0368274878826925E-003
          16          16   1.4959618941113280     
          16          17  -7.7635064513639513E-003
          16          18  -2.0901928044304640E-004
          16          19  0.50605598067526802     
          16          20  -1.5650844024333423E-003
          16          21   1.1795717324504420E-003
          16          22  -9.1212234255400870E-003
          16          23   8.8323398507283105E-003
          16          24   2.5901147160187119E-003
          16          25  -9.3568065392658037E-002
          16          26   1.9394134989446154E-002
          16          27   1.8470569565276970E-003
          16          28  -6.2181012447675987E-002
          16          29   1.3830303258116324E-002
          16          30  -6.2086960214991840E-012
          16          31   4.5768084567529956E-012
          16          32   4.3560910679296443E-012
          16          33  -2.8380188926460996E-012
          16          34   7.1518178006545536E-012
          16          35  -5.9719407365569310E-012
          16          36   2.1567706410241601E-012
          16          37  -2.8120793218246724E-012
          16          38   2.3810983819207430E-012
          16          39  -5.7542241242353261E-013
          16          40   7.1082193845602298E-013
          16          41   4.2422926024381859E-012
          16          42   1.6809452897354462E-011
          16          43  -4.3391587028452321E-011
          16          44  -1.3913030109385509E-011
          16          45   9.8236237633081933E-012
          16          46  -8.4366010300255750E-012
          16          47   1.9655288667806839E-011
          17           1   4.5225806206231526E-014
          17           2   6.9653707066787672E-014
          17           3  -3.0425077124189925E-013
          17           4  -5.8771585082139628E-013
          17           5   2.7795828481426085E-012
          17           6  -4.6629104077304841E-012
          17           7   1.1745735659167485E-011
          17           8   1.0470090162265834E-011
          17           9  -1.1368477683716389E-005
          17          10   3.8946599974761415E-004
          17          11  -8.3146654059806924E-002
          17          12  -8.7791344571515255E-005
          17          13   3.0075921751216840E-003
          17          14 -0.63893846449720337     
          17          15   2.2661601423957248E-004
          17          16  -7.7635064513639513E-003
          17          17   1.4621386674243846     
          17          18   4.5684664484541418E-005
          17          19  -1.5650844042792199E-003
          17          20  0.49923738588574496     
          17          21  -2.5781516101267612E-004
          17          22   8.8323398353567402E-003
          17          23   2.9358583919164932E-002
          17          24  -5.6611295239597211E-004
          17          25   1.9394134933202592E-002
          17          26  -9.0737423239250839E-003
          17          27  -4.0370523165627633E-004
          17          28   1.3830303600873018E-002
          17          29  -1.9266032424999119E-003
          17          30  -9.0344257325245485E-012
          17          31  -7.3677477914315979E-012
          17          32   3.3938484323833189E-012
