           1           1  0.93757959340140240     
           1           2  0.50510662088069758     
           1           3  -1.9394867266172482E-015
           1           4  -5.0700806080532175E-016
           1           5   1.4513253704478544E-015
           1           6 -0.25770689444930966     
           1           7  -4.7442400401083587E-016
           1           8  -9.6141646210159842E-016
           1           9  -3.2841669538573353E-016
           1          10   5.3932744675200164E-002
           1          11   8.8683242467543029E-016
           1          12   2.1129403379388488E-015
           1          13   2.5698617033742003E-016
           1          14  -9.2452803064499694E-003
           1          15  -3.5999715155215242E-016
           1          16  -9.2452803064503111E-003
           1          17   7.3549156838658653E-016
           1          18   8.7442661953441992E-016
           1          19  -9.2452803064502365E-003
           2           1  0.50510662088069758     
           2           2  0.30461423774565960     
           2           3  -1.4518328026071556E-015
           2           4   2.9123273611049952E-016
           2           5   8.7833817994776599E-016
           2           6  -5.3954641885787698E-002
           2           7   2.9516087114361470E-016
           2           8  -3.4838745171774540E-016
           2           9  -3.4429369246035929E-016
           2          10   1.1906653845034275E-002
           2          11   1.0006434778217860E-017
           2          12   1.5766129577291409E-015
           2          13   6.1144851697276400E-016
           2          14  -1.5776796348208619E-003
           2          15  -5.1486514930896111E-016
           2          16  -1.5776796348214803E-003
           2          17   3.5076566328693635E-016
           2          18   7.3129190959991060E-016
           2          19  -1.5776796348215417E-003
           3           1  -1.9394867266172482E-015
           3           2  -1.4518328026071556E-015
           3           3   1.9511903552483485E-029
           3           4   1.8380139125483146E-029
           3           5  -2.5799229345093892E-030
           3           6   2.6403082811074834E-015
           3           7  -8.6112551880308056E-030
           3           8   6.9132894538634917E-030
           3           9  -3.4796471101781027E-030
           3          10  -4.5327924621207914E-016
           3          11   5.9839040879652428E-030
           3          12  -9.8078856210317208E-030
           3          13   3.1396536289520169E-031
           3          14   7.4226365910881135E-017
           3          15   5.5476908506977553E-030
           3          16   7.4226365910886632E-017
           3          17  -3.4041047160484458E-030
           3          18  -3.5154913558183607E-030
           3          19   7.4226365910888555E-017
           4           1  -5.0700806080532175E-016
           4           2   2.9123273611049952E-016
           4           3   1.8380139125483146E-029
           4           4   6.7301474260074299E-029
           4           5   4.7141303140832538E-030
           4           6   9.0488906326106745E-015
           4           7   3.5003272990521265E-030
           4           8   1.9994933166905678E-029
           4           9  -1.7399434150805340E-029
           4          10  -1.6321436919130112E-015
           4          11  -4.0056911040086949E-030
           4          12   6.5916709469267656E-030
           4          13   2.3952310388215238E-029
           4          14   2.9329260520635221E-016
           4          15  -3.5404617289117263E-030
           4          16   2.9329260520634339E-016
           4          17  -6.9384845046746156E-030
           4          18   7.6865765465502307E-030
           4          19   2.9329260520634353E-016
           5           1   1.4513253704478544E-015
           5           2   8.7833817994776599E-016
           5           3  -2.5799229345093892E-030
           5           4   4.7141303140832538E-030
           5           5   2.7883926598655534E-030
           5           6   3.4985455633812407E-016
           5           7   4.7804687452139463E-031
           5           8   1.1960484400795612E-031
           5           9  -1.9854085040192899E-030
           5          10  -5.4625629775416185E-017
           5          11   2.9150766210381287E-031
           5          12   4.5799033345970042E-030
           5          13   2.8626613075130585E-030
           5          14   1.1104290286797472E-017
           5          15  -1.3870198980827500E-030
           5          16   1.1104290286795552E-017
           5          17   6.1926036059612281E-031
           5          18   2.3691893281868354E-030
           5          19   1.1104290286795493E-017
           6           1 -0.25770689444930966     
           6           2  -5.3954641885787698E-002
           6           3   2.6403082811074834E-015
           6           4   9.0488906326106745E-015
           6           5   3.4985455633812407E-016
           6           6   1.2586299922360447     
           6           7   7.4764219335175221E-016
           6           8   2.8549402465676474E-015
           6           9  -2.2530211991271249E-015
           6          10 -0.22919643068856674     
           6          11  -8.6818451220101286E-016
           6          12   5.7994999712146656E-016
           6          13   3.2277008290299103E-015
           6          14   4.1209047552618450E-002
           6          15  -5.0043635622062417E-016
           6          16   4.1209047552617215E-002
           6          17  -1.0681692999398404E-015
           6          18   9.1230928282648326E-016
           6          19   4.1209047552617173E-002
           7           1  -4.7442400401083587E-016
           7           2   2.9516087114361470E-016
           7           3  -8.6112551880308056E-030
           7           4   3.5003272990521265E-030
           7           5   4.7804687452139463E-031
           7           6   7.4764219335175221E-016
           7           7   1.0272651860997288E-029
           7           8   1.5342443804424019E-030
           7           9  -1.0497968555252700E-030
           7          10  -1.7376001558330289E-016
           7          11  -8.8844101503205450E-030
           7          12   6.3457829987724540E-030
           7          13   6.1327496818366694E-030
           7          14   3.7037007068049982E-017
           7          15  -5.4600285938340315E-030
           7          16   3.7037007068042956E-017
           7          17  -5.0749594161866963E-031
           7          18   3.5655023111999017E-030
           7          19   3.7037007068041002E-017
           8           1  -9.6141646210159842E-016
           8           2  -3.4838745171774540E-016
           8           3   6.9132894538634917E-030
           8           4   1.9994933166905678E-029
           8           5   1.1960484400795612E-031
           8           6   2.8549402465676474E-015
           8           7   1.5342443804424019E-030
           8           8   6.6455260955528784E-030
           8           9  -4.7742000435461677E-030
           8          10  -5.2178982153774863E-016
           8          11  -2.0220075116932505E-030
           8          12   1.5561046884658406E-031
           8          13   6.7906213527013164E-030
           8          14   9.3441180993819349E-017
           8          15  -7.7432290359917909E-031
           8          16   9.3441180993817007E-017
           8          17  -2.6527008892792181E-030
           8          18   1.5126094262828119E-030
           8          19   9.3441180993816958E-017
           9           1  -3.2841669538573353E-016
           9           2  -3.4429369246035929E-016
           9           3  -3.4796471101781027E-030
           9           4  -1.7399434150805340E-029
           9           5  -1.9854085040192899E-030
           9           6  -2.2530211991271249E-015
           9           7  -1.0497968555252700E-030
           9           8  -4.7742000435461677E-030
           9           9   4.7378988814895890E-030
           9          10   4.0401718232770831E-016
           9          11   9.1979753310752602E-031
           9          12  -3.0287983194857175E-030
           9          13  -6.5961947629449165E-030
           9          14  -7.3043579035794454E-017
           9          15   1.3076319808228811E-030
           9          16  -7.3043579035791693E-017
           9          17   1.4508951761689711E-030
           9          18  -2.5796635906453279E-030
           9          19  -7.3043579035791705E-017
          10           1   5.3932744675200164E-002
          10           2   1.1906653845034275E-002
          10           3  -4.5327924621207914E-016
          10           4  -1.6321436919130112E-015
          10           5  -5.4625629775416185E-017
          10           6 -0.22919643068856674     
          10           7  -1.7376001558330289E-016
          10           8  -5.2178982153774863E-016
          10           9   4.0401718232770831E-016
          10          10   4.1918745263267929E-002
          10          11   1.9299990782825604E-016
          10          12  -1.1254059495977509E-016
          10          13  -5.9692438304541325E-016
          10          14  -7.5548484341431072E-003
          10          15   1.0671835707020080E-016
          10          16  -7.5548484341428634E-003
          10          17   1.9746809343558837E-016
          10          18  -1.7004089657011930E-016
          10          19  -7.5548484341428504E-003
          11           1   8.8683242467543029E-016
          11           2   1.0006434778217860E-017
          11           3   5.9839040879652428E-030
          11           4  -4.0056911040086949E-030
          11           5   2.9150766210381287E-031
          11           6  -8.6818451220101286E-016
          11           7  -8.8844101503205450E-030
          11           8  -2.0220075116932505E-030
          11           9   9.1979753310752602E-031
          11          10   1.9299990782825604E-016
          11          11   7.9414287441913663E-030
          11          12  -4.3007121714763682E-030
          11          13  -5.2899538388209009E-030
          11          14  -3.9316163216602095E-017
          11          15   4.4267214380971115E-030
          11          16  -3.9316163216596289E-017
          11          17   8.8811836840029135E-031
          11          18  -2.6259929260885386E-030
          11          19  -3.9316163216594613E-017
          12           1   2.1129403379388488E-015
          12           2   1.5766129577291409E-015
          12           3  -9.8078856210317208E-030
          12           4   6.5916709469267656E-030
          12           5   4.5799033345970042E-030
          12           6   5.7994999712146656E-016
          12           7   6.3457829987724540E-030
          12           8   1.5561046884658406E-031
          12           9  -3.0287983194857175E-030
          12          10  -1.1254059495977509E-016
          12          11  -4.3007121714763682E-030
          12          12   1.0673720198202785E-029
          12          13   6.9927822597329408E-030
          12          14   2.5553726817950298E-017
          12          15  -5.1359266347081680E-030
          12          16   2.5553726817943661E-017
          12          17   1.0319650685796499E-030
          12          18   5.4880311037997483E-030
          12          19   2.5553726817942478E-017
          13           1   2.5698617033742003E-016
          13           2   6.1144851697276400E-016
          13           3   3.1396536289520169E-031
          13           4   2.3952310388215238E-029
          13           5   2.8626613075130585E-030
          13           6   3.2277008290299103E-015
          13           7   6.1327496818366694E-030
          13           8   6.7906213527013164E-030
          13           9  -6.5961947629449165E-030
          13          10  -5.9692438304541325E-016
          13          11  -5.2899538388209009E-030
          13          12   6.9927822597329408E-030
          13          13   1.1359997504555585E-029
          13          14   1.1058559637035302E-016
          13          15  -4.2598685747419493E-030
          13          16   1.1058559637034618E-016
          13          17  -2.0557927706337722E-030
          13          18   5.0371321228240457E-030
          13          19   1.1058559637034527E-016
          14           1  -9.2452803064499694E-003
          14           2  -1.5776796348208619E-003
          14           3   7.4226365910881135E-017
          14           4   2.9329260520635221E-016
          14           5   1.1104290286797472E-017
          14           6   4.1209047552618450E-002
          14           7   3.7037007068049982E-017
          14           8   9.3441180993819349E-017
          14           9  -7.3043579035794454E-017
          14          10  -7.5548484341431072E-003
          14          11  -3.9316163216602095E-017
          14          12   2.5553726817950298E-017
          14          13   1.1058559637035302E-016
          14          14   1.3654599386094843E-003
          14          15  -2.2694866605054326E-017
          14          16   1.3654599386094363E-003
          14          17  -3.5047428005889662E-017
          14          18   3.3206601249069018E-017
          14          19   1.3654599386094327E-003
          15           1  -3.5999715155215242E-016
          15           2  -5.1486514930896111E-016
          15           3   5.5476908506977553E-030
          15           4  -3.5404617289117263E-030
          15           5  -1.3870198980827500E-030
          15           6  -5.0043635622062417E-016
          15           7  -5.4600285938340315E-030
          15           8  -7.7432290359917909E-031
          15           9   1.3076319808228811E-030
          15          10   1.0671835707020080E-016
          15          11   4.4267214380971115E-030
          15          12  -5.1359266347081680E-030
          15          13  -4.2598685747419493E-030
          15          14  -2.2694866605054326E-017
          15          15   3.3666598586916932E-030
          15          16  -2.2694866605049950E-017
          15          17  -1.8127475810317936E-032
          15          18  -2.7885596959815572E-030
          15          19  -2.2694866605048921E-017
          16           1  -9.2452803064503111E-003
          16           2  -1.5776796348214803E-003
          16           3   7.4226365910886632E-017
          16           4   2.9329260520634339E-016
          16           5   1.1104290286795552E-017
          16           6   4.1209047552617215E-002
          16           7   3.7037007068042956E-017
          16           8   9.3441180993817007E-017
          16           9  -7.3043579035791693E-017
          16          10  -7.5548484341428634E-003
          16          11  -3.9316163216596289E-017
          16          12   2.5553726817943661E-017
          16          13   1.1058559637034618E-016
          16          14   1.3654599386094363E-003
          16          15  -2.2694866605049950E-017
          16          16   1.3654599386093880E-003
          16          17  -3.5047428005889175E-017
          16          18   3.3206601249065129E-017
          16          19   1.3654599386093845E-003
          17           1   7.3549156838658653E-016
          17           2   3.5076566328693635E-016
          17           3  -3.4041047160484458E-030
          17           4  -6.9384845046746156E-030
          17           5   6.1926036059612281E-031
          17           6  -1.0681692999398404E-015
          17           7  -5.0749594161866963E-031
          17           8  -2.6527008892792181E-030
          17           9   1.4508951761689711E-030
          17          10   1.9746809343558837E-016
          17          11   8.8811836840029135E-031
          17          12   1.0319650685796499E-030
          17          13  -2.0557927706337722E-030
          17          14  -3.5047428005889662E-017
          17          15  -1.8127475810317936E-032
          17          16  -3.5047428005889175E-017
          17          17   1.2185570691773897E-030
          17          18  -4.3978175342278324E-032
          17          19  -3.5047428005889163E-017
          18           1   8.7442661953441992E-016
          18           2   7.3129190959991060E-016
          18           3  -3.5154913558183607E-030
          18           4   7.6865765465502307E-030
          18           5   2.3691893281868354E-030
          18           6   9.1230928282648326E-016
          18           7   3.5655023111999017E-030
          18           8   1.5126094262828119E-030
          18           9  -2.5796635906453279E-030
          18          10  -1.7004089657011930E-016
          18          11  -2.6259929260885386E-030
          18          12   5.4880311037997483E-030
          18          13   5.0371321228240457E-030
          18          14   3.3206601249069018E-017
          18          15  -2.7885596959815572E-030
          18          16   3.3206601249065129E-017
          18          17  -4.3978175342278324E-032
          18          18   3.1306891955321950E-030
          18          19   3.3206601249064513E-017
          19           1  -9.2452803064502365E-003
          19           2  -1.5776796348215417E-003
          19           3   7.4226365910888555E-017
          19           4   2.9329260520634353E-016
          19           5   1.1104290286795493E-017
          19           6   4.1209047552617173E-002
          19           7   3.7037007068041002E-017
          19           8   9.3441180993816958E-017
          19           9  -7.3043579035791705E-017
          19          10  -7.5548484341428504E-003
          19          11  -3.9316163216594613E-017
          19          12   2.5553726817942478E-017
          19          13   1.1058559637034527E-016
          19          14   1.3654599386094327E-003
          19          15  -2.2694866605048921E-017
          19          16   1.3654599386093845E-003
          19          17  -3.5047428005889163E-017
          19          18   3.3206601249064513E-017
          19          19   1.3654599386093806E-003
