           1           1  0.36882254737399545     
           1           2  0.60556794770538058     
           1           3 -0.13581472821569521     
           1           4 -0.11983161153998656     
           1           5   1.0757104021647864E-002
           1           6   2.2810003436485628E-002
           1           7   1.0156182301310076E-013
           1           8  -2.2737916892050070E-013
           1           9  -1.4612211670463665E-013
           1          10   1.9745354520589590E-013
           1          11  -2.4673826914716027E-013
           1          12  -1.2548878580775983E-013
           1          13  -3.7447376034538211E-014
           1          14   4.3815616629701437E-014
           1          15   2.5908163403401555E-014
           1          16   6.1935824756882507E-015
           1          17  -2.8356459505819978E-014
           1          18   5.5231444607164151E-014
           1          19  -1.7237561270268781E-013
           1          20   4.0655269873209506E-013
           1          21   3.8178358850926222E-014
           1          22   3.9671610590142990E-003
           1          23   3.7637673836916350E-013
           1          24   3.9671610588369426E-003
           1          25  -2.9691500195213481E-014
           1          26   1.7557011456322989E-013
           1          27   3.9671610586785606E-003
           2           1  0.60556794770538058     
           2           2   1.0211880762811067     
           2           3 -0.36296903561565735     
           2           4 -0.31831700519306710     
           2           5   3.1192426679193232E-002
           2           6   6.2513183972536024E-002
           2           7   1.8926568294530953E-013
           2           8  -4.1810214391204423E-013
           2           9  -2.6772686089162739E-013
           2          10   3.5592009272415489E-013
           2          11  -4.5473920049107486E-013
           2          12  -2.3381641421836812E-013
           2          13  -6.6249716957330566E-014
           2          14   8.4377615094136245E-014
           2          15   5.0313123742764217E-014
           2          16   1.2246786038028892E-014
           2          17  -5.5903440377905684E-014
           2          18   9.9665854289366052E-014
           2          19  -3.2459593016303038E-013
           2          20   7.6575485995409037E-013
           2          21   7.2055286995731247E-014
           2          22   1.0443353755193854E-002
           2          23   7.0171176575386938E-013
           2          24   1.0443353754862970E-002
           2          25  -5.5458168235078744E-014
           2          26   3.2827115688666713E-013
           2          27   1.0443353754568608E-002
           3           1 -0.13581472821569521     
           3           2 -0.36296903561565735     
           3           3  0.77861425665219786     
           3           4  0.68064370096362048     
           3           5  -9.2451734803044527E-002
           3           6 -0.15413035605360031     
           3           7  -1.9547632907712055E-013
           3           8   4.0130081422199594E-013
           3           9   2.2866485246943743E-013
           3          10  -2.9504565113138305E-013
           3          11   4.6798824782356937E-013
           3          12   2.3331159873605950E-013
           3          13   3.4127878587945024E-014
           3          14  -7.3108112639332967E-014
           3          15  -4.6456303209395000E-014
           3          16  -1.4268317632804445E-014
           3          17   6.0633453055709009E-014
           3          18  -6.6545031176733478E-014
           3          19   2.8100549642886622E-013
           3          20  -6.6349581071829209E-013
           3          21  -6.2864565457449005E-014
           3          22  -2.2026222877687768E-002
           3          23  -5.7396718496681705E-013
           3          24  -2.2026222877415645E-002
           3          25   4.5972387745871480E-014
           3          26  -2.7263895717068044E-013
           3          27  -2.2026222877179234E-002
           4           1 -0.11983161153998656     
           4           2 -0.31831700519306710     
           4           3  0.68064370096362048     
           4           4  0.62434992362141850     
           4           5 -0.22252472490949768     
           4           6 -0.25461897027006608     
           4           7  -1.1809050471910083E-013
           4           8   2.3124279652857190E-013
           4           9   1.5795670290364102E-013
           4          10  -1.8320624244196844E-013
           4          11   2.4404722956411268E-013
           4          12   1.4749749424267789E-013
           4          13   1.8821007772744904E-014
           4          14  -5.3205337082075192E-014
           4          15  -3.0605352099470601E-014
           4          16  -2.3938293461699362E-014
           4          17   6.9915891140098007E-014
           4          18  -5.2366092683660193E-014
           4          19   2.5571474117756098E-013
           4          20  -6.0171729058628613E-013
           4          21  -5.5867961010770312E-014
           4          22  -2.0122068926349490E-002
           4          23  -4.9857575634818434E-013
           4          24  -2.0122068926109196E-002
           4          25   4.1223280306384327E-014
           4          26  -2.3686777483724541E-013
           4          27  -2.0122068925906345E-002
           5           1   1.0757104021647864E-002
           5           2   3.1192426679193232E-002
           5           3  -9.2451734803044527E-002
           5           4 -0.22252472490949768     
           5           5  0.69549853327578104     
           5           6  0.59738738365639465     
           5           7  -4.1969545106773835E-014
           5           8  -7.1192049841503393E-015
           5           9   2.1871617084127653E-014
           5          10  -6.1397446485279147E-014
           5          11  -1.2737477674619903E-014
           5          12   2.7794766432143069E-014
           5          13   6.2382663696845899E-014
           5          14  -7.8633342018481490E-014
           5          15  -5.3387390818672322E-014
           5          16   5.5797254034783580E-014
           5          17  -8.5066003547534474E-014
           5          18  -2.0549032843916734E-014
           5          19  -7.7753916972876607E-014
           5          20   1.7345187922954209E-013
           5          21   1.0702078039272666E-014
           5          22   6.8001949711197357E-003
           5          23   4.4264958031606623E-014
           5          24   6.8001949710797989E-003
           5          25  -9.7867345571591947E-015
           5          26   2.1320719714431103E-014
           5          27   6.8001949710737811E-003
           6           1   2.2810003436485628E-002
           6           2   6.2513183972536024E-002
           6           3 -0.15413035605360031     
           6           4 -0.25461897027006608     
           6           5  0.59738738365639465     
           6           6  0.52040261348777905     
           6           7   4.5281630717376110E-014
           6           8  -6.0332892317135226E-015
           6           9   2.5781935722663693E-015
           6          10   6.3420787170684092E-014
           6          11  -1.4992091122094719E-015
           6          12   9.7820609793749303E-015
           6          13   5.3347287716969964E-014
           6          14  -5.6836428114298296E-014
           6          15  -4.0194328193258938E-014
           6          16   4.8229191896791908E-014
           6          17  -7.8138105932455542E-014
           6          18  -1.0875067833548351E-014
           6          19  -9.3215210140012079E-014
           6          20   2.1190672302733982E-013
           6          21   1.5233772465417169E-014
           6          22   7.9006586564196509E-003
           6          23   9.3785317758438567E-014
           6          24   7.9006586563591559E-003
           6          25  -1.2791240055724256E-014
           6          26   4.4793562863029425E-014
           6          27   7.9006586563308556E-003
           7           1   1.0156182301310076E-013
           7           2   1.8926568294530953E-013
           7           3  -1.9547632907712055E-013
           7           4  -1.1809050471910083E-013
           7           5  -4.1969545106773835E-014
           7           6   4.5281630717376110E-014
           7           7  0.43504933891646136     
           7           8   2.0365653607945651E-015
           7           9   1.6197980456920231E-015
           7          10  0.60981497447562694     
           7          11   5.5511151230914781E-016
           7          12  -2.7321894746849691E-016
           7          13   2.7830056206468345E-002
           7          14  -2.7406462516057958E-015
           7          15  -1.1025793993069237E-015
           7          16  -2.6137265104415322E-003
           7          17  -3.3197186319290652E-015
           7          18   1.2813406206301550E-015
           7          19   9.1357579221068705E-004
           7          20   1.8893781396067563E-015
           7          21   2.8186376572520034E-016
           7          22   2.8651752052308076E-014
           7          23  -9.9785796416924050E-016
           7          24   2.8970025925012880E-014
           7          25  -6.9678704064493348E-015
           7          26   5.4501588454402274E-015
           7          27   2.5063572344575967E-014
           8           1  -2.2737916892050070E-013
           8           2  -4.1810214391204423E-013
           8           3   4.0130081422199594E-013
           8           4   2.3124279652857190E-013
           8           5  -7.1192049841503393E-015
           8           6  -6.0332892317135226E-015
           8           7   2.0365653607945651E-015
           8           8  0.43504933891646069     
           8           9  -5.1347814888735572E-016
           8          10   1.5196177649525739E-015
           8          11  0.60981497447562316     
           8          12   4.8780424144496822E-015
           8          13  -1.0579644799076221E-015
           8          14   2.7830056206476793E-002
           8          15  -1.1123914290001950E-016
           8          16  -5.5428887391384154E-015
           8          17  -2.6137265104455897E-003
           8          18  -1.0874005688944066E-014
           8          19   6.9512470324030502E-015
           8          20   9.1357579221226434E-004
           8          21   8.2761149821340669E-015
           8          22  -5.9337746751934987E-014
           8          23   1.9717211460054768E-015
           8          24  -4.6703495969778418E-014
           8          25  -5.0597854973916962E-015
           8          26  -1.2463884623425167E-014
           8          27  -3.6833879906812670E-014
           9           1  -1.4612211670463665E-013
           9           2  -2.6772686089162739E-013
           9           3   2.2866485246943743E-013
           9           4   1.5795670290364102E-013
           9           5   2.1871617084127653E-014
           9           6   2.5781935722663693E-015
           9           7   1.6197980456920231E-015
           9           8  -5.1347814888735572E-016
           9           9  0.43504933891646003     
           9          10   1.9793194860876728E-015
           9          11  -1.7208456881662263E-015
           9          12  0.60981497447562294     
           9          13  -3.4905888943148475E-015
           9          14   2.4286128661208531E-017
           9          15   2.7830056206476397E-002
           9          16   1.8961679557257132E-015
           9          17  -2.5905655658859474E-015
           9          18  -2.6137265104438333E-003
           9          19   8.5324932205008377E-016
           9          20   1.3155438110489730E-015
           9          21   9.1357579221507394E-004
           9          22  -4.8406604346579499E-014
           9          23   3.5034930696897953E-015
           9          24  -3.0589129286212151E-014
           9          25   4.7798061475336924E-015
           9          26  -3.7695562643396898E-015
           9          27  -4.3354442164018856E-014
          10           1   1.9745354520589590E-013
          10           2   3.5592009272415489E-013
          10           3  -2.9504565113138305E-013
          10           4  -1.8320624244196844E-013
          10           5  -6.1397446485279147E-014
          10           6   6.3420787170684092E-014
          10           7  0.60981497447562694     
          10           8   1.5196177649525739E-015
          10           9   1.9793194860876728E-015
          10          10  0.85478650311457494     
          10          11  -1.0061396160713823E-015
          10          12  -7.5980888248087576E-016
          10          13   3.9009793825846031E-002
          10          14  -3.9256792261311994E-015
          10          15  -1.5640158439158468E-015
          10          16  -3.6636983961882948E-003
          10          17  -4.6454268383339755E-015
          10          18   1.7975394393461666E-015
          10          19   1.2805724513823113E-003
          10          20   2.6455752735927668E-015
          10          21   3.9450898331431603E-016
          10          22   4.0749418719504791E-014
          10          23  -1.3987119701792559E-015
          10          24   4.1195547742063888E-014
          10          25  -9.7669651068642664E-015
          10          26   7.6395667335901851E-015
          10          27   3.5719815111031036E-014
          11           1  -2.4673826914716027E-013
          11           2  -4.5473920049107486E-013
          11           3   4.6798824782356937E-013
          11           4   2.4404722956411268E-013
          11           5  -1.2737477674619903E-014
          11           6  -1.4992091122094719E-015
          11           7   5.5511151230914781E-016
          11           8  0.60981497447562316     
          11           9  -1.7208456881662263E-015
          11          10  -1.0061396160713823E-015
          11          11  0.85478650311456617     
          11          12   5.4400928206677762E-015
          11          13  -1.6273874608949377E-015
          11          14   3.9009793825857710E-002
          11          15  -2.1987620058473548E-016
          11          16  -7.7558673459237183E-015
          11          17  -3.6636983961939665E-003
          11          18  -1.5236211814776943E-014
          11          19   9.7388866719217296E-015
          11          20   1.2805724513845168E-003
          11          21   1.1598672868507243E-014
          11          22  -8.0560809217172649E-014
          11          23   2.7637901486605401E-015
          11          24  -6.2851196421433052E-014
          11          25  -7.0923747920127806E-015
          11          26  -1.7470808014991374E-014
          11          27  -4.9016812260181695E-014
          12           1  -1.2548878580775983E-013
          12           2  -2.3381641421836812E-013
          12           3   2.3331159873605950E-013
          12           4   1.4749749424267789E-013
          12           5   2.7794766432143069E-014
          12           6   9.7820609793749303E-015
          12           7  -2.7321894746849691E-016
          12           8   4.8780424144496822E-015
          12           9  0.60981497447562294     
          12          10  -7.5980888248087576E-016
          12          11   5.4400928206677762E-015
          12          12  0.85478650311456672     
          12          13  -5.0555263100790220E-015
          12          14   3.9118014382874784E-016
          12          15   3.9009793825857196E-002
          12          16   2.6731546663752713E-015
          12          17  -3.6647930783867467E-015
          12          18  -3.6636983961915084E-003
          12          19   1.1907013190029788E-015
          12          20   1.8557746485500726E-015
          12          21   1.2805724513884563E-003
          12          22  -6.5436635460521538E-014
          12          23   4.9108970881098710E-015
          12          24  -4.0461621976736003E-014
          12          25   6.6999236562723423E-015
          12          26  -5.2838417477832417E-015
          12          27  -5.8354946324688489E-014
          13           1  -3.7447376034538211E-014
          13           2  -6.6249716957330566E-014
          13           3   3.4127878587945024E-014
          13           4   1.8821007772744904E-014
          13           5   6.2382663696845899E-014
          13           6   5.3347287716969964E-014
          13           7   2.7830056206468345E-002
          13           8  -1.0579644799076221E-015
          13           9  -3.4905888943148475E-015
          13          10   3.9009793825846031E-002
          13          11  -1.6273874608949377E-015
          13          12  -5.0555263100790220E-015
          13          13   1.7802854967922874E-003
          13          14  -2.5134516864163404E-016
          13          15  -3.0050526683293566E-016
          13          16  -1.6719978445703572E-004
          13          17  -2.0522591873163165E-016
          13          18   1.0355020131715652E-016
          13          19   5.8441338422538872E-005
          13          20   1.1836480758529481E-016
          13          21   1.0481715086310762E-017
          13          22   9.2916957721386018E-016
          13          23  -6.3833035820191812E-017
          13          24   9.4953011925438469E-016
          13          25  -4.4573388670473131E-016
          13          26   3.4864635961084927E-016
          13          27   6.9963426209753156E-016
          14           1   4.3815616629701437E-014
          14           2   8.4377615094136245E-014
          14           3  -7.3108112639332967E-014
          14           4  -5.3205337082075192E-014
          14           5  -7.8633342018481490E-014
          14           6  -5.6836428114298296E-014
          14           7  -2.7406462516057958E-015
          14           8   2.7830056206476793E-002
          14           9   2.4286128661208531E-017
          14          10  -3.9256792261311994E-015
          14          11   3.9009793825857710E-002
          14          12   3.9118014382874784E-016
          14          13  -2.5134516864163404E-016
          14          14   1.7802854967933711E-003
          14          15  -3.4694469477786418E-018
          14          16  -3.3733764751263243E-016
          14          17  -1.6719978445734634E-004
          14          18  -6.9595276264931154E-016
          14          19   4.3864109394295736E-016
          14          20   5.8441338422657612E-005
          14          21   5.2954255224875229E-016
          14          22  -1.5326093804105029E-015
          14          23   1.2613082823570005E-016
          14          24  -7.2439814869271789E-016
          14          25  -3.2367388600725792E-016
          14          26  -7.9731336683049091E-016
          14          27  -9.3040203825845862E-017
          15           1   2.5908163403401555E-014
          15           2   5.0313123742764217E-014
          15           3  -4.6456303209395000E-014
          15           4  -3.0605352099470601E-014
          15           5  -5.3387390818672322E-014
          15           6  -4.0194328193258938E-014
          15           7  -1.1025793993069237E-015
          15           8  -1.1123914290001950E-016
          15           9   2.7830056206476397E-002
          15          10  -1.5640158439158468E-015
          15          11  -2.1987620058473548E-016
          15          12   3.9009793825857196E-002
          15          13  -3.0050526683293566E-016
          15          14  -3.4694469477786418E-018
          15          15   1.7802854967933230E-003
          15          16   1.2854572007160732E-016
          15          17  -1.6524596360805051E-016
          15          18  -1.6719978445723182E-004
          15          19   5.2048533489350270E-017
          15          20   8.3990940001111666E-017
          15          21   5.8441338422836580E-005
          15          22  -1.7368043931067649E-015
          15          23   2.2411813354809117E-016
          15          24  -5.9702266471559425E-016
          15          25   3.0576375289145302E-016
          15          26  -2.4113804530790249E-016
          15          27  -1.4136185549213365E-015
          16           1   6.1935824756882507E-015
          16           2   1.2246786038028892E-014
          16           3  -1.4268317632804445E-014
          16           4  -2.3938293461699362E-014
          16           5   5.5797254034783580E-014
          16           6   4.8229191896791908E-014
          16           7  -2.6137265104415322E-003
          16           8  -5.5428887391384154E-015
          16           9   1.8961679557257132E-015
          16          10  -3.6636983961882948E-003
          16          11  -7.7558673459237183E-015
          16          12   2.6731546663752713E-015
          16          13  -1.6719978445703572E-004
          16          14  -3.3733764751263243E-016
          16          15   1.2854572007160732E-016
          16          16   1.5702968974900412E-005
          16          17   5.3172175619839493E-017
          16          18  -1.9148291504868312E-017
          16          19  -5.4886585354894509E-006
          16          20  -2.2965101353695071E-017
          16          21   2.3090779900641935E-018
          16          22   5.9516027416641003E-016
          16          23   5.9950440485086403E-018
          16          24   5.9324802662343382E-016
          16          25   4.1862168697999215E-017
          16          26  -3.2743980286500496E-017
          16          27   6.1671762585737241E-016
          17           1  -2.8356459505819978E-014
          17           2  -5.5903440377905684E-014
          17           3   6.0633453055709009E-014
          17           4   6.9915891140098007E-014
          17           5  -8.5066003547534474E-014
          17           6  -7.8138105932455542E-014
          17           7  -3.3197186319290652E-015
          17           8  -2.6137265104455897E-003
          17           9  -2.5905655658859474E-015
          17          10  -4.6454268383339755E-015
          17          11  -3.6636983961939665E-003
          17          12  -3.6647930783867467E-015
          17          13  -2.0522591873163165E-016
          17          14  -1.6719978445734634E-004
          17          15  -1.6524596360805051E-016
          17          16   5.3172175619839493E-017
          17          17   1.5702968974949198E-005
          17          18   8.0911869374536200E-017
          17          19  -4.8707491417594253E-017
          17          20  -5.4886585355074571E-006
          17          21  -5.5168367587510192E-017
          17          22  -1.9103747185797027E-015
          17          23  -1.1845882848570369E-017
          17          24  -1.9862797940940647E-015
          17          25   3.0398609020651252E-017
          17          26   7.4881604492620298E-017
          17          27  -2.0455752738197892E-015
          18           1   5.5231444607164151E-014
          18           2   9.9665854289366052E-014
          18           3  -6.6545031176733478E-014
          18           4  -5.2366092683660193E-014
          18           5  -2.0549032843916734E-014
          18           6  -1.0875067833548351E-014
          18           7   1.2813406206301550E-015
          18           8  -1.0874005688944066E-014
          18           9  -2.6137265104438333E-003
          18          10   1.7975394393461666E-015
          18          11  -1.5236211814776943E-014
          18          12  -3.6636983961915084E-003
          18          13   1.0355020131715652E-016
          18          14  -6.9595276264931154E-016
          18          15  -1.6719978445723182E-004
          18          16  -1.9148291504868312E-017
          18          17   8.0911869374536200E-017
          18          18   1.5702968974928113E-005
          18          19  -2.4152416552281214E-018
          18          20  -3.0744913710096973E-017
          18          21  -5.4886585355206547E-006
          18          22   1.9818940054428831E-015
          18          23  -2.1048597636952815E-017
          18          24   1.8748486759423803E-015
          18          25  -2.8716543179667834E-017
          18          26   2.2647055927036822E-017
          18          27   1.9515412572076990E-015
          19           1  -1.7237561270268781E-013
          19           2  -3.2459593016303038E-013
          19           3   2.8100549642886622E-013
          19           4   2.5571474117756098E-013
          19           5  -7.7753916972876607E-014
          19           6  -9.3215210140012079E-014
          19           7   9.1357579221068705E-004
          19           8   6.9512470324030502E-015
          19           9   8.5324932205008377E-016
          19          10   1.2805724513823113E-003
          19          11   9.7388866719217296E-015
          19          12   1.1907013190029788E-015
          19          13   5.8441338422538872E-005
          19          14   4.3864109394295736E-016
          19          15   5.2048533489350270E-017
          19          16  -5.4886585354894509E-006
          19          17  -4.8707491417594253E-017
          19          18  -2.4152416552281214E-018
          19          19   1.9184507444424625E-006
          19          20   1.8555699276584182E-017
          19          21   2.3765593804701246E-018
          19          22  -8.2280159930523386E-015
          19          23  -2.0954389016986404E-018
          19          24  -8.2273476358160027E-015
          19          25  -1.4632082332126120E-017
          19          26   1.1444986169987892E-017
          19          27  -8.2355509402232959E-015
          20           1   4.0655269873209506E-013
          20           2   7.6575485995409037E-013
          20           3  -6.6349581071829209E-013
          20           4  -6.0171729058628613E-013
          20           5   1.7345187922954209E-013
          20           6   2.1190672302733982E-013
          20           7   1.8893781396067563E-015
          20           8   9.1357579221226434E-004
          20           9   1.3155438110489730E-015
          20          10   2.6455752735927668E-015
          20          11   1.2805724513845168E-003
          20          12   1.8557746485500726E-015
          20          13   1.1836480758529481E-016
          20          14   5.8441338422657612E-005
          20          15   8.3990940001111666E-017
          20          16  -2.2965101353695071E-017
          20          17  -5.4886585355074571E-006
          20          18  -3.0744913710096973E-017
          20          19   1.8555699276584182E-017
          20          20   1.9184507444490905E-006
          20          21   2.0144177262122265E-017
          20          22   1.9380687319193700E-014
          20          23   4.1404892481581037E-018
          20          24   1.9407218436281826E-014
          20          25  -1.0625226010164575E-017
          20          26  -2.6173360744787272E-017
          20          27   1.9427943997593637E-014
          21           1   3.8178358850926222E-014
          21           2   7.2055286995731247E-014
          21           3  -6.2864565457449005E-014
          21           4  -5.5867961010770312E-014
          21           5   1.0702078039272666E-014
          21           6   1.5233772465417169E-014
          21           7   2.8186376572520034E-016
          21           8   8.2761149821340669E-015
          21           9   9.1357579221507394E-004
          21          10   3.9450898331431603E-016
          21          11   1.1598672868507243E-014
          21          12   1.2805724513884563E-003
          21          13   1.0481715086310762E-017
          21          14   5.2954255224875229E-016
          21          15   5.8441338422836580E-005
          21          16   2.3090779900641935E-018
          21          17  -5.5168367587510192E-017
          21          18  -5.4886585355206547E-006
          21          19   2.3765593804701246E-018
          21          20   2.0144177262122265E-017
          21          21   1.9184507444608930E-006
          21          22   1.7220393519214885E-015
          21          23   7.3571118077250947E-018
          21          24   1.7594549097678094E-015
          21          25   1.0037287653804280E-017
          21          26  -7.9158269389419254E-018
          21          27   1.7326485678537048E-015
          22           1   3.9671610590142990E-003
          22           2   1.0443353755193854E-002
          22           3  -2.2026222877687768E-002
          22           4  -2.0122068926349490E-002
          22           5   6.8001949711197357E-003
          22           6   7.9006586564196509E-003
          22           7   2.8651752052308076E-014
          22           8  -5.9337746751934987E-014
          22           9  -4.8406604346579499E-014
          22          10   4.0749418719504791E-014
          22          11  -8.0560809217172649E-014
          22          12  -6.5436635460521538E-014
          22          13   9.2916957721386018E-016
          22          14  -1.5326093804105029E-015
          22          15  -1.7368043931067649E-015
          22          16   5.9516027416641003E-016
          22          17  -1.9103747185797027E-015
          22          18   1.9818940054428831E-015
          22          19  -8.2280159930523386E-015
          22          20   1.9380687319193700E-014
          22          21   1.7220393519214885E-015
          22          22   6.4875620234873012E-004
          22          23   1.6217264305754806E-014
          22          24   6.4875620234092592E-004
          22          25  -1.3369061137218877E-015
          22          26   7.7036606089946174E-015
          22          27   6.4875620233431934E-004
          23           1   3.7637673836916350E-013
          23           2   7.0171176575386938E-013
          23           3  -5.7396718496681705E-013
          23           4  -4.9857575634818434E-013
          23           5   4.4264958031606623E-014
          23           6   9.3785317758438567E-014
          23           7  -9.9785796416924050E-016
          23           8   1.9717211460054768E-015
          23           9   3.5034930696897953E-015
          23          10  -1.3987119701792559E-015
          23          11   2.7637901486605401E-015
          23          12   4.9108970881098710E-015
          23          13  -6.3833035820191812E-017
          23          14   1.2613082823570005E-016
          23          15   2.2411813354809117E-016
          23          16   5.9950440485086403E-018
          23          17  -1.1845882848570369E-017
          23          18  -2.1048597636952815E-017
          23          19  -2.0954389016986404E-018
          23          20   4.1404892481581037E-018
          23          21   7.3571118077250947E-018
          23          22   1.6217264305754806E-014
          23          23   6.4484196929653593E-025
          23          24   1.6217264305450700E-014
          23          25  -5.1069956276846463E-026
          23          26   3.0360199090941176E-025
          23          27   1.6217264305182036E-014
          24           1   3.9671610588369426E-003
          24           2   1.0443353754862970E-002
          24           3  -2.2026222877415645E-002
          24           4  -2.0122068926109196E-002
          24           5   6.8001949710797989E-003
          24           6   7.9006586563591559E-003
          24           7   2.8970025925012880E-014
          24           8  -4.6703495969778418E-014
          24           9  -3.0589129286212151E-014
          24          10   4.1195547742063888E-014
          24          11  -6.2851196421433052E-014
          24          12  -4.0461621976736003E-014
          24          13   9.4953011925438469E-016
          24          14  -7.2439814869271789E-016
          24          15  -5.9702266471559425E-016
          24          16   5.9324802662343382E-016
          24          17  -1.9862797940940647E-015
          24          18   1.8748486759423803E-015
          24          19  -8.2273476358160027E-015
          24          20   1.9407218436281826E-014
          24          21   1.7594549097678094E-015
          24          22   6.4875620234092592E-004
          24          23   1.6217264305450700E-014
          24          24   6.4875620233312173E-004
          24          25  -1.3369061136975573E-015
          24          26   7.7036606088507876E-015
          24          27   6.4875620232651525E-004
          25           1  -2.9691500195213481E-014
          25           2  -5.5458168235078744E-014
          25           3   4.5972387745871480E-014
          25           4   4.1223280306384327E-014
          25           5  -9.7867345571591947E-015
          25           6  -1.2791240055724256E-014
          25           7  -6.9678704064493348E-015
          25           8  -5.0597854973916962E-015
          25           9   4.7798061475336924E-015
          25          10  -9.7669651068642664E-015
          25          11  -7.0923747920127806E-015
          25          12   6.6999236562723423E-015
          25          13  -4.4573388670473131E-016
          25          14  -3.2367388600725792E-016
          25          15   3.0576375289145302E-016
          25          16   4.1862168697999215E-017
          25          17   3.0398609020651252E-017
          25          18  -2.8716543179667834E-017
          25          19  -1.4632082332126120E-017
          25          20  -1.0625226010164575E-017
          25          21   1.0037287653804280E-017
          25          22  -1.3369061137218877E-015
          25          23  -5.1069956276846463E-026
          25          24  -1.3369061136975573E-015
          25          25   4.3324963822767941E-027
          25          26  -2.4060630899056750E-026
          25          27  -1.3369061136765762E-015
          26           1   1.7557011456322989E-013
          26           2   3.2827115688666713E-013
          26           3  -2.7263895717068044E-013
          26           4  -2.3686777483724541E-013
          26           5   2.1320719714431103E-014
          26           6   4.4793562863029425E-014
          26           7   5.4501588454402274E-015
          26           8  -1.2463884623425167E-014
          26           9  -3.7695562643396898E-015
          26          10   7.6395667335901851E-015
          26          11  -1.7470808014991374E-014
          26          12  -5.2838417477832417E-015
          26          13   3.4864635961084927E-016
          26          14  -7.9731336683049091E-016
          26          15  -2.4113804530790249E-016
          26          16  -3.2743980286500496E-017
          26          17   7.4881604492620298E-017
          26          18   2.2647055927036822E-017
          26          19   1.1444986169987892E-017
          26          20  -2.6173360744787272E-017
          26          21  -7.9158269389419254E-018
          26          22   7.7036606089946174E-015
          26          23   3.0360199090941176E-025
          26          24   7.7036606088507876E-015
          26          25  -2.4060630899056750E-026
          26          26   1.4353837978665335E-025
          26          27   7.7036606087240555E-015
          27           1   3.9671610586785606E-003
          27           2   1.0443353754568608E-002
          27           3  -2.2026222877179234E-002
          27           4  -2.0122068925906345E-002
          27           5   6.8001949710737811E-003
          27           6   7.9006586563308556E-003
          27           7   2.5063572344575967E-014
          27           8  -3.6833879906812670E-014
          27           9  -4.3354442164018856E-014
          27          10   3.5719815111031036E-014
          27          11  -4.9016812260181695E-014
          27          12  -5.8354946324688489E-014
          27          13   6.9963426209753156E-016
          27          14  -9.3040203825845862E-017
          27          15  -1.4136185549213365E-015
          27          16   6.1671762585737241E-016
          27          17  -2.0455752738197892E-015
          27          18   1.9515412572076990E-015
          27          19  -8.2355509402232959E-015
          27          20   1.9427943997593637E-014
          27          21   1.7326485678537048E-015
          27          22   6.4875620233431934E-004
          27          23   1.6217264305182036E-014
          27          24   6.4875620232651525E-004
          27          25  -1.3369061136765762E-015
          27          26   7.7036606087240555E-015
          27          27   6.4875620231990866E-004
