           1           1  0.30511095337305050     
           1           2  0.57354356816175756     
           1           3 -0.12632059246367794     
           1           4  -9.0704758502651056E-002
           1           5   7.5698235746994779E-003
           1           6   8.0018764066790392E-003
           1           7   4.4775973783078831E-014
           1           8  -5.1325566270145358E-014
           1           9   1.5111352394073448E-013
           1          10   1.3304748566113543E-013
           1          11  -2.2180386872481477E-013
           1          12   2.6263998119385105E-013
           1          13   1.0069128831675170E-013
           1          14  -5.2400783080263571E-013
           1          15   4.1915880014317714E-013
           1          16   5.8323565203879706E-014
           1          17  -5.0064241166678381E-013
           1          18   5.5122191717021452E-013
           1          19   1.1025680760311710E-014
           1          20  -4.1963888424812282E-013
           1          21   4.0462835753057063E-013
           1          22  -1.0309010139691074E-003
           1          23  -1.5299557338191141E-013
           1          24  -1.0309010141001489E-003
           1          25  -1.1617463887902645E-014
           1          26  -7.7178927850610870E-014
           1          27  -1.0309010139774671E-003
           2           1  0.57354356816175756     
           2           2   1.0993575945180938     
           2           3 -0.37023814265029442     
           2           4 -0.26456558025123289     
           2           5   2.2381200850299328E-002
           2           6   2.4086803336836868E-002
           2           7   7.6097045468791366E-014
           2           8   2.5804857343141693E-016
           2           9   2.0946147630133331E-013
           2          10   2.3862286620492301E-013
           2          11  -2.9303197514813060E-013
           2          12   3.8504391106238002E-013
           2          13   1.6854509913165667E-013
           2          14  -8.7836130095263343E-013
           2          15   6.5987156948622204E-013
           2          16   6.9398005657334769E-014
           2          17  -7.9643674817543317E-013
           2          18   9.1465691338184774E-013
           2          19  -1.5597945236870180E-014
           2          20  -6.9109275652223594E-013
           2          21   6.6540307928504996E-013
           2          22  -2.9512710569844771E-003
           2          23  -3.2333931286103048E-013
           2          24  -2.9512710572606781E-003
           2          25  -2.5631433708563036E-014
           2          26  -1.5813764873905113E-013
           2          27  -2.9512710570024419E-003
           3           1 -0.12632059246367794     
           3           2 -0.37023814265029442     
           3           3  0.88339790667093931     
           3           4  0.62741824940807511     
           3           5  -6.0415413570229844E-002
           3           6  -6.5823438029947640E-002
           3           7   1.8182813774241728E-014
           3           8  -6.7342320102627467E-013
           3           9   4.3498726689202561E-013
           3          10  -2.4576992788131325E-015
           3          11  -8.0742130779331238E-013
           3          12   6.1369913107544207E-013
           3          13   8.7160974534745640E-014
           3          14  -4.6344003952710930E-013
           3          15   6.3428428034947965E-013
           3          16   2.3281832574370762E-013
           3          17  -7.1479003569776757E-013
           3          18   5.4679983928551394E-013
           3          19   2.2536243373234988E-013
           3          20  -4.4544406602274412E-013
           3          21   4.3548061679972060E-013
           3          22   6.4768637501573471E-003
           3          23   2.8715701411813002E-013
           3          24   6.4768637503987234E-003
           3          25   2.8490305758478283E-014
           3          26   1.1352619651344018E-013
           3          27   6.4768637501752659E-003
           4           1  -9.0704758502651056E-002
           4           2 -0.26456558025123289     
           4           3  0.62741824940807511     
           4           4  0.45477561259558819     
           4           5  -9.3234519966175836E-002
           4           6  -9.4153573226561191E-002
           4           7   6.6759924991655737E-014
           4           8  -3.0511305601328382E-013
           4           9   3.1371551646442064E-013
           4          10   7.2633768997645508E-014
           4          11  -3.2938705851631694E-013
           4          12   4.3916238957064692E-013
           4          13   6.8902264589345851E-014
           4          14  -3.4988796014874423E-013
           4          15   4.7866814676539328E-013
           4          16   2.0524121242611025E-013
           4          17  -6.4310927540752858E-013
           4          18   5.0350737950894631E-013
           4          19   1.8109903402103042E-013
           4          20  -3.7260437287020728E-013
           4          21   3.6383521910788124E-013
           4          22   2.2475405096217369E-003
           4          23   2.0521002472304427E-013
           4          24   2.2475405097947395E-003
           4          25   1.9766747278501498E-014
           4          26   7.9571495587343873E-014
           4          27   2.2475405096375536E-003
           5           1   7.5698235746994779E-003
           5           2   2.2381200850299328E-002
           5           3  -6.0415413570229844E-002
           5           4  -9.3234519966175836E-002
           5           5  0.28102725533055611     
           5           6  0.26533305534101748     
           5           7  -9.1778571056395477E-014
           5           8   3.9366952597640725E-013
           5           9  -5.6033417204268914E-013
           5          10  -1.2468832706885951E-013
           5          11   5.2379899776583634E-013
           5          12  -7.6367198073842075E-013
           5          13  -2.8270191725144871E-014
           5          14   2.7613447304067667E-013
           5          15  -2.5402027731378383E-013
           5          16  -2.3844599493910542E-013
           5          17   8.0188947860961044E-013
           5          18  -6.8237057340246632E-013
           5          19  -1.3153742105767691E-013
           5          20   3.5335476481919373E-013
           5          21  -3.4161543608884715E-013
           5          22   1.2504852185032903E-002
           5          23  -2.4067694743959517E-014
           5          24   1.2504852185009855E-002
           5          25   7.7847362750001267E-016
           5          26  -5.7402118541182847E-016
           5          27   1.2504852185014865E-002
           6           1   8.0018764066790392E-003
           6           2   2.4086803336836868E-002
           6           3  -6.5823438029947640E-002
           6           4  -9.4153573226561191E-002
           6           5  0.26533305534101748     
           6           6  0.25060451729686789     
           6           7   1.8124747180766034E-014
           6           8  -2.5627664935532397E-013
           6           9   2.4744598558047491E-013
           6          10   2.8224150904297903E-014
           6          11  -3.7969310525258562E-013
           6          12   3.5843202935879893E-013
           6          13  -1.8432068248305847E-014
           6          14   2.0799140060803839E-013
           6          15  -1.7537458253337472E-013
           6          16  -2.2767212331908240E-013
           6          17   7.6605092116453049E-013
           6          18  -6.5234055876487104E-013
           6          19  -1.2600534586526216E-013
           6          20   3.3677440729582873E-013
           6          21  -3.2531907877817354E-013
           6          22   1.1714140632965530E-002
           6          23  -2.5411634740149819E-014
           6          24   1.1714140632941520E-002
           6          25   4.5626267998360269E-016
           6          26  -1.6006932320941350E-015
           6          27   1.1714140632948367E-002
           7           1   4.4775973783078831E-014
           7           2   7.6097045468791366E-014
           7           3   1.8182813774241728E-014
           7           4   6.6759924991655737E-014
           7           5  -9.1778571056395477E-014
           7           6   1.8124747180766034E-014
           7           7  0.43693516962835988     
           7           8   6.5530914028494475E-014
           7           9  -3.8746783559414076E-014
           7          10  0.60762606678803877     
           7          11   8.9081519938352718E-014
           7          12  -5.5878912608158997E-014
           7          13   3.9445508121722185E-002
           7          14   7.6503040014060629E-014
           7          15  -4.4306138619061022E-014
           7          16  -1.9439509311362092E-003
           7          17   9.8550480926952580E-014
           7          18  -8.8073577836205260E-014
           7          19   8.8577675678691657E-004
           7          20   3.8905863123187524E-014
           7          21  -9.0552836496543685E-014
           7          22  -1.8108202466513952E-014
           7          23   5.0552701139560067E-014
           7          24   1.6285640878351768E-014
           7          25   4.4884167162105534E-014
           7          26  -1.1835471621602741E-013
           7          27  -1.1760189997827962E-014
           8           1  -5.1325566270145358E-014
           8           2   2.5804857343141693E-016
           8           3  -6.7342320102627467E-013
           8           4  -3.0511305601328382E-013
           8           5   3.9366952597640725E-013
           8           6  -2.5627664935532397E-013
           8           7   6.5530914028494475E-014
           8           8  0.43693516962848211     
           8           9  -1.6674162051095987E-013
           8          10   3.4389158187754972E-014
           8          11  0.60762606678820430     
           8          12  -1.4110240753605860E-013
           8          13  -1.2871648191736428E-014
           8          14   3.9445508121571264E-002
           8          15  -9.7911262430969413E-014
           8          16  -1.9283188869449629E-013
           8          17  -1.9439509311156280E-003
           8          18   1.8857398281819787E-013
           8          19   1.3326747474667266E-013
           8          20   8.8577675686409203E-004
           8          21  -1.9542879684123165E-014
           8          22   1.5479010621122121E-013
           8          23  -9.7075024932409597E-014
           8          24   2.3459585270724437E-013
           8          25   5.6699442355662341E-015
           8          26   1.2726396705350923E-013
           8          27   1.8813082297032264E-013
           9           1   1.5111352394073448E-013
           9           2   2.0946147630133331E-013
           9           3   4.3498726689202561E-013
           9           4   3.1371551646442064E-013
           9           5  -5.6033417204268914E-013
           9           6   2.4744598558047491E-013
           9           7  -3.8746783559414076E-014
           9           8  -1.6674162051095987E-013
           9           9  0.43693516962860057     
           9          10  -4.3194614551815820E-014
           9          11  -1.8915424782061727E-013
           9          12  0.60762606678827735     
           9          13   5.1517817789550925E-014
           9          14   9.8011876488416294E-017
           9          15   3.9445508121907440E-002
           9          16   1.8446426027278085E-013
           9          17  -1.5298201073953721E-013
           9          18  -1.9439509311520444E-003
           9          19  -5.0008323762444754E-014
           9          20  -1.8072553815871514E-013
           9          21   8.8577675689581340E-004
           9          22  -1.2960286486242693E-013
           9          23   1.2291284887565400E-013
           9          24  -1.0214547253317159E-013
           9          25   3.7003141444782601E-014
           9          26  -1.6653068842135782E-013
           9          27  -1.1639404137892005E-013
          10           1   1.3304748566113543E-013
          10           2   2.3862286620492301E-013
          10           3  -2.4576992788131325E-015
          10           4   7.2633768997645508E-014
          10           5  -1.2468832706885951E-013
          10           6   2.8224150904297903E-014
          10           7  0.60762606678803877     
          10           8   3.4389158187754972E-014
          10           9  -4.3194614551815820E-014
          10          10  0.84499868230120700     
          10          11   4.4936276921689005E-014
          10          12  -6.2824745405965898E-014
          10          13   5.4853351076002727E-002
          10          14   1.0122284954673547E-013
          10          15  -6.0716189020937192E-014
          10          16  -2.7042475847124429E-003
          10          17   1.3725424876519615E-013
          10          18  -1.2256208960056678E-013
          10          19   1.2319659555781379E-003
          10          20   5.4021918232206005E-014
          10          21  -1.2588262138411007E-013
          10          22  -2.5322112668821467E-014
          10          23   7.0284773914375892E-014
          10          24   2.2477231689271636E-014
          10          25   6.2416612926916806E-014
          10          26  -1.6459312571810359E-013
          10          27  -1.6524367775407887E-014
          11           1  -2.2180386872481477E-013
          11           2  -2.9303197514813060E-013
          11           3  -8.0742130779331238E-013
          11           4  -3.2938705851631694E-013
          11           5   5.2379899776583634E-013
          11           6  -3.7969310525258562E-013
          11           7   8.9081519938352718E-014
          11           8  0.60762606678820430     
          11           9  -1.8915424782061727E-013
          11          10   4.4936276921689005E-014
          11          11  0.84499868230143083     
          11          12  -1.3684886557301979E-013
          11          13  -1.8120921430036094E-014
          11          14   5.4853351075792478E-002
          11          15  -1.3229087963955491E-013
          11          16  -2.6815415122747483E-013
          11          17  -2.7042475846837969E-003
          11          18   2.6205592058388947E-013
          11          19   1.8531351583470811E-013
          11          20   1.2319659556854785E-003
          11          21  -2.7063122792810145E-014
          11          22   2.1557667708968024E-013
          11          23  -1.3501009595245141E-013
          11          24   3.2652078954394583E-013
          11          25   7.8865355195123410E-015
          11          26   1.7697986917103851E-013
          11          27   2.6190430883891001E-013
          12           1   2.6263998119385105E-013
          12           2   3.8504391106238002E-013
          12           3   6.1369913107544207E-013
          12           4   4.3916238957064692E-013
          12           5  -7.6367198073842075E-013
          12           6   3.5843202935879893E-013
          12           7  -5.5878912608158997E-014
          12           8  -1.4110240753605860E-013
          12           9  0.60762606678827735     
          12          10  -6.2824745405965898E-014
          12          11  -1.3684886557301979E-013
          12          12  0.84499868230140496     
          12          13   7.1500964871061450E-014
          12          14   8.3847859212793930E-015
          12          15   5.4853351076251625E-002
          12          16   2.5651288276617913E-013
          12          17  -2.1312086210343818E-013
          12          18  -2.7042475847340241E-003
          12          19  -6.9541486284825560E-014
          12          20  -2.5113957679926776E-013
          12          21   1.2319659557293431E-003
          12          22  -1.7945948280907509E-013
          12          23   1.7092963236523737E-013
          12          24  -1.4128358730890142E-013
          12          25   5.1463743473097748E-014
          12          26  -2.3161907460992078E-013
          12          27  -1.6110783227848193E-013
          13           1   1.0069128831675170E-013
          13           2   1.6854509913165667E-013
          13           3   8.7160974534745640E-014
          13           4   6.8902264589345851E-014
          13           5  -2.8270191725144871E-014
          13           6  -1.8432068248305847E-014
          13           7   3.9445508121722185E-002
          13           8  -1.2871648191736428E-014
          13           9   5.1517817789550925E-014
          13          10   5.4853351076002727E-002
          13          11  -1.8120921430036094E-014
          13          12   7.1500964871061450E-014
          13          13   3.5674933737242466E-003
          13          14   5.1957136509691412E-015
          13          15   9.5014057387128104E-016
          13          16  -1.7222925534660034E-004
          13          17   9.0734542003813030E-015
          13          18  -8.2030821073067212E-015
          13          19   7.9388187357135821E-005
          13          20   3.3696393656879776E-015
          13          21  -8.1263044998928998E-015
          13          22  -1.7960166001712019E-015
          13          23   4.6251842156733606E-015
          13          24   1.4223189643154557E-015
          13          25   4.0586177630973409E-015
          13          26  -1.0675352476650716E-014
          13          27  -1.1113514319269949E-015
          14           1  -5.2400783080263571E-013
          14           2  -8.7836130095263343E-013
          14           3  -4.6344003952710930E-013
          14           4  -3.4988796014874423E-013
          14           5   2.7613447304067667E-013
          14           6   2.0799140060803839E-013
          14           7   7.6503040014060629E-014
          14           8   3.9445508121571264E-002
          14           9   9.8011876488416294E-017
          14          10   1.0122284954673547E-013
          14          11   5.4853351075792478E-002
          14          12   8.3847859212793930E-015
          14          13   5.1957136509691412E-015
          14          14   3.5674933736959970E-003
          14          15  -7.3140820658530035E-015
          14          16  -1.7790697165430840E-014
          14          17  -1.7222925534396882E-004
          14          18   1.7048672585964646E-014
          14          19   1.2228740020279848E-014
          14          20   7.9388187363667719E-005
          14          21  -1.8553096277231000E-015
          14          22   2.0950043650686446E-014
          14          23  -8.7184510832427651E-015
          14          24   2.8295895580328968E-014
          14          25   5.0595059712859922E-016
          14          26   1.1490578729733556E-014
          14          27   2.4099865851866685E-014
          15           1   4.1915880014317714E-013
          15           2   6.5987156948622204E-013
          15           3   6.3428428034947965E-013
          15           4   4.7866814676539328E-013
          15           5  -2.5402027731378383E-013
          15           6  -1.7537458253337472E-013
          15           7  -4.4306138619061022E-014
          15           8  -9.7911262430969413E-014
          15           9   3.9445508121907440E-002
          15          10  -6.0716189020937192E-014
          15          11  -1.3229087963955491E-013
          15          12   5.4853351076251625E-002
          15          13   9.5014057387128104E-016
          15          14  -7.3140820658530035E-015
          15          15   3.5674933737555575E-003
          15          16   1.6976322420463042E-014
          15          17  -1.3367784188633097E-014
          15          18  -1.7222925534894677E-004
          15          19  -4.6333633950138723E-015
          15          20  -1.6526872339168892E-014
          15          21   7.9388187367461532E-005
          15          22  -1.4928433572226625E-014
          15          23   1.1095300051185011E-014
          15          24  -1.2420540661907248E-014
          15          25   3.3215337919816185E-015
          15          26  -1.4914308007983964E-014
          15          27  -1.3672074189674340E-014
          16           1   5.8323565203879706E-014
          16           2   6.9398005657334769E-014
          16           3   2.3281832574370762E-013
          16           4   2.0524121242611025E-013
          16           5  -2.3844599493910542E-013
          16           6  -2.2767212331908240E-013
          16           7  -1.9439509311362092E-003
          16           8  -1.9283188869449629E-013
          16           9   1.8446426027278085E-013
          16          10  -2.7042475847124429E-003
          16          11  -2.6815415122747483E-013
          16          12   2.5651288276617913E-013
          16          13  -1.7222925534660034E-004
          16          14  -1.7790697165430840E-014
          16          15   1.6976322420463042E-014
          16          16   1.0304482678167731E-005
          16          17   4.3446860894736278E-016
          16          18  -3.5558930111092718E-016
          16          19  -4.2337339375058807E-006
          16          20  -6.1099938174894790E-016
          16          21   7.3110748898906629E-016
          16          22  -8.7084550105504297E-015
          16          23  -1.9378557130297817E-016
          16          24  -8.8040209217500718E-015
          16          25  -1.9635790126643824E-016
          16          26   5.3135304184678007E-016
          16          27  -8.6801339562181410E-015
          17           1  -5.0064241166678381E-013
          17           2  -7.9643674817543317E-013
          17           3  -7.1479003569776757E-013
          17           4  -6.4310927540752858E-013
          17           5   8.0188947860961044E-013
          17           6   7.6605092116453049E-013
          17           7   9.8550480926952580E-014
          17           8  -1.9439509311156280E-003
          17           9  -1.5298201073953721E-013
          17          10   1.3725424876519615E-013
          17          11  -2.7042475846837969E-003
          17          12  -2.1312086210343818E-013
          17          13   9.0734542003813030E-015
          17          14  -1.7222925534396882E-004
          17          15  -1.3367784188633097E-014
          17          16   4.3446860894736278E-016
          17          17   1.0304482678036947E-005
          17          18  -1.1105872685101326E-016
          17          19  -3.7388140208807786E-016
          17          20  -4.2337339378655893E-006
          17          21  -2.8593042482667115E-016
          17          22   2.9373483204490180E-014
          17          23   4.5483637676109280E-016
          17          24   2.9089986653758083E-014
          17          25  -2.8226441410000711E-017
          17          26  -5.6545544278870964E-016
          17          27   2.9296067012912864E-014
          18           1   5.5122191717021452E-013
          18           2   9.1465691338184774E-013
          18           3   5.4679983928551394E-013
          18           4   5.0350737950894631E-013
          18           5  -6.8237057340246632E-013
          18           6  -6.5234055876487104E-013
          18           7  -8.8073577836205260E-014
          18           8   1.8857398281819787E-013
          18           9  -1.9439509311520444E-003
          18          10  -1.2256208960056678E-013
          18          11   2.6205592058388947E-013
          18          12  -2.7042475847340241E-003
          18          13  -8.2030821073067212E-015
          18          14   1.7048672585964646E-014
          18          15  -1.7222925534894677E-004
          18          16  -3.5558930111092718E-016
          18          17  -1.1105872685101326E-016
          18          18   1.0304482678156865E-005
          18          19   2.5230570722575091E-017
          18          20   1.1617288208813762E-015
          18          21  -4.2337339379285069E-006
          18          22  -2.5732152164964676E-014
          18          23  -5.4734900788449523E-016
          18          24  -2.5839558945240322E-014
          18          25  -1.7427364903759547E-016
          18          26   8.0158543437309175E-016
          18          27  -2.5758527752416288E-014
          19           1   1.1025680760311710E-014
          19           2  -1.5597945236870180E-014
          19           3   2.2536243373234988E-013
          19           4   1.8109903402103042E-013
          19           5  -1.3153742105767691E-013
          19           6  -1.2600534586526216E-013
          19           7   8.8577675678691657E-004
          19           8   1.3326747474667266E-013
          19           9  -5.0008323762444754E-014
          19          10   1.2319659555781379E-003
          19          11   1.8531351583470811E-013
          19          12  -6.9541486284825560E-014
          19          13   7.9388187357135821E-005
          19          14   1.2228740020279848E-014
          19          15  -4.6333633950138723E-015
          19          16  -4.2337339375058807E-006
          19          17  -3.7388140208807786E-016
          19          18   2.5230570722575091E-017
          19          19   1.8474908643808908E-006
          19          20   3.5337452213172022E-016
          19          21  -2.7578778647652382E-016
          19          22  -3.8032288100316951E-015
          19          23   9.6977411745632393E-017
          19          24  -3.7436662379501680E-015
          19          25   9.0401631597313407E-017
          19          26  -2.4078107169797857E-016
          19          27  -3.8003646130299888E-015
          20           1  -4.1963888424812282E-013
          20           2  -6.9109275652223594E-013
          20           3  -4.4544406602274412E-013
          20           4  -3.7260437287020728E-013
          20           5   3.5335476481919373E-013
          20           6   3.3677440729582873E-013
          20           7   3.8905863123187524E-014
          20           8   8.8577675686409203E-004
          20           9  -1.8072553815871514E-013
          20          10   5.4021918232206005E-014
          20          11   1.2319659556854785E-003
          20          12  -2.5113957679926776E-013
          20          13   3.3696393656879776E-015
          20          14   7.9388187363667719E-005
          20          15  -1.6526872339168892E-014
          20          16  -6.1099938174894790E-016
          20          17  -4.2337339378655893E-006
          20          18   1.1617288208813762E-015
          20          19   3.5337452213172022E-016
          20          20   1.8474908647125158E-006
          20          21  -3.9176480875524405E-016
          20          22   1.2227736153226104E-014
          20          23  -2.0085354240252132E-016
          20          24   1.2376864328991793E-014
          20          25   1.2025115304681477E-017
          20          26   2.5786326699561650E-016
          20          27   1.2282782253829483E-014
          21           1   4.0462835753057063E-013
          21           2   6.6540307928504996E-013
          21           3   4.3548061679972060E-013
          21           4   3.6383521910788124E-013
          21           5  -3.4161543608884715E-013
          21           6  -3.2531907877817354E-013
          21           7  -9.0552836496543685E-014
          21           8  -1.9542879684123165E-014
          21           9   8.8577675689581340E-004
          21          10  -1.2588262138411007E-013
          21          11  -2.7063122792810145E-014
          21          12   1.2319659557293431E-003
          21          13  -8.1263044998928998E-015
          21          14  -1.8553096277231000E-015
          21          15   7.9388187367461532E-005
          21          16   7.3110748898906629E-016
          21          17  -2.8593042482667115E-016
          21          18  -4.2337339379285069E-006
          21          19  -2.7578778647652382E-016
          21          20  -3.9176480875524405E-016
          21          21   1.8474908647935498E-006
          21          22  -1.1707048542497774E-014
          21          23   2.4926390438963945E-016
          21          24  -1.1653994977744372E-014
          21          25   7.6720489989212502E-017
          21          26  -3.4833225586296050E-016
          21          27  -1.1686000218187123E-014
          22           1  -1.0309010139691074E-003
          22           2  -2.9512710569844771E-003
          22           3   6.4768637501573471E-003
          22           4   2.2475405096217369E-003
          22           5   1.2504852185032903E-002
          22           6   1.1714140632965530E-002
          22           7  -1.8108202466513952E-014
          22           8   1.5479010621122121E-013
          22           9  -1.2960286486242693E-013
          22          10  -2.5322112668821467E-014
          22          11   2.1557667708968024E-013
          22          12  -1.7945948280907509E-013
          22          13  -1.7960166001712019E-015
          22          14   2.0950043650686446E-014
          22          15  -1.4928433572226625E-014
          22          16  -8.7084550105504297E-015
          22          17   2.9373483204490180E-014
          22          18  -2.5732152164964676E-014
          22          19  -3.8032288100316951E-015
          22          20   1.2227736153226104E-014
          22          21  -1.1707048542497774E-014
          22          22   6.5296593126957364E-004
          22          23   1.9194261243568476E-015
          22          24   6.5296593127105521E-004
          22          25   3.3768174335858125E-016
          22          26   1.1800603492086191E-015
          22          27   6.5296593126892052E-004
          23           1  -1.5299557338191141E-013
          23           2  -3.2333931286103048E-013
          23           3   2.8715701411813002E-013
          23           4   2.0521002472304427E-013
          23           5  -2.4067694743959517E-014
          23           6  -2.5411634740149819E-014
          23           7   5.0552701139560067E-014
          23           8  -9.7075024932409597E-014
          23           9   1.2291284887565400E-013
          23          10   7.0284773914375892E-014
          23          11  -1.3501009595245141E-013
          23          12   1.7092963236523737E-013
          23          13   4.6251842156733606E-015
          23          14  -8.7184510832427651E-015
          23          15   1.1095300051185011E-014
          23          16  -1.9378557130297817E-016
          23          17   4.5483637676109280E-016
          23          18  -5.4734900788449523E-016
          23          19   9.6977411745632393E-017
          23          20  -2.0085354240252132E-016
          23          21   2.4926390438963945E-016
          23          22   1.9194261243568476E-015
          23          23   1.9998025592472313E-025
          23          24   1.9194261244691294E-015
          23          25   2.6517167644605194E-026
          23          26  -2.8186579857783244E-026
          23          27   1.9194261243643134E-015
          24           1  -1.0309010141001489E-003
          24           2  -2.9512710572606781E-003
          24           3   6.4768637503987234E-003
          24           4   2.2475405097947395E-003
          24           5   1.2504852185009855E-002
          24           6   1.1714140632941520E-002
          24           7   1.6285640878351768E-014
          24           8   2.3459585270724437E-013
          24           9  -1.0214547253317159E-013
          24          10   2.2477231689271636E-014
          24          11   3.2652078954394583E-013
          24          12  -1.4128358730890142E-013
          24          13   1.4223189643154557E-015
          24          14   2.8295895580328968E-014
          24          15  -1.2420540661907248E-014
          24          16  -8.8040209217500718E-015
          24          17   2.9089986653758083E-014
          24          18  -2.5839558945240322E-014
          24          19  -3.7436662379501680E-015
          24          20   1.2376864328991793E-014
          24          21  -1.1653994977744372E-014
          24          22   6.5296593127105521E-004
          24          23   1.9194261244691294E-015
          24          24   6.5296593127253688E-004
          24          25   3.3768174337562400E-016
          24          26   1.1800603492641632E-015
          24          27   6.5296593127040219E-004
          25           1  -1.1617463887902645E-014
          25           2  -2.5631433708563036E-014
          25           3   2.8490305758478283E-014
          25           4   1.9766747278501498E-014
          25           5   7.7847362750001267E-016
          25           6   4.5626267998360269E-016
          25           7   4.4884167162105534E-014
          25           8   5.6699442355662341E-015
          25           9   3.7003141444782601E-014
          25          10   6.2416612926916806E-014
          25          11   7.8865355195123410E-015
          25          12   5.1463743473097748E-014
          25          13   4.0586177630973409E-015
          25          14   5.0595059712859922E-016
          25          15   3.3215337919816185E-015
          25          16  -1.9635790126643824E-016
          25          17  -2.8226441410000711E-017
          25          18  -1.7427364903759547E-016
          25          19   9.0401631597313407E-017
          25          20   1.2025115304681477E-017
          25          21   7.6720489989212502E-017
          25          22   3.3768174335858125E-016
          25          23   2.6517167644605194E-026
          25          24   3.3768174337562400E-016
          25          25   9.0366872438630162E-027
          25          26  -1.9621529277452406E-026
          25          27   3.3768174336113533E-016
          26           1  -7.7178927850610870E-014
          26           2  -1.5813764873905113E-013
          26           3   1.1352619651344018E-013
          26           4   7.9571495587343873E-014
          26           5  -5.7402118541182847E-016
          26           6  -1.6006932320941350E-015
          26           7  -1.1835471621602741E-013
          26           8   1.2726396705350923E-013
          26           9  -1.6653068842135782E-013
          26          10  -1.6459312571810359E-013
          26          11   1.7697986917103851E-013
          26          12  -2.3161907460992078E-013
          26          13  -1.0675352476650716E-014
          26          14   1.1490578729733556E-014
          26          15  -1.4914308007983964E-014
          26          16   5.3135304184678007E-016
          26          17  -5.6545544278870964E-016
          26          18   8.0158543437309175E-016
          26          19  -2.4078107169797857E-016
          26          20   2.5786326699561650E-016
          26          21  -3.4833225586296050E-016
          26          22   1.1800603492086191E-015
          26          23  -2.8186579857783244E-026
          26          24   1.1800603492641632E-015
          26          25  -1.9621529277452406E-026
          26          26   1.6254068311085998E-025
          26          27   1.1800603492160648E-015
          27           1  -1.0309010139774671E-003
          27           2  -2.9512710570024419E-003
          27           3   6.4768637501752659E-003
          27           4   2.2475405096375536E-003
          27           5   1.2504852185014865E-002
          27           6   1.1714140632948367E-002
          27           7  -1.1760189997827962E-014
          27           8   1.8813082297032264E-013
          27           9  -1.1639404137892005E-013
          27          10  -1.6524367775407887E-014
          27          11   2.6190430883891001E-013
          27          12  -1.6110783227848193E-013
          27          13  -1.1113514319269949E-015
          27          14   2.4099865851866685E-014
          27          15  -1.3672074189674340E-014
          27          16  -8.6801339562181410E-015
          27          17   2.9296067012912864E-014
          27          18  -2.5758527752416288E-014
          27          19  -3.8003646130299888E-015
          27          20   1.2282782253829483E-014
          27          21  -1.1686000218187123E-014
          27          22   6.5296593126892052E-004
          27          23   1.9194261243643134E-015
          27          24   6.5296593127040219E-004
          27          25   3.3768174336113533E-016
          27          26   1.1800603492160648E-015
          27          27   6.5296593126826729E-004
