           1           1  0.62604805417813214     
           1           2  0.57413473194102171     
           1           3  -4.9720135261485770E-015
           1           4  -4.5842393961038016E-015
           1           5   1.2118616367196440E-016
           1           6 -0.16440281687417724     
           1           7  -4.0518925494573544E-015
           1           8   1.6226065590223191E-014
           1           9   3.0434794091988664E-017
           1          10 -0.12026795283548472     
           1          11  -8.3955027646811948E-015
           1          12   2.4038047915405902E-015
           1          13   4.8262864907154894E-015
           1          14   3.9206711789347006E-004
           1          15  -2.7268782875800923E-013
           1          16   3.9206711788812999E-004
           1          17  -1.5583923988851293E-013
           1          18  -5.0268532851232164E-014
           1          19   3.9206711788454995E-004
           2           1  0.57413473194102171     
           2           2  0.54810014600637225     
           2           3  -5.7133478014001619E-015
           2           4  -2.6719167021623285E-015
           2           5  -3.0287022632769914E-017
           2           6 -0.28633424988153588     
           2           7  -6.2327352200476429E-015
           2           8   1.7472788741930178E-014
           2           9   2.1351447598540104E-016
           2          10 -0.20461395312345604     
           2          11  -7.8091929195963056E-015
           2          12   2.3916496254585485E-015
           2          13   4.5598908857086825E-015
           2          14   1.0706862303078847E-003
           2          15  -2.6576540169287577E-013
           2          16   1.0706862303033597E-003
           2          17  -1.3858670495222550E-013
           2          18  -3.5675834910653460E-014
           2          19   1.0706862303002515E-003
           3           1  -4.9720135261485770E-015
           3           2  -5.7133478014001619E-015
           3           3  0.21604709271733469     
           3           4  -1.7590096046404824E-015
           3           5  -2.8779062466455230E-015
           3           6   1.0243390891408141E-014
           3           7  0.31740621980998857     
           3           8   2.1233015345956119E-015
           3           9  -3.1988300897012323E-015
           3          10   5.5315254093475625E-015
           3          11  0.27268339336824343     
           3          12   1.9463597400459776E-015
           3          13   1.3114509478384662E-015
           3          14   4.8027469190536398E-015
           3          15   8.8832515190735226E-014
           3          16  -3.1195599594938792E-015
           3          17   5.8505424265219705E-014
           3          18   2.2022466586508075E-014
           3          19  -1.7005348836404877E-015
           4           1  -4.5842393961038016E-015
           4           2  -2.6719167021623285E-015
           4           3  -1.7590096046404824E-015
           4           4  0.21604709271733710     
           4           5  -4.1980308118638732E-016
           4           6  -7.0100306619325088E-015
           4           7  -3.8372083288606973E-015
           4           8  0.31740621980998796     
           4           9   8.9511731360403246E-016
           4          10  -5.7409849415314760E-015
           4          11  -3.5735303605122226E-015
           4          12  0.27268339336824604     
           4          13  -3.7886360715333467E-015
           4          14   2.6428808056304698E-015
           4          15  -8.1156911123741730E-014
           4          16  -9.0947215976950724E-015
           4          17  -5.0891895684661781E-014
           4          18  -2.7823659855152616E-014
           4          19   2.6571663953788276E-015
           5           1   1.2118616367196440E-016
           5           2  -3.0287022632769914E-017
           5           3  -2.8779062466455230E-015
           5           4  -4.1980308118638732E-016
           5           5  0.21604709271733619     
           5           6  -3.2717484913620834E-015
           5           7  -1.3947176746853529E-015
           5           8  -3.6082248300317588E-016
           5           9  0.31740621980998796     
           5          10   6.7401982616485935E-015
           5          11  -1.9151347174783950E-015
           5          12   2.3314683517128287E-015
           5          13  0.27268339336824593     
           5          14   1.3327848993124372E-015
           5          15  -4.0139978837617871E-014
           5          16   6.1659796935246685E-016
           5          17   2.5442904727564379E-014
           5          18   1.7189447070594442E-014
           5          19  -2.5438378376894985E-015
           6           1 -0.16440281687417724     
           6           2 -0.28633424988153588     
           6           3   1.0243390891408141E-014
           6           4  -7.0100306619325088E-015
           6           5  -3.2717484913620834E-015
           6           6  0.89501538266911873     
           6           7   1.9360006732111897E-014
           6           8  -1.8472506103110544E-014
           6           9  -7.2397922584744334E-015
           6          10  0.62425341478855523     
           6          11   5.0264396027987836E-015
           6          12  -2.2870417550257380E-017
           6          13  -7.3191190056210014E-015
           6          14  -4.5714792898266217E-003
           6          15   1.7019667187276018E-013
           6          16  -4.5714792898275576E-003
           6          17   1.3715707281999671E-014
           6          18  -5.2302439898406685E-014
           6          19  -4.5714792898277172E-003
           7           1  -4.0518925494573544E-015
           7           2  -6.2327352200476429E-015
           7           3  0.31740621980998857     
           7           4  -3.8372083288606973E-015
           7           5  -1.3947176746853529E-015
           7           6   1.9360006732111897E-014
           7           7  0.46631827860734787     
           7           8   1.2906342661267445E-015
           7           9  -5.4123372450476381E-016
           7          10   1.1095400667208648E-014
           7          11  0.40061360699330428     
           7          12   1.2906342661267445E-015
           7          13   5.5094817597023393E-015
           7          14   7.0309126158404445E-015
           7          15   1.3050855023924037E-013
           7          16  -4.6081680028222379E-015
           7          17   8.5953415829417721E-014
           7          18   3.2354371285405001E-014
           7          19  -2.5234031326931760E-015
           8           1   1.6226065590223191E-014
           8           2   1.7472788741930178E-014
           8           3   2.1233015345956119E-015
           8           4  0.31740621980998796     
           8           5  -3.6082248300317588E-016
           8           6  -1.8472506103110544E-014
           8           7   1.2906342661267445E-015
           8           8  0.46631827860734065     
           8           9   1.7000290064572710E-015
           8          10  -1.4337075733466558E-014
           8          11   6.9388939039072284E-016
           8          12  0.40061360699330273     
           8          13  -5.2666204730655863E-015
           8          14   3.9084233160962263E-015
           8          15  -1.1923191448588943E-013
           8          16  -1.3335910254860637E-014
           8          17  -7.4767978128896809E-014
           8          18  -4.0877211096239960E-014
           8          19   3.9294111038852471E-015
           9           1   3.0434794091988664E-017
           9           2   2.1351447598540104E-016
           9           3  -3.1988300897012323E-015
           9           4   8.9511731360403246E-016
           9           5  0.31740621980998796     
           9           6  -7.2397922584744334E-015
           9           7  -5.4123372450476381E-016
           9           8   1.7000290064572710E-015
           9           9  0.46631827860734276     
           9          10   8.2109285053316684E-015
           9          11  -1.5265566588595902E-015
           9          12   5.3290705182007514E-015
           9          13  0.40061360699330428     
           9          14   1.9709392102165650E-015
           9          15  -5.8971767559152300E-014
           9          16   9.1875088000687219E-016
           9          17   3.7379518145706862E-014
           9          18   2.5253926459578814E-014
           9          19  -3.7244124141014074E-015
          10           1 -0.12026795283548472     
          10           2 -0.20461395312345604     
          10           3   5.5315254093475625E-015
          10           4  -5.7409849415314760E-015
          10           5   6.7401982616485935E-015
          10           6  0.62425341478855523     
          10           7   1.1095400667208648E-014
          10           8  -1.4337075733466558E-014
          10           9   8.2109285053316684E-015
          10          10  0.43545557911242594     
          10          11   1.5035415176182448E-015
          10          12  -1.1829752718006052E-015
          10          13   6.2439541183402509E-015
          10          14  -3.1842979095200825E-003
          10          15   1.2097765498376709E-013
          10          16  -3.1842979095206836E-003
          10          17   1.1007517655093046E-014
          10          18  -3.5916997518838933E-014
          10          19  -3.1842979095207608E-003
          11           1  -8.3955027646811948E-015
          11           2  -7.8091929195963056E-015
          11           3  0.27268339336824343     
          11           4  -3.5735303605122226E-015
          11           5  -1.9151347174783950E-015
          11           6   5.0264396027987836E-015
          11           7  0.40061360699330428     
          11           8   6.9388939039072284E-016
          11           9  -1.5265566588595902E-015
          11          10   1.5035415176182448E-015
          11          11  0.34416678366351078     
          11          12   7.5633943552588789E-016
          11          13   3.8198610941009292E-015
          11          14   6.1048174006178368E-015
          11          15   1.1211977499222659E-013
          11          16  -3.8943003411471553E-015
          11          17   7.3842495931947541E-014
          11          18   2.7795612751056488E-014
          11          19  -2.1032812047145549E-015
          12           1   2.4038047915405902E-015
          12           2   2.3916496254585485E-015
          12           3   1.9463597400459776E-015
          12           4  0.27268339336824604     
          12           5   2.3314683517128287E-015
          12           6  -2.2870417550257380E-017
          12           7   1.2906342661267445E-015
          12           8  0.40061360699330273     
          12           9   5.3290705182007514E-015
          12          10  -1.1829752718006052E-015
          12          11   7.5633943552588789E-016
          12          12  0.34416678366351339     
          12          13  -1.1657341758564144E-015
          12          14   3.2832581123323434E-015
          12          15  -1.0243201603050752E-013
          12          16  -1.1531318906462170E-014
          12          17  -6.4233093206874910E-014
          12          18  -3.5117583770773643E-014
          12          19   3.3012869476767682E-015
          13           1   4.8262864907154894E-015
          13           2   4.5598908857086825E-015
          13           3   1.3114509478384662E-015
          13           4  -3.7886360715333467E-015
          13           5  0.27268339336824593     
          13           6  -7.3191190056210014E-015
          13           7   5.5094817597023393E-015
          13           8  -5.2666204730655863E-015
          13           9  0.40061360699330428     
          13          10   6.2439541183402509E-015
          13          11   3.8198610941009292E-015
          13          12  -1.1657341758564144E-015
          13          13  0.34416678366351450     
          13          14   1.6953880290087723E-015
          13          15  -5.0662593037012706E-014
          13          16   7.9145893342699917E-016
          13          17   3.2112708521086930E-014
          13          18   2.1695627860502798E-014
          13          19  -3.1974842685093216E-015
          14           1   3.9206711789347006E-004
          14           2   1.0706862303078847E-003
          14           3   4.8027469190536398E-015
          14           4   2.6428808056304698E-015
          14           5   1.3327848993124372E-015
          14           6  -4.5714792898266217E-003
          14           7   7.0309126158404445E-015
          14           8   3.9084233160962263E-015
          14           9   1.9709392102165650E-015
          14          10  -3.1842979095200825E-003
          14          11   6.1048174006178368E-015
          14          12   3.2832581123323434E-015
          14          13   1.6953880290087723E-015
          14          14   2.3686109845024396E-005
          14          15  -6.8793559642993118E-016
          14          16   2.3686109845033321E-005
          14          17   4.5131532120018189E-017
          14          18   3.1212982756602020E-016
          14          19   2.3686109845036844E-005
          15           1  -2.7268782875800923E-013
          15           2  -2.6576540169287577E-013
          15           3   8.8832515190735226E-014
          15           4  -8.1156911123741730E-014
          15           5  -4.0139978837617871E-014
          15           6   1.7019667187276018E-013
          15           7   1.3050855023924037E-013
          15           8  -1.1923191448588943E-013
          15           9  -5.8971767559152300E-014
          15          10   1.2097765498376709E-013
          15          11   1.1211977499222659E-013
          15          12  -1.0243201603050752E-013
          15          13  -5.0662593037012706E-014
          15          14  -6.8793559642993118E-016
          15          15   2.0469474051498555E-025
          15          16  -6.8793559642655042E-016
          15          17   1.0319822798122386E-025
          15          18   3.0598755394871959E-026
          15          19  -6.8793559642837653E-016
          16           1   3.9206711788812999E-004
          16           2   1.0706862303033597E-003
          16           3  -3.1195599594938792E-015
          16           4  -9.0947215976950724E-015
          16           5   6.1659796935246685E-016
          16           6  -4.5714792898275576E-003
          16           7  -4.6081680028222379E-015
          16           8  -1.3335910254860637E-014
          16           9   9.1875088000687219E-016
          16          10  -3.1842979095206836E-003
          16          11  -3.8943003411471553E-015
          16          12  -1.1531318906462170E-014
          16          13   7.9145893342699917E-016
          16          14   2.3686109845033321E-005
          16          15  -6.8793559642655042E-016
          16          16   2.3686109845042242E-005
          16          17   4.5131532121979568E-017
          16          18   3.1212982756724313E-016
          16          19   2.3686109845045765E-005
          17           1  -1.5583923988851293E-013
          17           2  -1.3858670495222550E-013
          17           3   5.8505424265219705E-014
          17           4  -5.0891895684661781E-014
          17           5   2.5442904727564379E-014
          17           6   1.3715707281999671E-014
          17           7   8.5953415829417721E-014
          17           8  -7.4767978128896809E-014
          17           9   3.7379518145706862E-014
          17          10   1.1007517655093046E-014
          17          11   7.3842495931947541E-014
          17          12  -6.4233093206874910E-014
          17          13   3.2112708521086930E-014
          17          14   4.5131532120018189E-017
          17          15   1.0319822798122386E-025
          17          16   4.5131532121979568E-017
          17          17   7.0505875990205257E-026
          17          18   2.9128756712415734E-026
          17          19   4.5131532120138022E-017
          18           1  -5.0268532851232164E-014
          18           2  -3.5675834910653460E-014
          18           3   2.2022466586508075E-014
          18           4  -2.7823659855152616E-014
          18           5   1.7189447070594442E-014
          18           6  -5.2302439898406685E-014
          18           7   3.2354371285405001E-014
          18           8  -4.0877211096239960E-014
          18           9   2.5253926459578814E-014
          18          10  -3.5916997518838933E-014
          18          11   2.7795612751056488E-014
          18          12  -3.5117583770773643E-014
          18          13   2.1695627860502798E-014
          18          14   3.1212982756602020E-016
          18          15   3.0598755394871959E-026
          18          16   3.1212982756724313E-016
          18          17   2.9128756712415734E-026
          18          18   1.6293134136633611E-026
          18          19   3.1212982756600334E-016
          19           1   3.9206711788454995E-004
          19           2   1.0706862303002515E-003
          19           3  -1.7005348836404877E-015
          19           4   2.6571663953788276E-015
          19           5  -2.5438378376894985E-015
          19           6  -4.5714792898277172E-003
          19           7  -2.5234031326931760E-015
          19           8   3.9294111038852471E-015
          19           9  -3.7244124141014074E-015
          19          10  -3.1842979095207608E-003
          19          11  -2.1032812047145549E-015
          19          12   3.3012869476767682E-015
          19          13  -3.1974842685093216E-015
          19          14   2.3686109845036844E-005
          19          15  -6.8793559642837653E-016
          19          16   2.3686109845045765E-005
          19          17   4.5131532120138022E-017
          19          18   3.1212982756600334E-016
          19          19   2.3686109845049289E-005
