           1           1  0.66865543993358401     
           1           2  0.58130073860796150     
           1           3  -4.0741481222963106E-016
           1           4  -4.1103332469113059E-015
           1           5  -1.1744073452852124E-015
           1           6 -0.20325093172569053     
           1           7  -5.6917218611084488E-016
           1           8  -6.8021957479769082E-016
           1           9  -1.4807937865594588E-015
           1          10 -0.12743009819026940     
           1          11   3.2341153113585114E-015
           1          12   1.2993959099694199E-015
           1          13   1.7440689034499827E-015
           1          14   9.9771189512894987E-003
           1          15   1.1064825580022182E-015
           1          16   9.9771189512883173E-003
           1          17  -8.0701177744209263E-016
           1          18   4.3542017099969868E-016
           1          19   9.9771189512921597E-003
           2           1  0.58130073860796150     
           2           2  0.52413729740097170     
           2           3  -5.1306280628822345E-017
           2           4  -3.3915277366578039E-015
           2           5  -6.9587291052169430E-016
           2           6 -0.30480922710364544     
           2           7  -1.5043124644481234E-016
           2           8  -8.5449762217227544E-016
           2           9  -9.7977445184708540E-016
           2          10 -0.19531550018469063     
           2          11   2.8676805826349832E-015
           2          12   1.2073770747792271E-015
           2          13   1.6180101645863884E-015
           2          14   1.1518166737763923E-002
           2          15   7.9555476657541716E-016
           2          16   1.1518166737762911E-002
           2          17  -6.2517161043403794E-016
           2          18   4.1634755346889785E-016
           2          19   1.1518166737766147E-002
           3           1  -4.0741481222963106E-016
           3           2  -5.1306280628822345E-017
           3           3  0.24577407223546782     
           3           4  -1.4767707194680171E-002
           3           5  -2.8250902658034274E-002
           3           6  -3.0712294226593615E-015
           3           7  0.25418072376172884     
           3           8  -1.8234800033073970E-002
           3           9  -3.4883516711967835E-002
           3          10   1.3958827855147503E-015
           3          11  0.14974604426049951     
           3          12  -3.1846598130691850E-002
           3          13  -6.0923143445305729E-002
           3          14  -1.8081083134148363E-018
           3          15  -1.9882655071742053E-016
           3          16   1.3036177771486709E-016
           3          17  -2.3298110455393820E-017
           3          18   5.6103064531021063E-016
           3          19  -1.5558029480225027E-016
           4           1  -4.1103332469113059E-015
           4           2  -3.3915277366578039E-015
           4           3  -1.4767707194680171E-002
           4           4  0.24225058953793527     
           4           5   2.5080977811427017E-002
           4           6   6.9359728533718101E-016
           4           7  -1.8234800033072627E-002
           4           8  0.24983001436842153     
           4           9   3.0969371818941886E-002
           4          10   1.4053648068129609E-015
           4          11  -3.1846598130691475E-002
           4          12  0.14214764486040801     
           4          13   5.4087192450097181E-002
           4          14  -4.7275773999113027E-016
           4          15  -3.7617512027734379E-016
           4          16  -1.8782450020586651E-016
           4          17  -1.4564425571898448E-016
           4          18   1.7799467178879984E-016
           4          19  -3.0315267737247602E-016
           5           1  -1.1744073452852124E-015
           5           2  -6.9587291052169430E-016
           5           3  -2.8250902658034274E-002
           5           4   2.5080977811427017E-002
           5           5  0.27712029386925313     
           5           6  -1.9490887769605470E-015
           5           7  -3.4883516711967766E-002
           5           8   3.0969371818941823E-002
           5           9  0.29288626388039896     
           5          10  -1.8608121945832092E-015
           5          11  -6.0923143445305195E-002
           5          12   5.4087192450097993E-002
           5          13  0.21734425095072923     
           5          14  -5.7654309418325546E-017
           5          15  -4.4295078126785795E-017
           5          16  -2.7249224839686090E-016
           5          17  -3.4779761224328951E-017
           5          18  -4.6442119069281600E-017
           5          19   1.5853841231055379E-016
           6           1 -0.20325093172569053     
           6           2 -0.30480922710364544     
           6           3  -3.0712294226593615E-015
           6           4   6.9359728533718101E-016
           6           5  -1.9490887769605470E-015
           6           6   1.0286615579592995     
           6           7  -2.5707936865879193E-015
           6           8   1.9391254267221355E-015
           6           9  -1.6922317715089996E-015
           6          10  0.59582905465437641     
           6          11  -2.6617303903560692E-015
           6          12  -8.7623806437314743E-016
           6          13  -1.4556814166579736E-015
           6          14  -3.2117705211771382E-002
           6          15   6.2000031040362350E-016
           6          16  -3.2117705211771520E-002
           6          17   9.5723501728658306E-017
           6          18  -5.7507233006503889E-016
           6          19  -3.2117705211772783E-002
           7           1  -5.6917218611084488E-016
           7           2  -1.5043124644481234E-016
           7           3  0.25418072376172884     
           7           4  -1.8234800033072627E-002
           7           5  -3.4883516711967766E-002
           7           6  -2.5707936865879193E-015
           7           7  0.26359266842774859     
           7           8  -2.2515880621329525E-002
           7           9  -4.3073304698392351E-002
           7          10   1.4765888510993712E-015
           7          11  0.16040483024007990     
           7          12  -3.9323392656105620E-002
           7          13  -7.5226392524329597E-002
           7          14  -6.0525032795064980E-017
           7          15  -1.8992758624255362E-016
           7          16   8.1694136941215934E-017
           7          17  -1.2050102425141673E-017
           7          18   5.8087783677572105E-016
           7          19  -2.5332186753622380E-016
           8           1  -6.8021957479769082E-016
           8           2  -8.5449762217227544E-016
           8           3  -1.8234800033073970E-002
           8           4  0.24983001436842153     
           8           5   3.0969371818941823E-002
           8           6   1.9391254267221355E-015
           8           7  -2.2515880621329525E-002
           8           8  0.25822051994571771     
           8           9   3.8240215276730501E-002
           8          10   1.8045994037779088E-015
           8          11  -3.9323392656105752E-002
           8          12  0.15102251436629233     
           8          13   6.6785529105909264E-002
           8          14  -4.5956255141118918E-016
           8          15  -3.9493297985776739E-016
           8          16  -1.7564851602027042E-016
           8          17  -1.5889761805633754E-016
           8          18   1.7365566274737094E-016
           8          19  -2.5466166388168275E-016
           9           1  -1.4807937865594588E-015
           9           2  -9.7977445184708540E-016
           9           3  -3.4883516711967835E-002
           9           4   3.0969371818941886E-002
           9           5  0.29288626388039896     
           9           6  -1.6922317715089996E-015
           9           7  -4.3073304698392351E-002
           9           8   3.8240215276730501E-002
           9           9  0.31138531321219348     
           9          10  -1.1847233704118272E-015
           9          11  -7.5226392524329180E-002
           9          12   6.6785529105910513E-002
           9          13  0.24387342596323505     
           9          14  -6.4574880834183716E-017
           9          15  -6.6912533371675498E-017
           9          16  -2.9629091086447328E-016
           9          17  -5.5343546298163168E-017
           9          18  -6.2344187945886707E-017
           9          19   2.1701259871653068E-016
          10           1 -0.12743009819026940     
          10           2 -0.19531550018469063     
          10           3   1.3958827855147503E-015
          10           4   1.4053648068129609E-015
          10           5  -1.8608121945832092E-015
          10           6  0.59582905465437641     
          10           7   1.4765888510993712E-015
          10           8   1.8045994037779088E-015
          10           9  -1.1847233704118272E-015
          10          10  0.47537782618902846     
          10          11   1.3620606410939225E-015
          10          12  -1.2306007351823754E-015
          10          13  -3.4707221141769038E-015
          10          14  -1.0584633182952134E-002
          10          15   3.9208844109908392E-016
          10          16  -1.0584633182952099E-002
          10          17   5.5489840610647940E-017
          10          18  -3.8491656409457156E-016
          10          19  -1.0584633182952802E-002
          11           1   3.2341153113585114E-015
          11           2   2.8676805826349832E-015
          11           3  0.14974604426049951     
          11           4  -3.1846598130691475E-002
          11           5  -6.0923143445305195E-002
          11           6  -2.6617303903560692E-015
          11           7  0.16040483024007990     
          11           8  -3.9323392656105752E-002
          11           9  -7.5226392524329180E-002
          11          10   1.3620606410939225E-015
          11          11  0.13394879030964169     
          11          12  -6.8677269878645170E-002
          11          13 -0.13138091381309214     
          11          14   1.8457977847450273E-016
          11          15  -3.2118190756374181E-020
          11          16   3.0775557831222224E-016
          11          17   7.8720427423738891E-017
          11          18   3.4689673358546794E-016
          11          19  -1.6957659779905047E-016
          12           1   1.2993959099694199E-015
          12           2   1.2073770747792271E-015
          12           3  -3.1846598130691850E-002
          12           4  0.14214764486040801     
          12           5   5.4087192450097993E-002
          12           6  -8.7623806437314743E-016
          12           7  -3.9323392656105620E-002
          12           8  0.15102251436629233     
          12           9   6.6785529105910513E-002
          12          10  -1.2306007351823754E-015
          12          11  -6.8677269878645170E-002
          12          12  0.11756282267491086     
          12          13  0.11663916810297140     
          12          14  -2.4398198441522501E-016
          12          15  -2.7463991631763021E-016
          12          16  -1.5342132305670914E-016
          12          17  -1.5254673193452161E-016
          12          18   2.8012192247128145E-017
          12          19   8.6878969228120491E-017
          13           1   1.7440689034499827E-015
          13           2   1.6180101645863884E-015
          13           3  -6.0923143445305729E-002
          13           4   5.4087192450097181E-002
          13           5  0.21734425095072923     
          13           6  -1.4556814166579736E-015
          13           7  -7.5226392524329597E-002
          13           8   6.6785529105909264E-002
          13           9  0.24387342596323505     
          13          10  -3.4707221141769038E-015
          13          11 -0.13138091381309214     
          13          12  0.11663916810297140     
          13          13  0.27972449499011098     
          13          14  -1.4154094906326917E-016
          13          15  -1.8977372153080815E-016
          13          16  -3.4595035758893230E-016
          13          17  -1.7064469907707395E-016
          13          18  -1.3871225672766499E-016
          13          19   4.3759844311436511E-016
          14           1   9.9771189512894987E-003
          14           2   1.1518166737763923E-002
          14           3  -1.8081083134148363E-018
          14           4  -4.7275773999113027E-016
          14           5  -5.7654309418325546E-017
          14           6  -3.2117705211771382E-002
          14           7  -6.0525032795064980E-017
          14           8  -4.5956255141118918E-016
          14           9  -6.4574880834183716E-017
          14          10  -1.0584633182952134E-002
          14          11   1.8457977847450273E-016
          14          12  -2.4398198441522501E-016
          14          13  -1.4154094906326917E-016
          14          14   1.6534284869135960E-003
          14          15   4.1788111072729656E-018
          14          16   1.6534284869136170E-003
          14          17  -2.9055216151286269E-017
          14          18   2.6134057123811834E-017
          14          19   1.6534284869137226E-003
          15           1   1.1064825580022182E-015
          15           2   7.9555476657541716E-016
          15           3  -1.9882655071742053E-016
          15           4  -3.7617512027734379E-016
          15           5  -4.4295078126785795E-017
          15           6   6.2000031040362350E-016
          15           7  -1.8992758624255362E-016
          15           8  -3.9493297985776739E-016
          15           9  -6.6912533371675498E-017
          15          10   3.9208844109908392E-016
          15          11  -3.2118190756374181E-020
          15          12  -2.7463991631763021E-016
          15          13  -1.8977372153080815E-016
          15          14   4.1788111072729656E-018
          15          15   5.1309525366355831E-030
          15          16   4.1788111072717993E-018
          15          17  -3.1891638831374598E-030
          15          18   4.7650751423939240E-031
          15          19   4.1788111072820021E-018
          16           1   9.9771189512883173E-003
          16           2   1.1518166737762911E-002
          16           3   1.3036177771486709E-016
          16           4  -1.8782450020586651E-016
          16           5  -2.7249224839686090E-016
          16           6  -3.2117705211771520E-002
          16           7   8.1694136941215934E-017
          16           8  -1.7564851602027042E-016
          16           9  -2.9629091086447328E-016
          16          10  -1.0584633182952099E-002
          16          11   3.0775557831222224E-016
          16          12  -1.5342132305670914E-016
          16          13  -3.4595035758893230E-016
          16          14   1.6534284869136170E-003
          16          15   4.1788111072717993E-018
          16          16   1.6534284869136379E-003
          16          17  -2.9055216151287563E-017
          16          18   2.6134057123813051E-017
          16          19   1.6534284869137432E-003
          17           1  -8.0701177744209263E-016
          17           2  -6.2517161043403794E-016
          17           3  -2.3298110455393820E-017
          17           4  -1.4564425571898448E-016
          17           5  -3.4779761224328951E-017
          17           6   9.5723501728658306E-017
          17           7  -1.2050102425141673E-017
          17           8  -1.5889761805633754E-016
          17           9  -5.5343546298163168E-017
          17          10   5.5489840610647940E-017
          17          11   7.8720427423738891E-017
          17          12  -1.5254673193452161E-016
          17          13  -1.7064469907707395E-016
          17          14  -2.9055216151286269E-017
          17          15  -3.1891638831374598E-030
          17          16  -2.9055216151287563E-017
          17          17   4.6128653511300981E-030
          17          18  -2.0709323593470855E-030
          17          19  -2.9055216151299119E-017
          18           1   4.3542017099969868E-016
          18           2   4.1634755346889785E-016
          18           3   5.6103064531021063E-016
          18           4   1.7799467178879984E-016
          18           5  -4.6442119069281600E-017
          18           6  -5.7507233006503889E-016
          18           7   5.8087783677572105E-016
          18           8   1.7365566274737094E-016
          18           9  -6.2344187945886707E-017
          18          10  -3.8491656409457156E-016
          18          11   3.4689673358546794E-016
          18          12   2.8012192247128145E-017
          18          13  -1.3871225672766499E-016
          18          14   2.6134057123811834E-017
          18          15   4.7650751423939240E-031
          18          16   2.6134057123813051E-017
          18          17  -2.0709323593470855E-030
          18          18   2.6500196570828099E-030
          18          19   2.6134057123817473E-017
          19           1   9.9771189512921597E-003
          19           2   1.1518166737766147E-002
          19           3  -1.5558029480225027E-016
          19           4  -3.0315267737247602E-016
          19           5   1.5853841231055379E-016
          19           6  -3.2117705211772783E-002
          19           7  -2.5332186753622380E-016
          19           8  -2.5466166388168275E-016
          19           9   2.1701259871653068E-016
          19          10  -1.0584633182952802E-002
          19          11  -1.6957659779905047E-016
          19          12   8.6878969228120491E-017
          19          13   4.3759844311436511E-016
          19          14   1.6534284869137226E-003
          19          15   4.1788111072820021E-018
          19          16   1.6534284869137432E-003
          19          17  -2.9055216151299119E-017
          19          18   2.6134057123817473E-017
          19          19   1.6534284869138488E-003
