           1           1   2.1387312987249780     
           1           2 -0.56381443753583327     
           1           3   3.5007174365087342E-015
           1           4  -1.3183736872331160E-015
           1           5  -1.6621552912236508E-014
           1           6  0.17065334534471033     
           1           7  -1.1350095665682586E-015
           1           8   2.6367805770893519E-015
           1           9  -1.9608215177298018E-015
           1          10  -3.6581372307910920E-002
           1          11   1.4722907660328315E-015
           1          12  -9.4710053947176084E-016
           1          13   1.9923333256308512E-015
           2           1 -0.56381443753583327     
           2           2   2.2914897502695077     
           2           3  -8.3260818365975998E-015
           2           4   2.2175904606921068E-016
           2           5   6.9243014573451079E-014
           2           6 -0.71656608690868784     
           2           7   1.8487503996015620E-015
           2           8   4.0057487961206151E-016
           2           9  -4.4472880205112593E-015
           2          10  0.15056366134540142     
           2          11  -1.3847804980355810E-015
           2          12  -1.4089077804675289E-015
           2          13   2.8975733080611460E-015
           3           1   3.5007174365087342E-015
           3           2  -8.3260818365975998E-015
           3           3   2.0959670900849461     
           3           4   1.9652444782374365E-002
           3           5  -9.1764315541727410E-004
           3           6   4.5101775700755578E-015
           3           7 -0.31948168996277199     
           3           8 -0.11496663017164380     
           3           9   5.3682044646605614E-003
           3          10  -2.2711702856462326E-015
           3          11  0.12066599784250240     
           3          12   2.1197982431099941E-002
           3          13  -9.8980985826473502E-004
           4           1  -1.3183736872331160E-015
           4           2   2.2175904606921068E-016
           4           3   1.9652444782374365E-002
           4           4   2.0921501288422548     
           4           5  -8.3284618703207314E-004
           4           6   2.9695435704658980E-015
           4           7 -0.11496663017165114     
           4           8 -0.29715250005155069     
           4           9   4.8721429381730170E-003
           4          10  -8.2292756386196302E-016
           4          11   2.1197982431103948E-002
           4          12  0.11654885728852039     
           4          13  -8.9834415638227662E-004
           5           1  -1.6621552912236508E-014
           5           2   6.9243014573451079E-014
           5           3  -9.1764315541727410E-004
           5           4  -8.3284618703207314E-004
           5           5   2.0743526028971768     
           5           6   9.2541812513291247E-015
           5           7   5.3682044646612952E-003
           5           8   4.8721429381578729E-003
           5           9 -0.19303712886894969     
           5          10  -1.5767679342319772E-014
           5          11  -9.8980985826762919E-004
           5          12  -8.9834415637296073E-004
           5          13   9.7351671062898160E-002
           6           1  0.17065334534471033     
           6           2 -0.71656608690868784     
           6           3   4.5101775700755578E-015
           6           4   2.9695435704658980E-015
           6           5   9.2541812513291247E-015
           6           6   2.6448718263243194     
           6           7  -4.4151426685492877E-015
           6           8  -4.1358740677194938E-015
           6           9   1.7859013309863939E-015
           6          10 -0.33322377356833693     
           6          11   7.6891084450211923E-015
           6          12  -1.4408606629433499E-015
           6          13  -2.0379028529875489E-015
           7           1  -1.1350095665682586E-015
           7           2   1.8487503996015620E-015
           7           3 -0.31948168996277199     
           7           4 -0.11496663017165114     
           7           5   5.3682044646612952E-003
           7           6  -4.4151426685492877E-015
           7           7  0.76134418406482729     
           7           8  0.67330687562501090     
           7           9  -3.1439113859623537E-002
           7          10   1.5810698649339415E-015
           7          11 -0.14520140052389532     
           7          12 -0.12299323444679400     
           7          13   5.7429954181614480E-003
           8           1   2.6367805770893519E-015
           8           2   4.0057487961206151E-016
           8           3 -0.11496663017164380     
           8           4 -0.29715250005155069     
           8           5   4.8721429381578729E-003
           8           6  -4.1358740677194938E-015
           8           7  0.67330687562501090     
           8           8  0.63057234990747968     
           8           9  -2.8533908792386320E-002
           8          10   1.9563763777089305E-015
           8          11 -0.12299323444679272     
           8          12 -0.12131325762825218     
           8          13   5.2123004544145290E-003
           9           1  -1.9608215177298018E-015
           9           2  -4.4472880205112593E-015
           9           3   5.3682044646605614E-003
           9           4   4.8721429381730170E-003
           9           5 -0.19303712886894969     
           9           6   1.7859013309863939E-015
           9           7  -3.1439113859623537E-002
           9           8  -2.8533908792386320E-002
           9           9   2.0816326174478917E-002
           9          10  -1.6176909748051021E-015
           9          11   5.7429954181616840E-003
           9          12   5.2123004544146019E-003
           9          13  -9.9288825426396728E-003
          10           1  -3.6581372307910920E-002
          10           2  0.15056366134540142     
          10           3  -2.2711702856462326E-015
          10           4  -8.2292756386196302E-016
          10           5  -1.5767679342319772E-014
          10           6 -0.33322377356833693     
          10           7   1.5810698649339415E-015
          10           8   1.9563763777089305E-015
          10           9  -1.6176909748051021E-015
          10          10   6.9435263974434169E-002
          10          11  -1.4549535845315332E-015
          10          12   7.2818461927331860E-017
          10          13  -5.3797682496938549E-016
          11           1   1.4722907660328315E-015
          11           2  -1.3847804980355810E-015
          11           3  0.12066599784250240     
          11           4   2.1197982431103948E-002
          11           5  -9.8980985826762919E-004
          11           6   7.6891084450211923E-015
          11           7 -0.14520140052389532     
          11           8 -0.12299323444679272     
          11           9   5.7429954181616840E-003
          11          10  -1.4549535845315332E-015
          11          11   2.9592745516945074E-002
          11          12   2.2476703213141939E-002
          11          13  -1.0495179198153235E-003
          12           1  -9.4710053947176084E-016
          12           2  -1.4089077804675289E-015
          12           3   2.1197982431099941E-002
          12           4  0.11654885728852039     
          12           5  -8.9834415637296073E-004
          12           6  -1.4408606629433499E-015
          12           7 -0.12299323444679400     
          12           8 -0.12131325762825218     
          12           9   5.2123004544146019E-003
          12          10   7.2818461927331860E-017
          12          11   2.2476703213141939E-002
          12          12   2.5227247686163343E-002
          12          13  -9.5253475443656671E-004
          13           1   1.9923333256308512E-015
          13           2   2.8975733080611460E-015
          13           3  -9.8980985826473502E-004
          13           4  -8.9834415638227662E-004
          13           5   9.7351671062898160E-002
          13           6  -2.0379028529875489E-015
          13           7   5.7429954181614480E-003
          13           8   5.2123004544145290E-003
          13           9  -9.9288825426396728E-003
          13          10  -5.3797682496938549E-016
          13          11  -1.0495179198153235E-003
          13          12  -9.5253475443656671E-004
          13          13   4.8720342255107133E-003
