           1           1   2.1755778041122031     
           1           2 -0.65651850169076753     
           1           3  -6.1326649771686047E-016
           1           4   5.0747157041404048E-015
           1           5   3.5681003879193877E-015
           1           6  0.18314199868682896     
           1           7   4.2620784896257458E-015
           1           8  -5.5163642456067133E-015
           1           9  -2.9842356097635249E-015
           1          10   1.2201515488508733E-002
           1          11   5.9310531820832239E-016
           1          12   1.7605234226167122E-015
           1          13  -1.9134166208863082E-015
           2           1 -0.65651850169076753     
           2           2   2.4576900589548769     
           2           3   4.1210598629630002E-015
           2           4  -1.8972499705861345E-014
           2           5  -7.2118692153096913E-015
           2           6 -0.77843686694827330     
           2           7  -1.1655494897495608E-014
           2           8   2.4083831635728900E-014
           2           9   7.0460863294421633E-015
           2          10  -4.9593313879914308E-002
           2          11  -9.2016115395493440E-015
           2          12  -5.2903253908941109E-015
           2          13   8.8870625100635751E-015
           3           1  -6.1326649771686047E-016
           3           2   4.1210598629630002E-015
           3           3   2.2414723182131659     
           3           4  -6.1409211049578971E-016
           3           5   1.4571677198205180E-016
           3           6  -9.2307206245485311E-015
           3           7 -0.69115811946327455     
           3           8  -1.5334955527634975E-015
           3           9   3.5041414214731503E-016
           3          10  -4.5032598945098040E-015
           3          11  -3.1094438399866940E-002
           3          12   1.8561541192951836E-015
           3          13  -4.4061976289810900E-016
           4           1   5.0747157041404048E-015
           4           2  -1.8972499705861345E-014
           4           3  -6.1409211049578971E-016
           4           4   2.2414723182131668     
           4           5   6.1062266354383610E-016
           4           6   1.7616122894492324E-014
           4           7  -1.7971735211119721E-015
           4           8 -0.69115811946327543     
           4           9  -1.6930901125533637E-015
           4          10   4.0562348844853069E-015
           4          11   1.3990544833752949E-015
           4          12  -3.1094438399868890E-002
           4          13   3.5084782301630923E-016
           5           1   3.5681003879193877E-015
           5           2  -7.2118692153096913E-015
           5           3   1.4571677198205180E-016
           5           4   6.1062266354383610E-016
           5           5   2.2414723182131655     
           5           6   3.9468999578988914E-015
           5           7   7.7021722333370235E-016
           5           8   1.1379786002407855E-015
           5           9 -0.69115811946327410     
           5          10   6.0797750699782271E-016
           5          11  -1.3357370765021415E-016
           5          12  -7.1687447644741553E-016
           5          13  -3.1094438399868717E-002
           6           1  0.18314199868682896     
           6           2 -0.77843686694827330     
           6           3  -9.2307206245485311E-015
           6           4   1.7616122894492324E-014
           6           5   3.9468999578988914E-015
           6           6   1.9182318522216746     
           6           7   3.8231416805094895E-014
           6           8  -6.6498705796461883E-014
           6           9  -1.2685080147917330E-014
           6          10  0.17852924794182640     
           6          11   2.3354494357666835E-014
           6          12   1.3206307750278463E-014
           6          13  -2.4516687783058290E-014
           7           1   4.2620784896257458E-015
           7           2  -1.1655494897495608E-014
           7           3 -0.69115811946327455     
           7           4  -1.7971735211119721E-015
           7           5   7.7021722333370235E-016
           7           6   3.8231416805094895E-014
           7           7   1.9240394266360561     
           7           8   1.2212453270876722E-015
           7           9   1.3877787807814457E-017
           7          10  -4.7383611538133123E-015
           7          11  0.19104579443693662     
           7          12  -2.6350449600087700E-015
           7          13  -4.4408920985006262E-016
           8           1  -5.5163642456067133E-015
           8           2   2.4083831635728900E-014
           8           3  -1.5334955527634975E-015
           8           4 -0.69115811946327543     
           8           5   1.1379786002407855E-015
           8           6  -6.6498705796461883E-014
           8           7   1.2212453270876722E-015
           8           8   1.9240394266360576     
           8           9   1.9428902930940239E-016
           8          10  -3.0522393494732470E-015
           8          11  -5.0827397846120448E-016
           8          12  0.19104579443693379     
           8          13  -4.3368086899420177E-018
           9           1  -2.9842356097635249E-015
           9           2   7.0460863294421633E-015
           9           3   3.5041414214731503E-016
           9           4  -1.6930901125533637E-015
           9           5 -0.69115811946327410     
           9           6  -1.2685080147917330E-014
           9           7   1.3877787807814457E-017
           9           8   1.9428902930940239E-016
           9           9   1.9240394266360585     
           9          10   1.3994335040729383E-015
           9          11  -6.0541849311590568E-016
           9          12  -1.5378323614534395E-015
           9          13  0.19104579443693442     
          10           1   1.2201515488508733E-002
          10           2  -4.9593313879914308E-002
          10           3  -4.5032598945098040E-015
          10           4   4.0562348844853069E-015
          10           5   6.0797750699782271E-016
          10           6  0.17852924794182640     
          10           7  -4.7383611538133123E-015
          10           8  -3.0522393494732470E-015
          10           9   1.3994335040729383E-015
          10          10   6.3033671205691769E-002
          10          11  -1.7882437696704140E-016
          10          12  -1.5857683589094710E-015
          10          13  -1.5483804544173206E-017
          11           1   5.9310531820832239E-016
          11           2  -9.2016115395493440E-015
          11           3  -3.1094438399866940E-002
          11           4   1.3990544833752949E-015
          11           5  -1.3357370765021415E-016
          11           6   2.3354494357666835E-014
          11           7  0.19104579443693662     
          11           8  -5.0827397846120448E-016
          11           9  -6.0541849311590568E-016
          11          10  -1.7882437696704140E-016
          11          11   6.9015211417348038E-002
          11          12   1.7382471330373850E-016
          11          13  -1.7976072019809664E-016
          12           1   1.7605234226167122E-015
          12           2  -5.2903253908941109E-015
          12           3   1.8561541192951836E-015
          12           4  -3.1094438399868890E-002
          12           5  -7.1687447644741553E-016
          12           6   1.3206307750278463E-014
          12           7  -2.6350449600087700E-015
          12           8  0.19104579443693379     
          12           9  -1.5378323614534395E-015
          12          10  -1.5857683589094710E-015
          12          11   1.7382471330373850E-016
          12          12   6.9015211417346942E-002
          12          13  -1.8225438519481330E-016
          13           1  -1.9134166208863082E-015
          13           2   8.8870625100635751E-015
          13           3  -4.4061976289810900E-016
          13           4   3.5084782301630923E-016
          13           5  -3.1094438399868717E-002
          13           6  -2.4516687783058290E-014
          13           7  -4.4408920985006262E-016
          13           8  -4.3368086899420177E-018
          13           9  0.19104579443693442     
          13          10  -1.5483804544173206E-017
          13          11  -1.7976072019809664E-016
          13          12  -1.8225438519481330E-016
          13          13   6.9015211417347247E-002
