           1           1   2.1705380491018085     
           1           2 -0.64328522982788428     
           1           3   5.9652222655952341E-015
           1           4   1.1491132661701014E-014
           1           5  -2.0937180392395766E-014
           1           6  0.11132356234493446     
           1           7   5.2703062680663072E-015
           1           8  -2.4789595182497177E-015
           1           9   4.8564166084954939E-015
           1          10   6.8185322235875465E-002
           1          11  -8.1554652092125378E-015
           1          12   1.3171954390107992E-014
           1          13   5.8715611663809374E-015
           2           1 -0.64328522982788428     
           2           2   2.4323479575539606     
           2           3   1.8030243083851200E-014
           2           4   1.0922710929158431E-014
           2           5  -2.8085216398387701E-014
           2           6 -0.54093144292986772     
           2           7   5.4286278708128514E-015
           2           8   1.6574288778699579E-014
           2           9   5.3128679356527756E-015
           2          10 -0.28330681301525240     
           2          11  -1.8468229672510895E-014
           2          12  -2.9056607073927520E-016
           2          13   1.0729410973893995E-014
           3           1   5.9652222655952341E-015
           3           2   1.8030243083851200E-014
           3           3   2.1503780985398242     
           3           4  -2.7395620494363726E-015
           3           5   6.2450045135165055E-015
           3           6   1.5985261034416832E-014
           3           7 -0.40731018496491450     
           3           8   1.0444770048856356E-014
           3           9  -1.2347761702002913E-014
           3          10  -1.8719466579465625E-015
           3          11 -0.24053987568877527     
           3          12  -1.0166346930962078E-014
           3          13   1.5204851266936714E-014
           4           1   1.1491132661701014E-014
           4           2   1.0922710929158431E-014
           4           3  -2.7395620494363726E-015
           4           4   2.1503780985398246     
           4           5   1.2383757214129432E-015
           4           6   1.7835411193618168E-014
           4           7   6.3612309864069516E-015
           4           8 -0.40731018496492338     
           4           9  -2.1055206189668496E-015
           4          10   1.6007626411048316E-014
           4          11   6.1313801258400247E-015
           4          12 -0.24053987568876645     
           4          13  -4.4591066949983826E-015
           5           1  -2.0937180392395766E-014
           5           2  -2.8085216398387701E-014
           5           3   6.2450045135165055E-015
           5           4   1.2383757214129432E-015
           5           5   2.1503780985398198     
           5           6  -1.2719285442356311E-014
           5           7  -9.6173069508154185E-015
           5           8  -6.6782517016417131E-015
           5           9 -0.40731018496490801     
           5          10   2.1762085743174406E-015
           5          11  -6.5624589096202612E-015
           5          12   7.6843913177082612E-015
           5          13 -0.24053987568877411     
           6           1  0.11132356234493446     
           6           2 -0.54093144292986772     
           6           3   1.5985261034416832E-014
           6           4   1.7835411193618168E-014
           6           5  -1.2719285442356311E-014
           6           6   1.1493192620219901     
           6           7  -8.9163012442593597E-015
           6           8   7.8809524127873051E-015
           6           9  -1.3156435261165290E-015
           6          10  0.52521612414412400     
           6          11   3.5086298912721163E-015
           6          12   3.1718311559965256E-014
           6          13  -5.6937157130335604E-015
           7           1   5.2703062680663072E-015
           7           2   5.4286278708128514E-015
           7           3 -0.40731018496491450     
           7           4   6.3612309864069516E-015
           7           5  -9.6173069508154185E-015
           7           6  -8.9163012442593597E-015
           7           7   1.1341383642484844     
           7           8  -2.7630675525358583E-014
           7           9   3.2918112680135891E-014
           7          10   2.6870502091062554E-014
           7          11  0.58407623957477828     
           7          12   2.3276519600656798E-014
           7          13  -2.9014984859188075E-014
           8           1  -2.4789595182497177E-015
           8           2   1.6574288778699579E-014
           8           3   1.0444770048856356E-014
           8           4 -0.40731018496492338     
           8           5  -6.6782517016417131E-015
           8           6   7.8809524127873051E-015
           8           7  -2.7630675525358583E-014
           8           8   1.1341383642485119     
           8           9   1.0413545026288773E-014
           8          10   1.2783426144343483E-014
           8          11  -1.1702444568939541E-014
           8          12  0.58407623957477051     
           8          13   1.0535843031345138E-014
           9           1   4.8564166084954939E-015
           9           2   5.3128679356527756E-015
           9           3  -1.2347761702002913E-014
           9           4  -2.1055206189668496E-015
           9           5 -0.40731018496490801     
           9           6  -1.3156435261165290E-015
           9           7   3.2918112680135891E-014
           9           8   1.0413545026288773E-014
           9           9   1.1341383642484724     
           9          10  -2.7781810847912825E-014
           9          11   1.0103029524088925E-014
           9          12  -1.6918758061201800E-014
           9          13  0.58407623957478061     
          10           1   6.8185322235875465E-002
          10           2 -0.28330681301525240     
          10           3  -1.8719466579465625E-015
          10           4   1.6007626411048316E-014
          10           5   2.1762085743174406E-015
          10           6  0.52521612414412400     
          10           7   2.6870502091062554E-014
          10           8   1.2783426144343483E-014
          10           9  -2.7781810847912825E-014
          10          10  0.24064041278762260     
          10          11   1.7732135132129315E-014
          10          12   1.9025146436574938E-014
          10          13  -1.6639033265694080E-014
          11           1  -8.1554652092125378E-015
          11           2  -1.8468229672510895E-014
          11           3 -0.24053987568877527     
          11           4   6.1313801258400247E-015
          11           5  -6.5624589096202612E-015
          11           6   3.5086298912721163E-015
          11           7  0.58407623957477828     
          11           8  -1.1702444568939541E-014
          11           9   1.0103029524088925E-014
          11          10   1.7732135132129315E-014
          11          11  0.30126932041617038     
          11          12   1.3266297782532632E-014
          11          13  -1.8483478636532880E-014
          12           1   1.3171954390107992E-014
          12           2  -2.9056607073927520E-016
          12           3  -1.0166346930962078E-014
          12           4 -0.24053987568876645     
          12           5   7.6843913177082612E-015
          12           6   3.1718311559965256E-014
          12           7   2.3276519600656798E-014
          12           8  0.58407623957477051     
          12           9  -1.6918758061201800E-014
          12          10   1.9025146436574938E-014
          12          11   1.3266297782532632E-014
          12          12  0.30126932041615506     
          12          13  -6.0693637615738538E-015
          13           1   5.8715611663809374E-015
          13           2   1.0729410973893995E-014
          13           3   1.5204851266936714E-014
          13           4  -4.4591066949983826E-015
          13           5 -0.24053987568877411     
          13           6  -5.6937157130335604E-015
          13           7  -2.9014984859188075E-014
          13           8   1.0535843031345138E-014
          13           9  0.58407623957478061     
          13          10  -1.6639033265694080E-014
          13          11  -1.8483478636532880E-014
          13          12  -6.0693637615738538E-015
          13          13  0.30126932041617610     
