           1           1   2.2073052760171175     
           1           2  0.73213716485231251     
           1           3  -3.0296242294647197E-012
           1           4   1.6033707100245494E-011
           1           5  -2.1760563583441534E-011
           1           6 -0.31771786749091113     
           1           7   4.1936071592498199E-012
           1           8  -7.0281956322776415E-011
           1           9   9.6576867644906142E-012
           1          10   5.6245276432206941E-002
           1          11  -3.6954204567267510E-011
           1          12   5.5473395986821626E-012
           1          13   1.0445800014947767E-010
           1          14  -1.8528909935531163E-002
           1          15  -1.7339135832342929E-012
           1          16  -1.7837355500562330E-013
           1          17   3.6499856289841758E-012
           1          18  -1.9900719196872772E-002
           1          19  -7.4300074976824059E-010
           1          20  -1.9900719044605650E-002
           1          21  -1.0528469558441954E-009
           1          22   6.4901495239658340E-010
           1          23  -1.9900719165289966E-002
           1          24  -9.3786497273773482E-004
           1          25  -4.0474658768169996E-010
           1          26  -9.3786488569700993E-004
           1          27  -5.7476988393773143E-010
           1          28   3.5654629519651181E-010
           1          29  -9.3786495565164696E-004
           2           1  0.73213716485231251     
           2           2   2.6122770668915924     
           2           3  -1.3365294876346295E-011
           2           4   5.9128311816387296E-011
           2           5  -6.6318676874726846E-011
           2           6  -1.1108001084682719     
           2           7   2.1102326004769147E-011
           2           8  -2.5110665679114382E-010
           2           9   2.0405559715604662E-011
           2          10  0.19523820841131961     
           2          11  -1.5114309240332312E-010
           2          12   2.7822904237697183E-011
           2          13   3.9133930066481400E-010
           2          14  -6.7321366559669124E-002
           2          15  -1.7676575351622740E-011
           2          16   3.9857332754587206E-012
           2          17   2.3956409117866163E-011
           2          18  -1.2608555531587077E-002
           2          19  -3.6195851438570850E-010
           2          20  -1.2608555493845802E-002
           2          21  -4.7135081572702232E-010
           2          22   2.7345858781270433E-010
           2          23  -1.2608555696159521E-002
           2          24   1.2171727659374605E-003
           2          25  -1.8656011622386526E-010
           2          26   1.2171727974499438E-003
           2          27  -2.4563853890082591E-010
           2          28   1.5124572248630235E-010
           2          29   1.2171726737875417E-003
           3           1  -3.0296242294647197E-012
           3           2  -1.3365294876346295E-011
           3           3   2.3096599347236308     
           3           4  -2.6768532960257067E-012
           3           5  -9.6217331791857062E-013
           3           6   6.1121426597747788E-011
           3           7 -0.85718604480961136     
           3           8   2.7338407208960634E-012
           3           9  -3.0507259569667477E-012
           3          10  -1.8884557991963959E-010
           3          11   5.3855405785092299E-002
           3          12  -8.7574263284835424E-012
           3          13   1.6028987903546559E-011
           3          14  -1.1865084919901629E-010
           3          15   3.6665734903401838E-002
           3          16   2.3076920958154441E-011
           3          17  -1.9363471534736883E-011
           3          18   5.9563859344253851E-010
           3          19   7.2417884673870643E-009
           3          20  -8.8999133858775611E-010
           3          21   1.0579445486387333E-008
           3          22  -6.5974005312404534E-009
           3          23   3.4566625458414562E-010
           3          24   3.3513973101593018E-010
           3          25   3.9902762179099889E-009
           3          26  -4.7566660023670065E-010
           3          27   5.8385356578087366E-009
           3          28  -3.6016826283168370E-009
           3          29   1.1513621560425184E-010
           4           1   1.6033707100245494E-011
           4           2   5.9128311816387296E-011
           4           3  -2.6768532960257067E-012
           4           4   2.3096599347162607     
           4           5   1.8384975244188694E-011
           4           6  -1.7099259798785185E-010
           4           7  -1.0824683960285733E-011
           4           8 -0.85718604478351379     
           4           9  -1.8264143946499740E-011
           4          10   5.8007875097272456E-011
           4          11   3.4547860538344457E-011
           4          12   5.3855405712911177E-002
           4          13   2.7235609585667965E-012
           4          14  -3.1998036198448522E-011
           4          15   4.3785671001268960E-011
           4          16   3.6665735016671835E-002
           4          17  -8.6658246350447468E-012
           4          18   1.0997566823680951E-009
           4          19   9.1300623623354009E-009
           4          20  -9.9530707003690748E-010
           4          21   1.3038509260090538E-008
           4          22  -8.0534105464135653E-009
           4          23  -3.4956544754921885E-011
           4          24   5.0324783560955898E-010
           4          25   5.0734948703291050E-009
           4          26  -5.1190541280290995E-010
           4          27   7.1913004726500129E-009
           4          28  -4.3280653640622475E-009
           4          29  -5.2453204987558098E-011
           5           1  -2.1760563583441534E-011
           5           2  -6.6318676874726846E-011
           5           3  -9.6217331791857062E-013
           5           4   1.8384975244188694E-011
           5           5   2.3096599346507509     
           5           6  -7.8019057048293257E-012
           5           7   4.3223320529478993E-011
           5           8  -4.3931921537822328E-011
           5           9 -0.85718604467844894     
           5          10   3.0375663068890794E-010
           5          11  -1.2156032562548492E-010
           5          12   7.9662672333524319E-011
           5          13   5.3855405638923853E-002
           5          14   9.1194230091049783E-011
           5          15   8.3103585370487757E-011
           5          16  -1.6946621175800841E-010
           5          17   3.6665734949973681E-002
           5          18  -7.4988779266804849E-010
           5          19  -6.6260801674385977E-009
           5          20   6.3437611762265781E-010
           5          21  -9.3515263673871631E-009
           5          22   5.7635814555592312E-009
           5          23   1.0152979138466071E-010
           5          24  -4.5141954449389215E-010
           5          25  -3.6764767857897959E-009
           5          26   3.4077065110931476E-010
           5          27  -5.1728434187874802E-009
           5          28   3.1152452186605053E-009
           5          29   1.2457570724111773E-010
           6           1 -0.31771786749091113     
           6           2  -1.1108001084682719     
           6           3   6.1121426597747788E-011
           6           4  -1.7099259798785185E-010
           6           5  -7.8019057048293257E-012
           6           6   2.7159035623561194     
           6           7  -3.5011029775695434E-011
           6           8   7.0093385139089393E-010
           6           9   1.5227136369192068E-011
           6          10 -0.65248660712187212     
           6          11   3.6890370364604596E-010
           6          12  -3.9086889423241473E-011
           6          13  -1.1723798116626477E-009
           6          14  0.22585005015517645     
           6          15  -1.1573916487247616E-011
           6          16   1.6676075593573140E-011
           6          17  -2.5998381521659052E-011
           6          18   4.1324304196153332E-003
           6          19   3.1562679439767161E-008
           6          20   4.1324237872107355E-003
           6          21   4.5006088518568725E-008
           6          22  -2.7802869978288579E-008
           6          23   4.1324274158695950E-003
           6          24   5.7387437243635502E-004
           6          25   1.7305889387694160E-008
           6          26   5.7387070714576402E-004
           6          27   2.4680714715182395E-008
           6          28  -1.5275462042405610E-008
           6          29   5.7387271357849708E-004
           7           1   4.1936071592498199E-012
           7           2   2.1102326004769147E-011
           7           3 -0.85718604480961136     
           7           4  -1.0824683960285733E-011
           7           5   4.3223320529478993E-011
           7           6  -3.5011029775695434E-011
           7           7   2.3764689355375292     
           7           8   4.0261371527731830E-011
           7           9  -1.0194921682639707E-010
           7          10   6.3936544979086603E-010
           7          11 -0.19507495844646869     
           7          12   4.8371505373336479E-011
           7          13  -2.7188942214939918E-011
           7          14   3.9707394781832951E-010
           7          15 -0.11727751674929819     
           7          16  -3.5543244921381724E-011
           7          17   4.4534176010307543E-011
           7          18  -1.4346199033930034E-009
           7          19  -1.8996997028836082E-008
           7          20   2.3845183423816933E-009
           7          21  -2.7681970095819523E-008
           7          22   1.7278722060992135E-008
           7          23  -9.4603864759632518E-010
           7          24  -7.9131348068947378E-010
           7          25  -1.0414651707738949E-008
           7          26   1.2916794619359653E-009
           7          27  -1.5318771250584860E-008
           7          28   9.4556956971753149E-009
           7          29  -3.9250483420894823E-010
           8           1  -7.0281956322776415E-011
           8           2  -2.5110665679114382E-010
           8           3   2.7338407208960634E-012
           8           4 -0.85718604478351379     
           8           5  -4.3931921537822328E-011
           8           6   7.0093385139089393E-010
           8           7   4.0261371527731830E-011
           8           8   2.3764689354428636     
           8           9   3.5388347190344498E-011
           8          10  -1.6379657053303567E-010
           8          11  -1.1095100907841305E-010
           8          12 -0.19507495819649970     
           8          13   8.4013717469453738E-013
           8          14   8.3384716044074415E-011
           8          15  -1.0643178591086389E-010
           8          16 -0.11727751702607560     
           8          17   1.3110983194020094E-011
           8          18  -2.5785470958109190E-009
           8          19  -2.0575369512505112E-008
           8          20   2.2833348600955104E-009
           8          21  -2.9207147344104897E-008
           8          22   1.8040867740641718E-008
           8          23   3.4754607975713389E-010
           8          24  -1.1801227556886339E-009
           8          25  -1.1403254849675129E-008
           8          26   1.1846695580644041E-009
           8          27  -1.6121970441585269E-008
           8          28   9.6489000082794216E-009
           8          29   2.3530804622267455E-010
           9           1   9.6576867644906142E-012
           9           2   2.0405559715604662E-011
           9           3  -3.0507259569667477E-012
           9           4  -1.8264143946499740E-011
           9           5 -0.85718604467844894     
           9           6   1.5227136369192068E-011
           9           7  -1.0194921682639707E-010
           9           8   3.5388347190344498E-011
           9           9   2.3764689353644695     
           9          10  -1.0235684810019579E-009
           9          11   3.1166074013591759E-010
           9          12  -2.3059841815598824E-010
           9          13 -0.19507495807984437     
           9          14  -2.3559960745828534E-010
           9          15  -2.1466000772742356E-010
           9          16   4.2938919130092573E-010
           9          17 -0.11727751685516521     
           9          18   1.9993320578969785E-009
           9          19   1.6529583159739289E-008
           9          20  -1.5314805376118372E-009
           9          21   2.3343402974629770E-008
           9          22  -1.4368051955015468E-008
           9          23  -4.7302025501796924E-010
           9          24   1.1734840784155098E-009
           9          25   9.1459287308605801E-009
           9          26  -8.2629427721629403E-010
           9          27   1.2914143099959964E-008
           9          28  -7.8095414678537972E-009
           9          29  -3.7236516253829209E-010
          10           1   5.6245276432206941E-002
          10           2  0.19523820841131961     
          10           3  -1.8884557991963959E-010
          10           4   5.8007875097272456E-011
          10           5   3.0375663068890794E-010
          10           6 -0.65248660712187212     
          10           7   6.3936544979086603E-010
          10           8  -1.6379657053303567E-010
          10           9  -1.0235684810019579E-009
          10          10   1.3462514058000270     
          10          11  -1.5256490718466176E-009
          10          12   4.2002910759837437E-010
          10          13   2.8125576408592569E-009
          10          14 -0.46053442832495090     
          10          15  -3.4636905504712282E-010
          10          16   1.1894779439044449E-010
          10          17   3.3086442912281825E-010
          10          18  -7.3722565179949512E-004
          10          19   7.1540444394598610E-008
          10          20  -7.3724206172920480E-004
          10          21   1.0387375304657522E-007
          10          22  -6.4672336067642992E-008
          10          23  -7.3723386910310720E-004
          10          24   1.2807407675400166E-003
          10          25   3.9305137364261272E-008
          10          26   1.2807317953098555E-003
          10          27   5.7059386752103012E-008
          10          28  -3.5525775258303631E-008
          10          29   1.2807363056443980E-003
          11           1  -3.6954204567267510E-011
          11           2  -1.5114309240332312E-010
          11           3   5.3855405785092299E-002
          11           4   3.4547860538344457E-011
          11           5  -1.2156032562548492E-010
          11           6   3.6890370364604596E-010
          11           7 -0.19507495844646869     
          11           8  -1.1095100907841305E-010
          11           9   3.1166074013591759E-010
          11          10  -1.5256490718466176E-009
          11          11  0.54165379207439990     
          11          12  -4.8399321104481543E-011
          11          13   1.8482613549960987E-010
          11          14  -7.3484361259126783E-010
          11          15  0.28314012896405466     
          11          16   6.3028745610354273E-011
          11          17  -1.1335961508971619E-010
          11          18  -5.1001291396685729E-009
          11          19  -3.2735884304286414E-008
          11          20   3.0628632431397566E-009
          11          21  -4.7204144185797620E-008
          11          22   2.9204133649813555E-008
          11          23   2.0151357104881667E-009
          11          24  -2.7540571641335349E-009
          11          25  -1.7981544000087968E-008
          11          26   1.6604092213846169E-009
          11          27  -2.5904846751057467E-008
          11          28   1.6039424168794878E-008
          11          29   1.0540238605706221E-009
          12           1   5.5473395986821626E-012
          12           2   2.7822904237697183E-011
          12           3  -8.7574263284835424E-012
          12           4   5.3855405712911177E-002
          12           5   7.9662672333524319E-011
          12           6  -3.9086889423241473E-011
          12           7   4.8371505373336479E-011
          12           8 -0.19507495819649970     
          12           9  -2.3059841815598824E-010
          12          10   4.2002910759837437E-010
          12          11  -4.8399321104481543E-011
          12          12  0.54165379179703033     
          12          13   2.7182418209309420E-011
          12          14   3.5990744565580207E-010
          12          15  -3.8531601124169046E-011
          12          16  0.28314012903694036     
          12          17  -4.4973526795704077E-011
          12          18   1.8483204501129497E-009
          12          19   2.8162738507720021E-009
          12          20   1.3711508497122002E-010
          12          21   2.9159906246182423E-009
          12          22  -1.6881274216081120E-009
          12          23  -1.9731592265180390E-009
          12          24   1.0158988193921131E-009
          12          25   1.5761556559995719E-009
          12          26   6.4314176320196086E-011
          12          27   1.6104278967789710E-009
          12          28  -9.3846847283839911E-010
          12          29  -1.0558454285409205E-009
          13           1   1.0445800014947767E-010
          13           2   3.9133930066481400E-010
          13           3   1.6028987903546559E-011
          13           4   2.7235609585667965E-012
          13           5   5.3855405638923853E-002
          13           6  -1.1723798116626477E-009
          13           7  -2.7188942214939918E-011
          13           8   8.4013717469453738E-013
          13           9 -0.19507495807984437     
          13          10   2.8125576408592569E-009
          13          11   1.8482613549960987E-010
          13          12   2.7182418209309420E-011
          13          13  0.54165379145474357     
          13          14   1.5170014085143025E-010
          13          15   1.3220558936517039E-011
          13          16   3.3630990242696324E-011
          13          17  0.28314012913090658     
          13          18  -1.7296282330802431E-009
          13          19  -1.3431934338350914E-009
          13          20  -5.2600011608483170E-010
          13          21  -1.7784280469310191E-009
          13          22   1.0440797245747900E-009
          13          23   2.2606843547383476E-009
          13          24  -9.6336289616663676E-010
          13          25  -7.2014513908361799E-010
          13          26  -3.1803936403622300E-010
          13          27  -9.6296241267643979E-010
          13          28   5.6346859697974106E-010
          13          29   1.1502048045781317E-009
          14           1  -1.8528909935531163E-002
          14           2  -6.7321366559669124E-002
          14           3  -1.1865084919901629E-010
          14           4  -3.1998036198448522E-011
          14           5   9.1194230091049783E-011
          14           6  0.22585005015517645     
          14           7   3.9707394781832951E-010
          14           8   8.3384716044074415E-011
          14           9  -2.3559960745828534E-010
          14          10 -0.46053442832495090     
          14          11  -7.3484361259126783E-010
          14          12   3.5990744565580207E-010
          14          13   1.5170014085143025E-010
          14          14  0.15772109884226199     
          14          15  -5.3350797722901355E-010
          14          16   2.1884108387425446E-010
          14          17   4.7035219906326801E-010
          14          18   2.5583649169077659E-004
          14          19   6.3059154280085869E-008
          14          20   2.5582177995766859E-004
          14          21   9.1151952217140488E-008
          14          22  -5.6902631402083828E-008
          14          23   2.5582913349781437E-004
          14          24  -3.0702582247109519E-004
          14          25   3.4619598849608853E-008
          14          26  -3.0703391804430785E-004
          14          27   5.0048564760110652E-008
          14          28  -3.1245365423879295E-008
          14          29  -3.0702987623289365E-004
          15           1  -1.7339135832342929E-012
          15           2  -1.7676575351622740E-011
          15           3   3.6665734903401838E-002
          15           4   4.3785671001268960E-011
          15           5   8.3103585370487757E-011
          15           6  -1.1573916487247616E-011
          15           7 -0.11727751674929819     
          15           8  -1.0643178591086389E-010
          15           9  -2.1466000772742356E-010
          15          10  -3.4636905504712282E-010
          15          11  0.28314012896405466     
          15          12  -3.8531601124169046E-011
          15          13   1.3220558936517039E-011
          15          14  -5.3350797722901355E-010
          15          15  0.14811261755552285     
          15          16   2.6662132535105059E-011
          15          17  -1.0005309710563477E-010
          15          18   3.9084448651806979E-009
          15          19   3.2434111449611299E-008
          15          20  -3.5296834341596228E-009
          15          21   4.7324088675447308E-008
          15          22  -2.9477164598971602E-008
          15          23  -3.8994329384318243E-010
          15          24   2.1739605259855344E-009
          15          25   1.7807360464107547E-008
          15          26  -1.9439935969737791E-009
          15          27   2.5997813145339080E-008
          15          28  -1.6186192432530716E-008
          15          29  -2.3654011291539705E-010
          16           1  -1.7837355500562330E-013
          16           2   3.9857332754587206E-012
          16           3   2.3076920958154441E-011
          16           4   3.6665735016671835E-002
          16           5  -1.6946621175800841E-010
          16           6   1.6676075593573140E-011
          16           7  -3.5543244921381724E-011
          16           8 -0.11727751702607560     
          16           9   4.2938919130092573E-010
          16          10   1.1894779439044449E-010
          16          11   6.3028745610354273E-011
          16          12  0.28314012903694036     
          16          13   3.3630990242696324E-011
          16          14   2.1884108387425446E-010
          16          15   2.6662132535105059E-011
          16          16  0.14811261771171666     
          16          17  -1.6916371454828236E-011
          16          18  -1.7981275752298271E-009
          16          19  -9.7898436217529394E-009
          16          20   1.1276816565297124E-009
          16          21  -1.4051909419827493E-008
          16          22   8.7843377088251664E-009
          16          23   6.7636135458545530E-010
          16          24  -9.9081553786765047E-010
          16          25  -5.3607551337683470E-009
          16          26   6.1233308146630705E-010
          16          27  -7.7079136260596229E-009
          16          28   4.8172432325729556E-009
          16          29   3.8411901803196919E-010
          17           1   3.6499856289841758E-012
          17           2   2.3956409117866163E-011
          17           3  -1.9363471534736883E-011
          17           4  -8.6658246350447468E-012
          17           5   3.6665734949973681E-002
          17           6  -2.5998381521659052E-011
          17           7   4.4534176010307543E-011
          17           8   1.3110983194020094E-011
          17           9 -0.11727751685516521     
          17          10   3.3086442912281825E-010
          17          11  -1.1335961508971619E-010
          17          12  -4.4973526795704077E-011
          17          13  0.28314012913090658     
          17          14   4.7035219906326801E-010
          17          15  -1.0005309710563477E-010
          17          16  -1.6916371454828236E-011
          17          17  0.14811261790093375     
          17          18  -3.2428371866696203E-009
          17          19  -3.3680952231919560E-008
          17          20   3.8318747654942069E-009
          17          21  -4.8765393575946805E-008
          17          22   3.0239186881847341E-008
          17          23  -5.8434332049567038E-010
          17          24  -1.7902856250866175E-009
          17          25  -1.8486013361626213E-008
          17          26   2.0890603569685383E-009
          17          27  -2.6772962404043800E-008
          17          28   1.6600747365357256E-008
          17          29  -3.6998471768490534E-010
          18           1  -1.9900719196872772E-002
          18           2  -1.2608555531587077E-002
          18           3   5.9563859344253851E-010
          18           4   1.0997566823680951E-009
          18           5  -7.4988779266804849E-010
          18           6   4.1324304196153332E-003
          18           7  -1.4346199033930034E-009
          18           8  -2.5785470958109190E-009
          18           9   1.9993320578969785E-009
          18          10  -7.3722565179949512E-004
          18          11  -5.1001291396685729E-009
          18          12   1.8483204501129497E-009
          18          13  -1.7296282330802431E-009
          18          14   2.5583649169077659E-004
          18          15   3.9084448651806979E-009
          18          16  -1.7981275752298271E-009
          18          17  -3.2428371866696203E-009
          18          18   1.1197105819148079     
          18          19   1.4403411815308166E-008
          18          20 -0.55956114584337668     
          18          21   2.0880346400071307E-008
          18          22  -1.3310423731193713E-008
          18          23 -0.55956114376319510     
          18          24  0.61783100912462241     
          18          25   7.7098285995846784E-009
          18          26 -0.30889898760080781     
          18          27   1.0825888685966313E-008
          18          28  -6.4072252717606740E-009
          18          29 -0.30889898764925650     
          19           1  -7.4300074976824059E-010
          19           2  -3.6195851438570850E-010
          19           3   7.2417884673870643E-009
          19           4   9.1300623623354009E-009
          19           5  -6.6260801674385977E-009
          19           6   3.1562679439767161E-008
          19           7  -1.8996997028836082E-008
          19           8  -2.0575369512505112E-008
          19           9   1.6529583159739289E-008
          19          10   7.1540444394598610E-008
          19          11  -3.2735884304286414E-008
          19          12   2.8162738507720021E-009
          19          13  -1.3431934338350914E-009
          19          14   6.3059154280085869E-008
          19          15   3.2434111449611299E-008
          19          16  -9.7898436217529394E-009
          19          17  -3.3680952231919560E-008
          19          18   1.4403411815308166E-008
          19          19   1.1195144842982399     
          19          20   3.1211897180232028E-010
          19          21   7.0432843724030440E-009
          19          22  -3.3756806516748520E-009
          19          23   8.6708399517142737E-009
          19          24   8.1404116604013778E-009
          19          25  0.61781999713924762     
          19          26   2.5265968243491826E-008
          19          27  -5.0249104599469742E-009
          19          28   1.8360889336700352E-009
          19          29   1.5346954097212053E-008
          20           1  -1.9900719044605650E-002
          20           2  -1.2608555493845802E-002
          20           3  -8.8999133858775611E-010
          20           4  -9.9530707003690748E-010
          20           5   6.3437611762265781E-010
          20           6   4.1324237872107355E-003
          20           7   2.3845183423816933E-009
          20           8   2.2833348600955104E-009
          20           9  -1.5314805376118372E-009
          20          10  -7.3724206172920480E-004
          20          11   3.0628632431397566E-009
          20          12   1.3711508497122002E-010
          20          13  -5.2600011608483170E-010
          20          14   2.5582177995766859E-004
          20          15  -3.5296834341596228E-009
          20          16   1.1276816565297124E-009
          20          17   3.8318747654942069E-009
          20          18 -0.55956114584337668     
          20          19   3.1211897180232028E-010
          20          20   1.1197105785432502     
          20          21   2.3745594056579576E-010
          20          22  -3.4851036390273028E-010
          20          23 -0.55956114530704815     
          20          24 -0.30889899018253864     
          20          25   5.6769419182912007E-010
          20          26  0.61783100478486419     
          20          27   9.8685670879308896E-010
          20          28  -4.3866270309767279E-010
          20          29 -0.30889899114680697     
          21           1  -1.0528469558441954E-009
          21           2  -4.7135081572702232E-010
          21           3   1.0579445486387333E-008
          21           4   1.3038509260090538E-008
          21           5  -9.3515263673871631E-009
          21           6   4.5006088518568725E-008
          21           7  -2.7681970095819523E-008
          21           8  -2.9207147344104897E-008
          21           9   2.3343402974629770E-008
          21          10   1.0387375304657522E-007
          21          11  -4.7204144185797620E-008
          21          12   2.9159906246182423E-009
          21          13  -1.7784280469310191E-009
          21          14   9.1151952217140488E-008
          21          15   4.7324088675447308E-008
          21          16  -1.4051909419827493E-008
          21          17  -4.8765393575946805E-008
          21          18   2.0880346400071307E-008
          21          19   7.0432843724030440E-009
          21          20   2.3745594056579576E-010
          21          21   1.1195144955935741     
          21          22  -7.2220965319189322E-009
          21          23   1.2268869585006768E-008
          21          24   1.1811504928920249E-008
          21          25   3.5151326301677913E-011
          21          26   3.6278364074393288E-008
          21          27  0.61781999313790514     
          21          28   1.2251107767136175E-009
          21          29   2.2218622934517972E-008
          22           1   6.4901495239658340E-010
          22           2   2.7345858781270433E-010
          22           3  -6.5974005312404534E-009
          22           4  -8.0534105464135653E-009
          22           5   5.7635814555592312E-009
          22           6  -2.7802869978288579E-008
          22           7   1.7278722060992135E-008
          22           8   1.8040867740641718E-008
          22           9  -1.4368051955015468E-008
          22          10  -6.4672336067642992E-008
          22          11   2.9204133649813555E-008
          22          12  -1.6881274216081120E-009
          22          13   1.0440797245747900E-009
          22          14  -5.6902631402083828E-008
          22          15  -2.9477164598971602E-008
          22          16   8.7843377088251664E-009
          22          17   3.0239186881847341E-008
          22          18  -1.3310423731193713E-008
          22          19  -3.3756806516748520E-009
          22          20  -3.4851036390273028E-010
          22          21  -7.2220965319189322E-009
          22          22   1.1195144850124572     
          22          23  -6.9769012762068488E-009
          22          24  -7.3039480482996388E-009
          22          25   5.5486824856995147E-010
          22          26  -2.2457611637006023E-008
          22          27   3.8928480300449469E-009
          22          28  0.61781999688611600     
          22          29  -1.3714105648328982E-008
          23           1  -1.9900719165289966E-002
          23           2  -1.2608555696159521E-002
          23           3   3.4566625458414562E-010
          23           4  -3.4956544754921885E-011
          23           5   1.0152979138466071E-010
          23           6   4.1324274158695950E-003
          23           7  -9.4603864759632518E-010
          23           8   3.4754607975713389E-010
          23           9  -4.7302025501796924E-010
          23          10  -7.3723386910310720E-004
          23          11   2.0151357104881667E-009
          23          12  -1.9731592265180390E-009
          23          13   2.2606843547383476E-009
          23          14   2.5582913349781437E-004
          23          15  -3.8994329384318243E-010
          23          16   6.7636135458545530E-010
          23          17  -5.8434332049567038E-010
          23          18 -0.55956114376319510     
          23          19   8.6708399517142737E-009
          23          20 -0.55956114530704815     
          23          21   1.2268869585006768E-008
          23          22  -6.9769012762068488E-009
          23          23   1.1197105787756096     
          23          24 -0.30889898876253802     
          23          25   4.5651998716062486E-009
          23          26 -0.30889898970342466     
          23          27   6.5197489835601766E-009
          23          28  -4.4847680278994006E-009
          23          29  0.61783100754480103     
          24           1  -9.3786497273773482E-004
          24           2   1.2171727659374605E-003
          24           3   3.3513973101593018E-010
          24           4   5.0324783560955898E-010
          24           5  -4.5141954449389215E-010
          24           6   5.7387437243635502E-004
          24           7  -7.9131348068947378E-010
          24           8  -1.1801227556886339E-009
          24           9   1.1734840784155098E-009
          24          10   1.2807407675400166E-003
          24          11  -2.7540571641335349E-009
          24          12   1.0158988193921131E-009
          24          13  -9.6336289616663676E-010
          24          14  -3.0702582247109519E-004
          24          15   2.1739605259855344E-009
          24          16  -9.9081553786765047E-010
          24          17  -1.7902856250866175E-009
          24          18  0.61783100912462241     
          24          19   8.1404116604013778E-009
          24          20 -0.30889899018253864     
          24          21   1.1811504928920249E-008
          24          22  -7.3039480482996388E-009
          24          23 -0.30889898876253802     
          24          24  0.34106138599407687     
          24          25   4.3604166155495102E-009
          24          26 -0.17038039150054768     
          24          27   6.1353999039521227E-009
          24          28  -3.5161347190615101E-009
          24          29 -0.17038039137553429     
          25           1  -4.0474658768169996E-010
          25           2  -1.8656011622386526E-010
          25           3   3.9902762179099889E-009
          25           4   5.0734948703291050E-009
          25           5  -3.6764767857897959E-009
          25           6   1.7305889387694160E-008
          25           7  -1.0414651707738949E-008
          25           8  -1.1403254849675129E-008
          25           9   9.1459287308605801E-009
          25          10   3.9305137364261272E-008
          25          11  -1.7981544000087968E-008
          25          12   1.5761556559995719E-009
          25          13  -7.2014513908361799E-010
          25          14   3.4619598849608853E-008
          25          15   1.7807360464107547E-008
          25          16  -5.3607551337683470E-009
          25          17  -1.8486013361626213E-008
          25          18   7.7098285995846784E-009
          25          19  0.61781999713924762     
          25          20   5.6769419182912007E-010
          25          21   3.5151326301677913E-011
          25          22   5.5486824856995147E-010
          25          23   4.5651998716062486E-009
          25          24   4.3604166155495102E-009
          25          25  0.34096118357742361     
          25          26   1.4092589551148317E-008
          25          27  -4.8645677486134985E-009
          25          28   2.3317308431287980E-009
          25          29   8.3193807263619737E-009
          26           1  -9.3786488569700993E-004
          26           2   1.2171727974499438E-003
          26           3  -4.7566660023670065E-010
          26           4  -5.1190541280290995E-010
          26           5   3.4077065110931476E-010
          26           6   5.7387070714576402E-004
          26           7   1.2916794619359653E-009
          26           8   1.1846695580644041E-009
          26           9  -8.2629427721629403E-010
          26          10   1.2807317953098555E-003
          26          11   1.6604092213846169E-009
          26          12   6.4314176320196086E-011
          26          13  -3.1803936403622300E-010
          26          14  -3.0703391804430785E-004
          26          15  -1.9439935969737791E-009
          26          16   6.1233308146630705E-010
          26          17   2.0890603569685383E-009
          26          18 -0.30889898760080781     
          26          19   2.5265968243491826E-008
          26          20  0.61783100478486419     
          26          21   3.6278364074393288E-008
          26          22  -2.2457611637006023E-008
          26          23 -0.30889898970342466     
          26          24 -0.17038039150054768     
          26          25   1.4092589551148317E-008
          26          26  0.34106138224680105     
          26          27   2.0391202539542529E-008
          26          28  -1.2467504908845096E-008
          26          29 -0.17038039334799931     
          27           1  -5.7476988393773143E-010
          27           2  -2.4563853890082591E-010
          27           3   5.8385356578087366E-009
          27           4   7.1913004726500129E-009
          27           5  -5.1728434187874802E-009
          27           6   2.4680714715182395E-008
          27           7  -1.5318771250584860E-008
          27           8  -1.6121970441585269E-008
          27           9   1.2914143099959964E-008
          27          10   5.7059386752103012E-008
          27          11  -2.5904846751057467E-008
          27          12   1.6104278967789710E-009
          27          13  -9.6296241267643979E-010
          27          14   5.0048564760110652E-008
          27          15   2.5997813145339080E-008
          27          16  -7.7079136260596229E-009
          27          17  -2.6772962404043800E-008
          27          18   1.0825888685966313E-008
          27          19  -5.0249104599469742E-009
          27          20   9.8685670879308896E-010
          27          21  0.61781999313790514     
          27          22   3.8928480300449469E-009
          27          23   6.5197489835601766E-009
          27          24   6.1353999039521227E-009
          27          25  -4.8645677486134985E-009
          27          26   2.0391202539542529E-008
          27          27  0.34096117577637164     
          27          28   4.9874461297007473E-009
          27          29   1.2082913783026946E-008
          28           1   3.5654629519651181E-010
