           1           1   2.0994325026068896     
           1           2 -0.25025256265235823     
           1           3  -2.3290437305995265E-016
           1           4   6.8313249374681356E-016
           1           5   7.5758524074508861E-016
           1           6 -0.22482833873121394     
           1           7   2.8385883616954043E-016
           1           8  -7.0122520904216157E-016
           1           9  -3.6982714536763453E-016
           2           1 -0.25025256265235823     
           2           2  0.75041528976446259     
           2           3   2.0114948182534322E-015
           2           4   5.1198156306462325E-016
           2           5   1.1612531436654250E-015
           2           6  0.49031708066099483     
           2           7  -1.4417755146941052E-016
           2           8  -3.7759249469926540E-016
           2           9   8.8440675277731971E-016
           3           1  -2.3290437305995265E-016
           3           2   2.0114948182534322E-015
           3           3   7.3400802868634998E-002
           3           4 -0.23851320324394240     
           3           5  -2.3649490710840951E-002
           3           6   1.2994030270040690E-016
           3           7   9.0085132955152417E-003
           3           8  -2.9272831884746265E-002
           3           9  -2.9025125499248156E-003
           4           1   6.8313249374681356E-016
           4           2   5.1198156306462325E-016
           4           3 -0.23851320324394240     
           4           4  0.77503986194128260     
           4           5   7.6848148304667629E-002
           4           6  -1.2599693262424831E-015
           4           7  -2.9272831884746678E-002
           4           8   9.5120988163410303E-002
           4           9   9.4316075394610347E-003
           5           1   7.5758524074508861E-016
           5           2   1.1612531436654250E-015
           5           3  -2.3649490710840951E-002
           5           4   7.6848148304667629E-002
           5           5   7.6197860108305022E-003
           5           6  -1.3207215224674982E-015
           5           7  -2.9025125499248755E-003
           5           8   9.4316075394610972E-003
           5           9   9.3517973788919035E-004
           6           1 -0.22482833873121394     
           6           2  0.49031708066099483     
           6           3   1.2994030270040690E-016
           6           4  -1.2599693262424831E-015
           6           5  -1.3207215224674982E-015
           6           6  0.51966152022557277     
           6           7  -3.5936448430247885E-016
           6           8  -4.8297710168442071E-016
           6           9   1.1964257205740700E-015
           7           1   2.8385883616954043E-016
           7           2  -1.4417755146941052E-016
           7           3   9.0085132955152417E-003
           7           4  -2.9272831884746678E-002
           7           5  -2.9025125499248755E-003
           7           6  -3.5936448430247885E-016
           7           7   1.1056188573402186E-003
           7           8  -3.5926677219467202E-003
           7           9  -3.5622666067009189E-004
           8           1  -7.0122520904216157E-016
           8           2  -3.7759249469926540E-016
           8           3  -2.9272831884746265E-002
           8           4   9.5120988163410303E-002
           8           5   9.4316075394610972E-003
           8           6  -4.8297710168442071E-016
           8           7  -3.5926677219467202E-003
           8           8   1.1674241330659614E-002
           8           9   1.1575454027304890E-003
           9           1  -3.6982714536763453E-016
           9           2   8.8440675277731971E-016
           9           3  -2.9025125499248156E-003
           9           4   9.4316075394610347E-003
           9           5   9.3517973788919035E-004
           9           6   1.1964257205740700E-015
           9           7  -3.5622666067009189E-004
           9           8   1.1575454027304890E-003
           9           9   1.1477502661038295E-004
