           1           1   2.0865279523570912     
           1           2 -0.23479475212373357     
           1           3   4.5506569622779229E-016
           1           4   1.5611630023831411E-015
           1           5   6.6571710091666251E-016
           1           6 -0.20288297444266801     
           1           7   1.1340369339795376E-015
           1           8   1.0623954938082202E-015
           1           9  -1.6308170490354602E-015
           2           1 -0.23479475212373357     
           2           2  0.73546673581657152     
           2           3   5.9172829707146441E-015
           2           4   5.5723605385816569E-015
           2           5  -9.8632651773532682E-015
           2           6  0.49647403512105270     
           2           7  -2.0248051715847686E-015
           2           8  -5.6482088694534248E-015
           2           9   3.2691284043642284E-015
           3           1   4.5506569622779229E-016
           3           2   5.9172829707146441E-015
           3           3   5.5044192202627303E-028
           3           4   4.4751146295723279E-028
           3           5  -6.6200119615172722E-028
           3           6  -4.6395064495596478E-015
           3           7   6.1259314460588464E-029
           3           8  -3.8841323819805730E-029
           3           9  -1.1098540091729279E-028
           4           1   1.5611630023831411E-015
           4           2   5.5723605385816569E-015
           4           3   4.4751146295723279E-028
           4           4   3.6602145085866402E-028
           4           5  -5.4107884984022510E-028
           4           6  -3.1852264841527537E-015
           4           7   4.7182480210615091E-029
           4           8  -3.7802102136405919E-029
           4           9  -8.5555175726628814E-029
           5           1   6.6571710091666251E-016
           5           2  -9.8632651773532682E-015
           5           3  -6.6200119615172722E-028
           5           4  -5.4107884984022510E-028
           5           5   8.0744782912657319E-028
           5           6   3.3373064316077053E-015
           5           7  -6.2596808474414694E-029
           5           8   6.8084302320002921E-029
           5           9   1.1512304419708856E-028
           6           1 -0.20288297444266801     
           6           2  0.49647403512105270     
           6           3  -4.6395064495596478E-015
           6           4  -3.1852264841527537E-015
           6           5   3.3373064316077053E-015
           6           6  0.48676881135283973     
           6           7  -2.7360079438710801E-015
           6           8  -3.9552411293929965E-015
           6           9   4.6118700273666724E-015
           7           1   1.1340369339795376E-015
           7           2  -2.0248051715847686E-015
           7           3   6.1259314460588464E-029
           7           4   4.7182480210615091E-029
           7           5  -6.2596808474414694E-029
           7           6  -2.7360079438710801E-015
           7           7   1.7956486999944498E-029
           7           8   1.6859620260505311E-029
           7           9  -3.0700744259214344E-029
           8           1   1.0623954938082202E-015
           8           2  -5.6482088694534248E-015
           8           3  -3.8841323819805730E-029
           8           4  -3.7802102136405919E-029
           8           5   6.8084302320002921E-029
           8           6  -3.9552411293929965E-015
           8           7   1.6859620260505311E-029
           8           8   4.4040527640850198E-029
           8           9  -2.7364981882286218E-029
           9           1  -1.6308170490354602E-015
           9           2   3.2691284043642284E-015
           9           3  -1.1098540091729279E-028
           9           4  -8.5555175726628814E-029
           9           5   1.1512304419708856E-028
           9           6   4.6118700273666724E-015
           9           7  -3.0700744259214344E-029
           9           8  -2.7364981882286218E-029
           9           9   5.2696084278458917E-029
