           1           1   2.2105738523305130     
           1           2  0.74048850872677230     
           1           3   6.8371025730905370E-010
           1           4   7.3512465236794241E-010
           1           5   9.6722801786598967E-010
           1           6 -0.34075973246400959     
           1           7  -1.8770661871136287E-009
           1           8  -2.1219604242993244E-009
           1           9  -2.8793923876490282E-009
           1          10   6.6309996304128510E-002
           1          11   3.4775099259038197E-011
           1          12   1.1719949570725273E-010
           1          13   1.9102033724788513E-010
           1          14  -1.8397839063452388E-002
           1          15  -3.3166714347311765E-011
           1          16  -7.9651289365195121E-012
           1          17   1.4387189666032647E-011
           1          18  -2.3837447079515808E-002
           1          19   1.7045115594856519E-004
           1          20  -2.4134250143223061E-002
           1          21  -7.9533827581057732E-005
           1          22   1.9273513372654576E-004
           1          23  -2.3854416536409198E-002
           1          24  -2.6899609729019655E-003
           1          25  -2.8664068932596985E-005
           1          26  -2.6400494398465205E-003
           1          27   1.3375122927386599E-005
           1          28  -3.2411642349704228E-005
           1          29  -2.6871070151363199E-003
           2           1  0.74048850872677230     
           2           2   2.6404723996119421     
           2           3   2.8521297554725091E-009
           2           4   3.0668192583462740E-009
           2           5   4.0402753686113125E-009
           2           6  -1.1510609728678336     
           2           7  -7.7980389987341214E-009
           2           8  -8.8249195049370180E-009
           2           9  -1.1988697186499749E-008
           2          10  0.24154536255106318     
           2          11   2.3771274107727888E-010
           2          12   6.7920555166460183E-010
           2          13   1.1256703415079016E-009
           2          14  -6.7714623977279648E-002
           2          15  -6.7273052745416686E-011
           2          16   8.7110128022507629E-011
           2          17   2.4767826471633722E-010
           2          18  -9.3767287903805466E-003
           2          19   6.8194608748356662E-004
           2          20  -1.0564187229077652E-002
           2          21  -3.1820142937496337E-004
           2          22   7.7110051228454859E-004
           2          23  -9.4446209441074180E-003
           2          24   1.7204576504942200E-003
           2          25  -9.0079895937928030E-005
           2          26   1.8773095379176958E-003
           2          27   4.2032967775863903E-005
           2          28  -1.0185711884716351E-004
           2          29   1.7294266329357523E-003
           3           1   6.8371025730905370E-010
           3           2   2.8521297554725091E-009
           3           3   2.3399439417441510     
           3           4   3.1087872065297881E-003
           3           5  -1.4505878594659725E-003
           3           6  -7.6523678406044593E-009
           3           7 -0.92645646649270952     
           3           8  -1.0374498614258655E-002
           3           9   4.8407846903245032E-003
           3          10  -1.9544263948662168E-009
           3          11  0.14244148550417590     
           3          12   2.2820557954139321E-002
           3          13  -1.0648169098784917E-002
           3          14   4.4955161528922269E-009
           3          15   7.1386982588877435E-002
           3          16   1.1578962946822761E-002
           3          17  -5.4027926339395640E-003
           3          18  -3.2192435537320897E-009
           3          19  -2.9658183578363508E-009
           3          20  -6.2154131323165109E-010
           3          21  -5.7440670057430280E-009
           3          22  -5.4532593990627447E-010
           3          23   2.5639295779227088E-009
           3          24  -6.6845568108895254E-010
           3          25  -1.9992895213487440E-009
           3          26  -4.7220892341856231E-009
           3          27   7.3988976289308847E-010
           3          28  -2.8919948171016638E-009
           3          29  -1.1163753672525728E-009
           4           1   7.3512465236794241E-010
           4           2   3.0668192583462740E-009
           4           3   3.1087872065297881E-003
           4           4   2.3336934347043687     
           4           5   3.5151493345264057E-003
           4           6  -9.1098877003085673E-009
           4           7  -1.0374496880633995E-002
           4           8 -0.90559682038444422     
           4           9  -1.1730775608436227E-002
           4          10  -2.0128996197559552E-009
           4          11   2.2820557852536789E-002
           4          12   9.6556987810998418E-002
           4          13   2.5803937877797063E-002
           4          14   5.0285673074161541E-009
           4          15   1.1578966014396633E-002
           4          16   4.8105564994726645E-002
           4          17   1.3092692004954816E-002
           4          18  -3.3956499531841961E-009
           4          19  -2.8664722183304951E-009
           4          20  -9.4092554353460558E-010
           4          21  -5.5929459115659505E-009
           4          22  -2.5611174391722976E-010
           4          23   2.3722453021978008E-009
           4          24  -1.0731924925841203E-009
           4          25  -2.1445614007560848E-009
           4          26  -5.1678156512019260E-009
           4          27   1.0281502323831506E-009
           4          28  -3.1791037796723792E-009
           4          29  -1.2998707874524055E-009
           5           1   9.6722801786598967E-010
           5           2   4.0402753686113125E-009
           5           3  -1.4505878594659725E-003
           5           4   3.5151493345264057E-003
           5           5   2.3395866351627692     
           5           6  -1.2693474607714836E-008
           5           7   4.8407865058061727E-003
           5           8  -1.1730776376300144E-002
           5           9 -0.92526393979262611     
           5          10  -2.7249254320989867E-009
           5          11  -1.0648173436581462E-002
           5          12   2.5803934617070843E-002
           5          13  0.13981831111495505     
           5          14   6.7474438858445393E-009
           5          15  -5.4027844876620938E-003
           5          16   1.3092692308278713E-002
           5          17   7.0056018644658005E-002
           5          18  -4.3919134571278710E-009
           5          19  -3.6240584319769640E-009
           5          20  -1.6065085940049105E-009
           5          21  -6.7988641073079206E-009
           5          22  -8.0293328428726752E-011
           5          23   2.9703036524228140E-009
           5          24  -1.8015747581876925E-009
           5          25  -2.8312316299764009E-009
           5          26  -6.8387709689061441E-009
           5          27   1.3899696139154311E-009
           5          28  -4.2226713761990453E-009
           5          29  -1.7901983360690671E-009
           6           1 -0.34075973246400959     
           6           2  -1.1510609728678336     
           6           3  -7.6523678406044593E-009
           6           4  -9.1098877003085673E-009
           6           5  -1.2693474607714836E-008
           6           6   2.7902052326634261     
           6           7   1.9254014464216687E-008
           6           8   2.1899582346381054E-008
           6           9   2.9725216831774058E-008
           6          10 -0.75217688881432410     
           6          11   4.7052594902820503E-010
           6          12   8.2535708602504539E-011
           6          13   3.9387066531604169E-011
           6          14  0.20958976843646943     
           6          15   8.4959486032513595E-010
           6          16   8.0670040690635349E-010
           6          17   9.3517986755551721E-010
           6          18   2.7250937758288227E-003
           6          19  -1.9953931753916390E-003
           6          20   6.1996310123760704E-003
           6          21   9.3106697707656997E-004
           6          22  -2.2562598945028802E-003
           6          23   2.9237442527702256E-003
           6          24   6.5758281318213044E-005
           6          25  -8.4908803590624891E-005
           6          26   2.1362332404235829E-004
           6          27   3.9611214136859121E-005
           6          28  -9.6005831432141586E-005
           6          29   7.4201215060105226E-005
           7           1  -1.8770661871136287E-009
           7           2  -7.7980389987341214E-009
           7           3 -0.92645646649270952     
           7           4  -1.0374496880633995E-002
           7           5   4.8407865058061727E-003
           7           6   1.9254014464216687E-008
           7           7   2.5346825668615445     
           7           8   3.4616553494604636E-002
           7           9  -1.6152234020958004E-002
           7          10   4.9613958839527964E-009
           7          11 -0.49325847790956812     
           7          12  -7.6033094913025887E-002
           7          13   3.5477363304818238E-002
           7          14  -1.1888420502714132E-008
           7          15 -0.23402324934085578     
           7          16  -3.8988231972896796E-002
           7          17   1.8192070230731071E-002
           7          18   7.9978170661247911E-009
           7          19   7.5034710829679350E-009
           7          20   1.2461758423602902E-009
           7          21   1.4812313024725028E-008
           7          22   1.4641192688893971E-009
           7          23  -6.9168187908964656E-009
           7          24   1.9474217452309799E-009
           7          25   5.4931871522614498E-009
           7          26   1.2196039000226877E-008
           7          27  -1.7148528952894672E-009
           7          28   7.6719777718660971E-009
           7          29   2.6308915868138567E-009
           8           1  -2.1219604242993244E-009
           8           2  -8.8249195049370180E-009
           8           3  -1.0374498614258655E-002
           8           4 -0.90559682038444422     
           8           5  -1.1730776376300144E-002
           8           6   2.1899582346381054E-008
           8           7   3.4616553494604636E-002
           8           8   2.4650802698157159     
           8           9   3.9142042508461976E-002
           8          10   4.4107232364544584E-009
           8          11  -7.6033094091648615E-002
           8          12 -0.34038140252898408     
           8          13  -8.5973057908075898E-002
           8          14  -1.3925784065169609E-008
           8          15  -3.8988242669921194E-002
           8          16 -0.15563096237371341     
           8          17  -4.4085208464641451E-002
           8          18   8.4989920063423243E-009
           8          19   7.2892316137383741E-009
           8          20   1.2316232876183769E-009
           8          21   1.4752854291019970E-008
           8          22   5.4041363608993532E-010
           8          23  -6.9962554826296362E-009
           8          24   2.3645081622194184E-009
           8          25   5.9063380605759792E-009
           8          26   1.3402333915458381E-008
           8          27  -2.6253207847813781E-009
           8          28   8.4964109756766275E-009
           8          29   3.0459166257092217E-009
           9           1  -2.8793923876490282E-009
           9           2  -1.1988697186499749E-008
           9           3   4.8407846903245032E-003
           9           4  -1.1730775608436227E-002
           9           5 -0.92526393979262611     
           9           6   2.9725216831774058E-008
           9           7  -1.6152234020958004E-002
           9           8   3.9142042508461976E-002
           9           9   2.5307034724466098     
           9          10   5.4952533238863459E-009
           9          11   3.5477374816902704E-002
           9          12  -8.5973050216085062E-002
           9          13 -0.48451863557516739     
           9          14  -1.9165101352993171E-008
           9          15   1.8192047751044660E-002
           9          16  -4.4085204035540233E-002
           9          17 -0.22954168124395602     
           9          18   1.0720585933065067E-008
           9          19   9.5361487548360606E-009
           9          20   2.5158273841654052E-009
           9          21   1.7924117438191366E-008
           9          22   1.5067467436166880E-010
           9          23  -9.5360714865107867E-009
           9          24   3.8773798996615525E-009
           9          25   7.4968903605421587E-009
           9          26   1.7123932471128629E-008
           9          27  -3.2865726030350673E-009
           9          28   1.1088496800963198E-008
           9          29   4.5149390884318633E-009
          10           1   6.6309996304128510E-002
          10           2  0.24154536255106318     
          10           3  -1.9544263948662168E-009
          10           4  -2.0128996197559552E-009
          10           5  -2.7249254320989867E-009
          10           6 -0.75217688881432410     
          10           7   4.9613958839527964E-009
          10           8   4.4107232364544584E-009
          10           9   5.4952533238863459E-009
          10          10   1.5201486886081625     
          10          11   3.4420610441595630E-009
          10          12   7.5940188747722481E-009
          10          13   1.2241892061923093E-008
          10          14 -0.41714715059371743     
          10          15   5.9984761747270339E-010
          10          16   1.8523676077349638E-009
          10          17   3.3701422170777405E-009
          10          18   1.3703800970671658E-003
          10          19  -2.2873924016145577E-004
          10          20   1.7686982231804353E-003
          10          21   1.0672132092602810E-004
          10          22  -2.5864077279712109E-004
          10          23   1.3931428266968600E-003
          10          24   2.2142785794444847E-003
          10          25  -2.9764117736975383E-004
          10          26   2.7325316582179054E-003
          10          27   1.3889362989819064E-004
          10          28  -3.3655924386272792E-004
          10          29   2.2439252128547442E-003
          11           1   3.4775099259038197E-011
          11           2   2.3771274107727888E-010
          11           3  0.14244148550417590     
          11           4   2.2820557852536789E-002
          11           5  -1.0648173436581462E-002
          11           6   4.7052594902820503E-010
          11           7 -0.49325847790956812     
          11           8  -7.6033094091648615E-002
          11           9   3.5477374816902704E-002
          11          10   3.4420610441595630E-009
          11          11   1.1564212647958305     
          11          12  0.16563205441062417     
          11          13  -7.7284621145950194E-002
          11          14   2.9175650603077006E-009
          11          15  0.51966289903548579     
          11          16   8.8119576015493972E-002
          11          17  -4.1116944239150632E-002
          11          18  -3.0716119904542310E-010
          11          19   4.8683200657730170E-010
          11          20   3.6741751969822836E-010
          11          21   1.5106260893179101E-009
          11          22  -2.2158828301679975E-011
          11          23   5.6085003756919014E-010
          11          24  -4.4038260040839632E-010
          11          25  -1.0125390436361596E-009
          11          26   1.2799420351006878E-009
          11          27  -9.5475932246435508E-010
          11          28   3.4545516013684319E-010
          11          29   9.1489134739903577E-010
          12           1   1.1719949570725273E-010
          12           2   6.7920555166460183E-010
          12           3   2.2820557954139321E-002
          12           4   9.6556987810998418E-002
          12           5   2.5803934617070843E-002
          12           6   8.2535708602504539E-011
          12           7  -7.6033094913025887E-002
          12           8 -0.34038140252898408     
          12           9  -8.5973050216085062E-002
          12          10   7.5940188747722481E-009
          12          11  0.16563205441062417     
          12          12  0.82339076791683119     
          12          13  0.18728546776099714     
          12          14   7.3628527144293507E-009
          12          15   8.8119608087189702E-002
          12          16  0.34248388708507560     
          12          17   9.9639606251277948E-002
          12          18  -8.1795457127461713E-010
          12          19   2.9119371498082255E-010
          12          20   1.6410584811385312E-009
          12          21   8.3732196902412990E-010
          12          22   1.0296724594927146E-009
          12          23   7.7030054996959417E-011
          12          24  -9.4913469173733782E-011
          12          25  -7.8530699099803092E-010
          12          26   1.1543213348269415E-009
          12          27  -9.7889499791540731E-010
          12          28   2.2371582646673685E-010
          12          29   7.5865850746749073E-010
          13           1   1.9102033724788513E-010
          13           2   1.1256703415079016E-009
          13           3  -1.0648169098784917E-002
          13           4   2.5803937877797063E-002
          13           5  0.13981831111495505     
          13           6   3.9387066531604169E-011
          13           7   3.5477363304818238E-002
          13           8  -8.5973057908075898E-002
          13           9 -0.48451863557516739     
          13          10   1.2241892061923093E-008
          13          11  -7.7284621145950194E-002
          13          12  0.18728546776099714     
          13          13   1.1373821748595114     
          13          14   1.2875499270393826E-008
          13          15  -4.1116926751932584E-002
          13          16   9.9639547673542730E-002
          13          17  0.50953385935973672     
          13          18  -8.6075240186125677E-010
          13          19  -4.8139650911790936E-010
          13          20   1.6891194872153371E-009
          13          21   9.3228102944583267E-010
          13          22   1.6270266746835214E-009
          13          23   5.2623080546510527E-010
          13          24   6.5727171435693106E-011
          13          25  -7.1506394337199193E-010
          13          26   1.8113878245594701E-009
          13          27  -1.6096135910402086E-009
          13          28   5.7645860427396236E-010
          13          29   3.8106144766651080E-010
          14           1  -1.8397839063452388E-002
          14           2  -6.7714623977279648E-002
          14           3   4.4955161528922269E-009
          14           4   5.0285673074161541E-009
          14           5   6.7474438858445393E-009
          14           6  0.20958976843646943     
          14           7  -1.1888420502714132E-008
          14           8  -1.3925784065169609E-008
          14           9  -1.9165101352993171E-008
          14          10 -0.41714715059371743     
          14          11   2.9175650603077006E-009
          14          12   7.3628527144293507E-009
          14          13   1.2875499270393826E-008
          14          14  0.11463165693360414     
          14          15   1.9435739570693301E-009
          14          16   3.8996694750751447E-009
          14          17   6.4263431704665404E-009
          14          18   1.2729788590810481E-004
          14          19   8.7287117460547125E-004
          14          20  -1.3926238832489936E-003
          14          21  -4.0728437936005861E-004
          14          22   9.8698264498249489E-004
          14          23   4.0405840957855954E-005
          14          24  -2.6209801851555139E-004
          14          25   5.9295234539045777E-004
          14          26  -1.2945897632871089E-003
          14          27  -2.7667843552143259E-004
          14          28   6.7047185662433653E-004
          14          29  -3.2113056295494902E-004
          15           1  -3.3166714347311765E-011
          15           2  -6.7273052745416686E-011
          15           3   7.1386982588877435E-002
          15           4   1.1578966014396633E-002
          15           5  -5.4027844876620938E-003
          15           6   8.4959486032513595E-010
          15           7 -0.23402324934085578     
          15           8  -3.8988242669921194E-002
          15           9   1.8192047751044660E-002
          15          10   5.9984761747270339E-010
          15          11  0.51966289903548579     
          15          12   8.8119608087189702E-002
          15          13  -4.1116926751932584E-002
          15          14   1.9435739570693301E-009
          15          15  0.23423051575327314     
          15          16   4.5130192167475935E-002
          15          17  -2.1057905040221987E-002
          15          18   2.3900764911712590E-010
          15          19   2.2931124499961396E-010
          15          20   4.7287842540432944E-010
          15          21  -5.6720783998626905E-012
          15          22   5.4075560789474147E-010
          15          23  -4.2572366540449700E-010
          15          24   3.4445103538834387E-011
          15          25  -4.6713066730982647E-010
          15          26   6.9145783005101291E-010
          15          27  -7.6232859013485931E-010
          15          28   4.3456973016659621E-010
          15          29   3.9725735164993246E-011
          16           1  -7.9651289365195121E-012
          16           2   8.7110128022507629E-011
          16           3   1.1578962946822761E-002
          16           4   4.8105564994726645E-002
          16           5   1.3092692308278713E-002
          16           6   8.0670040690635349E-010
          16           7  -3.8988231972896796E-002
          16           8 -0.15563096237371341     
          16           9  -4.4085204035540233E-002
          16          10   1.8523676077349638E-009
          16          11   8.8119576015493972E-002
          16          12  0.34248388708507560     
          16          13   9.9639547673542730E-002
          16          14   3.8996694750751447E-009
          16          15   4.5130192167475935E-002
          16          16  0.14348877325705078     
          16          17   5.1030097652814042E-002
          16          18  -5.2702598887049364E-011
          16          19  -3.8096805801849014E-011
          16          20   4.4064223691581468E-010
          16          21   3.0761813777221040E-010
          16          22   4.6852980193788438E-010
          16          23   1.1256111271114823E-011
          16          24   1.2965689161038778E-010
          16          25  -4.5523085732642161E-010
          16          26   3.3467703595170557E-010
          16          27  -4.6050422820299943E-010
          16          28   8.0631668834167255E-011
          16          29   2.8244738856464270E-010
          17           1   1.4387189666032647E-011
          17           2   2.4767826471633722E-010
          17           3  -5.4027926339395640E-003
          17           4   1.3092692004954816E-002
          17           5   7.0056018644658005E-002
          17           6   9.3517986755551721E-010
          17           7   1.8192070230731071E-002
          17           8  -4.4085208464641451E-002
          17           9 -0.22954168124395602     
          17          10   3.3701422170777405E-009
          17          11  -4.1116944239150632E-002
          17          12   9.9639606251277948E-002
          17          13  0.50953385935973672     
          17          14   6.4263431704665404E-009
          17          15  -2.1057905040221987E-002
          17          16   5.1030097652814042E-002
          17          17  0.22904300643343331     
          17          18  -9.7167285733270601E-010
          17          19   3.9752973572292114E-011
          17          20   1.0158388038131476E-009
          17          21   5.7602437692331403E-010
          17          22   7.1966747764668191E-010
          17          23   5.5006110726622892E-010
          17          24  -2.8116702140565891E-010
          17          25  -2.1492300947696081E-010
          17          26   8.7292304214030855E-010
          17          27  -6.0472050083634558E-010
          17          28   1.7587734215129296E-010
          17          29   3.0004384010456356E-010
          18           1  -2.3837447079515808E-002
          18           2  -9.3767287903805466E-003
          18           3  -3.2192435537320897E-009
          18           4  -3.3956499531841961E-009
          18           5  -4.3919134571278710E-009
          18           6   2.7250937758288227E-003
          18           7   7.9978170661247911E-009
          18           8   8.4989920063423243E-009
          18           9   1.0720585933065067E-008
          18          10   1.3703800970671658E-003
          18          11  -3.0716119904542310E-010
          18          12  -8.1795457127461713E-010
          18          13  -8.6075240186125677E-010
          18          14   1.2729788590810481E-004
          18          15   2.3900764911712590E-010
          18          16  -5.2702598887049364E-011
          18          17  -9.7167285733270601E-010
          18          18   1.1213741994367814     
          18          19   3.8125640678221941E-004
          18          20 -0.55956155691337317     
          18          21  -1.7791046743292416E-004
          18          22  -1.1008656904164052E-003
          18          23 -0.56116009690826751     
          18          24  0.60268380142007616     
          18          25  -2.0857537727381024E-004
          18          26 -0.30246381695626223     
          18          27   9.7319759478119887E-005
          18          28   3.0939232467383276E-004
          18          29 -0.30201454643907300     
          19           1   1.7045115594856519E-004
          19           2   6.8194608748356662E-004
          19           3  -2.9658183578363508E-009
          19           4  -2.8664722183304951E-009
          19           5  -3.6240584319769640E-009
          19           6  -1.9953931753916390E-003
          19           7   7.5034710829679350E-009
          19           8   7.2892316137383741E-009
          19           9   9.5361487548360606E-009
          19          10  -2.2873924016145577E-004
          19          11   4.8683200657730170E-010
          19          12   2.9119371498082255E-010
          19          13  -4.8139650911790936E-010
          19          14   8.7287117460547125E-004
          19          15   2.2931124499961396E-010
          19          16  -3.8096805801849014E-011
          19          17   3.9752973572292114E-011
          19          18   3.8125640678221941E-004
          19          19   1.1201921337085028     
          19          20   3.6232789131642070E-004
          19          21   8.7945524414735458E-004
          19          22  -3.5271092313570032E-004
          19          23  -9.7473073180052452E-004
          19          24  -1.1962634704131060E-003
          19          25  0.60365917728298246     
          19          26  -1.1706884429209129E-003
          19          27  -3.0794661039286383E-004
          19          28   1.1330559366720769E-004
          19          29  -7.1259364557751243E-004
          20           1  -2.4134250143223061E-002
          20           2  -1.0564187229077652E-002
          20           3  -6.2154131323165109E-010
          20           4  -9.4092554353460558E-010
          20           5  -1.6065085940049105E-009
          20           6   6.1996310123760704E-003
          20           7   1.2461758423602902E-009
          20           8   1.2316232876183769E-009
          20           9   2.5158273841654052E-009
          20          10   1.7686982231804353E-003
          20          11   3.6741751969822836E-010
          20          12   1.6410584811385312E-009
          20          13   1.6891194872153371E-009
          20          14  -1.3926238832489936E-003
          20          15   4.7287842540432944E-010
          20          16   4.4064223691581468E-010
          20          17   1.0158388038131476E-009
          20          18 -0.55956155691337317     
          20          19   3.6232789131642070E-004
          20          20   1.1200794153365889     
          20          21   4.6309082927940799E-004
          20          22   4.0962999683188803E-004
          20          23 -0.55946281739468107     
          20          24 -0.30074397158310207     
          20          25  -1.8299966056278314E-004
          20          26  0.60508548618806768     
          20          27  -1.3959228644694967E-004
          20          28  -2.0689431333484828E-004
          20          29 -0.30077371457832397     
          21           1  -7.9533827581057732E-005
          21           2  -3.1820142937496337E-004
          21           3  -5.7440670057430280E-009
          21           4  -5.5929459115659505E-009
          21           5  -6.7988641073079206E-009
          21           6   9.3106697707656997E-004
          21           7   1.4812313024725028E-008
          21           8   1.4752854291019970E-008
          21           9   1.7924117438191366E-008
          21          10   1.0672132092602810E-004
          21          11   1.5106260893179101E-009
          21          12   8.3732196902412990E-010
          21          13   9.3228102944583267E-010
          21          14  -4.0728437936005861E-004
          21          15  -5.6720783998626905E-012
          21          16   3.0761813777221040E-010
          21          17   5.7602437692331403E-010
          21          18  -1.7791046743292416E-004
          21          19   8.7945524414735458E-004
          21          20   4.6309082927940799E-004
          21          21   1.1216665984753815     
          21          22   7.7652463767076472E-004
          21          23  -1.7732773957821599E-004
          21          24   5.5818096719982199E-004
          21          25  -3.0794612692685040E-004
          21          26   3.2127013339584387E-004
          21          27  0.60314284445628163     
          21          28  -2.7065822830880167E-004
          21          29   5.5748324706804387E-004
          22           1   1.9273513372654576E-004
          22           2   7.7110051228454859E-004
          22           3  -5.4532593990627447E-010
          22           4  -2.5611174391722976E-010
          22           5  -8.0293328428726752E-011
          22           6  -2.2562598945028802E-003
          22           7   1.4641192688893971E-009
          22           8   5.4041363608993532E-010
          22           9   1.5067467436166880E-010
          22          10  -2.5864077279712109E-004
          22          11  -2.2158828301679975E-011
          22          12   1.0296724594927146E-009
          22          13   1.6270266746835214E-009
          22          14   9.8698264498249489E-004
          22          15   5.4075560789474147E-010
          22          16   4.6852980193788438E-010
          22          17   7.1966747764668191E-010
          22          18  -1.1008656904164052E-003
          22          19  -3.5271092313570032E-004
          22          20   4.0962999683188803E-004
          22          21   7.7652463767076472E-004
          22          22   1.1201051898548033     
          22          23   4.2987236120493633E-004
          22          24  -8.0742121612345117E-004
          22          25   1.1330580386261115E-004
          22          26  -1.3237078708896381E-003
          22          27  -2.7065842624967592E-004
          22          28  0.60368708313423358     
          22          29  -1.3510182721993137E-003
          23           1  -2.3854416536409198E-002
          23           2  -9.4446209441074180E-003
          23           3   2.5639295779227088E-009
          23           4   2.3722453021978008E-009
          23           5   2.9703036524228140E-009
          23           6   2.9237442527702256E-003
          23           7  -6.9168187908964656E-009
          23           8  -6.9962554826296362E-009
          23           9  -9.5360714865107867E-009
          23          10   1.3931428266968600E-003
          23          11   5.6085003756919014E-010
          23          12   7.7030054996959417E-011
          23          13   5.2623080546510527E-010
          23          14   4.0405840957855954E-005
          23          15  -4.2572366540449700E-010
          23          16   1.1256111271114823E-011
          23          17   5.5006110726622892E-010
          23          18 -0.56116009690826751     
          23          19  -9.7473073180052452E-004
          23          20 -0.55946281739468107     
          23          21  -1.7732773957821599E-004
          23          22   4.2987236120493633E-004
          23          23   1.1212984656145957     
          23          24 -0.30191621799936708     
          23          25   2.7509519248310567E-004
          23          26 -0.30239523105489358     
          23          27   9.6621884504865233E-005
          23          28  -2.3420479097124495E-004
          23          29  0.60282346578263502     
          24           1  -2.6899609729019655E-003
          24           2   1.7204576504942200E-003
          24           3  -6.6845568108895254E-010
          24           4  -1.0731924925841203E-009
          24           5  -1.8015747581876925E-009
          24           6   6.5758281318213044E-005
          24           7   1.9474217452309799E-009
          24           8   2.3645081622194184E-009
          24           9   3.8773798996615525E-009
          24          10   2.2142785794444847E-003
          24          11  -4.4038260040839632E-010
          24          12  -9.4913469173733782E-011
          24          13   6.5727171435693106E-011
          24          14  -2.6209801851555139E-004
          24          15   3.4445103538834387E-011
          24          16   1.2965689161038778E-010
          24          17  -2.8116702140565891E-010
          24          18  0.60268380142007616     
          24          19  -1.1962634704131060E-003
          24          20 -0.30074397158310207     
          24          21   5.5818096719982199E-004
          24          22  -8.0742121612345117E-004
          24          23 -0.30191621799936708     
          24          24  0.32400725615357173     
          24          25  -8.3276448923128737E-004
          24          26 -0.16253134875622322     
          24          27   3.8857401087247462E-004
          24          28   8.9518948665812050E-005
          24          29 -0.16240125877042710     
          25           1  -2.8664068932596985E-005
          25           2  -9.0079895937928030E-005
          25           3  -1.9992895213487440E-009
          25           4  -2.1445614007560848E-009
          25           5  -2.8312316299764009E-009
          25           6  -8.4908803590624891E-005
          25           7   5.4931871522614498E-009
          25           8   5.9063380605759792E-009
          25           9   7.4968903605421587E-009
          25          10  -2.9764117736975383E-004
          25          11  -1.0125390436361596E-009
          25          12  -7.8530699099803092E-010
          25          13  -7.1506394337199193E-010
          25          14   5.9295234539045777E-004
          25          15  -4.6713066730982647E-010
          25          16  -4.5523085732642161E-010
          25          17  -2.1492300947696081E-010
          25          18  -2.0857537727381024E-004
          25          19  0.60365917728298246     
          25          20  -1.8299966056278314E-004
          25          21  -3.0794612692685040E-004
          25          22   1.1330580386261115E-004
          25          23   2.7509519248310567E-004
          25          24  -8.3276448923128737E-004
          25          25  0.32534151254059995     
          25          26  -8.6015977388722924E-004
          25          27  -6.0270033852795986E-004
          25          28   2.6347764821487010E-004
          25          29   7.7634609383931942E-005
          26           1  -2.6400494398465205E-003
          26           2   1.8773095379176958E-003
          26           3  -4.7220892341856231E-009
          26           4  -5.1678156512019260E-009
          26           5  -6.8387709689061441E-009
          26           6   2.1362332404235829E-004
          26           7   1.2196039000226877E-008
          26           8   1.3402333915458381E-008
          26           9   1.7123932471128629E-008
          26          10   2.7325316582179054E-003
          26          11   1.2799420351006878E-009
          26          12   1.1543213348269415E-009
          26          13   1.8113878245594701E-009
          26          14  -1.2945897632871089E-003
          26          15   6.9145783005101291E-010
          26          16   3.3467703595170557E-010
          26          17   8.7292304214030855E-010
          26          18 -0.30246381695626223     
          26          19  -1.1706884429209129E-003
          26          20  0.60508548618806768     
          26          21   3.2127013339584387E-004
          26          22  -1.3237078708896381E-003
          26          23 -0.30239523105489358     
          26          24 -0.16253134875622322     
          26          25  -8.6015977388722924E-004
          26          26  0.32695511067144328     
          26          27  -2.4135499844940935E-005
          26          28  -9.7256084441761604E-004
          26          29 -0.16253643651399619     
          27           1   1.3375122927386599E-005
          27           2   4.2032967775863903E-005
          27           3   7.3988976289308847E-010
          27           4   1.0281502323831506E-009
          27           5   1.3899696139154311E-009
          27           6   3.9611214136859121E-005
          27           7  -1.7148528952894672E-009
          27           8  -2.6253207847813781E-009
          27           9  -3.2865726030350673E-009
          27          10   1.3889362989819064E-004
          27          11  -9.5475932246435508E-010
          27          12  -9.7889499791540731E-010
          27          13  -1.6096135910402086E-009
          27          14  -2.7667843552143259E-004
          27          15  -7.6232859013485931E-010
          27          16  -4.6050422820299943E-010
          27          17  -6.0472050083634558E-010
          27          18   9.7319759478119887E-005
          27          19  -3.0794661039286383E-004
          27          20  -1.3959228644694967E-004
          27          21  0.60314284445628163     
          27          22  -2.7065842624967592E-004
          27          23   9.6621884504865233E-005
          27          24   3.8857401087247462E-004
          27          25  -6.0270033852795986E-004
          27          26  -2.4135499844940935E-005
          27          27  0.32433100235749240     
          27          28  -5.3483051727405977E-004
          27          29   3.8926556596790505E-004
          28           1  -3.2411642349704228E-005
