           1           1   2.2418554521778775     
           1           2  0.89743101901799238     
           1           3  -6.1226494348973316E-015
           1           4   5.4800934414376537E-016
           1           5  -1.3124097336340207E-014
           1           6  0.12263185094335341     
           1           7  -6.5484720095880514E-015
           1           8   3.6937480502328781E-015
           1           9   1.4554196262363453E-014
           1          10   8.2497003226910476E-002
           1          11  -1.7080262573062691E-015
           1          12  -1.4192053512963206E-015
           1          13  -5.6939625626630842E-015
           1          14  -1.7049907076667785E-003
           1          15   7.7869859650455079E-016
           1          16   5.7780879429082726E-015
           1          17   5.5631827407139760E-015
           1          18  0.22465961012585700     
           1          19   2.1753186364781872E-015
           1          20  0.22465961012585306     
           1          21   5.0263544937897005E-015
           1          22  -2.8325764754197969E-015
           1          23  0.22465961012584856     
           1          24   7.4873000823390164E-003
           1          25   1.5698207836146563E-015
           1          26   7.4873000823360274E-003
           1          27  -1.0172068170128815E-015
           1          28   1.2358408185544532E-015
           1          29   7.4873000823363622E-003
           2           1  0.89743101901799238     
           2           2   3.3285565009268456     
           2           3  -6.6361222240076041E-015
           2           4   1.6096907210226235E-016
           2           5  -4.5015710047335324E-014
           2           6  0.15843532783291697     
           2           7  -1.5092012660120534E-014
           2           8   2.1127202117225563E-014
           2           9   5.6624504627384006E-014
           2          10  0.33243301006592407     
           2          11  -6.8959164860064509E-015
           2          12  -5.2376358440249305E-015
           2          13  -1.0852652799222069E-014
           2          14  -1.5800398301745348E-002
           2          15  -1.7881012351258917E-015
           2          16   1.1021204986881263E-014
           2          17   9.9790520620636198E-015
           2          18  0.82262110327497773     
           2          19   2.5190611551036519E-014
           2          20  0.82262110327496518     
           2          21   1.2631325955377326E-014
           2          22  -2.2331459211900582E-015
           2          23  0.82262110327492466     
           2          24  -2.1151763230179605E-002
           2          25   3.2993464658081479E-015
           2          26  -2.1151763230190707E-002
           2          27   1.5665120706171775E-015
           2          28   9.6205894727786983E-015
           2          29  -2.1151763230186825E-002
           3           1  -6.1226494348973316E-015
           3           2  -6.6361222240076041E-015
           3           3   2.3522987286734782     
           3           4   3.0026111332191446E-003
           3           5  -3.7773993498727418E-003
           3           6   7.6045257114329615E-014
           3           7 -0.96686945534095092     
           3           8  -1.0579039848503778E-002
           3           9   1.3308835700990826E-002
           3          10   1.3234286242252790E-015
           3          11  0.26495325403773018     
           3          12   2.6941510367232181E-002
           3          13  -3.3893447812733610E-002
           3          14   6.3019026240186448E-015
           3          15  -4.2727463728500767E-002
           3          16   3.8368713459391805E-003
           3          17  -4.8269305230165521E-003
           3          18   2.9408293884651864E-014
           3          19  -5.9727112370344294E-015
           3          20   2.6825021509836667E-014
           3          21  -4.6834459732696335E-015
           3          22   2.3773172906967033E-015
           3          23   5.0158071182467646E-014
           3          24   1.0276465586026172E-014
           3          25  -6.4190229684835571E-015
           3          26   5.7734477783924446E-015
           3          27   2.8596999260155163E-015
           3          28   6.4022941231514214E-016
           3          29   8.8247243160551925E-015
           4           1   5.4800934414376537E-016
           4           2   1.6096907210226235E-016
           4           3   3.0026111332191446E-003
           4           4   2.3513176446545403     
           4           5   4.4445980119004564E-003
           4           6   6.9409480551788005E-014
           4           7  -1.0579039848503712E-002
           4           8 -0.96341282160764052     
           4           9  -1.5659563424068643E-002
           4          10  -2.7323889850461369E-015
           4          11   2.6941510367225849E-002
           4          12  0.25615028752137586     
           4          13   3.9880017126089615E-002
           4          14  -3.2939822283697041E-015
           4          15   3.8368713459426135E-003
           4          16  -4.3981136945983844E-002
           4          17   5.6795069356280359E-003
           4          18   3.0424390061725081E-014
           4          19   7.1075775844087052E-015
           4          20   3.6003452185241827E-014
           4          21  -2.7676107939236591E-015
           4          22   1.3889469566870733E-014
           4          23   6.1561007578262431E-015
           4          24   6.1990315637263144E-015
           4          25  -2.4171851593809830E-015
           4          26   4.2277127124110348E-015
           4          27   9.6359915732714270E-016
           4          28  -2.8039329457454129E-016
           4          29   6.7588358187233714E-015
           5           1  -1.3124097336340207E-014
           5           2  -4.5015710047335324E-014
           5           3  -3.7773993498727418E-003
           5           4   4.4445980119004564E-003
           5           5   2.3492591304489201     
           5           6  -2.9940165917478565E-015
           5           7   1.3308835700992158E-002
           5           8  -1.5659563424072213E-002
           5           9 -0.95616009961211279     
           5          10  -8.8403270944057554E-016
           5          11  -3.3893447812728940E-002
           5          12   3.9880017126097810E-002
           5          13  0.23767986982455397     
           5          14  -3.4192151431807488E-015
           5          15  -4.8269305230199209E-003
           5          16   5.6795069356197925E-003
           5          17  -4.6611598840752326E-002
           5          18  -1.1733131939649506E-014
           5          19   4.0175394781976006E-015
           5          20  -2.3301187569683992E-015
           5          21   6.5988893775377848E-015
           5          22  -1.4889764314212116E-015
           5          23  -4.0157894684353436E-014
           5          24  -7.5858300789880828E-015
           5          25  -9.7703212061930633E-016
           5          26   4.9129404586553247E-017
           5          27  -2.6299082976292419E-015
           5          28  -1.1620522680549719E-015
           5          29  -1.9024106260783783E-015
           6           1  0.12263185094335341     
           6           2  0.15843532783291697     
           6           3   7.6045257114329615E-014
           6           4   6.9409480551788005E-014
           6           5  -2.9940165917478565E-015
           6           6   1.2603653816089539     
           6           7   6.9630178348447882E-015
           6           8  -2.5820891225045514E-014
           6           9  -9.2613726797670923E-014
           6          10 -0.40275147188299060     
           6          11   1.7140585825939777E-014
           6          12   2.7252266248332419E-014
           6          13   1.8939682793239796E-014
           6          14   4.5583024966944094E-002
           6          15   9.3713679380774452E-015
           6          16  -1.9743709136562205E-014
           6          17  -1.8615631720459853E-014
           6          18  -9.4194387896012505E-002
           6          19  -4.4377699846184528E-015
           6          20  -9.4194387896061452E-002
           6          21   1.0704138000117459E-014
           6          22   1.5567193852042855E-014
           6          23  -9.4194387896112244E-002
           6          24  0.12523884118687917     
           6          25  -7.1556748652660241E-015
           6          26  0.12523884118691447     
           6          27   4.7194678109641416E-015
           6          28  -1.7143604446118529E-014
           6          29  0.12523884118685352     
           7           1  -6.5484720095880514E-015
           7           2  -1.5092012660120534E-014
           7           3 -0.96686945534095092     
           7           4  -1.0579039848503712E-002
           7           5   1.3308835700992158E-002
           7           6   6.9630178348447882E-015
           7           7   2.6654403954422419     
           7           8   3.7272919852314929E-002
           7           9  -4.6890755069888178E-002
           7          10  -1.1510939139894770E-014
           7          11 -0.87667867412183820     
           7          12  -9.4922485499498818E-002
           7          13  0.11941610788256328     
           7          14  -2.6482072595007568E-014
           7          15  0.10527047931583033     
           7          16  -1.3518372197185616E-002
           7          17   1.7006627925941157E-002
           7          18   2.9679465252989746E-015
           7          19   3.1723271873800336E-014
           7          20   1.3711545097023298E-014
           7          21   2.6450893732838030E-014
           7          22  -2.5687626286202331E-014
           7          23  -4.5284020807684110E-014
           7          24   1.3174039137115560E-015
           7          25   1.2809331615027780E-014
           7          26  -6.2847633674245555E-015
           7          27   2.5433933138207822E-016
           7          28  -2.3020367395494938E-015
           7          29  -1.1621459538429873E-014
           8           1   3.6937480502328781E-015
           8           2   2.1127202117225563E-014
           8           3  -1.0579039848503778E-002
           8           4 -0.96341282160764052     
           8           5  -1.5659563424072213E-002
           8           6  -2.5820891225045514E-014
           8           7   3.7272919852314929E-002
           8           8   2.6532617068329323     
           8           9   5.5173027116473192E-002
           8          10  -3.7217120903070751E-015
           8          11  -9.4922485499497999E-002
           8          12 -0.84566335797541459     
           8          13 -0.14050846800244340     
           8          14  -5.6892689738847026E-015
           8          15  -1.3518372197195622E-002
           8          16  0.10968752112920765     
           8          17  -2.0010493375936446E-002
           8          18  -8.9738050719533741E-015
           8          19  -1.0663729315185638E-014
           8          20  -1.7060597133604454E-014
           8          21   1.8123223649373362E-014
           8          22  -5.8113088431895430E-014
           8          23   4.7824041196056538E-014
           8          24   8.4043214527809893E-015
           8          25   6.0602501011367081E-015
           8          26  -1.0153835122317139E-014
           8          27  -4.7718050367215547E-015
           8          28   3.8520851498934651E-015
           8          29  -1.5062310378660124E-014
           9           1   1.4554196262363453E-014
           9           2   5.6624504627384006E-014
           9           3   1.3308835700990826E-002
           9           4  -1.5659563424068643E-002
           9           5 -0.95616009961211279     
           9           6  -9.2613726797670923E-014
           9           7  -4.6890755069888178E-002
           9           8   5.5173027116473192E-002
           9           9   2.6277083362509472     
           9          10  -2.6388281392457534E-015
           9          11  0.11941610788255549     
           9          12 -0.14050846800246669     
           9          13 -0.78058690412787191     
           9          14   2.1245655284659907E-015
           9          15   1.7006627925943454E-002
           9          16  -2.0010493375920077E-002
           9          17  0.11895537499708125     
           9          18  -8.6997143100201691E-015
           9          19  -1.6090550607404929E-014
           9          20  -3.4116212302147022E-014
           9          21  -2.0020056080726663E-014
           9          22   9.4572111345865307E-015
           9          23   7.6227345631221618E-014
           9          24   2.0562366323484834E-015
           9          25   3.3147900096113381E-015
           9          26  -9.5207160863858516E-015
           9          27   3.9232451555369525E-015
           9          28   4.6429694848707853E-015
           9          29   2.3364639243447423E-015
          10           1   8.2497003226910476E-002
          10           2  0.33243301006592407     
          10           3   1.3234286242252790E-015
          10           4  -2.7323889850461369E-015
          10           5  -8.8403270944057554E-016
          10           6 -0.40275147188299060     
          10           7  -1.1510939139894770E-014
          10           8  -3.7217120903070751E-015
          10           9  -2.6388281392457534E-015
          10          10  0.97881038042603108     
          10          11   7.8690560302729775E-015
          10          12   1.3616338666230052E-014
          10          13  -2.5821294633508626E-014
          10          14  -5.3842743064452525E-002
          10          15  -1.7155838957106822E-014
          10          16  -1.0392132252289610E-015
          10          17   1.5358149029545137E-014
          10          18  0.16581648270227417     
          10          19  -1.1056560846907758E-015
          10          20  0.16581648270221183     
          10          21  -8.9023824598112923E-015
          10          22  -4.2234424630699068E-015
          10          23  0.16581648270224694     
          10          24 -0.27145413602255053     
          10          25   4.1711850801048105E-016
          10          26 -0.27145413602255608     
          10          27  -1.4501296781976996E-015
          10          28   8.2370650199635823E-016
          10          29 -0.27145413602256402     
          11           1  -1.7080262573062691E-015
          11           2  -6.8959164860064509E-015
          11           3  0.26495325403773018     
          11           4   2.6941510367225849E-002
          11           5  -3.3893447812728940E-002
          11           6   1.7140585825939777E-014
          11           7 -0.87667867412183820     
          11           8  -9.4922485499497999E-002
          11           9  0.11941610788255549     
          11          10   7.8690560302729775E-015
          11          11   2.1347786777192326     
          11          12  0.24173792364813057     
          11          13 -0.30411552982169798     
          11          14   3.5031093698259639E-014
          11          15  -9.2028112701226350E-002
          11          16   3.4427071824494546E-002
          11          17  -4.3310569686846212E-002
          11          18  -1.7696580117745145E-014
          11          19   4.1581112482199273E-015
          11          20   2.0597167590834128E-014
          11          21   8.6459127777763810E-016
          11          22  -2.9351812763320266E-015
          11          23  -3.6365875740647429E-015
          11          24   4.2972994680089371E-015
          11          25  -9.2627736225462937E-015
          11          26  -6.2351952768689930E-015
          11          27  -4.2925656207765439E-015
          11          28   1.4124341038346046E-014
          11          29  -6.6376274748170689E-015
          12           1  -1.4192053512963206E-015
          12           2  -5.2376358440249305E-015
          12           3   2.6941510367232181E-002
          12           4  0.25615028752137586     
          12           5   3.9880017126097810E-002
          12           6   2.7252266248332419E-014
          12           7  -9.4922485499498818E-002
          12           8 -0.84566335797541459     
          12           9 -0.14050846800246669     
          12          10   1.3616338666230052E-014
          12          11  0.24173792364813057     
          12          12   2.0557923544358436     
          12          13  0.35783118331932218     
          12          14  -1.4235611227454214E-014
          12          15   3.4427071824542708E-002
          12          16 -0.10327693863550261     
          12          17   5.0960476797647515E-002
          12          18  -2.6171548856841375E-016
          12          19   5.2434038451813332E-015
          12          20   4.1737740716459993E-015
          12          21  -9.0121960854275933E-015
          12          22   2.3578570932703612E-014
          12          23   3.6690389169817515E-015
          12          24  -6.2392660266995496E-015
          12          25  -9.3119925880997473E-015
          12          26   3.7076942934679571E-014
          12          27   2.2725654121285445E-015
          12          28  -3.5754360743186518E-014
          12          29   2.5841234775512971E-014
          13           1  -5.6939625626630842E-015
          13           2  -1.0852652799222069E-014
          13           3  -3.3893447812733610E-002
          13           4   3.9880017126089615E-002
          13           5  0.23767986982455397     
          13           6   1.8939682793239796E-014
          13           7  0.11941610788256328     
          13           8 -0.14050846800244340     
          13           9 -0.78058690412787191     
          13          10  -2.5821294633508626E-014
          13          11 -0.30411552982169798     
          13          12  0.35783118331932218     
          13          13   1.8900629516635674     
          13          14  -2.4338663885241660E-015
          13          15  -4.3310569686846677E-002
          13          16   5.0960476797639480E-002
          13          17 -0.12687926782972220     
          13          18   3.2585934976254128E-016
          13          19   2.8471026029596901E-015
          13          20   2.4461882192669891E-014
          13          21   3.9917930851622832E-015
          13          22  -3.2751781289373689E-015
          13          23  -3.4285562685905894E-014
          13          24  -6.2069148363535927E-015
          13          25  -7.5934500820383104E-015
          13          26   8.0316773486502283E-015
          13          27  -4.0514086376916371E-015
          13          28   2.9964232116450780E-015
          13          29  -8.5372921748662249E-015
          14           1  -1.7049907076667785E-003
          14           2  -1.5800398301745348E-002
          14           3   6.3019026240186448E-015
          14           4  -3.2939822283697041E-015
          14           5  -3.4192151431807488E-015
          14           6   4.5583024966944094E-002
          14           7  -2.6482072595007568E-014
          14           8  -5.6892689738847026E-015
          14           9   2.1245655284659907E-015
          14          10  -5.3842743064452525E-002
          14          11   3.5031093698259639E-014
          14          12  -1.4235611227454214E-014
          14          13  -2.4338663885241660E-015
          14          14   6.5792570252485383E-003
          14          15   2.2378498615622494E-015
          14          16   2.6574489162404428E-015
          14          17  -3.5645628788058365E-015
          14          18  -6.9981360440235715E-003
          14          19  -9.3817321503144706E-015
          14          20  -6.9981360440773289E-003
          14          21  -8.3296247934093201E-015
          14          22  -1.0213254736372438E-014
          14          23  -6.9981360440578028E-003
          14          24   6.0338709539110337E-003
          14          25  -2.0563376072574130E-016
          14          26   6.0338709538982531E-003
          14          27  -8.7523496251594615E-016
          14          28  -1.7379902747627335E-015
          14          29   6.0338709538957378E-003
          15           1   7.7869859650455079E-016
          15           2  -1.7881012351258917E-015
          15           3  -4.2727463728500767E-002
          15           4   3.8368713459426135E-003
          15           5  -4.8269305230199209E-003
          15           6   9.3713679380774452E-015
          15           7  0.10527047931583033     
          15           8  -1.3518372197195622E-002
          15           9   1.7006627925943454E-002
          15          10  -1.7155838957106822E-014
          15          11  -9.2028112701226350E-002
          15          12   3.4427071824542708E-002
          15          13  -4.3310569686846677E-002
          15          14   2.2378498615622494E-015
          15          15   4.4631067814050782E-002
          15          16   4.9029265103377549E-003
          15          17  -6.1680685879480016E-003
          15          18  -1.6367200103496238E-015
          15          19  -5.2150907172710950E-015
          15          20  -1.4294726769258005E-014
          15          21  -4.7037764361240478E-015
          15          22  -2.5778520033376014E-015
          15          23   1.4179735210069781E-014
          15          24   4.2566825727181022E-015
          15          25   1.9105058259502468E-015
          15          26   3.9910123370486936E-015
          15          27  -3.9335836081087116E-016
          15          28  -9.6460436895457169E-016
          15          29   7.1725989148566301E-015
          16           1   5.7780879429082726E-015
          16           2   1.1021204986881263E-014
          16           3   3.8368713459391805E-003
          16           4  -4.3981136945983844E-002
          16           5   5.6795069356197925E-003
          16           6  -1.9743709136562205E-014
          16           7  -1.3518372197185616E-002
          16           8  0.10968752112920765     
          16           9  -2.0010493375920077E-002
          16          10  -1.0392132252289610E-015
          16          11   3.4427071824494546E-002
          16          12 -0.10327693863550261     
          16          13   5.0960476797639480E-002
          16          14   2.6574489162404428E-015
          16          15   4.9029265103377549E-003
          16          16   4.3029067877359266E-002
          16          17   7.2575290150856198E-003
          16          18   7.7292578746546313E-015
          16          19   3.2668200804612530E-015
          16          20  -4.6585435739142185E-016
          16          21   4.3845058201926752E-015
          16          22  -3.8730251748775820E-015
          16          23  -1.2626222779220161E-015
          16          24   2.3803997392238313E-015
          16          25   1.7855167552443221E-015
          16          26  -7.3820919781240663E-015
          16          27  -3.3937976781200065E-016
          16          28   4.4532128153610489E-015
          16          29  -1.5767679115790267E-015
          17           1   5.5631827407139760E-015
          17           2   9.9790520620636198E-015
          17           3  -4.8269305230165521E-003
          17           4   5.6795069356280359E-003
          17           5  -4.6611598840752326E-002
          17           6  -1.8615631720459853E-014
          17           7   1.7006627925941157E-002
          17           8  -2.0010493375936446E-002
          17           9  0.11895537499708125     
          17          10   1.5358149029545137E-014
          17          11  -4.3310569686846212E-002
          17          12   5.0960476797647515E-002
          17          13 -0.12687926782972220     
          17          14  -3.5645628788058365E-015
          17          15  -6.1680685879480016E-003
          17          16   7.2575290150856198E-003
          17          17   3.9667745540622315E-002
          17          18  -1.1822282224711800E-015
          17          19   4.3207302446160498E-015
          17          20  -2.7035835291698393E-014
          17          21   2.5962023046474193E-015
          17          22   3.3897467174190271E-017
          17          23   3.7688366459560461E-014
          17          24  -2.1792885483610750E-015
          17          25   1.4641150709327877E-015
          17          26  -9.4376583210562539E-015
          17          27   1.0619814247369974E-015
          17          28  -1.7036889811791846E-015
          17          29   9.7186572096464331E-016
          18           1  0.22465961012585700     
          18           2  0.82262110327497773     
          18           3   2.9408293884651864E-014
          18           4   3.0424390061725081E-014
          18           5  -1.1733131939649506E-014
          18           6  -9.4194387896012505E-002
          18           7   2.9679465252989746E-015
          18           8  -8.9738050719533741E-015
          18           9  -8.6997143100201691E-015
          18          10  0.16581648270227417     
          18          11  -1.7696580117745145E-014
          18          12  -2.6171548856841375E-016
          18          13   3.2585934976254128E-016
          18          14  -6.9981360440235715E-003
          18          15  -1.6367200103496238E-015
          18          16   7.7292578746546313E-015
          18          17  -1.1822282224711800E-015
          18          18   2.0130458943191529     
          18          19   2.0085244066603419E-013
          18          20 -0.48348395167314284     
          18          21   7.5957653122988298E-014
          18          22   6.1295554815504241E-014
          18          23 -0.48348395167316549     
          18          24  0.22237856140964202     
          18          25   4.3207982649565794E-014
          18          26 -0.20015041160232705     
          18          27  -8.6263752054567288E-015
          18          28   2.2718736042236254E-014
          18          29 -0.20015041160236383     
          19           1   2.1753186364781872E-015
          19           2   2.5190611551036519E-014
          19           3  -5.9727112370344294E-015
          19           4   7.1075775844087052E-015
          19           5   4.0175394781976006E-015
          19           6  -4.4377699846184528E-015
          19           7   3.1723271873800336E-014
          19           8  -1.0663729315185638E-014
          19           9  -1.6090550607404929E-014
          19          10  -1.1056560846907758E-015
          19          11   4.1581112482199273E-015
          19          12   5.2434038451813332E-015
          19          13   2.8471026029596901E-015
          19          14  -9.3817321503144706E-015
          19          15  -5.2150907172710950E-015
          19          16   3.2668200804612530E-015
          19          17   4.3207302446160498E-015
          19          18   2.0085244066603419E-013
          19          19   1.6685540538529628     
          19          20  -1.2771301598801121E-013
          19          21   1.3877787807722562E-015
          19          22  -2.2204460492342937E-015
          19          23  -2.2426610103667749E-014
          19          24   4.2703923917980110E-014
          19          25  0.28015097754055535     
          19          26  -1.9114324831852560E-014
          19          27   4.1633363423267267E-016
          19          28   2.4147350785641485E-015
          19          29  -3.0106625533254371E-014
          20           1  0.22465961012585306     
          20           2  0.82262110327496518     
          20           3   2.6825021509836667E-014
          20           4   3.6003452185241827E-014
          20           5  -2.3301187569683992E-015
          20           6  -9.4194387896061452E-002
          20           7   1.3711545097023298E-014
          20           8  -1.7060597133604454E-014
          20           9  -3.4116212302147022E-014
          20          10  0.16581648270221183     
          20          11   2.0597167590834128E-014
          20          12   4.1737740716459993E-015
          20          13   2.4461882192669891E-014
          20          14  -6.9981360440773289E-003
          20          15  -1.4294726769258005E-014
          20          16  -4.6585435739142185E-016
          20          17  -2.7035835291698393E-014
          20          18 -0.48348395167314284     
          20          19  -1.2771301598801121E-013
          20          20   2.0130458943190970     
          20          21  -9.7603554172174117E-014
          20          22   5.0275171530353490E-014
          20          23 -0.48348395167317704     
          20          24 -0.20015041160233218     
          20          25   4.2147575336874833E-015
          20          26  0.22237856140964418     
          20          27  -8.1900710311729486E-015
          20          28  -7.6851740692424264E-015
          20          29 -0.20015041160237373     
          21           1   5.0263544937897005E-015
          21           2   1.2631325955377326E-014
          21           3  -4.6834459732696335E-015
          21           4  -2.7676107939236591E-015
          21           5   6.5988893775377848E-015
          21           6   1.0704138000117459E-014
          21           7   2.6450893732838030E-014
          21           8   1.8123223649373362E-014
          21           9  -2.0020056080726663E-014
          21          10  -8.9023824598112923E-015
          21          11   8.6459127777763810E-016
          21          12  -9.0121960854275933E-015
          21          13   3.9917930851622832E-015
          21          14  -8.3296247934093201E-015
          21          15  -4.7037764361240478E-015
          21          16   4.3845058201926752E-015
          21          17   2.5962023046474193E-015
          21          18   7.5957653122988298E-014
          21          19   1.3877787807722562E-015
          21          20  -9.7603554172174117E-014
          21          21   1.6685540538529675     
          21          22  -3.8025138593448404E-015
          21          23   5.7316120088424587E-014
          21          24  -8.9739137019092209E-015
          21          25   2.7408630920288767E-016
          21          26  -8.9165840559348052E-015
          21          27  0.28015097754055124     
          21          28   2.6229018956746912E-015
          21          29   2.0914841384702376E-014
          22           1  -2.8325764754197969E-015
          22           2  -2.2331459211900582E-015
          22           3   2.3773172906967033E-015
          22           4   1.3889469566870733E-014
          22           5  -1.4889764314212116E-015
          22           6   1.5567193852042855E-014
          22           7  -2.5687626286202331E-014
          22           8  -5.8113088431895430E-014
          22           9   9.4572111345865307E-015
          22          10  -4.2234424630699068E-015
          22          11  -2.9351812763320266E-015
          22          12   2.3578570932703612E-014
          22          13  -3.2751781289373689E-015
          22          14  -1.0213254736372438E-014
          22          15  -2.5778520033376014E-015
          22          16  -3.8730251748775820E-015
          22          17   3.3897467174190271E-017
          22          18   6.1295554815504241E-014
          22          19  -2.2204460492342937E-015
          22          20   5.0275171530353490E-014
          22          21  -3.8025138593448404E-015
          22          22   1.6685540538529620     
          22          23  -9.3877547746466453E-014
          22          24   2.7216093846871243E-014
          22          25  -4.6490589155555881E-016
          22          26  -1.0031470176772401E-014
          22          27   3.8025138593393783E-015
          22          28  0.28015097754055251     
          22          29  -2.0242041607019359E-014
          23           1  0.22465961012584856     
          23           2  0.82262110327492466     
          23           3   5.0158071182467646E-014
          23           4   6.1561007578262431E-015
          23           5  -4.0157894684353436E-014
          23           6  -9.4194387896112244E-002
          23           7  -4.5284020807684110E-014
          23           8   4.7824041196056538E-014
          23           9   7.6227345631221618E-014
          23          10  0.16581648270224694     
          23          11  -3.6365875740647429E-015
          23          12   3.6690389169817515E-015
          23          13  -3.4285562685905894E-014
          23          14  -6.9981360440578028E-003
          23          15   1.4179735210069781E-014
          23          16  -1.2626222779220161E-015
          23          17   3.7688366459560461E-014
          23          18 -0.48348395167316549     
          23          19  -2.2426610103667749E-014
          23          20 -0.48348395167317704     
          23          21   5.7316120088424587E-014
          23          22  -9.3877547746466453E-014
          23          23   2.0130458943189802     
          23          24 -0.20015041160234290     
          23          25  -4.2921359413634202E-014
          23          26 -0.20015041160233676     
          23          27   1.9876270656932359E-014
          23          28  -5.8630775026431379E-015
          23          29  0.22237856140966761     
          24           1   7.4873000823390164E-003
          24           2  -2.1151763230179605E-002
          24           3   1.0276465586026172E-014
          24           4   6.1990315637263144E-015
          24           5  -7.5858300789880828E-015
          24           6  0.12523884118687917     
          24           7   1.3174039137115560E-015
          24           8   8.4043214527809893E-015
          24           9   2.0562366323484834E-015
          24          10 -0.27145413602255053     
          24          11   4.2972994680089371E-015
          24          12  -6.2392660266995496E-015
          24          13  -6.2069148363535927E-015
          24          14   6.0338709539110337E-003
          24          15   4.2566825727181022E-015
          24          16   2.3803997392238313E-015
          24          17  -2.1792885483610750E-015
          24          18  0.22237856140964202     
          24          19   4.2703923917980110E-014
          24          20 -0.20015041160233218     
          24          21  -8.9739137019092209E-015
          24          22   2.7216093846871243E-014
          24          23 -0.20015041160234290     
          24          24  0.18587927779962093     
          24          25   1.0389429358441745E-014
          24          26   7.0514959809417702E-002
          24          27  -3.6343735110549548E-015
          24          28   7.7798465523533143E-015
          24          29   7.0514959809408806E-002
          25           1   1.5698207836146563E-015
          25           2   3.2993464658081479E-015
          25           3  -6.4190229684835571E-015
          25           4  -2.4171851593809830E-015
          25           5  -9.7703212061930633E-016
          25           6  -7.1556748652660241E-015
          25           7   1.2809331615027780E-014
          25           8   6.0602501011367081E-015
          25           9   3.3147900096113381E-015
          25          10   4.1711850801048105E-016
          25          11  -9.2627736225462937E-015
          25          12  -9.3119925880997473E-015
          25          13  -7.5934500820383104E-015
          25          14  -2.0563376072574130E-016
          25          15   1.9105058259502468E-015
          25          16   1.7855167552443221E-015
          25          17   1.4641150709327877E-015
          25          18   4.3207982649565794E-014
          25          19  0.28015097754055535     
          25          20   4.2147575336874833E-015
          25          21   2.7408630920288767E-016
          25          22  -4.6490589155555881E-016
          25          23  -4.2921359413634202E-014
          25          24   1.0389429358441745E-014
          25          25   7.4118670873012230E-002
          25          26  -1.1758018492455693E-015
          25          27  -3.4325840780947188E-016
          25          28  -3.3241638608282139E-016
          25          29  -1.1674309665710808E-014
          26           1   7.4873000823360274E-003
          26           2  -2.1151763230190707E-002
          26           3   5.7734477783924446E-015
          26           4   4.2277127124110348E-015
          26           5   4.9129404586553247E-017
          26           6  0.12523884118691447     
          26           7  -6.2847633674245555E-015
          26           8  -1.0153835122317139E-014
          26           9  -9.5207160863858516E-015
          26          10 -0.27145413602255608     
          26          11  -6.2351952768689930E-015
          26          12   3.7076942934679571E-014
          26          13   8.0316773486502283E-015
          26          14   6.0338709538982531E-003
          26          15   3.9910123370486936E-015
          26          16  -7.3820919781240663E-015
          26          17  -9.4376583210562539E-015
          26          18 -0.20015041160232705     
          26          19  -1.9114324831852560E-014
          26          20  0.22237856140964418     
          26          21  -8.9165840559348052E-015
          26          22  -1.0031470176772401E-014
          26          23 -0.20015041160233676     
          26          24   7.0514959809417702E-002
          26          25  -1.1758018492455693E-015
          26          26  0.18587927779963132     
          26          27   1.0468510072816972E-016
          26          28  -4.7581857269278428E-015
          26          29   7.0514959809402589E-002
          27           1  -1.0172068170128815E-015
          27           2   1.5665120706171775E-015
          27           3   2.8596999260155163E-015
          27           4   9.6359915732714270E-016
          27           5  -2.6299082976292419E-015
          27           6   4.7194678109641416E-015
          27           7   2.5433933138207822E-016
          27           8  -4.7718050367215547E-015
          27           9   3.9232451555369525E-015
          27          10  -1.4501296781976996E-015
          27          11  -4.2925656207765439E-015
          27          12   2.2725654121285445E-015
          27          13  -4.0514086376916371E-015
          27          14  -8.7523496251594615E-016
          27          15  -3.9335836081087116E-016
          27          16  -3.3937976781200065E-016
          27          17   1.0619814247369974E-015
          27          18  -8.6263752054567288E-015
          27          19   4.1633363423267267E-016
          27          20  -8.1900710311729486E-015
          27          21  0.28015097754055124     
          27          22   3.8025138593393783E-015
          27          23   1.9876270656932359E-014
          27          24  -3.6343735110549548E-015
          27          25  -3.4325840780947188E-016
          27          26   1.0468510072816972E-016
          27          27   7.4118670873010398E-002
          27          28   6.2146468526832550E-016
          27          29   4.2615049075425541E-015
          28           1   1.2358408185544532E-015
