           1           1   2.1764888429480158     
           1           2  0.66224614169573026     
           1           3  -1.2707849368962535E-014
           1           4   1.0949241516364417E-015
           1           5  -4.1831183187333587E-015
           1           6 -0.51863959757348543     
           1           7  -7.0577845063579081E-017
           1           8  -4.0588929323095546E-016
           1           9   1.2467660538088195E-014
           1          10   2.3118910188947971E-002
           1          11  -1.4796721504034277E-014
           1          12  -1.5112099091041800E-015
           1          13  -1.5196715664169735E-017
           1          14  -6.3947323869317880E-003
           1          15   1.3066546891822155E-014
           1          16  -3.4387929787799454E-016
           1          17   8.1569764054244596E-016
           1          18 -0.13753942657026552     
           1          19  -1.4488357631623985E-004
           1          20 -0.13760429014775799     
           1          21  -4.4623210469725533E-004
           1          22  -7.4192074186816019E-004
           1          23 -0.13546547943689760     
           1          24  -1.8983290151110069E-002
           1          25   1.1160640072235082E-005
           1          26  -1.8973435301495915E-002
           1          27   6.6206500797819334E-005
           1          28   4.2427589090916326E-005
           1          29  -1.9160229204454725E-002
           2           1  0.66224614169573026     
           2           2   2.4890682393342036     
           2           3  -3.2560149670549478E-014
           2           4  -2.3652405405649353E-015
           2           5  -1.2651544391181388E-014
           2           6  -2.2170935756483598     
           2           7  -9.1215118175701631E-016
           2           8   4.5358011980339889E-015
           2           9   6.0157521738961595E-014
           2          10   8.5553310906320984E-002
           2          11  -4.2805681487071120E-014
           2          12   5.0883213599547332E-015
           2          13   2.3770491412224453E-016
           2          14  -2.2881119136641828E-002
           2          15   3.6456897275660369E-014
           2          16  -2.5198124664641678E-015
           2          17   8.5794353427563941E-015
           2          18 -0.59454533575491708     
           2          19  -6.2868559845426718E-004
           2          20 -0.59482513793843839     
           2          21  -1.9231450456741401E-003
           2          22  -3.2180900482553479E-003
           2          23 -0.58555832390078544     
           2          24  -7.4272079587765785E-002
           2          25   5.1965506431286468E-005
           2          26  -7.4226517135507694E-002
           2          27   3.0514357263337894E-004
           2          28   1.9537664307097013E-004
           2          29  -7.5086069080620085E-002
           3           1  -1.2707849368962535E-014
           3           2  -3.2560149670549478E-014
           3           3   2.2431918479163220     
           3           4  -4.0003096550798867E-006
           3           5  -1.9987006572082244E-005
           3           6   5.3494141247303426E-014
           3           7 -0.68450153530990576     
           3           8  -1.7278360970526818E-006
           3           9  -9.0119066100541323E-006
           3          10   1.8903983925530446E-015
           3          11  0.20251880536113215     
           3          12  -4.0314878979279614E-005
           3          13  -2.0271135210712769E-004
           3          14  -3.0447395927407989E-015
           3          15 -0.11046179460473485     
           3          16   1.9798525822186698E-005
           3          17   9.9734251129796406E-005
           3          18   1.4552066283863341E-014
           3          19  -3.0597417919884509E-015
           3          20   1.4994068594804866E-014
           3          21  -2.2352756116197163E-015
           3          22   2.3662650983755478E-015
           3          23   1.3185285924320258E-014
           3          24   1.1673787974999362E-015
           3          25   3.0901996521716935E-015
           3          26   6.1306209322403879E-016
           3          27   1.2263708550168947E-015
           3          28  -1.7838400948620935E-015
           3          29   1.9408142817781202E-015
           4           1   1.0949241516364417E-015
           4           2  -2.3652405405649353E-015
           4           3  -4.0003096550798867E-006
           4           4   2.2431881998287295     
           4           5  -1.2608070572199016E-005
           4           6  -1.3638439300015849E-014
           4           7  -1.7278360995368058E-006
           4           8 -0.68450318292937506     
           4           9  -5.6704375142567487E-006
           4          10  -4.1597371834796991E-016
           4          11  -4.0314878980216365E-005
           4          12  0.20248179659925425     
           4          13  -1.2782428835189045E-004
           4          14   2.6854261108458528E-015
           4          15   1.9798525822591756E-005
           4          16 -0.11044358492927750     
           4          17   6.2882801619749962E-005
           4          18  -3.5845067310509710E-016
           4          19   1.9065776611106510E-015
           4          20  -4.7268775568863388E-015
           4          21   4.8397279177837298E-015
           4          22   1.5316633847624837E-015
           4          23  -3.7028365363087525E-015
           4          24  -2.4309700324101505E-015
           4          25  -1.6773337841002344E-015
           4          26   6.9426670227402679E-016
           4          27  -1.7839531870115310E-015
           4          28   1.3997849016592016E-015
           4          29  -8.1580621396388152E-016
           5           1  -4.1831183187333587E-015
           5           2  -1.2651544391181388E-014
           5           3  -1.9987006572082244E-005
           5           4  -1.2608070572199016E-005
           5           5   2.2432517425395750     
           5           6   5.2056074718044585E-014
           5           7  -9.0119066104704659E-006
           5           8  -5.6704375143018515E-006
           5           9 -0.68447448455691995     
           5          10  -4.7894711561933863E-015
           5          11  -2.0271135210937069E-004
           5          12  -1.2782428835001868E-004
           5          13  0.20312641830780537     
           5          14   1.2554095024078501E-015
           5          15   9.9734251132748905E-005
           5          16   6.2882801615329019E-005
           5          17 -0.11076076257889203     
           5          18   6.8686277478768867E-015
           5          19  -1.3320832455178662E-015
           5          20   5.1656741500084750E-015
           5          21   9.9465856428549529E-016
           5          22   1.5799430756338738E-015
           5          23   4.0368326700596703E-015
           5          24   3.5625744385451770E-015
           5          25   2.6538585797483896E-016
           5          26   2.6055502608477745E-015
           5          27   4.2317397363718175E-016
           5          28  -1.5611386532494806E-015
           5          29   2.0275791730340843E-015
           6           1 -0.51863959757348543     
           6           2  -2.2170935756483598     
           6           3   5.3494141247303426E-014
           6           4  -1.3638439300015849E-014
           6           5   5.2056074718044585E-014
           6           6   11.774888426241967     
           6           7  -2.2105930190621214E-014
           6           8  -1.2194665113997736E-014
           6           9  -2.7387729221382548E-013
           6          10 -0.50486534459171484     
           6          11   1.7638911906907984E-013
           6          12   7.6891869945815838E-016
           6          13   1.0480011507284254E-014
           6          14  0.13607502405533203     
           6          15  -1.4670958170205256E-013
           6          16   4.0040512074800263E-015
           6          17  -5.5612592501917096E-014
           6          18   2.9587209760963034     
           6          19   3.3563622919261173E-003
           6          20   2.9603340017349931     
           6          21   1.0934065441925482E-002
           6          22   1.6600310891099666E-002
           6          23   2.9109712737589271     
           6          24  0.41726540112778820     
           6          25  -3.7117899439432117E-004
           6          26  0.41694544857569876     
           6          27  -2.1054651027514206E-003
           6          28  -1.3409715170746438E-003
           6          29  0.42283769023639406     
           7           1  -7.0577845063579081E-017
           7           2  -9.1215118175701631E-016
           7           3 -0.68450153530990576     
           7           4  -1.7278360995368058E-006
           7           5  -9.0119066104704659E-006
           7           6  -2.2105930190621214E-014
           7           7   1.9913756266096896     
           7           8   7.8371260860687908E-005
           7           9   3.9776684178047250E-004
           7          10   2.3931503722872065E-015
           7          11 -0.50155577515440686     
           7          12   1.4768863882413941E-004
           7          13   7.4483533059807594E-004
           7          14   1.0042785969065597E-015
           7          15  0.26941816616680148     
           7          16  -7.4525883474396704E-005
           7          17  -3.7690540113066023E-004
           7          18  -1.1654638025174081E-014
           7          19   4.5491457282909677E-015
           7          20  -3.4350078002927551E-015
           7          21   5.7064639050740568E-015
           7          22  -7.9515666992941120E-015
           7          23  -2.3220910986560441E-015
           7          24  -6.2811798802020003E-016
           7          25  -1.8368073991134415E-015
           7          26  -1.0659731912508088E-015
           7          27  -1.2740918954272879E-015
           7          28   1.8691984669192780E-015
           7          29  -3.7165717779752994E-015
           8           1  -4.0588929323095546E-016
           8           2   4.5358011980339889E-015
           8           3  -1.7278360970526818E-006
           8           4 -0.68450318292937506     
           8           5  -5.6704375143018515E-006
           8           6  -1.2194665113997736E-014
           8           7   7.8371260860687908E-005
           8           8   1.9914482729851046     
           8           9   2.5068135788473833E-004
           8          10  -2.2691182977740059E-014
           8          11   1.4768863883005134E-004
           8          12 -0.50141977549258987     
           8          13   4.6958894433317411E-004
           8          14   1.0388996019380645E-014
           8          15  -7.4525883476173060E-005
           8          16  0.26934933939839356     
           8          17  -2.3758428926788470E-004
           8          18  -9.9304899421301234E-015
           8          19  -7.7982279998554547E-015
           8          20   2.4970655725722870E-015
           8          21  -1.6329896347281033E-014
           8          22  -4.3165798770229443E-015
           8          23  -2.6219787809207098E-015
           8          24   1.0243738076721051E-014
           8          25   3.0068821040442016E-015
           8          26   2.0876426667703633E-016
           8          27   2.7611504729265401E-015
           8          28  -2.4730671114765858E-015
           8          29   7.2675345869187495E-015
           9           1   1.2467660538088195E-014
           9           2   6.0157521738961595E-014
           9           3  -9.0119066100541323E-006
           9           4  -5.6704375142567487E-006
           9           5 -0.68447448455691995     
           9           6  -2.7387729221382548E-013
           9           7   3.9776684178047250E-004
           9           8   2.5068135788473833E-004
           9           9   1.9901829123474442     
           9          10   1.8364443807340684E-014
           9          11   7.4483533059844370E-004
           9          12   4.6958894433808684E-004
           9          13 -0.50378862897145305     
           9          14  -3.9894001614676391E-015
           9          15  -3.7690540113224924E-004
           9          16  -2.3758428926746317E-004
           9          17  0.27054816980431839     
           9          18  -5.5740677763434917E-014
           9          19   6.5809549972283187E-015
           9          20  -5.2284870900726203E-014
           9          21   1.7303382611903358E-016
           9          22  -6.5343981281572495E-015
           9          23  -4.7550221150650554E-014
           9          24  -1.1858675156624420E-014
           9          25   3.7544761582086554E-016
           9          26  -7.1884136618868564E-015
           9          27  -2.3497816778238445E-016
           9          28   1.9775876190905123E-015
           9          29  -1.4289801301148578E-014
          10           1   2.3118910188947971E-002
          10           2   8.5553310906320984E-002
          10           3   1.8903983925530446E-015
          10           4  -4.1597371834796991E-016
          10           5  -4.7894711561933863E-015
          10           6 -0.50486534459171484     
          10           7   2.3931503722872065E-015
          10           8  -2.2691182977740059E-014
          10           9   1.8364443807340684E-014
          10          10   2.1768203467276370E-002
          10          11  -8.1470600580703053E-015
          10          12   6.8350584769239045E-015
          10          13  -2.4961207376736739E-015
          10          14  -5.8554074092411149E-003
          10          15   6.7452026293048569E-015
          10          16  -3.8526934792523477E-015
          10          17   3.6138561093575105E-015
          10          18 -0.12555927128862329     
          10          19  -1.5307011102393201E-004
          10          20 -0.12567130696617315     
          10          21  -7.3787875212894937E-004
          10          22  -6.2755569212192489E-004
          10          23 -0.12335971203689353     
          10          24  -1.7872735554520507E-002
          10          25   1.7209715793168337E-005
          10          26  -1.7857332644807301E-002
          10          27   9.8164133232301254E-005
          10          28   6.1840339966367711E-005
          10          29  -1.8130944576461118E-002
          11           1  -1.4796721504034277E-014
          11           2  -4.2805681487071120E-014
          11           3  0.20251880536113215     
          11           4  -4.0314878980216365E-005
          11           5  -2.0271135210937069E-004
          11           6   1.7638911906907984E-013
          11           7 -0.50155577515440686     
          11           8   1.4768863883005134E-004
          11           9   7.4483533059844370E-004
          11          10  -8.1470600580703053E-015
          11          11  0.13221412796792223     
          11          12  -6.1715274011449328E-005
          11          13  -3.1549981740844335E-004
          11          14   1.5128504923018236E-015
          11          15  -7.1079359308634724E-002
          11          16   3.2133618338755360E-005
          11          17   1.6443468442367028E-004
          11          18   3.4666315153212016E-014
          11          19   6.3459034217027760E-016
          11          20   3.4040754228759820E-014
          11          21   1.3367206832899726E-015
          11          22   2.3517153043488339E-015
          11          23   3.1016012632967111E-014
          11          24   5.7612015603505109E-015
          11          25   2.2041778063853714E-016
          11          26   5.6438793823089894E-015
          11          27   2.6699567972438362E-016
          11          28  -7.4246703944601933E-016
          11          29   6.6741451397680424E-015
          12           1  -1.5112099091041800E-015
          12           2   5.0883213599547332E-015
          12           3  -4.0314878979279614E-005
          12           4  0.20248179659925425     
          12           5  -1.2782428835001868E-004
          12           6   7.6891869945815838E-016
          12           7   1.4768863882413941E-004
          12           8 -0.50141977549258987     
          12           9   4.6958894433808684E-004
          12          10   6.8350584769239045E-015
          12          11  -6.1715274011449328E-005
          12          12  0.13215649033477583     
          12          13  -1.9875004974429823E-004
          12          14  -3.0660665357822885E-015
          12          15   3.2133618338427497E-005
          12          16  -7.1049318129872030E-002
          12          17   1.0358011647752709E-004
          12          18   9.1771475226273234E-016
          12          19   6.9842842838013929E-017
          12          20  -3.1021809716552511E-015
          12          21   5.5722023888396026E-015
          12          22   5.7714561831796427E-017
          12          23  -1.2243494344824796E-015
          12          24  -3.2311500512237619E-015
          12          25  -6.2598757436751813E-016
          12          26  -2.7761614864132363E-016
          12          27  -8.1158663098538110E-016
          12          28   7.7804259702442726E-016
          12          29  -2.2509226230269479E-015
          13           1  -1.5196715664169735E-017
          13           2   2.3770491412224453E-016
          13           3  -2.0271135210712769E-004
          13           4  -1.2782428835189045E-004
          13           5  0.20312641830780537     
          13           6   1.0480011507284254E-014
          13           7   7.4483533059807594E-004
          13           8   4.6958894433317411E-004
          13           9 -0.50378862897145305     
          13          10  -2.4961207376736739E-015
          13          11  -3.1549981740844335E-004
          13          12  -1.9875004974429823E-004
          13          13  0.13316042744723505     
          13          14   5.6475416991268453E-016
          13          15   1.6443468442398600E-004
          13          16   1.0358011647657733E-004
          13          17  -7.1572577892902473E-002
          13          18   3.2351044950536690E-015
          13          19  -3.0531372235992172E-015
          13          20   2.1433629529580805E-015
          13          21  -2.7780880690715858E-015
          13          22   2.0152430927856834E-015
          13          23   9.6527743535982731E-016
          13          24   1.2994484023135680E-015
          13          25   1.1031562441609281E-016
          13          26  -6.8227090605546081E-017
          13          27   2.6550130013145005E-016
          13          28  -5.3562108414873676E-016
          13          29   1.8675365217892223E-015
          14           1  -6.3947323869317880E-003
          14           2  -2.2881119136641828E-002
          14           3  -3.0447395927407989E-015
          14           4   2.6854261108458528E-015
          14           5   1.2554095024078501E-015
          14           6  0.13607502405533203     
          14           7   1.0042785969065597E-015
          14           8   1.0388996019380645E-014
          14           9  -3.9894001614676391E-015
          14          10  -5.8554074092411149E-003
          14          11   1.5128504923018236E-015
          14          12  -3.0660665357822885E-015
          14          13   5.6475416991268453E-016
          14          14   1.5782309588467328E-003
          14          15  -1.4115644930090724E-015
          14          16   1.6967648768669268E-015
          14          17  -8.8682254461837909E-016
          14          18   3.4078147832538590E-002
          14          19   3.7764148170860577E-005
          14          20   3.4121490122776710E-002
          14          21   2.7969572872940456E-004
          14          22   1.0200891251479400E-004
          14          23   3.3526484308890950E-002
          14          24   4.8292139174870696E-003
          14          25  -4.3377943559209664E-006
          14          26   4.8251011736865019E-003
          14          27  -2.4976123105225981E-005
          14          28  -1.5462564118284866E-005
          14          29   4.8942809974299268E-003
          15           1   1.3066546891822155E-014
          15           2   3.6456897275660369E-014
          15           3 -0.11046179460473485     
          15           4   1.9798525822591756E-005
          15           5   9.9734251132748905E-005
          15           6  -1.4670958170205256E-013
          15           7  0.26941816616680148     
          15           8  -7.4525883476173060E-005
          15           9  -3.7690540113224924E-004
          15          10   6.7452026293048569E-015
          15          11  -7.1079359308634724E-002
          15          12   3.2133618338427497E-005
          15          13   1.6443468442398600E-004
          15          14  -1.4115644930090724E-015
          15          15   3.8214434385344373E-002
          15          16  -1.6716742314502354E-005
          15          17  -8.5635140546568879E-005
          15          18  -2.8749475282397636E-014
          15          19  -1.3888683365658782E-015
          15          20  -2.8535381369560593E-014
          15          21  -1.6247078685651552E-015
          15          22  -1.4604776071320777E-015
          15          23  -2.6153250148723735E-014
          15          24  -4.7980380364112482E-015
          15          25   4.6842403937220376E-017
          15          26  -4.7273911534087022E-015
          15          27  -8.3095494559613649E-017
          15          28   4.6754659959220752E-016
          15          29  -5.3646433203054948E-015
          16           1  -3.4387929787799454E-016
          16           2  -2.5198124664641678E-015
          16           3   1.9798525822186698E-005
          16           4 -0.11044358492927750     
          16           5   6.2882801615329019E-005
          16           6   4.0040512074800263E-015
          16           7  -7.4525883474396704E-005
          16           8  0.26934933939839356     
          16           9  -2.3758428926746317E-004
          16          10  -3.8526934792523477E-015
          16          11   3.2133618338755360E-005
          16          12  -7.1049318129872030E-002
          16          13   1.0358011647657733E-004
          16          14   1.6967648768669268E-015
          16          15  -1.6716742314502354E-005
          16          16   3.8198788736957763E-002
          16          17  -5.3939576153125886E-005
          16          18   9.2560466555309389E-016
          16          19   6.1315627822849586E-016
          16          20   2.8895155177123263E-015
          16          21  -4.1288530283631612E-015
          16          22   9.0770639248857155E-016
          16          23   2.0530922228017026E-015
          16          24   1.9058636536718173E-015
          16          25   2.3480961237962223E-016
          16          26   3.2001024176401112E-016
          16          27   4.2172546755493946E-016
          16          28  -4.5118398052547932E-016
          16          29   1.3760318174957580E-015
          17           1   8.1569764054244596E-016
          17           2   8.5794353427563941E-015
          17           3   9.9734251129796406E-005
          17           4   6.2882801619749962E-005
          17           5 -0.11076076257889203     
          17           6  -5.5612592501917096E-014
          17           7  -3.7690540113066023E-004
          17           8  -2.3758428926788470E-004
          17           9  0.27054816980431839     
          17          10   3.6138561093575105E-015
          17          11   1.6443468442367028E-004
          17          12   1.0358011647752709E-004
          17          13  -7.1572577892902473E-002
          17          14  -8.8682254461837909E-016
          17          15  -8.5635140546568879E-005
          17          16  -5.3939576153125886E-005
          17          17   3.8471305948478821E-002
          17          18  -1.1968557066169908E-014
          17          19   1.6693047661255348E-015
          17          20  -1.1307371787071445E-014
          17          21   1.9628066856929964E-015
          17          22  -1.6068206801659840E-015
          17          23  -1.0156001697013740E-014
          17          24  -2.3629103100538574E-015
          17          25  -6.7000007973385140E-017
          17          26  -1.6253414600942030E-015
          17          27  -1.2210698931132810E-016
          17          28   3.0210356184723246E-016
          17          29  -2.7338287493683128E-015
          18           1 -0.13753942657026552     
          18           2 -0.59454533575491708     
          18           3   1.4552066283863341E-014
          18           4  -3.5845067310509710E-016
          18           5   6.8686277478768867E-015
          18           6   2.9587209760963034     
          18           7  -1.1654638025174081E-014
          18           8  -9.9304899421301234E-015
          18           9  -5.5740677763434917E-014
          18          10 -0.12555927128862329     
          18          11   3.4666315153212016E-014
          18          12   9.1771475226273234E-016
          18          13   3.2351044950536690E-015
          18          14   3.4078147832538590E-002
          18          15  -2.8749475282397636E-014
          18          16   9.2560466555309389E-016
          18          17  -1.1968557066169908E-014
          18          18  0.76697603510947221     
          18          19   1.0714322355181429E-003
          18          20  0.75958190749044041     
          18          21  -4.5696152783607502E-002
          18          22   3.1906083292447540E-002
          18          23  0.75626480802652829     
          18          24  0.10555184317236865     
          18          25  -7.0524947941445694E-005
          18          26  0.10560851215445288     
          18          27  -2.8204203776290249E-004
          18          28  -3.1915160665986226E-004
          18          29  0.10662213924507952     
          19           1  -1.4488357631623985E-004
          19           2  -6.2868559845426718E-004
          19           3  -3.0597417919884509E-015
          19           4   1.9065776611106510E-015
          19           5  -1.3320832455178662E-015
          19           6   3.3563622919261173E-003
          19           7   4.5491457282909677E-015
          19           8  -7.7982279998554547E-015
          19           9   6.5809549972283187E-015
          19          10  -1.5307011102393201E-004
          19          11   6.3459034217027760E-016
          19          12   6.9842842838013929E-017
          19          13  -3.0531372235992172E-015
          19          14   3.7764148170860577E-005
          19          15  -1.3888683365658782E-015
          19          16   6.1315627822849586E-016
          19          17   1.6693047661255348E-015
          19          18   1.0714322355181429E-003
          19          19  0.98690163586670132     
          19          20  -6.9555139688362142E-006
          19          21  0.18110215358831905     
          19          22  0.30263415528340937     
          19          23   7.8657379916847851E-004
          19          24   9.9224310063707007E-005
          19          25 -0.15892197649035023     
          19          26   1.1527956810404004E-004
          19          27  -3.0228368213807907E-002
          19          28  -4.8094771765342305E-002
          19          29   1.0814381499769539E-004
          20           1 -0.13760429014775799     
          20           2 -0.59482513793843839     
          20           3   1.4994068594804866E-014
          20           4  -4.7268775568863388E-015
          20           5   5.1656741500084750E-015
          20           6   2.9603340017349931     
          20           7  -3.4350078002927551E-015
          20           8   2.4970655725722870E-015
          20           9  -5.2284870900726203E-014
          20          10 -0.12567130696617315     
          20          11   3.4040754228759820E-014
          20          12  -3.1021809716552511E-015
          20          13   2.1433629529580805E-015
          20          14   3.4121490122776710E-002
          20          15  -2.8535381369560593E-014
          20          16   2.8895155177123263E-015
          20          17  -1.1307371787071445E-014
          20          18  0.75958190749044041     
          20          19  -6.9555139688362142E-006
          20          20  0.77115445693584905     
          20          21   7.1969015624460619E-002
          20          22  -3.8974830718595636E-002
          20          23  0.75304475166087192     
          20          24  0.10578343124190587     
          20          25  -6.8343485107557090E-005
          20          26  0.10555253227642172     
          20          27  -5.6104951259745037E-004
          20          28  -1.5316875209928112E-004
          20          29  0.10679464546364305     
          21           1  -4.4623210469725533E-004
          21           2  -1.9231450456741401E-003
          21           3  -2.2352756116197163E-015
          21           4   4.8397279177837298E-015
          21           5   9.9465856428549529E-016
          21           6   1.0934065441925482E-002
          21           7   5.7064639050740568E-015
          21           8  -1.6329896347281033E-014
          21           9   1.7303382611903358E-016
          21          10  -7.3787875212894937E-004
          21          11   1.3367206832899726E-015
          21          12   5.5722023888396026E-015
          21          13  -2.7780880690715858E-015
          21          14   2.7969572872940456E-004
          21          15  -1.6247078685651552E-015
          21          16  -4.1288530283631612E-015
          21          17   1.9628066856929964E-015
          21          18  -4.5696152783607502E-002
          21          19  0.18110215358831905     
          21          20   7.1969015624460619E-002
          21          21  0.76570551594265290     
          21          22 -0.38290491911245844     
          21          23  -1.9813857906673234E-002
          21          24   1.4669422650814762E-003
          21          25  -3.0228721501841208E-002
          21          26  -3.1714605923109391E-004
          21          27  -7.4864250208498250E-003
          21          28  -8.1208394247163120E-003
          21          29   1.1018985637986484E-003
          22           1  -7.4192074186816019E-004
          22           2  -3.2180900482553479E-003
          22           3   2.3662650983755478E-015
          22           4   1.5316633847624837E-015
          22           5   1.5799430756338738E-015
          22           6   1.6600310891099666E-002
          22           7  -7.9515666992941120E-015
          22           8  -4.3165798770229443E-015
          22           9  -6.5343981281572495E-015
          22          10  -6.2755569212192489E-004
          22          11   2.3517153043488339E-015
          22          12   5.7714561831796427E-017
          22          13   2.0152430927856834E-015
          22          14   1.0200891251479400E-004
          22          15  -1.4604776071320777E-015
          22          16   9.0770639248857155E-016
          22          17  -1.6068206801659840E-015
          22          18   3.1906083292447540E-002
          22          19  0.30263415528340937     
          22          20  -3.8974830718595636E-002
          22          21 -0.38290491911245844     
          22          22  0.35537798513950025     
          22          23   1.5995194478358017E-002
          22          24  -1.2789709369594881E-004
          22          25  -4.8094567380823759E-002
          22          26   9.4484654110892725E-004
          22          27  -8.1211301011842700E-003
          22          28  -1.5177662552794416E-002
          22          29   1.2937064224143513E-004
          23           1 -0.13546547943689760     
          23           2 -0.58555832390078544     
          23           3   1.3185285924320258E-014
          23           4  -3.7028365363087525E-015
          23           5   4.0368326700596703E-015
          23           6   2.9109712737589271     
          23           7  -2.3220910986560441E-015
          23           8  -2.6219787809207098E-015
          23           9  -4.7550221150650554E-014
          23          10 -0.12335971203689353     
          23          11   3.1016012632967111E-014
          23          12  -1.2243494344824796E-015
          23          13   9.6527743535982731E-016
          23          14   3.3526484308890950E-002
          23          15  -2.6153250148723735E-014
          23          16   2.0530922228017026E-015
          23          17  -1.0156001697013740E-014
          23          18  0.75626480802652829     
          23          19   7.8657379916847851E-004
          23          20  0.75304475166087192     
          23          21  -1.9813857906673234E-002
          23          22   1.5995194478358017E-002
          23          23  0.74713517171140920     
          23          24  0.10403482416111143     
          23          25  -6.4875289195305633E-005
          23          26  0.10403232054303263     
          23          27  -3.1449298127535403E-004
          23          28  -2.6378289507734065E-004
          23          29  0.10501457655547319     
          24           1  -1.8983290151110069E-002
          24           2  -7.4272079587765785E-002
          24           3   1.1673787974999362E-015
          24           4  -2.4309700324101505E-015
          24           5   3.5625744385451770E-015
          24           6  0.41726540112778820     
          24           7  -6.2811798802020003E-016
          24           8   1.0243738076721051E-014
          24           9  -1.1858675156624420E-014
          24          10  -1.7872735554520507E-002
          24          11   5.7612015603505109E-015
          24          12  -3.2311500512237619E-015
          24          13   1.2994484023135680E-015
          24          14   4.8292139174870696E-003
          24          15  -4.7980380364112482E-015
          24          16   1.9058636536718173E-015
          24          17  -2.3629103100538574E-015
          24          18  0.10555184317236865     
          24          19   9.9224310063707007E-005
          24          20  0.10578343124190587     
          24          21   1.4669422650814762E-003
          24          22  -1.2789709369594881E-004
          24          23  0.10403482416111143     
          24          24   1.4841044148742899E-002
          24          25  -1.2081599112012540E-005
          24          26   1.4827898285992173E-002
          24          27  -7.1279321667813581E-005
          24          28  -4.2153965539011260E-005
          24          29   1.5022162820996731E-002
          25           1   1.1160640072235082E-005
          25           2   5.1965506431286468E-005
          25           3   3.0901996521716935E-015
          25           4  -1.6773337841002344E-015
          25           5   2.6538585797483896E-016
          25           6  -3.7117899439432117E-004
          25           7  -1.8368073991134415E-015
          25           8   3.0068821040442016E-015
          25           9   3.7544761582086554E-016
          25          10   1.7209715793168337E-005
          25          11   2.2041778063853714E-016
          25          12  -6.2598757436751813E-016
          25          13   1.1031562441609281E-016
          25          14  -4.3377943559209664E-006
          25          15   4.6842403937220376E-017
          25          16   2.3480961237962223E-016
          25          17  -6.7000007973385140E-017
          25          18  -7.0524947941445694E-005
          25          19 -0.15892197649035023     
          25          20  -6.8343485107557090E-005
          25          21  -3.0228721501841208E-002
          25          22  -4.8094567380823759E-002
          25          23  -6.4875289195305633E-005
          25          24  -1.2081599112012540E-005
          25          25   2.5592960023467722E-002
          25          26  -1.2082354061197093E-005
          25          27   4.8704307295992632E-003
          25          28   7.7436733190028766E-003
          25          29  -1.2697028468368058E-005
          26           1  -1.8973435301495915E-002
          26           2  -7.4226517135507694E-002
          26           3   6.1306209322403879E-016
          26           4   6.9426670227402679E-016
          26           5   2.6055502608477745E-015
          26           6  0.41694544857569876     
          26           7  -1.0659731912508088E-015
          26           8   2.0876426667703633E-016
          26           9  -7.1884136618868564E-015
          26          10  -1.7857332644807301E-002
          26          11   5.6438793823089894E-015
          26          12  -2.7761614864132363E-016
          26          13  -6.8227090605546081E-017
          26          14   4.8251011736865019E-003
          26          15  -4.7273911534087022E-015
          26          16   3.2001024176401112E-016
          26          17  -1.6253414600942030E-015
          26          18  0.10560851215445288     
          26          19   1.1527956810404004E-004
          26          20  0.10555253227642172     
          26          21  -3.1714605923109391E-004
          26          22   9.4484654110892725E-004
          26          23  0.10403232054303263     
          26          24   1.4827898285992173E-002
          26          25  -1.2082354061197093E-005
          26          26   1.4819138174283689E-002
          26          27  -6.6868208672470441E-005
          26          28  -4.4552877335313336E-005
          26          29   1.5009428419054546E-002
          27           1   6.6206500797819334E-005
          27           2   3.0514357263337894E-004
          27           3   1.2263708550168947E-015
          27           4  -1.7839531870115310E-015
          27           5   4.2317397363718175E-016
          27           6  -2.1054651027514206E-003
          27           7  -1.2740918954272879E-015
          27           8   2.7611504729265401E-015
          27           9  -2.3497816778238445E-016
          27          10   9.8164133232301254E-005
          27          11   2.6699567972438362E-016
          27          12  -8.1158663098538110E-016
          27          13   2.6550130013145005E-016
          27          14  -2.4976123105225981E-005
          27          15  -8.3095494559613649E-017
          27          16   4.2172546755493946E-016
          27          17  -1.2210698931132810E-016
          27          18  -2.8204203776290249E-004
          27          19  -3.0228368213807907E-002
          27          20  -5.6104951259745037E-004
          27          21  -7.4864250208498250E-003
          27          22  -8.1211301011842700E-003
          27          23  -3.1449298127535403E-004
          27          24  -7.1279321667813581E-005
          27          25   4.8704307295992632E-003
          27          26  -6.6868208672470441E-005
          27          27   9.3216379002315807E-004
          27          28   1.4719459095607090E-003
          27          29  -7.3816630977798045E-005
          28           1   4.2427589090916326E-005
