           1           1   2.1700234373989602     
           1           2 -0.64413335115383341     
           1           3  -4.9241215265161971E-016
           1           4   1.4705608010076890E-015
           1           5   1.8256157429307278E-015
           1           6  0.18994303651045996     
           1           7   1.0575210399541623E-015
           1           8  -1.3107683595114282E-015
           1           9   4.9554567742606216E-016
           1          10  -3.3747861935239619E-003
           1          11  -1.1365386001823608E-015
           1          12   1.3797075568319877E-016
           1          13   2.6736789444399548E-016
           2           1 -0.64413335115383341     
           2           2   2.4436690335953246     
           2           3   1.6714781929069757E-015
           2           4   3.3378092998800902E-015
           2           5  -6.2920850235575775E-015
           2           6 -0.81482495837634850     
           2           7  -4.0387315953551595E-016
           2           8   1.8351573537123665E-015
           2           9  -2.2934963639663533E-015
           2          10   1.1980565087476060E-002
           2          11   3.0251458878463630E-015
           2          12   1.2049150762683997E-015
           2          13  -4.7230034892612162E-016
           3           1  -4.9241215265161971E-016
           3           2   1.6714781929069757E-015
           3           3   2.1623768731923780     
           3           4   2.9012935640823419E-002
           3           5  -2.5227969414684515E-002
           3           6   2.5314572106718669E-015
           3           7 -0.48963718300505787     
           3           8  -8.5701894231717424E-002
           3           9   7.4521406355586475E-002
           3          10  -1.1570194203992190E-015
           3          11   6.3246323936022780E-002
           3          12  -1.9789006728995095E-002
           3          13   1.7207374761609304E-002
           4           1   1.4705608010076890E-015
           4           2   3.3378092998800902E-015
           4           3   2.9012935640823419E-002
           4           4   2.2243657271706474     
           4           5   9.9652247139851539E-003
           4           6   4.7925954906297846E-015
           4           7  -8.5701894231717479E-002
           4           8 -0.67274730577787167     
           4           9  -2.9436477749307400E-002
           4          10  -1.0167941980321777E-015
           4          11  -1.9789006728995539E-002
           4          12   2.0965257873449432E-002
           4          13  -6.7970336184661412E-003
           5           1   1.8256157429307278E-015
           5           2  -6.2920850235575775E-015
           5           3  -2.5227969414684515E-002
           5           4   9.9652247139851539E-003
           5           5   2.2271608574960360     
           5           6  -1.6147572896299374E-015
           5           7   7.4521406355584602E-002
           5           8  -2.9436477749307740E-002
           5           9 -0.68100389747461931     
           5          10   6.3859452680955005E-016
           5          11   1.7207374761611709E-002
           5          12  -6.7970336184632711E-003
           5          13   1.9058768523241350E-002
           6           1  0.18994303651045996     
           6           2 -0.81482495837634850     
           6           3   2.5314572106718669E-015
           6           4   4.7925954906297846E-015
           6           5  -1.6147572896299374E-015
           6           6   2.1118565613466527     
           6           7  -4.5846562438865084E-015
           6           8  -8.5414836123208764E-015
           6           9   3.6129934982146048E-015
           6          10   6.8742984714593058E-002
           6          11  -2.2957755231946331E-015
           6          12  -2.9508717137056886E-016
           6          13   1.2460956904128112E-016
           7           1   1.0575210399541623E-015
           7           2  -4.0387315953551595E-016
           7           3 -0.48963718300505787     
           7           4  -8.5701894231717479E-002
           7           5   7.4521406355584602E-002
           7           6  -4.5846562438865084E-015
           7           7   1.4014359430839489     
           7           8  0.25315654940377191     
           7           9 -0.22013028135280627     
           7          10  -4.5769274704225779E-016
           7          11  -4.4529376787261661E-002
           7          12   5.8455145064767448E-002
           7          13  -5.0829210462587676E-002
           8           1  -1.3107683595114282E-015
           8           2   1.8351573537123665E-015
           8           3  -8.5701894231717424E-002
           8           4 -0.67274730577787167     
           8           5  -2.9436477749307740E-002
           8           6  -8.5414836123208764E-015
           8           7  0.25315654940377191     
           8           8   1.9423286182998902     
           8           9   8.6953003786210514E-002
           8          10  -3.6904402420207982E-015
           8          11   5.8455145064769259E-002
           8          12   8.0365514807231614E-002
           8          13   2.0077894338943351E-002
           9           1   4.9554567742606216E-016
           9           2  -2.2934963639663533E-015
           9           3   7.4521406355586475E-002
           9           4  -2.9436477749307400E-002
           9           5 -0.68100389747461931     
           9           6   3.6129934982146048E-015
           9           7 -0.22013028135280627     
           9           8   8.6953003786210514E-002
           9           9   1.9667179306076497     
           9          10   4.9607563689519352E-016
           9          11  -5.0829210462590250E-002
           9          12   2.0077894338940173E-002
           9          13   8.5997132050942726E-002
          10           1  -3.3747861935239619E-003
          10           2   1.1980565087476060E-002
          10           3  -1.1570194203992190E-015
          10           4  -1.0167941980321777E-015
          10           5   6.3859452680955005E-016
          10           6   6.8742984714593058E-002
          10           7  -4.5769274704225779E-016
          10           8  -3.6904402420207982E-015
          10           9   4.9607563689519352E-016
          10          10   4.2246675990639734E-002
          10          11  -7.1872683620754442E-016
          10          12  -1.0878211168800942E-015
          10          13  -4.4368088218187402E-016
          11           1  -1.1365386001823608E-015
          11           2   3.0251458878463630E-015
          11           3   6.3246323936022780E-002
          11           4  -1.9789006728995539E-002
          11           5   1.7207374761611709E-002
          11           6  -2.2957755231946331E-015
          11           7  -4.4529376787261661E-002
          11           8   5.8455145064769259E-002
          11           9  -5.0829210462590250E-002
          11          10  -7.1872683620754442E-016
          11          11   1.6522086223351141E-002
          11          12   1.3497592665845911E-002
          11          13  -1.1736725271836520E-002
          12           1   1.3797075568319877E-016
          12           2   1.2049150762683997E-015
          12           3  -1.9789006728995095E-002
          12           4   2.0965257873449432E-002
          12           5  -6.7970336184632711E-003
          12           6  -2.9508717137056886E-016
          12           7   5.8455145064767448E-002
          12           8   8.0365514807231614E-002
          12           9   2.0077894338940173E-002
          12          10  -1.0878211168800942E-015
          12          11   1.3497592665845911E-002
          12          12   4.5360956966371518E-002
          12          13   4.6360887322190215E-003
          13           1   2.6736789444399548E-016
          13           2  -4.7230034892612162E-016
          13           3   1.7207374761609304E-002
          13           4  -6.7970336184661412E-003
          13           5   1.9058768523241350E-002
          13           6   1.2460956904128112E-016
          13           7  -5.0829210462587676E-002
          13           8   2.0077894338943351E-002
          13           9   8.5997132050942726E-002
          13          10  -4.4368088218187402E-016
          13          11  -1.1736725271836520E-002
          13          12   4.6360887322190215E-003
          13          13   4.6661326258437517E-002
