           1           1   2.1647311693709250     
           1           2 -0.62983843272979301     
           1           3   2.1082365311134346E-014
           1           4  -3.5662072770938972E-013
           1           5  -4.5600024195556831E-014
           1           6  0.10825708099401468     
           1           7   1.3292429040748773E-015
           1           8  -2.9388395802033336E-014
           1           9   1.1477642054129399E-016
           1          10   6.2334991066535242E-002
           1          11   1.6303615665815886E-014
           1          12  -1.8208110471647403E-014
           1          13   1.9968004703965186E-014
           2           1 -0.62983843272979301     
           2           2   2.4148714216946603     
           2           3  -1.0488476202948543E-013
           2           4   1.5581624652666672E-012
           2           5   1.9123311187324253E-013
           2           6 -0.53747034566841168     
           2           7  -1.4072304058944632E-014
           2           8   9.8508644908095798E-014
           2           9   5.0627482133107587E-014
           2          10 -0.26439413414730600     
           2          11   5.5104690502449539E-015
           2          12  -3.2920248720805281E-014
           2          13   2.7849162532711151E-014
           3           1   2.1082365311134346E-014
           3           2  -1.0488476202948543E-013
           3           3   2.0589289123950749     
           3           4  -8.1078500150769534E-003
           3           5  -8.5591548551895626E-003
           3           6  -6.2923823019367974E-015
           3           7 -0.18533277523958364     
           3           8   2.0592660458219520E-002
           3           9   2.1738903936551344E-002
           3          10  -1.0385117505089168E-013
           3          11 -0.11948398970189712     
           3          12   1.2073139219335687E-002
           3          13   1.2745162968873172E-002
           4           1  -3.5662072770938972E-013
           4           2   1.5581624652666672E-012
           4           3  -8.1078500150769534E-003
           4           4   2.1347333684347234     
           4           5  -9.0522538184214726E-004
           4           6   1.5706375727103856E-013
           4           7   2.0592660454940504E-002
           4           8 -0.37786414350626396     
           4           9   2.2991297088027218E-003
           4          10   3.9080840636149754E-013
           4          11   1.2073139219115660E-002
           4          12 -0.23236197439179707     
           4          13   1.3479420554478837E-003
           5           1  -4.5600024195556831E-014
           5           2   1.9123311187324253E-013
           5           3  -8.5591548551895626E-003
           5           4  -9.0522538184214726E-004
           5           5   2.1346352506611330     
           5           6   1.4510834403908305E-014
           5           7   2.1738903936566523E-002
           5           8   2.2991297096936827E-003
           5           9 -0.37761493975969096     
           5          10   1.1793876174220370E-013
           5          11   1.2745162969242083E-002
           5          12   1.3479420553304047E-003
           5          13 -0.23221587032237373     
           6           1  0.10825708099401468     
           6           2 -0.53747034566841168     
           6           3  -6.2923823019367974E-015
           6           4   1.5706375727103856E-013
           6           5   1.4510834403908305E-014
           6           6   1.1787482184599867     
           6           7  -7.0569464031403333E-015
           6           8  -1.7205962266273740E-013
           6           9   5.6693328445650588E-014
           6          10  0.51155466584643594     
           6          11   3.1163458015863443E-014
           6          12   6.0047144889502010E-015
           6          13   4.4630955020431895E-015
           7           1   1.3292429040748773E-015
           7           2  -1.4072304058944632E-014
           7           3 -0.18533277523958364     
           7           4   2.0592660454940504E-002
           7           5   2.1738903936566523E-002
           7           6  -7.0569464031403333E-015
           7           7  0.60710201097354211     
           7           8  -5.1728018778524766E-002
           7           9  -5.4607340947868704E-002
           7          10   4.7548286732098415E-014
           7          11  0.28704556920060914     
           7          12  -3.1759628097621007E-002
           7          13  -3.3527455351320415E-002
           8           1  -2.9388395802033336E-014
           8           2   9.8508644908095798E-014
           8           3   2.0592660458219520E-002
           8           4 -0.37786414350626396     
           8           5   2.2991297096936827E-003
           8           6  -1.7205962266273740E-013
           8           7  -5.1728018778524766E-002
           8           8   1.0907338491369136     
           8           9  -5.7753307315634994E-003
           8          10  -9.5612076644933101E-015
           8          11  -3.1759628103285531E-002
           8          12  0.58398265824031292     
           8          13  -3.5458995052850967E-003
           9           1   1.1477642054129399E-016
           9           2   5.0627482133107587E-014
           9           3   2.1738903936551344E-002
           9           4   2.2991297088027218E-003
           9           5 -0.37761493975969096     
           9           6   5.6693328445650588E-014
           9           7  -5.4607340947868704E-002
           9           8  -5.7753307315634994E-003
           9           9   1.0901078583360562     
           9          10  -2.2225052770446700E-013
           9          11  -3.3527455351801003E-002
           9          12  -3.5458995049639508E-003
           9          13  0.58359831653384409     
          10           1   6.2334991066535242E-002
          10           2 -0.26439413414730600     
          10           3  -1.0385117505089168E-013
          10           4   3.9080840636149754E-013
          10           5   1.1793876174220370E-013
          10           6  0.51155466584643594     
          10           7   4.7548286732098415E-014
          10           8  -9.5612076644933101E-015
          10           9  -2.2225052770446700E-013
          10          10  0.22277138670500746     
          10          11   3.9036329147694346E-014
          10          12   3.7483731005190420E-014
          10          13  -1.3118646700274219E-013
          11           1   1.6303615665815886E-014
          11           2   5.5104690502449539E-015
          11           3 -0.11948398970189712     
          11           4   1.2073139219115660E-002
          11           5   1.2745162969242083E-002
          11           6   3.1163458015863443E-014
          11           7  0.28704556920060914     
          11           8  -3.1759628103285531E-002
          11           9  -3.3527455351801003E-002
          11          10   3.9036329147694346E-014
          11          11  0.13633998731684185     
          11          12  -1.8951810154553904E-002
          11          13  -2.0006719434845530E-002
          12           1  -1.8208110471647403E-014
          12           2  -3.2920248720805281E-014
          12           3   1.2073139219335687E-002
          12           4 -0.23236197439179707     
          12           5   1.3479420553304047E-003
          12           6   6.0047144889502010E-015
          12           7  -3.1759628097621007E-002
          12           8  0.58398265824031292     
          12           9  -3.5458995049639508E-003
          12          10   3.7483731005190420E-014
          12          11  -1.8951810154553904E-002
          12          12  0.31353020256247832     
          12          13  -2.1159320265087544E-003
          13           1   1.9968004703965186E-014
          13           2   2.7849162532711151E-014
          13           3   1.2745162968873172E-002
          13           4   1.3479420554478837E-003
          13           5 -0.23221587032237373     
          13           6   4.4630955020431895E-015
          13           7  -3.3527455351320415E-002
          13           8  -3.5458995052850967E-003
          13           9  0.58359831653384409     
          13          10  -1.3118646700274219E-013
          13          11  -2.0006719434845530E-002
          13          12  -2.1159320265087544E-003
          13          13  0.31330085570036215     
