           1           1   2.1984291365796667     
           1           2  0.71603087102897489     
           1           3  -3.3587898709475117E-013
           1           4  -6.0768387142245628E-013
           1           5   3.7839235031794069E-013
           1           6 -0.18460468658758405     
           1           7   3.7787342816634767E-013
           1           8   6.5593534145220673E-013
           1           9  -3.8631974178755127E-013
           1          10   2.8901849493925928E-002
           1          11   1.8415479951965416E-013
           1          12   1.5652769276006728E-013
           1          13  -1.7469820526716975E-014
           1          14  -2.3852167491408525E-002
           1          15  -2.6069194543417626E-013
           1          16  -2.7809206659050048E-013
           1          17   9.1056545397057602E-014
           1          18   2.6055859043828698E-002
           1          19  -4.1825126152291771E-004
           1          20   2.6994173936211535E-002
           1          21   1.0919323300630830E-005
           1          22  -3.9722804971541738E-005
           1          23   2.6022182405810695E-002
           1          24   4.9007753164126656E-003
           1          25   7.4936564907746711E-004
           1          26   3.2194786805720861E-003
           1          27  -2.2071694043144773E-005
           1          28   7.2893528664478522E-005
           1          29   5.0258466513480662E-003
           2           1  0.71603087102897489     
           2           2   2.5693134439991194     
           2           3  -3.3043829429446920E-013
           2           4  -7.5091934988732070E-013
           2           5   5.1707732490298048E-013
           2           6 -0.98558306017507835     
           2           7   4.4107792565733191E-013
           2           8   8.3790437557851358E-013
           2           9  -5.0992315801184434E-013
           2          10  0.10586426695282135     
           2          11   9.3404856317903695E-013
           2          12   6.7841480822606934E-013
           2          13  -3.6136182786822694E-014
           2          14  -9.9950585789535862E-002
           2          15  -6.7813676402639049E-013
           2          16  -6.2659860741048147E-013
           2          17   1.5604514757084070E-013
           2          18   1.5553497458685142E-003
           2          19  -1.7253208522098062E-003
           2          20   5.4259864732225894E-003
           2          21   4.5213295692192413E-005
           2          22  -1.6397672271590207E-004
           2          23   1.4120369565438487E-003
           2          24   4.6359797847627116E-003
           2          25   3.0958782087822266E-003
           2          26  -2.3100067340784433E-003
           2          27  -9.1061868684353021E-005
           2          28   3.0106249806626423E-004
           2          29   5.1494987162292501E-003
           3           1  -3.3587898709475117E-013
           3           2  -3.3043829429446920E-013
           3           3   2.2656897356849397     
           3           4  -2.4140141490816558E-004
           3           5   6.8287961066811845E-006
           3           6   3.6444523693580709E-013
           3           7 -0.77602724537101442     
           3           8   5.1122658475448446E-004
           3           9  -1.4447597384836808E-005
           3          10   4.8745482877720745E-013
           3          11  -5.0388647288521493E-003
           3          12  -1.4109888319085440E-003
           3          13   4.0004238195483952E-005
           3          14   9.1682680291951177E-013
           3          15   1.2810132379332947E-003
           3          16   6.6376120069968920E-004
           3          17  -1.8885919482503963E-005
           3          18   6.2297108195776483E-014
           3          19  -2.0223226825169551E-013
           3          20   4.1093069102059291E-013
           3          21   2.0126279116134442E-013
           3          22  -8.3510495352836210E-014
           3          23  -1.5721853568782663E-013
           3          24  -1.2851706497916489E-013
           3          25   1.2372848493764180E-013
           3          26  -1.0746767153736936E-013
           3          27  -1.7309685695485448E-013
           3          28   7.6310789583256246E-014
           3          29  -4.0680378154521281E-013
           4           1  -6.0768387142245628E-013
           4           2  -7.5091934988732070E-013
           4           3  -2.4140141490816558E-004
           4           4   2.2663151187431811     
           4           5  -2.3288678639541696E-005
           4           6   3.6424291297603571E-013
           4           7   5.1122658454991199E-004
           4           8 -0.77735164525897515     
           4           9   4.9309806960553919E-005
           4          10   1.8541844845266551E-013
           4          11  -1.4109888415035116E-003
           4          12  -1.3835023804171297E-003
           4          13  -1.3618375999025726E-004
           4          14   9.2827200243053087E-013
           4          15   6.6376120746110246E-004
           4          16  -4.3855707126960351E-004
           4          17   6.4109965433567392E-005
           4          18   2.2059956634003245E-013
           4          19  -4.9336621099789906E-013
           4          20  -9.3135249659854100E-014
           4          21   2.2827433501062405E-013
           4          22  -1.3289373749759670E-013
           4          23  -1.6991537720293879E-014
           4          24  -1.3247517286026215E-013
           4          25   5.1497162896155702E-014
           4          26  -4.2098101157014405E-013
           4          27  -2.0919676741270667E-013
           4          28   1.0910291500452680E-013
           4          29  -3.9928230625445216E-013
           5           1   3.7839235031794069E-013
           5           2   5.1707732490298048E-013
           5           3   6.8287961066811845E-006
           5           4  -2.3288678639541696E-005
           5           5   2.2656516002224865     
           5           6  -1.2172829063878323E-013
           5           7  -1.4447597508873006E-005
           5           8   4.9309807272339672E-005
           5           9 -0.77594690308292180     
           5          10   8.2620858513997295E-014
           5          11   4.0004235468240750E-005
           5          12  -1.3618375102067521E-004
           5          13  -5.2644499509193650E-003
           5          14  -2.9784885930925503E-013
           5          15  -1.8885917564882130E-005
           5          16   6.4109959009539037E-005
           5          17   1.3891314891210265E-003
           5          18   7.5551206930502371E-014
           5          19   1.6895394250160612E-013
           5          20   1.2732080268939287E-014
           5          21  -3.6713337297538316E-014
           5          22   5.9459848587023088E-014
           5          23   3.8371564301179155E-014
           5          24   8.3466227209577839E-014
           5          25  -1.2636503687401089E-013
           5          26   1.0746714174641158E-013
           5          27   3.2843623484609896E-013
           5          28  -7.6642666709670985E-014
           5          29   1.7512722133828029E-013
           6           1 -0.18460468658758405     
           6           2 -0.98558306017507835     
           6           3   3.6444523693580709E-013
           6           4   3.6424291297603571E-013
           6           5  -1.2172829063878323E-013
           6           6   2.5009968370422917     
           6           7  -1.0464792234391697E-013
           6           8  -2.2108840413838956E-013
           6           9   1.7745223131633994E-013
           6          10 -0.29129721975819289     
           6          11  -2.6811571708563056E-012
           6          12  -1.9526212773643202E-012
           6          13   1.0028282988737607E-013
           6          14  0.28961609189350612     
           6          15   1.6663925571291926E-012
           6          16   1.2538723188706239E-012
           6          17  -1.2806810234134095E-013
           6          18   5.1406124513463380E-003
           6          19   5.7249018756574304E-003
           6          20  -7.7031436971086355E-003
           6          21  -1.5558920710927215E-004
           6          22   5.4792543901242656E-004
           6          23   5.7597704654585302E-003
           6          24  -4.2155065619828474E-003
           6          25  -9.6211234356837413E-003
           6          26   1.7370494127168550E-002
           6          27   2.8004527452594162E-004
           6          28  -9.3359183237000333E-004
           6          29  -5.7352353047630490E-003
           7           1   3.7787342816634767E-013
           7           2   4.4107792565733191E-013
           7           3 -0.77602724537101442     
           7           4   5.1122658454991199E-004
           7           5  -1.4447597508873006E-005
           7           6  -1.0464792234391697E-013
           7           7   2.2644585310693852     
           7           8  -9.2891753913915132E-004
           7           9   2.6197291520722865E-005
           7          10  -6.9075638756607238E-013
           7          11   6.7077207510669338E-003
           7          12   4.1103970522723896E-003
           7          13  -1.1651516275741335E-004
           7          14  -1.8476113430574291E-012
           7          15   1.8443481758380993E-004
           7          16  -1.9428026753866871E-003
           7          17   5.5270610676122223E-005
           7          18   5.0369484096957577E-014
           7          19   1.3038669557740588E-013
           7          20  -3.6500561248189974E-013
           7          21  -1.6117498034020524E-013
           7          22   7.0102611486029538E-014
           7          23   5.5536071593425314E-013
           7          24   1.4228096452043325E-013
           7          25  -1.0907566033635543E-013
           7          26   1.4016081475992947E-013
           7          27   1.3670600250182487E-013
           7          28  -3.5250023772622705E-014
           7          29   5.3372535879440406E-013
           8           1   6.5593534145220673E-013
           8           2   8.3790437557851358E-013
           8           3   5.1122658475448446E-004
           8           4 -0.77735164525897515     
           8           5   4.9309807272339672E-005
           8           6  -2.2108840413838956E-013
           8           7  -9.2891753913915132E-004
           8           8   2.2668650103750601     
           8           9  -8.9560322508730472E-005
           8          10  -2.8546480744494562E-013
           8          11   4.1103970732881507E-003
           8          12  -3.9408315940490830E-003
           8          13   3.9670584837316790E-004
           8          14  -1.4932768461593108E-012
           8          15  -1.9428026928367810E-003
           8          16   5.2175483000619144E-003
           8          17  -1.8764200928808174E-004
           8          18  -2.0599701794546288E-013
           8          19   6.5216785585685547E-013
           8          20   2.7533870582090821E-013
           8          21  -2.0046501616885947E-013
           8          22   1.2061212555410978E-013
           8          23   2.1393280393751919E-013
           8          24   1.0122901452826034E-013
           8          25   6.0171190061499897E-014
           8          26   5.3380075120790688E-013
           8          27   1.5470017478197736E-013
           8          28  -9.8697304665547624E-014
           8          29   4.1583236925768741E-013
           9           1  -3.8631974178755127E-013
           9           2  -5.0992315801184434E-013
           9           3  -1.4447597384836808E-005
           9           4   4.9309806960553919E-005
           9           5 -0.77594690308292180     
           9           6   1.7745223131633994E-013
           9           7   2.6197291520722865E-005
           9           8  -8.9560322508730472E-005
           9           9   2.2643141721098266     
           9          10  -4.8817692752475232E-014
           9          11  -1.1651515686840290E-004
           9          12   3.9670582896782116E-004
           9          13   7.3642106363869912E-003
           9          14   3.4576969366290665E-013
           9          15   5.5270605649411920E-005
           9          16  -1.8764199276589919E-004
           9          17  -1.3179280349247475E-004
           9          18  -6.8873036866838200E-014
           9          19  -1.9790786913005884E-013
           9          20   3.1460029242838757E-015
           9          21  -1.5520044302129279E-013
           9          22  -1.0483500891379317E-013
           9          23   1.6312283430865919E-014
           9          24  -7.0847451242873606E-014
           9          25   6.3551927372923559E-014
           9          26  -8.7160345285945429E-014
           9          27  -3.5819536559747633E-013
           9          28   6.4297119780977833E-014
           9          29  -1.4628822412398353E-013
          10           1   2.8901849493925928E-002
          10           2  0.10586426695282135     
          10           3   4.8745482877720745E-013
          10           4   1.8541844845266551E-013
          10           5   8.2620858513997295E-014
          10           6 -0.29129721975819289     
          10           7  -6.9075638756607238E-013
          10           8  -2.8546480744494562E-013
          10           9  -4.8817692752475232E-014
          10          10  0.55599710992181373     
          10          11   6.5480916830332424E-012
          10          12   4.3656638723959018E-012
          10          13  -1.9856529161112969E-013
          10          14 -0.56983023011217881     
          10          15  -2.2627417531153608E-012
          10          16  -1.6520630943647762E-012
          10          17   7.5071005408554791E-014
          10          18  -3.4047147702234229E-003
          10          19  -3.8738227135059530E-003
          10          20   5.2855192455721301E-003
          10          21   9.4658168197861916E-005
          10          22  -3.6345998112405841E-004
          10          23  -3.5494667103132217E-003
          10          24   3.9242199832823354E-003
          10          25   8.4122235367036745E-003
          10          26  -1.4950185569768727E-002
          10          27  -2.5602581016048015E-004
          10          28   8.2395564815036944E-004
          10          29   5.5413390234156272E-003
          11           1   1.8415479951965416E-013
          11           2   9.3404856317903695E-013
          11           3  -5.0388647288521493E-003
          11           4  -1.4109888415035116E-003
          11           5   4.0004235468240750E-005
          11           6  -2.6811571708563056E-012
          11           7   6.7077207510669338E-003
          11           8   4.1103970732881507E-003
          11           9  -1.1651515686840290E-004
          11          10   6.5480916830332424E-012
          11          11   7.2022579304331511E-005
          11          12  -9.5434860335562650E-006
          11          13   4.2940539001850681E-007
          11          14   2.5588738310475923E-012
          11          15  -2.3987060277259657E-005
          11          16   1.0420559472684630E-005
          11          17  -3.6905167511106129E-007
          11          18  -7.3219360036226148E-013
          11          19  -5.4491624462425450E-013
          11          20   2.4773847522733738E-012
          11          21   3.2581474609374581E-014
          11          22  -1.7577019689856102E-013
          11          23  -2.8468106583388692E-012
          11          24  -6.2069763718031228E-013
          11          25   2.4431173488127259E-013
          11          26  -5.7726212127999836E-014
          11          27   5.9045131180328448E-015
          11          28  -6.8970713708300435E-014
          11          29  -2.3211808882660380E-012
          12           1   1.5652769276006728E-013
          12           2   6.7841480822606934E-013
          12           3  -1.4109888319085440E-003
          12           4  -1.3835023804171297E-003
          12           5  -1.3618375102067521E-004
          12           6  -1.9526212773643202E-012
          12           7   4.1103970522723896E-003
          12           8  -3.9408315940490830E-003
          12           9   3.9670582896782116E-004
          12          10   4.3656638723959018E-012
          12          11  -9.5434860335562650E-006
          12          12   9.6758471472962299E-005
          12          13  -1.0300404596882149E-006
          12          14   1.0997138110329650E-012
          12          15   1.0420560851097777E-005
          12          16  -5.0988610380469774E-005
          12          17   1.0562421487041933E-006
          12          18   1.9002503643746448E-012
          12          19  -3.1911929054376498E-012
          12          20  -1.8290603735294248E-012
          12          21   1.7635958351887072E-013
          12          22   4.1837643363841621E-015
          12          23  -7.3539287968967262E-013
          12          24   8.6130151202252508E-013
          12          25  -1.4866090638752996E-012
          12          26  -1.9084123390924064E-012
          12          27   1.0262601387660533E-013
          12          28   2.8168693529809245E-014
          12          29  -7.6379407133483798E-013
          13           1  -1.7469820526716975E-014
          13           2  -3.6136182786822694E-014
          13           3   4.0004238195483952E-005
          13           4  -1.3618375999025726E-004
          13           5  -5.2644499509193650E-003
          13           6   1.0028282988737607E-013
          13           7  -1.1651516275741335E-004
          13           8   3.9670584837316790E-004
          13           9   7.3642106363869912E-003
          13          10  -1.9856529161112969E-013
          13          11   4.2940539001850681E-007
          13          12  -1.0300404596882149E-006
          13          13   6.5759636384274574E-005
          13          14   4.3346132733848726E-014
          13          15  -3.6905126905550468E-007
          13          16   1.0562408196988971E-006
          13          17  -2.0125625017661746E-005
          13          18  -4.7680860651731641E-015
          13          19   1.8910265257755160E-013
          13          20   3.5196562157173989E-014
          13          21   1.2497257237660296E-012
          13          22  -1.6485785633386911E-013
          13          23  -1.1649938267656508E-014
          13          24   5.8299547750705044E-015
          13          25   1.1010080470195402E-013
          13          26   5.3169513263865486E-014
          13          27   1.0389353818182214E-012
          13          28   2.3127686782855413E-014
          13          29  -7.2089601333112573E-015
          14           1  -2.3852167491408525E-002
          14           2  -9.9950585789535862E-002
          14           3   9.1682680291951177E-013
          14           4   9.2827200243053087E-013
          14           5  -2.9784885930925503E-013
          14           6  0.28961609189350612     
          14           7  -1.8476113430574291E-012
          14           8  -1.4932768461593108E-012
          14           9   3.4576969366290665E-013
          14          10 -0.56983023011217881     
          14          11   2.5588738310475923E-012
          14          12   1.0997138110329650E-012
          14          13   4.3346132733848726E-014
          14          14  0.59962182396375507     
          14          15   9.8162147510947240E-012
          14          16   5.9641067386509562E-012
          14          17  -1.9561852618142367E-013
          14          18   3.2281652017855378E-003
          14          19   4.2181827461476263E-003
          14          20  -6.2338603471597089E-003
          14          21  -9.1713781762955363E-005
          14          22   3.8797052441398529E-004
          14          23   3.0924926701865912E-003
          14          24  -5.1166842784796107E-003
          14          25  -7.9584756119464705E-003
          14          26   1.2740228074267081E-002
          14          27   2.5136330025053087E-004
          14          28  -7.8579349136407857E-004
          14          29  -6.8827528989543691E-003
          15           1  -2.6069194543417626E-013
          15           2  -6.7813676402639049E-013
          15           3   1.2810132379332947E-003
          15           4   6.6376120746110246E-004
          15           5  -1.8885917564882130E-005
          15           6   1.6663925571291926E-012
          15           7   1.8443481758380993E-004
          15           8  -1.9428026928367810E-003
          15           9   5.5270605649411920E-005
          15          10  -2.2627417531153608E-012
          15          11  -2.3987060277259657E-005
          15          12   1.0420560851097777E-005
          15          13  -3.6905126905550468E-007
          15          14   9.8162147510947240E-012
          15          15   1.1558670249952782E-005
          15          16  -7.7192564051139023E-006
          15          17   2.5355628812403599E-007
          15          18   2.7368105687052026E-013
          15          19   3.0134643596372556E-015
          15          20  -1.1225196818851557E-013
          15          21   1.9260409633411522E-014
          15          22  -5.1314906514070421E-014
          15          23  -1.0233284534843038E-012
          15          24  -2.9509806168808615E-013
          15          25   2.1466092107237042E-013
          15          26  -9.8801802749023020E-013
          15          27   5.2590185433441449E-015
          15          28  -1.0668901695010984E-014
          15          29  -1.0663934989472385E-012
          16           1  -2.7809206659050048E-013
          16           2  -6.2659860741048147E-013
          16           3   6.6376120069968920E-004
          16           4  -4.3855707126960351E-004
          16           5   6.4109959009539037E-005
          16           6   1.2538723188706239E-012
          16           7  -1.9428026753866871E-003
          16           8   5.2175483000619144E-003
          16           9  -1.8764199276589919E-004
          16          10  -1.6520630943647762E-012
          16          11   1.0420559472684630E-005
          16          12  -5.0988610380469774E-005
          16          13   1.0562408196988971E-006
          16          14   5.9641067386509562E-012
          16          15  -7.7192564051139023E-006
          16          16   3.1559134458312635E-005
          16          17  -7.6883576760890043E-007
          16          18  -3.1416031522273317E-013
          16          19   3.3353718959316418E-013
          16          20   3.2908234473051481E-013
          16          21   5.3473483950672763E-015
          16          22  -1.5990957810908606E-014
          16          23  -5.0708484196145968E-013
          16          24  -4.4172328117996050E-013
          16          25   2.9706876081938686E-013
          16          26  -3.3166914284071131E-013
          16          27   1.4344137707620306E-015
          16          28   9.1522832605286503E-016
          16          29  -5.6060736227176950E-013
          17           1   9.1056545397057602E-014
          17           2   1.5604514757084070E-013
          17           3  -1.8885919482503963E-005
          17           4   6.4109965433567392E-005
          17           5   1.3891314891210265E-003
          17           6  -1.2806810234134095E-013
          17           7   5.5270610676122223E-005
          17           8  -1.8764200928808174E-004
          17           9  -1.3179280349247475E-004
          17          10   7.5071005408554791E-014
          17          11  -3.6905167511106129E-007
          17          12   1.0562421487041933E-006
          17          13  -2.0125625017661746E-005
          17          14  -1.9561852618142367E-013
          17          15   2.5355628812403599E-007
          17          16  -7.6883576760890043E-007
          17          17   9.2895719040472235E-006
          17          18   1.1838281306625452E-014
          17          19   1.5403278961705226E-014
          17          20   1.9376509107540967E-015
          17          21   7.2314354705529368E-013
          17          22   2.8848417099510716E-013
          17          23   2.2059248887552915E-015
          17          24   1.4165431482806654E-014
          17          25   7.6350774616573769E-015
          17          26   1.4898160363345381E-014
          17          27   4.4792292688552554E-013
          17          28   1.7572222674109266E-013
          17          29   8.7125300679680051E-015
          18           1   2.6055859043828698E-002
          18           2   1.5553497458685142E-003
          18           3   6.2297108195776483E-014
          18           4   2.2059956634003245E-013
          18           5   7.5551206930502371E-014
          18           6   5.1406124513463380E-003
          18           7   5.0369484096957577E-014
          18           8  -2.0599701794546288E-013
          18           9  -6.8873036866838200E-014
          18          10  -3.4047147702234229E-003
          18          11  -7.3219360036226148E-013
          18          12   1.9002503643746448E-012
          18          13  -4.7680860651731641E-015
          18          14   3.2281652017855378E-003
          18          15   2.7368105687052026E-013
          18          16  -3.1416031522273317E-013
          18          17   1.1838281306625452E-014
          18          18  0.88366611825651797     
          18          19  0.13166360921694883     
          18          20 -0.26804740505672375     
          18          21  -3.9260099618939536E-003
          18          22  -1.3609853710996706E-002
          18          23 -0.61448090814009704     
          18          24  0.53598973369071712     
          18          25   8.9998511118608945E-002
          18          26 -0.14694319528167646     
          18          27  -2.6819353341202266E-003
          18          28  -9.5183205526661527E-003
          18          29 -0.38890937338143722     
          19           1  -4.1825126152291771E-004
          19           2  -1.7253208522098062E-003
          19           3  -2.0223226825169551E-013
          19           4  -4.9336621099789906E-013
          19           5   1.6895394250160612E-013
          19           6   5.7249018756574304E-003
          19           7   1.3038669557740588E-013
          19           8   6.5216785585685547E-013
          19           9  -1.9790786913005884E-013
          19          10  -3.8738227135059530E-003
          19          11  -5.4491624462425450E-013
          19          12  -3.1911929054376498E-012
          19          13   1.8910265257755160E-013
          19          14   4.2181827461476263E-003
          19          15   3.0134643596372556E-015
          19          16   3.3353718959316418E-013
          19          17   1.5403278961705226E-014
          19          18  0.13166360921694883     
          19          19  0.62672125024543746     
          19          20   6.0361021437605467E-003
          19          21   1.4175299288321432E-002
          19          22  -2.5227416766399047E-004
          19          23 -0.13757016495859511     
          19          24   8.9990041329835790E-002
          19          25  0.35794393988230505     
          19          26   6.1539567907307434E-003
          19          27   9.8295795521170376E-003
          19          28  -2.7697481665444316E-004
          19          29  -9.6288284583904246E-002
          20           1   2.6994173936211535E-002
          20           2   5.4259864732225894E-003
          20           3   4.1093069102059291E-013
          20           4  -9.3135249659854100E-014
          20           5   1.2732080268939287E-014
          20           6  -7.7031436971086355E-003
          20           7  -3.6500561248189974E-013
          20           8   2.7533870582090821E-013
          20           9   3.1460029242838757E-015
          20          10   5.2855192455721301E-003
          20          11   2.4773847522733738E-012
          20          12  -1.8290603735294248E-012
          20          13   3.5196562157173989E-014
          20          14  -6.2338603471597089E-003
          20          15  -1.1225196818851557E-013
          20          16   3.2908234473051481E-013
          20          17   1.9376509107540967E-015
          20          18 -0.26804740505672375     
          20          19   6.0361021437605467E-003
          20          20  0.57441549211199494     
          20          21   7.3085786427042540E-003
          20          22   1.6121656621468203E-003
          20          23 -0.30552125615249420     
          20          24 -0.14692520506792364     
          20          25   6.1620039907660535E-003
          20          26  0.32005825503893748     
          20          27   5.0098905122584548E-003
          20          28   1.2801684161272695E-003
          20          29 -0.17267312632330314     
          21           1   1.0919323300630830E-005
          21           2   4.5213295692192413E-005
          21           3   2.0126279116134442E-013
          21           4   2.2827433501062405E-013
          21           5  -3.6713337297538316E-014
          21           6  -1.5558920710927215E-004
          21           7  -1.6117498034020524E-013
          21           8  -2.0046501616885947E-013
          21           9  -1.5520044302129279E-013
          21          10   9.4658168197861916E-005
          21          11   3.2581474609374581E-014
          21          12   1.7635958351887072E-013
          21          13   1.2497257237660296E-012
          21          14  -9.1713781762955363E-005
          21          15   1.9260409633411522E-014
          21          16   5.3473483950672763E-015
          21          17   7.2314354705529368E-013
          21          18  -3.9260099618939536E-003
          21          19   1.4175299288321432E-002
          21          20   7.3085786427042540E-003
          21          21   1.0154464626229542     
          21          22  0.15162475864471936     
          21          23  -3.3915530991978976E-003
          21          24  -2.6875115651499078E-003
          21          25   9.8274189453272376E-003
          21          26   5.0100975205020657E-003
          21          27  0.62794887493222606     
          21          28  0.10502317690318619     
          21          29  -2.3337411104081790E-003
          22           1  -3.9722804971541738E-005
          22           2  -1.6397672271590207E-004
          22           3  -8.3510495352836210E-014
          22           4  -1.3289373749759670E-013
          22           5   5.9459848587023088E-014
          22           6   5.4792543901242656E-004
          22           7   7.0102611486029538E-014
          22           8   1.2061212555410978E-013
          22           9  -1.0483500891379317E-013
          22          10  -3.6345998112405841E-004
          22          11  -1.7577019689856102E-013
          22          12   4.1837643363841621E-015
          22          13  -1.6485785633386911E-013
          22          14   3.8797052441398529E-004
          22          15  -5.1314906514070421E-014
          22          16  -1.5990957810908606E-014
          22          17   2.8848417099510716E-013
          22          18  -1.3609853710996706E-002
          22          19  -2.5227416766399047E-004
          22          20   1.6121656621468203E-003
          22          21  0.15162475864471936     
          22          22  0.62307034347812373     
          22          23   1.2013839979721733E-002
          22          24  -9.5155098485746291E-003
          22          25  -2.7529669543186109E-004
          22          26   1.2795526003045636E-003
          22          27  0.10502367017188093     
          22          28  0.35615516838049299     
          22          29   8.2325010302041948E-003
          23           1   2.6022182405810695E-002
          23           2   1.4120369565438487E-003
          23           3  -1.5721853568782663E-013
          23           4  -1.6991537720293879E-014
          23           5   3.8371564301179155E-014
          23           6   5.7597704654585302E-003
          23           7   5.5536071593425314E-013
          23           8   2.1393280393751919E-013
          23           9   1.6312283430865919E-014
          23          10  -3.5494667103132217E-003
          23          11  -2.8468106583388692E-012
          23          12  -7.3539287968967262E-013
          23          13  -1.1649938267656508E-014
          23          14   3.0924926701865912E-003
          23          15  -1.0233284534843038E-012
          23          16  -5.0708484196145968E-013
          23          17   2.2059248887552915E-015
          23          18 -0.61448090814009704     
          23          19 -0.13757016495859511     
          23          20 -0.30552125615249420     
          23          21  -3.3915530991978976E-003
          23          22   1.2013839979721733E-002
          23          23  0.92129502957496312     
          23          24 -0.38876236439677975     
          23          25  -9.6216459535725801E-002
          23          26 -0.17268758184314006     
          23          27  -2.3296168384766918E-003
          23          28   8.2349836053848668E-003
          23          29  0.56196076260390382     
          24           1   4.9007753164126656E-003
          24           2   4.6359797847627116E-003
          24           3  -1.2851706497916489E-013
          24           4  -1.3247517286026215E-013
          24           5   8.3466227209577839E-014
          24           6  -4.2155065619828474E-003
          24           7   1.4228096452043325E-013
          24           8   1.0122901452826034E-013
          24           9  -7.0847451242873606E-014
          24          10   3.9242199832823354E-003
          24          11  -6.2069763718031228E-013
          24          12   8.6130151202252508E-013
          24          13   5.8299547750705044E-015
          24          14  -5.1166842784796107E-003
          24          15  -2.9509806168808615E-013
          24          16  -4.4172328117996050E-013
          24          17   1.4165431482806654E-014
          24          18  0.53598973369071712     
          24          19   8.9990041329835790E-002
          24          20 -0.14692520506792364     
          24          21  -2.6875115651499078E-003
          24          22  -9.5155098485746291E-003
          24          23 -0.38876236439677975     
          24          24  0.32642657007613374     
          24          25   6.0874643016962202E-002
          24          26  -8.0357772338782135E-002
          24          27  -1.8171343658603960E-003
          24          28  -6.5160696377301076E-003
          24          29 -0.24583205438092981     
          25           1   7.4936564907746711E-004
          25           2   3.0958782087822266E-003
          25           3   1.2372848493764180E-013
          25           4   5.1497162896155702E-014
          25           5  -1.2636503687401089E-013
          25           6  -9.6211234356837413E-003
          25           7  -1.0907566033635543E-013
          25           8   6.0171190061499897E-014
          25           9   6.3551927372923559E-014
          25          10   8.4122235367036745E-003
          25          11   2.4431173488127259E-013
          25          12  -1.4866090638752996E-012
          25          13   1.1010080470195402E-013
          25          14  -7.9584756119464705E-003
          25          15   2.1466092107237042E-013
          25          16   2.9706876081938686E-013
          25          17   7.6350774616573769E-015
          25          18   8.9998511118608945E-002
          25          19  0.35794393988230505     
          25          20   6.1620039907660535E-003
          25          21   9.8274189453272376E-003
          25          22  -2.7529669543186109E-004
          25          23  -9.6216459535725801E-002
          25          24   6.0874643016962202E-002
          25          25  0.20515050917527691     
          25          26   4.6097254735112548E-003
          25          27   6.6938791931208360E-003
          25          28  -2.0875031318445852E-004
          25          29  -6.5874226931017174E-002
          26           1   3.2194786805720861E-003
          26           2  -2.3100067340784433E-003
          26           3  -1.0746767153736936E-013
          26           4  -4.2098101157014405E-013
          26           5   1.0746714174641158E-013
          26           6   1.7370494127168550E-002
          26           7   1.4016081475992947E-013
          26           8   5.3380075120790688E-013
          26           9  -8.7160345285945429E-014
          26          10  -1.4950185569768727E-002
          26          11  -5.7726212127999836E-014
          26          12  -1.9084123390924064E-012
          26          13   5.3169513263865486E-014
          26          14   1.2740228074267081E-002
          26          15  -9.8801802749023020E-013
          26          16  -3.3166914284071131E-013
          26          17   1.4898160363345381E-014
          26          18 -0.14694319528167646     
          26          19   6.1539567907307434E-003
          26          20  0.32005825503893748     
          26          21   5.0100975205020657E-003
          26          22   1.2795526003045636E-003
          26          23 -0.17268758184314006     
          26          24  -8.0357772338782135E-002
          26          25   4.6097254735112548E-003
          26          26  0.17937082008224889     
          26          27   3.4050235545994467E-003
          26          28   8.9884598229773198E-004
          26          29  -9.7902222546368059E-002
          27           1  -2.2071694043144773E-005
          27           2  -9.1061868684353021E-005
          27           3  -1.7309685695485448E-013
          27           4  -2.0919676741270667E-013
          27           5   3.2843623484609896E-013
          27           6   2.8004527452594162E-004
          27           7   1.3670600250182487E-013
          27           8   1.5470017478197736E-013
          27           9  -3.5819536559747633E-013
          27          10  -2.5602581016048015E-004
          27          11   5.9045131180328448E-015
          27          12   1.0262601387660533E-013
          27          13   1.0389353818182214E-012
          27          14   2.5136330025053087E-004
          27          15   5.2590185433441449E-015
          27          16   1.4344137707620306E-015
          27          17   4.4792292688552554E-013
          27          18  -2.6819353341202266E-003
          27          19   9.8295795521170376E-003
          27          20   5.0098905122584548E-003
          27          21  0.62794887493222606     
          27          22  0.10502367017188093     
          27          23  -2.3296168384766918E-003
          27          24  -1.8171343658603960E-003
          27          25   6.6938791931208360E-003
          27          26   3.4050235545994467E-003
          27          27  0.38922181649604071     
          27          28   7.1563682101048229E-002
          27          29  -1.5862282749838398E-003
          28           1   7.2893528664478522E-005
