           1           1   2.2025253211495106     
           1           2  0.72999820460922438     
           1           3  -4.5090306193813505E-015
           1           4   1.4461588388155175E-015
           1           5   1.0351275810134657E-016
           1           6 -0.17749083944444849     
           1           7  -1.1974189836345569E-016
           1           8  -2.1666303491458954E-015
           1           9   4.0232707431131688E-015
           1          10  -4.2352962385596840E-002
           1          11  -4.0804433715428880E-015
           1          12   4.3781647065716401E-016
           1          13  -1.9873240323676534E-015
           1          14  -1.9447712220639686E-002
           1          15   5.1274590226056187E-015
           1          16  -1.0650213536324381E-015
           1          17   2.3379709136691371E-015
           1          18   4.2833829135648482E-002
           1          19   5.3800435552714335E-017
           1          20   4.2833829135651764E-002
           1          21   1.9482622746741076E-015
           1          22   2.9654997382598299E-015
           1          23   4.2833829135657364E-002
           1          24  -3.5286598093685451E-002
           1          25   1.6683238982098006E-015
           1          26  -3.5286598093688962E-002
           1          27  -1.3574519884931061E-015
           1          28  -1.1598379030009739E-015
           1          29  -3.5286598093689843E-002
           2           1  0.72999820460922438     
           2           2   2.5981728390181766     
           2           3  -2.5026353987889428E-014
           2           4  -9.5107045278132946E-015
           2           5   4.9054572850586095E-015
           2           6  -1.0807898686863953     
           2           7   4.2630344328132059E-015
           2           8  -5.2907283491537418E-017
           2           9   2.9101320702859442E-015
           2          10 -0.15625274833438343     
           2          11   1.5871488762622938E-015
           2          12  -1.3235468015737335E-015
           2          13   7.6307146871334629E-016
           2          14  -6.8346150241898648E-002
           2          15   4.8238409432519341E-016
           2          16   1.6723665125182158E-015
           2          17   1.4565698451548916E-015
           2          18  -1.4280207879122750E-002
           2          19   1.1795441404388871E-014
           2          20  -1.4280207879078480E-002
           2          21   1.6051560828675603E-014
           2          22  -1.5693775655569957E-015
           2          23  -1.4280207879060560E-002
           2          24 -0.13300387617897574     
           2          25   9.9661314268189068E-016
           2          26 -0.13300387617897838     
           2          27   1.0827486775623988E-015
           2          28   8.8720756447798680E-016
           2          29 -0.13300387617897794     
           3           1  -4.5090306193813505E-015
           3           2  -2.5026353987889428E-014
           3           3   2.2832575097477257     
           3           4   2.2389859063998310E-015
           3           5   1.7827536322178952E-015
           3           6   2.9216438874596124E-014
           3           7 -0.80591880872289234     
           3           8  -4.7618159415564045E-016
           3           9  -4.0607708168270632E-015
           3          10   4.7834208460403338E-015
           3          11  0.12874523243724798     
           3          12  -3.3610267344751108E-018
           3          13   3.0496709758223105E-015
           3          14   1.9439557142256621E-015
           3          15  -6.9403229194066107E-002
           3          16  -3.2013779648063772E-015
           3          17  -4.3329326671759390E-015
           3          18   2.0735643114097936E-014
           3          19  -2.4962144871667362E-015
           3          20   1.1904248875327028E-014
           3          21  -3.8553926983672102E-015
           3          22   6.6390369162734484E-015
           3          23   9.7471765594927007E-016
           3          24  -2.9031449182537489E-016
           3          25  -1.9897442478883324E-015
           3          26  -3.7822713902689656E-015
           3          27  -6.2652615436920281E-016
           3          28  -4.5914785944396978E-017
           3          29   9.6683205639463114E-016
           4           1   1.4461588388155175E-015
           4           2  -9.5107045278132946E-015
           4           3   2.2389859063998310E-015
           4           4   2.2832575097477243     
           4           5   1.9081958235684037E-017
           4           6  -9.2191947929906401E-015
           4           7  -9.3371491094451622E-016
           4           8 -0.80591880872289412     
           4           9   2.3731017151364393E-015
           4          10   3.8244463055831070E-015
           4          11   1.5321945101566091E-015
           4          12  0.12874523243725403     
           4          13  -2.8813756935975582E-015
           4          14   8.0880079550874774E-016
           4          15  -3.6629228296337100E-015
           4          16  -6.9403229194070160E-002
           4          17   2.7161432825107772E-015
           4          18  -1.0969458580103652E-015
           4          19   8.3783746424413230E-015
           4          20  -8.4477365236979450E-015
           4          21   2.7686478502341151E-015
           4          22  -6.2569421512349731E-016
           4          23  -4.5459640355504359E-015
           4          24  -2.9891845174396854E-016
           4          25   1.3039879446024880E-015
           4          26  -5.5532322168053951E-017
           4          27   2.1424561022035447E-016
           4          28  -1.1606229932237256E-016
           4          29   2.0356483861583162E-015
           5           1   1.0351275810134657E-016
           5           2   4.9054572850586095E-015
           5           3   1.7827536322178952E-015
           5           4   1.9081958235684037E-017
           5           5   2.2832575097477235     
           5           6   1.5374505730146324E-015
           5           7   5.0003404195031484E-016
           5           8  -7.5633943552571809E-016
           5           9 -0.80591880872289423     
           5          10  -4.6290408217897320E-016
           5          11  -3.9638431426085366E-016
           5          12   1.4701781458904032E-015
           5          13  0.12874523243724958     
           5          14  -1.2300291810271749E-015
           5          15   2.4214300269759869E-016
           5          16  -1.9580691235087804E-015
           5          17  -6.9403229194070146E-002
           5          18  -7.3985951959541731E-015
           5          19  -7.9410305133349894E-015
           5          20  -2.2686858146772180E-016
           5          21  -2.9975812915910211E-015
           5          22   5.5600227388269665E-015
           5          23   5.6992577750750592E-015
           5          24   1.6838043980227794E-015
           5          25   1.8409201354452437E-016
           5          26  -9.4401927377939674E-016
           5          27   6.7543961569347644E-017
           5          28  -4.4630932471273598E-016
           5          29  -9.0896350719591783E-016
           6           1 -0.17749083944444849     
           6           2  -1.0807898686863953     
           6           3   2.9216438874596124E-014
           6           4  -9.2191947929906401E-015
           6           5   1.5374505730146324E-015
           6           6   5.7880395287063315     
           6           7   1.0013359192079268E-014
           6           8   7.7136754189088417E-015
           6           9  -1.4844644954896691E-014
           6          10  0.64575277670911413     
           6          11  -4.5657907156355255E-015
           6          12  -1.0057221318912680E-014
           6          13  -2.1756374821343973E-014
           6          14  0.36072048563582115     
           6          15  -3.9780942899526454E-015
           6          16  -2.3946432084013537E-015
           6          17   2.8702846483695844E-015
           6          18  0.82621274609359074     
           6          19  -1.8736631383732904E-014
           6          20  0.82621274609386408     
           6          21   1.0150543155038468E-014
           6          22   3.5332254740969378E-014
           6          23  0.82621274609410233     
           6          24   1.0003283925951605     
           6          25  -6.9068069752939111E-015
           6          26   1.0003283925951021     
           6          27  -1.9975136461123259E-015
           6          28  -5.7187780805281658E-015
           6          29   1.0003283925950874     
           7           1  -1.1974189836345569E-016
           7           2   4.2630344328132059E-015
           7           3 -0.80591880872289234     
           7           4  -9.3371491094451622E-016
           7           5   5.0003404195031484E-016
           7           6   1.0013359192079268E-014
           7           7   2.3064096013579167     
           7           8  -1.1952244749481609E-015
           7           9  -8.1922316153042531E-016
           7          10   8.1109044423672447E-015
           7          11 -0.31419383225389902     
           7          12  -4.9131705648362459E-015
           7          13   2.7316473735741041E-015
           7          14   1.3534397122072289E-014
           7          15  0.16834531889389759     
           7          16   7.9146758591433967E-015
           7          17   6.2992688322516817E-015
           7          18  -2.1766997537657774E-014
           7          19   1.6699852553417551E-014
           7          20   7.3805262005592321E-015
           7          21   2.7584159300710890E-014
           7          22  -1.3226359042451114E-014
           7          23   3.1155947884839650E-014
           7          24   6.5288740359873691E-015
           7          25   6.0764490909877766E-015
           7          26   1.2782998003107882E-014
           7          27   4.1108153106138790E-015
           7          28  -5.1716553086744070E-015
           7          29  -4.2814242059778247E-016
           8           1  -2.1666303491458954E-015
           8           2  -5.2907283491537418E-017
           8           3  -4.7618159415564045E-016
           8           4 -0.80591880872289412     
           8           5  -7.5633943552571809E-016
           8           6   7.7136754189088417E-015
           8           7  -1.1952244749481609E-015
           8           8   2.3064096013579118     
           8           9  -2.7755575616074940E-017
           8          10   1.4874593334727630E-015
           8          11  -3.5928291591827186E-015
           8          12 -0.31419383225390207     
           8          13   2.5066754227868980E-015
           8          14   3.8279543958038108E-015
           8          15   6.7418943691667944E-015
           8          16  0.16834531889390095     
           8          17  -3.4824573780238169E-015
           8          18  -4.9627862876154946E-015
           8          19  -2.3695130627162730E-014
           8          20   6.7614752840619872E-015
           8          21  -1.0623993785541791E-014
           8          22   1.2974162682604625E-014
           8          23   6.3051410753466100E-015
           8          24   4.2175906835105957E-015
           8          25  -2.7371441163999530E-015
           8          26   3.3128893227870505E-015
           8          27   2.8883900536747424E-016
           8          28   3.8802834880190687E-016
           8          29  -1.6626482002894510E-015
           9           1   4.0232707431131688E-015
           9           2   2.9101320702859442E-015
           9           3  -4.0607708168270632E-015
           9           4   2.3731017151364393E-015
           9           5 -0.80591880872289423     
           9           6  -1.4844644954896691E-014
           9           7  -8.1922316153042531E-016
           9           8  -2.7755575616074940E-017
           9           9   2.3064096013579167     
           9          10  -3.6990184412668524E-015
           9          11   1.8861865194734533E-015
           9          12   1.9602375278539421E-016
           9          13 -0.31419383225390740     
           9          14   1.9839395756589881E-016
           9          15  -3.3795665918548021E-015
           9          16   1.3487475025719685E-015
           9          17  0.16834531889391291     
           9          18   1.6288404176403321E-014
           9          19   1.7381647217787521E-014
           9          20  -3.3949808303940337E-015
           9          21   3.2339537739871015E-015
           9          22  -1.4845750359056822E-014
           9          23  -1.7677541330952678E-014
           9          24  -5.2016717496247070E-015
           9          25  -2.5730512449296609E-016
           9          26   1.3813225573145187E-015
           9          27  -1.3760908064565391E-015
           9          28   1.8898026659823345E-015
           9          29   4.2621536008289469E-016
          10           1  -4.2352962385596840E-002
          10           2 -0.15625274833438343     
          10           3   4.7834208460403338E-015
          10           4   3.8244463055831070E-015
          10           5  -4.6290408217897320E-016
          10           6  0.64575277670911413     
          10           7   8.1109044423672447E-015
          10           8   1.4874593334727630E-015
          10           9  -3.6990184412668524E-015
          10          10   7.9746709804427149E-002
          10          11  -5.5685532772466462E-016
          10          12  -2.1669817688913144E-015
          10          13  -3.7085020034502132E-015
          10          14   4.9175419905330128E-002
          10          15  -9.6799895356590939E-016
          10          16  -7.4347864778277040E-017
          10          17   9.6198795739177780E-016
          10          18  0.10656310606431120     
          10          19   1.5549522281963019E-014
          10          20  0.10656310606431217     
          10          21   3.6354758112632266E-014
          10          22  -2.3285623775327435E-014
          10          23  0.10656310606429839     
          10          24  0.14347858183245374     
          10          25   8.2698556051140340E-016
          10          26  0.14347858183244919     
          10          27   3.5874687202611675E-015
          10          28  -1.5070693248004371E-015
          10          29  0.14347858183245188     
          11           1  -4.0804433715428880E-015
          11           2   1.5871488762622938E-015
          11           3  0.12874523243724798     
          11           4   1.5321945101566091E-015
          11           5  -3.9638431426085366E-016
          11           6  -4.5657907156355255E-015
          11           7 -0.31419383225389902     
          11           8  -3.5928291591827186E-015
          11           9   1.8861865194734533E-015
          11          10  -5.5685532772466462E-016
          11          11   4.7440540543296550E-002
          11          12   5.3733059668371611E-016
          11          13  -4.4808720536126996E-016
          11          14  -4.6371358235885300E-016
          11          15  -2.5243640185484036E-002
          11          16  -8.3803406922265251E-016
          11          17  -4.5878014928714348E-016
          11          18   1.6989964005018581E-014
          11          19   6.9523981163400651E-016
          11          20   2.2016845448332923E-015
          11          21   3.1665209894352109E-015
          11          22  -3.0961136324906420E-015
          11          23  -1.5942198288955624E-014
          11          24   1.2786477868011592E-015
          11          25  -4.4507871935735817E-016
          11          26   2.2687801636269368E-015
          11          27  -6.7114032616713878E-017
          11          28   4.4302523421097560E-016
          11          29   4.9293407650991105E-015
          12           1   4.3781647065716401E-016
          12           2  -1.3235468015737335E-015
          12           3  -3.3610267344751108E-018
          12           4  0.12874523243725403     
          12           5   1.4701781458904032E-015
          12           6  -1.0057221318912680E-014
          12           7  -4.9131705648362459E-015
          12           8 -0.31419383225390207     
          12           9   1.9602375278539421E-016
          12          10  -2.1669817688913144E-015
          12          11   5.3733059668371611E-016
          12          12   4.7440540543296883E-002
          12          13  -3.9074646296226602E-016
          12          14  -2.5297118001984915E-015
          12          15  -7.5262604308481462E-016
          12          16  -2.5243640185484164E-002
          12          17   5.5359362927010154E-016
          12          18  -4.8036245814962716E-015
          12          19  -5.0063116509413615E-016
          12          20  -4.4993325013543606E-015
          12          21  -1.5714065187948004E-014
          12          22   8.5353168937891212E-015
          12          23  -3.9984467106088838E-015
          12          24  -7.5792531215393545E-015
          12          25  -5.6144243527567303E-016
          12          26  -7.5990165061566405E-015
          12          27  -2.2118390922487330E-015
          12          28   1.1998464224155992E-015
          12          29  -6.8517291865410650E-015
          13           1  -1.9873240323676534E-015
          13           2   7.6307146871334629E-016
          13           3   3.0496709758223105E-015
          13           4  -2.8813756935975582E-015
          13           5  0.12874523243724958     
          13           6  -2.1756374821343973E-014
          13           7   2.7316473735741041E-015
          13           8   2.5066754227868980E-015
          13           9 -0.31419383225390740     
          13          10  -3.7085020034502132E-015
          13          11  -4.4808720536126996E-016
          13          12  -3.9074646296226602E-016
          13          13   4.7440540543298451E-002
          13          14  -3.8441764895004948E-015
          13          15   4.1551370634233690E-016
          13          16   4.5319650810860064E-017
          13          17  -2.5243640185486096E-002
          13          18  -4.8241087687341161E-015
          13          19  -3.1063134027236691E-014
          13          20  -5.9751146809579707E-015
          13          21  -4.9981229946272241E-014
          13          22   2.3577337747410072E-014
          13          23  -1.0280131197085140E-014
          13          24  -1.3266192683298823E-014
          13          25  -3.4666565298610035E-015
          13          26  -1.3721137556348946E-014
          13          27  -6.3720129375953589E-015
          13          28   2.0548966649685522E-015
          13          29  -1.3065754495247062E-014
          14           1  -1.9447712220639686E-002
          14           2  -6.8346150241898648E-002
          14           3   1.9439557142256621E-015
          14           4   8.0880079550874774E-016
          14           5  -1.2300291810271749E-015
          14           6  0.36072048563582115     
          14           7   1.3534397122072289E-014
          14           8   3.8279543958038108E-015
          14           9   1.9839395756589881E-016
          14          10   4.9175419905330128E-002
          14          11  -4.6371358235885300E-016
          14          12  -2.5297118001984915E-015
          14          13  -3.8441764895004948E-015
          14          14   3.4741762959102161E-002
          14          15  -8.8114132094811458E-016
          14          16   2.0793389406087499E-016
          14          17   1.4366887857326588E-015
          14          18   7.1655114209146803E-002
          14          19   3.6525528922341068E-014
          14          20   7.1655114209148552E-002
          14          21   6.7195935629479814E-014
          14          22  -3.5335681320643526E-014
          14          23   7.1655114209140294E-002
          14          24  0.10810112751626008     
          14          25   3.5430175232684158E-015
          14          26  0.10810112751625631     
          14          27   7.8328396792278091E-015
          14          28  -3.0497106870367445E-015
          14          29  0.10810112751625828     
          15           1   5.1274590226056187E-015
          15           2   4.8238409432519341E-016
          15           3  -6.9403229194066107E-002
          15           4  -3.6629228296337100E-015
          15           5   2.4214300269759869E-016
          15           6  -3.9780942899526454E-015
          15           7  0.16834531889389759     
          15           8   6.7418943691667944E-015
          15           9  -3.3795665918548021E-015
          15          10  -9.6799895356590939E-016
          15          11  -2.5243640185484036E-002
          15          12  -7.5262604308481462E-016
          15          13   4.1551370634233690E-016
          15          14  -8.8114132094811458E-016
          15          15   1.3439094754580567E-002
          15          16   7.1450278419525081E-016
          15          17   1.6024846922457854E-016
          15          18  -1.0860093681704485E-014
          15          19  -6.9972374423895502E-015
          15          20  -3.3324649802857881E-015
          15          21  -8.7742035714293613E-015
          15          22   4.0896735719851489E-015
          15          23   6.3208060601497488E-015
          15          24  -4.5982571784000666E-015
          15          25  -5.5588609894818332E-016
          15          26  -5.0575509402716712E-015
          15          27  -7.3694247430034570E-016
          15          28   3.3105634663531824E-017
          15          29  -6.5027194322277181E-015
          16           1  -1.0650213536324381E-015
          16           2   1.6723665125182158E-015
          16           3  -3.2013779648063772E-015
          16           4  -6.9403229194070160E-002
          16           5  -1.9580691235087804E-015
          16           6  -2.3946432084013537E-015
          16           7   7.9146758591433967E-015
          16           8  0.16834531889390095     
          16           9   1.3487475025719685E-015
          16          10  -7.4347864778277040E-017
          16          11  -8.3803406922265251E-016
          16          12  -2.5243640185484164E-002
          16          13   4.5319650810860064E-017
          16          14   2.0793389406087499E-016
          16          15   7.1450278419525081E-016
          16          16   1.3439094754580629E-002
          16          17  -2.0491421060049378E-016
          16          18   1.9361676659407546E-015
          16          19  -1.4280728970527937E-014
          16          20   7.2773300596199610E-016
          16          21  -1.2348894631360699E-014
          16          22   3.4222914060648533E-015
          16          23  -1.2805277097054432E-015
          16          24   1.0713350915844702E-017
          16          25  -1.3616900856446656E-015
          16          26   1.3137465661863056E-016
          16          27  -1.2203542977970381E-015
          16          28   1.7099453893701261E-016
          16          29  -8.7681475425382897E-017
          17           1   2.3379709136691371E-015
          17           2   1.4565698451548916E-015
          17           3  -4.3329326671759390E-015
          17           4   2.7161432825107772E-015
          17           5  -6.9403229194070146E-002
          17           6   2.8702846483695844E-015
          17           7   6.2992688322516817E-015
          17           8  -3.4824573780238169E-015
          17           9  0.16834531889391291     
          17          10   9.6198795739177780E-016
          17          11  -4.5878014928714348E-016
          17          12   5.5359362927010154E-016
          17          13  -2.5243640185486096E-002
          17          14   1.4366887857326588E-015
          17          15   1.6024846922457854E-016
          17          16  -2.0491421060049378E-016
          17          17   1.3439094754582258E-002
          17          18   3.5038879851909223E-015
          17          19   2.4939137614013839E-014
          17          20   3.2082791550486645E-016
          17          21   3.5382765096755655E-014
          17          22  -1.7679018091953401E-014
          17          23   3.6474096647652594E-015
          17          24   5.0606379864608399E-015
          17          25   3.0935495241363989E-015
          17          26   5.6944976527007633E-015
          17          27   4.5587848364208783E-015
          17          28  -1.3919217090321545E-015
          17          29   5.2347768662140136E-015
          18           1   4.2833829135648482E-002
          18           2  -1.4280207879122750E-002
          18           3   2.0735643114097936E-014
          18           4  -1.0969458580103652E-015
          18           5  -7.3985951959541731E-015
          18           6  0.82621274609359074     
          18           7  -2.1766997537657774E-014
          18           8  -4.9627862876154946E-015
          18           9   1.6288404176403321E-014
          18          10  0.10656310606431120     
          18          11   1.6989964005018581E-014
          18          12  -4.8036245814962716E-015
          18          13  -4.8241087687341161E-015
          18          14   7.1655114209146803E-002
          18          15  -1.0860093681704485E-014
          18          16   1.9361676659407546E-015
          18          17   3.5038879851909223E-015
          18          18   1.2425282549692291     
          18          19   2.6744529805318778E-014
          18          20 -0.36900839058791973     
          18          21   5.6168393483662531E-014
          18          22  -1.0796338870929215E-014
          18          23 -0.36900839058780616     
          18          24  0.11064730043377001     
          18          25  -8.8925272214034860E-015
          18          26  0.27503845223260326     
          18          27   3.3372729120642677E-016
          18          28  -5.0377121483100319E-015
          18          29  0.27503845223259427     
          19           1   5.3800435552714335E-017
          19           2   1.1795441404388871E-014
          19           3  -2.4962144871667362E-015
          19           4   8.3783746424413230E-015
          19           5  -7.9410305133349894E-015
          19           6  -1.8736631383732904E-014
          19           7   1.6699852553417551E-014
          19           8  -2.3695130627162730E-014
          19           9   1.7381647217787521E-014
          19          10   1.5549522281963019E-014
          19          11   6.9523981163400651E-016
          19          12  -5.0063116509413615E-016
          19          13  -3.1063134027236691E-014
          19          14   3.6525528922341068E-014
          19          15  -6.9972374423895502E-015
          19          16  -1.4280728970527937E-014
          19          17   2.4939137614013839E-014
          19          18   2.6744529805318778E-014
          19          19   1.9604750142020446     
          19          20  -1.6477590754463917E-014
          19          21  -1.1407541578020055E-014
          19          22  -5.2735593669743317E-015
          19          23   1.3970201274022218E-015
          19          24  -1.3663332570839207E-014
          19          25   1.6163745447279221E-002
          19          26  -1.2720689494751897E-014
          19          27   1.0577476394768092E-014
          19          28   1.1064066329780270E-014
          19          29   3.2043004160957400E-015
          20           1   4.2833829135651764E-002
          20           2  -1.4280207879078480E-002
          20           3   1.1904248875327028E-014
          20           4  -8.4477365236979450E-015
          20           5  -2.2686858146772180E-016
          20           6  0.82621274609386408     
          20           7   7.3805262005592321E-015
          20           8   6.7614752840619872E-015
          20           9  -3.3949808303940337E-015
          20          10  0.10656310606431217     
          20          11   2.2016845448332923E-015
          20          12  -4.4993325013543606E-015
          20          13  -5.9751146809579707E-015
          20          14   7.1655114209148552E-002
          20          15  -3.3324649802857881E-015
          20          16   7.2773300596199610E-016
          20          17   3.2082791550486645E-016
          20          18 -0.36900839058791973     
          20          19  -1.6477590754463917E-014
          20          20   1.2425282549695109     
          20          21  -1.1112672823699402E-014
          20          22  -1.2957854403385750E-014
          20          23 -0.36900839058767276     
          20          24  0.27503845223263618     
          20          25   2.7675510508774867E-015
          20          26  0.11064730043374577     
          20          27  -7.5888933721013357E-015
          20          28   7.2197285753874464E-015
          20          29  0.27503845223260559     
          21           1   1.9482622746741076E-015
          21           2   1.6051560828675603E-014
          21           3  -3.8553926983672102E-015
          21           4   2.7686478502341151E-015
          21           5  -2.9975812915910211E-015
          21           6   1.0150543155038468E-014
          21           7   2.7584159300710890E-014
          21           8  -1.0623993785541791E-014
          21           9   3.2339537739871015E-015
          21          10   3.6354758112632266E-014
          21          11   3.1665209894352109E-015
          21          12  -1.5714065187948004E-014
          21          13  -4.9981229946272241E-014
          21          14   6.7195935629479814E-014
          21          15  -8.7742035714293613E-015
          21          16  -1.2348894631360699E-014
          21          17   3.5382765096755655E-014
          21          18   5.6168393483662531E-014
          21          19  -1.1407541578020055E-014
          21          20  -1.1112672823699402E-014
          21          21   1.9604750142020220     
          21          22  -6.3560268159872821E-015
          21          23  -2.4707072762338739E-015
          21          24  -3.8576499153225217E-015
          21          25   7.8392153879390256E-015
          21          26  -3.6757431954262199E-014
          21          27   1.6163745447297706E-002
          21          28   1.8852974736916148E-014
          21          29  -4.4310455514692456E-015
          22           1   2.9654997382598299E-015
          22           2  -1.5693775655569957E-015
          22           3   6.6390369162734484E-015
          22           4  -6.2569421512349731E-016
          22           5   5.5600227388269665E-015
          22           6   3.5332254740969378E-014
          22           7  -1.3226359042451114E-014
          22           8   1.2974162682604625E-014
          22           9  -1.4845750359056822E-014
          22          10  -2.3285623775327435E-014
          22          11  -3.0961136324906420E-015
          22          12   8.5353168937891212E-015
          22          13   2.3577337747410072E-014
          22          14  -3.5335681320643526E-014
          22          15   4.0896735719851489E-015
          22          16   3.4222914060648533E-015
          22          17  -1.7679018091953401E-014
          22          18  -1.0796338870929215E-014
          22          19  -5.2735593669743317E-015
          22          20  -1.2957854403385750E-014
          22          21  -6.3560268159872821E-015
          22          22   1.9604750142020544     
          22          23   6.0662697097645232E-014
          22          24   8.1522210860019799E-015
          22          25  -3.8545555636202074E-015
          22          26   1.8771614022560041E-014
          22          27  -9.2773011495228694E-015
          22          28   1.6163745447270103E-002
          22          29  -9.2476942759832435E-015
          23           1   4.2833829135657364E-002
          23           2  -1.4280207879060560E-002
          23           3   9.7471765594927007E-016
          23           4  -4.5459640355504359E-015
          23           5   5.6992577750750592E-015
          23           6  0.82621274609410233     
          23           7   3.1155947884839650E-014
          23           8   6.3051410753466100E-015
          23           9  -1.7677541330952678E-014
          23          10  0.10656310606429839     
          23          11  -1.5942198288955624E-014
          23          12  -3.9984467106088838E-015
          23          13  -1.0280131197085140E-014
          23          14   7.1655114209140294E-002
          23          15   6.3208060601497488E-015
          23          16  -1.2805277097054432E-015
          23          17   3.6474096647652594E-015
          23          18 -0.36900839058780616     
          23          19   1.3970201274022218E-015
          23          20 -0.36900839058767276     
          23          21  -2.4707072762338739E-015
          23          22   6.0662697097645232E-014
          23          23   1.2425282549697265     
          23          24  0.27503845223262474     
          23          25   5.3191847582985254E-015
          23          26  0.27503845223261830     
          23          27   9.0394427584614478E-015
          23          28  -8.2325233445423338E-015
          23          29  0.11064730043374023     
          24           1  -3.5286598093685451E-002
          24           2 -0.13300387617897574     
          24           3  -2.9031449182537489E-016
          24           4  -2.9891845174396854E-016
          24           5   1.6838043980227794E-015
          24           6   1.0003283925951605     
          24           7   6.5288740359873691E-015
          24           8   4.2175906835105957E-015
          24           9  -5.2016717496247070E-015
          24          10  0.14347858183245374     
          24          11   1.2786477868011592E-015
          24          12  -7.5792531215393545E-015
          24          13  -1.3266192683298823E-014
          24          14  0.10810112751626008     
          24          15  -4.5982571784000666E-015
          24          16   1.0713350915844702E-017
          24          17   5.0606379864608399E-015
          24          18  0.11064730043377001     
          24          19  -1.3663332570839207E-014
          24          20  0.27503845223263618     
          24          21  -3.8576499153225217E-015
          24          22   8.1522210860019799E-015
          24          23  0.27503845223262474     
          24          24  0.35680808220645355     
          24          25  -3.6378864479767117E-015
          24          26  0.34003871437093053     
          24          27  -8.8920912007505604E-016
          24          28  -7.2760026861982156E-016
          24          29  0.34003871437093564     
          25           1   1.6683238982098006E-015
          25           2   9.9661314268189068E-016
          25           3  -1.9897442478883324E-015
          25           4   1.3039879446024880E-015
          25           5   1.8409201354452437E-016
          25           6  -6.9068069752939111E-015
          25           7   6.0764490909877766E-015
          25           8  -2.7371441163999530E-015
          25           9  -2.5730512449296609E-016
          25          10   8.2698556051140340E-016
          25          11  -4.4507871935735817E-016
          25          12  -5.6144243527567303E-016
          25          13  -3.4666565298610035E-015
          25          14   3.5430175232684158E-015
          25          15  -5.5588609894818332E-016
          25          16  -1.3616900856446656E-015
          25          17   3.0935495241363989E-015
          25          18  -8.8925272214034860E-015
          25          19   1.6163745447279221E-002
          25          20   2.7675510508774867E-015
          25          21   7.8392153879390256E-015
          25          22  -3.8545555636202074E-015
          25          23   5.3191847582985254E-015
          25          24  -3.6378864479767117E-015
          25          25   2.6909308389881051E-002
          25          26  -5.9857420749461892E-015
          25          27   2.5157827210353968E-015
          25          28   1.1668183780288997E-015
          25          29  -3.7657550008885895E-015
          26           1  -3.5286598093688962E-002
          26           2 -0.13300387617897838     
          26           3  -3.7822713902689656E-015
          26           4  -5.5532322168053951E-017
          26           5  -9.4401927377939674E-016
          26           6   1.0003283925951021     
          26           7   1.2782998003107882E-014
          26           8   3.3128893227870505E-015
          26           9   1.3813225573145187E-015
          26          10  0.14347858183244919     
          26          11   2.2687801636269368E-015
          26          12  -7.5990165061566405E-015
          26          13  -1.3721137556348946E-014
          26          14  0.10810112751625631     
          26          15  -5.0575509402716712E-015
          26          16   1.3137465661863056E-016
          26          17   5.6944976527007633E-015
          26          18  0.27503845223260326     
          26          19  -1.2720689494751897E-014
          26          20  0.11064730043374577     
          26          21  -3.6757431954262199E-014
          26          22   1.8771614022560041E-014
          26          23  0.27503845223261830     
          26          24  0.34003871437093053     
          26          25  -5.9857420749461892E-015
          26          26  0.35680808220643051     
          26          27  -5.7369926485464974E-015
          26          28   9.2247116747348162E-016
          26          29  0.34003871437092115     
          27           1  -1.3574519884931061E-015
          27           2   1.0827486775623988E-015
          27           3  -6.2652615436920281E-016
          27           4   2.1424561022035447E-016
          27           5   6.7543961569347644E-017
          27           6  -1.9975136461123259E-015
          27           7   4.1108153106138790E-015
          27           8   2.8883900536747424E-016
          27           9  -1.3760908064565391E-015
          27          10   3.5874687202611675E-015
          27          11  -6.7114032616713878E-017
          27          12  -2.2118390922487330E-015
          27          13  -6.3720129375953589E-015
          27          14   7.8328396792278091E-015
          27          15  -7.3694247430034570E-016
          27          16  -1.2203542977970381E-015
          27          17   4.5587848364208783E-015
          27          18   3.3372729120642677E-016
          27          19   1.0577476394768092E-014
          27          20  -7.5888933721013357E-015
          27          21   1.6163745447297706E-002
          27          22  -9.2773011495228694E-015
          27          23   9.0394427584614478E-015
          27          24  -8.8920912007505604E-016
          27          25   2.5157827210353968E-015
          27          26  -5.7369926485464974E-015
          27          27   2.6909308389885953E-002
          27          28   1.3600232051657915E-015
          27          29  -3.3188522283795798E-015
          28           1  -1.1598379030009739E-015
