           1           1   2.1896369232404642     
           1           2  0.69405850283209369     
           1           3   9.9986678823994872E-011
           1           4   2.9732526169453573E-014
           1           5  -3.7233555893097547E-012
           1           6 -0.16232537222570836     
           1           7   3.1098394993493188E-012
           1           8  -4.8388375822181915E-013
           1           9  -2.4833465703831219E-013
           1          10   1.0365414395139796E-002
           1          11  -3.6596339035616156E-012
           1          12   1.3220435580983717E-013
           1          13  -1.1893410892365532E-013
           1          14  -1.5382785555162749E-002
           1          15   1.6635697426702555E-012
           1          16   2.5368919028523522E-012
           1          17  -9.3065114306783402E-013
           1          18   2.7780683100663284E-002
           1          19  -1.1595279839937018E-004
           1          20   2.7780963842753678E-002
           1          21   1.2667397805817243E-004
           1          22  -3.9516386027844882E-005
           1          23   2.7780900728274067E-002
           1          24   5.9951380446229413E-003
           1          25  -7.6042162786201092E-005
           1          26   5.9954022558180459E-003
           1          27   8.3076742383772026E-005
           1          28  -2.5863621109747733E-005
           1          29   5.9953464645514445E-003
           2           1  0.69405850283209369     
           2           2   2.5309009601600230     
           2           3   4.6102041758263444E-010
           2           4   7.1280865444849669E-011
           2           5  -9.5196997776906187E-011
           2           6 -0.88475331259634660     
           2           7   9.7815745489311438E-012
           2           8  -1.5261308022347530E-012
           2           9  -1.1540193690055192E-012
           2          10   3.3896373076373651E-002
           2          11  -1.5549526273159910E-011
           2          12   4.0166861010564186E-013
           2          13  -5.0368892666594007E-013
           2          14  -5.5074510466834016E-002
           2          15   7.2211270417779247E-012
           2          16   9.0090225221666723E-012
           2          17  -3.0947833537896963E-012
           2          18   1.7282095521663765E-002
           2          19  -4.8852287328140489E-004
           2          20   1.7283308819987922E-002
           2          21   5.3369361677568870E-004
           2          22  -1.6647460212130334E-004
           2          23   1.7283037676454671E-002
           2          24   1.3932663043495913E-002
           2          25  -3.2522175780033441E-004
           2          26   1.3933801060512060E-002
           2          27   3.5530761816175688E-004
           2          28  -1.1061740583488068E-004
           2          29   1.3933561205594368E-002
           3           1   9.9986678823994872E-011
           3           2   4.6102041758263444E-010
           3           3   2.2458696109802267     
           3           4  -6.2195039775904978E-006
           3           5   6.7946908350117486E-006
           3           6   1.7274806277834401E-009
           3           7 -0.74161525513590199     
           3           8   1.5023333977140453E-005
           3           9  -1.6412796638942741E-005
           3          10   1.5652368178656007E-010
           3          11  -2.0550948483684189E-002
           3          12  -3.3197589962309529E-005
           3          13   3.6267335336108894E-005
           3          14   3.7541776676101242E-010
           3          15   8.7093487068410497E-003
           3          16   9.3185345128579568E-006
           3          17  -1.0179254680714632E-005
           3          18   6.9785471180166019E-010
           3          19   8.0087533358606818E-011
           3          20   5.8164758111152460E-010
           3          21  -1.3702877555190536E-010
           3          22   1.3831690523751505E-011
           3          23   7.0536089531270518E-010
           3          24   2.7973964739149173E-010
           3          25  -1.4702908514293649E-010
           3          26   1.2856012091990532E-010
           3          27  -1.6555739022306006E-010
           3          28  -1.2032902605662303E-010
           3          29  -2.4812381730029111E-010
           4           1   2.9732526169453573E-014
           4           2   7.1280865444849669E-011
           4           3  -6.2195039775904978E-006
           4           4   2.2458696110678060     
           4           5  -2.1176701486997909E-006
           4           6   1.0477843217732394E-009
           4           7   1.5023213066650364E-005
           4           8 -0.74161525803541073     
           4           9   5.1136130608808592E-006
           4          10   1.3356751476179388E-011
           4          11  -3.3197669325227432E-005
           4          12  -2.0550961757187153E-002
           4          13  -1.1314948432259116E-005
           4          14   1.3245220323791550E-010
           4          15   9.3186279901244250E-006
           4          16   8.7093686640509413E-003
           4          17   3.1857698347807438E-006
           4          18   3.4759793838857332E-010
           4          19  -1.1793742774444791E-011
           4          20   3.9431303347697208E-010
           4          21  -7.4275659349813294E-011
           4          22   4.5263989654566090E-011
           4          23   5.0792876537904931E-010
           4          24   1.1659496825171931E-010
           4          25  -3.5900933771699828E-011
           4          26   5.5093884383309984E-011
           4          27  -5.7717741944475350E-011
           4          28  -5.2422503194079231E-011
           4          29  -1.9941260482657800E-010
           5           1  -3.7233555893097547E-012
           5           2  -9.5196997776906187E-011
           5           3   6.7946908350117486E-006
           5           4  -2.1176701486997909E-006
           5           5   2.2458696103778881     
           5           6  -1.2353160132239638E-009
           5           7  -1.6412945480909434E-005
           5           8   5.1134462511204110E-006
           5           9 -0.74161525578484100     
           5          10  -2.0070820643377762E-011
           5          11   3.6267559998143875E-005
           5          12  -1.1314915068778293E-005
           5          13  -2.0550963533139344E-002
           5          14  -1.5899890666908124E-010
           5          15  -1.0179657540594139E-005
           5          16   3.1856234481793512E-006
           5          17   8.7093660758994530E-003
           5          18  -1.3786981576391537E-010
           5          19   2.0556305497134959E-012
           5          20  -5.4867868708971687E-010
           5          21   7.7652554006987323E-011
           5          22  -4.8184645450194478E-011
           5          23  -7.8091856689042166E-010
           5          24   7.6221543675524481E-011
           5          25   5.1250917441076248E-011
           5          26  -1.5736689492121598E-010
           5          27   7.1591332797046502E-011
           5          28   7.4310937337419384E-011
           5          29   9.3667167348980467E-011
           6           1 -0.16232537222570836     
           6           2 -0.88475331259634660     
           6           3   1.7274806277834401E-009
           6           4   1.0477843217732394E-009
           6           5  -1.2353160132239638E-009
           6           6   2.2344907834592673     
           6           7  -9.5468969068258272E-011
           6           8   1.6051631911017885E-011
           6           9   3.2732153405070115E-011
           6          10  -8.7184625527107484E-002
           6          11   3.1420889528823166E-011
           6          12  -2.3221463545882158E-012
           6          13   5.2038024815142290E-012
           6          14  0.17883806463358501     
           6          15  -1.3929421638579758E-011
           6          16  -2.7417348612448879E-011
           6          17   7.3682125046708256E-012
           6          18  -2.8977682501539433E-002
           6          19   1.4793267405725761E-003
           6          20  -2.8981332960448372E-002
           6          21  -1.6161040164910669E-003
           6          22   5.0419481887020463E-004
           6          23  -2.8980514671214826E-002
           6          24  -2.6942000673524140E-002
           6          25   1.0175324341173428E-003
           6          26  -2.6945549014743990E-002
           6          27  -1.1116621959575428E-003
           6          28   3.4610014525682969E-004
           6          29  -2.6944799627369613E-002
           7           1   3.1098394993493188E-012
           7           2   9.7815745489311438E-012
           7           3 -0.74161525513590199     
           7           4   1.5023213066650364E-005
           7           5  -1.6412945480909434E-005
           7           6  -9.5468969068258272E-011
           7           7   2.2344151777876373     
           7           8  -3.3502453020417422E-005
           7           9   3.6601983994855212E-005
           7          10  -2.1954429738151683E-011
           7          11   5.1294552696820997E-002
           7          12   1.0259122110005753E-004
           7          13  -1.1207873786910510E-004
           7          14  -1.1094631998367581E-014
           7          15  -2.0972633159240250E-002
           7          16  -2.9368941741175128E-005
           7          17   3.2082969358298433E-005
           7          18  -6.3389023972828730E-010
           7          19   1.9209455675574752E-011
           7          20   2.3122163100230439E-010
           7          21  -4.7915258397415766E-012
           7          22  -3.0071740172352575E-012
           7          23   3.1602542166845122E-010
           7          24  -6.2346116383511800E-010
           7          25   3.9226240489662896E-012
           7          26   2.3232402180615042E-010
           7          27  -9.6269104042841074E-012
           7          28  -3.4299340022130183E-012
           7          29   3.0332351036296976E-010
           8           1  -4.8388375822181915E-013
           8           2  -1.5261308022347530E-012
           8           3   1.5023333977140453E-005
           8           4 -0.74161525803541073     
           8           5   5.1134462511204110E-006
           8           6   1.6051631911017885E-011
           8           7  -3.3502453020417422E-005
           8           8   2.2344151919538047     
           8           9  -1.1398038499782503E-005
           8          10  -1.0685756285623066E-011
           8          11   1.0259178814339059E-004
           8          12   5.1294581203021453E-002
           8          13   3.4959996727432329E-005
           8          14  -2.4844884911707638E-012
           8          15  -2.9369142116121635E-005
           8          16  -2.0972688353075468E-002
           8          17  -1.0035461925985860E-005
           8          18  -5.7623739115469758E-011
           8          19   4.0350435696604686E-011
           8          20  -9.0813886684759371E-011
           8          21  -8.2318513844200268E-013
           8          22  -5.8540418482788179E-012
           8          23   1.6249246044867750E-010
           8          24  -5.9699972677039752E-011
           8          25  -3.6838432759166196E-011
           8          26  -2.4824365863646777E-011
           8          27   8.4837421258544170E-013
           8          28  -2.0985378932173527E-011
           8          29   8.9738128171060987E-011
           9           1  -2.4833465703831219E-013
           9           2  -1.1540193690055192E-012
           9           3  -1.6412796638942741E-005
           9           4   5.1136130608808592E-006
           9           5 -0.74161525578484100     
           9           6   3.2732153405070115E-011
           9           7   3.6601983994855212E-005
           9           8  -1.1398038499782503E-005
           9           9   2.2344151852082001     
           9          10   1.0242629243836638E-011
           9          11  -1.1207924114864544E-004
           9          12   3.4959951123835549E-005
           9          13   5.1294588908518776E-002
           9          14   1.5238189307823447E-012
           9          15   3.2083141273531025E-005
           9          16  -1.0035448865258537E-005
           9          17  -2.0972682059161220E-002
           9          18  -1.5949932745992514E-010
           9          19  -4.3729348647968358E-012
           9          20   1.5725707959775001E-010
           9          21   4.0130404653377638E-011
           9          22   1.6545508640849095E-011
           9          23   3.5719947906539496E-011
           9          24  -1.0642449656831915E-010
           9          25  -1.5984448421507923E-012
           9          26   1.3056228141819300E-010
           9          27  -2.7910934412487242E-011
           9          28  -8.1809474506847879E-012
           9          29   8.4760369447585904E-012
          10           1   1.0365414395139796E-002
          10           2   3.3896373076373651E-002
          10           3   1.5652368178656007E-010
          10           4   1.3356751476179388E-011
          10           5  -2.0070820643377762E-011
          10           6  -8.7184625527107484E-002
          10           7  -2.1954429738151683E-011
          10           8  -1.0685756285623066E-011
          10           9   1.0242629243836638E-011
          10          10   7.6757799533575879E-002
          10          11   3.9343866579514807E-012
          10          12  -3.2650292729758857E-012
          10          13   3.3242856619997641E-013
          10          14 -0.22924949187736540     
          10          15  -4.4042787911394041E-012
          10          16   3.5707243229689532E-011
          10          17  -1.1311592955272106E-011
          10          18   5.5123211306504468E-003
          10          19  -2.4773306825946247E-003
          10          20   5.5187238178873270E-003
          10          21   2.7066557639594457E-003
          10          22  -8.4101526779809433E-004
          10          23   5.5173052520453882E-003
          10          24   9.2719653850613006E-003
          10          25  -1.8375323694315693E-003
          10          26   9.2773523134048689E-003
          10          27   2.0076916160309661E-003
          10          28  -6.2299362431771348E-004
          10          29   9.2761856796174345E-003
          11           1  -3.6596339035616156E-012
          11           2  -1.5549526273159910E-011
          11           3  -2.0550948483684189E-002
          11           4  -3.3197669325227432E-005
          11           5   3.6267559998143875E-005
          11           6   3.1420889528823166E-011
          11           7   5.1294552696820997E-002
          11           8   1.0259178814339059E-004
          11           9  -1.1207924114864544E-004
          11          10   3.9343866579514807E-012
          11          11   1.2012928777641121E-003
          11          12   3.5861838536945309E-006
          11          13  -3.9190913669274677E-006
          11          14  -1.4491302794138547E-011
          11          15  -4.8821917172212157E-004
          11          16  -1.3083001928526662E-006
          11          17   1.4297131949575767E-006
          11          18   5.4332471017605292E-010
          11          19  -7.6517292514711726E-011
          11          20   2.6913377067487430E-010
          11          21   3.6384897287689104E-011
          11          22   4.1334102623907702E-012
          11          23  -8.1806728251549370E-010
          11          24   4.2890330756680573E-010
          11          25  -5.8242736266267927E-011
          11          26   2.1511156524197131E-010
          11          27   2.7646055268980983E-011
          11          28   3.3912810363062514E-012
          11          29  -6.4569567636262230E-010
          12           1   1.3220435580983717E-013
          12           2   4.0166861010564186E-013
          12           3  -3.3197589962309529E-005
          12           4  -2.0550961757187153E-002
          12           5  -1.1314915068778293E-005
          12           6  -2.3221463545882158E-012
          12           7   1.0259122110005753E-004
          12           8   5.1294581203021453E-002
          12           9   3.4959951123835549E-005
          12          10  -3.2650292729758857E-012
          12          11   3.5861838536945309E-006
          12          12   1.2012741366561029E-003
          12          13   1.2033278508347880E-006
          12          14   8.3885479654013969E-012
          12          15  -1.3082989102441019E-006
          12          16  -4.8821322380555540E-004
          12          17  -4.3952063440115409E-007
          12          18   2.9244419385957900E-009
          12          19  -1.6187289946336791E-011
          12          20  -1.0970400865963848E-009
          12          21  -1.4701936202190951E-012
          12          22   1.0491779433890653E-010
          12          23  -1.8296078849875603E-009
          12          24   2.3176644291517032E-009
          12          25  -1.4074110252247575E-011
          12          26  -8.6805076563846061E-010
          12          27  -7.8175033695907959E-013
          12          28   7.9809547142005272E-011
          12          29  -1.4503026958863416E-009
          13           1  -1.1893410892365532E-013
          13           2  -5.0368892666594007E-013
          13           3   3.6267335336108894E-005
          13           4  -1.1314948432259116E-005
          13           5  -2.0550963533139344E-002
          13           6   5.2038024815142290E-012
          13           7  -1.1207873786910510E-004
          13           8   3.4959996727432329E-005
          13           9   5.1294588908518776E-002
          13          10   3.3242856619997641E-013
          13          11  -3.9190913669274677E-006
          13          12   1.2033278508347880E-006
          13          13   1.2012779490505562E-003
          13          14  -6.9074858741900481E-013
          13          15   1.4297123211853022E-006
          13          16  -4.3952056841795099E-007
          13          17  -4.8821445359822061E-004
          13          18   1.4933122391945547E-009
          13          19   7.0147509129103978E-012
          13          20  -6.2395189749687825E-010
          13          21  -4.1562062089363531E-011
          13          22  -1.5256646405758247E-011
          13          23  -8.6630444432955041E-010
          13          24   1.1838337955833204E-009
          13          25   5.0653115733374870E-012
          13          26  -4.9488384040270698E-010
          13          27  -3.2547020481522009E-011
          13          28  -1.2184063350612306E-011
          13          29  -6.8823156666762212E-010
          14           1  -1.5382785555162749E-002
          14           2  -5.5074510466834016E-002
          14           3   3.7541776676101242E-010
          14           4   1.3245220323791550E-010
          14           5  -1.5899890666908124E-010
          14           6  0.17883806463358501     
          14           7  -1.1094631998367581E-014
          14           8  -2.4844884911707638E-012
          14           9   1.5238189307823447E-012
          14          10 -0.22924949187736540     
          14          11  -1.4491302794138547E-011
          14          12   8.3885479654013969E-012
          14          13  -6.9074858741900481E-013
          14          14  0.68810505509672182     
          14          15   1.4992878983843424E-011
          14          16  -1.0676195202782935E-010
          14          17   3.3468929524137939E-011
          14          18  -1.5500077984244727E-002
          14          19   1.4502869295976049E-003
          14          20  -1.5502152333272293E-002
          14          21  -1.5846159494652516E-003
          14          22   4.9137594829432225E-004
          14          23  -1.5501612862086947E-002
          14          24  -2.7055510562353367E-002
          14          25   9.6827400496609024E-004
          14          26  -2.7057599488705793E-002
          14          27  -1.0580581811575241E-003
          14          28   3.2677683368090922E-004
          14          29  -2.7057111805717741E-002
          15           1   1.6635697426702555E-012
          15           2   7.2211270417779247E-012
          15           3   8.7093487068410497E-003
          15           4   9.3186279901244250E-006
          15           5  -1.0179657540594139E-005
          15           6  -1.3929421638579758E-011
          15           7  -2.0972633159240250E-002
          15           8  -2.9369142116121635E-005
          15           9   3.2083141273531025E-005
          15          10  -4.4042787911394041E-012
          15          11  -4.8821917172212157E-004
          15          12  -1.3082989102441019E-006
          15          13   1.4297123211853022E-006
          15          14   1.4992878983843424E-011
          15          15   1.9915746303769534E-004
          15          16   4.6326770796051454E-007
          15          17  -5.0625006256356250E-007
          15          18   4.7553163824410326E-010
          15          19   4.3634370257090692E-012
          15          20  -1.3788760089628635E-009
          15          21  -9.5378914161300925E-012
          15          22   9.6242526658336577E-012
          15          23   9.0547641956036616E-010
          15          24   3.7741185762888993E-010
          15          25   3.4822899843632092E-012
          15          26  -1.0938954400839451E-009
          15          27  -6.8670508143086752E-012
          15          28   7.2636913836762984E-012
          15          29   7.1624272465479824E-010
          16           1   2.5368919028523522E-012
          16           2   9.0090225221666723E-012
          16           3   9.3185345128579568E-006
          16           4   8.7093686640509413E-003
          16           5   3.1856234481793512E-006
          16           6  -2.7417348612448879E-011
          16           7  -2.9368941741175128E-005
          16           8  -2.0972688353075468E-002
          16           9  -1.0035448865258537E-005
          16          10   3.5707243229689532E-011
          16          11  -1.3083001928526662E-006
          16          12  -4.8821322380555540E-004
          16          13  -4.3952056841795099E-007
          16          14  -1.0676195202782935E-010
          16          15   4.6326770796051454E-007
          16          16   1.9915565285194770E-004
          16          17   1.5576813588068886E-007
          16          18  -4.9887944026019577E-009
          16          19   2.3868006093861729E-011
          16          20   2.8577868271678544E-009
          16          21  -4.1554115730094949E-012
          16          22  -3.8047300702750572E-011
          16          23   2.1391434869379620E-009
          16          24  -3.9517817603348197E-009
          16          25   1.9264962489160262E-011
          16          26   2.2666835146191163E-009
          16          27  -3.9958915039148583E-012
          16          28  -2.9296145784230580E-011
          16          29   1.6976507802453682E-009
          17           1  -9.3065114306783402E-013
          17           2  -3.0947833537896963E-012
          17           3  -1.0179254680714632E-005
          17           4   3.1857698347807438E-006
          17           5   8.7093660758994530E-003
          17           6   7.3682125046708256E-012
          17           7   3.2082969358298433E-005
          17           8  -1.0035461925985860E-005
          17           9  -2.0972682059161220E-002
          17          10  -1.1311592955272106E-011
          17          11   1.4297131949575767E-006
          17          12  -4.3952063440115409E-007
          17          13  -4.8821445359822061E-004
          17          14   3.3468929524137939E-011
          17          15  -5.0625006256356250E-007
          17          16   1.5576813588068886E-007
          17          17   1.9915603453452132E-004
          17          18   5.5605225509811108E-009
          17          19   5.0648833672043297E-012
          17          20  -3.0680981727192091E-009
          17          21   1.2555868421545256E-011
          17          22  -1.4628657274867680E-012
          17          23  -2.4961663966299022E-009
          17          24   4.4064546425067090E-009
          17          25   3.2386071516153133E-012
          17          26  -2.4322876941844672E-009
          17          27   1.0907487899303034E-011
          17          28  -3.1523420395285751E-013
          17          29  -1.9783981079441019E-009
          18           1   2.7780683100663284E-002
          18           2   1.7282095521663765E-002
          18           3   6.9785471180166019E-010
          18           4   3.4759793838857332E-010
          18           5  -1.3786981576391537E-010
          18           6  -2.8977682501539433E-002
          18           7  -6.3389023972828730E-010
          18           8  -5.7623739115469758E-011
          18           9  -1.5949932745992514E-010
          18          10   5.5123211306504468E-003
          18          11   5.4332471017605292E-010
          18          12   2.9244419385957900E-009
          18          13   1.4933122391945547E-009
          18          14  -1.5500077984244727E-002
          18          15   4.7553163824410326E-010
          18          16  -4.9887944026019577E-009
          18          17   5.5605225509811108E-009
          18          18  0.44180466218360853     
          18          19   5.3460810423481436E-005
          18          20 -0.21949142384587653     
          18          21  -5.8673781282017894E-005
          18          22   4.9729640272790717E-005
          18          23 -0.21949157953596463     
          18          24  0.35030864269121331     
          18          25  -1.1422371722740235E-005
          18          26 -0.17382916863362338     
          18          27   1.2319766544726784E-005
          18          28   7.9248493808711015E-005
          18          29 -0.17382913849210677     
          19           1  -1.1595279839937018E-004
          19           2  -4.8852287328140489E-004
          19           3   8.0087533358606818E-011
          19           4  -1.1793742774444791E-011
          19           5   2.0556305497134959E-012
          19           6   1.4793267405725761E-003
          19           7   1.9209455675574752E-011
          19           8   4.0350435696604686E-011
          19           9  -4.3729348647968358E-012
          19          10  -2.4773306825946247E-003
          19          11  -7.6517292514711726E-011
          19          12  -1.6187289946336791E-011
          19          13   7.0147509129103978E-012
          19          14   1.4502869295976049E-003
          19          15   4.3634370257090692E-012
          19          16   2.3868006093861729E-011
          19          17   5.0648833672043297E-012
          19          18   5.3460810423481436E-005
          19          19  0.45619492700909281     
          19          20   5.8180082074908409E-005
          19          21   4.9776706583333065E-006
          19          22   5.0405588711645496E-005
          19          23   1.2661512937108064E-004
          19          24   1.3002728176274259E-004
          19          25  0.34682976259258680     
          19          26   1.2925389599830595E-004
          19          27   1.5535305944613366E-005
          19          28  -1.4224969232981513E-005
          19          29   1.5884282965433207E-004
          20           1   2.7780963842753678E-002
          20           2   1.7283308819987922E-002
          20           3   5.8164758111152460E-010
          20           4   3.9431303347697208E-010
          20           5  -5.4867868708971687E-010
          20           6  -2.8981332960448372E-002
          20           7   2.3122163100230439E-010
          20           8  -9.0813886684759371E-011
          20           9   1.5725707959775001E-010
          20          10   5.5187238178873270E-003
          20          11   2.6913377067487430E-010
          20          12  -1.0970400865963848E-009
          20          13  -6.2395189749687825E-010
          20          14  -1.5502152333272293E-002
          20          15  -1.3788760089628635E-009
          20          16   2.8577868271678544E-009
          20          17  -3.0680981727192091E-009
          20          18 -0.21949142384587653     
          20          19   5.8180082074908409E-005
          20          20  0.44180284366044104     
          20          21  -1.3790960438441954E-004
          20          22   1.5807128923712343E-005
          20          23 -0.21949063756885687     
          20          24 -0.17382945212801432     
          20          25  -1.2211775643218310E-005
          20          26  0.35030777393141765     
          20          27  -2.3656471313085882E-004
          20          28  -6.6597154426229562E-006
          20          29 -0.17382950823938989     
          21           1   1.2667397805817243E-004
          21           2   5.3369361677568870E-004
          21           3  -1.3702877555190536E-010
          21           4  -7.4275659349813294E-011
          21           5   7.7652554006987323E-011
          21           6  -1.6161040164910669E-003
          21           7  -4.7915258397415766E-012
          21           8  -8.2318513844200268E-013
          21           9   4.0130404653377638E-011
          21          10   2.7066557639594457E-003
          21          11   3.6384897287689104E-011
          21          12  -1.4701936202190951E-012
          21          13  -4.1562062089363531E-011
          21          14  -1.5846159494652516E-003
          21          15  -9.5378914161300925E-012
          21          16  -4.1554115730094949E-012
          21          17   1.2555868421545256E-011
          21          18  -5.8673781282017894E-005
          21          19   4.9776706583333065E-006
          21          20  -1.3790960438441954E-004
          21          21  0.45619085112002072     
          21          22  -4.4878787802321113E-005
          21          23  -6.3692595479691340E-005
          21          24  -1.4221881840301804E-004
          21          25   1.5533931367071013E-005
          21          26  -1.7315005732993589E-004
          21          27  0.34682769424861271     
          21          28   1.3694148016021643E-005
          21          29  -1.4139010024480288E-004
          22           1  -3.9516386027844882E-005
          22           2  -1.6647460212130334E-004
          22           3   1.3831690523751505E-011
          22           4   4.5263989654566090E-011
          22           5  -4.8184645450194478E-011
          22           6   5.0419481887020463E-004
          22           7  -3.0071740172352575E-012
          22           8  -5.8540418482788179E-012
          22           9   1.6545508640849095E-011
          22          10  -8.4101526779809433E-004
          22          11   4.1334102623907702E-012
          22          12   1.0491779433890653E-010
          22          13  -1.5256646405758247E-011
          22          14   4.9137594829432225E-004
          22          15   9.6242526658336577E-012
          22          16  -3.8047300702750572E-011
          22          17  -1.4628657274867680E-012
          22          18   4.9729640272790717E-005
          22          19   5.0405588711645496E-005
          22          20   1.5807128923712343E-005
          22          21  -4.4878787802321113E-005
          22          22  0.45621350658575888     
          22          23   1.5772882031830031E-005
          22          24   5.9874575593791234E-005
          22          25  -1.4241754049844596E-005
          22          26   4.1452863209111242E-005
          22          27   1.3712868524910344E-005
          22          28  0.34683921628397052     
          22          29   4.1456323239260652E-005
          23           1   2.7780900728274067E-002
          23           2   1.7283037676454671E-002
          23           3   7.0536089531270518E-010
          23           4   5.0792876537904931E-010
          23           5  -7.8091856689042166E-010
          23           6  -2.8980514671214826E-002
          23           7   3.1602542166845122E-010
          23           8   1.6249246044867750E-010
          23           9   3.5719947906539496E-011
          23          10   5.5173052520453882E-003
          23          11  -8.1806728251549370E-010
          23          12  -1.8296078849875603E-009
          23          13  -8.6630444432955041E-010
          23          14  -1.5501612862086947E-002
          23          15   9.0547641956036616E-010
          23          16   2.1391434869379620E-009
          23          17  -2.4961663966299022E-009
          23          18 -0.21949157953596463     
          23          19   1.2661512937108064E-004
          23          20 -0.21949063756885687     
          23          21  -6.3692595479691340E-005
          23          22   1.5772882031830031E-005
          23          23  0.44180318303254373     
          23          24 -0.17382935797626051     
          23          25   2.1685826998078632E-004
          23          26 -0.17382945339462114     
          23          27   1.3162612783329389E-005
          23          28  -6.6548625252966359E-006
          23          29  0.35030794216339689     
          24           1   5.9951380446229413E-003
          24           2   1.3932663043495913E-002
          24           3   2.7973964739149173E-010
          24           4   1.1659496825171931E-010
          24           5   7.6221543675524481E-011
          24           6  -2.6942000673524140E-002
          24           7  -6.2346116383511800E-010
          24           8  -5.9699972677039752E-011
          24           9  -1.0642449656831915E-010
          24          10   9.2719653850613006E-003
          24          11   4.2890330756680573E-010
          24          12   2.3176644291517032E-009
          24          13   1.1838337955833204E-009
          24          14  -2.7055510562353367E-002
          24          15   3.7741185762888993E-010
          24          16  -3.9517817603348197E-009
          24          17   4.4064546425067090E-009
          24          18  0.35030864269121331     
          24          19   1.3002728176274259E-004
          24          20 -0.17382945212801432     
          24          21  -1.4221881840301804E-004
          24          22   5.9874575593791234E-005
          24          23 -0.17382935797626051     
          24          24  0.27820870472091125     
          24          25   6.0397812625833226E-005
          24          26 -0.13721881618933993     
          24          27  -6.6073663685332538E-005
          24          28   7.9321420966870176E-005
          24          29 -0.13721861997523221     
          25           1  -7.6042162786201092E-005
          25           2  -3.2522175780033441E-004
          25           3  -1.4702908514293649E-010
          25           4  -3.5900933771699828E-011
          25           5   5.1250917441076248E-011
          25           6   1.0175324341173428E-003
          25           7   3.9226240489662896E-012
          25           8  -3.6838432759166196E-011
          25           9  -1.5984448421507923E-012
          25          10  -1.8375323694315693E-003
          25          11  -5.8242736266267927E-011
          25          12  -1.4074110252247575E-011
          25          13   5.0653115733374870E-012
          25          14   9.6827400496609024E-004
          25          15   3.4822899843632092E-012
          25          16   1.9264962489160262E-011
          25          17   3.2386071516153133E-012
          25          18  -1.1422371722740235E-005
          25          19  0.34682976259258680     
          25          20  -1.2211775643218310E-005
          25          21   1.5533931367071013E-005
          25          22  -1.4241754049844596E-005
          25          23   2.1685826998078632E-004
          25          24   6.0397812625833226E-005
          25          25  0.26368315311752677     
          25          26   5.6340052717631739E-005
          25          27   2.0719011058353217E-005
          25          28  -5.0768617711399730E-005
          25          29   2.1915656596658640E-004
          26           1   5.9954022558180459E-003
          26           2   1.3933801060512060E-002
          26           3   1.2856012091990532E-010
          26           4   5.5093884383309984E-011
          26           5  -1.5736689492121598E-010
          26           6  -2.6945549014743990E-002
          26           7   2.3232402180615042E-010
          26           8  -2.4824365863646777E-011
          26           9   1.3056228141819300E-010
          26          10   9.2773523134048689E-003
          26          11   2.1511156524197131E-010
          26          12  -8.6805076563846061E-010
          26          13  -4.9488384040270698E-010
          26          14  -2.7057599488705793E-002
          26          15  -1.0938954400839451E-009
          26          16   2.2666835146191163E-009
          26          17  -2.4322876941844672E-009
          26          18 -0.17382916863362338     
          26          19   1.2925389599830595E-004
          26          20  0.35030777393141765     
          26          21  -1.7315005732993589E-004
          26          22   4.1452863209111242E-005
          26          23 -0.17382945339462114     
          26          24 -0.13721881618933993     
          26          25   5.6340052717631739E-005
          26          26  0.27820847314483810     
          26          27  -2.3910685750371826E-004
          26          28   1.7670714643566179E-005
          26          29 -0.13721957925722236     
          27           1   8.3076742383772026E-005
          27           2   3.5530761816175688E-004
          27           3  -1.6555739022306006E-010
          27           4  -5.7717741944475350E-011
          27           5   7.1591332797046502E-011
          27           6  -1.1116621959575428E-003
          27           7  -9.6269104042841074E-012
          27           8   8.4837421258544170E-013
          27           9  -2.7910934412487242E-011
          27          10   2.0076916160309661E-003
          27          11   2.7646055268980983E-011
          27          12  -7.8175033695907959E-013
          27          13  -3.2547020481522009E-011
          27          14  -1.0580581811575241E-003
          27          15  -6.8670508143086752E-012
          27          16  -3.9958915039148583E-012
          27          17   1.0907487899303034E-011
          27          18   1.2319766544726784E-005
          27          19   1.5535305944613366E-005
          27          20  -2.3656471313085882E-004
          27          21  0.34682769424861271     
          27          22   1.3712868524910344E-005
          27          23   1.3162612783329389E-005
          27          24  -6.6073663685332538E-005
          27          25   2.0719011058353217E-005
          27          26  -2.3910685750371826E-004
          27          27  0.26368237553515878     
          27          28   4.6767875800479706E-005
          27          29  -6.1751014010037243E-005
          28           1  -2.5863621109747733E-005
