           1           1   2.2024691034083768     
           1           2  0.72607114464924805     
           1           3  -2.2931611862628491E-013
           1           4  -2.1399376096627280E-013
           1           5   3.7214514601064509E-013
           1           6 -0.19176945819371127     
           1           7  -7.8696101033335769E-014
           1           8  -4.7968827294044229E-014
           1           9  -1.2003907947945236E-014
           1          10   5.3099898705688486E-002
           1          11  -8.0496960675555920E-014
           1          12   2.1705653111897341E-014
           1          13  -1.5524468301236937E-014
           1          14   4.6995319902262056E-003
           1          15   1.0194089263426306E-013
           1          16   3.7892334744844991E-014
           1          17   1.6743610006911873E-014
           1          18   2.4485999064795837E-002
           1          19  -3.4664142899046426E-004
           1          20   2.4489774477379638E-002
           1          21   1.2163516651909450E-004
           1          22  -1.2240243211990623E-004
           1          23   2.4224876820553784E-002
           1          24   2.0730325060128903E-003
           1          25   3.7624904273114029E-004
           1          26   2.0689346242967008E-003
           1          27  -1.3202436619854418E-004
           1          28   1.3285716628285248E-004
           1          29   2.3564579309041898E-003
           2           1  0.72607114464924805     
           2           2   2.5975761014423266     
           2           3  -6.0335446873790643E-013
           2           4  -5.3123419645911783E-013
           2           5   8.7346666122949400E-013
           2           6 -0.98695402540930799     
           2           7  -9.8468414310825892E-014
           2           8  -4.1997118391248723E-014
           2           9   8.5545274077166226E-015
           2          10  0.40207734900697095     
           2          11  -2.5254360450462125E-013
           2          12   1.1241126680352845E-013
           2          13  -1.4537911289420632E-014
           2          14  0.17499975802358150     
           2          15   2.7840384778601475E-013
           2          16   1.0680054174652925E-013
           2          17   3.1860164196847937E-014
           2          18   2.9807432825265621E-003
           2          19  -1.3055549589707617E-003
           2          20   2.9949626265715519E-003
           2          21   4.5811430011662982E-004
           2          22  -4.6100405419797352E-004
           2          23   1.9972790768933643E-003
           2          24   6.9156681338398904E-003
           2          25   1.6000393104242117E-003
           2          26   6.8982414514831975E-003
           2          27  -5.6144774336632907E-004
           2          28   5.6498931538382789E-004
           2          29   8.1209650771018951E-003
           3           1  -2.2931611862628491E-013
           3           2  -6.0335446873790643E-013
           3           3   2.2689511880481268     
           3           4  -2.7812472642040000E-004
           3           5   9.7590612870151593E-005
           3           6   1.6333756663168652E-012
           3           7 -0.77831919728096910     
           3           8   5.7157297094089215E-004
           3           9  -2.0056280453435545E-004
           3          10   1.4365433653843729E-012
           3          11  -3.2553621088656975E-002
           3          12  -2.1139197361547540E-003
           3          13   7.4176646554949201E-004
           3          14   1.7848817794289188E-012
           3          15   2.8097462372074548E-002
           3          16   1.1516094026483405E-003
           3          17  -4.0409539793064952E-004
           3          18   5.4845327844954250E-013
           3          19  -2.0534207613079421E-013
           3          20   5.5836948538038692E-013
           3          21   6.1268934317191911E-013
           3          22  -1.5045759258323829E-012
           3          23   1.3047176883344653E-012
           3          24   6.9183009573043108E-013
           3          25  -5.8398834345412478E-013
           3          26  -2.6120434003907837E-013
           3          27  -1.3332291186955218E-013
           3          28   5.3203364908843060E-013
           3          29   5.5878105304647052E-013
           4           1  -2.1399376096627280E-013
           4           2  -5.3123419645911783E-013
           4           3  -2.7812472642040000E-004
           4           4   2.2689546677602603     
           4           5  -9.8203017192922319E-005
           4           6   1.2725530283122105E-013
           4           7   5.7157296878467836E-004
           4           8 -0.77832638567351176     
           4           9   2.0182796068583369E-004
           4          10   7.6467079823722386E-013
           4          11  -2.1139197353547638E-003
           4          12  -3.2527035578603980E-002
           4          13  -7.4644550746510335E-004
           4          14   1.3245289632167722E-012
           4          15   1.1516094016907558E-003
           4          16   2.8082979266549655E-002
           4          17   4.0664441969013644E-004
           4          18  -1.6917025207754977E-014
           4          19  -3.5591299777395257E-013
           4          20  -2.6643513527794306E-013
           4          21   5.6038055934499441E-013
           4          22  -7.2662336254757713E-013
           4          23   6.7500608755235121E-013
           4          24   3.4052277065191732E-013
           4          25  -5.4094349532147990E-013
           4          26  -4.4596195743653845E-013
           4          27  -1.2070178314882313E-013
           4          28   4.7241119145479664E-013
           4          29   2.6175470959257361E-013
           5           1   3.7214514601064509E-013
           5           2   8.7346666122949400E-013
           5           3   9.7590612870151593E-005
           5           4  -9.8203017192922319E-005
           5           5   2.2687092559911592     
           5           6   7.0946673286525911E-013
           5           7  -2.0056280391778515E-004
           5           8   2.0182795957776389E-004
           5           9 -0.77782202787929100     
           5          10  -1.0094988251236227E-012
           5          11   7.4176646518561186E-004
           5          12  -7.4644550723071380E-004
           5          13  -3.4392364947558339E-002
           5          14  -1.2523202961942888E-012
           5          15  -4.0409539713364079E-004
           5          16   4.0664441959888846E-004
           5          17   2.9099162995511751E-002
           5          18   1.8044701026126722E-013
           5          19   3.4526311918359947E-013
           5          20   5.3943526558968727E-013
           5          21  -5.7476762759949053E-013
           5          22   7.2293267795183941E-013
           5          23  -2.8421776862479422E-013
           5          24  -2.6512704285302881E-013
           5          25   4.6830740878528381E-013
           5          26   2.7906970124477351E-013
           5          27   2.2286972145064204E-013
           5          28  -4.4149283993341536E-013
           5          29  -2.0129486414583261E-013
           6           1 -0.19176945819371127     
           6           2 -0.98695402540930799     
           6           3   1.6333756663168652E-012
           6           4   1.2725530283122105E-013
           6           5   7.0946673286525911E-013
           6           6   2.5227350774370016     
           6           7  -1.2423842300698203E-013
           6           8   4.3853377702824818E-013
           6           9  -3.6436492106839671E-013
           6          10 -0.19509087756071017     
           6          11   2.9015582505439738E-013
           6          12  -9.4118035195299305E-013
           6          13   2.4705068247652693E-013
           6          14  0.24463723755307482     
           6          15  -1.9678153216440737E-013
           6          16   3.5353618329861446E-013
           6          17  -1.4083934909491503E-013
           6          18   6.4251288290862602E-003
           6          19   6.8025432339734173E-003
           6          20   6.3510392404378460E-003
           6          21  -2.3869867428072690E-003
           6          22   2.4020437464058178E-003
           6          23   1.1549430584608694E-002
           6          24  0.10704494468055727     
           6          25  -4.2655598963822518E-003
           6          26  0.10709140274187398     
           6          27   1.4967688528706429E-003
           6          28  -1.5062103845075478E-003
           6          29  0.10383173225313275     
           7           1  -7.8696101033335769E-014
           7           2  -9.8468414310825892E-014
           7           3 -0.77831919728096910     
           7           4   5.7157296878467836E-004
           7           5  -2.0056280391778515E-004
           7           6  -1.2423842300698203E-013
           7           7   2.2506250032676816     
           7           8  -1.0280845762850185E-003
           7           9   3.6075099700894715E-004
           7          10   3.7298736165789674E-014
           7          11   8.9177077188080517E-002
           7          12   5.8488699553067283E-003
           7          13  -2.0523464097295125E-003
           7          14  -9.4649789255073074E-015
           7          15 -0.11321519399750113     
           7          16  -3.1646903359941105E-003
           7          17   1.1104779049516443E-003
           7          18  -3.4469780005151999E-014
           7          19  -2.8846368618869843E-013
           7          20  -1.9685932377908997E-013
           7          21   3.2742692900316076E-013
           7          22   2.6787183175222707E-013
           7          23   1.5163489025778136E-013
           7          24  -1.6082559484284808E-013
           7          25   2.2736739132406811E-013
           7          26  -7.7665703481993542E-014
           7          27   1.0752459717878570E-013
           7          28   9.3742692939723707E-014
           7          29   8.3202336947052808E-014
           8           1  -4.7968827294044229E-014
           8           2  -4.1997118391248723E-014
           8           3   5.7157297094089215E-004
           8           4 -0.77832638567351176     
           8           5   2.0182795957776389E-004
           8           6   4.3853377702824818E-013
           8           7  -1.0280845762850185E-003
           8           8   2.2506379329077459     
           8           9  -3.6302661015698463E-004
           8          10   6.2830695979904955E-013
           8          11   5.8488699549946082E-003
           8          12   8.9103519483571106E-002
           8          13   2.0652925453643551E-003
           8          14  -6.9176099961714356E-015
           8          15  -3.1646903358127833E-003
           8          16 -0.11317539359337958     
           8          17  -1.1174827646808268E-003
           8          18   2.3046764743367652E-013
           8          19   1.1138085445545147E-013
           8          20   1.6280261179014980E-013
           8          21   7.8002141742670368E-015
           8          22  -2.3253912041795925E-013
           8          23   6.7523010227614328E-014
           8          24   2.9943214470116379E-014
           8          25   5.9725063022745852E-014
           8          26   5.4162430609353052E-013
           8          27   3.4828492117068468E-015
           8          28   8.3222971247391273E-014
           8          29   1.4931587390808441E-013
           9           1  -1.2003907947945236E-014
           9           2   8.5545274077166226E-015
           9           3  -2.0056280453435545E-004
           9           4   2.0182796068583369E-004
           9           5 -0.77782202787929100     
           9           6  -3.6436492106839671E-013
           9           7   3.6075099700894715E-004
           9           8  -3.6302661015698463E-004
           9           9   2.2497307478526398     
           9          10  -1.9952930036218905E-013
           9          11  -2.0523464090081854E-003
           9          12   2.0652925455860319E-003
           9          13   9.4264580561022937E-002
           9          14  -2.3880658341624558E-013
           9          15   1.1104779044031508E-003
           9          16  -1.1174827650473861E-003
           9          17 -0.11596792621107212     
           9          18  -1.8603080461565010E-014
           9          19  -4.6492159331891916E-014
           9          20  -1.4925101798151375E-013
           9          21   2.0642762004995308E-013
           9          22  -6.5349284968833548E-014
           9          23   3.9494898315655490E-014
           9          24  -1.3980605108839957E-013
           9          25  -1.0675518852487326E-014
           9          26   1.5094968507490859E-014
           9          27   2.4432199834604196E-014
           9          28   3.3387768527145473E-013
           9          29  -2.6002372507472703E-013
          10           1   5.3099898705688486E-002
          10           2  0.40207734900697095     
          10           3   1.4365433653843729E-012
          10           4   7.6467079823722386E-013
          10           5  -1.0094988251236227E-012
          10           6 -0.19509087756071017     
          10           7   3.7298736165789674E-014
          10           8   6.2830695979904955E-013
          10           9  -1.9952930036218905E-013
          10          10   5.9449703094489115     
          10          11  -2.0383067578864306E-012
          10          12  -1.5711846749896928E-012
          10          13   1.0040621720087329E-012
          10          14   3.9684135534453433     
          10          15   2.1165450678338543E-012
          10          16   2.2860584532024923E-012
          10          17  -5.2829305961551065E-013
          10          18  -4.6031481256971249E-002
          10          19  -2.2943041005870995E-003
          10          20  -4.6006492763059986E-002
          10          21   8.0506267719042900E-004
          10          22  -8.1014101288936157E-004
          10          23  -4.7759762180867610E-002
          10          24  0.37410767502160014     
          10          25   4.8416849393897333E-003
          10          26  0.37405494224431524     
          10          27  -1.6989289359129022E-003
          10          28   1.7096456597833155E-003
          10          29  0.37775487794655549     
          11           1  -8.0496960675555920E-014
          11           2  -2.5254360450462125E-013
          11           3  -3.2553621088656975E-002
          11           4  -2.1139197353547638E-003
          11           5   7.4176646518561186E-004
          11           6   2.9015582505439738E-013
          11           7   8.9177077188080517E-002
          11           8   5.8488699549946082E-003
          11           9  -2.0523464090081854E-003
          11          10  -2.0383067578864306E-012
          11          11   7.0848133080364334E-002
          11          12  -6.3061485902715783E-004
          11          13   2.2128036109588032E-004
          11          14  -1.0702180148939390E-012
          11          15 -0.27280415870061575     
          11          16   5.3278033305430978E-004
          11          17  -1.8695059475772741E-004
          11          18  -7.8380600236972178E-013
          11          19   2.2063339110259033E-012
          11          20   2.0040340104740079E-012
          11          21  -1.4770278435714671E-012
          11          22  -3.0661206745704552E-012
          11          23  -1.1218811241212108E-012
          11          24  -3.5127158135137393E-013
          11          25   8.1044335560635286E-013
          11          26   7.4184474593266681E-013
          11          27  -5.4296052043991296E-013
          11          28  -1.1538391632820490E-012
          11          29  -4.5237468248437657E-013
          12           1   2.1705653111897341E-014
          12           2   1.1241126680352845E-013
          12           3  -2.1139197361547540E-003
          12           4  -3.2527035578603980E-002
          12           5  -7.4644550723071380E-004
          12           6  -9.4118035195299305E-013
          12           7   5.8488699553067283E-003
          12           8   8.9103519483571106E-002
          12           9   2.0652925455860319E-003
          12          10  -1.5711846749896928E-012
          12          11  -6.3061485902715783E-004
          12          12   7.0856063826535087E-002
          12          13  -2.2267617028226766E-004
          12          14  -1.3342656508299417E-012
          12          15   5.3278033313825651E-004
          12          16 -0.27281085903991864     
          12          17   1.8812985275290509E-004
          12          18   6.0874869172462369E-013
          12          19  -1.9450696334061580E-012
          12          20  -1.7239721623774309E-012
          12          21   1.2708481434243816E-012
          12          22   3.2406000216718846E-012
          12          23   9.1330896606337481E-013
          12          24  -3.8724085437374355E-013
          12          25  -7.0821900345074277E-013
          12          26  -1.2380997570291736E-012
          12          27   4.7557424303130888E-013
          12          28   1.2327402680846301E-012
          12          29  -2.3115922525721167E-013
          13           1  -1.5524468301236937E-014
          13           2  -1.4537911289420632E-014
          13           3   7.4176646554949201E-004
          13           4  -7.4644550746510335E-004
          13           5  -3.4392364947558339E-002
          13           6   2.4705068247652693E-013
          13           7  -2.0523464097295125E-003
          13           8   2.0652925453643551E-003
          13           9   9.4264580561022937E-002
          13          10   1.0040621720087329E-012
          13          11   2.2128036109588032E-004
          13          12  -2.2267617028226766E-004
          13          13   7.0299607350411158E-002
          13          14   6.6749014905993317E-013
          13          15  -1.8695059480278389E-004
          13          16   1.8812985271404395E-004
          13          17 -0.27234073205481774     
          13          18  -2.5610876483130496E-013
          13          19   6.1880806560302111E-013
          13          20   8.2276544700406121E-013
          13          21  -6.1107759707548001E-013
          13          22  -9.9583594893703940E-013
          13          23  -5.3012483959142352E-013
          13          24   1.2048478139767596E-013
          13          25   2.2426866016379224E-013
          13          26   5.0797963636666443E-013
          13          27  -2.3714956662800658E-013
          13          28  -3.6736873177846966E-013
          13          29  -3.1230758779276926E-015
          14           1   4.6995319902262056E-003
          14           2  0.17499975802358150     
          14           3   1.7848817794289188E-012
          14           4   1.3245289632167722E-012
          14           5  -1.2523202961942888E-012
          14           6  0.24463723755307482     
          14           7  -9.4649789255073074E-015
          14           8  -6.9176099961714356E-015
          14           9  -2.3880658341624558E-013
          14          10   3.9684135534453433     
          14          11  -1.0702180148939390E-012
          14          12  -1.3342656508299417E-012
          14          13   6.6749014905993317E-013
          14          14   3.9670322405561080     
          14          15   1.0459567019592088E-012
          14          16   1.4765268126764011E-012
          14          17  -2.9133966272457687E-013
          14          18  -3.6623746620849745E-002
          14          19   4.2068248758720967E-004
          14          20  -3.6628328353918896E-002
          14          21  -1.4761587968090378E-004
          14          22   1.4854701173185720E-004
          14          23  -3.6306849773754125E-002
          14          24  0.29734517653300874     
          14          25  -2.5232674522005036E-004
          14          26  0.29734792480475197     
          14          27   8.8540513125011681E-005
          14          28  -8.9099035730568822E-005
          14          29  0.29715510084490621     
          15           1   1.0194089263426306E-013
          15           2   2.7840384778601475E-013
          15           3   2.8097462372074548E-002
          15           4   1.1516094016907558E-003
          15           5  -4.0409539713364079E-004
          15           6  -1.9678153216440737E-013
          15           7 -0.11321519399750113     
          15           8  -3.1646903358127833E-003
          15           9   1.1104779044031508E-003
          15          10   2.1165450678338543E-012
          15          11 -0.27280415870061575     
          15          12   5.3278033313825651E-004
          15          13  -1.8695059480278389E-004
          15          14   1.0459567019592088E-012
          15          15   1.3277336488518099     
          15          16  -4.1147407931648133E-004
          15          17   1.4438469028204404E-004
          15          18   4.0724508115872043E-013
          15          19  -1.0298530995087802E-012
          15          20  -1.0280132916564332E-012
          15          21   7.4098904304784302E-013
          15          22   1.5285862934340276E-012
          15          23   5.8114451278782055E-013
          15          24   3.1729034677748609E-013
          15          25  -3.6357912449192011E-013
          15          26  -2.7051032201006829E-013
          15          27   2.7016178367505884E-013
          15          28   5.8394186667754007E-013
          15          29   3.5390855572271631E-013
          16           1   3.7892334744844991E-014
          16           2   1.0680054174652925E-013
          16           3   1.1516094026483405E-003
          16           4   2.8082979266549655E-002
          16           5   4.0664441959888846E-004
          16           6   3.5353618329861446E-013
          16           7  -3.1646903359941105E-003
          16           8 -0.11317539359337958     
          16           9  -1.1174827650473861E-003
          16          10   2.2860584532024923E-012
          16          11   5.3278033305430978E-004
          16          12 -0.27281085903991864     
          16          13   1.8812985271404395E-004
          16          14   1.4765268126764011E-012
          16          15  -4.1147407931648133E-004
          16          16   1.3277388236150169     
          16          17  -1.4529544725265498E-004
          16          18  -2.5755406161423090E-013
          16          19   9.5945736806393257E-013
          16          20   8.1642640404316687E-013
          16          21  -6.5323786479998905E-013
          16          22  -1.6400939514779252E-012
          16          23  -4.8173966137771335E-013
          16          24   2.9861702514085097E-013
          16          25   3.4566669184479912E-013
          16          26   7.4189363073537669E-013
          16          27  -2.3982501135561637E-013
          16          28  -6.4413912463895103E-013
          16          29   2.1008695392258942E-013
          17           1   1.6743610006911873E-014
          17           2   3.1860164196847937E-014
          17           3  -4.0409539793064952E-004
          17           4   4.0664441969013644E-004
          17           5   2.9099162995511751E-002
          17           6  -1.4083934909491503E-013
          17           7   1.1104779049516443E-003
          17           8  -1.1174827646808268E-003
          17           9 -0.11596792621107212     
          17          10  -5.2829305961551065E-013
          17          11  -1.8695059475772741E-004
          17          12   1.8812985275290509E-004
          17          13 -0.27234073205481774     
          17          14  -2.9133966272457687E-013
          17          15   1.4438469028204404E-004
          17          16  -1.4529544725265498E-004
          17          17   1.3273757376394781     
          17          18   2.0218179487227856E-013
          17          19  -2.9473491716700310E-013
          17          20  -4.6856365086421710E-013
          17          21   2.7111374281088382E-013
          17          22   4.4124199322937547E-013
          17          23   2.5719224535339003E-013
          17          24  -2.3025319629618099E-014
          17          25  -1.0352945315764987E-013
          17          26  -2.7303942200965695E-013
          17          27   1.1335486033943036E-013
          17          28   1.7646459874046461E-013
          17          29  -7.3313181151183912E-016
          18           1   2.4485999064795837E-002
          18           2   2.9807432825265621E-003
          18           3   5.4845327844954250E-013
          18           4  -1.6917025207754977E-014
          18           5   1.8044701026126722E-013
          18           6   6.4251288290862602E-003
          18           7  -3.4469780005151999E-014
          18           8   2.3046764743367652E-013
          18           9  -1.8603080461565010E-014
          18          10  -4.6031481256971249E-002
          18          11  -7.8380600236972178E-013
          18          12   6.0874869172462369E-013
          18          13  -2.5610876483130496E-013
          18          14  -3.6623746620849745E-002
          18          15   4.0724508115872043E-013
          18          16  -2.5755406161423090E-013
          18          17   2.0218179487227856E-013
          18          18  0.70334307918600614     
          18          19   9.7674913527635463E-004
          18          20 -0.34583827817664486     
          18          21  -3.4273759050443265E-004
          18          22   5.2386523079961638E-004
          18          23 -0.34470455340998940     
          18          24  0.27430541146433990     
          18          25   2.5753131514073305E-005
          18          26 -0.12039931243009963     
          18          27  -9.0366797257874538E-006
          18          28  -9.2007409203594690E-005
          18          29 -0.12059843058979257     
          19           1  -3.4664142899046426E-004
          19           2  -1.3055549589707617E-003
          19           3  -2.0534207613079421E-013
          19           4  -3.5591299777395257E-013
          19           5   3.4526311918359947E-013
          19           6   6.8025432339734173E-003
          19           7  -2.8846368618869843E-013
          19           8   1.1138085445545147E-013
          19           9  -4.6492159331891916E-014
          19          10  -2.2943041005870995E-003
          19          11   2.2063339110259033E-012
          19          12  -1.9450696334061580E-012
          19          13   6.1880806560302111E-013
          19          14   4.2068248758720967E-004
          19          15  -1.0298530995087802E-012
          19          16   9.5945736806393257E-013
          19          17  -2.9473491716700310E-013
          19          18   9.7674913527635463E-004
          19          19  0.69948658433096034     
          19          20   9.7631960306646039E-004
          19          21  -1.1716460288407980E-004
          19          22   1.1660421226789920E-004
          19          23   1.5132851108285914E-003
          19          24   3.1253570244867911E-003
          19          25  0.26307474206642839     
          19          26   3.1260274338365144E-003
          19          27   7.9969645944782044E-005
          19          28  -7.9739998033419028E-005
          19          29   2.7926728209325047E-003
          20           1   2.4489774477379638E-002
          20           2   2.9949626265715519E-003
          20           3   5.5836948538038692E-013
          20           4  -2.6643513527794306E-013
          20           5   5.3943526558968727E-013
          20           6   6.3510392404378460E-003
          20           7  -1.9685932377908997E-013
          20           8   1.6280261179014980E-013
          20           9  -1.4925101798151375E-013
          20          10  -4.6006492763059986E-002
          20          11   2.0040340104740079E-012
          20          12  -1.7239721623774309E-012
          20          13   8.2276544700406121E-013
          20          14  -3.6628328353918896E-002
          20          15  -1.0280132916564332E-012
          20          16   8.1642640404316687E-013
          20          17  -4.6856365086421710E-013
          20          18 -0.34583827817664486     
          20          19   9.7631960306646039E-004
          20          20  0.70332180747053974     
          20          21  -5.2043070705345366E-004
          20          22   3.4474786800566529E-004
          20          23 -0.34472103526052877     
          20          24 -0.12043307154487759     
          20          25   2.6423540777194544E-005
          20          26  0.27427108407484341     
          20          27   9.1195427071709875E-005
          20          28   9.3304029982710054E-006
          20          29 -0.12062884678546849     
          21           1   1.2163516651909450E-004
          21           2   4.5811430011662982E-004
          21           3   6.1268934317191911E-013
          21           4   5.6038055934499441E-013
          21           5  -5.7476762759949053E-013
          21           6  -2.3869867428072690E-003
          21           7   3.2742692900316076E-013
          21           8   7.8002141742670368E-015
          21           9   2.0642762004995308E-013
          21          10   8.0506267719042900E-004
          21          11  -1.4770278435714671E-012
          21          12   1.2708481434243816E-012
          21          13  -6.1107759707548001E-013
          21          14  -1.4761587968090378E-004
          21          15   7.4098904304784302E-013
          21          16  -6.5323786479998905E-013
          21          17   2.7111374281088382E-013
          21          18  -3.4273759050443265E-004
          21          19  -1.1716460288407980E-004
          21          20  -5.2043070705345366E-004
          21          21  0.69919379596435882     
          21          22  -2.9750356334644524E-004
          21          23  -3.5316217316089574E-004
          21          24  -1.0966759736351715E-003
          21          25   7.9969645974726543E-005
          21          26  -9.9644386682515274E-004
          21          27  0.26327458216006278     
          21          28   1.7293164011666028E-004
          21          29  -1.0804056842904763E-003
          22           1  -1.2240243211990623E-004
          22           2  -4.6100405419797352E-004
          22           3  -1.5045759258323829E-012
          22           4  -7.2662336254757713E-013
          22           5   7.2293267795183941E-013
          22           6   2.4020437464058178E-003
          22           7   2.6787183175222707E-013
          22           8  -2.3253912041795925E-013
          22           9  -6.5349284968833548E-014
          22          10  -8.1014101288936157E-004
          22          11  -3.0661206745704552E-012
          22          12   3.2406000216718846E-012
          22          13  -9.9583594893703940E-013
          22          14   1.4854701173185720E-004
          22          15   1.5285862934340276E-012
          22          16  -1.6400939514779252E-012
          22          17   4.4124199322937547E-013
          22          18   5.2386523079961638E-004
          22          19   1.1660421226789920E-004
          22          20   3.4474786800566529E-004
          22          21  -2.9750356334644524E-004
          22          22  0.69919753742170343     
          22          23   3.5538991541039089E-004
          22          24   1.0024926477847501E-003
          22          25  -7.9739997971506042E-005
          22          26   1.1038304600003821E-003
          22          27   1.7293163997942024E-004
          22          28  0.26327240729345341     
          22          29   1.0872208235825555E-003
          23           1   2.4224876820553784E-002
          23           2   1.9972790768933643E-003
          23           3   1.3047176883344653E-012
          23           4   6.7500608755235121E-013
          23           5  -2.8421776862479422E-013
          23           6   1.1549430584608694E-002
          23           7   1.5163489025778136E-013
          23           8   6.7523010227614328E-014
          23           9   3.9494898315655490E-014
          23          10  -4.7759762180867610E-002
          23          11  -1.1218811241212108E-012
          23          12   9.1330896606337481E-013
          23          13  -5.3012483959142352E-013
          23          14  -3.6306849773754125E-002
          23          15   5.8114451278782055E-013
          23          16  -4.8173966137771335E-013
          23          17   2.5719224535339003E-013
          23          18 -0.34470455340998940     
          23          19   1.5132851108285914E-003
          23          20 -0.34472103526052877     
          23          21  -3.5316217316089574E-004
          23          22   3.5538991541039089E-004
          23          23  0.70483701312062330     
          23          24 -0.11826352355956345     
          23          25  -3.0693107208800487E-004
          23          26 -0.11826018064046077     
          23          27   7.2336096968986089E-006
          23          28  -7.2792333843784523E-006
          23          29  0.27664418926955575     
          24           1   2.0730325060128903E-003
          24           2   6.9156681338398904E-003
          24           3   6.9183009573043108E-013
          24           4   3.4052277065191732E-013
          24           5  -2.6512704285302881E-013
          24           6  0.10704494468055727     
          24           7  -1.6082559484284808E-013
          24           8   2.9943214470116379E-014
          24           9  -1.3980605108839957E-013
          24          10  0.37410767502160014     
          24          11  -3.5127158135137393E-013
          24          12  -3.8724085437374355E-013
          24          13   1.2048478139767596E-013
          24          14  0.29734517653300874     
          24          15   3.1729034677748609E-013
          24          16   2.9861702514085097E-013
          24          17  -2.3025319629618099E-014
          24          18  0.27430541146433990     
          24          19   3.1253570244867911E-003
          24          20 -0.12043307154487759     
          24          21  -1.0966759736351715E-003
          24          22   1.0024926477847501E-003
          24          23 -0.11826352355956345     
          24          24  0.21651489659059123     
          24          25  -1.9831932068592579E-003
          24          26   6.8046229672818412E-002
          24          27   6.9589500663969441E-004
          24          28  -8.0180809349063970E-004
          24          29   6.6310993883792552E-002
          25           1   3.7624904273114029E-004
          25           2   1.6000393104242117E-003
          25           3  -5.8398834345412478E-013
          25           4  -5.4094349532147990E-013
          25           5   4.6830740878528381E-013
          25           6  -4.2655598963822518E-003
          25           7   2.2736739132406811E-013
          25           8   5.9725063022745852E-014
          25           9  -1.0675518852487326E-014
          25          10   4.8416849393897333E-003
          25          11   8.1044335560635286E-013
          25          12  -7.0821900345074277E-013
          25          13   2.2426866016379224E-013
          25          14  -2.5232674522005036E-004
          25          15  -3.6357912449192011E-013
          25          16   3.4566669184479912E-013
          25          17  -1.0352945315764987E-013
          25          18   2.5753131514073305E-005
          25          19  0.26307474206642839     
          25          20   2.6423540777194544E-005
          25          21   7.9969645974726543E-005
          25          22  -7.9739997971506042E-005
          25          23  -3.0693107208800487E-004
          25          24  -1.9831932068592579E-003
          25          25   9.9091088383622752E-002
          25          26  -1.9842559619069229E-003
          25          27   2.4375096866484573E-005
          25          28  -2.3791695913409055E-005
          25          29  -2.1972014991507578E-003
          26           1   2.0689346242967008E-003
          26           2   6.8982414514831975E-003
          26           3  -2.6120434003907837E-013
          26           4  -4.4596195743653845E-013
          26           5   2.7906970124477351E-013
          26           6  0.10709140274187398     
          26           7  -7.7665703481993542E-014
          26           8   5.4162430609353052E-013
          26           9   1.5094968507490859E-014
          26          10  0.37405494224431524     
          26          11   7.4184474593266681E-013
          26          12  -1.2380997570291736E-012
          26          13   5.0797963636666443E-013
          26          14  0.29734792480475197     
          26          15  -2.7051032201006829E-013
          26          16   7.4189363073537669E-013
          26          17  -2.7303942200965695E-013
          26          18 -0.12039931243009963     
          26          19   3.1260274338365144E-003
          26          20  0.27427108407484341     
          26          21  -9.9644386682515274E-004
          26          22   1.1038304600003821E-003
          26          23 -0.11826018064046077     
          26          24   6.8046229672818412E-002
          26          25  -1.9842559619069229E-003
          26          26  0.21655810785018098     
          26          27   7.9715495055573656E-004
          26          28  -7.0065994910794259E-004
          26          29   6.6334924582063151E-002
          27           1  -1.3202436619854418E-004
          27           2  -5.6144774336632907E-004
          27           3  -1.3332291186955218E-013
          27           4  -1.2070178314882313E-013
          27           5   2.2286972145064204E-013
          27           6   1.4967688528706429E-003
          27           7   1.0752459717878570E-013
          27           8   3.4828492117068468E-015
          27           9   2.4432199834604196E-014
          27          10  -1.6989289359129022E-003
          27          11  -5.4296052043991296E-013
          27          12   4.7557424303130888E-013
          27          13  -2.3714956662800658E-013
          27          14   8.8540513125011681E-005
          27          15   2.7016178367505884E-013
          27          16  -2.3982501135561637E-013
          27          17   1.1335486033943036E-013
          27          18  -9.0366797257874538E-006
          27          19   7.9969645944782044E-005
          27          20   9.1195427071709875E-005
          27          21  0.26327458216006278     
          27          22   1.7293163997942024E-004
          27          23   7.2336096968986089E-006
          27          24   6.9589500663969441E-004
          27          25   2.4375096866484573E-005
          27          26   7.9715495055573656E-004
          27          27   9.9152000516377820E-002
          27          28   1.5390509033436073E-004
          27          29   6.7010268449194154E-004
          28           1   1.3285716628285248E-004
