           1           1   2.2101249944173444     
           1           2  0.75818782248842742     
           1           3   7.3683375384032909E-015
           1           4  -3.4495892489892302E-014
           1           5  -1.9146547128218336E-014
           1           6  -6.2965492508477744E-002
           1           7   8.0789529622596484E-014
           1           8   3.8080287832035293E-014
           1           9   1.0628637787756440E-013
           1          10  -3.4749012614214113E-002
           1          11  -2.2381193490739612E-015
           1          12   3.8826385617409779E-015
           1          13  -1.7540894676910969E-014
           1          14  -1.6934562823833946E-002
           1          15   2.7980909771497591E-016
           1          16  -9.4106432446519921E-016
           1          17   8.4042805732440864E-015
           1          18   9.9334143989754070E-002
           1          19   2.1987994779584539E-012
           1          20   9.9334143989750101E-002
           1          21  -1.7467253423792152E-012
           1          22   3.1901542083109647E-013
           1          23   9.9334143989755583E-002
           1          24  -2.9569342990329404E-002
           1          25   2.9867703760193653E-013
           1          26  -2.9569342990336204E-002
           1          27  -2.3745561594274739E-013
           1          28   6.6681862505254888E-014
           1          29  -2.9569342990339541E-002
           2           1  0.75818782248842742     
           2           2   2.6938656493155224     
           2           3  -5.2492374715140983E-016
           2           4  -1.5292767883479862E-013
           2           5  -6.7379465530629384E-014
           2           6 -0.75576279020091897     
           2           7   2.7706363514657358E-013
           2           8   1.9368457910245559E-013
           2           9   3.8877266691301017E-013
           2          10 -0.13980457181140651     
           2          11  -1.1343020692434464E-014
           2          12   1.0092307544554973E-014
           2          13  -5.9609188958851171E-014
           2          14  -6.5225882367191984E-002
           2          15   9.7272699008773514E-015
           2          16  -4.6974611309558977E-015
           2          17   3.0573273102713893E-014
           2          18  0.16392259164998024     
           2          19   1.0630414256981532E-011
           2          20  0.16392259164998485     
           2          21  -8.6495745980092482E-012
           2          22   3.6391599575233510E-013
           2          23  0.16392259164997619     
           2          24 -0.12878842563221338     
           2          25   1.4435672846965540E-012
           2          26 -0.12878842563222470     
           2          27  -1.1322267430588396E-012
           2          28   4.3060897211274686E-013
           2          29 -0.12878842563221921     
           3           1   7.3683375384032909E-015
           3           2  -5.2492374715140983E-016
           3           3   2.2884865946834125     
           3           4   7.1158356998540348E-015
           3           5  -2.7977620192480398E-014
           3           6   1.5328197678293683E-013
           3           7 -0.81623257363291113     
           3           8   7.6078032770727180E-014
           3           9   5.6982196639581812E-014
           3          10  -1.2691975434504315E-013
           3          11  0.11094386902077963     
           3          12  -3.2050750873234019E-014
           3          13  -1.3033584617238520E-013
           3          14  -1.3398964541397418E-013
           3          15  -5.9066399876125726E-002
           3          16   1.8125431694055314E-013
           3          17  -5.5515488075641333E-014
           3          18   2.0864621872900972E-013
           3          19   2.3843123921980677E-012
           3          20   2.7070578677133511E-014
           3          21  -2.3509909813152990E-012
           3          22  -1.7400496789890442E-012
           3          23  -3.5560853696202847E-013
           3          24   7.9207235110148784E-014
           3          25   2.6594231010475101E-013
           3          26   1.5875414381807534E-013
           3          27  -4.2729263712886273E-013
           3          28   2.7029454755085791E-013
           3          29   2.1582960845215303E-014
           4           1  -3.4495892489892302E-014
           4           2  -1.5292767883479862E-013
           4           3   7.1158356998540348E-015
           4           4   2.2884865946834489     
           4           5   5.5313392774875823E-014
           4           6  -5.7650526851972333E-013
           4           7  -7.5217609896198055E-014
           4           8 -0.81623257363295698     
           4           9  -1.1181333643729314E-013
           4          10  -1.5966095451530133E-013
           4          11  -8.5473295009708373E-014
           4          12  0.11094386902071822     
           4          13  -2.5921972738991886E-014
           4          14  -4.6225693439106251E-013
           4          15  -2.7960316342708731E-013
           4          16  -5.9066399876093058E-002
           4          17   1.9075279544586416E-013
           4          18   1.8747696758027994E-013
           4          19   2.7020756776766685E-012
           4          20  -5.1050786323908789E-013
           4          21  -1.3894674694454786E-012
           4          22   4.3808051463710413E-012
           4          23  -3.2364632078151871E-013
           4          24  -2.6433930860687189E-013
           4          25   1.6997871007130855E-013
           4          26  -8.0153742828225995E-015
           4          27  -6.7807591352965360E-013
           4          28  -2.9749519095212948E-013
           4          29   8.3326494917917764E-014
           5           1  -1.9146547128218336E-014
           5           2  -6.7379465530629384E-014
           5           3  -2.7977620192480398E-014
           5           4   5.5313392774875823E-014
           5           5   2.2884865946834303     
           5           6   2.6865080159183379E-013
           5           7   7.5023320889403298E-014
           5           8  -5.5046245354463658E-014
           5           9 -0.81623257363291635     
           5          10  -2.4503555707051391E-014
           5          11   5.5606561305617851E-014
           5          12   8.8826515844237629E-014
           5          13  0.11094386902048636     
           5          14  -1.5930936763678450E-013
           5          15  -6.2297042498693946E-013
           5          16  -1.5973247094788675E-013
           5          17  -5.9066399875930160E-002
           5          18   1.6624432487726978E-013
           5          19   6.3788518188012501E-012
           5          20  -5.0307825967499890E-013
           5          21  -5.8712364692445285E-012
           5          22  -2.3434888549875787E-012
           5          23   4.1564745308165510E-013
           5          24  -1.5777662697091016E-013
           5          25   9.0575893761388724E-013
           5          26   1.4163158634304615E-013
           5          27  -9.4518161586265412E-013
           5          28   3.6686736048624351E-013
           5          29   1.3415978238721290E-013
           6           1  -6.2965492508477744E-002
           6           2 -0.75576279020091897     
           6           3   1.5328197678293683E-013
           6           4  -5.7650526851972333E-013
           6           5   2.6865080159183379E-013
           6           6   3.8057342785947030     
           6           7  -6.9075801829134213E-013
           6           8   1.2982578177670351E-012
           6           9  -3.8237911632753168E-013
           6          10  0.41734851295759873     
           6          11   2.9838462402578674E-014
           6          12  -1.6299891332999975E-013
           6          13   1.1628131077348618E-013
           6          14  0.24021346117044939     
           6          15  -2.8009005818249017E-014
           6          16   8.7758247043859029E-014
           6          17  -6.2713875030862026E-014
           6          18  0.25739339857569549     
           6          19  -3.0084266062623539E-011
           6          20  0.25739339857636595     
           6          21   1.9304241225820662E-011
           6          22  -2.5069650654092894E-011
           6          23  0.25739339857605736     
           6          24  0.70436809815665891     
           6          25  -4.0678040863573457E-012
           6          26  0.70436809815663504     
           6          27   3.4758106669193286E-012
           6          28   1.0544959175659768E-012
           6          29  0.70436809815666357     
           7           1   8.0789529622596484E-014
           7           2   2.7706363514657358E-013
           7           3 -0.81623257363291113     
           7           4  -7.5217609896198055E-014
           7           5   7.5023320889403298E-014
           7           6  -6.9075801829134213E-013
           7           7   2.3173896960335485     
           7           8  -5.9785509938566445E-014
           7           9  -1.4735435094407820E-013
           7          10   3.9953525414057374E-013
           7          11 -0.27314100468679969     
           7          12   1.0127836073304208E-013
           7          13   3.9361396093258442E-013
           7          14   3.6826615215411287E-013
           7          15  0.14468712072546017     
           7          16  -5.3219494792965609E-013
           7          17   1.4221609998328907E-013
           7          18  -7.4315859444930864E-013
           7          19  -7.9182279451220397E-013
           7          20  -2.3079092474076077E-013
           7          21   1.9473329626607098E-012
           7          22   4.9565601600264256E-012
           7          23   9.5872369879858084E-013
           7          24  -1.8662368661109250E-013
           7          25   1.3671960057081523E-013
           7          26  -4.7959485878466906E-013
           7          27   5.5708346564563293E-013
           7          28  -6.0650460247840772E-013
           7          29  -6.8183804537465982E-014
           8           1   3.8080287832035293E-014
           8           2   1.9368457910245559E-013
           8           3   7.6078032770727180E-014
           8           4 -0.81623257363295698     
           8           5  -5.5046245354463658E-014
           8           6   1.2982578177670351E-012
           8           7  -5.9785509938566445E-014
           8           8   2.3173896960335272     
           8           9   1.8679502440104512E-014
           8          10   4.3032119748478384E-013
           8          11   3.1491476077949966E-013
           8          12 -0.27314100468664254     
           8          13   8.6618212323584970E-014
           8          14   1.3116716212242803E-012
           8          15   8.0518924840635466E-013
           8          16  0.14468712072540788     
           8          17  -5.5275575772872806E-013
           8          18  -6.9199489645525609E-013
           8          19  -4.6900908547265063E-012
           8          20   1.3088727406490118E-012
           8          21   1.3884729984967723E-012
           8          22  -1.3237066912143523E-011
           8          23   7.6766450544211471E-013
           8          24   7.9577416032642575E-013
           8          25  -5.7787340338007913E-014
           8          26   9.9498357140117175E-014
           8          27   1.6198470319563572E-012
           8          28   9.7710505983661822E-013
           8          29  -3.0664918073204054E-013
           9           1   1.0628637787756440E-013
           9           2   3.8877266691301017E-013
           9           3   5.6982196639581812E-014
           9           4  -1.1181333643729314E-013
           9           5 -0.81623257363291635     
           9           6  -3.8237911632753168E-013
           9           7  -1.4735435094407820E-013
           9           8   1.8679502440104512E-014
           9           9   2.3173896960334366     
           9          10   9.6588384038966620E-014
           9          11  -2.1375956660332471E-013
           9          12  -1.8290924421345204E-013
           9          13 -0.27314100468587976     
           9          14   4.9705416085123029E-013
           9          15   1.8473660092525161E-012
           9          16   4.2174770846737959E-013
           9          17  0.14468712072486239     
           9          18  -3.5430391655282054E-013
           9          19  -2.2766007026044022E-011
           9          20   1.6697952468380051E-012
           9          21   2.0718916580841352E-011
           9          22   8.2386603871434397E-012
           9          23  -1.0247342226920108E-012
           9          24   4.8204296369082184E-013
           9          25  -3.1851812663193367E-012
           9          26  -4.3024809484056652E-013
           9          27   3.2224292194979431E-012
           9          28  -1.3120111196955933E-012
           9          29  -4.1629693983269108E-013
          10           1  -3.4749012614214113E-002
          10           2 -0.13980457181140651     
          10           3  -1.2691975434504315E-013
          10           4  -1.5966095451530133E-013
          10           5  -2.4503555707051391E-014
          10           6  0.41734851295759873     
          10           7   3.9953525414057374E-013
          10           8   4.3032119748478384E-013
          10           9   9.6588384038966620E-014
          10          10   5.2601659150494258E-002
          10          11  -3.2705577686069996E-014
          10          12  -3.6657568123910649E-014
          10          13  -1.7421576343626881E-015
          10          14   3.3458808143533462E-002
          10          15   1.6792638363006332E-014
          10          16   2.0171822273112097E-014
          10          17   1.4578897318405071E-015
          10          18   3.2018883267205117E-002
          10          19   4.9389897244121415E-011
          10          20   3.2018883267302033E-002
          10          21  -4.0016206007471646E-011
          10          22   1.4446031189829161E-012
          10          23   3.2018883267159050E-002
          10          24  0.10338636162277247     
          10          25   6.7190468308495284E-012
          10          26  0.10338636162278519     
          10          27  -5.1742104067784227E-012
          10          28   1.7362368210178343E-012
          10          29  0.10338636162276633     
          11           1  -2.2381193490739612E-015
          11           2  -1.1343020692434464E-014
          11           3  0.11094386902077963     
          11           4  -8.5473295009708373E-014
          11           5   5.5606561305617851E-014
          11           6   2.9838462402578674E-014
          11           7 -0.27314100468679969     
          11           8   3.1491476077949966E-013
          11           9  -2.1375956660332471E-013
          11          10  -3.2705577686069996E-014
          11          11   3.5705487014865839E-002
          11          12  -3.2922448663010720E-014
          11          13  -1.3498749384209918E-014
          11          14  -2.9785380003823322E-014
          11          15  -1.8774127334324549E-002
          11          16   5.6045443983300444E-014
          11          17  -2.0906454102481375E-014
          11          18   5.4283839575503786E-014
          11          19   2.2334562685911391E-011
          11          20   1.1159213560860814E-014
          11          21  -1.7652795338522240E-011
          11          22   1.1862746982928881E-012
          11          23  -6.2440650454653413E-014
          11          24   1.4900633013825110E-014
          11          25   3.0182617346142491E-012
          11          26   3.6912326993347462E-014
          11          27  -2.3517830914298099E-012
          11          28   6.8241575573584273E-013
          11          29   7.2754886270131893E-015
          12           1   3.8826385617409779E-015
          12           2   1.0092307544554973E-014
          12           3  -3.2050750873234019E-014
          12           4  0.11094386902071822     
          12           5   8.8826515844237629E-014
          12           6  -1.6299891332999975E-013
          12           7   1.0127836073304208E-013
          12           8 -0.27314100468664254     
          12           9  -1.8290924421345204E-013
          12          10  -3.6657568123910649E-014
          12          11  -3.2922448663010720E-014
          12          12   3.5705487014841289E-002
          12          13   7.6483970427208041E-015
          12          14  -1.0331473315190200E-013
          12          15  -5.9472066239644777E-014
          12          16  -1.8774127334313762E-002
          12          17   3.5887958855140248E-014
          12          18  -2.2808954304310880E-014
          12          19   2.0714594477565887E-011
          12          20  -2.4125400159114619E-014
          12          21  -1.5516342900494887E-011
          12          22   2.3118353024180804E-012
          12          23  -4.9136869286153508E-014
          12          24  -7.0185897097663936E-014
          12          25   2.7709599285073352E-012
          12          26   1.0179456467830889E-014
          12          27  -2.1520251169998816E-012
          12          28   5.1901424415997437E-013
          12          29   3.3599603005778392E-014
          13           1  -1.7540894676910969E-014
          13           2  -5.9609188958851171E-014
          13           3  -1.3033584617238520E-013
          13           4  -2.5921972738991886E-014
          13           5  0.11094386902048636     
          13           6   1.1628131077348618E-013
          13           7   3.9361396093258442E-013
          13           8   8.6618212323584970E-014
          13           9 -0.27314100468587976     
          13          10  -1.7421576343626881E-015
          13          11  -1.3498749384209918E-014
          13          12   7.6483970427208041E-015
          13          13   3.5705487014720906E-002
          13          14  -3.6666060915423615E-014
          13          15  -1.2989121368240378E-013
          13          16  -2.9729043529930274E-014
          13          17  -1.8774127334237698E-002
          13          18   1.5970243052520443E-013
          13          19   3.3359375082423982E-011
          13          20  -6.3446462272701759E-014
          13          21  -2.5388923947625235E-011
          13          22   5.8079484822441591E-012
          13          23  -1.2032875892343004E-013
          13          24  -1.9953330332151815E-014
          13          25   4.5399859782458434E-012
          13          26   5.4391395103747228E-014
          13          27  -3.5182071670233081E-012
          13          28   7.7150112893217251E-013
          13          29   1.2124994381288001E-014
          14           1  -1.6934562823833946E-002
          14           2  -6.5225882367191984E-002
          14           3  -1.3398964541397418E-013
          14           4  -4.6225693439106251E-013
          14           5  -1.5930936763678450E-013
          14           6  0.24021346117044939     
          14           7   3.6826615215411287E-013
          14           8   1.3116716212242803E-012
          14           9   4.9705416085123029E-013
          14          10   3.3458808143533462E-002
          14          11  -2.9785380003823322E-014
          14          12  -1.0331473315190200E-013
          14          13  -3.6666060915423615E-014
          14          14   2.5851198464010922E-002
          14          15   1.5449469702164714E-014
          14          16   5.7025522796847556E-014
          14          17   2.0694283422609997E-014
          14          18   2.8223721350922638E-002
          14          19   6.9765749922016705E-011
          14          20   2.8223721350990737E-002
          14          21  -5.5551603331970004E-011
          14          22   4.6118823056158116E-012
          14          23   2.8223721350856348E-002
          14          24   8.8529286457022474E-002
          14          25   9.4884165870302552E-012
          14          26   8.8529286457032674E-002
          14          27  -7.2765209704600276E-012
          14          28   2.2462235203696450E-012
          14          29   8.8529286457015563E-002
          15           1   2.7980909771497591E-016
          15           2   9.7272699008773514E-015
          15           3  -5.9066399876125726E-002
          15           4  -2.7960316342708731E-013
          15           5  -6.2297042498693946E-013
          15           6  -2.8009005818249017E-014
          15           7  0.14468712072546017     
          15           8   8.0518924840635466E-013
          15           9   1.8473660092525161E-012
          15          10   1.6792638363006332E-014
          15          11  -1.8774127334324549E-002
          15          12  -5.9472066239644777E-014
          15          13  -1.2989121368240378E-013
          15          14   1.5449469702164714E-014
          15          15   9.8769736967380620E-003
          15          16   1.1851845635998997E-014
          15          17   8.7023541149307922E-014
          15          18  -2.0613528598507140E-014
          15          19   2.1090739455220370E-011
          15          20  -1.9985244337824517E-014
          15          21  -1.6110817495195144E-011
          15          22   5.4930449108594664E-012
          15          23   3.6113869967663917E-014
          15          24  -1.0346496317327490E-014
          15          25   2.8754275244654654E-012
          15          26  -2.3859728656040821E-014
          15          27  -2.2432627259944818E-012
          15          28   2.9590981316797570E-013
          15          29  -7.6962900287127639E-015
          16           1  -9.4106432446519921E-016
          16           2  -4.6974611309558977E-015
          16           3   1.8125431694055314E-013
          16           4  -5.9066399876093058E-002
          16           5  -1.5973247094788675E-013
          16           6   8.7758247043859029E-014
          16           7  -5.3219494792965609E-013
          16           8  0.14468712072540788     
          16           9   4.2174770846737959E-013
          16          10   2.0171822273112097E-014
          16          11   5.6045443983300444E-014
          16          12  -1.8774127334313762E-002
          16          13  -2.9729043529930274E-014
          16          14   5.7025522796847556E-014
          16          15   1.1851845635998997E-014
          16          16   9.8769736967336142E-003
          16          17  -5.7029023770875729E-015
          16          18  -3.5046810004579249E-015
          16          19  -5.1559194076284426E-011
          16          20   3.5732866379102056E-014
          16          21   3.9612552719201708E-011
          16          22  -8.2599078841528392E-012
          16          23   2.1941077374237937E-014
          16          24   3.8750585233375008E-014
          16          25  -6.9831249343490851E-012
          16          26  -2.8342506456061557E-015
          16          27   5.4191350687124070E-012
          16          28  -1.1671958164730443E-012
          16          29  -1.8407982741031705E-014
          17           1   8.4042805732440864E-015
          17           2   3.0573273102713893E-014
          17           3  -5.5515488075641333E-014
          17           4   1.9075279544586416E-013
          17           5  -5.9066399875930160E-002
          17           6  -6.2713875030862026E-014
          17           7   1.4221609998328907E-013
          17           8  -5.5275575772872806E-013
          17           9  0.14468712072486239     
          17          10   1.4578897318405071E-015
          17          11  -2.0906454102481375E-014
          17          12   3.5887958855140248E-014
          17          13  -1.8774127334237698E-002
          17          14   2.0694283422609997E-014
          17          15   8.7023541149307922E-014
          17          16  -5.7029023770875729E-015
          17          17   9.8769736966863517E-003
          17          18  -6.0243984579833673E-014
          17          19  -1.1240839115834012E-011
          17          20   2.6047570539232535E-014
          17          21   8.4031609547494454E-012
          17          22  -2.6159007776306414E-012
          17          23   4.9372962710186203E-014
          17          24   1.4384492393769652E-014
          17          25  -1.5304039803102636E-012
          17          26  -2.7366455173429422E-014
          17          27   1.2065419914569994E-012
          17          28  -1.8143748229552059E-013
          17          29  -6.7631670303250189E-015
          18           1   9.9334143989754070E-002
          18           2  0.16392259164998024     
          18           3   2.0864621872900972E-013
          18           4   1.8747696758027994E-013
          18           5   1.6624432487726978E-013
          18           6  0.25739339857569549     
          18           7  -7.4315859444930864E-013
          18           8  -6.9199489645525609E-013
          18           9  -3.5430391655282054E-013
          18          10   3.2018883267205117E-002
          18          11   5.4283839575503786E-014
          18          12  -2.2808954304310880E-014
          18          13   1.5970243052520443E-013
          18          14   2.8223721350922638E-002
          18          15  -2.0613528598507140E-014
          18          16  -3.5046810004579249E-015
          18          17  -6.0243984579833673E-014
          18          18   2.0105385295202032     
          18          19   2.1848970318011345E-011
          18          20 -0.91909583710976051     
          18          21  -2.5399753076076955E-011
          18          22  -5.9113573758840893E-011
          18          23 -0.91909583710987564     
          18          24  0.13328407039798584     
          18          25   2.9761154946947397E-012
          18          26   9.1045924642304280E-002
          18          27  -1.1599153140504373E-012
          18          28   5.2433311182211974E-012
          18          29   9.1045924642298021E-002
          19           1   2.1987994779584539E-012
          19           2   1.0630414256981532E-011
          19           3   2.3843123921980677E-012
          19           4   2.7020756776766685E-012
          19           5   6.3788518188012501E-012
          19           6  -3.0084266062623539E-011
          19           7  -7.9182279451220397E-013
          19           8  -4.6900908547265063E-012
          19           9  -2.2766007026044022E-011
          19          10   4.9389897244121415E-011
          19          11   2.2334562685911391E-011
          19          12   2.0714594477565887E-011
          19          13   3.3359375082423982E-011
          19          14   6.9765749922016705E-011
          19          15   2.1090739455220370E-011
          19          16  -5.1559194076284426E-011
          19          17  -1.1240839115834012E-011
          19          18   2.1848970318011345E-011
          19          19   1.9525485892740426     
          19          20   2.7466575117350995E-010
          19          21   7.3322624014037072E-012
          19          22  -4.1124031263700352E-012
          19          23  -3.1130603057572497E-010
          19          24   2.9086819687259619E-012
          19          25   3.0342999611844182E-002
          19          26   2.3859633127841388E-011
          19          27  -2.3271824720647043E-011
          19          28   1.0041745701020020E-011
          19          29  -7.8388650320858729E-011
          20           1   9.9334143989750101E-002
          20           2  0.16392259164998485     
          20           3   2.7070578677133511E-014
          20           4  -5.1050786323908789E-013
          20           5  -5.0307825967499890E-013
          20           6  0.25739339857636595     
          20           7  -2.3079092474076077E-013
          20           8   1.3088727406490118E-012
          20           9   1.6697952468380051E-012
          20          10   3.2018883267302033E-002
          20          11   1.1159213560860814E-014
          20          12  -2.4125400159114619E-014
          20          13  -6.3446462272701759E-014
          20          14   2.8223721350990737E-002
          20          15  -1.9985244337824517E-014
          20          16   3.5732866379102056E-014
          20          17   2.6047570539232535E-014
          20          18 -0.91909583710976051     
          20          19   2.7466575117350995E-010
          20          20   2.0105385295206624     
          20          21  -2.0255396200664070E-010
          20          22   1.2124931372655094E-010
          20          23 -0.91909583710962450     
          20          24   9.1045924642371656E-002
          20          25   3.7300695199994659E-011
          20          26  0.13328407039804638     
          20          27  -3.0177586855242684E-011
          20          28   4.5462570732350373E-013
          20          29   9.1045924642411694E-002
          21           1  -1.7467253423792152E-012
          21           2  -8.6495745980092482E-012
          21           3  -2.3509909813152990E-012
          21           4  -1.3894674694454786E-012
          21           5  -5.8712364692445285E-012
          21           6   1.9304241225820662E-011
          21           7   1.9473329626607098E-012
          21           8   1.3884729984967723E-012
          21           9   2.0718916580841352E-011
          21          10  -4.0016206007471646E-011
          21          11  -1.7652795338522240E-011
          21          12  -1.5516342900494887E-011
          21          13  -2.5388923947625235E-011
          21          14  -5.5551603331970004E-011
          21          15  -1.6110817495195144E-011
          21          16   3.9612552719201708E-011
          21          17   8.4031609547494454E-012
          21          18  -2.5399753076076955E-011
          21          19   7.3322624014037072E-012
          21          20  -2.0255396200664070E-010
          21          21   1.9525485892466732     
          21          22   5.6246812765042628E-012
          21          23   2.3425843857454850E-010
          21          24  -1.7364354683157401E-012
          21          25   9.4445434478215852E-012
          21          26  -2.0781304416020274E-011
          21          27   3.0342999637728255E-002
          21          28  -7.9912691047460090E-012
          21          29   6.1160498991836990E-011
          22           1   3.1901542083109647E-013
          22           2   3.6391599575233510E-013
          22           3  -1.7400496789890442E-012
          22           4   4.3808051463710413E-012
          22           5  -2.3434888549875787E-012
          22           6  -2.5069650654092894E-011
          22           7   4.9565601600264256E-012
          22           8  -1.3237066912143523E-011
          22           9   8.2386603871434397E-012
          22          10   1.4446031189829161E-012
          22          11   1.1862746982928881E-012
          22          12   2.3118353024180804E-012
          22          13   5.8079484822441591E-012
          22          14   4.6118823056158116E-012
          22          15   5.4930449108594664E-012
          22          16  -8.2599078841528392E-012
          22          17  -2.6159007776306414E-012
          22          18  -5.9113573758840893E-011
          22          19  -4.1124031263700352E-012
          22          20   1.2124931372655094E-010
          22          21   5.6246812765042628E-012
          22          22   1.9525485892638144     
          22          23  -8.9256948938881512E-011
          22          24   2.0447953625216235E-012
          22          25  -2.0382838754511821E-012
          22          26  -7.0079626096648989E-012
          22          27  -2.6740155228638911E-012
          22          28   3.0342999620714822E-002
          22          29  -1.0539651377938313E-011
          23           1   9.9334143989755583E-002
          23           2  0.16392259164997619     
          23           3  -3.5560853696202847E-013
          23           4  -3.2364632078151871E-013
          23           5   4.1564745308165510E-013
          23           6  0.25739339857605736     
          23           7   9.5872369879858084E-013
          23           8   7.6766450544211471E-013
          23           9  -1.0247342226920108E-012
          23          10   3.2018883267159050E-002
          23          11  -6.2440650454653413E-014
          23          12  -4.9136869286153508E-014
          23          13  -1.2032875892343004E-013
          23          14   2.8223721350856348E-002
          23          15   3.6113869967663917E-014
          23          16   2.1941077374237937E-014
          23          17   4.9372962710186203E-014
          23          18 -0.91909583710987564     
          23          19  -3.1130603057572497E-010
          23          20 -0.91909583710962450     
          23          21   2.3425843857454850E-010
          23          22  -8.9256948938881512E-011
          23          23   2.0105385295204621     
          23          24   9.1045924642381121E-002
          23          25  -4.2266520547903507E-011
          23          26   9.1045924642321155E-002
          23          27   3.3155574677145904E-011
          23          28  -3.6230933818454652E-012
          23          29  0.13328407039802215     
          24           1  -2.9569342990329404E-002
          24           2 -0.12878842563221338     
          24           3   7.9207235110148784E-014
          24           4  -2.6433930860687189E-013
          24           5  -1.5777662697091016E-013
          24           6  0.70436809815665891     
          24           7  -1.8662368661109250E-013
          24           8   7.9577416032642575E-013
          24           9   4.8204296369082184E-013
          24          10  0.10338636162277247     
          24          11   1.4900633013825110E-014
          24          12  -7.0185897097663936E-014
          24          13  -1.9953330332151815E-014
          24          14   8.8529286457022474E-002
          24          15  -1.0346496317327490E-014
          24          16   3.8750585233375008E-014
          24          17   1.4384492393769652E-014
          24          18  0.13328407039798584     
          24          19   2.9086819687259619E-012
          24          20   9.1045924642371656E-002
          24          21  -1.7364354683157401E-012
          24          22   2.0447953625216235E-012
          24          23   9.1045924642381121E-002
          24          24  0.34244228628892082     
          24          25   4.0028837789879142E-013
          24          26  0.30443058142747242     
          24          27  -3.0920117792433510E-013
          24          28  -1.9206246533275140E-013
          24          29  0.30443058142747009     
          25           1   2.9867703760193653E-013
          25           2   1.4435672846965540E-012
          25           3   2.6594231010475101E-013
          25           4   1.6997871007130855E-013
          25           5   9.0575893761388724E-013
          25           6  -4.0678040863573457E-012
          25           7   1.3671960057081523E-013
          25           8  -5.7787340338007913E-014
          25           9  -3.1851812663193367E-012
          25          10   6.7190468308495284E-012
          25          11   3.0182617346142491E-012
          25          12   2.7709599285073352E-012
          25          13   4.5399859782458434E-012
          25          14   9.4884165870302552E-012
          25          15   2.8754275244654654E-012
          25          16  -6.9831249343490851E-012
          25          17  -1.5304039803102636E-012
          25          18   2.9761154946947397E-012
          25          19   3.0342999611844182E-002
          25          20   3.7300695199994659E-011
          25          21   9.4445434478215852E-012
          25          22  -2.0382838754511821E-012
          25          23  -4.2266520547903507E-011
          25          24   4.0028837789879142E-013
          25          25   2.4209025848351114E-002
          25          26   3.2475070894228186E-012
          25          27  -2.0292285062503308E-012
          25          28   1.0803881017084841E-012
          25          29  -1.0654105676433915E-011
          26           1  -2.9569342990336204E-002
          26           2 -0.12878842563222470     
          26           3   1.5875414381807534E-013
          26           4  -8.0153742828225995E-015
          26           5   1.4163158634304615E-013
          26           6  0.70436809815663504     
          26           7  -4.7959485878466906E-013
          26           8   9.9498357140117175E-014
          26           9  -4.3024809484056652E-013
          26          10  0.10338636162278519     
          26          11   3.6912326993347462E-014
          26          12   1.0179456467830889E-014
          26          13   5.4391395103747228E-014
          26          14   8.8529286457032674E-002
          26          15  -2.3859728656040821E-014
          26          16  -2.8342506456061557E-015
          26          17  -2.7366455173429422E-014
          26          18   9.1045924642304280E-002
          26          19   2.3859633127841388E-011
          26          20  0.13328407039804638     
          26          21  -2.0781304416020274E-011
          26          22  -7.0079626096648989E-012
          26          23   9.1045924642321155E-002
          26          24  0.30443058142747242     
          26          25   3.2475070894228186E-012
          26          26  0.34244228628894663     
          26          27  -2.3583185452350030E-012
          26          28   1.7471170249626721E-012
          26          29  0.30443058142746615     
          27           1  -2.3745561594274739E-013
          27           2  -1.1322267430588396E-012
          27           3  -4.2729263712886273E-013
          27           4  -6.7807591352965360E-013
          27           5  -9.4518161586265412E-013
          27           6   3.4758106669193286E-012
          27           7   5.5708346564563293E-013
          27           8   1.6198470319563572E-012
          27           9   3.2224292194979431E-012
          27          10  -5.1742104067784227E-012
          27          11  -2.3517830914298099E-012
          27          12  -2.1520251169998816E-012
          27          13  -3.5182071670233081E-012
          27          14  -7.2765209704600276E-012
          27          15  -2.2432627259944818E-012
          27          16   5.4191350687124070E-012
          27          17   1.2065419914569994E-012
          27          18  -1.1599153140504373E-012
          27          19  -2.3271824720647043E-011
          27          20  -3.0177586855242684E-011
          27          21   3.0342999637728255E-002
          27          22  -2.6740155228638911E-012
          27          23   3.3155574677145904E-011
          27          24  -3.0920117792433510E-013
          27          25  -2.0292285062503308E-012
          27          26  -2.3583185452350030E-012
          27          27   2.4209025855852856E-002
          27          28  -1.6081348492378857E-012
          27          29   8.2293526144199550E-012
          28           1   6.6681862505254888E-014
