           1           1   2.0988780885070639     
           1           2 -0.22047276656708287     
           1           3  -9.2444499853637183E-015
           1           4  -2.6749979023747796E-014
           1           5   6.7568447678128795E-014
           1           6 -0.27418714571135760     
           1           7  -1.2656555710297528E-014
           1           8  -2.6347699275688251E-014
           1           9   4.9508509347714904E-014
           2           1 -0.22047276656708287     
           2           2  0.58643055694650426     
           2           3   3.9902852484665203E-015
           2           4   2.8602110216192447E-014
           2           5  -7.3669476644445638E-014
           2           6  0.59538424857975880     
           2           7   7.2780568510665521E-015
           2           8   2.6336504098978324E-014
           2           9  -5.5064555469898404E-014
           3           1  -9.2444499853637183E-015
           3           2   3.9902852484665203E-015
           3           3  0.90512064018386418     
           3           4   9.1411430300950683E-002
           3           5   3.6227383306922566E-002
           3           6   2.6261548495102930E-014
           3           7  0.61776111622288354     
           3           8   6.9612926177941001E-002
           3           9   2.7588389673663997E-002
           4           1  -2.6749979023747796E-014
           4           2   2.8602110216192447E-014
           4           3   9.1411430300950683E-002
           4           4  0.57877117135924394     
           4           5 -0.13879202662623252     
           4           6   5.1458176830697553E-014
           4           7   6.9612926177970838E-002
           4           8  0.36923484979490312     
           4           9 -0.10569486848436449     
           5           1   6.7568447678128795E-014
           5           2  -7.3669476644445638E-014
           5           3   3.6227383306922566E-002
           5           4 -0.13879202662623252     
           5           5  0.87397592899003729     
           5           6  -1.1740946350700888E-013
           5           7   2.7588389673590698E-002
           5           8 -0.10569486848433376     
           5           9  0.59404335495349203     
           6           1 -0.27418714571135760     
           6           2  0.59538424857975880     
           6           3   2.6261548495102930E-014
           6           4   5.1458176830697553E-014
           6           5  -1.1740946350700888E-013
           6           6  0.60737251917768664     
           6           7   2.2301234846618078E-014
           6           8   4.1684338608313231E-014
           6           9  -8.3904505454924716E-014
           7           1  -1.2656555710297528E-014
           7           2   7.2780568510665521E-015
           7           3  0.61776111622288354     
           7           4   6.9612926177970838E-002
           7           5   2.7588389673590698E-002
           7           6   2.2301234846618078E-014
           7           7  0.42210671898352881     
           7           8   5.2086112600329221E-002
           7           9   2.0642315298301211E-002
           8           1  -2.6347699275688251E-014
           8           2   2.6336504098978324E-014
           8           3   6.9612926177941001E-002
           8           4  0.36923484979490312     
           8           5 -0.10569486848433376     
           8           6   4.1684338608313231E-014
           8           7   5.2086112600329221E-002
           8           8  0.23615322143582376     
           8           9  -7.9083513988207926E-002
           9           1   4.9508509347714904E-014
           9           2  -5.5064555469898404E-014
           9           3   2.7588389673663997E-002
           9           4 -0.10569486848436449     
           9           5  0.59404335495349203     
           9           6  -8.3904505454924716E-014
           9           7   2.0642315298301211E-002
           9           8  -7.9083513988207926E-002
           9           9  0.40436050356158260     
