           1           1   2.1043238880258133     
           1           2 -0.26914441437988101     
           1           3   2.6352525163019534E-016
           1           4   6.6503744741730038E-016
           1           5   6.1309837052719963E-016
           1           6 -0.23570427938209576     
           1           7  -6.7971383717196290E-016
           1           8  -1.7341362624180934E-016
           1           9   8.1370474363348260E-016
           2           1 -0.26914441437988101     
           2           2  0.80399805240114786     
           2           3  -4.6753324060150440E-016
           2           4  -2.6408671845598148E-015
           2           5  -2.7061224731747394E-015
           2           6  0.55318599609823316     
           2           7   2.2320072898001530E-015
           2           8   8.2093078781539196E-017
           2           9  -5.1435844434488713E-016
           3           1   2.6352525163019534E-016
           3           2  -4.6753324060150440E-016
           3           3  0.96425512844195582     
           3           4   8.2978151910229100E-002
           3           5  0.19658689767828677     
           3           6   1.3817514365973962E-016
           3           7  0.32676395896613547     
           3           8   6.2764365542886891E-002
           3           9  0.14869759837710972     
           4           1   6.6503744741730038E-016
           4           2  -2.6408671845598148E-015
           4           3   8.2978151910229100E-002
           4           4   1.1748875255859614     
           4           5  -6.8140441063134438E-002
           4           6  -1.9810100651233067E-015
           4           7   6.2764365542886766E-002
           4           8  0.48608552090961343     
           4           9  -5.1541176233557362E-002
           5           1   6.1309837052719963E-016
           5           2  -2.7061224731747394E-015
           5           3  0.19658689767828677     
           5           4  -6.8140441063134438E-002
           5           5   1.0422149211291696     
           5           6  -2.1866649718729785E-015
           5           7  0.14869759837711022     
           5           8  -5.1541176233558056E-002
           5           9  0.38573245625397035     
           6           1 -0.23570427938209576     
           6           2  0.55318599609823316     
           6           3   1.3817514365973962E-016
           6           4  -1.9810100651233067E-015
           6           5  -2.1866649718729785E-015
           6           6  0.45936874747783613     
           6           7   2.8431779044826230E-015
           6           8  -3.4150132294974901E-016
           6           9  -2.9841164323133643E-016
           7           1  -6.7971383717196290E-016
           7           2   2.2320072898001530E-015
           7           3  0.32676395896613547     
           7           4   6.2764365542886766E-002
           7           5  0.14869759837711022     
           7           6   2.8431779044826230E-015
           7           7  0.15203489923749522     
           7           8   4.7474732701482447E-002
           7           9  0.11247431046653354     
           8           1  -1.7341362624180934E-016
           8           2   8.2093078781539196E-017
           8           3   6.2764365542886891E-002
           8           4  0.48608552090961343     
           8           5  -5.1541176233558056E-002
           8           6  -3.4150132294974901E-016
           8           7   4.7474732701482447E-002
           8           8  0.27254513623942822     
           8           9  -3.8985554042383769E-002
           9           1   8.1370474363348260E-016
           9           2  -5.1435844434488713E-016
           9           3  0.14869759837710972     
           9           4  -5.1541176233557362E-002
           9           5  0.38573245625397035     
           9           6  -2.9841164323133643E-016
           9           7  0.11247431046653354     
           9           8  -3.8985554042383769E-002
           9           9  0.19663845130614677     
