           1           1   2.2278586080883729     
           1           2  0.83859030155295211     
           1           3   5.8405783456731982E-014
           1           4  -1.4582345625278625E-014
           1           5  -5.7735379874692355E-015
           1           6  0.19358204315031879     
           1           7  -8.9409357470736507E-015
           1           8   5.1471573080798837E-015
           1           9  -2.8134811463469223E-015
           1          10   1.7233319516735294E-002
           1          11   2.2859604726664036E-015
           1          12  -1.2391971461201078E-015
           1          13   1.3590109880485683E-015
           1          14  -7.3435009915623368E-003
           1          15  -9.0516678368908288E-015
           1          16   1.5498080166257264E-016
           1          17   1.7381903609668801E-015
           1          18  0.23806441052006583     
           1          19  -3.2148380417253347E-005
           1          20  0.23759600268772146     
           1          21  -6.9606268212457585E-005
           1          22  -3.2927324459693141E-006
           1          23  0.23760135111153802     
           1          24  -2.2886780156606897E-002
           1          25   7.0096202688310378E-005
           1          26  -2.1845030095074519E-002
           1          27   1.5170367146326752E-004
           1          28   7.4956877008140138E-006
           1          29  -2.1856921111109075E-002
           2           1  0.83859030155295211     
           2           2   3.0414355098282106     
           2           3   1.7681564960009502E-013
           2           4  -2.6873986606436334E-014
           2           5  -1.7098678669750733E-014
           2           6   8.4303913217048443E-002
           2           7  -6.9378853686922087E-015
           2           8   2.4264880585229925E-015
           2           9   3.5200247874024174E-016
           2          10   4.1838275169220271E-002
           2          11   2.3486982526945887E-015
           2          12  -8.0232561423922961E-016
           2          13   4.2115159802358223E-015
           2          14  -4.0483995781686766E-002
           2          15  -4.7733829362572405E-015
           2          16   1.1975459427864029E-015
           2          17  -2.0616715131752826E-015
           2          18  0.68308775711279268     
           2          19  -1.2404509742748219E-004
           2          20  0.68128737044039944     
           2          21  -2.6858235270623088E-004
           2          22  -1.2679365435122313E-005
           2          23  0.68130792733992229     
           2          24 -0.14707705214014738     
           2          25   2.7467202655224229E-004
           2          26 -0.14299376768426381     
           2          27   5.9445428320970570E-004
           2          28   2.9355819628673830E-005
           2          29 -0.14304037598719432     
           3           1   5.8405783456731982E-014
           3           2   1.7681564960009502E-013
           3           3   2.2954571673403308     
           3           4   2.8868276096601780E-006
           3           5   6.2399572668290701E-006
           3           6  -1.7963824404040873E-013
           3           7 -0.83707905025017593     
           3           8  -9.4388660120681145E-006
           3           9  -2.0402038213339704E-005
           3          10   2.7111193904050959E-014
           3          11   8.2682878710023527E-002
           3          12   2.6443676518058930E-005
           3          13   5.7155149577986638E-005
           3          14   2.7310182545370446E-014
           3          15  -4.2113378827711150E-002
           3          16  -1.3617191389620354E-005
           3          17  -2.9431533885113863E-005
           3          18  -8.4996698389546210E-014
           3          19   3.6852996061654886E-015
           3          20  -9.3967711700974598E-014
           3          21   8.5894636111007275E-015
           3          22   1.9295179722339058E-014
           3          23  -4.6588792835522719E-014
           3          24  -8.5427572677744906E-015
           3          25   1.5156440054112380E-014
           3          26  -3.5468904548103991E-014
           3          27   2.1584659018356448E-014
           3          28   9.2692156334718498E-015
           3          29  -1.9447355252224745E-014
           4           1  -1.4582345625278625E-014
           4           2  -2.6873986606436334E-014
           4           3   2.8868276096601780E-006
           4           4   2.2955088933545147     
           4           5   3.4640639891975189E-007
           4           6   1.8563138571041770E-014
           4           7  -9.4388660341060415E-006
           4           8 -0.83724817093457027     
           4           9  -1.1335606760198846E-006
           4          10   1.4741232944706260E-014
           4          11   2.6443676528231782E-005
           4          12   8.3156654681684858E-002
           4          13   3.1885712313047682E-006
           4          14   1.8203120516643489E-014
           4          15  -1.3617191389568312E-005
           4          16  -4.2357344283266311E-002
           4          17  -1.6446292380994237E-006
           4          18   2.1033004988859222E-014
           4          19   7.8711892885264604E-016
           4          20  -3.0445805984980611E-015
           4          21   3.0780345906819166E-015
           4          22  -1.0490026436572896E-014
           4          23   1.5053520439691098E-015
           4          24  -1.1414603662995501E-015
           4          25  -7.0127878182243069E-015
           4          26   1.3482205399079165E-014
           4          27   8.0841157854263861E-016
           4          28   3.6808453264263985E-015
           4          29   4.1428216044552374E-015
           5           1  -5.7735379874692355E-015
           5           2  -1.7098678669750733E-014
           5           3   6.2399572668290701E-006
           5           4   3.4640639891975189E-007
           5           5   2.2955083035439254     
           5           6   2.4804192486474107E-014
           5           7  -2.0402038204289652E-005
           5           8  -1.1335606953100097E-006
           5           9 -0.83724624249996493     
           5          10  -6.8801780821936637E-015
           5          11   5.7155149599174334E-005
           5          12   3.1885712277000128E-006
           5          13   8.3151252350215588E-002
           5          14  -6.5618190817040405E-015
           5          15  -2.9431533927688097E-005
           5          16  -1.6446292219829753E-006
           5          17  -4.2354562415173540E-002
           5          18   1.1958039614076181E-014
           5          19   2.1913501822954854E-015
           5          20   1.1558095238959468E-014
           5          21  -4.8162715869296123E-015
           5          22  -6.2281940951861822E-015
           5          23   5.6818117262966732E-015
           5          24   1.5399654240856318E-015
           5          25  -2.3254872000494998E-015
           5          26   2.5763633837909966E-015
           5          27  -2.2139668668129409E-015
           5          28  -2.0316988796990161E-015
           5          29   2.0243500689438476E-015
           6           1  0.19358204315031879     
           6           2   8.4303913217048443E-002
           6           3  -1.7963824404040873E-013
           6           4   1.8563138571041770E-014
           6           5   2.4804192486474107E-014
           6           6   1.6862215980868249     
           6           7   4.3566363331428672E-015
           6           8  -6.4733171191827217E-015
           6           9  -3.4563184875515438E-015
           6          10 -0.20849958682772884     
           6          11  -1.8964278990497381E-015
           6          12  -7.3933485061106148E-015
           6          13   5.6584802156145790E-015
           6          14   4.7171802398793192E-002
           6          15   4.8116771823320352E-015
           6          16   4.0724430891287873E-015
           6          17   2.7227390615740961E-015
           6          18 -0.11583883975340950     
           6          19   3.1210582716343326E-004
           6          20 -0.11131975385032367     
           6          21   6.7591501392472392E-004
           6          22   3.1208932058377544E-005
           6          23 -0.11137136146408226     
           6          24  0.35164955725741431     
           6          25  -7.9569793855342567E-004
           6          26  0.33978477635319543     
           6          27  -1.7218861582649900E-003
           6          28  -8.5955613379033708E-005
           6          29  0.33992019445818900     
           7           1  -8.9409357470736507E-015
           7           2  -6.9378853686922087E-015
           7           3 -0.83707905025017593     
           7           4  -9.4388660341060415E-006
           7           5  -2.0402038204289652E-005
           7           6   4.3566363331428672E-015
           7           7   2.3682399597661470     
           7           8   3.0234640304854787E-005
           7           9   6.5351371212864218E-005
           7          10   4.0890025767918902E-016
           7          11 -0.19994898500300556     
           7          12  -7.4344692531425061E-005
           7          13  -1.6068703399902112E-004
           7          14  -3.5346469161802776E-015
           7          15  0.10230228672392552     
           7          16   3.8327955569206554E-005
           7          17   8.2839631962858696E-005
           7          18  -1.0641959642971816E-014
           7          19   1.9535680034313125E-015
           7          20  -6.4270891009313444E-016
           7          21   5.0153051696802991E-015
           7          22  -2.4587462310610683E-015
           7          23   6.8308481700783746E-015
           7          24  -2.1324294644541865E-016
           7          25   4.5560545379554685E-015
           7          26   1.0126422978256203E-015
           7          27  -3.8599880730777558E-016
           7          28  -4.2791014680889160E-015
           7          29   1.2432948948502099E-015
           8           1   5.1471573080798837E-015
           8           2   2.4264880585229925E-015
           8           3  -9.4388660120681145E-006
           8           4 -0.83724817093457027     
           8           5  -1.1335606953100097E-006
           8           6  -6.4733171191827217E-015
           8           7   3.0234640304854787E-005
           8           8   2.3687816822032279     
           8           9   3.6338066269347991E-006
           8          10  -1.8871319607633850E-015
           8          11  -7.4344692535363750E-005
           8          12 -0.20128096521406980     
           8          13  -8.9692162075147297E-006
           8          14  -1.2167843635518202E-015
           8          15   3.8327955574306641E-005
           8          16  0.10298896423199322     
           8          17   4.6317160531036961E-006
           8          18  -1.6604065810489641E-014
           8          19  -7.6622710764516314E-015
           8          20   8.5699801120732736E-015
           8          21   3.9453100562419116E-016
           8          22  -4.3484646062156153E-015
           8          23   9.9799094397511643E-015
           8          24  -2.6015259675823474E-015
           8          25   1.0816600043526739E-015
           8          26   1.8206839943156193E-017
           8          27  -3.9728221674499445E-016
           8          28   1.9193658959071808E-015
           8          29   1.6670647578396628E-015
           9           1  -2.8134811463469223E-015
           9           2   3.5200247874024174E-016
           9           3  -2.0402038213339704E-005
           9           4  -1.1335606760198846E-006
           9           5 -0.83724624249996493     
           9           6  -3.4563184875515438E-015
           9           7   6.5351371212864218E-005
           9           8   3.6338066269347991E-006
           9           9   2.3687755050975947     
           9          10   2.8686675488849713E-016
           9          11  -1.6068703400349063E-004
           9          12  -8.9692162054226532E-006
           9          13 -0.20126577702578963     
           9          14   5.2410850408045612E-016
           9          15   8.2839631964794214E-005
           9          16   4.6317160524826650E-006
           9          17  0.10298113424533620     
           9          18  -3.9753249485396536E-015
           9          19  -7.1777627913746213E-015
           9          20   4.1053826014640383E-015
           9          21   8.3373248594417589E-015
           9          22   1.3957204614135469E-014
           9          23   2.0767833357708354E-015
           9          24  -6.0107482818221415E-016
           9          25   2.6349511359453194E-015
           9          26   5.8317041273062713E-016
           9          27  -5.6924899104861990E-016
           9          28   1.1430019611286044E-015
           9          29   1.7232020044611173E-016
          10           1   1.7233319516735294E-002
          10           2   4.1838275169220271E-002
          10           3   2.7111193904050959E-014
          10           4   1.4741232944706260E-014
          10           5  -6.8801780821936637E-015
          10           6 -0.20849958682772884     
          10           7   4.0890025767918902E-016
          10           8  -1.8871319607633850E-015
          10           9   2.8686675488849713E-016
          10          10  0.43416143915059824     
          10          11  -2.2574245037219872E-015
          10          12   8.8227196690318357E-015
          10          13  -2.5193189090888225E-015
          10          14   1.4755192378046152E-002
          10          15  -2.1548532838205181E-015
          10          16  -5.3215527819790715E-015
          10          17  -5.0549207990364636E-015
          10          18  -3.4235696186856943E-003
          10          19  -9.0128906070394263E-004
          10          20  -1.7335879848290207E-002
          10          21  -1.9498518258587805E-003
          10          22  -9.9932784143223801E-005
          10          23  -1.7177062728893723E-002
          10          24 -0.19255996518483223     
          10          25   1.1551917662219393E-003
          10          26 -0.17543302650007969     
          10          27   2.4995868640556068E-003
          10          28   1.2595776625613867E-004
          10          29 -0.17562852489677955     
          11           1   2.2859604726664036E-015
          11           2   2.3486982526945887E-015
          11           3   8.2682878710023527E-002
          11           4   2.6443676528231782E-005
          11           5   5.7155149599174334E-005
          11           6  -1.8964278990497381E-015
          11           7 -0.19994898500300556     
          11           8  -7.4344692535363750E-005
          11           9  -1.6068703400349063E-004
          11          10  -2.2574245037219872E-015
          11          11   1.9455661554790581E-002
          11          12   7.6703057883877610E-006
          11          13   1.6574426516605394E-005
          11          14   1.6086290966158879E-016
          11          15  -9.7814392228822312E-003
          11          16  -4.1041992448549898E-006
          11          17  -8.8685811836563329E-006
          11          18   1.1607562372239780E-014
          11          19  -1.0182787020782459E-015
          11          20  -6.1173509193638804E-015
          11          21  -3.1451642506328045E-015
          11          22   1.7686544055078892E-015
          11          23  -5.1194310821059757E-015
          11          24   2.9032911851788881E-015
          11          25  -8.5813669767088855E-016
          11          26  -9.8479320116796398E-016
          11          27  -5.5861398872810072E-016
          11          28  -3.9584531464071343E-015
          11          29  -6.0292707511936575E-016
          12           1  -1.2391971461201078E-015
          12           2  -8.0232561423922961E-016
          12           3   2.6443676518058930E-005
          12           4   8.3156654681684858E-002
          12           5   3.1885712277000128E-006
          12           6  -7.3933485061106148E-015
          12           7  -7.4344692531425061E-005
          12           8 -0.20128096521406980     
          12           9  -8.9692162054226532E-006
          12          10   8.8227196690318357E-015
          12          11   7.6703057883877610E-006
          12          12   1.9593042607086171E-002
          12          13   9.4471246991716627E-007
          12          14   5.3234409967678509E-016
          12          15  -4.1041992450639969E-006
          12          16  -9.8549485488591167E-003
          12          17  -5.0550538047491878E-007
          12          18  -1.4678905884332631E-014
          12          19  -3.1492716217744206E-016
          12          20   5.6292522873335445E-015
          12          21   7.8186284672949325E-016
          12          22   7.5456296977709421E-015
          12          23   9.5654697761015398E-015
          12          24  -6.0662050137926489E-015
          12          25  -1.9782123146533921E-015
          12          26  -1.7332545045001589E-015
          12          27  -8.6690436190195523E-016
          12          28  -1.5245104742472665E-014
          12          29  -9.0291586549141069E-016
          13           1   1.3590109880485683E-015
          13           2   4.2115159802358223E-015
          13           3   5.7155149577986638E-005
          13           4   3.1885712313047682E-006
          13           5   8.3151252350215588E-002
          13           6   5.6584802156145790E-015
          13           7  -1.6068703399902112E-004
          13           8  -8.9692162075147297E-006
          13           9 -0.20126577702578963     
          13          10  -2.5193189090888225E-015
          13          11   1.6574426516605394E-005
          13          12   9.4471246991716627E-007
          13          13   1.9591476090353898E-002
          13          14  -1.0219627291430162E-016
          13          15  -8.8685811837806638E-006
          13          16  -5.0550538037690690E-007
          13          17  -9.8541103431007190E-003
          13          18   8.0946764192667387E-015
          13          19   1.6154558682406345E-015
          13          20  -3.7399986565341036E-015
          13          21   3.0413731724515073E-017
          13          22  -3.0142247600696677E-015
          13          23  -3.5143745099521255E-015
          13          24   2.5211044774824351E-015
          13          25   1.9826175727517967E-016
          13          26   1.7858975336521870E-016
          13          27   1.8223355200765254E-016
          13          28   1.1073048909849859E-015
          13          29   2.4450252408880054E-016
          14           1  -7.3435009915623368E-003
          14           2  -4.0483995781686766E-002
          14           3   2.7310182545370446E-014
          14           4   1.8203120516643489E-014
          14           5  -6.5618190817040405E-015
          14           6   4.7171802398793192E-002
          14           7  -3.5346469161802776E-015
          14           8  -1.2167843635518202E-015
          14           9   5.2410850408045612E-016
          14          10   1.4755192378046152E-002
          14          11   1.6086290966158879E-016
          14          12   5.3234409967678509E-016
          14          13  -1.0219627291430162E-016
          14          14   5.9061087367865243E-003
          14          15  -1.1659810402860046E-016
          14          16  -3.0454795327421443E-016
          14          17  -1.3166719088176643E-016
          14          18  -2.0886039093890290E-002
          14          19  -6.7218128593854267E-005
          14          20  -2.1938251080340615E-002
          14          21  -1.4532079808360305E-004
          14          22  -7.9311718944454321E-006
          14          23  -2.1926250068109120E-002
          14          24   2.6440598947527795E-002
          14          25   2.7469506828520099E-005
          14          26   2.6839410693950266E-002
          14          27   5.9440289933992871E-005
          14          28   2.9846821750362270E-006
          14          29   2.6834854953225299E-002
          15           1  -9.0516678368908288E-015
          15           2  -4.7733829362572405E-015
          15           3  -4.2113378827711150E-002
          15           4  -1.3617191389568312E-005
          15           5  -2.9431533927688097E-005
          15           6   4.8116771823320352E-015
          15           7  0.10230228672392552     
          15           8   3.8327955574306641E-005
          15           9   8.2839631964794214E-005
          15          10  -2.1548532838205181E-015
          15          11  -9.7814392228822312E-003
          15          12  -4.1041992450639969E-006
          15          13  -8.8685811837806638E-006
          15          14  -1.1659810402860046E-016
          15          15   4.9279698081220371E-003
          15          16   2.1930082160473739E-006
          15          17   4.7387657960877512E-006
          15          18  -8.3744256212348827E-015
          15          19   2.7348832079943202E-015
          15          20  -2.2143545569210518E-016
          15          21   2.8071701402757919E-015
          15          22  -4.3616525926314594E-016
          15          23   4.6857279066986393E-015
          15          24   1.5980257897261421E-017
          15          25   8.4404050141396702E-016
          15          26   1.3907387743344552E-015
          15          27   1.9623587179262906E-016
          15          28   1.0890559673752984E-015
          15          29   2.3847389153127719E-015
          16           1   1.5498080166257264E-016
          16           2   1.1975459427864029E-015
          16           3  -1.3617191389620354E-005
          16           4  -4.2357344283266311E-002
          16           5  -1.6446292219829753E-006
          16           6   4.0724430891287873E-015
          16           7   3.8327955569206554E-005
          16           8  0.10298896423199322     
          16           9   4.6317160524826650E-006
          16          10  -5.3215527819790715E-015
          16          11  -4.1041992448549898E-006
          16          12  -9.8549485488591167E-003
          16          13  -5.0550538037690690E-007
          16          14  -3.0454795327421443E-016
          16          15   2.1930082160473739E-006
          16          16   4.9672481677980104E-003
          16          17   2.7014617684289685E-007
          16          18  -3.9466776885747675E-015
          16          19   1.8772563166226536E-016
          16          20   3.0365380132248186E-015
          16          21  -8.7959407057395934E-016
          16          22   9.6457833908880599E-016
          16          23   1.3250558673108308E-015
          16          24   1.2624949758191130E-015
          16          25   6.1014775851708337E-016
          16          26   2.1897817971743100E-015
          16          27   2.9840747783519712E-017
          16          28   5.1610043439903748E-015
          16          29   1.8095416950436030E-015
          17           1   1.7381903609668801E-015
          17           2  -2.0616715131752826E-015
          17           3  -2.9431533885113863E-005
          17           4  -1.6446292380994237E-006
          17           5  -4.2354562415173540E-002
          17           6   2.7227390615740961E-015
          17           7   8.2839631962858696E-005
          17           8   4.6317160531036961E-006
          17           9  0.10298113424533620     
          17          10  -5.0549207990364636E-015
          17          11  -8.8685811836563329E-006
          17          12  -5.0550538047491878E-007
          17          13  -9.8541103431007190E-003
          17          14  -1.3166719088176643E-016
          17          15   4.7387657960877512E-006
          17          16   2.7014617684289685E-007
          17          17   4.9668002879293674E-003
          17          18   1.7480881803468777E-014
          17          19   1.0699619083059470E-015
          17          20  -6.2585947308142123E-015
          17          21  -1.7046733962318338E-015
          17          22  -3.8356140955223372E-015
          17          23  -1.0866373645812706E-014
          17          24   5.2774061156283614E-015
          17          25   1.4276434210516317E-016
          17          26   8.9499099775315394E-016
          17          27  -1.7515835142405333E-016
          17          28  -9.6143766416063970E-016
          17          29   1.7953986666759343E-017
          18           1  0.23806441052006583     
          18           2  0.68308775711279268     
          18           3  -8.4996698389546210E-014
          18           4   2.1033004988859222E-014
          18           5   1.1958039614076181E-014
          18           6 -0.11583883975340950     
          18           7  -1.0641959642971816E-014
          18           8  -1.6604065810489641E-014
          18           9  -3.9753249485396536E-015
          18          10  -3.4235696186856943E-003
          18          11   1.1607562372239780E-014
          18          12  -1.4678905884332631E-014
          18          13   8.0946764192667387E-015
          18          14  -2.0886039093890290E-002
          18          15  -8.3744256212348827E-015
          18          16  -3.9466776885747675E-015
          18          17   1.7480881803468777E-014
          18          18   2.1157064999579189     
          18          19  -2.0022135551181366E-005
          18          20 -0.73202331104471807     
          18          21  -4.3379568751454217E-005
          18          22  -1.4892247090652674E-005
          18          23 -0.73200073162015311     
          18          24   9.0686499212078442E-003
          18          25   3.4733776659663334E-005
          18          26 -0.12219159129951923     
          18          27   7.5270182707703963E-005
          18          28   1.4774904273905053E-005
          18          29 -0.12221364763959262     
          19           1  -3.2148380417253347E-005
          19           2  -1.2404509742748219E-004
          19           3   3.6852996061654886E-015
          19           4   7.8711892885264604E-016
          19           5   2.1913501822954854E-015
          19           6   3.1210582716343326E-004
          19           7   1.9535680034313125E-015
          19           8  -7.6622710764516314E-015
          19           9  -7.1777627913746213E-015
          19          10  -9.0128906070394263E-004
          19          11  -1.0182787020782459E-015
          19          12  -3.1492716217744206E-016
          19          13   1.6154558682406345E-015
          19          14  -6.7218128593854267E-005
          19          15   2.7348832079943202E-015
          19          16   1.8772563166226536E-016
          19          17   1.0699619083059470E-015
          19          18  -2.0022135551181366E-005
          19          19   1.9005940025096542     
          19          20  -1.4247007292597385E-006
          19          21   1.0144654134928315E-003
          19          22   1.8184290375739338E-002
          19          23  -1.0915265851484263E-004
          19          24   1.3029360321321968E-004
          19          25   8.3304620563383766E-002
          19          26   9.9426659713761572E-005
          19          27  -2.8076231650921487E-003
          19          28  -5.0379984875575878E-002
          19          29   1.8383169277442232E-004
          20           1  0.23759600268772146     
          20           2  0.68128737044039944     
          20           3  -9.3967711700974598E-014
          20           4  -3.0445805984980611E-015
          20           5   1.1558095238959468E-014
          20           6 -0.11131975385032367     
          20           7  -6.4270891009313444E-016
          20           8   8.5699801120732736E-015
          20           9   4.1053826014640383E-015
          20          10  -1.7335879848290207E-002
          20          11  -6.1173509193638804E-015
          20          12   5.6292522873335445E-015
          20          13  -3.7399986565341036E-015
          20          14  -2.1938251080340615E-002
          20          15  -2.2143545569210518E-016
          20          16   3.0365380132248186E-015
          20          17  -6.2585947308142123E-015
          20          18 -0.73202331104471807     
          20          19  -1.4247007292597385E-006
          20          20   2.1154389337440076     
          20          21  -2.3551053138138955E-004
          20          22   7.3551465923375591E-008
          20          23 -0.73370512674762189     
          20          24 -0.12100608172621499     
          20          25   3.2710087169652321E-006
          20          26   1.0809570449963030E-002
          20          27   2.1421640687950184E-004
          20          28  -1.6358035033628744E-007
          20          29 -0.11955577767109712     
          21           1  -6.9606268212457585E-005
          21           2  -2.6858235270623088E-004
          21           3   8.5894636111007275E-015
          21           4   3.0780345906819166E-015
          21           5  -4.8162715869296123E-015
          21           6   6.7591501392472392E-004
          21           7   5.0153051696802991E-015
          21           8   3.9453100562419116E-016
          21           9   8.3373248594417589E-015
          21          10  -1.9498518258587805E-003
          21          11  -3.1451642506328045E-015
          21          12   7.8186284672949325E-016
          21          13   3.0413731724515073E-017
          21          14  -1.4532079808360305E-004
          21          15   2.8071701402757919E-015
          21          16  -8.7959407057395934E-016
          21          17  -1.7046733962318338E-015
          21          18  -4.3379568751454217E-005
          21          19   1.0144654134928315E-003
          21          20  -2.3551053138138955E-004
          21          21   1.8988797747840587     
          21          22   8.4132035390992715E-003
          21          23  -3.5897449585408224E-006
          21          24   2.8238562644645912E-004
          21          25  -2.8076231541853190E-003
          21          26   3.9726653855851415E-004
          21          27   8.8058917896912656E-002
          21          28  -2.3308721856658585E-002
          21          29   2.1635393336749152E-004
          22           1  -3.2927324459693141E-006
          22           2  -1.2679365435122313E-005
          22           3   1.9295179722339058E-014
          22           4  -1.0490026436572896E-014
          22           5  -6.2281940951861822E-015
          22           6   3.1208932058377544E-005
          22           7  -2.4587462310610683E-015
          22           8  -4.3484646062156153E-015
          22           9   1.3957204614135469E-014
          22          10  -9.9932784143223801E-005
          22          11   1.7686544055078892E-015
          22          12   7.5456296977709421E-015
          22          13  -3.0142247600696677E-015
          22          14  -7.9311718944454321E-006
          22          15  -4.3616525926314594E-016
          22          16   9.6457833908880599E-016
          22          17  -3.8356140955223372E-015
          22          18  -1.4892247090652674E-005
          22          19   1.8184290375739338E-002
          22          20   7.3551465923375591E-008
          22          21   8.4132035390992715E-003
          22          22   2.0496090973969587     
          22          23   5.0867702617793413E-008
          22          24   2.2110807708753329E-005
          22          25  -5.0379984927704513E-002
          22          26   8.6536201356768745E-006
          22          27  -2.3308721970649853E-002
          22          28 -0.32954757376907962     
          22          29   8.6917794952125911E-006
          23           1  0.23760135111153802     
          23           2  0.68130792733992229     
          23           3  -4.6588792835522719E-014
          23           4   1.5053520439691098E-015
          23           5   5.6818117262966732E-015
          23           6 -0.11137136146408226     
          23           7   6.8308481700783746E-015
          23           8   9.9799094397511643E-015
          23           9   2.0767833357708354E-015
          23          10  -1.7177062728893723E-002
          23          11  -5.1194310821059757E-015
          23          12   9.5654697761015398E-015
          23          13  -3.5143745099521255E-015
          23          14  -2.1926250068109120E-002
          23          15   4.6857279066986393E-015
          23          16   1.3250558673108308E-015
          23          17  -1.0866373645812706E-014
          23          18 -0.73200073162015311     
          23          19  -1.0915265851484263E-004
          23          20 -0.73370512674762189     
          23          21  -3.5897449585408224E-006
          23          22   5.0867702617793413E-008
          23          23   2.1154388568060423     
          23          24 -0.12104167661839205     
          23          25   9.9414759070644469E-005
          23          26 -0.11956931631514395     
          23          27   7.9628526885267062E-006
          23          28  -1.2474262599405551E-007
          23          29   1.0794937545385574E-002
          24           1  -2.2886780156606897E-002
          24           2 -0.14707705214014738     
          24           3  -8.5427572677744906E-015
          24           4  -1.1414603662995501E-015
          24           5   1.5399654240856318E-015
          24           6  0.35164955725741431     
          24           7  -2.1324294644541865E-016
          24           8  -2.6015259675823474E-015
          24           9  -6.0107482818221415E-016
          24          10 -0.19255996518483223     
          24          11   2.9032911851788881E-015
          24          12  -6.0662050137926489E-015
          24          13   2.5211044774824351E-015
          24          14   2.6440598947527795E-002
          24          15   1.5980257897261421E-017
          24          16   1.2624949758191130E-015
          24          17   5.2774061156283614E-015
          24          18   9.0686499212078442E-003
          24          19   1.3029360321321968E-004
          24          20 -0.12100608172621499     
          24          21   2.8238562644645912E-004
          24          22   2.2110807708753329E-005
          24          23 -0.12104167661839205     
          24          24  0.34956846303747324     
          24          25  -5.3598664009170936E-004
          24          26  0.29547104454273310     
          24          27  -1.1597214455980440E-003
          24          28  -5.4392280668908494E-005
          24          29  0.29555647388991846     
          25           1   7.0096202688310378E-005
          25           2   2.7467202655224229E-004
          25           3   1.5156440054112380E-014
          25           4  -7.0127878182243069E-015
          25           5  -2.3254872000494998E-015
          25           6  -7.9569793855342567E-004
          25           7   4.5560545379554685E-015
          25           8   1.0816600043526739E-015
          25           9   2.6349511359453194E-015
          25          10   1.1551917662219393E-003
          25          11  -8.5813669767088855E-016
          25          12  -1.9782123146533921E-015
          25          13   1.9826175727517967E-016
          25          14   2.7469506828520099E-005
          25          15   8.4404050141396702E-016
          25          16   6.1014775851708337E-016
          25          17   1.4276434210516317E-016
          25          18   3.4733776659663334E-005
          25          19   8.3304620563383766E-002
          25          20   3.2710087169652321E-006
          25          21  -2.8076231541853190E-003
          25          22  -5.0379984927704513E-002
          25          23   9.9414759070644469E-005
          25          24  -5.3598664009170936E-004
          25          25   4.6301524111138567E-002
          25          26  -4.8603604946166260E-004
          25          27   7.8367019478210297E-003
          25          28  0.14071741254023365     
          25          29  -4.5174038985458471E-004
          26           1  -2.1845030095074519E-002
          26           2 -0.14299376768426381     
          26           3  -3.5468904548103991E-014
          26           4   1.3482205399079165E-014
          26           5   2.5763633837909966E-015
          26           6  0.33978477635319543     
          26           7   1.0126422978256203E-015
          26           8   1.8206839943156193E-017
          26           9   5.8317041273062713E-016
          26          10 -0.17543302650007969     
          26          11  -9.8479320116796398E-016
          26          12  -1.7332545045001589E-015
          26          13   1.7858975336521870E-016
          26          14   2.6839410693950266E-002
          26          15   1.3907387743344552E-015
          26          16   2.1897817971743100E-015
          26          17   8.9499099775315394E-016
          26          18 -0.12219159129951923     
          26          19   9.9426659713761572E-005
          26          20   1.0809570449963030E-002
          26          21   3.9726653855851415E-004
          26          22   8.6536201356768745E-006
          26          23 -0.11956931631514395     
          26          24  0.29547104454273310     
          26          25  -4.8603604946166260E-004
          26          26  0.33422750790059985     
          26          27  -9.7628918601109463E-004
          26          28  -5.3170519979916507E-005
          26          29  0.28880661188317658     
          27           1   1.5170367146326752E-004
          27           2   5.9445428320970570E-004
          27           3   2.1584659018356448E-014
          27           4   8.0841157854263861E-016
          27           5  -2.2139668668129409E-015
          27           6  -1.7218861582649900E-003
          27           7  -3.8599880730777558E-016
          27           8  -3.9728221674499445E-016
          27           9  -5.6924899104861990E-016
          27          10   2.4995868640556068E-003
          27          11  -5.5861398872810072E-016
          27          12  -8.6690436190195523E-016
          27          13   1.8223355200765254E-016
          27          14   5.9440289933992871E-005
          27          15   1.9623587179262906E-016
          27          16   2.9840747783519712E-017
          27          17  -1.7515835142405333E-016
          27          18   7.5270182707703963E-005
          27          19  -2.8076231650921487E-003
          27          20   2.1421640687950184E-004
          27          21   8.8058917896912656E-002
          27          22  -2.3308721970649853E-002
          27          23   7.9628526885267062E-006
          27          24  -1.1597214455980440E-003
          27          25   7.8367019478210297E-003
          27          26  -9.7628918601109463E-004
          27          27   3.3013125180248404E-002
          27          28   6.5103639139683062E-002
          27          29  -1.0528749323013798E-003
          28           1   7.4956877008140138E-006
