           1           1   2.2060883388803596     
           1           2  0.72975501603173587     
           1           3  -8.3683374811273411E-011
           1           4  -2.6499832648902891E-011
           1           5  -8.1548343696203825E-011
           1           6 -0.29353157921534456     
           1           7   2.4047818121456645E-010
           1           8   6.8259671824133140E-011
           1           9   2.2653016025319387E-010
           1          10   5.3982880045489075E-002
           1          11  -1.3338509100887268E-010
           1          12   1.3195269065978925E-010
           1          13   5.0826721782635206E-011
           1          14  -1.5460107147003594E-002
           1          15  -1.6532502152650469E-011
           1          16  -1.3469193850047167E-011
           1          17  -2.2463650388794633E-011
           1          18  -1.2179006794083472E-002
           1          19  -1.4862327273777148E-004
           1          20  -1.2325499790949473E-002
           1          21   1.3868448640038061E-004
           1          22   2.3848852521291303E-004
           1          23  -1.2296883037553243E-002
           1          24   8.8270797979912263E-004
           1          25  -2.2305047130947790E-005
           1          26   8.6072216915978250E-004
           1          27   2.0812425756452890E-005
           1          28   3.5791443630007902E-005
           1          29   8.6501764129678720E-004
           2           1  0.72975501603173587     
           2           2   2.6006620024085123     
           2           3  -3.2306998378581775E-010
           2           4  -7.6283510276562892E-011
           2           5  -2.8682304268733899E-010
           2           6  -1.0880653431857201     
           2           7   9.1944147367356671E-010
           2           8   1.9143133180048895E-010
           2           9   7.9198900724821361E-010
           2          10  0.17993269911422827     
           2          11  -5.3254428185693491E-010
           2          12   5.2297302375849862E-010
           2          13   2.0282341502955384E-010
           2          14  -5.6068302029164047E-002
           2          15  -9.9203506382059110E-011
           2          16  -6.4190546684697096E-012
           2          17  -6.0653300339138646E-011
           2          18  -1.1959915256063339E-002
           2          19  -6.1356875094906345E-004
           2          20  -1.2564689562427064E-002
           2          21   5.7253767347300298E-004
           2          22   9.8456375294925236E-004
           2          23  -1.2446549455173201E-002
           2          24   1.4675732676138961E-003
           2          25  -1.0886908806513257E-004
           2          26   1.3602629140595480E-003
           2          27   1.0158498399609323E-004
           2          28   1.7469554092188752E-004
           2          29   1.3812278689942169E-003
           3           1  -8.3683374811273411E-011
           3           2  -3.2306998378581775E-010
           3           3   2.2983719738558914     
           3           4  -1.5774193221305900E-003
           3           5   1.4719515863574131E-003
           3           6   8.8555722367227755E-010
           3           7 -0.83504812297174302     
           3           8   5.2751425276317161E-003
           3           9  -4.9224207824529595E-003
           3          10  -6.8444321464138227E-010
           3          11   3.5821529378479725E-002
           3          12  -1.4385694742972521E-002
           3          13   1.3423550296992715E-002
           3          14  -1.3406728791640021E-010
           3          15   2.9447044368048292E-002
           3          16  -8.1298643558020620E-003
           3          17   7.5861156100343052E-003
           3          18  -5.8537312415942225E-011
           3          19   3.1618457277367642E-010
           3          20   3.5489648612042962E-010
           3          21  -5.3213982698941976E-010
           3          22  -2.5932617351667583E-010
           3          23  -3.9973911616870988E-010
           3          24   2.3363878328846462E-010
           3          25  -9.5240020189500471E-011
           3          26  -1.1597266407849215E-010
           3          27  -1.3054556831445078E-010
           3          28   8.8984509513205856E-011
           3          29   3.6917818309562151E-010
           4           1  -2.6499832648902891E-011
           4           2  -7.6283510276562892E-011
           4           3  -1.5774193221305900E-003
           4           4   2.2965765741192681     
           4           5   2.5312972680458620E-003
           4           6   3.2666548219598658E-010
           4           7   5.2751423993051411E-003
           4           8 -0.82904405347340138     
           4           9  -8.4650031264896942E-003
           4          10   3.7716033892026484E-013
           4          11  -1.4385694640694132E-002
           4          12   1.9448408214410236E-002
           4          13   2.3083961994727994E-002
           4          14  -8.3804998852973927E-011
           4          15  -8.1298663953130249E-003
           4          16   2.0194016766347304E-002
           4          17   1.3045562597320306E-002
           4          18  -1.5451600046306115E-011
           4          19  -2.4052643068297017E-010
           4          20   3.1494754380713039E-010
           4          21  -3.2128303944478541E-010
           4          22   6.9058102059129424E-011
           4          23  -1.1921877055239688E-010
           4          24   9.8701459599277543E-011
           4          25  -2.9802242665575752E-010
           4          26  -2.0982067700587896E-010
           4          27   8.0492169931968890E-011
           4          28  -4.8465985177131090E-011
           4          29   9.5739933932929441E-011
           5           1  -8.1548343696203825E-011
           5           2  -2.8682304268733899E-010
           5           3   1.4719515863574131E-003
           5           4   2.5312972680458620E-003
           5           5   2.2969271936556250     
           5           6   9.1867309542369652E-010
           5           7  -4.9224206222722279E-003
           5           8  -8.4650028028113826E-003
           5           9 -0.83021664501074510     
           5          10  -4.2381808832479983E-010
           5          11   1.3423550204141601E-002
           5          12   2.3083962427710086E-002
           5          13   2.2646907488028518E-002
           5          14  -1.5788118572584104E-010
           5          15   7.5861155693440754E-003
           5          16   1.3045557415243558E-002
           5          17   2.2001599161762444E-002
           5          18  -4.0133856850155293E-011
           5          19  -1.5724767646903356E-010
           5          20   6.0181342040594721E-010
           5          21  -7.2832338631306910E-010
           5          22  -7.9042565802898319E-011
           5          23  -4.2881899724648150E-010
           5          24   2.0906671073854832E-010
           5          25  -4.0979050065099124E-010
           5          26  -2.3950723782034816E-010
           5          27   1.7246587070219588E-011
           5          28  -2.3591036805087287E-011
           5          29   3.4002321550978653E-010
           6           1 -0.29353157921534456     
           6           2  -1.0880653431857201     
           6           3   8.8555722367227755E-010
           6           4   3.2666548219598658E-010
           6           5   9.1867309542369652E-010
           6           6   2.6754133877571094     
           6           7  -2.5417446554110278E-009
           6           8  -7.3533442559121881E-010
           6           9  -2.3955437297627692E-009
           6          10 -0.63266362343947202     
           6          11   1.0452852678774585E-009
           6          12  -1.4197950529410010E-009
           6          13  -7.7989268649189546E-010
           6          14  0.19999052257391536     
           6          15  -1.2186057166937645E-010
           6          16   2.5912451585174476E-010
           6          17   1.7541003545621523E-010
           6          18   2.3369079916413594E-003
           6          19   1.8048237123379420E-003
           6          20   4.1158638473442971E-003
           6          21  -1.6841279663934103E-003
           6          22  -2.8961113709029197E-003
           6          23   3.7683505614038819E-003
           6          24   6.2244497314979273E-005
           6          25   5.4704720834797510E-004
           6          26   6.0145674898859987E-004
           6          27  -5.1044974290548524E-004
           6          28  -8.7781395564683496E-004
           6          29   4.9611472297682400E-004
           7           1   2.4047818121456645E-010
           7           2   9.1944147367356671E-010
           7           3 -0.83504812297174302     
           7           4   5.2751423993051411E-003
           7           5  -4.9224206222722279E-003
           7           6  -2.5417446554110278E-009
           7           7   2.3393738497673415     
           7           8  -1.7638782472898781E-002
           7           9   1.6459310867543375E-002
           7          10   2.1105274331795823E-009
           7          11 -0.13324352369062625     
           7          12   4.8029535351697787E-002
           7          13  -4.4817222737081823E-002
           7          14   4.3841511261850636E-010
           7          15  -9.3846834681724042E-002
           7          16   2.7412632785738730E-002
           7          17  -2.5579197079599568E-002
           7          18   2.1630087765313300E-010
           7          19  -8.3452940202802458E-010
           7          20  -1.0712592088703836E-009
           7          21   1.3356627450207817E-009
           7          22   7.9609098566817141E-010
           7          23   1.0430428877379813E-009
           7          24  -5.7418623613047852E-010
           7          25   2.5628524273898225E-010
           7          26   2.9574081084099380E-010
           7          27   3.2990894314605411E-010
           7          28  -2.4146360839339694E-010
           7          29  -1.0710108400134008E-009
           8           1   6.8259671824133140E-011
           8           2   1.9143133180048895E-010
           8           3   5.2751425276317161E-003
           8           4 -0.82904405347340138     
           8           5  -8.4650028028113826E-003
           8           6  -7.3533442559121881E-010
           8           7  -1.7638782472898781E-002
           8           8   2.3192978074178985     
           8           9   2.8304730762826233E-002
           8          10  -3.1707781264650799E-010
           8          11   4.8029535028686496E-002
           8          12  -7.8578564122920871E-002
           8          13  -7.7070451338850959E-002
           8          14   5.2771553173617482E-012
           8          15   2.7412639974305063E-002
           8          16  -6.2647070702067070E-002
           8          17  -4.3987599247991178E-002
           8          18   1.1132032988987195E-010
           8          19   6.6391150958379822E-010
           8          20  -8.1695271042244097E-010
           8          21   9.0412273398820121E-010
           8          22  -1.6038234722523105E-010
           8          23   3.1676192231482138E-010
           8          24  -2.2497279529708160E-010
           8          25   8.6074842499731132E-010
           8          26   5.5336646115359949E-010
           8          27  -1.8866773470109968E-010
           8          28   1.1750118777783063E-010
           8          29  -2.2598845203434035E-010
           9           1   2.2653016025319387E-010
           9           2   7.9198900724821361E-010
           9           3  -4.9224207824529595E-003
           9           4  -8.4650031264896942E-003
           9           5 -0.83021664501074510     
           9           6  -2.3955437297627692E-009
           9           7   1.6459310867543375E-002
           9           8   2.8304730762826233E-002
           9           9   2.3232188391066657     
           9          10   9.8469380173997112E-010
           9          11  -4.4817222491392375E-002
           9          12  -7.7070452792858679E-002
           9          13  -8.9257396509394932E-002
           9          14   2.3308113866005870E-010
           9          15  -2.5579197028287846E-002
           9          16  -4.3987582367074569E-002
           9          17  -6.8741956294062281E-002
           9          18   1.7015126331482912E-010
           9          19   4.4476675394278772E-010
           9          20  -1.6743591270069762E-009
           9          21   2.0018219225133212E-009
           9          22   2.5827147327571868E-010
           9          23   1.2252107098530714E-009
           9          24  -5.2864071100544807E-010
           9          25   1.1497701377004690E-009
           9          26   6.7515315386370032E-010
           9          27   5.3787126601562329E-011
           9          28   1.7202823519524161E-011
           9          29  -9.2453973215927044E-010
          10           1   5.3982880045489075E-002
          10           2  0.17993269911422827     
          10           3  -6.8444321464138227E-010
          10           4   3.7716033892026484E-013
          10           5  -4.2381808832479983E-010
          10           6 -0.63266362343947202     
          10           7   2.1105274331795823E-009
          10           8  -3.1707781264650799E-010
          10           9   9.8469380173997112E-010
          10          10   1.3890002113268376     
          10          11  -3.5285739364413976E-009
          10          12   4.7072282059071783E-009
          10          13   2.6530870613681924E-009
          10          14 -0.43707833462192580     
          10          15  -5.1955187762603531E-010
          10          16   4.2855118008683816E-010
          10          17   1.8664726788101606E-010
          10          18  -2.0057089173164126E-003
          10          19   8.2131301466225725E-005
          10          20  -1.9247530760121362E-003
          10          21  -7.6626334234542164E-005
          10          22  -1.3178548093278138E-004
          10          23  -1.9405731845126878E-003
          10          24   9.4865380097656831E-004
          10          25   1.2455284410821908E-005
          10          26   9.6092298822852799E-004
          10          27  -1.1642429017790987E-005
          10          28  -1.9994302028020824E-005
          10          29   9.5853783993792453E-004
          11           1  -1.3338509100887268E-010
          11           2  -5.3254428185693491E-010
          11           3   3.5821529378479725E-002
          11           4  -1.4385694640694132E-002
          11           5   1.3423550204141601E-002
          11           6   1.0452852678774585E-009
          11           7 -0.13324352369062625     
          11           8   4.8029535028686496E-002
          11           9  -4.4817222491392375E-002
          11          10  -3.5285739364413976E-009
          11          11  0.41669003738054888     
          11          12 -0.12946507802563900     
          11          13  0.12080621310305331     
          11          14  -8.2309732502357088E-010
          11          15  0.24697898818851446     
          11          16  -7.6790387051450706E-002
          11          17   7.1654427645874291E-002
          11          18  -1.3677941725103344E-009
          11          19   2.6026644377444937E-010
          11          20   9.1932058759108692E-010
          11          21   1.6019006879739483E-009
          11          22  -7.3281367440924447E-010
          11          23  -7.6090956181502996E-011
          11          24  -2.7917594115217736E-010
          11          25  -2.2990595337536422E-010
          11          26   1.3838457491285590E-010
          11          27  -3.0685047281344693E-011
          11          28  -5.2798770819884701E-011
          11          29   6.1879178848034245E-010
          12           1   1.3195269065978925E-010
          12           2   5.2297302375849862E-010
          12           3  -1.4385694742972521E-002
          12           4   1.9448408214410236E-002
          12           5   2.3083962427710086E-002
          12           6  -1.4197950529410010E-009
          12           7   4.8029535351697787E-002
          12           8  -7.8578564122920871E-002
          12           9  -7.7070452792858679E-002
          12          10   4.7072282059071783E-009
          12          11 -0.12946507802563900     
          12          12  0.26933895238537586     
          12          13  0.20774578352738651     
          12          14   2.7769525838435960E-009
          12          15  -7.6790410856608940E-002
          12          16  0.15957978986935639     
          12          17  0.12322146714540597     
          12          18   4.2740708080292064E-011
          12          19  -4.1136912972499197E-010
          12          20   8.6845269550164745E-011
          12          21  -7.6721427471862583E-010
          12          22  -1.3544309240569363E-011
          12          23  -6.4653815116173655E-011
          12          24  -3.2320408802497404E-010
          12          25  -2.3504577773654547E-010
          12          26  -7.2305717071049473E-011
          12          27  -5.9172385079342408E-010
          12          28   2.7445983010735741E-010
          12          29  -3.1906861474055408E-010
          13           1   5.0826721782635206E-011
          13           2   2.0282341502955384E-010
          13           3   1.3423550296992715E-002
          13           4   2.3083961994727994E-002
          13           5   2.2646907488028518E-002
          13           6  -7.7989268649189546E-010
          13           7  -4.4817222737081823E-002
          13           8  -7.7070451338850959E-002
          13           9  -8.9257396509394932E-002
          13          10   2.6530870613681924E-009
          13          11  0.12080621310305331     
          13          12  0.20774578352738651     
          13          13  0.29812405782968859     
          13          14   2.5221720250144281E-009
          13          15   7.1654428780550561E-002
          13          16  0.12322142369641720     
          13          17  0.17665326068605344     
          13          18  -3.0250389823099810E-010
          13          19  -6.4699176238939582E-010
          13          20   1.8423740822559291E-010
          13          21  -9.8353947988627162E-010
          13          22  -4.7671880337383399E-011
          13          23  -1.3782415568337544E-010
          13          24  -2.3629800796092935E-010
          13          25  -6.0159937482123012E-010
          13          26  -2.5994156102249719E-010
          13          27  -1.3052540718234487E-009
          13          28   4.9807425955702893E-010
          13          29   3.0983234116201814E-011
          14           1  -1.5460107147003594E-002
          14           2  -5.6068302029164047E-002
          14           3  -1.3406728791640021E-010
          14           4  -8.3804998852973927E-011
          14           5  -1.5788118572584104E-010
          14           6  0.19999052257391536     
          14           7   4.3841511261850636E-010
          14           8   5.2771553173617482E-012
          14           9   2.3308113866005870E-010
          14          10 -0.43707833462192580     
          14          11  -8.2309732502357088E-010
          14          12   2.7769525838435960E-009
          14          13   2.5221720250144281E-009
          14          14  0.13759390753913045     
          14          15  -9.9091426270439463E-010
          14          16   2.3912845588009745E-009
          14          17   1.9285465177735947E-009
          14          18   1.5285610294317423E-003
          14          19  -1.5621700749797016E-003
          14          20  -1.1223403110186925E-005
          14          21   1.4576886577833299E-003
          14          22   2.5067318258673319E-003
          14          23   2.8957587445982945E-004
          14          24   1.7963467962271631E-004
          14          25  -8.9668523994989105E-004
          14          26  -7.0419854081006541E-004
          14          27   8.3672130987779781E-004
          14          28   1.4388670315930352E-003
          14          29  -5.3154497594667103E-004
          15           1  -1.6532502152650469E-011
          15           2  -9.9203506382059110E-011
          15           3   2.9447044368048292E-002
          15           4  -8.1298663953130249E-003
          15           5   7.5861155693440754E-003
          15           6  -1.2186057166937645E-010
          15           7  -9.3846834681724042E-002
          15           8   2.7412639974305063E-002
          15           9  -2.5579197028287846E-002
          15          10  -5.1955187762603531E-010
          15          11  0.24697898818851446     
          15          12  -7.6790410856608940E-002
          15          13   7.1654428780550561E-002
          15          14  -9.9091426270439463E-010
          15          15  0.14649001609201937     
          15          16  -4.5531826907425514E-002
          15          17   4.2486471543890209E-002
          15          18   7.1447179280288344E-011
          15          19   6.2985786588027996E-010
          15          20  -4.9405234132251523E-010
          15          21  -5.1887749524684567E-010
          15          22  -5.4654058897997629E-010
          15          23   1.0591125071250131E-010
          15          24   3.3967056990153948E-010
          15          25   1.2999139727949464E-010
          15          26  -4.9708461475067524E-010
          15          27  -8.4083775880677616E-010
          15          28  -9.6507365872100755E-011
          15          29   4.7052022228434176E-010
          16           1  -1.3469193850047167E-011
          16           2  -6.4190546684697096E-012
          16           3  -8.1298643558020620E-003
          16           4   2.0194016766347304E-002
          16           5   1.3045557415243558E-002
          16           6   2.5912451585174476E-010
          16           7   2.7412632785738730E-002
          16           8  -6.2647070702067070E-002
          16           9  -4.3987582367074569E-002
          16          10   4.2855118008683816E-010
          16          11  -7.6790387051450706E-002
          16          12  0.15957978986935639     
          16          13  0.12322142369641720     
          16          14   2.3912845588009745E-009
          16          15  -4.5531826907425514E-002
          16          16   9.4667866243819412E-002
          16          17   7.3062452432120423E-002
          16          18  -3.0217986143421050E-010
          16          19   7.1514333554213463E-010
          16          20  -6.7889241736631519E-010
          16          21   6.2992876521776842E-010
          16          22  -7.1757526416956466E-010
          16          23   1.0298362546125254E-009
          16          24  -3.8032889807132834E-010
          16          25   3.8972448915984074E-010
          16          26  -4.7514553013534309E-010
          16          27   2.6987397478683421E-010
          16          28  -2.2461408039627234E-010
          16          29   3.9694046241461559E-010
          17           1  -2.2463650388794633E-011
          17           2  -6.0653300339138646E-011
          17           3   7.5861156100343052E-003
          17           4   1.3045562597320306E-002
          17           5   2.2001599161762444E-002
          17           6   1.7541003545621523E-010
          17           7  -2.5579197079599568E-002
          17           8  -4.3987599247991178E-002
          17           9  -6.8741956294062281E-002
          17          10   1.8664726788101606E-010
          17          11   7.1654427645874291E-002
          17          12  0.12322146714540597     
          17          13  0.17665326068605344     
          17          14   1.9285465177735947E-009
          17          15   4.2486471543890209E-002
          17          16   7.3062452432120423E-002
          17          17  0.10479134258845013     
          17          18  -9.3770072261023789E-011
          17          19   1.4083411966931748E-009
          17          20  -4.0193396000976093E-010
          17          21   2.9558875469697525E-010
          17          22  -1.0055596993167510E-009
          17          23   3.5046128179678788E-010
          17          24  -9.2448958793694681E-011
          17          25   6.3828477825043151E-010
          17          26  -4.6304876616633981E-010
          17          27  -2.6628804534810598E-010
          17          28  -2.4378386588152355E-010
          17          29   2.6153807536056856E-010
          18           1  -1.2179006794083472E-002
          18           2  -1.1959915256063339E-002
          18           3  -5.8537312415942225E-011
          18           4  -1.5451600046306115E-011
          18           5  -4.0133856850155293E-011
          18           6   2.3369079916413594E-003
          18           7   2.1630087765313300E-010
          18           8   1.1132032988987195E-010
          18           9   1.7015126331482912E-010
          18          10  -2.0057089173164126E-003
          18          11  -1.3677941725103344E-009
          18          12   4.2740708080292064E-011
          18          13  -3.0250389823099810E-010
          18          14   1.5285610294317423E-003
          18          15   7.1447179280288344E-011
          18          16  -3.0217986143421050E-010
          18          17  -9.3770072261023789E-011
          18          18   1.1200389517217624     
          18          19  -3.5806423461471584E-004
          18          20 -0.55985559796921669     
          18          21   3.3393166469114494E-004
          18          22  -1.5795771442695125E-003
          18          23 -0.56004522093906028     
          18          24  0.62607044715994487     
          18          25   2.1622763687470151E-004
          18          26 -0.31413355139668053     
          18          27  -2.0173617966794317E-004
          18          28   4.0846733405140484E-004
          18          29 -0.31408453556381005     
          19           1  -1.4862327273777148E-004
          19           2  -6.1356875094906345E-004
          19           3   3.1618457277367642E-010
          19           4  -2.4052643068297017E-010
          19           5  -1.5724767646903356E-010
          19           6   1.8048237123379420E-003
          19           7  -8.3452940202802458E-010
          19           8   6.6391150958379822E-010
          19           9   4.4476675394278772E-010
          19          10   8.2131301466225725E-005
          19          11   2.6026644377444937E-010
          19          12  -4.1136912972499197E-010
          19          13  -6.4699176238939582E-010
          19          14  -1.5621700749797016E-003
          19          15   6.2985786588027996E-010
          19          16   7.1514333554213463E-010
          19          17   1.4083411966931748E-009
          19          18  -3.5806423461471584E-004
          19          19   1.1196987889239385     
          19          20  -3.5366367299493587E-004
          19          21   1.2397045128704747E-003
          19          22   7.1638686302407826E-004
          19          23   9.8768677639905571E-004
          19          24   1.3582970831431665E-003
          19          25  0.62693445082373067     
          19          26   1.3481078220830675E-003
          19          27  -4.2653383719876224E-004
          19          28  -2.3705182713810942E-004
          19          29   8.7934638081170035E-004
          20           1  -1.2325499790949473E-002
          20           2  -1.2564689562427064E-002
          20           3   3.5489648612042962E-010
          20           4   3.1494754380713039E-010
          20           5   6.0181342040594721E-010
          20           6   4.1158638473442971E-003
          20           7  -1.0712592088703836E-009
          20           8  -8.1695271042244097E-010
          20           9  -1.6743591270069762E-009
          20          10  -1.9247530760121362E-003
          20          11   9.1932058759108692E-010
          20          12   8.6845269550164745E-011
          20          13   1.8423740822559291E-010
          20          14  -1.1223403110186925E-005
          20          15  -4.9405234132251523E-010
          20          16  -6.7889241736631519E-010
          20          17  -4.0193396000976093E-010
          20          18 -0.55985559796921669     
          20          19  -3.5366367299493587E-004
          20          20   1.1193373379657967     
          20          21  -9.2235134034652892E-004
          20          22   5.6777773001930249E-004
          20          23 -0.55907160217569785     
          20          24 -0.31300785013576715     
          20          25   2.0603883066936342E-004
          20          26  0.62761239500899568     
          20          27   2.4700184161702754E-004
          20          28  -3.3066135356576071E-004
          20          29 -0.31321782356644634     
          21           1   1.3868448640038061E-004
          21           2   5.7253767347300298E-004
          21           3  -5.3213982698941976E-010
          21           4  -3.2128303944478541E-010
          21           5  -7.2832338631306910E-010
          21           6  -1.6841279663934103E-003
          21           7   1.3356627450207817E-009
          21           8   9.0412273398820121E-010
          21           9   2.0018219225133212E-009
          21          10  -7.6626334234542164E-005
          21          11   1.6019006879739483E-009
          21          12  -7.6721427471862583E-010
          21          13  -9.8353947988627162E-010
          21          14   1.4576886577833299E-003
          21          15  -5.1887749524684567E-010
          21          16   6.2992876521776842E-010
          21          17   2.9558875469697525E-010
          21          18   3.3393166469114494E-004
          21          19   1.2397045128704747E-003
          21          20  -9.2235134034652892E-004
          21          21   1.1198706770779265     
          21          22  -7.6882752047990335E-004
          21          23   3.3091918455874410E-004
          21          24  -1.2674274996091269E-003
          21          25  -4.2653374717752037E-004
          21          26  -8.1868882635030755E-004
          21          27  0.62687537286961659     
          21          28   2.5637147514336078E-004
          21          29  -1.2598286162484121E-003
          22           1   2.3848852521291303E-004
          22           2   9.8456375294925236E-004
          22           3  -2.5932617351667583E-010
          22           4   6.9058102059129424E-011
          22           5  -7.9042565802898319E-011
          22           6  -2.8961113709029197E-003
          22           7   7.9609098566817141E-010
          22           8  -1.6038234722523105E-010
          22           9   2.5827147327571868E-010
          22          10  -1.3178548093278138E-004
          22          11  -7.3281367440924447E-010
          22          12  -1.3544309240569363E-011
          22          13  -4.7671880337383399E-011
          22          14   2.5067318258673319E-003
          22          15  -5.4654058897997629E-010
          22          16  -7.1757526416956466E-010
          22          17  -1.0055596993167510E-009
          22          18  -1.5795771442695125E-003
          22          19   7.1638686302407826E-004
          22          20   5.6777773001930249E-004
          22          21  -7.6882752047990335E-004
          22          22   1.1189957001760775     
          22          23   5.6898371934322681E-004
          22          24  -1.4241529390539491E-003
          22          25  -2.3705179052341228E-004
          22          26  -2.1632820055616452E-003
          22          27   2.5637122009060799E-004
          22          28  0.62716713956150705     
          22          29  -2.1664370955395132E-003
          23           1  -1.2296883037553243E-002
          23           2  -1.2446549455173201E-002
          23           3  -3.9973911616870988E-010
          23           4  -1.1921877055239688E-010
          23           5  -4.2881899724648150E-010
          23           6   3.7683505614038819E-003
          23           7   1.0430428877379813E-009
          23           8   3.1676192231482138E-010
          23           9   1.2252107098530714E-009
          23          10  -1.9405731845126878E-003
          23          11  -7.6090956181502996E-011
          23          12  -6.4653815116173655E-011
          23          13  -1.3782415568337544E-010
          23          14   2.8957587445982945E-004
          23          15   1.0591125071250131E-010
          23          16   1.0298362546125254E-009
          23          17   3.5046128179678788E-010
          23          18 -0.56004522093906028     
          23          19   9.8768677639905571E-004
          23          20 -0.55907160217569785     
          23          21   3.3091918455874410E-004
          23          22   5.6898371934322681E-004
          23          23   1.1194738230074877     
          23          24 -0.31317873811371288     
          23          25  -2.6272301542632116E-004
          23          26 -0.31343772708918027     
          23          27  -1.9413746901700862E-004
          23          28  -3.3381637677543259E-004
          23          29  0.62731275431018219     
          24           1   8.8270797979912263E-004
          24           2   1.4675732676138961E-003
          24           3   2.3363878328846462E-010
          24           4   9.8701459599277543E-011
          24           5   2.0906671073854832E-010
          24           6   6.2244497314979273E-005
          24           7  -5.7418623613047852E-010
          24           8  -2.2497279529708160E-010
          24           9  -5.2864071100544807E-010
          24          10   9.4865380097656831E-004
          24          11  -2.7917594115217736E-010
          24          12  -3.2320408802497404E-010
          24          13  -2.3629800796092935E-010
          24          14   1.7963467962271631E-004
          24          15   3.3967056990153948E-010
          24          16  -3.8032889807132834E-010
          24          17  -9.2448958793694681E-011
          24          18  0.62607044715994487     
          24          19   1.3582970831431665E-003
          24          20 -0.31300785013576715     
          24          21  -1.2674274996091269E-003
          24          22  -1.4241529390539491E-003
          24          23 -0.31317873811371288     
          24          24  0.35002764816567233     
          24          25   1.0141803140882818E-003
          24          26 -0.17554585728001987     
          24          27  -9.4626155973889141E-004
          24          28  -1.1106540111561992E-004
          24          29 -0.17555915593143845     
          25           1  -2.2305047130947790E-005
          25           2  -1.0886908806513257E-004
          25           3  -9.5240020189500471E-011
          25           4  -2.9802242665575752E-010
          25           5  -4.0979050065099124E-010
          25           6   5.4704720834797510E-004
          25           7   2.5628524273898225E-010
          25           8   8.6074842499731132E-010
          25           9   1.1497701377004690E-009
          25          10   1.2455284410821908E-005
          25          11  -2.2990595337536422E-010
          25          12  -2.3504577773654547E-010
          25          13  -6.0159937482123012E-010
          25          14  -8.9668523994989105E-004
          25          15   1.2999139727949464E-010
          25          16   3.8972448915984074E-010
          25          17   6.3828477825043151E-010
          25          18   2.1622763687470151E-004
          25          19  0.62693445082373067     
          25          20   2.0603883066936342E-004
          25          21  -4.2653374717752037E-004
          25          22  -2.3705179052341228E-004
          25          23  -2.6272301542632116E-004
          25          24   1.0141803140882818E-003
          25          25  0.35106012189924529     
          25          26   1.0253047243579322E-003
          25          27  -8.8607605388780044E-004
          25          28  -5.2731632746171389E-004
          25          29   7.8270132417090281E-005
          26           1   8.6072216915978250E-004
          26           2   1.3602629140595480E-003
          26           3  -1.1597266407849215E-010
          26           4  -2.0982067700587896E-010
          26           5  -2.3950723782034816E-010
          26           6   6.0145674898859987E-004
          26           7   2.9574081084099380E-010
          26           8   5.5336646115359949E-010
          26           9   6.7515315386370032E-010
          26          10   9.6092298822852799E-004
          26          11   1.3838457491285590E-010
          26          12  -7.2305717071049473E-011
          26          13  -2.5994156102249719E-010
          26          14  -7.0419854081006541E-004
          26          15  -4.9708461475067524E-010
          26          16  -4.7514553013534309E-010
          26          17  -4.6304876616633981E-010
          26          18 -0.31413355139668053     
          26          19   1.3481078220830675E-003
          26          20  0.62761239500899568     
          26          21  -8.1868882635030755E-004
          26          22  -2.1632820055616452E-003
          26          23 -0.31343772708918027     
          26          24 -0.17554585728001987     
          26          25   1.0253047243579322E-003
          26          26  0.35203796741351678     
          26          27  -7.5099274765009187E-005
          26          28  -1.6453871426519956E-003
          26          29 -0.17548207046835912     
          27           1   2.0812425756452890E-005
          27           2   1.0158498399609323E-004
          27           3  -1.3054556831445078E-010
          27           4   8.0492169931968890E-011
          27           5   1.7246587070219588E-011
          27           6  -5.1044974290548524E-004
          27           7   3.2990894314605411E-010
          27           8  -1.8866773470109968E-010
          27           9   5.3787126601562329E-011
          27          10  -1.1642429017790987E-005
          27          11  -3.0685047281344693E-011
          27          12  -5.9172385079342408E-010
          27          13  -1.3052540718234487E-009
          27          14   8.3672130987779781E-004
          27          15  -8.4083775880677616E-010
          27          16   2.6987397478683421E-010
          27          17  -2.6628804534810598E-010
          27          18  -2.0173617966794317E-004
          27          19  -4.2653383719876224E-004
          27          20   2.4700184161702754E-004
          27          21  0.62687537286961659     
          27          22   2.5637122009060799E-004
          27          23  -1.9413746901700862E-004
          27          24  -9.4626155973889141E-004
          27          25  -8.8607605388780044E-004
          27          26  -7.5099274765009187E-005
          27          27  0.35093733621890100     
          27          28   5.6266879670900248E-004
          27          29  -9.5476420208256887E-004
          28           1   3.5791443630007902E-005
