           1           1   2.1704851654362400     
           1           2 -0.64320120479320930     
           1           3  -3.1473643407401671E-014
           1           4   3.0418366293096642E-015
           1           5   9.2783819690816353E-015
           1           6 -0.50812206201266230     
           1           7   1.4306071628246529E-015
           1           8   1.7903678684807292E-015
           1           9   2.4624985894177433E-015
           1          10   3.6155508839130657E-002
           1          11   8.2536437585626204E-016
           1          12  -4.6053145209927853E-016
           1          13  -7.2770607507795806E-016
           1          14  -1.7702046856154827E-002
           1          15  -1.5004507799815065E-015
           1          16  -2.7930352270885411E-016
           1          17   1.6500220570661257E-015
           1          18 -0.13312657297273875     
           1          19  -2.1497683032683466E-004
           1          20 -0.13557856113616171     
           1          21  -4.9064346586367655E-004
           1          22  -3.1386984572198280E-005
           1          23 -0.13552402495243712     
           1          24  -2.8562743630777654E-002
           1          25   1.6689315184884637E-005
           1          26  -2.8363006836419267E-002
           1          27   3.8129380699199074E-005
           1          28   2.3112123534793773E-006
           1          29  -2.8367449963498041E-002
           2           1 -0.64320120479320930     
           2           2   2.4276794444388488     
           2           3   1.1444655931008471E-013
           2           4  -1.1947059889987889E-014
           2           5  -3.6434271687800967E-014
           2           6   2.2191014985198967     
           2           7  -5.5788032371169548E-015
           2           8  -6.7927027890073893E-015
           2           9  -1.0436666174511644E-014
           2          10 -0.13830365625189872     
           2          11  -2.2351277679627605E-015
           2          12   2.7612066938192286E-016
           2          13   1.1996895526342362E-015
           2          14   6.6965986563462865E-002
           2          15   5.0976416639832082E-015
           2          16   1.6089393651466252E-015
           2          17  -4.8743757534903254E-015
           2          18  0.59939436731512197     
           2          19   9.3170560174453811E-004
           2          20  0.61002917446601368     
           2          21   2.1263315261271366E-003
           2          22   1.3637666624008565E-004
           2          23  0.60979264498384511     
           2          24  0.11553164805005101     
           2          25  -7.7203988567605555E-005
           2          26  0.11460846992619558     
           2          27  -1.7633311408293056E-004
           2          28  -1.0856676909896890E-005
           2          29  0.11462900378953865     
           3           1  -3.1473643407401671E-014
           3           2   1.1444655931008471E-013
           3           3   2.1984234132152736     
           3           4  -1.5579408702906528E-006
           3           5  -3.5411899356723592E-006
           3           6   7.9564222230078718E-014
           3           7 -0.67752576550032817     
           3           8   8.3339177275598697E-006
           3           9   1.8944550867878995E-005
           3          10  -2.4973835073536672E-015
           3          11  0.12657834167646378     
           3          12  -3.2719690114328161E-005
           3          13  -7.4385561558532043E-005
           3          14   1.5134647355365219E-015
           3          15  -6.8944654619080156E-002
           3          16   1.4950985512768734E-005
           3          17   3.3990457834620711E-005
           3          18   2.9642343064042835E-014
           3          19  -1.4330706826078764E-015
           3          20   3.4139004670462737E-014
           3          21   2.2801981335437121E-016
           3          22   3.6652163741311516E-015
           3          23   3.3352237625483488E-014
           3          24   1.1162042349196606E-016
           3          25   1.1618809274352167E-015
           3          26   1.2392661803541619E-015
           3          27   3.7691881796643069E-015
           3          28  -3.4550997203896935E-016
           3          29  -9.8955059456329288E-016
           4           1   3.0418366293096642E-015
           4           2  -1.1947059889987889E-014
           4           3  -1.5579408702906528E-006
           4           4   2.1984021343688394     
           4           5  -2.7390609631718771E-007
           4           6   2.1939733375112634E-014
           4           7   8.3339177260957631E-006
           4           8 -0.67741192615064394     
           4           9   1.4599884278314323E-006
           4          10   1.4131160653505158E-014
           4          11  -3.2719690113578760E-005
           4          12  0.12613134183666594     
           4          13  -5.7077310109190926E-006
           4          14  -1.0370497270797726E-014
           4          15   1.4950985511113807E-005
           4          16  -6.8740397318882471E-002
           4          17   2.6061637328779995E-006
           4          18   1.6106755373736171E-014
           4          19  -5.6473093641793377E-015
           4          20   1.0152455175756611E-014
           4          21  -2.6059043245297640E-015
           4          22  -8.6500083138204358E-017
           4          23  -9.2981901799309681E-016
           4          24  -4.2911633131408831E-015
           4          25   3.4464699862203082E-016
           4          26  -1.7596450108055063E-015
           4          27   3.0969171627997024E-015
           4          28   5.3996623608929332E-015
           4          29  -9.4168019790462639E-016
           5           1   9.2783819690816353E-015
           5           2  -3.6434271687800967E-014
           5           3  -3.5411899356723592E-006
           5           4  -2.7390609631718771E-007
           5           5   2.1984026071107330     
           5           6   3.6380424100014579E-014
           5           7   1.8944550871903554E-005
           5           8   1.4599884333825475E-006
           5           9 -0.67741445526006361     
           5          10  -1.3835448424971603E-014
           5          11  -7.4385561555779904E-005
           5          12  -5.7077310152801874E-006
           5          13  0.12614127259856811     
           5          14   4.3019266899898591E-015
           5          15   3.3990457827650158E-005
           5          16   2.6061637377497535E-006
           5          17  -6.8744935196594789E-002
           5          18   2.3533601116934054E-014
           5          19   6.8309777027764157E-017
           5          20   5.8653096431829882E-015
           5          21   5.0060995263481900E-015
           5          22   1.1276415732084295E-015
           5          23   4.2069655459992894E-015
           5          24   8.5187050833526896E-015
           5          25   4.8282266314065360E-016
           5          26   5.4917279330168638E-015
           5          27  -2.1157829376336793E-015
           5          28  -2.9652006263119877E-015
           5          29   2.2463778151996414E-015
           6           1 -0.50812206201266230     
           6           2   2.2191014985198967     
           6           3   7.9564222230078718E-014
           6           4   2.1939733375112634E-014
           6           5   3.6380424100014579E-014
           6           6   14.308416698588250     
           6           7  -1.9333807437351908E-014
           6           8  -2.0181269427743213E-014
           6           9  -6.4951818953631120E-014
           6          10 -0.82520853182020626     
           6          11   3.4471388766082887E-014
           6          12  -3.4528696250533097E-015
           6          13  -2.6266297367692611E-014
           6          14  0.39086960946873439     
           6          15  -4.5068550354215422E-014
           6          16  -1.8448679187008307E-014
           6          17   1.7280530693567621E-014
           6          18   3.6841414595753346     
           6          19   5.9924560643019207E-003
           6          20   3.7528112083826870     
           6          21   1.3672259174883777E-002
           6          22   8.8890460548131140E-004
           6          23   3.7512841169826574     
           6          24  0.71938592849232452     
           6          25  -6.6311724785506217E-004
           6          26  0.71148192560161927     
           6          27  -1.5128997077103808E-003
           6          28  -9.8538890641931460E-005
           6          29  0.71165766224026172     
           7           1   1.4306071628246529E-015
           7           2  -5.5788032371169548E-015
           7           3 -0.67752576550032817     
           7           4   8.3339177260957631E-006
           7           5   1.8944550871903554E-005
           7           6  -1.9333807437351908E-014
           7           7   2.3064453388234867     
           7           8  -4.4136886579254631E-005
           7           9  -1.0034141060474844E-004
           7          10   4.2200636485001288E-015
           7          11 -0.36790358582674421     
           7          12   1.5806551744870431E-004
           7          13   3.5940441386481115E-004
           7          14  -3.0240967249340159E-015
           7          15  0.20009980055729301     
           7          16  -7.4989386599050648E-005
           7          17  -1.7051661531513988E-004
           7          18  -1.6870503282150914E-014
           7          19   2.6393829718885810E-014
           7          20   4.3857899323806826E-015
           7          21   1.7712851831413172E-015
           7          22  -1.2515051666400416E-014
           7          23  -1.0867612455606451E-016
           7          24  -1.7393070268672568E-015
           7          25  -5.8046981553724537E-015
           7          26  -1.8999591091137175E-015
           7          27  -1.5683141705424571E-015
           7          28   1.5544230372769077E-015
           7          29   3.9375391747290107E-016
           8           1   1.7903678684807292E-015
           8           2  -6.7927027890073893E-015
           8           3   8.3339177275598697E-006
           8           4 -0.67741192615064394     
           8           5   1.4599884333825475E-006
           8           6  -2.0181269427743213E-014
           8           7  -4.4136886579254631E-005
           8           8   2.3058423646724657     
           8           9  -7.7000914781855112E-006
           8          10   8.0433119025952591E-015
           8          11   1.5806551744606753E-004
           8          12 -0.36574376299138023     
           8          13   2.7396590845722019E-005
           8          14   1.9110080091333758E-016
           8          15  -7.4989386599354224E-005
           8          16  0.19907507783378658     
           8          17  -1.2971560222485232E-005
           8          18  -3.0829217010753388E-014
           8          19   5.2370499004624502E-015
           8          20  -2.9415347535781822E-015
           8          21  -2.0269458910802135E-015
           8          22  -2.1311145229649200E-014
           8          23   1.4452841190968922E-014
           8          24   4.8491664314302312E-016
           8          25  -2.9627011500937163E-015
           8          26   5.4056811597147074E-016
           8          27   2.7883710784434009E-015
           8          28   4.3801506883374593E-016
           8          29  -9.4913639162903403E-015
           9           1   2.4624985894177433E-015
           9           2  -1.0436666174511644E-014
           9           3   1.8944550867878995E-005
           9           4   1.4599884278314323E-006
           9           5 -0.67741445526006361     
           9           6  -6.4951818953631120E-014
           9           7  -1.0034141060474844E-004
           9           8  -7.7000914781855112E-006
           9           9   2.3058557606342696     
           9          10   1.8188311940910122E-014
           9          11   3.5940441385870145E-004
           9          12   2.7396590839674773E-005
           9          13 -0.36579174664683101     
           9          14  -2.7002588563469497E-015
           9          15  -1.7051661530998428E-004
           9          16  -1.2971560216012978E-005
           9          17  0.19909784356313553     
           9          18  -4.5444074173587654E-014
           9          19   9.2693230123534844E-015
           9          20  -6.1942367800366560E-015
           9          21  -2.4772035375696130E-014
           9          22  -9.6020848987651660E-015
           9          23  -4.6031977373410425E-016
           9          24  -1.4724118296309307E-015
           9          25  -2.6355693641367228E-015
           9          26  -6.6521736735414955E-016
           9          27   6.4948391588116621E-015
           9          28  -1.5667292948526868E-015
           9          29  -1.6446251337630661E-014
          10           1   3.6155508839130657E-002
          10           2 -0.13830365625189872     
          10           3  -2.4973835073536672E-015
          10           4   1.4131160653505158E-014
          10           5  -1.3835448424971603E-014
          10           6 -0.82520853182020626     
          10           7   4.2200636485001288E-015
          10           8   8.0433119025952591E-015
          10           9   1.8188311940910122E-014
          10          10   4.7791987507537756E-002
          10          11  -2.3853334300088788E-015
          10          12  -9.8087919777369097E-016
          10          13  -1.2408391971875247E-015
          10          14  -2.2638234384363541E-002
          10          15   2.7449436707659825E-015
          10          16   1.6449103474810767E-015
          10          17   5.2946163417435740E-016
          10          18 -0.21067927954413884     
          10          19  -3.7431827848374198E-004
          10          20 -0.21496858662126278     
          10          21  -8.5403850465892381E-004
          10          22  -5.5519107735502778E-005
          10          23 -0.21487320006134356     
          10          24  -4.1491537226530838E-002
          10          25   4.1333184587789856E-005
          10          26  -4.0998857713991560E-002
          10          27   9.4302174572836770E-005
          10          28   6.1399889841078099E-006
          10          29  -4.1009811917748988E-002
          11           1   8.2536437585626204E-016
          11           2  -2.2351277679627605E-015
          11           3  0.12657834167646378     
          11           4  -3.2719690113578760E-005
          11           5  -7.4385561555779904E-005
          11           6   3.4471388766082887E-014
          11           7 -0.36790358582674421     
          11           8   1.5806551744606753E-004
          11           9   3.5940441385870145E-004
          11          10  -2.3853334300088788E-015
          11          11   6.0244083598158006E-002
          11          12  -4.1321046148192452E-005
          11          13  -9.3983405833894442E-005
          11          14   1.3221921455442723E-015
          11          15  -3.2710944853400911E-002
          11          16   2.1170235234564292E-005
          11          17   4.8150935510789770E-005
          11          18   1.1642399990992616E-014
          11          19  -5.1499381668261938E-015
          11          20   8.5204010470892452E-015
          11          21  -9.7472695709134769E-016
          11          22  -2.6440419913156236E-016
          11          23   9.2833370014067390E-015
          11          24   1.8570260792623062E-015
          11          25   1.0984012310612651E-015
          11          26   1.8627021356696278E-015
          11          27   3.8256953574514264E-016
          11          28   1.3815198338240810E-016
          11          29   1.4402639684661980E-015
          12           1  -4.6053145209927853E-016
          12           2   2.7612066938192286E-016
          12           3  -3.2719690114328161E-005
          12           4  0.12613134183666594     
          12           5  -5.7077310152801874E-006
          12           6  -3.4528696250533097E-015
          12           7   1.5806551744870431E-004
          12           8 -0.36574376299138023     
          12           9   2.7396590839674773E-005
          12          10  -9.8087919777369097E-016
          12          11  -4.1321046148192452E-005
          12          12   5.9679253421650591E-002
          12          13  -7.0694453139881139E-006
          12          14  -2.2931458074329071E-016
          12          15   2.1170235234868736E-005
          12          16  -3.2421563033409720E-002
          12          17   3.6222199913925075E-006
          12          18   3.4493473670618710E-015
          12          19  -1.3298660090872903E-015
          12          20  -1.3525468710512195E-015
          12          21   4.5912103949433460E-016
          12          22   4.8895573235559872E-015
          12          23  -4.7984259642030431E-015
          12          24  -4.8335169179693871E-016
          12          25   5.1757537466410181E-016
          12          26  -4.9673864764040216E-016
          12          27  -4.8447921861168515E-016
          12          28  -2.4153918206989156E-016
          12          29   1.3287418823463088E-015
          13           1  -7.2770607507795806E-016
          13           2   1.1996895526342362E-015
          13           3  -7.4385561558532043E-005
          13           4  -5.7077310109190926E-006
          13           5  0.12614127259856811     
          13           6  -2.6266297367692611E-014
          13           7   3.5940441386481115E-004
          13           8   2.7396590845722019E-005
          13           9 -0.36579174664683101     
          13          10  -1.2408391971875247E-015
          13          11  -9.3983405833894442E-005
          13          12  -7.0694453139881139E-006
          13          13   5.9691801958562316E-002
          13          14  -4.8911146414507496E-016
          13          15   4.8150935510441525E-005
          13          16   3.6222199908903050E-006
          13          17  -3.2427992078105372E-002
          13          18  -2.5330289661109736E-015
          13          19  -1.8625954483372902E-015
          13          20  -9.6766173408574409E-015
          13          21   3.9849893825978588E-015
          13          22   1.1954436694650548E-015
          13          23  -1.1538533470091662E-014
          13          24  -1.6521730045751184E-015
          13          25   5.2142590006939888E-016
          13          26  -1.7949331056816362E-015
          13          27  -1.1499990743851491E-015
          13          28   3.7056150437250624E-016
          13          29   1.0645359228438379E-015
          14           1  -1.7702046856154827E-002
          14           2   6.6965986563462865E-002
          14           3   1.5134647355365219E-015
          14           4  -1.0370497270797726E-014
          14           5   4.3019266899898591E-015
          14           6  0.39086960946873439     
          14           7  -3.0240967249340159E-015
          14           8   1.9110080091333758E-016
          14           9  -2.7002588563469497E-015
          14          10  -2.2638234384363541E-002
          14          11   1.3221921455442723E-015
          14          12  -2.2931458074329071E-016
          14          13  -4.8911146414507496E-016
          14          14   1.0724737339439223E-002
          14          15  -1.4003911969596544E-015
          14          16  -4.0176069340655759E-016
          14          17   3.2680306675106359E-016
          14          18   9.9904379578807601E-002
          14          19   1.7593153658968056E-004
          14          20  0.10192034908462902     
          14          21   4.0140290623280481E-004
          14          22   2.6093086281675498E-005
          14          23  0.10187551748891832     
          14          24   1.9657043190815873E-002
          14          25  -1.9410071451090726E-005
          14          26   1.9425678887105686E-002
          14          27  -4.4284444046748175E-005
          14          28  -2.8829411055395319E-006
          14          29   1.9430823030964585E-002
          15           1  -1.5004507799815065E-015
          15           2   5.0976416639832082E-015
          15           3  -6.8944654619080156E-002
          15           4   1.4950985511113807E-005
          15           5   3.3990457827650158E-005
          15           6  -4.5068550354215422E-014
          15           7  0.20009980055729301     
          15           8  -7.4989386599354224E-005
          15           9  -1.7051661530998428E-004
          15          10   2.7449436707659825E-015
          15          11  -3.2710944853400911E-002
          15          12   2.1170235234868736E-005
          15          13   4.8150935510441525E-005
          15          14  -1.4003911969596544E-015
          15          15   1.7763435364645218E-002
          15          16  -1.0781520528812508E-005
          15          17  -2.4522311267193898E-005
          15          18  -1.3468353784411947E-014
          15          19   2.9819662247055519E-015
          15          20  -1.1822705051126600E-014
          15          21   5.8983657653105108E-016
          15          22   1.4248293509653997E-015
          15          23  -1.2233690052316672E-014
          15          24  -2.3221565780047756E-015
          15          25  -6.2647124840590407E-016
          15          26  -2.3178578171895865E-015
          15          27  -2.1882236050061218E-016
          15          28  -2.8168531978538236E-016
          15          29  -2.0899448408787482E-015
          16           1  -2.7930352270885411E-016
          16           2   1.6089393651466252E-015
          16           3   1.4950985512768734E-005
          16           4  -6.8740397318882471E-002
          16           5   2.6061637377497535E-006
          16           6  -1.8448679187008307E-014
          16           7  -7.4989386599050648E-005
          16           8  0.19907507783378658     
          16           9  -1.2971560216012978E-005
          16          10   1.6449103474810767E-015
          16          11   2.1170235234564292E-005
          16          12  -3.2421563033409720E-002
          16          13   3.6222199908903050E-006
          16          14  -4.0176069340655759E-016
          16          15  -1.0781520528812508E-005
          16          16   1.7616058784174986E-002
          16          17  -1.8442915266314803E-006
          16          18  -7.4726987319379634E-015
          16          19   6.7585432796522819E-016
          16          20  -4.9059297399335255E-015
          16          21  -2.6033440980191286E-016
          16          22  -2.7507179518615218E-015
          16          23  -3.0570235636221147E-015
          16          24  -7.5742542046397663E-016
          16          25  -2.7476920230783730E-016
          16          26  -7.4602687399441532E-016
          16          27   2.6337741367911831E-016
          16          28   1.4757925263706080E-016
          16          29  -1.7291787500912590E-015
          17           1   1.6500220570661257E-015
          17           2  -4.8743757534903254E-015
          17           3   3.3990457834620711E-005
          17           4   2.6061637328779995E-006
          17           5  -6.8744935196594789E-002
          17           6   1.7280530693567621E-014
          17           7  -1.7051661531513988E-004
          17           8  -1.2971560222485232E-005
          17           9  0.19909784356313553     
          17          10   5.2946163417435740E-016
          17          11   4.8150935510789770E-005
          17          12   3.6222199913925075E-006
          17          13  -3.2427992078105372E-002
          17          14   3.2680306675106359E-016
          17          15  -2.4522311267193898E-005
          17          16  -1.8442915266314803E-006
          17          17   1.7619332972660995E-002
          17          18   2.3215216499131760E-015
          17          19   1.0570365287879136E-015
          17          20   6.1506919555689267E-015
          17          21  -2.1424124867724407E-015
          17          22  -2.8330455410997208E-016
          17          23   7.1239110561987523E-015
          17          24   1.0383434957180259E-015
          17          25  -2.8926997364978584E-016
          17          26   1.1180706825877954E-015
          17          27   6.1684821275952398E-016
          17          28  -2.5702658790120675E-016
          17          29  -4.2040838517414307E-016
          18           1 -0.13312657297273875     
          18           2  0.59939436731512197     
          18           3   2.9642343064042835E-014
          18           4   1.6106755373736171E-014
          18           5   2.3533601116934054E-014
          18           6   3.6841414595753346     
          18           7  -1.6870503282150914E-014
          18           8  -3.0829217010753388E-014
          18           9  -4.5444074173587654E-014
          18          10 -0.21067927954413884     
          18          11   1.1642399990992616E-014
          18          12   3.4493473670618710E-015
          18          13  -2.5330289661109736E-015
          18          14   9.9904379578807601E-002
          18          15  -1.3468353784411947E-014
          18          16  -7.4726987319379634E-015
          18          17   2.3215216499131760E-015
          18          18  0.97572937175469132     
          18          19   1.1466466392841400E-003
          18          20  0.98886814267255874     
          18          21   2.6161789984459928E-003
          18          22   1.7004363356274221E-004
          18          23  0.98857595931567133     
          18          24  0.18558033240606758     
          18          25  -1.2622402051744210E-004
          18          26  0.18407573420436690     
          18          27  -2.8798458940335867E-004
          18          28  -1.8741075867352015E-005
          18          29  0.18410918746319174     
          19           1  -2.1497683032683466E-004
          19           2   9.3170560174453811E-004
          19           3  -1.4330706826078764E-015
          19           4  -5.6473093641793377E-015
          19           5   6.8309777027764157E-017
          19           6   5.9924560643019207E-003
          19           7   2.6393829718885810E-014
          19           8   5.2370499004624502E-015
          19           9   9.2693230123534844E-015
          19          10  -3.7431827848374198E-004
          19          11  -5.1499381668261938E-015
          19          12  -1.3298660090872903E-015
          19          13  -1.8625954483372902E-015
          19          14   1.7593153658968056E-004
          19          15   2.9819662247055519E-015
          19          16   6.7585432796522819E-016
          19          17   1.0570365287879136E-015
          19          18   1.1466466392841400E-003
          19          19   2.9533410835519219E-002
          19          20   1.2432083901368148E-003
          19          21   1.2990285533054029E-002
          19          22  0.17841892823557789     
          19          23   1.2410610407082065E-003
          19          24   2.9682258931262769E-004
          19          25  -4.7799811798702350E-003
          19          26   2.8561145045281032E-004
          19          27  -2.1016977748543569E-003
          19          28  -2.8879588921354185E-002
          19          29   2.8586071497020471E-004
          20           1 -0.13557856113616171     
          20           2  0.61002917446601368     
          20           3   3.4139004670462737E-014
          20           4   1.0152455175756611E-014
          20           5   5.8653096431829882E-015
          20           6   3.7528112083826870     
          20           7   4.3857899323806826E-015
          20           8  -2.9415347535781822E-015
          20           9  -6.1942367800366560E-015
          20          10 -0.21496858662126278     
          20          11   8.5204010470892452E-015
          20          12  -1.3525468710512195E-015
          20          13  -9.6766173408574409E-015
          20          14  0.10192034908462902     
          20          15  -1.1822705051126600E-014
          20          16  -4.9059297399335255E-015
          20          17   6.1506919555689267E-015
          20          18  0.98886814267255874     
          20          19   1.2432083901368148E-003
          20          20   1.0031136062740580     
          20          21   2.8364900870548760E-003
          20          22   1.8437415551268694E-004
          20          23   1.0027968121810362     
          20          24  0.18898165220191221     
          20          25  -1.3700585779352566E-004
          20          26  0.18734855124484423     
          20          27  -3.1258259705541530E-004
          20          28  -2.0345544729253101E-005
          20          29  0.18738486158838216     
          21           1  -4.9064346586367655E-004
          21           2   2.1263315261271366E-003
          21           3   2.2801981335437121E-016
          21           4  -2.6059043245297640E-015
          21           5   5.0060995263481900E-015
          21           6   1.3672259174883777E-002
          21           7   1.7712851831413172E-015
          21           8  -2.0269458910802135E-015
          21           9  -2.4772035375696130E-014
          21          10  -8.5403850465892381E-004
          21          11  -9.7472695709134769E-016
          21          12   4.5912103949433460E-016
          21          13   3.9849893825978588E-015
          21          14   4.0140290623280481E-004
          21          15   5.8983657653105108E-016
          21          16  -2.6033440980191286E-016
          21          17  -2.1424124867724407E-015
          21          18   2.6161789984459928E-003
          21          19   1.2990285533054029E-002
          21          20   2.8364900870548760E-003
          21          21   5.7423692704016045E-003
          21          22   7.8386190149770024E-002
          21          23   2.8315907880503166E-003
          21          24   6.7722512759886035E-004
          21          25  -2.1016978791611623E-003
          21          26   6.5164644567561737E-004
          21          27  -9.2728173241541951E-004
          21          28  -1.2687781821870515E-002
          21          29   6.5221515309160855E-004
          22           1  -3.1386984572198280E-005
          22           2   1.3637666624008565E-004
          22           3   3.6652163741311516E-015
          22           4  -8.6500083138204358E-017
          22           5   1.1276415732084295E-015
          22           6   8.8890460548131140E-004
          22           7  -1.2515051666400416E-014
          22           8  -2.1311145229649200E-014
          22           9  -9.6020848987651660E-015
          22          10  -5.5519107735502778E-005
          22          11  -2.6440419913156236E-016
          22          12   4.8895573235559872E-015
          22          13   1.1954436694650548E-015
          22          14   2.6093086281675498E-005
          22          15   1.4248293509653997E-015
          22          16  -2.7507179518615218E-015
          22          17  -2.8330455410997208E-016
          22          18   1.7004363356274221E-004
          22          19  0.17841892823557789     
          22          20   1.8437415551268694E-004
          22          21   7.8386190149770024E-002
          22          22   1.0781672757937666     
          22          23   1.8405547198469067E-004
          22          24   4.4026409230300832E-005
          22          25  -2.8879588587760803E-002
          22          26   4.2362061556904090E-005
          22          27  -1.2687781045277843E-002
          22          28 -0.17451676041460806     
          22          29   4.2399066075826687E-005
          23           1 -0.13552402495243712     
          23           2  0.60979264498384511     
          23           3   3.3352237625483488E-014
          23           4  -9.2981901799309681E-016
          23           5   4.2069655459992894E-015
          23           6   3.7512841169826574     
          23           7  -1.0867612455606451E-016
          23           8   1.4452841190968922E-014
          23           9  -4.6031977373410425E-016
          23          10 -0.21487320006134356     
          23          11   9.2833370014067390E-015
          23          12  -4.7984259642030431E-015
          23          13  -1.1538533470091662E-014
          23          14  0.10187551748891832     
          23          15  -1.2233690052316672E-014
          23          16  -3.0570235636221147E-015
          23          17   7.1239110561987523E-015
          23          18  0.98857595931567133     
          23          19   1.2410610407082065E-003
          23          20   1.0027968121810362     
          23          21   2.8315907880503166E-003
          23          22   1.8405547198469067E-004
          23          23   1.0024805653838835     
          23          24  0.18890601292481918     
          23          25  -1.3676609102345022E-004
          23          26  0.18727576961533898     
          23          27  -3.1203558593685270E-004
          23          28  -2.0309864517096184E-005
          23          29  0.18731201642295314     
          24           1  -2.8562743630777654E-002
          24           2  0.11553164805005101     
          24           3   1.1162042349196606E-016
          24           4  -4.2911633131408831E-015
          24           5   8.5187050833526896E-015
          24           6  0.71938592849232452     
          24           7  -1.7393070268672568E-015
          24           8   4.8491664314302312E-016
          24           9  -1.4724118296309307E-015
          24          10  -4.1491537226530838E-002
          24          11   1.8570260792623062E-015
          24          12  -4.8335169179693871E-016
          24          13  -1.6521730045751184E-015
          24          14   1.9657043190815873E-002
          24          15  -2.3221565780047756E-015
          24          16  -7.5742542046397663E-016
          24          17   1.0383434957180259E-015
          24          18  0.18558033240606758     
          24          19   2.9682258931262769E-004
          24          20  0.18898165220191221     
          24          21   6.7722512759886035E-004
          24          22   4.4026409230300832E-005
          24          23  0.18890601292481918     
          24          24   3.6181848399609362E-002
          24          25  -3.2797246616407489E-005
          24          26   3.5790917213815485E-002
          24          27  -7.4827167047115961E-005
          24          28  -4.8724952677002991E-006
          24          29   3.5799609145360442E-002
          25           1   1.6689315184884637E-005
          25           2  -7.7203988567605555E-005
          25           3   1.1618809274352167E-015
          25           4   3.4464699862203082E-016
          25           5   4.8282266314065360E-016
          25           6  -6.6311724785506217E-004
          25           7  -5.8046981553724537E-015
          25           8  -2.9627011500937163E-015
          25           9  -2.6355693641367228E-015
          25          10   4.1333184587789856E-005
          25          11   1.0984012310612651E-015
          25          12   5.1757537466410181E-016
          25          13   5.2142590006939888E-016
          25          14  -1.9410071451090726E-005
          25          15  -6.2647124840590407E-016
          25          16  -2.7476920230783730E-016
          25          17  -2.8926997364978584E-016
          25          18  -1.2622402051744210E-004
          25          19  -4.7799811798702350E-003
          25          20  -1.3700585779352566E-004
          25          21  -2.1016978791611623E-003
          25          22  -2.8879588587760803E-002
          25          23  -1.3676609102345022E-004
          25          24  -3.2797246616407489E-005
          25          25   7.7366161558576989E-004
          25          26  -3.1537986854002230E-005
          25          27   3.4008348686706004E-004
          25          28   4.6745669447258702E-003
          25          29  -3.1565984595412241E-005
          26           1  -2.8363006836419267E-002
          26           2  0.11460846992619558     
          26           3   1.2392661803541619E-015
          26           4  -1.7596450108055063E-015
          26           5   5.4917279330168638E-015
          26           6  0.71148192560161927     
          26           7  -1.8999591091137175E-015
          26           8   5.4056811597147074E-016
          26           9  -6.6521736735414955E-016
          26          10  -4.0998857713991560E-002
          26          11   1.8627021356696278E-015
          26          12  -4.9673864764040216E-016
          26          13  -1.7949331056816362E-015
          26          14   1.9425678887105686E-002
          26          15  -2.3178578171895865E-015
          26          16  -7.4602687399441532E-016
          26          17   1.1180706825877954E-015
          26          18  0.18407573420436690     
          26          19   2.8561145045281032E-004
          26          20  0.18734855124484423     
          26          21   6.5164644567561737E-004
          26          22   4.2362061556904090E-005
          26          23  0.18727576961533898     
          26          24   3.5790917213815485E-002
          26          25  -3.1537986854002230E-005
          26          26   3.5414993607910436E-002
          26          27  -7.1954308870426573E-005
          26          28  -4.6849264289379971E-006
          26          29   3.5423351868535138E-002
          27           1   3.8129380699199074E-005
          27           2  -1.7633311408293056E-004
          27           3   3.7691881796643069E-015
          27           4   3.0969171627997024E-015
          27           5  -2.1157829376336793E-015
          27           6  -1.5128997077103808E-003
          27           7  -1.5683141705424571E-015
          27           8   2.7883710784434009E-015
          27           9   6.4948391588116621E-015
          27          10   9.4302174572836770E-005
          27          11   3.8256953574514264E-016
          27          12  -4.8447921861168515E-016
          27          13  -1.1499990743851491E-015
          27          14  -4.4284444046748175E-005
          27          15  -2.1882236050061218E-016
          27          16   2.6337741367911831E-016
          27          17   6.1684821275952398E-016
          27          18  -2.8798458940335867E-004
          27          19  -2.1016977748543569E-003
          27          20  -3.1258259705541530E-004
          27          21  -9.2728173241541951E-004
          27          22  -1.2687781045277843E-002
          27          23  -3.1203558593685270E-004
          27          24  -7.4827167047115961E-005
          27          25   3.4008348686706004E-004
          27          26  -7.1954308870426573E-005
          27          27   1.4985120177043152E-004
          27          28   2.0536828796204475E-003
          27          29  -7.2018182539530990E-005
          28           1   2.3112123534793773E-006
