           1           1   2.1708528959119837     
           1           2 -0.64873715320941616     
           1           3  -3.7342308816617101E-011
           1           4  -4.6951182934255634E-011
           1           5   4.5822546775567646E-010
           1           6 -0.15603336626525616     
           1           7  -2.5704952788123366E-010
           1           8  -1.8088441595303996E-011
           1           9   1.8349300076853695E-010
           1          10  -1.2203470551851286E-002
           1          11  -1.8592790539596712E-012
           1          12  -2.5534555291462408E-011
           1          13   9.4239853151379511E-012
           1          14  -7.5343095455826419E-003
           1          15   9.9227146996338188E-013
           1          16   1.1620682278179533E-011
           1          17  -2.4227878639414818E-012
           1          18   1.7365000474634074E-002
           1          19   8.9569929917696669E-009
           1          20   1.7365003240824965E-002
           1          21   1.0264210818898514E-008
           1          22  -1.2201364125015611E-008
           1          23   1.7365006639542102E-002
           1          24   1.6084416069146363E-003
           1          25   1.0719734461166073E-008
           1          26   1.6084449163531157E-003
           1          27   1.2283430380375280E-008
           1          28  -1.4595332855659989E-008
           1          29   1.6084489871273074E-003
           2           1 -0.64873715320941616     
           2           2   2.4666637488118721     
           2           3   8.4106438527431809E-010
           2           4  -1.6125491360525197E-009
           2           5   1.1389027025235269E-010
           2           6  0.84075843768505343     
           2           7   9.0126415436866303E-010
           2           8  -1.0411835968254135E-010
           2           9  -6.1725946050513384E-010
           2          10   5.2211929006032949E-002
           2          11  -2.3266695147759466E-012
           2          12   1.3012701015674208E-010
           2          13  -4.7682931059348150E-011
           2          14   3.3205846100248439E-002
           2          15   1.2932308550906523E-012
           2          16  -6.0757112553887188E-011
           2          17   1.3919891842072330E-011
           2          18  -5.8557726117897547E-003
           2          19  -3.8559350552695702E-008
           2          20  -5.8557845171290637E-003
           2          21  -4.4187079954703023E-008
           2          22   5.2526221960884238E-008
           2          23  -5.8557991428233661E-003
           2          24  -2.2719536693565972E-003
           2          25  -4.6793690770531329E-008
           2          26  -2.2719681152236684E-003
           2          27  -5.3617905643818186E-008
           2          28   6.3708930241214220E-008
           2          29  -2.2719858844109462E-003
           3           1  -3.7342308816617101E-011
           3           2   8.4106438527431809E-010
           3           3   2.1903171537070740     
           3           4  -3.5912073315154370E-010
           3           5   5.5994876929632433E-009
           3           6   2.0873666710858870E-009
           3           7 -0.64542276170450130     
           3           8  -9.4070615568036284E-009
           3           9  -9.9739318609697660E-009
           3          10  -1.9986215864055455E-009
           3          11  -3.5610974344223397E-003
           3          12   1.8203489790583791E-008
           3          13   1.8512640784937742E-008
           3          14   6.6432264037876515E-009
           3          15   1.1952878726459778E-003
           3          16  -4.9072696232661112E-009
           3          17  -5.8333981690611600E-009
           3          18   1.7742085584235104E-009
           3          19   1.7440264589594618E-009
           3          20   2.1771117376953876E-009
           3          21   1.8533914894306422E-010
           3          22   2.4627721020115151E-009
           3          23  -5.3220449588727513E-010
           3          24  -3.6684684831044954E-009
           3          25   3.8439731550089381E-010
           3          26  -1.1243008965415854E-009
           3          27   1.5409130720860054E-009
           3          28  -4.1459501700591367E-009
           3          29   1.0949801520388984E-009
           4           1  -4.6951182934255634E-011
           4           2  -1.6125491360525197E-009
           4           3  -3.5912073315154370E-010
           4           4   2.1903171500108805     
           4           5  -3.1082810561505166E-009
           4           6  -1.6247285286961463E-008
           4           7   3.0199695799659488E-009
           4           8 -0.64542275694682827     
           4           9   1.5720007406899193E-008
           4          10   1.1882913777570702E-008
           4          11   1.2740742781220627E-008
           4          12  -3.5610972311669112E-003
           4          13  -1.9013720603383739E-008
           4          14  -1.7668255664900874E-008
           4          15  -6.5930520029616456E-009
           4          16   1.1952827383912561E-003
           4          17   1.0852684619006423E-009
           4          18  -8.8848898921478899E-009
           4          19  -3.0182973144038881E-009
           4          20  -9.6719642863115562E-009
           4          21  -3.8221638209367401E-010
           4          22  -6.0429373956737013E-009
           4          23  -2.3223534639476525E-009
           4          24   8.5463080262947314E-009
           4          25  -5.1126474997837524E-010
           4          26  -2.2656806282419249E-009
           4          27  -2.5795320821047758E-009
           4          28   8.2340654525275013E-009
           4          29  -4.9672150630948206E-009
           5           1   4.5822546775567646E-010
           5           2   1.1389027025235269E-010
           5           3   5.5994876929632433E-009
           5           4  -3.1082810561505166E-009
           5           5   2.1903171577032268     
           5           6   2.2686748906934560E-008
           5           7  -1.7571530397384309E-008
           5           8   4.7356502469431991E-009
           5           9 -0.64542277140387805     
           5          10  -1.4367066078127570E-008
           5          11   2.6638883735268674E-008
           5          12  -2.0219000463855303E-008
           5          13  -3.5610891264468633E-003
           5          14   1.6492854382204206E-008
           5          15  -8.4631148951288505E-009
           5          16   1.3765352726441991E-008
           5          17   1.1952914330564403E-003
           5          18   1.0656665086838901E-008
           5          19   1.3257564100818745E-009
           5          20   1.2466903942457403E-008
           5          21   5.1271482832038556E-010
           5          22   5.3428400571060420E-009
           5          23   5.4035126057127774E-009
           5          24  -8.9875038125929412E-009
           5          25  -9.6033484804609706E-010
           5          26   6.3001297800195253E-009
           5          27   3.0630891406828135E-009
           5          28  -8.4948125910111465E-009
           5          29   6.4721111699148744E-009
           6           1 -0.15603336626525616     
           6           2  0.84075843768505343     
           6           3   2.0873666710858870E-009
           6           4  -1.6247285286961463E-008
           6           5   2.2686748906934560E-008
           6           6   2.3409230833312069     
           6           7   1.3011159888672294E-008
           6           8  -3.6372094440332083E-009
           6           9  -1.0301549307458715E-008
           6          10  0.14846497275059350     
           6          11  -1.2899148535949482E-010
           6          12   4.7990623714155296E-010
           6          13  -1.7488643677081532E-010
           6          14  0.10236119055117508     
           6          15   6.7292643740024781E-011
           6          16  -2.2593566441546165E-010
           6          17   4.6607959416391850E-011
           6          18  -1.4742583581661174E-005
           6          19  -1.0827163194678679E-007
           6          20  -1.4775972792793659E-005
           6          21  -1.2408670902398929E-007
           6          22   1.4751080819372797E-007
           6          23  -1.4816963744824791E-005
           6          24  -2.7562992497034402E-004
           6          25  -1.3931747439712433E-007
           6          26  -2.7567292918421419E-004
           6          27  -1.5961324701510621E-007
           6          28   1.8964582732057858E-007
           6          29  -2.7572581986132954E-004
           7           1  -2.5704952788123366E-010
           7           2   9.0126415436866303E-010
           7           3 -0.64542276170450130     
           7           4   3.0199695799659488E-009
           7           5  -1.7571530397384309E-008
           7           6   1.3011159888672294E-008
           7           7   2.1899147053529586     
           7           8   2.5972678840967312E-008
           7           9   2.8944062313565573E-008
           7          10  -2.5537236505590803E-009
           7          11   6.1616964757334278E-004
           7          12  -5.4989234160910325E-008
           7          13  -6.6892515055170965E-008
           7          14  -6.3574748458704773E-009
           7          15   1.9683669056791480E-003
           7          16   2.0690822190574964E-008
           7          17   2.8483273925086248E-008
           7          18   2.8400760822236218E-009
           7          19  -1.5611824068908900E-009
           7          20   6.3896553496870699E-009
           7          21   9.6414441540472850E-011
           7          22   2.3907615856838365E-010
           7          23   5.8677775896798741E-009
           7          24   1.6218394666729551E-009
           7          25  -1.5717746096355268E-009
           7          26   5.7457160527816995E-009
           7          27  -6.8138929743187970E-010
           7          28   3.0278127382587884E-009
           7          29   1.3196425188044625E-009
           8           1  -1.8088441595303996E-011
           8           2  -1.0411835968254135E-010
           8           3  -9.4070615568036284E-009
           8           4 -0.64542275694682827     
           8           5   4.7356502469431991E-009
           8           6  -3.6372094440332083E-009
           8           7   2.5972678840967312E-008
           8           8   2.1899147176326812     
           8           9  -3.5427848765749140E-008
           8          10  -3.8751032587345837E-009
           8          11  -6.5869959427361676E-008
           8          12   6.1614194122959660E-004
           8          13   7.7426251663518381E-008
           8          14   7.3808915984600348E-009
           8          15   2.8208722071293409E-008
           8          16   1.9683763182782228E-003
           8          17  -2.9787830104341986E-008
           8          18   2.3442125998214300E-009
           8          19   4.9748811271991261E-010
           8          20  -4.9654763441719788E-009
           8          21  -1.5124337316153332E-010
           8          22  -1.2646840130511352E-009
           8          23  -3.3271238277821682E-009
           8          24   1.9074706781189449E-009
           8          25   1.7500552803019109E-009
           8          26  -2.8491700940464172E-009
           8          27  -1.4713489477583324E-009
           8          28   9.1542305271330996E-010
           8          29  -9.5193886621044496E-010
           9           1   1.8349300076853695E-010
           9           2  -6.1725946050513384E-010
           9           3  -9.9739318609697660E-009
           9           4   1.5720007406899193E-008
           9           5 -0.64542277140387805     
           9           6  -1.0301549307458715E-008
           9           7   2.8944062313565573E-008
           9           8  -3.5427848765749140E-008
           9           9   2.1899147277634583     
           9          10   8.2150415604783394E-010
           9          11  -6.8490004893151245E-008
           9          12   8.6762897684713725E-008
           9          13   6.1611737774395960E-004
           9          14   5.5000904086607889E-009
           9          15   2.6439529792139762E-008
           9          16  -3.4335485148440415E-008
           9          17   1.9683872971600950E-003
           9          18  -4.0409157970547234E-009
           9          19   4.3241740770982355E-009
           9          20  -2.4082187018077091E-009
           9          21  -5.3668156353039638E-010
           9          22   3.2105463169918398E-009
           9          23  -5.3612914249897445E-009
           9          24  -2.0534847488362955E-009
           9          25   3.7828576892551298E-009
           9          26  -5.6603022934170910E-009
           9          27  -2.3010438777224033E-009
           9          28   5.0412129564719189E-010
           9          29   5.7717221475940235E-011
          10           1  -1.2203470551851286E-002
          10           2   5.2211929006032949E-002
          10           3  -1.9986215864055455E-009
          10           4   1.1882913777570702E-008
          10           5  -1.4367066078127570E-008
          10           6  0.14846497275059350     
          10           7  -2.5537236505590803E-009
          10           8  -3.8751032587345837E-009
          10           9   8.2150415604783394E-010
          10          10  0.37417266590258730     
          10          11  -1.4668343037316189E-010
          10          12   5.1821771885887392E-010
          10          13  -4.0952540509636616E-010
          10          14  0.26987795932527542     
          10          15   3.9963426113554266E-011
          10          16  -1.4466803454145647E-010
          10          17   4.9686944388551826E-011
          10          18  -5.1539809831139681E-004
          10          19  -1.6481143449415308E-007
          10          20  -5.1544886903572657E-004
          10          21  -1.8873168827136747E-007
          10          22   2.2419480936806782E-007
          10          23  -5.1551125166135481E-004
          10          24  -2.7012933315359805E-004
          10          25  -3.4016307351643527E-007
          10          26  -2.7023407366526362E-004
          10          27  -3.8941557106441604E-007
          10          28   4.6250669720026883E-007
          10          29  -2.7036276946793350E-004
          11           1  -1.8592790539596712E-012
          11           2  -2.3266695147759466E-012
          11           3  -3.5610974344223397E-003
          11           4   1.2740742781220627E-008
          11           5   2.6638883735268674E-008
          11           6  -1.2899148535949482E-010
          11           7   6.1616964757334278E-004
          11           8  -6.5869959427361676E-008
          11           9  -6.8490004893151245E-008
          11          10  -1.4668343037316189E-010
          11          11   5.2496315761394632E-005
          11          12  -9.0183476819908918E-010
          11          13  -1.0453134172837706E-009
          11          14  -9.2019962929371488E-011
          11          15  -1.7400090762462829E-005
          11          16   2.4104139898373847E-010
          11          17   2.7888143926215177E-010
          11          18  -2.1514122206626983E-011
          11          19   8.8762198383097325E-012
          11          20  -3.4572070361065820E-011
          11          21  -7.1393373265823430E-013
          11          22  -4.9700207983369436E-012
          11          23  -3.4933897435560963E-011
          11          24  -4.9471821639561331E-012
          11          25   1.0088790057289971E-011
          11          26  -3.0133029813976652E-011
          11          27  -4.2195955639963517E-012
          11          28  -7.2347409872480679E-012
          11          29  -9.3456820683136372E-012
          12           1  -2.5534555291462408E-011
          12           2   1.3012701015674208E-010
          12           3   1.8203489790583791E-008
          12           4  -3.5610972311669112E-003
          12           5  -2.0219000463855303E-008
          12           6   4.7990623714155296E-010
          12           7  -5.4989234160910325E-008
          12           8   6.1614194122959660E-004
          12           9   8.6762897684713725E-008
          12          10   5.1821771885887392E-010
          12          11  -9.0183476819908918E-010
          12          12   5.2496015844884561E-005
          12          13   1.2447841846908214E-009
          12          14   3.3665575537932654E-010
          12          15   2.4160201231824546E-010
          12          16  -1.7399993505849421E-005
          12          17  -3.2920254526921593E-010
          12          18   3.6022244287561057E-012
          12          19  -5.2229449150857956E-012
          12          20   4.9767450581211182E-011
          12          21   2.7380719523876724E-012
          12          22   1.3673550835069084E-011
          12          23   3.7510752937167480E-011
          12          24  -1.5002611942619918E-011
          12          25  -2.0339783256771663E-011
          12          26   2.5951936301498937E-011
          12          27   2.3972426915957203E-011
          12          28  -2.0363552156148584E-011
          12          29   1.2357406866490954E-011
          13           1   9.4239853151379511E-012
          13           2  -4.7682931059348150E-011
          13           3   1.8512640784937742E-008
          13           4  -1.9013720603383739E-008
          13           5  -3.5610891264468633E-003
          13           6  -1.7488643677081532E-010
          13           7  -6.6892515055170965E-008
          13           8   7.7426251663518381E-008
          13           9   6.1611737774395960E-004
          13          10  -4.0952540509636616E-010
          13          11  -1.0453134172837706E-009
          13          12   1.2447841846908214E-009
          13          13   5.2495704832726992E-005
          13          14  -3.2097596418032867E-010
          13          15   2.8945385283752879E-010
          13          16  -3.7132056093456781E-010
          13          17  -1.7399949195676178E-005
          13          18  -1.1153525990219122E-011
          13          19  -1.7234195727104066E-011
          13          20  -1.8856843363798883E-011
          13          21  -2.5692898109613041E-012
          13          22  -1.9868967389247037E-011
          13          23  -2.4277646362028204E-011
          13          24   7.3818648607802089E-012
          13          25   2.2560247070184302E-012
          13          26   4.2995298512889654E-012
          13          27  -1.1926368221149053E-011
          13          28   1.3404733591308244E-011
          13          29  -1.6781635377292292E-011
          14           1  -7.5343095455826419E-003
          14           2   3.3205846100248439E-002
          14           3   6.6432264037876515E-009
          14           4  -1.7668255664900874E-008
          14           5   1.6492854382204206E-008
          14           6  0.10236119055117508     
          14           7  -6.3574748458704773E-009
          14           8   7.3808915984600348E-009
          14           9   5.5000904086607889E-009
          14          10  0.26987795932527542     
          14          11  -9.2019962929371488E-011
          14          12   3.3665575537932654E-010
          14          13  -3.2097596418032867E-010
          14          14  0.19466993790080564     
          14          15   2.2257811808097009E-011
          14          16  -9.0245349668409493E-011
          14          17   5.8563119098909980E-011
          14          18  -3.5830938030511391E-004
          14          19  -1.1886817443872938E-007
          14          20  -3.5834599867881172E-004
          14          21  -1.3612119049624003E-007
          14          22   1.6169921391504697E-007
          14          23  -3.5839099224261076E-004
          14          24  -1.8993110508227850E-004
          14          25  -2.4534071019119406E-007
          14          26  -1.9000664849333162E-004
          14          27  -2.8086358206894399E-007
          14          28   3.3358011616449051E-007
          14          29  -1.9009946929629876E-004
          15           1   9.9227146996338188E-013
          15           2   1.2932308550906523E-012
          15           3   1.1952878726459778E-003
          15           4  -6.5930520029616456E-009
          15           5  -8.4631148951288505E-009
          15           6   6.7292643740024781E-011
          15           7   1.9683669056791480E-003
          15           8   2.8208722071293409E-008
          15           9   2.6439529792139762E-008
          15          10   3.9963426113554266E-011
          15          11  -1.7400090762462829E-005
          15          12   2.4160201231824546E-010
          15          13   2.8945385283752879E-010
          15          14   2.2257811808097009E-011
          15          15   8.1426998731683654E-006
          15          16  -5.1547418489034705E-011
          15          17  -6.2173806391596107E-011
          15          18   1.0655175426929450E-011
          15          19  -3.9497042574988491E-012
          15          20   1.8854196031547270E-011
          15          21   3.9798078974589572E-013
          15          22   2.7025647079854167E-012
          15          23   1.7468900090170507E-011
          15          24   2.1093079717248180E-012
          15          25  -4.8184079322811429E-012
          15          26   1.5561686162420600E-011
          15          27   1.1407864752514227E-012
          15          28   4.1963184460328999E-012
          15          29   4.8297700380588756E-012
          16           1   1.1620682278179533E-011
          16           2  -6.0757112553887188E-011
          16           3  -4.9072696232661112E-009
          16           4   1.1952827383912561E-003
          16           5   1.3765352726441991E-008
          16           6  -2.2593566441546165E-010
          16           7   2.0690822190574964E-008
          16           8   1.9683763182782228E-003
          16           9  -3.4335485148440415E-008
          16          10  -1.4466803454145647E-010
          16          11   2.4104139898373847E-010
          16          12  -1.7399993505849421E-005
          16          13  -3.7132056093456781E-010
          16          14  -9.0245349668409493E-011
          16          15  -5.1547418489034705E-011
          16          16   8.1426659753693825E-006
          16          17   8.4950794850843802E-011
          16          18  -1.7305291356323512E-012
          16          19   1.1792582331447779E-012
          16          20  -2.4782989578662551E-011
          16          21  -1.1748841174799691E-012
          16          22  -7.8449209053783148E-012
          16          23  -1.6535995305622447E-011
          16          24   9.8077462313369030E-012
          16          25   8.2578198650067583E-012
          16          26  -1.2238241521802512E-011
          16          27  -1.0182630159395919E-011
          16          28   1.0364098295964343E-011
          16          29  -6.7372672969283990E-012
          17           1  -2.4227878639414818E-012
          17           2   1.3919891842072330E-011
          17           3  -5.8333981690611600E-009
          17           4   1.0852684619006423E-009
          17           5   1.1952914330564403E-003
          17           6   4.6607959416391850E-011
          17           7   2.8483273925086248E-008
          17           8  -2.9787830104341986E-008
          17           9   1.9683872971600950E-003
          17          10   4.9686944388551826E-011
          17          11   2.7888143926215177E-010
          17          12  -3.2920254526921593E-010
          17          13  -1.7399949195676178E-005
          17          14   5.8563119098909980E-011
          17          15  -6.2173806391596107E-011
          17          16   8.4950794850843802E-011
          17          17   8.1426840828128751E-006
          17          18   2.8963202114782228E-012
          17          19   1.0701170534784356E-011
          17          20   7.7714734313464505E-012
          17          21   4.1539642317419629E-013
          17          22   1.1714039249335601E-011
          17          23   3.8599305948538255E-012
          17          24  -7.6625707454686918E-012
          17          25   3.0708353629513757E-012
          17          26  -5.3467173658285119E-012
          17          27   2.3708319176579160E-012
          17          28  -6.6736743277548162E-012
          17          29   7.7109817945789294E-012
          18           1   1.7365000474634074E-002
          18           2  -5.8557726117897547E-003
          18           3   1.7742085584235104E-009
          18           4  -8.8848898921478899E-009
          18           5   1.0656665086838901E-008
          18           6  -1.4742583581661174E-005
          18           7   2.8400760822236218E-009
          18           8   2.3442125998214300E-009
          18           9  -4.0409157970547234E-009
          18          10  -5.1539809831139681E-004
          18          11  -2.1514122206626983E-011
          18          12   3.6022244287561057E-012
          18          13  -1.1153525990219122E-011
          18          14  -3.5830938030511391E-004
          18          15   1.0655175426929450E-011
          18          16  -1.7305291356323512E-012
          18          17   2.8963202114782228E-012
          18          18   1.4877756805878258E-004
          18          19   8.9539497506505329E-011
          18          20   1.4877759448910644E-004
          18          21   1.0080945907186850E-010
          18          22  -1.1849601093592396E-010
          18          23   1.4877762690805973E-004
          18          24   1.6869160806118662E-005
          18          25   4.6365599539737134E-010
          18          26   1.6869303369247370E-005
          18          27   5.3073114438647799E-010
          18          28  -6.3008022205941731E-010
          18          29   1.6869478707119548E-005
          19           1   8.9569929917696669E-009
          19           2  -3.8559350552695702E-008
          19           3   1.7440264589594618E-009
          19           4  -3.0182973144038881E-009
          19           5   1.3257564100818745E-009
          19           6  -1.0827163194678679E-007
          19           7  -1.5611824068908900E-009
          19           8   4.9748811271991261E-010
          19           9   4.3241740770982355E-009
          19          10  -1.6481143449415308E-007
          19          11   8.8762198383097325E-012
          19          12  -5.2229449150857956E-012
          19          13  -1.7234195727104066E-011
          19          14  -1.1886817443872938E-007
          19          15  -3.9497042574988491E-012
          19          16   1.1792582331447779E-012
          19          17   1.0701170534784356E-011
          19          18   8.9539497506505329E-011
          19          19   7.5894422915282812E-014
          19          20   8.9562891140756201E-011
          19          21   8.6903789290285042E-014
          19          22  -1.0321216045060597E-013
          19          23   8.9591586597734174E-011
          19          24   7.3385116570257529E-011
          19          25   1.4989544027284319E-013
          19          26   7.3431317170533936E-011
          19          27   1.7159301739688078E-013
          19          28  -2.0384599275079154E-013
          19          29   7.3488069107113285E-011
          20           1   1.7365003240824965E-002
          20           2  -5.8557845171290637E-003
          20           3   2.1771117376953876E-009
          20           4  -9.6719642863115562E-009
          20           5   1.2466903942457403E-008
          20           6  -1.4775972792793659E-005
          20           7   6.3896553496870699E-009
          20           8  -4.9654763441719788E-009
          20           9  -2.4082187018077091E-009
          20          10  -5.1544886903572657E-004
          20          11  -3.4572070361065820E-011
          20          12   4.9767450581211182E-011
          20          13  -1.8856843363798883E-011
          20          14  -3.5834599867881172E-004
          20          15   1.8854196031547270E-011
          20          16  -2.4782989578662551E-011
          20          17   7.7714734313464505E-012
          20          18   1.4877759448910644E-004
          20          19   8.9562891140756201E-011
          20          20   1.4877762092673256E-004
          20          21   1.0083625952723650E-010
          20          22  -1.1852780270326900E-010
          20          23   1.4877765335449871E-004
          20          24   1.6869183009418984E-005
          20          25   4.6370213878589995E-010
          20          26   1.6869325586880126E-005
          20          27   5.3078403817538299E-010
          20          28  -6.3014304912581547E-010
          20          29   1.6869500942203857E-005
          21           1   1.0264210818898514E-008
          21           2  -4.4187079954703023E-008
          21           3   1.8533914894306422E-010
          21           4  -3.8221638209367401E-010
          21           5   5.1271482832038556E-010
          21           6  -1.2408670902398929E-007
          21           7   9.6414441540472850E-011
          21           8  -1.5124337316153332E-010
          21           9  -5.3668156353039638E-010
          21          10  -1.8873168827136747E-007
          21          11  -7.1393373265823430E-013
          21          12   2.7380719523876724E-012
          21          13  -2.5692898109613041E-012
          21          14  -1.3612119049624003E-007
          21          15   3.9798078974589572E-013
          21          16  -1.1748841174799691E-012
          21          17   4.1539642317419629E-013
          21          18   1.0080945907186850E-010
          21          19   8.6903789290285042E-014
          21          20   1.0083625952723650E-010
          21          21   9.9553291233967659E-014
          21          22  -1.1828130885517520E-013
          21          23   1.0086917913358833E-010
          21          24   8.3433942755672365E-011
          21          25   1.7162998277190041E-013
          21          26   8.3486809771127688E-011
          21          27   1.9649129439017708E-013
          21          28  -2.3338126364237316E-013
          21          29   8.3551749918743167E-011
          22           1  -1.2201364125015611E-008
          22           2   5.2526221960884238E-008
          22           3   2.4627721020115151E-009
          22           4  -6.0429373956737013E-009
          22           5   5.3428400571060420E-009
          22           6   1.4751080819372797E-007
          22           7   2.3907615856838365E-010
          22           8  -1.2646840130511352E-009
          22           9   3.2105463169918398E-009
          22          10   2.2419480936806782E-007
          22          11  -4.9700207983369436E-012
          22          12   1.3673550835069084E-011
          22          13  -1.9868967389247037E-011
          22          14   1.6169921391504697E-007
          22          15   2.7025647079854167E-012
          22          16  -7.8449209053783148E-012
          22          17   1.1714039249335601E-011
          22          18  -1.1849601093592396E-010
          22          19  -1.0321216045060597E-013
          22          20  -1.1852780270326900E-010
          22          21  -1.1828130885517520E-013
          22          22   1.4063972432150761E-013
          22          23  -1.1856703255121791E-010
          22          24  -9.8675763969225016E-011
          22          25  -2.0387826060480746E-013
          22          26  -9.8738379666742278E-011
          22          27  -2.3336936467925310E-013
          22          28   2.7711143671126015E-013
          22          29  -9.8815484617190854E-011
          23           1   1.7365006639542102E-002
          23           2  -5.8557991428233661E-003
          23           3  -5.3220449588727513E-010
          23           4  -2.3223534639476525E-009
          23           5   5.4035126057127774E-009
          23           6  -1.4816963744824791E-005
          23           7   5.8677775896798741E-009
          23           8  -3.3271238277821682E-009
          23           9  -5.3612914249897445E-009
          23          10  -5.1551125166135481E-004
          23          11  -3.4933897435560963E-011
          23          12   3.7510752937167480E-011
          23          13  -2.4277646362028204E-011
          23          14  -3.5839099224261076E-004
          23          15   1.7468900090170507E-011
          23          16  -1.6535995305622447E-011
          23          17   3.8599305948538255E-012
          23          18   1.4877762690805973E-004
          23          19   8.9591586597734174E-011
          23          20   1.4877765335449871E-004
          23          21   1.0086917913358833E-010
          23          22  -1.1856703255121791E-010
          23          23   1.4877768579330214E-004
          23          24   1.6869210269610098E-005
          23          25   4.6375886195619643E-010
          23          26   1.6869352864315120E-005
          23          27   5.3084894212860395E-010
          23          28  -6.3022004270398414E-010
          23          29   1.6869528241067947E-005
          24           1   1.6084416069146363E-003
          24           2  -2.2719536693565972E-003
          24           3  -3.6684684831044954E-009
          24           4   8.5463080262947314E-009
          24           5  -8.9875038125929412E-009
          24           6  -2.7562992497034402E-004
          24           7   1.6218394666729551E-009
          24           8   1.9074706781189449E-009
          24           9  -2.0534847488362955E-009
          24          10  -2.7012933315359805E-004
          24          11  -4.9471821639561331E-012
          24          12  -1.5002611942619918E-011
          24          13   7.3818648607802089E-012
          24          14  -1.8993110508227850E-004
          24          15   2.1093079717248180E-012
          24          16   9.8077462313369030E-012
          24          17  -7.6625707454686918E-012
          24          18   1.6869160806118662E-005
          24          19   7.3385116570257529E-011
          24          20   1.6869183009418984E-005
          24          21   8.3433942755672365E-011
          24          22  -9.8675763969225016E-011
          24          23   1.6869210269610098E-005
          24          24   3.8706967653029600E-006
          24          25   2.4429954249440361E-010
          24          26   3.8707719232488110E-006
          24          27   2.7965945812196693E-010
          24          28  -3.3206072516602778E-010
          24          29   3.8708643341406109E-006
          25           1   1.0719734461166073E-008
          25           2  -4.6793690770531329E-008
          25           3   3.8439731550089381E-010
          25           4  -5.1126474997837524E-010
          25           5  -9.6033484804609706E-010
          25           6  -1.3931747439712433E-007
          25           7  -1.5717746096355268E-009
          25           8   1.7500552803019109E-009
          25           9   3.7828576892551298E-009
          25          10  -3.4016307351643527E-007
          25          11   1.0088790057289971E-011
          25          12  -2.0339783256771663E-011
          25          13   2.2560247070184302E-012
          25          14  -2.4534071019119406E-007
          25          15  -4.8184079322811429E-012
          25          16   8.2578198650067583E-012
          25          17   3.0708353629513757E-012
          25          18   4.6365599539737134E-010
          25          19   1.4989544027284319E-013
          25          20   4.6370213878589995E-010
          25          21   1.7162998277190041E-013
          25          22  -2.0387826060480746E-013
          25          23   4.6375886195619643E-010
          25          24   2.4429954249440361E-010
          25          25   3.0927655694470939E-013
          25          26   2.4439474320317957E-010
          25          27   3.5401996196440183E-013
          25          28  -4.2048619162621134E-013
          25          29   2.4451177355874259E-010
          26           1   1.6084449163531157E-003
          26           2  -2.2719681152236684E-003
          26           3  -1.1243008965415854E-009
          26           4  -2.2656806282419249E-009
          26           5   6.3001297800195253E-009
          26           6  -2.7567292918421419E-004
          26           7   5.7457160527816995E-009
          26           8  -2.8491700940464172E-009
          26           9  -5.6603022934170910E-009
          26          10  -2.7023407366526362E-004
          26          11  -3.0133029813976652E-011
          26          12   2.5951936301498937E-011
          26          13   4.2995298512889654E-012
          26          14  -1.9000664849333162E-004
          26          15   1.5561686162420600E-011
          26          16  -1.2238241521802512E-011
          26          17  -5.3467173658285119E-012
          26          18   1.6869303369247370E-005
          26          19   7.3431317170533936E-011
          26          20   1.6869325586880126E-005
          26          21   8.3486809771127688E-011
          26          22  -9.8738379666742278E-011
          26          23   1.6869352864315120E-005
          26          24   3.8707719232488110E-006
          26          25   2.4439474320317957E-010
          26          26   3.8708471109317077E-006
          26          27   2.7976855770523550E-010
          26          28  -3.3219042629984071E-010
          26          29   3.8709395578582679E-006
          27           1   1.2283430380375280E-008
          27           2  -5.3617905643818186E-008
          27           3   1.5409130720860054E-009
          27           4  -2.5795320821047758E-009
          27           5   3.0630891406828135E-009
          27           6  -1.5961324701510621E-007
          27           7  -6.8138929743187970E-010
          27           8  -1.4713489477583324E-009
          27           9  -2.3010438777224033E-009
          27          10  -3.8941557106441604E-007
          27          11  -4.2195955639963517E-012
          27          12   2.3972426915957203E-011
          27          13  -1.1926368221149053E-011
          27          14  -2.8086358206894399E-007
          27          15   1.1407864752514227E-012
          27          16  -1.0182630159395919E-011
          27          17   2.3708319176579160E-012
          27          18   5.3073114438647799E-010
          27          19   1.7159301739688078E-013
          27          20   5.3078403817538299E-010
          27          21   1.9649129439017708E-013
          27          22  -2.3336936467925310E-013
          27          23   5.3084894212860395E-010
          27          24   2.7965945812196693E-010
          27          25   3.5401996196440183E-013
          27          26   2.7976855770523550E-010
          27          27   4.0532401125796491E-013
          27          28  -4.8142027331037782E-013
          27          29   2.7990250294193041E-010
          28           1  -1.4595332855659989E-008
