           1           1   2.2408226578245625     
           1           2  0.88891537790951225     
           1           3  -1.7759925755830825E-014
           1           4   1.9634977529571591E-014
           1           5   2.3392901874707674E-014
           1           6   5.6720101021102948E-002
           1           7   1.0042219400340569E-014
           1           8  -4.1138307712060680E-015
           1           9   3.8370032137873141E-015
           1          10   9.0398682916226880E-002
           1          11   4.3697890084818882E-016
           1          12   1.3402509233574333E-015
           1          13  -6.4054492237614889E-016
           1          14  -4.2415681444789594E-003
           1          15   1.2222179479721442E-015
           1          16  -1.5149635798216636E-015
           1          17  -4.1970849493715814E-015
           1          18  0.19284442319946299     
           1          19  -1.7681683808470942E-015
           1          20  0.19284442319946590     
           1          21   5.4597262358025192E-016
           1          22   2.8953642546258431E-016
           1          23  0.19284442319945055     
           1          24   1.1448914216095986E-002
           1          25  -3.2855984075634929E-015
           1          26   1.1448914216098430E-002
           1          27  -2.8762271550653496E-015
           1          28   2.0829778155413796E-015
           1          29   1.1448914216089925E-002
           2           1  0.88891537790951225     
           2           2   3.2852630651372259     
           2           3  -6.6017823956581581E-014
           2           4   7.8416482148021113E-014
           2           5   7.8659765289495759E-014
           2           6  -4.6867401905763217E-002
           2           7   4.3978570251517380E-014
           2           8  -2.8218702610489489E-014
           2           9   1.7303251904825435E-014
           2          10  0.36918919371029579     
           2          11   1.7402871852586299E-014
           2          12   4.2715731571000940E-015
           2          13  -1.0928731222580656E-014
           2          14  -2.4805379499197061E-002
           2          15  -9.6852842073538287E-015
           2          16   3.8224455488654930E-015
           2          17  -3.5371974540425039E-016
           2          18  0.71471966575541646     
           2          19   3.2063391242146252E-016
           2          20  0.71471966575544388     
           2          21   7.9176285286771011E-016
           2          22  -1.1488856112570440E-014
           2          23  0.71471966575534362     
           2          24   2.3798957144949805E-003
           2          25  -1.7112140483605636E-014
           2          26   2.3798957145233883E-003
           2          27   8.1662552056320065E-015
           2          28   3.3109122470379945E-015
           2          29   2.3798957144815294E-003
           3           1  -1.7759925755830825E-014
           3           2  -6.6017823956581581E-014
           3           3   2.3657144394755294     
           3           4   2.8866882842426556E-016
           3           5  -3.8273962991997035E-015
           3           6   3.6793410618064768E-014
           3           7 -0.99597398368944745     
           3           8   4.8030156241107846E-017
           3           9   3.6062732661212848E-015
           3          10  -6.2521305426703005E-015
           3          11  0.28656526984242892     
           3          12  -3.5214886562329184E-015
           3          13   9.8835870043778584E-016
           3          14  -4.8748118719936823E-015
           3          15  -2.2437100399354006E-002
           3          16   6.1915533464129702E-015
           3          17   4.9938352064682334E-016
           3          18  -3.0534365402074897E-015
           3          19   4.8540547273353580E-015
           3          20   5.1458686247572789E-015
           3          21   1.6798379876414655E-014
           3          22  -2.7456875724530963E-014
           3          23  -1.9459699157793358E-015
           3          24   1.0842244789790780E-015
           3          25  -1.5545714876572630E-015
           3          26   3.3589169033997743E-015
           3          27   5.0295433846122901E-016
           3          28  -6.1312668788474656E-016
           3          29  -4.3545091219215271E-015
           4           1   1.9634977529571591E-014
           4           2   7.8416482148021113E-014
           4           3   2.8866882842426556E-016
           4           4   2.3657144394755303     
           4           5   2.8501506710298941E-015
           4           6  -5.4260620154391082E-014
           4           7   9.1213928771205488E-016
           4           8 -0.99597398368945100     
           4           9  -7.2060413192076567E-015
           4          10   1.2638994880551461E-014
           4          11   1.3503521217872461E-014
           4          12  0.28656526984243824     
           4          13  -1.4821477378745840E-014
           4          14   1.8393363260171142E-015
           4          15  -1.3237132744092772E-014
           4          16  -2.2437100399366635E-002
           4          17   8.1774864657546686E-015
           4          18   8.6438824880962561E-016
           4          19  -2.5702985596758213E-014
           4          20  -7.8779577876442692E-015
           4          21  -9.0689219062971101E-015
           4          22   3.2748689450165634E-016
           4          23  -1.9336219948291245E-014
           4          24  -7.5082774777405275E-015
           4          25  -7.0676461282413556E-015
           4          26  -1.2172668176995522E-014
           4          27  -4.4462058531376265E-015
           4          28  -5.3233198976656343E-015
           4          29  -6.7640992799677858E-015
           5           1   2.3392901874707674E-014
           5           2   7.8659765289495759E-014
           5           3  -3.8273962991997035E-015
           5           4   2.8501506710298941E-015
           5           5   2.3657144394755361     
           5           6   1.0716016907429678E-014
           5           7   5.8826641474718500E-015
           5           8   6.2207183848528302E-015
           5           9 -0.99597398368946455     
           5          10   1.1126009154811562E-014
           5          11   7.5503839291890529E-015
           5          12  -1.1379786002407855E-015
           5          13  0.28656526984243302     
           5          14   7.8495496481126739E-015
           5          15  -8.7123233974417680E-015
           5          16   6.3976601794024646E-015
           5          17  -2.2437100399355404E-002
           5          18  -6.5771213278216707E-015
           5          19  -2.5934224715949590E-015
           5          20  -5.0043721965868080E-015
           5          21   3.0980806333191803E-015
           5          22   2.5511983251970658E-015
           5          23   5.9813843632189108E-015
           5          24   1.0964640246078649E-015
           5          25   2.2349433596223807E-015
           5          26   3.6931967675221563E-015
           5          27  -6.1143169353889476E-016
           5          28  -1.1061461558199029E-015
           5          29   3.2315237087304588E-016
           6           1   5.6720101021102948E-002
           6           2  -4.6867401905763217E-002
           6           3   3.6793410618064768E-014
           6           4  -5.4260620154391082E-014
           6           5   1.0716016907429678E-014
           6           6   1.3268599613992347     
           6           7  -8.1095596712697736E-014
           6           8   6.1288202282668381E-014
           6           9  -2.1215889212225386E-014
           6          10 -0.47567962816168852     
           6          11  -2.0993146073209961E-014
           6          12  -6.1390828264856079E-015
           6          13   8.2113204289691554E-015
           6          14   6.9236731474224378E-002
           6          15   8.9597850977523788E-015
           6          16  -5.1509390498241647E-015
           6          17  -8.0479769131637780E-015
           6          18 -0.15021547062205004     
           6          19  -1.3506817201926205E-014
           6          20 -0.15021547062183294     
           6          21   3.9898010078420559E-014
           6          22  -9.0415709790807035E-014
           6          23 -0.15021547062237001     
           6          24  0.10756075503715824     
           6          25   2.1062846886989036E-014
           6          26  0.10756075503718185     
           6          27  -1.0462801708679017E-014
           6          28  -1.1932284914268687E-014
           6          29  0.10756075503709096     
           7           1   1.0042219400340569E-014
           7           2   4.3978570251517380E-014
           7           3 -0.99597398368944745     
           7           4   9.1213928771205488E-016
           7           5   5.8826641474718500E-015
           7           6  -8.1095596712697736E-014
           7           7   2.7276128407464983     
           7           8   2.4394548880923850E-016
           7           9  -1.2498682644412895E-015
           7          10  -5.4055093731914723E-016
           7          11 -0.95062553663257310     
           7          12   3.3107197539017363E-015
           7          13   3.1780134079895106E-015
           7          14   2.6831954260119673E-016
           7          15   3.6452542659194204E-002
           7          16  -5.9637624699737657E-015
           7          17  -9.9907061790194263E-015
           7          18   1.1130131094046464E-014
           7          19   5.5423498273647493E-015
           7          20  -2.2221376917409591E-015
           7          21  -4.0137307849467421E-014
           7          22   6.8116903013819543E-014
           7          23   2.6524077101344129E-015
           7          24   5.9581227136380555E-015
           7          25  -5.4238042439288077E-015
           7          26  -7.6823083658951239E-015
           7          27  -1.0006791155714332E-015
           7          28   4.9720598000982950E-015
           7          29   1.1764890599923298E-014
           8           1  -4.1138307712060680E-015
           8           2  -2.8218702610489489E-014
           8           3   4.8030156241107846E-017
           8           4 -0.99597398368945100     
           8           5   6.2207183848528302E-015
           8           6   6.1288202282668381E-014
           8           7   2.4394548880923850E-016
           8           8   2.7276128407465055     
           8           9  -7.5564554613549717E-015
           8          10  -1.6921027976930018E-014
           8          11  -1.3902941298216120E-014
           8          12 -0.95062553663258753     
           8          13   2.3245294578089215E-014
           8          14   1.5367568768919414E-014
           8          15   2.4168167467308876E-014
           8          16   3.6452542659224957E-002
           8          17  -8.3058560029769524E-015
           8          18  -2.7920382725400721E-014
           8          19   4.3752300778645540E-014
           8          20  -4.8303763181040628E-015
           8          21   1.9672441927968917E-014
           8          22   1.1854145249586362E-014
           8          23   4.0266489500854967E-014
           8          24   3.2562153005780650E-015
           8          25   2.6371677023012392E-014
           8          26   2.3004784334856996E-014
           8          27   9.2224539102703212E-015
           8          28   3.8092070034629376E-015
           8          29   5.8378114130992079E-015
           9           1   3.8370032137873141E-015
           9           2   1.7303251904825435E-014
           9           3   3.6062732661212848E-015
           9           4  -7.2060413192076567E-015
           9           5 -0.99597398368946455     
           9           6  -2.1215889212225386E-014
           9           7  -1.2498682644412895E-015
           9           8  -7.5564554613549717E-015
           9           9   2.7276128407465103     
           9          10  -1.1867656894919688E-014
           9          11  -9.9798641572945712E-015
           9          12   3.1225022567582528E-015
           9          13 -0.95062553663258698     
           9          14  -1.1460805680525988E-014
           9          15   1.6482041426124638E-014
           9          16  -6.7168492989821971E-015
           9          17   3.6452542659211953E-002
           9          18   4.2977214026294814E-015
           9          19  -9.8384378850419975E-015
           9          20   1.3981938247707899E-014
           9          21  -5.9378300635792099E-015
           9          22   1.2346437516016382E-014
           9          23   3.9713055583433135E-015
           9          24   2.3867388578551980E-015
           9          25   1.1078426431827838E-015
           9          26  -6.4990216968605223E-015
           9          27  -5.3801871561883615E-015
           9          28  -4.8699127793508288E-015
           9          29   1.7547056163610234E-015
          10           1   9.0398682916226880E-002
          10           2  0.36918919371029579     
          10           3  -6.2521305426703005E-015
          10           4   1.2638994880551461E-014
          10           5   1.1126009154811562E-014
          10           6 -0.47567962816168852     
          10           7  -5.4055093731914723E-016
          10           8  -1.6921027976930018E-014
          10           9  -1.1867656894919688E-014
          10          10   1.1240285268276970     
          10          11   2.0875505294657827E-015
          10          12   1.0198458426125978E-014
          10          13   3.7248464503215341E-014
          10          14  -9.7880233871235636E-002
          10          15  -8.7360187926531598E-016
          10          16   2.7677786934436362E-015
          10          17   5.4826641308382316E-015
          10          18  0.16928365081700550     
          10          19  -7.6725021342903048E-015
          10          20  0.16928365081701038     
          10          21   1.2244850521425589E-014
          10          22   3.4365348101868695E-015
          10          23  0.16928365081699812     
          10          24 -0.24535011891486364     
          10          25  -5.4649927399069562E-015
          10          26 -0.24535011891484187     
          10          27   9.8485656726556101E-015
          10          28   2.9888079395710475E-015
          10          29 -0.24535011891486389     
          11           1   4.3697890084818882E-016
          11           2   1.7402871852586299E-014
          11           3  0.28656526984242892     
          11           4   1.3503521217872461E-014
          11           5   7.5503839291890529E-015
          11           6  -2.0993146073209961E-014
          11           7 -0.95062553663257310     
          11           8  -1.3902941298216120E-014
          11           9  -9.9798641572945712E-015
          11          10   2.0875505294657827E-015
          11          11   2.1896299548102300     
          11          12   1.5203116543460737E-014
          11          13   2.6839641620313159E-014
          11          14  -1.0025939206538339E-014
          11          15   5.6701584199448207E-002
          11          16   8.9858676055598607E-016
          11          17   6.6648075947028929E-015
          11          18   7.9277204409814953E-015
          11          19   4.5976481271564172E-015
          11          20   6.7278226847485301E-015
          11          21  -1.7909203691633774E-014
          11          22  -7.1563134877132649E-015
          11          23  -5.1689571259007790E-015
          11          24  -4.3715531545864334E-015
          11          25  -6.3045679654928939E-015
          11          26   3.9384011391422456E-015
          11          27  -5.6335859452561534E-015
          11          28   2.0656036522500770E-015
          11          29  -8.9048322190081427E-015
          12           1   1.3402509233574333E-015
          12           2   4.2715731571000940E-015
          12           3  -3.5214886562329184E-015
          12           4  0.28656526984243824     
          12           5  -1.1379786002407855E-015
          12           6  -6.1390828264856079E-015
          12           7   3.3107197539017363E-015
          12           8 -0.95062553663258753     
          12           9   3.1225022567582528E-015
          12          10   1.0198458426125978E-014
          12          11   1.5203116543460737E-014
          12          12   2.1896299548102252     
          12          13  -1.3100631690576847E-014
          12          14  -3.8707997890656697E-017
          12          15  -1.5445977830097490E-014
          12          16   5.6701584199457755E-002
          12          17   6.4809269062493513E-015
          12          18  -2.1255786724951489E-015
          12          19   9.3688935904511062E-015
          12          20  -7.9490062650404923E-015
          12          21  -2.7194870403988458E-014
          12          22   3.5317130244669754E-014
          12          23   1.0688699676970434E-014
          12          24  -4.6839563357512208E-015
          12          25  -4.4790118034125770E-016
          12          26  -1.8594217081920091E-015
          12          27  -6.6211511652716724E-015
          12          28   6.2115622597475250E-015
          12          29  -2.0133940716272266E-016
          13           1  -6.4054492237614889E-016
          13           2  -1.0928731222580656E-014
          13           3   9.8835870043778584E-016
          13           4  -1.4821477378745840E-014
          13           5  0.28656526984243302     
          13           6   8.2113204289691554E-015
          13           7   3.1780134079895106E-015
          13           8   2.3245294578089215E-014
          13           9 -0.95062553663258698     
          13          10   3.7248464503215341E-014
          13          11   2.6839641620313159E-014
          13          12  -1.3100631690576847E-014
          13          13   2.1896299548102278     
          13          14   2.6735356466344147E-014
          13          15  -3.6708483475145215E-014
          13          16   9.4715901788333667E-015
          13          17   5.6701584199449401E-002
          13          18  -2.0326791067489377E-015
          13          19   3.6480645844105272E-015
          13          20  -1.8963055522011366E-014
          13          21  -6.7048509354869961E-015
          13          22  -6.8677467595356648E-015
          13          23   1.0293214253183521E-014
          13          24  -3.2802786108836394E-015
          13          25  -6.1438440653472946E-015
          13          26  -6.7664312378481452E-016
          13          27  -6.5295881793108732E-015
          13          28   7.3580828181484276E-015
          13          29  -3.0949401689797052E-015
          14           1  -4.2415681444789594E-003
          14           2  -2.4805379499197061E-002
          14           3  -4.8748118719936823E-015
          14           4   1.8393363260171142E-015
          14           5   7.8495496481126739E-015
          14           6   6.9236731474224378E-002
          14           7   2.6831954260119673E-016
          14           8   1.5367568768919414E-014
          14           9  -1.1460805680525988E-014
          14          10  -9.7880233871235636E-002
          14          11  -1.0025939206538339E-014
          14          12  -3.8707997890656697E-017
          14          13   2.6735356466344147E-014
          14          14   1.7090487818840754E-002
          14          15  -5.6960741066534183E-016
          14          16   2.1269791512747798E-015
          14          17   7.4831709093018111E-015
          14          18  -7.2842905225068734E-003
          14          19  -1.0476090333660615E-014
          14          20  -7.2842905224984045E-003
          14          21   2.6722344950825370E-014
          14          22  -4.1054529265613348E-015
          14          23  -7.2842905225061864E-003
          14          24   9.4337364402961865E-003
          14          25  -3.5360223889499810E-015
          14          26   9.4337364402960980E-003
          14          27   7.8598709312152847E-015
          14          28  -3.2500150317646980E-016
          14          29   9.4337364402996247E-003
          15           1   1.2222179479721442E-015
          15           2  -9.6852842073538287E-015
          15           3  -2.2437100399354006E-002
          15           4  -1.3237132744092772E-014
          15           5  -8.7123233974417680E-015
          15           6   8.9597850977523788E-015
          15           7   3.6452542659194204E-002
          15           8   2.4168167467308876E-014
          15           9   1.6482041426124638E-014
          15          10  -8.7360187926531598E-016
          15          11   5.6701584199448207E-002
          15          12  -1.5445977830097490E-014
          15          13  -3.6708483475145215E-014
          15          14  -5.6960741066534183E-016
          15          15   6.2211096507652545E-002
          15          16  -3.0101789116887545E-015
          15          17  -3.7942739228302713E-015
          15          18  -1.3161238911654985E-015
          15          19   8.7841656516857022E-016
          15          20  -4.5135068587099545E-015
          15          21   5.3021476242893302E-017
          15          22   9.8534598793045992E-015
          15          23   4.4322703269671908E-015
          15          24  -5.4178023492882449E-016
          15          25   1.0978061842909701E-015
          15          26  -4.8918512483356595E-015
          15          27   1.7934486267572005E-015
          15          28   3.9059446042784999E-016
          15          29   7.2790569489503882E-016
          16           1  -1.5149635798216636E-015
          16           2   3.8224455488654930E-015
          16           3   6.1915533464129702E-015
          16           4  -2.2437100399366635E-002
          16           5   6.3976601794024646E-015
          16           6  -5.1509390498241647E-015
          16           7  -5.9637624699737657E-015
          16           8   3.6452542659224957E-002
          16           9  -6.7168492989821971E-015
          16          10   2.7677786934436362E-015
          16          11   8.9858676055598607E-016
          16          12   5.6701584199457755E-002
          16          13   9.4715901788333667E-015
          16          14   2.1269791512747798E-015
          16          15  -3.0101789116887545E-015
          16          16   6.2211096507647418E-002
          16          17   1.8518173106052416E-015
          16          18   8.3922452119850209E-015
          16          19  -3.4533075087891519E-016
          16          20  -5.3069107934446084E-015
          16          21   5.7753874566522398E-015
          16          22  -2.0181711570717669E-014
          16          23   1.1481867485077722E-015
          16          24   6.7887160171332999E-016
          16          25   2.1570309309557294E-016
          16          26  -1.7725955832027170E-015
          16          27   4.0613498137788603E-016
          16          28  -1.4536411991135555E-015
          16          29  -1.0239972439643639E-015
          17           1  -4.1970849493715814E-015
          17           2  -3.5371974540425039E-016
          17           3   4.9938352064682334E-016
          17           4   8.1774864657546686E-015
          17           5  -2.2437100399355404E-002
          17           6  -8.0479769131637780E-015
          17           7  -9.9907061790194263E-015
          17           8  -8.3058560029769524E-015
          17           9   3.6452542659211953E-002
          17          10   5.4826641308382316E-015
          17          11   6.6648075947028929E-015
          17          12   6.4809269062493513E-015
          17          13   5.6701584199449401E-002
          17          14   7.4831709093018111E-015
          17          15  -3.7942739228302713E-015
          17          16   1.8518173106052416E-015
          17          17   6.2211096507653663E-002
          17          18  -1.3959416278840777E-014
          17          19  -7.8675389386063469E-016
          17          20   1.6680642095594990E-014
          17          21  -2.1826341627670343E-015
          17          22  -2.0309597545600815E-014
          17          23  -4.7985267434352708E-015
          17          24  -1.2977911929057659E-015
          17          25   4.5647175098452994E-016
          17          26   6.5951223510562139E-015
          17          27  -2.9060543025478353E-015
          17          28  -1.2839192905211766E-015
          17          29   8.9728942557355960E-016
          18           1  0.19284442319946299     
          18           2  0.71471966575541646     
          18           3  -3.0534365402074897E-015
          18           4   8.6438824880962561E-016
          18           5  -6.5771213278216707E-015
          18           6 -0.15021547062205004     
          18           7   1.1130131094046464E-014
          18           8  -2.7920382725400721E-014
          18           9   4.2977214026294814E-015
          18          10  0.16928365081700550     
          18          11   7.9277204409814953E-015
          18          12  -2.1255786724951489E-015
          18          13  -2.0326791067489377E-015
          18          14  -7.2842905225068734E-003
          18          15  -1.3161238911654985E-015
          18          16   8.3922452119850209E-015
          18          17  -1.3959416278840777E-014
          18          18   1.8640814832686117     
          18          19  -3.8141734387223507E-014
          18          20 -0.52107581475041220     
          18          21   6.4067719264368834E-014
          18          22  -1.7991684054859914E-013
          18          23 -0.52107581475065279     
          18          24  0.29246338778974290     
          18          25  -1.7704429124235112E-015
          18          26 -0.20381887035407029     
          18          27  -1.7288806918042863E-016
          18          28   6.9003955052260354E-016
          18          29 -0.20381887035412607     
          19           1  -1.7681683808470942E-015
          19           2   3.2063391242146252E-016
          19           3   4.8540547273353580E-015
          19           4  -2.5702985596758213E-014
          19           5  -2.5934224715949590E-015
          19           6  -1.3506817201926205E-014
          19           7   5.5423498273647493E-015
          19           8   4.3752300778645540E-014
          19           9  -9.8384378850419975E-015
          19          10  -7.6725021342903048E-015
          19          11   4.5976481271564172E-015
          19          12   9.3688935904511062E-015
          19          13   3.6480645844105272E-015
          19          14  -1.0476090333660615E-014
          19          15   8.7841656516857022E-016
          19          16  -3.4533075087891519E-016
          19          17  -7.8675389386063469E-016
          19          18  -3.8141734387223507E-014
          19          19   1.5964832067149231     
          19          20   2.0327650837754183E-014
          19          21  -6.7133798519583624E-016
          19          22   1.2309597785528378E-014
          19          23   1.3609385914480306E-014
          19          24  -4.2726970109237000E-015
          19          25  0.32816516378397803     
          19          26   4.2668705530794879E-016
          19          27  -3.0852599121308628E-015
          19          28  -1.0842021725654555E-017
          19          29   7.4478607832605571E-015
          20           1  0.19284442319946590     
          20           2  0.71471966575544388     
          20           3   5.1458686247572789E-015
          20           4  -7.8779577876442692E-015
          20           5  -5.0043721965868080E-015
          20           6 -0.15021547062183294     
          20           7  -2.2221376917409591E-015
          20           8  -4.8303763181040628E-015
          20           9   1.3981938247707899E-014
          20          10  0.16928365081701038     
          20          11   6.7278226847485301E-015
          20          12  -7.9490062650404923E-015
          20          13  -1.8963055522011366E-014
          20          14  -7.2842905224984045E-003
          20          15  -4.5135068587099545E-015
          20          16  -5.3069107934446084E-015
          20          17   1.6680642095594990E-014
          20          18 -0.52107581475041220     
          20          19   2.0327650837754183E-014
          20          20   1.8640814832687886     
          20          21  -2.8719685954521976E-013
          20          22   3.8379838277764701E-013
          20          23 -0.52107581475056208     
          20          24 -0.20381887035407720     
          20          25  -1.3700332995612876E-014
          20          26  0.29246338778978909     
          20          27  -5.0217557046326246E-014
          20          28   2.3565266288710515E-014
          20          29 -0.20381887035411378     
          21           1   5.4597262358025192E-016
          21           2   7.9176285286771011E-016
          21           3   1.6798379876414655E-014
          21           4  -9.0689219062971101E-015
          21           5   3.0980806333191803E-015
          21           6   3.9898010078420559E-014
          21           7  -4.0137307849467421E-014
          21           8   1.9672441927968917E-014
          21           9  -5.9378300635792099E-015
          21          10   1.2244850521425589E-014
          21          11  -1.7909203691633774E-014
          21          12  -2.7194870403988458E-014
          21          13  -6.7048509354869961E-015
          21          14   2.6722344950825370E-014
          21          15   5.3021476242893302E-017
          21          16   5.7753874566522398E-015
          21          17  -2.1826341627670343E-015
          21          18   6.4067719264368834E-014
          21          19  -6.7133798519583624E-016
          21          20  -2.8719685954521976E-013
          21          21   1.5964832067149068     
          21          22   8.4238171993271563E-015
          21          23   2.6642231851988770E-013
          21          24  -2.8627935955018633E-015
          21          25   1.0920843222797426E-014
          21          26  -6.5600976918066900E-014
          21          27  0.32816516378399624     
          21          28   1.8110513089143987E-015
          21          29   7.0330932151403156E-014
          22           1   2.8953642546258431E-016
          22           2  -1.1488856112570440E-014
          22           3  -2.7456875724530963E-014
          22           4   3.2748689450165634E-016
          22           5   2.5511983251970658E-015
          22           6  -9.0415709790807035E-014
          22           7   6.8116903013819543E-014
          22           8   1.1854145249586362E-014
          22           9   1.2346437516016382E-014
          22          10   3.4365348101868695E-015
          22          11  -7.1563134877132649E-015
          22          12   3.5317130244669754E-014
          22          13  -6.8677467595356648E-015
          22          14  -4.1054529265613348E-015
          22          15   9.8534598793045992E-015
          22          16  -2.0181711570717669E-014
          22          17  -2.0309597545600815E-014
          22          18  -1.7991684054859914E-013
          22          19   1.2309597785528378E-014
          22          20   3.8379838277764701E-013
          22          21   8.4238171993271563E-015
          22          22   1.5964832067149075     
          22          23  -3.1432277038331477E-013
          22          24  -1.8374487600894349E-015
          22          25  -2.6160497379469252E-014
          22          26   4.3658075061928168E-014
          22          27  -2.3855917241639255E-014
          22          28  0.32816516378399085     
          22          29  -5.5265359984683663E-014
          23           1  0.19284442319945055     
          23           2  0.71471966575534362     
          23           3  -1.9459699157793358E-015
          23           4  -1.9336219948291245E-014
          23           5   5.9813843632189108E-015
          23           6 -0.15021547062237001     
          23           7   2.6524077101344129E-015
          23           8   4.0266489500854967E-014
          23           9   3.9713055583433135E-015
          23          10  0.16928365081699812     
          23          11  -5.1689571259007790E-015
          23          12   1.0688699676970434E-014
          23          13   1.0293214253183521E-014
          23          14  -7.2842905225061864E-003
          23          15   4.4322703269671908E-015
          23          16   1.1481867485077722E-015
          23          17  -4.7985267434352708E-015
          23          18 -0.52107581475065279     
          23          19   1.3609385914480306E-014
          23          20 -0.52107581475056208     
          23          21   2.6642231851988770E-013
          23          22  -3.1432277038331477E-013
          23          23   1.8640814832683226     
          23          24 -0.20381887035414215     
          23          25   5.1705066077702337E-015
          23          26 -0.20381887035411289     
          23          27   5.9760441482814282E-014
          23          28  -3.0232620377164720E-014
          23          29  0.29246338778966530     
          24           1   1.1448914216095986E-002
          24           2   2.3798957144949805E-003
          24           3   1.0842244789790780E-015
          24           4  -7.5082774777405275E-015
          24           5   1.0964640246078649E-015
          24           6  0.10756075503715824     
          24           7   5.9581227136380555E-015
          24           8   3.2562153005780650E-015
          24           9   2.3867388578551980E-015
          24          10 -0.24535011891486364     
          24          11  -4.3715531545864334E-015
          24          12  -4.6839563357512208E-015
          24          13  -3.2802786108836394E-015
          24          14   9.4337364402961865E-003
          24          15  -5.4178023492882449E-016
          24          16   6.7887160171332999E-016
          24          17  -1.2977911929057659E-015
          24          18  0.29246338778974290     
          24          19  -4.2726970109237000E-015
          24          20 -0.20381887035407720     
          24          21  -2.8627935955018633E-015
          24          22  -1.8374487600894349E-015
          24          23 -0.20381887035414215     
          24          24  0.17640196266694669     
          24          25   5.4034881097323980E-016
          24          26   2.6235982108739030E-002
          24          27  -3.7197321727121604E-015
          24          28   4.4748664671891820E-015
          24          29   2.6235982108734152E-002
          25           1  -3.2855984075634929E-015
          25           2  -1.7112140483605636E-014
          25           3  -1.5545714876572630E-015
          25           4  -7.0676461282413556E-015
          25           5   2.2349433596223807E-015
          25           6   2.1062846886989036E-014
          25           7  -5.4238042439288077E-015
          25           8   2.6371677023012392E-014
          25           9   1.1078426431827838E-015
          25          10  -5.4649927399069562E-015
          25          11  -6.3045679654928939E-015
          25          12  -4.4790118034125770E-016
          25          13  -6.1438440653472946E-015
          25          14  -3.5360223889499810E-015
          25          15   1.0978061842909701E-015
          25          16   2.1570309309557294E-016
          25          17   4.5647175098452994E-016
          25          18  -1.7704429124235112E-015
          25          19  0.32816516378397803     
          25          20  -1.3700332995612876E-014
          25          21   1.0920843222797426E-014
          25          22  -2.6160497379469252E-014
          25          23   5.1705066077702337E-015
          25          24   5.4034881097323980E-016
          25          25   9.6250696442099645E-002
          25          26  -2.6287252846624114E-015
          25          27  -5.3074406848485052E-016
          25          28  -3.4445916171498628E-015
          25          29   5.1441099193980643E-015
          26           1   1.1448914216098430E-002
          26           2   2.3798957145233883E-003
          26           3   3.3589169033997743E-015
          26           4  -1.2172668176995522E-014
          26           5   3.6931967675221563E-015
          26           6  0.10756075503718185     
          26           7  -7.6823083658951239E-015
          26           8   2.3004784334856996E-014
          26           9  -6.4990216968605223E-015
          26          10 -0.24535011891484187     
          26          11   3.9384011391422456E-015
          26          12  -1.8594217081920091E-015
          26          13  -6.7664312378481452E-016
          26          14   9.4337364402960980E-003
          26          15  -4.8918512483356595E-015
          26          16  -1.7725955832027170E-015
          26          17   6.5951223510562139E-015
          26          18 -0.20381887035407029     
          26          19   4.2668705530794879E-016
          26          20  0.29246338778978909     
          26          21  -6.5600976918066900E-014
          26          22   4.3658075061928168E-014
          26          23 -0.20381887035411289     
          26          24   2.6235982108739030E-002
          26          25  -2.6287252846624114E-015
          26          26  0.17640196266694189     
          26          27  -1.9285329996388308E-014
          26          28   7.4100479716847601E-016
          26          29   2.6235982108730814E-002
          27           1  -2.8762271550653496E-015
          27           2   8.1662552056320065E-015
          27           3   5.0295433846122901E-016
          27           4  -4.4462058531376265E-015
          27           5  -6.1143169353889476E-016
          27           6  -1.0462801708679017E-014
          27           7  -1.0006791155714332E-015
          27           8   9.2224539102703212E-015
          27           9  -5.3801871561883615E-015
          27          10   9.8485656726556101E-015
          27          11  -5.6335859452561534E-015
          27          12  -6.6211511652716724E-015
          27          13  -6.5295881793108732E-015
          27          14   7.8598709312152847E-015
          27          15   1.7934486267572005E-015
          27          16   4.0613498137788603E-016
          27          17  -2.9060543025478353E-015
          27          18  -1.7288806918042863E-016
          27          19  -3.0852599121308628E-015
          27          20  -5.0217557046326246E-014
          27          21  0.32816516378399624     
          27          22  -2.3855917241639255E-014
          27          23   5.9760441482814282E-014
          27          24  -3.7197321727121604E-015
          27          25  -5.3074406848485052E-016
          27          26  -1.9285329996388308E-014
          27          27   9.6250696442105599E-002
          27          28  -1.1149935141863229E-015
          27          29   1.9606149701377689E-014
          28           1   2.0829778155413796E-015
