           1           1   2.0301186777243987     
           1           2  -4.0581936420317266E-002
           1           3   1.6337874141738561E-015
           1           4   1.5146828672769137E-014
           1           5   1.2525682407207185E-014
           1           6 -0.13412841197210426     
           1           7   1.0042956194072964E-015
           1           8   1.4064151562378770E-014
           1           9   2.6115175437449735E-015
           2           1  -4.0581936420317266E-002
           2           2  0.15402875430318133     
           2           3  -2.6218526659589319E-015
           2           4  -5.3591024427805795E-014
           2           5  -3.4419878085504939E-014
           2           6  0.25328462791111306     
           2           7  -4.2952839984787022E-015
           2           8  -5.7230896255480710E-014
           2           9  -3.4875883482266317E-014
           3           1   1.6337874141738561E-015
           3           2  -2.6218526659589319E-015
           3           3   4.5144174494667399E-029
           3           4   9.1308717307524168E-028
           3           5   5.8766731373801386E-028
           3           6  -4.3438142671789047E-015
           3           7   7.3038752172483398E-029
           3           8   9.7369512204358234E-028
           3           9   5.9075093886619151E-028
           4           1   1.5146828672769137E-014
           4           2  -5.3591024427805795E-014
           4           3   9.1308717307524168E-028
           4           4   1.8648401212273821E-026
           4           5   1.1978269962352105E-026
           4           6  -8.8164322110847697E-014
           4           7   1.4943078522864672E-027
           4           8   1.9911722881002205E-026
           4           9   1.2131861031481846E-026
           5           1   1.2525682407207185E-014
           5           2  -3.4419878085504939E-014
           5           3   5.8766731373801386E-028
           5           4   1.1978269962352105E-026
           5           5   7.6978765101676180E-027
           5           6  -5.6717481830511981E-014
           5           7   9.5958967525659380E-028
           5           8   1.2787293415499204E-026
           5           9   7.7826152707360317E-027
           6           1 -0.13412841197210426     
           6           2  0.25328462791111306     
           6           3  -4.3438142671789047E-015
           6           4  -8.8164322110847697E-014
           6           5  -5.6717481830511981E-014
           6           6  0.41876265331249168     
           6           7  -7.0587071912090291E-015
           6           8  -9.4076453339099815E-014
           6           9  -5.7132549605547775E-014
           7           1   1.0042956194072964E-015
           7           2  -4.2952839984787022E-015
           7           3   7.3038752172483398E-029
           7           4   1.4943078522864672E-027
           7           5   9.5958967525659380E-028
           7           6  -7.0587071912090291E-015
           7           7   1.1979054693829993E-028
           7           8   1.5960202251429775E-027
           7           9   9.7293741039899150E-028
           8           1   1.4064151562378770E-014
           8           2  -5.7230896255480710E-014
           8           3   9.7369512204358234E-028
           8           4   1.9911722881002205E-026
           8           5   1.2787293415499204E-026
           8           6  -9.4076453339099815E-014
           8           7   1.5960202251429775E-027
           8           8   2.1265211664939358E-026
           8           9   1.2961766858953065E-026
           9           1   2.6115175437449735E-015
           9           2  -3.4875883482266317E-014
           9           3   5.9075093886619151E-028
           9           4   1.2131861031481846E-026
           9           5   7.7826152707360317E-027
           9           6  -5.7132549605547775E-014
           9           7   9.7293741039899150E-028
           9           8   1.2961766858953065E-026
           9           9   7.9185641267000155E-027
