           1           1   2.0158472681758215     
           1           2 -0.13264439219299662     
           1           3  -8.9662245137292003E-016
           1           4   9.6119794039491550E-017
           1           5  -1.9404676365089191E-016
           1           6  -3.3265892534272042E-004
           1           7   3.7286931657587233E-016
           1           8   4.8769621429489444E-017
           1           9   3.9104598776863854E-016
           2           1 -0.13264439219299662     
           2           2  0.92935007621076970     
           2           3  -8.1836503326262175E-016
           2           4  -1.2132491838156268E-016
           2           5   2.4616109423298176E-016
           2           6   4.9884209678658489E-002
           2           7   1.0099989066261577E-015
           2           8   2.3866290249543603E-016
           2           9  -1.7950444644076249E-016
           3           1  -8.9662245137292003E-016
           3           2  -8.1836503326262175E-016
           3           3   1.3195142738763561E-030
           3           4  -4.9164830871396930E-032
           3           5  -1.1050084280162333E-031
           3           6  -5.3324883048207058E-017
           3           7  -1.2102080239143010E-030
           3           8  -1.8719696197568322E-031
           3           9  -9.7519611204249119E-032
           4           1   9.6119794039491550E-017
           4           2  -1.2132491838156268E-016
           4           3  -4.9164830871396930E-032
           4           4   1.7808143745157640E-031
           4           5  -7.3544831746272334E-032
           4           6   1.9221329177450648E-018
           4           7  -3.1289474391371667E-032
           4           8  -1.1705363688638922E-031
           4           9   1.3406154647367862E-031
           5           1  -1.9404676365089191E-016
           5           2   2.4616109423298176E-016
           5           3  -1.1050084280162333E-031
           5           4  -7.3544831746272334E-032
           5           5   8.5606638170075624E-032
           5           6   1.0869683073354890E-017
           5           7   2.0867838420870958E-031
           5           8   7.6312362641560635E-032
           5           9  -9.7869668452468960E-032
           6           1  -3.3265892534272042E-004
           6           2   4.9884209678658489E-002
           6           3  -5.3324883048207058E-017
           6           4   1.9221329177450648E-018
           6           5   1.0869683073354890E-017
           6           6   3.1197787969757845E-003
           6           7   6.0084240399363306E-017
           6           8   8.5162106289178428E-018
           6           9  -3.4558636270935160E-018
           7           1   3.7286931657587233E-016
           7           2   1.0099989066261577E-015
           7           3  -1.2102080239143010E-030
           7           4  -3.1289474391371667E-032
           7           5   2.0867838420870958E-031
           7           6   6.0084240399363306E-017
           7           7   1.2718899951014790E-030
           7           8   2.3590478016092305E-031
           7           9  -5.2005996171978096E-032
           8           1   4.8769621429489444E-017
           8           2   2.3866290249543603E-016
           8           3  -1.8719696197568322E-031
           8           4  -1.1705363688638922E-031
           8           5   7.6312362641560635E-032
           8           6   8.5162106289178428E-018
           8           7   2.3590478016092305E-031
           8           8   1.1468736924413306E-031
           8           9  -8.4846479131936943E-032
           9           1   3.9104598776863854E-016
           9           2  -1.7950444644076249E-016
           9           3  -9.7519611204249119E-032
           9           4   1.3406154647367862E-031
           9           5  -9.7869668452468960E-032
           9           6  -3.4558636270935160E-018
           9           7  -5.2005996171978096E-032
           9           8  -8.4846479131936943E-032
           9           9   1.5970629444592352E-031
