           1           1   2.1246213074756657     
           1           2 -0.52797130373008827     
           1           3  -1.1396046678539490E-014
           1           4   1.2727680058051133E-014
           1           5   1.2887286832778785E-014
           1           6   4.1207958638252738E-002
           1           7  -1.3790454761009377E-015
           1           8   1.6132946486866276E-014
           1           9  -9.1174071391627548E-016
           1          10   5.3555501508301143E-002
           1          11  -1.9568086909219764E-014
           1          12  -7.3645796958877552E-015
           1          13   3.2406503080301976E-015
           2           1 -0.52797130373008827     
           2           2   2.2408057870969280     
           2           3   5.9872069360412919E-015
           2           4   6.9630828965213984E-014
           2           5   2.7058016146633681E-014
           2           6 -0.24760875528881593     
           2           7  -7.0652105632970227E-014
           2           8   5.8843505012185009E-014
           2           9  -2.1551603900068686E-014
           2          10 -0.27500836466927037     
           2          11  -8.4557939879548349E-015
           2          12  -1.3141048672304091E-014
           2          13   2.9750637055302849E-015
           3           1  -1.1396046678539490E-014
           3           2   5.9872069360412919E-015
           3           3   1.9804926519220940     
           3           4   3.8857805861767356E-016
           3           5  -4.7462034302721514E-015
           3           6  -4.5885119720992017E-014
           3           7   4.5477183803140656E-002
           3           8  -4.8273017527742738E-015
           3           9   8.4893030105601571E-015
           3          10  -3.3711598670872297E-014
           3          11  -1.2778767336483289E-002
           3          12   1.0474206137844376E-014
           3          13   5.1087606367505736E-015
           4           1   1.2727680058051133E-014
           4           2   6.9630828965213984E-014
           4           3   3.8857805861767356E-016
           4           4   1.9804926519220971     
           4           5  -3.3462815851595283E-015
           4           6   7.4237705768425808E-014
           4           7   1.3047072103256366E-014
           4           8   4.5477183803135798E-002
           4           9   4.2358152575758876E-015
           4          10   6.3707998965489388E-015
           4          11  -9.9119931012916791E-015
           4          12  -1.2778767336470799E-002
           4          13  -1.5945903451764923E-016
           5           1   1.2887286832778785E-014
           5           2   2.7058016146633681E-014
           5           3  -4.7462034302721514E-015
           5           4  -3.3462815851595283E-015
           5           5   1.9804926519220980     
           5           6   1.7409252409554507E-014
           5           7   1.4585012884926666E-014
           5           8  -5.5688418286458970E-015
           5           9   4.5477183803133009E-002
           5          10  -4.3490033531976245E-015
           5          11  -1.0507436934427873E-014
           5          12   6.9070861226731379E-015
           5          13  -1.2778767336469649E-002
           6           1   4.1207958638252738E-002
           6           2 -0.24760875528881593     
           6           3  -4.5885119720992017E-014
           6           4   7.4237705768425808E-014
           6           5   1.7409252409554507E-014
           6           6  0.52905871078696232     
           6           7  -4.7194050059859846E-015
           6           8   3.6692705190428755E-015
           6           9  -2.3130181850261809E-014
           6          10  0.56826478344645481     
           6          11  -1.3807335937677190E-013
           6          12   8.9570261036181819E-014
           6          13  -1.6044688525630620E-014
           7           1  -1.3790454761009377E-015
           7           2  -7.0652105632970227E-014
           7           3   4.5477183803140656E-002
           7           4   1.3047072103256366E-014
           7           5   1.4585012884926666E-014
           7           6  -4.7194050059859846E-015
           7           7   1.0442726180581866E-003
           7           8   1.8856986284898916E-016
           7           9   5.3233818449317819E-016
           7          10  -4.4669350108334821E-015
           7          11  -2.9343322752348221E-004
           7          12   1.5637752865510357E-016
           7          13   2.2510324091073064E-017
           8           1   1.6132946486866276E-014
           8           2   5.8843505012185009E-014
           8           3  -4.8273017527742738E-015
           8           4   4.5477183803135798E-002
           8           5  -5.5688418286458970E-015
           8           6   3.6692705190428755E-015
           8           7   1.8856986284898916E-016
           8           8   1.0442726180579617E-003
           8           9  -2.8789802844329213E-017
           8          10   2.1141970665604565E-015
           8          11  -1.9640491761219983E-016
           8          12  -2.9343322752316357E-004
           8          13   3.1763312005373975E-017
           9           1  -9.1174071391627548E-016
           9           2  -2.1551603900068686E-014
           9           3   8.4893030105601571E-015
           9           4   4.2358152575758876E-015
           9           5   4.5477183803133009E-002
           9           6  -2.3130181850261809E-014
           9           7   5.3233818449317819E-016
           9           8  -2.8789802844329213E-017
           9           9   1.0442726180578332E-003
           9          10  -2.5258198110976637E-014
           9          11  -2.9675926361375061E-016
           9          12   1.3076346408545245E-016
           9          13  -2.9343322752311901E-004
          10           1   5.3555501508301143E-002
          10           2 -0.27500836466927037     
          10           3  -3.3711598670872297E-014
          10           4   6.3707998965489388E-015
          10           5  -4.3490033531976245E-015
          10           6  0.56826478344645481     
          10           7  -4.4669350108334821E-015
          10           8   2.1141970665604565E-015
          10           9  -2.5258198110976637E-014
          10          10  0.61044018640416176     
          10          11  -1.4818796019095204E-013
          10          12   9.6529938864968708E-014
          10          13  -1.7053869020666885E-014
          11           1  -1.9568086909219764E-014
          11           2  -8.4557939879548349E-015
          11           3  -1.2778767336483289E-002
          11           4  -9.9119931012916791E-015
          11           5  -1.0507436934427873E-014
          11           6  -1.3807335937677190E-013
          11           7  -2.9343322752348221E-004
          11           8  -1.9640491761219983E-016
          11           9  -2.9675926361375061E-016
          11          10  -1.4818796019095204E-013
          11          11   8.2452663725855665E-005
          11          12  -3.6456298287569274E-018
          11          13   3.5031588637164032E-017
          12           1  -7.3645796958877552E-015
          12           2  -1.3141048672304091E-014
          12           3   1.0474206137844376E-014
          12           4  -1.2778767336470799E-002
          12           5   6.9070861226731379E-015
          12           6   8.9570261036181819E-014
          12           7   1.5637752865510357E-016
          12           8  -2.9343322752316357E-004
          12           9   1.3076346408545245E-016
          12          10   9.6529938864968708E-014
          12          11  -3.6456298287569274E-018
          12          12   8.2452663725694335E-005
          12          13  -4.3395827231325007E-017
          13           1   3.2406503080301976E-015
          13           2   2.9750637055302849E-015
          13           3   5.1087606367505736E-015
          13           4  -1.5945903451764923E-016
          13           5  -1.2778767336469649E-002
          13           6  -1.6044688525630620E-014
          13           7   2.2510324091073064E-017
          13           8   3.1763312005373975E-017
          13           9  -2.9343322752311901E-004
          13          10  -1.7053869020666885E-014
          13          11   3.5031588637164032E-017
          13          12  -4.3395827231325007E-017
          13          13   8.2452663725679482E-005
