           1           1   2.1279896279046553     
           1           2 -0.53387493477885606     
           1           3  -6.7472573662584165E-015
           1           4  -3.1321033941477099E-015
           1           5   2.2527594163467746E-015
           1           6  0.14671695342845226     
           1           7   5.7347835329677644E-016
           1           8   1.9546500652182813E-015
           1           9   2.3363280748375359E-015
           1          10  -3.4474324006730672E-002
           1          11  -8.6554261832634756E-016
           1          12  -1.8108707094821701E-015
           1          13  -1.3259225689751399E-015
           2           1 -0.53387493477885606     
           2           2   2.2268691010679511     
           2           3   3.2536691529913232E-014
           2           4   1.1513539949903872E-014
           2           5  -7.4527085531064686E-015
           2           6 -0.59909407286243321     
           2           7   1.0624837823254714E-015
           2           8  -7.7286589289205029E-016
           2           9  -4.6252168383922317E-015
           2          10  0.14106887568855375     
           2          11  -3.9642477786635432E-016
           2          12   1.1428730390404750E-015
           2          13   3.8073559395499615E-015
           3           1  -6.7472573662584165E-015
           3           2   3.2536691529913232E-014
           3           3   2.0671180127146846     
           3           4  -2.0539125955565396E-015
           3           5  -4.4061976289810930E-016
           3           6   3.9568527161081365E-015
           3           7 -0.20802011254549979     
           3           8   8.7256590841633377E-016
           3           9   1.7989082445879505E-015
           3          10  -4.8376493302774283E-015
           3          11  0.10674830900109761     
           3          12   1.9350840374521303E-015
           3          13   5.8069868358323499E-016
           4           1  -3.1321033941477099E-015
           4           2   1.1513539949903872E-014
           4           3  -2.0539125955565396E-015
           4           4   2.0671180127146860     
           4           5   6.5919492087118670E-016
           4           6  -2.4585978379845102E-015
           4           7  -4.8919202022546167E-016
           4           8 -0.20802011254549868     
           4           9  -2.0435042547006780E-015
           4          10   4.4866685168572498E-016
           4          11   7.7021722333370373E-016
           4          12  0.10674830900109736     
           4          13   2.8115530736894085E-015
           5           1   2.2527594163467746E-015
           5           2  -7.4527085531064686E-015
           5           3  -4.4061976289810930E-016
           5           4   6.5919492087118670E-016
           5           5   2.0671180127146851     
           5           6   8.7956236141826266E-016
           5           7  -8.1705475718507417E-016
           5           8  -3.5041414214731553E-016
           5           9 -0.20802011254550179     
           5          10  -1.2147995088201207E-015
           5          11   9.0400777141841301E-016
           5          12   5.1651391497209382E-016
           5          13  0.10674830900110086     
           6           1  0.14671695342845226     
           6           2 -0.59909407286243321     
           6           3   3.9568527161081365E-015
           6           4  -2.4585978379845102E-015
           6           5   8.7956236141826266E-016
           6           6   2.6915807864418597     
           6           7  -1.3239315785582594E-014
           6           8   9.7217198153300663E-016
           6           9   2.9753365432296523E-015
           6          10 -0.39362172608380669     
           6          11   3.9335072197879857E-015
           6          12   2.8873829683331529E-015
           6          13  -1.9623633097490160E-015
           7           1   5.7347835329677644E-016
           7           2   1.0624837823254714E-015
           7           3 -0.20802011254549979     
           7           4  -4.8919202022546167E-016
           7           5  -8.1705475718507417E-016
           7           6  -1.3239315785582594E-014
           7           7   2.2564079876712710E-002
           7           8   3.1116602350338180E-017
           7           9  -1.2175590397013536E-016
           7          10   2.2784706514414185E-015
           7          11  -1.1432172875988269E-002
           7          12  -3.1490652099843000E-016
           7          13  -7.1774183818531038E-017
           8           1   1.9546500652182813E-015
           8           2  -7.7286589289205029E-016
           8           3   8.7256590841633377E-016
           8           4 -0.20802011254549868     
           8           5  -3.5041414214731553E-016
           8           6   9.7217198153300663E-016
           8           7   3.1116602350338180E-017
           8           8   2.2564079876712502E-002
           8           9   2.2096040275254304E-016
           8          10  -1.2177809286503762E-015
           8          11  -5.3722217646662914E-017
           8          12  -1.1432172875988250E-002
           8          13  -2.6844845790740286E-016
           9           1   2.3363280748375359E-015
           9           2  -4.6252168383922317E-015
           9           3   1.7989082445879505E-015
           9           4  -2.0435042547006780E-015
           9           5 -0.20802011254550179     
           9           6   2.9753365432296523E-015
           9           7  -1.2175590397013536E-016
           9           8   2.2096040275254304E-016
           9           9   2.2564079876713140E-002
           9          10  -3.9788421259384334E-016
           9          11   2.4502969098176579E-017
           9          12  -1.7054500173196674E-016
           9          13  -1.1432172875988756E-002
          10           1  -3.4474324006730672E-002
          10           2  0.14106887568855375     
          10           3  -4.8376493302774283E-015
          10           4   4.4866685168572498E-016
          10           5  -1.2147995088201207E-015
          10           6 -0.39362172608380669     
          10           7   2.2784706514414185E-015
          10           8  -1.2177809286503762E-015
          10           9  -3.9788421259384334E-016
          10          10   8.8895141352404727E-002
          10          11  -6.7923141454764540E-016
          10          12  -3.9145036636547397E-016
          10          13   1.3913056282386963E-016
          11           1  -8.6554261832634756E-016
          11           2  -3.9642477786635432E-016
          11           3  0.10674830900109761     
          11           4   7.7021722333370373E-016
          11           5   9.0400777141841301E-016
          11           6   3.9335072197879857E-015
          11           7  -1.1432172875988269E-002
          11           8  -5.3722217646662914E-017
          11           9   2.4502969098176579E-017
          11          10  -6.7923141454764540E-016
          11          11   5.8044290177668998E-003
          11          12   1.7669784906082942E-016
          11          13   5.9197438617704857E-017
          12           1  -1.8108707094821701E-015
          12           2   1.1428730390404750E-015
          12           3   1.9350840374521303E-015
          12           4  0.10674830900109736     
          12           5   5.1651391497209382E-016
          12           6   2.8873829683331529E-015
          12           7  -3.1490652099843000E-016
          12           8  -1.1432172875988250E-002
          12           9  -1.7054500173196674E-016
          12          10  -3.9145036636547397E-016
          12          11   1.7669784906082942E-016
          12          12   5.8044290177669241E-003
          12          13   1.6704844972570217E-016
          13           1  -1.3259225689751399E-015
          13           2   3.8073559395499615E-015
          13           3   5.8069868358323499E-016
          13           4   2.8115530736894085E-015
          13           5  0.10674830900110086     
          13           6  -1.9623633097490160E-015
          13           7  -7.1774183818531038E-017
          13           8  -2.6844845790740286E-016
          13           9  -1.1432172875988756E-002
          13          10   1.3913056282386963E-016
          13          11   5.9197438617704857E-017
          13          12   1.6704844972570217E-016
          13          13   5.8044290177672805E-003
