           1           1   2.1944494194194610     
           1           2  0.70247960620583116     
           1           3   3.9859259536204333E-016
           1           4   2.9984007335489278E-014
           1           5  -7.1218107659767095E-015
           1           6 -0.28144118477426566     
           1           7  -6.8104394575069798E-015
           1           8  -2.9149467335328398E-015
           1           9   1.7975159516900294E-014
           1          10  -4.1150296063560084E-002
           1          11   1.7681546364335639E-015
           1          12  -1.0299628690360632E-015
           1          13  -5.8467167377778840E-016
           1          14  -1.6761628009613085E-002
           1          15   1.0246233776222552E-016
           1          16  -2.5694128714542055E-015
           1          17   4.3865738947738792E-016
           1          18  -1.2520009056812000E-002
           1          19  -6.8515037718071430E-016
           1          20  -1.0979470469022676E-002
           1          21  -1.8078790506447864E-015
           1          22   3.9232018106944216E-015
           1          23  -1.3785120861980176E-002
           1          24  -2.8444301491674005E-002
           1          25   1.5562081008547527E-015
           1          26  -2.8376127045829966E-002
           1          27  -1.2260479521655609E-015
           1          28   2.0737479521899029E-015
           1          29  -2.8508102057134152E-002
           2           1  0.70247960620583116     
           2           2   2.5146742779574129     
           2           3  -6.6529268680338403E-015
           2           4   9.2460134315981485E-014
           2           5  -2.3920227942590677E-014
           2           6  -1.3816844826906469     
           2           7  -1.1349052032050367E-014
           2           8  -5.9405483224995485E-015
           2           9   5.9241457265838468E-014
           2          10 -0.14937604331575632     
           2          11  -6.3214079291966239E-015
           2          12  -2.4261332035910329E-015
           2          13   1.2932863699784878E-014
           2          14  -5.9884236885958120E-002
           2          15  -5.0833656604381882E-015
           2          16  -1.8517550235801175E-016
           2          17  -6.5143984677919939E-015
           2          18 -0.18493006561699332     
           2          19  -4.3872182308791443E-015
           2          20 -0.17871995137736496     
           2          21   8.7255281846687659E-015
           2          22   1.0911429356087292E-014
           2          23 -0.19003712460103997     
           2          24 -0.11426073488384723     
           2          25   1.0708198626386019E-014
           2          26 -0.11403635106260999     
           2          27  -1.0413536993719473E-014
           2          28   1.0656029971717895E-014
           2          29 -0.11447345751202215     
           3           1   3.9859259536204333E-016
           3           2  -6.6529268680338403E-015
           3           3   2.2808747398487261     
           3           4   2.5845538441521361E-012
           3           5   8.3049314092792493E-013
           3           6  -7.9469452911567694E-015
           3           7 -0.76894825019064283     
           3           8  -7.9695440053838953E-014
           3           9  -5.5107217375897006E-014
           3          10  -1.8611006088141063E-015
           3          11  0.16238632953552237     
           3          12   3.2223943370153401E-014
           3          13   1.6194437312456525E-014
           3          14  -1.9789432924432182E-015
           3          15  -8.6029943078399812E-002
           3          16  -1.7951827036196237E-014
           3          17  -8.5403499365822389E-015
           3          18   4.1704010160691502E-015
           3          19   3.3014594244067931E-015
           3          20   2.0045503505285152E-016
           3          21   2.0916417166668957E-015
           3          22   4.3505034709233153E-015
           3          23  -1.4282389145483968E-015
           3          24   3.1419313518158737E-015
           3          25   4.6563450356867166E-016
           3          26  -5.8264336881610474E-017
           3          27   3.3470894905451072E-016
           3          28  -1.3195999867657093E-016
           3          29  -1.4349194020700485E-015
           4           1   2.9984007335489278E-014
           4           2   9.2460134315981485E-014
           4           3   2.5845538441521361E-012
           4           4   2.2810096000579638     
           4           5  -2.5288876747109778E-013
           4           6  -9.4769522333399762E-015
           4           7  -7.5830576375957287E-014
           4           8 -0.76905363513368830     
           4           9   2.7458919211947942E-014
           4          10  -1.8406059863602267E-014
           4          11   3.5035398266284003E-014
           4          12  0.16329905192417260     
           4          13   3.5561882989629534E-015
           4          14  -1.5167975981356183E-014
           4          15  -2.1764118970657325E-014
           4          16  -8.6469547811251921E-002
           4          17  -3.4699523526323088E-015
           4          18   2.7343084474329823E-015
           4          19   1.1145287392215854E-015
           4          20  -9.7781162829094787E-015
           4          21   2.4593354810723218E-016
           4          22  -1.5347211362648095E-015
           4          23  -9.7646118686542747E-015
           4          24   2.2852125188772674E-015
           4          25   6.0318132147842354E-015
           4          26  -1.2225018023399791E-015
           4          27  -1.8265416793807667E-015
           4          28  -1.3577111490350104E-016
           4          29   2.5117649264165330E-015
           5           1  -7.1218107659767095E-015
           5           2  -2.3920227942590677E-014
           5           3   8.3049314092792493E-013
           5           4  -2.5288876747109778E-013
           5           5   2.2807523981890716     
           5           6   8.0007713424010622E-014
           5           7  -5.6590175966408241E-014
           5           8   2.8688648359111609E-014
           5           9 -0.76885065797479946     
           5          10   2.6752921412636413E-016
           5          11   1.6208161716220799E-014
           5          12   1.6590971684172571E-015
           5          13  0.16156388590682383     
           5          14  -4.1121605621324899E-015
           5          15  -7.2030141436178789E-015
           5          16   9.3431386659220952E-016
           5          17  -8.5634656354349026E-002
           5          18   1.8978481827611511E-014
           5          19   2.1755503821993410E-015
           5          20   1.2715664241115804E-014
           5          21  -3.8637129037917508E-015
           5          22   2.1650364092190522E-015
           5          23   1.9640297579765038E-014
           5          24   2.5032806809010825E-015
           5          25  -4.1563168264099834E-016
           5          26   5.4579364530383770E-015
           5          27   7.4083403928415242E-016
           5          28   2.8772684851302068E-015
           5          29   3.4186289087460065E-015
           6           1 -0.28144118477426566     
           6           2  -1.3816844826906469     
           6           3  -7.9469452911567694E-015
           6           4  -9.4769522333399762E-015
           6           5   8.0007713424010622E-014
           6           6   6.3884549510864579     
           6           7   1.8045548570967977E-014
           6           8  -6.0661391184986310E-015
           6           9  -1.9847524916683597E-013
           6          10  0.54631591518589184     
           6          11   1.8477392563122071E-014
           6          12   2.2964776704138168E-014
           6          13  -2.6031459935316043E-014
           6          14  0.21392650478471079     
           6          15   1.2440539967951149E-014
           6          16  -1.1601093628638149E-014
           6          17   4.8295691697703439E-015
           6          18   1.0325230637446234     
           6          19   3.0438063908813500E-014
           6          20   1.0104102669477077     
           6          21  -6.3211997462978757E-014
           6          22   5.1995996872157758E-015
           6          23   1.0508763735561046     
           6          24  0.46673374573016829     
           6          25  -2.5909584942042985E-014
           6          26  0.46711935279503486     
           6          27   3.4781612927395020E-014
           6          28  -2.7526677633931945E-014
           6          29  0.46644662345443200     
           7           1  -6.8104394575069798E-015
           7           2  -1.1349052032050367E-014
           7           3 -0.76894825019064283     
           7           4  -7.5830576375957287E-014
           7           5  -5.6590175966408241E-014
           7           6   1.8045548570967977E-014
           7           7   2.1508937875529366     
           7           8   8.4739188680688923E-014
           7           9   1.1920309098638620E-013
           7          10   8.4250788442723328E-016
           7          11 -0.38609001475687221     
           7          12  -1.0252931232077722E-014
           7          13  -1.3759593719129546E-014
           7          14   1.5390201952598337E-016
           7          15  0.20177305973726389     
           7          16   5.9337235283670436E-015
           7          17   7.8732598799801180E-015
           7          18  -8.6490666863673324E-015
           7          19  -2.4862211770029819E-015
           7          20  -6.5939153497159696E-015
           7          21   2.3658631554780446E-015
           7          22  -6.8105700906825758E-015
           7          23  -6.8817761552669453E-016
           7          24  -1.1080455245353632E-015
           7          25  -1.0680388582732660E-015
           7          26  -1.6523134120907871E-016
           7          27  -6.3782118121275153E-016
           7          28  -5.0037402584248141E-016
           7          29  -1.0248140807861605E-015
           8           1  -2.9149467335328398E-015
           8           2  -5.9405483224995485E-015
           8           3  -7.9695440053838953E-014
           8           4 -0.76905363513368830     
           8           5   2.8688648359111609E-014
           8           6  -6.0661391184986310E-015
           8           7   8.4739188680688923E-014
           8           8   2.1500397484561091     
           8           9  -6.9494039128373734E-014
           8          10  -2.0511245341926015E-016
           8          11  -1.0340961556437132E-014
           8          12 -0.38906576074068178     
           8          13   7.6803132854862599E-015
           8          14   3.0036611839409193E-015
           8          15   7.3002306114447914E-015
           8          16  0.20322374102789448     
           8          17  -2.2463125955487391E-015
           8          18  -4.6505106331776617E-015
           8          19   6.8335645288725731E-016
           8          20   1.1912643653770656E-014
           8          21  -2.4810520684461830E-015
           8          22  -5.8521769983997603E-015
           8          23  -1.7751192474109632E-014
           8          24  -2.5404223089992056E-015
           8          25   2.0064298876920456E-015
           8          26  -2.6987348757489716E-015
           8          27   7.6120364289355665E-016
           8          28  -1.7540490325541631E-016
           8          29  -4.1923123239032036E-016
           9           1   1.7975159516900294E-014
           9           2   5.9241457265838468E-014
           9           3  -5.5107217375897006E-014
           9           4   2.7458919211947942E-014
           9           5 -0.76885065797479946     
           9           6  -1.9847524916683597E-013
           9           7   1.1920309098638620E-013
           9           8  -6.9494039128373734E-014
           9           9   2.1516541815989871     
           9          10  -1.4589602808011576E-014
           9          11  -1.4679524980890224E-014
           9          12   3.4672328061551401E-015
           9          13 -0.38340664931459134     
           9          14  -1.0124900730624736E-015
           9          15   4.8207972382605983E-015
           9          16  -6.5801207131532813E-015
           9          17  0.20046791905564837     
           9          18  -2.3625303360627592E-014
           9          19  -1.4183880241640359E-014
           9          20  -5.2794697711981502E-015
           9          21   1.8658159110014519E-014
           9          22  -7.8932736380526739E-015
           9          23  -2.5099795305006853E-014
           9          24  -9.0636055785209495E-015
           9          25   1.3694325069190889E-015
           9          26  -1.4610151195925753E-014
           9          27  -2.6710745715004057E-015
           9          28  -2.9389068386847240E-015
           9          29  -1.1857842381987696E-014
          10           1  -4.1150296063560084E-002
          10           2 -0.14937604331575632     
          10           3  -1.8611006088141063E-015
          10           4  -1.8406059863602267E-014
          10           5   2.6752921412636413E-016
          10           6  0.54631591518589184     
          10           7   8.4250788442723328E-016
          10           8  -2.0511245341926015E-016
          10           9  -1.4589602808011576E-014
          10          10   4.8137049234028853E-002
          10          11   1.2163245456786192E-015
          10          12   8.7497854562751630E-016
          10          13  -1.2937441182579360E-015
          10          14   1.8965748804348384E-002
          10          15   8.1371819283900140E-016
          10          16  -3.4510113796240494E-016
          10          17  -2.7559017172923653E-016
          10          18   9.2313859539181406E-002
          10          19  -4.4551840754824997E-015
          10          20   9.0837059347458685E-002
          10          21   1.3606706109766396E-014
          10          22  -1.7645367000479348E-015
          10          23   9.3539036511149878E-002
          10          24   4.1427821707196277E-002
          10          25  -9.6454173253829661E-016
          10          26   4.1449727521163764E-002
          10          27   4.0641794716479594E-015
          10          28  -9.6220176470854431E-016
          10          29   4.1412038513041011E-002
          11           1   1.7681546364335639E-015
          11           2  -6.3214079291966239E-015
          11           3  0.16238632953552237     
          11           4   3.5035398266284003E-014
          11           5   1.6208161716220799E-014
          11           6   1.8477392563122071E-014
          11           7 -0.38609001475687221     
          11           8  -1.0340961556437132E-014
          11           9  -1.4679524980890224E-014
          11          10   1.2163245456786192E-015
          11          11   7.8566578419289740E-002
          11          12   1.3039894383149235E-015
          11          13   1.8050675053623211E-015
          11          14   4.7248833979230102E-016
          11          15  -4.0979228838571594E-002
          11          16  -7.8879571564108448E-016
          11          17  -1.0501955892196148E-015
          11          18   3.2098249599465437E-015
          11          19  -7.2838971203219487E-016
          11          20   2.0542990729386887E-015
          11          21   8.0379343623903772E-015
          11          22   9.6032922853676702E-015
          11          23  -2.9376335033811096E-016
          11          24   9.1488631861061166E-016
          11          25  -2.1002359660892885E-016
          11          26   7.7898423694189996E-016
          11          27   1.8748770231837542E-015
          11          28   1.2335202127576707E-015
          11          29   1.1736382768971909E-015
          12           1  -1.0299628690360632E-015
          12           2  -2.4261332035910329E-015
          12           3   3.2223943370153401E-014
          12           4  0.16329905192417260     
          12           5   1.6590971684172571E-015
          12           6   2.2964776704138168E-014
          12           7  -1.0252931232077722E-014
          12           8 -0.38906576074068178     
          12           9   3.4672328061551401E-015
          12          10   8.7497854562751630E-016
          12          11   1.3039894383149235E-015
          12          12   7.9275686243469493E-002
          12          13  -1.7536680736055704E-016
          12          14  -2.9803236024946809E-016
          12          15  -1.0330165757956066E-015
          12          16  -4.1339321249662657E-002
          12          17  -6.2983974548266606E-017
          12          18   2.1789829770429565E-015
          12          19  -5.2608105833652050E-016
          12          20  -2.2461677727775094E-015
          12          21  -4.7212262662982618E-015
          12          22  -1.7743813867855569E-015
          12          23  -1.7376109119183323E-016
          12          24   6.2916406132454776E-016
          12          25   1.7533119277106132E-016
          12          26   8.7164740624078763E-016
          12          27  -1.6523432351822962E-015
          12          28  -1.5543833719936555E-016
          12          29   8.2055527428567297E-016
          13           1  -5.8467167377778840E-016
          13           2   1.2932863699784878E-014
          13           3   1.6194437312456525E-014
          13           4   3.5561882989629534E-015
          13           5  0.16156388590682383     
          13           6  -2.6031459935316043E-014
          13           7  -1.3759593719129546E-014
          13           8   7.6803132854862599E-015
          13           9 -0.38340664931459134     
          13          10  -1.2937441182579360E-015
          13          11   1.8050675053623211E-015
          13          12  -1.7536680736055704E-016
          13          13   7.7942042782041587E-002
          13          14  -9.7557508134448450E-016
          13          15  -6.5317515707000245E-016
          13          16   6.5195725601330332E-016
          13          17  -4.0662145986255629E-002
          13          18   3.1665798337870568E-015
          13          19   1.0276061960446487E-015
          13          20   6.5837490370247526E-016
          13          21   4.1573245343628412E-017
          13          22  -8.6130553901052258E-015
          13          23  -8.0246862619383414E-016
          13          24  -1.0353829419538516E-015
          13          25   9.1100859292117130E-017
          13          26  -1.2089574198049489E-016
          13          27  -2.8464075599008314E-016
          13          28  -7.6384435550636884E-016
          13          29  -1.6725659961056945E-016
          14           1  -1.6761628009613085E-002
          14           2  -5.9884236885958120E-002
          14           3  -1.9789432924432182E-015
          14           4  -1.5167975981356183E-014
          14           5  -4.1121605621324899E-015
          14           6  0.21392650478471079     
          14           7   1.5390201952598337E-016
          14           8   3.0036611839409193E-015
          14           9  -1.0124900730624736E-015
          14          10   1.8965748804348384E-002
          14          11   4.7248833979230102E-016
          14          12  -2.9803236024946809E-016
          14          13  -9.7557508134448450E-016
          14          14   7.4828509710109202E-003
          14          15   2.7360266361186608E-016
          14          16   2.0908113816154539E-016
          14          17   1.1892251991712692E-016
          14          18   3.6604737647890045E-002
          14          19  -4.7035564099345152E-015
          14          20   3.6071059879521472E-002
          14          21   1.0961757741328507E-014
          14          22  -5.8341623323714623E-015
          14          23   3.7047439650185192E-002
          14          24   1.6365879585452828E-002
          14          25   1.4269437585397187E-017
          14          26   1.6373474869785673E-002
          14          27   1.6694851106281571E-015
          14          28  -4.0808979332243914E-016
          14          29   1.6360458929631068E-002
          15           1   1.0246233776222552E-016
          15           2  -5.0833656604381882E-015
          15           3  -8.6029943078399812E-002
          15           4  -2.1764118970657325E-014
          15           5  -7.2030141436178789E-015
          15           6   1.2440539967951149E-014
          15           7  0.20177305973726389     
          15           8   7.3002306114447914E-015
          15           9   4.8207972382605983E-015
          15          10   8.1371819283900140E-016
          15          11  -4.0979228838571594E-002
          15          12  -1.0330165757956066E-015
          15          13  -6.5317515707000245E-016
          15          14   2.7360266361186608E-016
          15          15   2.1375824804663171E-002
          15          16   5.9689433595111187E-016
          15          17   3.9448198073211931E-016
          15          18  -1.3834381044932614E-015
          15          19   3.1277990455533582E-016
          15          20  -5.6816981003616578E-016
          15          21  -3.6528107752417063E-015
          15          22  -5.7189903967052295E-015
          15          23   2.5300520394038292E-015
          15          24   5.5774307677983261E-016
          15          25   3.4484175179288284E-017
          15          26   5.7463601740212123E-016
          15          27  -8.5694314441868465E-016
          15          28  -6.5185664542586885E-016
          15          29   2.0856816738171710E-016
          16           1  -2.5694128714542055E-015
          16           2  -1.8517550235801175E-016
          16           3  -1.7951827036196237E-014
          16           4  -8.6469547811251921E-002
          16           5   9.3431386659220952E-016
          16           6  -1.1601093628638149E-014
          16           7   5.9337235283670436E-015
          16           8  0.20322374102789448     
          16           9  -6.5801207131532813E-015
          16          10  -3.4510113796240494E-016
          16          11  -7.8879571564108448E-016
          16          12  -4.1339321249662657E-002
          16          13   6.5195725601330332E-016
          16          14   2.0908113816154539E-016
          16          15   5.9689433595111187E-016
          16          16   2.1558398848273007E-002
          16          17  -2.6192797673045501E-016
          16          18  -2.8383149578755992E-016
          16          19   5.0199580544018896E-016
          16          20   1.6161335544745053E-015
          16          21   4.9511724989614929E-015
          16          22   6.5734308756814700E-015
          16          23  -5.8547329680681256E-016
          16          24  -3.1248475468415107E-016
          16          25  -1.4357235149885143E-017
          16          26  -3.8408293939703948E-016
          16          27   1.0924936708298869E-015
          16          28   1.0705415852432296E-015
          16          29  -2.3174312969020872E-016
          17           1   4.3865738947738792E-016
          17           2  -6.5143984677919939E-015
          17           3  -8.5403499365822389E-015
          17           4  -3.4699523526323088E-015
          17           5  -8.5634656354349026E-002
          17           6   4.8295691697703439E-015
          17           7   7.8732598799801180E-015
          17           8  -2.2463125955487391E-015
          17           9  0.20046791905564837     
          17          10  -2.7559017172923653E-016
          17          11  -1.0501955892196148E-015
          17          12  -6.2983974548266606E-017
          17          13  -4.0662145986255629E-002
          17          14   1.1892251991712692E-016
          17          15   3.9448198073211931E-016
          17          16  -2.6192797673045501E-016
          17          17   2.1215115233882205E-002
          17          18  -4.4328459815755124E-015
          17          19  -1.7731967582347161E-015
          17          20  -3.0742724405863636E-015
          17          21  -9.0890582830070306E-016
          17          22  -2.6120330744791100E-016
          17          23  -1.8769637474760038E-015
          17          24  -3.8929621374936766E-016
          17          25   4.1971204170344149E-016
          17          26  -8.8275862435845652E-016
          17          27  -4.9208095309032239E-016
          17          28  -8.2672390611159814E-018
          17          29  -8.9368241010580214E-016
          18           1  -1.2520009056812000E-002
          18           2 -0.18493006561699332     
          18           3   4.1704010160691502E-015
          18           4   2.7343084474329823E-015
          18           5   1.8978481827611511E-014
          18           6   1.0325230637446234     
          18           7  -8.6490666863673324E-015
          18           8  -4.6505106331776617E-015
          18           9  -2.3625303360627592E-014
          18          10   9.2313859539181406E-002
          18          11   3.2098249599465437E-015
          18          12   2.1789829770429565E-015
          18          13   3.1665798337870568E-015
          18          14   3.6604737647890045E-002
          18          15  -1.3834381044932614E-015
          18          16  -2.8383149578755992E-016
          18          17  -4.4328459815755124E-015
          18          18  0.75627931140793037     
          18          19  -3.0751744822098887E-015
          18          20  0.37910559298833901     
          18          21  -1.2146562688966845E-013
          18          22   1.2007310953063465E-013
          18          23 -0.56012416667521914     
          18          24   1.5678336644062964E-002
          18          25   6.9521117916726192E-015
          18          26   5.9732916789308262E-002
          18          27  -3.8731067757251671E-014
          18          28   1.1191140049510798E-015
          18          29  0.16997461122474408     
          19           1  -6.8515037718071430E-016
          19           2  -4.3872182308791443E-015
          19           3   3.3014594244067931E-015
          19           4   1.1145287392215854E-015
          19           5   2.1755503821993410E-015
          19           6   3.0438063908813500E-014
          19           7  -2.4862211770029819E-015
          19           8   6.8335645288725731E-016
          19           9  -1.4183880241640359E-014
          19          10  -4.4551840754824997E-015
          19          11  -7.2838971203219487E-016
          19          12  -5.2608105833652050E-016
          19          13   1.0276061960446487E-015
          19          14  -4.7035564099345152E-015
          19          15   3.1277990455533582E-016
          19          16   5.0199580544018896E-016
          19          17  -1.7731967582347161E-015
          19          18  -3.0751744822098887E-015
          19          19   1.9483971222113508     
          19          20   5.4778543841926100E-014
          19          21  -7.5871779760017712E-014
          19          22  -1.1275979599553713E-013
          19          23  -2.1395629904268378E-014
          19          24   9.4012978377517176E-015
          19          25   1.8167427313815765E-002
          19          26  -2.2979189871675603E-014
          19          27  -8.0283333548848589E-015
          19          28  -1.8480345663605373E-014
          19          29   2.0801785747691969E-014
          20           1  -1.0979470469022676E-002
          20           2 -0.17871995137736496     
          20           3   2.0045503505285152E-016
          20           4  -9.7781162829094787E-015
          20           5   1.2715664241115804E-014
          20           6   1.0104102669477077     
          20           7  -6.5939153497159696E-015
          20           8   1.1912643653770656E-014
          20           9  -5.2794697711981502E-015
          20          10   9.0837059347458685E-002
          20          11   2.0542990729386887E-015
          20          12  -2.2461677727775094E-015
          20          13   6.5837490370247526E-016
          20          14   3.6071059879521472E-002
          20          15  -5.6816981003616578E-016
          20          16   1.6161335544745053E-015
          20          17  -3.0742724405863636E-015
          20          18  0.37910559298833901     
          20          19   5.4778543841926100E-014
          20          20  0.25255752674706222     
          20          21   1.8568532934366875E-013
          20          22  -8.5941946901278381E-015
          20          23  -6.0173363079114077E-002
          20          24   5.8708571141103942E-002
          20          25  -2.5100545611154084E-014
          20          26   7.3436153072289706E-002
          20          27   7.7513159446478847E-014
          20          28  -3.9699819933036543E-014
          20          29  0.11024199560433177     
          21           1  -1.8078790506447864E-015
          21           2   8.7255281846687659E-015
          21           3   2.0916417166668957E-015
          21           4   2.4593354810723218E-016
          21           5  -3.8637129037917508E-015
          21           6  -6.3211997462978757E-014
          21           7   2.3658631554780446E-015
          21           8  -2.4810520684461830E-015
          21           9   1.8658159110014519E-014
          21          10   1.3606706109766396E-014
          21          11   8.0379343623903772E-015
          21          12  -4.7212262662982618E-015
          21          13   4.1573245343628412E-017
          21          14   1.0961757741328507E-014
          21          15  -3.6528107752417063E-015
          21          16   4.9511724989614929E-015
          21          17  -9.0890582830070306E-016
          21          18  -1.2146562688966845E-013
          21          19  -7.5871779760017712E-014
          21          20   1.8568532934366875E-013
          21          21   1.9426482588014495     
          21          22  -1.1409704574683593E-013
          21          23  -1.0342252790671327E-013
          21          24  -5.2628742238712937E-014
          21          25  -1.2098546563316840E-014
          21          26   6.6292502587377403E-014
          21          27   2.3065371396032736E-002
          21          28  -1.8552652580883738E-014
          21          29  -3.9895329600000569E-014
          22           1   3.9232018106944216E-015
          22           2   1.0911429356087292E-014
          22           3   4.3505034709233153E-015
          22           4  -1.5347211362648095E-015
          22           5   2.1650364092190522E-015
          22           6   5.1995996872157758E-015
          22           7  -6.8105700906825758E-015
          22           8  -5.8521769983997603E-015
          22           9  -7.8932736380526739E-015
          22          10  -1.7645367000479348E-015
          22          11   9.6032922853676702E-015
          22          12  -1.7743813867855569E-015
          22          13  -8.6130553901052258E-015
          22          14  -5.8341623323714623E-015
          22          15  -5.7189903967052295E-015
          22          16   6.5734308756814700E-015
          22          17  -2.6120330744791100E-016
          22          18   1.2007310953063465E-013
          22          19  -1.1275979599553713E-013
          22          20  -8.5941946901278381E-015
          22          21  -1.1409704574683593E-013
          22          22   1.9457342987529467     
          22          23  -6.8009857777175804E-014
          22          24   6.3492977498921371E-015
          22          25  -1.5311887296799144E-014
          22          26  -3.3030198157515796E-014
          22          27  -1.1718233936360723E-014
          22          28   2.0444802243790583E-002
          22          29   3.7125483773603932E-014
          23           1  -1.3785120861980176E-002
          23           2 -0.19003712460103997     
          23           3  -1.4282389145483968E-015
          23           4  -9.7646118686542747E-015
          23           5   1.9640297579765038E-014
          23           6   1.0508763735561046     
          23           7  -6.8817761552669453E-016
          23           8  -1.7751192474109632E-014
          23           9  -2.5099795305006853E-014
          23          10   9.3539036511149878E-002
          23          11  -2.9376335033811096E-016
          23          12  -1.7376109119183323E-016
          23          13  -8.0246862619383414E-016
          23          14   3.7047439650185192E-002
          23          15   2.5300520394038292E-015
          23          16  -5.8547329680681256E-016
          23          17  -1.8769637474760038E-015
          23          18 -0.56012416667521914     
          23          19  -2.1395629904268378E-014
          23          20  -6.0173363079114077E-002
          23          21  -1.0342252790671327E-013
          23          22  -6.8009857777175804E-014
          23          23   1.1986893465357953     
          23          24  0.17082276962187234     
          23          25   1.8026241168184749E-014
          23          26  0.11211493802638499     
          23          27  -2.7151221490937926E-014
          23          28   2.6348635919886255E-014
          23          29  -3.5063451762994559E-002
          24           1  -2.8444301491674005E-002
          24           2 -0.11426073488384723     
          24           3   3.1419313518158737E-015
          24           4   2.2852125188772674E-015
          24           5   2.5032806809010825E-015
          24           6  0.46673374573016829     
          24           7  -1.1080455245353632E-015
          24           8  -2.5404223089992056E-015
          24           9  -9.0636055785209495E-015
          24          10   4.1427821707196277E-002
          24          11   9.1488631861061166E-016
          24          12   6.2916406132454776E-016
          24          13  -1.0353829419538516E-015
          24          14   1.6365879585452828E-002
          24          15   5.5774307677983261E-016
          24          16  -3.1248475468415107E-016
          24          17  -3.8929621374936766E-016
          24          18   1.5678336644062964E-002
          24          19   9.4012978377517176E-015
          24          20   5.8708571141103942E-002
          24          21  -5.2628742238712937E-014
          24          22   6.3492977498921371E-015
          24          23  0.17082276962187234     
          24          24   4.3779186194399709E-002
          24          25  -3.5366926870325607E-016
          24          26   3.8637382807882779E-002
          24          27  -3.4608407683989034E-015
          24          28   1.0143965001612001E-015
          24          29   2.5692899240428488E-002
          25           1   1.5562081008547527E-015
          25           2   1.0708198626386019E-014
          25           3   4.6563450356867166E-016
          25           4   6.0318132147842354E-015
          25           5  -4.1563168264099834E-016
          25           6  -2.5909584942042985E-014
          25           7  -1.0680388582732660E-015
          25           8   2.0064298876920456E-015
          25           9   1.3694325069190889E-015
          25          10  -9.6454173253829661E-016
          25          11  -2.1002359660892885E-016
          25          12   1.7533119277106132E-016
          25          13   9.1100859292117130E-017
          25          14   1.4269437585397187E-017
          25          15   3.4484175179288284E-017
          25          16  -1.4357235149885143E-017
          25          17   4.1971204170344149E-016
          25          18   6.9521117916726192E-015
          25          19   1.8167427313815765E-002
          25          20  -2.5100545611154084E-014
          25          21  -1.2098546563316840E-014
          25          22  -1.5311887296799144E-014
          25          23   1.8026241168184749E-014
          25          24  -3.5366926870325607E-016
          25          25   3.6931004874067530E-002
          25          26  -4.6008903362527313E-016
          25          27  -2.4591969826085669E-015
          25          28  -2.3888617314799741E-015
          25          29  -6.3122823849397275E-016
          26           1  -2.8376127045829966E-002
          26           2 -0.11403635106260999     
          26           3  -5.8264336881610474E-017
          26           4  -1.2225018023399791E-015
          26           5   5.4579364530383770E-015
          26           6  0.46711935279503486     
          26           7  -1.6523134120907871E-016
          26           8  -2.6987348757489716E-015
          26           9  -1.4610151195925753E-014
          26          10   4.1449727521163764E-002
          26          11   7.7898423694189996E-016
          26          12   8.7164740624078763E-016
          26          13  -1.2089574198049489E-016
          26          14   1.6373474869785673E-002
          26          15   5.7463601740212123E-016
          26          16  -3.8408293939703948E-016
          26          17  -8.8275862435845652E-016
          26          18   5.9732916789308262E-002
          26          19  -2.2979189871675603E-014
          26          20   7.3436153072289706E-002
          26          21   6.6292502587377403E-014
          26          22  -3.3030198157515796E-014
          26          23  0.11211493802638499     
          26          24   3.8637382807882779E-002
          26          25  -4.6008903362527313E-016
          26          26   3.6930244550294214E-002
          26          27   8.6310778175335493E-015
          26          28  -3.1664929526536115E-015
          26          29   3.2588108251835758E-002
          27           1  -1.2260479521655609E-015
          27           2  -1.0413536993719473E-014
          27           3   3.3470894905451072E-016
          27           4  -1.8265416793807667E-015
          27           5   7.4083403928415242E-016
          27           6   3.4781612927395020E-014
          27           7  -6.3782118121275153E-016
          27           8   7.6120364289355665E-016
          27           9  -2.6710745715004057E-015
          27          10   4.0641794716479594E-015
          27          11   1.8748770231837542E-015
          27          12  -1.6523432351822962E-015
          27          13  -2.8464075599008314E-016
          27          14   1.6694851106281571E-015
          27          15  -8.5694314441868465E-016
          27          16   1.0924936708298869E-015
          27          17  -4.9208095309032239E-016
          27          18  -3.8731067757251671E-014
          27          19  -8.0283333548848589E-015
          27          20   7.7513159446478847E-014
          27          21   2.3065371396032736E-002
          27          22  -1.1718233936360723E-014
          27          23  -2.7151221490937926E-014
          27          24  -3.4608407683989034E-015
          27          25  -2.4591969826085669E-015
          27          26   8.6310778175335493E-015
          27          27   3.8724326760360764E-002
          27          28  -2.8992126830779920E-015
          27          29  -1.9388906144918258E-015
          28           1   2.0737479521899029E-015
