           1           1   2.1934942540009170     
           1           2  0.70469597918941140     
           1           3   1.3289255996593264E-013
           1           4   7.3751680767617837E-013
           1           5   2.0948161551771992E-013
           1           6 -0.18001307852287712     
           1           7  -2.8748891070617069E-013
           1           8  -8.0095733355501201E-013
           1           9  -1.4037799895335473E-014
           1          10   2.8819441845871738E-002
           1          11  -5.3435579988293447E-014
           1          12   1.4491580608593564E-013
           1          13  -3.1137310613555961E-014
           1          14  -2.4102089891758605E-002
           1          15  -8.9077965380460664E-014
           1          16  -5.1402685359723435E-014
           1          17   8.1460045399217992E-014
           1          18   2.7950943167709449E-002
           1          19   4.4707454124917220E-012
           1          20   2.5771606393898347E-002
           1          21   9.6946389639017446E-011
           1          22   8.5829948512144687E-011
           1          23   2.4666364539395240E-002
           1          24   4.9243474946846222E-003
           1          25   1.9564541746741892E-012
           1          26   3.2771400338180174E-003
           1          27   6.8843303218737074E-011
           1          28   5.3568954257294083E-011
           1          29   2.5879338008753822E-003
           2           1  0.70469597918941140     
           2           2   2.5539077721985466     
           2           3   2.0058966611949080E-013
           2           4   1.0386979297505686E-012
           2           5   3.3407394724270664E-013
           2           6 -0.97529592816258270     
           2           7  -4.0260366843151014E-013
           2           8  -1.2117543461897499E-012
           2           9  -3.1436158048877330E-013
           2          10  0.10907244021339327     
           2          11   4.5823641704063743E-014
           2          12   4.0125257370178880E-013
           2          13  -7.3427593982629409E-014
           2          14 -0.10069233610090952     
           2          15   5.3519410800300683E-014
           2          16  -1.9441419656710082E-013
           2          17   1.1574708597162975E-013
           2          18   8.4925850141743080E-003
           2          19   1.8390630187936859E-011
           2          20  -3.1750259343479512E-004
           2          21   3.9120921128093688E-010
           2          22   3.4632609316524553E-010
           2          23  -4.7736310051177833E-003
           2          24   6.6365900392520022E-003
           2          25   7.6080126667754619E-012
           2          26  -5.2424065764905157E-005
           2          27   2.8003440743930061E-010
           2          28   2.1793182542007923E-010
           2          29  -2.8594272153323812E-003
           3           1   1.3289255996593264E-013
           3           2   2.0058966611949080E-013
           3           3   2.2546001144894570     
           3           4   9.9795721098539668E-013
           3           5  -1.2415352391950983E-012
           3           6   3.6016887400088404E-013
           3           7 -0.75882719306954716     
           3           8  -3.6393630075115779E-013
           3           9   1.2591461279031856E-012
           3          10   1.2173431736881119E-014
           3          11  -2.5936807438457529E-003
           3          12   1.5034022434291663E-012
           3          13  -6.0782611490744619E-012
           3          14  -1.0005053857378496E-013
           3          15  -1.1279939412651958E-004
           3          16  -7.2151766738661976E-013
           3          17   2.3286712494004156E-012
           3          18   1.8253750924119556E-013
           3          19   2.9656027759429221E-013
           3          20   2.7971238390830458E-013
           3          21   1.0262749029820496E-013
           3          22  -1.1006450440089268E-013
           3          23   1.9234099330899629E-013
           3          24   7.8096465134737116E-014
           3          25   3.2046357349022895E-013
           3          26   2.0358782256373628E-014
           3          27   3.4595347807654409E-014
           3          28  -1.2505601088970055E-013
           3          29   5.2068472600308340E-014
           4           1   7.3751680767617837E-013
           4           2   1.0386979297505686E-012
           4           3   9.9795721098539668E-013
           4           4   2.2546725983998144     
           4           5   1.8041230045522995E-012
           4           6  -5.8368451488974253E-013
           4           7  -3.9982319094100726E-013
           4           8 -0.75891204630690112     
           4           9  -2.3265125514025023E-012
           4          10   1.4299326969195152E-013
           4          11   1.3254519788961480E-012
           4          12  -2.2546539360862789E-003
           4          13   7.1531152961892510E-012
           4          14  -6.8849072932205126E-013
           4          15  -8.3072240256887895E-013
           4          16  -2.6372530158571053E-004
           4          17  -4.4548347263988656E-012
           4          18   4.7930530754806786E-014
           4          19   5.5435853524482942E-014
           4          20   1.0047598435044924E-013
           4          21   7.2397309955003441E-014
           4          22  -6.7469086535248799E-015
           4          23   3.9051743498297676E-014
           4          24   2.6414200315772813E-013
           4          25   7.4585948187643817E-014
           4          26   2.6775807603781850E-013
           4          27   2.1669118101528284E-014
           4          28  -2.1126506171893273E-014
           4          29   2.6596399866956934E-013
           5           1   2.0948161551771992E-013
           5           2   3.3407394724270664E-013
           5           3  -1.2415352391950983E-012
           5           4   1.8041230045522995E-012
           5           5   2.2546490820163778     
           5           6  -9.3639055692567442E-013
           5           7   1.2367135676183637E-012
           5           8  -2.4088930630403024E-012
           5           9 -0.75887734852880695     
           5          10  -9.8707120822397996E-015
           5          11  -6.0308066171561600E-012
           5          12   7.0593037712707424E-012
           5          13  -2.3588102189047010E-003
           5          14  -1.3793436116573111E-013
           5          15   2.3992037820071046E-012
           5          16  -4.5039366846235897E-012
           5          17  -1.9753163480914945E-004
           5          18  -1.5205203300910954E-013
           5          19  -5.8665051163567302E-013
           5          20  -3.8419068594786807E-013
           5          21  -1.4287415662702457E-013
           5          22   2.4857620534031798E-013
           5          23  -2.5685946188515981E-013
           5          24  -7.1200969560774937E-015
           5          25  -6.0398347735585330E-013
           5          26   4.6012896267497016E-014
           5          27  -9.4059343578052258E-014
           5          28   9.8543604789607518E-014
           5          29   6.1750599630466535E-014
           6           1 -0.18001307852287712     
           6           2 -0.97529592816258270     
           6           3   3.6016887400088404E-013
           6           4  -5.8368451488974253E-013
           6           5  -9.3639055692567442E-013
           6           6   2.5231834179615964     
           6           7   2.9198061157835342E-013
           6           8   1.0879396516767312E-012
           6           9   8.8611230539643631E-013
           6          10 -0.30680384271633709     
           6          11   3.0529893986259385E-014
           6          12  -8.0689649115813771E-013
           6          13   1.5881624122596428E-013
           6          14  0.29723834865716348     
           6          15  -2.0875763363873081E-013
           6          16   5.2025262814371419E-013
           6          17  -1.2656627872546414E-013
           6          18  -1.5997035702891241E-002
           6          19  -5.3752381612277454E-011
           6          20   9.3609704152195286E-003
           6          21  -1.1339459419388025E-009
           6          22  -1.0184509698799801E-009
           6          23   2.2462910385661644E-002
           6          24  -1.0552176322268621E-002
           6          25  -2.1041591615942440E-011
           6          26   9.1424403691465188E-003
           6          27  -8.2674554636698169E-010
           6          28  -6.4600847112814835E-010
           6          29   1.7467397378655609E-002
           7           1  -2.8748891070617069E-013
           7           2  -4.0260366843151014E-013
           7           3 -0.75882719306954716     
           7           4  -3.9982319094100726E-013
           7           5   1.2367135676183637E-012
           7           6   2.9198061157835342E-013
           7           7   2.2541357303886618     
           7           8  -4.4067778763148035E-013
           7           9   2.6745338468108800E-012
           7          10   1.0818707961194753E-014
           7          11  -2.0868851802817276E-003
           7          12  -4.2067567255368696E-012
           7          13   1.6773095383446818E-011
           7          14   2.6229312114599243E-013
           7          15   5.1512566275453663E-003
           7          16   2.1806863630354536E-012
           7          17  -5.9614709786572545E-012
           7          18  -1.3777752182538826E-014
           7          19   3.8886900029729981E-013
           7          20   6.9542769950950465E-014
           7          21   1.0770331882529008E-013
           7          22  -1.9804177466923022E-013
           7          23  -3.7926722928607910E-014
           7          24  -6.7866668622811742E-014
           7          25   3.2634416260939260E-013
           7          26  -5.7096251572179120E-014
           7          27   5.7512036140391681E-014
           7          28  -8.4225199086686421E-014
           7          29  -9.1158149805535593E-014
           8           1  -8.0095733355501201E-013
           8           2  -1.2117543461897499E-012
           8           3  -3.6393630075115779E-013
           8           4 -0.75891204630690112     
           8           5  -2.4088930630403024E-012
           8           6   1.0879396516767312E-012
           8           7  -4.4067778763148035E-013
           8           8   2.2540020460489432     
           8           9  -1.7812988956679803E-012
           8          10  -2.2374276984705675E-014
           8          11  -4.1903726448015236E-012
           8          12  -3.0905303976303811E-003
           8          13  -2.4192249288337062E-011
           8          14   7.1760238480415139E-013
           8          15   2.1137922874211385E-012
           8          16   5.6000646454934166E-003
           8          17   1.4661888845481553E-011
           8          18   9.2778507479618135E-015
           8          19   1.4981053817152834E-013
           8          20  -8.4925561234085672E-014
           8          21   1.3226814390288277E-014
           8          22  -5.0395390589219798E-015
           8          23   2.3549311036952778E-014
           8          24  -2.0032527923026950E-013
           8          25   8.1884785483731896E-014
           8          26  -2.3020437657974258E-013
           8          27   6.0691112875963954E-014
           8          28  -1.6477049865207099E-015
           8          29  -2.1921544176032220E-013
           9           1  -1.4037799895335473E-014
           9           2  -3.1436158048877330E-013
           9           3   1.2591461279031856E-012
           9           4  -2.3265125514025023E-012
           9           5 -0.75887734852880695     
           9           6   8.8611230539643631E-013
           9           7   2.6745338468108800E-012
           9           8  -1.7812988956679803E-012
           9           9   2.2540269220183502     
           9          10  -7.1730376509248623E-014
           9          11   1.6832592438095731E-011
           9          12  -2.4264228504052755E-011
           9          13  -2.7366186242481398E-003
           9          14  -5.1884002943832025E-014
           9          15  -5.8577599609351668E-012
           9          16   1.4643863539597858E-011
           9          17   5.3849152488408252E-003
           9          18   2.5730727740894328E-014
           9          19  -8.0882896357194055E-013
           9          20  -1.7373448015827143E-013
           9          21  -1.8085918680022260E-013
           9          22   2.5704224830999955E-013
           9          23   1.0127019541102131E-014
           9          24  -2.5131970028919200E-014
           9          25  -6.2087701236262811E-013
           9          26  -1.6242286784297245E-014
           9          27  -8.5240275701558432E-014
           9          28   1.7184436306136114E-013
           9          29   2.3574806584686670E-014
          10           1   2.8819441845871738E-002
          10           2  0.10907244021339327     
          10           3   1.2173431736881119E-014
          10           4   1.4299326969195152E-013
          10           5  -9.8707120822397996E-015
          10           6 -0.30680384271633709     
          10           7   1.0818707961194753E-014
          10           8  -2.2374276984705675E-014
          10           9  -7.1730376509248623E-014
          10          10  0.57381352441847178     
          10          11  -5.9861012972840665E-014
          10          12   1.1597756981448475E-013
          10          13  -5.4313152097950333E-014
          10          14 -0.57192750398784065     
          10          15   6.8998199866018379E-014
          10          16   1.3188819285022800E-014
          10          17  -1.0339421142678534E-013
          10          18  -4.3586795932258528E-003
          10          19  -8.3410454523195159E-012
          10          20  -2.3190487891190650E-003
          10          21  -2.2418822608976034E-010
          10          22  -4.3187483015165125E-010
          10          23   3.2399318490943111E-003
          10          24  -2.9891947442090600E-003
          10          25  -1.7892204823658143E-011
          10          26  -3.9521678859825559E-003
          10          27  -6.5332085164889153E-011
          10          28  -2.4924122974839788E-010
          10          29  -7.5466872213204861E-004
          11           1  -5.3435579988293447E-014
          11           2   4.5823641704063743E-014
          11           3  -2.5936807438457529E-003
          11           4   1.3254519788961480E-012
          11           5  -6.0308066171561600E-012
          11           6   3.0529893986259385E-014
          11           7  -2.0868851802817276E-003
          11           8  -4.1903726448015236E-012
          11           9   1.6832592438095731E-011
          11          10  -5.9861012972840665E-014
          11          11   8.1586910953939829E-006
          11          12   8.0240805028329359E-015
          11          13  -1.3952545665004740E-012
          11          14   2.9721532758909031E-014
          11          15  -7.7877328978603612E-006
          11          16  -1.1895470928530442E-014
          11          17   6.5020608775243294E-013
          11          18  -8.5529198277826318E-014
          11          19   1.2017673645855947E-013
          11          20   7.0004400958636250E-014
          11          21  -1.3230599526400086E-013
          11          22   4.8502663145348021E-014
          11          23   1.7049151668125869E-014
          11          24  -5.5113542231194947E-014
          11          25   7.5945473881364434E-014
          11          26   3.9000612061534806E-014
          11          27  -8.1759393669170232E-014
          11          28   2.9771951191064621E-014
          11          29   2.7548904627617280E-014
          12           1   1.4491580608593564E-013
          12           2   4.0125257370178880E-013
          12           3   1.5034022434291663E-012
          12           4  -2.2546539360862789E-003
          12           5   7.0593037712707424E-012
          12           6  -8.0689649115813771E-013
          12           7  -4.2067567255368696E-012
          12           8  -3.0905303976303811E-003
          12           9  -2.4264228504052755E-011
          12          10   1.1597756981448475E-013
          12          11   8.0240805028329359E-015
          12          12   1.1706201748920287E-005
          12          13  -3.4296960423873760E-012
          12          14  -9.4291659009821538E-014
          12          15  -1.1484255312327676E-014
          12          16  -1.1219706888570767E-005
          12          17   1.4775151251449971E-012
          12          18   4.9475959030804428E-015
          12          19  -7.2372153308489916E-015
          12          20  -1.3963151560862586E-014
          12          21  -1.4111687653883597E-014
          12          22  -2.6987129246399990E-014
          12          23   4.4405771299265284E-015
          12          24   2.5840850021368631E-015
          12          25  -4.6299012746293359E-015
          12          26  -1.0366654410189523E-014
          12          27  -8.7888610439780595E-015
          12          28  -1.6509908076721366E-014
          12          29  -2.4233721863940460E-015
          13           1  -3.1137310613555961E-014
          13           2  -7.3427593982629409E-014
          13           3  -6.0782611490744619E-012
          13           4   7.1531152961892510E-012
          13           5  -2.3588102189047010E-003
          13           6   1.5881624122596428E-013
          13           7   1.6773095383446818E-011
          13           8  -2.4192249288337062E-011
          13           9  -2.7366186242481398E-003
          13          10  -5.4313152097950333E-014
          13          11  -1.3952545665004740E-012
          13          12  -3.4296960423873760E-012
          13          13   6.2659956859437724E-005
          13          14   4.6450797761296075E-014
          13          15   6.4962964222293313E-013
          13          16   1.4778948094415149E-012
          13          17  -3.3184905938443877E-005
          13          18   2.9413227272576419E-014
          13          19   1.4431200773362070E-014
          13          20   1.2949131773885300E-014
          13          21   6.8833342422413040E-014
          13          22  -3.8633823702046720E-014
          13          23  -3.9550163805170783E-014
          13          24   1.8112281124810910E-014
          13          25   9.9564780445704684E-015
          13          26   7.1660747905717073E-015
          13          27   4.2410098042758754E-014
          13          28  -2.3624807430671834E-014
          13          29  -2.2183992756256022E-014
          14           1  -2.4102089891758605E-002
          14           2 -0.10069233610090952     
          14           3  -1.0005053857378496E-013
          14           4  -6.8849072932205126E-013
          14           5  -1.3793436116573111E-013
          14           6  0.29723834865716348     
          14           7   2.6229312114599243E-013
          14           8   7.1760238480415139E-013
          14           9  -5.1884002943832025E-014
          14          10 -0.57192750398784065     
          14          11   2.9721532758909031E-014
          14          12  -9.4291659009821538E-014
          14          13   4.6450797761296075E-014
          14          14  0.57232975811975773     
          14          15  -1.0535865240503242E-013
          14          16   6.7604384958815727E-015
          14          17   8.9850230883647730E-014
          14          18   8.7883749966208777E-003
          14          19   1.8668624052589719E-011
          14          20   1.0884262937233624E-003
          14          21   4.5712355127188487E-010
          14          22   6.0619990222298255E-010
          14          23  -6.7140758654422438E-003
          14          24   5.8642478810996086E-003
          14          25   2.3620282008443236E-011
          14          26   3.5750147965385448E-003
          14          27   2.4798050929876881E-010
          14          28   4.7793790067029263E-010
          14          29  -2.5648903915933786E-003
          15           1  -8.9077965380460664E-014
          15           2   5.3519410800300683E-014
          15           3  -1.1279939412651958E-004
          15           4  -8.3072240256887895E-013
          15           5   2.3992037820071046E-012
          15           6  -2.0875763363873081E-013
          15           7   5.1512566275453663E-003
          15           8   2.1137922874211385E-012
          15           9  -5.8577599609351668E-012
          15          10   6.8998199866018379E-014
          15          11  -7.7877328978603612E-006
          15          12  -1.1484255312327676E-014
          15          13   6.4962964222293313E-013
          15          14  -1.0535865240503242E-013
          15          15   1.3237499991251598E-005
          15          16   9.8532369048744249E-015
          15          17  -2.9642677281313392E-013
          15          18  -7.9882810785043672E-014
          15          19   2.4197690217682526E-013
          15          20   5.1400091239935348E-014
          15          21  -5.2730394773132935E-014
          15          22   3.7311957767378394E-014
          15          23   2.9388712004041675E-014
          15          24  -5.1703137358090515E-014
          15          25   1.5394662518184979E-013
          15          26   2.5218698444954816E-014
          15          27  -3.2655445205505633E-014
          15          28   2.2931010138162586E-014
          15          29   3.6821179036497152E-014
          16           1  -5.1402685359723435E-014
          16           2  -1.9441419656710082E-013
          16           3  -7.2151766738661976E-013
          16           4  -2.6372530158571053E-004
          16           5  -4.5039366846235897E-012
          16           6   5.2025262814371419E-013
          16           7   2.1806863630354536E-012
          16           8   5.6000646454934166E-003
          16           9   1.4643863539597858E-011
          16          10   1.3188819285022800E-014
          16          11  -1.1895470928530442E-014
          16          12  -1.1219706888570767E-005
          16          13   1.4778948094415149E-012
          16          14   6.7604384958815727E-015
          16          15   9.8532369048744249E-015
          16          16   1.5599541486554682E-005
          16          17  -6.2187907326117643E-013
          16          18  -3.3215593338072792E-014
          16          19   4.1905679922742248E-014
          16          20   1.5910514482938870E-014
          16          21  -1.2333627530093363E-014
          16          22   1.2884397979655072E-014
          16          23   1.6430155918549448E-014
          16          24  -1.8892261379643916E-014
          16          25   2.6599043490040940E-014
          16          26   1.7676562678667353E-014
          16          27  -7.5016463881660354E-015
          16          28   7.8852118658070314E-015
          16          29  -4.5676315068934833E-015
          17           1   8.1460045399217992E-014
          17           2   1.1574708597162975E-013
          17           3   2.3286712494004156E-012
          17           4  -4.4548347263988656E-012
          17           5  -1.9753163480914945E-004
          17           6  -1.2656627872546414E-013
          17           7  -5.9614709786572545E-012
          17           8   1.4661888845481553E-011
          17           9   5.3849152488408252E-003
          17          10  -1.0339421142678534E-013
          17          11   6.5020608775243294E-013
          17          12   1.4775151251449971E-012
          17          13  -3.3184905938443877E-005
          17          14   8.9850230883647730E-014
          17          15  -2.9642677281313392E-013
          17          16  -6.2187907326117643E-013
          17          17   2.4848295415861637E-005
          17          18   2.1591727691888340E-014
          17          19  -1.7972979372783509E-013
          17          20  -1.7915437120424946E-014
          17          21  -7.6199024981576581E-015
          17          22   3.8156530114022257E-014
          17          23  -4.6329101494430740E-016
          17          24   1.1581028710780233E-014
          17          25  -1.1468122157291595E-013
          17          26  -1.6372636697945742E-014
          17          27  -4.5929332816345810E-015
          17          28   2.3390348540292023E-014
          17          29   1.0712011504620177E-014
          18           1   2.7950943167709449E-002
          18           2   8.4925850141743080E-003
          18           3   1.8253750924119556E-013
          18           4   4.7930530754806786E-014
          18           5  -1.5205203300910954E-013
          18           6  -1.5997035702891241E-002
          18           7  -1.3777752182538826E-014
          18           8   9.2778507479618135E-015
          18           9   2.5730727740894328E-014
          18          10  -4.3586795932258528E-003
          18          11  -8.5529198277826318E-014
          18          12   4.9475959030804428E-015
          18          13   2.9413227272576419E-014
          18          14   8.7883749966208777E-003
          18          15  -7.9882810785043672E-014
          18          16  -3.3215593338072792E-014
          18          17   2.1591727691888340E-014
          18          18  0.54888925920730047     
          18          19  -1.4739825921005503E-010
          18          20 -0.27074173798889822     
          18          21   8.1544829232062723E-010
          18          22   7.2540468911576213E-010
          18          23 -0.27953759834833436     
          18          24  0.34314487820804784     
          18          25  -9.6553451651480730E-011
          18          26 -0.17470193528259764     
          18          27   6.4854446280049268E-010
          18          28  -1.8788263230037099E-011
          18          29 -0.17412463641643638     
          19           1   4.4707454124917220E-012
          19           2   1.8390630187936859E-011
          19           3   2.9656027759429221E-013
          19           4   5.5435853524482942E-014
          19           5  -5.8665051163567302E-013
          19           6  -5.3752381612277454E-011
          19           7   3.8886900029729981E-013
          19           8   1.4981053817152834E-013
          19           9  -8.0882896357194055E-013
          19          10  -8.3410454523195159E-012
          19          11   1.2017673645855947E-013
          19          12  -7.2372153308489916E-015
          19          13   1.4431200773362070E-014
          19          14   1.8668624052589719E-011
          19          15   2.4197690217682526E-013
          19          16   4.1905679922742248E-014
          19          17  -1.7972979372783509E-013
          19          18  -1.4739825921005503E-010
          19          19  0.52197111270664542     
          19          20  -8.3172688496205315E-011
          19          21  -6.0392478703029024E-010
          19          22  -1.4409017148116015E-010
          19          23   2.2549045167550143E-010
          19          24  -9.9952086633810048E-011
          19          25  0.33139356071758685     
          19          26  -5.7468374845020114E-011
          19          27   2.0554114710804469E-010
          19          28   2.0563087966309640E-010
          19          29   1.4497855244480952E-010
          20           1   2.5771606393898347E-002
          20           2  -3.1750259343479512E-004
          20           3   2.7971238390830458E-013
          20           4   1.0047598435044924E-013
          20           5  -3.8419068594786807E-013
          20           6   9.3609704152195286E-003
          20           7   6.9542769950950465E-014
          20           8  -8.4925561234085672E-014
          20           9  -1.7373448015827143E-013
          20          10  -2.3190487891190650E-003
          20          11   7.0004400958636250E-014
          20          12  -1.3963151560862586E-014
          20          13   1.2949131773885300E-014
          20          14   1.0884262937233624E-003
          20          15   5.1400091239935348E-014
          20          16   1.5910514482938870E-014
          20          17  -1.7915437120424946E-014
          20          18 -0.27074173798889822     
          20          19  -8.3172688496205315E-011
          20          20  0.51074112761944646     
          20          21  -8.0825899138299274E-010
          20          22  -4.1277568912235468E-009
          20          23 -0.23852695096474558     
          20          24 -0.17332287535079538     
          20          25  -5.4236688714530161E-011
          20          26  0.32317534013562932     
          20          27  -6.3708244070238899E-010
          20          28  -1.5656847912980841E-009
          20          29 -0.14867800065711728     
          21           1   9.6946389639017446E-011
          21           2   3.9120921128093688E-010
          21           3   1.0262749029820496E-013
          21           4   7.2397309955003441E-014
          21           5  -1.4287415662702457E-013
          21           6  -1.1339459419388025E-009
          21           7   1.0770331882529008E-013
          21           8   1.3226814390288277E-014
          21           9  -1.8085918680022260E-013
          21          10  -2.2418822608976034E-010
          21          11  -1.3230599526400086E-013
          21          12  -1.4111687653883597E-014
          21          13   6.8833342422413040E-014
          21          14   4.5712355127188487E-010
          21          15  -5.2730394773132935E-014
          21          16  -1.2333627530093363E-014
          21          17  -7.6199024981576581E-015
          21          18   8.1544829232062723E-010
          21          19  -6.0392478703029024E-010
          21          20  -8.0825899138299274E-010
          21          21  0.53138953800177635     
          21          22   2.3976816473789410E-012
          21          23  -1.3907342917555673E-010
          21          24   5.6238475500519393E-010
          21          25   2.0551155868153280E-010
          21          26  -6.9515934229258676E-010
          21          27  0.32861780533986706     
          21          28  -1.0572364054698206E-012
          21          29  -1.8697978355538932E-010
          22           1   8.5829948512144687E-011
          22           2   3.4632609316524553E-010
          22           3  -1.1006450440089268E-013
          22           4  -6.7469086535248799E-015
          22           5   2.4857620534031798E-013
          22           6  -1.0184509698799801E-009
          22           7  -1.9804177466923022E-013
          22           8  -5.0395390589219798E-015
          22           9   2.5704224830999955E-013
          22          10  -4.3187483015165125E-010
          22          11   4.8502663145348021E-014
          22          12  -2.6987129246399990E-014
          22          13  -3.8633823702046720E-014
          22          14   6.0619990222298255E-010
          22          15   3.7311957767378394E-014
          22          16   1.2884397979655072E-014
          22          17   3.8156530114022257E-014
          22          18   7.2540468911576213E-010
          22          19  -1.4409017148116015E-010
          22          20  -4.1277568912235468E-009
          22          21   2.3976816473789410E-012
          22          22  0.53442197745624098     
          22          23   3.2775176559592612E-009
          22          24  -1.3853906921677371E-010
          22          25   2.0563663870303007E-010
          22          26  -1.6114291458443511E-009
          22          27  -1.0517664222774564E-012
          22          28  0.32769461461902227     
          22          29   1.4406515158557761E-009
          23           1   2.4666364539395240E-002
          23           2  -4.7736310051177833E-003
          23           3   1.9234099330899629E-013
          23           4   3.9051743498297676E-014
          23           5  -2.5685946188515981E-013
          23           6   2.2462910385661644E-002
          23           7  -3.7926722928607910E-014
          23           8   2.3549311036952778E-014
          23           9   1.0127019541102131E-014
          23          10   3.2399318490943111E-003
          23          11   1.7049151668125869E-014
          23          12   4.4405771299265284E-015
          23          13  -3.9550163805170783E-014
          23          14  -6.7140758654422438E-003
          23          15   2.9388712004041675E-014
          23          16   1.6430155918549448E-014
          23          17  -4.6329101494430740E-016
          23          18 -0.27953759834833436     
          23          19   2.2549045167550143E-010
          23          20 -0.23852695096474558     
          23          21  -1.3907342917555673E-010
          23          22   3.2775176559592612E-009
          23          23  0.52114432751540207     
          23          24 -0.17120533150580769     
          23          25   1.4782642822645504E-010
          23          26 -0.14808783022834532     
          23          27  -1.0089241798385404E-010
          23          28   1.4864732546163886E-009
          23          29  0.32444988338384095     
          24           1   4.9243474946846222E-003
          24           2   6.6365900392520022E-003
          24           3   7.8096465134737116E-014
          24           4   2.6414200315772813E-013
          24           5  -7.1200969560774937E-015
          24           6  -1.0552176322268621E-002
          24           7  -6.7866668622811742E-014
          24           8  -2.0032527923026950E-013
          24           9  -2.5131970028919200E-014
          24          10  -2.9891947442090600E-003
          24          11  -5.5113542231194947E-014
          24          12   2.5840850021368631E-015
          24          13   1.8112281124810910E-014
          24          14   5.8642478810996086E-003
          24          15  -5.1703137358090515E-014
          24          16  -1.8892261379643916E-014
          24          17   1.1581028710780233E-014
          24          18  0.34314487820804784     
          24          19  -9.9952086633810048E-011
          24          20 -0.17332287535079538     
          24          21   5.6238475500519393E-010
          24          22  -1.3853906921677371E-010
          24          23 -0.17120533150580769     
          24          24  0.21466927281451725     
          24          25  -6.5373396884480834E-011
          24          26 -0.11161624928222558     
          24          27   4.4327370226624513E-010
          24          28  -3.6646754012912049E-010
          24          29 -0.10669191731952943     
          25           1   1.9564541746741892E-012
          25           2   7.6080126667754619E-012
          25           3   3.2046357349022895E-013
          25           4   7.4585948187643817E-014
          25           5  -6.0398347735585330E-013
          25           6  -2.1041591615942440E-011
          25           7   3.2634416260939260E-013
          25           8   8.1884785483731896E-014
          25           9  -6.2087701236262811E-013
          25          10  -1.7892204823658143E-011
          25          11   7.5945473881364434E-014
          25          12  -4.6299012746293359E-015
          25          13   9.9564780445704684E-015
          25          14   2.3620282008443236E-011
          25          15   1.5394662518184979E-013
          25          16   2.6599043490040940E-014
          25          17  -1.1468122157291595E-013
          25          18  -9.6553451651480730E-011
          25          19  0.33139356071758685     
          25          20  -5.4236688714530161E-011
          25          21   2.0551155868153280E-010
          25          22   2.0563663870303007E-010
          25          23   1.4782642822645504E-010
          25          24  -6.5373396884480834E-011
          25          25  0.21039802665631835     
          25          26  -3.7585730275536137E-011
          25          27   4.9470135380415936E-010
          25          28   3.1273819827993100E-010
          25          29   9.5578639723658717E-011
          26           1   3.2771400338180174E-003
          26           2  -5.2424065764905157E-005
          26           3   2.0358782256373628E-014
          26           4   2.6775807603781850E-013
          26           5   4.6012896267497016E-014
          26           6   9.1424403691465188E-003
          26           7  -5.7096251572179120E-014
          26           8  -2.3020437657974258E-013
          26           9  -1.6242286784297245E-014
          26          10  -3.9521678859825559E-003
          26          11   3.9000612061534806E-014
          26          12  -1.0366654410189523E-014
          26          13   7.1660747905717073E-015
          26          14   3.5750147965385448E-003
          26          15   2.5218698444954816E-014
          26          16   1.7676562678667353E-014
          26          17  -1.6372636697945742E-014
          26          18 -0.17470193528259764     
          26          19  -5.7468374845020114E-011
          26          20  0.32317534013562932     
          26          21  -6.9515934229258676E-010
          26          22  -1.6114291458443511E-009
          26          23 -0.14808783022834532     
          26          24 -0.11161624928222558     
          26          25  -3.7585730275536137E-011
          26          26  0.20483626381221817     
          26          27  -5.0336424118478783E-010
          26          28  -3.2814451281959494E-010
          26          29  -9.2621595431371592E-002
          27           1   6.8843303218737074E-011
          27           2   2.8003440743930061E-010
          27           3   3.4595347807654409E-014
          27           4   2.1669118101528284E-014
          27           5  -9.4059343578052258E-014
          27           6  -8.2674554636698169E-010
          27           7   5.7512036140391681E-014
          27           8   6.0691112875963954E-014
          27           9  -8.5240275701558432E-014
          27          10  -6.5332085164889153E-011
          27          11  -8.1759393669170232E-014
          27          12  -8.7888610439780595E-015
          27          13   4.2410098042758754E-014
          27          14   2.4798050929876881E-010
          27          15  -3.2655445205505633E-014
          27          16  -7.5016463881660354E-015
          27          17  -4.5929332816345810E-015
          27          18   6.4854446280049268E-010
          27          19   2.0554114710804469E-010
          27          20  -6.3708244070238899E-010
          27          21  0.32861780533986706     
          27          22  -1.0517664222774564E-012
          27          23  -1.0089241798385404E-010
          27          24   4.4327370226624513E-010
          27          25   4.9470135380415936E-010
          27          26  -5.0336424118478783E-010
          27          27  0.20322127980251994     
          27          28  -2.2079121449908475E-012
          27          29  -1.5379726602887562E-010
          28           1   5.3568954257294083E-011
