           1           1   2.0869498249734719     
           1           2 -0.19074228763773682     
           1           3   1.0969649647778470E-012
           1           4  -1.6940448980249368E-012
           1           5   9.8255629803847960E-013
           1           6 -0.26824706031736562     
           1           7  -9.8819299709657885E-013
           1           8   1.1570709590698969E-012
           1           9  -7.9582412812829559E-013
           2           1 -0.19074228763773682     
           2           2  0.52493894589560963     
           2           3   8.6321760323243691E-013
           2           4   1.1190439801518124E-012
           2           5   4.8054232240034170E-014
           2           6  0.58003525300889436     
           2           7   5.0829619582702587E-013
           2           8   3.7163128053100923E-014
           2           9   3.0711327024841381E-013
           3           1   1.0969649647778470E-012
           3           2   8.6321760323243691E-013
           3           3  0.48032611910174050     
           3           4  -1.9528545447414047E-012
           3           5   5.5844218139382309E-014
           3           6  -1.4458443821901371E-012
           3           7  0.30898517641022338     
           3           8  -3.4741653998067459E-013
           3           9   1.6623508125572389E-013
           4           1  -1.6940448980249368E-012
           4           2   1.1190439801518124E-012
           4           3  -1.9528545447414047E-012
           4           4  0.48032611910290524     
           4           5  -1.8768320231461127E-013
           4           6   1.4239347346717074E-012
           4           7   1.2390644066331039E-012
           4           8  0.30898517641002704     
           4           9  -5.5574295165766843E-013
           5           1   9.8255629803847960E-013
           5           2   4.8054232240034170E-014
           5           3   5.5844218139382309E-014
           5           4  -1.8768320231461127E-013
           5           5  0.48032611910223477     
           5           6  -1.1179068138460466E-012
           5           7  -2.0661944377679705E-013
           5           8   6.2618660257031586E-013
           5           9  0.30898517641011530     
           6           1 -0.26824706031736562     
           6           2  0.58003525300889436     
           6           3  -1.4458443821901371E-012
           6           4   1.4239347346717074E-012
           6           5  -1.1179068138460466E-012
           6           6  0.66544738485502419     
           6           7  -8.7049953251737500E-013
           6           8   6.3357331425417719E-014
           6           9  -3.2958174566122867E-013
           7           1  -9.8819299709657885E-013
           7           2   5.0829619582702587E-013
           7           3  0.30898517641022338     
           7           4   1.2390644066331039E-012
           7           5  -2.0661944377679705E-013
           7           6  -8.7049953251737500E-013
           7           7  0.19876462146135015     
           7           8   1.3816864319334977E-012
           7           9  -4.9089204922986375E-014
           8           1   1.1570709590698969E-012
           8           2   3.7163128053100923E-014
           8           3  -3.4741653998067459E-013
           8           4  0.30898517641002704     
           8           5   6.2618660257031586E-013
           8           6   6.3357331425417719E-014
           8           7   1.3816864319334977E-012
           8           8  0.19876462146061563     
           8           9   1.2297801665871206E-013
           9           1  -7.9582412812829559E-013
           9           2   3.0711327024841381E-013
           9           3   1.6623508125572389E-013
           9           4  -5.5574295165766843E-013
           9           5  0.30898517641011530     
           9           6  -3.2958174566122867E-013
           9           7  -4.9089204922986375E-014
           9           8   1.2297801665871206E-013
           9           9  0.19876462146100665     
