           1           1   2.0897764603759583     
           1           2 -0.23944813623651789     
           1           3   2.1724867030062295E-015
           1           4   1.3713568080287416E-015
           1           5  -2.4932714867672130E-016
           1           6 -0.22116494216175464     
           1           7  -6.4652381053748723E-016
           1           8   1.1824975117124062E-015
           1           9  -2.2217570461928770E-015
           2           1 -0.23944813623651789     
           2           2  0.77070777389188194     
           2           3  -1.3584986800114753E-015
           2           4  -8.5964441002877892E-016
           2           5  -6.6309515457989385E-016
           2           6  0.50257982355932640     
           2           7  -4.6625202695840642E-016
           2           8  -3.7032025535303595E-015
           2           9   4.5075623622137139E-016
           3           1   2.1724867030062295E-015
           3           2  -1.3584986800114753E-015
           3           3  0.83284274317029428     
           3           4   3.5908775952717259E-016
           3           5  -2.7755575615683912E-017
           3           6   3.0097732572828059E-015
           3           7  0.13870425937268860     
           3           8   9.4650849657921157E-017
           3           9  -7.8062556418927748E-017
           4           1   1.3713568080287416E-015
           4           2  -8.5964441002877892E-016
           4           3   3.5908775952717259E-016
           4           4  0.83284274317029527     
           4           5   7.3552275381418761E-016
           4           6  -2.8013172357436079E-015
           4           7   8.6736173799190912E-019
           4           8  0.13870425937268760     
           4           9  -4.2587461335231807E-016
           5           1  -2.4932714867672130E-016
           5           2  -6.6309515457989385E-016
           5           3  -2.7755575615683912E-017
           5           4   7.3552275381418761E-016
           5           5  0.83284274317029594     
           5           6  -3.0489646073806951E-015
           5           7  -7.4593109466993362E-017
           5           8  -3.4434260998134316E-016
           5           9  0.13870425937268677     
           6           1 -0.22116494216175464     
           6           2  0.50257982355932640     
           6           3   3.0097732572828059E-015
           6           4  -2.8013172357436079E-015
           6           5  -3.0489646073806951E-015
           6           6  0.54244883447590797     
           6           7  -9.5606584181014068E-016
           6           8  -5.5319178104945185E-015
           6           9   2.1230787922667938E-015
           7           1  -6.4652381053748723E-016
           7           2  -4.6625202695840642E-016
           7           3  0.13870425937268860     
           7           4   8.6736173799190912E-019
           7           5  -7.4593109466993362E-017
           7           6  -9.5606584181014068E-016
           7           7   2.3100245185413391E-002
           7           8   6.5458706163921877E-018
           7           9  -2.4719809532673849E-017
           8           1   1.1824975117124062E-015
           8           2  -3.7032025535303595E-015
           8           3   9.4650849657921157E-017
           8           4  0.13870425937268760     
           8           5  -3.4434260998134316E-016
           8           6  -5.5319178104945185E-015
           8           7   6.5458706163921877E-018
           8           8   2.3100245185413027E-002
           8           9  -1.4896937849953525E-016
           9           1  -2.2217570461928770E-015
           9           2   4.5075623622137139E-016
           9           3  -7.8062556418927748E-017
           9           4  -4.2587461335231807E-016
           9           5  0.13870425937268677     
           9           6   2.1230787922667938E-015
           9           7  -2.4719809532673849E-017
           9           8  -1.4896937849953525E-016
           9           9   2.3100245185412739E-002
