           1           1   2.1150396611829887     
           1           2 -0.49638600023371970     
           1           3   2.7445198665678306E-015
           1           4  -1.6049547085333418E-016
           1           5  -1.6022430612089558E-015
           1           6   7.1608626097640557E-002
           1           7  -9.5494980658610839E-017
           1           8   5.4277663603316790E-016
           1           9  -2.5974703418639138E-015
           1          10  -2.4936824187243727E-002
           1          11   1.0368377786446696E-015
           1          12   3.6261739539892414E-016
           1          13   1.7352242277702289E-015
           2           1 -0.49638600023371970     
           2           2   2.1421259315492840     
           2           3  -1.0821903607142627E-014
           2           4   2.4710238801135243E-015
           2           5   3.8167528060710647E-015
           2           6 -0.27796441756095508     
           2           7   1.5586808245781700E-015
           2           8   1.2077997123870930E-016
           2           9   6.0055843077335696E-015
           2          10  0.10135985148415246     
           2          11  -2.9387194518948239E-016
           2          12  -3.1519781743465383E-015
           2          13  -4.5652321041500101E-015
           3           1   2.7445198665678306E-015
           3           2  -1.0821903607142627E-014
           3           3   2.0552886896999922     
           3           4  -2.5673907444456735E-016
           3           5  -3.6776137690708310E-016
           3           6  -1.0777768117435326E-015
           3           7 -0.21511342566595665     
           3           8   3.9595063339170513E-016
           3           9  -6.9996092255664176E-016
           3          10   1.7441588063700980E-016
           3          11   9.9138331263625173E-002
           3          12   8.4025668367626534E-016
           3          13   6.5193076631553362E-016
           4           1  -1.6049547085333418E-016
           4           2   2.4710238801135243E-015
           4           3  -2.5673907444456735E-016
           4           4   2.0552886896999922     
           4           5  -2.2551405187698492E-017
           4           6   1.2115402776414131E-015
           4           7  -9.6450625264310573E-016
           4           8 -0.21511342566595870     
           4           9   4.5991856156835098E-016
           4          10  -2.5788092667171083E-016
           4          11   3.1485231088979088E-016
           4          12   9.9138331263626825E-002
           4          13   2.1136521352604904E-016
           5           1  -1.6022430612089558E-015
           5           2   3.8167528060710647E-015
           5           3  -3.6776137690708310E-016
           5           4  -2.2551405187698492E-017
           5           5   2.0552886896999949     
           5           6  -4.7158832665814326E-016
           5           7  -1.9298798670241967E-016
           5           8  -1.4030660314134913E-015
           5           9 -0.21511342566596064     
           5          10   4.2813571339513139E-016
           5          11   1.4539151133030610E-016
           5          12   8.5782075887053111E-016
           5          13   9.9138331263631377E-002
           6           1   7.1608626097640557E-002
           6           2 -0.27796441756095508     
           6           3  -1.0777768117435326E-015
           6           4   1.2115402776414131E-015
           6           5  -4.7158832665814326E-016
           6           6   1.6856660628140698     
           6           7  -5.3293490115178645E-015
           6           8  -2.9298467919281601E-015
           6           9  -4.7269434195225986E-016
           6          10 -0.44466574250006380     
           6          11   2.2288868509208831E-015
           6          12  -1.2839238117399843E-015
           6          13  -1.1020702542922283E-016
           7           1  -9.5494980658610839E-017
           7           2   1.5586808245781700E-015
           7           3 -0.21511342566595665     
           7           4  -9.6450625264310573E-016
           7           5  -1.9298798670241967E-016
           7           6  -5.3293490115178645E-015
           7           7   2.3132191796583906E-002
           7           8   5.5077470362272925E-017
           7           9   8.8511554856285911E-017
           7          10   1.4076904755083732E-015
           7          11  -1.0624628310716240E-002
           7          12  -1.3311292172690280E-016
           7          13  -7.8929918156943564E-017
           8           1   5.4277663603316790E-016
           8           2   1.2077997123870930E-016
           8           3   3.9595063339170513E-016
           8           4 -0.21511342566595870     
           8           5  -1.4030660314134913E-015
           8           6  -2.9298467919281601E-015
           8           7   5.5077470362272925E-017
           8           8   2.3132191796584312E-002
           8           9   1.3682631416767093E-016
           8          10   7.6094922816109917E-016
           8          11  -1.8485647040881783E-017
           8          12  -1.0624628310716519E-002
           8          13  -1.0120349653794321E-016
           9           1  -2.5974703418639138E-015
           9           2   6.0055843077335696E-015
           9           3  -6.9996092255664176E-016
           9           4   4.5991856156835098E-016
           9           5 -0.21511342566596064     
           9           6  -4.7269434195225986E-016
           9           7   8.8511554856285911E-017
           9           8   1.3682631416767093E-016
           9           9   2.3132191796584753E-002
           9          10   1.7201282549768233E-016
           9          11  -4.7914959760281496E-017
           9          12  -8.5306382183874948E-017
           9          13  -1.0624628310717102E-002
          10           1  -2.4936824187243727E-002
          10           2  0.10135985148415246     
          10           3   1.7441588063700980E-016
          10           4  -2.5788092667171083E-016
          10           5   4.2813571339513139E-016
          10           6 -0.44466574250006380     
          10           7   1.4076904755083732E-015
          10           8   7.6094922816109917E-016
          10           9   1.7201282549768233E-016
          10          10  0.11768387979718346     
          10          11  -5.8534085631928526E-016
          10          12   3.0304231072774412E-016
          10          13  -1.2232013356789026E-017
          11           1   1.0368377786446696E-015
          11           2  -2.9387194518948239E-016
          11           3   9.9138331263625173E-002
          11           4   3.1485231088979088E-016
          11           5   1.4539151133030610E-016
          11           6   2.2288868509208831E-015
          11           7  -1.0624628310716240E-002
          11           8  -1.8485647040881783E-017
          11           9  -4.7914959760281496E-017
          11          10  -5.8534085631928526E-016
          11          11   4.8819622061007902E-003
          11          12   5.7652450521914578E-017
          11          13   3.9434465892370720E-017
          12           1   3.6261739539892414E-016
          12           2  -3.1519781743465383E-015
          12           3   8.4025668367626534E-016
          12           4   9.9138331263626825E-002
          12           5   8.5782075887053111E-016
          12           6  -1.2839238117399843E-015
          12           7  -1.3311292172690280E-016
          12           8  -1.0624628310716519E-002
          12           9  -8.5306382183874948E-017
          12          10   3.0304231072774412E-016
          12          11   5.7652450521914578E-017
          12          12   4.8819622061009602E-003
          12          13   5.7123901962830335E-017
          13           1   1.7352242277702289E-015
          13           2  -4.5652321041500101E-015
          13           3   6.5193076631553362E-016
          13           4   2.1136521352604904E-016
          13           5   9.9138331263631377E-002
          13           6  -1.1020702542922283E-016
          13           7  -7.8929918156943564E-017
          13           8  -1.0120349653794321E-016
          13           9  -1.0624628310717102E-002
          13          10  -1.2232013356789026E-017
          13          11   3.9434465892370720E-017
          13          12   5.7123901962830335E-017
          13          13   4.8819622061014034E-003
