           1           1   2.1137062089397736     
           1           2 -0.49435256100456482     
           1           3   3.4064998707564540E-013
           1           4   4.4868386987041859E-013
           1           5   8.7581804274814168E-014
           1           6   1.6750849138787733E-002
           1           7   8.6360501734921703E-013
           1           8   1.0006145598973650E-012
           1           9   1.4491524392300078E-012
           1          10   1.8612685698020631E-002
           1          11   8.6427390227652700E-013
           1          12   1.0016051928609097E-012
           1          13   1.4395419695748670E-012
           2           1 -0.49435256100456482     
           2           2   2.1500905328164972     
           2           3  -3.2520212970943643E-015
           2           4  -1.8729584964148912E-013
           2           5   1.9750285255598448E-012
           2           6 -0.10616870671232105     
           2           7   4.9166660102738490E-013
           2           8   6.4109473853156829E-013
           2           9   9.4165163908544903E-013
           2          10  -9.8794147089831488E-002
           2          11   3.8533596236841976E-013
           2          12   4.7730238226391599E-013
           2          13   6.9333644173801596E-013
           3           1   3.4064998707564540E-013
           3           2  -3.2520212970943643E-015
           3           3   1.9926260630883736     
           3           4   3.7755215620551796E-013
           3           5   3.9188097211709830E-013
           3           6   8.9998695372057130E-013
           3           7   2.0156556514607855E-002
           3           8   7.8175508601282820E-013
           3           9   3.9850653159310239E-013
           3          10  -8.0804472209322226E-013
           3          11  -2.9271656998497700E-003
           3          12   2.1235296236265959E-013
           3          13   5.6404315625683746E-013
           4           1   4.4868386987041859E-013
           4           2  -1.8729584964148912E-013
           4           3   3.7755215620551796E-013
           4           4   1.9926260630883910     
           4           5   4.6679327070371300E-013
           4           6   1.3019626194168414E-012
           4           7  -2.1647397416300961E-014
           4           8   2.0156556515264091E-002
           4           9   1.9007495230534434E-013
           4          10  -1.0601526023292521E-012
           4          11   1.5878396484473792E-012
           4          12  -2.9271657006970930E-003
           4          13   6.6681220007412609E-013
           5           1   8.7581804274814168E-014
           5           2   1.9750285255598448E-012
           5           3   3.9188097211709830E-013
           5           4   4.6679327070371300E-013
           5           5   1.9926260630877430     
           5           6  -4.4910362710208894E-013
           5           7   6.0773120477000219E-013
           5           8   1.5427268837408160E-012
           5           9   2.0156556516440341E-002
           5          10   1.9859037784431135E-012
           5          11   4.9776086301771135E-013
           5          12  -1.4834732292408752E-012
           5          13  -2.9271656998124786E-003
           6           1   1.6750849138787733E-002
           6           2 -0.10616870671232105     
           6           3   8.9998695372057130E-013
           6           4   1.3019626194168414E-012
           6           5  -4.4910362710208894E-013
           6           6  0.24188025148910186     
           6           7   5.4718858852741072E-014
           6           8   1.5026394392949833E-013
           6           9   8.8625126686379623E-014
           6          10  0.27470253820706764     
           6          11   2.8485587348476905E-013
           6          12   4.8332250725844135E-013
           6          13   6.8828415207634092E-013
           7           1   8.6360501734921703E-013
           7           2   4.9166660102738490E-013
           7           3   2.0156556514607855E-002
           7           4  -2.1647397416300961E-014
           7           5   6.0773120477000219E-013
           7           6   5.4718858852741072E-014
           7           7   2.1441062964715278E-004
           7           8   6.8946766665073720E-015
           7           9   1.0718572602043661E-014
           7          10   5.1828434290262742E-014
           7          11  -3.1185957301622956E-005
           7          12   2.8111980611064212E-015
           7          13   5.1917384196276866E-015
           8           1   1.0006145598973650E-012
           8           2   6.4109473853156829E-013
           8           3   7.8175508601282820E-013
           8           4   2.0156556515264091E-002
           8           5   1.5427268837408160E-012
           8           6   1.5026394392949833E-013
           8           7   6.8946766665073720E-015
           8           8   2.1441062965870747E-004
           8           9   1.6162760827044451E-014
           8          10   1.5489711169358622E-013
           8          11   1.4907002242660910E-014
           8          12  -3.1185957309776305E-005
           8          13   5.1981865640826881E-015
           9           1   1.4491524392300078E-012
           9           2   9.4165163908544903E-013
           9           3   3.9850653159310239E-013
           9           4   1.9007495230534434E-013
           9           5   2.0156556516440341E-002
           9           6   8.8625126686379623E-014
           9           7   1.0718572602043661E-014
           9           8   1.6162760827044451E-014
           9           9   2.1441062968419579E-004
           9          10   1.3734166755206413E-013
           9          11   3.1920687551973924E-015
           9          12  -1.4498089940162797E-014
           9          13  -3.1185957305477477E-005
          10           1   1.8612685698020631E-002
          10           2  -9.8794147089831488E-002
          10           3  -8.0804472209322226E-013
          10           4  -1.0601526023292521E-012
          10           5   1.9859037784431135E-012
          10           6  0.27470253820706764     
          10           7   5.1828434290262742E-014
          10           8   1.5489711169358622E-013
          10           9   1.3734166755206413E-013
          10          10  0.31221554633191950     
          10          11   3.3362094921239889E-013
          10          12   5.6239701016540439E-013
          10          13   7.9247950345824068E-013
          11           1   8.6427390227652700E-013
          11           2   3.8533596236841976E-013
          11           3  -2.9271656998497700E-003
          11           4   1.5878396484473792E-012
          11           5   4.9776086301771135E-013
          11           6   2.8485587348476905E-013
          11           7  -3.1185957301622956E-005
          11           8   1.4907002242660910E-014
          11           9   3.1920687551973924E-015
          11          10   3.3362094921239889E-013
          11          11   4.5362039136400426E-006
          11          12  -2.7202847237851247E-015
          11          13  -1.4402096429243891E-015
          12           1   1.0016051928609097E-012
          12           2   4.7730238226391599E-013
          12           3   2.1235296236265959E-013
          12           4  -2.9271657006970930E-003
          12           5  -1.4834732292408752E-012
          12           6   4.8332250725844135E-013
          12           7   2.8111980611064212E-015
          12           8  -3.1185957309776305E-005
          12           9  -1.4498089940162797E-014
          12          10   5.6239701016540439E-013
          12          11  -2.7202847237851247E-015
          12          12   4.5362039157539514E-006
          12          13   1.0045501601538268E-015
          13           1   1.4395419695748670E-012
          13           2   6.9333644173801596E-013
          13           3   5.6404315625683746E-013
          13           4   6.6681220007412609E-013
          13           5  -2.9271656998124786E-003
          13           6   6.8828415207634092E-013
          13           7   5.1917384196276866E-015
          13           8   5.1981865640826881E-015
          13           9  -3.1185957305477477E-005
          13          10   7.9247950345824068E-013
          13          11  -1.4402096429243891E-015
          13          12   1.0045501601538268E-015
          13          13   4.5362039139927201E-006
