           1           1   2.2065212665336262     
           1           2  0.74496774600331617     
           1           3   1.2023023922104063E-014
           1           4  -2.6048828418757910E-014
           1           5  -3.9696696505532697E-015
           1           6 -0.11146208785714863     
           1           7   3.7339621264011361E-015
           1           8   4.5291163302627116E-015
           1           9   3.0780049251892286E-015
           1          10  -3.8557351610978972E-002
           1          11  -1.5290245081493790E-015
           1          12  -2.3105605318339483E-015
           1          13   2.6370806752630273E-015
           1          14  -1.8286445201230822E-002
           1          15  -3.6586199909649689E-015
           1          16   1.8264421977263074E-015
           1          17  -4.7635886461770223E-015
           1          18   7.5179659368374549E-002
           1          19   1.6743251820129494E-014
           1          20   7.5179659368357687E-002
           1          21  -1.1063847094019497E-015
           1          22  -2.6430978663898107E-015
           1          23   7.5179659368374632E-002
           1          24  -3.2288471492631365E-002
           1          25  -8.7839229748269661E-015
           1          26  -3.2288471492627036E-002
           1          27  -1.6794355812217715E-015
           1          28  -1.4481851492964676E-014
           1          29  -3.2288471492633392E-002
           2           1  0.74496774600331617     
           2           2   2.6488069857995886     
           2           3   6.5786595185356720E-014
           2           4  -7.0401472699083178E-014
           2           5  -1.1675568024535042E-014
           2           6 -0.89969837563331967     
           2           7   1.5834906079256190E-014
           2           8  -2.3082652429371712E-014
           2           9   1.5745725785183762E-014
           2          10 -0.14887197878472022     
           2          11  -5.0858996150561363E-015
           2          12   1.1237305430425043E-014
           2          13  -1.3609961488687235E-015
           2          14  -6.7515429194391352E-002
           2          15   1.0016961501507008E-015
           2          16  -5.5688083924633307E-016
           2          17  -9.2247988649902439E-015
           2          18   8.4428889160376566E-002
           2          19   1.3901138210005993E-014
           2          20   8.4428889160389597E-002
           2          21  -1.7937690026461572E-014
           2          22   2.9327426281049178E-015
           2          23   8.4428889160405488E-002
           2          24 -0.13155195817352547     
           2          25   9.0915401733468996E-015
           2          26 -0.13155195817354476     
           2          27   8.1998997193171003E-015
           2          28  -1.3537548774231891E-014
           2          29 -0.13155195817353982     
           3           1   1.2023023922104063E-014
           3           2   6.5786595185356720E-014
           3           3   2.2856626896262302     
           3           4   3.0114799542956772E-015
           3           5   6.0836752302506656E-015
           3           6  -4.4371981174645980E-014
           3           7 -0.81076892822793267     
           3           8  -1.0880185641326340E-014
           3           9   2.1857515797307829E-015
           3          10   2.0963004864973571E-014
           3          11  0.11834637687681650     
           3          12  -6.2658211952282280E-015
           3          13   8.2867740447411759E-015
           3          14   2.5721920753589803E-014
           3          15  -6.3373313880548232E-002
           3          16   5.5597887405056691E-015
           3          17  -1.0721892124143630E-014
           3          18  -3.9449071162120409E-014
           3          19   7.5173023258363831E-015
           3          20  -4.2187095262546516E-014
           3          21   9.7072930022552605E-015
           3          22   1.7466397150364713E-014
           3          23  -1.0565771676009071E-014
           3          24  -7.2252651922872912E-015
           3          25   1.1751392781730848E-014
           3          26   1.6182184186011447E-014
           3          27   7.8560204843406615E-016
           3          28  -4.0835432093332172E-015
           3          29  -1.4340151891431932E-014
           4           1  -2.6048828418757910E-014
           4           2  -7.0401472699083178E-014
           4           3   3.0114799542956772E-015
           4           4   2.2856626896262444     
           4           5  -1.3235940121702951E-015
           4           6  -1.9508490764476190E-014
           4           7  -3.4278135885299689E-015
           4           8 -0.81076892822795377     
           4           9  -8.3960616237283567E-016
           4          10  -1.6322112294928282E-014
           4          11  -2.6749435999563257E-015
           4          12  0.11834637687680670     
           4          13  -3.4941667614862312E-015
           4          14  -1.0996966172825757E-014
           4          15   4.7913062406480753E-015
           4          16  -6.3373313880529664E-002
           4          17   1.9316145905001262E-015
           4          18   5.8752884413641791E-015
           4          19   2.3069518920201030E-015
           4          20   5.5550317494417471E-015
           4          21   2.5861182001104439E-015
           4          22  -5.9902839893154794E-015
           4          23  -1.1973967814785890E-014
           4          24  -3.6105644225244867E-015
           4          25  -6.4619271679897862E-016
           4          26  -1.0456015042764236E-014
           4          27  -1.7105759060023024E-015
           4          28   2.9541848950781912E-015
           4          29   1.1159802278582407E-016
           5           1  -3.9696696505532697E-015
           5           2  -1.1675568024535042E-014
           5           3   6.0836752302506656E-015
           5           4  -1.3235940121702951E-015
           5           5   2.2856626896262426     
           5           6   1.4375792756981065E-013
           5           7  -2.0317081350640409E-014
           5           8   9.9052710478275322E-015
           5           9 -0.81076892822795854     
           5          10  -1.1167399989216652E-014
           5          11  -1.8054134576228759E-014
           5          12   8.0066162033709752E-015
           5          13  0.11834637687679117     
           5          14  -1.4751770989544416E-014
           5          15   2.5208784712460574E-014
           5          16  -9.3913592180694710E-015
           5          17  -6.3373313880514259E-002
           5          18   7.3875840203635583E-014
           5          19  -1.8545131376375714E-014
           5          20   6.5689427592751123E-014
           5          21  -8.1976625971072063E-015
           5          22  -6.6800583889878175E-015
           5          23   3.4288511094069437E-014
           5          24   9.0139714065768160E-015
           5          25  -5.6873146975437860E-016
           5          26  -1.2464869453085290E-014
           5          27  -2.2256414950970557E-015
           5          28   5.2776851607731169E-015
           5          29   1.7429485257411655E-014
           6           1 -0.11146208785714863     
           6           2 -0.89969837563331967     
           6           3  -4.4371981174645980E-014
           6           4  -1.9508490764476190E-014
           6           5   1.4375792756981065E-013
           6           6   4.6108554240659068     
           6           7  -5.6647255478491514E-014
           6           8   5.4628874606317410E-014
           6           9  -8.0463104719221553E-014
           6          10  0.51428967772292278     
           6          11   1.1514828597169937E-014
           6          12  -2.9933968683305185E-014
           6          13  -1.1473700346151680E-014
           6          14  0.29262232400133231     
           6          15  -1.6410594791271049E-015
           6          16   1.3234847392533323E-014
           6          17   2.1696436513332799E-014
           6          18  0.47640376228462833     
           6          19   1.0287013132054040E-014
           6          20  0.47640376228488818     
           6          21   5.3460837523341344E-014
           6          22   1.5540266401714664E-014
           6          23  0.47640376228461012     
           6          24  0.83292630323215822     
           6          25  -5.1531583690550170E-015
           6          26  0.83292630323215433     
           6          27  -5.9147362433530109E-015
           6          28  -1.5806048689661978E-015
           6          29  0.83292630323213879     
           7           1   3.7339621264011361E-015
           7           2   1.5834906079256190E-014
           7           3 -0.81076892822793267     
           7           4  -3.4278135885299689E-015
           7           5  -2.0317081350640409E-014
           7           6  -5.6647255478491514E-014
           7           7   2.3113619132667669     
           7           8   1.6653345369313786E-016
           7           9   7.2164496600644898E-016
           7          10  -2.1966915143651274E-015
           7          11 -0.29019708077709322     
           7          12  -2.5743296383495936E-015
           7          13   1.6826817716988582E-016
           7          14  -1.4898450354749775E-015
           7          15  0.15455143761125140     
           7          16   5.4227455859035029E-015
           7          17   1.9992688060632205E-015
           7          18  -5.7744889394373464E-015
           7          19   2.1144022288715348E-014
           7          20   2.9318558015296631E-015
           7          21  -1.6001169683378037E-014
           7          22  -1.4394361084459219E-014
           7          23   4.8405691236373452E-015
           7          24  -2.9149985093803376E-015
           7          25  -7.4381187522210226E-015
           7          26  -3.5053789633825231E-015
           7          27   4.6779834366267650E-015
           7          28  -2.5200585436973757E-015
           7          29   2.9950692116413238E-015
           8           1   4.5291163302627116E-015
           8           2  -2.3082652429371712E-014
           8           3  -1.0880185641326340E-014
           8           4 -0.81076892822795377     
           8           5   9.9052710478275322E-015
           8           6   5.4628874606317410E-014
           8           7   1.6653345369313786E-016
           8           8   2.3113619132667753     
           8           9  -1.2628786905108872E-015
           8          10   3.0414879665328315E-014
           8          11  -2.1996293675382605E-015
           8          12 -0.29019708077708539     
           8          13   3.2873009869758885E-015
           8          14   1.6610219715910450E-014
           8          15   1.9463597400455102E-015
           8          16  0.15455143761124640     
           8          17   5.5511151231274009E-016
           8          18  -4.4424438493039681E-015
           8          19  -1.9422173420452110E-014
           8          20  -8.4371297854491379E-015
           8          21  -9.6779378151033053E-015
           8          22   1.2706915999140068E-014
           8          23   2.8874523992710579E-014
           8          24   1.2202347071595261E-014
           8          25  -2.0868629913370037E-015
           8          26   1.7571809056521818E-014
           8          27   5.3035554468489257E-015
           8          28  -4.3381292402504431E-015
           8          29   6.1171033567825528E-015
           9           1   3.0780049251892286E-015
           9           2   1.5745725785183762E-014
           9           3   2.1857515797307829E-015
           9           4  -8.3960616237283567E-016
           9           5 -0.81076892822795854     
           9           6  -8.0463104719221553E-014
           9           7   7.2164496600644898E-016
           9           8  -1.2628786905108872E-015
           9           9   2.3113619132667700     
           9          10  -3.5065576639321899E-014
           9          11   6.1756155744779121E-015
           9          12  -1.1457848558826887E-014
           9          13 -0.29019708077709261     
           9          14  -2.0404089145258107E-014
           9          15  -1.0374513748079711E-014
           9          16   1.1502951369202314E-014
           9          17  0.15455143761125537     
           9          18  -1.9594143273318437E-014
           9          19  -1.0935579125277602E-014
           9          20  -6.3101546064167975E-015
           9          21   2.1319527465651124E-015
           9          22  -6.7170128264362390E-015
           9          23  -1.0642429089675515E-015
           9          24  -1.5221217796143182E-014
           9          25  -2.7149732643212312E-015
           9          26  -2.2099775905385154E-014
           9          27   7.9270908111724317E-016
           9          28   5.3519714679109021E-015
           9          29  -3.7445736367171705E-015
          10           1  -3.8557351610978972E-002
          10           2 -0.14887197878472022     
          10           3   2.0963004864973571E-014
          10           4  -1.6322112294928282E-014
          10           5  -1.1167399989216652E-014
          10           6  0.51428967772292278     
          10           7  -2.1966915143651274E-015
          10           8   3.0414879665328315E-014
          10           9  -3.5065576639321899E-014
          10          10   6.4458132106845367E-002
          10          11   1.7360442901824317E-017
          10          12  -5.4420497199116683E-015
          10          13   2.6451020175466410E-016
          10          14   4.0485815470059472E-002
          10          15   8.0546993780856715E-016
          10          16   2.7600902098349741E-015
          10          17   1.3684438709032241E-015
          10          18   6.1971925351734888E-002
          10          19  -6.0120025521093401E-015
          10          20   6.1971925351757003E-002
          10          21   3.1929083947593066E-015
          10          22   1.5779556989723123E-015
          10          23   6.1971925351728463E-002
          10          24  0.12142478357374305     
          10          25  -6.1728608907703721E-017
          10          26  0.12142478357374527     
          10          27  -9.1234590169117467E-016
          10          28  -5.9279765305953403E-016
          10          29  0.12142478357374092     
          11           1  -1.5290245081493790E-015
          11           2  -5.0858996150561363E-015
          11           3  0.11834637687681650     
          11           4  -2.6749435999563257E-015
          11           5  -1.8054134576228759E-014
          11           6   1.1514828597169937E-014
          11           7 -0.29019708077709322     
          11           8  -2.1996293675382605E-015
          11           9   6.1756155744779121E-015
          11          10   1.7360442901824317E-017
          11          11   4.0405650098913656E-002
          11          12   3.5648567431318441E-016
          11          13  -5.8395129010064624E-016
          11          14   1.0131843698290338E-016
          11          15  -2.1365393970122819E-002
          11          16  -7.6761513811968941E-016
          11          17   7.2045234361776758E-017
          11          18   2.3506571266067546E-015
          11          19  -4.5569600069862293E-015
          11          20  -1.7237654234804928E-014
          11          21   8.8109138362530041E-015
          11          22   6.4129543295680649E-015
          11          23   1.4135982688165566E-014
          11          24   1.7098596450135895E-015
          11          25   1.6347713331998475E-015
          11          26  -1.5736802298665690E-015
          11          27  -1.3825223211983779E-016
          11          28   3.9346570964739667E-016
          11          29   2.5260543775335054E-015
          12           1  -2.3105605318339483E-015
          12           2   1.1237305430425043E-014
          12           3  -6.2658211952282280E-015
          12           4  0.11834637687680670     
          12           5   8.0066162033709752E-015
          12           6  -2.9933968683305185E-014
          12           7  -2.5743296383495936E-015
          12           8 -0.29019708077708539     
          12           9  -1.1457848558826887E-014
          12          10  -5.4420497199116683E-015
          12          11   3.5648567431318441E-016
          12          12   4.0405650098911366E-002
          12          13   5.8048184314872872E-016
          12          14  -2.8145046886132372E-015
          12          15  -2.0556473190321136E-016
          12          16  -2.1365393970121643E-002
          12          17  -5.3261431723352042E-016
          12          18  -2.1662100658338458E-015
          12          19  -1.3006494910848804E-015
          12          20   2.8701237292105541E-015
          12          21   3.3054748319230445E-015
          12          22   1.9326742098744318E-015
          12          23  -5.5013418346877476E-015
          12          24  -3.2042813837201519E-015
          12          25   4.7884277658971713E-016
          12          26  -3.7394580272104291E-015
          12          27  -5.6834304064908750E-016
          12          28   6.4554480019172018E-016
          12          29  -3.1240807992311051E-015
          13           1   2.6370806752630273E-015
          13           2  -1.3609961488687235E-015
          13           3   8.2867740447411759E-015
          13           4  -3.4941667614862312E-015
          13           5  0.11834637687679117     
          13           6  -1.1473700346151680E-014
          13           7   1.6826817716988582E-016
          13           8   3.2873009869758885E-015
          13           9 -0.29019708077709261     
          13          10   2.6451020175466410E-016
          13          11  -5.8395129010064624E-016
          13          12   5.8048184314872872E-016
          13          13   4.0405650098912560E-002
          13          14  -4.7104168381758305E-018
          13          15   1.0100427438874630E-015
          13          16  -8.6324176973292915E-016
          13          17  -2.1365393970122569E-002
          13          18   2.1458192816860146E-015
          13          19   3.0555573029807235E-015
          13          20  -8.5008639997812433E-015
          13          21  -4.7895530263035794E-015
          13          22  -2.8829221689603913E-015
          13          23   1.3101472124465297E-015
          13          24  -3.1147711829468157E-015
          13          25  -4.0267339296499714E-016
          13          26  -3.8635172811720254E-015
          13          27  -5.1074148439897035E-016
          13          28  -1.8314998202602725E-016
          13          29  -3.1658328173355985E-015
          14           1  -1.8286445201230822E-002
          14           2  -6.7515429194391352E-002
          14           3   2.5721920753589803E-014
          14           4  -1.0996966172825757E-014
          14           5  -1.4751770989544416E-014
          14           6  0.29262232400133231     
          14           7  -1.4898450354749775E-015
          14           8   1.6610219715910450E-014
          14           9  -2.0404089145258107E-014
          14          10   4.0485815470059472E-002
          14          11   1.0131843698290338E-016
          14          12  -2.8145046886132372E-015
          14          13  -4.7104168381758305E-018
          14          14   2.9976953455418211E-002
          14          15   5.0881068681524256E-016
          14          16   1.4596017436886556E-015
          14          17   5.4651793409762036E-016
          14          18   4.6248517691448707E-002
          14          19   1.1504824516045609E-015
          14          20   4.6248517691487329E-002
          14          21  -2.3908875438183654E-015
          14          22  -1.3289141215479713E-015
          14          23   4.6248517691432380E-002
          14          24   9.7728649716445834E-002
          14          25  -8.6021449902069694E-016
          14          26   9.7728649716450289E-002
          14          27  -8.3861950530613995E-016
          14          28  -1.5559517117719651E-016
          14          29   9.7728649716442753E-002
          15           1  -3.6586199909649689E-015
          15           2   1.0016961501507008E-015
          15           3  -6.3373313880548232E-002
          15           4   4.7913062406480753E-015
          15           5   2.5208784712460574E-014
          15           6  -1.6410594791271049E-015
          15           7  0.15455143761125140     
          15           8   1.9463597400455102E-015
          15           9  -1.0374513748079711E-014
          15          10   8.0546993780856715E-016
          15          11  -2.1365393970122819E-002
          15          12  -2.0556473190321136E-016
          15          13   1.0100427438874630E-015
          15          14   5.0881068681524256E-016
          15          15   1.1303328027667096E-002
          15          16   4.1503259162741185E-016
          15          17  -4.2072465303311408E-016
          15          18  -1.6353967432289662E-015
          15          19   9.9926002440051185E-015
          15          20   1.5385432678247615E-014
          15          21  -7.0051344196984219E-015
          15          22  -7.2604060991687945E-015
          15          23  -1.0190399090914673E-014
          15          24   8.0838202366735830E-016
          15          25  -1.6089951327041209E-015
          15          26   3.5549886471566085E-015
          15          27   3.2035159262445334E-017
          15          28  -2.2291065438112041E-017
          15          29  -2.6569955046470932E-016
          16           1   1.8264421977263074E-015
          16           2  -5.5688083924633307E-016
          16           3   5.5597887405056691E-015
          16           4  -6.3373313880529664E-002
          16           5  -9.3913592180694710E-015
          16           6   1.3234847392533323E-014
          16           7   5.4227455859035029E-015
          16           8  0.15455143761124640     
          16           9   1.1502951369202314E-014
          16          10   2.7600902098349741E-015
          16          11  -7.6761513811968941E-016
          16          12  -2.1365393970121643E-002
          16          13  -8.6324176973292915E-016
          16          14   1.4596017436886556E-015
          16          15   4.1503259162741185E-016
          16          16   1.1303328027666471E-002
          16          17   5.8796283813890532E-016
          16          18   9.9634620218805166E-016
          16          19  -1.2744308189951325E-015
          16          20  -2.0257081897154936E-015
          16          21  -4.0629424875676950E-015
          16          22  -1.0952079204425917E-015
          16          23   4.7778313238724097E-015
          16          24   1.8185964592872471E-015
          16          25  -6.0200272365071655E-016
          16          26   1.6895507634525583E-015
          16          27  -4.6469348512234106E-017
          16          28  -3.7289607844645640E-016
          16          29   1.8087782702498051E-015
          17           1  -4.7635886461770223E-015
          17           2  -9.2247988649902439E-015
          17           3  -1.0721892124143630E-014
          17           4   1.9316145905001262E-015
          17           5  -6.3373313880514259E-002
          17           6   2.1696436513332799E-014
          17           7   1.9992688060632205E-015
          17           8   5.5511151231274009E-016
          17           9  0.15455143761125537     
          17          10   1.3684438709032241E-015
          17          11   7.2045234361776758E-017
          17          12  -5.3261431723352042E-016
          17          13  -2.1365393970122569E-002
          17          14   5.4651793409762036E-016
          17          15  -4.2072465303311408E-016
          17          16   5.8796283813890532E-016
          17          17   1.1303328027667146E-002
          17          18   3.8336586288192426E-016
          17          19  -4.2925146289088736E-015
          17          20  -8.4816286688601204E-016
          17          21   1.0182466713602466E-015
          17          22   4.6504572500911796E-016
          17          23   4.8049931586342201E-015
          17          24   2.8316942374829386E-015
          17          25   2.0818056303127944E-016
          17          26   2.1130483462123082E-015
          17          27   3.8476142299519811E-017
          17          28   2.2682439663175114E-017
          17          29   3.4266403320644939E-015
          18           1   7.5179659368374549E-002
          18           2   8.4428889160376566E-002
          18           3  -3.9449071162120409E-014
          18           4   5.8752884413641791E-015
          18           5   7.3875840203635583E-014
          18           6  0.47640376228462833     
          18           7  -5.7744889394373464E-015
          18           8  -4.4424438493039681E-015
          18           9  -1.9594143273318437E-014
          18          10   6.1971925351734888E-002
          18          11   2.3506571266067546E-015
          18          12  -2.1662100658338458E-015
          18          13   2.1458192816860146E-015
          18          14   4.6248517691448707E-002
          18          15  -1.6353967432289662E-015
          18          16   9.9634620218805166E-016
          18          17   3.8336586288192426E-016
          18          18   1.1886596350058518     
          18          19  -9.0303246518197541E-014
          18          20 -0.58914496807940198     
          18          21   6.4610788485821679E-014
          18          22   2.2721301231655943E-014
          18          23 -0.32288191506914321     
          18          24   5.6003631187719838E-002
          18          25   1.8561848077204265E-014
          18          26  0.18432895333329469     
          18          27   7.2680664851809825E-016
          18          28  -1.1069619532930626E-014
          18          29  0.22127254029792759     
          19           1   1.6743251820129494E-014
          19           2   1.3901138210005993E-014
          19           3   7.5173023258363831E-015
          19           4   2.3069518920201030E-015
          19           5  -1.8545131376375714E-014
          19           6   1.0287013132054040E-014
          19           7   2.1144022288715348E-014
          19           8  -1.9422173420452110E-014
          19           9  -1.0935579125277602E-014
          19          10  -6.0120025521093401E-015
          19          11  -4.5569600069862293E-015
          19          12  -1.3006494910848804E-015
          19          13   3.0555573029807235E-015
          19          14   1.1504824516045609E-015
          19          15   9.9926002440051185E-015
          19          16  -1.2744308189951325E-015
          19          17  -4.2925146289088736E-015
          19          18  -9.0303246518197541E-014
          19          19   1.9558728295593268     
          19          20   1.7835890942453586E-013
          19          21  -7.3942588164379623E-016
          19          22   3.5982501700437932E-015
          19          23  -5.9511849526310974E-014
          19          24   1.8602479640842875E-014
          19          25   2.4011003940383593E-002
          19          26   3.8462531413810019E-015
          19          27   6.7479659013315008E-015
          19          28  -8.7117812963571976E-015
          19          29  -3.1518155855757483E-014
          20           1   7.5179659368357687E-002
          20           2   8.4428889160389597E-002
          20           3  -4.2187095262546516E-014
          20           4   5.5550317494417471E-015
          20           5   6.5689427592751123E-014
          20           6  0.47640376228488818     
          20           7   2.9318558015296631E-015
          20           8  -8.4371297854491379E-015
          20           9  -6.3101546064167975E-015
          20          10   6.1971925351757003E-002
          20          11  -1.7237654234804928E-014
          20          12   2.8701237292105541E-015
          20          13  -8.5008639997812433E-015
          20          14   4.6248517691487329E-002
          20          15   1.5385432678247615E-014
          20          16  -2.0257081897154936E-015
          20          17  -8.4816286688601204E-016
          20          18 -0.58914496807940198     
          20          19   1.7835890942453586E-013
          20          20   1.9463171804718635     
          20          21  -1.1097335434843307E-013
          20          22  -4.2505139428441425E-014
          20          23  -1.0805394605348155     
          20          24  0.18432895333331159     
          20          25  -2.6644941509045364E-015
          20          26  0.16112744428858961     
          20          27  -2.3340415014274747E-015
          20          28   1.7761849832753547E-015
          20          29  0.11614872719709048     
          21           1  -1.1063847094019497E-015
          21           2  -1.7937690026461572E-014
          21           3   9.7072930022552605E-015
          21           4   2.5861182001104439E-015
          21           5  -8.1976625971072063E-015
          21           6   5.3460837523341344E-014
          21           7  -1.6001169683378037E-014
          21           8  -9.6779378151033053E-015
          21           9   2.1319527465651124E-015
          21          10   3.1929083947593066E-015
          21          11   8.8109138362530041E-015
          21          12   3.3054748319230445E-015
          21          13  -4.7895530263035794E-015
          21          14  -2.3908875438183654E-015
          21          15  -7.0051344196984219E-015
          21          16  -4.0629424875676950E-015
          21          17   1.0182466713602466E-015
          21          18   6.4610788485821679E-014
          21          19  -7.3942588164379623E-016
          21          20  -1.1097335434843307E-013
          21          21   1.9558728295593277     
          21          22   1.9706458687098722E-015
          21          23   7.4331973935050540E-014
          21          24   6.1573510040983907E-015
          21          25  -2.0976059431082624E-015
          21          26   1.8048889547084751E-016
          21          27   2.4011003940380318E-002
          21          28  -8.7777007884327131E-016
          21          29   1.1029016093697202E-014
          22           1  -2.6430978663898107E-015
          22           2   2.9327426281049178E-015
          22           3   1.7466397150364713E-014
          22           4  -5.9902839893154794E-015
          22           5  -6.6800583889878175E-015
          22           6   1.5540266401714664E-014
          22           7  -1.4394361084459219E-014
          22           8   1.2706915999140068E-014
          22           9  -6.7170128264362390E-015
          22          10   1.5779556989723123E-015
          22          11   6.4129543295680649E-015
          22          12   1.9326742098744318E-015
          22          13  -2.8829221689603913E-015
          22          14  -1.3289141215479713E-015
          22          15  -7.2604060991687945E-015
          22          16  -1.0952079204425917E-015
          22          17   4.6504572500911796E-016
          22          18   2.2721301231655943E-014
          22          19   3.5982501700437932E-015
          22          20  -4.2505139428441425E-014
          22          21   1.9706458687098722E-015
          22          22   1.9558728295593248     
          22          23   8.7931680123722014E-015
          22          24  -1.1721305494851450E-014
          22          25  -3.1911322542766246E-015
          22          26   1.5069300982319045E-014
          22          27  -2.7547408798511563E-015
          22          28   2.4011003940386341E-002
          22          29   3.1066736886900126E-015
          23           1   7.5179659368374632E-002
          23           2   8.4428889160405488E-002
          23           3  -1.0565771676009071E-014
          23           4  -1.1973967814785890E-014
          23           5   3.4288511094069437E-014
          23           6  0.47640376228461012     
          23           7   4.8405691236373452E-015
          23           8   2.8874523992710579E-014
          23           9  -1.0642429089675515E-015
          23          10   6.1971925351728463E-002
          23          11   1.4135982688165566E-014
          23          12  -5.5013418346877476E-015
          23          13   1.3101472124465297E-015
          23          14   4.6248517691432380E-002
          23          15  -1.0190399090914673E-014
          23          16   4.7778313238724097E-015
          23          17   4.8049931586342201E-015
          23          18 -0.32288191506914321     
          23          19  -5.9511849526310974E-014
          23          20  -1.0805394605348155     
          23          21   7.4331973935050540E-014
          23          22   8.7931680123722014E-015
          23          23   1.6800541274612781     
          23          24  0.22127254029793009     
          23          25  -1.9842456881619203E-014
          23          26  0.11614872719706189     
          23          27   8.9071914852157661E-016
          23          28   6.8166188880989487E-015
          23          29  0.12418385732392932     
          24           1  -3.2288471492631365E-002
          24           2 -0.13155195817352547     
          24           3  -7.2252651922872912E-015
          24           4  -3.6105644225244867E-015
          24           5   9.0139714065768160E-015
          24           6  0.83292630323215822     
          24           7  -2.9149985093803376E-015
          24           8   1.2202347071595261E-014
          24           9  -1.5221217796143182E-014
          24          10  0.12142478357374305     
          24          11   1.7098596450135895E-015
          24          12  -3.2042813837201519E-015
          24          13  -3.1147711829468157E-015
          24          14   9.7728649716445834E-002
          24          15   8.0838202366735830E-016
          24          16   1.8185964592872471E-015
          24          17   2.8316942374829386E-015
          24          18   5.6003631187719838E-002
          24          19   1.8602479640842875E-014
          24          20  0.18432895333331159     
          24          21   6.1573510040983907E-015
          24          22  -1.1721305494851450E-014
          24          23  0.22127254029793009     
          24          24  0.34059182896486190     
          24          25  -2.7488014175938115E-015
          24          26  0.32272893838457029     
          24          27   3.5900994715702793E-016
          24          28  -5.1976278093306160E-016
          24          29  0.32785480396141897     
          25           1  -8.7839229748269661E-015
          25           2   9.0915401733468996E-015
          25           3   1.1751392781730848E-014
          25           4  -6.4619271679897862E-016
          25           5  -5.6873146975437860E-016
          25           6  -5.1531583690550170E-015
          25           7  -7.4381187522210226E-015
          25           8  -2.0868629913370037E-015
          25           9  -2.7149732643212312E-015
          25          10  -6.1728608907703721E-017
          25          11   1.6347713331998475E-015
          25          12   4.7884277658971713E-016
          25          13  -4.0267339296499714E-016
          25          14  -8.6021449902069694E-016
          25          15  -1.6089951327041209E-015
          25          16  -6.0200272365071655E-016
          25          17   2.0818056303127944E-016
          25          18   1.8561848077204265E-014
          25          19   2.4011003940383593E-002
          25          20  -2.6644941509045364E-015
          25          21  -2.0976059431082624E-015
          25          22  -3.1911322542766246E-015
          25          23  -1.9842456881619203E-014
          25          24  -2.7488014175938115E-015
          25          25   2.5554796491984267E-002
          25          26  -1.2363383265732622E-015
          25          27  -8.4400395743496905E-016
          25          28   5.1778785252467406E-016
          25          29  -2.0609989482537960E-015
          26           1  -3.2288471492627036E-002
          26           2 -0.13155195817354476     
          26           3   1.6182184186011447E-014
          26           4  -1.0456015042764236E-014
          26           5  -1.2464869453085290E-014
          26           6  0.83292630323215433     
          26           7  -3.5053789633825231E-015
          26           8   1.7571809056521818E-014
          26           9  -2.2099775905385154E-014
          26          10  0.12142478357374527     
          26          11  -1.5736802298665690E-015
          26          12  -3.7394580272104291E-015
          26          13  -3.8635172811720254E-015
          26          14   9.7728649716450289E-002
          26          15   3.5549886471566085E-015
          26          16   1.6895507634525583E-015
          26          17   2.1130483462123082E-015
          26          18  0.18432895333329469     
          26          19   3.8462531413810019E-015
          26          20  0.16112744428858961     
          26          21   1.8048889547084751E-016
          26          22   1.5069300982319045E-014
          26          23  0.11614872719706189     
          26          24  0.32272893838457029     
          26          25  -1.2363383265732622E-015
          26          26  0.35517759551203371     
          26          27  -2.2514683146051564E-015
          26          28  -2.4645027073448670E-015
          26          29  0.31326903741425266     
          27           1  -1.6794355812217715E-015
          27           2   8.1998997193171003E-015
          27           3   7.8560204843406615E-016
          27           4  -1.7105759060023024E-015
          27           5  -2.2256414950970557E-015
          27           6  -5.9147362433530109E-015
          27           7   4.6779834366267650E-015
          27           8   5.3035554468489257E-015
          27           9   7.9270908111724317E-016
          27          10  -9.1234590169117467E-016
          27          11  -1.3825223211983779E-016
          27          12  -5.6834304064908750E-016
          27          13  -5.1074148439897035E-016
          27          14  -8.3861950530613995E-016
          27          15   3.2035159262445334E-017
          27          16  -4.6469348512234106E-017
          27          17   3.8476142299519811E-017
          27          18   7.2680664851809825E-016
          27          19   6.7479659013315008E-015
          27          20  -2.3340415014274747E-015
          27          21   2.4011003940380318E-002
          27          22  -2.7547408798511563E-015
          27          23   8.9071914852157661E-016
          27          24   3.5900994715702793E-016
          27          25  -8.4400395743496905E-016
          27          26  -2.2514683146051564E-015
          27          27   2.5554796491984451E-002
          27          28  -1.6263032587270965E-016
          27          29   5.3970462889934205E-016
          28           1  -1.4481851492964676E-014
