           1           1   2.2004257581716256     
           1           2  0.72045787227701874     
           1           3   8.6475637752173302E-015
           1           4   1.5508380396171932E-014
           1           5  -1.6535352376059200E-014
           1           6 -0.18561968632106235     
           1           7   1.1838101365133734E-015
           1           8  -1.6461092941566238E-014
           1           9   3.8799580739119662E-014
           1          10   2.3811505317499579E-002
           1          11  -6.8544682621468200E-014
           1          12  -1.3476820350033905E-013
           1          13  -2.6367430425477184E-015
           1          14  -1.5259772376907142E-002
           1          15   5.8637100893680484E-014
           1          16   9.9194668028480930E-014
           1          17  -2.6338368561468185E-014
           1          18   2.6720340610669947E-002
           1          19   1.0693678778260972E-005
           1          20   2.6603481308125197E-002
           1          21  -6.7408931253779904E-010
           1          22   2.0520969531990555E-009
           1          23   2.6121097669210485E-002
           1          24  -1.8347633718624433E-004
           1          25  -2.5716089744048472E-005
           1          26   9.7546155243467825E-005
           1          27   9.4185641227371770E-010
           1          28  -2.4958212860207181E-009
           1          29   6.8729620086048146E-004
           2           1  0.72045787227701874     
           2           2   2.5766346816618579     
           2           3   3.5683691511063598E-014
           2           4  -4.5234553928529468E-014
           2           5   7.8241009399340639E-015
           2           6 -0.98087188710889828     
           2           7   2.2916976536269477E-014
           2           8   8.9696658793974259E-015
           2           9   2.7037682113723824E-014
           2          10  0.11265354877868156     
           2          11  -2.6212801810510990E-013
           2          12  -4.7771689573205928E-013
           2          13  -1.6311368688936253E-014
           2          14  -9.8529218184838160E-003
           2          15   1.7990680419906167E-013
           2          16   2.5857969059072170E-013
           2          17  -7.3653741678096891E-014
           2          18   5.9553769017781123E-003
           2          19   3.5684678048168914E-005
           2          20   5.5654188066108952E-003
           2          21  -2.5392317197725546E-009
           2          22   7.8884012187826377E-009
           2          23   3.7124396589325211E-003
           2          24  -1.9490609574533246E-002
           2          25  -1.1367769879343412E-004
           2          26  -1.8248352663646619E-002
           2          27   4.0901283136996115E-009
           2          28  -1.0769212956737138E-008
           2          29  -1.5702999502343249E-002
           3           1   8.6475637752173302E-015
           3           2   3.5683691511063598E-014
           3           3   2.2655547047571161     
           3           4   1.5874953070796428E-006
           3           5   2.6553660449142575E-010
           3           6   2.9373190675623342E-013
           3           7 -0.77355814951069901     
           3           8  -1.3260928548613211E-006
           3           9  -7.0159967310343413E-010
           3          10  -9.6377426368090234E-014
           3          11  -2.9904462899177666E-002
           3          12   2.1181795689575252E-005
           3          13   1.1625182413503987E-009
           3          14  -1.1636688191748538E-013
           3          15   2.7540090722501555E-002
           3          16   3.3139506746193797E-006
           3          17  -1.1750474694895234E-009
           3          18   1.2074873506963587E-013
           3          19   1.3610171597918610E-013
           3          20   8.0986259958665136E-014
           3          21  -4.4350771025545280E-015
           3          22   3.9354827946655483E-014
           3          23   9.8685857652951128E-014
           3          24   6.0403385040227971E-014
           3          25  -3.0266949319361490E-014
           3          26   7.8046736946312304E-014
           3          27   3.2285261979917054E-014
           3          28  -1.8320001400768266E-014
           3          29   6.0583018552231530E-014
           4           1   1.5508380396171932E-014
           4           2  -4.5234553928529468E-014
           4           3   1.5874953070796428E-006
           4           4   2.2655346724204972     
           4           5  -1.0347253234698341E-009
           4           6   1.6385518647655144E-013
           4           7  -1.3260928768009737E-006
           4           8 -0.77354141628808515     
           4           9   2.5654378300480193E-009
           4          10  -1.8360054784580134E-013
           4          11   2.1181795687173145E-005
           4          12  -3.0171744022545296E-002
           4          13  -4.9044345682065373E-009
           4          14  -1.9074043861090069E-013
           4          15   3.3139506729388595E-006
           4          16   2.7498273849638138E-002
           4          17   4.1051541606719117E-009
           4          18   1.3248201062070124E-013
           4          19   1.0849568959717116E-014
           4          20  -4.8569073839505414E-014
           4          21   4.7295504020381559E-014
           4          22   2.4920716030669255E-014
           4          23   8.8761938976873277E-015
           4          24   9.5695393260951920E-014
           4          25   4.4344132121104637E-014
           4          26   9.5445326414681265E-014
           4          27  -1.1377576103638730E-014
           4          28   1.5808299862971085E-014
           4          29   8.5846040502688815E-014
           5           1  -1.6535352376059200E-014
           5           2   7.8241009399340639E-015
           5           3   2.6553660449142575E-010
           5           4  -1.0347253234698341E-009
           5           5   2.2658134093606290     
           5           6   4.5276206312005708E-014
           5           7  -7.0158467135973882E-010
           5           8   2.5654046719427662E-009
           5           9 -0.77423363873276230     
           5          10   5.2606864980020115E-015
           5          11   1.1625647735563097E-009
           5          12  -4.9044563896238451E-009
           5          13  -2.8853549325707228E-002
           5          14   5.8016815448789782E-015
           5          15  -1.1750663925323940E-009
           5          16   4.1051761365390931E-009
           5          17   2.6389049539644303E-002
           5          18  -6.8414932683702032E-015
           5          19  -1.4137329198549760E-013
           5          20   1.6451279540760155E-014
           5          21  -1.8850116781310482E-014
           5          22  -5.5897316244474896E-014
           5          23   4.4666071134923653E-014
           5          24  -2.0557158564580912E-014
           5          25   1.1740296825229173E-013
           5          26   4.1338117802223838E-014
           5          27   7.4074253300724560E-014
           5          28   1.5529030607691722E-013
           5          29   3.3907491038843541E-015
           6           1 -0.18561968632106235     
           6           2 -0.98087188710889828     
           6           3   2.9373190675623342E-013
           6           4   1.6385518647655144E-013
           6           5   4.5276206312005708E-014
           6           6   2.5046907470115380     
           6           7  -1.6828859012613999E-013
           6           8  -2.2605949323798402E-013
           6           9  -1.4751958715703669E-014
           6          10 -0.25646643699404453     
           6          11   6.7900700784661301E-013
           6          12   1.2215427653259006E-012
           6          13   3.4966078779877124E-014
           6          14  0.22940195527863894     
           6          15  -4.1952958811420205E-013
           6          16  -5.7353456110346476E-013
           6          17   1.8610637107522396E-013
           6          18  -9.6013970937239290E-004
           6          19  -3.6507979650310602E-004
           6          20   3.0294106078890201E-003
           6          21   1.7449717003395414E-008
           6          22  -5.0077242283720796E-008
           6          23   1.4825897432566404E-002
           6          24   8.7816696500067223E-002
           6          25   2.9509471328219419E-004
           6          26   8.4591935182710021E-002
           6          27  -1.1640145478294290E-008
           6          28   3.1627491413182100E-008
           6          29   7.7126008253125045E-002
           7           1   1.1838101365133734E-015
           7           2   2.2916976536269477E-014
           7           3 -0.77355814951069901     
           7           4  -1.3260928768009737E-006
           7           5  -7.0158467135973882E-010
           7           6  -1.6828859012613999E-013
           7           7   2.2518768708195682     
           7           8  -3.0527898935111246E-006
           7           9   1.6516834789453282E-009
           7          10   3.2306887236418024E-014
           7          11   8.4183960460439425E-002
           7          12  -5.0154298044537111E-005
           7          13  -3.8404627955540021E-009
           7          14   1.3474529471338843E-013
           7          15 -0.11666534746239959     
           7          16  -1.0697806806638231E-005
           7          17   3.2466615250738152E-009
           7          18   1.2640592196861442E-015
           7          19  -3.1467436456189157E-013
           7          20  -1.3841945767881958E-013
           7          21   1.0225808627319675E-015
           7          22   6.8652584229756182E-015
           7          23  -6.1034097518041284E-015
           7          24  -4.2975021019163985E-015
           7          25  -2.7520442220726375E-014
           7          26  -2.2924075370277169E-013
           7          27  -1.2339341196382706E-014
           7          28   2.1384564958888461E-014
           7          29  -1.2559630507261271E-013
           8           1  -1.6461092941566238E-014
           8           2   8.9696658793974259E-015
           8           3  -1.3260928548613211E-006
           8           4 -0.77354141628808515     
           8           5   2.5654046719427662E-009
           8           6  -2.2605949323798402E-013
           8           7  -3.0527898935111246E-006
           8           8   2.2519153922292316     
           8           9  -5.8273198787290895E-009
           8          10   2.0117681326330349E-013
           8          11  -5.0154298000689427E-005
           8          12   8.4816829242214578E-002
           8          13   1.5518874736836483E-008
           8          14   2.5508634439329180E-013
           8          15  -1.0697806800305386E-005
           8          16 -0.11653035787921989     
           8          17  -1.1289431571966546E-008
           8          18  -2.9199506860513484E-013
           8          19  -1.2844816365137152E-013
           8          20   1.2766623716375719E-013
           8          21  -1.3632761444805084E-014
           8          22   8.3236133018002648E-016
           8          23   3.3872685736054406E-014
           8          24  -1.7326719692108962E-013
           8          25  -1.6208151654894637E-013
           8          26  -1.5121113740511853E-013
           8          27   3.3806226445688180E-014
           8          28   1.4165670865016065E-014
           8          29  -1.1418102952894619E-013
           9           1   3.8799580739119662E-014
           9           2   2.7037682113723824E-014
           9           3  -7.0159967310343413E-010
           9           4   2.5654378300480193E-009
           9           5 -0.77423363873276230     
           9           6  -1.4751958715703669E-014
           9           7   1.6516834789453282E-009
           9           8  -5.8273198787290895E-009
           9           9   2.2534894482648058     
           9          10  -2.5300606206080428E-014
           9          11  -3.8404939563544687E-009
           9          12   1.5518895749656330E-008
           9          13   8.0641030961640575E-002
           9          14  -3.6160562667795174E-014
           9          15   3.2467082739993746E-009
           9          16  -1.1289454216491704E-008
           9          17 -0.11347947689262465     
           9          18   3.6762617766454272E-014
           9          19   1.1774202122437168E-013
           9          20  -1.4440157823956579E-014
           9          21   7.9154357566300310E-015
           9          22   1.8303803936324907E-014
           9          23  -3.1350066396646459E-014
           9          24   1.3448609920610862E-015
           9          25  -1.2074648087068036E-013
           9          26  -5.8546959775260854E-014
           9          27  -5.2507730274094070E-014
           9          28  -1.1875085644689962E-013
           9          29  -1.2499671209106305E-014
          10           1   2.3811505317499579E-002
          10           2  0.11265354877868156     
          10           3  -9.6377426368090234E-014
          10           4  -1.8360054784580134E-013
          10           5   5.2606864980020115E-015
          10           6 -0.25646643699404453     
          10           7   3.2306887236418024E-014
          10           8   2.0117681326330349E-013
          10           9  -2.5300606206080428E-014
          10          10  0.77054892504369099     
          10          11  -1.1386963286819829E-012
          10          12  -1.9610396740242634E-012
          10          13  -6.7875358013476824E-014
          10          14  0.77897663684867491     
          10          15   7.7074734617481272E-013
          10          16   8.4189589645900886E-013
          10          17  -7.5914160129339221E-014
          10          18  -3.8916006589696447E-002
          10          19  -3.5530730294766295E-006
          10          20  -3.8877179031982713E-002
          10          21  -1.9001654120727542E-009
          10          22   6.9462119316684198E-009
          10          23  -4.0500365739142077E-002
          10          24 -0.14998466305167651     
          10          25  -4.1515547328929096E-004
          10          26 -0.14544789146529261     
          10          27   1.0852092216926719E-008
          10          28  -2.4659431224756815E-008
          10          29 -0.13958219655000514     
          11           1  -6.8544682621468200E-014
          11           2  -2.6212801810510990E-013
          11           3  -2.9904462899177666E-002
          11           4   2.1181795687173145E-005
          11           5   1.1625647735563097E-009
          11           6   6.7900700784661301E-013
          11           7   8.4183960460439425E-002
          11           8  -5.0154298000689427E-005
          11           9  -3.8404939563544687E-009
          11          10  -1.1386963286819829E-012
          11          11   6.4545860786974232E-002
          11          12   1.5502003734284402E-005
          11          13  -2.6194029170934865E-011
          11          14  -3.3082777927363958E-013
          11          15 -0.26406206576033719     
          11          16   3.2447028133190597E-005
          11          17  -3.6508387610202843E-009
          11          18   1.5145398653197812E-012
          11          19   8.7932387264670150E-013
          11          20  -1.1988733000463326E-012
          11          21  -3.7643380557858162E-015
          11          22   1.7429080521973051E-014
          11          23  -1.2995572648947881E-013
          11          24   8.5767307053940096E-013
          11          25   3.6448677582180343E-013
          11          26  -2.0176665496862155E-013
          11          27  -1.4861460873221168E-015
          11          28   8.2898438691896504E-015
          11          29   1.9289458248888908E-013
          12           1  -1.3476820350033905E-013
          12           2  -4.7771689573205928E-013
          12           3   2.1181795689575252E-005
          12           4  -3.0171744022545296E-002
          12           5  -4.9044563896238451E-009
          12           6   1.2215427653259006E-012
          12           7  -5.0154298044537111E-005
          12           8   8.4816829242214578E-002
          12           9   1.5518895749656330E-008
          12          10  -1.9610396740242634E-012
          12          11   1.5502003734284402E-005
          12          12   6.4350249751626606E-002
          12          13  -4.4044627850510295E-010
          12          14  -4.5352675336328404E-013
          12          15   3.2447028127221143E-005
          12          16 -0.26447149648829688     
          12          17   1.1991534459731875E-008
          12          18   3.8136053604138383E-013
          12          19  -1.7693247640643173E-013
          12          20  -1.4518014406858280E-013
          12          21  -2.4756693971140586E-014
          12          22  -2.7047977888044731E-014
          12          23   9.6156304429794822E-014
          12          24   6.3928339773863706E-013
          12          25  -6.9012456341376541E-014
          12          26   4.1254056196263643E-013
          12          27  -9.7707069986259837E-015
          12          28  -1.0329962601409346E-014
          12          29   4.7807439806169683E-013
          13           1  -2.6367430425477184E-015
          13           2  -1.6311368688936253E-014
          13           3   1.1625182413503987E-009
          13           4  -4.9044345682065373E-009
          13           5  -2.8853549325707228E-002
          13           6   3.4966078779877124E-014
          13           7  -3.8404627955540021E-009
          13           8   1.5518874736836483E-008
          13           9   8.0641030961640575E-002
          13          10  -6.7875358013476824E-014
          13          11  -2.6194029170934865E-011
          13          12  -4.4044627850510295E-010
          13          13   6.4464840905750498E-002
          13          14  -7.5628939625009254E-014
          13          15  -3.6508397068816002E-009
          13          16   1.1991540251995615E-008
          13          17 -0.26771798089262572     
          13          18  -1.0176976070245421E-015
          13          19   3.1369306985655138E-015
          13          20   9.3500961334028076E-015
          13          21  -9.6552232195485341E-014
          13          22  -7.2457906261821180E-014
          13          23  -1.6531634293346382E-015
          13          24   8.0483074818853599E-015
          13          25   3.7206541167971579E-016
          13          26   1.1991136871721290E-014
          13          27  -3.9799966774538887E-014
          13          28  -2.9008284950502797E-014
          13          29   7.6668251460307999E-015
          14           1  -1.5259772376907142E-002
          14           2  -9.8529218184838160E-003
          14           3  -1.1636688191748538E-013
          14           4  -1.9074043861090069E-013
          14           5   5.8016815448789782E-015
          14           6  0.22940195527863894     
          14           7   1.3474529471338843E-013
          14           8   2.5508634439329180E-013
          14           9  -3.6160562667795174E-014
          14          10  0.77897663684867491     
          14          11  -3.3082777927363958E-013
          14          12  -4.5352675336328404E-013
          14          13  -7.5628939625009254E-014
          14          14   2.0559004291746543     
          14          15   5.9020351583616669E-014
          14          16  -3.1404713810416782E-013
          14          17   3.1528186404640089E-013
          14          18  -3.4827508441382590E-002
          14          19  -3.9650282346864403E-005
          14          20  -3.4394214709127097E-002
          14          21  -2.2359050826074631E-009
          14          22   9.3957419420825298E-009
          14          23  -3.6581400921230266E-002
          14          24  -1.3241992527977507E-002
          14          25   1.8042544359509466E-005
          14          26  -1.3439159390473398E-002
          14          27  -4.8246062202591425E-009
          14          28   1.6702626354488107E-008
          14          29  -1.7348695256706858E-002
          15           1   5.8637100893680484E-014
          15           2   1.7990680419906167E-013
          15           3   2.7540090722501555E-002
          15           4   3.3139506729388595E-006
          15           5  -1.1750663925323940E-009
          15           6  -4.1952958811420205E-013
          15           7 -0.11666534746239959     
          15           8  -1.0697806800305386E-005
          15           9   3.2467082739993746E-009
          15          10   7.7074734617481272E-013
          15          11 -0.26406206576033719     
          15          12   3.2447028127221143E-005
          15          13  -3.6508397068816002E-009
          15          14   5.9020351583616669E-014
          15          15   1.3221123486533821     
          15          16  -4.3760828711856422E-005
          15          17   4.3430365814391793E-009
          15          18  -8.5988715347926358E-013
          15          19  -6.3966692310784218E-014
          15          20   7.3491348726667220E-013
          15          21   9.4604928799947599E-015
          15          22  -8.1113360788242080E-016
          15          23   3.4289151628582582E-014
          15          24  -4.8032737095726536E-013
          15          25  -6.2352022517241615E-014
          15          26   1.7851198561674310E-013
          15          27   2.2143372900236296E-015
          15          28  -9.9767138039788946E-016
          15          29  -8.0886608472697295E-014
          16           1   9.9194668028480930E-014
          16           2   2.5857969059072170E-013
          16           3   3.3139506746193797E-006
          16           4   2.7498273849638138E-002
          16           5   4.1051761365390931E-009
          16           6  -5.7353456110346476E-013
          16           7  -1.0697806806638231E-005
          16           8 -0.11653035787921989     
          16           9  -1.1289454216491704E-008
          16          10   8.4189589645900886E-013
          16          11   3.2447028133190597E-005
          16          12 -0.26447149648829688     
          16          13   1.1991540251995615E-008
          16          14  -3.1404713810416782E-013
          16          15  -4.3760828711856422E-005
          16          16   1.3226645418438754     
          16          17  -1.4087147537441953E-008
          16          18  -1.4433169646311633E-013
          16          19  -5.3145436780339536E-014
          16          20   6.2393124046360629E-014
          16          21  -1.7207676946281304E-014
          16          22  -1.3239596498586546E-014
          16          23  -2.3539386457522491E-015
          16          24  -1.7727379237289527E-013
          16          25  -5.2857080566434458E-014
          16          26  -1.3996520315434675E-013
          16          27  -1.0231808360810839E-014
          16          28  -1.0596013544215588E-014
          16          29  -8.6533460528375368E-014
          17           1  -2.6338368561468185E-014
          17           2  -7.3653741678096891E-014
          17           3  -1.1750474694895234E-009
          17           4   4.1051541606719117E-009
          17           5   2.6389049539644303E-002
          17           6   1.8610637107522396E-013
          17           7   3.2466615250738152E-009
          17           8  -1.1289431571966546E-008
          17           9 -0.11347947689262465     
          17          10  -7.5914160129339221E-014
          17          11  -3.6508387610202843E-009
          17          12   1.1991534459731875E-008
          17          13 -0.26771798089262572     
          17          14   3.1528186404640089E-013
          17          15   4.3430365814391793E-009
          17          16  -1.4087147537441953E-008
          17          17   1.3264799462299481     
          17          18   1.8003008447938238E-014
          17          19  -6.9378066127216991E-015
          17          20  -1.9642362396276775E-014
          17          21  -5.6638372847236362E-014
          17          22  -8.6606179742847655E-014
          17          23   2.6526102892739810E-014
          17          24   7.2057850073613704E-014
          17          25  -5.0023367437658016E-015
          17          26   5.3277152546388006E-014
          17          27  -5.0968212891458573E-014
          17          28  -8.1097414710112292E-014
          17          29   6.4454319658200893E-014
          18           1   2.6720340610669947E-002
          18           2   5.9553769017781123E-003
          18           3   1.2074873506963587E-013
          18           4   1.3248201062070124E-013
          18           5  -6.8414932683702032E-015
          18           6  -9.6013970937239290E-004
          18           7   1.2640592196861442E-015
          18           8  -2.9199506860513484E-013
          18           9   3.6762617766454272E-014
          18          10  -3.8916006589696447E-002
          18          11   1.5145398653197812E-012
          18          12   3.8136053604138383E-013
          18          13  -1.0176976070245421E-015
          18          14  -3.4827508441382590E-002
          18          15  -8.5988715347926358E-013
          18          16  -1.4433169646311633E-013
          18          17   1.8003008447938238E-014
          18          18  0.68104748759771261     
          18          19   2.7702459573827674E-003
          18          20 -0.34399436257374710     
          18          21  -8.7395732712591088E-009
          18          22  -8.2324680254922912E-008
          18          23 -0.32538623270592026     
          18          24  0.28208436127464520     
          18          25  -1.4933819581821456E-003
          18          26 -0.12347036343027856     
          18          27   6.7022094875720514E-009
          18          28   3.6581524466316463E-008
          18          29 -0.13167730571036318     
          19           1   1.0693678778260972E-005
          19           2   3.5684678048168914E-005
          19           3   1.3610171597918610E-013
          19           4   1.0849568959717116E-014
          19           5  -1.4137329198549760E-013
          19           6  -3.6507979650310602E-004
          19           7  -3.1467436456189157E-013
          19           8  -1.2844816365137152E-013
          19           9   1.1774202122437168E-013
          19          10  -3.5530730294766295E-006
          19          11   8.7932387264670150E-013
          19          12  -1.7693247640643173E-013
          19          13   3.1369306985655138E-015
          19          14  -3.9650282346864403E-005
          19          15  -6.3966692310784218E-014
          19          16  -5.3145436780339536E-014
          19          17  -6.9378066127216991E-015
          19          18   2.7702459573827674E-003
          19          19  0.66367452672517979     
          19          20  -2.6417602158441953E-003
          19          21   8.7526808608043543E-009
          19          22  -1.4304913694185230E-008
          19          23  -3.6857434383347058E-004
          19          24  -1.6707074458881181E-003
          19          25  0.28099075453191352     
          19          26   1.1567022699604363E-003
          19          27  -4.3759429305317929E-009
          19          28   7.4141233134931181E-009
          19          29  -3.5881252633818275E-005
          20           1   2.6603481308125197E-002
          20           2   5.5654188066108952E-003
          20           3   8.0986259958665136E-014
          20           4  -4.8569073839505414E-014
          20           5   1.6451279540760155E-014
          20           6   3.0294106078890201E-003
          20           7  -1.3841945767881958E-013
          20           8   1.2766623716375719E-013
          20           9  -1.4440157823956579E-014
          20          10  -3.8877179031982713E-002
          20          11  -1.1988733000463326E-012
          20          12  -1.4518014406858280E-013
          20          13   9.3500961334028076E-015
          20          14  -3.4394214709127097E-002
          20          15   7.3491348726667220E-013
          20          16   6.2393124046360629E-014
          20          17  -1.9642362396276775E-014
          20          18 -0.34399436257374710     
          20          19  -2.6417602158441953E-003
          20          20  0.67964341011587370     
          20          21   1.6744918236854965E-008
          20          22   5.3160160653398786E-008
          20          23 -0.32135849440699543     
          20          24 -0.12153257075309171     
          20          25   1.3340277577106954E-003
          20          26  0.28576355843167683     
          20          27  -6.4591937726207790E-009
          20          28  -3.3968599471450537E-008
          20          29 -0.13128519945957662     
          21           1  -6.7408931253779904E-010
          21           2  -2.5392317197725546E-009
          21           3  -4.4350771025545280E-015
          21           4   4.7295504020381559E-014
          21           5  -1.8850116781310482E-014
          21           6   1.7449717003395414E-008
          21           7   1.0225808627319675E-015
          21           8  -1.3632761444805084E-014
          21           9   7.9154357566300310E-015
          21          10  -1.9001654120727542E-009
          21          11  -3.7643380557858162E-015
          21          12  -2.4756693971140586E-014
          21          13  -9.6552232195485341E-014
          21          14  -2.2359050826074631E-009
          21          15   9.4604928799947599E-015
          21          16  -1.7207676946281304E-014
          21          17  -5.6638372847236362E-014
          21          18  -8.7395732712591088E-009
          21          19   8.7526808608043543E-009
          21          20   1.6744918236854965E-008
          21          21  0.66032089793938342     
          21          22   6.7182511648393502E-005
          21          23   1.9082476575490889E-009
          21          24   1.2309347583614233E-008
          21          25  -4.3607010399390576E-009
          21          26  -1.0186227862218333E-009
          21          27  0.28268851295012803     
          21          28  -3.3622602393634477E-005
          21          29   6.5725228729461329E-009
          22           1   2.0520969531990555E-009
          22           2   7.8884012187826377E-009
          22           3   3.9354827946655483E-014
          22           4   2.4920716030669255E-014
          22           5  -5.5897316244474896E-014
          22           6  -5.0077242283720796E-008
          22           7   6.8652584229756182E-015
          22           8   8.3236133018002648E-016
          22           9   1.8303803936324907E-014
          22          10   6.9462119316684198E-009
          22          11   1.7429080521973051E-014
          22          12  -2.7047977888044731E-014
          22          13  -7.2457906261821180E-014
          22          14   9.3957419420825298E-009
          22          15  -8.1113360788242080E-016
          22          16  -1.3239596498586546E-014
          22          17  -8.6606179742847655E-014
          22          18  -8.2324680254922912E-008
          22          19  -1.4304913694185230E-008
          22          20   5.3160160653398786E-008
          22          21   6.7182511648393502E-005
          22          22  0.65947315975497978     
          22          23   1.8411822136377376E-009
          22          24   2.2558485057538242E-008
          22          25   7.3593365967439016E-009
          22          26  -4.7392961317581223E-008
          22          27  -3.3622602391619101E-005
          22          28  0.28311277758698128     
          22          29  -2.0357464757757829E-008
          23           1   2.6121097669210485E-002
          23           2   3.7124396589325211E-003
          23           3   9.8685857652951128E-014
          23           4   8.8761938976873277E-015
          23           5   4.4666071134923653E-014
          23           6   1.4825897432566404E-002
          23           7  -6.1034097518041284E-015
          23           8   3.3872685736054406E-014
          23           9  -3.1350066396646459E-014
          23          10  -4.0500365739142077E-002
          23          11  -1.2995572648947881E-013
          23          12   9.6156304429794822E-014
          23          13  -1.6531634293346382E-015
          23          14  -3.6581400921230266E-002
          23          15   3.4289151628582582E-014
          23          16  -2.3539386457522491E-015
          23          17   2.6526102892739810E-014
          23          18 -0.32538623270592026     
          23          19  -3.6857434383347058E-004
          23          20 -0.32135849440699543     
          23          21   1.9082476575490889E-009
          23          22   1.8411822136377376E-009
          23          23  0.66748158755035980     
          23          24 -0.12641805887607524     
          23          25   1.5425405889644232E-004
          23          26 -0.12810372959222094     
          23          27   1.0127267344192596E-009
          23          28  -6.9463365083700623E-009
          23          29  0.29816638652803917     
          24           1  -1.8347633718624433E-004
          24           2  -1.9490609574533246E-002
          24           3   6.0403385040227971E-014
          24           4   9.5695393260951920E-014
          24           5  -2.0557158564580912E-014
          24           6   8.7816696500067223E-002
          24           7  -4.2975021019163985E-015
          24           8  -1.7326719692108962E-013
          24           9   1.3448609920610862E-015
          24          10 -0.14998466305167651     
          24          11   8.5767307053940096E-013
          24          12   6.3928339773863706E-013
          24          13   8.0483074818853599E-015
          24          14  -1.3241992527977507E-002
          24          15  -4.8032737095726536E-013
          24          16  -1.7727379237289527E-013
          24          17   7.2057850073613704E-014
          24          18  0.28208436127464520     
          24          19  -1.6707074458881181E-003
          24          20 -0.12153257075309171     
          24          21   1.2309347583614233E-008
          24          22   2.2558485057538242E-008
          24          23 -0.12641805887607524     
          24          24  0.15723064484919361     
          24          25  -1.6337832043415127E-003
          24          26  -3.8293391806396553E-003
          24          27   5.3625166993635097E-009
          24          28   4.8183269118028521E-008
          24          29  -1.4718155104895290E-002
          25           1  -2.5716089744048472E-005
          25           2  -1.1367769879343412E-004
          25           3  -3.0266949319361490E-014
          25           4   4.4344132121104637E-014
          25           5   1.1740296825229173E-013
          25           6   2.9509471328219419E-004
          25           7  -2.7520442220726375E-014
          25           8  -1.6208151654894637E-013
          25           9  -1.2074648087068036E-013
          25          10  -4.1515547328929096E-004
          25          11   3.6448677582180343E-013
          25          12  -6.9012456341376541E-014
          25          13   3.7206541167971579E-016
          25          14   1.8042544359509466E-005
          25          15  -6.2352022517241615E-014
          25          16  -5.2857080566434458E-014
          25          17  -5.0023367437658016E-015
          25          18  -1.4933819581821456E-003
          25          19  0.28099075453191352     
          25          20   1.3340277577106954E-003
          25          21  -4.3607010399390576E-009
          25          22   7.3593365967439016E-009
          25          23   1.5425405889644232E-004
          25          24  -1.6337832043415127E-003
          25          25  0.11898096675541497     
          25          26   1.5887041805031346E-003
          25          27  -5.3804098685364310E-009
          25          28   8.6076300679085947E-009
          25          29   2.2917694163042472E-004
          26           1   9.7546155243467825E-005
          26           2  -1.8248352663646619E-002
          26           3   7.8046736946312304E-014
          26           4   9.5445326414681265E-014
          26           5   4.1338117802223838E-014
          26           6   8.4591935182710021E-002
          26           7  -2.2924075370277169E-013
          26           8  -1.5121113740511853E-013
          26           9  -5.8546959775260854E-014
          26          10 -0.14544789146529261     
          26          11  -2.0176665496862155E-013
          26          12   4.1254056196263643E-013
          26          13   1.1991136871721290E-014
          26          14  -1.3439159390473398E-002
          26          15   1.7851198561674310E-013
          26          16  -1.3996520315434675E-013
          26          17   5.3277152546388006E-014
          26          18 -0.12347036343027856     
          26          19   1.1567022699604363E-003
          26          20  0.28576355843167683     
          26          21  -1.0186227862218333E-009
          26          22  -4.7392961317581223E-008
          26          23 -0.12810372959222094     
          26          24  -3.8293391806396553E-003
          26          25   1.5887041805031346E-003
          26          26  0.15772326325512792     
          26          27  -9.8035747330730182E-009
          26          28  -3.3140017078107277E-008
          26          29  -1.7222574522443430E-002
          27           1   9.4185641227371770E-010
          27           2   4.0901283136996115E-009
          27           3   3.2285261979917054E-014
          27           4  -1.1377576103638730E-014
          27           5   7.4074253300724560E-014
          27           6  -1.1640145478294290E-008
          27           7  -1.2339341196382706E-014
          27           8   3.3806226445688180E-014
          27           9  -5.2507730274094070E-014
          27          10   1.0852092216926719E-008
          27          11  -1.4861460873221168E-015
          27          12  -9.7707069986259837E-015
          27          13  -3.9799966774538887E-014
          27          14  -4.8246062202591425E-009
          27          15   2.2143372900236296E-015
          27          16  -1.0231808360810839E-014
          27          17  -5.0968212891458573E-014
          27          18   6.7022094875720514E-009
          27          19  -4.3759429305317929E-009
          27          20  -6.4591937726207790E-009
          27          21  0.28268851295012803     
          27          22  -3.3622602391619101E-005
          27          23   1.0127267344192596E-009
          27          24   5.3625166993635097E-009
          27          25  -5.3804098685364310E-009
          27          26  -9.8035747330730182E-009
          27          27  0.12102115728897049     
          27          28  -4.1175621376660519E-005
          27          29  -6.5023222679871760E-010
          28           1  -2.4958212860207181E-009
