           1           1   2.0967929351749275     
           1           2 -0.26543969395682426     
           1           3   7.9332291768678344E-016
           1           4  -4.3156868188179137E-016
           1           5  -3.8128738455785668E-019
           1           6 -0.21749076303908765     
           1           7  -9.1981455770536339E-016
           1           8  -5.3238377450423198E-016
           1           9   6.5388635371814277E-016
           2           1 -0.26543969395682426     
           2           2  0.84153967762033222     
           2           3  -1.2563486397229064E-016
           2           4  -1.8689063002982440E-015
           2           5   1.8691653215567287E-015
           2           6  0.52705849127199400     
           2           7  -7.9792375363634247E-016
           2           8  -1.1450768451564239E-015
           2           9  -2.4678469096077922E-016
           3           1   7.9332291768678344E-016
           3           2  -1.2563486397229064E-016
           3           3  0.83922654347814429     
           3           4  -7.4697132700656310E-002
           3           5   3.0393101215399006E-002
           3           6   1.3160525316791343E-015
           3           7  0.16654383811588047     
           3           8  -6.5419779017686502E-002
           3           9   2.6618290331723585E-002
           4           1  -4.3156868188179137E-016
           4           2  -1.8689063002982440E-015
           4           3  -7.4697132700656310E-002
           4           4   1.1299668040444666     
           4           5 -0.12564941890367867     
           4           6   4.6892835222721297E-015
           4           7  -6.5419779017683657E-002
           4           8  0.42117427585992334     
           4           9 -0.11004381187320469     
           5           1  -3.8128738455785668E-019
           5           2   1.8691653215567287E-015
           5           3   3.0393101215399006E-002
           5           4 -0.12564941890367867     
           5           5  0.87228298857335018     
           5           6  -9.7850166379626188E-017
           5           7   2.6618290331718558E-002
           5           8 -0.11004381187320808     
           5           9  0.19549468609427806     
           6           1 -0.21749076303908765     
           6           2  0.52705849127199400     
           6           3   1.3160525316791343E-015
           6           4   4.6892835222721297E-015
           6           5  -9.7850166379626188E-017
           6           6  0.45352537596702480     
           6           7  -1.1260613217966343E-017
           6           8   3.0593939319908194E-016
           6           9  -4.4313995926347193E-016
           7           1  -9.1981455770536339E-016
           7           2  -7.9792375363634247E-016
           7           3  0.16654383811588047     
           7           4  -6.5419779017683657E-002
           7           5   2.6618290331718558E-002
           7           6  -1.1260613217966343E-017
           7           7   4.1522739731163653E-002
           7           8  -5.7294668911504074E-002
           7           9   2.3312309433725812E-002
           8           1  -5.3238377450423198E-016
           8           2  -1.1450768451564239E-015
           8           3  -6.5419779017686502E-002
           8           4  0.42117427585992334     
           8           5 -0.11004381187320808     
           8           6   3.0593939319908194E-016
           8           7  -5.7294668911504074E-002
           8           8  0.26452818004902845     
           8           9  -9.6376414926910042E-002
           9           1   6.5388635371814277E-016
           9           2  -2.4678469096077922E-016
           9           3   2.6618290331723585E-002
           9           4 -0.11004381187320469     
           9           5  0.19549468609427806     
           9           6  -4.4313995926347193E-016
           9           7   2.3312309433725812E-002
           9           8  -9.6376414926910042E-002
           9           9   6.6877904094852142E-002
