           1           1   2.0923729535255111     
           1           2 -0.21696379171464170     
           1           3   9.9742076001009841E-016
           1           4  -7.4161505217257945E-017
           1           5  -6.3231186258996220E-015
           1           6 -0.25989139950495777     
           1           7   3.5414641157348975E-015
           1           8  -3.3240772017359605E-015
           1           9  -3.2780574556852266E-016
           2           1 -0.21696379171464170     
           2           2  0.60936613243377569     
           2           3  -1.9852575795836852E-015
           2           4   1.7205657034029569E-015
           2           5   8.0559123259662844E-015
           2           6  0.59145999197205290     
           2           7  -1.6898250395673701E-015
           2           8   4.7935262150046049E-015
           2           9   4.8071732721968851E-015
           3           1   9.9742076001009841E-016
           3           2  -1.9852575795836852E-015
           3           3  0.51442740910799378     
           3           4   1.6862542905978019E-002
           3           5  -3.2410730633937533E-002
           3           6   2.3296278568134164E-015
           3           7  0.30812874841489685     
           3           8   1.3733307765793493E-002
           3           9  -2.6396169379190388E-002
           4           1  -7.4161505217257945E-017
           4           2   1.7205657034029569E-015
           4           3   1.6862542905978019E-002
           4           4  0.59702608610550645     
           4           5 -0.16512091396813303     
           4           6  -4.8759800095991829E-015
           4           7   1.3733307765787512E-002
           4           8  0.37539932904908802     
           4           9 -0.13447890645776800     
           5           1  -6.3231186258996220E-015
           5           2   8.0559123259662844E-015
           5           3  -3.2410730633937533E-002
           5           4 -0.16512091396813303     
           5           5  0.82848898420220152     
           5           6   5.8984746518310839E-016
           5           7  -2.6396169379192851E-002
           5           8 -0.13447890645776356     
           5           9  0.56390892891472943     
           6           1 -0.25989139950495777     
           6           2  0.59145999197205290     
           6           3   2.3296278568134164E-015
           6           4  -4.8759800095991829E-015
           6           5   5.8984746518310839E-016
           6           6  0.58328855798843571     
           6           7   6.1828419128161192E-016
           6           8   8.3063244749657073E-016
           6           9   3.3858549604184610E-016
           7           1   3.5414641157348975E-015
           7           2  -1.6898250395673701E-015
           7           3  0.30812874841489685     
           7           4   1.3733307765787512E-002
           7           5  -2.6396169379192851E-002
           7           6   6.1828419128161192E-016
           7           7  0.18464725028815474     
           7           8   1.0835486100265773E-002
           7           9  -2.0826397491868619E-002
           8           1  -3.3240772017359605E-015
           8           2   4.7935262150046049E-015
           8           3   1.3733307765793493E-002
           8           4  0.37539932904908802     
           8           5 -0.13447890645776356     
           8           6   8.3063244749657073E-016
           8           7   1.0835486100265773E-002
           8           8  0.23772327930094331     
           8           9 -0.10610293940487014     
           9           1  -3.2780574556852266E-016
           9           2   4.8071732721968851E-015
           9           3  -2.6396169379190388E-002
           9           4 -0.13447890645776800     
           9           5  0.56390892891472943     
           9           6   3.3858549604184610E-016
           9           7  -2.0826397491868619E-002
           9           8 -0.10610293940487014     
           9           9  0.38645606705646424     
