           1           1   2.1566264378016724     
           1           2 -0.60977201594938635     
           1           3  -1.1684947936444748E-015
           1           4   4.6314392297986570E-015
           1           5  -4.3598952352027102E-015
           1           6  0.19499577802526630     
           1           7  -2.9878720299527328E-016
           1           8  -1.8855382042686741E-015
           1           9   5.5914754029441401E-016
           1          10  -2.6350135479166037E-002
           1          11  -2.5119003503957502E-016
           1          12   1.6837358626809126E-015
           1          13  -5.7762189540146054E-016
           2           1 -0.60977201594938635     
           2           2   2.3744105913690965     
           2           3   5.7596089017050707E-015
           2           4  -1.5064741028153429E-014
           2           5   1.1872719264866467E-014
           2           6 -0.80279001792836047     
           2           7  -8.0846833420952371E-016
           2           8   1.9041951757180580E-015
           2           9  -2.9542634952441242E-015
           2          10  0.10414540724892708     
           2          11   1.6109425777939337E-016
           2          12  -3.0439466269341488E-015
           2          13   4.1439169919893378E-015
           3           1  -1.1684947936444748E-015
           3           2   5.7596089017050707E-015
           3           3   2.1437239003461470     
           3           4   9.7578195523696508E-017
           3           5   5.6757983729616098E-016
           3           6   3.6426646603171874E-015
           3           7 -0.45761661638375378     
           3           8   1.9602375278537486E-016
           3           9   1.6627324517237718E-015
           3          10  -2.6598122719876870E-015
           3          11  0.12084535453876040     
           3          12   1.2056328158038765E-016
           3          13  -4.7309161796404976E-016
           4           1   4.6314392297986570E-015
           4           2  -1.5064741028153429E-014
           4           3   9.7578195523696508E-017
           4           4   2.1437239003461448     
           4           5  -9.5062846483529344E-016
           4           6   4.3617655439683868E-016
           4           7  -3.6819505777607762E-015
           4           8 -0.45761661638375772     
           4           9  -2.3644280977563762E-015
           4          10   2.5859052127978274E-016
           4          11   2.4294802281055215E-015
           4          12  0.12084535453876240     
           4          13   2.5578497653278028E-015
           5           1  -4.3598952352027102E-015
           5           2   1.1872719264866467E-014
           5           3   5.6757983729616098E-016
           5           4  -9.5062846483529344E-016
           5           5   2.1437239003461466     
           5           6   1.1450015994605112E-015
           5           7   1.3869114190434588E-015
           5           8   9.5409791178725652E-016
           5           9 -0.45761661638375378     
           5          10  -2.3247381881946495E-015
           5          11  -2.6861108823328550E-016
           5          12  -4.2405315370253034E-015
           5          13  0.12084535453876075     
           6           1  0.19499577802526630     
           6           2 -0.80279001792836047     
           6           3   3.6426646603171874E-015
           6           4   4.3617655439683868E-016
           6           5   1.1450015994605112E-015
           6           6   2.3671434745175994     
           6           7  -6.9145020693982161E-015
           6           8   1.8720454824535816E-015
           6           9   1.4467571184060848E-015
           6          10 -0.10937281306721154     
           6          11   6.3529918620626559E-016
           6          12   2.1803089259131131E-015
           6          13  -9.0831829440408012E-016
           7           1  -2.9878720299527328E-016
           7           2  -8.0846833420952371E-016
           7           3 -0.45761661638375378     
           7           4  -3.6819505777607762E-015
           7           5   1.3869114190434588E-015
           7           6  -6.9145020693982161E-015
           7           7   1.3016003791866171     
           7           8   2.1961599205866496E-015
           7           9  -3.5598152030302873E-015
           7          10   2.6391093921324039E-015
           7          11 -0.16219263851553711     
           7          12  -7.0639024143948055E-015
           7          13  -1.1548650490772476E-015
           8           1  -1.8855382042686741E-015
           8           2   1.9041951757180580E-015
           8           3   1.9602375278537486E-016
           8           4 -0.45761661638375772     
           8           5   9.5409791178725652E-016
           8           6   1.8720454824535816E-015
           8           7   2.1961599205866496E-015
           8           8   1.3016003791866038     
           8           9  -3.5160676453709568E-016
           8          10  -1.0985509648936070E-015
           8          11   2.9105407320373248E-015
           8          12 -0.16219263851552596     
           8          13  -4.0983384221038334E-015
           9           1   5.5914754029441401E-016
           9           2  -2.9542634952441242E-015
           9           3   1.6627324517237718E-015
           9           4  -2.3644280977563762E-015
           9           5 -0.45761661638375378     
           9           6   1.4467571184060848E-015
           9           7  -3.5598152030302873E-015
           9           8  -3.5160676453709568E-016
           9           9   1.3016003791866042     
           9          10  -6.8812145523547751E-016
           9          11   7.0232583854537630E-015
           9          12   4.6420116014966825E-015
           9          13 -0.16219263851553017     
          10           1  -2.6350135479166037E-002
          10           2  0.10414540724892708     
          10           3  -2.6598122719876870E-015
          10           4   2.5859052127978274E-016
          10           5  -2.3247381881946495E-015
          10           6 -0.10937281306721154     
          10           7   2.6391093921324039E-015
          10           8  -1.0985509648936070E-015
          10           9  -6.8812145523547751E-016
          10          10   3.4717501079352252E-002
          10          11  -5.9450166284018867E-016
          10          12   1.8929913944812859E-016
          10          13   1.5441718837953507E-017
          11           1  -2.5119003503957502E-016
          11           2   1.6109425777939337E-016
          11           3  0.12084535453876040     
          11           4   2.4294802281055215E-015
          11           5  -2.6861108823328550E-016
          11           6   6.3529918620626559E-016
          11           7 -0.16219263851553711     
          11           8   2.9105407320373248E-015
          11           9   7.0232583854537630E-015
          11          10  -5.9450166284018867E-016
          11          11   2.2364918084745129E-002
          11          12   4.7905472991271885E-016
          11          13  -6.0346692920543137E-016
          12           1   1.6837358626809126E-015
          12           2  -3.0439466269341488E-015
          12           3   1.2056328158038765E-016
          12           4  0.12084535453876240     
          12           5  -4.2405315370253034E-015
          12           6   2.1803089259131131E-015
          12           7  -7.0639024143948055E-015
          12           8 -0.16219263851552596     
          12           9   4.6420116014966825E-015
          12          10   1.8929913944812859E-016
          12          11   4.7905472991271885E-016
          12          12   2.2364918084742828E-002
          12          13  -1.3731420514528941E-016
          13           1  -5.7762189540146054E-016
          13           2   4.1439169919893378E-015
          13           3  -4.7309161796404976E-016
          13           4   2.5578497653278028E-015
          13           5  0.12084535453876075     
          13           6  -9.0831829440408012E-016
          13           7  -1.1548650490772476E-015
          13           8  -4.0983384221038334E-015
          13           9 -0.16219263851553017     
          13          10   1.5441718837953507E-017
          13          11  -6.0346692920543137E-016
          13          12  -1.3731420514528941E-016
          13          13   2.2364918084743696E-002
