           1           1   2.1506642401200549     
           1           2 -0.59552510513386925     
           1           3  -1.8367902988305283E-015
           1           4   3.8281979874389502E-016
           1           5  -4.5159734714865012E-015
           1           6   8.7993509753097360E-002
           1           7  -2.5623150389685197E-015
           1           8   2.1682740794448254E-015
           1           9   4.4537915801067974E-015
           1          10   6.1262286424379503E-002
           1          11   4.1960908405739742E-015
           1          12  -4.6750016225535413E-015
           1          13  -2.8036419380256586E-016
           2           1 -0.59552510513386925     
           2           2   2.3576227947756738     
           2           3  -1.4937717787467788E-014
           2           4   1.3698727700542433E-014
           2           5   2.2489194411973492E-014
           2           6 -0.45011510520501208     
           2           7   3.6544366209373199E-015
           2           8   6.2272306204390554E-015
           2           9  -5.1242891251017564E-015
           2          10 -0.26882256535964688     
           2          11   3.7940277321621710E-015
           2          12   1.8787582875646874E-014
           2          13  -1.1101216133195646E-014
           3           1  -1.8367902988305283E-015
           3           2  -1.4937717787467788E-014
           3           3   2.0411634203212854     
           3           4   5.6378512969247611E-016
           3           5  -3.9187403322315978E-015
           3           6  -2.5151707454664819E-015
           3           7 -0.13620042613800171     
           3           8  -1.1275702593849473E-015
           3           9   3.9811903773664178E-016
           3          10   5.8757316391282324E-015
           3          11 -0.11688522531938075     
           3          12   6.0303324833644009E-015
           3          13   2.9896874906287461E-015
           4           1   3.8281979874389502E-016
           4           2   1.3698727700542433E-014
           4           3   5.6378512969247611E-016
           4           4   2.0411634203212694     
           4           5  -2.9490299091604498E-016
           4           6   1.0327438325980762E-014
           4           7   6.7792993441173306E-015
           4           8 -0.13620042613797489     
           4           9  -1.5188371393914979E-014
           4          10   1.8586900736914284E-014
           4          11  -1.4103301859691427E-014
           4          12 -0.11688522531940766     
           4          13   5.7928922075900092E-015
           5           1  -4.5159734714865012E-015
           5           2   2.2489194411973492E-014
           5           3  -3.9187403322315978E-015
           5           4  -2.9490299091604498E-016
           5           5   2.0411634203212889     
           5           6  -1.1086558286832875E-015
           5           7   1.7592264450749574E-015
           5           8   4.1546627249642518E-016
           5           9 -0.13620042613799682     
           5          10  -1.4895474129500541E-014
           5          11   3.2683274489575634E-015
           5          12  -9.3469069289973069E-016
           5          13 -0.11688522531937982     
           6           1   8.7993509753097360E-002
           6           2 -0.45011510520501208     
           6           3  -2.5151707454664819E-015
           6           4   1.0327438325980762E-014
           6           5  -1.1086558286832875E-015
           6           6  0.99191355817117288     
           6           7   1.1486151574743121E-014
           6           8  -2.1412917031566713E-015
           6           9   4.3699993125152212E-016
           6          10  0.54339030055619442     
           6          11   8.2211161479155609E-017
           6          12  -1.2564716660503568E-014
           6          13   8.8778883946025718E-015
           7           1  -2.5623150389685197E-015
           7           2   3.6544366209373199E-015
           7           3 -0.13620042613800171     
           7           4   6.7792993441173306E-015
           7           5   1.7592264450749574E-015
           7           6   1.1486151574743121E-014
           7           7  0.48283909400793062     
           7           8  -3.4122281823006396E-015
           7           9   7.1340841762733238E-016
           7          10  -1.6360149629615036E-015
           7          11  0.29734004722590540     
           7          12  -1.3545615367219800E-015
           7          13   5.2469794730853922E-016
           8           1   2.1682740794448254E-015
           8           2   6.2272306204390554E-015
           8           3  -1.1275702593849473E-015
           8           4 -0.13620042613797489     
           8           5   4.1546627249642518E-016
           8           6  -2.1412917031566713E-015
           8           7  -3.4122281823006396E-015
           8           8  0.48283909400792213     
           8           9   1.6467743509975723E-015
           8          10   9.5792570608335135E-015
           8          11   2.3067349896529787E-015
           8          12  0.29734004722590623     
           8          13  -1.3845312564616058E-015
           9           1   4.4537915801067974E-015
           9           2  -5.1242891251017564E-015
           9           3   3.9811903773664178E-016
           9           4  -1.5188371393914979E-014
           9           5 -0.13620042613799682     
           9           6   4.3699993125152212E-016
           9           7   7.1340841762733238E-016
           9           8   1.6467743509975723E-015
           9           9  0.48283909400792119     
           9          10   3.6206061444519170E-015
           9          11  -7.4959874733167663E-016
           9          12   1.8542279663730437E-015
           9          13  0.29734004722590535     
          10           1   6.1262286424379503E-002
          10           2 -0.26882256535964688     
          10           3   5.8757316391282324E-015
          10           4   1.8586900736914284E-014
          10           5  -1.4895474129500541E-014
          10           6  0.54339030055619442     
          10           7  -1.6360149629615036E-015
          10           8   9.5792570608335135E-015
          10           9   3.6206061444519170E-015
          10          10  0.29867576438173260     
          10          11  -5.0143431231070000E-015
          10          12  -7.9440663796897627E-016
          10          13   7.0784868867888290E-015
          11           1   4.1960908405739742E-015
          11           2   3.7940277321621710E-015
          11           3 -0.11688522531938075     
          11           4  -1.4103301859691427E-014
          11           5   3.2683274489575634E-015
          11           6   8.2211161479155609E-017
          11           7  0.29734004722590540     
          11           8   2.3067349896529787E-015
          11           9  -7.4959874733167663E-016
          11          10  -5.0143431231070000E-015
          11          11  0.18365256968448637     
          11          12   2.0469753957185549E-015
          11          13  -4.8022617647880774E-016
          12           1  -4.6750016225535413E-015
          12           2   1.8787582875646874E-014
          12           3   6.0303324833644009E-015
          12           4 -0.11688522531940766     
          12           5  -9.3469069289973069E-016
          12           6  -1.2564716660503568E-014
          12           7  -1.3545615367219800E-015
          12           8  0.29734004722590623     
          12           9   1.8542279663730437E-015
          12          10  -7.9440663796897627E-016
          12          11   2.0469753957185549E-015
          12          12  0.18365256968449195     
          12          13  -5.2949723598768396E-016
          13           1  -2.8036419380256586E-016
          13           2  -1.1101216133195646E-014
          13           3   2.9896874906287461E-015
          13           4   5.7928922075900092E-015
          13           5 -0.11688522531937982     
          13           6   8.8778883946025718E-015
          13           7   5.2469794730853922E-016
          13           8  -1.3845312564616058E-015
          13           9  0.29734004722590535     
          13          10   7.0784868867888290E-015
          13          11  -4.8022617647880774E-016
          13          12  -5.2949723598768396E-016
          13          13  0.18365256968448990     
