           1           1   2.1635372821649579     
           1           2 -0.62814825883414427     
           1           3   5.4840600260901736E-015
           1           4  -4.7670815841013753E-015
           1           5   9.2783071676893203E-016
           1           6  0.19267489545737687     
           1           7  -1.3900938044852878E-015
           1           8  -1.1719443572126530E-015
           1           9   2.6795276413911657E-015
           1          10  -1.6227460209722870E-002
           1          11   3.5408067795173952E-015
           1          12   3.1330326967224982E-015
           1          13   6.1154432140412753E-016
           2           1 -0.62814825883414427     
           2           2   2.4151796976077238     
           2           3  -1.3429260320105354E-014
           2           4   1.7565612722663780E-014
           2           5  -1.2134786690857595E-015
           2           6 -0.82218039322024006     
           2           7   1.2893086935141147E-015
           2           8  -5.9378223517671323E-015
           2           9  -6.5837919987748210E-015
           2          10   6.4359710680564425E-002
           2          11  -2.1576599591462849E-015
           2          12  -1.2575286711480865E-015
           2          13  -2.1244496114476675E-015
           3           1   5.4840600260901736E-015
           3           2  -1.3429260320105354E-014
           3           3   2.1675413601855835     
           3           4  -1.5686005279797060E-002
           3           5   3.4666771396093227E-002
           3           6  -2.1449117936800236E-015
           3           7 -0.52460912626575240     
           3           8   5.1249471954191772E-002
           3           9 -0.11326361917617914     
           3          10   1.1432754285155438E-015
           3          11   8.4034784531352005E-002
           3          12   8.7712410858094003E-003
           3          13  -1.9384834070751519E-002
           4           1  -4.7670815841013753E-015
           4           2   1.7565612722663780E-014
           4           3  -1.5686005279797060E-002
           4           4   2.1513733215552469     
           4           5  -2.1133707239614271E-002
           4           6  -2.4284133633648205E-015
           4           7   5.1249471954192348E-002
           4           8 -0.47178475017003474     
           4           9   6.9048257803389176E-002
           4          10   8.0143499707709914E-016
           4          11   8.7712410858095564E-003
           4          12   9.3075567202388798E-002
           4          13   1.1817466456827276E-002
           5           1   9.2783071676893203E-016
           5           2  -1.2134786690857595E-015
           5           3   3.4666771396093227E-002
           5           4  -2.1133707239614271E-002
           5           5   2.1885171868575979     
           5           6  -2.4454217770046583E-015
           5           7 -0.11326361917617725     
           5           8   6.9048257803383362E-002
           5           9 -0.59314155511352640     
           5          10  -1.9445200966525380E-015
           5          11  -1.9384834070752380E-002
           5          12   1.1817466456831266E-002
           5          13   7.2305601132988118E-002
           6           1  0.19267489545737687     
           6           2 -0.82218039322024006     
           6           3  -2.1449117936800236E-015
           6           4  -2.4284133633648205E-015
           6           5  -2.4454217770046583E-015
           6           6   2.2734332185989983     
           6           7   4.9749420938880705E-015
           6           8   7.3442869527188642E-015
           6           9   7.3081289269483232E-015
           6          10  -3.6317773653320007E-002
           6          11  -2.9553890306921267E-015
           6          12   4.0585078032808936E-016
           6          13  -1.9075248408134353E-015
           7           1  -1.3900938044852878E-015
           7           2   1.2893086935141147E-015
           7           3 -0.52460912626575240     
           7           4   5.1249471954192348E-002
           7           5 -0.11326361917617725     
           7           6   4.9749420938880705E-015
           7           7   1.5423001068008761     
           7           8 -0.16744278283306288     
           7           9  0.37005601941724009     
           7          10   2.6442948012452991E-016
           7          11  -8.2741368830141548E-002
           7          12  -2.8657485829716941E-002
           7          13   6.3334322048533093E-002
           8           1  -1.1719443572126530E-015
           8           2  -5.9378223517671323E-015
           8           3   5.1249471954191772E-002
           8           4 -0.47178475017003474     
           8           5   6.9048257803383362E-002
           8           6   7.3442869527188642E-015
           8           7 -0.16744278283306288     
           8           8   1.3697117815437316     
           8           9 -0.22559515240876069     
           8          10  -1.1207803467286567E-015
           8          11  -2.8657485829719633E-002
           8          12 -0.11227950359921739     
           8          13  -3.8610143560818475E-002
           9           1   2.6795276413911657E-015
           9           2  -6.5837919987748210E-015
           9           3 -0.11326361917617914     
           9           4   6.9048257803389176E-002
           9           5 -0.59314155511352640     
           9           6   7.3081289269483232E-015
           9           7  0.37005601941724009     
           9           8 -0.22559515240876069     
           9           9   1.7662099377321718     
           9          10   5.1445423990443851E-016
           9          11   6.3334322048534897E-002
           9          12  -3.8610143560819273E-002
           9          13  -4.4419664553139365E-002
          10           1  -1.6227460209722870E-002
          10           2   6.4359710680564425E-002
          10           3   1.1432754285155438E-015
          10           4   8.0143499707709914E-016
          10           5  -1.9445200966525380E-015
          10           6  -3.6317773653320007E-002
          10           7   2.6442948012452991E-016
          10           8  -1.1207803467286567E-015
          10           9   5.1445423990443851E-016
          10          10   3.3957940820747615E-002
          10          11  -5.8883889679100093E-016
          10          12   6.9802210725820315E-016
          10          13  -1.1635886228075275E-015
          11           1   3.5408067795173952E-015
          11           2  -2.1576599591462849E-015
          11           3   8.4034784531352005E-002
          11           4   8.7712410858095564E-003
          11           5  -1.9384834070752380E-002
          11           6  -2.9553890306921267E-015
          11           7  -8.2741368830141548E-002
          11           8  -2.8657485829719633E-002
          11           9   6.3334322048534897E-002
          11          10  -5.8883889679100093E-016
          11          11   2.2868501323910551E-002
          11          12  -4.9046694051859113E-003
          11          13   1.0839538174960439E-002
          12           1   3.1330326967224982E-015
          12           2  -1.2575286711480865E-015
          12           3   8.7712410858094003E-003
          12           4   9.3075567202388798E-002
          12           5   1.1817466456831266E-002
          12           6   4.0585078032808936E-016
          12           7  -2.8657485829716941E-002
          12           8 -0.11227950359921739     
          12           9  -3.8610143560819273E-002
          12          10   6.9802210725820315E-016
          12          11  -4.9046694051859113E-003
          12          12   1.7813110674885294E-002
          12          13  -6.6080461830384241E-003
          13           1   6.1154432140412753E-016
          13           2  -2.1244496114476675E-015
          13           3  -1.9384834070751519E-002
          13           4   1.1817466456827276E-002
          13           5   7.2305601132988118E-002
          13           6  -1.9075248408134353E-015
          13           7   6.3334322048533093E-002
          13           8  -3.8610143560818475E-002
          13           9  -4.4419664553139365E-002
          13          10  -1.1635886228075275E-015
          13          11   1.0839538174960439E-002
          13          12  -6.6080461830384241E-003
          13          13   2.9427181720329133E-002
