           1           1   2.1580330583611307     
           1           2 -0.61349285478562554     
           1           3  -4.6454505344416845E-014
           1           4  -4.6896851050305223E-013
           1           5   3.2419094622322651E-014
           1           6  0.10065810980886739     
           1           7   3.6421576767101893E-015
           1           8  -1.5576000577567278E-014
           1           9   1.4653349952814173E-014
           1          10   5.9294140964859202E-002
           1          11  -5.5317667377019474E-015
           1          12   1.1982731649167301E-015
           1          13  -5.4841026182257560E-015
           2           1 -0.61349285478562554     
           2           2   2.3875988214299033     
           2           3   2.4067994074734847E-013
           2           4   1.7813815310381770E-012
           2           5  -1.4805933422146020E-013
           2           6 -0.50827146288986969     
           2           7   3.8620778226378596E-014
           2           8   5.7931857948062602E-014
           2           9   9.4800908712750316E-015
           2          10 -0.25539248812097992     
           2          11   2.2597878710153845E-014
           2          12  -2.6413416693076024E-014
           2          13   7.0198302523826218E-014
           3           1  -4.6454505344416845E-014
           3           2   2.4067994074734847E-013
           3           3   2.0500335644863799     
           3           4   3.0962681668261934E-004
           3           5   8.0281549644608194E-003
           3           6   4.2658523046594289E-014
           3           7 -0.16549799920276512     
           3           8  -8.0394120207716725E-004
           3           9  -2.0844981390936282E-002
           3          10   1.0515489065727670E-013
           3          11 -0.11628586347526682     
           3          12  -5.4588889593108162E-004
           3          13  -1.4154074689866344E-002
           4           1  -4.6896851050305223E-013
           4           2   1.7813815310381770E-012
           4           3   3.0962681668261934E-004
           4           4   2.0491431189647056     
           4           5   2.5171324736012351E-003
           4           6   5.9512327964584614E-014
           4           7  -8.0394120328371177E-004
           4           8 -0.16318597102049820     
           4           9  -6.5356952979120269E-003
           4          10   6.1423067984659902E-013
           4          11  -5.4588889532051414E-004
           4          12 -0.11471595947851851     
           4          13  -4.4378413042110085E-003
           5           1   3.2419094622322651E-014
           5           2  -1.4805933422146020E-013
           5           3   8.0281549644608194E-003
           5           4   2.5171324736012351E-003
           5           5   2.1143114763241861     
           5           6   6.8206783336738567E-014
           5           7  -2.0844981379726943E-002
           5           8  -6.5356952792373184E-003
           5           9 -0.33239461429641215     
           5          10   3.4102137652623454E-014
           5          11  -1.4154074696018957E-002
           5          12  -4.4378413137116822E-003
           5          13 -0.22961132591506800     
           6           1  0.10065810980886739     
           6           2 -0.50827146288986969     
           6           3   4.2658523046594289E-014
           6           4   5.9512327964584614E-014
           6           5   6.8206783336738567E-014
           6           6   1.1501605624003175     
           6           7   1.0767257057665056E-013
           6           8   1.1630413095382811E-015
           6           9   4.7154169913311512E-013
           6          10  0.51146530570873971     
           6          11   3.9994848283190096E-014
           6          12   2.4747843322674900E-014
           6          13   1.3721879578535414E-013
           7           1   3.6421576767101893E-015
           7           2   3.8620778226378596E-014
           7           3 -0.16549799920276512     
           7           4  -8.0394120328371177E-004
           7           5  -2.0844981379726943E-002
           7           6   1.0767257057665056E-013
           7           7  0.57428950760865716     
           7           8   2.0580163566405441E-003
           7           9   5.3361256150331625E-002
           7          10  -5.3991447847727079E-014
           7          11  0.28777718947572090     
           7          12   1.4724765477477099E-003
           7          13   3.8179093253445158E-002
           8           1  -1.5576000577567278E-014
           8           2   5.7931857948062602E-014
           8           3  -8.0394120207716725E-004
           8           4 -0.16318597102049820     
           8           5  -6.5356952792373184E-003
           8           6   1.1630413095382811E-015
           8           7   2.0580163566405441E-003
           8           8  0.56837092577944048     
           8           9   1.6730785466559012E-002
           8          10  -4.1207814484243905E-014
           8          11   1.4724765439662411E-003
           8          12  0.28354254239357790     
           8          13   1.1970599305847832E-002
           9           1   1.4653349952814173E-014
           9           2   9.4800908712750316E-015
           9           3  -2.0844981390936282E-002
           9           4  -6.5356952979120269E-003
           9           5 -0.33239461429641215     
           9           6   4.7154169913311512E-013
           9           7   5.3361256150331625E-002
           9           8   1.6730785466559012E-002
           9           9   1.0015296599324222     
           9          10  -5.8663099209697685E-013
           9          11   3.8179093277564156E-002
           9          12   1.1970599344058752E-002
           9          13  0.59346042877618799     
          10           1   5.9294140964859202E-002
          10           2 -0.25539248812097992     
          10           3   1.0515489065727670E-013
          10           4   6.1423067984659902E-013
          10           5   3.4102137652623454E-014
          10           6  0.51146530570873971     
          10           7  -5.3991447847727079E-014
          10           8  -4.1207814484243905E-014
          10           9  -5.8663099209697685E-013
          10          10  0.22875381098267639     
          10          11  -4.6307713627953780E-014
          10          12  -2.2849774916331555E-014
          10          13  -4.3211380399390233E-013
          11           1  -5.5317667377019474E-015
          11           2   2.2597878710153845E-014
          11           3 -0.11628586347526682     
          11           4  -5.4588889532051414E-004
          11           5  -1.4154074696018957E-002
          11           6   3.9994848283190096E-014
          11           7  0.28777718947572090     
          11           8   1.4724765439662411E-003
          11           9   3.8179093277564156E-002
          11          10  -4.6307713627953780E-014
          11          11  0.14492335736870354     
          11          12   1.0086039745788435E-003
          11          13   2.6151578015416101E-002
          12           1   1.1982731649167301E-015
          12           2  -2.6413416693076024E-014
          12           3  -5.4588889593108162E-004
          12           4 -0.11471595947851851     
          12           5  -4.4378413137116822E-003
          12           6   2.4747843322674900E-014
          12           7   1.4724765477477099E-003
          12           8  0.28354254239357790     
          12           9   1.1970599344058752E-002
          12          10  -2.2849774916331555E-014
          12          11   1.0086039745788435E-003
          12          12  0.14202274622092481     
          12          13   8.1995153633915227E-003
          13           1  -5.4841026182257560E-015
          13           2   7.0198302523826218E-014
          13           3  -1.4154074689866344E-002
          13           4  -4.4378413042110085E-003
          13           5 -0.22961132591506800     
          13           6   1.3721879578535414E-013
          13           7   3.8179093253445158E-002
          13           8   1.1970599305847832E-002
          13           9  0.59346042877618799     
          13          10  -4.3211380399390233E-013
          13          11   2.6151578015416101E-002
          13          12   8.1995153633915227E-003
          13          13  0.35430756214481540     
