           1           1   2.2088879211725905     
           1           2  0.73616430475617078     
           1           3  -2.7974651378100023E-011
           1           4  -2.5666636877746836E-011
           1           5  -2.2647678042315770E-011
           1           6 -0.33210240516739592     
           1           7  -1.5299715074257572E-011
           1           8   1.1209295510551756E-011
           1           9  -3.4125372061055670E-012
           1          10   6.2272441952352958E-002
           1          11   2.6763079832701277E-011
           1          12  -2.7853138607654550E-011
           1          13   4.6109939079492470E-012
           1          14  -1.7813665049917757E-002
           1          15   6.6755031571305451E-012
           1          16  -5.5664384878266420E-012
           1          17   2.0815591544588256E-012
           1          18  -2.3073516755502937E-002
           1          19   6.4163722838968154E-005
           1          20  -2.3137802583056089E-002
           1          21  -2.1437294258911294E-004
           1          22  -1.2365070189771088E-004
           1          23  -2.2812081101237343E-002
           1          24  -2.0576065731101349E-003
           1          25  -6.2069137202864729E-006
           1          26  -2.0513880100938753E-003
           1          27   2.0737591338423908E-005
           1          28   1.1961673655984189E-005
           1          29  -2.0828976363670274E-003
           2           1  0.73616430475617078     
           2           2   2.6270901683538330     
           2           3  -6.6981404018719725E-011
           2           4  -6.9437137461566294E-011
           2           5  -5.6847035658973930E-011
           2           6  -1.1335478762853579     
           2           7  -1.0520500759453646E-010
           2           8   6.6941442766556011E-011
           2           9  -2.9752515841410651E-011
           2          10  0.22215986405024424     
           2          11   2.0706885979371840E-010
           2          12  -1.6107338634714526E-010
           2          13   5.4851444171755895E-011
           2          14  -6.4973614123018497E-002
           2          15   7.1211682357430359E-011
           2          16  -4.6429732381508199E-011
           2          17   2.3822729839450525E-011
           2          18  -1.1695682288939141E-002
           2          19   2.5948476981751587E-004
           2          20  -1.1955660584991264E-002
           2          21  -8.6694618063659851E-004
           2          22  -5.0005641199742806E-004
           2          23  -1.0638409312755510E-002
           2          24   1.4051383134632512E-003
           2          25  -1.5240601323391616E-005
           2          26   1.4204073436012207E-003
           2          27   5.0919782384327861E-005
           2          28   2.9371310776207571E-005
           2          29   1.3430366987405276E-003
           3           1  -2.7974651378100023E-011
           3           2  -6.6981404018719725E-011
           3           3   2.3222268615975565     
           3           4   9.6241188551323374E-004
           3           5  -3.2156889451513048E-003
           3           6   9.2846506912368384E-011
           3           7 -0.88298613264121628     
           3           8  -3.2123779562400674E-003
           3           9   1.0732652831694422E-002
           3          10   3.6974092532148948E-010
           3          11   7.9362241204825781E-002
           3          12   7.3401487953263156E-003
           3          13  -2.4523666081886573E-002
           3          14   5.0658474128525002E-010
           3          15   4.3904695809304575E-002
           3          16   4.4656264042721907E-003
           3          17  -1.4919800196947641E-002
           3          18   6.4659323290993948E-011
           3          19  -2.1298048824478241E-010
           3          20  -8.1877147544109087E-011
           3          21  -1.7316817899870921E-011
           3          22  -1.0840495892061726E-010
           3          23   1.6475756694947806E-010
           3          24  -1.5189536103028381E-011
           3          25  -1.3350329997446520E-011
           3          26   5.4813468706445991E-011
           3          27  -3.1422263865030938E-011
           3          28   2.8298017621691242E-011
           3          29   9.6153105774233183E-011
           4           1  -2.5666636877746836E-011
           4           2  -6.9437137461566294E-011
           4           3   9.6241188551323374E-004
           4           4   2.3211133965433808     
           4           5  -1.8547697827357473E-003
           4           6   2.3126783064593487E-010
           4           7  -3.2123779586553146E-003
           4           8 -0.87926971479874827     
           4           9   6.1905882429336692E-003
           4          10  -1.9071279393978151E-010
           4          11   7.3401484927746088E-003
           4          12   7.0870381311317746E-002
           4          13  -1.4145236292340180E-002
           4          14  -2.2258244863148275E-010
           4          15   4.4656273478485458E-003
           4          16   3.8738388405314232E-002
           4          17  -8.6057325262373155E-003
           4          18   1.2672219143758271E-010
           4          19  -2.9667119079784113E-011
           4          20  -4.8761738171416695E-012
           4          21  -1.0345050664974840E-010
           4          22  -5.4327613974333530E-011
           4          23   1.4788731119892647E-010
           4          24   3.8352368909180182E-011
           4          25   6.7564898991125353E-012
           4          26  -1.4955233923624560E-011
           4          27  -9.3262084840557419E-012
           4          28   6.9491688967483940E-011
           4          29   6.8869055793059329E-011
           5           1  -2.2647678042315770E-011
           5           2  -5.6847035658973930E-011
           5           3  -3.2156889451513048E-003
           5           4  -1.8547697827357473E-003
           5           5   2.3267555970198623     
           5           6   1.2576335851570475E-010
           5           7   1.0732652871833082E-002
           5           8   6.1905883052674410E-003
           5           9 -0.89809976103237921     
           5          10   1.3059014971654630E-010
           5          11  -2.4523666482525866E-002
           5          12  -1.4145237061755070E-002
           5          13  0.11389626560745297     
           5          14   1.8951111028975313E-010
           5          15  -1.4919800907102638E-002
           5          16  -8.6057317910929795E-003
           5          17   6.4914640588140365E-002
           5          18   6.7842802973913429E-011
           5          19  -9.7347559555081823E-011
           5          20  -2.4327484120722845E-011
           5          21  -2.7304338476991421E-011
           5          22  -1.0541477174099529E-010
           5          23   1.1948582554023311E-010
           5          24  -1.2785205667505531E-011
           5          25  -1.4212768571223219E-012
           5          26   4.2993125897655767E-011
           5          27  -9.2585609702742778E-012
           5          28   1.8607132062083624E-011
           5          29   7.5921577311241382E-011
           6           1 -0.33210240516739592     
           6           2  -1.1335478762853579     
           6           3   9.2846506912368384E-011
           6           4   2.3126783064593487E-010
           6           5   1.2576335851570475E-010
           6           6   2.7575524806638168     
           6           7  -2.4128538024056268E-010
           6           8  -3.9209808406912586E-011
           6           9  -1.4970297693480906E-010
           6          10 -0.71694430299427703     
           6          11   6.3191937791670577E-010
           6          12   1.2402324167187495E-010
           6          13   3.6962751162240369E-010
           6          14  0.20928746590038949     
           6          15   3.1381225307646913E-010
           6          16  -1.6013045981517042E-011
           6          17   1.5132182825327704E-010
           6          18   4.7674429268917545E-003
           6          19  -7.6231973450035129E-004
           6          20   5.5312196609774173E-003
           6          21   2.5469364177803373E-003
           6          22   1.4690712117068818E-003
           6          23   1.6613767385635480E-003
           6          24   3.1756801546591810E-004
           6          25  -6.8249154750585220E-005
           6          26   3.8595071427084188E-004
           6          27   2.2802536366304648E-004
           6          28   1.3152091458139812E-004
           6          29   3.9490015850808177E-005
           7           1  -1.5299715074257572E-011
           7           2  -1.0520500759453646E-010
           7           3 -0.88298613264121628     
           7           4  -3.2123779586553146E-003
           7           5   1.0732652871833082E-002
           7           6  -2.4128538024056268E-010
           7           7   2.4251761538071155     
           7           8   1.0719721908589578E-002
           7           9  -3.5814926912323561E-002
           7          10  -1.3521373716276384E-009
           7          11 -0.28161062662438052     
           7          12  -2.4453641505112512E-002
           7          13   8.1700379903493991E-002
           7          14  -1.7143089986787747E-009
           7          15 -0.14179069795595045     
           7          16  -1.5029824091014094E-002
           7          17   5.0215121615762769E-002
           7          18  -1.1953812111532857E-010
           7          19   7.1405447147640385E-010
           7          20   3.0733474249858686E-010
           7          21  -2.3201797933655458E-011
           7          22   3.6865675799291830E-010
           7          23  -4.7240083618906431E-010
           7          24   3.9576990495704656E-011
           7          25   6.8374430146218058E-011
           7          26  -2.4640376960842509E-010
           7          27   1.6423188896416729E-010
           7          28  -1.3203790732995640E-010
           7          29  -3.9058014066128283E-010
           8           1   1.1209295510551756E-011
           8           2   6.6941442766556011E-011
           8           3  -3.2123779562400674E-003
           8           4 -0.87926971479874827     
           8           5   6.1905883052674410E-003
           8           6  -3.9209808406912586E-011
           8           7   1.0719721908589578E-002
           8           8   2.4127744471048356     
           8           9  -2.0658029406231172E-002
           8          10   7.6902631703182959E-010
           8          11  -2.4453640583267051E-002
           8          12 -0.25332007182584204     
           8          13   4.7124733636841623E-002
           8          14   8.9922780327279172E-010
           8          15  -1.5029827052375077E-002
           8          16 -0.12440261015819938     
           8          17   2.8964052316981029E-002
           8          18  -1.7083120899533763E-011
           8          19   9.1142712231485560E-011
           8          20   2.5069161075873310E-010
           8          21   2.3493961243450833E-010
           8          22   2.6476119874940729E-010
           8          23  -1.9059580728436131E-010
           8          24  -4.7902875242784343E-011
           8          25   3.5047856291486177E-011
           8          26   1.5972404966971685E-010
           8          27   4.4428626806498774E-011
           8          28  -2.0220876332818288E-010
           8          29  -1.2300098200343094E-010
           9           1  -3.4125372061055670E-012
           9           2  -2.9752515841410651E-011
           9           3   1.0732652831694422E-002
           9           4   6.1905882429336692E-003
           9           5 -0.89809976103237921     
           9           6  -1.4970297693480906E-010
           9           7  -3.5814926912323561E-002
           9           8  -2.0658029406231172E-002
           9           9   2.4756104405516375     
           9          10  -4.5934419218168410E-010
           9          11   8.1700380801749101E-002
           9          12   4.7124735724429191E-002
           9          13 -0.39666043854685046     
           9          14  -6.0032584026228068E-010
           9          15   5.0215123721857761E-002
           9          16   2.8964049616461006E-002
           9          17 -0.21250322618482020     
           9          18  -2.0791763537294517E-011
           9          19   3.3215097921167667E-010
           9          20   1.7749488561455603E-010
           9          21  -8.1532830698838604E-012
           9          22   3.8250490631376811E-010
           9          23  -2.9260410636533402E-010
           9          24   5.8069306636728415E-011
           9          25   2.0825413349657765E-011
           9          26  -1.4641798246442672E-010
           9          27   6.1988966921995293E-011
           9          28  -5.8468819263653677E-011
           9          29  -2.4654873972937562E-010
          10           1   6.2272441952352958E-002
          10           2  0.22215986405024424     
          10           3   3.6974092532148948E-010
          10           4  -1.9071279393978151E-010
          10           5   1.3059014971654630E-010
          10           6 -0.71694430299427703     
          10           7  -1.3521373716276384E-009
          10           8   7.6902631703182959E-010
          10           9  -4.5934419218168410E-010
          10          10   1.4759910761060677     
          10          11   3.2252747002867101E-009
          10          12  -1.8510196065753019E-009
          10          13   1.0921073534695152E-009
          10          14 -0.42530498329515776     
          10          15   1.3172954573531509E-009
          10          16  -6.3141584072051345E-010
          10          17   4.8257050959008736E-010
          10          18   6.1343492013740133E-004
          10          19  -6.3059635342642829E-005
          10          20   6.7661618833001098E-004
          10          21   2.1068641319126362E-004
          10          22   1.2152200223948203E-004
          10          23   3.5649682306875788E-004
          10          24   2.0402457785480693E-003
          10          25  -7.5900655294756014E-005
          10          26   2.1162892266466445E-003
          10          27   2.5358472469736923E-004
          10          28   1.4627103568364257E-004
          10          29   1.7309873672415911E-003
          11           1   2.6763079832701277E-011
          11           2   2.0706885979371840E-010
          11           3   7.9362241204825781E-002
          11           4   7.3401484927746088E-003
          11           5  -2.4523666482525866E-002
          11           6   6.3191937791670577E-010
          11           7 -0.28161062662438052     
          11           8  -2.4453640583267051E-002
          11           9   8.1700380801749101E-002
          11          10   3.2252747002867101E-009
          11          11  0.72208578508087862     
          11          12   5.5212031583245530E-002
          11          13 -0.18446512215361469     
          11          14   3.9709271000977533E-009
          11          15  0.32800765662563219     
          11          16   3.5340826923921605E-002
          11          17 -0.11807483308090712     
          11          18   4.0933598843177731E-010
          11          19  -1.7650995555103781E-009
          11          20  -7.4484220783161500E-010
          11          21   7.8046891328549328E-012
          11          22  -9.4049405804552298E-010
          11          23   9.6626567452644042E-010
          11          24  -2.1155578601444537E-010
          11          25  -9.2580690005996842E-011
          11          26   7.6977389518851860E-010
          11          27  -3.4824082266021560E-010
          11          28   3.1242226753859135E-010
          11          29   1.1050824817253976E-009
          12           1  -2.7853138607654550E-011
          12           2  -1.6107338634714526E-010
          12           3   7.3401487953263156E-003
          12           4   7.0870381311317746E-002
          12           5  -1.4145237061755070E-002
          12           6   1.2402324167187495E-010
          12           7  -2.4453641505112512E-002
          12           8 -0.25332007182584204     
          12           9   4.7124735724429191E-002
          12          10  -1.8510196065753019E-009
          12          11   5.5212031583245530E-002
          12          12  0.65821068058258914     
          12          13 -0.10639938974007167     
          12          14  -2.1109661020914854E-009
          12          15   3.5340834879391977E-002
          12          16  0.28712164920962208     
          12          17  -6.8105491235923896E-002
          12          18  -5.9228552561510120E-011
          12          19  -2.1390832760117115E-010
          12          20  -5.2772302004433959E-010
          12          21  -5.0029227313428827E-010
          12          22  -6.6797294926459149E-010
          12          23   5.1068450461889230E-010
          12          24   1.8850308376836181E-010
          12          25  -3.4717651643286076E-011
          12          26  -3.6395686471873310E-010
          12          27  -5.6307661452448470E-011
          12          28   2.3199089480873462E-010
          12          29   1.9685797868498960E-010
          13           1   4.6109939079492470E-012
          13           2   5.4851444171755895E-011
          13           3  -2.4523666081886573E-002
          13           4  -1.4145236292340180E-002
          13           5  0.11389626560745297     
          13           6   3.6962751162240369E-010
          13           7   8.1700379903493991E-002
          13           8   4.7124733636841623E-002
          13           9 -0.39666043854685046     
          13          10   1.0921073534695152E-009
          13          11 -0.18446512215361469     
          13          12 -0.10639938974007167     
          13          13  0.98184809638443671     
          13          14   1.4067677584910543E-009
          13          15 -0.11807483707499584     
          13          16  -6.8105482741150039E-002
          13          17  0.49427966872349383     
          13          18   3.8596360014565093E-011
          13          19  -8.6909717755058997E-010
          13          20  -4.7221852417652453E-010
          13          21   2.8971132959495908E-011
          13          22  -8.3167835994809483E-010
          13          23   7.3320638299031406E-010
          13          24  -1.1764100648371392E-010
          13          25   7.1902917709628896E-012
          13          26   3.3654390918801811E-010
          13          27  -1.2612494718054289E-010
          13          28   1.4651858265093921E-010
          13          29   6.4826112511703079E-010
          14           1  -1.7813665049917757E-002
          14           2  -6.4973614123018497E-002
          14           3   5.0658474128525002E-010
          14           4  -2.2258244863148275E-010
          14           5   1.8951111028975313E-010
          14           6  0.20928746590038949     
          14           7  -1.7143089986787747E-009
          14           8   8.9922780327279172E-010
          14           9  -6.0032584026228068E-010
          14          10 -0.42530498329515776     
          14          11   3.9709271000977533E-009
          14          12  -2.1109661020914854E-009
          14          13   1.4067677584910543E-009
          14          14  0.12295511346191512     
          14          15   1.7078196704439941E-009
          14          16  -9.3942457885816400E-010
          14          17   5.8663550277450601E-010
          14          18  -5.7235143233411623E-004
          14          19   4.1277440202259851E-004
          14          20  -9.8591371933864263E-004
          14          21  -1.3790920547336360E-003
          14          22  -7.9545980011909282E-004
          14          23   1.1094940197270582E-003
          14          24  -7.3778587503591008E-004
          14          25   2.7984330421556512E-004
          14          26  -1.0181625777862672E-003
          14          27  -9.3496429888463963E-004
          14          28  -5.3928829361940653E-004
          14          29   4.0243303984341199E-004
          15           1   6.6755031571305451E-012
          15           2   7.1211682357430359E-011
          15           3   4.3904695809304575E-002
          15           4   4.4656273478485458E-003
          15           5  -1.4919800907102638E-002
          15           6   3.1381225307646913E-010
          15           7 -0.14179069795595045     
          15           8  -1.5029827052375077E-002
          15           9   5.0215123721857761E-002
          15          10   1.3172954573531509E-009
          15          11  0.32800765662563219     
          15          12   3.5340834879391977E-002
          15          13 -0.11807483707499584     
          15          14   1.7078196704439941E-009
          15          15  0.15079198385921394     
          15          16   2.1407970387234784E-002
          15          17  -7.1524713740396470E-002
          15          18   3.1837494999107367E-010
          15          19  -5.4661792577485790E-010
          15          20  -3.3270623470033341E-010
          15          21  -3.9001826379175969E-011
          15          22  -5.8214690786463903E-010
          15          23   2.8313824518286891E-010
          15          24  -1.2487464599285362E-011
          15          25   7.2066967018155765E-011
          15          26   3.1826182165483250E-010
          15          27  -1.6941736650358031E-010
          15          28   3.5198922989358060E-011
          15          29   3.9787973026293354E-010
          16           1  -5.5664384878266420E-012
          16           2  -4.6429732381508199E-011
          16           3   4.4656264042721907E-003
          16           4   3.8738388405314232E-002
          16           5  -8.6057317910929795E-003
          16           6  -1.6013045981517042E-011
          16           7  -1.5029824091014094E-002
          16           8 -0.12440261015819938     
          16           9   2.8964049616461006E-002
          16          10  -6.3141584072051345E-010
          16          11   3.5340826923921605E-002
          16          12  0.28712164920962208     
          16          13  -6.8105482741150039E-002
          16          14  -9.3942457885816400E-010
          16          15   2.1407970387234784E-002
          16          16  0.12602497832754453     
          16          17  -4.1255400976529896E-002
          16          18  -2.8875765028303708E-010
          16          19  -1.6967624055259253E-010
          16          20  -2.2545071056863685E-010
          16          21  -5.5253368850315047E-011
          16          22  -2.1389483431846418E-010
          16          23   4.8263001893552433E-010
          16          24  -6.3627615096213039E-011
          16          25  -5.7332657914184245E-011
          16          26  -1.5492718833192269E-010
          16          27   6.1137999258556804E-011
          16          28   1.3741563151369901E-010
          16          29   2.3140402308031109E-010
          17           1   2.0815591544588256E-012
          17           2   2.3822729839450525E-011
          17           3  -1.4919800196947641E-002
          17           4  -8.6057325262373155E-003
          17           5   6.4914640588140365E-002
          17           6   1.5132182825327704E-010
          17           7   5.0215121615762769E-002
          17           8   2.8964052316981029E-002
          17           9 -0.21250322618482020     
          17          10   4.8257050959008736E-010
          17          11 -0.11807483308090712     
          17          12  -6.8105491235923896E-002
          17          13  0.49427966872349383     
          17          14   5.8663550277450601E-010
          17          15  -7.1524713740396470E-002
          17          16  -4.1255400976529896E-002
          17          17  0.25151248977251112     
          17          18   1.5283882426430424E-010
          17          19  -4.2746696636723308E-010
          17          20  -3.1541057122075626E-010
          17          21  -1.3031016649557506E-010
          17          22  -2.3367083789305099E-010
          17          23   2.8985394131603454E-010
          17          24   2.5131766319437588E-011
          17          25  -2.8431288331011304E-011
          17          26   8.1308047889979032E-011
          17          27  -1.3177631706313885E-010
          17          28   1.2832005568556118E-010
          17          29   2.6156848279961001E-010
          18           1  -2.3073516755502937E-002
          18           2  -1.1695682288939141E-002
          18           3   6.4659323290993948E-011
          18           4   1.2672219143758271E-010
          18           5   6.7842802973913429E-011
          18           6   4.7674429268917545E-003
          18           7  -1.1953812111532857E-010
          18           8  -1.7083120899533763E-011
          18           9  -2.0791763537294517E-011
          18          10   6.1343492013740133E-004
          18          11   4.0933598843177731E-010
          18          12  -5.9228552561510120E-011
          18          13   3.8596360014565093E-011
          18          14  -5.7235143233411623E-004
          18          15   3.1837494999107367E-010
          18          16  -2.8875765028303708E-010
          18          17   1.5283882426430424E-010
          18          18   1.1196600361549303     
          18          19   1.4284354473886971E-004
          18          20 -0.55843019353063361     
          18          21  -4.7721944218384659E-004
          18          22   7.4337767360221592E-004
          18          23 -0.56038840942432544     
          18          24  0.61074792824539270     
          18          25  -7.5892313046175162E-005
          18          26 -0.30497474219615550     
          18          27   2.5354458080378340E-004
          18          28  -2.1310778521975944E-004
          18          29 -0.30441335820713633     
          19           1   6.4163722838968154E-005
          19           2   2.5948476981751587E-004
          19           3  -2.1298048824478241E-010
          19           4  -2.9667119079784113E-011
          19           5  -9.7347559555081823E-011
          19           6  -7.6231973450035129E-004
          19           7   7.1405447147640385E-010
          19           8   9.1142712231485560E-011
          19           9   3.3215097921167667E-010
          19          10  -6.3059635342642829E-005
          19          11  -1.7650995555103781E-009
          19          12  -2.1390832760117115E-010
          19          13  -8.6909717755058997E-010
          19          14   4.1277440202259851E-004
          19          15  -5.4661792577485790E-010
          19          16  -1.6967624055259253E-010
          19          17  -4.2746696636723308E-010
          19          18   1.4284354473886971E-004
          19          19   1.1186327739589412     
          19          20   1.4146969792009129E-004
          19          21  -5.9266335688983496E-004
          19          22  -1.0222452434214178E-003
          19          23  -3.8020331946133967E-004
          19          24  -4.8050276379842729E-004
          19          25  0.61053043844522259     
          19          26  -4.7846819061742030E-004
          19          27   2.1423578246090947E-004
          19          28   3.6359710120711382E-004
          19          29  -3.0226928745675765E-004
          20           1  -2.3137802583056089E-002
          20           2  -1.1955660584991264E-002
          20           3  -8.1877147544109087E-011
          20           4  -4.8761738171416695E-012
          20           5  -2.4327484120722845E-011
          20           6   5.5312196609774173E-003
          20           7   3.0733474249858686E-010
          20           8   2.5069161075873310E-010
          20           9   1.7749488561455603E-010
          20          10   6.7661618833001098E-004
          20          11  -7.4484220783161500E-010
          20          12  -5.2772302004433959E-010
          20          13  -4.7221852417652453E-010
          20          14  -9.8591371933864263E-004
          20          15  -3.3270623470033341E-010
          20          16  -2.2545071056863685E-010
          20          17  -3.1541057122075626E-010
          20          18 -0.55843019353063361     
          20          19   1.4146969792009129E-004
          20          20   1.1193751714690676     
          20          21   1.2933734433915600E-003
          20          22  -2.7262488095821530E-004
          20          23 -0.56000746664190348     
          20          24 -0.30456936062841600     
          20          25  -7.3857770085009278E-005
          20          26  0.61130334460805602     
          20          27  -3.7624295240469671E-004
          20          28   1.4233124254744948E-004
          20          29 -0.30411050910726978     
          21           1  -2.1437294258911294E-004
          21           2  -8.6694618063659851E-004
          21           3  -1.7316817899870921E-011
          21           4  -1.0345050664974840E-010
          21           5  -2.7304338476991421E-011
          21           6   2.5469364177803373E-003
          21           7  -2.3201797933655458E-011
          21           8   2.3493961243450833E-010
          21           9  -8.1532830698838604E-012
          21          10   2.1068641319126362E-004
          21          11   7.8046891328549328E-012
          21          12  -5.0029227313428827E-010
          21          13   2.8971132959495908E-011
          21          14  -1.3790920547336360E-003
          21          15  -3.9001826379175969E-011
          21          16  -5.5253368850315047E-011
          21          17  -1.3031016649557506E-010
          21          18  -4.7721944218384659E-004
          21          19  -5.9266335688983496E-004
          21          20   1.2933734433915600E-003
          21          21   1.1204354791382767     
          21          22   3.1395340177422035E-004
          21          23  -4.9577782425864287E-004
          21          24   1.6053600998412517E-003
          21          25   2.1423583655497537E-004
          21          26   9.7557263014445112E-004
          21          27  0.60987878641615456     
          21          28  -1.2068734964135019E-004
          21          29   1.6329110153438940E-003
          22           1  -1.2365070189771088E-004
          22           2  -5.0005641199742806E-004
          22           3  -1.0840495892061726E-010
          22           4  -5.4327613974333530E-011
          22           5  -1.0541477174099529E-010
          22           6   1.4690712117068818E-003
          22           7   3.6865675799291830E-010
          22           8   2.6476119874940729E-010
          22           9   3.8250490631376811E-010
          22          10   1.2152200223948203E-004
          22          11  -9.4049405804552298E-010
          22          12  -6.6797294926459149E-010
          22          13  -8.3167835994809483E-010
          22          14  -7.9545980011909282E-004
          22          15  -5.8214690786463903E-010
          22          16  -2.1389483431846418E-010
          22          17  -2.3367083789305099E-010
          22          18   7.4337767360221592E-004
          22          19  -1.0222452434214178E-003
          22          20  -2.7262488095821530E-004
          22          21   3.1395340177422035E-004
          22          22   1.1200722683734279     
          22          23  -2.8596510652190117E-004
          22          24   5.6662067683836616E-004
          22          25   3.6359705021962767E-004
          22          26   9.2205951719461518E-004
          22          27  -1.2068734881854124E-004
          22          28  0.61001841029147597     
          22          29   9.4186528700864879E-004
          23           1  -2.2812081101237343E-002
          23           2  -1.0638409312755510E-002
          23           3   1.6475756694947806E-010
          23           4   1.4788731119892647E-010
          23           5   1.1948582554023311E-010
          23           6   1.6613767385635480E-003
          23           7  -4.7240083618906431E-010
          23           8  -1.9059580728436131E-010
          23           9  -2.9260410636533402E-010
          23          10   3.5649682306875788E-004
          23          11   9.6626567452644042E-010
          23          12   5.1068450461889230E-010
          23          13   7.3320638299031406E-010
          23          14   1.1094940197270582E-003
          23          15   2.8313824518286891E-010
          23          16   4.8263001893552433E-010
          23          17   2.8985394131603454E-010
          23          18 -0.56038840942432544     
          23          19  -3.8020331946133967E-004
          23          20 -0.56000746664190348     
          23          21  -4.9577782425864287E-004
          23          22  -2.8596510652190117E-004
          23          23   1.1208466091414360     
          23          24 -0.30606194187865965     
          23          25   1.0234116618813205E-004
          23          26 -0.30616447453817042     
          23          27   2.8109544351095971E-004
          23          28   1.6213708866218672E-004
          23          29  0.60844732763242515     
          24           1  -2.0576065731101349E-003
          24           2   1.4051383134632512E-003
          24           3  -1.5189536103028381E-011
          24           4   3.8352368909180182E-011
          24           5  -1.2785205667505531E-011
          24           6   3.1756801546591810E-004
          24           7   3.9576990495704656E-011
          24           8  -4.7902875242784343E-011
          24           9   5.8069306636728415E-011
          24          10   2.0402457785480693E-003
          24          11  -2.1155578601444537E-010
          24          12   1.8850308376836181E-010
          24          13  -1.1764100648371392E-010
          24          14  -7.3778587503591008E-004
          24          15  -1.2487464599285362E-011
          24          16  -6.3627615096213039E-011
          24          17   2.5131766319437588E-011
          24          18  0.61074792824539270     
          24          19  -4.8050276379842729E-004
          24          20 -0.30456936062841600     
          24          21   1.6053600998412517E-003
          24          22   5.6662067683836616E-004
          24          23 -0.30606194187865965     
          24          24  0.33322727082376202     
          24          25  -3.3830784764552000E-004
          24          26 -0.16627143969963309     
          24          27   1.1302739747040610E-003
          24          28  -4.4059037815311937E-005
          24          29 -0.16615536158705008     
          25           1  -6.2069137202864729E-006
          25           2  -1.5240601323391616E-005
          25           3  -1.3350329997446520E-011
          25           4   6.7564898991125353E-012
          25           5  -1.4212768571223219E-012
          25           6  -6.8249154750585220E-005
          25           7   6.8374430146218058E-011
          25           8   3.5047856291486177E-011
          25           9   2.0825413349657765E-011
          25          10  -7.5900655294756014E-005
          25          11  -9.2580690005996842E-011
          25          12  -3.4717651643286076E-011
          25          13   7.1902917709628896E-012
          25          14   2.7984330421556512E-004
          25          15   7.2066967018155765E-011
          25          16  -5.7332657914184245E-011
          25          17  -2.8431288331011304E-011
          25          18  -7.5892313046175162E-005
          25          19  0.61053043844522259     
          25          20  -7.3857770085009278E-005
          25          21   2.1423583655497537E-004
          25          22   3.6359705021962767E-004
          25          23   1.0234116618813205E-004
          25          24  -3.3830784764552000E-004
          25          25  0.33322729045897936     
          25          26  -3.4049449582340555E-004
          25          27   3.9451370146262413E-004
          25          28   6.9244547058292731E-004
          25          29   3.1801769609995723E-005
          26           1  -2.0513880100938753E-003
          26           2   1.4204073436012207E-003
          26           3   5.4813468706445991E-011
          26           4  -1.4955233923624560E-011
          26           5   4.2993125897655767E-011
          26           6   3.8595071427084188E-004
          26           7  -2.4640376960842509E-010
          26           8   1.5972404966971685E-010
          26           9  -1.4641798246442672E-010
          26          10   2.1162892266466445E-003
          26          11   7.6977389518851860E-010
          26          12  -3.6395686471873310E-010
          26          13   3.3654390918801811E-010
          26          14  -1.0181625777862672E-003
          26          15   3.1826182165483250E-010
          26          16  -1.5492718833192269E-010
          26          17   8.1308047889979032E-011
          26          18 -0.30497474219615550     
          26          19  -4.7846819061742030E-004
          26          20  0.61130334460805602     
          26          21   9.7557263014445112E-004
          26          22   9.2205951719461518E-004
          26          23 -0.30616447453817042     
          26          24 -0.16627143969963309     
          26          25  -3.4049449582340555E-004
          26          26  0.33390736894474232     
          26          27  -6.9054987402684633E-005
          26          28   6.5616839805702782E-004
          26          29 -0.16618722457487811     
          27           1   2.0737591338423908E-005
          27           2   5.0919782384327861E-005
          27           3  -3.1422263865030938E-011
          27           4  -9.3262084840557419E-012
          27           5  -9.2585609702742778E-012
          27           6   2.2802536366304648E-004
          27           7   1.6423188896416729E-010
          27           8   4.4428626806498774E-011
          27           9   6.1988966921995293E-011
          27          10   2.5358472469736923E-004
          27          11  -3.4824082266021560E-010
          27          12  -5.6307661452448470E-011
          27          13  -1.2612494718054289E-010
          27          14  -9.3496429888463963E-004
          27          15  -1.6941736650358031E-010
          27          16   6.1137999258556804E-011
          27          17  -1.3177631706313885E-010
          27          18   2.5354458080378340E-004
          27          19   2.1423578246090947E-004
          27          20  -3.7624295240469671E-004
          27          21  0.60987878641615456     
          27          22  -1.2068734881854124E-004
          27          23   2.8109544351095971E-004
          27          24   1.1302739747040610E-003
          27          25   3.9451370146262413E-004
          27          26  -6.9054987402684633E-005
          27          27  0.33202728606933907     
          27          28  -1.9439891748533134E-004
          27          29   1.1004305078650412E-003
          28           1   1.1961673655984189E-005
