           1           1   2.2421992706092411     
           1           2  0.90244798349268462     
           1           3  -5.9366706921454784E-016
           1           4   2.6383530156435865E-015
           1           5   3.1028012407158684E-015
           1           6  0.19353779053224043     
           1           7   3.0782978727959727E-015
           1           8  -1.9626704077643303E-015
           1           9  -2.4426219884770968E-015
           1          10   7.0195236199148553E-002
           1          11   1.1745615330311476E-015
           1          12  -1.4327713442957759E-016
           1          13   3.2254565915728951E-015
           1          14  -9.7642277095196395E-004
           1          15  -3.9405854539325229E-016
           1          16  -6.0178767949058477E-016
           1          17  -1.8451805821675263E-015
           1          18  0.25720085584352509     
           1          19   1.2029392957226655E-015
           1          20  0.25720085584350971     
           1          21   9.4428302838775831E-016
           1          22  -3.1904270055174974E-016
           1          23  0.25720085584353469     
           1          24   2.5468193626745593E-003
           1          25   4.2835335477637177E-016
           1          26   2.5468193626718280E-003
           1          27   1.4317464067397642E-015
           1          28   6.6140971307164567E-016
           1          29   2.5468193626780808E-003
           2           1  0.90244798349268462     
           2           2   3.3531711415007326     
           2           3   1.7454074267793008E-016
           2           4   1.2055797987444190E-014
           2           5   5.5605236193784896E-015
           2           6  0.36645328290329071     
           2           7   2.2901117621878901E-015
           2           8  -7.0472818785093472E-015
           2           9  -1.5386286438333999E-015
           2          10  0.27567047301340236     
           2          11   2.2133905305566357E-014
           2          12   7.0868818965612995E-015
           2          13   6.4560611463031217E-015
           2          14  -1.4920876550155183E-002
           2          15  -2.9984409148516355E-015
           2          16  -1.6375321534361949E-015
           2          17  -1.7912880916054403E-015
           2          18  0.92344847129262053     
           2          19  -1.3257028108781323E-015
           2          20  0.92344847129251240     
           2          21   6.6380762187805582E-015
           2          22   2.2109233483749980E-015
           2          23  0.92344847129269292     
           2          24  -4.9560605583511677E-002
           2          25   9.7746737830612191E-017
           2          26  -4.9560605583513752E-002
           2          27   1.2142319824270622E-015
           2          28  -5.8974212778319111E-016
           2          29  -4.9560605583482645E-002
           3           1  -5.9366706921454784E-016
           3           2   1.7454074267793008E-016
           3           3   2.3353472666728976     
           3           4  -2.5634912648898156E-003
           3           5  -2.9491732727782924E-003
           3           6   1.8115690930699237E-014
           3           7 -0.92474858998294218     
           3           8   9.2013842579558355E-003
           3           9   1.0585749558734096E-002
           3          10   9.1331577795726511E-015
           3          11  0.20306577331204917     
           3          12  -2.6403261204218566E-002
           3          13  -3.0375680746084530E-002
           3          14   1.8679015279175056E-014
           3          15  -5.8976879078831104E-002
           3          16  -1.6337015746355666E-003
           3          17  -1.8794950018209892E-003
           3          18   1.4544013048904536E-014
           3          19  -8.6154095029359117E-015
           3          20  -3.2353528045474111E-015
           3          21   1.2945091368968499E-015
           3          22  -8.9062650352734977E-015
           3          23  -1.3183676071568844E-015
           3          24  -6.3695059476361227E-015
           3          25  -1.4584679642103194E-014
           3          26   4.1468150289983611E-015
           3          27   8.1776822692521618E-015
           3          28   2.4850716314720918E-016
           3          29   8.6986257565613568E-015
           4           1   2.6383530156435865E-015
           4           2   1.2055797987444190E-014
           4           3  -2.5634912648898156E-003
           4           4   2.3367617517541293     
           4           5   3.8730024842626113E-003
           4           6   5.8065130418920427E-015
           4           7   9.2013842579524094E-003
           4           8 -0.92982573650488587     
           4           9  -1.3901738062389224E-002
           4          10   1.3409005888795429E-014
           4          11  -2.6403261204221477E-002
           4          12  0.21763458405102687     
           4          13   3.9890869782616127E-002
           4          14   1.5306660144307031E-014
           4          15  -1.6337015746246276E-003
           4          16  -5.8075434031553963E-002
           4          17   2.4682472469185557E-003
           4          18   5.8038329881355475E-015
           4          19   2.2859884506366166E-014
           4          20   7.6292540278304226E-015
           4          21  -8.9801246225509865E-016
           4          22   7.3719892032169900E-015
           4          23  -1.1514220104191381E-015
           4          24  -3.8424149458436457E-015
           4          25  -6.5777812734892414E-015
           4          26  -4.1447009307510385E-016
           4          27   3.5607342238796509E-015
           4          28   8.7741485944043681E-016
           4          29   7.9443912033192051E-015
           5           1   3.1028012407158684E-015
           5           2   5.5605236193784896E-015
           5           3  -2.9491732727782924E-003
           5           4   3.8730024842626113E-003
           5           5   2.3378509491362065     
           5           6  -3.1284118771030404E-015
           5           7   1.0585749558736092E-002
           5           8  -1.3901738062395067E-002
           5           9 -0.93373529679188394     
           5          10   2.9315331606264470E-015
           5          11  -3.0375680746081209E-002
           5          12   3.9890869782619680E-002
           5          13  0.22885302016428002     
           5          14   1.7128352206140270E-015
           5          15  -1.8794950018230470E-003
           5          16   2.4682472469110864E-003
           5          17  -5.7381293387283615E-002
           5          18   9.7103378793942179E-016
           5          19   1.3622093914369492E-014
           5          20   7.4330443732999501E-016
           5          21  -9.3251775978944058E-015
           5          22   4.9205268251372713E-015
           5          23  -4.4943884564210370E-015
           5          24  -9.0064926421196492E-016
           5          25  -6.3678776637034167E-016
           5          26   2.6130013692493411E-016
           5          27   8.1407362648983390E-016
           5          28   1.5207283022024248E-015
           5          29   1.5649073549461225E-015
           6           1  0.19353779053224043     
           6           2  0.36645328290329071     
           6           3   1.8115690930699237E-014
           6           4   5.8065130418920427E-015
           6           5  -3.1284118771030404E-015
           6           6   1.2351924249046258     
           6           7  -4.6714970259097539E-014
           6           8  -5.8914920095974019E-015
           6           9   8.7370605285280312E-016
           6          10 -0.32438967398185103     
           6          11   1.0981715654051058E-013
           6          12   5.2663211850593476E-014
           6          13   1.2569431171636252E-014
           6          14   2.9479987791352563E-002
           6          15  -2.0201632918517769E-014
           6          16  -7.3991356192557316E-015
           6          17  -1.8730168360078656E-016
           6          18  -2.3985725184044529E-002
           6          19  -2.9515562008660286E-014
           6          20  -2.3985725184718643E-002
           6          21   4.1534590056744994E-014
           6          22  -5.9240073220888590E-015
           6          23  -2.3985725183559209E-002
           6          24  0.13957795538547235     
           6          25   2.8785215769574911E-015
           6          26  0.13957795538548112     
           6          27   7.3136199620721943E-016
           6          28   2.0820538406230994E-016
           6          29  0.13957795538564999     
           7           1   3.0782978727959727E-015
           7           2   2.2901117621878901E-015
           7           3 -0.92474858998294218     
           7           4   9.2013842579524094E-003
           7           5   1.0585749558736092E-002
           7           6  -4.6714970259097539E-014
           7           7   2.5561745727106873     
           7           8  -3.3027408137558965E-002
           7           9  -3.7996442852170562E-002
           7          10  -3.5490672472300800E-014
           7          11 -0.65572031715441481     
           7          12   9.4771749500647651E-002
           7          13  0.10903033471182141     
           7          14  -7.6230961275314088E-014
           7          15  0.16165868121917759     
           7          16   5.8640012380490499E-003
           7          17   6.7462510832421814E-003
           7          18  -4.5891059143474348E-014
           7          19   2.0201972546883543E-014
           7          20   8.7576539291630784E-015
           7          21  -4.2594060889851575E-015
           7          22   3.4999313805638582E-014
           7          23   9.4989594155547216E-015
           7          24   3.2610269986272913E-014
           7          25   5.4240219105211379E-014
           7          26  -1.6829530892117230E-014
           7          27  -2.9238398433778085E-014
           7          28  -2.9478122892884313E-015
           7          29  -3.2759723559642990E-014
           8           1  -1.9626704077643303E-015
           8           2  -7.0472818785093472E-015
           8           3   9.2013842579558355E-003
           8           4 -0.92982573650488587     
           8           5  -1.3901738062395067E-002
           8           6  -5.8914920095974019E-015
           8           7  -3.3027408137558965E-002
           8           8   2.5743984600794958     
           8           9   4.9898837385373700E-002
           8          10  -2.5937714979429867E-014
           8          11   9.4771749500642641E-002
           8          12 -0.70801354226767022     
           8          13 -0.14318411233977124     
           8          14  -3.6242168862222098E-014
           8          15   5.8640012380168516E-003
           8          16  0.15842303833596597     
           8          17  -8.8595157992476838E-003
           8          18  -1.8949836514269779E-014
           8          19  -6.4622631203904684E-014
           8          20  -1.2576820175684434E-014
           8          21   1.3140779800427056E-014
           8          22  -1.6863349582627998E-014
           8          23   9.7731751896931537E-015
           8          24   1.8130072404441360E-014
           8          25   1.9478241777190147E-014
           8          26   4.6307076115035234E-015
           8          27  -1.9305138242487606E-014
           8          28  -3.4693768724415854E-015
           8          29  -2.0423068082310605E-014
           9           1  -2.4426219884770968E-015
           9           2  -1.5386286438333999E-015
           9           3   1.0585749558734096E-002
           9           4  -1.3901738062389224E-002
           9           5 -0.93373529679188394     
           9           6   8.7370605285280312E-016
           9           7  -3.7996442852170562E-002
           9           8   4.9898837385373700E-002
           9           9   2.5884314185580743     
           9          10  -6.8893342310011713E-015
           9          11  0.10903033471179932     
           9          12 -0.14318411233977368     
           9          13 -0.74828094745262930     
           9          14  -4.4813289021280761E-015
           9          15   6.7462510832538083E-003
           9          16  -8.8595157992278958E-003
           9          17  0.15593149296403269     
           9          18  -8.0401797446352288E-015
           9          19  -4.0711176566947170E-014
           9          20  -4.8762191887969078E-015
           9          21   2.5762869963965856E-014
           9          22  -1.4120657273537059E-014
           9          23   1.1012331246772851E-014
           9          24   3.1069543139731537E-015
           9          25   5.0939528174161415E-015
           9          26   3.0962524449950516E-017
           9          27  -6.2395112632340008E-015
           9          28  -4.8692736042336608E-015
           9          29  -6.3836052718512953E-015
          10           1   7.0195236199148553E-002
          10           2  0.27567047301340236     
          10           3   9.1331577795726511E-015
          10           4   1.3409005888795429E-014
          10           5   2.9315331606264470E-015
          10           6 -0.32438967398185103     
          10           7  -3.5490672472300800E-014
          10           8  -2.5937714979429867E-014
          10           9  -6.8893342310011713E-015
          10          10  0.79521905248795477     
          10          11   1.2106633714206724E-013
          10          12   4.6064039950114923E-014
          10          13   2.5987804230682287E-014
          10          14  -2.4857621017221592E-002
          10          15  -1.9050618772685455E-014
          10          16  -7.9574143462926473E-015
          10          17  -4.8305195160794169E-015
          10          18  0.14430744655536881     
          10          19  -3.9433366097211502E-014
          10          20  0.14430744655533334     
          10          21   4.1189341831709808E-014
          10          22  -3.9950296332834603E-014
          10          23  0.14430744655541539     
          10          24 -0.28223144017897683     
          10          25  -4.2131467564732711E-015
          10          26 -0.28223144017897295     
          10          27   2.8389634090628394E-016
          10          28   1.2422229487344464E-015
          10          29 -0.28223144017896684     
          11           1   1.1745615330311476E-015
          11           2   2.2133905305566357E-014
          11           3  0.20306577331204917     
          11           4  -2.6403261204221477E-002
          11           5  -3.0375680746081209E-002
          11           6   1.0981715654051058E-013
          11           7 -0.65572031715441481     
          11           8   9.4771749500642641E-002
          11           9  0.10903033471179932     
          11          10   1.2106633714206724E-013
          11          11   1.6473550714903666     
          11          12 -0.27194639270524323     
          11          13 -0.31286123107943931     
          11          14   2.6408723351773590E-013
          11          15 -0.23773182472363757     
          11          16  -1.6826680861225816E-002
          11          17  -1.9358286156309665E-002
          11          18   1.1692547270490543E-013
          11          19   1.1979463603425311E-013
          11          20   1.6905811923332853E-014
          11          21  -6.6163407218913033E-014
          11          22  -2.5713208651323669E-015
          11          23  -5.1125456906999332E-015
          11          24  -1.5095838683206511E-013
          11          25  -1.7743392720091516E-013
          11          26   2.2575588758846643E-014
          11          27   1.1591239747353091E-013
          11          28   3.1743709221715252E-014
          11          29   1.3327174441319730E-013
          12           1  -1.4327713442957759E-016
          12           2   7.0868818965612995E-015
          12           3  -2.6403261204218566E-002
          12           4  0.21763458405102687     
          12           5   3.9890869782619680E-002
          12           6   5.2663211850593476E-014
          12           7   9.4771749500647651E-002
          12           8 -0.70801354226767022     
          12           9 -0.14318411233977368     
          12          10   4.6064039950114923E-014
          12          11 -0.27194639270524323     
          12          12   1.7974098505505827     
          12          13  0.41086508425421597     
          12          14   1.1682705328655496E-013
          12          15  -1.6826680861121240E-002
          12          16 -0.22844718647640663     
          12          17   2.5422273783216980E-002
          12          18   4.9361430927996246E-014
          12          19   4.7848566085370469E-014
          12          20   7.9260770817617774E-015
          12          21  -2.3215826203014277E-014
          12          22  -7.4655943890995877E-015
          12          23  -3.8272305257823958E-015
          12          24  -5.5105097964786130E-014
          12          25  -7.4325256721228331E-014
          12          26   1.2026072282750061E-014
          12          27   4.5444839912738459E-014
          12          28   1.3354149937670642E-014
          12          29   5.1723511206082097E-014
          13           1   3.2254565915728951E-015
          13           2   6.4560611463031217E-015
          13           3  -3.0375680746084530E-002
          13           4   3.9890869782616127E-002
          13           5  0.22885302016428002     
          13           6   1.2569431171636252E-014
          13           7  0.10903033471182141     
          13           8 -0.14318411233977124     
          13           9 -0.74828094745262930     
          13          10   2.5987804230682287E-014
          13          11 -0.31286123107943931     
          13          12  0.41086508425421597     
          13          13   1.9129566842995049     
          13          14   3.8992230720101102E-014
          13          15  -1.9358286156373444E-002
          13          16   2.5422273783164289E-002
          13          17 -0.22129772706755374     
          13          18   1.4355806142906658E-014
          13          19   2.8115947172074177E-014
          13          20   1.3716737598404949E-014
          13          21  -2.2867925402966530E-014
          13          22   1.0319278512754803E-014
          13          23  -4.2399646982801471E-015
          13          24  -1.8793523966415065E-014
          13          25  -1.9735994091659397E-014
          13          26   2.2864538354831970E-015
          13          27   1.5494421918555228E-014
          13          28   7.4730356549270482E-015
          13          29   1.0783310097873474E-014
          14           1  -9.7642277095196395E-004
          14           2  -1.4920876550155183E-002
          14           3   1.8679015279175056E-014
          14           4   1.5306660144307031E-014
          14           5   1.7128352206140270E-015
          14           6   2.9479987791352563E-002
          14           7  -7.6230961275314088E-014
          14           8  -3.6242168862222098E-014
          14           9  -4.4813289021280761E-015
          14          10  -2.4857621017221592E-002
          14          11   2.6408723351773590E-013
          14          12   1.1682705328655496E-013
          14          13   3.8992230720101102E-014
          14          14   1.9437155527346609E-003
          14          15  -4.5838977400318244E-014
          14          16  -1.8600911155828728E-014
          14          17  -5.0184810742473045E-015
          14          18  -1.1118589506312376E-002
          14          19  -3.1206683665741009E-014
          14          20  -1.1118589506354070E-002
          14          21   3.0190195040167811E-014
          14          22  -3.1324060937967582E-014
          14          23  -1.1118589506283680E-002
          14          24   5.4887238059418289E-003
          14          25  -6.7110471248957435E-016
          14          26   5.4887238059381340E-003
          14          27   1.9818946186198534E-016
          14          28  -6.5700404903198492E-016
          14          29   5.4887238059532746E-003
          15           1  -3.9405854539325229E-016
          15           2  -2.9984409148516355E-015
          15           3  -5.8976879078831104E-002
          15           4  -1.6337015746246276E-003
          15           5  -1.8794950018230470E-003
          15           6  -2.0201632918517769E-014
          15           7  0.16165868121917759     
          15           8   5.8640012380168516E-003
          15           9   6.7462510832538083E-003
          15          10  -1.9050618772685455E-014
          15          11 -0.23773182472363757     
          15          12  -1.6826680861121240E-002
          15          13  -1.9358286156373444E-002
          15          14  -4.5838977400318244E-014
          15          15   4.6440462660132645E-002
          15          16  -1.0411507428971258E-003
          15          17  -1.1977938002129206E-003
          15          18  -1.8824739653024479E-014
          15          19  -2.6181512830619264E-014
          15          20  -7.4172363075937870E-015
          15          21   1.7912380392425225E-014
          15          22  -5.9904410706871872E-015
          15          23   3.9193166275498617E-015
          15          24   2.4521272526367083E-014
          15          25   3.0162989525483005E-014
          15          26  -4.9035946389887565E-015
          15          27  -1.9335738292541793E-014
          15          28  -5.6103812622604936E-015
          15          29  -2.2295271157494101E-014
          16           1  -6.0178767949058477E-016
          16           2  -1.6375321534361949E-015
          16           3  -1.6337015746355666E-003
          16           4  -5.8075434031553963E-002
          16           5   2.4682472469110864E-003
          16           6  -7.3991356192557316E-015
          16           7   5.8640012380490499E-003
          16           8  0.15842303833596597     
          16           9  -8.8595157992278958E-003
          16          10  -7.9574143462926473E-015
          16          11  -1.6826680861225816E-002
          16          12 -0.22844718647640663     
          16          13   2.5422273783164289E-002
          16          14  -1.8600911155828728E-014
          16          15  -1.0411507428971258E-003
          16          16   4.7014949577006145E-002
          16          17   1.5730029858346834E-003
          16          18  -7.6332083874042780E-015
          16          19  -1.0489306419492885E-014
          16          20  -4.0561097837314166E-015
          16          21   6.4192842976051260E-015
          16          22  -1.1939068465179757E-015
          16          23   2.4492183095379597E-015
          16          24   9.9149239481242945E-015
          16          25   1.2792178669675769E-014
          16          26  -2.7066861130010002E-015
          16          27  -8.0266075272011942E-015
          16          28  -2.0148685779504189E-015
          16          29  -8.8291335225754416E-015
          17           1  -1.8451805821675263E-015
          17           2  -1.7912880916054403E-015
          17           3  -1.8794950018209892E-003
          17           4   2.4682472469185557E-003
          17           5  -5.7381293387283615E-002
          17           6  -1.8730168360078656E-016
          17           7   6.7462510832421814E-003
          17           8  -8.8595157992476838E-003
          17           9  0.15593149296403269     
          17          10  -4.8305195160794169E-015
          17          11  -1.9358286156309665E-002
          17          12   2.5422273783216980E-002
          17          13 -0.22129772706755374     
          17          14  -5.0184810742473045E-015
          17          15  -1.1977938002129206E-003
          17          16   1.5730029858346834E-003
          17          17   4.7457322320387033E-002
          17          18  -1.7834248537147318E-015
          17          19  -8.7969961334617038E-015
          17          20  -1.0495623622258187E-014
          17          21   7.0411213632836194E-015
          17          22  -4.3577614735804446E-015
          17          23   8.1260326284444439E-015
          17          24   4.6600849279111473E-015
          17          25   3.3666180232524367E-015
          17          26  -2.1086046049851173E-015
          17          27  -2.9558834267777174E-015
          17          28  -1.3133981030618395E-015
          17          29  -8.9646395774117495E-016
          18           1  0.25720085584352509     
          18           2  0.92344847129262053     
          18           3   1.4544013048904536E-014
          18           4   5.8038329881355475E-015
          18           5   9.7103378793942179E-016
          18           6  -2.3985725184044529E-002
          18           7  -4.5891059143474348E-014
          18           8  -1.8949836514269779E-014
          18           9  -8.0401797446352288E-015
          18          10  0.14430744655536881     
          18          11   1.1692547270490543E-013
          18          12   4.9361430927996246E-014
          18          13   1.4355806142906658E-014
          18          14  -1.1118589506312376E-002
          18          15  -1.8824739653024479E-014
          18          16  -7.6332083874042780E-015
          18          17  -1.7834248537147318E-015
          18          18   2.1641426840491524     
          18          19  -1.2325436711587078E-013
          18          20 -0.44744638762690825     
          18          21   1.7063236761452407E-013
          18          22  -1.0511631935159390E-013
          18          23 -0.44744638762638955     
          18          24  0.14194294930109957     
          18          25   9.5081116528170439E-015
          18          26 -0.19791262339268334     
          18          27   1.1585658951471487E-014
          18          28   3.3504809376967729E-016
          18          29 -0.19791262339262783     
          19           1   1.2029392957226655E-015
          19           2  -1.3257028108781323E-015
          19           3  -8.6154095029359117E-015
          19           4   2.2859884506366166E-014
          19           5   1.3622093914369492E-014
          19           6  -2.9515562008660286E-014
          19           7   2.0201972546883543E-014
          19           8  -6.4622631203904684E-014
          19           9  -4.0711176566947170E-014
          19          10  -3.9433366097211502E-014
          19          11   1.1979463603425311E-013
          19          12   4.7848566085370469E-014
          19          13   2.8115947172074177E-014
          19          14  -3.1206683665741009E-014
          19          15  -2.6181512830619264E-014
          19          16  -1.0489306419492885E-014
          19          17  -8.7969961334617038E-015
          19          18  -1.2325436711587078E-013
          19          19   1.7430774020605959     
          19          20  -1.1669445143033258E-013
          19          21  -4.3298697960460038E-015
          19          22  -1.4432899320143516E-015
          19          23   2.1408592685130091E-013
          19          24   4.0902157663024098E-015
          19          25  0.22638073990694854     
          19          26  -4.0339866803452971E-014
          19          27   8.5938200999983368E-015
          19          28  -3.0739299994277345E-015
          19          29  -1.3422097498870648E-014
          20           1  0.25720085584350971     
          20           2  0.92344847129251240     
          20           3  -3.2353528045474111E-015
          20           4   7.6292540278304226E-015
          20           5   7.4330443732999501E-016
          20           6  -2.3985725184718643E-002
          20           7   8.7576539291630784E-015
          20           8  -1.2576820175684434E-014
          20           9  -4.8762191887969078E-015
          20          10  0.14430744655533334     
          20          11   1.6905811923332853E-014
          20          12   7.9260770817617774E-015
          20          13   1.3716737598404949E-014
          20          14  -1.1118589506354070E-002
          20          15  -7.4172363075937870E-015
          20          16  -4.0561097837314166E-015
          20          17  -1.0495623622258187E-014
          20          18 -0.44744638762690825     
          20          19  -1.1669445143033258E-013
          20          20   2.1641426840485551     
          20          21   5.0457427978529159E-014
          20          22  -3.7986337935775565E-014
          20          23 -0.44744638762666794     
          20          24 -0.19791262339274707     
          20          25  -1.3928476822601392E-014
          20          26  0.14194294930104875     
          20          27   5.7382084278200256E-016
          20          28   5.1513614973167195E-016
          20          29 -0.19791262339269755     
          21           1   9.4428302838775831E-016
          21           2   6.6380762187805582E-015
          21           3   1.2945091368968499E-015
          21           4  -8.9801246225509865E-016
          21           5  -9.3251775978944058E-015
          21           6   4.1534590056744994E-014
          21           7  -4.2594060889851575E-015
          21           8   1.3140779800427056E-014
          21           9   2.5762869963965856E-014
          21          10   4.1189341831709808E-014
          21          11  -6.6163407218913033E-014
          21          12  -2.3215826203014277E-014
          21          13  -2.2867925402966530E-014
          21          14   3.0190195040167811E-014
          21          15   1.7912380392425225E-014
          21          16   6.4192842976051260E-015
          21          17   7.0411213632836194E-015
          21          18   1.7063236761452407E-013
          21          19  -4.3298697960460038E-015
          21          20   5.0457427978529159E-014
          21          21   1.7430774020606046     
          21          22  -3.8857805861908270E-015
          21          23  -1.7243194786596769E-013
          21          24   1.0521577234717840E-014
          21          25  -2.5483087862036408E-015
          21          26   2.9792831646116594E-014
          21          27  0.22638073990693630     
          21          28   2.2239154961998824E-015
          21          29   8.6809557830866665E-015
          22           1  -3.1904270055174974E-016
          22           2   2.2109233483749980E-015
          22           3  -8.9062650352734977E-015
          22           4   7.3719892032169900E-015
          22           5   4.9205268251372713E-015
          22           6  -5.9240073220888590E-015
          22           7   3.4999313805638582E-014
          22           8  -1.6863349582627998E-014
          22           9  -1.4120657273537059E-014
          22          10  -3.9950296332834603E-014
          22          11  -2.5713208651323669E-015
          22          12  -7.4655943890995877E-015
          22          13   1.0319278512754803E-014
          22          14  -3.1324060937967582E-014
          22          15  -5.9904410706871872E-015
          22          16  -1.1939068465179757E-015
          22          17  -4.3577614735804446E-015
          22          18  -1.0511631935159390E-013
          22          19  -1.4432899320143516E-015
          22          20  -3.7986337935775565E-014
          22          21  -3.8857805861908270E-015
          22          22   1.7430774020606008     
          22          23   1.4626495668242246E-013
          22          24   2.2347330561684381E-015
          22          25   3.6689401516942160E-015
          22          26  -2.0794216943994063E-014
          22          27   8.5643298008944958E-015
          22          28  0.22638073990694108     
          22          29  -1.6666550821086087E-014
          23           1  0.25720085584353469     
          23           2  0.92344847129269292     
          23           3  -1.3183676071568844E-015
          23           4  -1.1514220104191381E-015
          23           5  -4.4943884564210370E-015
          23           6  -2.3985725183559209E-002
          23           7   9.4989594155547216E-015
          23           8   9.7731751896931537E-015
          23           9   1.1012331246772851E-014
          23          10  0.14430744655541539     
          23          11  -5.1125456906999332E-015
          23          12  -3.8272305257823958E-015
          23          13  -4.2399646982801471E-015
          23          14  -1.1118589506283680E-002
          23          15   3.9193166275498617E-015
          23          16   2.4492183095379597E-015
          23          17   8.1260326284444439E-015
          23          18 -0.44744638762638955     
          23          19   2.1408592685130091E-013
          23          20 -0.44744638762666794     
          23          21  -1.7243194786596769E-013
          23          22   1.4626495668242246E-013
          23          23   2.1641426840495228     
          23          24 -0.19791262339264465     
          23          25   3.9642883228853044E-015
          23          26 -0.19791262339265936     
          23          27  -8.2949164458249538E-015
          23          28  -6.2860926314998225E-018
          23          29  0.14194294930125870     
          24           1   2.5468193626745593E-003
          24           2  -4.9560605583511677E-002
          24           3  -6.3695059476361227E-015
          24           4  -3.8424149458436457E-015
          24           5  -9.0064926421196492E-016
          24           6  0.13957795538547235     
          24           7   3.2610269986272913E-014
          24           8   1.8130072404441360E-014
          24           9   3.1069543139731537E-015
          24          10 -0.28223144017897683     
          24          11  -1.5095838683206511E-013
          24          12  -5.5105097964786130E-014
          24          13  -1.8793523966415065E-014
          24          14   5.4887238059418289E-003
          24          15   2.4521272526367083E-014
          24          16   9.9149239481242945E-015
          24          17   4.6600849279111473E-015
          24          18  0.14194294930109957     
          24          19   4.0902157663024098E-015
          24          20 -0.19791262339274707     
          24          21   1.0521577234717840E-014
          24          22   2.2347330561684381E-015
          24          23 -0.19791262339264465     
          24          24  0.20624902070593554     
          24          25   3.9090271411196027E-015
          24          26  0.12296457738309624     
          24          27   1.7246821278166234E-015
          24          28  -1.6992586849738195E-016
          24          29  0.12296457738311373     
          25           1   4.2835335477637177E-016
          25           2   9.7746737830612191E-017
          25           3  -1.4584679642103194E-014
          25           4  -6.5777812734892414E-015
          25           5  -6.3678776637034167E-016
          25           6   2.8785215769574911E-015
          25           7   5.4240219105211379E-014
          25           8   1.9478241777190147E-014
          25           9   5.0939528174161415E-015
          25          10  -4.2131467564732711E-015
          25          11  -1.7743392720091516E-013
          25          12  -7.4325256721228331E-014
          25          13  -1.9735994091659397E-014
          25          14  -6.7110471248957435E-016
          25          15   3.0162989525483005E-014
          25          16   1.2792178669675769E-014
          25          17   3.3666180232524367E-015
          25          18   9.5081116528170439E-015
          25          19  0.22638073990694854     
          25          20  -1.3928476822601392E-014
          25          21  -2.5483087862036408E-015
          25          22   3.6689401516942160E-015
          25          23   3.9642883228853044E-015
          25          24   3.9090271411196027E-015
          25          25   5.3675204076424732E-002
          25          26  -3.4376086525822491E-015
          25          27   3.4827284283936847E-016
          25          28   5.5511151226537302E-017
          25          29   1.6809463716629669E-016
          26           1   2.5468193626718280E-003
          26           2  -4.9560605583513752E-002
          26           3   4.1468150289983611E-015
          26           4  -4.1447009307510385E-016
          26           5   2.6130013692493411E-016
          26           6  0.13957795538548112     
          26           7  -1.6829530892117230E-014
          26           8   4.6307076115035234E-015
          26           9   3.0962524449950516E-017
          26          10 -0.28223144017897295     
          26          11   2.2575588758846643E-014
          26          12   1.2026072282750061E-014
          26          13   2.2864538354831970E-015
          26          14   5.4887238059381340E-003
          26          15  -4.9035946389887565E-015
          26          16  -2.7066861130010002E-015
          26          17  -2.1086046049851173E-015
          26          18 -0.19791262339268334     
          26          19  -4.0339866803452971E-014
          26          20  0.14194294930104875     
          26          21   2.9792831646116594E-014
          26          22  -2.0794216943994063E-014
          26          23 -0.19791262339265936     
          26          24  0.12296457738309624     
          26          25  -3.4376086525822491E-015
          26          26  0.20624902070592749     
          26          27   3.5105341643313646E-016
          26          28  -2.3947605115878571E-016
          26          29  0.12296457738310806     
          27           1   1.4317464067397642E-015
          27           2   1.2142319824270622E-015
          27           3   8.1776822692521618E-015
          27           4   3.5607342238796509E-015
          27           5   8.1407362648983390E-016
          27           6   7.3136199620721943E-016
          27           7  -2.9238398433778085E-014
          27           8  -1.9305138242487606E-014
          27           9  -6.2395112632340008E-015
          27          10   2.8389634090628394E-016
          27          11   1.1591239747353091E-013
          27          12   4.5444839912738459E-014
          27          13   1.5494421918555228E-014
          27          14   1.9818946186198534E-016
          27          15  -1.9335738292541793E-014
          27          16  -8.0266075272011942E-015
          27          17  -2.9558834267777174E-015
          27          18   1.1585658951471487E-014
          27          19   8.5938200999983368E-015
          27          20   5.7382084278200256E-016
          27          21  0.22638073990693630     
          27          22   8.5643298008944958E-015
          27          23  -8.2949164458249538E-015
          27          24   1.7246821278166234E-015
          27          25   3.4827284283936847E-016
          27          26   3.5105341643313646E-016
          27          27   5.3675204076423649E-002
          27          28  -2.6871950844772492E-016
          27          29  -8.5733778947319144E-016
          28           1   6.6140971307164567E-016
