           1           1   2.1485692118641606     
           1           2 -0.58819945332234091     
           1           3  -1.8963544392057491E-014
           1           4   2.5459646723124176E-014
           1           5  -2.3032019102211606E-014
           1           6  0.18565793167252742     
           1           7   1.6980637186386627E-016
           1           8  -2.6125006572946051E-017
           1           9  -2.4489546052283573E-016
           1          10  -3.1495366829151092E-002
           1          11  -9.7542391165354324E-016
           1          12   3.0074547323157780E-016
           1          13   2.8896922695870051E-015
           2           1 -0.58819945332234091     
           2           2   2.3287189021237333     
           2           3   6.5600216742840065E-014
           2           4  -1.0806408528378812E-013
           2           5   8.4687800653913343E-014
           2           6 -0.75314019198838378     
           2           7  -3.6404101867336105E-015
           2           8   9.9640784820757710E-015
           2           9  -8.2844202204793353E-015
           2          10  0.12499406154950965     
           2          11   5.1915426562098242E-015
           2          12  -5.1089805099881154E-015
           2          13   3.0392720304375289E-015
           3           1  -1.8963544392057491E-014
           3           2   6.5600216742840065E-014
           3           3   2.0918418072271665     
           3           4  -2.4260973748660302E-002
           3           5  -3.5810991132139269E-003
           3           6  -2.2447114405951921E-014
           3           7 -0.25188046054060770     
           3           8  0.11906745486693639     
           3           9   1.7575236706074596E-002
           3          10   4.2081399005536273E-014
           3          11  0.10270094633648774     
           3          12  -1.7815158944807428E-002
           3          13  -2.6296491831375984E-003
           4           1   2.5459646723124176E-014
           4           2  -1.0806408528378812E-013
           4           3  -2.4260973748660302E-002
           4           4   2.1164270245915722     
           4           5  -2.2000696408200028E-003
           4           6  -6.6835481380396521E-015
           4           7  0.11906745486696146     
           4           8 -0.37253923081092627     
           4           9   1.0797451701293509E-002
           4          10  -9.0558448648230151E-015
           4          11  -1.7815158944898091E-002
           4          12  0.12075420171917636     
           4          13  -1.6155406906316920E-003
           5           1  -2.3032019102211606E-014
           5           2   8.4687800653913343E-014
           5           3  -3.5810991132139269E-003
           5           4  -2.2000696408200028E-003
           5           5   2.1310071522509615     
           5           6  -8.1881563188222575E-015
           5           7   1.7575236706100384E-002
           5           8   1.0797451701260442E-002
           5           9 -0.44409524955837554     
           5          10   2.1160441077890925E-014
           5          11  -2.6296491831314089E-003
           5          12  -1.6155406906057067E-003
           5          13  0.13146058533058330     
           6           1  0.18565793167252742     
           6           2 -0.75314019198838378     
           6           3  -2.2447114405951921E-014
           6           4  -6.6835481380396521E-015
           6           5  -8.1881563188222575E-015
           6           6   2.4676006998120492     
           6           7  -4.6018909766775665E-015
           6           8  -1.0185170628486238E-014
           6           9   5.3521379806407174E-015
           6          10 -0.19633323719183265     
           6          11  -1.0620970864260083E-015
           6          12  -1.0855524151462538E-015
           6          13  -1.4304565677375428E-015
           7           1   1.6980637186386627E-016
           7           2  -3.6404101867336105E-015
           7           3 -0.25188046054060770     
           7           4  0.11906745486696146     
           7           5   1.7575236706100384E-002
           7           6  -4.6018909766775665E-015
           7           7  0.38363206018365703     
           7           8 -0.58471733114809343     
           7           9  -8.6308601392074580E-002
           7          10  -3.8056734874321279E-015
           7          11  -6.2714452829935097E-002
           7          12   8.6506455134664359E-002
           7          13   1.2768992393989287E-002
           8           1  -2.6125006572946051E-017
           8           2   9.9640784820757710E-015
           8           3  0.11906745486693639     
           8           4 -0.37253923081092627     
           8           5   1.0797451701260442E-002
           8           6  -1.0185170628486238E-014
           8           7 -0.58471733114809343     
           8           8  0.97616403469042801     
           8           9  -5.3024205051817846E-002
           8          10  -1.8540829821445574E-016
           8          11   8.6506455134669355E-002
           8          12 -0.15037705138484331     
           8          13   7.8447067856928492E-003
           9           1  -2.4489546052283573E-016
           9           2  -8.2844202204793353E-015
           9           3   1.7575236706074596E-002
           9           4   1.0797451701293509E-002
           9           5 -0.44409524955837554     
           9           6   5.3521379806407174E-015
           9           7  -8.6308601392074580E-002
           9           8  -5.3024205051817846E-002
           9           9   1.3275618566764584     
           9          10  -2.1207072996434919E-016
           9          11   1.2768992393988819E-002
           9          12   7.8447067856920773E-003
           9          13 -0.20236487234162040     
          10           1  -3.1495366829151092E-002
          10           2  0.12499406154950965     
          10           3   4.2081399005536273E-014
          10           4  -9.0558448648230151E-015
          10           5   2.1160441077890925E-014
          10           6 -0.19633323719183265     
          10           7  -3.8056734874321279E-015
          10           8  -1.8540829821445574E-016
          10           9  -2.1207072996434919E-016
          10          10   4.5866348083894316E-002
          10          11   1.5614002365909262E-015
          10          12  -2.0002991390361393E-016
          10          13   4.2299074353599058E-016
          11           1  -9.7542391165354324E-016
          11           2   5.1915426562098242E-015
          11           3  0.10270094633648774     
          11           4  -1.7815158944898091E-002
          11           5  -2.6296491831314089E-003
          11           6  -1.0620970864260083E-015
          11           7  -6.2714452829935097E-002
          11           8   8.6506455134669355E-002
          11           9   1.2768992393988819E-002
          11          10   1.5614002365909262E-015
          11          11   1.2321702639052610E-002
          11          12  -1.2808194494418617E-002
          11          13  -1.8905842093024927E-003
          12           1   3.0074547323157780E-016
          12           2  -5.1089805099881154E-015
          12           3  -1.7815158944807428E-002
          12           4  0.12075420171917636     
          12           5  -1.6155406906057067E-003
          12           6  -1.0855524151462538E-015
          12           7   8.6506455134664359E-002
          12           8 -0.15037705138484331     
          12           9   7.8447067856920773E-003
          12          10  -2.0002991390361393E-016
          12          11  -1.2808194494418617E-002
          12          12   2.5301076379776688E-002
          12          13  -1.1614917072558608E-003
          13           1   2.8896922695870051E-015
          13           2   3.0392720304375289E-015
          13           3  -2.6296491831375984E-003
          13           4  -1.6155406906316920E-003
          13           5  0.13146058533058330     
          13           6  -1.4304565677375428E-015
          13           7   1.2768992393989287E-002
          13           8   7.8447067856928492E-003
          13           9 -0.20236487234162040     
          13          10   4.2299074353599058E-016
          13          11  -1.8905842093024927E-003
          13          12  -1.1614917072558608E-003
          13          13   3.2998422446248392E-002
