           1           1   2.1431284573631721     
           1           2 -0.57600654843699073     
           1           3  -1.1006472020347405E-012
           1           4  -8.3832818790191864E-014
           1           5  -9.8248537092997103E-013
           1           6   7.6788020982916011E-002
           1           7  -5.5373001759787870E-014
           1           8   1.3073028841039562E-013
           1           9  -9.7735029046764697E-014
           1          10   5.8600436379553152E-002
           1          11   1.1349010447867864E-013
           1          12   2.0249119810052830E-013
           1          13  -8.7915073820070997E-014
           2           1 -0.57600654843699073     
           2           2   2.3208029031116482     
           2           3   3.1529660581817341E-012
           2           4  -5.8145425680717687E-013
           2           5   4.0405741730726037E-012
           2           6 -0.39897744141610308     
           2           7   4.4144869025320620E-013
           2           8  -3.6252772889015375E-013
           2           9   5.9457803709252707E-013
           2          10 -0.26272938916666055     
           2          11   8.7015200236883214E-014
           2          12  -3.6821197389692207E-013
           2          13   3.4198522381323352E-013
           3           1  -1.1006472020347405E-012
           3           2   3.1529660581817341E-012
           3           3   1.9911457734037881     
           3           4  -8.5925107655732292E-003
           3           5   2.3125919725155559E-002
           3           6  -7.1569916245893641E-013
           3           7   1.5555138642097018E-003
           3           8   2.3619859359125302E-002
           3           9  -6.3570589797804750E-002
           3          10   1.0803457247303596E-012
           3          11  -4.5863966815865929E-002
           3          12   1.7362692413995871E-002
           3          13  -4.6730023440345970E-002
           4           1  -8.3832818790191864E-014
           4           2  -5.8145425680717687E-013
           4           3  -8.5925107655732292E-003
           4           4   2.0259414321075764     
           4           5   5.3994502255627526E-003
           4           6   1.0008802836717046E-012
           4           7   2.3619859384465407E-002
           4           8  -9.4093891664508697E-002
           4           9  -1.4842490447738884E-002
           4          10  -1.5418073949239116E-012
           4          11   1.7362692424424866E-002
           4          12 -0.11617476723023711     
           4          13  -1.0910547236456720E-002
           5           1  -9.8248537092997103E-013
           5           2   4.0405741730726037E-012
           5           3   2.3125919725155559E-002
           5           4   5.3994502255627526E-003
           5           5   2.0134155122944226     
           5           6  -7.8644538028774136E-013
           5           7  -6.3570590080585992E-002
           5           8  -1.4842490493965051E-002
           5           9  -5.9661525279055244E-002
           5          10   9.6220673171087847E-013
           5          11  -4.6730023552012959E-002
           5          12  -1.0910547258300025E-002
           5          13  -9.0863923792644075E-002
           6           1   7.6788020982916011E-002
           6           2 -0.39897744141610308     
           6           3  -7.1569916245893641E-013
           6           4   1.0008802836717046E-012
           6           5  -7.8644538028774136E-013
           6           6  0.91459928394900447     
           6           7  -9.4527716129618681E-013
           6           8   8.6126288247581972E-013
           6           9  -9.7454465532517963E-013
           6          10  0.55163103983711737     
           6          11  -5.5280689840970104E-014
           6          12   7.2845855467788052E-013
           6          13   2.0485670385736613E-013
           7           1  -5.5373001759787870E-014
           7           2   4.4144869025320620E-013
           7           3   1.5555138642097018E-003
           7           4   2.3619859384465407E-002
           7           5  -6.3570590080585992E-002
           7           6  -9.4527716129618681E-013
           7           7  0.12338315023777471     
           7           8  -6.3522047490516625E-002
           7           9  0.17096350740364194     
           7          10  -8.3613252992110450E-013
           7          11   9.5476400434993752E-002
           7          12  -4.9759017538794532E-002
           7          13  0.13392163039023214     
           8           1   1.3073028841039562E-013
           8           2  -3.6252772889015375E-013
           8           3   2.3619859359125302E-002
           8           4  -9.4093891664508697E-002
           8           5  -1.4842490493965051E-002
           8           6   8.6126288247581972E-013
           8           7  -6.3522047490516625E-002
           8           8  0.38061779347618030     
           8           9   3.9916637950143462E-002
           8          10  -4.5940804252964378E-013
           8          11  -4.9759017515330781E-002
           8          12  0.29697719630008723     
           8          13   3.1268083540713046E-002
           9           1  -9.7735029046764697E-014
           9           2   5.9457803709252707E-013
           9           3  -6.3570589797804750E-002
           9           4  -1.4842490447738884E-002
           9           5  -5.9661525279055244E-002
           9           6  -9.7454465532517963E-013
           9           7  0.17096350740364194     
           9           8   3.9916637950143462E-002
           9           9  0.28801714189897665     
           9          10  -1.3807313287984470E-012
           9          11  0.13392163008841282     
           9          12   3.1268083487619662E-002
           9          13  0.22443990225920329     
          10           1   5.8600436379553152E-002
          10           2 -0.26272938916666055     
          10           3   1.0803457247303596E-012
          10           4  -1.5418073949239116E-012
          10           5   9.6220673171087847E-013
          10           6  0.55163103983711737     
          10           7  -8.3613252992110450E-013
          10           8  -4.5940804252964378E-013
          10           9  -1.3807313287984470E-012
          10          10  0.33296043830578820     
          10          11  -2.7107600242740771E-013
          10          12  -2.7598907890623573E-013
          10          13  -5.2383691451614597E-013
          11           1   1.1349010447867864E-013
          11           2   8.7015200236883214E-014
          11           3  -4.5863966815865929E-002
          11           4   1.7362692424424866E-002
          11           5  -4.6730023552012959E-002
          11           6  -5.5280689840970104E-014
          11           7   9.5476400434993752E-002
          11           8  -4.9759017515330781E-002
          11           9  0.13392163008841282     
          11          10  -2.7107600242740771E-013
          11          11   7.5000695290877994E-002
          11          12  -3.8926052229263639E-002
          11          13  0.10476574151950110     
          12           1   2.0249119810052830E-013
          12           2  -3.6821197389692207E-013
          12           3   1.7362692413995871E-002
          12           4 -0.11617476723023711     
          12           5  -1.0910547258300025E-002
          12           6   7.2845855467788052E-013
          12           7  -4.9759017538794532E-002
          12           8  0.29697719630008723     
          12           9   3.1268083487619662E-002
          12          10  -2.7598907890623573E-013
          12          11  -3.8926052229263639E-002
          12          12  0.23263303806117047     
          12          13   2.4460753268344699E-002
          13           1  -8.7915073820070997E-014
          13           2   3.4198522381323352E-013
          13           3  -4.6730023440345970E-002
          13           4  -1.0910547236456720E-002
          13           5  -9.0863923792644075E-002
          13           6   2.0485670385736613E-013
          13           7  0.13392163039023214     
          13           8   3.1268083540713046E-002
          13           9  0.22443990225920329     
          13          10  -5.2383691451614597E-013
          13          11  0.10476574151950110     
          13          12   2.4460753268344699E-002
          13          13  0.17588773581060968     
