           1           1   2.1840942244331232     
           1           2  0.68234066130133186     
           1           3  -7.6469542868221860E-012
           1           4   6.6077830388902601E-012
           1           5   6.1103683811033697E-012
           1           6 -0.18879081983584067     
           1           7  -4.1905722130007327E-014
           1           8  -2.4268281363372666E-012
           1           9   2.9771758014486522E-012
           1          10   2.7766645069060118E-002
           1          11   2.3110352653581553E-012
           1          12   1.6286008061867251E-012
           1          13   1.8134903897233108E-013
           1          14  -2.5364536463442375E-002
           1          15  -2.0232991343985186E-012
           1          16  -5.9717927405129944E-013
           1          17  -9.4865983761860391E-013
           1          18   1.8339231353761684E-002
           1          19   4.3399264687783292E-007
           1          20   1.8338616124959840E-002
           1          21   2.6961365400056593E-007
           1          22   7.1672020997364774E-007
           1          23   1.8338353729455005E-002
           1          24   1.1641446595247798E-003
           1          25  -2.1775797225934475E-007
           1          26   1.1644531284326198E-003
           1          27  -1.3531769470300111E-007
           1          28  -3.5929900290099368E-007
           1          29   1.1645846900603162E-003
           2           1  0.68234066130133186     
           2           2   2.5266859534629420     
           2           3  -2.0187845482808409E-011
           2           4   1.8303738675093919E-011
           2           5   1.6512490097615713E-011
           2           6 -0.93662705183878547     
           2           7  -3.6257908421114658E-013
           2           8  -1.2682835701925816E-011
           2           9   1.5125011477636409E-011
           2          10  0.11609217681819653     
           2          11   1.0741326996378445E-011
           2          12   7.1592842509418887E-012
           2          13   1.0948649855507025E-012
           2          14 -0.10339250846233845     
           2          15  -7.8469043282204061E-012
           2          16  -2.3200133720709440E-012
           2          17  -3.7629593116600421E-012
           2          18   6.7194173263915649E-003
           2          19   1.7910858311495172E-006
           2          20   6.7168782963500338E-003
           2          21   1.1126970559183188E-006
           2          22   2.9578779755206486E-006
           2          23   6.7157953981796664E-003
           2          24   1.8347207949693971E-003
           2          25  -8.9998749622344964E-007
           2          26   1.8359957013899364E-003
           2          27  -5.5926194617509400E-007
           2          28  -1.4849913205988943E-006
           2          29   1.8365394475127065E-003
           3           1  -7.6469542868221860E-012
           3           2  -2.0187845482808409E-011
           3           3   2.2333701624405853     
           3           4   9.5521024861580109E-008
           3           5   5.9348775751506334E-008
           3           6   5.7680809298934217E-011
           3           7 -0.72232789366813643     
           3           8  -2.1581111657974365E-007
           3           9  -1.3408992287356108E-007
           3          10   2.6732966044863207E-011
           3          11  -4.3419819301718683E-003
           3          12   5.7088276556666140E-007
           3          13   3.5469734700774271E-007
           3          14   2.5203211680888396E-011
           3          15   6.4320649489293686E-004
           3          16  -2.6812932061337031E-007
           3          17  -1.6660711676616115E-007
           3          18   3.4007455684835778E-011
           3          19   5.4690799725111948E-012
           3          20   4.3080422921535108E-011
           3          21  -1.3159214768795958E-012
           3          22  -1.4688770539172393E-011
           3          23   1.5377417223985903E-011
           3          24  -1.2307454735666559E-011
           3          25  -5.3579380298216933E-014
           3          26  -5.9853665419485785E-012
           3          27  -4.2262744360456570E-012
           3          28   4.2442799869220840E-012
           3          29   1.0369684644341170E-011
           4           1   6.6077830388902601E-012
           4           2   1.8303738675093919E-011
           4           3   9.5521024861580109E-008
           4           4   2.2333700061073274     
           4           5   1.5771832774513788E-007
           4           6  -5.0301122941692432E-011
           4           7  -2.1581609524652836E-007
           4           8 -0.72232754046258052     
           4           9  -3.5633603687190733E-007
           4          10   8.7277829702778479E-012
           4          11   5.7087658282648062E-007
           4          12  -4.3429162229080874E-003
           4          13   9.4257671058243424E-007
           4          14  -1.7156653767106049E-012
           4          15  -2.6812321278284299E-007
           4          16   6.4364530204834888E-004
           4          17  -4.4268765679429273E-007
           4          18  -2.6232553783355084E-011
           4          19  -7.1719700887359078E-012
           4          20  -3.7312337551207896E-011
           4          21   3.5652240290678981E-012
           4          22   1.8057804175704826E-011
           4          23  -7.4413169908220869E-012
           4          24  -1.0403760155840229E-012
           4          25   3.5809600440504660E-012
           4          26   1.6479386595430398E-011
           4          27  -1.0256378822822548E-013
           4          28   5.5754707108381730E-013
           4          29  -8.0191904894780620E-012
           5           1   6.1103683811033697E-012
           5           2   1.6512490097615713E-011
           5           3   5.9348775751506334E-008
           5           4   1.5771832774513788E-007
           5           5   2.2333699394250273     
           5           6  -4.0926295067567578E-011
           5           7  -1.3407926812737839E-007
           5           8  -3.5632675222940790E-007
           5           9 -0.72232738981159450     
           5          10  -4.9759111819034462E-011
           5          11   3.5472692398511595E-007
           5          12   9.4258280967844913E-007
           5          13  -4.3433147337501553E-003
           5          14  -3.8871843394710737E-011
           5          15  -1.6663567949340356E-007
           5          16  -4.4271619767215167E-007
           5          17   6.4383247122440043E-004
           5          18  -1.6534574890332431E-011
           5          19   9.4707467419949018E-012
           5          20  -1.9157524092319858E-011
           5          21  -1.1899851070079142E-011
           5          22   1.6671783975984984E-011
           5          23  -3.7203152252311647E-011
           5          24   2.6867238972907472E-011
           5          25  -4.0864253234263367E-012
           5          26  -9.8217788512210276E-012
           5          27   2.5056651614205844E-012
           5          28  -2.6897445209843265E-012
           5          29  -1.6684803063497487E-011
           6           1 -0.18879081983584067     
           6           2 -0.93662705183878547     
           6           3   5.7680809298934217E-011
           6           4  -5.0301122941692432E-011
           6           5  -4.0926295067567578E-011
           6           6   2.4972568015074379     
           6           7   5.8207982262269061E-012
           6           8   3.9223057595409234E-012
           6           9  -1.0027174949480475E-011
           6          10 -0.33286312609315216     
           6          11  -3.6117800442201537E-011
           6          12  -2.2378150982712762E-011
           6          13  -4.3608996801975037E-012
           6          14  0.31030757291350586     
           6          15   2.1656270279452150E-011
           6          16   6.4169747733602257E-012
           6          17   1.0819710911889717E-011
           6          18  -7.0661865385787236E-004
           6          19  -5.1262618268694875E-006
           6          20  -6.9935129452040326E-004
           6          21  -3.1845785502014277E-006
           6          22  -8.4663122229129730E-006
           6          23  -6.9625176138860272E-004
           6          24   3.1707236223443734E-003
           6          25   2.9078531447646162E-006
           6          26   3.1666045233903067E-003
           6          27   1.8069904030191485E-006
           6          28   4.7978348492143448E-006
           6          29   3.1648477310772362E-003
           7           1  -4.1905722130007327E-014
           7           2  -3.6257908421114658E-013
           7           3 -0.72232789366813643     
           7           4  -2.1581609524652836E-007
           7           5  -1.3407926812737839E-007
           7           6   5.8207982262269061E-012
           7           7   2.2325986652298138     
           7           8   4.1951247407856824E-007
           7           9   2.6064069665738049E-007
           7          10  -4.9366358338970095E-013
           7          11   2.0942312206036068E-003
           7          12  -1.7720872636210111E-006
           7          13  -1.1009778660192654E-006
           7          14  -3.2430871135559991E-012
           7          15   3.6947706391017290E-003
           7          16   8.3632019017281581E-007
           7          17   5.1960381415584214E-007
           7          18  -2.4648196159688884E-011
           7          19  -9.6597083994056175E-012
           7          20   8.8620448764756071E-012
           7          21   5.6765664028067194E-012
           7          22  -2.3071116825649290E-012
           7          23   2.2430187392410814E-011
           7          24  -8.0146479944307897E-012
           7          25   2.6688464443772053E-012
           7          26   8.3421607629886991E-012
           7          27   3.6541770393740411E-012
           7          28  -4.8179168109552223E-012
           7          29   4.0302658967426124E-012
           8           1  -2.4268281363372666E-012
           8           2  -1.2682835701925816E-011
           8           3  -2.1581111657974365E-007
           8           4 -0.72232754046258052     
           8           5  -3.5632675222940790E-007
           8           6   3.9223057595409234E-012
           8           7   4.1951247407856824E-007
           8           8   2.2325979786583590     
           8           9   6.9265278679342401E-007
           8          10  -1.0638166484386630E-010
           8          11  -1.7720362996365679E-006
           8          12   2.0971313500545677E-003
           8          13  -2.9257984444989124E-006
           8          14  -8.0443056479330875E-011
           8          15   8.3626574859379571E-007
           8          16   3.6934019749991125E-003
           8          17   1.3807269857722972E-006
           8          18   1.1871428895483021E-011
           8          19   8.5516207851525482E-012
           8          20   5.3843038061442570E-012
           8          21  -2.4365805700698303E-012
           8          22  -1.7367899502910428E-011
           8          23  -1.6784458640102189E-011
           8          24   3.6197533400267709E-011
           8          25  -1.6822695903243359E-012
           8          26  -5.1755537991700374E-011
           8          27  -5.3197676346697219E-013
           8          28  -3.1813173258625944E-012
           8          29  -1.6805671435479253E-011
           9           1   2.9771758014486522E-012
           9           2   1.5125011477636409E-011
           9           3  -1.3408992287356108E-007
           9           4  -3.5633603687190733E-007
           9           5 -0.72232738981159450     
           9           6  -1.0027174949480475E-011
           9           7   2.6064069665738049E-007
           9           8   6.9265278679342401E-007
           9           9   2.2325976858162968     
           9          10   1.2695148362989470E-010
           9          11  -1.1010382491829882E-006
           9          12  -2.9257718637678634E-006
           9          13   2.0983682842879835E-003
           9          14   9.1475286714973469E-011
           9          15   5.1966708723482381E-007
           9          16   1.3807591264389989E-006
           9          17   3.6928182785954068E-003
           9          18  -7.8684208959522182E-012
           9          19  -2.1191135286601418E-011
           9          20  -3.3148174243240249E-011
           9          21   5.1515686624343878E-013
           9          22  -2.0389748301577266E-011
           9          23   3.2321087883670869E-011
           9          24  -3.9972203401119638E-011
           9          25   9.0639992977714984E-012
           9          26   5.9155623444232546E-011
           9          27   3.0231442092668454E-012
           9          28  -6.9895978695309157E-012
           9          29   2.4904529675128282E-011
          10           1   2.7766645069060118E-002
          10           2  0.11609217681819653     
          10           3   2.6732966044863207E-011
          10           4   8.7277829702778479E-012
          10           5  -4.9759111819034462E-011
          10           6 -0.33286312609315216     
          10           7  -4.9366358338970095E-013
          10           8  -1.0638166484386630E-010
          10           9   1.2695148362989470E-010
          10          10  0.59364488789062175     
          10          11   5.3623820614590413E-011
          10          12   3.1352607743217670E-011
          10          13   7.2594168389427152E-012
          10          14 -0.57235511236768755     
          10          15  -3.6292251037737814E-011
          10          16  -8.2367454072645011E-012
          10          17  -1.9715365874523817E-011
          10          18  -4.3902709751541960E-004
          10          19  -3.9395804084773514E-007
          10          20  -4.3847124106133296E-004
          10          21  -2.4518095115615861E-007
          10          22  -6.4689526341546836E-007
          10          23  -4.3823417594222739E-004
          10          24  -1.5252715559727738E-003
          10          25  -5.3223201175788605E-006
          10          26  -1.5177308818082750E-003
          10          27  -3.3071498037567964E-006
          10          28  -8.7835554932933778E-006
          10          29  -1.5145147911485562E-003
          11           1   2.3110352653581553E-012
          11           2   1.0741326996378445E-011
          11           3  -4.3419819301718683E-003
          11           4   5.7087658282648062E-007
          11           5   3.5472692398511595E-007
          11           6  -3.6117800442201537E-011
          11           7   2.0942312206036068E-003
          11           8  -1.7720362996365679E-006
          11           9  -1.1010382491829882E-006
          11          10   5.3623820614590413E-011
          11          11   9.9688144593686611E-006
          11          12  -3.3122230612274557E-009
          11          13  -2.0571289309141614E-009
          11          14   8.0741729219331004E-012
          11          15  -3.6840770454384548E-007
          11          16  -2.1340198747005801E-009
          11          17  -1.3263423314283974E-009
          11          18  -1.0359929713880419E-011
          11          19   3.6082430916359704E-011
          11          20   3.4554314415449274E-011
          11          21  -3.5105362369292174E-011
          11          22  -1.3980527557552845E-011
          11          23  -3.9559881234486452E-011
          11          24  -1.1221789151482329E-011
          11          25   2.2963586898180274E-011
          11          26   1.7413893865416099E-011
          11          27  -2.2345747352987878E-011
          11          28  -8.9245211324888602E-012
          11          29  -2.9832839042681356E-011
          12           1   1.6286008061867251E-012
          12           2   7.1592842509418887E-012
          12           3   5.7088276556666140E-007
          12           4  -4.3429162229080874E-003
          12           5   9.4258280967844913E-007
          12           6  -2.2378150982712762E-011
          12           7  -1.7720872636210111E-006
          12           8   2.0971313500545677E-003
          12           9  -2.9257718637678634E-006
          12          10   3.1352607743217670E-011
          12          11  -3.3122230612274557E-009
          12          12   9.9742416360862635E-006
          12          13  -5.4766497319922318E-009
          12          14  -1.0161391830316094E-011
          12          15  -2.1341722260585027E-009
          12          16  -3.6491804154312917E-007
          12          17  -3.5199038701954478E-009
          12          18  -7.0477862688989429E-012
          12          19   3.0232746923880182E-011
          12          20   2.0836555878039229E-011
          12          21  -9.9277986372492183E-012
          12          22  -1.5683193570572422E-011
          12          23  -1.8844694134995590E-011
          12          24  -6.0842646092879874E-012
          12          25   1.9201743918193615E-011
          12          26   1.1494416518529407E-011
          12          27  -6.3162644737379528E-012
          12          28  -9.9700039936574953E-012
          12          29  -1.3603046047009475E-011
          13           1   1.8134903897233108E-013
          13           2   1.0948649855507025E-012
          13           3   3.5469734700774271E-007
          13           4   9.4257671058243424E-007
          13           5  -4.3433147337501553E-003
          13           6  -4.3608996801975037E-012
          13           7  -1.1009778660192654E-006
          13           8  -2.9257984444989124E-006
          13           9   2.0983682842879835E-003
          13          10   7.2594168389427152E-012
          13          11  -2.0571289309141614E-009
          13          12  -5.4766497319922318E-009
          13          13   9.9765565275309913E-006
          13          14   9.7610236986451687E-012
          13          15  -1.3261465065152390E-009
          13          16  -3.5198706816262428E-009
          13          17  -3.6342967184367609E-007
          13          18   3.5008376780117348E-012
          13          19  -1.2314817074187470E-011
          13          20   2.0702687245392344E-011
          13          21  -5.2164283327934844E-011
          13          22   1.7795250423925483E-011
          13          23  -2.8245017955299456E-011
          13          24   8.8084919253714215E-013
          13          25  -7.8023259505869218E-012
          13          26   1.2012205758672292E-011
          13          27  -3.3243412263445120E-011
          13          28   1.1330440878426377E-011
          13          29  -1.9240845396031646E-011
          14           1  -2.5364536463442375E-002
          14           2 -0.10339250846233845     
          14           3   2.5203211680888396E-011
          14           4  -1.7156653767106049E-012
          14           5  -3.8871843394710737E-011
          14           6  0.31030757291350586     
          14           7  -3.2430871135559991E-012
          14           8  -8.0443056479330875E-011
          14           9   9.1475286714973469E-011
          14          10 -0.57235511236768755     
          14          11   8.0741729219331004E-012
          14          12  -1.0161391830316094E-011
          14          13   9.7610236986451687E-012
          14          14  0.56749533065980207     
          14          15   6.1831830618067070E-011
          14          16   1.3278190498617404E-011
          14          17   2.5301721071979070E-011
          14          18  -8.7588609539904954E-004
          14          19   7.8670142326676455E-007
          14          20  -8.7699866710327706E-004
          14          21   4.8917292335965807E-007
          14          22   1.2954400825694160E-006
          14          23  -8.7747317206510493E-004
          14          24  -5.4991129562829803E-004
          14          25   5.8784894631935378E-006
          14          26  -5.5823995550324974E-004
          14          27   3.6527368719029708E-006
          14          28   9.7014212392041600E-006
          14          29  -5.6179212218449275E-004
          15           1  -2.0232991343985186E-012
          15           2  -7.8469043282204061E-012
          15           3   6.4320649489293686E-004
          15           4  -2.6812321278284299E-007
          15           5  -1.6663567949340356E-007
          15           6   2.1656270279452150E-011
          15           7   3.6947706391017290E-003
          15           8   8.3626574859379571E-007
          15           9   5.1966708723482381E-007
          15          10  -3.6292251037737814E-011
          15          11  -3.6840770454384548E-007
          15          12  -2.1341722260585027E-009
          15          13  -1.3261465065152390E-009
          15          14   6.1831830618067070E-011
          15          15   7.9775447413985788E-006
          15          16   2.7552171386307559E-009
          15          17   1.7121104242736266E-009
          15          18  -1.2030167788943401E-012
          15          19  -6.8392443142886863E-012
          15          20  -8.8535975252505036E-012
          15          21   5.1618585118530417E-012
          15          22   2.9304515984505772E-012
          15          23   3.4475493352935852E-012
          15          24  -2.7143533529396314E-012
          15          25  -4.3320446568486698E-012
          15          26  -7.6114128580679657E-012
          15          27   3.2849804273384871E-012
          15          28   1.8728750256014972E-012
          15          29   2.2159111055279614E-013
          16           1  -5.9717927405129944E-013
          16           2  -2.3200133720709440E-012
          16           3  -2.6812932061337031E-007
          16           4   6.4364530204834888E-004
          16           5  -4.4271619767215167E-007
          16           6   6.4169747733602257E-012
          16           7   8.3632019017281581E-007
          16           8   3.6934019749991125E-003
          16           9   1.3807591264389989E-006
          16          10  -8.2367454072645011E-012
          16          11  -2.1340198747005801E-009
          16          12  -3.6491804154312917E-007
          16          13  -3.5198706816262428E-009
          16          14   1.3278190498617404E-011
          16          15   2.7552171386307559E-009
          16          16   7.9730369651771382E-006
          16          17   4.5472409007002762E-009
          16          18   9.7448263810979651E-013
          16          19  -8.0942637859073179E-012
          16          20  -6.4823758079029745E-012
          16          21   2.5749341509230707E-012
          16          22   4.1921720655599377E-012
          16          23   4.0329476539057513E-012
          16          24   2.7419988885768845E-013
          16          25  -5.1500380099347920E-012
          16          26  -4.5803247356231837E-012
          16          27   1.6393883131209073E-012
          16          28   2.6781607832466256E-012
          16          29   2.1473415614756351E-012
          17           1  -9.4865983761860391E-013
          17           2  -3.7629593116600421E-012
          17           3  -1.6660711676616115E-007
          17           4  -4.4268765679429273E-007
          17           5   6.4383247122440043E-004
          17           6   1.0819710911889717E-011
          17           7   5.1960381415584214E-007
          17           8   1.3807269857722972E-006
          17           9   3.6928182785954068E-003
          17          10  -1.9715365874523817E-011
          17          11  -1.3263423314283974E-009
          17          12  -3.5199038701954478E-009
          17          13  -3.6342967184367609E-007
          17          14   2.5301721071979070E-011
          17          15   1.7121104242736266E-009
          17          16   4.5472409007002762E-009
          17          17   7.9711145587751252E-006
          17          18  -1.2925723127087851E-012
          17          19   2.6215805357525629E-012
          17          20  -2.1572418788864367E-012
          17          21   5.5296301559960229E-012
          17          22  -2.7213792159893263E-012
          17          23   1.9045751956765935E-012
          17          24  -1.2661850851978900E-012
          17          25   1.7006545074747639E-012
          17          26  -1.6503950667226303E-012
          17          27   3.5396191064366757E-012
          17          28  -1.7230214074149454E-012
          17          29   8.1055330346953709E-013
          18           1   1.8339231353761684E-002
          18           2   6.7194173263915649E-003
          18           3   3.4007455684835778E-011
          18           4  -2.6232553783355084E-011
          18           5  -1.6534574890332431E-011
          18           6  -7.0661865385787236E-004
          18           7  -2.4648196159688884E-011
          18           8   1.1871428895483021E-011
          18           9  -7.8684208959522182E-012
          18          10  -4.3902709751541960E-004
          18          11  -1.0359929713880419E-011
          18          12  -7.0477862688989429E-012
          18          13   3.5008376780117348E-012
          18          14  -8.7588609539904954E-004
          18          15  -1.2030167788943401E-012
          18          16   9.7448263810979651E-013
          18          17  -1.2925723127087851E-012
          18          18   1.3911514834437444E-002
          18          19  -6.3992622421087511E-002
          18          20  -2.0879038434313324E-002
          18          21  -2.6635007166098852E-002
          18          22   4.2895630302502111E-002
          18          23   7.7785595355017410E-003
          18          24   8.8690590022612852E-003
          18          25  -4.0743833501828697E-002
          18          26  -1.3282006142970161E-002
          18          27  -1.6958390448617362E-002
          18          28   2.7311545444004322E-002
          18          29   4.9641614197979854E-003
          19           1   4.3399264687783292E-007
          19           2   1.7910858311495172E-006
          19           3   5.4690799725111948E-012
          19           4  -7.1719700887359078E-012
          19           5   9.4707467419949018E-012
          19           6  -5.1262618268694875E-006
          19           7  -9.6597083994056175E-012
          19           8   8.5516207851525482E-012
          19           9  -2.1191135286601418E-011
          19          10  -3.9395804084773514E-007
          19          11   3.6082430916359704E-011
          19          12   3.0232746923880182E-011
          19          13  -1.2314817074187470E-011
          19          14   7.8670142326676455E-007
          19          15  -6.8392443142886863E-012
          19          16  -8.0942637859073179E-012
          19          17   2.6215805357525629E-012
          19          18  -6.3992622421087511E-002
          19          19  0.31890880111131875     
          19          20  0.15164771178289849     
          19          21   4.9380880872056616E-002
          19          22 -0.19688291654719259     
          19          23  -8.7655194684631829E-002
          19          24  -4.0744241503624233E-002
          19          25  0.20304776073447675     
          19          26   9.6553590107854664E-002
          19          27   3.1440440303725156E-002
          19          28 -0.12535512221274828     
          19          29  -5.5809512068110342E-002
          20           1   1.8338616124959840E-002
          20           2   6.7168782963500338E-003
          20           3   4.3080422921535108E-011
          20           4  -3.7312337551207896E-011
          20           5  -1.9157524092319858E-011
          20           6  -6.9935129452040326E-004
          20           7   8.8620448764756071E-012
          20           8   5.3843038061442570E-012
          20           9  -3.3148174243240249E-011
          20          10  -4.3847124106133296E-004
          20          11   3.4554314415449274E-011
          20          12   2.0836555878039229E-011
          20          13   2.0702687245392344E-011
          20          14  -8.7699866710327706E-004
          20          15  -8.8535975252505036E-012
          20          16  -6.4823758079029745E-012
          20          17  -2.1572418788864367E-012
          20          18  -2.0879038434313324E-002
          20          19  0.15164771178289849     
          20          20  0.17998740227199797     
          20          21 -0.17045647722419083     
          20          22  -5.4327476785794526E-002
          20          23 -0.15829717808682311     
          20          24  -1.3282011904187764E-002
          20          25   9.6553486308169567E-002
          20          26  0.11460898680392410     
          20          27 -0.10852904580247652     
          20          28  -3.4590194195725801E-002
          20          29 -0.10077552812783895     
          21           1   2.6961365400056593E-007
          21           2   1.1126970559183188E-006
          21           3  -1.3159214768795958E-012
          21           4   3.5652240290678981E-012
          21           5  -1.1899851070079142E-011
          21           6  -3.1845785502014277E-006
          21           7   5.6765664028067194E-012
          21           8  -2.4365805700698303E-012
          21           9   5.1515686624343878E-013
          21          10  -2.4518095115615861E-007
          21          11  -3.5105362369292174E-011
          21          12  -9.9277986372492183E-012
          21          13  -5.2164283327934844E-011
          21          14   4.8917292335965807E-007
          21          15   5.1618585118530417E-012
          21          16   2.5749341509230707E-012
          21          17   5.5296301559960229E-012
          21          18  -2.6635007166098852E-002
          21          19   4.9380880872056616E-002
          21          20 -0.17045647722419083     
          21          21  0.35718265484546413     
          21          22 -0.10130680687948740     
          21          23  0.19709141904541197     
          21          24  -1.6958744324864019E-002
          21          25   3.1440351955408383E-002
          21          26 -0.10852895594416476     
          21          27  0.22741671453416834     
          21          28  -6.4502119886016965E-002
          21          29  0.12548759884795402     
          22           1   7.1672020997364774E-007
          22           2   2.9578779755206486E-006
          22           3  -1.4688770539172393E-011
          22           4   1.8057804175704826E-011
          22           5   1.6671783975984984E-011
          22           6  -8.4663122229129730E-006
          22           7  -2.3071116825649290E-012
          22           8  -1.7367899502910428E-011
          22           9  -2.0389748301577266E-011
          22          10  -6.4689526341546836E-007
          22          11  -1.3980527557552845E-011
          22          12  -1.5683193570572422E-011
          22          13   1.7795250423925483E-011
          22          14   1.2954400825694160E-006
          22          15   2.9304515984505772E-012
          22          16   4.1921720655599377E-012
          22          17  -2.7213792159893263E-012
          22          18   4.2895630302502111E-002
          22          19 -0.19688291654719259     
          22          20  -5.4327476785794526E-002
          22          21 -0.10130680687948740     
          22          22  0.13589774734271037     
          22          23   1.1431671826617499E-002
          22          24   2.7311700678498252E-002
          22          25 -0.12535439766703069     
          22          26  -3.4590221351313816E-002
          22          27  -6.4501528909525485E-002
          22          28   8.6525975909887393E-002
          22          29   7.2782496355126370E-003
          23           1   1.8338353729455005E-002
          23           2   6.7157953981796664E-003
          23           3   1.5377417223985903E-011
          23           4  -7.4413169908220869E-012
          23           5  -3.7203152252311647E-011
          23           6  -6.9625176138860272E-004
          23           7   2.2430187392410814E-011
          23           8  -1.6784458640102189E-011
          23           9   3.2321087883670869E-011
          23          10  -4.3823417594222739E-004
          23          11  -3.9559881234486452E-011
          23          12  -1.8844694134995590E-011
          23          13  -2.8245017955299456E-011
          23          14  -8.7747317206510493E-004
          23          15   3.4475493352935852E-012
          23          16   4.0329476539057513E-012
          23          17   1.9045751956765935E-012
          23          18   7.7785595355017410E-003
          23          19  -8.7655194684631829E-002
          23          20 -0.15829717808682311     
          23          21  0.19709141904541197     
          23          22   1.1431671826617499E-002
          23          23  0.15132986819713928     
          23          24   4.9641501333988073E-003
          23          25  -5.5809831536062178E-002
          23          26 -0.10077552986020158     
          23          27  0.12548732525115483     
          23          28   7.2783533021417877E-003
          23          29   9.6362925655190126E-002
          24           1   1.1641446595247798E-003
          24           2   1.8347207949693971E-003
          24           3  -1.2307454735666559E-011
          24           4  -1.0403760155840229E-012
          24           5   2.6867238972907472E-011
          24           6   3.1707236223443734E-003
          24           7  -8.0146479944307897E-012
          24           8   3.6197533400267709E-011
          24           9  -3.9972203401119638E-011
          24          10  -1.5252715559727738E-003
          24          11  -1.1221789151482329E-011
          24          12  -6.0842646092879874E-012
          24          13   8.8084919253714215E-013
          24          14  -5.4991129562829803E-004
          24          15  -2.7143533529396314E-012
          24          16   2.7419988885768845E-013
          24          17  -1.2661850851978900E-012
          24          18   8.8690590022612852E-003
          24          19  -4.0744241503624233E-002
          24          20  -1.3282011904187764E-002
          24          21  -1.6958744324864019E-002
          24          22   2.7311700678498252E-002
          24          23   4.9641501333988073E-003
          24          24   5.8010024064359799E-003
          24          25  -2.5941711489495770E-002
          24          26  -8.3024989827486829E-003
          24          27  -1.0797572103344920E-002
          24          28   1.7389254524872829E-002
          24          29   3.3147674488458695E-003
          25           1  -2.1775797225934475E-007
          25           2  -8.9998749622344964E-007
          25           3  -5.3579380298216933E-014
          25           4   3.5809600440504660E-012
          25           5  -4.0864253234263367E-012
          25           6   2.9078531447646162E-006
          25           7   2.6688464443772053E-012
          25           8  -1.6822695903243359E-012
          25           9   9.0639992977714984E-012
          25          10  -5.3223201175788605E-006
          25          11   2.2963586898180274E-011
          25          12   1.9201743918193615E-011
          25          13  -7.8023259505869218E-012
          25          14   5.8784894631935378E-006
          25          15  -4.3320446568486698E-012
          25          16  -5.1500380099347920E-012
          25          17   1.7006545074747639E-012
          25          18  -4.0743833501828697E-002
          25          19  0.20304776073447675     
          25          20   9.6553486308169567E-002
          25          21   3.1440351955408383E-002
          25          22 -0.12535439766703069     
          25          23  -5.5809831536062178E-002
          25          24  -2.5941711489495770E-002
          25          25  0.12927957151709377     
          25          26   6.1475256885168937E-002
          25          27   2.0017838753458913E-002
          25          28  -7.9812997964652729E-002
          25          29  -3.5533793765361539E-002
          26           1   1.1644531284326198E-003
          26           2   1.8359957013899364E-003
          26           3  -5.9853665419485785E-012
          26           4   1.6479386595430398E-011
          26           5  -9.8217788512210276E-012
          26           6   3.1666045233903067E-003
          26           7   8.3421607629886991E-012
          26           8  -5.1755537991700374E-011
          26           9   5.9155623444232546E-011
          26          10  -1.5177308818082750E-003
          26          11   1.7413893865416099E-011
          26          12   1.1494416518529407E-011
          26          13   1.2012205758672292E-011
          26          14  -5.5823995550324974E-004
          26          15  -7.6114128580679657E-012
          26          16  -4.5803247356231837E-012
          26          17  -1.6503950667226303E-012
          26          18  -1.3282006142970161E-002
          26          19   9.6553590107854664E-002
          26          20  0.11460898680392410     
          26          21 -0.10852895594416476     
          26          22  -3.4590221351313816E-002
          26          23 -0.10077552986020158     
          26          24  -8.3024989827486829E-003
          26          25   6.1475256885168937E-002
          26          26   7.3125307982303100E-002
          26          27  -6.9100023705625693E-002
          26          28  -2.2023563998759450E-002
          26          29  -6.4009185724904757E-002
          27           1  -1.3531769470300111E-007
          27           2  -5.5926194617509400E-007
          27           3  -4.2262744360456570E-012
          27           4  -1.0256378822822548E-013
          27           5   2.5056651614205844E-012
          27           6   1.8069904030191485E-006
          27           7   3.6541770393740411E-012
          27           8  -5.3197676346697219E-013
          27           9   3.0231442092668454E-012
          27          10  -3.3071498037567964E-006
          27          11  -2.2345747352987878E-011
          27          12  -6.3162644737379528E-012
          27          13  -3.3243412263445120E-011
          27          14   3.6527368719029708E-006
          27          15   3.2849804273384871E-012
          27          16   1.6393883131209073E-012
          27          17   3.5396191064366757E-012
          27          18  -1.6958390448617362E-002
          27          19   3.1440440303725156E-002
          27          20 -0.10852904580247652     
          27          21  0.22741671453416834     
          27          22  -6.4501528909525485E-002
          27          23  0.12548732525115483     
          27          24  -1.0797572103344920E-002
          27          25   2.0017838753458913E-002
          27          26  -6.9100023705625693E-002
          27          27  0.14479527871016432     
          27          28  -4.1068171742505190E-002
          27          29   7.9897441564731525E-002
          28           1  -3.5929900290099368E-007
