           1           1   2.1841959167042164     
           1           2  0.67276768778771645     
           1           3  -9.0535948241321240E-015
           1           4  -1.6796476223021838E-014
           1           5  -1.5380361148452613E-015
           1           6 -0.52122085937269491     
           1           7   1.5743480029746076E-014
           1           8   4.2701084882279332E-014
           1           9   2.1857503618267364E-014
           1          10  -3.2169165978677902E-002
           1          11  -6.1414852438111791E-015
           1          12  -6.7957634325338536E-015
           1          13   1.3540322942917698E-015
           1          14  -1.0214308478608988E-002
           1          15  -1.6988796805130595E-016
           1          16  -5.1739356875680426E-015
           1          17   3.1366201231871275E-015
           1          18 -0.12945500549867817     
           1          19  -8.6217095123495736E-015
           1          20 -0.12945500549869696     
           1          21   1.0657369969846466E-014
           1          22   1.3932717981309853E-014
           1          23 -0.12945500549869304     
           1          24  -2.5930515965482605E-002
           1          25   6.2283172822429508E-015
           1          26  -2.5930515965479448E-002
           1          27  -9.1208240799656110E-016
           1          28   8.8702864951690567E-015
           1          29  -2.5930515965469133E-002
           2           1  0.67276768778771645     
           2           2   2.4536711558451141     
           2           3  -2.9392706628431235E-014
           2           4  -7.0211467029787759E-014
           2           5  -1.3342329398592388E-014
           2           6  -2.0521464265665337     
           2           7   5.4671484348823217E-014
           2           8   1.7635341569999556E-013
           2           9   8.2132673975050145E-014
           2          10 -0.11046767625393973     
           2          11  -2.4640618420713407E-014
           2          12  -2.9297555604327019E-014
           2          13   2.4113864397103466E-015
           2          14  -3.4296388380845852E-002
           2          15   2.2236268484966583E-015
           2          16  -1.7999906786512034E-014
           2          17   1.8862421542694241E-014
           2          18 -0.52465670991258062     
           2          19  -2.8067935593301100E-014
           2          20 -0.52465670991265512     
           2          21   4.1266282795881999E-014
           2          22   5.4980707809096262E-014
           2          23 -0.52465670991264746     
           2          24  -9.3730696396381236E-002
           2          25   2.1712756492403120E-014
           2          26  -9.3730696396367774E-002
           2          27   7.8081574049675766E-016
           2          28   2.9066569458520910E-014
           2          29  -9.3730696396322893E-002
           3           1  -9.0535948241321240E-015
           3           2  -2.9392706628431235E-014
           3           3   2.2531895531498787     
           3           4  -1.8179902028237108E-015
           3           5  -1.4673592202418872E-015
           3           6   6.6429319055336501E-014
           3           7 -0.75671283499686770     
           3           8   2.5396351688301079E-015
           3           9   6.7337628528729907E-015
           3          10   1.5085234970657702E-014
           3          11  0.15918671963817665     
           3          12  -2.1684043449711075E-016
           3          13  -3.0643890203130384E-015
           3          14   5.6510132185804051E-015
           3          15  -8.6294536989091258E-002
           3          16  -1.3149203947904087E-015
           3          17   2.8945487499931802E-015
           3          18   1.1403828456144271E-014
           3          19  -1.8383673416460877E-017
           3          20  -4.4278468966615021E-015
           3          21   6.3422828563562685E-015
           3          22  -6.4088706240766677E-015
           3          23   2.4189481739697026E-015
           3          24   7.9832822055321782E-016
           3          25   4.4057191469641038E-015
           3          26   1.3759267870972754E-014
           3          27  -6.1041097670011675E-016
           3          28   3.5941075017877260E-015
           3          29   5.4516194012284901E-015
           4           1  -1.6796476223021838E-014
           4           2  -7.0211467029787759E-014
           4           3  -1.8179902028237108E-015
           4           4   2.2531895531498751     
           4           5  -2.5912431922390269E-017
           4           6   2.8733092180597790E-013
           4           7   4.9960036108138769E-016
           4           8 -0.75671283499686248     
           4           9   1.3149203947903707E-015
           4          10   1.1827307578262421E-014
           4          11  -7.8305417705592962E-015
           4          12  0.15918671963818271     
           4          13  -3.7444006228959176E-015
           4          14   7.6493414880896908E-015
           4          15   9.2651580851921172E-015
           4          16  -8.6294536989092646E-002
           4          17   3.6784269207000739E-016
           4          18   5.7356180981048299E-014
           4          19   2.2671122105877632E-015
           4          20   5.5874160794351069E-014
           4          21   7.8955472258764710E-015
           4          22   1.0826134893746110E-015
           4          23   4.7769331094020742E-014
           4          24   1.2419217315409181E-014
           4          25  -4.9116909789415709E-015
           4          26   1.3415958303870699E-014
           4          27  -1.7929512369948334E-015
           4          28  -1.3976717433543176E-015
           4          29   9.4512058817834733E-015
           5           1  -1.5380361148452613E-015
           5           2  -1.3342329398592388E-014
           5           3  -1.4673592202418872E-015
           5           4  -2.5912431922390269E-017
           5           5   2.2531895531498796     
           5           6   1.4546584794564430E-013
           5           7  -7.5286998857391140E-016
           5           8  -1.8817412905658896E-015
           5           9 -0.75671283499687081     
           5          10  -5.0867434470579981E-015
           5          11  -1.4040418133686730E-016
           5          12  -4.3152872768181757E-015
           5          13  0.15918671963817543     
           5          14  -8.0917301308258516E-015
           5          15   1.0701075442431897E-015
           5          16   4.4973790316871154E-015
           5          17  -8.6294536989088899E-002
           5          18   3.1971243214103153E-014
           5          19   2.6654291605536432E-015
           5          20   3.4107601641228448E-014
           5          21   4.7485080323716810E-015
           5          22  -7.7601663111072478E-016
           5          23   4.5354175244506229E-014
           5          24   8.1628755088597677E-015
           5          25  -3.9063278159256570E-017
           5          26   2.6071462310290987E-015
           5          27  -4.3192417743840215E-016
           5          28  -1.3946429247498753E-015
           5          29   5.5200896677413052E-015
           6           1 -0.52122085937269491     
           6           2  -2.0521464265665337     
           6           3   6.6429319055336501E-014
           6           4   2.8733092180597790E-013
           6           5   1.4546584794564430E-013
           6           6   10.968958406772044     
           6           7  -2.4479521803294568E-013
           6           8  -8.1360619731193587E-013
           6           9  -5.4973235465904811E-013
           6          10  0.59582879822871648     
           6          11   1.7853871274045029E-013
           6          12   1.2925123314024799E-013
           6          13   3.4834987380369934E-014
           6          14  0.18158902605273039     
           6          15  -6.4023550888687232E-014
           6          16   9.1714170817369418E-014
           6          17  -5.1047325738225618E-014
           6          18   2.6275688229647667     
           6          19   3.1160390918508904E-014
           6          20   2.6275688229651375     
           6          21  -2.6919313291417665E-013
           6          22  -2.4042919958372763E-013
           6          23   2.6275688229652006     
           6          24  0.50780819099115981     
           6          25  -8.8251911135717882E-014
           6          26  0.50780819099110652     
           6          27   1.4166414079909805E-014
           6          28  -1.1889712465969645E-013
           6          29  0.50780819099093222     
           7           1   1.5743480029746076E-014
           7           2   5.4671484348823217E-014
           7           3 -0.75671283499686770     
           7           4   4.9960036108138769E-016
           7           5  -7.5286998857391140E-016
           7           6  -2.4479521803294568E-013
           7           7   2.2809453964584323     
           7           8   1.9984014443250356E-015
           7           9   1.4085954624930889E-015
           7          10  -4.1188992550126021E-014
           7          11 -0.40189774415316942     
           7          12  -2.5326962749261013E-015
           7          13   4.8658993501153048E-016
           7          14  -2.4045050907454862E-014
           7          15  0.21675508826948992     
           7          16   6.1582683397176226E-015
           7          17  -9.7495796158586690E-015
           7          18  -4.4007303001766537E-014
           7          19  -1.1669292928727303E-014
           7          20  -1.8715030638427065E-014
           7          21  -1.9888618808368502E-014
           7          22   7.2223985678996991E-015
           7          23  -2.6120832267301206E-014
           7          24   5.3797876836806674E-015
           7          25  -7.5207191145294238E-015
           7          26  -1.9741049069066467E-014
           7          27   1.8429340700754674E-015
           7          28  -9.2702664797043954E-015
           7          29  -1.9742597646951053E-014
           8           1   4.2701084882279332E-014
           8           2   1.7635341569999556E-013
           8           3   2.5396351688301079E-015
           8           4 -0.75671283499686248     
           8           5  -1.8817412905658896E-015
           8           6  -8.1360619731193587E-013
           8           7   1.9984014443250356E-015
           8           8   2.2809453964584367     
           8           9  -5.0567189324706217E-016
           8          10  -2.6541476811620887E-016
           8          11   1.7284784714632868E-014
           8          12 -0.40189774415316626     
           8          13  -2.0079424234438866E-016
           8          14   9.5606464511769816E-015
           8          15  -2.1149748619109197E-014
           8          16  0.21675508826947568     
           8          17   5.1565739525583510E-015
           8          18  -1.4909503895086627E-013
           8          19  -8.0550357114873894E-015
           8          20  -1.5842948293969656E-013
           8          21  -3.4867847755526291E-014
           8          22  -3.7688160447165847E-015
           8          23  -1.3143453588168772E-013
           8          24  -3.5658041784420485E-014
           8          25   5.1829345550633510E-015
           8          26  -2.2534252491108368E-014
           8          27   4.1636780728534584E-015
           8          28   6.3743332775844769E-015
           8          29  -2.6801953989423396E-014
           9           1   2.1857503618267364E-014
           9           2   8.2132673975050145E-014
           9           3   6.7337628528729907E-015
           9           4   1.3149203947903707E-015
           9           5 -0.75671283499687081     
           9           6  -5.4973235465904811E-013
           9           7   1.4085954624930889E-015
           9           8  -5.0567189324706217E-016
           9           9   2.2809453964584354     
           9          10   2.2873986703083234E-017
           9          11   1.2869913468271911E-014
           9          12  -1.8082323832713416E-015
           9          13 -0.40189774415316343     
           9          14   7.9090235863955875E-015
           9          15  -1.4957002650306515E-014
           9          16  -3.2521728365875002E-015
           9          17  0.21675508826948528     
           9          18  -1.1481537241576300E-013
           9          19  -8.9137576710671098E-015
           9          20  -1.1992680925066308E-013
           9          21  -1.1620598154317324E-014
           9          22  -2.4335485707200451E-016
           9          23  -1.5777983575391656E-013
           9          24  -2.9427658017053109E-014
           9          25   4.7128712508811270E-015
           9          26  -1.6955099515495465E-014
           9          27   2.7357905723016399E-015
           9          28   4.7330332667644528E-015
           9          29  -1.9076471215652045E-014
          10           1  -3.2169165978677902E-002
          10           2 -0.11046767625393973     
          10           3   1.5085234970657702E-014
          10           4   1.1827307578262421E-014
          10           5  -5.0867434470579981E-015
          10           6  0.59582879822871648     
          10           7  -4.1188992550126021E-014
          10           8  -2.6541476811620887E-016
          10           9   2.2873986703083234E-017
          10          10   3.2387716393109327E-002
          10          11   1.2947534538939940E-014
          10          12   1.0132602553802792E-015
          10          13  -1.9579243954382198E-015
          10          14   9.8782738922132667E-003
          10          15  -5.4120069224386632E-015
          10          16   8.1555922195425065E-015
          10          17  -3.7104241060286818E-016
          10          18  0.14320244518331815     
          10          19  -8.7718235926156718E-016
          10          20  0.14320244518333800     
          10          21  -1.9262835911445721E-014
          10          22  -1.2015878873241542E-014
          10          23  0.14320244518334169     
          10          24   2.7642943218328220E-002
          10          25  -4.3993004665421152E-015
          10          26   2.7642943218325396E-002
          10          27   1.1033199149809920E-015
          10          28  -5.7411665355173302E-015
          10          29   2.7642943218316219E-002
          11           1  -6.1414852438111791E-015
          11           2  -2.4640618420713407E-014
          11           3  0.15918671963817665     
          11           4  -7.8305417705592962E-015
          11           5  -1.4040418133686730E-016
          11           6   1.7853871274045029E-013
          11           7 -0.40189774415316942     
          11           8   1.7284784714632868E-014
          11           9   1.2869913468271911E-014
          11          10   1.2947534538939940E-014
          11          11   7.6724013078464798E-002
          11          12  -1.8145207558717382E-015
          11          13  -1.6260864182937513E-015
          11          14   5.6510164500158174E-015
          11          15  -4.1149269815500433E-002
          11          16   2.5240226575462445E-016
          11          17   2.3921294632633868E-015
          11          18   4.3316281266333836E-014
          11          19   2.0239571904353979E-015
          11          20   3.7363682551168858E-014
          11          21   5.0108294822350192E-015
          11          22  -4.0162238644707521E-015
          11          23   3.8942930757828473E-014
          11          24   5.5794025907723802E-015
          11          25   1.4554925255304966E-015
          11          26   9.7911250447141108E-015
          11          27  -3.4406177132331623E-016
          11          28   1.2927843577846388E-015
          11          29   9.7608240070379937E-015
          12           1  -6.7957634325338536E-015
          12           2  -2.9297555604327019E-014
          12           3  -2.1684043449711075E-016
          12           4  0.15918671963818271     
          12           5  -4.3152872768181757E-015
          12           6   1.2925123314024799E-013
          12           7  -2.5326962749261013E-015
          12           8 -0.40189774415316626     
          12           9  -1.8082323832713416E-015
          12          10   1.0132602553802792E-015
          12          11  -1.8145207558717382E-015
          12          12   7.6724013078464673E-002
          12          13   1.5119199295311040E-016
          12          14  -9.3669167259955497E-016
          12          15   2.5205532105942976E-015
          12          16  -4.1149269815498692E-002
          12          17  -5.5109996427438595E-016
          12          18   1.7248421669525066E-014
          12          19   1.5304455297304043E-015
          12          20   1.6215840369160711E-014
          12          21   6.2174098071845825E-015
          12          22   1.0503018418817979E-015
          12          23   1.2398259882245206E-014
          12          24   4.3149298027496072E-015
          12          25  -4.6988702895326694E-016
          12          26   3.3165716330643671E-015
          12          27  -8.8284664180568403E-016
          12          28  -8.4201246947780031E-016
          12          29   3.8887370348549939E-015
          13           1   1.3540322942917698E-015
          13           2   2.4113864397103466E-015
          13           3  -3.0643890203130384E-015
          13           4  -3.7444006228959176E-015
          13           5  0.15918671963817543     
          13           6   3.4834987380369934E-014
          13           7   4.8658993501153048E-016
          13           8  -2.0079424234438866E-016
          13           9 -0.40189774415316343     
          13          10  -1.9579243954382198E-015
          13          11  -1.6260864182937513E-015
          13          12   1.5119199295311040E-016
          13          13   7.6724013078463840E-002
          13          14  -1.5955853214947035E-015
          13          15   1.8273685516156875E-015
          13          16   5.0838239867844573E-016
          13          17  -4.1149269815499614E-002
          13          18   1.0494093242689024E-014
          13          19   1.8031178823985683E-015
          13          20   1.0765717009184148E-014
          13          21   2.2887446049840573E-015
          13          22  -2.3838005715376020E-015
          13          23   1.5637157755359640E-014
          13          24   2.4422098582531077E-015
          13          25  -5.6467737951507390E-016
          13          26   9.3840704651044651E-016
          13          27  -2.0344368201658812E-016
          13          28  -6.7017864801757363E-016
          13          29   1.3409778766864041E-015
          14           1  -1.0214308478608988E-002
          14           2  -3.4296388380845852E-002
          14           3   5.6510132185804051E-015
          14           4   7.6493414880896908E-015
          14           5  -8.0917301308258516E-015
          14           6  0.18158902605273039     
          14           7  -2.4045050907454862E-014
          14           8   9.5606464511769816E-015
          14           9   7.9090235863955875E-015
          14          10   9.8782738922132667E-003
          14          11   5.6510164500158174E-015
          14          12  -9.3669167259955497E-016
          14          13  -1.5955853214947035E-015
          14          14   3.0188329199686940E-003
          14          15  -2.6592275497125912E-015
          14          16   3.0663144467804882E-015
          14          17   6.3574916540702972E-016
          14          18   4.4056788972338355E-002
          14          19  -1.2100442463387816E-015
          14          20   4.4056788972344184E-002
          14          21  -8.7284801988406649E-015
          14          22  -3.1432958189264017E-015
          14          23   4.4056788972345509E-002
          14          24   8.4648236767668368E-003
          14          25  -1.1882680070907282E-015
          14          26   8.4648236767660354E-003
          14          27   4.7861160636352044E-016
          14          28  -1.1457860681790189E-015
          14          29   8.4648236767634472E-003
          15           1  -1.6988796805130595E-016
          15           2   2.2236268484966583E-015
          15           3  -8.6294536989091258E-002
          15           4   9.2651580851921172E-015
          15           5   1.0701075442431897E-015
          15           6  -6.4023550888687232E-014
          15           7  0.21675508826948992     
          15           8  -2.1149748619109197E-014
          15           9  -1.4957002650306515E-014
          15          10  -5.4120069224386632E-015
          15          11  -4.1149269815500433E-002
          15          12   2.5205532105942976E-015
          15          13   1.8273685516156875E-015
          15          14  -2.6592275497125912E-015
          15          15   2.2078971981114089E-002
          15          16  -9.8922606217577129E-016
          15          17  -1.8278835476476209E-015
          15          18  -2.1174839388985444E-014
          15          19  -1.8157478934843591E-015
          15          20  -1.8021694531716654E-014
          15          21  -2.7839607819395390E-015
          15          22   1.3840865981993212E-015
          15          23  -1.8865884280765708E-014
          15          24  -2.0887229194296212E-015
          15          25  -6.9643471141869840E-016
          15          26  -4.3728185423646952E-015
          15          27   1.2627845194203536E-016
          15          28  -4.7749283739159343E-016
          15          29  -4.3511841229359619E-015
          16           1  -5.1739356875680426E-015
          16           2  -1.7999906786512034E-014
          16           3  -1.3149203947904087E-015
          16           4  -8.6294536989092646E-002
          16           5   4.4973790316871154E-015
          16           6   9.1714170817369418E-014
          16           7   6.1582683397176226E-015
          16           8  0.21675508826947568     
          16           9  -3.2521728365875002E-015
          16          10   8.1555922195425065E-015
          16          11   2.5240226575462445E-016
          16          12  -4.1149269815498692E-002
          16          13   5.0838239867844573E-016
          16          14   3.0663144467804882E-015
          16          15  -9.8922606217577129E-016
          16          16   2.2078971981112205E-002
          16          17  -9.8797922967700176E-018
          16          18   2.1629013302221814E-014
          16          19  -1.6087367779812024E-015
          16          20   2.2074822692363249E-014
          16          21  -5.2267662286972130E-015
          16          22   1.1320310613123692E-016
          16          23   2.4172847637606761E-014
          16          24   4.3404379612188441E-015
          16          25   3.5568578390925227E-016
          16          26   4.9315341020648796E-015
          16          27   6.1780274285456734E-016
          16          28   5.8730608257286845E-016
          16          29   4.6182136400713311E-015
          17           1   3.1366201231871275E-015
          17           2   1.8862421542694241E-014
          17           3   2.8945487499931802E-015
          17           4   3.6784269207000739E-016
          17           5  -8.6294536989088899E-002
          17           6  -5.1047325738225618E-014
          17           7  -9.7495796158586690E-015
          17           8   5.1565739525583510E-015
          17           9  0.21675508826948528     
          17          10  -3.7104241060286818E-016
          17          11   2.3921294632633868E-015
          17          12  -5.5109996427438595E-016
          17          13  -4.1149269815499614E-002
          17          14   6.3574916540702972E-016
          17          15  -1.8278835476476209E-015
          17          16  -9.8797922967700176E-018
          17          17   2.2078971981113481E-002
          17          18   3.0121414547043332E-016
          17          19  -3.0997782934624075E-016
          17          20   1.2815955582880505E-016
          17          21  -1.5197229771489066E-015
          17          22   1.5669350310001000E-015
          17          23  -2.5748184412087422E-015
          17          24  -1.4241716850086590E-015
          17          25   2.1172778283248956E-016
          17          26  -5.8312934538332506E-016
          17          27   1.3667012276886824E-016
          17          28   3.5966537056821762E-016
          17          29  -7.9989160824036704E-016
          18           1 -0.12945500549867817     
          18           2 -0.52465670991258062     
          18           3   1.1403828456144271E-014
          18           4   5.7356180981048299E-014
          18           5   3.1971243214103153E-014
          18           6   2.6275688229647667     
          18           7  -4.4007303001766537E-014
          18           8  -1.4909503895086627E-013
          18           9  -1.1481537241576300E-013
          18          10  0.14320244518331815     
          18          11   4.3316281266333836E-014
          18          12   1.7248421669525066E-014
          18          13   1.0494093242689024E-014
          18          14   4.4056788972338355E-002
          18          15  -2.1174839388985444E-014
          18          16   2.1629013302221814E-014
          18          17   3.0121414547043332E-016
          18          18  0.65850255608951536     
          18          19   4.0823973275378431E-014
          18          20  0.65850255608958863     
          18          21  -7.4208145634039234E-014
          18          22  -1.7038961219676820E-014
          18          23  0.65850255608961783     
          18          24  0.12444568092595551     
          18          25  -1.9216194787829971E-014
          18          26  0.12444568092594678     
          18          27   6.8418893461140078E-015
          18          28  -2.3374454241973902E-014
          18          29  0.12444568092591994     
          19           1  -8.6217095123495736E-015
          19           2  -2.8067935593301100E-014
          19           3  -1.8383673416460877E-017
          19           4   2.2671122105877632E-015
          19           5   2.6654291605536432E-015
          19           6   3.1160390918508904E-014
          19           7  -1.1669292928727303E-014
          19           8  -8.0550357114873894E-015
          19           9  -8.9137576710671098E-015
          19          10  -8.7718235926156718E-016
          19          11   2.0239571904353979E-015
          19          12   1.5304455297304043E-015
          19          13   1.8031178823985683E-015
          19          14  -1.2100442463387816E-015
          19          15  -1.8157478934843591E-015
          19          16  -1.6087367779812024E-015
          19          17  -3.0997782934624075E-016
          19          18   4.0823973275378431E-014
          19          19   1.1242235908953229     
          19          20  -1.1942299186469054E-014
          19          21   6.2864642351579902E-002
          19          22 -0.10802814100497990     
          19          23  -5.1704930536606436E-014
          19          24  -8.7715046885315250E-015
          19          25 -0.16098061494835558     
          19          26   9.2842876321746723E-016
          19          27   4.3625274429374260E-003
          19          28  -7.4966739985295999E-003
          19          29   4.2640678722901495E-015
          20           1 -0.12945500549869696     
          20           2 -0.52465670991265512     
          20           3  -4.4278468966615021E-015
          20           4   5.5874160794351069E-014
          20           5   3.4107601641228448E-014
          20           6   2.6275688229651375     
          20           7  -1.8715030638427065E-014
          20           8  -1.5842948293969656E-013
          20           9  -1.1992680925066308E-013
          20          10  0.14320244518333800     
          20          11   3.7363682551168858E-014
          20          12   1.6215840369160711E-014
          20          13   1.0765717009184148E-014
          20          14   4.4056788972344184E-002
          20          15  -1.8021694531716654E-014
          20          16   2.2074822692363249E-014
          20          17   1.2815955582880505E-016
          20          18  0.65850255608958863     
          20          19  -1.1942299186469054E-014
          20          20  0.65850255608966191     
          20          21  -2.7975459405337535E-014
          20          22  -8.1019870806844248E-014
          20          23  0.65850255608969099     
          20          24  0.12444568092597111     
          20          25  -1.0196870368872291E-014
          20          26  0.12444568092596239     
          20          27   4.8871090341892892E-015
          20          28  -2.2280106251029264E-014
          20          29  0.12444568092593554     
          21           1   1.0657369969846466E-014
          21           2   4.1266282795881999E-014
          21           3   6.3422828563562685E-015
          21           4   7.8955472258764710E-015
          21           5   4.7485080323716810E-015
          21           6  -2.6919313291417665E-013
          21           7  -1.9888618808368502E-014
          21           8  -3.4867847755526291E-014
          21           9  -1.1620598154317324E-014
          21          10  -1.9262835911445721E-014
          21          11   5.0108294822350192E-015
          21          12   6.2174098071845825E-015
          21          13   2.2887446049840573E-015
          21          14  -8.7284801988406649E-015
          21          15  -2.7839607819395390E-015
          21          16  -5.2267662286972130E-015
          21          17  -1.5197229771489066E-015
          21          18  -7.4208145634039234E-014
          21          19   6.2864642351579902E-002
          21          20  -2.7975459405337535E-014
          21          21   1.3415261757560859     
          21          22 -0.40241797895980103     
          21          23  -6.1625475976171117E-014
          21          24  -1.1021700161605089E-014
          21          25   4.3625274429399423E-003
          21          26  -1.1760986664252086E-014
          21          27 -0.14590077905944915     
          21          28  -2.7926023454103565E-002
          21          29  -1.7068120000200419E-014
          22           1   1.3932717981309853E-014
          22           2   5.4980707809096262E-014
          22           3  -6.4088706240766677E-015
          22           4   1.0826134893746110E-015
          22           5  -7.7601663111072478E-016
          22           6  -2.4042919958372763E-013
          22           7   7.2223985678996991E-015
          22           8  -3.7688160447165847E-015
          22           9  -2.4335485707200451E-016
          22          10  -1.2015878873241542E-014
          22          11  -4.0162238644707521E-015
          22          12   1.0503018418817979E-015
          22          13  -2.3838005715376020E-015
          22          14  -3.1432958189264017E-015
          22          15   1.3840865981993212E-015
          22          16   1.1320310613123692E-016
          22          17   1.5669350310001000E-015
          22          18  -1.7038961219676820E-014
          22          19 -0.10802814100497990     
          22          20  -8.1019870806844248E-014
          22          21 -0.40241797895980103     
          22          22   1.7988726389471652     
          22          23  -1.3632093056327022E-014
          22          24  -1.2782072117162823E-014
          22          25  -7.4966739985287646E-003
          22          26  -9.0748221467965816E-015
          22          27  -2.7926023454103333E-002
          22          28 -0.11416296234773798     
          22          29  -4.8347284789729503E-015
          23           1 -0.12945500549869304     
          23           2 -0.52465670991264746     
          23           3   2.4189481739697026E-015
          23           4   4.7769331094020742E-014
          23           5   4.5354175244506229E-014
          23           6   2.6275688229652006     
          23           7  -2.6120832267301206E-014
          23           8  -1.3143453588168772E-013
          23           9  -1.5777983575391656E-013
          23          10  0.14320244518334169     
          23          11   3.8942930757828473E-014
          23          12   1.2398259882245206E-014
          23          13   1.5637157755359640E-014
          23          14   4.4056788972345509E-002
          23          15  -1.8865884280765708E-014
          23          16   2.4172847637606761E-014
          23          17  -2.5748184412087422E-015
          23          18  0.65850255608961783     
          23          19  -5.1704930536606436E-014
          23          20  0.65850255608969099     
          23          21  -6.1625475976171117E-014
          23          22  -1.3632093056327022E-014
          23          23  0.65850255608972019     
          23          24  0.12444568092597549     
          23          25  -6.9148299470414517E-015
          23          26  0.12444568092596676     
          23          27   3.5088620728997087E-016
          23          28  -1.5885249709420349E-014
          23          29  0.12444568092593991     
          24           1  -2.5930515965482605E-002
          24           2  -9.3730696396381236E-002
          24           3   7.9832822055321782E-016
          24           4   1.2419217315409181E-014
          24           5   8.1628755088597677E-015
          24           6  0.50780819099115981     
          24           7   5.3797876836806674E-015
          24           8  -3.5658041784420485E-014
          24           9  -2.9427658017053109E-014
          24          10   2.7642943218328220E-002
          24          11   5.5794025907723802E-015
          24          12   4.3149298027496072E-015
          24          13   2.4422098582531077E-015
          24          14   8.4648236767668368E-003
          24          15  -2.0887229194296212E-015
          24          16   4.3404379612188441E-015
          24          17  -1.4241716850086590E-015
          24          18  0.12444568092595551     
          24          19  -8.7715046885315250E-015
          24          20  0.12444568092597111     
          24          21  -1.1021700161605089E-014
          24          22  -1.2782072117162823E-014
          24          23  0.12444568092597549     
          24          24   2.3796527769371606E-002
          24          25  -1.9278470160363708E-015
          24          26   2.3796527769369549E-002
          24          27   5.8554891188340060E-016
          24          28  -4.0268985030800446E-015
          24          29   2.3796527769362998E-002
          25           1   6.2283172822429508E-015
          25           2   2.1712756492403120E-014
          25           3   4.4057191469641038E-015
          25           4  -4.9116909789415709E-015
          25           5  -3.9063278159256570E-017
          25           6  -8.8251911135717882E-014
          25           7  -7.5207191145294238E-015
          25           8   5.1829345550633510E-015
          25           9   4.7128712508811270E-015
          25          10  -4.3993004665421152E-015
          25          11   1.4554925255304966E-015
          25          12  -4.6988702895326694E-016
          25          13  -5.6467737951507390E-016
          25          14  -1.1882680070907282E-015
          25          15  -6.9643471141869840E-016
          25          16   3.5568578390925227E-016
          25          17   2.1172778283248956E-016
          25          18  -1.9216194787829971E-014
          25          19 -0.16098061494835558     
          25          20  -1.0196870368872291E-014
          25          21   4.3625274429399423E-003
          25          22  -7.4966739985287646E-003
          25          23  -6.9148299470414517E-015
          25          24  -1.9278470160363708E-015
          25          25   2.3825556516642119E-002
          25          26  -3.2696499485288223E-015
          25          27   3.0274006147931753E-004
          25          28  -5.2023593590855993E-004
          25          29  -3.9240543419748040E-015
          26           1  -2.5930515965479448E-002
          26           2  -9.3730696396367774E-002
          26           3   1.3759267870972754E-014
          26           4   1.3415958303870699E-014
          26           5   2.6071462310290987E-015
          26           6  0.50780819099110652     
          26           7  -1.9741049069066467E-014
          26           8  -2.2534252491108368E-014
          26           9  -1.6955099515495465E-014
          26          10   2.7642943218325396E-002
          26          11   9.7911250447141108E-015
          26          12   3.3165716330643671E-015
          26          13   9.3840704651044651E-016
          26          14   8.4648236767660354E-003
          26          15  -4.3728185423646952E-015
          26          16   4.9315341020648796E-015
          26          17  -5.8312934538332506E-016
          26          18  0.12444568092594678     
          26          19   9.2842876321746723E-016
          26          20  0.12444568092596239     
          26          21  -1.1760986664252086E-014
          26          22  -9.0748221467965816E-015
          26          23  0.12444568092596676     
          26          24   2.3796527769369549E-002
          26          25  -3.2696499485288223E-015
          26          26   2.3796527769367491E-002
          26          27   9.8653509074471916E-016
          26          28  -5.0727958935937315E-015
          26          29   2.3796527769360941E-002
          27           1  -9.1208240799656110E-016
          27           2   7.8081574049675766E-016
          27           3  -6.1041097670011675E-016
          27           4  -1.7929512369948334E-015
          27           5  -4.3192417743840215E-016
          27           6   1.4166414079909805E-014
          27           7   1.8429340700754674E-015
          27           8   4.1636780728534584E-015
          27           9   2.7357905723016399E-015
          27          10   1.1033199149809920E-015
          27          11  -3.4406177132331623E-016
          27          12  -8.8284664180568403E-016
          27          13  -2.0344368201658812E-016
          27          14   4.7861160636352044E-016
          27          15   1.2627845194203536E-016
          27          16   6.1780274285456734E-016
          27          17   1.3667012276886824E-016
          27          18   6.8418893461140078E-015
          27          19   4.3625274429374260E-003
          27          20   4.8871090341892892E-015
          27          21 -0.14590077905944915     
          27          22  -2.7926023454103333E-002
          27          23   3.5088620728997087E-016
          27          24   5.8554891188340060E-016
          27          25   3.0274006147931753E-004
          27          26   9.8653509074471916E-016
          27          27   2.4872030264674001E-002
          27          28  -1.9379422061976557E-003
          27          29   1.1454570324722818E-015
          28           1   8.8702864951690567E-015
