           1           1   2.1873061697077389     
           1           2  0.68975281071203876     
           1           3   4.2361257291797453E-012
           1           4  -1.1063763521354466E-012
           1           5  -1.5458153666989745E-012
           1           6 -0.18026307236521760     
           1           7   5.8172773875436141E-012
           1           8   1.9669268835937779E-012
           1           9   4.0314571631800106E-012
           1          10   2.4176875566658977E-002
           1          11   1.3087968295977123E-010
           1          12  -4.4204707261676208E-012
           1          13  -1.2405056096701679E-011
           1          14  -2.3662677986536200E-002
           1          15  -2.1891104639274553E-010
           1          16  -2.9115373243750400E-012
           1          17  -9.3447815838194128E-012
           1          18   1.9267450032219392E-002
           1          19  -7.8563361117075386E-010
           1          20   1.9267616767767091E-002
           1          21  -2.7599534874742467E-007
           1          22  -3.1576685564253341E-008
           1          23   2.9300484585291262E-002
           1          24   1.7155914317225482E-004
           1          25  -5.1449915611352086E-010
           1          26   1.7176334226796691E-004
           1          27  -1.7746897072994198E-007
           1          28  -1.9932233877799388E-008
           1          29   7.8289589523716247E-003
           2           1  0.68975281071203876     
           2           2   2.5340510562795977     
           2           3   2.7879074165289072E-011
           2           4  -3.0876863763225072E-012
           2           5  -7.3561350178771027E-012
           2           6 -0.93239854819849000     
           2           7   3.1805408350852641E-012
           2           8   6.2471528320813249E-012
           2           9   1.7761987286438263E-011
           2          10   9.5755215319143119E-002
           2          11   6.9010110883530437E-010
           2          12  -1.7924395559876996E-011
           2          13  -5.0459179664397915E-011
           2          14  -9.4374132116563425E-002
           2          15  -7.6831018395591351E-010
           2          16  -1.1295249304788602E-011
           2          17  -3.8532028813744087E-011
           2          18  -5.1748264044871187E-003
           2          19  -3.2781014855882594E-009
           2          20  -5.1741117921732145E-003
           2          21  -1.1533410586096586E-006
           2          22  -1.3194453232943145E-007
           2          23   3.6783018554930852E-002
           2          24  -6.4857007277322075E-003
           2          25  -2.1837525529669596E-009
           2          26  -6.4848311345159539E-003
           2          27  -7.5302167559150872E-007
           2          28  -8.4613978265150845E-008
           2          29   2.5884351645231656E-002
           3           1   4.2361257291797453E-012
           3           2   2.7879074165289072E-011
           3           3   2.2408395073653073     
           3           4  -6.2113306030363527E-011
           3           5  -1.9301162426571656E-008
           3           6  -3.1255847753313499E-010
           3           7 -0.73439413145146104     
           3           8   1.4971144376458287E-010
           3           9   4.6075144569543975E-008
           3          10   2.6991554032231901E-010
           3          11  -8.6927561033497448E-003
           3          12  -3.4346318997832426E-010
           3          13  -1.1125335844713321E-007
           3          14   6.1163322779065104E-010
           3          15   2.5456571238723770E-003
           3          16   1.1363972774824198E-010
           3          17   3.5672949109406645E-008
           3          18  -9.9030029154134316E-010
           3          19   1.2122759193826026E-011
           3          20  -2.3193672142278169E-010
           3          21  -7.9497689222576144E-011
           3          22  -3.6637822821023893E-012
           3          23   8.1753616511917908E-010
           3          24  -6.6151017059703710E-010
           3          25   3.7352904721985745E-013
           3          26  -3.1050559384334996E-010
           3          27  -3.1960816528480748E-011
           3          28  -1.7986422542436988E-013
           3          29   6.1410607898573768E-010
           4           1  -1.1063763521354466E-012
           4           2  -3.0876863763225072E-012
           4           3  -6.2113306030363527E-011
           4           4   2.2408395094522175     
           4           5  -2.2702796889497269E-009
           4           6   1.1830348995374927E-011
           4           7   1.4923879880440123E-010
           4           8 -0.73439413809892029     
           4           9   5.4189556044145623E-009
           4          10  -8.4124456923997818E-012
           4          11  -3.4778401912859100E-010
           4          12  -8.6927537886370507E-003
           4          13  -1.3056492504117134E-008
           4          14   8.7886081408266742E-012
           4          15   1.1575215393403933E-010
           4          16   2.5456752915872325E-003
           4          17   4.2552011393764279E-009
           4          18   1.8908540341317119E-011
           4          19   5.1716087404296299E-011
           4          20  -1.3977670623954213E-011
           4          21   1.9052095404042916E-012
           4          22  -1.6400182469059621E-011
           4          23   3.9776498161614290E-013
           4          24   8.5576055428316817E-012
           4          25  -1.0108128160881068E-011
           4          26  -3.2915045279383459E-012
           4          27   2.0806989715946606E-012
           4          28  -1.0410927727166578E-011
           4          29   1.1426058154501947E-012
           5           1  -1.5458153666989745E-012
           5           2  -7.3561350178771027E-012
           5           3  -1.9301162426571656E-008
           5           4  -2.2702796889497269E-009
           5           5   2.2414301557525946     
           5           6   2.1159469024343132E-011
           5           7   4.6380389414687125E-008
           5           8   5.4567833582503127E-009
           5           9 -0.73582568749792121     
           5          10  -3.2836807282435448E-011
           5          11  -1.0926560419876921E-007
           5          12  -1.2811801748193396E-008
           5          13  -5.4028271036909228E-003
           5          14   2.6514639297507634E-011
           5          15   3.5073606537103969E-008
           5          16   4.1828377957665133E-009
           5          17   1.7671337305812265E-003
           5          18  -9.2980721342645656E-012
           5          19  -8.9525535771300211E-013
           5          20   4.9656809721806668E-016
           5          21  -2.9254669499503852E-010
           5          22  -7.3741617501141569E-012
           5          23   8.8633423994112553E-012
           5          24   9.0213521029505453E-012
           5          25  -8.2260589041678385E-013
           5          26   3.8659328444936896E-012
           5          27  -2.3616927605945996E-010
           5          28  -1.1729936484776055E-012
           5          29   2.9791990282223953E-013
           6           1 -0.18026307236521760     
           6           2 -0.93239854819849000     
           6           3  -3.1255847753313499E-010
           6           4   1.1830348995374927E-011
           6           5   2.1159469024343132E-011
           6           6   2.4434979819031275     
           6           7   5.8246642246430953E-010
           6           8  -3.0766090037818244E-011
           6           9  -5.5916681753318653E-011
           6          10 -0.27512411095341299     
           6          11  -2.2775444758139587E-009
           6          12   5.2460380656152056E-011
           6          13   1.5085600828332273E-010
           6          14  0.28734173559289278     
           6          15   2.1701174568250552E-009
           6          16   3.4124036647259437E-011
           6          17   1.1790797313554851E-010
           6          18   3.4971385491565657E-002
           6          19   9.6597343971162365E-009
           6          20   3.4969157513228308E-002
           6          21   3.4338905520951196E-006
           6          22   3.9298081028501175E-007
           6          23  -8.9673423614656259E-002
           6          24   3.0913881354263054E-002
           6          25   6.6844831246620068E-009
           6          26   3.0911087104162287E-002
           6          27   2.3175513182254982E-006
           6          28   2.6040233577946802E-007
           6          29  -6.8828737533999693E-002
           7           1   5.8172773875436141E-012
           7           2   3.1805408350852641E-012
           7           3 -0.73439413145146104     
           7           4   1.4923879880440123E-010
           7           5   4.6380389414687125E-008
           7           6   5.8246642246430953E-010
           7           7   2.2369439026026026     
           7           8  -3.3088207680742152E-010
           7           9  -1.0123502251929100E-007
           7          10  -2.4182355339791878E-010
           7          11   1.6094348178488115E-002
           7          12   1.0621668182876772E-009
           7          13   3.4459623070736424E-007
           7          14  -1.6409829915180941E-009
           7          15  -2.5904872482234585E-003
           7          16  -3.5502789632969852E-010
           7          17  -1.1192836362315641E-007
           7          18   2.1184319579821580E-009
           7          19  -3.5497891774365774E-011
           7          20   6.7052930657151564E-010
           7          21   1.4825299408074403E-010
           7          22   8.3126567318886515E-012
           7          23  -1.8075070885650465E-009
           7          24   1.3585127605780623E-009
           7          25  -1.0843792920242085E-012
           7          26   7.9157920320115415E-010
           7          27   4.2694293178529280E-011
           7          28  -4.0501360313885130E-013
           7          29  -1.3456773921270507E-009
           8           1   1.9669268835937779E-012
           8           2   6.2471528320813249E-012
           8           3   1.4971144376458287E-010
           8           4 -0.73439413809892029     
           8           5   5.4567833582503127E-009
           8           6  -3.0766090037818244E-011
           8           7  -3.3088207680742152E-010
           8           8   2.2369439224575496     
           8           9  -1.1917899346697200E-008
           8          10   1.7439049203649857E-011
           8          11   1.0747515852170462E-009
           8          12   1.6094335640272017E-002
           8          13   4.0435322329011553E-008
           8          14  -1.7836368917372926E-011
           8          15  -3.6112348727214738E-010
           8          16  -2.5905404358420796E-003
           8          17  -1.3342867186624562E-008
           8          18  -3.7995693241752749E-011
           8          19  -1.9023832704848538E-010
           8          20   2.5125799320246522E-011
           8          21  -2.3227713569546734E-012
           8          22   1.9371283154225044E-011
           8          23  -4.2627200151951873E-012
           8          24  -1.2368875413054815E-011
           8          25   4.3664503354993416E-011
           8          26  -1.5992517948583789E-012
           8          27  -4.4860871006858146E-012
           8          28   1.6210636164270948E-011
           8          29  -5.7646796108941672E-012
           9           1   4.0314571631800106E-012
           9           2   1.7761987286438263E-011
           9           3   4.6075144569543975E-008
           9           4   5.4189556044145623E-009
           9           5 -0.73582568749792121     
           9           6  -5.5916681753318653E-011
           9           7  -1.0123502251929100E-007
           9           8  -1.1917899346697200E-008
           9           9   2.2401301890510514     
           9          10   7.5364707961502719E-011
           9          11   3.3801469592764330E-007
           9          12   3.9623340758030490E-008
           9          13   5.8511873490004682E-003
           9          14  -5.5787326890969443E-011
           9          15  -1.0990818270217207E-007
           9          16  -1.3097615161927483E-008
           9          17  -9.8700426312782995E-005
           9          18   3.0286299306594470E-011
           9          19   3.3812464490908448E-012
           9          20   6.5543342670261320E-012
           9          21   4.8815499464913297E-010
           9          22   8.1077447329307874E-012
           9          23  -4.3322600554405773E-011
           9          24  -2.7340054156627416E-011
           9          25   2.1035142888657970E-012
           9          26  -6.8092611343830953E-012
           9          27   5.0984614786260217E-010
           9          28  -6.0837054331965633E-012
           9          29  -5.9569733727934551E-012
          10           1   2.4176875566658977E-002
          10           2   9.5755215319143119E-002
          10           3   2.6991554032231901E-010
          10           4  -8.4124456923997818E-012
          10           5  -3.2836807282435448E-011
          10           6 -0.27512411095341299     
          10           7  -2.4182355339791878E-010
          10           8   1.7439049203649857E-011
          10           9   7.5364707961502719E-011
          10          10  0.45765807952494830     
          10          11   4.8046013799414783E-009
          10          12  -8.0326448506633740E-011
          10          13  -2.4700906749113556E-010
          10          14 -0.50002127094772464     
          10          15  -3.1535874787055178E-009
          10          16  -6.3629187541613599E-011
          10          17  -2.1456679800331424E-010
          10          18  -7.0658478898134605E-002
          10          19  -1.4579805812981584E-008
          10          20  -7.0653325421607890E-002
          10          21  -5.1333711893632580E-006
          10          22  -5.8000181975386365E-007
          10          23  0.14044823860959899     
          10          24  -6.1497768762152481E-002
          10          25  -1.1974811140722829E-008
          10          26  -6.1492723181876381E-002
          10          27  -4.0847772462196154E-006
          10          28  -4.5816299185505622E-007
          10          29  0.11721395092371305     
          11           1   1.3087968295977123E-010
          11           2   6.9010110883530437E-010
          11           3  -8.6927561033497448E-003
          11           4  -3.4778401912859100E-010
          11           5  -1.0926560419876921E-007
          11           6  -2.2775444758139587E-009
          11           7   1.6094348178488115E-002
          11           8   1.0747515852170462E-009
          11           9   3.3801469592764330E-007
          11          10   4.8046013799414783E-009
          11          11   1.3982472080121156E-004
          11          12   2.4983261275017730E-011
          11          13   2.4464847715595022E-010
          11          14   3.3017866420823572E-009
          11          15  -2.9587435408812652E-005
          11          16  -7.7085893148990205E-012
          11          17   2.1280798520034638E-010
          11          18  -7.3350053171896561E-009
          11          19  -2.9627749590373976E-013
          11          20  -2.8571246059627634E-010
          11          21  -7.9200781066132387E-010
          11          22  -1.8221918805021244E-011
          11          23   6.1303431218092169E-009
          11          24  -6.1807455444004356E-009
          11          25   1.1854536826530214E-014
          11          26  -1.4823017003470286E-009
          11          27  -5.2122799401646646E-010
          11          28  -1.2033790355933652E-011
          11          29   5.1042029265950304E-009
          12           1  -4.4204707261676208E-012
          12           2  -1.7924395559876996E-011
          12           3  -3.4346318997832426E-010
          12           4  -8.6927537886370507E-003
          12           5  -1.2811801748193396E-008
          12           6   5.2460380656152056E-011
          12           7   1.0621668182876772E-009
          12           8   1.6094335640272017E-002
          12           9   3.9623340758030490E-008
          12          10  -8.0326448506633740E-011
          12          11   2.4983261275017730E-011
          12          12   1.3981955044212080E-004
          12          13   4.1019713404746905E-011
          12          14   8.5754008005156258E-011
          12          15  -7.7392475501971864E-012
          12          16  -2.9585755323741319E-005
          12          17   1.9352233542491677E-011
          12          18   1.7671457173963651E-010
          12          19  -1.2202923304330929E-012
          12          20  -1.5067143278689997E-010
          12          21   1.5796278917804973E-011
          12          22  -2.4514470291365716E-010
          12          23  -2.5864989309561849E-011
          12          24   1.2054170624346176E-010
          12          25  -3.8720023730501483E-013
          12          26  -9.7642971608361201E-011
          12          27   1.0367217822712698E-011
          12          28  -1.6118038809955245E-010
          12          29  -2.1586696939883017E-011
          13           1  -1.2405056096701679E-011
          13           2  -5.0459179664397915E-011
          13           3  -1.1125335844713321E-007
          13           4  -1.3056492504117134E-008
          13           5  -5.4028271036909228E-003
          13           6   1.5085600828332273E-010
          13           7   3.4459623070736424E-007
          13           8   4.0435322329011553E-008
          13           9   5.8511873490004682E-003
          13          10  -2.4700906749113556E-010
          13          11   2.4464847715595022E-010
          13          12   4.1019713404746905E-011
          13          13   1.8898130868833757E-004
          13          14   2.5373925535662376E-010
          13          15   3.4580596710414718E-010
          13          16   3.6061553606205187E-011
          13          17  -6.0702039469254026E-005
          13          18   2.2182064539730972E-011
          13          19  -2.0604443458616389E-014
          13          20   6.6587380578077225E-011
          13          21  -3.2244500488779977E-009
          13          22  -1.1501240249326980E-010
          13          23  -8.4998070783072048E-011
          13          24   2.4828203087242497E-011
          13          25  -1.3364750729795203E-014
          13          26   5.4068891063365253E-011
          13          27  -2.1162803893245263E-009
          13          28  -7.5383541664890682E-011
          13          29  -7.0474129371577456E-011
          14           1  -2.3662677986536200E-002
          14           2  -9.4374132116563425E-002
          14           3   6.1163322779065104E-010
          14           4   8.7886081408266742E-012
          14           5   2.6514639297507634E-011
          14           6  0.28734173559289278     
          14           7  -1.6409829915180941E-009
          14           8  -1.7836368917372926E-011
          14           9  -5.5787326890969443E-011
          14          10 -0.50002127094772464     
          14          11   3.3017866420823572E-009
          14          12   8.5754008005156258E-011
          14          13   2.5373925535662376E-010
          14          14  0.63549689908162343     
          14          15   9.6851862072382110E-009
          14          16   7.8362279942392828E-011
          14          17   2.0568700250777718E-010
          14          18   4.5249266486258044E-002
          14          19   1.0198051079650541E-008
          14          20   4.5246272109418333E-002
          14          21   3.5124005348217745E-006
          14          22   3.9516823560206812E-007
          14          23 -0.10478039268952762     
          14          24   3.4041297444103766E-002
          14          25   7.5642390864342537E-009
          14          26   3.4037982890138846E-002
          14          27   2.5350756235626390E-006
          14          28   2.8099265497003809E-007
          14          29  -8.7685047508238953E-002
          15           1  -2.1891104639274553E-010
          15           2  -7.6831018395591351E-010
          15           3   2.5456571238723770E-003
          15           4   1.1575215393403933E-010
          15           5   3.5073606537103969E-008
          15           6   2.1701174568250552E-009
          15           7  -2.5904872482234585E-003
          15           8  -3.6112348727214738E-010
          15           9  -1.0990818270217207E-007
          15          10  -3.1535874787055178E-009
          15          11  -2.9587435408812652E-005
          15          12  -7.7392475501971864E-012
          15          13   3.4580596710414718E-010
          15          14   9.6851862072382110E-009
          15          15   8.0050130015625007E-006
          15          16   2.4109373862403622E-012
          15          17  -2.0377906085266402E-010
          15          18  -1.4453782930986573E-009
          15          19   5.8861516892132661E-014
          15          20  -2.0717160752639256E-009
          15          21   8.2578727256704035E-011
          15          22   7.0639456638553168E-013
          15          23   2.4382482946523334E-009
          15          24  -1.6934425130232948E-009
          15          25  -7.8267734029113718E-015
          15          26  -2.1125136633222480E-009
          15          27   5.4425234738772468E-011
          15          28   4.7155436696890934E-013
          15          29   2.0222139777500416E-009
          16           1  -2.9115373243750400E-012
          16           2  -1.1295249304788602E-011
          16           3   1.1363972774824198E-010
          16           4   2.5456752915872325E-003
          16           5   4.1828377957665133E-009
          16           6   3.4124036647259437E-011
          16           7  -3.5502789632969852E-010
          16           8  -2.5905404358420796E-003
          16           9  -1.3097615161927483E-008
          16          10  -6.3629187541613599E-011
          16          11  -7.7085893148990205E-012
          16          12  -2.9585755323741319E-005
          16          13   3.6061553606205187E-011
          16          14   7.8362279942392828E-011
          16          15   2.4109373862403622E-012
          16          16   8.0043000900586510E-006
          16          17  -2.2352217185377475E-011
          16          18  -1.0008694810666902E-011
          16          19   1.5436015144299779E-013
          16          20   2.3404736497918069E-011
          16          21   1.3258925159609075E-012
          16          22   3.2484027093327485E-011
          16          23  -1.4666231239405859E-011
          16          24  -5.8531900282401642E-012
          16          25   2.5965809626934576E-013
          16          26   1.6453769225739890E-011
          16          27   8.7149182333418527E-013
          16          28   2.1389377248965951E-011
          16          29  -1.2271378991613382E-011
          17           1  -9.3447815838194128E-012
          17           2  -3.8532028813744087E-011
          17           3   3.5672949109406645E-008
          17           4   4.2552011393764279E-009
          17           5   1.7671337305812265E-003
          17           6   1.1790797313554851E-010
          17           7  -1.1192836362315641E-007
          17           8  -1.3342867186624562E-008
          17           9  -9.8700426312782995E-005
          17          10  -2.1456679800331424E-010
          17          11   2.1280798520034638E-010
          17          12   1.9352233542491677E-011
          17          13  -6.0702039469254026E-005
          17          14   2.0568700250777718E-010
          17          15  -2.0377906085266402E-010
          17          16  -2.2352217185377475E-011
          17          17   2.1197374728992648E-005
          17          18   5.2995191665353977E-011
          17          19   1.0937288605768802E-014
          17          20   3.3838578447110485E-011
          17          21   9.6422652489984295E-011
          17          22   2.6412573599431057E-011
          17          23  -8.1466680366858182E-011
          17          24   4.5837496281768273E-011
          17          25   6.9249142938864179E-015
          17          26   3.3225720239786983E-011
          17          27   6.2599732057209139E-011
          17          28   1.7279754589489948E-011
          17          29  -6.8107579241441771E-011
          18           1   1.9267450032219392E-002
          18           2  -5.1748264044871187E-003
          18           3  -9.9030029154134316E-010
          18           4   1.8908540341317119E-011
          18           5  -9.2980721342645656E-012
          18           6   3.4971385491565657E-002
          18           7   2.1184319579821580E-009
          18           8  -3.7995693241752749E-011
          18           9   3.0286299306594470E-011
          18          10  -7.0658478898134605E-002
          18          11  -7.3350053171896561E-009
          18          12   1.7671457173963651E-010
          18          13   2.2182064539730972E-011
          18          14   4.5249266486258044E-002
          18          15  -1.4453782930986573E-009
          18          16  -1.0008694810666902E-011
          18          17   5.2995191665353977E-011
          18          18  0.40107374328211082     
          18          19   4.3043834981450589E-009
          18          20 -0.35573121412588432     
          18          21  -7.8763686741782837E-006
          18          22  -8.3702835373070296E-007
          18          23  -3.8925094531475649E-002
          18          24  0.27330196417375446     
          18          25   3.8324405331555014E-009
          18          26 -0.23037099970031874     
          18          27  -4.6665550466483141E-006
          18          28  -5.3993413602670130E-007
          18          29  -3.2584740545452892E-002
          19           1  -7.8563361117075386E-010
          19           2  -3.2781014855882594E-009
          19           3   1.2122759193826026E-011
          19           4   5.1716087404296299E-011
          19           5  -8.9525535771300211E-013
          19           6   9.6597343971162365E-009
          19           7  -3.5497891774365774E-011
          19           8  -1.9023832704848538E-010
          19           9   3.3812464490908448E-012
          19          10  -1.4579805812981584E-008
          19          11  -2.9627749590373976E-013
          19          12  -1.2202923304330929E-012
          19          13  -2.0604443458616389E-014
          19          14   1.0198051079650541E-008
          19          15   5.8861516892132661E-014
          19          16   1.5436015144299779E-013
          19          17   1.0937288605768802E-014
          19          18   4.3043834981450589E-009
          19          19   3.8636752396238158E-011
          19          20   4.3418231930942363E-009
          19          21  -4.1931074490322941E-007
          19          22  -4.4152527938600129E-006
          19          23  -7.6381604883315952E-009
          19          24   4.0880773135916203E-009
          19          25   2.4598115333344379E-011
          19          26   4.1128156951511700E-009
          19          27  -2.7555822785897673E-007
          19          28  -2.9015721221747757E-006
          19          29  -6.3504234273820067E-009
          20           1   1.9267616767767091E-002
          20           2  -5.1741117921732145E-003
          20           3  -2.3193672142278169E-010
          20           4  -1.3977670623954213E-011
          20           5   4.9656809721806668E-016
          20           6   3.4969157513228308E-002
          20           7   6.7052930657151564E-010
          20           8   2.5125799320246522E-011
          20           9   6.5543342670261320E-012
          20          10  -7.0653325421607890E-002
          20          11  -2.8571246059627634E-010
          20          12  -1.5067143278689997E-010
          20          13   6.6587380578077225E-011
          20          14   4.5246272109418333E-002
          20          15  -2.0717160752639256E-009
          20          16   2.3404736497918069E-011
          20          17   3.3838578447110485E-011
          20          18 -0.35573121412588432     
          20          19   4.3418231930942363E-009
          20          20  0.40108970001219718     
          20          21  -7.4379150210058205E-006
          20          22  -8.9029720780787568E-007
          20          23  -3.8941590084477666E-002
          20          24 -0.23037128002524493     
          20          25   3.8577782620761017E-009
          20          26  0.27331149158578594     
          20          27  -4.7789940594382193E-006
          20          28  -5.2585869906758414E-007
          20          29  -3.2595013006636420E-002
          21           1  -2.7599534874742467E-007
          21           2  -1.1533410586096586E-006
          21           3  -7.9497689222576144E-011
          21           4   1.9052095404042916E-012
          21           5  -2.9254669499503852E-010
          21           6   3.4338905520951196E-006
          21           7   1.4825299408074403E-010
          21           8  -2.3227713569546734E-012
          21           9   4.8815499464913297E-010
          21          10  -5.1333711893632580E-006
          21          11  -7.9200781066132387E-010
          21          12   1.5796278917804973E-011
          21          13  -3.2244500488779977E-009
          21          14   3.5124005348217745E-006
          21          15   8.2578727256704035E-011
          21          16   1.3258925159609075E-012
          21          17   9.6422652489984295E-011
          21          18  -7.8763686741782837E-006
          21          19  -4.1931074490322941E-007
          21          20  -7.4379150210058205E-006
          21          21  0.50911923156750338     
          21          22  -8.5220659598146740E-010
          21          23   1.5710844726274092E-005
          21          24  -4.5257535176895769E-006
          21          25  -2.6419875256252392E-007
          21          26  -4.6462678050717978E-006
          21          27  0.33457768780547653     
          21          28   1.6365012447097474E-010
          21          29   9.9083990532199428E-006
          22           1  -3.1576685564253341E-008
          22           2  -1.3194453232943145E-007
          22           3  -3.6637822821023893E-012
          22           4  -1.6400182469059621E-011
          22           5  -7.3741617501141569E-012
          22           6   3.9298081028501175E-007
          22           7   8.3126567318886515E-012
          22           8   1.9371283154225044E-011
          22           9   8.1077447329307874E-012
          22          10  -5.8000181975386365E-007
          22          11  -1.8221918805021244E-011
          22          12  -2.4514470291365716E-010
          22          13  -1.1501240249326980E-010
          22          14   3.9516823560206812E-007
          22          15   7.0639456638553168E-013
          22          16   3.2484027093327485E-011
          22          17   2.6412573599431057E-011
          22          18  -8.3702835373070296E-007
          22          19  -4.4152527938600129E-006
          22          20  -8.9029720780787568E-007
          22          21  -8.5220659598146740E-010
          22          22  0.50911896228553388     
          22          23   1.7727842789576514E-006
          22          24  -5.2459662371039431E-007
          22          25  -2.8112117357427354E-006
          22          26  -5.0949643552582909E-007
          22          27   1.7314675667779937E-010
          22          28  0.33457776027968877     
          22          29   1.1185556861488660E-006
          23           1   2.9300484585291262E-002
          23           2   3.6783018554930852E-002
          23           3   8.1753616511917908E-010
          23           4   3.9776498161614290E-013
          23           5   8.8633423994112553E-012
          23           6  -8.9673423614656259E-002
          23           7  -1.8075070885650465E-009
          23           8  -4.2627200151951873E-012
          23           9  -4.3322600554405773E-011
          23          10  0.14044823860959899     
          23          11   6.1303431218092169E-009
          23          12  -2.5864989309561849E-011
          23          13  -8.4998070783072048E-011
          23          14 -0.10478039268952762     
          23          15   2.4382482946523334E-009
          23          16  -1.4666231239405859E-011
          23          17  -8.1466680366858182E-011
          23          18  -3.8925094531475649E-002
          23          19  -7.6381604883315952E-009
          23          20  -3.8941590084477666E-002
          23          21   1.5710844726274092E-005
          23          22   1.7727842789576514E-006
          23          23   7.0024547436751364E-002
          23          24  -3.6910651051258105E-002
          23          25  -6.7023940239807486E-009
          23          26  -3.6920899837372595E-002
          23          27   9.8086042031953949E-006
          23          28   1.1073670475214779E-006
          23          29   5.8010606613797727E-002
          24           1   1.7155914317225482E-004
          24           2  -6.4857007277322075E-003
          24           3  -6.6151017059703710E-010
          24           4   8.5576055428316817E-012
          24           5   9.0213521029505453E-012
          24           6   3.0913881354263054E-002
          24           7   1.3585127605780623E-009
          24           8  -1.2368875413054815E-011
          24           9  -2.7340054156627416E-011
          24          10  -6.1497768762152481E-002
          24          11  -6.1807455444004356E-009
          24          12   1.2054170624346176E-010
          24          13   2.4828203087242497E-011
          24          14   3.4041297444103766E-002
          24          15  -1.6934425130232948E-009
          24          16  -5.8531900282401642E-012
          24          17   4.5837496281768273E-011
          24          18  0.27330196417375446     
          24          19   4.0880773135916203E-009
          24          20 -0.23037128002524493     
          24          21  -4.5257535176895769E-006
          24          22  -5.2459662371039431E-007
          24          23  -3.6910651051258105E-002
          24          24  0.18826073012842517     
          24          25   3.6672965878470448E-009
          24          26 -0.14694674715435335     
          24          27  -2.5380681033449731E-006
          24          28  -3.2706371409352360E-007
          24          29  -3.0792112158408342E-002
          25           1  -5.1449915611352086E-010
          25           2  -2.1837525529669596E-009
          25           3   3.7352904721985745E-013
          25           4  -1.0108128160881068E-011
          25           5  -8.2260589041678385E-013
          25           6   6.6844831246620068E-009
          25           7  -1.0843792920242085E-012
          25           8   4.3664503354993416E-011
          25           9   2.1035142888657970E-012
          25          10  -1.1974811140722829E-008
          25          11   1.1854536826530214E-014
          25          12  -3.8720023730501483E-013
          25          13  -1.3364750729795203E-014
          25          14   7.5642390864342537E-009
          25          15  -7.8267734029113718E-015
          25          16   2.5965809626934576E-013
          25          17   6.9249142938864179E-015
          25          18   3.8324405331555014E-009
          25          19   2.4598115333344379E-011
          25          20   3.8577782620761017E-009
          25          21  -2.6419875256252392E-007
          25          22  -2.8112117357427354E-006
          25          23  -6.7023940239807486E-009
          25          24   3.6672965878470448E-009
          25          25   1.5660478584053220E-011
          25          26   3.6840244327490487E-009
          25          27  -1.7362334269304822E-007
          25          28  -1.8474442970216774E-006
          25          29  -5.5842814883779438E-009
          26           1   1.7176334226796691E-004
          26           2  -6.4848311345159539E-003
          26           3  -3.1050559384334996E-010
          26           4  -3.2915045279383459E-012
          26           5   3.8659328444936896E-012
          26           6   3.0911087104162287E-002
          26           7   7.9157920320115415E-010
          26           8  -1.5992517948583789E-012
          26           9  -6.8092611343830953E-012
          26          10  -6.1492723181876381E-002
          26          11  -1.4823017003470286E-009
          26          12  -9.7642971608361201E-011
          26          13   5.4068891063365253E-011
          26          14   3.4037982890138846E-002
          26          15  -2.1125136633222480E-009
          26          16   1.6453769225739890E-011
          26          17   3.3225720239786983E-011
          26          18 -0.23037099970031874     
          26          19   4.1128156951511700E-009
          26          20  0.27331149158578594     
          26          21  -4.6462678050717978E-006
          26          22  -5.0949643552582909E-007
          26          23  -3.6920899837372595E-002
          26          24 -0.14694674715435335     
          26          25   3.6840244327490487E-009
          26          26  0.18826611978662983     
          26          27  -2.8838660229148267E-006
          26          28  -2.8447553103816170E-007
          26          29  -3.0798334422631496E-002
          27           1  -1.7746897072994198E-007
          27           2  -7.5302167559150872E-007
          27           3  -3.1960816528480748E-011
          27           4   2.0806989715946606E-012
          27           5  -2.3616927605945996E-010
          27           6   2.3175513182254982E-006
          27           7   4.2694293178529280E-011
          27           8  -4.4860871006858146E-012
          27           9   5.0984614786260217E-010
          27          10  -4.0847772462196154E-006
          27          11  -5.2122799401646646E-010
          27          12   1.0367217822712698E-011
          27          13  -2.1162803893245263E-009
          27          14   2.5350756235626390E-006
          27          15   5.4425234738772468E-011
          27          16   8.7149182333418527E-013
          27          17   6.2599732057209139E-011
          27          18  -4.6665550466483141E-006
          27          19  -2.7555822785897673E-007
          27          20  -4.7789940594382193E-006
          27          21  0.33457768780547653     
          27          22   1.7314675667779937E-010
          27          23   9.8086042031953949E-006
          27          24  -2.5380681033449731E-006
          27          25  -1.7362334269304822E-007
          27          26  -2.8838660229148267E-006
          27          27  0.21987428924069152     
          27          28   5.8988678225778198E-010
          27          29   6.0785267695957262E-006
          28           1  -1.9932233877799388E-008
