           1           1   2.1869173114727181     
           1           2  0.67802517312488608     
           1           3   8.7143678579879227E-015
           1           4  -7.4871462408402923E-015
           1           5  -1.0077420808175641E-014
           1           6 -0.46419680388553297     
           1           7   2.1935030035842413E-015
           1           8  -3.4499104149389532E-015
           1           9   1.4689178904547951E-015
           1          10  -3.9887278718208061E-002
           1          11  -3.2079545530456093E-015
           1          12   3.4639254446121868E-015
           1          13  -7.4116023680931861E-016
           1          14  -1.4328047119817482E-002
           1          15   2.1216444655950341E-015
           1          16  -4.9573797849639543E-016
           1          17  -1.7076594447257201E-015
           1          18 -0.10192849235086349     
           1          19   1.2568255551425440E-015
           1          20  -9.8970666790547362E-002
           1          21  -9.5027834308355417E-016
           1          22  -1.9641606449063553E-015
           1          23 -0.10059038080217744     
           1          24  -3.0495470308752715E-002
           1          25  -9.3185966244552066E-016
           1          26  -3.0511094388315813E-002
           1          27  -1.9542082748717598E-015
           1          28   3.9959159399225879E-015
           1          29  -3.0499361823822495E-002
           2           1  0.67802517312488608     
           2           2   2.4510188107703241     
           2           3   2.9006207106708769E-014
           2           4  -2.8042952762941383E-014
           2           5  -2.6665445352763947E-014
           2           6  -1.8778580908306055     
           2           7  -7.2591944766160631E-017
           2           8   3.1924199746490420E-015
           2           9   8.8537552134356981E-015
           2          10 -0.13788213963108348     
           2          11  -1.9246071091786002E-015
           2          12  -3.0768744606914703E-015
           2          13  -6.0337527414943451E-016
           2          14  -4.8723551301085924E-002
           2          15   4.4473483337065413E-015
           2          16   9.5202578978924258E-016
           2          17  -3.5581966598334233E-015
           2          18 -0.44325907380502538     
           2          19  -2.2749084777447244E-015
           2          20 -0.43145105864570887     
           2          21  -2.0896343033045916E-015
           2          22  -3.7968480565346442E-015
           2          23 -0.43791396912964242     
           2          24 -0.11131423865363207     
           2          25  -1.4567925047119231E-015
           2          26 -0.11144329585602009     
           2          27  -3.8459633068636848E-015
           2          28   5.8195748348829219E-016
           2          29 -0.11136123249465482     
           3           1   8.7143678579879227E-015
           3           2   2.9006207106708769E-014
           3           3   2.2598526276793161     
           3           4  -2.2804146225610914E-013
           3           5  -2.3673930146497511E-014
           3           6  -3.4763092021488893E-014
           3           7 -0.76997777290425096     
           3           8   1.6437442671253382E-015
           3           9  -1.1540253394050653E-014
           3          10   1.3931614497131213E-014
           3          11  0.14561043828777956     
           3          12  -1.3690710611892186E-015
           3          13   4.1218440842620577E-015
           3          14   1.0076278942660915E-014
           3          15  -7.9081501983772964E-002
           3          16   4.3550486044574490E-015
           3          17   2.3127868793581560E-016
           3          18  -1.9501152370804277E-014
           3          19   3.2926477932279963E-015
           3          20  -9.6882077022545425E-015
           3          21  -6.7078981710182809E-015
           3          22   5.1922016206549919E-015
           3          23  -1.9353189383994045E-014
           3          24  -1.5918289337006655E-015
           3          25   1.5668502251660325E-016
           3          26   2.8132092601959633E-015
           3          27  -9.1441563935428182E-016
           3          28  -5.2781150401799171E-015
           3          29   3.8774887191483170E-016
           4           1  -7.4871462408402923E-015
           4           2  -2.8042952762941383E-014
           4           3  -2.2804146225610914E-013
           4           4   2.2600161570485380     
           4           5  -9.9191277598524971E-014
           4           6   3.0421989304413522E-014
           4           7   4.6250687372694916E-015
           4           8 -0.77039202715353761     
           4           9  -3.7618246522073441E-015
           4          10  -9.3776047755044197E-015
           4          11  -3.2610753292374348E-015
           4          12  0.14706091172501976     
           4          13  -6.5115545314728497E-016
           4          14  -9.2432777397008152E-015
           4          15   1.7961443904066523E-015
           4          16  -7.9730694440117100E-002
           4          17  -2.7145664680065044E-015
           4          18   1.5077910275431433E-014
           4          19   5.2218608101655479E-016
           4          20   8.2005132310351273E-015
           4          21  -2.9327524267448504E-015
           4          22  -3.7103767865649832E-015
           4          23   1.2373995958171383E-014
           4          24   1.3254009224739731E-015
           4          25  -1.1068271211687972E-015
           4          26  -1.1957862506456913E-015
           4          27   2.1988955553559209E-015
           4          28   3.5158423711912229E-015
           4          29  -2.5602820071092418E-016
           5           1  -1.0077420808175641E-014
           5           2  -2.6665445352763947E-014
           5           3  -2.3673930146497511E-014
           5           4  -9.9191277598524971E-014
           5           5   2.2599309001402892     
           5           6   7.6430871229673088E-015
           5           7  -7.2449668663545835E-015
           5           8  -8.4420169804952844E-015
           5           9 -0.77017625646715071     
           5          10   8.6913246567459158E-015
           5          11   3.2121419163318842E-015
           5          12   2.9452295158446949E-016
           5          13  0.14630216169723817     
           5          14   5.4272383960384870E-015
           5          15  -1.7989705543097136E-015
           5          16   1.7627460007130782E-015
           5          17  -7.9390787314495462E-002
           5          18  -3.6286219026953056E-015
           5          19  -1.4641193097481474E-015
           5          20   3.1794574248979619E-015
           5          21  -2.4355734960417567E-015
           5          22   7.9663279816124074E-016
           5          23   3.9838842581139192E-015
           5          24   8.0171671744850645E-016
           5          25   7.4315335594572554E-016
           5          26   2.9444731380652801E-015
           5          27   1.2302579699305761E-015
           5          28  -2.3438503319157838E-015
           5          29   1.6021423526692663E-015
           6           1 -0.46419680388553297     
           6           2  -1.8778580908306055     
           6           3  -3.4763092021488893E-014
           6           4   3.0421989304413522E-014
           6           5   7.6430871229673088E-015
           6           6   9.8128822096209287     
           6           7  -2.2456620072889608E-014
           6           8   6.4126139491440961E-015
           6           9  -2.0272082407105916E-014
           6          10  0.66699104240649609     
           6          11   1.3963737432237994E-014
           6          12  -5.7562475115600206E-015
           6          13   1.4401663024427590E-014
           6          14  0.23025988127177272     
           6          15  -1.4291928979521980E-014
           6          16  -3.8735279320605544E-015
           6          17  -6.6310432224542693E-015
           6          18   2.2190778480065378     
           6          19   2.8698072568461272E-014
           6          20   2.1662899975532386     
           6          21   7.2239075135418418E-015
           6          22   6.8970489732700151E-015
           6          23   2.1950753646526677     
           6          24  0.56197985056030830     
           6          25   5.3917590446780667E-015
           6          26  0.56481216968975523     
           6          27  -9.2521040756593164E-016
           6          28   2.5948088424108262E-015
           6          29  0.56325401571689859     
           7           1   2.1935030035842413E-015
           7           2  -7.2591944766160631E-017
           7           3 -0.76997777290425096     
           7           4   4.6250687372694916E-015
           7           5  -7.2449668663545835E-015
           7           6  -2.2456620072889608E-014
           7           7   2.2971703565572241     
           7           8   2.7213078654583318E-015
           7           9   3.2591352712250438E-014
           7          10  -1.2708495103723059E-015
           7          11 -0.35980573252150339     
           7          12  -1.5651207191903559E-015
           7          13  -6.1063015994339571E-015
           7          14   3.2445391982369623E-015
           7          15  0.19473514624951638     
           7          16   7.8195021304883851E-016
           7          17   2.7197290180869724E-015
           7          18  -3.9774950013325326E-015
           7          19  -1.5698378613307913E-014
           7          20  -4.7630455734877789E-015
           7          21   1.2680193213206755E-014
           7          22   2.4152415020825292E-015
           7          23   1.3224898073981529E-015
           7          24  -2.9552884224303931E-016
           7          25   3.3550583047307409E-015
           7          26  -2.6466969837022015E-015
           7          27  -1.7624583583612868E-015
           7          28  -1.5752154310533873E-015
           7          29  -3.6986162692309711E-015
           8           1  -3.4499104149389532E-015
           8           2   3.1924199746490420E-015
           8           3   1.6437442671253382E-015
           8           4 -0.77039202715353761     
           8           5  -8.4420169804952844E-015
           8           6   6.4126139491440961E-015
           8           7   2.7213078654583318E-015
           8           8   2.2979759848724131     
           8           9   3.2756401682781424E-014
           8          10   1.6957959398807300E-015
           8          11   1.3978806323810629E-015
           8          12 -0.36517063962246132     
           8          13  -3.5546453906783237E-015
           8          14   5.4448424929102506E-015
           8          15  -3.2064998645928884E-016
           8          16  0.19719036845514065     
           8          17   2.1021004538907195E-015
           8          18   5.7161703846690451E-015
           8          19   1.8891186663042471E-015
           8          20  -1.4982838446143106E-015
           8          21   1.4038528204118948E-014
           8          22   2.5442769120221023E-015
           8          23   6.5794915625983726E-015
           8          24   4.2655953022495099E-016
           8          25   3.7823146979323495E-015
           8          26   1.6741786118732711E-015
           8          27  -1.7588017572269819E-015
           8          28  -1.1563773341854078E-015
           8          29  -5.9942763067995027E-017
           9           1   1.4689178904547951E-015
           9           2   8.8537552134356981E-015
           9           3  -1.1540253394050653E-014
           9           4  -3.7618246522073441E-015
           9           5 -0.77017625646715071     
           9           6  -2.0272082407105916E-014
           9           7   3.2591352712250438E-014
           9           8   3.2756401682781424E-014
           9           9   2.2975581539888319     
           9          10  -3.2795076416434702E-015
           9          11  -3.6921022626895800E-015
           9          12  -4.1016921955935699E-015
           9          13 -0.36236232688689440     
           9          14  -2.2155327258533608E-015
           9          15   1.9114291746736748E-015
           9          16   2.4334228570906493E-015
           9          17  0.19590373693613311     
           9          18   1.7670789939153676E-015
           9          19   5.3521714709292774E-015
           9          20  -4.6796489672585194E-015
           9          21   1.1367501115168868E-014
           9          22   5.4224139293550074E-015
           9          23  -7.0535435474069353E-015
           9          24  -2.6461834723170250E-015
           9          25  -6.6306373725860786E-016
           9          26  -7.8761419784244060E-016
           9          27  -3.3038396153947777E-015
           9          28   8.1794985288794664E-016
           9          29  -1.0981056617277446E-015
          10           1  -3.9887278718208061E-002
          10           2 -0.13788213963108348     
          10           3   1.3931614497131213E-014
          10           4  -9.3776047755044197E-015
          10           5   8.6913246567459158E-015
          10           6  0.66699104240649609     
          10           7  -1.2708495103723059E-015
          10           8   1.6957959398807300E-015
          10           9  -3.2795076416434702E-015
          10          10   4.5534488911491547E-002
          10          11   1.1456332758286466E-015
          10          12  -8.5780795222014233E-016
          10          13   1.4498711425377334E-015
          10          14   1.5754702100359882E-002
          10          15  -1.0514656246034356E-015
          10          16   3.6310739046049546E-017
          10          17  -6.8714542587552947E-016
          10          18  0.15281453705128747     
          10          19  -1.8227823691781560E-015
          10          20  0.14956033639789335     
          10          21   7.9794256665384440E-015
          10          22  -1.1938314362356086E-014
          10          23  0.15133500542021527     
          10          24   3.8541938239511554E-002
          10          25   8.1932503173286280E-016
          10          26   3.8713510047976477E-002
          10          27  -1.0472597820927545E-015
          10          28   1.3196100655349914E-015
          10          29   3.8619056141912030E-002
          11           1  -3.2079545530456093E-015
          11           2  -1.9246071091786002E-015
          11           3  0.14561043828777956     
          11           4  -3.2610753292374348E-015
          11           5   3.2121419163318842E-015
          11           6   1.3963737432237994E-014
          11           7 -0.35980573252150339     
          11           8   1.3978806323810629E-015
          11           9  -3.6921022626895800E-015
          11          10   1.1456332758286466E-015
          11          11   6.3280085159036326E-002
          11          12  -1.1705090004929871E-016
          11          13   9.1266179081293871E-016
          11          14  -1.6267397035513001E-016
          11          15  -3.3918724632903220E-002
          11          16   1.7677883140809973E-016
          11          17  -3.7054031106548903E-016
          11          18   7.4111725467151410E-015
          11          19   3.3031705242672980E-015
          11          20   1.3524217322342391E-016
          11          21  -2.6419531738441895E-015
          11          22  -3.4067624746513938E-016
          11          23  -3.6215141347826207E-015
          11          24  -2.5132232353264632E-016
          11          25  -6.4914234118776815E-016
          11          26   1.1128248099627931E-015
          11          27   2.7899235169674346E-016
          11          28   5.7683974873828026E-016
          11          29   1.5297758046352257E-015
          12           1   3.4639254446121868E-015
          12           2  -3.0768744606914703E-015
          12           3  -1.3690710611892186E-015
          12           4  0.14706091172501976     
          12           5   2.9452295158446949E-016
          12           6  -5.7562475115600206E-015
          12           7  -1.5651207191903559E-015
          12           8 -0.36517063962246132     
          12           9  -4.1016921955935699E-015
          12          10  -8.5780795222014233E-016
          12          11  -1.1705090004929871E-016
          12          12   6.4390227117989515E-002
          12          13   6.2594431083863594E-016
          12          14  -1.3305105276604165E-015
          12          15   4.6364839075442552E-017
          12          16  -3.4485925910393671E-002
          12          17  -3.8389328117367762E-016
          12          18  -1.3003460824902105E-015
          12          19   2.5746775926779160E-015
          12          20  -1.9959997556827650E-017
          12          21  -4.5990843775165686E-015
          12          22   4.2555810864589811E-015
          12          23  -1.4571721765822932E-015
          12          24  -2.6956086485997771E-016
          12          25  -1.0261361969693274E-015
          12          26  -4.7127810030084787E-016
          12          27   6.0186822484974929E-016
          12          28   2.8799310707241141E-016
          12          29  -1.5787050196865105E-016
          13           1  -7.4116023680931861E-016
          13           2  -6.0337527414943451E-016
          13           3   4.1218440842620577E-015
          13           4  -6.5115545314728497E-016
          13           5  0.14630216169723817     
          13           6   1.4401663024427590E-014
          13           7  -6.1063015994339571E-015
          13           8  -3.5546453906783237E-015
          13           9 -0.36236232688689440     
          13          10   1.4498711425377334E-015
          13          11   9.1266179081293871E-016
          13          12   6.2594431083863594E-016
          13          13   6.3802972766281829E-002
          13          14   6.6335745140872242E-016
          13          15  -5.0531902845701062E-016
          13          16  -2.7827871692176717E-016
          13          17  -3.4186066822224651E-002
          13          18  -1.2149050215633377E-015
          13          19   3.8488458736265886E-017
          13          20   2.7133332464068171E-015
          13          21  -3.7899702856183197E-015
          13          22   1.6239488443996198E-015
          13          23   3.9173582674686445E-015
          13          24   1.1383636621187839E-015
          13          25  -1.5258978174139572E-019
          13          26   5.6315507678637469E-016
          13          27   9.0979488582969594E-016
          13          28  -3.4121123606230943E-016
          13          29   5.2937645344747439E-016
          14           1  -1.4328047119817482E-002
          14           2  -4.8723551301085924E-002
          14           3   1.0076278942660915E-014
          14           4  -9.2432777397008152E-015
          14           5   5.4272383960384870E-015
          14           6  0.23025988127177272     
          14           7   3.2445391982369623E-015
          14           8   5.4448424929102506E-015
          14           9  -2.2155327258533608E-015
          14          10   1.5754702100359882E-002
          14          11  -1.6267397035513001E-016
          14          12  -1.3305105276604165E-015
          14          13   6.6335745140872242E-016
          14          14   5.4580168804368870E-003
          14          15  -5.8183215393968258E-017
          14          16   5.7331392064430700E-016
          14          17  -3.2695185166942924E-016
          14          18   5.3184488432717412E-002
          14          19  -1.1038714977968368E-015
          14          20   5.2135122310388415E-002
          14          21   4.4805758517088533E-015
          14          22  -8.4684415762026339E-015
          14          23   5.2707412129714713E-002
          14          24   1.3377388245557363E-002
          14          25   3.3506846935556362E-016
          14          26   1.3432272006717254E-002
          14          27  -5.9091369057864052E-016
          14          28   7.4363151309838032E-016
          14          29   1.3402047467746104E-002
          15           1   2.1216444655950341E-015
          15           2   4.4473483337065413E-015
          15           3  -7.9081501983772964E-002
          15           4   1.7961443904066523E-015
          15           5  -1.7989705543097136E-015
          15           6  -1.4291928979521980E-014
          15           7  0.19473514624951638     
          15           8  -3.2064998645928884E-016
          15           9   1.9114291746736748E-015
          15          10  -1.0514656246034356E-015
          15          11  -3.3918724632903220E-002
          15          12   4.6364839075442552E-017
          15          13  -5.0531902845701062E-016
          15          14  -5.8183215393968258E-017
          15          15   1.8195942298174089E-002
          15          16  -8.3338536077029865E-017
          15          17   2.0295226336070125E-016
          15          18  -8.2911947738802408E-015
          15          19   8.8416133514598232E-017
          15          20  -1.2925283627718214E-016
          15          21  -8.7084129733510305E-016
          15          22  -9.1057350314018063E-016
          15          23   3.4625474526447878E-015
          15          24   2.9027057718757812E-016
          15          25   9.8629643986564030E-017
          15          26  -1.0250336447690599E-015
          15          27   1.5440567243640528E-016
          15          28  -2.7576988916464340E-016
          15          29  -1.4768572268392365E-015
          16           1  -4.9573797849639543E-016
          16           2   9.5202578978924258E-016
          16           3   4.3550486044574490E-015
          16           4  -7.9730694440117100E-002
          16           5   1.7627460007130782E-015
          16           6  -3.8735279320605544E-015
          16           7   7.8195021304883851E-016
          16           8  0.19719036845514065     
          16           9   2.4334228570906493E-015
          16          10   3.6310739046049546E-017
          16          11   1.7677883140809973E-016
          16          12  -3.4485925910393671E-002
          16          13  -2.7827871692176717E-016
          16          14   5.7331392064430700E-016
          16          15  -8.3338536077029865E-017
          16          16   1.8482454892759740E-002
          16          17   1.7958193136902604E-016
          16          18  -2.5703983809458423E-015
          16          19   5.9769560627677949E-016
          16          20  -1.0002389591369842E-016
          16          21   9.0606632573191621E-016
          16          22  -3.5908540544284533E-015
          16          23   1.7629595291303907E-015
          16          24   1.9176228858137912E-016
          16          25   2.8575526637072259E-016
          16          26  -1.2030672022984481E-016
          16          27  -1.1500932198236897E-016
          16          28  -6.0402432467318662E-017
          16          29  -4.4683363748924106E-016
          17           1  -1.7076594447257201E-015
          17           2  -3.5581966598334233E-015
          17           3   2.3127868793581560E-016
          17           4  -2.7145664680065044E-015
          17           5  -7.9390787314495462E-002
          17           6  -6.6310432224542693E-015
          17           7   2.7197290180869724E-015
          17           8   2.1021004538907195E-015
          17           9  0.19590373693613311     
          17          10  -6.8714542587552947E-016
          17          11  -3.7054031106548903E-016
          17          12  -3.8389328117367762E-016
          17          13  -3.4186066822224651E-002
          17          14  -3.2695185166942924E-016
          17          15   2.0295226336070125E-016
          17          16   1.7958193136902604E-016
          17          17   1.8331028594958748E-002
          17          18   6.6968931485675703E-016
          17          19  -4.1284979154558025E-016
          17          20  -1.3103544002758338E-015
          17          21   2.7836876500744670E-015
          17          22   5.8569689883079158E-016
          17          23  -1.9046666883939443E-015
          17          24  -5.4522164124576186E-016
          17          25   5.2598530732096736E-017
          17          26  -2.5440044601669184E-016
          17          27  -5.8451324234405967E-016
          17          28   1.6891364366127110E-016
          17          29  -2.3949769459734845E-016
          18           1 -0.10192849235086349     
          18           2 -0.44325907380502538     
          18           3  -1.9501152370804277E-014
          18           4   1.5077910275431433E-014
          18           5  -3.6286219026953056E-015
          18           6   2.2190778480065378     
          18           7  -3.9774950013325326E-015
          18           8   5.7161703846690451E-015
          18           9   1.7670789939153676E-015
          18          10  0.15281453705128747     
          18          11   7.4111725467151410E-015
          18          12  -1.3003460824902105E-015
          18          13  -1.2149050215633377E-015
          18          14   5.3184488432717412E-002
          18          15  -8.2911947738802408E-015
          18          16  -2.5703983809458423E-015
          18          17   6.6968931485675703E-016
          18          18   1.5482611852236170     
          18          19  -8.3328460992184259E-014
          18          20  0.26687759433358821     
          18          21   2.3197313917479211E-013
          18          22  -1.2220188159177573E-014
          18          23 -0.23576091043684566     
          18          24  -9.0737915551493374E-003
          18          25   1.1150734379635769E-014
          18          26  0.16744717240537935     
          18          27  -3.2493782844010824E-014
          18          28   1.0128092420461775E-014
          18          29  0.23725271148159205     
          19           1   1.2568255551425440E-015
          19           2  -2.2749084777447244E-015
          19           3   3.2926477932279963E-015
          19           4   5.2218608101655479E-016
          19           5  -1.4641193097481474E-015
          19           6   2.8698072568461272E-014
          19           7  -1.5698378613307913E-014
          19           8   1.8891186663042471E-015
          19           9   5.3521714709292774E-015
          19          10  -1.8227823691781560E-015
          19          11   3.3031705242672980E-015
          19          12   2.5746775926779160E-015
          19          13   3.8488458736265886E-017
          19          14  -1.1038714977968368E-015
          19          15   8.8416133514598232E-017
          19          16   5.9769560627677949E-016
          19          17  -4.1284979154558025E-016
          19          18  -8.3328460992184259E-014
          19          19   1.0995801421471523     
          19          20   8.8961393907432835E-014
          19          21  -6.6613381478566782E-016
          19          22  -1.0546781479018948E-013
          19          23   2.7864021426202346E-014
          19          24   1.1870973977402938E-014
          19          25 -0.14730022281061037     
          19          26  -1.0933178479617329E-014
          19          27   7.1470607210400154E-016
          19          28  -1.2967372822314086E-014
          19          29  -5.9832809578443258E-016
          20           1  -9.8970666790547362E-002
          20           2 -0.43145105864570887     
          20           3  -9.6882077022545425E-015
          20           4   8.2005132310351273E-015
          20           5   3.1794574248979619E-015
          20           6   2.1662899975532386     
          20           7  -4.7630455734877789E-015
          20           8  -1.4982838446143106E-015
          20           9  -4.6796489672585194E-015
          20          10  0.14956033639789335     
          20          11   1.3524217322342391E-016
          20          12  -1.9959997556827650E-017
          20          13   2.7133332464068171E-015
          20          14   5.2135122310388415E-002
          20          15  -1.2925283627718214E-016
          20          16  -1.0002389591369842E-016
          20          17  -1.3103544002758338E-015
          20          18  0.26687759433358821     
          20          19   8.8961393907432835E-014
          20          20  0.58137755368349486     
          20          21  -1.0906972463794310E-013
          20          22  -1.8999738915088449E-015
          20          23  0.71184772045945022     
          20          24  0.16488027046524950     
          20          25  -1.0425697316573142E-014
          20          26  0.12090275405843043     
          20          27   1.4990483870915950E-014
          20          28  -6.8137489126208761E-015
          20          29  0.10314165669829836     
          21           1  -9.5027834308355417E-016
          21           2  -2.0896343033045916E-015
          21           3  -6.7078981710182809E-015
          21           4  -2.9327524267448504E-015
          21           5  -2.4355734960417567E-015
          21           6   7.2239075135418418E-015
          21           7   1.2680193213206755E-014
          21           8   1.4038528204118948E-014
          21           9   1.1367501115168868E-014
          21          10   7.9794256665384440E-015
          21          11  -2.6419531738441895E-015
          21          12  -4.5990843775165686E-015
          21          13  -3.7899702856183197E-015
          21          14   4.4805758517088533E-015
          21          15  -8.7084129733510305E-016
          21          16   9.0606632573191621E-016
          21          17   2.7836876500744670E-015
          21          18   2.3197313917479211E-013
          21          19  -6.6613381478566782E-016
          21          20  -1.0906972463794310E-013
          21          21   1.0995801421471487     
          21          22   3.0127289700196842E-015
          21          23  -1.2062122113750691E-013
          21          24  -2.9174143996118876E-014
          21          25   6.2450045136287407E-017
          21          26   1.7659579007754948E-014
          21          27 -0.14730022281060851     
          21          28  -6.8200011562947572E-016
          21          29   1.7576854261384417E-014
          22           1  -1.9641606449063553E-015
          22           2  -3.7968480565346442E-015
          22           3   5.1922016206549919E-015
          22           4  -3.7103767865649832E-015
          22           5   7.9663279816124074E-016
          22           6   6.8970489732700151E-015
          22           7   2.4152415020825292E-015
          22           8   2.5442769120221023E-015
          22           9   5.4224139293550074E-015
          22          10  -1.1938314362356086E-014
          22          11  -3.4067624746513938E-016
          22          12   4.2555810864589811E-015
          22          13   1.6239488443996198E-015
          22          14  -8.4684415762026339E-015
          22          15  -9.1057350314018063E-016
          22          16  -3.5908540544284533E-015
          22          17   5.8569689883079158E-016
          22          18  -1.2220188159177573E-014
          22          19  -1.0546781479018948E-013
          22          20  -1.8999738915088449E-015
          22          21   3.0127289700196842E-015
          22          22   1.9963082756678630     
          22          23   1.7217581900980672E-014
          22          24   1.0291637413063784E-014
          22          25  -8.6515483715559526E-015
          22          26  -6.7805406965357073E-015
          22          27  -7.6986989670479088E-016
          22          28  -3.6657407797646910E-002
          22          29  -4.2055887418287287E-015
          23           1 -0.10059038080217744     
          23           2 -0.43791396912964242     
          23           3  -1.9353189383994045E-014
          23           4   1.2373995958171383E-014
          23           5   3.9838842581139192E-015
          23           6   2.1950753646526677     
          23           7   1.3224898073981529E-015
          23           8   6.5794915625983726E-015
          23           9  -7.0535435474069353E-015
          23          10  0.15133500542021527     
          23          11  -3.6215141347826207E-015
          23          12  -1.4571721765822932E-015
          23          13   3.9173582674686445E-015
          23          14   5.2707412129714713E-002
          23          15   3.4625474526447878E-015
          23          16   1.7629595291303907E-015
          23          17  -1.9046666883939443E-015
          23          18 -0.23576091043684566     
          23          19   2.7864021426202346E-014
          23          20  0.71184772045945022     
          23          21  -1.2062122113750691E-013
          23          22   1.7217581900980672E-014
          23          23   1.0945284434418900     
          23          24  0.23608766882846624     
          23          25  -1.4628234244369170E-015
          23          26  0.10454322670418674     
          23          27   1.7255425476457621E-014
          23          28  -1.1725335372523013E-015
          23          29   5.1948426716060127E-002
          24           1  -3.0495470308752715E-002
          24           2 -0.11131423865363207     
          24           3  -1.5918289337006655E-015
          24           4   1.3254009224739731E-015
          24           5   8.0171671744850645E-016
          24           6  0.56197985056030830     
          24           7  -2.9552884224303931E-016
          24           8   4.2655953022495099E-016
          24           9  -2.6461834723170250E-015
          24          10   3.8541938239511554E-002
          24          11  -2.5132232353264632E-016
          24          12  -2.6956086485997771E-016
          24          13   1.1383636621187839E-015
          24          14   1.3377388245557363E-002
          24          15   2.9027057718757812E-016
          24          16   1.9176228858137912E-016
          24          17  -5.4522164124576186E-016
          24          18  -9.0737915551493374E-003
          24          19   1.1870973977402938E-014
          24          20  0.16488027046524950     
          24          21  -2.9174143996118876E-014
          24          22   1.0291637413063784E-014
          24          23  0.23608766882846624     
          24          24   5.2415439060239030E-002
          24          25  -1.0019468793923509E-015
          24          26   2.8181232701947750E-002
          24          27   4.1153457619491152E-015
          24          28  -3.0858649210116326E-016
          24          29   1.8440721072802625E-002
          25           1  -9.3185966244552066E-016
          25           2  -1.4567925047119231E-015
          25           3   1.5668502251660325E-016
          25           4  -1.1068271211687972E-015
          25           5   7.4315335594572554E-016
          25           6   5.3917590446780667E-015
          25           7   3.3550583047307409E-015
          25           8   3.7823146979323495E-015
          25           9  -6.6306373725860786E-016
          25          10   8.1932503173286280E-016
          25          11  -6.4914234118776815E-016
          25          12  -1.0261361969693274E-015
          25          13  -1.5258978174139572E-019
          25          14   3.3506846935556362E-016
          25          15   9.8629643986564030E-017
          25          16   2.8575526637072259E-016
          25          17   5.2598530732096736E-017
          25          18   1.1150734379635769E-014
          25          19 -0.14730022281061037     
          25          20  -1.0425697316573142E-014
          25          21   6.2450045136287407E-017
          25          22  -8.6515483715559526E-015
          25          23  -1.4628234244369170E-015
          25          24  -1.0019468793923509E-015
          25          25   1.9732400403018359E-002
          25          26   1.8299562947218079E-015
          25          27  -9.1072982488941858E-017
          25          28  -1.9480800587428964E-015
          25          29   3.4612251303686149E-016
          26           1  -3.0511094388315813E-002
          26           2 -0.11144329585602009     
          26           3   2.8132092601959633E-015
          26           4  -1.1957862506456913E-015
          26           5   2.9444731380652801E-015
          26           6  0.56481216968975523     
          26           7  -2.6466969837022015E-015
          26           8   1.6741786118732711E-015
          26           9  -7.8761419784244060E-016
          26          10   3.8713510047976477E-002
          26          11   1.1128248099627931E-015
          26          12  -4.7127810030084787E-016
          26          13   5.6315507678637469E-016
          26          14   1.3432272006717254E-002
          26          15  -1.0250336447690599E-015
          26          16  -1.2030672022984481E-016
          26          17  -2.5440044601669184E-016
          26          18  0.16744717240537935     
          26          19  -1.0933178479617329E-014
          26          20  0.12090275405843043     
          26          21   1.7659579007754948E-014
          26          22  -6.7805406965357073E-015
          26          23  0.10454322670418674     
          26          24   2.8181232701947750E-002
          26          25   1.8299562947218079E-015
          26          26   3.4420997349419863E-002
          26          27  -2.4087828147960380E-015
          26          28   8.1916136004175168E-016
          26          29   3.6787521531471135E-002
          27           1  -1.9542082748717598E-015
          27           2  -3.8459633068636848E-015
          27           3  -9.1441563935428182E-016
          27           4   2.1988955553559209E-015
          27           5   1.2302579699305761E-015
          27           6  -9.2521040756593164E-016
          27           7  -1.7624583583612868E-015
          27           8  -1.7588017572269819E-015
          27           9  -3.3038396153947777E-015
          27          10  -1.0472597820927545E-015
          27          11   2.7899235169674346E-016
          27          12   6.0186822484974929E-016
          27          13   9.0979488582969594E-016
          27          14  -5.9091369057864052E-016
          27          15   1.5440567243640528E-016
          27          16  -1.1500932198236897E-016
          27          17  -5.8451324234405967E-016
          27          18  -3.2493782844010824E-014
          27          19   7.1470607210400154E-016
          27          20   1.4990483870915950E-014
          27          21 -0.14730022281060851     
          27          22  -7.6986989670479088E-016
          27          23   1.7255425476457621E-014
          27          24   4.1153457619491152E-015
          27          25  -9.1072982488941858E-017
          27          26  -2.4087828147960380E-015
          27          27   1.9732400403017925E-002
          27          28   4.5398923870974068E-017
          27          29  -2.4959546999208226E-015
          28           1   3.9959159399225879E-015
