           1           1   2.2151062943567057     
           1           2  0.77755320375181380     
           1           3   1.6069445573180815E-014
           1           4   2.1675509197892962E-014
           1           5   2.6341515652095642E-015
           1           6  -3.6701716523689469E-002
           1           7  -1.5283833209110543E-015
           1           8  -8.4719769426794195E-015
           1           9   1.5998576950426450E-015
           1          10  -1.3467584242287847E-002
           1          11   2.1778573217936208E-015
           1          12   1.4776054983079166E-016
           1          13  -3.2470421217870950E-015
           1          14  -1.7613547157397828E-002
           1          15  -5.3764949700257837E-015
           1          16   3.9406599398425414E-015
           1          17   4.0713057275328315E-015
           1          18  0.12111215965997885     
           1          19   3.2876058037230990E-015
           1          20  0.12111215965997349     
           1          21  -3.9239979999376810E-015
           1          22   2.8385854279230242E-015
           1          23  0.12111215965998182     
           1          24  -3.8171438793983506E-002
           1          25   7.6231895911848513E-016
           1          26  -3.8171438793981861E-002
           1          27   2.8395748233302391E-015
           1          28   3.3456642770553448E-015
           1          29  -3.8171438793986434E-002
           2           1  0.77755320375181380     
           2           2   2.7670383236077596     
           2           3   3.4590579267869115E-014
           2           4   7.3099821179784593E-014
           2           5   9.0727164576589759E-015
           2           6 -0.69390176483952426     
           2           7  -3.0134537058574545E-015
           2           8  -1.0702203529848151E-014
           2           9  -8.1303397779707905E-015
           2          10  -5.7299536567959462E-002
           2          11  -6.7788144037500428E-016
           2          12   9.9769727562844971E-016
           2          13  -7.9966049191179131E-017
           2          14  -7.1461519206987692E-002
           2          15   1.8815724886791162E-015
           2          16   1.2560558020194826E-015
           2          17   4.5054585724336066E-015
           2          18  0.23941024565690300     
           2          19   1.6520954183076644E-015
           2          20  0.23941024565687158     
           2          21  -1.3504339351307480E-015
           2          22  -2.3294091164748850E-015
           2          23  0.23941024565692839     
           2          24 -0.17376329715996566     
           2          25   5.8842315168826995E-016
           2          26 -0.17376329715997130     
           2          27  -1.0256398365605164E-015
           2          28  -9.5875674984859670E-016
           2          29 -0.17376329715997640     
           3           1   1.6069445573180815E-014
           3           2   3.4590579267869115E-014
           3           3   2.2907671690925668     
           3           4  -3.4928657188792885E-015
           3           5  -2.3765711620881153E-016
           3           6  -4.3550897631727800E-014
           3           7 -0.81989135558652504     
           3           8   9.1628094001094351E-015
           3           9  -1.1830814106161982E-015
           3          10   2.1063822314530083E-014
           3          11  0.10380458757261693     
           3          12  -5.0950996893784064E-015
           3          13   4.4753697275857370E-015
           3          14   1.8031614231037899E-014
           3          15  -5.4936040322259391E-002
           3          16  -4.7145447268360282E-015
           3          17  -4.6653219482055595E-016
           3          18  -1.8594923669365445E-014
           3          19  -2.3955827090601319E-015
           3          20  -8.6605877830773016E-015
           3          21   1.0499309820958517E-014
           3          22  -9.3109062385442546E-016
           3          23  -2.4433932498486004E-014
           3          24   1.9347321957753432E-015
           3          25   4.8121650480851675E-015
           3          26  -1.6671617097452401E-015
           3          27  -4.7381752359803404E-015
           3          28   1.6055759193674697E-015
           3          29   9.5238056953974065E-015
           4           1   2.1675509197892962E-014
           4           2   7.3099821179784593E-014
           4           3  -3.4928657188792885E-015
           4           4   2.2907671690925637     
           4           5  -1.3227266504322795E-015
           4           6  -5.5317932068971704E-014
           4           7  -4.0419056990260803E-016
           4           8 -0.81989135558652171     
           4           9  -7.6327832942991227E-016
           4          10   1.5958426342980760E-014
           4          11  -6.9096204452500882E-015
           4          12  0.10380458757262606     
           4          13  -3.5756987648572047E-015
           4          14   9.3433325189761270E-015
           4          15   8.6372966071056322E-015
           4          16  -5.4936040322276496E-002
           4          17   1.0478813997072378E-014
           4          18  -1.5791288322988738E-014
           4          19  -5.2204941087613241E-015
           4          20  -2.1335330158892290E-014
           4          21   5.5126735415162213E-015
           4          22   4.1125026734599770E-015
           4          23  -2.3601296761791622E-014
           4          24  -2.1388499366915225E-015
           4          25  -3.4630817709960421E-016
           4          26  -3.4467797886596390E-015
           4          27  -1.1959301462102488E-015
           4          28   2.4714708856565210E-016
           4          29   1.1912110131562820E-014
           5           1   2.6341515652095642E-015
           5           2   9.0727164576589759E-015
           5           3  -2.3765711620881153E-016
           5           4  -1.3227266504322795E-015
           5           5   2.2907671690925642     
           5           6  -2.1129957667961732E-014
           5           7   3.2439329000766874E-016
           5           8   3.8961889270437896E-015
           5           9 -0.81989135558652049     
           5          10   9.7501894565140758E-015
           5          11  -3.8215958175768358E-015
           5          12  -2.6033862565724492E-015
           5          13  0.10380458757262839     
           5          14   8.0649431994316658E-015
           5          15   4.3132815027989064E-015
           5          16  -2.6055546609169749E-015
           5          17  -5.4936040322268502E-002
           5          18  -1.1119725696351019E-014
           5          19  -2.5825974671185825E-015
           5          20  -5.1264671523632659E-015
           5          21   4.1734586038778430E-015
           5          22   3.9465001144175143E-015
           5          23  -8.2370248369243550E-015
           5          24  -2.0486400365137036E-016
           5          25  -1.7571110718662555E-016
           5          26   2.0154014810329675E-016
           5          27  -1.4705114030027589E-015
           5          28   9.3610397520038392E-016
           5          29   5.4259990167205194E-015
           6           1  -3.6701716523689469E-002
           6           2 -0.69390176483952426     
           6           3  -4.3550897631727800E-014
           6           4  -5.5317932068971704E-014
           6           5  -2.1129957667961732E-014
           6           6   3.3799811055529210     
           6           7   1.2934921379199419E-015
           6           8   3.3793752713834181E-014
           6           9   7.0930594707622181E-015
           6          10  0.10707612912003900     
           6          11   1.0719947692962527E-015
           6          12  -9.1863393576573807E-015
           6          13  -6.2216696667247040E-015
           6          14  0.22116975188296742     
           6          15  -5.6520834491153575E-015
           6          16   3.7425155269328661E-015
           6          17   5.9482642556084707E-017
           6          18  0.10359669424114448     
           6          19   1.5046319316504093E-014
           6          20  0.10359669424073477     
           6          21   6.3032287720348003E-015
           6          22   8.6417485424544420E-016
           6          23  0.10359669424127792     
           6          24  0.73621043021601817     
           6          25   1.8063527555961995E-015
           6          26  0.73621043021596932     
           6          27  -4.2437680485050742E-015
           6          28   5.2407084390233249E-016
           6          29  0.73621043021596022     
           7           1  -1.5283833209110543E-015
           7           2  -3.0134537058574545E-015
           7           3 -0.81989135558652504     
           7           4  -4.0419056990260803E-016
           7           5   3.2439329000766874E-016
           7           6   1.2934921379199419E-015
           7           7   2.3184135881432963     
           7           8   2.7061686225248515E-016
           7           9   5.2041704279236365E-017
           7          10  -8.2535220831804376E-015
           7          11 -0.25687204432884930     
           7          12   3.0839046594177254E-015
           7          13  -3.7196808133634611E-015
           7          14  -8.5364642137087174E-015
           7          15  0.13529808252674072     
           7          16  -9.0248988837666923E-016
           7          17   6.9545064151911175E-015
           7          18   1.8731572281329171E-014
           7          19  -2.0346553632491570E-014
           7          20  -2.3342950580253840E-014
           7          21  -8.6827501976191130E-015
           7          22   9.3779014400250520E-015
           7          23  -4.7207174188363051E-016
           7          24  -4.3246982614744368E-015
           7          25  -1.8924022343829638E-015
           7          26  -5.2920869980762366E-015
           7          27   5.7332845524873927E-015
           7          28   2.1904194654869219E-015
           7          29   4.5779673043185301E-015
           8           1  -8.4719769426794195E-015
           8           2  -1.0702203529848151E-014
           8           3   9.1628094001094351E-015
           8           4 -0.81989135558652171     
           8           5   3.8961889270437896E-015
           8           6   3.3793752713834181E-014
           8           7   2.7061686225248515E-016
           8           8   2.3184135881432990     
           8           9  -1.2767564783185514E-015
           8          10   1.3212250999213547E-014
           8          11   3.0344650403522965E-015
           8          12 -0.25687204432885513     
           8          13   4.1338460432527353E-015
           8          14   1.3428503846635218E-014
           8          15  -3.1047213411290511E-015
           8          16  0.13529808252674444     
           8          17  -9.9113425799934069E-015
           8          18   5.8493742507435928E-015
           8          19  -4.0345070844741570E-015
           8          20   1.1535542695632500E-014
           8          21   5.7204574554919056E-015
           8          22  -2.1798068261269481E-015
           8          23  -1.0751969207397318E-014
           8          24   7.6194235248547475E-015
           8          25   3.1703460097609190E-015
           8          26   3.5484163225491465E-015
           8          27  -8.6872176919671962E-015
           8          28   7.4882931830349724E-016
           8          29   2.7721121584227140E-015
           9           1   1.5998576950426450E-015
           9           2  -8.1303397779707905E-015
           9           3  -1.1830814106161982E-015
           9           4  -7.6327832942991227E-016
           9           5 -0.81989135558652049     
           9           6   7.0930594707622181E-015
           9           7   5.2041704279236365E-017
           9           8  -1.2767564783185514E-015
           9           9   2.3184135881432932     
           9          10  -1.8087444821163654E-015
           9          11  -1.0451708942779274E-016
           9          12   2.1146279172164954E-015
           9          13 -0.25687204432885152     
           9          14  -3.5948303414574300E-015
           9          15   1.2984405217691838E-015
           9          16  -5.6205040621707803E-016
           9          17  0.13529808252674128     
           9          18   1.6056150565137645E-014
           9          19  -2.5598952075566557E-016
           9          20  -1.1107147378843002E-014
           9          21  -3.2843104194151364E-015
           9          22  -9.4509833028889741E-015
           9          23  -8.1410464359041804E-015
           9          24   2.4407654232638288E-015
           9          25   2.3419677640859943E-015
           9          26  -3.4418331182795176E-015
           9          27   2.4414616767702391E-015
           9          28  -1.3253805607356772E-015
           9          29   8.8707708652819608E-016
          10           1  -1.3467584242287847E-002
          10           2  -5.7299536567959462E-002
          10           3   2.1063822314530083E-014
          10           4   1.5958426342980760E-014
          10           5   9.7501894565140758E-015
          10           6  0.10707612912003900     
          10           7  -8.2535220831804376E-015
          10           8   1.3212250999213547E-014
          10           9  -1.8087444821163654E-015
          10          10  0.24556070578746461     
          10          11   2.4428963952686542E-015
          10          12  -7.6691926614507399E-016
          10          13   1.2910161416401129E-015
          10          14   8.0196601153648822E-005
          10          15   1.1186301860193422E-015
          10          16  -2.1585403895331195E-016
          10          17  -2.4577941051354739E-017
          10          18  -2.9022883404947412E-003
          10          19  -2.3572522550517593E-014
          10          20  -2.9022883404825461E-003
          10          21   5.0336475228022474E-015
          10          22   3.2530166533518258E-014
          10          23  -2.9022883404847006E-003
          10          24  -5.3425636532085291E-002
          10          25  -4.0392498074382803E-015
          10          26  -5.3425636532085929E-002
          10          27   2.0606002453019432E-015
          10          28   6.7689737386007857E-015
          10          29  -5.3425636532087997E-002
          11           1   2.1778573217936208E-015
          11           2  -6.7788144037500428E-016
          11           3  0.10380458757261693     
          11           4  -6.9096204452500882E-015
          11           5  -3.8215958175768358E-015
          11           6   1.0719947692962527E-015
          11           7 -0.25687204432884930     
          11           8   3.0344650403522965E-015
          11           9  -1.0451708942779274E-016
          11          10   2.4428963952686542E-015
          11          11   3.1544840375194456E-002
          11          12  -8.9988780316324281E-016
          11          13   5.1776074747054178E-016
          11          14   1.3781722682564498E-015
          11          15  -1.6492883138552183E-002
          11          16   3.1402560673342984E-016
          11          17  -8.6481386288312681E-016
          11          18  -1.3750187159681577E-014
          11          19   3.8342037754741298E-015
          11          20   7.4101352703658084E-015
          11          21  -6.2970614696876976E-016
          11          22  -1.5808926079065869E-015
          11          23   6.7266513610236625E-015
          11          24  -1.0258072250934259E-015
          11          25   5.1062287798345230E-016
          11          26   2.4217838076302302E-016
          11          27  -9.4105907944142329E-016
          11          28  -3.8403927656013441E-016
          11          29   8.9042166936118249E-018
          12           1   1.4776054983079166E-016
          12           2   9.9769727562844971E-016
          12           3  -5.0950996893784064E-015
          12           4  0.10380458757262606     
          12           5  -2.6033862565724492E-015
          12           6  -9.1863393576573807E-015
          12           7   3.0839046594177254E-015
          12           8 -0.25687204432885513     
          12           9   2.1146279172164954E-015
          12          10  -7.6691926614507399E-016
          12          11  -8.9988780316324281E-016
          12          12   3.1544840375196372E-002
          12          13  -7.9667175634240210E-016
          12          14  -2.0500373393661465E-015
          12          15   6.4379925002257007E-016
          12          16  -1.6492883138553370E-002
          12          17   1.4303879261602593E-015
          12          18   3.3343723862106790E-014
          12          19   4.6971590335176272E-015
          12          20  -1.3029054196902029E-014
          12          21  -2.5937902842177342E-015
          12          22  -7.4641385369343762E-015
          12          23  -2.1144684384119379E-014
          12          24   2.7610183065319667E-015
          12          25   1.2126370464623059E-016
          12          26  -1.8374806417631837E-015
          12          27   1.1228759475273543E-015
          12          28  -8.6935751702101889E-016
          12          29  -3.4569670078253960E-015
          13           1  -3.2470421217870950E-015
          13           2  -7.9966049191179131E-017
          13           3   4.4753697275857370E-015
          13           4  -3.5756987648572047E-015
          13           5  0.10380458757262839     
          13           6  -6.2216696667247040E-015
          13           7  -3.7196808133634611E-015
          13           8   4.1338460432527353E-015
          13           9 -0.25687204432885152     
          13          10   1.2910161416401129E-015
          13          11   5.1776074747054178E-016
          13          12  -7.9667175634240210E-016
          13          13   3.1544840375195060E-002
          13          14   2.5157268487195296E-016
          13          15  -4.1299971255405197E-016
          13          16   3.1355126828274329E-016
          13          17  -1.6492883138552541E-002
          13          18  -2.6484150674560390E-015
          13          19   4.8034992132462109E-015
          13          20  -4.9083396646583708E-016
          13          21  -3.4682838234224901E-015
          13          22  -8.3091247814906216E-015
          13          23   2.8274405134765115E-015
          13          24  -1.5349768497895689E-015
          13          25   3.5167324468641050E-016
          13          26  -1.9683408441700476E-016
          13          27  -7.6071971892420772E-016
          13          28  -1.1761286889833483E-015
          13          29  -7.1606293971071860E-016
          14           1  -1.7613547157397828E-002
          14           2  -7.1461519206987692E-002
          14           3   1.8031614231037899E-014
          14           4   9.3433325189761270E-015
          14           5   8.0649431994316658E-015
          14           6  0.22116975188296742     
          14           7  -8.5364642137087174E-015
          14           8   1.3428503846635218E-014
          14           9  -3.5948303414574300E-015
          14          10   8.0196601153648822E-005
          14          11   1.3781722682564498E-015
          14          12  -2.0500373393661465E-015
          14          13   2.5157268487195296E-016
          14          14   2.4946409423754073E-002
          14          15  -1.0471406862505390E-015
          14          16   1.0363187934292506E-015
          14          17  -3.6031717490875662E-016
          14          18   1.4084716643537306E-002
          14          19  -2.1604218043637686E-014
          14          20   1.4084716643561307E-002
          14          21   3.0830898459456385E-015
          14          22   2.9072067999254176E-014
          14          23   1.4084716643564699E-002
          14          24   9.6292635505614566E-002
          14          25  -2.8077825236635745E-015
          14          26   9.6292635505618229E-002
          14          27   6.8071302576197408E-018
          14          28   3.8149715538093630E-015
          14          29   9.6292635505617521E-002
          15           1  -5.3764949700257837E-015
          15           2   1.8815724886791162E-015
          15           3  -5.4936040322259391E-002
          15           4   8.6372966071056322E-015
          15           5   4.3132815027989064E-015
          15           6  -5.6520834491153575E-015
          15           7  0.13529808252674072     
          15           8  -3.1047213411290511E-015
          15           9   1.2984405217691838E-015
          15          10   1.1186301860193422E-015
          15          11  -1.6492883138552183E-002
          15          12   6.4379925002257007E-016
          15          13  -4.1299971255405197E-016
          15          14  -1.0471406862505390E-015
          15          15   8.6278337179674057E-003
          15          16  -2.5709144015114194E-016
          15          17   5.2600068398145637E-016
          15          18   2.4749000654111534E-014
          15          19   3.4152293005916017E-015
          15          20  -1.8617173697732361E-014
          15          21   1.3616432669929261E-015
          15          22  -6.3397643998752112E-015
          15          23  -6.8330465301410814E-015
          15          24   9.0408860911886004E-016
          15          25   3.9847678225671545E-016
          15          26  -3.2471625613550623E-015
          15          27   5.2765825313728542E-016
          15          28  -7.1870476564454191E-016
          15          29  -1.9824488085607729E-015
          16           1   3.9406599398425414E-015
          16           2   1.2560558020194826E-015
          16           3  -4.7145447268360282E-015
          16           4  -5.4936040322276496E-002
          16           5  -2.6055546609169749E-015
          16           6   3.7425155269328661E-015
          16           7  -9.0248988837666923E-016
          16           8  0.13529808252674444     
          16           9  -5.6205040621707803E-016
          16          10  -2.1585403895331195E-016
          16          11   3.1402560673342984E-016
          16          12  -1.6492883138553370E-002
          16          13   3.1355126828274329E-016
          16          14   1.0363187934292506E-015
          16          15  -2.5709144015114194E-016
          16          16   8.6278337179681239E-003
          16          17  -6.9356412973902117E-016
          16          18  -2.2289947628369782E-014
          16          19  -8.6038730347900306E-015
          16          20   4.0947089576091906E-015
          16          21   1.8019083642671932E-015
          16          22   1.2404001099659835E-014
          16          23   1.9407661734339476E-014
          16          24  -1.9578285586570195E-015
          16          25  -8.8040543790429010E-016
          16          26   7.7596966419040776E-016
          16          27  -3.6232521151511947E-016
          16          28   1.5640741801715572E-015
          16          29   3.2498420778869461E-015
          17           1   4.0713057275328315E-015
          17           2   4.5054585724336066E-015
          17           3  -4.6653219482055595E-016
          17           4   1.0478813997072378E-014
          17           5  -5.4936040322268502E-002
          17           6   5.9482642556084707E-017
          17           7   6.9545064151911175E-015
          17           8  -9.9113425799934069E-015
          17           9  0.13529808252674128     
          17          10  -2.4577941051354739E-017
          17          11  -8.6481386288312681E-016
          17          12   1.4303879261602593E-015
          17          13  -1.6492883138552541E-002
          17          14  -3.6031717490875662E-016
          17          15   5.2600068398145637E-016
          17          16  -6.9356412973902117E-016
          17          17   8.6278337179676069E-003
          17          18   5.1919928641314346E-015
          17          19  -1.5148447352002757E-015
          17          20  -3.6060882198077851E-015
          17          21   1.4384067585082432E-015
          17          22   3.2417983011307850E-015
          17          23  -6.8294217190754723E-016
          17          24   4.9409923051329051E-016
          17          25   2.5405312959125918E-017
          17          26  -1.1068829612592474E-015
          17          27   3.6208355344420424E-016
          17          28   4.9403972723666116E-016
          17          29  -3.3353932587435688E-016
          18           1  0.12111215965997885     
          18           2  0.23941024565690300     
          18           3  -1.8594923669365445E-014
          18           4  -1.5791288322988738E-014
          18           5  -1.1119725696351019E-014
          18           6  0.10359669424114448     
          18           7   1.8731572281329171E-014
          18           8   5.8493742507435928E-015
          18           9   1.6056150565137645E-014
          18          10  -2.9022883404947412E-003
          18          11  -1.3750187159681577E-014
          18          12   3.3343723862106790E-014
          18          13  -2.6484150674560390E-015
          18          14   1.4084716643537306E-002
          18          15   2.4749000654111534E-014
          18          16  -2.2289947628369782E-014
          18          17   5.1919928641314346E-015
          18          18   1.9929457682647569     
          18          19  -1.0176990810929467E-013
          18          20 -0.92898524096474344     
          18          21   1.0125041955539155E-013
          18          22  -3.5925078356513682E-013
          18          23 -0.92898524096449897     
          18          24  0.10428265358509375     
          18          25  -5.3322062877472450E-015
          18          26   5.0024047267100441E-002
          18          27   1.2416969362304342E-014
          18          28  -1.6939298712638976E-014
          18          29   5.0024047267088520E-002
          19           1   3.2876058037230990E-015
          19           2   1.6520954183076644E-015
          19           3  -2.3955827090601319E-015
          19           4  -5.2204941087613241E-015
          19           5  -2.5825974671185825E-015
          19           6   1.5046319316504093E-014
          19           7  -2.0346553632491570E-014
          19           8  -4.0345070844741570E-015
          19           9  -2.5598952075566557E-016
          19          10  -2.3572522550517593E-014
          19          11   3.8342037754741298E-015
          19          12   4.6971590335176272E-015
          19          13   4.8034992132462109E-015
          19          14  -2.1604218043637686E-014
          19          15   3.4152293005916017E-015
          19          16  -8.6038730347900306E-015
          19          17  -1.5148447352002757E-015
          19          18  -1.0176990810929467E-013
          19          19   1.9476319335335934     
          19          20   1.4681607368023705E-013
          19          21   1.4350499954908939E-015
          19          22   1.2490009027289998E-015
          19          23  -1.9744924948947210E-014
          19          24  -6.3084328506988441E-015
          19          25   3.8025665664093142E-002
          19          26  -5.5701077904428284E-015
          19          27   3.0655545376471871E-015
          19          28   2.3071822230504381E-015
          19          29  -5.6812339496702414E-015
          20           1  0.12111215965997349     
          20           2  0.23941024565687158     
          20           3  -8.6605877830773016E-015
          20           4  -2.1335330158892290E-014
          20           5  -5.1264671523632659E-015
          20           6  0.10359669424073477     
          20           7  -2.3342950580253840E-014
          20           8   1.1535542695632500E-014
          20           9  -1.1107147378843002E-014
          20          10  -2.9022883404825461E-003
          20          11   7.4101352703658084E-015
          20          12  -1.3029054196902029E-014
          20          13  -4.9083396646583708E-016
          20          14   1.4084716643561307E-002
          20          15  -1.8617173697732361E-014
          20          16   4.0947089576091906E-015
          20          17  -3.6060882198077851E-015
          20          18 -0.92898524096474344     
          20          19   1.4681607368023705E-013
          20          20   1.9929457682644101     
          20          21  -5.5155595383231095E-014
          20          22   1.4439007859108603E-013
          20          23 -0.92898524096467638     
          20          24   5.0024047267083961E-002
          20          25   9.0101775021541997E-015
          20          26  0.10428265358503229     
          20          27  -1.0461055378766993E-014
          20          28   4.5201059475844597E-016
          20          29   5.0024047267051980E-002
          21           1  -3.9239979999376810E-015
          21           2  -1.3504339351307480E-015
          21           3   1.0499309820958517E-014
          21           4   5.5126735415162213E-015
          21           5   4.1734586038778430E-015
          21           6   6.3032287720348003E-015
          21           7  -8.6827501976191130E-015
          21           8   5.7204574554919056E-015
          21           9  -3.2843104194151364E-015
          21          10   5.0336475228022474E-015
          21          11  -6.2970614696876976E-016
          21          12  -2.5937902842177342E-015
          21          13  -3.4682838234224901E-015
          21          14   3.0830898459456385E-015
          21          15   1.3616432669929261E-015
          21          16   1.8019083642671932E-015
          21          17   1.4384067585082432E-015
          21          18   1.0125041955539155E-013
          21          19   1.4350499954908939E-015
          21          20  -5.5155595383231095E-014
          21          21   1.9476319335335925     
          21          22   1.9272777817759776E-015
          21          23  -3.6571795162881047E-014
          21          24   1.7084143241864470E-014
          21          25  -1.8468028755597767E-015
          21          26  -9.2880252166045593E-015
          21          27   3.8025665664097444E-002
          21          28   5.3277694755621434E-016
          21          29  -6.0156584135220177E-015
          22           1   2.8385854279230242E-015
          22           2  -2.3294091164748850E-015
          22           3  -9.3109062385442546E-016
          22           4   4.1125026734599770E-015
          22           5   3.9465001144175143E-015
          22           6   8.6417485424544420E-016
          22           7   9.3779014400250520E-015
          22           8  -2.1798068261269481E-015
          22           9  -9.4509833028889741E-015
          22          10   3.2530166533518258E-014
          22          11  -1.5808926079065869E-015
          22          12  -7.4641385369343762E-015
          22          13  -8.3091247814906216E-015
          22          14   2.9072067999254176E-014
          22          15  -6.3397643998752112E-015
          22          16   1.2404001099659835E-014
          22          17   3.2417983011307850E-015
          22          18  -3.5925078356513682E-013
          22          19   1.2490009027289998E-015
          22          20   1.4439007859108603E-013
          22          21   1.9272777817759776E-015
          22          22   1.9476319335335941     
          22          23   1.8523197395902560E-013
          22          24  -1.8514639156700421E-014
          22          25  -4.3437475838414947E-015
          22          26   1.9578344880614871E-014
          22          27  -2.6094577887425289E-015
          22          28   3.8025665664093267E-002
          22          29   2.8057402315826982E-014
          23           1  0.12111215965998182     
          23           2  0.23941024565692839     
          23           3  -2.4433932498486004E-014
          23           4  -2.3601296761791622E-014
          23           5  -8.2370248369243550E-015
          23           6  0.10359669424127792     
          23           7  -4.7207174188363051E-016
          23           8  -1.0751969207397318E-014
          23           9  -8.1410464359041804E-015
          23          10  -2.9022883404847006E-003
          23          11   6.7266513610236625E-015
          23          12  -2.1144684384119379E-014
          23          13   2.8274405134765115E-015
          23          14   1.4084716643564699E-002
          23          15  -6.8330465301410814E-015
          23          16   1.9407661734339476E-014
          23          17  -6.8294217190754723E-016
          23          18 -0.92898524096449897     
          23          19  -1.9744924948947210E-014
          23          20 -0.92898524096467638     
          23          21  -3.6571795162881047E-014
          23          22   1.8523197395902560E-013
          23          23   1.9929457682648848     
          23          24   5.0024047267110447E-002
          23          25  -2.4041989831173394E-015
          23          26   5.0024047267087944E-002
          23          27  -3.5395939155919775E-015
          23          28   1.5948683925122757E-014
          23          29  0.10428265358506206     
          24           1  -3.8171438793983506E-002
          24           2 -0.17376329715996566     
          24           3   1.9347321957753432E-015
          24           4  -2.1388499366915225E-015
          24           5  -2.0486400365137036E-016
          24           6  0.73621043021601817     
          24           7  -4.3246982614744368E-015
          24           8   7.6194235248547475E-015
          24           9   2.4407654232638288E-015
          24          10  -5.3425636532085291E-002
          24          11  -1.0258072250934259E-015
          24          12   2.7610183065319667E-015
          24          13  -1.5349768497895689E-015
          24          14   9.6292635505614566E-002
          24          15   9.0408860911886004E-016
          24          16  -1.9578285586570195E-015
          24          17   4.9409923051329051E-016
          24          18  0.10428265358509375     
          24          19  -6.3084328506988441E-015
          24          20   5.0024047267083961E-002
          24          21   1.7084143241864470E-014
          24          22  -1.8514639156700421E-014
          24          23   5.0024047267110447E-002
          24          24  0.42029843554992075     
          24          25  -2.3082234758723725E-015
          24          26  0.38356189001051888     
          24          27   6.0596027050032442E-016
          24          28  -2.9125936415799081E-015
          24          29  0.38356189001051988     
          25           1   7.6231895911848513E-016
          25           2   5.8842315168826995E-016
          25           3   4.8121650480851675E-015
          25           4  -3.4630817709960421E-016
          25           5  -1.7571110718662555E-016
          25           6   1.8063527555961995E-015
          25           7  -1.8924022343829638E-015
          25           8   3.1703460097609190E-015
          25           9   2.3419677640859943E-015
          25          10  -4.0392498074382803E-015
          25          11   5.1062287798345230E-016
          25          12   1.2126370464623059E-016
          25          13   3.5167324468641050E-016
          25          14  -2.8077825236635745E-015
          25          15   3.9847678225671545E-016
          25          16  -8.8040543790429010E-016
          25          17   2.5405312959125918E-017
          25          18  -5.3322062877472450E-015
          25          19   3.8025665664093142E-002
          25          20   9.0101775021541997E-015
          25          21  -1.8468028755597767E-015
          25          22  -4.3437475838414947E-015
          25          23  -2.4041989831173394E-015
          25          24  -2.3082234758723725E-015
          25          25   2.3401348555644519E-002
          25          26   2.2755317668367646E-015
          25          27   5.2556361498024214E-016
          25          28  -3.6754453647209494E-016
          25          29  -6.4379953079036400E-016
          26           1  -3.8171438793981861E-002
          26           2 -0.17376329715997130     
          26           3  -1.6671617097452401E-015
          26           4  -3.4467797886596390E-015
          26           5   2.0154014810329675E-016
          26           6  0.73621043021596932     
          26           7  -5.2920869980762366E-015
          26           8   3.5484163225491465E-015
          26           9  -3.4418331182795176E-015
          26          10  -5.3425636532085929E-002
          26          11   2.4217838076302302E-016
          26          12  -1.8374806417631837E-015
          26          13  -1.9683408441700476E-016
          26          14   9.6292635505618229E-002
          26          15  -3.2471625613550623E-015
          26          16   7.7596966419040776E-016
          26          17  -1.1068829612592474E-015
          26          18   5.0024047267100441E-002
          26          19  -5.5701077904428284E-015
          26          20  0.10428265358503229     
          26          21  -9.2880252166045593E-015
          26          22   1.9578344880614871E-014
          26          23   5.0024047267087944E-002
          26          24  0.38356189001051888     
          26          25   2.2755317668367646E-015
          26          26  0.42029843554991358     
          26          27  -2.5609276764613739E-015
          26          28   2.6594080348091946E-015
          26          29  0.38356189001051610     
          27           1   2.8395748233302391E-015
          27           2  -1.0256398365605164E-015
          27           3  -4.7381752359803404E-015
          27           4  -1.1959301462102488E-015
          27           5  -1.4705114030027589E-015
          27           6  -4.2437680485050742E-015
          27           7   5.7332845524873927E-015
          27           8  -8.6872176919671962E-015
          27           9   2.4414616767702391E-015
          27          10   2.0606002453019432E-015
          27          11  -9.4105907944142329E-016
          27          12   1.1228759475273543E-015
          27          13  -7.6071971892420772E-016
          27          14   6.8071302576197408E-018
          27          15   5.2765825313728542E-016
          27          16  -3.6232521151511947E-016
          27          17   3.6208355344420424E-016
          27          18   1.2416969362304342E-014
          27          19   3.0655545376471871E-015
          27          20  -1.0461055378766993E-014
          27          21   3.8025665664097444E-002
          27          22  -2.6094577887425289E-015
          27          23  -3.5395939155919775E-015
          27          24   6.0596027050032442E-016
          27          25   5.2556361498024214E-016
          27          26  -2.5609276764613739E-015
          27          27   2.3401348555644397E-002
          27          28  -4.5260019690449626E-016
          27          29  -2.4213818443596358E-015
          28           1   3.3456642770553448E-015
