           1           1   2.2040574865722888     
           1           2  0.72789725510278003     
           1           3   2.9651990517913973E-010
           1           4   3.0344874281032369E-010
           1           5  -1.0368457200101756E-010
           1           6 -0.20135622787168728     
           1           7  -7.7410142658308791E-010
           1           8  -7.1050664965411487E-010
           1           9   3.0383501409626582E-010
           1          10   2.7899311557343584E-002
           1          11  -1.2045932019472874E-010
           1          12  -8.8649436163915608E-010
           1          13  -3.4346805157422113E-011
           1          14  -2.3326904203237651E-002
           1          15   2.0125421107277492E-011
           1          16   1.2204354540953722E-011
           1          17   6.1241144868006501E-011
           1          18   2.1125228784024196E-002
           1          19   3.1543290658661310E-010
           1          20   2.1125230415831996E-002
           1          21  -2.1231851992546986E-010
           1          22   4.2486480451236723E-010
           1          23   2.1125229927513089E-002
           1          24   4.6869410533975121E-003
           1          25   7.2235667568434601E-011
           1          26   4.6869419571960325E-003
           1          27  -1.5633855122806207E-010
           1          28   1.5168963417414561E-010
           1          29   4.6869418037192162E-003
           2           1  0.72789725510278003     
           2           2   2.5830852300844604     
           2           3   9.1393537870951754E-010
           2           4   9.9932993683148574E-010
           2           5  -2.8199858469593685E-010
           2           6  -1.0042203460674677     
           2           7  -2.3461610475246914E-009
           2           8  -2.2069096999589128E-009
           2           9   7.7455723430304124E-010
           2          10   9.8789830603468090E-002
           2          11  -4.8168312772555774E-010
           2          12  -3.5360408629662811E-009
           2          13  -1.3887807021342514E-010
           2          14  -9.8065866296597165E-002
           2          15   8.1429385483217249E-011
           2          16   4.9835860845956753E-011
           2          17   2.4433620391563235E-010
           2          18  -2.8644465101753346E-004
           2          19  -1.2467137024935329E-009
           2          20  -2.8643897804569171E-004
           2          21  -9.4078072852432083E-010
           2          22  -2.2318668570237720E-010
           2          23  -2.8643847414936883E-004
           2          24   2.7839414969366752E-003
           2          25  -1.1555888750077664E-009
           2          26   2.7839446234512004E-003
           2          27  -6.7245071770703445E-010
           2          28  -4.9670119287180759E-010
           2          29   2.7839454147655374E-003
           3           1   2.9651990517913973E-010
           3           2   9.1393537870951754E-010
           3           3   2.2780511032111108     
           3           4  -3.2390694380747869E-010
           3           5   5.5290068665995873E-010
           3           6  -2.6926523560293002E-009
           3           7 -0.79594686669561809     
           3           8   4.6998475350948170E-010
           3           9  -8.5344219349982623E-010
           3          10  -1.2090604467810379E-009
           3          11  -3.8929832974321276E-003
           3          12  -2.5956523363490191E-010
           3          13   4.5898538848406131E-009
           3          14  -1.9601056937381630E-009
           3          15   9.0955308928071900E-004
           3          16   2.0289514561861895E-009
           3          17  -2.8823027558857957E-009
           3          18  -2.0829545932168724E-009
           3          19   9.3865687916848345E-009
           3          20   6.4845345061575030E-009
           3          21  -7.2491845134256990E-010
           3          22   6.7437232579302626E-009
           3          23  -4.8432757597794248E-009
           3          24  -2.4554608344349804E-009
           3          25   4.5099757029501860E-009
           3          26   1.2439712119845767E-009
           3          27   8.8396268661014003E-010
           3          28   3.5978328697294275E-009
           3          29   7.5372019548413692E-011
           4           1   3.0344874281032369E-010
           4           2   9.9932993683148574E-010
           4           3  -3.2390694380747869E-010
           4           4   2.2780511032836737     
           4           5   4.5447906103963928E-010
           4           6  -1.1743564625285116E-009
           4           7   3.0873058229441495E-010
           4           8 -0.79594686698967410     
           4           9  -7.0739375812207768E-010
           4          10  -1.3629516646970401E-009
           4          11  -4.4510104068218032E-010
           4          12  -3.8929832918768179E-003
           4          13   4.6872109324171787E-009
           4          14  -2.1181935396220857E-010
           4          15   9.2121439922711896E-010
           4          16   9.0955513980303670E-004
           4          17  -2.8732678717497411E-009
           4          18   1.3508149542512374E-011
           4          19   9.1617885161660870E-009
           4          20   3.4675507739355727E-009
           4          21   6.1875558437743432E-010
           4          22   4.1507557623096884E-009
           4          23  -2.6310230299376735E-009
           4          24  -2.2568170045303871E-009
           4          25   5.3037885712611154E-009
           4          26   1.4944226954244566E-009
           4          27   1.3831411598678716E-009
           4          28   3.6097911660765176E-009
           4          29   1.0594025112605805E-010
           5           1  -1.0368457200101756E-010
           5           2  -2.8199858469593685E-010
           5           3   5.5290068665995873E-010
           5           4   4.5447906103963928E-010
           5           5   2.2780511031452746     
           5           6   1.7890784267532380E-009
           5           7  -1.2617984520483054E-009
           5           8  -1.0925450102869767E-009
           5           9 -0.79594686637987100     
           5          10   1.3480627562113729E-009
           5          11   3.8329143100917093E-010
           5          12   3.1635701344594236E-010
           5          13  -3.8929854120242045E-003
           5          14   1.6111942406409711E-009
           5          15   1.5259897409061398E-010
           5          16  -5.0600100068602030E-010
           5          17   9.0955443519216944E-004
           5          18  -9.5797806548475286E-010
           5          19  -9.8330320606575263E-009
           5          20  -2.9361942939202706E-009
           5          21  -2.4580072619631528E-009
           5          22  -8.1413760382963603E-009
           5          23   4.7466077043094490E-009
           5          24  -8.0873713924088944E-010
           5          25  -7.3429621568509666E-009
           5          26  -1.0288937289302272E-009
           5          27  -1.1888170650614269E-009
           5          28  -4.8381035819500951E-009
           5          29   3.0425404677491460E-009
           6           1 -0.20135622787168728     
           6           2  -1.0042203460674677     
           6           3  -2.6926523560293002E-009
           6           4  -1.1743564625285116E-009
           6           5   1.7890784267532380E-009
           6           6   2.4930770357585952     
           6           7   8.8506746525330229E-009
           6           8   6.8706817398502782E-009
           6           9  -5.1697935824190095E-009
           6          10 -0.26827400548120239     
           6          11   1.3413419407644201E-009
           6          12   9.8052640774335010E-009
           6          13   3.7593514900739438E-010
           6          14  0.27957050049278137     
           6          15  -2.0989253970080187E-010
           6          16  -7.1292558040842466E-011
           6          17  -6.7356525277198761E-010
           6          18   7.2908072870907334E-004
           6          19  -1.1496883726894958E-008
           6          20   7.2906152616962396E-004
           6          21   3.8553927822656115E-009
           6          22  -5.9951965295440789E-009
           6          23   7.2907407116914482E-004
           6          24   9.4146246427254587E-004
           6          25  -5.5198976892038599E-009
           6          26   9.4145167463306843E-004
           6          27   2.4985815392424846E-009
           6          28  -2.5166196117669732E-009
           6          29   9.4145775532999282E-004
           7           1  -7.7410142658308791E-010
           7           2  -2.3461610475246914E-009
           7           3 -0.79594686669561809     
           7           4   3.0873058229441495E-010
           7           5  -1.2617984520483054E-009
           7           6   8.8506746525330229E-009
           7           7   2.2771919065769994     
           7           8   3.5110222475708316E-010
           7           9   1.5871834498552696E-009
           7          10   3.5857032146175498E-009
           7          11   4.4884516492082619E-003
           7          12   6.4030293277092123E-010
           7          13  -1.2858984839158952E-008
           7          14   6.0475399865230287E-009
           7          15   6.2237354870503937E-004
           7          16  -5.7019952213876511E-009
           7          17   8.0820619956846276E-009
           7          18   4.1693898396492576E-009
           7          19  -2.5000199397589297E-008
           7          20  -1.4644825723405337E-008
           7          21   1.9660895083734406E-009
           7          22  -1.4655503441322186E-008
           7          23   1.3236427736946640E-008
           7          24   4.9802261901799764E-009
           7          25  -1.2958910103350700E-008
           7          26  -1.2199732723509480E-009
           7          27  -2.8372133666027153E-009
           7          28  -8.1873084708994269E-009
           7          29  -1.2050352343307821E-010
           8           1  -7.1050664965411487E-010
           8           2  -2.2069096999589128E-009
           8           3   4.6998475350948170E-010
           8           4 -0.79594686698967410     
           8           5  -1.0925450102869767E-009
           8           6   6.8706817398502782E-009
           8           7   3.5110222475708316E-010
           8           8   2.2771919075829241     
           8           9   1.4771510990714368E-009
           8          10   2.6474083356471094E-009
           8          11   1.2731625045997059E-009
           8          12   4.4884512293709164E-003
           8          13  -1.3074983111275540E-008
           8          14   2.3652385043830679E-009
           8          15  -2.6729533877603671E-009
           8          16   6.2236785163265608E-004
           8          17   7.8805261240700367E-009
           8          18   2.1694721516258452E-009
           8          19  -2.2093626775931737E-008
           8          20  -7.6219295811993107E-009
           8          21  -4.9482997209660973E-010
           8          22  -8.8852979486203865E-009
           8          23   6.7523784033356080E-009
           8          24   7.5762402752950350E-009
           8          25  -1.2938935947968414E-008
           8          26  -4.6073274578361488E-009
           8          27  -3.2219253155282419E-009
           8          28  -8.7949167160001664E-009
           8          29  -8.0686017401712383E-010
           9           1   3.0383501409626582E-010
           9           2   7.7455723430304124E-010
           9           3  -8.5344219349982623E-010
           9           4  -7.0739375812207768E-010
           9           5 -0.79594686637987100     
           9           6  -5.1697935824190095E-009
           9           7   1.5871834498552696E-009
           9           8   1.4771510990714368E-009
           9           9   2.2771919053100675     
           9          10  -3.7196090426198415E-009
           9          11  -1.0916676087568784E-009
           9          12  -9.5802850399322246E-010
           9          13   4.4884574803665134E-003
           9          14  -4.3816871416821542E-009
           9          15  -3.5466224120013096E-010
           9          16   1.4782983855591612E-009
           9          17   6.2236986315229552E-004
           9          18  -2.5418008908736856E-010
           9          19   1.6762142933758282E-008
           9          20   4.8917235655010491E-009
           9          21   5.0569295073728941E-009
           9          22   1.4160817843517663E-008
           9          23  -7.3526942529202196E-009
           9          24   7.6455505766819710E-010
           9          25   1.4603747248312076E-008
           9          26   1.4146133327075515E-009
           9          27   1.7919679472058721E-009
           9          28   7.4204555702191141E-009
           9          29  -5.4029762406908584E-009
          10           1   2.7899311557343584E-002
          10           2   9.8789830603468090E-002
          10           3  -1.2090604467810379E-009
          10           4  -1.3629516646970401E-009
          10           5   1.3480627562113729E-009
          10           6 -0.26827400548120239     
          10           7   3.5857032146175498E-009
          10           8   2.6474083356471094E-009
          10           9  -3.7196090426198415E-009
          10          10  0.53415997870304732     
          10          11  -2.0846720545712720E-009
          10          12  -1.6487454518459827E-008
          10          13  -4.8162107557130570E-010
          10          14 -0.57481548319030096     
          10          15  -3.1635838988611832E-011
          10          16  -1.6344461396167855E-009
          10          17   1.0767588433649630E-009
          10          18  -2.0210237906776737E-004
          10          19  -5.7499406023568766E-008
          10          20  -2.0210967243454686E-004
          10          21  -3.8235787156038240E-009
          10          22  -4.0259320369907559E-008
          10          23  -2.0205616135064789E-004
          10          24   7.1004398677244402E-005
          10          25  -3.3451675579652240E-008
          10          26   7.0999754290187645E-005
          10          27  -2.2143772381358270E-009
          10          28  -2.3980190607366028E-008
          10          29   7.1031349447838441E-005
          11           1  -1.2045932019472874E-010
          11           2  -4.8168312772555774E-010
          11           3  -3.8929832974321276E-003
          11           4  -4.4510104068218032E-010
          11           5   3.8329143100917093E-010
          11           6   1.3413419407644201E-009
          11           7   4.4884516492082619E-003
          11           8   1.2731625045997059E-009
          11           9  -1.0916676087568784E-009
          11          10  -2.0846720545712720E-009
          11          11   1.1547960282752248E-005
          11          12   3.8126387586512371E-012
          11          13  -2.7644169875961363E-011
          11          14   2.2577318643210185E-009
          11          15  -8.3131013165038731E-008
          11          16  -1.0936300334502395E-011
          11          17   1.5686383926744626E-011
          11          18  -1.9303228013894157E-008
          11          19   2.3415113426892444E-008
          11          20   3.6140924859590139E-008
          11          21  -8.2415190293987298E-010
          11          22   4.9602104275550779E-008
          11          23  -1.6830027389963551E-008
          11          24  -1.1177223633279666E-008
          11          25   1.3567476978130319E-008
          11          26   2.0949521808524403E-008
          11          27  -4.8515522997795022E-010
          11          28   2.8734554040334970E-008
          11          29  -9.7655462746782715E-009
          12           1  -8.8649436163915608E-010
          12           2  -3.5360408629662811E-009
          12           3  -2.5956523363490191E-010
          12           4  -3.8929832918768179E-003
          12           5   3.1635701344594236E-010
          12           6   9.8052640774335010E-009
          12           7   6.4030293277092123E-010
          12           8   4.4884512293709164E-003
          12           9  -9.5802850399322246E-010
          12          10  -1.6487454518459827E-008
          12          11   3.8126387586512371E-012
          12          12   1.1547958918409272E-005
          12          13  -2.7802953774785260E-011
          12          14   1.7747130303016443E-008
          12          15  -5.0855357619777959E-012
          12          16  -8.3142534656174490E-008
          12          17   1.5403676421686394E-011
          12          18   1.6904556374839282E-008
          12          19   4.8095752254231026E-008
          12          20   4.7281451254152477E-009
          12          21   1.1107747028258898E-008
          12          22   2.6602578554385080E-008
          12          23  -2.1609891452463373E-008
          12          24   9.7996061671159115E-009
          12          25   2.7860920100320066E-008
          12          26   2.7337752436773740E-009
          12          27   6.4287659179814836E-009
          12          28   1.5403363190224256E-008
          12          29  -1.2533037789696353E-008
          13           1  -3.4346805157422113E-011
          13           2  -1.3887807021342514E-010
          13           3   4.5898538848406131E-009
          13           4   4.6872109324171787E-009
          13           5  -3.8929854120242045E-003
          13           6   3.7593514900739438E-010
          13           7  -1.2858984839158952E-008
          13           8  -1.3074983111275540E-008
          13           9   4.4884574803665134E-003
          13          10  -4.8162107557130570E-010
          13          11  -2.7644169875961363E-011
          13          12  -2.7802953774785260E-011
          13          13   1.1547983457607245E-005
          13          14   5.0309676176042531E-010
          13          15  -4.2374644081527128E-012
          13          16  -6.0865200726873178E-013
          13          17  -8.3136826115146601E-008
          13          18  -2.8184832726684263E-008
          13          19  -1.1510138215555443E-007
          13          20  -3.2173743156636252E-008
          13          21  -2.0944855699638038E-008
          13          22  -9.6652792499551179E-008
          13          23   6.0353946447377777E-008
          13          24  -1.6325454863562585E-008
          13          25  -6.6666891517744348E-008
          13          26  -1.8640888148154211E-008
          13          27  -1.2135090749225571E-008
          13          28  -5.5990566564046051E-008
          13          29   3.4959861150364907E-008
          14           1  -2.3326904203237651E-002
          14           2  -9.8065866296597165E-002
          14           3  -1.9601056937381630E-009
          14           4  -2.1181935396220857E-010
          14           5   1.6111942406409711E-009
          14           6  0.27957050049278137     
          14           7   6.0475399865230287E-009
          14           8   2.3652385043830679E-009
          14           9  -4.3816871416821542E-009
          14          10 -0.57481548319030096     
          14          11   2.2577318643210185E-009
          14          12   1.7747130303016443E-008
          14          13   5.0309676176042531E-010
          14          14  0.61862080874144976     
          14          15   3.4975322412909064E-011
          14          16   1.7641255721904860E-009
          14          17  -1.1588146245879713E-009
          14          18   2.6409580335715255E-004
          14          19  -5.1432051550714882E-008
          14          20   2.6406619446481922E-004
          14          21  -6.3274072583724344E-009
          14          22  -5.9089968589014017E-008
          14          23   2.6412352244260459E-004
          14          24  -6.4736995508088871E-005
          14          25  -2.9643887803639222E-008
          14          26  -6.4753696632158231E-005
          14          27  -3.6670657314909530E-009
          14          28  -3.3523641597025486E-008
          14          29  -6.4721126320006937E-005
          15           1   2.0125421107277492E-011
          15           2   8.1429385483217249E-011
          15           3   9.0955308928071900E-004
          15           4   9.2121439922711896E-010
          15           5   1.5259897409061398E-010
          15           6  -2.0989253970080187E-010
          15           7   6.2237354870503937E-004
          15           8  -2.6729533877603671E-009
          15           9  -3.5466224120013096E-010
          15          10  -3.1635838988611832E-011
          15          11  -8.3131013165038731E-008
          15          12  -5.0855357619777959E-012
          15          13  -4.2374644081527128E-012
          15          14   3.4975322412909064E-011
          15          15   8.0531640065752640E-007
          15          16  -2.2751875618752786E-012
          15          17   2.0913051448963408E-012
          15          18   3.5929980333486200E-008
          15          19   9.0035434744501976E-008
          15          20   1.7603866265013902E-008
          15          21   6.4391306618282271E-009
          15          22   5.5011842170622895E-008
          15          23  -5.3532738597336445E-008
          15          24   2.0814107343339929E-008
          15          25   5.2156333094765574E-008
          15          26   1.0199571203777847E-008
          15          27   3.7289618193817567E-009
          15          28   3.1867490536068485E-008
          15          29  -3.1012816728846535E-008
          16           1   1.2204354540953722E-011
          16           2   4.9835860845956753E-011
          16           3   2.0289514561861895E-009
          16           4   9.0955513980303670E-004
          16           5  -5.0600100068602030E-010
          16           6  -7.1292558040842466E-011
          16           7  -5.7019952213876511E-009
          16           8   6.2236785163265608E-004
          16           9   1.4782983855591612E-009
          16          10  -1.6344461396167855E-009
          16          11  -1.0936300334502395E-011
          16          12  -8.3142534656174490E-008
          16          13  -6.0865200726873178E-013
          16          14   1.7641255721904860E-009
          16          15  -2.2751875618752786E-012
          16          16   8.0531331252096015E-007
          16          17   2.4989043717025619E-012
          16          18   1.2784517894028026E-008
          16          19   1.0608194452279926E-008
          16          20   1.3524530074464189E-010
          16          21  -1.0848560709854496E-009
          16          22   5.7086724383081559E-009
          16          23  -1.2916595667648021E-008
          16          24   7.4066199879859430E-009
          16          25   6.1450954348304518E-009
          16          26   7.7016199499760237E-011
          16          27  -6.2924130426705151E-010
          16          28   3.3059111888693640E-009
          16          29  -7.4846334290314532E-009
          17           1   6.1241144868006501E-011
          17           2   2.4433620391563235E-010
          17           3  -2.8823027558857957E-009
          17           4  -2.8732678717497411E-009
          17           5   9.0955443519216944E-004
          17           6  -6.7356525277198761E-010
          17           7   8.0820619956846276E-009
          17           8   7.8805261240700367E-009
          17           9   6.2236986315229552E-004
          17          10   1.0767588433649630E-009
          17          11   1.5686383926744626E-011
          17          12   1.5403676421686394E-011
          17          13  -8.3136826115146601E-008
          17          14  -1.1588146245879713E-009
          17          15   2.0913051448963408E-012
          17          16   2.4989043717025619E-012
          17          17   8.0531442185165145E-007
          17          18   5.4812435115478428E-009
          17          19   4.0709038707576466E-008
          17          20   2.5350905451883788E-008
          17          21   1.8673569212435788E-009
          17          22   4.7336778582310638E-008
          17          23  -3.0834394799955799E-008
          17          24   3.1758262625240367E-009
          17          25   2.3583489972991442E-008
          17          26   1.4685432166068725E-008
          17          27   1.0813316212918830E-009
          17          28   2.7421026777958363E-008
          17          29  -1.7861927570411089E-008
          18           1   2.1125228784024196E-002
          18           2  -2.8644465101753346E-004
          18           3  -2.0829545932168724E-009
          18           4   1.3508149542512374E-011
          18           5  -9.5797806548475286E-010
          18           6   7.2908072870907334E-004
          18           7   4.1693898396492576E-009
          18           8   2.1694721516258452E-009
          18           9  -2.5418008908736856E-010
          18          10  -2.0210237906776737E-004
          18          11  -1.9303228013894157E-008
          18          12   1.6904556374839282E-008
          18          13  -2.8184832726684263E-008
          18          14   2.6409580335715255E-004
          18          15   3.5929980333486200E-008
          18          16   1.2784517894028026E-008
          18          17   5.4812435115478428E-009
          18          18   1.1258120695744720     
          18          19  -7.9861008441349348E-009
          18          20 -0.56256835829486262     
          18          21  -3.1661693122232018E-009
          18          22  -6.3184757719006864E-009
          18          23 -0.56256834846528281     
          18          24  0.65207591762501538     
          18          25  -1.2757682012580911E-009
          18          26 -0.32597676002283438     
          18          27   2.3945647435527015E-009
          18          28  -7.5231761819591235E-009
          18          29 -0.32597675456718633     
          19           1   3.1543290658661310E-010
          19           2  -1.2467137024935329E-009
          19           3   9.3865687916848345E-009
          19           4   9.1617885161660870E-009
          19           5  -9.8330320606575263E-009
          19           6  -1.1496883726894958E-008
          19           7  -2.5000199397589297E-008
          19           8  -2.2093626775931737E-008
          19           9   1.6762142933758282E-008
          19          10  -5.7499406023568766E-008
          19          11   2.3415113426892444E-008
          19          12   4.8095752254231026E-008
          19          13  -1.1510138215555443E-007
          19          14  -5.1432051550714882E-008
          19          15   9.0035434744501976E-008
          19          16   1.0608194452279926E-008
          19          17   4.0709038707576466E-008
          19          18  -7.9861008441349348E-009
          19          19   1.1255869531156040     
          19          20  -1.9186148804970624E-010
          19          21  -1.2012217107117052E-008
          19          22   1.2698821587451954E-008
          19          23   3.5483066209964387E-009
          19          24  -6.3723839682929684E-010
          19          25  0.65203511537210079     
          19          26  -5.6487266877006047E-009
          19          27   1.1011645654746508E-008
          19          28  -9.1426310754765411E-009
          19          29  -1.0146629038448327E-008
          20           1   2.1125230415831996E-002
          20           2  -2.8643897804569171E-004
          20           3   6.4845345061575030E-009
          20           4   3.4675507739355727E-009
          20           5  -2.9361942939202706E-009
          20           6   7.2906152616962396E-004
          20           7  -1.4644825723405337E-008
          20           8  -7.6219295811993107E-009
          20           9   4.8917235655010491E-009
          20          10  -2.0210967243454686E-004
          20          11   3.6140924859590139E-008
          20          12   4.7281451254152477E-009
          20          13  -3.2173743156636252E-008
          20          14   2.6406619446481922E-004
          20          15   1.7603866265013902E-008
          20          16   1.3524530074464189E-010
          20          17   2.5350905451883788E-008
          20          18 -0.56256835829486262     
          20          19  -1.9186148804970624E-010
          20          20   1.1258120662309099     
          20          21  -4.6234781314546236E-009
          20          22   6.2155033158485503E-009
          20          23 -0.56256834539584633     
          20          24 -0.32597676035730500     
          20          25  -1.6578543550206362E-009
          20          26  0.65207591051644753     
          20          27   6.1620734232065987E-009
          20          28  -5.4489350172199793E-009
          20          29 -0.32597677157251626     
          21           1  -2.1231851992546986E-010
          21           2  -9.4078072852432083E-010
          21           3  -7.2491845134256990E-010
          21           4   6.1875558437743432E-010
          21           5  -2.4580072619631528E-009
          21           6   3.8553927822656115E-009
          21           7   1.9660895083734406E-009
          21           8  -4.9482997209660973E-010
          21           9   5.0569295073728941E-009
          21          10  -3.8235787156038240E-009
          21          11  -8.2415190293987298E-010
          21          12   1.1107747028258898E-008
          21          13  -2.0944855699638038E-008
          21          14  -6.3274072583724344E-009
          21          15   6.4391306618282271E-009
          21          16  -1.0848560709854496E-009
          21          17   1.8673569212435788E-009
          21          18  -3.1661693122232018E-009
          21          19  -1.2012217107117052E-008
          21          20  -4.6234781314546236E-009
          21          21   1.1255869463876684     
          21          22  -1.1301098295654524E-008
          21          23   1.0172806431245481E-008
          21          24   3.0548833431790322E-009
          21          25  -2.6992867409070677E-009
          21          26   2.9582743735702867E-010
          21          27  0.65203511769995404     
          21          28  -7.0710679995335027E-009
          21          29   3.3950901302828156E-009
          22           1   4.2486480451236723E-010
          22           2  -2.2318668570237720E-010
          22           3   6.7437232579302626E-009
          22           4   4.1507557623096884E-009
          22           5  -8.1413760382963603E-009
          22           6  -5.9951965295440789E-009
          22           7  -1.4655503441322186E-008
          22           8  -8.8852979486203865E-009
          22           9   1.4160817843517663E-008
          22          10  -4.0259320369907559E-008
          22          11   4.9602104275550779E-008
          22          12   2.6602578554385080E-008
          22          13  -9.6652792499551179E-008
          22          14  -5.9089968589014017E-008
          22          15   5.5011842170622895E-008
          22          16   5.7086724383081559E-009
          22          17   4.7336778582310638E-008
          22          18  -6.3184757719006864E-009
          22          19   1.2698821587451954E-008
          22          20   6.2155033158485503E-009
          22          21  -1.1301098295654524E-008
          22          22   1.1255869811795161     
          22          23   3.2073654294861814E-009
          22          24   1.2321568512397567E-008
          22          25   3.5511551157950388E-010
          22          26   1.5739072745866806E-009
          22          27   1.4891340119698024E-008
          22          28  0.65203510566209055     
          22          29  -1.6564673768752536E-008
          23           1   2.1125229927513089E-002
          23           2  -2.8643847414936883E-004
          23           3  -4.8432757597794248E-009
          23           4  -2.6310230299376735E-009
          23           5   4.7466077043094490E-009
          23           6   7.2907407116914482E-004
          23           7   1.3236427736946640E-008
          23           8   6.7523784033356080E-009
          23           9  -7.3526942529202196E-009
          23          10  -2.0205616135064789E-004
          23          11  -1.6830027389963551E-008
          23          12  -2.1609891452463373E-008
          23          13   6.0353946447377777E-008
          23          14   2.6412352244260459E-004
          23          15  -5.3532738597336445E-008
          23          16  -1.2916595667648021E-008
          23          17  -3.0834394799955799E-008
          23          18 -0.56256834846528281     
          23          19   3.5483066209964387E-009
          23          20 -0.56256834539584633     
          23          21   1.0172806431245481E-008
          23          22   3.2073654294861814E-009
          23          23   1.1258120599505030     
          23          24 -0.32597676621771338     
          23          25   2.5193274228152727E-010
          23          26 -0.32597675960184547     
          23          27  -7.1761011781117406E-009
          23          28   1.4771284652788989E-008
          23          29  0.65207591908666407     
          24           1   4.6869410533975121E-003
          24           2   2.7839414969366752E-003
          24           3  -2.4554608344349804E-009
          24           4  -2.2568170045303871E-009
          24           5  -8.0873713924088944E-010
          24           6   9.4146246427254587E-004
          24           7   4.9802261901799764E-009
          24           8   7.5762402752950350E-009
          24           9   7.6455505766819710E-010
          24          10   7.1004398677244402E-005
          24          11  -1.1177223633279666E-008
          24          12   9.7996061671159115E-009
          24          13  -1.6325454863562585E-008
          24          14  -6.4736995508088871E-005
          24          15   2.0814107343339929E-008
          24          16   7.4066199879859430E-009
          24          17   3.1758262625240367E-009
          24          18  0.65207591762501538     
          24          19  -6.3723839682929684E-010
          24          20 -0.32597676035730500     
          24          21   3.0548833431790322E-009
          24          22   1.2321568512397567E-008
          24          23 -0.32597676621771338     
          24          24  0.37772619744284630     
          24          25   1.5721023714533993E-009
          24          26 -0.18884459714332741     
          24          27   4.2193258481949183E-009
          24          28   4.8999215964370608E-009
          24          29 -0.18884460067637698     
          25           1   7.2235667568434601E-011
          25           2  -1.1555888750077664E-009
          25           3   4.5099757029501860E-009
          25           4   5.3037885712611154E-009
          25           5  -7.3429621568509666E-009
          25           6  -5.5198976892038599E-009
          25           7  -1.2958910103350700E-008
          25           8  -1.2938935947968414E-008
          25           9   1.4603747248312076E-008
          25          10  -3.3451675579652240E-008
          25          11   1.3567476978130319E-008
          25          12   2.7860920100320066E-008
          25          13  -6.6666891517744348E-008
          25          14  -2.9643887803639222E-008
          25          15   5.2156333094765574E-008
          25          16   6.1450954348304518E-009
          25          17   2.3583489972991442E-008
          25          18  -1.2757682012580911E-009
          25          19  0.65203511537210079     
          25          20  -1.6578543550206362E-009
          25          21  -2.6992867409070677E-009
          25          22   3.5511551157950388E-010
          25          23   2.5193274228152727E-010
          25          24   1.5721023714533993E-009
          25          25  0.37771385897958110     
          25          26  -4.1678327005872272E-009
          25          27   8.8461708264323812E-009
          25          28  -9.3518302837232317E-009
          25          29  -6.9221778885327748E-009
          26           1   4.6869419571960325E-003
          26           2   2.7839446234512004E-003
          26           3   1.2439712119845767E-009
          26           4   1.4944226954244566E-009
          26           5  -1.0288937289302272E-009
          26           6   9.4145167463306843E-004
          26           7  -1.2199732723509480E-009
          26           8  -4.6073274578361488E-009
          26           9   1.4146133327075515E-009
          26          10   7.0999754290187645E-005
          26          11   2.0949521808524403E-008
          26          12   2.7337752436773740E-009
          26          13  -1.8640888148154211E-008
          26          14  -6.4753696632158231E-005
          26          15   1.0199571203777847E-008
          26          16   7.7016199499760237E-011
          26          17   1.4685432166068725E-008
          26          18 -0.32597676002283438     
          26          19  -5.6487266877006047E-009
          26          20  0.65207591051644753     
          26          21   2.9582743735702867E-010
          26          22   1.5739072745866806E-009
          26          23 -0.32597675960184547     
          26          24 -0.18884459714332741     
          26          25  -4.1678327005872272E-009
          26          26  0.37772619032875521     
          26          27   5.2925316987851672E-009
          26          28  -4.3304880656929627E-009
          26          29 -0.18884460772500064     
          27           1  -1.5633855122806207E-010
          27           2  -6.7245071770703445E-010
          27           3   8.8396268661014003E-010
          27           4   1.3831411598678716E-009
          27           5  -1.1888170650614269E-009
          27           6   2.4985815392424846E-009
          27           7  -2.8372133666027153E-009
          27           8  -3.2219253155282419E-009
          27           9   1.7919679472058721E-009
          27          10  -2.2143772381358270E-009
          27          11  -4.8515522997795022E-010
          27          12   6.4287659179814836E-009
          27          13  -1.2135090749225571E-008
          27          14  -3.6670657314909530E-009
          27          15   3.7289618193817567E-009
          27          16  -6.2924130426705151E-010
          27          17   1.0813316212918830E-009
          27          18   2.3945647435527015E-009
          27          19   1.1011645654746508E-008
          27          20   6.1620734232065987E-009
          27          21  0.65203511769995404     
          27          22   1.4891340119698024E-008
          27          23  -7.1761011781117406E-009
          27          24   4.2193258481949183E-009
          27          25   8.8461708264323812E-009
          27          26   5.2925316987851672E-009
          27          27  0.37771386393426321     
          27          28   8.3224801787299117E-009
          27          29  -5.6039133581657274E-009
          28           1   1.5168963417414561E-010
