           1           1  0.85725080584805258     
           1           2  0.55583402120487457     
           1           3  -1.3339867021950277E-014
           1           4  -2.1819720933964765E-014
           1           5  -2.0195211781168687E-014
           1           6 -0.16065234533445183     
           1           7   3.7946893128006594E-014
           1           8   3.4636928881307605E-014
           1           9   1.5780970586180556E-013
           1          10 -0.14125931157835997     
           1          11  -4.4889519523586130E-015
           1          12  -2.9179360111827638E-015
           1          13  -1.2597941842214163E-014
           1          14   5.3454458272062799E-002
           1          15   1.3852965849441444E-015
           1          16   5.3454458272064687E-002
           1          17   3.5817052901238048E-016
           1          18   1.6722701369586050E-015
           1          19   5.3454458272056984E-002
           1          20   7.1023012741107394E-002
           1          21  -3.2833103792238730E-016
           1          22   7.1023012741105201E-002
           1          23   4.8439636581291653E-016
           1          24  -1.8718692691081370E-016
           1          25   7.1023012741113861E-002
           1          26  -1.6705244310858184E-014
           1          27  -7.4393644944802821E-015
           1          28  -8.9039724460309108E-015
           1          29  -2.3893462868565967E-014
           1          30  -3.6259007696937415E-014
           1          31  -2.1687555930444589E-015
           1          32  -3.4737429762601456E-014
           1          33  -9.0875698114912385E-015
           1          34  -5.7046926745910856E-015
           1          35  -7.9356362009228903E-014
           2           1  0.55583402120487457     
           2           2  0.36039798040568133     
           2           3  -1.6795586369295275E-014
           2           4  -3.0843376058500248E-014
           2           5   7.4425124621089059E-015
           2           6 -0.10416559367932543     
           2           7   3.0300859566074334E-014
           2           8   3.4133214007012624E-014
           2           9   8.7961411419869958E-014
           2          10  -9.1591318026884638E-002
           2          11  -3.4757021076855512E-015
           2          12  -3.0501571450594162E-015
           2          13  -6.7437327414736142E-015
           2          14   3.4659409230062881E-002
           2          15   8.9821434534456267E-016
           2          16   3.4659409230064109E-002
           2          17   2.3223467864938294E-016
           2          18   1.0842855188067837E-015
           2          19   3.4659409230059113E-002
           2          20   4.6050708264918271E-002
           2          21  -2.1288701025401936E-016
           2          22   4.6050708264916855E-002
           2          23   3.1407842142579938E-016
           2          24  -1.2137038727990001E-016
           2          25   4.6050708264922469E-002
           2          26  -1.4180635505970794E-014
           2          27  -7.8933139453921086E-015
           2          28  -7.2710216095488955E-015
           2          29  -2.2356360017230970E-014
           2          30  -1.9734072912171982E-014
           2          31  -1.4062024019912685E-015
           2          32  -1.8747494916503884E-014
           2          33  -7.3900645561757049E-015
           2          34  -6.7685677141349295E-015
           2          35  -4.3010688757199399E-014
           3           1  -1.3339867021950277E-014
           3           2  -1.6795586369295275E-014
           3           3   1.5078223149030985     
           3           4  0.37734957770381483     
           3           5  0.90207277055642976     
           3           6   5.2665263605956006E-014
           3           7  -1.0543890009842780     
           3           8 -0.26387276559337514     
           3           9 -0.63080085628197846     
           3          10   1.8597579268101994E-014
           3          11  0.10459897737574481     
           3          12   2.6177076404067717E-002
           3          13   6.2577591793208737E-002
           3          14  -8.4289538547120373E-015
           3          15  -1.7448729789197186E-017
           3          16  -1.2212259846492891E-014
           3          17  -5.8145437869795057E-016
           3          18  -1.7278005265202987E-016
           3          19  -8.2240175633048518E-015
           3          20  -9.0936290121647862E-015
           3          21  -3.5506811513749413E-016
           3          22  -1.1215532061659746E-014
           3          23  -8.5095605125429342E-016
           3          24   2.8806314807009110E-015
           3          25  -1.7382300914468816E-014
           3          26  0.61990731809190902     
           3          27   6.9380186525998561E-002
           3          28  0.27723098060061380     
           3          29  0.15513881336374563     
           3          30  0.16585675665007960     
           3          31   1.5360746388026500E-016
           3          32  0.16585675665007341     
           3          33  0.27723098060061829     
           3          34   6.9380186525997783E-002
           3          35  0.37086698239720783     
           4           1  -2.1819720933964765E-014
           4           2  -3.0843376058500248E-014
           4           3  0.37734957770381483     
           4           4  0.57765759482666768     
           4           5 -0.61199421202417559     
           4           6   9.9187640166680491E-014
           4           7 -0.26387276559340445     
           4           8 -0.40394402463756468     
           4           9  0.42795491182634471     
           4          10   1.3651141093232227E-013
           4          11   2.6177076404072224E-002
           4          12   4.0072622015872764E-002
           4          13  -4.2454583742982055E-002
           4          14  -2.3150056445584230E-014
           4          15  -9.0910326706770060E-016
           4          16  -2.0124875757886856E-014
           4          17  -7.5042263023459037E-016
           4          18   1.4693960147258206E-015
           4          19  -2.1839473456370418E-014
           4          20  -5.8993793065129494E-014
           4          21   2.6673713358657215E-015
           4          22  -5.8332691355610851E-014
           4          23   2.6341789918784331E-015
           4          24  -1.1771392607714667E-015
           4          25  -5.4795441315803718E-014
           4          26  0.15513881336376190     
           4          27  0.10620918650848188     
           4          28   6.9380186526006513E-002
           4          29  0.23749096086791954     
           4          30 -0.11252238002077233     
           4          31   7.0190204965564008E-016
           4          32 -0.11252238002076795     
           4          33   6.9380186526003917E-002
           4          34  0.10620918650848235     
           4          35 -0.25160769071650518     
           5           1  -2.0195211781168687E-014
           5           2   7.4425124621089059E-015
           5           3  0.90207277055642976     
           5           4 -0.61199421202417559     
           5           5   1.9920569371437145     
           5           6  -1.0930778286802139E-013
           5           7 -0.63080085628212756     
           5           8  0.42795491182653672     
           5           9  -1.3930042705285626     
           5          10  -2.1017852629537181E-013
           5          11   6.2577591793220991E-002
           5          12  -4.2454583743008104E-002
           5          13  0.13819076454830748     
           5          14   2.8675271707655826E-014
           5          15   1.5580781538228842E-015
           5          16   1.9525722690859667E-014
           5          17   7.0084890820848588E-016
           5          18  -2.7257838657877904E-015
           5          19   2.6614671231991078E-014
           5          20   8.9223584266051957E-014
           5          21  -4.9908266020668539E-015
           5          22   8.5887363683528047E-014
           5          23  -5.4451043360557121E-015
           5          24   5.0139696211059962E-015
           5          25   7.3390002859902427E-014
           5          26  0.37086698239728944     
           5          27 -0.11252238002081238     
           5          28  0.16585675665010347     
           5          29 -0.25160769071660372     
           5          30  0.36626324775675473     
           5          31  -1.0583250997732862E-015
           5          32  0.36626324775674068     
           5          33  0.16585675665011262     
           5          34 -0.11252238002081398     
           5          35  0.81898951964392963     
           6           1 -0.16065234533445183     
           6           2 -0.10416559367932543     
           6           3   5.2665263605956006E-014
           6           4   9.9187640166680491E-014
           6           5  -1.0930778286802139E-013
           6           6   3.0106913735622239E-002
           6           7  -4.2190974946046385E-014
           6           8  -7.2991544435187727E-014
           6           9   4.9509022371075053E-014
           6          10   2.6472579028891639E-002
           6          11   4.3212609163039762E-015
           6          12   7.1439033214778861E-015
           6          13  -5.4844175626452878E-015
           6          14  -1.0017586488581995E-002
           6          15  -2.5961030755177091E-016
           6          16  -1.0017586488582348E-002
           6          17  -6.7122637999391416E-017
           6          18  -3.1339033769606880E-016
           6          19  -1.0017586488580905E-002
           6          20  -1.3310006233578248E-002
           6          21   6.1530593997562563E-017
           6          22  -1.3310006233577840E-002
           6          23  -9.0777881698172395E-017
           6          24   3.5079604030498063E-017
           6          25  -1.3310006233579461E-002
           6          26   2.3754976674322101E-014
           6          27   1.8879158862103956E-014
           6          28   1.0892128652847184E-014
           6          29   4.3575362633453828E-014
           6          30  -1.3998297471318263E-014
           6          31   4.0643376489477502E-016
           6          32  -1.4283447467202730E-014
           6          33   1.0926535558220497E-014
           6          34   1.8554074191025678E-014
           6          35  -3.1623712956833319E-014
           7           1   3.7946893128006594E-014
           7           2   3.0300859566074334E-014
           7           3  -1.0543890009842780     
           7           4 -0.26387276559340445     
           7           5 -0.63080085628212756     
           7           6  -4.2190974946046385E-014
           7           7  0.73731245015303459     
           7           8  0.18452077472988815     
           7           9  0.44110600970776087     
           7          10  -1.7720726773360932E-014
           7          11  -7.3143904403800017E-002
           7          12  -1.8305088846059057E-002
           7          13  -4.3759217410897548E-002
           7          14   7.6787256187138956E-015
           7          15   1.2201536340880524E-017
           7          16   1.0324313355189593E-014
           7          17   4.0659903717676485E-016
           7          18   1.2082152207548780E-016
           7          19   7.5354179030588650E-015
           7          20   8.7300306935052863E-015
           7          21   2.4829179904094690E-016
           7          22   1.0213833668450809E-014
           7          23   5.9505599028187320E-016
           7          24  -2.0143660954742115E-015
           7          25   1.4526127753601674E-014
           7          26 -0.43348838345569712     
           7          27  -4.8516131401030088E-002
           7          28 -0.19386189857268329     
           7          29 -0.10848536781801388     
           7          30 -0.11598020418076893     
           7          31  -1.0741452675404344E-016
           7          32 -0.11598020418076460     
           7          33 -0.19386189857268643     
           7          34  -4.8516131401029533E-002
           7          35 -0.25933962059249732     
           8           1   3.4636928881307605E-014
           8           2   3.4133214007012624E-014
           8           3 -0.26387276559337514     
           8           4 -0.40394402463756468     
           8           5  0.42795491182653672     
           8           6  -7.2991544435187727E-014
           8           7  0.18452077472988815     
           8           8  0.28246971303018104     
           8           9 -0.29926003050032413     
           8          10  -9.8652891181519852E-014
           8          11  -1.8305088846060188E-002
           8          12  -2.8021956882136437E-002
           8          13   2.9687613518871798E-002
           8          14   1.7396737631302585E-014
           8          15   6.3571713727871912E-016
           8          16   1.5281291261016185E-014
           8          17   5.2475504546430585E-016
           8          18  -1.0275182829594013E-015
           8          19   1.6480274016826082E-014
           8          20   4.2858673704489801E-014
           8          21  -1.8652376810450209E-015
           8          22   4.2396378933972730E-014
           8          23  -1.8420269604772414E-015
           8          24   8.2314917143552631E-016
           8          25   3.9922853042466124E-014
           8          26 -0.10848536781801323     
           8          27  -7.4269890391714277E-002
           8          28  -4.8516131401030269E-002
           8          29 -0.16607252359733193     
           8          30   7.8684576216873497E-002
           8          31  -4.9082560565029456E-016
           8          32   7.8684576216870430E-002
           8          33  -4.8516131401028451E-002
           8          34  -7.4269890391714596E-002
           8          35  0.17594406120168818     
           9           1   1.5780970586180556E-013
           9           2   8.7961411419869958E-014
           9           3 -0.63080085628197846     
           9           4  0.42795491182634471     
           9           5  -1.3930042705285626     
           9           6   4.9509022371075053E-014
           9           7  0.44110600970776087     
           9           8 -0.29926003050032413     
           9           9  0.97409911410118522     
           9          10   1.2329640222013964E-013
           9          11  -4.3759217410895765E-002
           9          12   2.9687613518876683E-002
           9          13  -9.6633947340588333E-002
           9          14  -1.1092286281020112E-014
           9          15  -1.0895318711141061E-015
           9          16  -4.6941956360394312E-015
           9          17  -4.9008916558848865E-016
           9          18   1.9060843567177636E-015
           9          19  -9.6513509297605807E-015
           9          20  -5.0487727267062057E-014
           9          21   3.4899819581034841E-015
           9          22  -4.8154777122803637E-014
           9          23   3.8076489944484171E-015
           9          24  -3.5061653933023831E-015
           9          25  -3.9415630829821045E-014
           9          26 -0.25933962059249305     
           9          27   7.8684576216866198E-002
           9          28 -0.11598020418075822     
           9          29  0.17594406120167816     
           9          30 -0.25612032404775187     
           9          31   7.4006488273614605E-016
           9          32 -0.25612032404774210     
           9          33 -0.11598020418076457     
           9          34   7.8684576216867308E-002
           9          35 -0.57270245499003247     
          10           1 -0.14125931157835997     
          10           2  -9.1591318026884638E-002
          10           3   1.8597579268101994E-014
          10           4   1.3651141093232227E-013
          10           5  -2.1017852629537181E-013
          10           6   2.6472579028891639E-002
          10           7  -1.7720726773360932E-014
          10           8  -9.8652891181519852E-014
          10           9   1.2329640222013964E-013
          10          10   2.3276960454825229E-002
          10          11   1.8773393220280860E-015
          10          12   9.7013183723244496E-015
          10          13  -1.2735213028910640E-014
          10          14  -8.8083206510792839E-003
          10          15  -2.2827163367631187E-016
          10          16  -8.8083206510795962E-003
          10          17  -5.9019976430395393E-017
          10          18  -2.7555964568127665E-016
          10          19  -8.8083206510783264E-003
          10          20  -1.1703298285155773E-002
          10          21   5.4102972048500084E-017
          10          22  -1.1703298285155412E-002
          10          23  -7.9819694187931412E-017
          10          24   3.0844994546637114E-017
          10          25  -1.1703298285156838E-002
          10          26   9.4949702991776540E-015
          10          27   2.5664036645192728E-014
          10          28   4.4824384711538493E-015
          10          29   5.8582605334256704E-014
          10          30  -3.3280842143874539E-014
          10          31   3.5737140165445675E-016
          10          32  -3.3531570460546335E-014
          10          33   4.5126919713836439E-015
          10          34   2.5378194339276932E-014
          10          35  -7.4701855027666703E-014
          11           1  -4.4889519523586130E-015
          11           2  -3.4757021076855512E-015
          11           3  0.10459897737574481     
          11           4   2.6177076404072224E-002
          11           5   6.2577591793220991E-002
          11           6   4.3212609163039762E-015
          11           7  -7.3143904403800017E-002
          11           8  -1.8305088846060188E-002
          11           9  -4.3759217410895765E-002
          11          10   1.8773393220280860E-015
          11          11   7.2561242527802109E-003
          11          12   1.8159271125575962E-003
          11          13   4.3410632960606222E-003
          11          14  -8.0693184544614891E-016
          11          15  -1.2104339313832481E-018
          11          16  -1.0693831528240263E-015
          11          17  -4.0336008295751757E-017
          11          18  -1.1985906190489291E-017
          11          19  -7.9271523232368630E-016
          11          20  -9.2607265324944191E-016
          11          21  -2.4631391494246979E-017
          11          22  -1.0732709582976784E-015
          11          23  -5.9031579432920171E-017
          11          24   1.9983197230840593E-016
          11          25  -1.5010652078860202E-015
          11          26   4.3003522961073397E-002
          11          27   4.8129653534298520E-003
          11          28   1.9231760122586289E-002
          11          29   1.0762117703620303E-002
          11          30   1.1505630978523158E-002
          11          31   1.0655886625604859E-017
          11          32   1.1505630978522731E-002
          11          33   1.9231760122586598E-002
          11          34   4.8129653534297974E-003
          11          35   2.5727372992004480E-002
          12           1  -2.9179360111827638E-015
          12           2  -3.0501571450594162E-015
          12           3   2.6177076404067717E-002
          12           4   4.0072622015872764E-002
          12           5  -4.2454583743008104E-002
          12           6   7.1439033214778861E-015
          12           7  -1.8305088846059057E-002
          12           8  -2.8021956882136437E-002
          12           9   2.9687613518876683E-002
          12          10   9.7013183723244496E-015
          12          11   1.8159271125575962E-003
          12          12   2.7798734918543793E-003
          12          13  -2.9451122990682508E-003
          12          14  -1.6935050353766305E-015
          12          15  -6.3065303600023702E-017
          12          16  -1.4836455557930233E-015
          12          17  -5.2057486446743430E-017
          12          18   1.0193331069664241E-016
          12          19  -1.6025887257538598E-015
          12          20  -4.2087964382154987E-015
          12          21   1.8503792605757200E-016
          12          22  -4.1629352236190696E-015
          12          23   1.8273534358253177E-016
          12          24  -8.1659199289350143E-017
          12          25  -3.9175530368525461E-015
          12          26   1.0762117703619574E-002
          12          27   7.3678258949314264E-003
          12          28   4.8129653534295736E-003
          12          29   1.6474959547449926E-002
          12          30  -7.8057777536068461E-003
          12          31   4.8691570542685011E-017
          12          32  -7.8057777536065407E-003
          12          33   4.8129653534293923E-003
          12          34   7.3678258949314577E-003
          12          35  -1.7454249674320098E-002
          13           1  -1.2597941842214163E-014
          13           2  -6.7437327414736142E-015
          13           3   6.2577591793208737E-002
          13           4  -4.2454583742982055E-002
          13           5  0.13819076454830748     
          13           6  -5.4844175626452878E-015
          13           7  -4.3759217410897548E-002
          13           8   2.9687613518871798E-002
          13           9  -9.6633947340588333E-002
          13          10  -1.2735213028910640E-014
          13          11   4.3410632960606222E-003
          13          12  -2.9451122990682508E-003
          13          13   9.5864164574669709E-003
          13          14   1.2910337019277596E-015
          13          15   1.0808526969690040E-016
          13          16   6.5632133486246717E-016
          13          17   4.8618513182174036E-017
          13          18  -1.8909005530072282E-016
          13          19   1.1480880110436155E-015
          13          20   5.2618524028391219E-015
          13          21  -3.4621808795110487E-016
          13          22   5.0304158086312413E-015
          13          23  -3.7773173909564868E-016
          13          24   3.4782353980108449E-016
          13          25   4.1634627538006982E-015
          13          26   2.5727372992005101E-002
          13          27  -7.8057777536048364E-003
          13          28   1.1505630978522564E-002
          13          29  -1.7454249674316229E-002
          13          30   2.5408007818302932E-002
          13          31  -7.3416955083610245E-017
          13          32   2.5408007818301961E-002
          13          33   1.1505630978523198E-002
          13          34  -7.8057777536049474E-003
          13          35   5.6814032654570010E-002
          14           1   5.3454458272062799E-002
          14           2   3.4659409230062881E-002
          14           3  -8.4289538547120373E-015
          14           4  -2.3150056445584230E-014
          14           5   2.8675271707655826E-014
          14           6  -1.0017586488581995E-002
          14           7   7.6787256187138956E-015
          14           8   1.7396737631302585E-014
          14           9  -1.1092286281020112E-014
          14          10  -8.8083206510792839E-003
          14          11  -8.0693184544614891E-016
          14          12  -1.6935050353766305E-015
          14          13   1.2910337019277596E-015
          14          14   3.3331891783210206E-003
          14          15   8.6381112725935712E-017
          14          16   3.3331891783211381E-003
          14          17   2.2333967453618693E-017
          14          18   1.0427554415325014E-016
          14          19   3.3331891783206576E-003
          14          20   4.4286883663759860E-003
          14          21  -2.0473305649189322E-017
          14          22   4.4286883663758499E-003
          14          23   3.0204865538473682E-017
          14          24  -1.1672168407793589E-017
          14          25   4.4286883663763894E-003
          14          26  -4.1650594829012750E-015
          14          27  -4.4701391523047603E-015
          14          28  -1.9520369000318596E-015
          14          29  -1.0448146106925676E-014
          14          30   3.2428676661680851E-015
          14          31  -1.3523423315541380E-016
          14          32   3.3377466953198950E-015
          14          33  -1.9634852388888160E-015
          14          34  -4.3619725086814392E-015
          14          35   7.3586018862133515E-015
          15           1   1.3852965849441444E-015
          15           2   8.9821434534456267E-016
          15           3  -1.7448729789197186E-017
          15           4  -9.0910326706770060E-016
          15           5   1.5580781538228842E-015
          15           6  -2.5961030755177091E-016
          15           7   1.2201536340880524E-017
          15           8   6.3571713727871912E-016
          15           9  -1.0895318711141061E-015
          15          10  -2.2827163367631187E-016
          15          11  -1.2104339313832481E-018
          15          12  -6.3065303600023702E-017
          15          13   1.0808526969690040E-016
          15          14   8.6381112725935712E-017
          15          15   3.9327472806010256E-030
          15          16   8.6381112725931373E-017
          15          17   1.7180920636551500E-030
          15          18  -1.2776342830222257E-031
          15          19   8.6381112725923953E-017
          15          20   1.1477147216613804E-016
          15          21  -5.6869618492548658E-030
          15          22   1.1477147216613232E-016
          15          23  -4.5380849861764892E-030
          15          24   3.2178969733725152E-030
          15          25   1.1477147216613685E-016
          15          26  -7.1736538057657203E-018
          15          27  -1.6714939665329358E-016
          15          28  -3.2081555113560754E-018
          15          29  -3.7375741331485393E-016
          15          30   2.8647111146137508E-016
          15          31  -4.7486314352659788E-030
          15          32   2.8647111146136650E-016
          15          33  -3.2081555113494441E-018
          15          34  -1.6714939665329202E-016
          15          35   6.4056887881754057E-016
          16           1   5.3454458272064687E-002
          16           2   3.4659409230064109E-002
          16           3  -1.2212259846492891E-014
          16           4  -2.0124875757886856E-014
          16           5   1.9525722690859667E-014
          16           6  -1.0017586488582348E-002
          16           7   1.0324313355189593E-014
          16           8   1.5281291261016185E-014
          16           9  -4.6941956360394312E-015
          16          10  -8.8083206510795962E-003
          16          11  -1.0693831528240263E-015
          16          12  -1.4836455557930233E-015
          16          13   6.5632133486246717E-016
          16          14   3.3331891783211381E-003
          16          15   8.6381112725931373E-017
          16          16   3.3331891783212561E-003
          16          17   2.2333967453615969E-017
          16          18   1.0427554415326668E-016
          16          19   3.3331891783207755E-003
          16          20   4.4286883663761422E-003
          16          21  -2.0473305649166500E-017
          16          22   4.4286883663760069E-003
          16          23   3.0204865538500294E-017
          16          24  -1.1672168407816829E-017
          16          25   4.4286883663765455E-003
          16          26  -5.7204808662469896E-015
          16          27  -3.9139238739824045E-015
          16          28  -2.6476424893953816E-015
          16          29  -9.2044109344729256E-015
          16          30   1.5606147767469039E-015
          16          31  -1.3523423315541350E-016
          16          32   1.6554938058987821E-015
          16          33  -2.6590908282523799E-015
          16          34  -3.8057572303590739E-015
          16          35   3.5969700701222558E-015
          17           1   3.5817052901238048E-016
          17           2   2.3223467864938294E-016
          17           3  -5.8145437869795057E-016
          17           4  -7.5042263023459037E-016
          17           5   7.0084890820848588E-016
          17           6  -6.7122637999391416E-017
          17           7   4.0659903717676485E-016
          17           8   5.2475504546430585E-016
          17           9  -4.9008916558848865E-016
          17          10  -5.9019976430395393E-017
          17          11  -4.0336008295751757E-017
          17          12  -5.2057486446743430E-017
          17          13   4.8618513182174036E-017
          17          14   2.2333967453618693E-017
          17          15   1.7180920636551500E-030
          17          16   2.2333967453615969E-017
          17          17   1.1311074064334056E-030
          17          18  -1.1282256660521268E-030
          17          19   2.2333967453614610E-017
          17          20   2.9674337862455478E-017
          17          21  -3.4505666572610134E-030
          17          22   2.9674337862453894E-017
          17          23  -3.0335737644584477E-030
          17          24   1.1869658660395197E-030
          17          25   2.9674337862453525E-017
          17          26  -2.3905192337904305E-016
          17          27  -1.3797408327797853E-016
          17          28  -1.0690727016552458E-016
          17          29  -3.0851942934278049E-016
          17          30   1.2885936768214794E-016
          17          31  -1.7959026263488481E-030
          17          32   1.2885936768214352E-016
          17          33  -1.0690727016552171E-016
          17          34  -1.3797408327797833E-016
          17          35   2.8813830567491630E-016
          18           1   1.6722701369586050E-015
          18           2   1.0842855188067837E-015
          18           3  -1.7278005265202987E-016
          18           4   1.4693960147258206E-015
          18           5  -2.7257838657877904E-015
          18           6  -3.1339033769606880E-016
          18           7   1.2082152207548780E-016
          18           8  -1.0275182829594013E-015
          18           9   1.9060843567177636E-015
          18          10  -2.7555964568127665E-016
          18          11  -1.1985906190489291E-017
          18          12   1.0193331069664241E-016
          18          13  -1.8909005530072282E-016
          18          14   1.0427554415325014E-016
          18          15  -1.2776342830222257E-031
          18          16   1.0427554415326668E-016
          18          17  -1.1282256660521268E-030
          18          18   8.0169853647057921E-030
          18          19   1.0427554415324272E-016
          18          20   1.3854715846681745E-016
          18          21   8.0280734747197897E-030
          18          22   1.3854715846681715E-016
          18          23   9.9548881246260823E-030
          18          24  -6.6367367005705343E-030
          18          25   1.3854715846685063E-016
          18          26  -7.1034642477933337E-017
          18          27   2.7016585046313813E-016
          18          28  -3.1767657867603856E-017
          18          29   6.0410920683460905E-016
          18          30  -5.0116762867129017E-016
          18          31  -2.1714322558817856E-030
          18          32  -5.0116762867126798E-016
          18          33  -3.1767657867616379E-017
          18          34   2.7016585046314366E-016
          18          35  -1.1206448858313461E-015
          19           1   5.3454458272056984E-002
          19           2   3.4659409230059113E-002
          19           3  -8.2240175633048518E-015
          19           4  -2.1839473456370418E-014
          19           5   2.6614671231991078E-014
          19           6  -1.0017586488580905E-002
          19           7   7.5354179030588650E-015
          19           8   1.6480274016826082E-014
          19           9  -9.6513509297605807E-015
          19          10  -8.8083206510783264E-003
          19          11  -7.9271523232368630E-016
          19          12  -1.6025887257538598E-015
          19          13   1.1480880110436155E-015
          19          14   3.3331891783206576E-003
          19          15   8.6381112725923953E-017
          19          16   3.3331891783207755E-003
          19          17   2.2333967453614610E-017
          19          18   1.0427554415324272E-016
          19          19   3.3331891783202950E-003
          19          20   4.4286883663755038E-003
          19          21  -2.0473305649179960E-017
          19          22   4.4286883663753685E-003
          19          23   3.0204865538477701E-017
          19          24  -1.1672168407796874E-017
          19          25   4.4286883663759071E-003
          19          26  -4.0808045242563924E-015
          19          27  -4.2291729564425934E-015
          19          28  -1.9143569370375650E-015
          19          29  -9.9093293126982938E-015
          19          30   2.8640018775085608E-015
          19          31  -1.3523423315539733E-016
          19          32   2.9588809066603758E-015
          19          33  -1.9258052758945285E-015
          19          34  -4.1210063128192833E-015
          19          35   6.5114322284215980E-015
          20           1   7.1023012741107394E-002
          20           2   4.6050708264918271E-002
          20           3  -9.0936290121647862E-015
          20           4  -5.8993793065129494E-014
          20           5   8.9223584266051957E-014
          20           6  -1.3310006233578248E-002
          20           7   8.7300306935052863E-015
          20           8   4.2858673704489801E-014
          20           9  -5.0487727267062057E-014
          20          10  -1.1703298285155773E-002
          20          11  -9.2607265324944191E-016
          20          12  -4.2087964382154987E-015
          20          13   5.2618524028391219E-015
          20          14   4.4286883663759860E-003
          20          15   1.1477147216613804E-016
          20          16   4.4286883663761422E-003
          20          17   2.9674337862455478E-017
          20          18   1.3854715846681745E-016
          20          19   4.4286883663755038E-003
          20          20   5.8842386666914347E-003
          20          21  -2.7202143562713959E-017
          20          22   5.8842386666912534E-003
          20          23   4.0132116559013173E-017
          20          24  -1.5508389614904809E-017
          20          25   5.8842386666919698E-003
          20          26  -4.6682867499696081E-015
          20          27  -1.1130678856167381E-014
          20          28  -2.2064582524295649E-015
          20          29  -2.5490322610443792E-014
          20          30   1.3708394250172533E-014
          20          31  -1.7968085310206428E-016
          20          32   1.3834456597713252E-014
          20          33  -2.2216692477847443E-015
          20          34  -1.0986961734031008E-014
          20          35   3.0795506036220990E-014
          21           1  -3.2833103792238730E-016
          21           2  -2.1288701025401936E-016
          21           3  -3.5506811513749413E-016
          21           4   2.6673713358657215E-015
          21           5  -4.9908266020668539E-015
          21           6   6.1530593997562563E-017
          21           7   2.4829179904094690E-016
          21           8  -1.8652376810450209E-015
          21           9   3.4899819581034841E-015
          21          10   5.4102972048500084E-017
          21          11  -2.4631391494246979E-017
          21          12   1.8503792605757200E-016
          21          13  -3.4621808795110487E-016
          21          14  -2.0473305649189322E-017
          21          15  -5.6869618492548658E-030
          21          16  -2.0473305649166500E-017
          21          17  -3.4505666572610134E-030
          21          18   8.0280734747197897E-030
          21          19  -2.0473305649179960E-017
          21          20  -2.7202143562713959E-017
          21          21   1.5930537758230007E-029
          21          22  -2.7202143562705827E-017
          21          23   1.6254567067697810E-029
          21          24  -1.1432870948361458E-029
          21          25  -2.7202143562678710E-017
          21          26  -1.4597828989490812E-016
          21          27   4.9042779361943826E-016
          21          28  -6.5283475888818913E-017
          21          29   1.0966298845883107E-015
          21          30  -9.1762254691613056E-016
          21          31   4.5787584142931480E-030
          21          32  -9.1762254691609585E-016
          21          33  -6.5283475888841100E-017
          21          34   4.9042779361944161E-016
          21          35  -2.0518663925909074E-015
          22           1   7.1023012741105201E-002
          22           2   4.6050708264916855E-002
          22           3  -1.1215532061659746E-014
          22           4  -5.8332691355610851E-014
          22           5   8.5887363683528047E-014
          22           6  -1.3310006233577840E-002
          22           7   1.0213833668450809E-014
          22           8   4.2396378933972730E-014
          22           9  -4.8154777122803637E-014
          22          10  -1.1703298285155412E-002
          22          11  -1.0732709582976784E-015
          22          12  -4.1629352236190696E-015
          22          13   5.0304158086312413E-015
          22          14   4.4286883663758499E-003
          22          15   1.1477147216613232E-016
          22          16   4.4286883663760069E-003
          22          17   2.9674337862453894E-017
          22          18   1.3854715846681715E-016
          22          19   4.4286883663753685E-003
          22          20   5.8842386666912534E-003
          22          21  -2.7202143562705827E-017
          22          22   5.8842386666910730E-003
          22          23   4.0132116559020155E-017
          22          24  -1.5508389614913070E-017
          22          25   5.8842386666917894E-003
          22          26  -5.5406595857224685E-015
          22          27  -1.1009127481449577E-014
          22          28  -2.5965952449230826E-015
          22          29  -2.5218525473816207E-014
          22          30   1.3094990605425292E-014
          22          31  -1.7968085310205735E-016
          22          32   1.3221052952966028E-014
          22          33  -2.6118062402782746E-015
          22          34  -1.0865410359313203E-014
          22          35   2.9423893788920053E-014
          23           1   4.8439636581291653E-016
          23           2   3.1407842142579938E-016
          23           3  -8.5095605125429342E-016
          23           4   2.6341789918784331E-015
          23           5  -5.4451043360557121E-015
          23           6  -9.0777881698172395E-017
          23           7   5.9505599028187320E-016
          23           8  -1.8420269604772414E-015
          23           9   3.8076489944484171E-015
          23          10  -7.9819694187931412E-017
          23          11  -5.9031579432920171E-017
          23          12   1.8273534358253177E-016
          23          13  -3.7773173909564868E-016
          23          14   3.0204865538473682E-017
