           1           1  0.73548837272310696     
           1           2  0.57231075858767311     
           1           3   3.9747573662935777E-016
           1           4   1.4210389677202740E-014
           1           5  -2.8599669381986341E-016
           1           6 -0.12585394527318133     
           1           7  -1.7658655909085939E-015
           1           8  -5.1719384711032712E-014
           1           9   5.8628112922851676E-015
           1          10 -0.12190251878295064     
           1          11   8.3072224099033895E-016
           1          12   8.5032736370015862E-015
           1          13   2.9145179454959981E-015
           1          14  -1.1232179633443261E-003
           1          15  -1.9286508556752225E-015
           1          16  -1.1232179633535299E-003
           1          17  -1.3683865004094783E-015
           1          18   5.5397867292264547E-016
           1          19  -1.1232179633472285E-003
           1          20   2.1768116322378895E-003
           1          21  -1.0158060350615222E-015
           1          22   2.1768116322409842E-003
           1          23  -4.9637780423578074E-016
           1          24  -2.6000641797396261E-015
           1          25   2.1768116322349908E-003
           1          26  -2.8594967668478970E-015
           1          27   1.1483656900237384E-014
           1          28   2.0659140733280493E-015
           1          29   2.8301438328607454E-014
           1          30  -4.7071620243349585E-016
           1          31   1.1299773719648320E-015
           1          32  -6.8785400770535469E-015
           1          33   4.4634096444040974E-015
           1          34   1.2545345944598393E-014
           1          35  -3.9887579520493732E-015
           2           1  0.57231075858767311     
           2           2  0.46270337321062149     
           2           3   1.6084454979900656E-016
           2           4   1.0624454643028626E-014
           2           5  -5.2424963422786675E-017
           2           6 -0.19683944649532886     
           2           7  -8.5064891165363146E-016
           2           8  -3.9117020581230173E-014
           2           9   4.3490273888660520E-015
           2          10 -0.19259957811959566     
           2          11   5.4997328736828837E-016
           2          12   6.3068512479964922E-015
           2          13   2.4187878780530219E-015
           2          14  -2.6888634466184485E-003
           2          15  -1.5116502233815154E-015
           2          16  -2.6888634466249155E-003
           2          17  -9.2451856007652596E-016
           2          18   4.6704402056589278E-016
           2          19  -2.6888634466204898E-003
           2          20   1.5619075204538644E-003
           2          21  -7.7924559691515686E-016
           2          22   1.5619075204560578E-003
           2          23  -3.6320605894984278E-016
           2          24  -2.0611074539468180E-015
           2          25   1.5619075204511392E-003
           2          26  -2.4450050680607038E-015
           2          27   8.6809451022176056E-015
           2          28   1.5278358099036240E-015
           2          29   2.1171814594110044E-014
           2          30  -3.3834160668728423E-016
           2          31   8.5865708531647272E-016
           2          32  -5.0513262997602280E-015
           2          33   3.2638078907832494E-015
           2          34   9.4557749388931162E-015
           2          35  -2.8009485003437822E-015
           3           1   3.9747573662935777E-016
           3           2   1.6084454979900656E-016
           3           3   1.8245089358829512E-028
           3           4  -1.4605238554611668E-029
           3           5  -4.8197526300870209E-029
           3           6   7.7746738577361466E-016
           3           7  -5.4495183984675793E-028
           3           8   1.2392483981313455E-028
           3           9  -1.7123778656355050E-028
           3          10   7.6936238126087810E-016
           3          11   3.1156650746250264E-029
           3          12   4.2854387220579774E-029
           3          13  -3.5809213477358774E-029
           3          14   1.4908780338535851E-017
           3          15  -3.7264588133704977E-030
           3          16   1.4908780338595127E-017
           3          17   8.4309231349951460E-031
           3          18  -6.3946687890048828E-029
           3          19   1.4908780338554457E-017
           3          20   2.3230754312871167E-018
           3          21   1.0998760072145830E-029
           3          22   2.3230754311742726E-018
           3          23   5.9367825713474741E-030
           3          24   2.4796151573496242E-029
           3          25   2.3230754312281124E-018
           3          26   3.5523852728590385E-028
           3          27  -4.1935390711935386E-029
           3          28   1.7319496434786510E-028
           3          29  -7.3085766795552376E-029
           3          30   3.8629527926081987E-029
           3          31  -3.9262406507398120E-029
           3          32   9.3799461070283304E-029
           3          33   1.0211882557523939E-028
           3          34   3.4135749329128956E-029
           3          35   1.7775084214139662E-028
           4           1   1.4210389677202740E-014
           4           2   1.0624454643028626E-014
           4           3  -1.4605238554611668E-029
           4           4   3.2709519569404744E-028
           4           5  -3.6902774953687829E-030
           4           6   3.5496722872111293E-017
           4           7   1.8235293651800650E-028
           4           8  -1.0038811711547445E-027
           4           9   1.2617043922182730E-028
           4          10   8.2407275838744711E-017
           4          11   4.3619191616365920E-029
           4          12   2.0577907428052920E-028
           4          13   5.4657102109377488E-029
           4          14   2.3568528235980065E-017
           4          15  -3.8837370669387081E-029
           4          16   2.3568528235784067E-017
           4          17  -2.6872785141456764E-029
           4          18   3.0004339854313430E-029
           4          19   2.3568528235934434E-017
           4          20   4.5371433796547008E-017
           4          21  -2.8188475359990677E-029
           4          22   4.5371433796633819E-017
           4          23  -1.0909910023879577E-029
           4          24  -6.0680212704899850E-029
           4          25   4.5371433796486604E-017
           4          26  -1.5852802106762380E-028
           4          27   2.4558052488717921E-028
           4          28  -1.9383521634945934E-030
           4          29   5.8918633719587822E-028
           4          30  -1.8475100807733757E-029
           4          31   3.5106427640917536E-029
           4          32  -1.6416358997307929E-028
           4          33   6.3059194145998604E-029
           4          34   2.4477804180870212E-028
           4          35  -1.2782080759266591E-028
           5           1  -2.8599669381986341E-016
           5           2  -5.2424963422786675E-017
           5           3  -4.8197526300870209E-029
           5           4  -3.6902774953687829E-030
           5           5   1.3781467415745592E-029
           5           6  -9.1993017127999576E-016
           5           7   1.4226336612014528E-028
           5           8  -1.1174785671234384E-029
           5           9   4.1287259449688874E-029
           5          10  -9.0997464319388602E-016
           5          11  -9.4351315870578879E-030
           5          12  -1.6135160448686119E-029
           5          13   9.6865430535683789E-030
           5          14  -1.7341456342924128E-017
           5          15   1.3943603339004549E-030
           5          16  -1.7341456342931964E-017
           5          17   1.1342860607897421E-030
           5          18   1.6420211949450395E-029
           5          19  -1.7341456342926852E-017
           5          20  -2.1442208257283866E-018
           5          21  -2.3864830459996230E-030
           5          22  -2.1442208257018180E-018
           5          23  -1.2322242239799759E-030
           5          24  -5.8986527982797171E-030
           5          25  -2.1442208257156377E-018
           5          26  -9.1479758096557912E-029
           5          27   5.8292891764237932E-030
           5          28  -4.5399858557299197E-029
           5          29   5.1682848360759334E-030
           5          30  -9.5658311232820960E-030
           5          31   9.5562501979715394E-030
           5          32  -1.9992361564454108E-029
           5          33  -2.8763566805303664E-029
           5          34  -1.4219361923459271E-029
           5          35  -4.2191049687289236E-029
           6           1 -0.12585394527318133     
           6           2 -0.19683944649532886     
           6           3   7.7746738577361466E-016
           6           4   3.5496722872111293E-017
           6           5  -9.1993017127999576E-016
           6           6  0.58482616373139018     
           6           7  -2.6784569013614496E-015
           6           8   2.4276138688861025E-015
           6           9   2.0994860208870927E-016
           6          10  0.57751454482302633     
           6          11   4.0722681244827389E-016
           6          12   3.0980993183714248E-016
           6          13  -1.3581005391518939E-015
           6          14   1.0527939871732391E-002
           6          15   3.9206462536228906E-016
           6          16   1.0527939871730009E-002
           6          17  -5.6470576561911296E-016
           6          18  -2.9964292763776252E-016
           6          19   1.0527939871731649E-002
           6          20   3.7898322604633578E-004
           6          21   1.1006672269347512E-016
           6          22   3.7898322604702902E-004
           6          23  -4.6296188587028625E-017
           6          24   6.6074336881409598E-016
           6          25   3.7898322604950626E-004
           6          26   1.7417023518647779E-015
           6          27  -5.1325626779298152E-016
           6          28   1.0053773936369658E-016
           6          29   1.3229520621229844E-018
           6          30  -7.8572543996478886E-017
           6          31  -7.5910306948563034E-017
           6          32  -5.3788486754731715E-016
           6          33   4.2841158913069397E-016
           6          34  -4.0273307079793722E-016
           6          35  -1.0422327725492735E-015
           7           1  -1.7658655909085939E-015
           7           2  -8.5064891165363146E-016
           7           3  -5.4495183984675793E-028
           7           4   1.8235293651800650E-028
           7           5   1.4226336612014528E-028
           7           6  -2.6784569013614496E-015
           7           7   2.2369182056218417E-027
           7           8  -1.3644894800002392E-028
           7           9   4.3396802006583594E-028
           7          10  -2.6536485207262186E-015
           7          11   2.3864781328221718E-029
           7          12   1.9619837981166922E-029
           7          13   9.2859729229487864E-029
           7          14  -5.1994151495449128E-017
           7          15   3.6014374116659280E-030
           7          16  -5.1994151495578384E-017
           7          17   1.3081136174184938E-029
           7          18   2.3445661009869976E-028
           7          19  -5.1994151495425185E-017
           7          20  -9.1603360990649243E-018
           7          21  -5.8389171873136674E-029
           7          22  -9.1603360987120878E-018
           7          23  -1.6501031042900765E-029
           7          24  -1.0275329528134821E-028
           7          25  -9.1603360989886821E-018
           7          26  -1.2891265030427071E-027
           7          27   1.5526151319909160E-028
           7          28  -5.9529803490369269E-028
           7          29   2.2128007813504644E-028
           7          30  -1.2693111162321238E-028
           7          31   1.4410963202893822E-028
           7          32  -3.1034219988166367E-028
           7          33  -3.6632341647964801E-028
           7          34  -1.1989117614688613E-028
           7          35  -5.9336979208631485E-028
           8           1  -5.1719384711032712E-014
           8           2  -3.9117020581230173E-014
           8           3   1.2392483981313455E-028
           8           4  -1.0038811711547445E-027
           8           5  -1.1174785671234384E-029
           8           6   2.4276138688861025E-015
           8           7  -1.3644894800002392E-028
           8           8   3.9117047857557395E-027
           8           9  -6.0518007116871510E-028
           8          10   2.2246468066056378E-015
           8          11  -1.7989952801664152E-030
           8          12  -5.3850108523273864E-028
           8          13  -2.3114347049265622E-028
           8          14  -3.8855474109683662E-017
           8          15   1.2967694420395431E-028
           8          16  -3.8855474108917395E-017
           8          17   1.1207435303513857E-028
           8          18  -8.0143017163209855E-029
           8          19  -3.8855474109422414E-017
           8          20  -1.6159396472548521E-016
           8          21   7.4422940750578790E-029
           8          22  -1.6159396472581451E-016
           8          23   4.2330193338309436E-029
           8          24   1.9403738983682738E-028
           8          25  -1.6159396472539735E-016
           8          26   4.3249964252278686E-028
           8          27  -8.5655179239686741E-028
           8          28  -2.1117398691849070E-029
           8          29  -2.1216292952737225E-027
           8          30   6.6064088040919056E-029
           8          31  -1.0792742742451102E-028
           8          32   5.8105276969544782E-028
           8          33  -2.5769378487975170E-028
           8          34  -8.8207684773269367E-028
           8          35   4.4214300308922227E-028
           9           1   5.8628112922851676E-015
           9           2   4.3490273888660520E-015
           9           3  -1.7123778656355050E-028
           9           4   1.2617043922182730E-028
           9           5   4.1287259449688874E-029
           9           6   2.0994860208870927E-016
           9           7   4.3396802006583594E-028
           9           8  -6.0518007116871510E-028
           9           9   2.2922747068532286E-028
           9          10   2.2762190319685526E-016
           9          11  -3.5035288010654866E-029
           9          12   1.8772948463756176E-029
           9          13   5.7964581364566354E-029
           9          14   1.3303889448073077E-017
           9          15  -1.1488715660729630E-029
           9          16   1.3303889447918534E-017
           9          17  -1.6953180877446782E-029
           9          18   6.1099728501173709E-029
           9          19   1.3303889448016932E-017
           9          20   1.8940806417364405E-017
           9          21  -1.6489209379097786E-029
           9          22   1.8940806417502696E-017
           9          23  -1.0555290559455596E-029
           9          24  -4.1881042033975199E-029
           9          25   1.8940806417418528E-017
           9          26  -3.3874246403254113E-028
           9          27   1.3894842457184012E-028
           9          28  -1.4049162433294232E-028
           9          29   3.2571715109846918E-028
           9          30  -4.0763076166309896E-029
           9          31   4.4991386590316932E-029
           9          32  -1.5161873736649173E-028
           9          33  -5.0516967782343321E-029
           9          34   8.0460137379181673E-029
           9          35  -2.0529894216376251E-028
          10           1 -0.12190251878295064     
          10           2 -0.19259957811959566     
          10           3   7.6936238126087810E-016
          10           4   8.2407275838744711E-017
          10           5  -9.0997464319388602E-016
          10           6  0.57751454482302633     
          10           7  -2.6536485207262186E-015
          10           8   2.2246468066056378E-015
          10           9   2.2762190319685526E-016
          10          10  0.57030232461614672     
          10          11   4.0485174720908125E-016
          10          12   3.3422639098859158E-016
          10          13  -1.3322294625298831E-015
          10          14   1.0400152099540415E-002
          10          15   3.8100078223835573E-016
          10          16   1.0400152099538033E-002
          10          17  -5.6268900671305924E-016
          10          18  -2.9427412980594534E-016
          10          19   1.0400152099539674E-002
          10          20   3.8182569706005651E-004
          10          21   1.0541409544085824E-016
          10          22   3.8182569706075208E-004
          10          23  -4.7428903642305438E-017
          10          24   6.4427528977320431E-016
          10          25   3.8182569706318021E-004
          10          26   1.7116642452843896E-015
          10          27  -4.6869376554055643E-016
          10          28   1.0623135968764570E-016
          10          29   9.6377437357350695E-017
          10          30  -7.9254460702248173E-017
          10          31  -7.1237029039016355E-017
          10          32  -5.5469193262952948E-016
          10          33   4.3835168647744206E-016
          10          34  -3.5589664980280586E-016
          10          35  -1.0434433814676681E-015
          11           1   8.3072224099033895E-016
          11           2   5.4997328736828837E-016
          11           3   3.1156650746250264E-029
          11           4   4.3619191616365920E-029
          11           5  -9.4351315870578879E-030
          11           6   4.0722681244827389E-016
          11           7   2.3864781328221718E-029
          11           8  -1.7989952801664152E-030
          11           9  -3.5035288010654866E-029
          11          10   4.0485174720908125E-016
          11          11   2.9239691206746440E-029
          11          12   4.7336453548347438E-029
          11          13  -5.8891479265707496E-030
          11          14   8.8134167202098146E-018
          11          15  -4.3162310897312055E-030
          11          16   8.8134167202143135E-018
          11          17   8.1987123968035311E-031
          11          18  -1.5932076507564924E-030
          11          19   8.8134167202237244E-018
          11          20   3.2137198733356231E-018
          11          21  -4.4111090111885702E-030
          11          22   3.2137198733249446E-018
          11          23   5.0399544285280928E-031
          11          24  -4.4011227557520366E-030
          11          25   3.2137198733054842E-018
          11          26   1.1795037089393776E-029
          11          27   1.3921198353098571E-029
          11          28   1.6173904220486856E-029
          11          29   2.6647705990276141E-029
          11          30   3.3975268641767349E-030
          11          31   2.0996153880443170E-031
          11          32  -1.8335775073794797E-031
          11          33   1.1258825191190448E-029
          11          34   1.8640525454758036E-029
          11          35   1.0776672700689112E-029
          12           1   8.5032736370015862E-015
          12           2   6.3068512479964922E-015
          12           3   4.2854387220579774E-029
          12           4   2.0577907428052920E-028
          12           5  -1.6135160448686119E-029
          12           6   3.0980993183714248E-016
          12           7   1.9619837981166922E-029
          12           8  -5.3850108523273864E-028
          12           9   1.8772948463756176E-029
          12          10   3.3422639098859158E-016
          12          11   4.7336453548347438E-029
          12          12   1.5061048704862240E-028
          12          13   2.0756436671335697E-029
          12          14   1.9399265185528432E-017
          12          15  -2.4946004110461293E-029
          12          16   1.9399265185432894E-017
          12          17  -1.4232254467019063E-029
          12          18   4.4505507366178412E-030
          12          19   1.9399265185514812E-017
          12          20   2.7550253274508878E-017
          12          21  -1.6415359621743819E-029
          12          22   2.7550253274530664E-017
          12          23  -4.7114427559831867E-030
          12          24  -3.2141847095195763E-029
          12          25   2.7550253274446142E-017
          12          26  -1.8425446010918771E-029
          12          27   1.3776590039820849E-028
          12          28   3.9363626329441174E-029
          12          29   3.3115079164584605E-028
          12          30  -1.3778628639186926E-030
          12          31   1.2720700920566054E-029
          12          32  -7.4796952980162527E-029
          12          33   5.9938417170967099E-029
          12          34   1.5363806742600132E-028
          12          35  -3.2991392075535840E-029
          13           1   2.9145179454959981E-015
          13           2   2.4187878780530219E-015
          13           3  -3.5809213477358774E-029
          13           4   5.4657102109377488E-029
          13           5   9.6865430535683789E-030
          13           6  -1.3581005391518939E-015
          13           7   9.2859729229487864E-029
          13           8  -2.3114347049265622E-028
          13           9   5.7964581364566354E-029
          13          10  -1.3322294625298831E-015
          13          11  -5.8891479265707496E-030
          13          12   2.0756436671335697E-029
          13          13   2.0308234387841749E-029
          13          14  -2.0220171238779577E-017
          13          15  -7.0018155821707807E-030
          13          16  -2.0220171238824761E-017
          13          17  -5.0387691899454374E-030
          13          18   1.4369378838153098E-029
          13          19  -2.0220171238795129E-017
          13          20   7.4738460365131790E-018
          13          21  -5.7156135513568938E-030
          13          22   7.4738460365463820E-018
          13          23  -3.0578164050886469E-030
          13          24  -1.5173123978315735E-029
          13          25   7.4738460365118863E-018
          13          26  -7.9353137100904319E-029
          13          27   5.2509322527883978E-029
          13          28  -2.5136243592741479E-029
          13          29   1.2323726264605397E-028
          13          30  -9.1777350519246965E-030
          13          31   1.1719604071641431E-029
          13          32  -4.3845974745237017E-029
          13          33  -2.5016784493725245E-030
          13          34   4.2255856143951415E-029
          13          35  -4.8199499248242413E-029
          14           1  -1.1232179633443261E-003
          14           2  -2.6888634466184485E-003
          14           3   1.4908780338535851E-017
          14           4   2.3568528235980065E-017
          14           5  -1.7341456342924128E-017
          14           6   1.0527939871732391E-002
          14           7  -5.1994151495449128E-017
          14           8  -3.8855474109683662E-017
          14           9   1.3303889448073077E-017
          14          10   1.0400152099540415E-002
          14          11   8.8134167202098146E-018
          14          12   1.9399265185528432E-017
          14          13  -2.0220171238779577E-017
          14          14   1.9136438281734295E-004
          14          15   4.0836400332053704E-018
          14          16   1.9136438281728446E-004
          14          17  -1.2568202366941066E-017
          14          18  -4.6050399514988088E-018
          14          19   1.9136438281732471E-004
          14          20   1.0464267528451334E-005
          14          21   3.8134897104616818E-019
          14          22   1.0464267528469042E-005
          14          23  -1.6498637015266655E-018
          14          24   7.9309659494084859E-018
          14          25   1.0464267528504829E-005
          14          26   2.7348729559966608E-017
          14          27   9.1008698769736473E-018
          14          28   5.1774906086813296E-018
          14          29   4.5662734913910407E-017
          14          30  -2.2004648410522561E-018
          14          31   4.2917398085850745E-019
          14          32  -2.0961210508398174E-017
          14          33   1.5059168939161977E-017
          14          34   1.2841324272207481E-017
          14          35  -2.5554662347936928E-017
          15           1  -1.9286508556752225E-015
          15           2  -1.5116502233815154E-015
          15           3  -3.7264588133704977E-030
          15           4  -3.8837370669387081E-029
          15           5   1.3943603339004549E-030
          15           6   3.9206462536228906E-016
          15           7   3.6014374116659280E-030
          15           8   1.2967694420395431E-028
          15           9  -1.1488715660729630E-029
          15          10   3.8100078223835573E-016
          15          11  -4.3162310897312055E-030
          15          12  -2.4946004110461293E-029
          15          13  -7.0018155821707807E-030
          15          14   4.0836400332053704E-018
          15          15   5.2394745189115599E-030
          15          16   4.0836400332274462E-018
          15          17   3.2529876840973425E-030
          15          18  -1.1446681486004317E-030
          15          19   4.0836400332113832E-018
          15          20  -5.6271640839606704E-018
          15          21   2.8684821403488086E-030
          15          22  -5.6271640839671585E-018
          15          23   1.1786089439111564E-030
          15          24   6.8979554311724403E-030
          15          25  -5.6271640839503582E-018
          15          26   5.6035866601188300E-030
          15          27  -2.9778838460277948E-029
          15          28  -6.8620122055427536E-030
          15          29  -7.2650900956155775E-029
          15          30   7.9745660598176580E-031
          15          31  -2.7494980340154778E-030
          15          32   1.6866387340509703E-029
          15          33  -1.2228775651863995E-029
          15          34  -3.2984670314424209E-029
          15          35   8.4725701064772094E-030
          16           1  -1.1232179633535299E-003
          16           2  -2.6888634466249155E-003
          16           3   1.4908780338595127E-017
          16           4   2.3568528235784067E-017
          16           5  -1.7341456342931964E-017
          16           6   1.0527939871730009E-002
          16           7  -5.1994151495578384E-017
          16           8  -3.8855474108917395E-017
          16           9   1.3303889447918534E-017
          16          10   1.0400152099538033E-002
          16          11   8.8134167202143135E-018
          16          12   1.9399265185432894E-017
          16          13  -2.0220171238824761E-017
          16          14   1.9136438281728446E-004
          16          15   4.0836400332274462E-018
          16          16   1.9136438281722596E-004
          16          17  -1.2568202366916412E-017
          16          18  -4.6050399515264236E-018
          16          19   1.9136438281726619E-004
          16          20   1.0464267528418830E-005
          16          21   3.8134897106223737E-019
          16          22   1.0464267528436538E-005
          16          23  -1.6498637015170074E-018
          16          24   7.9309659494476778E-018
          16          25   1.0464267528472327E-005
          16          26   2.7348729560117192E-017
          16          27   9.1008698768026940E-018
          16          28   5.1774906087140873E-018
          16          29   4.5662734913486943E-017
          16          30  -2.2004648410308205E-018
          16          31   4.2917398082971374E-019
          16          32  -2.0961210508263522E-017
          16          33   1.5059168939132243E-017
          16          34   1.2841324272047429E-017
          16          35  -2.5554662347808257E-017
          17           1  -1.3683865004094783E-015
          17           2  -9.2451856007652596E-016
          17           3   8.4309231349951460E-031
          17           4  -2.6872785141456764E-029
          17           5   1.1342860607897421E-030
          17           6  -5.6470576561911296E-016
          17           7   1.3081136174184938E-029
          17           8   1.1207435303513857E-028
          17           9  -1.6953180877446782E-029
          17          10  -5.6268900671305924E-016
          17          11   8.1987123968035311E-031
          17          12  -1.4232254467019063E-029
          17          13  -5.0387691899454374E-030
          17          14  -1.2568202366941066E-017
          17          15   3.2529876840973425E-030
          17          16  -1.2568202366916412E-017
          17          17   4.0374207708113505E-030
          17          18  -7.1866850889749336E-031
          17          19  -1.2568202366931840E-017
          17          20  -5.1131972715571481E-018
          17          21   1.5566266125025918E-030
          17          22  -5.1131972715659766E-018
          17          23   1.2239742266903039E-030
          17          24   4.2295618835646854E-030
          17          25  -5.1131972715587659E-018
          17          26   3.7299355743304009E-030
          17          27  -2.3275335198022788E-029
          17          28  -3.6060787981558082E-030
          17          29  -6.0318951772550084E-029
          17          30   1.4233527987072920E-030
          17          31  -2.2455728728448861E-030
          17          32   1.5913215752776482E-029
          17          33  -9.7970755078734335E-030
          17          34  -2.5588531479854015E-029
          17          35   1.1123238073085801E-029
          18           1   5.5397867292264547E-016
          18           2   4.6704402056589278E-016
          18           3  -6.3946687890048828E-029
          18           4   3.0004339854313430E-029
          18           5   1.6420211949450395E-029
          18           6  -2.9964292763776252E-016
          18           7   2.3445661009869976E-028
          18           8  -8.0143017163209855E-029
          18           9   6.1099728501173709E-029
          18          10  -2.9427412980594534E-016
          18          11  -1.5932076507564924E-030
          18          12   4.4505507366178412E-030
          18          13   1.4369378838153098E-029
          18          14  -4.6050399514988088E-018
          18          15  -1.1446681486004317E-030
          18          16  -4.6050399515264236E-018
          18          17  -7.1866850889749336E-031
          18          18   2.6276014974927110E-029
          18          19  -4.6050399515028163E-018
          18          20   1.3668196727249586E-018
          18          21  -6.7722795404238947E-030
          18          22   1.3668196727693929E-018
          18          23  -2.5374203328515462E-030
          18          24  -1.3404401039425753E-029
          18          25   1.3668196727362870E-018
          18          26  -1.4475911480149092E-028
          18          27   2.8834512313065160E-029
          18          28  -6.4741091500865386E-029
          18          29   5.5501926913064501E-029
          18          30  -1.5008023789925073E-029
          18          31   1.6990301944498901E-029
          18          32  -4.2639984058069109E-029
          18          33  -3.5824315839906201E-029
          18          34  -4.1724496942701785E-031
          18          35  -7.1781953457733208E-029
          19           1  -1.1232179633472285E-003
          19           2  -2.6888634466204898E-003
          19           3   1.4908780338554457E-017
          19           4   2.3568528235934434E-017
          19           5  -1.7341456342926852E-017
          19           6   1.0527939871731649E-002
          19           7  -5.1994151495425185E-017
          19           8  -3.8855474109422414E-017
          19           9   1.3303889448016932E-017
          19          10   1.0400152099539674E-002
          19          11   8.8134167202237244E-018
          19          12   1.9399265185514812E-017
          19          13  -2.0220171238795129E-017
          19          14   1.9136438281732471E-004
          19          15   4.0836400332113832E-018
          19          16   1.9136438281726619E-004
          19          17  -1.2568202366931840E-017
          19          18  -4.6050399515028163E-018
          19          19   1.9136438281730644E-004
          19          20   1.0464267528441108E-005
          19          21   3.8134897104842537E-019
          19          22   1.0464267528458816E-005
          19          23  -1.6498637015235513E-018
          19          24   7.9309659494175794E-018
          19          25   1.0464267528494605E-005
          19          26   2.7348729559989421E-017
          19          27   9.1008698769240846E-018
          19          28   5.1774906086834203E-018
          19          29   4.5662734913780159E-017
          19          30  -2.2004648410468203E-018
          19          31   4.2917398085242315E-019
          19          32  -2.0961210508359779E-017
          19          33   1.5059168939146492E-017
          19          34   1.2841324272156311E-017
          19          35  -2.5554662347903694E-017
          20           1   2.1768116322378895E-003
          20           2   1.5619075204538644E-003
          20           3   2.3230754312871167E-018
          20           4   4.5371433796547008E-017
          20           5  -2.1442208257283866E-018
          20           6   3.7898322604633578E-004
          20           7  -9.1603360990649243E-018
          20           8  -1.6159396472548521E-016
          20           9   1.8940806417364405E-017
          20          10   3.8182569706005651E-004
          20          11   3.2137198733356231E-018
          20          12   2.7550253274508878E-017
          20          13   7.4738460365131790E-018
          20          14   1.0464267528451334E-005
          20          15  -5.6271640839606704E-018
          20          16   1.0464267528418830E-005
          20          17  -5.1131972715571481E-018
          20          18   1.3668196727249586E-018
          20          19   1.0464267528441108E-005
          20          20   7.4452050975114576E-006
          20          21  -3.0945838198268958E-018
          20          22   7.4452050975222386E-006
          20          23  -1.6434208797287285E-018
          20          24  -7.4097109701410731E-018
          20          25   7.4452050975064245E-006
          20          26  -6.7930314058298127E-018
          20          27   3.5926088643731088E-017
          20          28   6.7254988949904038E-018
          20          29   9.0220608211538735E-017
          20          30  -1.6033782352030746E-018
          20          31   3.5014407177007230E-018
          20          32  -2.2641811254704511E-017
          20          33   1.4801588003424962E-017
          20          34   3.9458293116439309E-017
          20          35  -1.4098518402790668E-017
          21           1  -1.0158060350615222E-015
          21           2  -7.7924559691515686E-016
          21           3   1.0998760072145830E-029
          21           4  -2.8188475359990677E-029
          21           5  -2.3864830459996230E-030
          21           6   1.1006672269347512E-016
          21           7  -5.8389171873136674E-029
          21           8   7.4422940750578790E-029
          21           9  -1.6489209379097786E-029
          21          10   1.0541409544085824E-016
          21          11  -4.4111090111885702E-030
          21          12  -1.6415359621743819E-029
          21          13  -5.7156135513568938E-030
          21          14   3.8134897104616818E-019
          21          15   2.8684821403488086E-030
          21          16   3.8134897106223737E-019
          21          17   1.5566266125025918E-030
          21          18  -6.7722795404238947E-030
          21          19   3.8134897104842537E-019
          21          20  -3.0945838198268958E-018
          21          21   3.3094254072796983E-030
          21          22  -3.0945838198396578E-018
          21          23   1.0819158276233146E-030
          21          24   6.5665449008981888E-030
          21          25  -3.0945838198228109E-018
          21          26   3.6697648462549339E-029
          21          27  -2.1022934982252989E-029
          21          28   1.1468359346760736E-029
          21          29  -4.7081516972397210E-029
          21          30   3.7185573905120869E-030
          21          31  -5.3700012889298170E-030
          21          32   1.7765726033434027E-029
          21          33   2.4950538497044426E-030
          21          34  -1.5637312494829031E-029
          21          35   2.0402193154449238E-029
          22           1   2.1768116322409842E-003
          22           2   1.5619075204560578E-003
          22           3   2.3230754311742726E-018
          22           4   4.5371433796633819E-017
          22           5  -2.1442208257018180E-018
          22           6   3.7898322604702902E-004
          22           7  -9.1603360987120878E-018
          22           8  -1.6159396472581451E-016
          22           9   1.8940806417502696E-017
          22          10   3.8182569706075208E-004
          22          11   3.2137198733249446E-018
          22          12   2.7550253274530664E-017
          22          13   7.4738460365463820E-018
          22          14   1.0464267528469042E-005
          22          15  -5.6271640839671585E-018
          22          16   1.0464267528436538E-005
          22          17  -5.1131972715659766E-018
          22          18   1.3668196727693929E-018
          22          19   1.0464267528458816E-005
          22          20   7.4452050975222386E-006
          22          21  -3.0945838198396578E-018
          22          22   7.4452050975330214E-006
          22          23  -1.6434208797351954E-018
          22          24  -7.4097109701691855E-018
          22          25   7.4452050975172056E-006
          22          26  -6.7930314060748587E-018
          22          27   3.5926088643816229E-017
          22          28   6.7254988948873711E-018
          22          29   9.0220608211730798E-017
          22          30  -1.6033782352309551E-018
          22          31   3.5014407177323976E-018
          22          32  -2.2641811254802755E-017
          22          33   1.4801588003381501E-017
          22          34   3.9458293116479757E-017
          22          35  -1.4098518402930752E-017
          23           1  -4.9637780423578074E-016
          23           2  -3.6320605894984278E-016
          23           3   5.9367825713474741E-030
          23           4  -1.0909910023879577E-029
          23           5  -1.2322242239799759E-030
          23           6  -4.6296188587028625E-017
          23           7  -1.6501031042900765E-029
          23           8   4.2330193338309436E-029
          23           9  -1.0555290559455596E-029
          23          10  -4.7428903642305438E-017
          23          11   5.0399544285280928E-031
          23          12  -4.7114427559831867E-030
          23          13  -3.0578164050886469E-030
          23          14  -1.6498637015266655E-018
