           1           1  0.97726988311746166     
           1           2  0.51478822946152902     
           1           3   5.4373048890171047E-015
           1           4   9.4959298457131939E-015
           1           5   1.9339889709489806E-015
           1           6 -0.11290656678806053     
           1           7   3.2092466180302976E-015
           1           8  -3.6110127563781066E-014
           1           9  -2.7188646931110569E-015
           1          10 -0.10877818840670954     
           1          11  -3.8744285575034982E-016
           1          12   4.1202410703327706E-015
           1          13   3.5453584671413195E-015
           1          14   2.2061005284188809E-002
           1          15   1.1708229771819072E-015
           1          16   2.2061005284188535E-002
           1          17  -3.3906362658441775E-015
           1          18   4.9129160974164534E-016
           1          19   2.2061005284194222E-002
           1          20   6.2692579447785654E-002
           1          21   6.6492849828317668E-016
           1          22   6.2692579447783559E-002
           1          23   3.0505755424993490E-016
           1          24  -1.4378886149033084E-015
           1          25   6.2692579447784030E-002
           1          26  -2.6324952826853324E-015
           1          27   5.5991824954639961E-015
           1          28  -1.8690054151608282E-016
           1          29   1.7007584618189729E-014
           1          30   1.3066031335457016E-015
           1          31   7.8603385867654440E-016
           1          32   3.1989932403937175E-015
           1          33   3.8757809109014368E-016
           1          34   7.7536121459143030E-015
           1          35   1.9149745686292650E-015
           2           1  0.51478822946152902     
           2           2  0.27117066203531387     
           2           3  -4.0597903419331963E-015
           2           4   4.0264886726943259E-015
           2           5  -2.5788139189970050E-015
           2           6  -5.9474841715161653E-002
           2           7   9.7943466291268936E-015
           2           8  -1.7879576799669653E-014
           2           9   2.7784191869146163E-015
           2          10  -5.7300170588795336E-002
           2          11  -1.0396585557086261E-015
           2          12   2.0526510101354815E-015
           2          13   1.4334118588037891E-015
           2          14   1.1620890039260510E-002
           2          15   6.1674456345024233E-016
           2          16   1.1620890039260368E-002
           2          17  -1.7860569226527411E-015
           2          18   2.5879354546507498E-016
           2          19   1.1620890039263362E-002
           2          20   3.3024042316080221E-002
           2          21   3.5025878752938504E-016
           2          22   3.3024042316079111E-002
           2          23   1.6069259981208380E-016
           2          24  -7.5742448121672385E-016
           2          25   3.3024042316079361E-002
           2          26  -5.4919606575515912E-015
           2          27   2.6907471718635110E-015
           2          28  -1.9343815760941759E-015
           2          29   8.3805003333679276E-015
           2          30  -2.6564849363607445E-016
           2          31   4.1405243873281220E-016
           2          32   7.3118991240095109E-016
           2          33  -1.6317683028810021E-015
           2          34   3.8256179423786290E-015
           2          35  -1.1242878372657136E-015
           3           1   5.4373048890171047E-015
           3           2  -4.0597903419331963E-015
           3           3   3.1887060967501681     
           3           4  0.44929664787405355     
           3           5   1.6567958177549897     
           3           6  -1.4350516964663754E-014
           3           7  -3.7320816182629013     
           3           8 -0.52585961509175327     
           3           9  -1.9391242181144863     
           3          10  -2.9977907905912585E-014
           3          11  0.38480651945121253     
           3          12   5.4220199047410558E-002
           3          13  0.19993872521563397     
           3          14  -5.6643091036488202E-015
           3          15   9.5114436580723595E-016
           3          16  -8.3851904158486345E-015
           3          17   1.4768808851914554E-015
           3          18  -5.8731145212105263E-016
           3          19  -9.9472323142704363E-015
           3          20   1.4220412352628454E-014
           3          21   1.8508602997648905E-015
           3          22   1.1169358887407880E-014
           3          23  -3.6977273227889080E-015
           3          24   3.4151219885181763E-015
           3          25   8.0083823382560429E-015
           3          26   1.8906074009486677     
           3          27  0.11913381182073689     
           3          28  0.84550533345708312     
           3          29  0.26639130164984715     
           3          30  0.43930975695401125     
           3          31  -1.5744268875329614E-015
           3          32  0.43930975695401270     
           3          33  0.84550533345708712     
           3          34  0.11913381182073726     
           3          35  0.98232647972808773     
           4           1   9.4959298457131939E-015
           4           2   4.0264886726943259E-015
           4           3  0.44929664787405355     
           4           4   6.3307019106150428E-002
           4           5  0.23344666599650893     
           4           6  -3.0306004759096851E-015
           4           7 -0.52585961509179224     
           4           8  -7.4094932284245602E-002
           4           9 -0.27322744228393359     
           4          10  -5.1956607020693876E-015
           4          11   5.4220199047418670E-002
           4          12   7.6397613765324607E-003
           4          13   2.8171865419377995E-002
           4          14  -6.0104775820243644E-016
           4          15   1.3401861514833709E-016
           4          16  -9.8442672626740079E-016
           4          17   2.0809620294011007E-016
           4          18  -8.2753649502208157E-017
           4          19  -1.2045223285290362E-015
           4          20   2.5637146647846547E-015
           4          21   2.6079083588640434E-016
           4          22   2.1338136162667986E-015
           4          23  -5.2101900911299732E-016
           4          24   4.8119921214625707E-016
           4          25   1.6884241308608397E-015
           4          26  0.26639130164985730     
           4          27   1.6786251437242172E-002
           4          28  0.11913381182074639     
           4          29   3.7535199301078653E-002
           4          30   6.1899841248764353E-002
           4          31  -2.2184067813971995E-016
           4          32   6.1899841248764562E-002
           4          33  0.11913381182074698     
           4          34   1.6786251437242224E-002
           4          35  0.13841225282868364     
           5           1   1.9339889709489806E-015
           5           2  -2.5788139189970050E-015
           5           3   1.6567958177549897     
           5           4  0.23344666599650893     
           5           5  0.86084207777192667     
           5           6  -7.3533214931037479E-015
           5           7  -1.9391242181147006     
           5           8 -0.27322744228394358     
           5           9  -1.0075349678522629     
           5          10  -1.5476804543488020E-014
           5          11  0.19993872521565731     
           5          12   2.8171865419377069E-002
           5          13  0.10388465844567304     
           5          14  -2.9631924496797788E-015
           5          15   4.9419794723530886E-016
           5          16  -4.3769147062573665E-015
           5          17   7.6736143114641255E-016
           5          18  -3.0515674009137421E-016
           5          19  -5.1885243077508733E-015
           5          20   7.3315098544328649E-015
           5          21   9.6167458237198333E-016
           5          22   5.7462359321744983E-015
           5          23  -1.9212743281166105E-015
           5          24   1.7744375480282257E-015
           5          25   4.1038479014952679E-015
           5          26  0.98232647972818188     
           5          27   6.1899841248765734E-002
           5          28  0.43930975695405611     
           5          29  0.13841225282869160     
           5          30  0.22825765245726654     
           5          31  -8.1804462483517248E-016
           5          32  0.22825765245726731     
           5          33  0.43930975695405822     
           5          34   6.1899841248765929E-002
           5          35  0.51039962727897392     
           6           1 -0.11290656678806053     
           6           2  -5.9474841715161653E-002
           6           3  -1.4350516964663754E-014
           6           4  -3.0306004759096851E-015
           6           5  -7.3533214931037479E-015
           6           6   1.3044393410755049E-002
           6           7   1.5689929313521705E-014
           6           8   6.4348912685742291E-015
           6           9   8.6589769836430029E-015
           6          10   1.2567430969271149E-002
           6          11  -1.6112204738790467E-015
           6          12  -7.0935442184408254E-016
           6          13  -1.2700242450443021E-015
           6          14  -2.5487661183063778E-003
           6          15  -1.3526826617074832E-016
           6          16  -2.5487661183063461E-003
           6          17   3.9172914935467871E-016
           6          18  -5.6760215275189475E-017
           6          19  -2.5487661183070031E-003
           6          20  -7.2430390323267773E-003
           6          21  -7.6820942912121385E-017
           6          22  -7.2430390323265353E-003
           6          23  -3.5244103720084960E-017
           6          24   1.6612306358451936E-016
           6          25  -7.2430390323265890E-003
           6          26  -7.8319321763670406E-015
           6          27  -1.1595707444991304E-015
           6          28  -3.6169685862559190E-015
           6          29  -3.1113238553961253E-015
           6          30  -2.0414882122008974E-015
           6          31  -9.0812564569399076E-017
           6          32  -2.2601210317310842E-015
           6          33  -3.6833396176579876E-015
           6          34  -1.4084776835350383E-015
           6          35  -4.4486021545811150E-015
           7           1   3.2092466180302976E-015
           7           2   9.7943466291268936E-015
           7           3  -3.7320816182629013     
           7           4 -0.52585961509179224     
           7           5  -1.9391242181147006     
           7           6   1.5689929313521705E-014
           7           7   4.3680517372144356     
           7           8  0.61546939219983587     
           7           9   2.2695631489302808     
           7          10   3.4020766309780872E-014
           7          11 -0.45037996424168886     
           7          12  -6.3459661086241168E-002
           7          13 -0.23400953820004811     
           7          14   6.8456472457057008E-015
           7          15  -1.1132253322315494E-015
           7          16   1.0030183801484599E-014
           7          17  -1.7285506524431580E-015
           7          18   6.8739300774386192E-016
           7          19   1.1858407438024227E-014
           7          20  -1.6029538286549672E-014
           7          21  -2.1662585052178578E-015
           7          22  -1.2458566171718515E-014
           7          23   4.3278432542885492E-015
           7          24  -3.9970801982860749E-015
           7          25  -8.7589393899110453E-015
           7          26  -2.2127787617753425     
           7          27 -0.13943496067665312     
           7          28 -0.98958474609949432     
           7          29 -0.31178605051301983     
           7          30 -0.51417089531160520     
           7          31   1.8427191054858238E-015
           7          32 -0.51417089531160698     
           7          33 -0.98958474609949909     
           7          34 -0.13943496067665354     
           7          35  -1.1497210739686863     
           8           1  -3.6110127563781066E-014
           8           2  -1.7879576799669653E-014
           8           3 -0.52585961509175327     
           8           4  -7.4094932284245602E-002
           8           5 -0.27322744228394358     
           8           6   6.4348912685742291E-015
           8           7  0.61546939219983587     
           8           8   8.6721173540037513E-002
           8           9  0.31978711239396923     
           8          10   8.8632981153928163E-015
           8          11  -6.3459661086245969E-002
           8          12  -8.9416246390121509E-003
           8          13  -3.2972528007828725E-002
           8          14   1.3920670690895233E-016
           8          15  -1.5685622786307393E-016
           8          16   5.8791585605317699E-016
           8          17  -2.4355710130020344E-016
           8          18   9.6855390487716252E-017
           8          19   8.4551712959098854E-016
           8          20  -4.6041014844321934E-015
           8          21  -3.0523123025198180E-016
           8          22  -4.1009426004947012E-015
           8          23   6.0980391659731825E-016
           8          24  -5.6319857643941746E-016
           8          25  -3.5796559528650925E-015
           8          26 -0.31178605051300867     
           8          27  -1.9646733981634325E-002
           8          28 -0.13943496067665392     
           8          29  -4.3931432718791345E-002
           8          30  -7.2447962492790341E-002
           8          31   2.5964372129243848E-016
           8          32  -7.2447962492790577E-002
           8          33 -0.13943496067665459     
           8          34  -1.9646733981634384E-002
           8          35 -0.16199856896523560     
           9           1  -2.7188646931110569E-015
           9           2   2.7784191869146163E-015
           9           3  -1.9391242181144863     
           9           4 -0.27322744228393359     
           9           5  -1.0075349678522629     
           9           6   8.6589769836430029E-015
           9           7   2.2695631489302808     
           9           8  0.31978711239396923     
           9           9   1.1792252466009339     
           9          10   1.8164829084874438E-014
           9          11 -0.23400953820004958     
           9          12  -3.2972528007826435E-002
           9          13 -0.12158725590913240     
           9          14   3.4578607673950969E-015
           9          15  -5.7841237752820684E-016
           9          16   5.1124901647168032E-015
           9          17  -8.9812463264139389E-016
           9          18   3.5715736283899675E-016
           9          19   6.0624031334994433E-015
           9          20  -8.6100537141301654E-015
           9          21  -1.1255499637544469E-015
           9          22  -6.7546391711589209E-015
           9          23   2.2486715257048682E-015
           9          24  -2.0768128371881607E-015
           9          25  -4.8323779174173769E-015
           9          26  -1.1497210739686694     
           9          27  -7.2447962492789314E-002
           9          28 -0.51417089531160098     
           9          29 -0.16199856896523898     
           9          30 -0.26715418828712950     
           9          31   9.5744456046837098E-016
           9          32 -0.26715418828713039     
           9          33 -0.51417089531160343     
           9          34  -7.2447962492789536E-002
           9          35 -0.59737492548380433     
          10           1 -0.10877818840670954     
          10           2  -5.7300170588795336E-002
          10           3  -2.9977907905912585E-014
          10           4  -5.1956607020693876E-015
          10           5  -1.5476804543488020E-014
          10           6   1.2567430969271149E-002
          10           7   3.4020766309780872E-014
          10           8   8.8632981153928163E-015
          10           9   1.8164829084874438E-014
          10          10   1.2107908447254772E-002
          10          11  -3.5015106060306178E-015
          10          12  -9.5806485831065629E-016
          10          13  -2.2363584594128719E-015
          10          14  -2.4555716191618990E-003
          10          15  -1.3032224220041662E-016
          10          16  -2.4555716191618686E-003
          10          17   3.7740574729271174E-016
          10          18  -5.4684803256833467E-017
          10          19  -2.4555716191625014E-003
          10          20  -6.9782005326098472E-003
          10          21  -7.4012019312950543E-017
          10          22  -6.9782005326096148E-003
          10          23  -3.3955418747993569E-017
          10          24   1.6004884767433722E-016
          10          25  -6.9782005326096659E-003
          10          26  -1.7122267118673236E-014
          10          27  -1.7206334365741600E-015
          10          28  -7.7675488882933838E-015
          10          29  -4.3469414693831369E-015
          10          30  -4.1921271677180544E-015
          10          31  -8.7492043549324146E-017
          10          32  -4.4027657754740434E-015
          10          33  -7.8314930924613888E-015
          10          34  -1.9604392041253948E-015
          10          35  -9.2618296678143553E-015
          11           1  -3.8744285575034982E-016
          11           2  -1.0396585557086261E-015
          11           3  0.38480651945121253     
          11           4   5.4220199047418670E-002
          11           5  0.19993872521565731     
          11           6  -1.6112204738790467E-015
          11           7 -0.45037996424168886     
          11           8  -6.3459661086245969E-002
          11           9 -0.23400953820004958     
          11          10  -3.5015106060306178E-015
          11          11   4.6437662462235393E-002
          11          12   6.5431825468801443E-003
          11          13   2.4128195769485647E-002
          11          14  -7.0711569602717887E-016
          11          15   1.1478215357474683E-016
          11          16  -1.0354660788531599E-015
          11          17   1.7822695972318333E-016
          11          18  -7.0875542890225917E-017
          11          19  -1.2239700951942343E-015
          11          20   1.6491421622558182E-015
          11          21   2.2335802934890399E-016
          11          22   1.2809472803858166E-015
          11          23  -4.4623415824124940E-016
          11          24   4.1212992543977045E-016
          11          25   8.9948710593270346E-016
          11          26  0.22815462809483261     
          11          27   1.4376824355940409E-002
          11          28  0.10203385156024566     
          11          29   3.2147556560458770E-002
          11          30   5.3015001510086188E-002
          11          31  -1.8999861145542102E-016
          11          32   5.3015001510086361E-002
          11          33  0.10203385156024616     
          11          34   1.4376824355940452E-002
          11          35  0.11854514720380764     
          12           1   4.1202410703327706E-015
          12           2   2.0526510101354815E-015
          12           3   5.4220199047410558E-002
          12           4   7.6397613765324607E-003
          12           5   2.8171865419377069E-002
          12           6  -7.0935442184408254E-016
          12           7  -6.3459661086241168E-002
          12           8  -8.9416246390121509E-003
          12           9  -3.2972528007826435E-002
          12          10  -9.5806485831065629E-016
          12          11   6.5431825468801443E-003
          12          12   9.2195075229322819E-004
          12          13   3.3997230066219420E-003
          12          14  -5.3912012892866960E-018
          12          15   1.6173091928875675E-017
          12          16  -5.1656589774670124E-017
          12          17   2.5112623470053842E-017
          12          18  -9.9865408948398647E-018
          12          19  -7.8217276173165171E-017
          12          20   5.0018682744094600E-016
          12          21   3.1471703825099716E-017
          12          22   4.4830724959048858E-016
          12          23  -6.2875506673065284E-017
          12          24   5.8070135148969467E-017
          12          25   3.9455855890561244E-016
          12          26   3.2147556560455183E-002
          12          27   2.0257304355457504E-003
          12          28   1.4376824355939405E-002
          12          29   4.5296709579707491E-003
          12          30   7.4699460354129572E-003
          12          31  -2.6771278580557823E-017
          12          32   7.4699460354129823E-003
          12          33   1.4376824355939472E-002
          12          34   2.0257304355457565E-003
          12          35   1.6703307123438555E-002
          13           1   3.5453584671413195E-015
          13           2   1.4334118588037891E-015
          13           3  0.19993872521563397     
          13           4   2.8171865419377995E-002
          13           5  0.10388465844567304     
          13           6  -1.2700242450443021E-015
          13           7 -0.23400953820004811     
          13           8  -3.2972528007828725E-002
          13           9 -0.12158725590913240     
          13          10  -2.2363584594128719E-015
          13          11   2.4128195769485647E-002
          13          12   3.3997230066219420E-003
          13          13   1.2536587765675424E-002
          13          14  -2.8282722488302170E-016
          13          15   5.9638795870638468E-017
          13          16  -4.5343233069026841E-016
          13          17   9.2603605513040973E-017
          13          18  -3.6825690257656009E-017
          13          19  -5.5137571475507888E-016
          13          20   1.0972168063774603E-015
          13          21   1.1605291853782881E-016
          13          22   9.0590919699236102E-016
          13          23  -2.3185545004192186E-016
          13          24   2.1413548822705687E-016
          13          25   7.0770917400559406E-016
          13          26  0.11854514720380516     
          13          27   7.4699460354133709E-003
          13          28   5.3015001510085411E-002
          13          29   1.6703307123440064E-002
          13          30   2.7545665895547349E-002
          13          31  -9.8719949499069123E-017
          13          32   2.7545665895547439E-002
          13          33   5.3015001510085667E-002
          13          34   7.4699460354133934E-003
          13          35   6.1593981427941973E-002
          14           1   2.2061005284188809E-002
          14           2   1.1620890039260510E-002
          14           3  -5.6643091036488202E-015
          14           4  -6.0104775820243644E-016
          14           5  -2.9631924496797788E-015
          14           6  -2.5487661183063778E-003
          14           7   6.8456472457057008E-015
          14           8   1.3920670690895233E-016
          14           9   3.4578607673950969E-015
          14          10  -2.4555716191618990E-003
          14          11  -7.0711569602717887E-016
          14          12  -5.3912012892866960E-018
          14          13  -2.8282722488302170E-016
          14          14   4.9800772801519941E-004
          14          15   2.6430295594562487E-017
          14          16   4.9800772801519323E-004
          14          17  -7.6540621858662795E-017
          14          18   1.1090474582123596E-017
          14          19   4.9800772801532160E-004
          14          20   1.4152296621124780E-003
          14          21   1.5010174126553418E-017
          14          22   1.4152296621124307E-003
          14          23   6.8864051093317054E-018
          14          24  -3.2459066711718337E-017
          14          25   1.4152296621124411E-003
          14          26  -3.4906118221312842E-015
          14          27  -8.9814447912285419E-017
          14          28  -1.5386919477089259E-015
          14          29  -9.9531394487733161E-017
          14          30  -7.6778978527967923E-016
          14          31   1.7744020776022539E-017
          14          32  -7.2507074843210634E-016
          14          33  -1.5257235994885306E-015
          14          34  -4.1180099587357133E-017
          14          35  -1.7395550392483170E-015
          15           1   1.1708229771819072E-015
          15           2   6.1674456345024233E-016
          15           3   9.5114436580723595E-016
          15           4   1.3401861514833709E-016
          15           5   4.9419794723530886E-016
          15           6  -1.3526826617074832E-016
          15           7  -1.1132253322315494E-015
          15           8  -1.5685622786307393E-016
          15           9  -5.7841237752820684E-016
          15          10  -1.3032224220041662E-016
          15          11   1.1478215357474683E-016
          15          12   1.6173091928875675E-017
          15          13   5.9638795870638468E-017
          15          14   2.6430295594562487E-017
          15          15   1.6864226564181946E-030
          15          16   2.6430295594561350E-017
          15          17  -3.6216364543853296E-030
          15          18   4.1340791136337434E-031
          15          19   2.6430295594567695E-017
          15          20   7.5109152327629079E-017
          15          21   1.3487053913015253E-030
          15          22   7.5109152327625677E-017
          15          23  -7.3750224938498815E-031
          15          24  -7.0398859522993175E-031
          15          25   7.5109152327625283E-017
          15          26   5.6394052095251952E-016
          15          27   3.5535872687024873E-017
          15          28   2.5220186802329645E-016
          15          29   7.9460626967974517E-017
          15          30   1.3103967173293674E-016
          15          31   4.7208321932814566E-031
          15          32   1.3103967173293945E-016
          15          33   2.5220186802329832E-016
          15          34   3.5535872687027560E-017
          15          35   2.9301361374410533E-016
          16           1   2.2061005284188535E-002
          16           2   1.1620890039260368E-002
          16           3  -8.3851904158486345E-015
          16           4  -9.8442672626740079E-016
          16           5  -4.3769147062573665E-015
          16           6  -2.5487661183063461E-003
          16           7   1.0030183801484599E-014
          16           8   5.8791585605317699E-016
          16           9   5.1124901647168032E-015
          16          10  -2.4555716191618686E-003
          16          11  -1.0354660788531599E-015
          16          12  -5.1656589774670124E-017
          16          13  -4.5343233069026841E-016
          16          14   4.9800772801519323E-004
          16          15   2.6430295594561350E-017
          16          16   4.9800772801518716E-004
          16          17  -7.6540621858663116E-017
          16          18   1.1090474582123960E-017
          16          19   4.9800772801531542E-004
          16          20   1.4152296621124604E-003
          16          21   1.5010174126551656E-017
          16          22   1.4152296621124131E-003
          16          23   6.8864051093347753E-018
          16          24  -3.2459066711720852E-017
          16          25   1.4152296621124238E-003
          16          26  -5.1038424523203177E-015
          16          27  -1.9146977530810277E-016
          16          28  -2.2601506182064255E-015
          16          29  -3.2683961681978839E-016
          16          30  -1.1426470696124796E-015
          16          31   1.7744020776023664E-017
          16          32  -1.0999280327649086E-015
          16          33  -2.2471822699860340E-015
          16          34  -1.4283542698317537E-016
          16          35  -2.5777614088774320E-015
          17           1  -3.3906362658441775E-015
          17           2  -1.7860569226527411E-015
          17           3   1.4768808851914554E-015
          17           4   2.0809620294011007E-016
          17           5   7.6736143114641255E-016
          17           6   3.9172914935467871E-016
          17           7  -1.7285506524431580E-015
          17           8  -2.4355710130020344E-016
          17           9  -8.9812463264139389E-016
          17          10   3.7740574729271174E-016
          17          11   1.7822695972318333E-016
          17          12   2.5112623470053842E-017
          17          13   9.2603605513040973E-017
          17          14  -7.6540621858662795E-017
          17          15  -3.6216364543853296E-030
          17          16  -7.6540621858663116E-017
          17          17   1.2447839039233422E-029
          17          18  -1.9765545685456486E-030
          17          19  -7.6540621858683565E-017
          17          20  -2.1751180216143404E-016
          17          21  -1.4497240178949598E-030
          17          22  -2.1751180216142818E-016
          17          23  -2.7710358064490795E-030
          17          24   6.5704998578955479E-030
          17          25  -2.1751180216143123E-016
          17          26   8.7565358711120387E-016
          17          27   5.5178007668157860E-017
          17          28   3.9160418910443311E-016
          17          29   1.2338177600899535E-016
          17          30   2.0347067526377628E-016
          17          31  -3.4563546342755678E-030
          17          32   2.0347067526377042E-016
          17          33   3.9160418910443296E-016
          17          34   5.5178007668150551E-017
          17          35   4.5497426131759581E-016
          18           1   4.9129160974164534E-016
          18           2   2.5879354546507498E-016
          18           3  -5.8731145212105263E-016
          18           4  -8.2753649502208157E-017
          18           5  -3.0515674009137421E-016
          18           6  -5.6760215275189475E-017
          18           7   6.8739300774386192E-016
          18           8   9.6855390487716252E-017
          18           9   3.5715736283899675E-016
          18          10  -5.4684803256833467E-017
          18          11  -7.0875542890225917E-017
          18          12  -9.9865408948398647E-018
          18          13  -3.6825690257656009E-017
          18          14   1.1090474582123596E-017
          18          15   4.1340791136337434E-031
          18          16   1.1090474582123960E-017
          18          17  -1.9765545685456486E-030
          18          18   3.5515525076778414E-031
          18          19   1.1090474582127106E-017
          18          20   3.1516716935452831E-017
          18          21  -6.6286535125256567E-033
          18          22   3.1516716935452338E-017
          18          23   8.3442352953118243E-031
          18          24  -1.3518669849486088E-030
          18          25   3.1516716935453152E-017
          18          26  -3.4822129865579066E-016
          18          27  -2.1942646921412570E-017
          18          28  -1.5572929900152009E-016
          18          29  -4.9065250122554842E-017
          18          30  -8.0914215189215398E-017
          18          31   6.8513935871735901E-031
          18          32  -8.0914215189214720E-017
          18          33  -1.5572929900152056E-016
          18          34  -2.1942646921411556E-017
          18          35  -1.8092968550913356E-016
          19           1   2.2061005284194222E-002
          19           2   1.1620890039263362E-002
          19           3  -9.9472323142704363E-015
          19           4  -1.2045223285290362E-015
          19           5  -5.1885243077508733E-015
          19           6  -2.5487661183070031E-003
          19           7   1.1858407438024227E-014
          19           8   8.4551712959098854E-016
          19           9   6.0624031334994433E-015
          19          10  -2.4555716191625014E-003
          19          11  -1.2239700951942343E-015
          19          12  -7.8217276173165171E-017
          19          13  -5.5137571475507888E-016
          19          14   4.9800772801532160E-004
          19          15   2.6430295594567695E-017
          19          16   4.9800772801531542E-004
          19          17  -7.6540621858683565E-017
          19          18   1.1090474582127106E-017
          19          19   4.9800772801544379E-004
          19          20   1.4152296621128251E-003
          19          21   1.5010174126554617E-017
          19          22   1.4152296621127779E-003
          19          23   6.8864051093383614E-018
          19          24  -3.2459066711730885E-017
          19          25   1.4152296621127885E-003
          19          26  -6.0299886332926228E-015
          19          27  -2.4982949863671203E-016
          19          28  -2.6743357817575986E-015
          19          29  -4.5733592533061860E-016
          19          30  -1.3578504235518812E-015
          19          31   1.7744020776029004E-017
          19          32  -1.3151313867042998E-015
          19          33  -2.6613674335372059E-015
          19          34  -2.0119515031177231E-016
          19          35  -3.0589707372718902E-015
          20           1   6.2692579447785654E-002
          20           2   3.3024042316080221E-002
          20           3   1.4220412352628454E-014
          20           4   2.5637146647846547E-015
          20           5   7.3315098544328649E-015
          20           6  -7.2430390323267773E-003
          20           7  -1.6029538286549672E-014
          20           8  -4.6041014844321934E-015
          20           9  -8.6100537141301654E-015
          20          10  -6.9782005326098472E-003
          20          11   1.6491421622558182E-015
          20          12   5.0018682744094600E-016
          20          13   1.0972168063774603E-015
          20          14   1.4152296621124780E-003
          20          15   7.5109152327629079E-017
          20          16   1.4152296621124604E-003
          20          17  -2.1751180216143404E-016
          20          18   3.1516716935452831E-017
          20          19   1.4152296621128251E-003
          20          20   4.0217749320987841E-003
          20          21   4.2655650630249006E-017
          20          22   4.0217749320986497E-003
          20          23   1.9569665745697415E-017
          20          24  -9.2241608775784574E-017
          20          25   4.0217749320986800E-003
          20          26   8.0557007299200223E-015
          20          27   8.7745115659540184E-016
          20          28   3.6661529487275769E-015
          20          29   2.2499124818069335E-015
          20          30   1.9949180789911653E-015
          20          31   5.0424648282954528E-017
          20          32   2.1163162916745694E-015
          20          33   3.7030061741650066E-015
          20          34   1.0156593981045575E-015
          20          35   4.3961932474471747E-015
          21           1   6.6492849828317668E-016
          21           2   3.5025878752938504E-016
          21           3   1.8508602997648905E-015
          21           4   2.6079083588640434E-016
          21           5   9.6167458237198333E-016
          21           6  -7.6820942912121385E-017
          21           7  -2.1662585052178578E-015
          21           8  -3.0523123025198180E-016
          21           9  -1.1255499637544469E-015
          21          10  -7.4012019312950543E-017
          21          11   2.2335802934890399E-016
          21          12   3.1471703825099716E-017
          21          13   1.1605291853782881E-016
          21          14   1.5010174126553418E-017
          21          15   1.3487053913015253E-030
          21          16   1.5010174126551656E-017
          21          17  -1.4497240178949598E-030
          21          18  -6.6286535125256567E-033
          21          19   1.5010174126554617E-017
          21          20   4.2655650630249006E-017
          21          21   1.5267311563043971E-030
          21          22   4.2655650630245814E-017
          21          23  -1.9387585058538310E-030
          21          24   1.0039510007654643E-030
          21          25   4.2655650630244292E-017
          21          26   1.0973887447400335E-015
          21          27   6.9150318645986771E-017
          21          28   4.9076716619637590E-016
          21          29   1.5462481315820733E-016
          21          30   2.5499402070144727E-016
          21          31  -3.7905149306355656E-031
          21          32   2.5499402070144939E-016
          21          33   4.9076716619637866E-016
          21          34   6.9150318645988435E-017
          21          35   5.7018396414442858E-016
          22           1   6.2692579447783559E-002
          22           2   3.3024042316079111E-002
          22           3   1.1169358887407880E-014
          22           4   2.1338136162667986E-015
          22           5   5.7462359321744983E-015
          22           6  -7.2430390323265353E-003
          22           7  -1.2458566171718515E-014
          22           8  -4.1009426004947012E-015
          22           9  -6.7546391711589209E-015
          22          10  -6.9782005326096148E-003
          22          11   1.2809472803858166E-015
          22          12   4.4830724959048858E-016
          22          13   9.0590919699236102E-016
          22          14   1.4152296621124307E-003
          22          15   7.5109152327625677E-017
          22          16   1.4152296621124131E-003
          22          17  -2.1751180216142818E-016
          22          18   3.1516716935452338E-017
          22          19   1.4152296621127779E-003
          22          20   4.0217749320986497E-003
          22          21   4.2655650630245814E-017
          22          22   4.0217749320985152E-003
          22          23   1.9569665745700299E-017
          22          24  -9.2241608775784759E-017
          22          25   4.0217749320985456E-003
          22          26   6.2467085910976427E-015
          22          27   7.6346020905994754E-016
          22          28   2.8571470700936599E-015
          22          29   1.9950209742980247E-015
          22          30   1.5745727992471967E-015
          22          31   5.0424648282954355E-017
          22          32   1.6959710119305953E-015
          22          33   2.8940002955310841E-015
          22          34   9.0166845056909826E-016
          22          35   3.4562726279184907E-015
          23           1   3.0505755424993490E-016
          23           2   1.6069259981208380E-016
          23           3  -3.6977273227889080E-015
          23           4  -5.2101900911299732E-016
          23           5  -1.9212743281166105E-015
          23           6  -3.5244103720084960E-017
          23           7   4.3278432542885492E-015
          23           8   6.0980391659731825E-016
          23           9   2.2486715257048682E-015
          23          10  -3.3955418747993569E-017
          23          11  -4.4623415824124940E-016
          23          12  -6.2875506673065284E-017
          23          13  -2.3185545004192186E-016
          23          14   6.8864051093317054E-018
