           1           1  0.66576988921509961     
           1           2  0.57559625731191999     
           1           3  -6.7841637346668844E-013
           1           4  -1.2445771933408785E-012
           1           5   1.9342192232361457E-013
           1           6 -0.14075665494493650     
           1           7   5.6471818510426513E-013
           1           8   5.9731737442068440E-013
           1           9  -2.9621108822017748E-013
           1          10 -0.11593262129039505     
           1          11  -5.5031262621223158E-013
           1          12  -4.5582968243284132E-013
           1          13   4.8014800488732156E-015
           1          14  -1.8009641015535689E-003
           1          15   2.6993339812686687E-007
           1          16  -1.8003573564939663E-003
           1          17   1.5961122156287600E-006
           1          18   4.6863016831564315E-006
           1          19  -1.7770460797582703E-003
           1          20  -4.9662935558169308E-003
           1          21   3.2307133179647555E-006
           1          22  -4.9590317098911294E-003
           1          23   1.9103230099460722E-005
           1          24   5.6088480096206858E-005
           1          25  -4.6800278366051721E-003
           1          26  -3.8188577405951936E-013
           1          27  -2.7740927347248293E-013
           1          28  -2.1958492634985776E-013
           1          29  -7.1820814705760382E-013
           1          30   8.2322738548133710E-014
           1          31   1.9222651845575803E-014
           1          32   8.8666249898984779E-014
           1          33  -1.9014080307912179E-013
           1          34  -3.2541608443744674E-013
           1          35   1.4312535942149300E-013
           2           1  0.57559625731191999     
           2           2  0.51695474356783611     
           2           3  -8.5051088935092596E-013
           2           4  -1.5489975978266667E-012
           2           5   2.0553049982186447E-013
           2           6 -0.23495070393458972     
           2           7   2.6020711621472198E-013
           2           8  -1.6193562912672864E-013
           2           9  -2.1741646170020647E-013
           2          10 -0.19197984017296882     
           2          11  -8.6500631798305147E-013
           2          12  -5.9502022240073482E-013
           2          13  -2.5986054955827281E-014
           2          14  -2.6099927248122196E-003
           2          15   3.7688662840072511E-006
           2          16  -2.6015212389551819E-003
           2          17   2.2285301779425079E-005
           2          18   6.5431272804558583E-005
           2          19  -2.2760433193514699E-003
           2          20  -8.1314374017216785E-003
           2          21   8.0497750178874897E-006
           2          22  -8.1133434940920159E-003
           2          23   4.7598362485703821E-005
           2          24   1.3975227093581061E-004
           2          25  -7.4181666001923025E-003
           2          26  -3.2611811861889485E-013
           2          27  -2.0599494851241048E-013
           2          28  -2.3130134617118401E-013
           2          29  -6.4282976420232868E-013
           2          30   7.5428227182503422E-014
           2          31   3.5135351853308039E-014
           2          32   8.6813708662101143E-014
           2          33  -1.8459805782545934E-013
           2          34  -2.9339519600375647E-013
           2          35   1.0783039895631323E-013
           3           1  -6.7841637346668844E-013
           3           2  -8.5051088935092596E-013
           3           3   8.3819475990334305E-002
           3           4  -7.9380720478544955E-004
           3           5  -4.6937833745593401E-003
           3           6   1.3241330974815156E-012
           3           7  0.13872212811732398     
           3           8  -1.3137594277255991E-003
           3           9  -7.7682616833432017E-003
           3          10   2.2610316966883956E-012
           3          11  0.12467224257293145     
           3          12  -1.1807007146265695E-003
           3          13  -6.9814858514612322E-003
           3          14  -3.6125096373133261E-013
           3          15  -2.4296593797637692E-013
           3          16   2.5602264680216440E-013
           3          17  -4.6348717462816025E-014
           3          18  -1.2245758913889552E-013
           3          19   4.6694684618545006E-014
           3          20  -1.4652557760300619E-012
           3          21  -1.3218895356722932E-012
           3          22   1.1423566488226159E-012
           3          23  -1.5506284969894908E-014
           3          24  -7.9315441347205176E-013
           3          25  -1.1245236577957330E-013
           3          26   8.6166686700519922E-005
           3          27  -9.5632294440482435E-006
           3          28   2.6684966992699422E-005
           3          29  -5.6324355185654690E-007
           3          30  -5.6547395256685149E-005
           3          31  -9.1603176728740417E-005
           3          32   2.2910244797224574E-008
           3          33  -4.2898103337808224E-004
           3          34   1.3034009113600009E-005
           3          35   5.4097085105475836E-005
           4           1  -1.2445771933408785E-012
           4           2  -1.5489975978266667E-012
           4           3  -7.9380720478544955E-004
           4           4   8.1759163528192597E-002
           4           5  -1.3781290812532427E-002
           4           6   9.1869128946135268E-012
           4           7  -1.3137594268823986E-003
           4           8  0.13531228887894531     
           4           9  -2.2808183669609596E-002
           4          10  -1.1891941600250232E-011
           4          11  -1.1807007175327865E-003
           4          12  0.12160775513544142     
           4          13  -2.0498152425153567E-002
           4          14   1.3017300338336604E-013
           4          15   9.5893769501617785E-014
           4          16   5.3908977569774449E-014
           4          17  -3.9987185815702553E-013
           4          18  -1.3711240067006967E-013
           4          19   2.6484593241288245E-014
           4          20   1.8327516350310654E-012
           4          21   2.1398677184012817E-013
           4          22   3.2214393608434538E-012
           4          23   2.7829008701333807E-013
           4          24  -3.0977520556474976E-013
           4          25   3.8987111747210026E-012
           4          26  -8.1602796051521043E-007
           4          27   3.7674782802458385E-005
           4          28  -9.2240837493942690E-006
           4          29   5.8012872361863275E-005
           4          30  -5.8206477996113131E-006
           4          31  -2.8883614393303538E-005
           4          32  -1.6013937126862728E-004
           4          33   1.3034009377840123E-005
           4          34  -3.9515148946338318E-004
           4          35   1.5883298891780748E-004
           5           1   1.9342192232361457E-013
           5           2   2.0553049982186447E-013
           5           3  -4.6937833745593401E-003
           5           4  -1.3781290812532427E-002
           5           5   2.6010393934065672E-003
           5           6  -1.3199238879094656E-012
           5           7  -7.7682616195489280E-003
           5           8  -2.2808183486213281E-002
           5           9   4.3047480114018696E-003
           5          10   2.2473429304564315E-012
           5          11  -6.9814860336074730E-003
           5          12  -2.0498152950685536E-002
           5          13   3.8687596583898520E-003
           5          14  -4.3235324739098098E-015
           5          15  -2.0723944098127936E-015
           5          16  -2.6643580990578186E-014
           5          17   7.1183254454066608E-014
           5          18   3.2848211385397055E-014
           5          19   3.0165176643983168E-015
           5          20  -2.4043246756582762E-013
           5          21   4.0345317453820947E-014
           5          22  -6.2460126154318266E-013
           5          23  -4.3845868348999647E-014
           5          24   1.0490133658832050E-013
           5          25  -6.3290563667862498E-013
           5          26  -4.8252255838386856E-006
           5          27  -5.8206699700917762E-006
           5          28   2.2902857423975262E-008
           5          29  -9.7786262913822148E-006
           5          30   4.2415309053288925E-006
           5          31   1.0161138188214398E-005
           5          32   2.7081264069879309E-005
           5          33   2.2505161044150687E-005
           5          34   6.6076795574436146E-005
           5          35  -2.9977660864682607E-005
           6           1 -0.14075665494493650     
           6           2 -0.23495070393458972     
           6           3   1.3241330974815156E-012
           6           4   9.1869128946135268E-012
           6           5  -1.3199238879094656E-012
           6           6  0.69761380234531645     
           6           7   5.4587886608976438E-013
           6           8   1.4025385456408019E-011
           6           9  -1.9118173292046296E-012
           6          10  0.55312938895128017     
           6          11   1.9038181964779300E-012
           6          12   1.0097533967766178E-011
           6          13  -1.3534759139871702E-012
           6          14   7.2342059855663382E-003
           6          15  -3.8315790051187559E-005
           6          16   7.1480815194844907E-003
           6          17  -2.2656128515376531E-004
           6          18  -6.6520047699614973E-004
           6          19   3.8391425922610889E-003
           6          20   2.6391204441057615E-002
           6          21  -7.5536342814881750E-005
           6          22   2.6221417376091235E-002
           6          23  -4.4664661869159641E-004
           6          24  -1.3113871018443817E-003
           6          25   1.9698119692907603E-002
           6          26   4.9819468384946114E-014
           6          27  -1.7221161913627571E-013
           6          28   3.2083514496670564E-013
           6          29   2.8373642878993610E-013
           6          30  -4.4889116606409154E-014
           6          31  -1.3334065075599324E-013
           6          32  -9.4290126696074856E-014
           6          33   1.5830391633053062E-013
           6          34   1.0889368526542187E-013
           6          35   7.8563113248663684E-014
           7           1   5.6471818510426513E-013
           7           2   2.6020711621472198E-013
           7           3  0.13872212811732398     
           7           4  -1.3137594268823986E-003
           7           5  -7.7682616195489280E-003
           7           6   5.4587886608976438E-013
           7           7  0.22958660385348104     
           7           8  -2.1742859253798610E-003
           7           9  -1.2856556059320252E-002
           7          10   2.6134920466883662E-012
           7          11  0.20633389319769371     
           7          12  -1.9540723299263721E-003
           7          13  -1.1554433653943763E-002
           7          14  -6.2541041912265042E-013
           7          15  -4.0178044143421466E-013
           7          16   3.9692751484121632E-013
           7          17  -7.4751712215142076E-014
           7          18  -1.9692592298303877E-013
           7          19   7.9053668361415637E-014
           7          20  -2.5274819147833024E-012
           7          21  -2.1869325126122903E-012
           7          22   1.7899624611340071E-012
           7          23  -2.0880694490679069E-014
           7          24  -1.2986376306095942E-012
           7          25  -2.1691306197988225E-013
           7          26   1.4260678691540893E-004
           7          27  -1.5827246894433218E-005
           7          28   4.4163905422309302E-005
           7          29  -9.3217411157469655E-007
           7          30  -9.3586543182992273E-005
           7          31  -1.5160423597571131E-004
           7          32   3.7916746042413970E-008
           7          33  -7.0996819258635697E-004
           7          34   2.1571424425220054E-005
           7          35   8.9531253664596903E-005
           8           1   5.9731737442068440E-013
           8           2  -1.6193562912672864E-013
           8           3  -1.3137594277255991E-003
           8           4  0.13531228887894531     
           8           5  -2.2808183486213281E-002
           8           6   1.4025385456408019E-011
           8           7  -2.1742859253798610E-003
           8           8  0.22394328331582797     
           8           9  -3.7747787576664270E-002
           8          10  -2.0593908115646465E-011
           8          11  -1.9540723359903617E-003
           8          12  0.20126213359720579     
           8          13  -3.3924661194734529E-002
           8          14   1.9862071289816985E-013
           8          15   1.5874951479117900E-013
           8          16   7.2502515403641510E-014
           8          17  -6.6153023846472438E-013
           8          18  -2.2615336071528959E-013
           8          19   3.0940771038618691E-014
           8          20   2.9763219595613988E-012
           8          21   3.5437503431388533E-013
           8          22   5.2751199146163208E-012
           8          23   4.6190136912700257E-013
           8          24  -5.0878127951029853E-013
           8          25   6.4154119322147015E-012
           8          26  -1.3505350165025557E-006
           8          27   6.2352167931465678E-005
           8          28  -1.5265957132392491E-005
           8          29   9.6011923373200857E-005
           8          30  -9.6332342593897192E-006
           8          31  -4.7802690288370424E-005
           8          32  -2.6503236983929272E-004
           8          33   2.1571424861999247E-005
           8          34  -6.5397993553353417E-004
           8          35   2.6287029307926876E-004
           9           1  -2.9621108822017748E-013
           9           2  -2.1741646170020647E-013
           9           3  -7.7682616833432017E-003
           9           4  -2.2808183669609596E-002
           9           5   4.3047480114018696E-003
           9           6  -1.9118173292046296E-012
           9           7  -1.2856556059320252E-002
           9           8  -3.7747787576664270E-002
           9           9   7.1244039935122218E-003
           9          10   3.9413447710743169E-012
           9          11  -1.1554434050284695E-002
           9          12  -3.3924662337277388E-002
           9          13   6.4028386068516220E-003
           9          14  -3.7944479377748178E-015
           9          15  -3.4234069125561211E-015
           9          16  -4.0719918423096040E-014
           9          17   1.1784705605124862E-013
           9          18   5.4475737457929826E-014
           9          19   8.9229811894553242E-015
           9          20  -3.8699149085793106E-013
           9          21   6.6758393256879001E-014
           9          22  -1.0228253847656339E-012
           9          23  -7.2645435013664377E-014
           9          24   1.7337778944753594E-013
           9          25  -1.0377384077841661E-012
           9          26  -7.9857999454311008E-006
           9          27  -9.6332710453663312E-006
           9          28   3.7904472719703366E-008
           9          29  -1.6183731083266707E-005
           9          30   7.0197790091880672E-006
           9          31   1.6816792367315136E-005
           9          32   4.4819781638327175E-005
           9          33   3.7246282214515146E-005
           9          34   1.0935780328970162E-004
           9          35  -4.9613349309835290E-005
          10           1 -0.11593262129039505     
          10           2 -0.19197984017296882     
          10           3   2.2610316966883956E-012
          10           4  -1.1891941600250232E-011
          10           5   2.2473429304564315E-012
          10           6  0.55312938895128017     
          10           7   2.6134920466883662E-012
          10           8  -2.0593908115646465E-011
          10           9   3.9413447710743169E-012
          10          10  0.47843758452915636     
          10          11   3.1435492203262892E-012
          10          12  -1.9520201717173224E-011
          10          13   3.7080156393544546E-012
          10          14   3.6586208620339928E-003
          10          15   2.5247561018154930E-005
          10          16   3.7153711465493225E-003
          10          17   1.4928889681665156E-004
          10          18   4.3832310692461999E-004
          10          19   5.8957431874655372E-003
          10          20   1.2176662599133359E-002
          10          21   8.1101553935001501E-005
          10          22   1.2358958891876302E-002
          10          23   4.7955356812056944E-004
          10          24   1.4080042973927884E-003
          10          25   1.9362861989114275E-002
          10          26   6.4366194389845566E-014
          10          27  -3.8086692551167479E-014
          10          28   1.5937302296124221E-013
          10          29   2.1128602793441709E-013
          10          30  -2.7484905677989285E-014
          10          31  -4.1532138864702366E-014
          10          32  -2.5180995850721683E-014
          10          33   1.2989121078700574E-013
          10          34   1.8095795060896704E-013
          10          35   1.6574696653996417E-014
          11           1  -5.5031262621223158E-013
          11           2  -8.6500631798305147E-013
          11           3  0.12467224257293145     
          11           4  -1.1807007175327865E-003
          11           5  -6.9814860336074730E-003
          11           6   1.9038181964779300E-012
          11           7  0.20633389319769371     
          11           8  -1.9540723359903617E-003
          11           9  -1.1554434050284695E-002
          11          10   3.1435492203262892E-012
          11          11  0.18543623524866978     
          11          12  -1.7561621670186753E-003
          11          13  -1.0384191616082127E-002
          11          14  -5.2969061342395669E-013
          11          15  -3.6161711818916617E-013
          11          16   3.8791436810874596E-013
          11          17  -7.0310635372990625E-014
          11          18  -1.8617053409384069E-013
          11          19   5.6523643630062160E-014
          11          20  -2.1456769748644907E-012
          11          21  -1.9667477214804460E-012
          11          22   1.7315499577393264E-012
          11          23  -2.6508620647393739E-014
          11          24  -1.1898438461642416E-012
          11          25  -1.8515074925728531E-013
          11          26   1.2816346009216040E-004
          11          27  -1.4224250901468319E-005
          11          28   3.9690950553859211E-005
          11          29  -8.3776269831356551E-007
          11          30  -8.4108024963284276E-005
          11          31  -1.3624964052685407E-004
          11          32   3.4076257801343116E-008
          11          33  -6.3806205920071172E-004
          11          34   1.9386653083678520E-005
          11          35   8.0463458575825606E-005
          12           1  -4.5582968243284132E-013
          12           2  -5.9502022240073482E-013
          12           3  -1.1807007146265695E-003
          12           4  0.12160775513544142     
          12           5  -2.0498152950685536E-002
          12           6   1.0097533967766178E-011
          12           7  -1.9540723299263721E-003
          12           8  0.20126213359720579     
          12           9  -3.3924662337277388E-002
          12          10  -1.9520201717173224E-011
          12          11  -1.7561621670186753E-003
          12          12  0.18087814834336038     
          12          13  -3.0488745164216801E-002
          12          14   1.0365912308913963E-013
          12          15   1.4420162725532706E-013
          12          16  -6.2457913869771053E-015
          12          17  -5.8548076124847753E-013
          12          18  -1.7667931713033583E-013
          12          19   8.8565614343063581E-014
          12          20   2.3702628481984064E-012
          12          21   3.2219601523008089E-013
          12          22   4.4445812385641226E-012
          12          23   4.3707084243915870E-013
          12          24  -3.9280118263261425E-013
          12          25   5.7899820239112246E-012
          12          26  -1.2137516393480252E-006
          12          27   5.6037091906073523E-005
          12          28  -1.3719809090048728E-005
          12          29   8.6287761181074357E-005
          12          30  -8.6575729023351050E-006
          12          31  -4.2961196828277022E-005
          12          32  -2.3818968551745298E-004
          12          33   1.9386653488867884E-005
          12          34  -5.8774433956224059E-004
          12          35   2.3624658566025002E-004
          13           1   4.8014800488732156E-015
          13           2  -2.5986054955827281E-014
          13           3  -6.9814858514612322E-003
          13           4  -2.0498152425153567E-002
          13           5   3.8687596583898520E-003
          13           6  -1.3534759139871702E-012
          13           7  -1.1554433653943763E-002
          13           8  -3.3924661194734529E-002
          13           9   6.4028386068516220E-003
          13          10   3.7080156393544546E-012
          13          11  -1.0384191616082127E-002
          13          12  -3.0488745164216801E-002
          13          13   5.7543539449366708E-003
          13          14   6.3024793348281150E-015
          13          15  -3.2767493929161083E-015
          13          16  -2.7332852745227765E-014
          13          17   1.0472840973739585E-013
          13          18   4.5485012329243884E-014
          13          19   4.3786880508372375E-018
          13          20  -3.0805614916653758E-013
          13          21   5.9524055805431469E-014
          13          22  -8.8055544466381499E-013
          13          23  -6.8084656388452711E-014
          13          24   1.4760630945465888E-013
          13          25  -9.3480561178206218E-013
          13          26  -7.1769916622624681E-006
          13          27  -8.6576055837432946E-006
          13          28   3.4065483772807939E-008
          13          29  -1.4544629741583224E-005
          13          30   6.3088101132306227E-006
          13          31   1.5113574045093182E-005
          13          32   4.0280397991531144E-005
          13          33   3.3473948593341195E-005
          13          34   9.8281956741316911E-005
          13          35  -4.4588469248165716E-005
          14           1  -1.8009641015535689E-003
          14           2  -2.6099927248122196E-003
          14           3  -3.6125096373133261E-013
          14           4   1.3017300338336604E-013
          14           5  -4.3235324739098098E-015
          14           6   7.2342059855663382E-003
          14           7  -6.2541041912265042E-013
          14           8   1.9862071289816985E-013
          14           9  -3.7944479377748178E-015
          14          10   3.6586208620339928E-003
          14          11  -5.2969061342395669E-013
          14          12   1.0365912308913963E-013
          14          13   6.3024793348281150E-015
          14          14   1.8411634552527117E-004
          14          15  -3.2815637403476564E-006
          14          16   1.7674019885084748E-004
          14          17  -1.9403890907984152E-005
          14          18  -5.6971240841211009E-005
          14          19  -1.0665461191829452E-004
          14          20   7.3148976663830339E-004
          14          21  -8.1342001152136425E-006
          14          22   7.1320609104967418E-004
          14          23  -4.8097540998635833E-005
          14          24  -1.4121789347067745E-004
          14          25   1.0739061854742607E-005
          14          26  -7.5724988090869790E-016
          14          27  -6.8907573479699206E-015
          14          28   8.4247467712611023E-015
          14          29   3.9194593594624032E-015
          14          30  -7.0402971420706362E-016
          14          31  -4.0257923684638589E-015
          14          32  -1.7612750421379515E-015
          14          33   3.0524686057830682E-015
          14          34   1.2553676560779904E-015
          14          35   8.7632210767285177E-016
          15           1   2.6993339812686687E-007
          15           2   3.7688662840072511E-006
          15           3  -2.4296593797637692E-013
          15           4   9.5893769501617785E-014
          15           5  -2.0723944098127936E-015
          15           6  -3.8315790051187559E-005
          15           7  -4.0178044143421466E-013
          15           8   1.5874951479117900E-013
          15           9  -3.4234069125561211E-015
          15          10   2.5247561018154930E-005
          15          11  -3.6161711818916617E-013
          15          12   1.4420162725532706E-013
          15          13  -3.2767493929161083E-015
          15          14  -3.2815637403476564E-006
          15          15   8.0191513780509112E-008
          15          16  -3.1013129799875003E-006
          15          17   4.7417253888671254E-007
          15          18   1.3922052053097700E-006
          15          19   3.8240010291526815E-006
          15          20  -1.3602663878610994E-005
          15          21   2.0080978172253595E-007
          15          22  -1.3151293017650796E-005
          15          23   1.1873886101196805E-006
          15          24   3.4862596862314925E-006
          15          25   4.1905776902061648E-006
          15          26  -2.1814508128957213E-016
          15          27   2.3697683182302741E-016
          15          28  -2.4119577330254244E-016
          15          29   6.7167629216629466E-017
          15          30   1.6792135069108093E-016
          15          31   3.2048109931686123E-016
          15          32  -1.6367394870664966E-016
          15          33   1.2630412487822258E-015
          15          34  -4.8930743717217458E-016
          15          35   5.8241129556660344E-018
          16           1  -1.8003573564939663E-003
          16           2  -2.6015212389551819E-003
          16           3   2.5602264680216440E-013
          16           4   5.3908977569774449E-014
          16           5  -2.6643580990578186E-014
          16           6   7.1480815194844907E-003
          16           7   3.9692751484121632E-013
          16           8   7.2502515403641510E-014
          16           9  -4.0719918423096040E-014
          16          10   3.7153711465493225E-003
          16          11   3.8791436810874596E-013
          16          12  -6.2457913869771053E-015
          16          13  -2.7332852745227765E-014
          16          14   1.7674019885084748E-004
          16          15  -3.1013129799875003E-006
          16          16   1.6976921146421754E-004
          16          17  -1.8338067896958648E-005
          16          18  -5.3841906638575632E-005
          16          19  -9.8059200105913953E-005
          16          20   7.0091433015071424E-004
          16          21  -7.6828292144497328E-006
          16          22   6.8364522501947298E-004
          16          23  -4.5428584028964580E-005
          16          24  -1.3338164086697962E-004
          16          25   2.0158447360058129E-005
          16          26  -5.1606214588189912E-017
          16          27  -6.6199181276341021E-015
          16          28   8.2837951310856165E-015
          16          29   3.8633799137706377E-015
          16          30  -1.0896213610531886E-015
          16          31  -4.4746815707528337E-015
          16          32  -1.5788271882543537E-015
          16          33  -9.3529193346764785E-017
          16          34   1.6932345396202626E-015
          16          35   1.0929703620545240E-015
          17           1   1.5961122156287600E-006
          17           2   2.2285301779425079E-005
          17           3  -4.6348717462816025E-014
          17           4  -3.9987185815702553E-013
          17           5   7.1183254454066608E-014
          17           6  -2.2656128515376531E-004
          17           7  -7.4751712215142076E-014
          17           8  -6.6153023846472438E-013
          17           9   1.1784705605124862E-013
          17          10   1.4928889681665156E-004
          17          11  -7.0310635372990625E-014
          17          12  -5.8548076124847753E-013
          17          13   1.0472840973739585E-013
          17          14  -1.9403890907984152E-005
          17          15   4.7417253888671254E-007
          17          16  -1.8338067896958648E-005
          17          17   2.8037829195951564E-006
          17          18   8.2321114259035484E-006
          17          19   2.2611324021115614E-005
          17          20  -8.0432570404743748E-005
          17          21   1.1873885356624423E-006
          17          22  -7.7763613837793401E-005
          17          23   7.0210306038794103E-006
          17          24   2.0614258669396547E-005
          17          25   2.4778893249343981E-005
          17          26   1.3935000900984308E-016
          17          27   8.0415737099421719E-016
          17          28  -8.7890772670575397E-016
          17          29  -2.8890345125820459E-016
          17          30   1.2912248329821375E-016
          17          31   7.2266865751419359E-016
          17          32   9.0077929712831511E-016
          17          33   2.4821783149679702E-016
          17          34   1.9313659505104005E-015
          17          35  -9.2719903322161222E-016
          18           1   4.6863016831564315E-006
          18           2   6.5431272804558583E-005
          18           3  -1.2245758913889552E-013
          18           4  -1.3711240067006967E-013
          18           5   3.2848211385397055E-014
          18           6  -6.6520047699614973E-004
          18           7  -1.9692592298303877E-013
          18           8  -2.2615336071528959E-013
          18           9   5.4475737457929826E-014
          18          10   4.3832310692461999E-004
          18          11  -1.8617053409384069E-013
          18          12  -1.7667931713033583E-013
          18          13   4.5485012329243884E-014
          18          14  -5.6971240841211009E-005
          18          15   1.3922052053097700E-006
          18          16  -5.3841906638575632E-005
          18          17   8.2321114259035484E-006
          18          18   2.4170080377790755E-005
          18          19   6.6388498767152459E-005
          18          20  -2.3615590100144475E-004
          18          21   3.4862594615854812E-006
          18          22  -2.2831964959372822E-004
          18          23   2.0614258633716775E-005
          18          24   6.0524969015015749E-005
          18          25   7.2752640402558400E-005
          18          26   4.2314910122996584E-016
          18          27   2.8362889295048789E-015
          18          28  -2.6900066438616464E-015
          18          29  -1.1247209746855102E-016
          18          30   2.8928875456609785E-016
          18          31   1.7295056532383738E-015
          18          32   6.1329442789945150E-016
          18          33   7.7285817634864137E-016
          18          34   6.6157788338617812E-016
          18          35  -6.9213737170822921E-016
          19           1  -1.7770460797582703E-003
          19           2  -2.2760433193514699E-003
          19           3   4.6694684618545006E-014
          19           4   2.6484593241288245E-014
          19           5   3.0165176643983168E-015
          19           6   3.8391425922610889E-003
          19           7   7.9053668361415637E-014
          19           8   3.0940771038618691E-014
          19           9   8.9229811894553242E-015
          19          10   5.8957431874655372E-003
          19          11   5.6523643630062160E-014
          19          12   8.8565614343063581E-014
          19          13   4.3786880508372375E-018
          19          14  -1.0665461191829452E-004
          19          15   3.8240010291526815E-006
          19          16  -9.8059200105913953E-005
          19          17   2.2611324021115614E-005
          19          18   6.6388498767152459E-005
          19          19   2.3218033671639637E-004
          19          20  -4.7380744046588178E-004
          19          21   9.6590406471469373E-006
          19          22  -4.5209629940122704E-004
          19          23   5.7113924484338272E-005
          19          24   1.6769065383773787E-004
          19          25   3.8205544628495443E-004
          19          26   2.4642999662076753E-015
          19          27   7.7458488288110506E-015
          19          28  -5.0422014364188179E-015
          19          29   3.7683958470989035E-015
          19          30   2.8479721942188846E-017
          19          31   3.4519273316370727E-015
          19          32   1.8230235646771503E-016
          19          33   1.7769510763760018E-015
          19          34   1.8648703894913892E-015
          19          35  -8.0859258636177954E-016
          20           1  -4.9662935558169308E-003
          20           2  -8.1314374017216785E-003
          20           3  -1.4652557760300619E-012
          20           4   1.8327516350310654E-012
          20           5  -2.4043246756582762E-013
          20           6   2.6391204441057615E-002
          20           7  -2.5274819147833024E-012
          20           8   2.9763219595613988E-012
          20           9  -3.8699149085793106E-013
          20          10   1.2176662599133359E-002
          20          11  -2.1456769748644907E-012
          20          12   2.3702628481984064E-012
          20          13  -3.0805614916653758E-013
          20          14   7.3148976663830339E-004
          20          15  -1.3602663878610994E-005
          20          16   7.0091433015071424E-004
          20          17  -8.0432570404743748E-005
          20          18  -2.3615590100144475E-004
          20          19  -4.7380744046588178E-004
          20          20   2.9246016166565264E-003
          20          21  -3.3806613538743059E-005
          20          22   2.8486126876802543E-003
          20          23  -1.9989857072778649E-004
          20          24  -5.8691680444043564E-004
          20          25  -7.0916084255800548E-005
          20          26  -4.4570310718173071E-015
          20          27  -2.8281502421299397E-014
          20          28   3.3015141324870344E-014
          20          29   1.3875497730381630E-014
          20          30  -2.6359310384003783E-015
          20          31  -1.6738352012713989E-014
          20          32  -9.2809315412326051E-015
          20          33   1.1300984016298191E-014
          20          34  -2.6816073111908276E-015
          20          35   6.3405359925576513E-015
          21           1   3.2307133179647555E-006
          21           2   8.0497750178874897E-006
          21           3  -1.3218895356722932E-012
          21           4   2.1398677184012817E-013
          21           5   4.0345317453820947E-014
          21           6  -7.5536342814881750E-005
          21           7  -2.1869325126122903E-012
          21           8   3.5437503431388533E-013
          21           9   6.6758393256879001E-014
          21          10   8.1101553935001501E-005
          21          11  -1.9667477214804460E-012
          21          12   3.2219601523008089E-013
          21          13   5.9524055805431469E-014
          21          14  -8.1342001152136425E-006
          21          15   2.0080978172253595E-007
          21          16  -7.6828292144497328E-006
          21          17   1.1873885356624423E-006
          21          18   3.4862594615854812E-006
          21          19   9.6590406471469373E-006
          21          20  -3.3806613538743059E-005
          21          21   5.0682589714211094E-007
          21          22  -3.2667393926970034E-005
          21          23   2.9968624629816939E-006
          21          24   8.7990070820901362E-006
          21          25   1.1101933885313642E-005
          21          26  -1.2825950364875095E-015
          21          27   6.4005976748814414E-016
          21          28  -8.2339167065797000E-016
          21          29   1.1648619658409804E-016
          21          30   9.0764914368522330E-016
          21          31   1.5922331570815135E-015
          21          32  -3.4365899668245654E-016
          21          33   6.8136345074780206E-015
          21          34  -1.1914847475941108E-015
          21          35  -4.9802910601201367E-016
          22           1  -4.9590317098911294E-003
          22           2  -8.1133434940920159E-003
          22           3   1.1423566488226159E-012
          22           4   3.2214393608434538E-012
          22           5  -6.2460126154318266E-013
          22           6   2.6221417376091235E-002
          22           7   1.7899624611340071E-012
          22           8   5.2751199146163208E-012
          22           9  -1.0228253847656339E-012
          22          10   1.2358958891876302E-002
          22          11   1.7315499577393264E-012
          22          12   4.4445812385641226E-012
          22          13  -8.8055544466381499E-013
          22          14   7.1320609104967418E-004
          22          15  -1.3151293017650796E-005
          22          16   6.8364522501947298E-004
          22          17  -7.7763613837793401E-005
          22          18  -2.2831964959372822E-004
          22          19  -4.5209629940122704E-004
          22          20   2.8486126876802543E-003
          22          21  -3.2667393926970034E-005
          22          22   2.7751844434108341E-003
          22          23  -1.9316236306581323E-004
          22          24  -5.6713880673240583E-004
          22          25  -4.5961674996577474E-005
          22          26  -1.6048675086434038E-015
          22          27  -2.7037727634980607E-014
          22          28   3.2835061705040598E-014
          22          29   1.4781395144273334E-014
          22          30  -4.4341476439338104E-015
          22          31  -1.9605927695766066E-014
          22          32  -1.1933406368208866E-014
          22          33  -1.8305488620511665E-015
          22          34  -9.1335904836317311E-015
          22          35   1.0693919178575485E-014
          23           1   1.9103230099460722E-005
          23           2   4.7598362485703821E-005
          23           3  -1.5506284969894908E-014
          23           4   2.7829008701333807E-013
          23           5  -4.3845868348999647E-014
          23           6  -4.4664661869159641E-004
          23           7  -2.0880694490679069E-014
          23           8   4.6190136912700257E-013
          23           9  -7.2645435013664377E-014
          23          10   4.7955356812056944E-004
          23          11  -2.6508620647393739E-014
          23          12   4.3707084243915870E-013
          23          13  -6.8084656388452711E-014
          23          14  -4.8097540998635833E-005
