           1           1  0.78097364173556616     
           1           2  0.56041046570341646     
           1           3  -2.9177058749789598E-014
           1           4  -1.5054517894511318E-014
           1           5  -2.5817798429715954E-014
           1           6 -0.15572905620521307     
           1           7   7.5658777111063868E-014
           1           8   2.5714840075232101E-014
           1           9   7.6626525756472963E-014
           1          10 -0.11251588687725772     
           1          11  -2.2757441455006110E-015
           1          12  -2.6982011160289534E-016
           1          13  -2.0473760879797703E-015
           1          14   4.8528178919284876E-002
           1          15  -2.3320027940700568E-015
           1          16   4.8528178919291641E-002
           1          17   9.9129569997444815E-016
           1          18  -1.1988054711478935E-015
           1          19   4.8528178919284945E-002
           1          20   6.1280876056124776E-002
           1          21  -1.2962516420302566E-015
           1          22   6.1280876056117560E-002
           1          23   4.6416508633059960E-016
           1          24   2.7500921302161405E-015
           1          25   6.1280876056115756E-002
           1          26  -4.4932303893962326E-014
           1          27  -6.6533305393362133E-015
           1          28  -1.5283578876261877E-014
           1          29  -1.7677140522600525E-014
           1          30  -1.8980488396124101E-014
           1          31   4.5571651260036330E-015
           1          32  -2.2236791101681841E-014
           1          33  -1.9182173532371497E-014
           1          34  -7.4150007924084308E-015
           1          35  -4.0224000686200128E-014
           2           1  0.56041046570341646     
           2           2  0.40213891133634355     
           2           3  -2.2791892894019213E-014
           2           4  -1.1967174420495543E-014
           2           5  -1.9969951819275821E-014
           2           6 -0.11174793648294078     
           2           7   5.5049376302839235E-014
           2           8   1.8928344880024363E-014
           2           9   5.5575659238771037E-014
           2          10  -8.0739063643414322E-002
           2          11  -1.7348738863554478E-015
           2          12  -2.5754432145212007E-016
           2          13  -1.5484143501197000E-015
           2          14   3.4822813337794425E-002
           2          15  -1.6733967729591698E-015
           2          16   3.4822813337799283E-002
           2          17   7.1133320663410474E-016
           2          18  -8.6023790877345573E-016
           2          19   3.4822813337794474E-002
           2          20   4.3973883949535927E-002
           2          21  -9.3016325719346395E-016
           2          22   4.3973883949530751E-002
           2          23   3.3307522596501567E-016
           2          24   1.9734089975133393E-015
           2          25   4.3973883949529453E-002
           2          26  -3.2809307377966931E-014
           2          27  -4.9334009590798780E-015
           2          28  -1.1220668072622864E-014
           2          29  -1.3040527772747948E-014
           2          30  -1.3817275458061475E-014
           2          31   3.2701270491991806E-015
           2          32  -1.6153930651234817E-014
           2          33  -1.4018218630108909E-014
           2          34  -5.4799597139797923E-015
           2          35  -2.9305019271466006E-014
           3           1  -2.9177058749789598E-014
           3           2  -2.2791892894019213E-014
           3           3   1.7335116949575093     
           3           4  0.48438212429475047     
           3           5   9.0880516454016555E-002
           3           6   6.6812212699198546E-014
           3           7 -0.70853641444200965     
           3           8 -0.19798099693585511     
           3           9  -3.7145498042038635E-002
           3          10   5.0766328506356263E-015
           3          11   9.5174813057181493E-002
           3          12   2.6593981605144226E-002
           3          13   4.9896035828327313E-003
           3          14  -4.6872779942344534E-015
           3          15  -4.2603780699898006E-016
           3          16  -1.4200749946484448E-015
           3          17   7.6254134126014842E-017
           3          18  -3.3473449428312876E-016
           3          19  -2.5822998692183203E-015
           3          20  -8.2599302500753276E-015
           3          21   1.6969773071998833E-015
           3          22  -1.0004156409674344E-014
           3          23   1.0779757246474717E-015
           3          24   2.8227837157322513E-015
           3          25  -6.0034609478141782E-015
           3          26  0.52968510308239192     
           3          27   6.6190260204852441E-002
           3          28  0.23688237943224522     
           3          29  0.14800592126645404     
           3          30   1.2418718053225569E-002
           3          31   1.2174379930133592E-015
           3          32   1.2418718053222651E-002
           3          33  0.23688237943224316     
           3          34   6.6190260204854204E-002
           3          35   2.7769097760410224E-002
           4           1  -1.5054517894511318E-014
           4           2  -1.1967174420495543E-014
           4           3  0.48438212429475047     
           4           4   1.3820439256574770     
           4           5   6.3705245316740489E-002
           4           6   3.3802161359426499E-014
           4           7 -0.19798099693581539     
           4           8 -0.56488136222858476     
           4           9  -2.6038178011196587E-002
           4          10  -8.0553503334446907E-015
           4          11   2.6593981605140087E-002
           4          12   7.5878214519050829E-002
           4          13   3.4976024859877746E-003
           4          14  -1.8205669192294439E-015
           4          15  -1.0703434780390611E-015
           4          16  -1.7180524869282927E-015
           4          17  -1.5947607596788842E-016
           4          18   4.3401852607225595E-016
           4          19  -2.9633424311848806E-015
           4          20  -1.1715849971944646E-015
           4          21   2.2936285433394005E-015
           4          22   1.5484955471182184E-016
           4          23   8.7691082788391566E-016
           4          24   2.3796409927486402E-015
           4          25   4.1516215748337932E-017
           4          26  0.14800592126643075     
           4          27  0.18885471297478462     
           4          28   6.6190260204844947E-002
           4          29  0.42229197608283575     
           4          30   8.7052485061526394E-003
           4          31  -1.1768286485581055E-015
           4          32   8.7052485061545580E-003
           4          33   6.6190260204844656E-002
           4          34  0.18885471297478881     
           4          35   1.9465527420785712E-002
           5           1  -2.5817798429715954E-014
           5           2  -1.9969951819275821E-014
           5           3   9.0880516454016555E-002
           5           4   6.3705245316740489E-002
           5           5   1.0544551745405646     
           5           6   3.6135569563168880E-014
           5           7  -3.7145498042086271E-002
           5           8  -2.6038178011237367E-002
           5           9 -0.43098635603769475     
           5          10   8.2804384283410985E-015
           5          11   4.9896035828383839E-003
           5          12   3.4976024859903598E-003
           5          13   5.7892643243167424E-002
           5          14  -1.1283668541327735E-015
           5          15  -1.0338981757885428E-015
           5          16  -3.7473836031580838E-015
           5          17   1.2987317596399695E-016
           5          18  -1.1495533435731247E-015
           5          19  -1.5192095093777033E-015
           5          20  -5.0795947703553583E-015
           5          21  -8.6179339767567472E-016
           5          22  -5.0907806983411732E-015
           5          23   1.8876828814393274E-015
           5          24   2.2914588538483331E-016
           5          25  -4.4792318890455435E-015
           5          26   2.7769097760432907E-002
           5          27   8.7052485061637885E-003
           5          28   1.2418718053235521E-002
           5          29   1.9465527420805831E-002
           5          30  0.14409008688912156     
           5          31  -1.3137513848537508E-015
           5          32  0.14409008688912225     
           5          33   1.2418718053234114E-002
           5          34   8.7052485061627719E-003
           5          35  0.32219522916792448     
           6           1 -0.15572905620521307     
           6           2 -0.11174793648294078     
           6           3   6.6812212699198546E-014
           6           4   3.3802161359426499E-014
           6           5   3.6135569563168880E-014
           6           6   3.1052954479580078E-002
           6           7  -4.0016736916001785E-014
           6           8  -1.7716582435275003E-014
           6           9  -2.7945064165821000E-014
           6          10   2.2436087385162645E-002
           6          11   3.8025500256568508E-015
           6          12   1.7448252134165902E-015
           6          13   2.1095526745099171E-015
           6          14  -9.6766998251866729E-003
           6          15   4.6501005255613261E-016
           6          16  -9.6766998251880208E-003
           6          17  -1.9766805885309739E-016
           6          18   2.3904628097383487E-016
           6          19  -9.6766998251866868E-003
           6          20  -1.2219635185690731E-002
           6          21   2.5847741079873930E-016
           6          22  -1.2219635185689293E-002
           6          23  -9.2556248962470075E-017
           6          24  -5.4837862512760900E-016
           6          25  -1.2219635185688934E-002
           6          26   2.7596819385000339E-014
           6          27   5.5355155200741053E-015
           6          28   1.1382389678020604E-014
           6          29   1.2936087760532377E-014
           6          30   8.0191733173046760E-015
           6          31  -9.0871571858267480E-016
           6          32   8.6684922186801594E-015
           6          33   1.2159783989272053E-014
           6          34   5.6873954086027105E-015
           6          35   1.7489206666007098E-014
           7           1   7.5658777111063868E-014
           7           2   5.5049376302839235E-014
           7           3 -0.70853641444200965     
           7           4 -0.19798099693581539     
           7           5  -3.7145498042086271E-002
           7           6  -4.0016736916001785E-014
           7           7  0.28959934452743602     
           7           8   8.0920564946066906E-002
           7           9   1.5182440402294651E-002
           7          10  -1.1257101586077825E-014
           7          11  -3.8900701382563713E-002
           7          12  -1.0869730170875034E-002
           7          13  -2.0393954320305639E-003
           7          14   5.8760872155984970E-015
           7          15   1.7413398540403637E-016
           7          16   4.5406867649908546E-015
           7          17  -3.1167272154581914E-017
           7          18   1.3681567829001228E-016
           7          19   5.0157217173349445E-015
           7          20   8.3770487320408409E-015
           7          21  -6.9360375250452035E-016
           7          22   9.0899644583622323E-015
           7          23  -4.4059988578035602E-016
           7          24  -1.1537534234742082E-015
           7          25   7.4547644040063323E-015
           7          26 -0.21649763587579568     
           7          27  -2.7053875536545560E-002
           7          28  -9.6820686157256447E-002
           7          29  -6.0494304754536411E-002
           7          30  -5.0758895870130624E-003
           7          31  -4.9760215225757362E-016
           7          32  -5.0758895870118680E-003
           7          33  -9.6820686157255587E-002
           7          34  -2.7053875536546274E-002
           7          35  -1.1350034162842082E-002
           8           1   2.5714840075232101E-014
           8           2   1.8928344880024363E-014
           8           3 -0.19798099693585511     
           8           4 -0.56488136222858476     
           8           5  -2.6038178011237367E-002
           8           6  -1.7716582435275003E-014
           8           7   8.0920564946066906E-002
           8           8  0.23088336591141348     
           8           9   1.0642557151658310E-002
           8          10   4.7418648037001852E-016
           8          11  -1.0869730170875521E-002
           8          12  -3.1013622928521219E-002
           8          13  -1.4295713907056303E-003
           8          14   1.9596394926682223E-015
           8          15   4.3748036563994487E-016
           8          16   1.9177388764207054E-015
           8          17   6.5182489039042767E-017
           8          18  -1.7739593632926726E-016
           8          19   2.4267249274583872E-015
           8          20   2.0138080038160904E-015
           8          21  -9.3747238561293959E-016
           8          22   1.4716558025163668E-015
           8          23  -3.5841884169664666E-016
           8          24  -9.7262816372444714E-016
           8          25   1.5179784191213718E-015
           8          26  -6.0494304754539034E-002
           8          27  -7.7190388487640732E-002
           8          28  -2.7053875536547919E-002
           8          29 -0.17260295586798424     
           8          30  -3.5580870791450600E-003
           8          31   4.8100393754924149E-016
           8          32  -3.5580870791458428E-003
           8          33  -2.7053875536547801E-002
           8          34  -7.7190388487642439E-002
           8          35  -7.9561245788319947E-003
           9           1   7.6626525756472963E-014
           9           2   5.5575659238771037E-014
           9           3  -3.7145498042038635E-002
           9           4  -2.6038178011196587E-002
           9           5 -0.43098635603769475     
           9           6  -2.7945064165821000E-014
           9           7   1.5182440402294651E-002
           9           8   1.0642557151658310E-002
           9           9  0.17615660065548372     
           9          10  -1.2903828254128695E-014
           9          11  -2.0393954320302586E-003
           9          12  -1.4295713907044477E-003
           9          13  -2.3662399270442527E-002
           9          14   4.5669084327707913E-015
           9          15   4.2258411552775653E-016
           9          16   5.6373763979515404E-015
           9          17  -5.3082926811059768E-017
           9          18   4.6985573078846104E-016
           9          19   4.7266571407625791E-015
           9          20   7.2608278409851797E-015
           9          21   3.5223991032465353E-016
           9          22   7.2653998535820881E-015
           9          23  -7.7155064157249035E-016
           9          24  -9.3658557070240058E-017
           9          25   7.0154421510439200E-015
           9          26  -1.1350034162836798E-002
           9          27  -3.5580870791440430E-003
           9          28  -5.0758895870106173E-003
           9          29  -7.9561245788277533E-003
           9          30  -5.8893789882111594E-002
           9          31   5.3696822375089580E-016
           9          32  -5.8893789882111879E-002
           9          33  -5.0758895870100431E-003
           9          34  -3.5580870791436271E-003
           9          35 -0.13169051762898984     
          10           1 -0.11251588687725772     
          10           2  -8.0739063643414322E-002
          10           3   5.0766328506356263E-015
          10           4  -8.0553503334446907E-015
          10           5   8.2804384283410985E-015
          10           6   2.2436087385162645E-002
          10           7  -1.1257101586077825E-014
          10           8   4.7418648037001852E-016
          10           9  -1.2903828254128695E-014
          10          10   1.6210309955713476E-002
          10          11   3.7580272348139603E-016
          10          12  -5.2246893794818115E-016
          10          13   5.4537116601077301E-016
          10          14  -6.9915177642965506E-003
          10          15   3.3597467129867751E-016
          10          16  -6.9915177642975246E-003
          10          17  -1.4281725896967091E-016
          10          18   1.7271346121202080E-016
          10          19  -6.9915177642965601E-003
          10          20  -8.8288154037403799E-003
          10          21   1.8675265761210511E-016
          10          22  -8.8288154037393408E-003
          10          23  -6.6872866835660201E-017
          10          24  -3.9620934496303576E-016
          10          25  -8.8288154037390806E-003
          10          26   6.7402230119998499E-015
          10          27  -4.3858134944346856E-016
          10          28   2.3212271709489277E-015
          10          29  -5.7732095874106271E-016
          10          30   3.3577764279583489E-015
          10          31  -6.5655669845515581E-016
          10          32   3.8269161879666426E-015
          10          33   2.8829027664687441E-015
          10          34  -3.2884652684181720E-016
          10          35   7.1887149572254467E-015
          11           1  -2.2757441455006110E-015
          11           2  -1.7348738863554478E-015
          11           3   9.5174813057181493E-002
          11           4   2.6593981605140087E-002
          11           5   4.9896035828383839E-003
          11           6   3.8025500256568508E-015
          11           7  -3.8900701382563713E-002
          11           8  -1.0869730170875521E-002
          11           9  -2.0393954320302586E-003
          11          10   3.7580272348139603E-016
          11          11   5.2253729045026575E-003
          11          12   1.4600866178626321E-003
          11          13   2.7394368876020096E-004
          11          14  -2.9921618638998589E-016
          11          15  -2.3390709595075625E-017
          11          16  -1.1983727847147376E-016
          11          17   4.1865728286632477E-018
          11          18  -1.8377893272861022E-017
          11          19  -1.8364679039420383E-016
          11          20  -5.0636841607771541E-016
          11          21   9.3168969349809089E-017
          11          22  -6.0213148427745845E-016
          11          23   5.9183989569807664E-017
          11          24   1.5497900200336210E-016
          11          25  -3.8248171566681756E-016
          11          26   2.9081246357715650E-002
          11          27   3.6340370010354635E-003
          11          28   1.3005528745254232E-002
          11          29   8.1259537670650313E-003
          11          30   6.8182359113228225E-004
          11          31   6.6840872046488496E-017
          11          32   6.8182359113212211E-004
          11          33   1.3005528745254118E-002
          11          34   3.6340370010355593E-003
          11          35   1.5246038984344766E-003
          12           1  -2.6982011160289534E-016
          12           2  -2.5754432145212007E-016
          12           3   2.6593981605144226E-002
          12           4   7.5878214519050829E-002
          12           5   3.4976024859903598E-003
          12           6   1.7448252134165902E-015
          12           7  -1.0869730170875034E-002
          12           8  -3.1013622928521219E-002
          12           9  -1.4295713907044477E-003
          12          10  -5.2246893794818115E-016
          12          11   1.4600866178626321E-003
          12          12   4.1659337534153190E-003
          12          13   1.9202850705893532E-004
          12          14  -6.5361117937687812E-017
          12          15  -5.8764957124699116E-017
          12          16  -5.9732778677937486E-017
          12          17  -8.7556984827312249E-018
          12          18   2.3828874187836454E-017
          12          19  -1.2810280351907062E-016
          12          20  -2.0639379270570534E-017
          12          21   1.2592685037542347E-016
          12          22   5.2185719560590151E-017
          12          23   4.8144944366073110E-017
          12          24   1.3064918297746525E-016
          12          25   4.5963390988848218E-017
          12          26   8.1259537670650209E-003
          12          27   1.0368670747724112E-002
          12          28   3.6340370010356179E-003
          12          29   2.3185052628225004E-002
          12          30   4.7794335717411238E-004
          12          31  -6.4611301413563422E-017
          12          32   4.7794335717421765E-004
          12          33   3.6340370010356023E-003
          12          34   1.0368670747724341E-002
          12          35   1.0687138360357721E-003
          13           1  -2.0473760879797703E-015
          13           2  -1.5484143501197000E-015
          13           3   4.9896035828327313E-003
          13           4   3.4976024859877746E-003
          13           5   5.7892643243167424E-002
          13           6   2.1095526745099171E-015
          13           7  -2.0393954320305639E-003
          13           8  -1.4295713907056303E-003
          13           9  -2.3662399270442527E-002
          13          10   5.4537116601077301E-016
          13          11   2.7394368876020096E-004
          13          12   1.9202850705893532E-004
          13          13   3.1784737963289553E-003
          13          14  -1.0109162540497568E-016
          13          15  -5.6764004469665235E-017
          13          16  -2.4488323073829404E-016
          13          17   7.1304135296375880E-018
          13          18  -6.3113808168722057E-017
          13          19  -1.2255001922827334E-016
          13          20  -3.2831133175219917E-016
          13          21  -4.7314953660975673E-017
          13          22  -3.2892547159793053E-016
          13          23   1.0363925774181271E-016
          13          24   1.2580772813781882E-017
          13          25  -2.9534967065621662E-016
          13          26   1.5246038984339945E-003
          13          27   4.7794335717437112E-004
          13          28   6.8182359113205619E-004
          13          29   1.0687138360360861E-003
          13          30   7.9109631177859095E-003
          13          31  -7.2128756223985995E-017
          13          32   7.9109631177859477E-003
          13          33   6.8182359113197878E-004
          13          34   4.7794335717431512E-004
          13          35   1.7689451298862832E-002
          14           1   4.8528178919284876E-002
          14           2   3.4822813337794425E-002
          14           3  -4.6872779942344534E-015
          14           4  -1.8205669192294439E-015
          14           5  -1.1283668541327735E-015
          14           6  -9.6766998251866729E-003
          14           7   5.8760872155984970E-015
          14           8   1.9596394926682223E-015
          14           9   4.5669084327707913E-015
          14          10  -6.9915177642965506E-003
          14          11  -2.9921618638998589E-016
          14          12  -6.5361117937687812E-017
          14          13  -1.0109162540497568E-016
          14          14   3.0154463907240436E-003
          14          15  -1.4490610538328758E-016
          14          16   3.0154463907244643E-003
          14          17   6.1597181414947322E-017
          14          18  -7.4491433877330228E-017
          14          19   3.0154463907240479E-003
          14          20   3.8078741184828292E-003
          14          21  -8.0546548881048029E-017
          14          22   3.8078741184823812E-003
          14          23   2.8842313176509172E-017
          14          24   1.7088536130753350E-016
          14          25   3.8078741184822689E-003
          14          26  -3.6702572661139910E-015
          14          27  -5.3437404723850938E-016
          14          28  -1.3424578101874138E-015
          14          29  -1.3688733640187784E-015
          14          30  -1.1143792350607170E-015
          14          31   2.8317335282655825E-016
          14          32  -1.3167195342281490E-015
          14          33  -1.5847088784629206E-015
          14          34  -5.8170275123477544E-016
          14          35  -2.3540265548699326E-015
          15           1  -2.3320027940700568E-015
          15           2  -1.6733967729591698E-015
          15           3  -4.2603780699898006E-016
          15           4  -1.0703434780390611E-015
          15           5  -1.0338981757885428E-015
          15           6   4.6501005255613261E-016
          15           7   1.7413398540403637E-016
          15           8   4.3748036563994487E-016
          15           9   4.2258411552775653E-016
          15          10   3.3597467129867751E-016
          15          11  -2.3390709595075625E-017
          15          12  -5.8764957124699116E-017
          15          13  -5.6764004469665235E-017
          15          14  -1.4490610538328758E-016
          15          15   8.7143290081353373E-030
          15          16  -1.4490610538330538E-016
          15          17  -2.9639564813092997E-030
          15          18   4.3351113793217676E-030
          15          19  -1.4490610538328654E-016
          15          20  -1.8298591213444475E-016
          15          21   3.0083566445305220E-030
          15          22  -1.8298591213442417E-016
          15          23  -3.7892347965783218E-030
          15          24  -1.0149746388295849E-029
          15          25  -1.8298591213441921E-016
          15          26  -1.3017845819758774E-016
          15          27  -1.4626120528934589E-016
          15          28  -5.8217576347201399E-017
          15          29  -3.2704999749802051E-016
          15          30  -1.4128099665187811E-016
          15          31  -1.1502482484673973E-029
          15          32  -1.4128099665187046E-016
          15          33  -5.8217576347188260E-017
          15          34  -1.4626120528934571E-016
          15          35  -3.1591391244252392E-016
          16           1   4.8528178919291641E-002
          16           2   3.4822813337799283E-002
          16           3  -1.4200749946484448E-015
          16           4  -1.7180524869282927E-015
          16           5  -3.7473836031580838E-015
          16           6  -9.6766998251880208E-003
          16           7   4.5406867649908546E-015
          16           8   1.9177388764207054E-015
          16           9   5.6373763979515404E-015
          16          10  -6.9915177642975246E-003
          16          11  -1.1983727847147376E-016
          16          12  -5.9732778677937486E-017
          16          13  -2.4488323073829404E-016
          16          14   3.0154463907244643E-003
          16          15  -1.4490610538330538E-016
          16          16   3.0154463907248845E-003
          16          17   6.1597181414955839E-017
          16          18  -7.4491433877338560E-017
          16          19   3.0154463907244686E-003
          16          20   3.8078741184833600E-003
          16          21  -8.0546548881054574E-017
          16          22   3.8078741184829120E-003
          16          23   2.8842313176510060E-017
          16          24   1.7088536130756153E-016
          16          25   3.8078741184827997E-003
          16          26  -2.6719434026077540E-015
          16          27  -5.2036556796478129E-016
          16          28  -8.9599827785129424E-016
          16          29  -1.3375494521013301E-015
          16          30  -1.4722648617263470E-015
          16          31   2.8317335282660450E-016
          16          32  -1.6746051608938160E-015
          16          33  -1.1382493461268352E-015
          16          34  -5.6769427196105001E-016
          16          35  -3.1542831442643792E-015
          17           1   9.9129569997444815E-016
          17           2   7.1133320663410474E-016
          17           3   7.6254134126014842E-017
          17           4  -1.5947607596788842E-016
          17           5   1.2987317596399695E-016
          17           6  -1.9766805885309739E-016
          17           7  -3.1167272154581914E-017
          17           8   6.5182489039042767E-017
          17           9  -5.3082926811059768E-017
          17          10  -1.4281725896967091E-016
          17          11   4.1865728286632477E-018
          17          12  -8.7556984827312249E-018
          17          13   7.1304135296375880E-018
          17          14   6.1597181414947322E-017
          17          15  -2.9639564813092997E-030
          17          16   6.1597181414955839E-017
          17          17   1.3043035361443009E-030
          17          18  -1.7568059381167761E-030
          17          19   6.1597181414947704E-017
          17          20   7.7784275523183089E-017
          17          21  -1.9607196420875975E-030
          17          22   7.7784275523173586E-017
          17          23   7.8042352108965211E-031
          17          24   3.3882322020785149E-030
          17          25   7.7784275523171712E-017
          17          26   2.3299917163760433E-017
          17          27  -2.1792222370168396E-017
          17          28   1.0420039729663021E-017
          17          29  -4.8728890600492774E-017
          17          30   1.7747020130421670E-017
          17          31   5.8911423821899470E-030
          17          32   1.7747020130417109E-017
          17          33   1.0420039729657777E-017
          17          34  -2.1792222370169977E-017
          17          35   3.9683543409682079E-017
          18           1  -1.1988054711478935E-015
          18           2  -8.6023790877345573E-016
          18           3  -3.3473449428312876E-016
          18           4   4.3401852607225595E-016
          18           5  -1.1495533435731247E-015
          18           6   2.3904628097383487E-016
          18           7   1.3681567829001228E-016
          18           8  -1.7739593632926726E-016
          18           9   4.6985573078846104E-016
          18          10   1.7271346121202080E-016
          18          11  -1.8377893272861022E-017
          18          12   2.3828874187836454E-017
          18          13  -6.3113808168722057E-017
          18          14  -7.4491433877330228E-017
          18          15   4.3351113793217676E-030
          18          16  -7.4491433877338560E-017
          18          17  -1.7568059381167761E-030
          18          18   3.3854571249979013E-030
          18          19  -7.4491433877330992E-017
          18          20  -9.4067002478540731E-017
          18          21   3.5343981208544415E-030
          18          22  -9.4067002478528602E-017
          18          23  -2.6629614943075392E-030
          18          24  -4.1286384232202324E-030
          18          25  -9.4067002478527591E-017
          18          26  -1.0228017245297583E-016
          18          27   5.9308132430109956E-017
          18          28  -4.5741083671061605E-017
          18          29   1.3261701573229671E-016
          18          30  -1.5708514231653313E-016
          18          31  -6.4148113443225498E-030
          18          32  -1.5708514231652724E-016
          18          33  -4.5741083671053673E-017
          18          34   5.9308132430113703E-017
          18          35  -3.5125305647499603E-016
          19           1   4.8528178919284945E-002
          19           2   3.4822813337794474E-002
          19           3  -2.5822998692183203E-015
          19           4  -2.9633424311848806E-015
          19           5  -1.5192095093777033E-015
          19           6  -9.6766998251866868E-003
          19           7   5.0157217173349445E-015
          19           8   2.4267249274583872E-015
          19           9   4.7266571407625791E-015
          19          10  -6.9915177642965601E-003
          19          11  -1.8364679039420383E-016
          19          12  -1.2810280351907062E-016
          19          13  -1.2255001922827334E-016
          19          14   3.0154463907240479E-003
          19          15  -1.4490610538328654E-016
          19          16   3.0154463907244686E-003
          19          17   6.1597181414947704E-017
          19          18  -7.4491433877330992E-017
          19          19   3.0154463907240523E-003
          19          20   3.8078741184828348E-003
          19          21  -8.0546548881048189E-017
          19          22   3.8078741184823864E-003
          19          23   2.8842313176508950E-017
          19          24   1.7088536130753495E-016
          19          25   3.8078741184822745E-003
          19          26  -3.0270683228962224E-015
          19          27  -6.9053300665963067E-016
          19          28  -1.0548149703051740E-015
          19          29  -1.7180554125800357E-015
          19          30  -1.1677874343981150E-015
          19          31   2.8317335282656279E-016
          19          32  -1.3701277335655551E-015
          19          33  -1.2970660385806830E-015
          19          34  -7.3786171065589950E-016
          19          35  -2.4734509191442222E-015
          20           1   6.1280876056124776E-002
          20           2   4.3973883949535927E-002
          20           3  -8.2599302500753276E-015
          20           4  -1.1715849971944646E-015
          20           5  -5.0795947703553583E-015
          20           6  -1.2219635185690731E-002
          20           7   8.3770487320408409E-015
          20           8   2.0138080038160904E-015
          20           9   7.2608278409851797E-015
          20          10  -8.8288154037403799E-003
          20          11  -5.0636841607771541E-016
          20          12  -2.0639379270570534E-017
          20          13  -3.2831133175219917E-016
          20          14   3.8078741184828292E-003
          20          15  -1.8298591213444475E-016
          20          16   3.8078741184833600E-003
          20          17   7.7784275523183089E-017
          20          18  -9.4067002478540731E-017
          20          19   3.8078741184828348E-003
          20          20   4.8085435532248975E-003
          20          21  -1.0171333828408691E-016
          20          22   4.8085435532243311E-003
          20          23   3.6421770985493789E-017
          20          24   2.1579224440939107E-016
          20          25   4.8085435532241897E-003
          20          26  -5.3500340717889006E-015
          20          27  -5.2074296513099234E-016
          20          28  -2.0151208629700370E-015
          20          29  -1.3841125841998324E-015
          20          30  -1.9066376508948749E-015
          20          31   3.5758834399750359E-016
          20          32  -2.1621508613753700E-015
          20          33  -2.3210329746556307E-015
          20          34  -5.8050915681759794E-016
          20          35  -4.0893575249447374E-015
          21           1  -1.2962516420302566E-015
          21           2  -9.3016325719346395E-016
          21           3   1.6969773071998833E-015
          21           4   2.2936285433394005E-015
          21           5  -8.6179339767567472E-016
          21           6   2.5847741079873930E-016
          21           7  -6.9360375250452035E-016
          21           8  -9.3747238561293959E-016
          21           9   3.5223991032465353E-016
          21          10   1.8675265761210511E-016
          21          11   9.3168969349809089E-017
          21          12   1.2592685037542347E-016
          21          13  -4.7314953660975673E-017
          21          14  -8.0546548881048029E-017
          21          15   3.0083566445305220E-030
          21          16  -8.0546548881054574E-017
          21          17  -1.9607196420875975E-030
          21          18   3.5343981208544415E-030
          21          19  -8.0546548881048189E-017
          21          20  -1.0171333828408691E-016
          21          21   7.4345654844688745E-030
          21          22  -1.0171333828407402E-016
          21          23  -6.1607849619802051E-031
          21          24   4.8951628267027591E-031
          21          25  -1.0171333828406932E-016
          21          26   5.1852179740544631E-016
          21          27   3.1342170258233954E-016
          21          28   2.3188999736278298E-016
          21          29   7.0083223259785364E-016
          21          30  -1.1776307665771606E-016
          21          31  -7.3082623617563909E-030
          21          32  -1.1776307665771026E-016
          21          33   2.3188999736278909E-016
          21          34   3.1342170258234910E-016
          21          35  -2.6332624464617692E-016
          22           1   6.1280876056117560E-002
          22           2   4.3973883949530751E-002
          22           3  -1.0004156409674344E-014
          22           4   1.5484955471182184E-016
          22           5  -5.0907806983411732E-015
          22           6  -1.2219635185689293E-002
          22           7   9.0899644583622323E-015
          22           8   1.4716558025163668E-015
          22           9   7.2653998535820881E-015
          22          10  -8.8288154037393408E-003
          22          11  -6.0213148427745845E-016
          22          12   5.2185719560590151E-017
          22          13  -3.2892547159793053E-016
          22          14   3.8078741184823812E-003
          22          15  -1.8298591213442417E-016
          22          16   3.8078741184829120E-003
          22          17   7.7784275523173586E-017
          22          18  -9.4067002478528602E-017
          22          19   3.8078741184823864E-003
          22          20   4.8085435532243311E-003
          22          21  -1.0171333828407402E-016
          22          22   4.8085435532237647E-003
          22          23   3.6421770985489290E-017
          22          24   2.1579224440936514E-016
          22          25   4.8085435532236234E-003
          22          26  -5.8829930450874910E-015
          22          27  -3.3948720912382938E-016
          22          28  -2.2534673616729133E-015
          22          29  -9.7881239245467184E-016
          22          30  -1.9081661950892449E-015
          22          31   3.5758834399745799E-016
          22          32  -2.1636794055697033E-015
          22          33  -2.5593794733584683E-015
          22          34  -3.9925340081042403E-016
          22          35  -4.0927754536699737E-015
          23           1   4.6416508633059960E-016
          23           2   3.3307522596501567E-016
          23           3   1.0779757246474717E-015
          23           4   8.7691082788391566E-016
          23           5   1.8876828814393274E-015
          23           6  -9.2556248962470075E-017
          23           7  -4.4059988578035602E-016
          23           8  -3.5841884169664666E-016
          23           9  -7.7155064157249035E-016
          23          10  -6.6872866835660201E-017
          23          11   5.9183989569807664E-017
          23          12   4.8144944366073110E-017
          23          13   1.0363925774181271E-016
          23          14   2.8842313176509172E-017
