           1           1  0.32903320632929967     
           1           2  0.62309897665317093     
           1           3 -0.12804603883177701     
           1           4 -0.18548972680970288     
           1           5   5.0257334644505811E-002
           1           6   1.2973664110932828E-002
           1           7  -2.3397621469150844E-002
           1           8  -7.4897789153165932E-003
           1           9   3.1872668712067412E-010
           1          10  -2.9851140743791570E-010
           1          11   3.2619991989998562E-010
           1          12   2.0774706281967723E-009
           1          13  -2.4636213220497998E-009
           1          14   2.3935388033638259E-009
           1          15  -5.4426956933589088E-011
           1          16  -1.8806694639475146E-010
           1          17   3.7047269740749648E-010
           1          18  -2.0026712038233618E-010
           1          19   6.2886668299583148E-011
           1          20   1.2369468937871451E-010
           1          21   2.6208405865205411E-010
           1          22  -2.1574432185231209E-011
           1          23   8.6807267117375334E-012
           1          24  -5.1353159929883051E-011
           1          25   3.3730954372183058E-011
           1          26  -1.3749134305021631E-011
           1          27  -1.1209348931664416E-010
           1          28   2.0691367590358631E-011
           1          29  -9.4985780674539740E-012
           1          30   1.1425309027975304E-002
           1          31  -2.6443697946151612E-008
           1          32   1.1425228271233153E-002
           1          33  -3.6508387432582611E-009
           1          34  -3.3556152345667801E-008
           1          35   1.1425306759806330E-002
           1          36   1.2137725523082659E-002
           1          37  -2.0062661079045962E-008
           1          38   1.2137664039496758E-002
           1          39  -2.8643545591219639E-009
           1          40  -2.5505835878851635E-008
           1          41   1.2137723852000159E-002
           1          42   3.1827085032830674E-003
           1          43  -3.8937047718437290E-008
           1          44   3.1825893299700344E-003
           1          45  -5.5623179079555791E-009
           1          46  -4.9430891845761752E-008
           1          47   3.1827052623235241E-003
           1          48   1.5546849058496763E-011
           1          49  -1.4889431272308321E-011
           1          50  -1.9552783410932559E-011
           1          51  -3.1726791294531330E-011
           1          52  -1.2007165901006667E-011
           1          53  -9.2246239382100309E-013
           1          54  -6.8162332055376209E-012
           1          55  -7.4702657951322160E-012
           1          56  -1.1924424362344364E-011
           1          57  -1.6645408611345177E-011
           2           1  0.62309897665317093     
           2           2   1.2164266689438361     
           2           3 -0.39726377090934090     
           2           4 -0.53085051735647937     
           2           5  0.15167220553486449     
           2           6   3.7760414262171985E-002
           2           7  -7.4525891326754037E-002
           2           8  -2.4618106969950218E-002
           2           9   7.8150192860380097E-010
           2          10  -1.2468601194022599E-009
           2          11   8.1640817732963272E-010
           2          12   5.5476550975154774E-009
           2          13  -1.1152474992821479E-008
           2          14   6.3252257306369438E-009
           2          15  -2.3138328467929477E-010
           2          16  -8.6505531966449518E-010
           2          17   1.0732622720212163E-009
           2          18  -5.8334068926426146E-010
           2          19   1.2069447253721149E-010
           2          20   4.2046399153017397E-010
           2          21   8.0360335460367083E-010
           2          22  -4.8520903865690176E-011
           2          23   2.2554376690289751E-012
           2          24  -1.6573573259697995E-010
           2          25   1.0726186818717367E-010
           2          26  -4.3915377375976183E-011
           2          27  -3.6431324998813105E-010
           2          28   6.7972561791526386E-011
           2          29  -3.1299849621011081E-011
           2          30   3.9668154518186088E-002
           2          31  -8.4981340031064934E-008
           2          32   3.9667894949155347E-002
           2          33  -1.1749772366795339E-008
           2          34  -1.0784453640278305E-007
           2          35   3.9668147233637367E-002
           2          36   3.8633339906303119E-002
           2          37  -6.5021829425860849E-008
           2          38   3.8633140660049331E-002
           2          39  -9.2753635565809840E-009
           2          40  -8.2657677943425897E-008
           2          41   3.8633334489484056E-002
           2          42   9.9112050690852039E-003
           2          43  -1.2648415424099854E-007
           2          44   9.9108179414695921E-003
           2          45  -1.8070455886681539E-008
           2          46  -1.6057275442430427E-007
           2          47   9.9111945413136605E-003
           2          48  -4.0001901087082366E-012
           2          49  -1.9949821409656325E-011
           2          50  -8.2559600507591885E-011
           2          51  -3.6749935397060404E-011
           2          52  -5.4804987292434258E-011
           2          53  -3.0363487800616827E-012
           2          54  -3.8634839096504986E-011
           2          55  -4.5311125109962696E-011
           2          56  -1.0236370134618908E-011
           2          57  -9.0008668258896508E-011
           3           1 -0.12804603883177701     
           3           2 -0.39726377090934090     
           3           3  0.70746147654435521     
           3           4  0.83940278453201822     
           3           5 -0.27354913375643319     
           3           6  -6.4281594876693965E-002
           3           7  0.13444628039084722     
           3           8   4.3771105984778437E-002
           3           9  -8.7969843064107625E-010
           3          10   4.1490002299150848E-010
           3          11  -6.8127790499719857E-010
           3          12  -7.6519050039253417E-009
           3          13   3.3402233177110090E-009
           3          14  -5.6949276508814006E-009
           3          15   4.5715816634594538E-010
           3          16   3.9349092852226992E-010
           3          17  -1.9991873363460787E-009
           3          18   5.5786877070041514E-010
           3          19   7.0162027933610640E-011
           3          20  -1.7436962425555227E-009
           3          21  -1.5402608642782279E-009
           3          22   1.9508360288650188E-010
           3          23  -3.4051884077874193E-010
           3          24   2.8305468288038138E-010
           3          25  -1.8555452834361814E-010
           3          26   6.2839534873366877E-011
           3          27   6.5406808910134268E-010
           3          28  -1.2267200451619802E-010
           3          29   5.8041300256574276E-011
           3          30  -8.3202030909764191E-002
           3          31   1.5437924114303055E-007
           3          32  -8.3201559329479230E-002
           3          33   2.1350795075514458E-008
           3          34   1.9591542437885766E-007
           3          35  -8.3202017665297889E-002
           3          36  -7.3405315297012913E-002
           3          37   1.1653352642771069E-007
           3          38  -7.3404958235472856E-002
           3          39   1.6607992407301559E-008
           3          40   1.4813553955262925E-007
           3          41  -7.3405305589088282E-002
           3          42  -1.8340210683157145E-002
           3          43   2.2529907738016122E-007
           3          44  -1.8339521095723139E-002
           3          45   3.2194067956841195E-008
           3          46   2.8602364146742284E-007
           3          47  -1.8340191930710594E-002
           3          48   1.8225870613712050E-010
           3          49   3.9873543915147339E-011
           3          50   2.2506729647674732E-010
           3          51   6.2869699381604886E-011
           3          52   1.3460076400111285E-010
           3          53   6.1116917793799508E-012
           3          54   1.0474698689578977E-010
           3          55   1.5729100895359852E-010
           3          56   1.9847471955403723E-011
           3          57   2.3863804391132101E-010
           4           1 -0.18548972680970288     
           4           2 -0.53085051735647937     
           4           3  0.83940278453201822     
           4           4   1.0724368891270075     
           4           5 -0.57555852896378434     
           4           6 -0.14278825983930038     
           4           7  0.26983447821115208     
           4           8   9.7040506733269249E-002
           4           9  -1.3517873812042433E-009
           4          10  -1.5480110092294429E-009
           4          11  -1.6235483949212739E-009
           4          12  -1.2115384876850108E-008
           4          13  -1.5784375622772148E-008
           4          14  -1.4648662564356482E-008
           4          15   1.1780426467769869E-009
           4          16  -1.3626261540345427E-009
           4          17  -3.0413521890586996E-009
           4          18   1.8434386234428788E-009
           4          19  -6.8274800583404916E-010
           4          20  -1.0994558505213262E-009
           4          21  -2.4615300936506980E-009
           4          22  -4.9643214121514541E-011
           4          23   3.4493419119520166E-010
           4          24   6.2659218391940570E-010
           4          25  -3.9751156592299134E-010
           4          26   1.7507330244067696E-010
           4          27   1.3938357065652499E-009
           4          28  -2.6436069526659876E-010
           4          29   1.2002711365743638E-010
           4          30 -0.13869903405808851     
           4          31   3.1586562581884278E-007
           4          32 -0.13869806860189471     
           4          33   4.3922983136101896E-008
           4          34   4.0092325671701373E-007
           4          35 -0.13869900702929439     
           4          36 -0.13268324896027892     
           4          37   2.4718319688319169E-007
           4          38 -0.13268249178286023     
           4          39   3.5131903078125864E-008
           4          40   3.1415723722480136E-007
           4          41 -0.13268322835456697     
           4          42  -3.3624160992030389E-002
           4          43   4.8312580771477277E-007
           4          44  -3.3622682257568523E-002
           4          45   6.9053925597083844E-008
           4          46   6.1333651520317114E-007
           4          47  -3.3624120783034853E-002
           4          48   5.8668076931396742E-010
           4          49   7.8188566410404914E-011
           4          50   4.8261904208431430E-010
           4          51   7.0076700638410720E-011
           4          52   2.5872647308151040E-010
           4          53   1.1388051236334333E-011
           4          54   2.1209298158822607E-010
           4          55   3.7335982199170023E-010
           4          56   3.4483768023891558E-011
           4          57   4.7015372731304548E-010
           5           1   5.0257334644505811E-002
           5           2  0.15167220553486449     
           5           3 -0.27354913375643319     
           5           4 -0.57555852896378434     
           5           5  0.97347771619231804     
           5           6  0.25719181643532030     
           5           7 -0.48494630781945380     
           5           8 -0.20640713037567582     
           5           9   6.1451453839453946E-010
           5          10   1.7811652961353853E-008
           5          11  -2.3380847523791904E-010
           5          12   5.9772421701469787E-009
           5          13   1.7281222818192087E-007
           5          14  -2.8328374182587985E-009
           5          15  -1.3761215659036591E-009
           5          16   1.3067195720909286E-008
           5          17   4.8854065697854300E-009
           5          18  -1.9585029814156024E-009
           5          19   6.4651658920423143E-010
           5          20   5.7301937046990588E-009
           5          21   4.4999958116296028E-009
           5          22  -4.9983162989151562E-010
           5          23   1.6064272283643077E-009
           5          24  -1.3099857524474399E-009
           5          25   7.7556144867805268E-010
           5          26  -3.6236741649900598E-010
           5          27  -2.7806621416876654E-009
           5          28   5.3114207450858847E-010
           5          29  -2.2642284101946372E-010
           5          30  0.17236309897702937     
           5          31  -5.8370107479062256E-007
           5          32  0.17236131339459587     
           5          33  -8.1821821157062529E-008
           5          34  -7.4109151300926443E-007
           5          35  0.17236304928826451     
           5          36  0.18837586009607887     
           5          37  -4.8987083869833721E-007
           5          38  0.18837435992255569     
           5          39  -6.9439480080093726E-008
           5          40  -6.2245979757946554E-007
           5          41  0.18837581922078556     
           5          42   4.8508139354198801E-002
           5          43  -9.7872768753505272E-007
           5          44   4.8505143785013416E-002
           5          45  -1.3990802492713539E-007
           5          46  -1.2424773595458053E-006
           5          47   4.8508057906423069E-002
           5          48  -1.1439796588029097E-009
           5          49  -4.3159422316630225E-010
           5          50  -7.3641168304291890E-010
           5          51  -7.0373964730821789E-010
           5          52  -2.8180340508069268E-010
           5          53  -1.6499758747425975E-011
           5          54  -2.3294013200114040E-010
           5          55  -6.1276602529307104E-010
           5          56  -3.5656378194097325E-010
           5          57  -4.8825961832166624E-010
           6           1   1.2973664110932828E-002
           6           2   3.7760414262171985E-002
           6           3  -6.4281594876693965E-002
           6           4 -0.14278825983930038     
           6           5  0.25719181643532030     
           6           6   7.0712326067913528E-002
           6           7 -0.17652991841672672     
           6           8  -8.6264104658266810E-002
           6           9   1.0101025692092707E-009
           6          10  -8.4211293184365212E-010
           6          11   1.5646817741306120E-009
           6          12   9.7674662753884159E-009
           6          13  -8.1143934893073741E-009
           6          14   1.5125911072128135E-008
           6          15   7.7190839296179374E-010
           6          16  -8.0931165630938317E-010
           6          17   1.4297599792701994E-009
           6          18  -2.2545892936271168E-010
           6          19  -2.0576402005357632E-010
           6          20  -5.4272073513658616E-010
           6          21   1.8654486266981786E-009
           6          22  -8.4465545637753280E-011
           6          23  -5.1036818949527555E-010
           6          24  -5.5170467224714159E-010
           6          25   3.0755327353501562E-010
           6          26  -1.9186650233052213E-010
           6          27  -1.1048810026933505E-009
           6          28   2.1383049673530272E-010
           6          29  -8.6543511951743554E-011
           6          30   4.5616308211311601E-002
           6          31  -2.1543851815417318E-007
           6          32   4.5615648931514263E-002
           6          33  -3.0342648744527524E-008
           6          34  -2.7358056767233932E-007
           6          35   4.5616289971048156E-002
           6          36   5.1309654018783880E-002
           6          37  -1.9383610229818867E-007
           6          38   5.1309060423143003E-002
           6          39  -2.7484743195732220E-008
           6          40  -2.4628126567944260E-007
           6          41   5.1309637836337477E-002
           6          42   1.3075886288836592E-002
           6          43  -3.9608652691721677E-007
           6          44   1.3074674067215457E-002
           6          45  -5.6604275093057382E-008
           6          46  -5.0280583395069873E-007
           6          47   1.3075853328832538E-002
           6          48  -1.9874084986497987E-010
           6          49   3.1091960914594979E-011
           6          50  -1.4430641260485924E-010
           6          51   1.3498600347860633E-010
           6          52  -1.2353420805091766E-010
           6          53  -4.1151738021288272E-012
           6          54  -1.1226837184558152E-010
           6          55  -1.1430138027025552E-010
           6          56   4.9101585948749157E-011
           6          57  -2.4059069474418001E-010
           7           1  -2.3397621469150844E-002
           7           2  -7.4525891326754037E-002
           7           3  0.13444628039084722     
           7           4  0.26983447821115208     
           7           5 -0.48494630781945380     
           7           6 -0.17652991841672672     
           7           7   1.1228476632868534     
           7           8  0.67751234995144605     
           7           9  -9.2820805827968759E-009
           7          10  -1.2673050245387936E-008
           7          11  -1.3542253750680305E-008
           7          12  -8.9901327255422428E-008
           7          13  -1.2300474469075119E-007
           7          14  -1.3089416373237453E-007
           7          15  -8.9748465381235683E-009
           7          16  -8.2686416236444658E-009
           7          17  -1.3325955710847908E-008
           7          18   8.0462366555422374E-009
           7          19   9.2817585272708618E-011
           7          20  -5.2884790366003197E-009
           7          21  -9.2353251686685994E-009
           7          22   1.0465878060702086E-009
           7          23  -2.7257993899159185E-009
           7          24   4.5056891553755524E-009
           7          25  -2.3071702010346310E-009
           7          26   1.5065205030652708E-009
           7          27   8.0974743650552293E-009
           7          28  -1.5654820383995046E-009
           7          29   5.9346651028631459E-010
           7          30  -9.5480204078623482E-002
           7          31   1.4037413048687404E-006
           7          32  -9.5475905749128287E-002
           7          33   1.9931149127139170E-007
           7          34   1.7831525069741137E-006
           7          35  -9.5480086368774419E-002
           7          36 -0.12666163121533039     
           7          37   1.4123935346770706E-006
           7          38 -0.12665730597499972     
           7          39   2.0037993688592010E-007
           7          40   1.7943462736631077E-006
           7          41 -0.12666151321127170     
           7          42  -2.9986845473873709E-002
           7          43   2.9806800510830175E-006
           7          44  -2.9977723868073406E-002
           7          45   4.2579353998448795E-007
           7          46   3.7835774674537388E-006
           7          47  -2.9986597454625265E-002
           7          48  -1.6631331032189229E-009
           7          49   4.5417773424268918E-010
           7          50  -6.8579600172017442E-010
           7          51   9.6136455891535707E-010
           7          52   4.7809536153998587E-010
           7          53   4.1127012671898046E-012
           7          54   4.8007484528575756E-010
           7          55  -7.0639938223930457E-010
           7          56   4.5005175091590664E-010
           7          57   1.0267347985389218E-009
           8           1  -7.4897789153165932E-003
           8           2  -2.4618106969950218E-002
           8           3   4.3771105984778437E-002
           8           4   9.7040506733269249E-002
           8           5 -0.20640713037567582     
           8           6  -8.6264104658266810E-002
           8           7  0.67751234995144605     
           8           8  0.41879846185815811     
           8           9   2.0621206826326558E-009
           8          10   4.1910684990796735E-009
           8          11   2.7093564350864075E-009
           8          12   2.0044915394030609E-008
           8          13   4.0569580258857382E-008
           8          14   2.6154988213352331E-008
           8          15  -3.0403798694820115E-010
           8          16   3.6327099840392742E-009
           8          17   3.2717316461167964E-009
           8          18   4.7688899204273882E-009
           8          19   5.9875334910787336E-011
           8          20   3.2138748533745136E-009
           8          21  -5.9773852491083149E-009
           8          22   1.3233640836143204E-010
           8          23   6.5354893309155577E-010
           8          24   2.7886982104690815E-009
           8          25  -1.4192352780932281E-009
           8          26   1.0038238288365645E-009
           8          27   4.9667033561613008E-009
           8          28  -9.6461103057660804E-010
           8          29   3.5809541069139510E-010
           8          30  -4.2094520143579214E-002
           8          31   8.4969633365569056E-007
           8          32  -4.2091918119073424E-002
           8          33   1.2076960805243541E-007
           8          34   1.0794012318983370E-006
           8          35  -4.2094448978497928E-002
           8          36  -6.0918518161794777E-002
           8          37   8.6616067531599923E-007
           8          38  -6.0915865682506169E-002
           8          39   1.2288930789557268E-007
           8          40   1.1003820329240110E-006
           8          41  -6.0918445788691281E-002
           8          42  -1.3984127294716099E-002
           8          43   1.8342442684583331E-006
           8          44  -1.3978514109039570E-002
           8          45   2.6201344368024109E-007
           8          46   2.3283167106137474E-006
           8          47  -1.3983974670251399E-002
           8          48  -1.7072137250753858E-009
           8          49  -4.1903620194336393E-011
           8          50  -7.5270509191533281E-010
           8          51  -1.0054995702062784E-010
           8          52  -2.0439163161223910E-011
           8          53   7.8563937913562146E-013
           8          54  -1.3310613386577730E-011
           8          55  -7.5150922233460960E-010
           8          56  -3.6157105890045341E-011
           8          57  -5.6825692336799117E-011
           9           1   3.1872668712067412E-010
           9           2   7.8150192860380097E-010
           9           3  -8.7969843064107625E-010
           9           4  -1.3517873812042433E-009
           9           5   6.1451453839453946E-010
           9           6   1.0101025692092707E-009
           9           7  -9.2820805827968759E-009
           9           8   2.0621206826326558E-009
           9           9   1.9923282791739515E-002
           9          10  -2.6093750085627231E-010
           9          11   8.7570130777563526E-011
           9          12  0.19487960162812420     
           9          13  -3.4366258645069880E-009
           9          14   9.7640709683977947E-010
           9          15  -3.4585508720841266E-003
           9          16   1.3984334812206554E-009
           9          17   3.3421482678160654E-010
           9          18  -3.5855161061356208E-002
           9          19   1.4777556632902547E-008
           9          20   1.6402672895913987E-009
           9          21  -1.7308459085550225E-002
           9          22  -6.8030375009723162E-009
           9          23  -1.0603646354338528E-009
           9          24  -3.7447887864095511E-004
           9          25  -4.4870851843222670E-009
           9          26  -5.8434008519593503E-010
           9          27  -5.9598695753988108E-006
           9          28   3.5970338787910841E-010
           9          29   2.4869089591802309E-011
           9          30   4.0397690692846494E-010
           9          31   3.8720760310274146E-010
           9          32  -1.9389699451742668E-010
           9          33   2.3700440533022548E-010
           9          34   4.4891517979587340E-010
           9          35   3.1893004648799949E-011
           9          36   5.1189915336769577E-010
           9          37  -1.2369398808881962E-010
           9          38   7.9415805450708958E-010
           9          39   5.2125369751330775E-011
           9          40  -6.6826073012856422E-012
           9          41   6.0197962787220519E-010
           9          42   2.9447879275744072E-009
           9          43  -4.3864743179635511E-010
           9          44   2.7418806958561674E-009
           9          45   1.0600629564380775E-010
           9          46   1.6685550796191448E-010
           9          47   2.9917891381142565E-009
           9          48  -1.4802332025783034E-003
           9          49  -4.2282227983111093E-010
           9          50  -6.6197942708762691E-004
           9          51  -3.1760194618843820E-009
           9          52  -2.4239403076539481E-010
           9          53   1.7561333985520489E-010
           9          54   2.6772116369874708E-010
           9          55  -6.6198040118915650E-004
           9          56  -1.9262449814061343E-009
           9          57   3.1336918559513237E-010
          10           1  -2.9851140743791570E-010
          10           2  -1.2468601194022599E-009
          10           3   4.1490002299150848E-010
          10           4  -1.5480110092294429E-009
          10           5   1.7811652961353853E-008
          10           6  -8.4211293184365212E-010
          10           7  -1.2673050245387936E-008
          10           8   4.1910684990796735E-009
          10           9  -2.6093750085627231E-010
          10          10   1.9923281460758280E-002
          10          11  -4.4191668573704779E-010
          10          12  -2.6392413422277097E-009
          10          13  0.19487958891787446     
          10          14  -4.0847165911366130E-009
          10          15   3.8360400969352958E-009
          10          16  -3.4585442627823801E-003
          10          17   2.7150795583425329E-009
          10          18   7.0620482872856925E-009
          10          19  -3.5855114722233072E-002
          10          20   2.6163640465125021E-008
          10          21  -7.5923398515045648E-009
          10          22  -1.7308479810865540E-002
          10          23  -9.8422032211524922E-009
          10          24  -4.5676532073708015E-009
          10          25  -3.7449633323253194E-004
          10          26  -6.8050093317172530E-009
          10          27   1.9402070119935673E-009
          10          28  -5.9601650473448729E-006
          10          29   6.7738199900135664E-010
          10          30  -5.2780687349610299E-009
          10          31  -2.3597936207515518E-010
          10          32  -7.0525506760962590E-009
          10          33   3.1953753196135951E-010
          10          34   1.9775340085201497E-009
          10          35  -5.0424505209317833E-009
          10          36  -1.0895637994996765E-010
          10          37   5.0270819879484464E-010
          10          38   3.2363327037995865E-009
          10          39  -6.5702374420471755E-010
          10          40  -5.0916294566934630E-010
          10          41   1.3823808853893298E-009
          10          42   6.6261054743982280E-009
          10          43   3.0028011474054505E-010
          10          44   1.4950462732414152E-009
          10          45   1.1008436533134922E-009
          10          46   1.1664117913908397E-009
          10          47   2.3655230927670418E-009
          10          48   1.5944453753096685E-009
          10          49  -6.6198464400676416E-004
          10          50   2.1962835865423220E-009
          10          51  -1.4802395065017333E-003
          10          52  -3.7593733466586741E-009
          10          53  -9.9400596160220641E-010
          10          54  -3.0555568381288518E-009
          10          55  -2.4049006902409683E-010
          10          56  -6.6198321783703757E-004
          10          57  -7.7396861641783788E-009
          11           1   3.2619991989998562E-010
          11           2   8.1640817732963272E-010
          11           3  -6.8127790499719857E-010
          11           4  -1.6235483949212739E-009
          11           5  -2.3380847523791904E-010
          11           6   1.5646817741306120E-009
          11           7  -1.3542253750680305E-008
          11           8   2.7093564350864075E-009
          11           9   8.7570130777563526E-011
          11          10  -4.4191668573704779E-010
          11          11   1.9923282463805363E-002
          11          12  -3.4778719027967575E-010
          11          13  -5.5930545161860271E-009
          11          14  0.19487959949846795     
          11          15  -1.3802617948379981E-009
          11          16   1.1699791374598781E-009
          11          17  -3.4585494264803189E-003
          11          18   4.5251018692925082E-009
          11          19   1.9052223364386817E-008
          11          20  -3.5855162236213808E-002
          11          21  -3.0870956410552871E-009
          11          22  -8.6169849001233695E-009
          11          23  -1.7308458266019920E-002
          11          24   6.0795517677789956E-010
          11          25  -5.7343096822609510E-009
          11          26  -3.7448007981355665E-004
          11          27   2.9627841876209560E-010
          11          28   4.9973525754541283E-010
          11          29  -5.9600713024287700E-006
          11          30   1.0312037644340935E-009
          11          31   7.7154995665211635E-010
          11          32  -3.5646377904970468E-010
          11          33   3.0598499365953400E-010
          11          34   4.5358486049026528E-010
          11          35   7.5852965342366205E-011
          11          36   7.9185998895656672E-010
          11          37  -3.2173413427918220E-010
          11          38   1.3307977265730067E-009
          11          39   1.9187851938985926E-010
          11          40   1.0427066553656682E-010
          11          41   1.1112358140190875E-009
          11          42   4.3218759410437978E-009
          11          43  -7.0856770519037621E-010
          11          44   4.1206710346650148E-009
          11          45   5.3223033847036486E-011
          11          46   1.9158777561753677E-010
          11          47   4.4877738713212413E-009
          11          48  -5.7459099946072134E-010
          11          49  -1.2184775038470389E-009
          11          50  -1.3705441353259646E-010
          11          51  -4.1400328275079143E-009
          11          52  -6.6198065777760967E-004
          11          53  -6.2032104717260786E-012
          11          54  -6.6197888907518340E-004
          11          55  -1.8217795706958695E-010
          11          56  -1.8946251016336443E-009
          11          57  -1.4802322538292182E-003
          12           1   2.0774706281967723E-009
          12           2   5.5476550975154774E-009
          12           3  -7.6519050039253417E-009
          12           4  -1.2115384876850108E-008
          12           5   5.9772421701469787E-009
          12           6   9.7674662753884159E-009
          12           7  -8.9901327255422428E-008
          12           8   2.0044915394030609E-008
          12           9  0.19487960162812420     
          12          10  -2.6392413422277097E-009
          12          11  -3.4778719027967575E-010
          12          12   1.9077288464176190     
          12          13  -3.4839182971142448E-008
          12          14  -2.1917260423934458E-009
          12          15  -4.9533781204695371E-002
          12          16   1.7026345944891925E-008
          12          17   2.7213091499502072E-009
          12          18 -0.38212072402086988     
          12          19   1.5627384646429358E-007
          12          20   1.7433194677990592E-008
          12          21 -0.18369977523333025     
          12          22  -7.1142696995175224E-008
          12          23  -1.0874804898129045E-008
          12          24  -3.9894662334812843E-003
          12          25  -4.7707879332888108E-008
          12          26  -6.2573533790545010E-009
          12          27  -5.8288789735810643E-005
          12          28   4.1572443179656074E-009
          12          29   3.3883437421500922E-010
          12          30   3.8729582687460659E-009
          12          31   3.7684940027469855E-009
          12          32  -1.7746778624352366E-009
          12          33   2.2220147849510301E-009
          12          34   4.3498784340327318E-009
          12          35   2.8964488600764949E-010
          12          36   4.8945478028558460E-009
          12          37  -1.1708171487052051E-009
          12          38   7.5773764264308622E-009
          12          39   5.7290826906402186E-010
          12          40  -7.3625291247625187E-011
          12          41   5.6651312567710170E-009
          12          42   2.8492745599865849E-008
          12          43  -4.2129749010828172E-009
          12          44   2.6544839280243622E-008
          12          45   1.0163347339620670E-009
          12          46   1.5916061787741967E-009
          12          47   2.8957615066345626E-008
          12          48  -1.4700441264489323E-002
          12          49  -3.9568284711147664E-009
          12          50  -6.5742264334343083E-003
          12          51  -3.2069062404585295E-008
          12          52  -2.2637622686349101E-009
          12          53   2.2099729193047983E-009
          12          54   2.5538246097799727E-009
          12          55  -6.5742370302859865E-003
          12          56  -1.9244381269081247E-008
          12          57   2.9505290751107953E-009
          13           1  -2.4636213220497998E-009
          13           2  -1.1152474992821479E-008
          13           3   3.3402233177110090E-009
          13           4  -1.5784375622772148E-008
          13           5   1.7281222818192087E-007
          13           6  -8.1143934893073741E-009
          13           7  -1.2300474469075119E-007
          13           8   4.0569580258857382E-008
          13           9  -3.4366258645069880E-009
          13          10  0.19487958891787446     
          13          11  -5.5930545161860271E-009
          13          12  -3.4839182971142448E-008
          13          13   1.9077287234361595     
          13          14  -5.2875369718457863E-008
          13          15   4.0024687857364756E-008
          13          16  -4.9533704790477633E-002
          13          17   2.9756768717293121E-008
          13          18   8.1436443357541429E-008
          13          19 -0.38212022920593669     
          13          20   2.7004807688979379E-007
          13          21  -7.8786065523870978E-008
          13          22 -0.18369999398758091     
          13          23  -1.0184592635695606E-007
          13          24  -4.8532473848401484E-008
          13          25  -3.9896503854893548E-003
          13          26  -7.1336023474522814E-008
          13          27   1.9477737698463868E-008
          13          28  -5.8289296785615232E-005
          13          29   7.4082971711261867E-009
          13          30  -5.1127397725278343E-008
          13          31  -2.3209388602057619E-009
          13          32  -6.8267021550156444E-008
          13          33   3.1294210979204341E-009
          13          34   1.9085855225816849E-008
          13          35  -4.8857580462249092E-008
          13          36  -9.7726189555898080E-010
          13          37   4.9409984981955656E-009
          13          38   3.1458908432728812E-008
          13          39  -6.3612052557075859E-009
          13          40  -4.8851187975702151E-009
          13          41   1.3468576596650670E-008
          13          42   6.4244337313118296E-008
          13          43   2.8886539217943868E-009
          13          44   1.4524971715797203E-008
          13          45   1.0675371686031949E-008
          13          46   1.1300011928582120E-008
          13          47   2.2956608505583278E-008
          13          48   1.4223528509661383E-008
          13          49  -6.5742802028288666E-003
          13          50   2.1423615325349574E-008
          13          51  -1.4700504136853511E-002
          13          52  -3.7126415563211299E-008
          13          53  -9.5810700268300803E-009
          13          54  -2.9444996392738925E-008
          13          55  -2.8850944063604690E-009
          13          56  -6.5742663380170333E-003
          13          57  -7.6555001030690985E-008
          14           1   2.3935388033638259E-009
          14           2   6.3252257306369438E-009
          14           3  -5.6949276508814006E-009
          14           4  -1.4648662564356482E-008
          14           5  -2.8328374182587985E-009
          14           6   1.5125911072128135E-008
          14           7  -1.3089416373237453E-007
          14           8   2.6154988213352331E-008
          14           9   9.7640709683977947E-010
          14          10  -4.0847165911366130E-009
          14          11  0.19487959949846795     
          14          12  -2.1917260423934458E-009
          14          13  -5.2875369718457863E-008
          14          14   1.9077288358895526     
          14          15  -1.2874603814041041E-008
          14          16   1.5897084115813373E-008
          14          17  -4.9533765983331195E-002
          14          18   4.5491906287075954E-008
          14          19   2.0126223908466328E-007
          14          20 -0.38212073411217540     
          14          21  -3.0500851595972943E-008
          14          22  -9.0007061464767802E-008
          14          23 -0.18369976777085684     
          14          24   5.3202801803842826E-009
          14          25  -6.0972434235135854E-008
          14          26  -3.9894782992363383E-003
          14          27   2.9546341840864875E-009
          14          28   5.7122028429112684E-009
          14          29  -5.8290662708773897E-005
          14          30   1.0042796569061224E-008
          14          31   7.4744329218206162E-009
          14          32  -3.4813058601894409E-009
          14          33   2.9338655287679274E-009
          14          34   4.4227159269369172E-009
          14          35   5.9243693380595627E-010
          14          36   7.6148977992638071E-009
          14          37  -3.0852879017986417E-009
          14          38   1.2778361959372041E-008
          14          39   1.9263682702820129E-009
          14          40   1.0090409575622313E-009
          14          41   1.0778614625233262E-008
          14          42   4.1816308004396029E-008
          14          43  -6.8818324045109016E-009
