           1           1  0.74183554447238098     
           1           2  0.59805526950959620     
           1           3   2.8033881010983487E-015
           1           4  -1.1506486907320006E-014
           1           5  -2.9134966584625743E-015
           1           6 -0.35112172451882329     
           1           7  -4.1003465953589280E-015
           1           8   1.8791000013798100E-014
           1           9  -1.3405639759552924E-016
           1          10 -0.11136047756251313     
           1          11   8.3742128680259635E-016
           1          12  -2.4147731587600367E-015
           1          13  -6.5970685515328287E-016
           1          14   2.2280673954447466E-002
           1          15  -5.0014858208162378E-016
           1          16   2.2280673954451005E-002
           1          17   3.4718494848927570E-016
           1          18   6.1541021669385312E-016
           1          19   2.2280673954449652E-002
           1          20   7.9950332930344425E-002
           1          21  -7.1827746038514928E-016
           1          22   7.9950332930341025E-002
           1          23  -3.9253288578043396E-016
           1          24  -6.4706288765230506E-016
           1          25   7.9950332930340845E-002
           1          26   2.6788597031633223E-015
           1          27  -6.0541907616266159E-015
           1          28   7.8575892839675377E-016
           1          29  -9.9756964556587413E-015
           1          30  -4.9001758410788525E-016
           1          31   5.3130044444954341E-016
           1          32   1.1203589824786324E-015
           1          33   1.8570473217146158E-015
           1          34  -3.7649553150616625E-015
           1          35  -1.1902392149895227E-015
           2           1  0.59805526950959620     
           2           2  0.49249744953094932     
           2           3  -5.6437027111744680E-017
           2           4  -5.3120094880770531E-015
           2           5  -5.3438125354182871E-015
           2           6 -0.40213273861208104     
           2           7  -2.8853078665211289E-015
           2           8   1.1797701040427488E-014
           2           9   3.0836121753282640E-016
           2          10 -0.11864345147902403     
           2          11   4.9684992135715334E-016
           2          12  -1.5817094053004989E-015
           2          13  -5.5631649916968522E-016
           2          14   1.9564047507566129E-002
           2          15  -2.9452420697562274E-016
           2          16   1.9564047507569224E-002
           2          17   2.1284498539016349E-016
           2          18   5.4853049804337663E-016
           2          19   1.9564047507568062E-002
           2          20   8.4783822480586649E-002
           2          21  -2.0007798535121336E-016
           2          22   8.4783822480583831E-002
           2          23  -2.0738966754617392E-016
           2          24  -4.9319500655890405E-016
           2          25   8.4783822480583665E-002
           2          26   1.6544336121637067E-015
           2          27  -3.7488757768630089E-015
           2          28   4.2629396266695062E-016
           2          29  -5.8867520691920803E-015
           2          30  -5.5492338503793389E-016
           2          31   4.9872604005298724E-016
           2          32   4.0697027759958514E-016
           2          33   1.1878770548768752E-015
           2          34  -2.0773507718264256E-015
           2          35  -1.6626614090888805E-015
           3           1   2.8033881010983487E-015
           3           2  -5.6437027111744680E-017
           3           3   1.6489226367311440     
           3           4  -9.8532293435493261E-015
           3           5   3.8857805861858065E-016
           3           6   1.0997269144408483E-015
           3           7 -0.13999672045847908     
           3           8   9.0118884576983248E-015
           3           9  -3.0253577421034549E-015
           3          10  -1.3160068321605469E-015
           3          11   1.3367151875953991E-002
           3          12  -2.4659094211009043E-015
           3          13   8.9218996773830996E-016
           3          14  -4.3741984454035909E-015
           3          15   2.0894879533612680E-015
           3          16  -3.7934359186531962E-015
           3          17  -1.5083124492640080E-015
           3          18  -2.3752884292948805E-015
           3          19  -3.3802889760901834E-015
           3          20   3.3511884818378702E-015
           3          21  -1.3108479303467241E-015
           3          22  -2.2574145880169517E-015
           3          23  -6.1665627094284885E-016
           3          24   1.7645240576831248E-015
           3          25   4.8435557057346860E-016
           3          26  0.33513788214787515     
           3          27  -4.7201825781326681E-015
           3          28  0.14987821726358902     
           3          29  -1.6375789613217442E-015
           3          30   5.1087606367520361E-016
           3          31  -1.8354864113031150E-016
           3          32   9.9920072216252650E-016
           3          33  0.14987821726359346     
           3          34  -2.1111584702636050E-015
           3          35   2.0539125955564363E-015
           4           1  -1.1506486907320006E-014
           4           2  -5.3120094880770531E-015
           4           3  -9.8532293435493261E-015
           4           4   1.6489226367312009     
           4           5   5.1070259132758021E-015
           4           6   1.0859940612323937E-014
           4           7   2.6999236180103095E-014
           4           8 -0.13999672045860420     
           4           9  -3.2196467714129895E-015
           4          10  -4.5243826909773260E-015
           4          11  -2.9651845215305895E-015
           4          12   1.3367151875965022E-002
           4          13  -1.3227266504323111E-015
           4          14   6.7825833200561062E-015
           4          15  -1.5803290196351124E-015
           4          16   4.4586107235111118E-015
           4          17  -7.6186571713261562E-016
           4          18   1.5176340615310623E-015
           4          19   6.8871314625548445E-015
           4          20  -2.6659928697716264E-015
           4          21  -2.1616542144539852E-015
           4          22   6.9563291996912715E-015
           4          23  -1.1299948225246759E-015
           4          24  -2.4550326304246788E-015
           4          25  -1.2736220957989372E-015
           4          26  -1.3315737401598192E-014
           4          27  0.14987821726362338     
           4          28  -6.0888794006786931E-015
           4          29  0.33513788214794354     
           4          30  -8.3266726846899128E-017
           4          31  -9.2572962952910469E-016
           4          32   6.9388939039114044E-017
           4          33  -7.0993558254351698E-015
           4          34  0.14987821726362441     
           4          35   1.7208456881690303E-015
           5           1  -2.9134966584625743E-015
           5           2  -5.3438125354182871E-015
           5           3   3.8857805861858065E-016
           5           4   5.1070259132758021E-015
           5           5   1.6489226367311915     
           5           6   2.4623395793736035E-014
           5           7   2.2707530300536555E-015
           5           8  -1.1698975121987496E-014
           5           9 -0.13999672045857448     
           5          10   6.1748742868812843E-015
           5          11  -1.2685165418080047E-016
           5          12   1.2923689896027114E-015
           5          13   1.3367151875959774E-002
           5          14  -4.6374201531963791E-016
           5          15   1.4943891080219867E-015
           5          16  -2.0352227507933084E-015
           5          17   2.5048767555205362E-016
           5          18  -2.5668706615437430E-016
           5          19  -1.9262889256423621E-015
           5          20  -1.8541455045689975E-015
           5          21  -5.9499916576356954E-017
           5          22  -5.5239330538639441E-015
           5          23   6.7174580650783612E-016
           5          24   1.6636949620287394E-016
           5          25  -4.4605231449654664E-015
           5          26  -1.6514567491299669E-015
           5          27   1.4988010832439440E-015
           5          28   7.2858385991004771E-017
           5          29   7.1609385088322313E-015
           5          30  0.14987821726361508     
           5          31   1.1050775262230173E-016
           5          32  0.14987821726361705     
           5          33  -8.1011586328118725E-016
           5          34   3.5527136788004879E-015
           5          35  0.33513788214792639     
           6           1 -0.35112172451882329     
           6           2 -0.40213273861208104     
           6           3   1.0997269144408483E-015
           6           4   1.0859940612323937E-014
           6           5   2.4623395793736035E-014
           6           6   1.5351685920068248     
           6           7  -8.3673401952540921E-016
           6           8   2.5308783125276640E-014
           6           9  -3.7744551296090826E-015
           6          10  0.38460988551711711     
           6          11   1.4570471875362837E-015
           6          12  -2.6408121387618288E-015
           6          13   5.0289785706071624E-016
           6          14  -2.8962308932988817E-002
           6          15  -1.0129346023315875E-015
           6          16  -2.8962308932993234E-002
           6          17   6.0659539335920529E-016
           6          18  -8.9373493174243590E-016
           6          19  -2.8962308932991787E-002
           6          20 -0.27158284974147529     
           6          21  -4.0175225648629190E-015
           6          22 -0.27158284974147312     
           6          23  -1.0682006005725665E-015
           6          24  -2.0918573008561999E-017
           6          25 -0.27158284974147262     
           6          26  -3.7920857753447476E-016
           6          27  -5.5137871882729560E-015
           6          28  -1.9025503155201852E-016
           6          29  -9.6971799216727546E-015
           6          30   1.0529459182225511E-015
           6          31  -1.0609241548859496E-015
           6          32   4.1581833861766612E-015
           6          33   4.7628550887292574E-016
           6          34  -4.5964939422550835E-015
           6          35   6.3729441811520917E-015
           7           1  -4.1003465953589280E-015
           7           2  -2.8853078665211289E-015
           7           3 -0.13999672045847908     
           7           4   2.6999236180103095E-014
           7           5   2.2707530300536555E-015
           7           6  -8.3673401952540921E-016
           7           7   1.1885992285231239E-002
           7           8  -2.9867601447629895E-015
           7           9   6.1582683397170316E-017
           7          10   6.8086918288895665E-017
           7          11  -1.1348970429648415E-003
           7          12   4.2142260818152921E-016
           7          13  -5.7049363063470872E-017
           7          14   2.8996789295677309E-016
           7          15  -1.7740156778246856E-016
           7          16   2.4066003138753558E-016
           7          17   1.2805864363790755E-016
           7          18   2.0166658085518794E-016
           7          19   2.0558305704211803E-016
           7          20  -2.6172466253536098E-016
           7          21   1.1129352413530549E-016
           7          22   2.1445658371756871E-016
           7          23   5.2355309860549528E-017
           7          24  -1.4981150464129424E-016
           7          25  -1.8325004638040399E-017
           7          26  -2.8453854266391979E-002
           7          27   2.7793522691665760E-015
           7          28  -1.2724950472304685E-002
           7          29   5.4567895341195202E-015
           7          30   1.6620819304202561E-016
           7          31   1.5583634568671174E-017
           7          32   1.2533377113933181E-016
           7          33  -1.2724950472305067E-002
           7          34   2.5567655631553055E-015
           7          35   2.9468615048156691E-016
           8           1   1.8791000013798100E-014
           8           2   1.1797701040427488E-014
           8           3   9.0118884576983248E-015
           8           4 -0.13999672045860420     
           8           5  -1.1698975121987496E-014
           8           6   2.5308783125276640E-014
           8           7  -2.9867601447629895E-015
           8           8   1.1885992285252079E-002
           8           9   1.2299189444675168E-015
           8          10   6.1137066618787838E-015
           8          11   3.1802360224432937E-016
           8          12  -1.1348970429667534E-003
           8          13   2.0925101928974981E-017
           8          14  -5.0712349132088961E-016
           8          15   1.3417298972436310E-016
           8          16  -3.0981372389785267E-016
           8          17   6.4683872640549194E-017
           8          18  -1.2885006654516099E-016
           8          19  -5.1599983078872940E-016
           8          20  -3.7720849979295117E-015
           8          21   1.8352862290057223E-016
           8          22  -4.5890387487688022E-015
           8          23   9.5938745557026916E-017
           8          24   2.0843701773639761E-016
           8          25  -3.8902999691334372E-015
           8          26   2.7913869132809324E-015
           8          27  -1.2724950472318541E-002
           8          28   1.2608187063832811E-015
           8          29  -2.8453854266422239E-002
           8          30  -1.0174153186604112E-015
           8          31   7.8596235674423810E-017
           8          32  -1.0295583829921883E-015
           8          33   1.3466875184441478E-015
           8          34  -1.2724950472318629E-002
           8          35  -2.4372864837473718E-015
           9           1  -1.3405639759552924E-016
           9           2   3.0836121753282640E-016
           9           3  -3.0253577421034549E-015
           9           4  -3.2196467714129895E-015
           9           5 -0.13999672045857448     
           9           6  -3.7744551296090826E-015
           9           7   6.1582683397170316E-017
           9           8   1.2299189444675168E-015
           9           9   1.1885992285247098E-002
           9          10  -9.1901908252316299E-016
           9          11  -1.3498317047446056E-017
           9          12  -1.3238108526047588E-016
           9          13  -1.1348970429660731E-003
           9          14   5.2998392109199544E-017
           9          15  -1.2687652504233078E-016
           9          16   1.8642014539792903E-016
           9          17  -2.1266888034293536E-017
           9          18   2.1793228284491975E-017
           9          19   1.7717145299209177E-016
           9          20   4.3464609748745256E-016
           9          21   5.0516579751624936E-018
           9          22   7.4621815686524254E-016
           9          23  -5.7032517959312748E-017
           9          24  -1.4125091944226652E-017
           9          25   6.5593259923347265E-016
           9          26  -4.6902585981720910E-016
           9          27  -3.8163916471489017E-016
           9          28  -2.7863995832876557E-016
           9          29  -1.1744077932362864E-015
           9          30  -1.2724950472315207E-002
           9          31  -9.3823218917257267E-018
           9          32  -1.2724950472315373E-002
           9          33  -2.0372158821001839E-016
           9          34  -5.5597887405056105E-016
           9          35  -2.8453854266414898E-002
          10           1 -0.11136047756251313     
          10           2 -0.11864345147902403     
          10           3  -1.3160068321605469E-015
          10           4  -4.5243826909773260E-015
          10           5   6.1748742868812843E-015
          10           6  0.38460988551711711     
          10           7   6.8086918288895665E-017
          10           8   6.1137066618787838E-015
          10           9  -9.1901908252316299E-016
          10          10   9.7184567985914988E-002
          10          11   3.1161425731445905E-016
          10          12  -6.1617939763501176E-016
          10          13   1.4608070922681388E-016
          10          14  -7.8096499810526169E-003
          10          15  -2.2789430212021762E-016
          10          16  -7.8096499810538138E-003
          10          17   1.3478863656247181E-016
          10          18  -2.3844350144249389E-016
          10          19  -7.8096499810534140E-003
          10          20  -6.8671033755881114E-002
          10          21  -9.4862720457859297E-016
          10          22  -6.8671033755880462E-002
          10          23  -2.4509876944867754E-016
          10          24   1.7809920009186666E-017
          10          25  -6.8671033755880365E-002
          10          26  -4.8818276220068909E-016
          10          27  -1.8102456211922644E-015
          10          28  -2.0875425264457149E-016
          10          29  -3.5356680847021676E-015
          10          30   2.8188366762026203E-016
          10          31  -2.7600334106240369E-016
          10          32   9.7778567531897438E-016
          10          33  -8.5038067980303928E-017
          10          34  -1.6688049668052590E-015
          10          35   1.6079141893973720E-015
          11           1   8.3742128680259635E-016
          11           2   4.9684992135715334E-016
          11           3   1.3367151875953991E-002
          11           4  -2.9651845215305895E-015
          11           5  -1.2685165418080047E-016
          11           6   1.4570471875362837E-015
          11           7  -1.1348970429648415E-003
          11           8   3.1802360224432937E-016
          11           9  -1.3498317047446056E-017
          11          10   3.1161425731445905E-016
          11          11   1.0836211796390911E-004
          11          12  -4.3376557228894729E-017
          11          13   6.1740231525367785E-018
          11          14  -3.5659754512807114E-017
          11          15   1.6938637503895878E-017
          11          16  -3.0951746552935582E-017
          11          17  -1.2227281702960222E-017
          11          18  -1.9255506884500602E-017
          11          19  -2.7602530643530492E-017
          11          20  -1.9812586811242795E-016
          11          21  -1.0626516357350669E-017
          11          22  -2.4359255489122507E-016
          11          23  -4.9989840913905830E-018
          11          24   1.4304286048609744E-017
          11          25  -2.2136612819147671E-016
          11          26   2.7168278670351297E-003
          11          27  -3.0051373715867324E-016
          11          28   1.2150023587712345E-003
          11          29  -5.9969932665605036E-016
          11          30  -7.6978354246476177E-018
          11          31  -1.4879549276344027E-018
          11          32  -3.7404974950731815E-018
          11          33   1.2150023587712707E-003
          11          34  -2.7935824226804895E-016
          11          35  -9.8662397696164602E-018
          12           1  -2.4147731587600367E-015
          12           2  -1.5817094053004989E-015
          12           3  -2.4659094211009043E-015
          12           4   1.3367151875965022E-002
          12           5   1.2923689896027114E-015
          12           6  -2.6408121387618288E-015
          12           7   4.2142260818152921E-016
          12           8  -1.1348970429667534E-003
          12           9  -1.3238108526047588E-016
          12          10  -6.1617939763501176E-016
          12          11  -4.3376557228894729E-017
          12          12   1.0836211796408424E-004
          12          13  -5.6920614055539750E-019
          12          14   3.6751142724207480E-017
          12          15  -1.2811091041438494E-017
          12          16   1.7911632633431314E-017
          12          17  -6.1761386029563340E-018
          12          18   1.2302848260270014E-017
          12          19   3.7598672419047786E-017
          12          20   3.8172981910592519E-016
          12          21  -1.7523660324768636E-017
          12          22   4.5973410968741932E-016
          12          23  -9.1604130328848632E-018
          12          24  -1.9901961014005640E-017
          12          25   3.9301720833132976E-016
          12          26  -5.9284174791504740E-016
          12          27   1.2150023587724739E-003
          12          28  -2.6625294850811577E-016
          12          29   2.7168278670378328E-003
          12          30   1.1308228659023959E-016
          12          31  -7.5045173608178303E-018
          12          32   1.1427490897996716E-016
          12          33  -2.7439801732891470E-016
          12          34   1.2150023587724824E-003
          12          35   2.6844845790740636E-016
          13           1  -6.5970685515328287E-016
          13           2  -5.5631649916968522E-016
          13           3   8.9218996773830996E-016
          13           4  -1.3227266504323111E-015
          13           5   1.3367151875959774E-002
          13           6   5.0289785706071624E-016
          13           7  -5.7049363063470872E-017
          13           8   2.0925101928974981E-017
          13           9  -1.1348970429660731E-003
          13          10   1.4608070922681388E-016
          13          11   6.1740231525367785E-018
          13          12  -5.6920614055539750E-019
          13          13   1.0836211796399974E-004
          13          14  -2.2893786486088655E-017
          13          15   1.2114410781766180E-017
          13          16  -3.5633148050598053E-017
          13          17   2.0306027266368886E-018
          13          18  -2.0808586900638552E-018
          13          19  -3.4750065392391886E-017
          13          20  -8.3962724295213267E-017
          13          21  -4.8234186599378343E-019
          13          22  -1.1371221431446027E-016
          13          23   5.4455727743730952E-018
          13          24   1.3486905169093722E-018
          13          25  -1.0509157836586317E-016
          13          26   1.6729239521451092E-016
          13          27  -1.1178124398325639E-016
          13          28   8.1457464471550458E-017
          13          29  -2.1900883884207333E-016
          13          30   1.2150023587719364E-003
          13          31   8.9584185447413050E-019
          13          32   1.2150023587719524E-003
          13          33   7.4213638706631829E-017
          13          34  -9.5084530526979417E-017
          13          35   2.7168278670366419E-003
          14           1   2.2280673954447466E-002
          14           2   1.9564047507566129E-002
          14           3  -4.3741984454035909E-015
          14           4   6.7825833200561062E-015
          14           5  -4.6374201531963791E-016
          14           6  -2.8962308932988817E-002
          14           7   2.8996789295677309E-016
          14           8  -5.0712349132088961E-016
          14           9   5.2998392109199544E-017
          14          10  -7.8096499810526169E-003
          14          11  -3.5659754512807114E-017
          14          12   3.6751142724207480E-017
          14          13  -2.2893786486088655E-017
          14          14   9.1694272910751451E-004
          14          15   1.7896951231700854E-018
          14          16   9.1694272910765784E-004
          14          17   5.6482536078332904E-020
          14          18   2.6588199520803234E-017
          14          19   9.1694272910760623E-004
          14          20   5.5457356492487420E-003
          14          21   3.7047236721429216E-017
          14          22   5.5457356492486318E-003
          14          23   5.0801299552572998E-018
          14          24  -1.5032705758543576E-017
          14          25   5.5457356492486214E-003
          14          26  -8.3101667559198888E-016
          14          27   5.8542311725681557E-016
          14          28  -3.8112100943432006E-016
          14          29   1.3579374839499368E-015
          14          30  -3.1537343620043339E-017
          14          31   2.6846720846237045E-017
          14          32  -3.5198399120012209E-017
          14          33  -3.6473350806676478E-016
          14          34   6.2726260620168709E-016
          14          35  -1.2681657071798011E-016
          15           1  -5.0014858208162378E-016
          15           2  -2.9452420697562274E-016
          15           3   2.0894879533612680E-015
          15           4  -1.5803290196351124E-015
          15           5   1.4943891080219867E-015
          15           6  -1.0129346023315875E-015
          15           7  -1.7740156778246856E-016
          15           8   1.3417298972436310E-016
          15           9  -1.2687652504233078E-016
          15          10  -2.2789430212021762E-016
          15          11   1.6938637503895878E-017
          15          12  -1.2811091041438494E-017
          15          13   1.2114410781766180E-017
          15          14   1.7896951231700854E-018
          15          15   6.9946405846151968E-030
          15          16   1.7896951231717433E-018
          15          17  -1.8919294629040862E-030
          15          18  -4.5620271953113607E-030
          15          19   1.7896951231702087E-018
          15          20   1.5946628803940621E-016
          15          21   4.8186985195102205E-030
          15          22   1.5946628803938829E-016
          15          23   2.3197085610261431E-030
          15          24   5.4745788634974958E-030
          15          25   1.5946628803940042E-016
          15          26   4.2468127482998706E-016
          15          27  -1.4364342563845765E-016
          15          28   1.8992323985822128E-016
          15          29  -3.2119646424851830E-016
          15          30   1.3583194894607784E-016
          15          31   1.1354794365561700E-030
          15          32   1.3583194894607547E-016
          15          33   1.8992323985822537E-016
          15          34  -1.4364342563845686E-016
          15          35   3.0372947135970719E-016
          16           1   2.2280673954451005E-002
          16           2   1.9564047507569224E-002
          16           3  -3.7934359186531962E-015
          16           4   4.4586107235111118E-015
          16           5  -2.0352227507933084E-015
          16           6  -2.8962308932993234E-002
          16           7   2.4066003138753558E-016
          16           8  -3.0981372389785267E-016
          16           9   1.8642014539792903E-016
          16          10  -7.8096499810538138E-003
          16          11  -3.0951746552935582E-017
          16          12   1.7911632633431314E-017
          16          13  -3.5633148050598053E-017
          16          14   9.1694272910765784E-004
          16          15   1.7896951231717433E-018
          16          16   9.1694272910780106E-004
          16          17   5.6482536078745823E-020
          16          18   2.6588199520804648E-017
          16          19   9.1694272910774945E-004
          16          20   5.5457356492495929E-003
          16          21   3.7047236721437154E-017
          16          22   5.5457356492494810E-003
          16          23   5.0801299552586741E-018
          16          24  -1.5032705758542085E-017
          16          25   5.5457356492494723E-003
          16          26  -7.1297867980592271E-016
          16          27   3.7418648190430334E-016
          16          28  -3.2833281293322776E-016
          16          29   8.8559800796339326E-016
          16          30  -1.7437650772043934E-016
          16          31   2.6846720846242339E-017
          16          32  -1.7803756322041024E-016
          16          33  -3.1194531156566582E-016
          16          34   4.1602597084917939E-016
          16          35  -4.4621465149572451E-016
          17           1   3.4718494848927570E-016
          17           2   2.1284498539016349E-016
          17           3  -1.5083124492640080E-015
          17           4  -7.6186571713261562E-016
          17           5   2.5048767555205362E-016
          17           6   6.0659539335920529E-016
          17           7   1.2805864363790755E-016
          17           8   6.4683872640549194E-017
          17           9  -2.1266888034293536E-017
          17          10   1.3478863656247181E-016
          17          11  -1.2227281702960222E-017
          17          12  -6.1761386029563340E-018
          17          13   2.0306027266368886E-018
          17          14   5.6482536078332904E-020
          17          15  -1.8919294629040862E-030
          17          16   5.6482536078745823E-020
          17          17   2.3663768919376689E-030
          17          18   1.3812927020570409E-030
          17          19   5.6482536077087983E-020
          17          20  -9.4211130228916243E-017
          17          21  -6.0123417063291303E-031
          17          22  -9.4211130228917352E-017
          17          23   2.9833836694265264E-031
          17          24  -9.4154309457672754E-031
          17          25  -9.4211130228915799E-017
          17          26  -3.0655934281168098E-016
          17          27  -6.9249504454907105E-017
          17          28  -1.3709750593291307E-016
          17          29  -1.5484659936934987E-016
          17          30   2.2767985241970551E-017
          17          31   4.0522648129398104E-031
          17          32   2.2767985241973269E-017
          17          33  -1.3709750593291569E-016
          17          34  -6.9249504454907450E-017
          17          35   5.0910762711758718E-017
          18           1   6.1541021669385312E-016
          18           2   5.4853049804337663E-016
          18           3  -2.3752884292948805E-015
          18           4   1.5176340615310623E-015
          18           5  -2.5668706615437430E-016
          18           6  -8.9373493174243590E-016
          18           7   2.0166658085518794E-016
          18           8  -1.2885006654516099E-016
          18           9   2.1793228284491975E-017
          18          10  -2.3844350144249389E-016
          18          11  -1.9255506884500602E-017
          18          12   1.2302848260270014E-017
          18          13  -2.0808586900638552E-018
          18          14   2.6588199520803234E-017
          18          15  -4.5620271953113607E-030
          18          16   2.6588199520804648E-017
          18          17   1.3812927020570409E-030
          18          18   5.6340367501738304E-030
          18          19   2.6588199520804793E-017
          18          20   1.6918856021080627E-016
          18          21   1.2297647643241377E-030
          18          22   1.6918856021082069E-016
          18          23  -3.0081413184857583E-032
          18          24  -5.2200769528604935E-030
          18          25   1.6918856021080869E-016
          18          26  -4.8276924335416744E-016
          18          27   1.3794479045526958E-016
          18          28  -2.1590096911720705E-016
          18          29   3.0845392859993380E-016
          18          30  -2.3331476573159730E-017
          18          31   1.9215270992814296E-031
          18          32  -2.3331476573160957E-017
          18          33  -2.1590096911721390E-016
          18          34   1.3794479045526746E-016
          18          35  -5.2170767633030480E-017
          19           1   2.2280673954449652E-002
          19           2   1.9564047507568062E-002
          19           3  -3.3802889760901834E-015
          19           4   6.8871314625548445E-015
          19           5  -1.9262889256423621E-015
          19           6  -2.8962308932991787E-002
          19           7   2.0558305704211803E-016
          19           8  -5.1599983078872940E-016
          19           9   1.7717145299209177E-016
          19          10  -7.8096499810534140E-003
          19          11  -2.7602530643530492E-017
          19          12   3.7598672419047786E-017
          19          13  -3.4750065392391886E-017
          19          14   9.1694272910760623E-004
          19          15   1.7896951231702087E-018
          19          16   9.1694272910774945E-004
          19          17   5.6482536077087983E-020
          19          18   2.6588199520804793E-017
          19          19   9.1694272910769795E-004
          19          20   5.5457356492493084E-003
          19          21   3.7047236721432384E-017
          19          22   5.5457356492491974E-003
          19          23   5.0801299552568745E-018
          19          24  -1.5032705758544260E-017
          19          25   5.5457356492491861E-003
          19          26  -6.2900797780810630E-016
          19          27   5.9492598225901356E-016
          19          28  -2.9077997337612920E-016
          19          29   1.3791865360758616E-015
          19          30  -1.6447500770483247E-016
          19          31   2.6846720846239486E-017
          19          32  -1.6813606320480356E-016
          19          33  -2.7439247200856905E-016
          19          34   6.3676547120388883E-016
          19          35  -4.2407422438160670E-016
          20           1   7.9950332930344425E-002
          20           2   8.4783822480586649E-002
          20           3   3.3511884818378702E-015
          20           4  -2.6659928697716264E-015
          20           5  -1.8541455045689975E-015
          20           6 -0.27158284974147529     
          20           7  -2.6172466253536098E-016
          20           8  -3.7720849979295117E-015
          20           9   4.3464609748745256E-016
          20          10  -6.8671033755881114E-002
          20          11  -1.9812586811242795E-016
          20          12   3.8172981910592519E-016
          20          13  -8.3962724295213267E-017
          20          14   5.5457356492487420E-003
          20          15   1.5946628803940621E-016
          20          16   5.5457356492495929E-003
          20          17  -9.4211130228916243E-017
          20          18   1.6918856021080627E-016
          20          19   5.5457356492493084E-003
          20          20   4.8525842951650786E-002
          20          21   6.6659335179291009E-016
          20          22   4.8525842951650307E-002
          20          23   1.7180371883600102E-016
          20          24  -1.3872643313948096E-017
          20          25   4.8525842951650223E-002
          20          26   8.4088676835300618E-016
          20          27   7.3262789343215297E-016
          20          28   3.6847054129397934E-016
          20          29   1.2848360476471300E-015
          20          30   2.7757803837308421E-017
          20          31   1.9546715359536881E-016
          20          32  -4.5902038950190656E-016
          20          33   2.8354555456985792E-016
          20          34   6.3772393286455276E-016
          20          35  -6.2660199648382606E-016
          21           1  -7.1827746038514928E-016
          21           2  -2.0007798535121336E-016
          21           3  -1.3108479303467241E-015
          21           4  -2.1616542144539852E-015
          21           5  -5.9499916576356954E-017
          21           6  -4.0175225648629190E-015
          21           7   1.1129352413530549E-016
          21           8   1.8352862290057223E-016
          21           9   5.0516579751624936E-018
          21          10  -9.4862720457859297E-016
          21          11  -1.0626516357350669E-017
          21          12  -1.7523660324768636E-017
          21          13  -4.8234186599378343E-019
          21          14   3.7047236721429216E-017
          21          15   4.8186985195102205E-030
          21          16   3.7047236721437154E-017
          21          17  -6.0123417063291303E-031
          21          18   1.2297647643241377E-030
          21          19   3.7047236721432384E-017
          21          20   6.6659335179291009E-016
          21          21   1.8443547543705536E-029
          21          22   6.6659335179290338E-016
          21          23   6.3189113780818544E-030
          21          24   3.4776196472026406E-030
          21          25   6.6659335179291088E-016
          21          26  -2.6642535520357307E-016
          21          27  -1.9648276564688609E-016
          21          28  -1.1914904103293940E-016
          21          29  -4.3934882039362103E-016
          21          30  -5.4082230573709268E-018
          21          31   3.4175929356378308E-030
          21          32  -5.4082230573854429E-018
          21          33  -1.1914904103294635E-016
          21          34  -1.9648276564689817E-016
          21          35  -1.2093154393778913E-017
          22           1   7.9950332930341025E-002
          22           2   8.4783822480583831E-002
          22           3  -2.2574145880169517E-015
          22           4   6.9563291996912715E-015
          22           5  -5.5239330538639441E-015
          22           6 -0.27158284974147312     
          22           7   2.1445658371756871E-016
          22           8  -4.5890387487688022E-015
          22           9   7.4621815686524254E-016
          22          10  -6.8671033755880462E-002
          22          11  -2.4359255489122507E-016
          22          12   4.5973410968741932E-016
          22          13  -1.1371221431446027E-016
          22          14   5.5457356492486318E-003
          22          15   1.5946628803938829E-016
          22          16   5.5457356492494810E-003
          22          17  -9.4211130228917352E-017
          22          18   1.6918856021082069E-016
          22          19   5.5457356492491974E-003
          22          20   4.8525842951650307E-002
          22          21   6.6659335179290338E-016
          22          22   4.8525842951649828E-002
          22          23   1.7180371883599621E-016
          22          24  -1.3872643313965966E-017
          22          25   4.8525842951649745E-002
          22          26  -2.9904260902857908E-016
          22          27   1.6072453227655967E-015
          22          28  -1.4132137418085674E-016
          22          29   3.2405400739427706E-015
          22          30  -3.0580618720286640E-016
          22          31   1.9546715359536095E-016
          22          32  -7.9258438054209205E-016
          22          33  -2.2624636090500208E-016
          22          34   1.5123413621979797E-015
          22          35  -1.3724737552957784E-015
          23           1  -3.9253288578043396E-016
          23           2  -2.0738966754617392E-016
          23           3  -6.1665627094284885E-016
          23           4  -1.1299948225246759E-015
          23           5   6.7174580650783612E-016
          23           6  -1.0682006005725665E-015
          23           7   5.2355309860549528E-017
          23           8   9.5938745557026916E-017
          23           9  -5.7032517959312748E-017
          23          10  -2.4509876944867754E-016
          23          11  -4.9989840913905830E-018
          23          12  -9.1604130328848632E-018
          23          13   5.4455727743730952E-018
          23          14   5.0801299552572998E-018
