           1           1   5.6830755900210882E-002
           1           2  0.11967742486276280     
           1           3   9.1591188156642772E-002
           1           4   1.3401521622032784E-016
           1           5  -1.9766927701402839E-017
           1           6   4.5772566445248937E-017
           1           7  -2.3672887749800774E-016
           1           8   4.4258252440618893E-017
           1           9  -6.6734539796842615E-017
           1          10   1.0291569751492981E-004
           1          11   1.7580270509802575E-017
           1          12   1.0291569751479748E-004
           1          13  -7.3384830525403391E-017
           1          14   8.0670076584132943E-017
           1          15   1.0291569751487687E-004
           2           1  0.11967742486276280     
           2           2  0.25202350021406433     
           2           3  0.19287791205795154     
           2           4   2.8221683339629272E-016
           2           5  -4.1626316019905774E-017
           2           6   9.6390463134888016E-017
           2           7  -4.9851707936738650E-016
           2           8   9.3201534928021272E-017
           2           9  -1.4053337397643254E-016
           2          10   2.1672570532351712E-004
           2          11   3.7021529446102878E-017
           2          12   2.1672570532323845E-004
           2          13  -1.5453793288781430E-016
           2          14   1.6987961669950382E-016
           2          15   2.1672570532340566E-004
           3           1   9.1591188156642772E-002
           3           2  0.19287791205795154     
           3           3  0.14761277788871380     
           3           4   2.1598538837389745E-016
           3           5  -3.1857334390500754E-017
           3           6   7.3769276499869185E-017
           3           7  -3.8152368057716452E-016
           3           8   7.1328734987983465E-017
           3           9  -1.0755260411830801E-016
           3          10   1.6586390355098361E-004
           3          11   2.8333212159545300E-017
           3          12   1.6586390355077032E-004
           3          13  -1.1827053351705679E-016
           3          14   1.3001178756097955E-016
           3          15   1.6586390355089828E-004
           4           1   1.3401521622032784E-016
           4           2   2.8221683339629272E-016
           4           3   2.1598538837389745E-016
           4           4   3.1602743785631359E-031
           4           5  -4.6613300279985536E-032
           4           6   1.0793839166754065E-031
           4           7  -5.5824124104907929E-031
           4           8   1.0436741824757929E-031
           4           9  -1.5736978399410574E-031
           4          10   2.4269023412511034E-019
           4          11   4.1456843504245956E-032
           4          12   2.4269023412479829E-019
           4          13  -1.7305214006695194E-031
           4          14   1.9023181347290272E-031
           4          15   2.4269023412498549E-019
           5           1  -1.9766927701402839E-017
           5           2  -4.1626316019905774E-017
           5           3  -3.1857334390500754E-017
           5           4  -4.6613300279985536E-032
           5           5   6.8753516394990805E-033
           5           6  -1.5920657701959862E-032
           5           7   8.2339263875953558E-032
           5           8  -1.5393947561075870E-032
           5           9   2.3211671258901618E-032
           5          10  -3.5796236032635854E-020
           5          11  -6.1147864502904216E-033
           5          12  -3.5796236032589824E-020
           5          13   2.5524781720701451E-032
           5          14  -2.8058742950826541E-032
           5          15  -3.5796236032617443E-020
           6           1   4.5772566445248937E-017
           6           2   9.6390463134888016E-017
           6           3   7.3769276499869185E-017
           6           4   1.0793839166754065E-031
           6           5  -1.5920657701959862E-032
           6           6   3.6866091358410989E-032
           6           7  -1.9066591853561017E-031
           6           8   3.5646434197460887E-032
           6           9  -5.3749261445821335E-032
           6          10   8.2890250677517130E-020
           6          11   1.4159482612695686E-032
           6          12   8.2890250677410542E-020
           6          13  -5.9105531469534691E-032
           6          14   6.4973206534049352E-032
           6          15   8.2890250677474495E-020
           7           1  -2.3672887749800774E-016
           7           2  -4.9851707936738650E-016
           7           3  -3.8152368057716452E-016
           7           4  -5.5824124104907929E-031
           7           5   8.2339263875953558E-032
           7           6  -1.9066591853561017E-031
           7           7   9.8609565461118208E-031
           7           8  -1.8435803385561330E-031
           7           9   2.7798315271738375E-031
           7          10  -4.2869599680167960E-019
           7          11  -7.3230729346703068E-032
           7          12  -4.2869599680112835E-019
           7          13   3.0568498131829023E-031
           7          14  -3.3603172041160986E-031
           7          15  -4.2869599680145908E-019
           8           1   4.4258252440618893E-017
           8           2   9.3201534928021272E-017
           8           3   7.1328734987983465E-017
           8           4   1.0436741824757929E-031
           8           5  -1.5393947561075870E-032
           8           6   3.5646434197460887E-032
           8           7  -1.8435803385561330E-031
           8           8   3.4467127492321104E-032
           8           9  -5.1971050922203706E-032
           8          10   8.0147955953921014E-020
           8          11   1.3691038204091933E-032
           8          12   8.0147955953817952E-020
           8          13  -5.7150117102230669E-032
           8          14   6.2823669284528497E-032
           8          15   8.0147955953879787E-020
           9           1  -6.6734539796842615E-017
           9           2  -1.4053337397643254E-016
           9           3  -1.0755260411830801E-016
           9           4  -1.5736978399410574E-031
           9           5   2.3211671258901618E-032
           9           6  -5.3749261445821335E-032
           9           7   2.7798315271738375E-031
           9           8  -5.1971050922203706E-032
           9           9   7.8364236606605570E-032
           9          10  -1.2085061341766202E-019
           9          11  -2.0643949625370463E-032
           9          12  -1.2085061341750662E-019
           9          13   8.6173460401991784E-032
           9          14  -9.4728291942324580E-032
           9          15  -1.2085061341759986E-019
          10           1   1.0291569751492981E-004
          10           2   2.1672570532351712E-004
          10           3   1.6586390355098361E-004
          10           4   2.4269023412511034E-019
          10           5  -3.5796236032635854E-020
          10           6   8.2890250677517130E-020
          10           7  -4.2869599680167960E-019
          10           8   8.0147955953921014E-020
          10           9  -1.2085061341766202E-019
          10          10   1.8637163323293450E-007
          10          11   3.1836384601225565E-020
          10          12   1.8637163323269484E-007
          10          13  -1.3289372806862098E-019
          10          14   1.4608669317748845E-019
          10          15   1.8637163323283863E-007
          11           1   1.7580270509802575E-017
          11           2   3.7021529446102878E-017
          11           3   2.8333212159545300E-017
          11           4   4.1456843504245956E-032
          11           5  -6.1147864502904216E-033
          11           6   1.4159482612695686E-032
          11           7  -7.3230729346703068E-032
          11           8   1.3691038204091933E-032
          11           9  -2.0643949625370463E-032
          11          10   3.1836384601225565E-020
          11          11   5.4383565078832115E-033
          11          12   3.1836384601184627E-020
          11          13  -2.2701179168159219E-032
          11          14   2.4954828524290053E-032
          11          15   3.1836384601209189E-020
          12           1   1.0291569751479748E-004
          12           2   2.1672570532323845E-004
          12           3   1.6586390355077032E-004
          12           4   2.4269023412479829E-019
          12           5  -3.5796236032589824E-020
          12           6   8.2890250677410542E-020
          12           7  -4.2869599680112835E-019
          12           8   8.0147955953817952E-020
          12           9  -1.2085061341750662E-019
          12          10   1.8637163323269484E-007
          12          11   3.1836384601184627E-020
          12          12   1.8637163323245518E-007
          12          13  -1.3289372806845010E-019
          12          14   1.4608669317730060E-019
          12          15   1.8637163323259899E-007
          13           1  -7.3384830525403391E-017
          13           2  -1.5453793288781430E-016
          13           3  -1.1827053351705679E-016
          13           4  -1.7305214006695194E-031
          13           5   2.5524781720701451E-032
          13           6  -5.9105531469534691E-032
          13           7   3.0568498131829023E-031
          13           8  -5.7150117102230669E-032
          13           9   8.6173460401991784E-032
          13          10  -1.3289372806862098E-019
          13          11  -2.2701179168159219E-032
          13          12  -1.3289372806845010E-019
          13          13   9.4760896031337029E-032
          13          14  -1.0416824138311242E-031
          13          15  -1.3289372806855264E-019
          14           1   8.0670076584132943E-017
          14           2   1.6987961669950382E-016
          14           3   1.3001178756097955E-016
          14           4   1.9023181347290272E-031
          14           5  -2.8058742950826541E-032
          14           6   6.4973206534049352E-032
          14           7  -3.3603172041160986E-031
          14           8   6.2823669284528497E-032
          14           9  -9.4728291942324580E-032
          14          10   1.4608669317748845E-019
          14          11   2.4954828524290053E-032
          14          12   1.4608669317730060E-019
          14          13  -1.0416824138311242E-031
          14          14   1.1450949671541719E-031
          14          15   1.4608669317741331E-019
          15           1   1.0291569751487687E-004
          15           2   2.1672570532340566E-004
          15           3   1.6586390355089828E-004
          15           4   2.4269023412498549E-019
          15           5  -3.5796236032617443E-020
          15           6   8.2890250677474495E-020
          15           7  -4.2869599680145908E-019
          15           8   8.0147955953879787E-020
          15           9  -1.2085061341759986E-019
          15          10   1.8637163323283863E-007
          15          11   3.1836384601209189E-020
          15          12   1.8637163323259899E-007
          15          13  -1.3289372806855264E-019
          15          14   1.4608669317741331E-019
          15          15   1.8637163323274278E-007
