           1           1  0.33032190642392595     
           1           2  0.62125207891388190     
           1           3 -0.12685163105117175     
           1           4 -0.17857204399541571     
           1           5   4.8179826011435514E-002
           1           6   2.0645689803122841E-002
           1           7  -6.8613252027201373E-003
           1           8  -2.9190531172679592E-003
           1           9   1.4264914457329476E-010
           1          10   7.3115536724338769E-012
           1          11  -7.0514985564879688E-011
           1          12   1.3893738468468362E-009
           1          13   1.5909274393523186E-010
           1          14  -6.1302081312182834E-010
           1          15  -1.0908900696848283E-009
           1          16  -2.1205224956736774E-011
           1          17   3.3693972861427216E-010
           1          18  -2.4957445589196793E-009
           1          19  -3.6807451616594365E-010
           1          20   1.4057188187893121E-009
           1          21  -1.5535659294430261E-009
           1          22  -8.8717039703271498E-011
           1          23   2.7208581694584624E-010
           1          24  -5.9203669393923290E-011
           1          25   2.0682812980730377E-011
           1          26  -4.5482920226170042E-010
           1          27   7.7220774093954677E-011
           1          28   4.4589506450057905E-012
           1          29  -8.7179301580352225E-011
           1          30   4.6637424152598250E-003
           1          31  -6.1352662193798914E-010
           1          32   4.6637431723093991E-003
           1          33   3.5832663607628688E-010
           1          34  -3.8852758092088686E-010
           1          35   4.6637432447574657E-003
           1          36   8.2187794599210603E-003
           1          37  -3.7179633700072399E-010
           1          38   8.2187799120793832E-003
           1          39   2.2557032365486417E-010
           1          40  -2.4290517889981626E-010
           1          41   8.2187799671099657E-003
           1          42   1.1013266966439237E-003
           1          43  -5.6478666138892805E-010
           1          44   1.1013276952560260E-003
           1          45   4.9668357353747859E-010
           1          46  -5.4821830195676881E-010
           1          47   1.1013278243306372E-003
           1          48   1.9210106077930811E-010
           1          49  -3.4539786308345981E-011
           1          50   9.0617591606936128E-011
           1          51   1.2313662833894316E-011
           1          52  -9.3846075915322077E-011
           1          53   1.4098641081044836E-012
           1          54  -6.3383814490826225E-011
           1          55   4.5953059035183884E-011
           1          56   1.5000173636300711E-011
           1          57  -3.9396995993421651E-011
           2           1  0.62125207891388190     
           2           2   1.2027584858314262     
           2           3 -0.38870791116417291     
           2           4 -0.50535474014347515     
           2           5  0.14103835693577871     
           2           6   6.0231374984136055E-002
           2           7  -2.1091361957347649E-002
           2           8  -8.8654708102890740E-003
           2           9   3.7167487761639474E-010
           2          10  -2.6297707744296350E-011
           2          11  -2.0734419657499651E-010
           2          12   3.6789925915004304E-009
           2          13  -6.6807344717082063E-011
           2          14  -1.8869756821827748E-009
           2          15  -3.4475026399678596E-009
           2          16   9.3629078450685752E-011
           2          17   1.1693985064276153E-009
           2          18  -7.7478400609549422E-009
           2          19  -7.4525402907651039E-010
           2          20   4.5316849134450228E-009
           2          21  -4.8623461649751466E-009
           2          22  -1.6588026473443004E-012
           2          23   1.0100705935239918E-009
           2          24  -1.8602457829045753E-010
           2          25   8.1470721255731313E-011
           2          26  -1.3754859826574793E-009
           2          27   2.3717279838442463E-010
           2          28   8.9317639418919245E-012
           2          29  -2.6915432585439638E-010
           2          30   1.7385347437366763E-002
           2          31  -1.8698156673463790E-009
           2          32   1.7385349747059610E-002
           2          33   1.0921932183994444E-009
           2          34  -1.1814223598833433E-009
           2          35   1.7385349963943347E-002
           2          36   2.5701215812886279E-002
           2          37  -1.1401160335264133E-009
           2          38   2.5701217196218568E-002
           2          39   6.9071778046039457E-010
           2          40  -7.4566747394057777E-010
           2          41   2.5701217366741625E-002
           2          42   3.4361888442813286E-003
           2          43  -1.7217132021356050E-009
           2          44   3.4361918909713287E-003
           2          45   1.5150654494609103E-009
           2          46  -1.6716896552029978E-009
           2          47   3.4361922840198443E-003
           2          48   5.5675082419832904E-010
           2          49  -9.7563765580677784E-011
           2          50   2.6377766006627688E-010
           2          51   5.6333951872114447E-011
           2          52  -2.8135918026982711E-010
           2          53   3.1734321136589501E-012
           2          54  -1.8464271702128561E-010
           2          55   1.2798816666538437E-010
           2          56   5.5093897747422101E-011
           2          57  -9.7765115704824179E-011
           3           1 -0.12685163105117175     
           3           2 -0.38870791116417291     
           3           3  0.70723236728508321     
           3           4  0.82279952134433565     
           3           5 -0.28415796990239200     
           3           6 -0.11933351352950736     
           3           7   4.5274922003391831E-002
           3           8   1.9128123870766064E-002
           3           9  -1.3619455777506438E-009
           3          10  -2.8462152006207401E-010
           3          11   4.3681969807051789E-010
           3          12  -1.3555989140673656E-008
           3          13  -2.9805380391413721E-009
           3          14   4.2394458205389002E-009
           3          15   8.8093115817508734E-009
           3          16   1.1367977264790723E-009
           3          17  -2.4564607147209237E-009
           3          18   1.9964589009079431E-008
           3          19   4.5695088391257128E-009
           3          20  -9.3384837837713857E-009
           3          21   1.2921641823906687E-008
           3          22   1.9361814733577527E-009
           3          23  -2.1486968200409555E-009
           3          24   5.5678297351415349E-010
           3          25  -2.6308237586925765E-011
           3          26   2.9625209867053358E-009
           3          27  -5.4537417407762727E-010
           3          28  -5.8879953580126592E-011
           3          29   5.7903339008986430E-010
           3          30  -4.1913693293676016E-002
           3          31   3.8769462044294612E-009
           3          32  -4.1913698139034096E-002
           3          33  -2.2831583708798098E-009
           3          34   2.4442282496953314E-009
           3          35  -4.1913698573277189E-002
           3          36  -5.3537539811924481E-002
           3          37   2.4458156042591894E-009
           3          38  -5.3537542786018459E-002
           3          39  -1.4874327763032083E-009
           3          40   1.6111547679524924E-009
           3          41  -5.3537543170248780E-002
           3          42  -7.2878250460466087E-003
           3          43   3.7186628821089690E-009
           3          44  -7.2878316119340614E-003
           3          45  -3.2680553300663921E-009
           3          46   3.6021345923611798E-009
           3          47  -7.2878324597981598E-003
           3          48  -8.8052132598118239E-010
           3          49   1.9915175073003587E-010
           3          50  -4.2470758994010958E-010
           3          51  -1.2691060393806381E-010
           3          52   5.6527427204712245E-010
           3          53  -2.5022745809059369E-012
           3          54   3.5433109087823648E-010
           3          55  -1.4719807164400963E-010
           3          56  -1.2121878511797724E-010
           3          57   1.3176352345053919E-010
           4           1 -0.17857204399541571     
           4           2 -0.50535474014347515     
           4           3  0.82279952134433565     
           4           4   1.0135834569740825     
           4           5 -0.55071846787570511     
           4           6 -0.22552831811923540     
           4           7   8.3505996611939567E-002
           4           8   3.6348824798989307E-002
           4           9  -2.9231336704013323E-010
           4          10  -1.0586396515481067E-010
           4          11   1.0470106861020512E-010
           4          12  -2.3538408610998519E-009
           4          13  -1.0367068113975687E-009
           4          14   6.9691400910882622E-010
           4          15  -1.2697474946722282E-009
           4          16  -1.9333833478944511E-009
           4          17   1.4374430355752430E-009
           4          18  -1.0014979422992530E-009
           4          19  -2.3229514390036956E-010
           4          20  -3.8256877164697545E-009
           4          21  -5.8612294398782771E-010
           4          22  -2.2271531535446466E-009
           4          23   4.3592936405701986E-009
           4          24  -7.7280633605183682E-010
           4          25  -4.6164478107572338E-010
           4          26   6.0930927058614731E-009
           4          27  -5.5020113131848163E-010
           4          28  -1.3110275602277963E-011
           4          29   9.4517968869553070E-010
           4          30  -6.0102317600581212E-002
           4          31   6.8618161835051118E-009
           4          32  -6.0102326326644029E-002
           4          33  -4.0906851250378478E-009
           4          34   4.3245850519308976E-009
           4          35  -6.0102327060332070E-002
           4          36  -8.9062592692220693E-002
           4          37   4.5534348895820101E-009
           4          38  -8.9062598247698688E-002
           4          39  -2.7861662558696883E-009
           4          40   3.0251246142612069E-009
           4          41  -8.9062599006554319E-002
           4          42  -1.2832555520793956E-002
           4          43   7.0200969010424449E-009
           4          44  -1.2832567872830897E-002
           4          45  -6.1553096760473556E-009
           4          46   6.7757242134157747E-009
           4          47  -1.2832569472732256E-002
           4          48  -1.6445658551971915E-009
           4          49   2.5203669920114027E-010
           4          50  -7.8923908093176818E-010
           4          51  -4.6908740612514399E-010
           4          52   1.0522344092046398E-009
           4          53   3.0486169553664989E-012
           4          54   6.5733262666366892E-010
           4          55  -3.0378194868917822E-010
           4          56  -3.2715878049736264E-010
           4          57   2.9206565696607947E-010
           5           1   4.8179826011435514E-002
           5           2  0.14103835693577871     
           5           3 -0.28415796990239200     
           5           4 -0.55071846787570511     
           5           5   1.0309419370787580     
           5           6  0.41034025373474758     
           5           7 -0.18504716716697889     
           5           8  -9.3893173433587149E-002
           5           9   3.1714113910746926E-009
           5          10   1.7407809965667533E-009
           5          11  -1.2151271901857936E-010
           5          12   2.9921724584606582E-008
           5          13   1.6710414833742946E-008
           5          14  -7.3297845260553436E-010
           5          15   1.7255552182146773E-009
           5          16   6.7660149134137939E-011
           5          17  -4.9560867500994041E-009
           5          18  -2.0834016998203407E-009
           5          19  -7.2459611714936770E-009
           5          20   1.0243256530635213E-009
           5          21  -2.8177061703659285E-009
           5          22  -1.4265453741128562E-009
           5          23  -1.0710280201690841E-008
           5          24   1.9997406028407812E-009
           5          25   4.3090883761451660E-010
           5          26  -1.4491233710850562E-008
           5          27   1.1981770112541028E-009
           5          28   2.6378118568134795E-010
           5          29  -2.3699876332925614E-009
           5          30   6.4675695963564706E-002
           5          31  -1.3021442147095864E-008
           5          32   6.4675713558945025E-002
           5          33   8.2324583512522127E-009
           5          34  -8.4624522867088522E-009
           5          35   6.4675715097224279E-002
           5          36  0.13488185796610797     
           5          37  -9.9464029372020125E-009
           5          38  0.13488187090894324     
           5          39   6.4318126093899351E-009
           5          40  -6.8443833562472159E-009
           5          41  0.13488187281733813     
           5          42   2.0763566832494265E-002
           5          43  -1.7800035477839881E-008
           5          44   2.0763597338766079E-002
           5          45   1.5330798399283144E-008
           5          46  -1.6852868845856531E-008
           5          47   2.0763601436437892E-002
           5          48   1.5025861101484278E-009
           5          49  -3.9816887748009183E-010
           5          50   7.4869092428480508E-010
           5          51   8.3781441433706990E-010
           5          52  -1.7360367433407121E-009
           5          53  -7.1228384909662482E-012
           5          54  -1.0883567152708486E-009
           5          55  -3.7341673904085533E-011
           5          56   5.6239444728038486E-010
           5          57  -4.9042558626073866E-010
           6           1   2.0645689803122841E-002
           6           2   6.0231374984136055E-002
           6           3 -0.11933351352950736     
           6           4 -0.22552831811923540     
           6           5  0.41034025373474758     
           6           6  0.16397221967219472     
           6           7  -8.8587442648056597E-002
           6           8  -4.8077593396808532E-002
           6           9   7.5352964580332558E-009
           6          10   1.7625449059045772E-009
           6          11  -2.6464011047007105E-009
           6          12   7.7453617744974517E-008
           6          13   1.8080803677107122E-008
           6          14  -2.7242544896453870E-008
           6          15  -6.0030157267326155E-008
           6          16  -1.2996775732696733E-008
           6          17   2.1097457446242705E-008
           6          18  -1.2873641174689182E-007
           6          19  -2.9799698432605007E-008
           6          20   4.9624316708064979E-008
           6          21  -8.5534526510643824E-008
           6          22  -1.8460063142404749E-008
           6          23   2.8014834781167463E-008
           6          24  -4.9337564625712037E-009
           6          25  -1.0821011565102073E-009
           6          26  -4.8231757992920850E-009
           6          27   2.0822494283435328E-009
           6          28   4.7263819505386182E-010
           6          29  -1.7989035104077057E-009
           6          30   2.5762521836669272E-002
           6          31  -5.8063442261710215E-009
           6          32   2.5762529863937511E-002
           6          33   3.7738724857340646E-009
           6          34  -3.8682494282212249E-009
           6          35   2.5762530628612022E-002
           6          36   5.4403642826626727E-002
           6          37  -4.6763753665621375E-009
           6          38   5.4403649149857305E-002
           6          39   3.1182575646142482E-009
           6          40  -3.2674819376246747E-009
           6          41   5.4403650084225388E-002
           6          42   8.1378433919048580E-003
           6          43  -9.0692731416949050E-009
           6          44   8.1378587512725628E-003
           6          45   7.7469480552699650E-009
           6          46  -8.5162533852546764E-009
           6          47   8.1378608525604738E-003
           6          48  -1.2144614807398437E-009
           6          49  -3.3858460133225208E-010
           6          50  -5.1357454264845735E-010
           6          51  -7.1874276936954400E-011
           6          52  -4.0588902703008344E-010
           6          53  -9.2632749204137859E-013
           6          54  -1.4921824774709108E-010
           6          55  -8.2304453035655620E-010
           6          56   3.9657435742972380E-011
           6          57   4.2322434588423321E-010
           7           1  -6.8613252027201373E-003
           7           2  -2.1091361957347649E-002
           7           3   4.5274922003391831E-002
           7           4   8.3505996611939567E-002
           7           5 -0.18504716716697889     
           7           6  -8.8587442648056597E-002
           7           7  0.41865037116844500     
           7           8  0.29386633988755156     
           7           9  -6.0978242200952793E-008
           7          10  -7.9112043943980941E-009
           7          11   2.4240015259791780E-008
           7          12  -6.2826152248500890E-007
           7          13  -8.1079024460704504E-008
           7          14   2.5008217297068813E-007
           7          15   4.9652066687794778E-007
           7          16   6.0666053827366009E-008
           7          17  -2.0034726639072605E-007
           7          18   1.0615880829160730E-006
           7          19   1.2632293161346139E-007
           7          20  -4.3447338411631699E-007
           7          21   6.9971630245016794E-007
           7          22   8.6694386539303713E-008
           7          23  -2.8130524884134553E-007
           7          24   4.1604553335419622E-008
           7          25   5.7477288602719834E-009
           7          26   1.6494349566552149E-008
           7          27  -1.4825738661344058E-008
           7          28  -2.7896181144895598E-009
           7          29   1.2724960486640334E-008
           7          30  -5.8311711103466958E-003
           7          31   1.8670116648436314E-008
           7          32  -5.8312013916967508E-003
           7          33  -1.4594701839536874E-008
           7          34   1.4511893022948022E-008
           7          35  -5.8312057113747489E-003
           7          36  -3.8331006930099963E-002
           7          37   2.0315924477333106E-008
           7          38  -3.8331039567557949E-002
           7          39  -1.5584143451090485E-008
           7          40   1.5291256415184746E-008
           7          41  -3.8331044459845150E-002
           7          42  -5.8145503563692595E-005
           7          43   5.4459723286936289E-008
           7          44  -5.8234014778147129E-005
           7          45  -4.5237489593463143E-008
           7          46   4.9751629583126073E-008
           7          47  -5.8246882620871651E-005
           7          48   1.4652054286608800E-008
           7          49   1.1914788365503128E-009
           7          50   6.6052119352794276E-009
           7          51   2.5763898423316796E-009
           7          52  -2.2291026789697735E-009
           7          53  -1.1195124992980028E-010
           7          54  -1.9996428110732634E-009
           7          55   6.6759570527288218E-009
           7          56   1.2370709855563696E-009
           7          57  -4.4338824631034301E-009
           8           1  -2.9190531172679592E-003
           8           2  -8.8654708102890740E-003
           8           3   1.9128123870766064E-002
           8           4   3.6348824798989307E-002
           8           5  -9.3893173433587149E-002
           8           6  -4.8077593396808532E-002
           8           7  0.29386633988755156     
           8           8  0.20765272729756065     
           8           9   2.7357233999943867E-008
           8          10   3.0191349530673714E-009
           8          11  -1.1188099285730330E-008
           8          12   2.8168752429137218E-007
           8          13   3.0840879465161321E-008
           8          14  -1.1538486330193808E-007
           8          15  -2.2155370988162776E-007
           8          16  -2.1370439750054785E-008
           8          17   9.3014326049539218E-008
           8          18  -4.7008035709787726E-007
           8          19  -4.8116187196941383E-008
           8          20   1.9192595946768003E-007
           8          21  -3.1163467281692955E-007
           8          22  -2.9816160810894808E-008
           8          23   1.3087658082965562E-007
           8          24  -2.8050442324328275E-008
           8          25  -2.6501484123330192E-009
           8          26   3.5299339790575392E-008
           8          27   4.1114498644110239E-009
           8          28  -2.9680980158946148E-010
           8          29   2.9942946959316406E-009
           8          30  -1.6344005457091619E-003
           8          31   1.2929514573604436E-008
           8          32  -1.6344216557860765E-003
           8          33  -1.0182902145693475E-008
           8          34   1.0110660986341340E-008
           8          35  -1.6344247041303573E-003
           8          36  -2.2361832651198548E-002
           8          37   1.4223727454426476E-008
           8          38  -2.2361855617844290E-002
           8          39  -1.0956464255540633E-008
           8          40   1.0731141618708384E-008
           8          41  -2.2361859063032161E-002
           8          42   7.5232401992791041E-004
           8          43   3.8466013494157701E-008
           8          44   7.5226156361340773E-004
           8          45  -3.1931535889636221E-008
           8          46   3.5118505568226967E-008
           8          47   7.5225247158954792E-004
           8          48  -7.3977795565592349E-009
           8          49  -1.4835296417097445E-010
           8          50  -3.2669745985714878E-009
           8          51  -3.2590920026314142E-010
           8          52   1.6802098920218464E-009
           8          53  -8.1992027965066302E-011
           8          54   1.8758924504785585E-009
           8          55  -3.2455042740431743E-009
           8          56  -7.6863894021278322E-011
           8          57   4.2945812447260538E-009
           9           1   1.4264914457329476E-010
           9           2   3.7167487761639474E-010
           9           3  -1.3619455777506438E-009
           9           4  -2.9231336704013323E-010
           9           5   3.1714113910746926E-009
           9           6   7.5352964580332558E-009
           9           7  -6.0978242200952793E-008
           9           8   2.7357233999943867E-008
           9           9   2.0753709177646851E-002
           9          10  -1.2576376561141030E-010
           9          11   4.3310478506751828E-011
           9          12  0.19788499338333365     
           9          13  -1.7112359811740403E-009
           9          14   1.4346758280724451E-010
           9          15  -1.8479875664015007E-003
           9          16  -2.5325608209255209E-009
           9          17   1.1615923987422552E-009
           9          18  -3.1690289179486644E-002
           9          19   1.7368021695914901E-008
           9          20  -2.8627846373339997E-009
           9          21  -2.1114229997138006E-002
           9          22  -8.5597600817797669E-009
           9          23  -1.4896789904553162E-009
           9          24  -1.2816925571115657E-003
           9          25   7.3900465467213003E-009
           9          26   2.1163306698278498E-009
           9          27   3.4949926542759171E-004
           9          28  -5.0619268326265419E-009
           9          29  -2.4504564698376311E-009
           9          30   1.1510367721057434E-009
           9          31  -5.2250125036046545E-010
           9          32  -1.6434358253577546E-009
           9          33  -3.8415677318902603E-010
           9          34  -6.2171542246906720E-010
           9          35  -3.2481932130110572E-010
           9          36   1.2573091081097102E-009
           9          37  -3.8350568860380805E-009
           9          38   6.5941604714283793E-009
           9          39   4.1755101720844756E-009
           9          40   1.7112027415732248E-009
           9          41  -3.1230039645436770E-009
           9          42   1.7705247348455734E-008
           9          43   2.9937111406842514E-009
           9          44   1.0733503299431915E-008
           9          45  -3.4332224139577181E-009
           9          46   4.2563260249027859E-009
           9          47   1.6504906517618040E-008
           9          48  -1.0173376966518129E-003
           9          49  -4.5356168918232704E-009
           9          50  -4.5496848267462801E-004
           9          51  -5.0149843252369386E-009
           9          52   5.2316523946214684E-011
           9          53  -6.5046999952791740E-011
           9          54   5.9699702132495905E-010
           9          55  -4.5496801357747848E-004
           9          56  -2.8123935135919273E-009
           9          57   3.9968888643627591E-009
          10           1   7.3115536724338769E-012
          10           2  -2.6297707744296350E-011
          10           3  -2.8462152006207401E-010
          10           4  -1.0586396515481067E-010
          10           5   1.7407809965667533E-009
          10           6   1.7625449059045772E-009
          10           7  -7.9112043943980941E-009
          10           8   3.0191349530673714E-009
          10           9  -1.2576376561141030E-010
          10          10   2.0753709066649764E-002
          10          11  -5.9138333029690888E-012
          10          12  -1.0593708745722363E-009
          10          13  0.19788499144436600     
          10          14  -4.5328624861027655E-012
          10          15   1.6835610694605115E-009
          10          16  -1.8479919395449330E-003
          10          17  -2.0598723667890056E-010
          10          18  -9.3611753088544456E-010
          10          19  -3.1690263454074601E-002
          10          20   9.7761447995764959E-010
          10          21   1.6886831086333853E-009
          10          22  -2.1114236139368137E-002
          10          23  -1.1196830034942983E-009
          10          24  -4.8261797295569644E-010
          10          25  -1.2816871131783886E-003
          10          26  -3.2276402272895492E-010
          10          27  -6.7341441804052082E-011
          10          28   3.4949774202736999E-004
          10          29   2.4138925480896478E-010
          10          30  -9.7677018514974867E-010
          10          31  -5.8628038909143996E-010
          10          32  -1.0219059951793827E-009
          10          33  -3.8752158847049385E-010
          10          34  -4.8714722188985969E-010
          10          35  -5.7716717291153420E-010
          10          36   1.0593387596929752E-010
          10          37  -9.2190769707588620E-010
          10          38   1.3421668218418930E-009
          10          39   3.6291029608730721E-010
          10          40  -4.0138507028281099E-011
          10          41  -8.2953577879857996E-010
          10          42   1.9001979402969686E-009
          10          43   9.3294415221995751E-010
          10          44   1.4620048069435673E-009
          10          45  -7.4990937732706736E-010
          10          46   6.3529484272238451E-010
          10          47   2.0016103604036584E-009
          10          48   1.4779676656426725E-009
          10          49  -4.5497256651803202E-004
          10          50   4.5468171427572057E-010
          10          51  -1.0173489289784753E-003
          10          52  -4.2632530723414870E-010
          10          53   5.1445032552102413E-011
          10          54  -1.4963646429270764E-010
          10          55   3.4873009035843182E-010
          10          56  -4.5497253122126462E-004
          10          57   7.1063016300347310E-011
          11           1  -7.0514985564879688E-011
          11           2  -2.0734419657499651E-010
          11           3   4.3681969807051789E-010
          11           4   1.0470106861020512E-010
          11           5  -1.2151271901857936E-010
          11           6  -2.6464011047007105E-009
          11           7   2.4240015259791780E-008
          11           8  -1.1188099285730330E-008
          11           9   4.3310478506751828E-011
          11          10  -5.9138333029690888E-012
          11          11   2.0753709036492471E-002
          11          12   2.3630496988422916E-010
          11          13   1.8897572591025745E-010
          11          14  0.19788499137779980     
          11          15  -2.1168700151923006E-009
          11          16   1.2362487844815209E-009
          11          17  -1.8479915847129723E-003
          11          18   6.1245585684765250E-009
          11          19  -6.0401815479280290E-009
          11          20  -3.1690265233363851E-002
          11          21  -2.5181613043572954E-009
          11          22   2.9911674343018116E-009
          11          23  -2.1114233871272224E-002
          11          24   1.4645985838864121E-009
          11          25  -4.0778130045985089E-009
          11          26  -1.2816884791158533E-003
          11          27  -4.9186626336768323E-010
          11          28   2.2930234245233292E-009
          11          29   3.4949949142346656E-004
          11          30  -1.0379868629313963E-009
          11          31  -1.2166472529315279E-010
          11          32   2.6075484142599936E-010
          11          33  -2.0816444276953649E-010
          11          34   5.2369543198125563E-010
          11          35  -6.6658281960764946E-010
          11          36  -4.0068806415918564E-010
          11          37   1.7851896619390882E-009
          11          38  -2.1974802310131157E-009
          11          39  -1.7972597224156869E-009
          11          40  -3.1468104640832327E-010
          11          41   5.3067386805463856E-010
          11          42  -7.3178217015610197E-009
          11          43  -9.3397927573182002E-010
          11          44  -3.7910306043711835E-009
          11          45   1.5206739732714743E-009
          11          46  -1.5862093545492178E-009
          11          47  -6.8548367430784124E-009
          11          48  -3.7282272265410222E-009
          11          49   1.8295797608413345E-009
          11          50  -1.3110661763324425E-009
          11          51   1.9698149800541585E-009
          11          52  -4.5497203930921397E-004
          11          53   9.4780709502858885E-011
          11          54  -4.5497213666897772E-004
          11          55  -1.6022235141853391E-009
          11          56   1.0029112361658902E-009
          11          57  -1.0173495900000222E-003
          12           1   1.3893738468468362E-009
          12           2   3.6789925915004304E-009
          12           3  -1.3555989140673656E-008
          12           4  -2.3538408610998519E-009
          12           5   2.9921724584606582E-008
          12           6   7.7453617744974517E-008
          12           7  -6.2826152248500890E-007
          12           8   2.8168752429137218E-007
          12           9  0.19788499338333365     
          12          10  -1.0593708745722363E-009
          12          11   2.3630496988422916E-010
          12          12   1.8880558492702395     
          12          13  -1.5436170591376730E-008
          12          14  -6.5184110232507694E-010
          12          15  -3.0523194108950748E-002
          12          16  -2.6747227868717061E-008
          12          17   1.2965936903653605E-008
          12          18 -0.32811455252302968     
          12          19   1.7832141081965507E-007
          12          20  -2.6320521992616494E-008
          12          21 -0.21805867443655594     
          12          22  -8.9069787203089858E-008
          12          23  -1.3843656937303471E-008
          12          24  -1.3236150340882765E-002
          12          25   7.5815878282767645E-008
          12          26   2.1728529553469424E-008
          12          27   3.6093522289135046E-003
          12          28  -5.1898997066051202E-008
          12          29  -2.5302812498428383E-008
          12          30   1.2679953696365615E-008
          12          31  -5.3125440151513907E-009
          12          32  -1.5513494513344738E-008
          12          33  -4.1786888312606366E-009
          12          34  -6.5351069058879763E-009
          12          35  -2.5442469340744187E-009
          12          36   1.3032311564514437E-008
          12          37  -3.9516496389451555E-008
          12          38   6.7881659933884654E-008
          12          39   4.3399087015925386E-008
          12          40   1.7807102110003555E-008
          12          41  -3.2188980697362985E-008
          12          42   1.8242957967029643E-007
          12          43   3.0430112864796146E-008
          12          44   1.1089255511437064E-007
          12          45  -3.5612196284658833E-008
          12          46   4.3971062752055802E-008
          12          47   1.6999758435278682E-007
          12          48  -9.9027919008860005E-003
          12          49  -4.7099218936214188E-008
          12          50  -4.4286758105928081E-003
          12          51  -5.2179207909351712E-008
          12          52   5.7470958599396275E-010
          12          53  -6.6706611928429246E-010
          12          54   6.2404972862988009E-009
          12          55  -4.4286708706075010E-003
          12          56  -2.9417785391882387E-008
          12          57   4.1402165773945027E-008
          13           1   1.5909274393523186E-010
          13           2  -6.6807344717082063E-011
          13           3  -2.9805380391413721E-009
          13           4  -1.0367068113975687E-009
          13           5   1.6710414833742946E-008
          13           6   1.8080803677107122E-008
          13           7  -8.1079024460704504E-008
          13           8   3.0840879465161321E-008
          13           9  -1.7112359811740403E-009
          13          10  0.19788499144436600     
          13          11   1.8897572591025745E-010
          13          12  -1.5436170591376730E-008
          13          13   1.8880558213690388     
          13          14   2.4868125560970428E-009
          13          15   2.1868697407225735E-008
          13          16  -3.0523233835119155E-002
          13          17  -4.2613173056507631E-009
          13          18   7.3793768480678422E-010
          13          19 -0.32811427770121471     
          13          20   5.0722458441842044E-009
          13          21   2.3871471495436278E-008
          13          22 -0.21805873065054643     
          13          23  -1.4552034820278476E-008
          13          24  -4.4144402726632172E-009
          13          25  -1.3236093969201428E-002
          13          26  -3.6712068317296619E-009
          13          27  -1.0035136173532270E-009
          13          28   3.6093369460045771E-003
          13          29   2.5688093334541810E-009
          13          30  -9.6461763124282852E-009
          13          31  -6.1628055978971923E-009
          13          32  -9.8225014205672367E-009
          13          33  -4.0905169082420581E-009
          13          34  -5.0594345374376233E-009
          13          35  -5.5828319548653188E-009
          13          36   1.1346878587041731E-009
          13          37  -9.3904860773410128E-009
          13          38   1.3745038453846686E-008
          13          39   3.8876208923366652E-009
          13          40  -3.6771736985678414E-010
          13          41  -8.4962894249595414E-009
          13          42   1.9425106698133840E-008
          13          43   9.3591301109793384E-009
          13          44   1.5185845399461229E-008
          13          45  -7.8082182060802932E-009
          13          46   6.5973171924649575E-009
          13          47   2.0486065865399910E-008
          13          48   1.5055107005181535E-008
          13          49  -4.4287176878515262E-003
          13          50   4.6674024160265001E-009
          13          51  -9.9029069769500967E-003
          13          52  -4.2682021033318310E-009
          13          53   5.1562355324914024E-010
          13          54  -1.3985134388703482E-009
          13          55   3.6153317643450128E-009
          13          56  -4.4287174052459483E-003
          13          57   1.0214811558738151E-009
          14           1  -6.1302081312182834E-010
          14           2  -1.8869756821827748E-009
          14           3   4.2394458205389002E-009
          14           4   6.9691400910882622E-010
          14           5  -7.3297845260553436E-010
          14           6  -2.7242544896453870E-008
          14           7   2.5008217297068813E-007
          14           8  -1.1538486330193808E-007
          14           9   1.4346758280724451E-010
          14          10  -4.5328624861027655E-012
          14          11  0.19788499137779980     
          14          12  -6.5184110232507694E-010
          14          13   2.4868125560970428E-009
          14          14   1.8880558231448366     
          14          15  -1.9118493948703895E-008
          14          16   1.2900924091274502E-008
          14          17  -3.0523231707745069E-002
          14          18   6.8288657360351966E-008
          14          19  -6.2259661979695000E-008
          14          20 -0.32811430031956695     
          14          21  -2.2385380123256053E-008
          14          22   3.1035111472749594E-008
          14          23 -0.21805870958625645     
          14          24   1.5335377294814697E-008
          14          25  -4.2047417789155924E-008
          14          26  -1.3236108041988711E-002
          14          27  -5.0790864811603740E-009
          14          28   2.3622738194992264E-008
          14          29   3.6093548785090918E-003
          14          30  -1.0874179738293249E-008
          14          31  -1.2531832015803325E-009
          14          32   2.4887099811757794E-009
          14          33  -2.2389106099073972E-009
          14          34   5.4814468591666159E-009
          14          35  -6.9683151042427379E-009
          14          36  -4.0475046686484719E-009
          14          37   1.8431277352225602E-008
          14          38  -2.2662979702553776E-008
          14          39  -1.8557774173367048E-008
          14          40  -3.3255329036540049E-009
          14          41   5.4301373044292407E-009
          14          42  -7.5499394627698814E-008
          14          43  -9.5698713310194377E-009
