           1           1  0.38874018321217585     
           1           2  0.72274549715217584     
           1           3 -0.61202363551167538     
           1           4  0.18961490200019293     
           1           5  0.12491331038531289     
           1           6   9.4890038938386934E-003
           1           7  -4.3148338621342604E-003
           1           8   1.1100849818195492E-003
           1           9   5.6218759270658860E-015
           1          10  -8.5363907898843929E-015
           1          11   1.3605149887817956E-015
           1          12   1.6947977534114644E-014
           1          13  -4.4155493689020714E-014
           1          14   1.2719656779540290E-014
           1          15   6.6433948898367136E-015
           1          16  -6.5168793657849525E-015
           1          17   5.9394489875565705E-015
           1          18  -2.4179022314691714E-014
           1          19   5.1409820210857951E-014
           1          20  -2.6377477318805043E-014
           1          21   5.7340923811211682E-015
           1          22  -9.1957419691659542E-015
           1          23   4.5181333575912812E-015
           1          24  -2.6624471752605594E-015
           1          25   3.0302835936916948E-015
           1          26   2.7076216986817275E-015
           1          27   1.7026410590538041E-015
           1          28  -1.1527710738022315E-015
           1          29  -1.1633433057529154E-015
           1          30  -1.4842873206412636E-002
           1          31   7.2611730143607291E-016
           1          32  -1.4842873206412921E-002
           1          33  -3.6016761860779836E-015
           1          34  -2.8400890844034138E-015
           1          35  -1.4842873206412241E-002
           1          36  -7.0714416549427488E-003
           1          37  -2.9180854485581957E-016
           1          38  -7.0714416549463571E-003
           1          39   2.2824024952801668E-015
           1          40  -1.3269070495432356E-015
           1          41  -7.0714416549483529E-003
           1          42   2.2094135197619682E-003
           1          43   2.5267308470504094E-015
           1          44   2.2094135197682089E-003
           1          45  -9.7095498003508579E-016
           1          46   1.5249003094234712E-015
           1          47   2.2094135197654602E-003
           1          48   5.7805282100575423E-015
           1          49  -1.1705486604428837E-014
           1          50   4.4738529344321465E-015
           1          51  -2.3343151305019729E-014
           1          52   8.0225910253904734E-015
           1          53   4.3058020253707927E-016
           1          54   7.1311204564048111E-015
           1          55   7.6490108435793229E-015
           1          56  -1.2642302042105556E-014
           1          57   9.9895973799535110E-015
           2           1  0.72274549715217584     
           2           2   1.3897280510336334     
           2           3  -1.6146529135101448     
           2           4  0.49560013179611256     
           2           5  0.39341601849556862     
           2           6   3.1712948144056424E-002
           2           7  -1.0155485843398010E-002
           2           8   2.5992369107110357E-003
           2           9   1.1911658815675743E-014
           2          10  -2.1982281034771153E-014
           2          11   4.3427204236308092E-015
           2          12   4.1444300826891763E-014
           2          13  -1.1984030248022518E-013
           2          14   3.2868090661483389E-014
           2          15   1.4228483791810663E-014
           2          16  -8.4839016887752179E-015
           2          17   1.3510519576417948E-014
           2          18  -5.7489533872007089E-014
           2          19   1.0825894233656550E-013
           2          20  -5.5444837315237371E-014
           2          21   1.1898009427203305E-014
           2          22  -1.6077629508367113E-014
           2          23   1.0076197383051033E-014
           2          24  -4.1336219922428088E-015
           2          25   4.7725134799181021E-015
           2          26   3.9007480134636268E-015
           2          27   2.5537794572062719E-015
           2          28  -1.8912045266987895E-015
           2          29  -1.6208612640771963E-015
           2          30  -6.1306189184492765E-002
           2          31   1.7758991084092709E-015
           2          32  -6.1306189184490531E-002
           2          33  -8.0922933491065825E-015
           2          34  -7.0662763938959931E-015
           2          35  -6.1306189184496970E-002
           2          36  -1.9242230335684340E-002
           2          37  -1.3772515367412850E-016
           2          38  -1.9242230335693458E-002
           2          39   4.4232922976319466E-015
           2          40  -1.6838991592618764E-015
           2          41  -1.9242230335693569E-002
           2          42   5.2075414485121072E-003
           2          43   4.4838009185990255E-015
           2          44   5.2075414485239606E-003
           2          45  -2.0753101616614248E-015
           2          46   2.9265323101374782E-015
           2          47   5.2075414485188570E-003
           2          48   1.7198937542271030E-014
           2          49  -2.5857301149804077E-014
           2          50   1.1248029929436831E-014
           2          51  -5.2619885266552663E-014
           2          52   1.6334857728979901E-014
           2          53   2.0597517572757674E-016
           2          54   1.4867288373372887E-014
           2          55   1.7132429601464728E-014
           2          56  -2.6952159666145195E-014
           2          57   2.0909047886370115E-014
           3           1 -0.61202363551167538     
           3           2  -1.6146529135101448     
           3           3   6.9064077488964806     
           3           4  -2.9067663474400538     
           3           5  -3.9195026666608612     
           3           6 -0.42607487536995614     
           3           7   2.2312328936226724E-002
           3           8  -5.2596890341605612E-003
           3           9  -2.5044367747323771E-014
           3          10   5.0417760429638363E-014
           3          11  -1.3292925998975982E-014
           3          12  -1.3146436920810895E-013
           3          13   3.0748673201768153E-013
           3          14  -7.6767835866075345E-014
           3          15   2.6131214726675638E-014
           3          16  -1.6927247066248081E-015
           3          17  -4.9051468971143642E-014
           3          18   9.0879666362249304E-014
           3          19  -1.8204881176146391E-013
           3          20   8.1532066748379872E-014
           3          21  -1.2263487660150342E-015
           3          22   6.3926936719354508E-015
           3          23  -2.5461357701862032E-014
           3          24  -1.0444499334429041E-014
           3          25   4.5709057601619334E-015
           3          26   9.6010526855012742E-015
           3          27   8.0233575389642051E-015
           3          28  -8.0366988149217687E-016
           3          29  -5.4674625031278148E-015
           3          30  0.95926088445711843     
           3          31  -1.5088920478653481E-014
           3          32  0.95926088445707325     
           3          33   3.0981703264808388E-014
           3          34   3.8679712124268571E-014
           3          35  0.95926088445720614     
           3          36  0.13947458066987456     
           3          37   3.3323834483257864E-016
           3          38  0.13947458066991497     
           3          39  -1.4414909286832326E-014
           3          40  -1.3224863242503839E-014
           3          41  0.13947458066985757     
           3          42  -1.1571504169255172E-002
           3          43  -2.6012724430470306E-015
           3          44  -1.1571504169265393E-002
           3          45   8.5856677327737108E-015
           3          46  -2.0100081817799116E-015
           3          47  -1.1571504169254534E-002
           3          48  -5.0422719945145898E-014
           3          49   5.0959344436892623E-014
           3          50  -2.4057006390574453E-014
           3          51   1.0336843444606498E-013
           3          52  -1.9799209665604442E-014
           3          53   4.1607288510965666E-015
           3          54  -1.9502819847653758E-014
           3          55  -3.4104379212945569E-014
           3          56   4.3847869101924889E-014
           3          57  -2.1426523809620235E-014
           4           1  0.18961490200019293     
           4           2  0.49560013179611256     
           4           3  -2.9067663474400538     
           4           4   1.8024564123336755     
           4           5   2.8691260186390655     
           4           6  0.34659999431182242     
           4           7  -1.3293361999989818E-003
           4           8  -8.3124496105682792E-005
           4           9  -8.8837878544677488E-015
           4          10  -1.3139876496558294E-015
           4          11  -2.7730006025701047E-015
           4          12  -5.2692109777706576E-014
           4          13  -1.4495375006801036E-014
           4          14  -1.0223808038115188E-014
           4          15  -6.0793523970872905E-015
           4          16  -3.9689269610129881E-014
           4          17   3.5842357246140613E-014
           4          18   1.6150044038167460E-013
           4          19   2.5952444464443569E-014
           4          20   1.2503362562665527E-014
           4          21  -3.0283898499746593E-014
           4          22  -3.7487086241432675E-015
           4          23   6.8296369149769432E-015
           4          24   1.0430823921672681E-014
           4          25  -1.6941652678039451E-015
           4          26  -4.3148717539321737E-015
           4          27  -6.9056859447670781E-015
           4          28   2.3534870145983572E-016
           4          29   2.8975775941718200E-015
           4          30 -0.77134495109201495     
           4          31   2.8268884024368205E-014
           4          32 -0.77134495109203360     
           4          33  -2.8126570289543208E-014
           4          34  -2.4978226548160840E-014
           4          35 -0.77134495109209822     
           4          36  -9.5659452511206444E-002
           4          37  -9.2592926660648693E-015
           4          38  -9.5659452511209858E-002
           4          39   1.5337652945350106E-014
           4          40   1.0022560240128929E-014
           4          41  -9.5659452511180715E-002
           4          42   7.8196479947261702E-004
           4          43   2.7252605990171337E-015
           4          44   7.8196479947045252E-004
           4          45  -6.8515649561368783E-015
           4          46  -5.0646455898792254E-016
           4          47   7.8196479946320029E-004
           4          48  -8.0268749286633165E-014
           4          49  -5.9109561569511141E-015
           4          50  -3.7007862630683551E-014
           4          51  -4.4003575199680236E-015
           4          52  -4.3370003377776124E-015
           4          53  -1.5108401878037893E-016
           4          54  -5.1487855296233250E-015
           4          55  -2.9623276770456491E-014
           4          56  -2.2408070748194676E-015
           4          57  -1.8037542976008766E-014
           5           1  0.12491331038531289     
           5           2  0.39341601849556862     
           5           3  -3.9195026666608612     
           5           4   2.8691260186390655     
           5           5   4.8118503208163999     
           5           6  0.59617655524571611     
           5           7   4.6524721402111027E-003
           5           8  -1.9429943620741976E-003
           5           9   3.1577514153787344E-014
           5          10   3.2046886651782810E-014
           5          11  -4.5955965720641822E-015
           5          12   1.6520372579103460E-013
           5          13   1.8686013837323373E-013
           5          14  -2.2116695283465232E-014
           5          15  -1.7003572905695198E-013
           5          16   4.2008905601223746E-015
           5          17   1.3128741491531070E-014
           5          18  -5.9075723482424724E-014
           5          19   6.1817114345886916E-014
           5          20  -2.9776177455495728E-014
           5          21  -1.7998309961714725E-014
           5          22  -1.1173135979611595E-014
           5          23   1.5065752460565099E-014
           5          24   1.1700460716260079E-014
           5          25  -1.8322158378973587E-015
           5          26  -8.3712479964446347E-015
           5          27  -9.3177526024645410E-015
           5          28   9.4429596386457689E-017
           5          29   5.3531257048257740E-015
           5          30  -1.3251388701107634     
           5          31  -2.2602256486567368E-014
           5          32  -1.3251388701105928     
           5          33  -1.0814684231981156E-015
           5          34  -3.8260350466372692E-014
           5          35  -1.3251388701107842     
           5          36 -0.15721666027777415     
           5          37   9.0123246410983110E-015
           5          38 -0.15721666027785008     
           5          39   9.7889802009385701E-015
           5          40   1.6674064278479098E-014
           5          41 -0.15721666027777070     
           5          42  -2.2136906429274985E-003
           5          43  -1.5683790403711171E-015
           5          44  -2.2136906429194294E-003
           5          45  -7.9070879871471603E-015
           5          46  -1.8502752582710471E-015
           5          47  -2.2136906429379905E-003
           5          48   7.0178141993211029E-014
           5          49  -1.4750616475405639E-014
           5          50   2.8188778840730785E-014
           5          51  -1.8372544797096018E-014
           5          52   6.1901270132418365E-015
           5          53   7.6882702988461071E-016
           5          54   4.8046445406816112E-015
           5          55   3.9892405319568496E-014
           5          56  -8.9277034131203721E-015
           5          57   4.9646394655100619E-015
           6           1   9.4890038938386934E-003
           6           2   3.1712948144056424E-002
           6           3 -0.42607487536995614     
           6           4  0.34659999431182242     
           6           5  0.59617655524571611     
           6           6   7.4834706193187314E-002
           6           7   9.8901091022928866E-004
           6           8  -3.4890135875413462E-004
           6           9   2.3297530918669093E-014
           6          10   1.9545454725220530E-014
           6          11  -3.6785895899561206E-016
           6          12   1.1792763424362831E-013
           6          13   1.0305214084776696E-013
           6          14  -1.4777814583040542E-015
           6          15  -1.2694779534321087E-013
           6          16  -7.4730960669739227E-014
           6          17   9.5524072088237089E-016
           6          18  -2.2307793682079795E-013
           6          19  -1.5174947799721855E-013
           6          20  -4.4651193173459568E-015
           6          21   2.1041566033704511E-014
           6          22   1.5622159388769820E-014
           6          23   1.8475757010848825E-015
           6          24  -2.3956257688999948E-015
           6          25  -2.9285032995373109E-015
           6          26  -9.9935224474030832E-016
           6          27   4.3301088019245603E-016
           6          28   1.1328228645022647E-015
           6          29   6.4783037500428731E-016
           6          30 -0.16608634120809701     
           6          31  -1.1284629866262857E-015
           6          32 -0.16608634120808077     
           6          33  -1.0309598347516340E-015
           6          34  -4.6808788808014983E-015
           6          35 -0.16608634120810212     
           6          36  -1.9305663700599301E-002
           6          37   4.2773758212675161E-016
           6          38  -1.9305663700606733E-002
           6          39   1.6230691418569947E-015
           6          40   2.0799207557108630E-015
           6          41  -1.9305663700597803E-002
           6          42  -4.8571858776219558E-004
           6          43  -7.1747664908612568E-017
           6          44  -4.8571858776170953E-004
           6          45  -1.0543105180689907E-015
           6          46  -2.8228463331196085E-016
           6          47  -4.8571858776388650E-004
           6          48   1.3761503927418487E-013
           6          49   4.0683836958918371E-014
           6          50   6.1091243401020652E-014
           6          51   9.2821570371487522E-014
           6          52   9.8092673841425759E-016
           6          53   1.7943528102522917E-016
           6          54   7.8918126684456516E-016
           6          55   6.2552531154278071E-014
           6          56   4.1357478658788773E-014
           6          57   1.3051794086967585E-015
           7           1  -4.3148338621342604E-003
           7           2  -1.0155485843398010E-002
           7           3   2.2312328936226724E-002
           7           4  -1.3293361999989818E-003
           7           5   4.6524721402111027E-003
           7           6   9.8901091022928866E-004
           7           7   1.9024122264032345E-004
           7           8  -5.0563129486420152E-005
           7           9  -3.6994566607859472E-014
           7          10  -5.5888998457926737E-014
           7          11  -4.2292366706143379E-015
           7          12  -1.8638821261649489E-013
           7          13  -2.8371270365825084E-013
           7          14  -2.3645832897576450E-014
           7          15   1.9631904588312363E-013
           7          16   2.8271188420715271E-013
           7          17   5.8368966081967812E-015
           7          18   4.1149522019712722E-013
           7          19   5.9882943635495480E-013
           7          20   2.2267577318205869E-014
           7          21  -4.4810877565717304E-014
           7          22  -6.5202603504619359E-014
           7          23  -2.4934159633791403E-015
           7          24   7.2553888146561418E-015
           7          25   1.0589161527565216E-014
           7          26   4.0067945241404437E-016
           7          27  -2.9899765395043945E-015
           7          28  -4.3540353259394900E-015
           7          29  -1.6373426525597528E-016
           7          30  -2.1338143386047939E-003
           7          31   1.2154180308031654E-014
           7          32  -2.1338143386398769E-003
           7          33  -7.4790390791570180E-015
           7          34  -2.8946112318374190E-016
           7          35  -2.1338143386249011E-003
           7          36  -6.7962136058088608E-005
           7          37  -4.4710037534261535E-015
           7          38  -6.7962136045186954E-005
           7          39   2.7705184660386306E-015
           7          40   1.3559704784208279E-016
           7          41  -6.7962136050652783E-005
           7          42  -9.7299052142367346E-005
           7          43   9.1381649042627003E-016
           7          44  -9.7299052145143283E-005
           7          45  -5.7898532121006995E-016
           7          46  -5.2946968785328722E-017
           7          47  -9.7299052144011593E-005
           7          48  -2.4467236220679957E-013
           7          49  -1.5933140809697677E-013
           7          50  -1.0945657499956166E-013
           7          51  -3.5625953709567314E-013
           7          52  -5.8773900308220158E-015
           7          53   3.1511830607077767E-017
           7          54  -5.8819671088377761E-015
           7          55  -1.0945641357869625E-013
           7          56  -1.5933861873079071E-013
           7          57  -1.3026069798222980E-014
           8           1   1.1100849818195492E-003
           8           2   2.5992369107110357E-003
           8           3  -5.2596890341605612E-003
           8           4  -8.3124496105682792E-005
           8           5  -1.9429943620741976E-003
           8           6  -3.4890135875413462E-004
           8           7  -5.0563129486420152E-005
           8           8   1.3545127398961152E-005
           8           9   1.8141125085246390E-014
           8          10   2.5213365297247412E-014
           8          11   1.2943189454390306E-015
           8          12   9.1658898145607839E-014
           8          13   1.2767284920503491E-013
           8          14   6.9800417965084774E-015
           8          15  -9.4695721386065419E-014
           8          16  -1.2988575308236025E-013
           8          17  -3.5934210301924976E-015
           8          18  -1.9905524348773128E-013
           8          19  -2.7356591502145924E-013
           8          20  -9.5070978546236422E-015
           8          21   2.1660256576024602E-014
           8          22   2.9759639892551521E-014
           8          23   1.0480755283181595E-015
           8          24  -3.5112813813855351E-015
           8          25  -4.8292426556868169E-015
           8          26  -1.6760318236459737E-016
           8          27   1.4465175754867612E-015
           8          28   1.9860475238709180E-015
           8          29   6.8280036160777850E-017
           8          30   7.5855222876810538E-004
           8          31  -4.4552979244559597E-015
           8          32   7.5855222878095838E-004
           8          33   2.7495769375158563E-015
           8          34   1.1318697590316473E-016
           8          35   7.5855222877548858E-004
           8          36   4.1461042491137773E-005
           8          37   1.6357185305427021E-015
           8          38   4.1461042486421582E-005
           8          39  -1.0160138106797096E-015
           8          40  -4.9569204192924788E-017
           8          41   4.1461042488417314E-005
           8          42   2.5835667221996084E-005
           8          43  -3.3660730331693307E-016
           8          44   2.5835667223003992E-005
           8          45   2.1326895719743805E-016
           8          46   1.6561696258939610E-017
           8          47   2.5835667222589891E-005
           8          48   1.1839951889187390E-013
           8          49   7.2801950276548436E-014
           8          50   5.2959721326423046E-014
           8          51   1.6278361587336871E-013
           8          52   2.5214191893092489E-015
           8          53  -8.3835981572059916E-018
           8          54   2.5228341456277385E-015
           8          55   5.2957899783786657E-014
           8          56   7.2802975028600945E-014
           8          57   5.6089848032285322E-015
           9           1   5.6218759270658860E-015
           9           2   1.1911658815675743E-014
           9           3  -2.5044367747323771E-014
           9           4  -8.8837878544677488E-015
           9           5   3.1577514153787344E-014
           9           6   2.3297530918669093E-014
           9           7  -3.6994566607859472E-014
           9           8   1.8141125085246390E-014
           9           9   8.4917048631622458E-002
           9          10   3.2669721962419462E-016
           9          11   9.8445557261683605E-017
           9          12  0.46145145923278724     
           9          13   3.1613166945332338E-015
           9          14   5.6378512969245873E-017
           9          15 -0.21811954680257511     
           9          16   2.9496587464206143E-014
           9          17  -1.3721662694976532E-015
           9          18 -0.59035847550144382     
           9          19  -1.1664605913119799E-013
           9          20   4.5449755070592362E-015
           9          21   6.4664694575440385E-002
           9          22   2.0655515058781721E-014
           9          23   1.3379054808471174E-016
           9          24  -1.0595840572158408E-002
           9          25  -4.6917425998958833E-015
           9          26  -5.0014246216756379E-016
           9          27   4.3772630279632985E-003
           9          28   1.9649012912613746E-015
           9          29   1.3022623344266550E-016
           9          30  -2.1612911911974093E-014
           9          31   7.1631529101240183E-016
           9          32  -1.5513499028796991E-014
           9          33  -6.4165290146847814E-016
           9          34   4.0199464581068573E-016
           9          35  -1.4680976195431979E-014
           9          36  -1.0681758219575827E-015
           9          37   9.3172085994146228E-017
           9          38  -4.0055567535589871E-015
           9          39   3.5337980874770133E-016
           9          40   1.0532394505372070E-015
           9          41  -3.3147773427168100E-015
           9          42   7.9128205938650884E-015
           9          43   2.0214425203286883E-016
           9          44   8.4759126443151098E-015
           9          45  -7.9489715710936306E-016
           9          46   2.2108620374044549E-016
           9          47   7.5297607872796457E-015
           9          48  0.34970232521919925     
           9          49   2.3437740463705398E-014
           9          50  0.15639163421597327     
           9          51   5.3464502790256953E-014
           9          52  -1.3062467774105365E-015
           9          53  -1.4123077026510505E-016
           9          54  -1.6705387073656652E-015
           9          55  0.15639163421597216     
           9          56   2.3322652403096062E-014
           9          57  -1.7156415177410630E-015
          10           1  -8.5363907898843929E-015
          10           2  -2.1982281034771153E-014
          10           3   5.0417760429638363E-014
          10           4  -1.3139876496558294E-015
          10           5   3.2046886651782810E-014
          10           6   1.9545454725220530E-014
          10           7  -5.5888998457926737E-014
          10           8   2.5213365297247412E-014
          10           9   3.2669721962419462E-016
          10          10   8.4917048631621403E-002
          10          11  -2.6302744704498338E-016
          10          12   1.8973538018496291E-017
          10          13  0.46145145923278325     
          10          14  -4.3888503942213219E-016
          10          15   8.0962797230355044E-015
          10          16 -0.21811954680260542     
          10          17   4.6056908287184228E-015
          10          18  -3.3233181831460179E-014
          10          19 -0.59035847550131271     
          10          20  -1.4748618992754814E-014
          10          21   4.4991137551630977E-015
          10          22   6.4664694575417250E-002
          10          23   3.6810832160227847E-015
          10          24  -6.1790375875843406E-016
          10          25  -1.0595840572153872E-002
          10          26  -4.5373860918518361E-016
          10          27  -1.7210015422312850E-017
          10          28   4.3772630279604935E-003
          10          29  -3.8678912503420371E-016
          10          30  -1.7394961632393429E-014
          10          31   1.8903913359727887E-015
          10          32  -1.0912821049933511E-014
          10          33  -5.7728971379256132E-017
          10          34  -7.9432757392423203E-016
          10          35  -1.5240119566455467E-014
          10          36  -9.0465036228292397E-016
          10          37  -8.5382305591569069E-016
          10          38  -4.7594902216121685E-015
          10          39  -5.0096764369805986E-017
          10          40   1.4239909493904956E-015
          10          41  -3.7541306495005718E-016
          10          42   1.3381797160734414E-014
          10          43  -1.9316937813925036E-016
          10          44   1.4207702947877261E-014
          10          45  -3.9803931189480281E-016
          10          46   5.4365510521921334E-016
          10          47   1.2773404230822362E-014
          10          48   1.5591260921210548E-014
          10          49  0.15639163421594568     
          10          50   7.2997163869104043E-015
          10          51  0.34970232521913852     
          10          52   3.2664843052643278E-015
          10          53   6.6180399174106907E-016
          10          54   2.1102911085257858E-015
          10          55   5.8703042427055152E-015
          10          56  0.15639163421594579     
          10          57   5.3880511163839628E-015
          11           1   1.3605149887817956E-015
          11           2   4.3427204236308092E-015
          11           3  -1.3292925998975982E-014
          11           4  -2.7730006025701047E-015
          11           5  -4.5955965720641822E-015
          11           6  -3.6785895899561206E-016
          11           7  -4.2292366706143379E-015
          11           8   1.2943189454390306E-015
          11           9   9.8445557261683605E-017
          11          10  -2.6302744704498338E-016
          11          11   8.4917048631622527E-002
          11          12   2.5500435096859005E-016
          11          13  -7.4679845640801555E-016
          11          14  0.46145145923278419     
          11          15   3.2959746043553998E-017
          11          16  -2.1024848528838934E-015
          11          17 -0.21811954680263829     
          11          18  -4.5831394235306991E-015
          11          19   8.4481033280070632E-015
          11          20 -0.59035847550117238     
          11          21   6.8044528345189923E-016
          11          22  -2.1935578353726749E-015
          11          23   6.4664694575393061E-002
          11          24   1.2755638559291933E-016
          11          25   1.0139458717084441E-015
          11          26  -1.0595840572148392E-002
          11          27  -3.0247885359629927E-016
          11          28  -5.9102570927616080E-016
          11          29   4.3772630279572981E-003
          11          30   2.0750960225456688E-015
          11          31   8.4707191759263369E-016
          11          32   4.8387839470808535E-016
          11          33  -5.1420692527320589E-016
          11          34   9.1302699014615080E-016
          11          35   1.5529359167583243E-015
          11          36  -4.3939152650444945E-016
          11          37  -5.8301965575721813E-016
          11          38   6.6606139451007327E-016
          11          39  -4.5229674840177773E-016
          11          40  -4.8574466892429411E-016
          11          41   6.3770476814465143E-016
          11          42   1.6100438445122297E-015
          11          43   2.8954563598709991E-016
          11          44   1.1186171420702236E-015
          11          45   3.7979728143344928E-016
          11          46   4.6366874259007759E-016
          11          47   9.7071377759414903E-016
          11          48   1.9637069748057334E-015
          11          49  -1.8691645453650128E-015
          11          50   1.5517101492612490E-015
          11          51  -3.5266928266608551E-015
          11          52  0.15639163421591740     
          11          53   8.9740660464227396E-017
          11          54  0.15639163421591862     
          11          55   2.8709673527415571E-016
          11          56  -4.6490589156178696E-016
          11          57  0.34970232521907352     
          12           1   1.6947977534114644E-014
          12           2   4.1444300826891763E-014
          12           3  -1.3146436920810895E-013
          12           4  -5.2692109777706576E-014
          12           5   1.6520372579103460E-013
          12           6   1.1792763424362831E-013
          12           7  -1.8638821261649489E-013
          12           8   9.1658898145607839E-014
          12           9  0.46145145923278724     
          12          10   1.8973538018496291E-017
          12          11   2.5500435096859005E-016
          12          12   2.5314616997547481     
          12          13   7.1715636901226176E-015
          12          14  -6.2103100439969812E-016
          12          15  -1.0184716382538606     
          12          16   1.4874256340502437E-013
          12          17  -7.4454331588924529E-015
          12          18  -2.9568967072669752     
          12          19  -5.8243253969747509E-013
          12          20   1.8068879725774426E-014
          12          21  0.32448725188455607     
          12          22   1.0346118493181901E-013
          12          23   7.5980888247784309E-016
          12          24  -5.3296482612958149E-002
          12          25  -2.3310590653927158E-014
          12          26  -2.3540197569005288E-015
          12          27   2.2038948301617553E-002
          12          28   9.7564236420724664E-015
          12          29   7.1904288079238753E-016
          12          30  -1.0914464381586493E-013
          12          31   4.2588756603087849E-015
          12          32  -8.3203363770053800E-014
          12          33  -2.5267825123133803E-015
          12          34   1.5216173475237906E-015
          12          35  -7.8996988691720489E-014
          12          36  -5.2596830844210650E-015
          12          37   3.8298640656461029E-017
          12          38  -1.8995471338336257E-014
          12          39   1.0166808796270915E-015
          12          40   5.1578903851815065E-015
          12          41  -1.5906933589327247E-014
          12          42   3.9532394407278638E-014
          12          43   9.0220775129652005E-016
          12          44   4.2159033678156802E-014
          12          45  -3.4209377197208130E-015
          12          46   9.8013051523793812E-016
          12          47   3.7518184824503117E-014
          12          48   1.7495862483769500     
          12          49   1.1641122094063763E-013
          12          50  0.78243875677393571     
          12          51   2.6598948738021382E-013
          12          52  -4.8017145815038052E-015
          12          53  -4.3550720071527750E-016
          12          54  -6.8001160258290838E-015
          12          55  0.78243875677393127     
          12          56   1.1613626726969528E-013
          12          57  -6.5919492087118685E-015
          13           1  -4.4155493689020714E-014
          13           2  -1.1984030248022518E-013
          13           3   3.0748673201768153E-013
          13           4  -1.4495375006801036E-014
          13           5   1.8686013837323373E-013
          13           6   1.0305214084776696E-013
          13           7  -2.8371270365825084E-013
          13           8   1.2767284920503491E-013
          13           9   3.1613166945332338E-015
          13          10  0.46145145923278325     
          13          11  -7.4679845640801555E-016
          13          12   7.1715636901226176E-015
          13          13   2.5314616997547370     
          13          14   1.4502288259166105E-015
          13          15   3.6499449296290016E-014
          13          16  -1.0184716382540149     
          13          17   2.2752633110911802E-014
          13          18  -1.7180007416683909E-013
          13          19  -2.9568967072663090     
          13          20  -9.0830121202145619E-014
          13          21   2.2142010447367969E-014
          13          22  0.32448725188443839     
          13          23   2.0665760769311703E-014
          13          24  -3.1427768373837317E-015
          13          25  -5.3296482612934008E-002
          13          26  -3.0513785942432037E-015
          13          27  -4.3614065267302866E-016
          13          28   2.2038948301602933E-002
          13          29  -1.6176296413483724E-015
          13          30  -9.8969654432762434E-014
          13          31   1.0444921869819529E-014
          13          32  -6.6762068995071371E-014
          13          33   1.2694085111072102E-015
          13          34  -3.5853137596316059E-015
          13          35  -8.8763858584682856E-014
          13          36  -3.9891267898775443E-015
          13          37  -4.7324867405759863E-015
          13          38  -2.3884937263125466E-014
          13          39  -1.5124181209211527E-015
          13          40   6.9852224474168117E-015
          13          41  -1.4331922727174632E-015
          13          42   6.7790071525359679E-014
          13          43  -1.4109722843760297E-015
          13          44   7.1666250234795492E-014
          13          45  -1.6895378398003924E-015
          13          46   2.7323133444680291E-015
          13          47   6.4506158032325215E-014
          13          48   8.2305256360326608E-014
          13          49  0.78243875677379537     
          13          50   3.8617329820023200E-014
          13          51   1.7495862483766418     
          13          52   2.1017909634934995E-014
          13          53   3.8670767719829765E-015
          13          54   1.4571677198205180E-014
          13          55   3.2226174853655649E-014
          13          56  0.78243875677379660     
          13          57   3.4888758548845544E-014
          14           1   1.2719656779540290E-014
          14           2   3.2868090661483389E-014
          14           3  -7.6767835866075345E-014
          14           4  -1.0223808038115188E-014
          14           5  -2.2116695283465232E-014
          14           6  -1.4777814583040542E-015
          14           7  -2.3645832897576450E-014
          14           8   6.9800417965084774E-015
          14           9   5.6378512969245873E-017
          14          10  -4.3888503942213219E-016
          14          11  0.46145145923278419     
          14          12  -6.2103100439969812E-016
          14          13   1.4502288259166105E-015
          14          14   2.5314616997547126     
          14          15   9.6450625264309488E-016
          14          16  -1.2483070133129110E-014
          14          17  -1.0184716382541570     
          14          18  -4.1633363423438731E-016
          14          19   4.4103609653234369E-014
          14          20  -2.9568967072656296     
          14          21  -2.0990154059319985E-016
          14          22  -1.1553258350005538E-014
          14          23  0.32448725188432381     
          14          24   1.4790686037047248E-015
          14          25   5.4628610662854634E-015
          14          26  -5.3296482612908730E-002
          14          27  -2.0373243023175106E-015
          14          28  -3.1641356201816965E-015
          14          29   2.2038948301587487E-002
          14          30   1.0383425975852407E-014
          14          31   4.4891060093744207E-015
          14          32   2.8015128648483371E-015
          14          33  -1.1943473487044009E-015
          14          34   4.0721430802201058E-015
          14          35   7.5241446343255476E-015
          14          36  -2.6307761473648417E-015
          14          37  -2.9692433731093859E-015
          14          38   3.2500764529033134E-015
          14          39  -3.2356241861034116E-015
          14          40  -2.4134722875792152E-015
          14          41   3.6982965341345533E-015
          14          42   8.8892175987967120E-015
          14          43   1.4392863012388627E-015
