           1           1   1.2731059241992875     
           1           2  0.45740241140763049     
           1           3  -1.5028552836641095E-014
           1           4   2.2436451843749091E-014
           1           5  -2.7533733315330417E-015
           1           6 -0.54522015677246849     
           1           7  -1.2986439024251245E-014
           1           8  -1.8126059697256474E-014
           1           9  -4.3160877986604980E-014
           1          10   2.9382481464609450E-002
           1          11   1.7659756935533872E-015
           1          12  -3.2104600133938174E-015
           1          13   1.5042042573940800E-014
           1          14  -7.9604321438556197E-002
           1          15   2.1728761078086559E-015
           1          16  -7.9604321438550188E-002
           1          17  -2.6713378617869760E-016
           1          18  -2.5892234047060255E-015
           1          19  -7.9604321438551590E-002
           1          20  0.13975288425930701     
           1          21  -9.3367158261301710E-015
           1          22  0.13975288425929466     
           1          23   4.2315564535590599E-015
           1          24  -1.1909582694249697E-015
           1          25  0.13975288425929738     
           1          26   5.2355457713631426E-015
           1          27   8.9331862861109301E-015
           1          28   7.1657378044670258E-015
           1          29   7.9830878290464254E-015
           1          30   2.7813820590690422E-015
           1          31  -5.0515294402454706E-016
           1          32   6.8053076401662278E-015
           1          33   4.6117408816536237E-016
           1          34   8.6666085038702834E-015
           1          35   2.3577509081616931E-014
           2           1  0.45740241140763049     
           2           2  0.17208525291148072     
           2           3   1.7742831327806273E-015
           2           4   3.5214196712934317E-015
           2           5   9.7475657109770184E-016
           2           6  -6.3102960362182159E-002
           2           7  -2.2241107627730382E-015
           2           8  -1.0721247190431471E-014
           2           9  -1.3382094108777899E-014
           2          10   2.0351712311962745E-003
           2          11  -3.3021897650396574E-017
           2          12   2.0238187297049519E-016
           2          13   5.3574620901338268E-015
           2          14  -1.9002270919805997E-002
           2          15   1.3281887835515039E-015
           2          16  -1.9002270919803377E-002
           2          17  -8.2671275901861939E-017
           2          18  -1.2188376504999547E-015
           2          19  -1.9002270919804873E-002
           2          20   1.7257054294444199E-002
           2          21  -2.7002670956194709E-015
           2          22   1.7257054294439234E-002
           2          23   1.4404299593269794E-015
           2          24  -4.7442877496717029E-016
           2          25   1.7257054294441927E-002
           2          26   1.7485272442717154E-016
           2          27   3.6009441717887860E-015
           2          28   1.5714157448372810E-015
           2          29   5.5078707443694595E-015
           2          30   8.5999539966894812E-016
           2          31  -1.1462506219723292E-016
           2          32   1.4036637886137431E-015
           2          33  -9.1497904513452081E-016
           2          34   4.7121059253718429E-015
           2          35   6.4800253484776150E-015
           3           1  -1.5028552836641095E-014
           3           2   1.7742831327806273E-015
           3           3   6.8182843073891614E-027
           3           4  -4.4672148601504695E-027
           3           5   1.8506055857082400E-027
           3           6   1.2935689524465457E-013
           3           7   2.4135967502726617E-027
           3           8  -3.6822896310641257E-027
           3           9   2.4764447098305173E-027
           3          10  -8.2352587171502998E-015
           3          11  -6.3876672042366338E-028
           3          12   1.2930233209792212E-027
           3          13  -2.2093927003853199E-028
           3          14   9.8247743543404875E-015
           3          15   4.8119613213475155E-028
           3          16   9.8247743543408425E-015
           3          17   1.5469868249743191E-029
           3          18  -2.3657873374030301E-028
           3          19   9.8247743543399385E-015
           3          20  -3.2155372797587530E-014
           3          21   7.1585408460036714E-028
           3          22  -3.2155372797587858E-014
           3          23  -1.2390459471448732E-028
           3          24  -2.9024524814401072E-029
           3          25  -3.2155372797586299E-014
           3          26  -1.6412447524128978E-027
           3          27   2.5689423868458721E-028
           3          28  -1.0131734972043261E-027
           3          29   2.3493836760689788E-027
           3          30  -1.6178726874448612E-028
           3          31   6.7862864736891746E-029
           3          32  -1.0443333717097346E-027
           3          33  -1.0058405673038979E-027
           3          34   1.3773263402229758E-027
           3          35  -2.1213551969692531E-027
           4           1   2.2436451843749091E-014
           4           2   3.5214196712934317E-015
           4           3  -4.4672148601504695E-027
           4           4   3.0546687701473267E-027
           4           5  -1.1990230182847329E-027
           4           6  -8.7393140436894428E-014
           4           7  -1.6591853617646489E-027
           4           8   2.1461191147550227E-027
           4           9  -2.0053288212158639E-027
           4          10   5.5096202792992309E-015
           4          11   4.2214351629552854E-028
           4          12  -8.5082482926028706E-028
           4          13   2.9253868543172026E-028
           4          14  -7.0253913791179014E-015
           4          15  -2.8243979531631595E-028
           4          16  -7.0253913791180662E-015
           4          17  -1.2501679736800199E-029
           4          18   1.2341807552108894E-028
           4          19  -7.0253913791175077E-015
           4          20   2.1766951169607500E-014
           4          21  -5.4779330654271234E-028
           4          22   2.1766951169607583E-014
           4          23   1.2137176025706010E-028
           4          24   6.2745018352948897E-030
           4          25   2.1766951169606623E-014
           4          26   1.0917415533765548E-027
           4          27  -7.1860975756485297E-029
           4          28   7.1389481781652707E-028
           4          29  -1.4056392085190892E-027
           4          30   1.3061979166918860E-028
           4          31  -4.8072776444405539E-029
           4          32   7.2995325717054193E-028
           4          33   6.4118040868255280E-028
           4          34  -7.8357932250000692E-028
           4          35   1.5817896914655778E-027
           5           1  -2.7533733315330417E-015
           5           2   9.7475657109770184E-016
           5           3   1.8506055857082400E-027
           5           4  -1.1990230182847329E-027
           5           5   5.0370503421223756E-028
           5           6   3.4831732213570988E-014
           5           7   6.4689762234315338E-028
           5           8  -1.0274953648269722E-027
           5           9   6.3184468371445758E-028
           5          10  -2.2231914531592939E-015
           5          11  -1.7299006141716684E-028
           5          12   3.5056455944552061E-028
           5          13  -4.4406283760750300E-029
           5          14   2.6046687835459069E-015
           5          15   1.3406222761552212E-028
           5          16   2.6046687835460110E-015
           5          17   3.9496662193284753E-030
           5          18  -6.7537331730273964E-029
           5          19   2.6046687835457617E-015
           5          20  -8.6539132857528349E-015
           5          21   1.8600083479619162E-028
           5          22  -8.6539132857529406E-015
           5          23  -2.9398016223673868E-029
           5          24  -9.2194132420359284E-030
           5          25  -8.6539132857525098E-015
           5          26  -4.4373371655855626E-028
           5          27   7.9881448845476045E-029
           5          28  -2.6972027508939229E-028
           5          29   6.5173597328506770E-028
           5          30  -4.1319689545808684E-029
           5          31   1.8039069719208543E-029
           5          32  -2.7863638563755084E-028
           5          33  -2.7488046935807087E-028
           5          34   3.8634219933839773E-028
           5          35  -5.5556655750181167E-028
           6           1 -0.54522015677246849     
           6           2  -6.3102960362182159E-002
           6           3   1.2935689524465457E-013
           6           4  -8.7393140436894428E-014
           6           5   3.4831732213570988E-014
           6           6   2.5087246061634016     
           6           7   4.7399020925216723E-014
           6           8  -6.4356029590372046E-014
           6           9   5.4891690072336430E-014
           6          10 -0.15859556206613740     
           6          11  -1.2193821406997286E-014
           6          12   2.4606920290821106E-014
           6          13  -7.2447327557013746E-015
           6          14  0.19855154857729737     
           6          15   8.4510232951101163E-015
           6          16  0.19855154857730270     
           6          17   3.4237670273348420E-016
           6          18  -3.8358916401241121E-015
           6          19  0.19855154857728627     
           6          20 -0.62450133903407345     
           6          21   1.5208720379629386E-014
           6          22 -0.62450133903407690     
           6          23  -3.1810476277591360E-015
           6          24  -2.8742110014871645E-016
           6          25 -0.62450133903404859     
           6          26  -3.1477181275817691E-014
           6          27   2.8812202648392860E-015
           6          28  -2.0256635705143783E-014
           6          29   4.1811900417381464E-014
           6          30  -3.5780575564024748E-015
           6          31   1.3620830078871355E-015
           6          32  -2.0757792573125848E-014
           6          33  -1.8714560212525795E-014
           6          34   2.3676018992273881E-014
           6          35  -4.4211288505012801E-014
           7           1  -1.2986439024251245E-014
           7           2  -2.2241107627730382E-015
           7           3   2.4135967502726617E-027
           7           4  -1.6591853617646489E-027
           7           5   6.4689762234315338E-028
           7           6   4.7399020925216723E-014
           7           7   9.0178647818913586E-028
           7           8  -1.1412391998684151E-027
           7           9   1.1097386899233696E-027
           7          10  -2.9846265901343619E-015
           7          11  -2.2832995261564917E-028
           7          12   4.5994435524928600E-028
           7          13  -1.6820042404007743E-028
           7          14   3.8361453186169902E-015
           7          15   1.5034608933338672E-028
           7          16   3.8361453186170754E-015
           7          17   6.9169648111899993E-030
           7          18  -6.4513664260757198E-029
           7          19   3.8361453186167757E-015
           7          20  -1.1808496681503195E-014
           7          21   3.0137553714232546E-028
           7          22  -1.1808496681503234E-014
           7          23  -6.8334989688800572E-029
           7          24  -2.5154146682327714E-030
           7          25  -1.1808496681502718E-014
           7          26  -5.9098600304239139E-028
           7          27   3.2205094202644736E-029
           7          28  -3.8914887612323091E-028
           7          29   7.5028136509534256E-028
           7          30  -7.2262703729998859E-029
           7          31   2.6221118155052990E-029
           7          32  -3.9752603387635412E-028
           7          33  -3.4520034670991606E-028
           7          34   4.1520480198611992E-028
           7          35  -8.6780082421657221E-028
           8           1  -1.8126059697256474E-014
           8           2  -1.0721247190431471E-014
           8           3  -3.6822896310641257E-027
           8           4   2.1461191147550227E-027
           8           5  -1.0274953648269722E-027
           8           6  -6.4356029590372046E-014
           8           7  -1.1412391998684151E-027
           8           8   2.5440434223021232E-027
           8           9  -5.3951434081310825E-028
           8          10   4.2098608273564900E-015
           8          11   3.3739571759343345E-028
           8          12  -6.9068338309085358E-028
           8          13  -1.8871604310812423E-028
           8          14  -4.0795710678727348E-015
           8          15  -3.2830776667301736E-028
           8          16  -4.0795710678730708E-015
           8          17  -3.4228075779433561E-030
           8          18   1.9359998173105990E-028
           8          19  -4.0795710678725107E-015
           8          20   1.5908171747454429E-014
           8          21  -2.2239979764329522E-028
           8          22   1.5908171747454887E-014
           8          23  -1.6858852843125642E-029
           8          24   4.2233850479011098E-029
           8          25   1.5908171747453908E-014
           8          26   8.5212994261370548E-028
           8          27  -3.3978005494257918E-028
           8          28   4.4278531036680149E-028
           8          29  -1.5473544981242042E-027
           8          30   3.6058085396747517E-029
           8          31  -2.9124907210491792E-029
           8          32   4.6869506449426738E-028
           8          33   5.8037539893490708E-028
           8          34  -9.9150566086851624E-028
           8          35   7.4563385608840583E-028
           9           1  -4.3160877986604980E-014
           9           2  -1.3382094108777899E-014
           9           3   2.4764447098305173E-027
           9           4  -2.0053288212158639E-027
           9           5   6.3184468371445758E-028
           9           6   5.4891690072336430E-014
           9           7   1.1097386899233696E-027
           9           8  -5.3951434081310825E-028
           9           9   2.0458267339194126E-027
           9          10  -3.3325755327996877E-015
           9          11  -2.4289046800222701E-028
           9          12   4.8059369553361541E-028
           9          13  -5.2280248513701963E-028
           9          14   5.3303978904100913E-015
           9          15   7.6456673359103294E-029
           9          16   5.3303978904100132E-015
           9          17   1.2704359376113614E-029
           9          18   8.6552966145384188E-030
           9          19   5.3303978904097892E-015
           9          20  -1.3773302061005644E-014
           9          21   4.9591602639688514E-028
           9          22  -1.3773302061005365E-014
           9          23  -1.6536221524523268E-028
           9          24   2.7615146311000055E-029
           9          25  -1.3773302061004983E-014
           9          26  -6.4530663385849495E-028
           9          27  -1.9553037168450072E-028
           9          28  -5.1796839142669541E-028
           9          29   4.5312759733520166E-028
           9          30  -1.3248911044712602E-028
           9          31   3.5459645796986443E-029
           9          32  -5.1623845138833902E-028
           9          33  -3.1193988965104965E-028
           9          34   1.4443329380031069E-028
           9          35  -1.3452086460402894E-027
          10           1   2.9382481464609450E-002
          10           2   2.0351712311962745E-003
          10           3  -8.2352587171502998E-015
          10           4   5.5096202792992309E-015
          10           5  -2.2231914531592939E-015
          10           6 -0.15859556206613740     
          10           7  -2.9846265901343619E-015
          10           8   4.2098608273564900E-015
          10           9  -3.3325755327996877E-015
          10          10   1.0048426629908425E-002
          10          11   7.7475786525252451E-016
          10          12  -1.5650036866209085E-015
          10          13   3.9868225091046686E-016
          10          14  -1.2391410003199309E-002
          10          15  -5.5191183677888725E-016
          10          16  -1.2391410003199675E-002
          10          17  -2.0795454569910100E-017
          10          18   2.5757056784723424E-016
          10          19  -1.2391410003198615E-002
          10          20   3.9461729579533179E-002
          10          21  -9.3489595736114905E-016
          10          22   3.9461729579533471E-002
          10          23   1.8550673353173784E-016
          10          24   2.3690273655398043E-017
          10          25   3.9461729579531639E-002
          10          26   1.9969822657901061E-015
          10          27  -2.2424421148336079E-016
          10          28   1.2684058439719718E-015
          10          29  -2.7184264090553128E-015
          10          30   2.1737145579168345E-016
          10          31  -8.5186588271426717E-017
          10          32   1.3021548287882073E-015
          10          33   1.1989710989363375E-015
          10          34  -1.5575711107844973E-015
          10          35   2.7334105554965109E-015
          11           1   1.7659756935533872E-015
          11           2  -3.3021897650396574E-017
          11           3  -6.3876672042366338E-028
          11           4   4.2214351629552854E-028
          11           5  -1.7299006141716684E-028
          11           6  -1.2193821406997286E-014
          11           7  -2.2832995261564917E-028
          11           8   3.3739571759343345E-028
          11           9  -2.4289046800222701E-028
          11          10   7.7475786525252451E-016
          11          11   5.9945842452246149E-029
          11          12  -1.2124015819715569E-028
          11          13   2.4901221388989269E-029
          11          14  -9.3716020581664103E-016
          11          15  -4.4146909331525077E-029
          11          16  -9.3716020581667238E-016
          11          17  -1.5165723088714708E-030
          11          18   2.1265546105639341E-029
          11          19  -9.3716020581658857E-016
          11          20   3.0323439321534427E-015
          11          21  -6.9304657408213938E-029
          11          22   3.0323439321534703E-015
          11          23   1.2750897886420119E-029
          11          24   2.3567921419966870E-030
          11          25   3.0323439321533256E-015
          11          26   1.5422617483861072E-028
          11          27  -2.1324090587901783E-029
          11          28   9.6342764026035712E-029
          11          29  -2.1630026514675745E-028
          11          30   1.5857075900550905E-029
          11          31  -6.4603591707272809E-030
          11          32   9.9138054801159679E-029
          11          33   9.3724557706048998E-029
          11          34  -1.2565496678047478E-028
          11          35   2.0419556851292338E-028
          12           1  -3.2104600133938174E-015
          12           2   2.0238187297049519E-016
          12           3   1.2930233209792212E-027
          12           4  -8.5082482926028706E-028
          12           5   3.5056455944552061E-028
          12           6   2.4606920290821106E-014
          12           7   4.5994435524928600E-028
          12           8  -6.9068338309085358E-028
          12           9   4.8059369553361541E-028
          12          10  -1.5650036866209085E-015
          12          11  -1.2124015819715569E-028
          12          12   2.4531445080834726E-028
          12          13  -4.6129902937369374E-029
          12          14   1.8800203801248775E-015
          12          15   9.0314395244909972E-029
          12          16   1.8800203801249430E-015
          12          17   3.0014533096133904E-030
          12          18  -4.3960715778105550E-029
          12          19   1.8800203801247722E-015
          12          20  -6.1179844725901089E-015
          12          21   1.3801031713140511E-028
          12          22  -6.1179844725901672E-015
          12          23  -2.4647977798743424E-029
          12          24  -5.1394444557023767E-030
          12          25  -6.1179844725898738E-015
          12          26  -3.1171690575300477E-028
          12          27   4.5956284951453673E-029
          12          28  -1.9357258844624491E-028
          12          29   4.4171268571729434E-028
          12          30  -3.1386262527224634E-029
          12          31   1.2972909951907825E-029
          12          32  -1.9935703102405361E-028
          12          33  -1.9023778790017551E-028
          12          34   2.5779529254703764E-028
          12          35  -4.0778934497507125E-028
          13           1   1.5042042573940800E-014
          13           2   5.3574620901338268E-015
          13           3  -2.2093927003853199E-028
          13           4   2.9253868543172026E-028
          13           5  -4.4406283760750300E-029
          13           6  -7.2447327557013746E-015
          13           7  -1.6820042404007743E-028
          13           8  -1.8871604310812423E-028
          13           9  -5.2280248513701963E-028
          13          10   3.9868225091046686E-016
          13          11   2.4901221388989269E-029
          13          12  -4.6129902937369374E-029
          13          13   1.7800851517492837E-028
          13          14  -9.9857446735284545E-016
          13          15   2.2362683110795442E-029
          13          16  -9.9857446735277741E-016
          13          17  -3.2366899836227584E-030
          13          18  -2.8847487542884467E-029
          13          19  -9.9857446735278786E-016
          13          20   1.8504536713291352E-015
          13          21  -1.1427105649346580E-028
          13          22   1.8504536713289924E-015
          13          23   5.0479828706266939E-029
          13          24  -1.3790059532476886E-029
          13          25   1.8504536713290137E-015
          13          26   7.2174960513264495E-029
          13          27   1.0318108258971328E-028
          13          28   9.0729703266792947E-029
          13          29   7.8362068637436045E-029
          13          30   3.3704910813465752E-029
          13          31  -6.3727838234466960E-030
          13          32   8.6702439816564698E-029
          13          33   1.1982747956613751E-029
          13          34   9.2734102742764145E-029
          13          35   2.9061110399138842E-028
          14           1  -7.9604321438556197E-002
          14           2  -1.9002270919805997E-002
          14           3   9.8247743543404875E-015
          14           4  -7.0253913791179014E-015
          14           5   2.6046687835459069E-015
          14           6  0.19855154857729737     
          14           7   3.8361453186169902E-015
          14           8  -4.0795710678727348E-015
          14           9   5.3303978904100913E-015
          14          10  -1.2391410003199309E-002
          14          11  -9.3716020581664103E-016
          14          12   1.8800203801248775E-015
          14          13  -9.9857446735284545E-016
          14          14   1.6865138435656200E-002
          14          15   5.4226324269510706E-016
          14          16   1.6865138435656395E-002
          14          17   3.3181880105359108E-017
          14          18  -1.9552314978211390E-016
          14          19   1.6865138435655250E-002
          14          20  -4.9553036995381751E-002
          14          21   1.3941076230875512E-015
          14          22  -4.9553036995381633E-002
          14          23  -3.6353319198215520E-016
          14          24   1.6825018852755787E-017
          14          25  -4.9553036995379669E-002
          14          26  -2.4405585651523963E-015
          14          27  -7.3773436445396001E-017
          14          28  -1.6904441518104251E-015
          14          29   2.7702467648264350E-015
          14          30  -3.4644566374212523E-016
          14          31   1.1440393303718487E-016
          14          32  -1.7152898241235035E-015
          14          33  -1.3673034641002338E-015
          14          34   1.4377520279923432E-015
          14          35  -3.9401054807800841E-015
          15           1   2.1728761078086559E-015
          15           2   1.3281887835515039E-015
          15           3   4.8119613213475155E-028
          15           4  -2.8243979531631595E-028
          15           5   1.3406222761552212E-028
          15           6   8.4510232951101163E-015
          15           7   1.5034608933338672E-028
          15           8  -3.2830776667301736E-028
          15           9   7.6456673359103294E-029
          15          10  -5.5191183677888725E-016
          15          11  -4.4146909331525077E-029
          15          12   9.0314395244909972E-029
          15          13   2.2362683110795442E-029
          15          14   5.4226324269510706E-016
          15          15   4.2392154373340349E-029
          15          16   5.4226324269514986E-016
          15          17   4.8408703936961383E-031
          15          18  -2.4808137550933780E-029
          15          19   5.4226324269507728E-016
          15          20  -2.0897329457660159E-015
          15          21   3.0288108484436639E-029
          15          22  -2.0897329457660735E-015
          15          23   1.5779945547358721E-030
          15          24  -5.3208851969786058E-030
          15          25  -2.0897329457659477E-015
          15          26  -1.1161057667136845E-028
          15          27   4.2901859841921673E-029
          15          28  -5.8641444393652421E-029
          15          29   2.0012759927211066E-028
          15          30  -5.0949235540279384E-030
          15          31   3.8621494927034441E-030
          15          32  -6.1959529800421250E-029
          15          33  -7.5565319826105225E-029
          15          34   1.2772050355867989E-028
          15          35  -1.0042317021354461E-028
          16           1  -7.9604321438550188E-002
          16           2  -1.9002270919803377E-002
          16           3   9.8247743543408425E-015
          16           4  -7.0253913791180662E-015
          16           5   2.6046687835460110E-015
          16           6  0.19855154857730270     
          16           7   3.8361453186170754E-015
          16           8  -4.0795710678730708E-015
          16           9   5.3303978904100132E-015
          16          10  -1.2391410003199675E-002
          16          11  -9.3716020581667238E-016
          16          12   1.8800203801249430E-015
          16          13  -9.9857446735277741E-016
          16          14   1.6865138435656395E-002
          16          15   5.4226324269514986E-016
          16          16   1.6865138435656592E-002
          16          17   3.3181880105358640E-017
          16          18  -1.9552314978214329E-016
          16          19   1.6865138435655451E-002
          16          20  -4.9553036995383062E-002
          16          21   1.3941076230875463E-015
          16          22  -4.9553036995382924E-002
          16          23  -3.6353319198213996E-016
          16          24   1.6825018852747399E-017
          16          25  -4.9553036995380960E-002
          16          26  -2.4405585651524732E-015
          16          27  -7.3773436445330525E-017
          16          28  -1.6904441518104511E-015
          16          29   2.7702467648266303E-015
          16          30  -3.4644566374212039E-016
          16          31   1.1440393303718647E-016
          16          32  -1.7152898241235333E-015
          16          33  -1.3673034641002964E-015
          16          34   1.4377520279924793E-015
          16          35  -3.9401054807800912E-015
          17           1  -2.6713378617869760E-016
          17           2  -8.2671275901861939E-017
          17           3   1.5469868249743191E-029
          17           4  -1.2501679736800199E-029
          17           5   3.9496662193284753E-030
          17           6   3.4237670273348420E-016
          17           7   6.9169648111899993E-030
          17           8  -3.4228075779433561E-030
          17           9   1.2704359376113614E-029
          17          10  -2.0795454569910100E-017
          17          11  -1.5165723088714708E-030
          17          12   3.0014533096133904E-030
          17          13  -3.2366899836227584E-030
          17          14   3.3181880105359108E-017
          17          15   4.8408703936961383E-031
          17          16   3.3181880105358640E-017
          17          17   7.8894864180070511E-032
          17          18   4.7836913276169574E-032
          17          19   3.3181880105357222E-017
          17          20  -8.5901168731012450E-017
          17          21   3.0823490505286473E-030
          17          22  -8.5901168731010737E-017
          17          23  -1.0250563601357191E-030
          17          24   1.6999267438563061E-031
          17          25  -8.5901168731008346E-017
          17          26  -4.0278639687027111E-030
          17          27  -1.2024117793003229E-030
          17          28  -3.2257673125101811E-030
          17          29   2.8569638822525573E-030
          17          30  -8.2277659139751230E-031
          17          31   2.2079725569243984E-031
          17          32  -3.2158202719320284E-030
          17          33  -1.9521449680874954E-030
          17          34   9.2568800300881580E-031
          17          35  -8.3653944113701038E-030
          18           1  -2.5892234047060255E-015
          18           2  -1.2188376504999547E-015
          18           3  -2.3657873374030301E-028
          18           4   1.2341807552108894E-028
          18           5  -6.7537331730273964E-029
          18           6  -3.8358916401241121E-015
          18           7  -6.4513664260757198E-029
          18           8   1.9359998173105990E-028
          18           9   8.6552966145384188E-030
          18          10   2.5757056784723424E-016
          18          11   2.1265546105639341E-029
          18          12  -4.3960715778105550E-029
          18          13  -2.8847487542884467E-029
          18          14  -1.9552314978211390E-016
          18          15  -2.4808137550933780E-029
          18          16  -1.9552314978214329E-016
          18          17   4.7836913276169574E-032
          18          18   1.6012347396259369E-029
          18          19  -1.9552314978210340E-016
          18          20   9.4292766585810154E-016
          18          21  -5.3742014966768118E-030
          18          22   9.4292766585814591E-016
          18          23  -5.6311723759564554E-030
          18          24   4.1552732656872230E-030
          18          25   9.4292766585807630E-016
          18          26   5.2888436440254070E-029
          18          27  -3.2744374976108122E-029
          18          28   2.2780741260851969E-029
          18          29  -1.1453579281980690E-028
          18          30  -4.6927807275871321E-031
          18          31  -1.4626768051453396E-030
          18          32   2.4938407882365223E-029
          18          33   3.9305173006788389E-029
          18          34  -7.7147413014580007E-029
          18          35   2.6188314797764639E-029
          19           1  -7.9604321438551590E-002
          19           2  -1.9002270919804873E-002
          19           3   9.8247743543399385E-015
          19           4  -7.0253913791175077E-015
          19           5   2.6046687835457617E-015
          19           6  0.19855154857728627     
          19           7   3.8361453186167757E-015
          19           8  -4.0795710678725107E-015
          19           9   5.3303978904097892E-015
          19          10  -1.2391410003198615E-002
          19          11  -9.3716020581658857E-016
          19          12   1.8800203801247722E-015
          19          13  -9.9857446735278786E-016
          19          14   1.6865138435655250E-002
          19          15   5.4226324269507728E-016
          19          16   1.6865138435655451E-002
          19          17   3.3181880105357222E-017
          19          18  -1.9552314978210340E-016
          19          19   1.6865138435654299E-002
          19          20  -4.9553036995378982E-002
          19          21   1.3941076230874727E-015
          19          22  -4.9553036995378850E-002
          19          23  -3.6353319198213439E-016
          19          24   1.6825018852754677E-017
          19          25  -4.9553036995376880E-002
          19          26  -2.4405585651522598E-015
          19          27  -7.3773436445390577E-017
          19          28  -1.6904441518103300E-015
          19          29   2.7702467648262824E-015
          19          30  -3.4644566374210550E-016
          19          31   1.1440393303717843E-016
          19          32  -1.7152898241234071E-015
          19          33  -1.3673034641001579E-015
          19          34   1.4377520279922644E-015
          19          35  -3.9401054807798616E-015
          20           1  0.13975288425930701     
          20           2   1.7257054294444199E-002
          20           3  -3.2155372797587530E-014
          20           4   2.1766951169607500E-014
          20           5  -8.6539132857528349E-015
          20           6 -0.62450133903407345     
          20           7  -1.1808496681503195E-014
          20           8   1.5908171747454429E-014
          20           9  -1.3773302061005644E-014
          20          10   3.9461729579533179E-002
          20          11   3.0323439321534427E-015
          20          12  -6.1179844725901089E-015
          20          13   1.8504536713291352E-015
          20          14  -4.9553036995381751E-002
          20          15  -2.0897329457660159E-015
          20          16  -4.9553036995383062E-002
          20          17  -8.5901168731012450E-017
          20          18   9.4292766585810154E-016
          20          19  -4.9553036995378982E-002
          20          20  0.15547231202206621     
          20          21  -3.8069871841484220E-015
          20          22  0.15547231202206707     
          20          23   8.0422127393443415E-016
          20          24   6.7173102864083576E-017
          20          25  0.15547231202206002     
          20          26   7.8300678148081706E-015
          20          27  -6.8385983075880685E-016
          20          28   5.0521665580525494E-015
          20          29  -1.0348727706674055E-014
          20          30   8.9768657764485697E-016
          20          31  -3.3979576648164924E-016
          20          32   5.1752821588667054E-015
          20          33   4.6460620641154708E-015
          20          34  -5.8455020952843028E-015
          20          35   1.1054355691168110E-014
          21           1  -9.3367158261301710E-015
          21           2  -2.7002670956194709E-015
          21           3   7.1585408460036714E-028
          21           4  -5.4779330654271234E-028
          21           5   1.8600083479619162E-028
          21           6   1.5208720379629386E-014
          21           7   3.0137553714232546E-028
          21           8  -2.2239979764329522E-028
          21           9   4.9591602639688514E-028
          21          10  -9.3489595736114905E-016
          21          11  -6.9304657408213938E-029
          21          12   1.3801031713140511E-028
          21          13  -1.1427105649346580E-028
          21          14   1.3941076230875512E-015
          21          15   3.0288108484436639E-029
          21          16   1.3941076230875463E-015
          21          17   3.0823490505286473E-030
          21          18  -5.3742014966768118E-030
          21          19   1.3941076230874727E-015
          21          20  -3.8069871841484220E-015
          21          21   1.2370687832679311E-028
          21          22  -3.8069871841483754E-015
          21          23  -3.7777788233346360E-029
          21          24   4.8051267993450672E-030
          21          25  -3.8069871841482492E-015
          21          26  -1.8243901868189639E-028
          21          27  -3.2468786041905402E-029
          21          28  -1.3723759749754691E-028
          21          29   1.6430794106200695E-028
          21          30  -3.2158531857313024E-029
          21          31   9.3498516590875509E-030
          21          32  -1.3782402897506342E-028
          21          33  -9.4616748674704272E-029
          21          34   7.1380892635047031E-029
          21          35  -3.4099448877124530E-028
          22           1  0.13975288425929466     
          22           2   1.7257054294439234E-002
          22           3  -3.2155372797587858E-014
          22           4   2.1766951169607583E-014
          22           5  -8.6539132857529406E-015
          22           6 -0.62450133903407690     
          22           7  -1.1808496681503234E-014
          22           8   1.5908171747454887E-014
          22           9  -1.3773302061005365E-014
          22          10   3.9461729579533471E-002
          22          11   3.0323439321534703E-015
          22          12  -6.1179844725901672E-015
          22          13   1.8504536713289924E-015
          22          14  -4.9553036995381633E-002
          22          15  -2.0897329457660735E-015
          22          16  -4.9553036995382924E-002
          22          17  -8.5901168731010737E-017
          22          18   9.4292766585814591E-016
          22          19  -4.9553036995378850E-002
          22          20  0.15547231202206707     
          22          21  -3.8069871841483754E-015
          22          22  0.15547231202206790     
          22          23   8.0422127393439835E-016
          22          24   6.7173102864098256E-017
          22          25  0.15547231202206091     
          22          26   7.8300678148082337E-015
          22          27  -6.8385983075891975E-016
          22          28   5.0521665580525462E-015
          22          29  -1.0348727706674309E-014
          22          30   8.9768657764483962E-016
          22          31  -3.3979576648164880E-016
          22          32   5.1752821588667094E-015
          22          33   4.6460620641155379E-015
          22          34  -5.8455020952844937E-015
          22          35   1.1054355691168014E-014
          23           1   4.2315564535590599E-015
          23           2   1.4404299593269794E-015
          23           3  -1.2390459471448732E-028
          23           4   1.2137176025706010E-028
          23           5  -2.9398016223673868E-029
          23           6  -3.1810476277591360E-015
          23           7  -6.8334989688800572E-029
          23           8  -1.6858852843125642E-029
          23           9  -1.6536221524523268E-028
          23          10   1.8550673353173784E-016
          23          11   1.2750897886420119E-029
          23          12  -2.4647977798743424E-029
          23          13   5.0479828706266939E-029
          23          14  -3.6353319198215520E-016
