           1           1  0.65361341074456569     
           1           2  0.57313319460885315     
           1           3   3.4500835682750270E-015
           1           4   1.6787679660136041E-015
           1           5   3.6621061477419785E-015
           1           6 -0.14342014265538000     
           1           7  -8.2567222196755772E-015
           1           8  -8.1095536281384661E-015
           1           9  -1.0456127541749490E-014
           1          10 -0.11723744410745335     
           1          11  -1.0886822823673076E-016
           1          12  -3.2415309697562158E-015
           1          13  -4.2994367094767676E-015
           1          14  -1.9581174228128300E-003
           1          15  -5.5549344445960804E-016
           1          16  -1.9581174228116387E-003
           1          17   7.0285624649239717E-016
           1          18  -2.2731649878109779E-016
           1          19  -1.9581174228153562E-003
           1          20  -4.9295133465097670E-003
           1          21  -1.1604909976066188E-015
           1          22  -4.9295133465105199E-003
           1          23   1.9491532313772292E-016
           1          24   5.7895368890850434E-016
           1          25  -4.9295133465084746E-003
           1          26   4.3072676708143244E-015
           1          27   1.2955160671799119E-015
           1          28   3.3664424380074816E-015
           1          29   4.6440919274629505E-015
           1          30   3.4916309588302827E-015
           1          31  -1.2214879122041781E-016
           1          32   2.4195845042887880E-015
           1          33   3.0979169866518592E-015
           1          34   1.7596713602365626E-015
           1          35   6.5667647205494520E-015
           2           1  0.57313319460885315     
           2           2  0.52096437647270522     
           2           3   3.0151625767593296E-015
           2           4   1.1310036238634254E-015
           2           5   2.9409352418542516E-015
           2           6 -0.23712223390659631     
           2           7  -6.1410901727361236E-015
           2           8  -6.6402508631728850E-015
           2           9  -8.2501371792712946E-015
           2          10 -0.19183944650819451     
           2          11  -3.4000920660825006E-016
           2          12  -4.3833061078355003E-015
           2          13  -6.3457588827456377E-015
           2          14  -2.8452672723075765E-003
           2          15  -4.4008000325814044E-016
           2          16  -2.8452672723056085E-003
           2          17   5.2858827953047067E-016
           2          18   2.5619172189652413E-016
           2          19  -2.8452672723094648E-003
           2          20  -7.6169922529627475E-003
           2          21  -2.1205390827802185E-015
           2          22  -7.6169922529626217E-003
           2          23   6.8587409553464741E-016
           2          24  -3.3389862797363013E-016
           2          25  -7.6169922529601523E-003
           2          26   3.7468498277979379E-015
           2          27   9.1937506387057607E-016
           2          28   3.1255461302692295E-015
           2          29   3.6160519708240209E-015
           2          30   2.9094550440283007E-015
           2          31  -2.5433874563415003E-016
           2          32   1.5848751878017065E-015
           2          33   2.8145236044973851E-015
           2          34   1.8172087857390085E-015
           2          35   5.7687636212674033E-015
           3           1   3.4500835682750270E-015
           3           2   3.0151625767593296E-015
           3           3   9.3848706084966718E-002
           3           4   2.1510571102112332E-016
           3           5   8.4611137540769565E-016
           3           6   2.7555259651400348E-016
           3           7  0.14939242221713023     
           3           8  -1.3183898417425898E-016
           3           9  -5.8937230096313254E-016
           3          10  -3.3981710305626948E-015
           3          11  0.12573928305895110     
           3          12  -9.0726037793590857E-016
           3          13   3.8294020732183239E-016
           3          14  -3.3995430570043383E-017
           3          15  -9.6822657394367522E-017
           3          16   1.9162994871945741E-016
           3          17  -5.5028848301085734E-016
           3          18   2.3694405260473644E-016
           3          19  -2.1915747202717256E-016
           3          20  -1.6644035442625982E-016
           3          21   5.2779744207425579E-018
           3          22  -3.5655461644117896E-016
           3          23   2.4384262059743814E-017
           3          24   4.2050465793956161E-016
           3          25   1.3539245530641056E-015
           3          26   5.4196901542180923E-004
           3          27   8.1677693037837501E-017
           3          28   2.4237605937073046E-004
           3          29   2.4448758989558682E-017
           3          30   1.9606271630103323E-017
           3          31  -1.1773990862798240E-016
           3          32   3.2041985845208965E-016
           3          33   2.4237605937123773E-004
           3          34   1.4528986737664248E-016
           3          35   3.7424964928306278E-016
           4           1   1.6787679660136041E-015
           4           2   1.1310036238634254E-015
           4           3   2.1510571102112332E-016
           4           4   9.3848706084965372E-002
           4           5   4.9960036108133306E-016
           4           6   4.6882727094686133E-015
           4           7  -4.4582393332608715E-016
           4           8  0.14939242221712998     
           4           9   1.2628786905110761E-015
           4          10  -1.1099177365188910E-015
           4          11   1.3478801408340063E-015
           4          12  0.12573928305895074     
           4          13  -6.0021432268786136E-016
           4          14   3.2198648466579733E-016
           4          15  -3.3709690379029251E-016
           4          16  -3.2780132036332663E-016
           4          17   1.0404479437502241E-016
           4          18  -4.7202918185451402E-016
           4          19   7.2004960045171005E-016
           4          20   1.6105253322810195E-015
           4          21  -1.8566884825335716E-016
           4          22   6.1086760968636738E-016
           4          23   7.0402960115293431E-016
           4          24  -7.4927331405496213E-016
           4          25   1.3181098964569621E-015
           4          26   2.0308461943364933E-017
           4          27   2.4237605937068918E-004
           4          28   5.7904866340197523E-016
           4          29   5.4196901542162600E-004
           4          30  -3.4907921822243540E-016
           4          31   2.5672005631412576E-016
           4          32  -4.1233563872336915E-016
           4          33   7.3156541588448984E-017
           4          34   2.4237605937086438E-004
           4          35  -2.4057090954738299E-016
           5           1   3.6621061477419785E-015
           5           2   2.9409352418542516E-015
           5           3   8.4611137540769565E-016
           5           4   4.9960036108133306E-016
           5           5   9.3848706084965150E-002
           5           6   5.6485813168540025E-016
           5           7   1.6306400674181596E-015
           5           8   1.2073675392798479E-015
           5           9  0.14939242221713209     
           5          10   4.4158022865981735E-017
           5          11  -1.0408340855860149E-016
           5          12   2.2551405187700593E-016
           5          13  0.12573928305894932     
           5          14   2.0473325908757879E-017
           5          15   1.6725130718619312E-016
           5          16   2.2474027754688588E-016
           5          17  -1.4990373548612510E-016
           5          18  -5.2400010239660272E-017
           5          19  -4.8097965156656756E-016
           5          20   2.8518407533593394E-016
           5          21   5.0516782728864304E-016
           5          22   9.5564224771640703E-017
           5          23   1.6507887213113107E-016
           5          24  -5.9071051642227568E-016
           5          25  -6.4965220685340356E-016
           5          26  -2.9539596409134826E-016
           5          27  -1.3515257706389227E-016
           5          28  -1.6526205723993652E-016
           5          29  -5.1742193429153564E-016
           5          30   2.4237605937000556E-004
           5          31  -1.4318543840083503E-016
           5          32   2.4237605937008902E-004
           5          33   2.5171362796851035E-016
           5          34  -1.3032787739633895E-016
           5          35   5.4196901542015539E-004
           6           1 -0.14342014265538000     
           6           2 -0.23712223390659631     
           6           3   2.7555259651400348E-016
           6           4   4.6882727094686133E-015
           6           5   5.6485813168540025E-016
           6           6  0.71086018987185495     
           6           7  -3.3497832780007764E-015
           6           8   3.5501637780896461E-015
           6           9  -3.4703938633032881E-015
           6          10  0.55149983619897136     
           6          11   2.2037263034446340E-015
           6          12   1.3009774684577598E-014
           6          13   1.4989350423369403E-014
           6          14   7.4769553945533539E-003
           6          15  -1.6427991914686243E-016
           6          16   7.4769553945478991E-003
           6          17   3.8673705300757868E-016
           6          18  -2.4762025926979321E-015
           6          19   7.4769553945518881E-003
           6          20   2.2972573077914095E-002
           6          21   6.4687175265056495E-015
           6          22   2.2972573077909741E-002
           6          23  -2.7605869893200767E-015
           6          24   4.5266652965839293E-015
           6          25   2.2972573077905491E-002
           6          26  -5.1298697588625390E-016
           6          27   9.8503959414537729E-016
           6          28  -1.5440939166355101E-015
           6          29   1.8149088943999273E-015
           6          30   1.7244951954734023E-016
           6          31   8.4339129806274620E-016
           6          32   2.5007689181056511E-015
           6          33  -1.0473040079706071E-015
           6          34  -1.7999142371047694E-015
           6          35  -1.3331485864432067E-015
           7           1  -8.2567222196755772E-015
           7           2  -6.1410901727361236E-015
           7           3  0.14939242221713023     
           7           4  -4.4582393332608715E-016
           7           5   1.6306400674181596E-015
           7           6  -3.3497832780007764E-015
           7           7  0.23780930762855093     
           7           8  -1.4571677198205004E-015
           7           9  -4.9526355239128228E-016
           7          10  -8.1431512857145143E-015
           7          11  0.20015721950407470     
           7          12  -2.4980018054067146E-015
           7          13   9.8835870043767520E-016
           7          14  -8.8108195859032433E-017
           7          15  -1.5412648631027952E-016
           7          16   2.7105202415724966E-016
           7          17  -8.7597296568751404E-016
           7          18   3.7717777287755204E-016
           7          19  -3.8285712772921877E-016
           7          20  -3.9511317012516875E-016
           7          21   8.4017075568201033E-018
           7          22  -6.9774526048890474E-016
           7          23   3.8815921125068662E-017
           7          24   6.6937746958703201E-016
           7          25   2.0250693306146801E-015
           7          26   8.6272967799038151E-004
           7          27   1.2799006646189908E-016
           7          28   3.8582467577181226E-004
           7          29   3.4369208867742734E-017
           7          30   3.1911966287777181E-017
           7          31  -1.8742346991586321E-016
           7          32   5.1077950191914543E-016
           7          33   3.8582467577261983E-004
           7          34   2.2926132563565624E-016
           7          35   5.9736829198518739E-016
           8           1  -8.1095536281384661E-015
           8           2  -6.6402508631728850E-015
           8           3  -1.3183898417425898E-016
           8           4  0.14939242221712998     
           8           5   1.2073675392798479E-015
           8           6   3.5501637780896461E-015
           8           7  -1.4571677198205004E-015
           8           8  0.23780930762855346     
           8           9   2.6575963651964740E-015
           8          10  -4.4589611754592472E-015
           8          11   1.5126788710518044E-015
           8          12  0.20015721950407664     
           8          13  -4.0939474033037955E-016
           8          14   4.8198207321285812E-016
           8          15  -5.3660540544408461E-016
           8          16  -5.5237820909690468E-016
           8          17   1.6562299576825551E-016
           8          18  -7.5139643130051372E-016
           8          19   1.1156361270974427E-015
           8          20   2.4274281613793576E-015
           8          21  -2.9555568880965352E-016
           8          22   8.3612983882961546E-016
           8          23   1.1207047152421830E-015
           8          24  -1.1927256108144063E-015
           8          25   1.9619486457440474E-015
           8          26   2.9612271835975470E-017
           8          27   3.8582467577175138E-004
           8          28   9.2052830202162439E-016
           8          29   8.6272967799010060E-004
           8          30  -5.5463717386212839E-016
           8          31   4.0865806940122181E-016
           8          32  -6.5531889810453307E-016
           8          33   1.1523713840802852E-016
           8          34   3.8582467577203029E-004
           8          35  -3.8058206759674983E-016
           9           1  -1.0456127541749490E-014
           9           2  -8.2501371792712946E-015
           9           3  -5.8937230096313254E-016
           9           4   1.2628786905110761E-015
           9           5  0.14939242221713209     
           9           6  -3.4703938633032881E-015
           9           7  -4.9526355239128228E-016
           9           8   2.6575963651964740E-015
           9           9  0.23780930762856076     
           9          10  -4.1648877190296334E-015
           9          11  -2.7538735181132116E-015
           9          12   9.8532293435471895E-016
           9          13  0.20015721950407772     
           9          14   1.5770461737344017E-017
           9          15   2.6623785177077920E-016
           9          16   3.4093141447874048E-016
           9          17  -2.3862323816585050E-016
           9          18  -8.3412598643758256E-017
           9          19  -7.8246403779002122E-016
           9          20   4.3886953927179540E-016
           9          21   8.0414795784700959E-016
           9          22   1.3702447440116720E-016
           9          23   2.6277967585637321E-016
           9          24  -9.4031850367305938E-016
           9          25  -1.0492432158074217E-015
           9          26  -4.8137898832000053E-016
           9          27  -2.1392664115855822E-016
           9          28  -2.6805543461989141E-016
           9          29  -8.2093077995174663E-016
           9          30   3.8582467577066956E-004
           9          31  -2.2792876280635903E-016
           9          32   3.8582467577080243E-004
           9          33   3.9570838196879455E-016
           9          34  -2.0625591078819343E-016
           9          35   8.6272967798777390E-004
          10           1 -0.11723744410745335     
          10           2 -0.19183944650819451     
          10           3  -3.3981710305626948E-015
          10           4  -1.1099177365188910E-015
          10           5   4.4158022865981735E-017
          10           6  0.55149983619897136     
          10           7  -8.1431512857145143E-015
          10           8  -4.4589611754592472E-015
          10           9  -4.1648877190296334E-015
          10          10  0.48358959314713706     
          10          11  -1.1459228999031138E-015
          10          12   7.2480272768276961E-015
          10          13   1.5314495735627125E-014
          10          14   5.2415475979622431E-003
          10          15  -1.0750300431045810E-016
          10          16   5.2415475979565957E-003
          10          17   2.7195334236914721E-016
          10          18  -2.7307146580435647E-015
          10          19   5.2415475979612040E-003
          10          20   1.2022239718409445E-002
          10          21   6.6770006490064345E-015
          10          22   1.2022239718405128E-002
          10          23  -3.5021209193204090E-015
          10          24   5.0450088183022109E-015
          10          25   1.2022239718400850E-002
          10          26  -1.2488642842936766E-015
          10          27   9.4911280146598621E-016
          10          28  -2.0683451913069866E-015
          10          29   1.2328966144832837E-015
          10          30   7.6925769552753211E-017
          10          31   9.3288833945631920E-016
          10          32   2.7259734976648393E-015
          10          33  -1.5482946182072711E-015
          10          34  -2.1873115655644715E-015
          10          35  -1.5487231439984820E-015
          11           1  -1.0886822823673076E-016
          11           2  -3.4000920660825006E-016
          11           3  0.12573928305895110     
          11           4   1.3478801408340063E-015
          11           5  -1.0408340855860149E-016
          11           6   2.2037263034446340E-015
          11           7  0.20015721950407470     
          11           8   1.5126788710518044E-015
          11           9  -2.7538735181132116E-015
          11          10  -1.1459228999031138E-015
          11          11  0.16846654539770620     
          11          12   2.0296264668941474E-016
          11          13  -1.1444838132755545E-015
          11          14  -4.1670981814614574E-017
          11          15  -1.2972380795115315E-016
          11          16   2.6062379256484086E-016
          11          17  -7.3728112209388190E-016
          11          18   3.1745962776114614E-016
          11          19  -2.8975263699981973E-016
          11          20  -3.6195906475708526E-016
          11          21   7.0714743693200841E-018
          11          22  -6.1667574655554049E-016
          11          23   3.2670238698161253E-017
          11          24   5.6339566540645914E-016
          11          25   1.6750385821017098E-015
          11          26   7.2613462968372348E-004
          11          27   1.1217426727078979E-016
          11          28   3.2473747595771369E-004
          11          29   3.8868647883612563E-017
          11          30   2.3073177483208451E-017
          11          31  -1.5774891648377148E-016
          11          32   4.2607874829262051E-016
          11          33   3.2473747595839338E-004
          11          34   1.9740272242348726E-016
          11          35   4.9427421790897199E-016
          12           1  -3.2415309697562158E-015
          12           2  -4.3833061078355003E-015
          12           3  -9.0726037793590857E-016
          12           4  0.12573928305895074     
          12           5   2.2551405187700593E-016
          12           6   1.3009774684577598E-014
          12           7  -2.4980018054067146E-015
          12           8  0.20015721950407664     
          12           9   9.8532293435471895E-016
          12          10   7.2480272768276961E-015
          12          11   2.0296264668941474E-016
          12          12  0.16846654539770761     
          12          13  -1.4016565685886768E-015
          12          14   4.7032050478356953E-016
          12          15  -4.5164525726768078E-016
          12          16  -4.0027064296070254E-016
          12          17   1.3940008761428797E-016
          12          18  -6.3242865442984284E-016
          12          19   1.0036488039059853E-015
          12          20   2.0155642592265948E-015
          12          21  -2.4876067917875251E-016
          12          22   6.7621446329435570E-016
          12          23   9.4326476084916774E-016
          12          24  -1.0038826666312032E-015
          12          25   1.6237836072629986E-015
          12          26   2.0322014470454478E-017
          12          27   3.2473747595766208E-004
          12          28   7.7272444085748466E-016
          12          29   7.2613462968348615E-004
          12          30  -4.6886322949135689E-016
          12          31   3.4395568329487524E-016
          12          32  -5.5359362927099651E-016
          12          33   9.4928676464612001E-017
          12          34   3.2473747595789681E-004
          12          35  -3.2488118098534096E-016
          13           1  -4.2994367094767676E-015
          13           2  -6.3457588827456377E-015
          13           3   3.8294020732183239E-016
          13           4  -6.0021432268786136E-016
          13           5  0.12573928305894932     
          13           6   1.4989350423369403E-014
          13           7   9.8835870043767520E-016
          13           8  -4.0939474033037955E-016
          13           9  0.20015721950407772     
          13          10   1.5314495735627125E-014
          13          11  -1.1444838132755545E-015
          13          12  -1.4016565685886768E-015
          13          13  0.16846654539770423     
          13          14   1.3807217951200872E-016
          13          15   2.2408470328003821E-016
          13          16   4.1175075349620934E-016
          13          17  -2.0084228130773647E-016
          13          18  -7.0205972939687806E-017
          13          19  -5.3377872292279947E-016
          13          20   4.0902554459019246E-016
          13          21   6.7682808935307247E-016
          13          22   1.5497127939738526E-016
          13          23   2.2117405658359282E-016
          13          24  -7.9143890127856771E-016
          13          25  -8.4347594214945397E-016
          13          26  -4.0016377527143519E-016
          13          27  -1.8434147437681326E-016
          13          28  -2.2337275258643343E-016
          13          29  -7.0055723375149232E-016
          13          30   3.2473747595674327E-004
          13          31  -1.9184105055960194E-016
          13          32   3.2473747595685511E-004
          13          33   3.3532255612600150E-016
          13          34  -1.7789047145065920E-016
          13          35   7.2613462968150943E-004
          14           1  -1.9581174228128300E-003
          14           2  -2.8452672723075765E-003
          14           3  -3.3995430570043383E-017
          14           4   3.2198648466579733E-016
          14           5   2.0473325908757879E-017
          14           6   7.4769553945533539E-003
          14           7  -8.8108195859032433E-017
          14           8   4.8198207321285812E-016
          14           9   1.5770461737344017E-017
          14          10   5.2415475979622431E-003
          14          11  -4.1670981814614574E-017
          14          12   4.7032050478356953E-016
          14          13   1.3807217951200872E-016
          14          14   8.7295569847614622E-005
          14          15  -2.5471724995406982E-018
          14          16   8.7295569847572690E-005
          14          17   3.8592175392634039E-018
          14          18  -1.6693841935688495E-017
          14          19   8.7295569847602004E-005
          14          20   3.0570151483048740E-004
          14          21   5.0115398256433839E-017
          14          22   3.0570151483045807E-004
          14          23  -1.4325358249451079E-017
          14          24   3.0063700261589297E-017
          14          25   3.0570151483041698E-004
          14          26   2.5371512716237268E-019
          14          27   6.5270370382415790E-018
          14          28  -8.1645251605455156E-018
          14          29   1.7599858291366611E-017
          14          30  -1.2121022407877139E-018
          14          31   4.7946557341894479E-018
          14          32   1.3304659193120117E-017
          14          33  -8.1212957294664439E-018
          14          34  -1.4014987016309770E-017
          14          35  -2.0794283701107523E-017
          15           1  -5.5549344445960804E-016
          15           2  -4.4008000325814044E-016
          15           3  -9.6822657394367522E-017
          15           4  -3.3709690379029251E-016
          15           5   1.6725130718619312E-016
          15           6  -1.6427991914686243E-016
          15           7  -1.5412648631027952E-016
          15           8  -5.3660540544408461E-016
          15           9   2.6623785177077920E-016
          15          10  -1.0750300431045810E-016
          15          11  -1.2972380795115315E-016
          15          12  -4.5164525726768078E-016
          15          13   2.2408470328003821E-016
          15          14  -2.5471724995406982E-018
          15          15   2.6645721774905501E-030
          15          16  -2.5471724995379087E-018
          15          17  -9.6421207932396429E-031
          15          18   2.1695721376709601E-030
          15          19  -2.5471724995404417E-018
          15          20  -8.6648757132961170E-018
          15          21   7.8339087975369588E-031
          15          22  -8.6648757132927289E-018
          15          23  -1.9011273501311988E-030
          15          24  -5.1018082958123330E-031
          15          25  -8.6648757132965022E-018
          15          26  -5.5914335410771562E-019
          15          27  -8.7059505213537055E-019
          15          28  -2.5005666179731716E-019
          15          29  -1.9467085340958655E-018
          15          30   4.3194748709057566E-019
          15          31  -7.1480873500033716E-031
          15          32   4.3194748709169559E-019
          15          33  -2.5005666179354653E-019
          15          34  -8.7059505213506741E-019
          15          35   9.6586335672173553E-019
          16           1  -1.9581174228116387E-003
          16           2  -2.8452672723056085E-003
          16           3   1.9162994871945741E-016
          16           4  -3.2780132036332663E-016
          16           5   2.2474027754688588E-016
          16           6   7.4769553945478991E-003
          16           7   2.7105202415724966E-016
          16           8  -5.5237820909690468E-016
          16           9   3.4093141447874048E-016
          16          10   5.2415475979565957E-003
          16          11   2.6062379256484086E-016
          16          12  -4.0027064296070254E-016
          16          13   4.1175075349620934E-016
          16          14   8.7295569847572690E-005
          16          15  -2.5471724995379087E-018
          16          16   8.7295569847530732E-005
          16          17   3.8592175392587694E-018
          16          18  -1.6693841935644867E-017
          16          19   8.7295569847560073E-005
          16          20   3.0570151483046094E-004
          16          21   5.0115398256343977E-017
          16          22   3.0570151483043151E-004
          16          23  -1.4325358249399458E-017
          16          24   3.0063700261520001E-017
          16          25   3.0570151483039047E-004
          16          26   1.5566842331963883E-018
          16          27   4.8488784979549114E-018
          16          28  -7.5818193075792065E-018
          16          29   1.3847383999319524E-017
          16          30  -6.8455720726399112E-019
          16          31   4.7946557341729797E-018
          16          32   1.3832204226605100E-017
          16          33  -7.5385898765034720E-018
          16          34  -1.5693145556551839E-017
          16          35  -1.9614657862003825E-017
          17           1   7.0285624649239717E-016
          17           2   5.2858827953047067E-016
          17           3  -5.5028848301085734E-016
          17           4   1.0404479437502241E-016
          17           5  -1.4990373548612510E-016
          17           6   3.8673705300757868E-016
          17           7  -8.7597296568751404E-016
          17           8   1.6562299576825551E-016
          17           9  -2.3862323816585050E-016
          17          10   2.7195334236914721E-016
          17          11  -7.3728112209388190E-016
          17          12   1.3940008761428797E-016
          17          13  -2.0084228130773647E-016
          17          14   3.8592175392634039E-018
          17          15  -9.6421207932396429E-031
          17          16   3.8592175392587694E-018
          17          17   4.7836141526132321E-030
          17          18  -3.7512658230102822E-030
          17          19   3.8592175392614626E-018
          17          20   1.4561680005949523E-017
          17          21   1.9852995283332991E-030
          17          22   1.4561680005946087E-017
          17          23  -1.0397962804288147E-030
          17          24   1.3573077453565568E-030
          17          25   1.4561680005937268E-017
          17          26  -3.1778734068512185E-018
          17          27   2.6870873676197953E-019
          17          28  -1.4211890562253705E-018
          17          29   6.0085063630891633E-019
          17          30  -3.8714520644221481E-019
          17          31   1.5520460796082650E-030
          17          32  -3.8714520644408503E-019
          17          33  -1.4211890562297796E-018
          17          34   2.6870873676045101E-019
          17          35  -8.6568247254518823E-019
          18           1  -2.2731649878109779E-016
          18           2   2.5619172189652413E-016
          18           3   2.3694405260473644E-016
          18           4  -4.7202918185451402E-016
          18           5  -5.2400010239660272E-017
          18           6  -2.4762025926979321E-015
          18           7   3.7717777287755204E-016
          18           8  -7.5139643130051372E-016
          18           9  -8.3412598643758256E-017
          18          10  -2.7307146580435647E-015
          18          11   3.1745962776114614E-016
          18          12  -6.3242865442984284E-016
          18          13  -7.0205972939687806E-017
          18          14  -1.6693841935688495E-017
          18          15   2.1695721376709601E-030
          18          16  -1.6693841935644867E-017
          18          17  -3.7512658230102822E-030
          18          18   2.4571497861498432E-029
          18          19  -1.6693841935683019E-017
          18          20   6.5408670343067445E-018
          18          21  -4.6601503786529549E-029
          18          22   6.5408670343436399E-018
          18          23   2.6609854869250609E-029
          18          24  -3.5216227185750307E-029
          18          25   6.5408670343713579E-018
          18          26   1.3683335685502457E-018
          18          27  -1.2190745912155699E-018
          18          28   6.1193774702407930E-019
          18          29  -2.7259319985650728E-018
          18          30  -1.3532960147147405E-019
          18          31  -8.8559508398564291E-030
          18          32  -1.3532960149054381E-019
          18          33   6.1193774702333820E-019
          18          34  -1.2190745911924097E-018
          18          35  -3.0260600430064937E-019
          19           1  -1.9581174228153562E-003
          19           2  -2.8452672723094648E-003
          19           3  -2.1915747202717256E-016
          19           4   7.2004960045171005E-016
          19           5  -4.8097965156656756E-016
          19           6   7.4769553945518881E-003
          19           7  -3.8285712772921877E-016
          19           8   1.1156361270974427E-015
          19           9  -7.8246403779002122E-016
          19          10   5.2415475979612040E-003
          19          11  -2.8975263699981973E-016
          19          12   1.0036488039059853E-015
          19          13  -5.3377872292279947E-016
          19          14   8.7295569847602004E-005
          19          15  -2.5471724995404417E-018
          19          16   8.7295569847560073E-005
          19          17   3.8592175392614626E-018
          19          18  -1.6693841935683019E-017
          19          19   8.7295569847589401E-005
          19          20   3.0570151483043682E-004
          19          21   5.0115398256417895E-017
          19          22   3.0570151483040744E-004
          19          23  -1.4325358249443080E-017
          19          24   3.0063700261573896E-017
          19          25   3.0570151483036645E-004
          19          26  -8.1558133402401943E-019
          19          27   7.5550849827369258E-018
          19          28  -8.6427293662962268E-018
          19          29   1.9898641982007939E-017
          19          30  -2.5071674762263390E-018
          19          31   4.7946557341892415E-018
          19          32   1.2009593957678073E-017
          19          33  -8.5994999352248773E-018
          19          34  -1.2986939071809588E-017
          19          35  -2.3690135842518549E-017
          20           1  -4.9295133465097670E-003
          20           2  -7.6169922529627475E-003
          20           3  -1.6644035442625982E-016
          20           4   1.6105253322810195E-015
          20           5   2.8518407533593394E-016
          20           6   2.2972573077914095E-002
          20           7  -3.9511317012516875E-016
          20           8   2.4274281613793576E-015
          20           9   4.3886953927179540E-016
          20          10   1.2022239718409445E-002
          20          11  -3.6195906475708526E-016
          20          12   2.0155642592265948E-015
          20          13   4.0902554459019246E-016
          20          14   3.0570151483048740E-004
          20          15  -8.6648757132961170E-018
          20          16   3.0570151483046094E-004
          20          17   1.4561680005949523E-017
          20          18   6.5408670343067445E-018
          20          19   3.0570151483043682E-004
          20          20   1.3574645657002758E-003
          20          21   3.3964948744558669E-017
          20          22   1.3574645657002460E-003
          20          23   5.4391408811971421E-017
          20          24  -1.7307274663500295E-017
          20          25   1.3574645657001992E-003
          20          26   6.4502818064431665E-017
          20          27   1.0276331507467392E-017
          20          28   3.8726621959738977E-017
          20          29   7.4207132464293136E-017
          20          30   5.4452911677920561E-018
          20          31  -4.2275231229039570E-018
          20          32  -1.0045385993377378E-017
          20          33   3.3279988765971115E-017
          20          34   1.9790000722147983E-017
          20          35  -1.0845734042905842E-017
          21           1  -1.1604909976066188E-015
          21           2  -2.1205390827802185E-015
          21           3   5.2779744207425579E-018
          21           4  -1.8566884825335716E-016
          21           5   5.0516782728864304E-016
          21           6   6.4687175265056495E-015
          21           7   8.4017075568201033E-018
          21           8  -2.9555568880965352E-016
          21           9   8.0414795784700959E-016
          21          10   6.6770006490064345E-015
          21          11   7.0714743693200841E-018
          21          12  -2.4876067917875251E-016
          21          13   6.7682808935307247E-016
          21          14   5.0115398256433839E-017
          21          15   7.8339087975369588E-031
          21          16   5.0115398256343977E-017
          21          17   1.9852995283332991E-030
          21          18  -4.6601503786529549E-029
          21          19   5.0115398256417895E-017
          21          20   3.3964948744558669E-017
          21          21   1.1186922919265788E-028
          21          22   3.3964948744489040E-017
          21          23  -6.6622995826725581E-029
          21          24   8.6315773294064738E-029
          21          25   3.3964948744418425E-017
          21          26   3.0479893829278352E-020
          21          27  -4.7951309787229940E-019
          21          28   1.3631031167942558E-020
          21          29  -1.0722232311879406E-018
          21          30   1.3046593011962380E-018
          21          31   1.5192203434589262E-029
          21          32   1.3046593012435816E-018
          21          33   1.3631031181198767E-020
          21          34  -4.7951309792663662E-019
          21          35   2.9173051115667406E-018
          22           1  -4.9295133465105199E-003
          22           2  -7.6169922529626217E-003
          22           3  -3.5655461644117896E-016
          22           4   6.1086760968636738E-016
          22           5   9.5564224771640703E-017
          22           6   2.2972573077909741E-002
          22           7  -6.9774526048890474E-016
          22           8   8.3612983882961546E-016
          22           9   1.3702447440116720E-016
          22          10   1.2022239718405128E-002
          22          11  -6.1667574655554049E-016
          22          12   6.7621446329435570E-016
          22          13   1.5497127939738526E-016
          22          14   3.0570151483045807E-004
          22          15  -8.6648757132927289E-018
          22          16   3.0570151483043151E-004
          22          17   1.4561680005946087E-017
          22          18   6.5408670343436399E-018
          22          19   3.0570151483040744E-004
          22          20   1.3574645657002460E-003
          22          21   3.3964948744489040E-017
          22          22   1.3574645657002161E-003
          22          23   5.4391408812006094E-017
          22          24  -1.7307274663551809E-017
          22          25   1.3574645657001693E-003
          22          26   6.3404922912762403E-017
          22          27   7.6945900042427013E-018
          22          28   3.8235628023026519E-017
          22          29   6.8434186471997373E-017
          22          30   4.9555741106679579E-018
          22          31  -4.2275231229188460E-018
          22          32  -1.0535103050532746E-017
          22          33   3.2788994829248772E-017
          22          34   1.7208259218952712E-017
          22          35  -1.1940774006724578E-017
          23           1   1.9491532313772292E-016
          23           2   6.8587409553464741E-016
          23           3   2.4384262059743814E-017
          23           4   7.0402960115293431E-016
          23           5   1.6507887213113107E-016
          23           6  -2.7605869893200767E-015
          23           7   3.8815921125068662E-017
          23           8   1.1207047152421830E-015
          23           9   2.6277967585637321E-016
          23          10  -3.5021209193204090E-015
          23          11   3.2670238698161253E-017
          23          12   9.4326476084916774E-016
          23          13   2.2117405658359282E-016
          23          14  -1.4325358249451079E-017
