           1           1  0.79035222034240171     
           1           2  0.62106073747490231     
           1           3  -3.3031955091420245E-014
           1           4   5.4071474793608620E-014
           1           5   1.3358087692738229E-015
           1           6 -0.43132852161734664     
           1           7   4.8580032077699493E-016
           1           8  -9.3852350757546894E-015
           1           9   2.8273310257513134E-015
           1          10 -0.20589450042703733     
           1          11  -2.4585502355564225E-016
           1          12   1.6729581375465326E-016
           1          13  -8.8456559902418212E-016
           1          14   6.4979289528892759E-002
           1          15   1.2836709660982620E-015
           1          16   6.4979289528893799E-002
           1          17   8.8552159037963828E-016
           1          18  -3.7792003295679280E-016
           1          19   6.4979289528892287E-002
           1          20  0.11820467673428216     
           1          21   3.2150529740559187E-016
           1          22  0.11820467673427873     
           1          23  -5.6226184122267352E-016
           1          24   7.8564620782924880E-016
           1          25  0.11820467673428078     
           1          26  -5.3781050394085628E-015
           1          27   5.3197534583693140E-015
           1          28  -2.1300623815310636E-015
           1          29   1.2863249394447396E-014
           1          30  -5.1922406317608322E-016
           1          31  -1.3569756597497214E-016
           1          32  -6.0259380964370762E-016
           1          33  -1.1776739956442833E-015
           1          34   4.0159463737872155E-015
           1          35  -1.0461155250004593E-015
           2           1  0.62106073747490231     
           2           2  0.50741649016970292     
           2           3  -4.5166294785287305E-014
           2           4   7.7865060301098470E-014
           2           5   3.8418773569475474E-015
           2           6 -0.51667676642948035     
           2           7   5.2797040095664833E-015
           2           8  -1.2272304233531798E-014
           2           9   1.7004370006215974E-015
           2          10 -0.23109393419843355     
           2          11  -2.2241567247206033E-016
           2          12   1.5702288928058615E-016
           2          13  -7.3325165331478192E-016
           2          14   6.4694690946058814E-002
           2          15   1.2736126996724453E-015
           2          16   6.4694690946059216E-002
           2          17   6.9657763841269363E-016
           2          18  -3.6143439231417453E-016
           2          19   6.4694690946057856E-002
           2          20  0.13196084201656569     
           2          21   3.8986053456470467E-017
           2          22  0.13196084201656333     
           2          23  -5.0827153227764890E-016
           2          24   6.2290969206983450E-016
           2          25  0.13196084201656469     
           2          26  -9.3519379456876073E-015
           2          27   7.3938434042750057E-015
           2          28  -3.9236384530476847E-015
           2          29   1.7347386109255989E-014
           2          30  -1.2740130933880684E-016
           2          31  -9.6456175891527274E-017
           2          32  -2.0287153178365755E-016
           2          33  -3.2141039916516601E-015
           2          34   6.3611157209302834E-015
           2          35  -1.8747473587154329E-016
           3           1  -3.3031955091420245E-014
           3           2  -4.5166294785287305E-014
           3           3   1.5617331615462944     
           3           4  0.42149298018496156     
           3           5  -3.8936473476762616E-003
           3           6   2.0919240829571072E-013
           3           7 -0.26188481860622009     
           3           8  -7.0679559976938033E-002
           3           9   6.5292020077891398E-004
           3          10   9.3516211956181038E-014
           3          11  -3.4638525833789644E-003
           3          12  -9.3485211445287742E-004
           3          13   8.6359313814478483E-006
           3          14  -1.9665598707053736E-014
           3          15   6.3642217078400300E-016
           3          16  -1.7459666726044665E-014
           3          17   2.0103884079594963E-015
           3          18  -1.2252035392454573E-015
           3          19  -8.1448833234018949E-015
           3          20  -5.0501050481602075E-014
           3          21  -3.9451121453303350E-015
           3          22  -5.1897886800781755E-014
           3          23   5.5181534335574457E-015
           3          24   6.9589671004192266E-016
           3          25  -4.9477831434656610E-014
           3          26  0.34439096291515536     
           3          27   4.1567150933548049E-002
           3          28  0.15401632078297664     
           3          29   9.2946975118411074E-002
           3          30  -3.8398700475227509E-004
           3          31  -2.5243909911059576E-015
           3          32  -3.8398700475216044E-004
           3          33  0.15401632078298172     
           3          34   4.1567150933555744E-002
           3          35  -8.5862104510055735E-004
           4           1   5.4071474793608620E-014
           4           2   7.7865060301098470E-014
           4           3  0.42149298018496156     
           4           4   1.1955573264488881     
           4           5  -2.5538006873406021E-003
           4           6  -3.4864088132880407E-013
           4           7  -7.0679559976950884E-002
           4           8 -0.20048131222391474     
           4           9   4.2824321481506182E-004
           4          10  -1.2676047592822552E-013
           4          11  -9.3485211445550769E-004
           4          12  -2.6516913617309762E-003
           4          13   5.6642128962446791E-006
           4          14   3.3124215404452085E-014
           4          15  -3.0044247489060964E-015
           4          16   3.5386147448470757E-014
           4          17  -5.7908764250630069E-015
           4          18   2.4276329663505179E-015
           4          19   2.1296599214877410E-014
           4          20   7.9359997847254090E-014
           4          21   4.6212424395572720E-015
           4          22   7.2730667326241704E-014
           4          23  -6.1171386865920594E-015
           4          24   1.1761254474540458E-015
           4          25   7.3954652828717842E-014
           4          26   9.2946975118424632E-002
           4          27  0.11790448281349594     
           4          28   4.1567150933560032E-002
           4          29  0.26364243842292889     
           4          30  -2.5185287446411050E-004
           4          31   4.2597233301711890E-015
           4          32  -2.5185287446421756E-004
           4          33   4.1567150933550227E-002
           4          34  0.11790448281348662     
           4          35  -5.6316014763355701E-004
           5           1   1.3358087692738229E-015
           5           2   3.8418773569475474E-015
           5           3  -3.8936473476762616E-003
           5           4  -2.5538006873406021E-003
           5           5  0.91912828449939743     
           5           6  -1.5949189831129908E-014
           5           7   6.5292020074455550E-004
           5           8   4.2824321480028734E-004
           5           9 -0.15412731828248782     
           5          10  -1.2426341866543170E-014
           5          11   8.6359313849173393E-006
           5          12   5.6642128912229325E-006
           5          13  -2.0385844144878060E-003
           5          14   4.0784374002246863E-015
           5          15  -7.4712789462063566E-016
           5          16   2.8033177045193869E-015
           5          17   2.6777477208407273E-016
           5          18  -2.6482751200076801E-016
           5          19   1.9426972617528725E-015
           5          20   6.1738268539222781E-015
           5          21  -2.3024414788838414E-016
           5          22   6.6337544868571223E-015
           5          23  -7.1443007527325140E-016
           5          24   9.5237228098702071E-016
           5          25   6.6450132879122367E-015
           5          26  -8.5862104508504155E-004
           5          27  -2.5185287446163863E-004
           5          28  -3.8398700474466567E-004
           5          29  -5.6316014762367093E-004
           5          30   9.0643369937796328E-002
           5          31   3.1963723333112995E-016
           5          32   9.0643369937795634E-002
           5          33  -3.8398700474361682E-004
           5          34  -2.5185287446122213E-004
           5          35  0.20268473689057459     
           6           1 -0.43132852161734664     
           6           2 -0.51667676642948035     
           6           3   2.0919240829571072E-013
           6           4  -3.4864088132880407E-013
           6           5  -1.5949189831129908E-014
           6           6   1.8650057258544772     
           6           7  -4.7694551806006000E-014
           6           8   4.9149763093379039E-014
           6           9   1.4958128057657629E-015
           6          10  0.74776533128280365     
           6          11   3.6874541099838780E-016
           6          12  -3.3722719016423677E-016
           6          13   8.0957625273010502E-016
           6          14 -0.16046523797558390     
           6          15  -3.1293313407405791E-015
           6          16 -0.16046523797558054     
           6          17  -4.8998315479221202E-016
           6          18   7.9729245359104308E-016
           6          19 -0.16046523797557816     
           6          20 -0.42277635910910000     
           6          21   1.7834518449763518E-015
           6          22 -0.42277635910910133     
           6          23   9.1605758890933844E-016
           6          24  -4.7961819177388975E-016
           6          25 -0.42277635910910005     
           6          26   5.3248048599928414E-014
           6          27  -3.1853066604178913E-014
           6          28   2.3273436362584035E-014
           6          29  -7.2245812643471888E-014
           6          30  -1.2657069049825831E-015
           6          31  -1.9237754662936637E-017
           6          32  -1.1289066751272599E-015
           6          33   2.3109922212032373E-014
           6          34  -3.1066407016998549E-014
           6          35  -2.9581112970968582E-015
           7           1   4.8580032077699493E-016
           7           2   5.2797040095664833E-015
           7           3 -0.26188481860622009     
           7           4  -7.0679559976950884E-002
           7           5   6.5292020074455550E-004
           7           6  -4.7694551806006000E-014
           7           7   4.3915093759363560E-002
           7           8   1.1852155156515999E-002
           7           9  -1.0948726232671337E-004
           7          10  -2.0359304088272649E-014
           7          11   5.8084852637612185E-004
           7          12   1.5676402502375292E-004
           7          13  -1.4481470836223081E-006
           7          14   4.0614733712123280E-015
           7          15  -1.0672073108044494E-016
           7          16   3.6915637663396038E-015
           7          17  -3.3711918047857799E-016
           7          18   2.0545264359590069E-016
           7          19   2.1295809501826552E-015
           7          20   1.1092444561519920E-014
           7          21   6.6155025967317298E-016
           7          22   1.1326678062528928E-014
           7          23  -9.2533132200243737E-016
           7          24  -1.1669393220641386E-016
           7          25   1.0920862410931170E-014
           7          26  -5.7750432066997752E-002
           7          27  -6.9703365787715729E-003
           7          28  -2.5826778366357689E-002
           7          29  -1.5586146416187189E-002
           7          30   6.4390236156282082E-005
           7          31   4.2331154455510605E-016
           7          32   6.4390236156263027E-005
           7          33  -2.5826778366358546E-002
           7          34  -6.9703365787728610E-003
           7          35   1.4398094513236586E-004
           8           1  -9.3852350757546894E-015
           8           2  -1.2272304233531798E-014
           8           3  -7.0679559976938033E-002
           8           4 -0.20048131222391474     
           8           5   4.2824321480028734E-004
           8           6   4.9149763093379039E-014
           8           7   1.1852155156515999E-002
           8           8   3.3618426872432446E-002
           8           9  -7.1811497247182646E-005
           8          10   1.7640111785219063E-014
           8          11   1.5676402502416543E-004
           8          12   4.4465836313485450E-004
           8          13  -9.4982382612129769E-007
           8          14  -4.8529860033843592E-015
           8          15   5.0380772449267558E-016
           8          16  -5.2322861793893960E-015
           8          17   9.7106385360175740E-016
           8          18  -4.0708632863106210E-016
           8          19  -2.8696298215354725E-015
           8          20  -1.1269654845254430E-014
           8          21  -7.7492958964946613E-016
           8          22  -1.0157991813615201E-014
           8          23   1.0257743094482059E-015
           8          24  -1.9722280799857468E-016
           8          25  -1.0363240206352910E-014
           8          26  -1.5586146416186629E-002
           8          27  -1.9771235480394354E-002
           8          28  -6.9703365787723136E-003
           8          29  -4.4209826533316864E-002
           8          30   4.2232851276078855E-005
           8          31  -7.1430696299627449E-016
           8          32   4.2232851276096758E-005
           8          33  -6.9703365787706691E-003
           8          34  -1.9771235480392790E-002
           8          35   9.4435526337467994E-005
           9           1   2.8273310257513134E-015
           9           2   1.7004370006215974E-015
           9           3   6.5292020077891398E-004
           9           4   4.2824321481506182E-004
           9           5 -0.15412731828248782     
           9           6   1.4958128057657629E-015
           9           7  -1.0948726232671337E-004
           9           8  -7.1811497247182646E-005
           9           9   2.5845391379604402E-002
           9          10   1.4785664125799366E-015
           9          11  -1.4481470842803125E-006
           9          12  -9.4982382531198904E-007
           9          13   3.4184732881831697E-004
           9          14  -4.7036278384517400E-016
           9          15   1.2528481687910137E-016
           9          16  -2.5653977077651628E-016
           9          17  -4.4902771703424738E-017
           9          18   4.4408549840607184E-017
           9          19  -1.1222354948327109E-016
           9          20  -6.8589313217315710E-016
           9          21   3.8609314567648751E-017
           9          22  -7.6301774455188040E-016
           9          23   1.1980176593326781E-016
           9          24  -1.5970195689825055E-016
           9          25  -7.6490571693062221E-016
           9          26   1.4398094513733982E-004
           9          27   4.2232851277121607E-005
           9          28   6.4390236158394447E-005
           9          29   9.4435526339069130E-005
           9          30  -1.5199858131021515E-002
           9          31  -5.3599514265185699E-017
           9          32  -1.5199858131021400E-002
           9          33   6.4390236158218549E-005
           9          34   4.2232851277051906E-005
           9          35  -3.3987916029317194E-002
          10           1 -0.20589450042703733     
          10           2 -0.23109393419843355     
          10           3   9.3516211956181038E-014
          10           4  -1.2676047592822552E-013
          10           5  -1.2426341866543170E-014
          10           6  0.74776533128280365     
          10           7  -2.0359304088272649E-014
          10           8   1.7640111785219063E-014
          10           9   1.4785664125799366E-015
          10          10  0.30138564758454722     
          10          11   1.3250039697614894E-016
          10          12  -1.6554994299631532E-016
          10          13   3.7149933454075629E-016
          10          14  -6.5667638911815360E-002
          10          15  -1.2814109751669374E-015
          10          16  -6.5667638911814083E-002
          10          17  -2.3330595373205255E-016
          10          18   3.2890578635440078E-016
          10          19  -6.5667638911813070E-002
          10          20 -0.17048499486237439     
          10          21   6.8004145106442179E-016
          10          22 -0.17048499486237470     
          10          23   3.8401017507725041E-016
          10          24  -2.2449850033118740E-016
          10          25 -0.17048499486237434     
          10          26   2.3306177160543340E-014
          10          27  -1.1514092720789515E-014
          10          28   1.0199232895897363E-014
          10          29  -2.6190264513504670E-014
          10          30  -1.0746339322955736E-015
          10          31  -1.0254712930788530E-018
          10          32  -1.0173158959494703E-015
          10          33   1.0090029216714934E-014
          10          34  -1.1145149369798450E-014
          10          35  -2.4583089362574751E-015
          11           1  -2.4585502355564225E-016
          11           2  -2.2241567247206033E-016
          11           3  -3.4638525833789644E-003
          11           4  -9.3485211445550769E-004
          11           5   8.6359313849173393E-006
          11           6   3.6874541099838780E-016
          11           7   5.8084852637612185E-004
          11           8   1.5676402502416543E-004
          11           9  -1.4481470842803125E-006
          11          10   1.3250039697614894E-016
          11          11   7.6826662933259753E-006
          11          12   2.0734591487525237E-006
          11          13  -1.9154100049545322E-008
          11          14  -3.3136186424650005E-017
          11          15  -1.4115552097380350E-018
          11          16  -3.8028842468148241E-017
          11          17  -4.4589493595873710E-018
          11          18   2.7174453031312832E-018
          11          19  -5.8688605190326329E-017
          11          20  -8.0503173574350687E-017
          11          21   8.7500779472520969E-018
          11          22  -7.7405054630688777E-017
          11          23  -1.2239011437398679E-017
          11          24  -1.5434670122866215E-018
          11          25  -8.2772626529828766E-017
          11          26  -7.6384337347674882E-004
          11          27  -9.2194035888963722E-005
          11          28  -3.4160114145134816E-004
          11          29  -2.0615213136778650E-004
          11          30   8.5166557976022235E-007
          11          31   5.5989835340097153E-018
          11          32   8.5166557975997205E-007
          11          33  -3.4160114145135949E-004
          11          34  -9.2194035888980771E-005
          11          35   1.9043821304360590E-006
          12           1   1.6729581375465326E-016
          12           2   1.5702288928058615E-016
          12           3  -9.3485211445287742E-004
          12           4  -2.6516913617309762E-003
          12           5   5.6642128912229325E-006
          12           6  -3.3722719016423677E-016
          12           7   1.5676402502375292E-004
          12           8   4.4465836313485450E-004
          12           9  -9.4982382531198904E-007
          12          10  -1.6554994299631532E-016
          12          11   2.0734591487525237E-006
          12          12   5.8813299223082334E-006
          12          13  -1.2562964629377490E-008
          12          14   2.3305729004647195E-017
          12          15   6.6636764104985389E-018
          12          16   1.8288867387683896E-017
          12          17   1.2843898534601743E-017
          12          18  -5.3843786691977505E-018
          12          19   4.9538839693693895E-017
          12          20   7.6619621890854694E-017
          12          21  -1.0249703955110448E-017
          12          22   9.1323173186756364E-017
          12          23   1.3567533279195637E-017
          12          24  -2.6085923446174018E-018
          12          25   8.8608429433370529E-017
          12          26  -2.0615213136723659E-004
          12          27  -2.6150673971824109E-004
          12          28  -9.2194035888730889E-005
          12          29  -5.8474684658432296E-004
          12          30   5.5859813387265404E-007
          12          31  -9.4478711376792551E-018
          12          32   5.5859813387288729E-007
          12          33  -9.2194035888709138E-005
          12          34  -2.6150673971822038E-004
          12          35   1.2490633994506166E-006
          13           1  -8.8456559902418212E-016
          13           2  -7.3325165331478192E-016
          13           3   8.6359313814478483E-006
          13           4   5.6642128962446791E-006
          13           5  -2.0385844144878060E-003
          13           6   8.0957625273010502E-016
          13           7  -1.4481470836223081E-006
          13           8  -9.4982382612129769E-007
          13           9   3.4184732881831697E-004
          13          10   3.7149933454075629E-016
          13          11  -1.9154100049545322E-008
          13          12  -1.2562964629377490E-008
          13          13   4.5214868099245345E-006
          13          14  -1.0400824108046844E-016
          13          15   1.6570954319146797E-018
          13          16  -1.0118008402980262E-016
          13          17  -5.9391217330454517E-019
          13          18   5.8737528548561600E-019
          13          19  -9.9271267327148745E-017
          13          20  -2.0997708080329789E-016
          13          21   5.1067096873976529E-019
          13          22  -2.1099717921624435E-016
          13          23   1.5845731670067129E-018
          13          24  -2.1123180752358189E-018
          13          25  -2.1102215072103611E-016
          13          26   1.9043821296365451E-006
          13          27   5.5859813436240659E-007
          13          28   8.5166557940119134E-007
          13          29   1.2490634005360808E-006
          13          30  -2.0104284064382443E-004
          13          31  -7.0894073561223354E-019
          13          32  -2.0104284064382288E-004
          13          33   8.5166557939886422E-007
          13          34   5.5859813436148554E-007
          13          35  -4.4954545806925151E-004
          14           1   6.4979289528892759E-002
          14           2   6.4694690946058814E-002
          14           3  -1.9665598707053736E-014
          14           4   3.3124215404452085E-014
          14           5   4.0784374002246863E-015
          14           6 -0.16046523797558390     
          14           7   4.0614733712123280E-015
          14           8  -4.8529860033843592E-015
          14           9  -4.7036278384517400E-016
          14          10  -6.5667638911815360E-002
          14          11  -3.3136186424650005E-017
          14          12   2.3305729004647195E-017
          14          13  -1.0400824108046844E-016
          14          14   1.4930992696590943E-002
          14          15   2.9184308614971587E-016
          14          16   1.4930992696590727E-002
          14          17   7.3318917748825624E-017
          14          18  -7.6408506532691908E-017
          14          19   1.4930992696590484E-002
          14          20   3.7200013597177312E-002
          14          21  -1.2383024421553136E-016
          14          22   3.7200013597177270E-002
          14          23  -9.2957443918371590E-017
          14          24   6.8493563218642292E-017
          14          25   3.7200013597177256E-002
          14          26  -4.8056590964806093E-015
          14          27   3.0721278643538031E-015
          14          28  -2.0966471541077028E-015
          14          29   6.9868014857020022E-015
          14          30   3.5237923403997566E-016
          14          31  -4.0001438632570235E-018
          14          32   3.3852141046267917E-016
          14          33  -2.0456725467585239E-015
          14          34   2.9591725309655053E-015
          14          35   8.0239192264931762E-016
          15           1   1.2836709660982620E-015
          15           2   1.2736126996724453E-015
          15           3   6.3642217078400300E-016
          15           4  -3.0044247489060964E-015
          15           5  -7.4712789462063566E-016
          15           6  -3.1293313407405791E-015
          15           7  -1.0672073108044494E-016
          15           8   5.0380772449267558E-016
          15           9   1.2528481687910137E-016
          15          10  -1.2814109751669374E-015
          15          11  -1.4115552097380350E-018
          15          12   6.6636764104985389E-018
          15          13   1.6570954319146797E-018
          15          14   2.9184308614971587E-016
          15          15   1.5901379681145711E-029
          15          16   2.9184308614970872E-016
          15          17   2.0647240589900397E-029
          15          18  -9.8769533492842707E-030
          15          19   2.9184308614975719E-016
          15          20   7.2594751795311130E-016
          15          21  -2.0509747118222611E-029
          15          22   7.2594751795312796E-016
          15          23   2.3340447670927373E-029
          15          24  -2.0459123778754931E-030
          15          25   7.2594751795312688E-016
          15          26   1.4034282527488224E-016
          15          27  -2.9629289899802176E-016
          15          28   6.2763219493788137E-017
          15          29  -6.6253106341003925E-016
          15          30  -7.3680890127138379E-017
          15          31  -1.5878277252879804E-029
          15          32  -7.3680890127137627E-017
          15          33   6.2763219493823205E-017
          15          34  -2.9629289899798774E-016
          15          35  -1.6475547896696361E-016
          16           1   6.4979289528893799E-002
          16           2   6.4694690946059216E-002
          16           3  -1.7459666726044665E-014
          16           4   3.5386147448470757E-014
          16           5   2.8033177045193869E-015
          16           6 -0.16046523797558054     
          16           7   3.6915637663396038E-015
          16           8  -5.2322861793893960E-015
          16           9  -2.5653977077651628E-016
          16          10  -6.5667638911814083E-002
          16          11  -3.8028842468148241E-017
          16          12   1.8288867387683896E-017
          16          13  -1.0118008402980262E-016
          16          14   1.4930992696590727E-002
          16          15   2.9184308614970872E-016
          16          16   1.4930992696590512E-002
          16          17   7.3318917748819498E-017
          16          18  -7.6408506532688087E-017
          16          19   1.4930992696590263E-002
          16          20   3.7200013597176597E-002
          16          21  -1.2383024421552268E-016
          16          22   3.7200013597176569E-002
          16          23  -9.2957443918373796E-017
          16          24   6.8493563218644400E-017
          16          25   3.7200013597176548E-002
          16          26  -4.3192104138433920E-015
          16          27   3.2951969902830706E-015
          16          28  -1.8791006897192909E-015
          16          29   7.4855992149613010E-015
          16          30   2.2662840225511010E-016
          16          31  -4.0001438632538256E-018
          16          32   2.1277057867781484E-016
          16          33  -1.8281260823701215E-015
          16          34   3.1822416568947633E-015
          16          35   5.2120451455121264E-016
          17           1   8.8552159037963828E-016
          17           2   6.9657763841269363E-016
          17           3   2.0103884079594963E-015
          17           4  -5.7908764250630069E-015
          17           5   2.6777477208407273E-016
          17           6  -4.8998315479221202E-016
          17           7  -3.3711918047857799E-016
          17           8   9.7106385360175740E-016
          17           9  -4.4902771703424738E-017
          17          10  -2.3330595373205255E-016
          17          11  -4.4589493595873710E-018
          17          12   1.2843898534601743E-017
          17          13  -5.9391217330454517E-019
          17          14   7.3318917748825624E-017
          17          15   2.0647240589900397E-029
          17          16   7.3318917748819498E-017
          17          17   4.0735442480337135E-029
          17          18  -1.8227480971849546E-029
          17          19   7.3318917748926771E-017
          17          20   1.3391481264053955E-016
          17          21  -3.8081841206391214E-029
          17          22   1.3391481264057064E-016
          17          23   5.0798796626488050E-029
          17          24  -3.7354087748020364E-030
          17          25   1.3391481264057273E-016
          17          26   4.4332771865151216E-016
          17          27  -5.7108954529346697E-016
          17          28   1.9826218304290442E-016
          17          29  -1.2769950445156033E-015
          17          30   2.6407638776173481E-017
          17          31  -3.2236745103999464E-029
          17          32   2.6407638776174146E-017
          17          33   1.9826218304297783E-016
          17          34  -5.7108954529339173E-016
          17          35   5.9049275428807643E-017
          18           1  -3.7792003295679280E-016
          18           2  -3.6143439231417453E-016
          18           3  -1.2252035392454573E-015
          18           4   2.4276329663505179E-015
          18           5  -2.6482751200076801E-016
          18           6   7.9729245359104308E-016
          18           7   2.0545264359590069E-016
          18           8  -4.0708632863106210E-016
          18           9   4.4408549840607184E-017
          18          10   3.2890578635440078E-016
          18          11   2.7174453031312832E-018
          18          12  -5.3843786691977505E-018
          18          13   5.8737528548561600E-019
          18          14  -7.6408506532691908E-017
          18          15  -9.8769533492842707E-030
          18          16  -7.6408506532688087E-017
          18          17  -1.8227480971849546E-029
          18          18   8.4650441797087036E-030
          18          19  -7.6408506532736183E-017
          18          20  -1.8646179985495813E-016
          18          21   1.8216160149609074E-029
          18          22  -1.8646179985497260E-016
          18          23  -2.3029252247605636E-029
          18          24   1.3053721439961226E-030
          18          25  -1.8646179985497317E-016
          18          26  -2.7017997506696950E-016
          18          27   2.3941035952558607E-016
          18          28  -1.2082815808177397E-016
          18          29   5.3533783841685875E-016
          18          30  -2.6116983390478711E-017
          18          31   1.4517759119399545E-029
          18          32  -2.6116983390478874E-017
          18          33  -1.2082815808180712E-016
          18          34   2.3941035952555150E-016
          18          35  -5.8399350228354614E-017
          19           1   6.4979289528892287E-002
          19           2   6.4694690946057856E-002
          19           3  -8.1448833234018949E-015
          19           4   2.1296599214877410E-014
          19           5   1.9426972617528725E-015
          19           6 -0.16046523797557816     
          19           7   2.1295809501826552E-015
          19           8  -2.8696298215354725E-015
          19           9  -1.1222354948327109E-016
          19          10  -6.5667638911813070E-002
          19          11  -5.8688605190326329E-017
          19          12   4.9538839693693895E-017
          19          13  -9.9271267327148745E-017
          19          14   1.4930992696590484E-002
          19          15   2.9184308614975719E-016
          19          16   1.4930992696590263E-002
          19          17   7.3318917748926771E-017
          19          18  -7.6408506532736183E-017
          19          19   1.4930992696590021E-002
          19          20   3.7200013597176035E-002
          19          21  -1.2383024421563194E-016
          19          22   3.7200013597176000E-002
          19          23  -9.2957443918221817E-017
          19          24   6.8493563218630953E-017
          19          25   3.7200013597175979E-002
          19          26  -2.2651288944330772E-015
          19          27   1.9057020151721336E-015
          19          28  -9.6048750797387980E-016
          19          29   4.3785939962189606E-015
          19          30   1.4175500809967073E-016
          19          31  -4.0001438633448497E-018
          19          32   1.2789718452237907E-016
          19          33  -9.0951290062451074E-016
          19          34   1.7927466817840504E-015
          19          35   3.3142183573858383E-016
          20           1  0.11820467673428216     
          20           2  0.13196084201656569     
          20           3  -5.0501050481602075E-014
          20           4   7.9359997847254090E-014
          20           5   6.1738268539222781E-015
          20           6 -0.42277635910910000     
          20           7   1.1092444561519920E-014
          20           8  -1.1269654845254430E-014
          20           9  -6.8589313217315710E-016
          20          10 -0.17048499486237439     
          20          11  -8.0503173574350687E-017
          20          12   7.6619621890854694E-017
          20          13  -2.0997708080329789E-016
          20          14   3.7200013597177312E-002
          20          15   7.2594751795311130E-016
          20          16   3.7200013597176597E-002
          20          17   1.3391481264053955E-016
          20          18  -1.8646179985495813E-016
          20          19   3.7200013597176035E-002
          20          20   9.6442986162559113E-002
          20          21  -3.8257874930920784E-016
          20          22   9.6442986162559280E-002
          20          23  -2.1802475797005275E-016
          20          24   1.2868187167604254E-016
          20          25   9.6442986162559058E-002
          20          26  -1.2644751181843500E-014
          20          27   7.2699106256251120E-015
          20          28  -5.5280901459002775E-015
          20          29   1.6508931489449232E-014
          20          30   5.2206708547702276E-016
          20          31   2.1557404083667457E-019
          20          32   4.8952580706673023E-016
          20          33  -5.4639710799331197E-015
          20          34   7.0583995442134912E-015
          20          35   1.1988958640682947E-015
          21           1   3.2150529740559187E-016
          21           2   3.8986053456470467E-017
          21           3  -3.9451121453303350E-015
          21           4   4.6212424395572720E-015
          21           5  -2.3024414788838414E-016
          21           6   1.7834518449763518E-015
          21           7   6.6155025967317298E-016
          21           8  -7.7492958964946613E-016
          21           9   3.8609314567648751E-017
          21          10   6.8004145106442179E-016
          21          11   8.7500779472520969E-018
          21          12  -1.0249703955110448E-017
          21          13   5.1067096873976529E-019
          21          14  -1.2383024421553136E-016
          21          15  -2.0509747118222611E-029
          21          16  -1.2383024421552268E-016
          21          17  -3.8081841206391214E-029
          21          18   1.8216160149609074E-029
          21          19  -1.2383024421563194E-016
          21          20  -3.8257874930920784E-016
          21          21   4.2395666123129765E-029
          21          22  -3.8257874930924250E-016
          21          23  -5.3235792903876490E-029
          21          24   3.4537707290410580E-030
          21          25  -3.8257874930924186E-016
          21          26  -8.6996998206366084E-016
          21          27   4.5574159242554947E-016
          21          28  -3.8906240365569130E-016
          21          29   1.0190691808374969E-015
          21          30  -2.2706411961218875E-017
          21          31   3.2098839495857712E-029
          21          32  -2.2706411961219655E-017
          21          33  -3.8906240365576245E-016
          21          34   4.5574159242546950E-016
          21          35  -5.0773080670424389E-017
          22           1  0.11820467673427873     
          22           2  0.13196084201656333     
          22           3  -5.1897886800781755E-014
          22           4   7.2730667326241704E-014
          22           5   6.6337544868571223E-015
          22           6 -0.42277635910910133     
          22           7   1.1326678062528928E-014
          22           8  -1.0157991813615201E-014
          22           9  -7.6301774455188040E-016
          22          10 -0.17048499486237470     
          22          11  -7.7405054630688777E-017
          22          12   9.1323173186756364E-017
          22          13  -2.1099717921624435E-016
          22          14   3.7200013597177270E-002
          22          15   7.2594751795312796E-016
          22          16   3.7200013597176569E-002
          22          17   1.3391481264057064E-016
          22          18  -1.8646179985497260E-016
          22          19   3.7200013597176000E-002
          22          20   9.6442986162559280E-002
          22          21  -3.8257874930924250E-016
          22          22   9.6442986162559488E-002
          22          23  -2.1802475797001286E-016
          22          24   1.2868187167603337E-016
          22          25   9.6442986162559266E-002
          22          26  -1.2952779350061942E-014
          22          27   6.6161337056999585E-015
          22          28  -5.6658445305245394E-015
          22          29   1.5047041854376169E-014
          22          30   5.6742461747751738E-016
          22          31   2.1557404081130006E-019
          22          32   5.3488333906722564E-016
          22          33  -5.6017254645573248E-015
          22          34   6.4046226242884000E-015
          22          35   1.3003183889130417E-015
          23           1  -5.6226184122267352E-016
          23           2  -5.0827153227764890E-016
          23           3   5.5181534335574457E-015
          23           4  -6.1171386865920594E-015
          23           5  -7.1443007527325140E-016
          23           6   9.1605758890933844E-016
          23           7  -9.2533132200243737E-016
          23           8   1.0257743094482059E-015
          23           9   1.1980176593326781E-016
          23          10   3.8401017507725041E-016
          23          11  -1.2239011437398679E-017
          23          12   1.3567533279195637E-017
          23          13   1.5845731670067129E-018
          23          14  -9.2957443918371590E-017
