           1           1  0.77365877789500692     
           1           2  0.64392490570155747     
           1           3  -5.4468386693101857E-014
           1           4   9.8763104723825152E-014
           1           5   1.8619229759886013E-014
           1           6 -0.56620192469869635     
           1           7  -5.7283587998952324E-014
           1           8  -3.8276725174887785E-015
           1           9   2.0309162867457654E-014
           1          10 -0.13730783141837422     
           1          11   1.6054643423425249E-015
           1          12   3.1184614992944794E-015
           1          13  -8.1359342852947368E-016
           1          14   4.2990993123736198E-003
           1          15  -1.8488666955924371E-015
           1          16   4.2990993123690610E-003
           1          17  -8.4746821740860960E-017
           1          18   6.9060916114775884E-016
           1          19   4.2990993123691989E-003
           1          20  0.10630706441027636     
           1          21  -6.6830352114337716E-017
           1          22  0.10630706441028182     
           1          23   4.4786557941020501E-016
           1          24  -2.9544947454232049E-015
           1          25  0.10630706441027674     
           1          26   2.2056153391894023E-014
           1          27   8.8394463514302872E-015
           1          28   7.5455754926279764E-015
           1          29   1.9792078356979977E-014
           1          30  -6.5241876802663278E-015
           1          31   1.5341679410616682E-015
           1          32  -1.6577192369295465E-015
           1          33   9.5968070268355890E-015
           1          34   6.4585719559091314E-015
           1          35  -9.1689637404204825E-015
           2           1  0.64392490570155747     
           2           2  0.54988114661997645     
           2           3  -7.3562739330912783E-014
           2           4   1.1029963654685885E-013
           2           5   2.5106946524472596E-014
           2           6 -0.65282162488515794     
           2           7  -4.6317729407736129E-014
           2           8  -2.9892084511067014E-015
           2           9   1.1441743703104735E-014
           2          10 -0.15088847636946931     
           2          11   9.8936907953609448E-016
           2          12   3.2463650524349178E-015
           2          13  -2.3755157864456045E-016
           2          14   1.6004990092673170E-003
           2          15  -1.8183987823763953E-015
           2          16   1.6004990092636159E-003
           2          17  -1.0766125135681341E-016
           2          18   4.7114412941602308E-016
           2          19   1.6004990092635561E-003
           2          20  0.11656490318819704     
           2          21  -2.2440484099920773E-016
           2          22  0.11656490318820108     
           2          23   3.0506971016589784E-016
           2          24  -2.3348881363694672E-015
           2          25  0.11656490318819669     
           2          26   1.2862047041765451E-014
           2          27   9.3122090150372919E-015
           2          28   3.9548058950088416E-015
           2          29   2.1014125462557483E-014
           2          30  -3.4534340433169998E-015
           2          31   1.3306915259524242E-015
           2          32   5.6572824223409485E-016
           2          33   5.4910988526604593E-015
           2          34   7.5905996502469702E-015
           2          35  -3.1829408246388534E-015
           3           1  -5.4468386693101857E-014
           3           2  -7.3562739330912783E-014
           3           3   1.5517719195547599     
           3           4  -1.4599432773820338E-014
           3           5  -1.4765966227514424E-014
           3           6   3.8399391694670850E-013
           3           7  -5.1441252495307385E-002
           3           8   1.7243151351209368E-014
           3           9   2.9613464458400371E-014
           3          10   7.1141325256432031E-014
           3          11   2.8209140989099279E-002
           3          12  -2.2993759674072641E-015
           3          13  -1.4831885719602936E-016
           3          14   5.4232215916024490E-015
           3          15  -1.0276446090207333E-015
           3          16   4.3942216135145958E-015
           3          17   1.9563913586160256E-015
           3          18   7.8610471417831877E-016
           3          19  -1.4778143206862521E-016
           3          20  -6.1866438737732990E-014
           3          21   3.6125914362293194E-015
           3          22  -5.7996302669007642E-014
           3          23   3.1360992572335259E-015
           3          24  -2.3577850017818488E-015
           3          25  -6.2705706748296764E-014
           3          26  0.28715244939837603     
           3          27  -7.3170636216701092E-015
           3          28  0.12841847935207010     
           3          29  -6.8556271770602123E-015
           3          30  -8.2885087682172285E-015
           3          31   2.3501296114892336E-015
           3          32  -7.6640083168655937E-015
           3          33  0.12841847935206505     
           3          34  -1.0668549377257310E-014
           3          35  -1.1539380562197842E-014
           4           1   9.8763104723825152E-014
           4           2   1.1029963654685885E-013
           4           3  -1.4599432773820338E-014
           4           4   1.5517719195548461     
           4           5   2.5757174171304518E-014
           4           6  -5.2655470873784293E-013
           4           7   1.1298253999037932E-014
           4           8  -5.1441252495493618E-002
           4           9  -1.1099107743994641E-013
           4          10  -5.4692740469326564E-014
           4          11   1.2477865962701061E-014
           4          12   2.8209140989102571E-002
           4          13   1.4582085539060971E-014
           4          14  -2.4310412968331928E-014
           4          15  -3.2422237866696897E-015
           4          16  -2.0371296758416333E-014
           4          17  -9.2913869505189477E-015
           4          18   8.8713398064995155E-017
           4          19  -5.4220041338117990E-015
           4          20   7.7213784046149430E-014
           4          21  -1.6048819040098326E-015
           4          22   6.1065036525832752E-014
           4          23  -1.0325588732049346E-014
           4          24  -7.8918912413221817E-015
           4          25   6.5622902764913647E-014
           4          26  -5.0931481254683474E-015
           4          27  0.12841847935211800     
           4          28  -1.1705914015891699E-014
           4          29  0.28715244939847501     
           4          30   3.1454006066411214E-014
           4          31  -5.8859130133018788E-015
           4          32   2.6041668821363494E-014
           4          33   1.5796391972244629E-014
           4          34  0.12841847935212453     
           4          35   5.1986193128072273E-014
           5           1   1.8619229759886013E-014
           5           2   2.5106946524472596E-014
           5           3  -1.4765966227514424E-014
           5           4   2.5757174171304518E-014
           5           5   1.5517719195548039     
           5           6  -1.3220482009882885E-013
           5           7   1.5910883721659603E-014
           5           8  -7.0256300777062486E-015
           5           9  -5.1441252495424153E-002
           5          10  -1.6605192049277496E-014
           5          11   4.7878367936956168E-016
           5          12  -1.1587952819525190E-015
           5          13   2.8209140989108334E-002
           5          14  -1.8617745541974601E-015
           5          15   3.5727386211215138E-018
           5          16   1.4124765143579065E-016
           5          17  -2.3855256592299159E-015
           5          18  -4.7881951306353777E-017
           5          19   2.3164032607261821E-015
           5          20   2.1271677016879362E-014
           5          21  -8.9342866145619685E-016
           5          22   1.6747550129373773E-014
           5          23  -2.3967681241014812E-016
           5          24  -1.8768644162557012E-015
           5          25   1.8777003565023769E-014
           5          26  -9.2495455739084822E-015
           5          27   6.3490879220752339E-015
           5          28  -6.5156213757689561E-015
           5          29   7.7160500211450825E-015
           5          30  0.12841847935209960     
           5          31  -2.5265718050289642E-016
           5          32  0.12841847935209660     
           5          33  -3.6082248300323450E-016
           5          34   4.6698755973296641E-015
           5          35  0.28715244939844131     
           6           1 -0.56620192469869635     
           6           2 -0.65282162488515794     
           6           3   3.8399391694670850E-013
           6           4  -5.2655470873784293E-013
           6           5  -1.3220482009882885E-013
           6           6   2.7800376114476553     
           6           7   2.4986913826721918E-014
           6           8   3.1627743712679045E-015
           6           9   5.6080119712500845E-014
           6          10  0.57743291896544047     
           6          11   2.9144867385197533E-015
           6          12  -1.2365111272430346E-014
           6          13  -5.0118183431771339E-015
           6          14   2.2621541457417720E-002
           6          15   4.9956339035184983E-015
           6          16   2.2621541457419847E-002
           6          17   5.4574000543067937E-016
           6          18   8.4516045084766696E-016
           6          19   2.2621541457422012E-002
           6          20 -0.44371895694259889     
           6          21   2.2480039385811310E-015
           6          22 -0.44371895694259633     
           6          23   5.5423058318464077E-016
           6          24   5.4438854780024620E-016
           6          25 -0.44371895694259073     
           6          26   5.1082788493821782E-014
           6          27  -3.9239184312958887E-014
           6          28   2.2818819746266792E-014
           6          29  -8.9967459834073329E-014
           6          30  -2.0431629308783674E-014
           6          31  -1.8235758871659753E-015
           6          32  -2.3585934104238127E-014
           6          33   2.3545241064522382E-014
           6          34  -4.0884600009945406E-014
           6          35  -5.0022964028810457E-014
           7           1  -5.7283587998952324E-014
           7           2  -4.6317729407736129E-014
           7           3  -5.1441252495307385E-002
           7           4   1.1298253999037932E-014
           7           5   1.5910883721659603E-014
           7           6   2.4986913826721918E-014
           7           7   1.7052779631720793E-003
           7           8  -9.3008283366689055E-016
           7           9  -1.4928921814032967E-015
           7          10   7.0142036115227978E-015
           7          11  -9.3513326669317502E-004
           7          12   2.7278526659733975E-016
           7          13   2.8528069663522247E-016
           7          14  -5.6834382344736178E-016
           7          15   3.4066427638035640E-017
           7          16  -5.3423246531279198E-016
           7          17  -6.4854390384386646E-017
           7          18  -2.6059378044092681E-017
           7          19  -3.8366502524111508E-016
           7          20  -5.2133884179773847E-015
           7          21  -1.1975743721848608E-016
           7          22  -5.3416834619813605E-015
           7          23  -1.0396171738186585E-016
           7          24   7.8160593111744697E-017
           7          25  -5.1855666762005431E-015
           7          26  -9.5191061701813285E-003
           7          27   1.1377617598064217E-015
           7          28  -4.2570736963127133E-003
           7          29   2.2286859857614747E-015
           7          30   1.5510596279576694E-015
           7          31  -7.7906816857628407E-017
           7          32   1.5303513664631649E-015
           7          33  -4.2570736963125459E-003
           7          34   1.2483503813999210E-015
           7          35   3.2361266444344804E-015
           8           1  -3.8276725174887785E-015
           8           2  -2.9892084511067014E-015
           8           3   1.7243151351209368E-014
           8           4  -5.1441252495493618E-002
           8           5  -7.0256300777062486E-015
           8           6   3.1627743712679045E-015
           8           7  -9.3008283366689055E-016
           8           8   1.7052779631843320E-003
           8           9   3.8841542829289804E-015
           8          10  -1.0518964044070900E-015
           8          11  -1.0898942338908268E-016
           8          12  -9.3513326669661769E-004
           8          13  -5.9560646345489766E-016
           8          14   6.4271965801694556E-016
           8          15   1.0747974644673664E-016
           8          16   5.1213792173865186E-016
           8          17   3.0800955741751940E-016
           8          18  -2.9408499097625759E-018
           8          19   1.6568742505134913E-017
           8          20  -3.6228887767352220E-016
           8          21   5.3201848937533487E-017
           8          22   1.7304224168125639E-016
           8          23   3.4229335538072663E-016
           8          24   2.6161626260660743E-016
           8          25   2.1948936608040187E-017
           8          26   3.2703874330853651E-015
           8          27  -4.2570736963294768E-003
           8          28   1.7748389563588126E-015
           8          29  -9.5191061702185435E-003
           8          30  -1.5534448727371797E-015
           8          31   1.9511806707436567E-016
           8          32  -1.3741178334080601E-015
           8          33   8.6324176973299442E-016
           8          34  -4.2570736963296928E-003
           8          35  -2.8657631823135465E-015
           9           1   2.0309162867457654E-014
           9           2   1.1441743703104735E-014
           9           3   2.9613464458400371E-014
           9           4  -1.1099107743994641E-013
           9           5  -5.1441252495424153E-002
           9           6   5.6080119712500845E-014
           9           7  -1.4928921814032967E-015
           9           8   3.8841542829289804E-015
           9           9   1.7052779631797723E-003
           9          10   1.0346950195936080E-014
           9          11   5.1345104383475285E-016
           9          12  -1.9637611849143920E-015
           9          13  -9.3513326669557122E-004
           9          14   9.0793196972166008E-016
           9          15  -1.1843631579072879E-019
           9          16   8.4153176635659914E-016
           9          17   7.9080196145747665E-017
           9          18   1.5872870981786288E-018
           9          19   7.6942533917745553E-016
           9          20  -8.1951192397576058E-015
           9          21   2.9617167820757007E-017
           9          22  -8.0451443944783535E-015
           9          23   7.9452883960628447E-018
           9          24   6.2218071560794205E-017
           9          25  -8.1124207933461042E-015
           9          26   5.6959645333695692E-015
           9          27  -9.3247892046786038E-015
           9          28   2.6261545021942599E-015
           9          29  -2.0635403108481648E-014
           9          30  -4.2570736963232336E-003
           9          31   8.3755877097650614E-018
           9          32  -4.2570736963231347E-003
           9          33   2.4219992331152579E-015
           9          34  -9.2690612130128868E-015
           9          35  -9.5191061702048288E-003
          10           1 -0.13730783141837422     
          10           2 -0.15088847636946931     
          10           3   7.1141325256432031E-014
          10           4  -5.4692740469326564E-014
          10           5  -1.6605192049277496E-014
          10           6  0.57743291896544047     
          10           7   7.0142036115227978E-015
          10           8  -1.0518964044070900E-015
          10           9   1.0346950195936080E-014
          10          10  0.12052650931181026     
          10          11   3.9581539420225241E-016
          10          12  -1.5969502512770587E-015
          10          13  -7.9328472517069390E-016
          10          14   4.4320873953275983E-003
          10          15   1.0625114449741152E-015
          10          16   4.4320873953281629E-003
          10          17   1.1256374110683315E-016
          10          18   1.4972431020401462E-016
          10          19   4.4320873953285966E-003
          10          20  -9.2640436939730605E-002
          10          21   4.5522304890232892E-016
          10          22  -9.2640436939730259E-002
          10          23   9.8334755057867921E-017
          10          24   1.9818117202779697E-016
          10          25  -9.2640436939728968E-002
          10          26   8.1756773251545229E-015
          10          27  -3.6718277666416203E-015
          10          28   3.7203959209730270E-015
          10          29  -8.6600307236085546E-015
          10          30  -3.0462664816633483E-015
          10          31  -4.1357015202182590E-016
          10          32  -3.8278603669243179E-015
          10          33   3.8054584450045908E-015
          10          34  -3.9323038635484578E-015
          10          35  -7.8481407901434287E-015
          11           1   1.6054643423425249E-015
          11           2   9.8936907953609448E-016
          11           3   2.8209140989099279E-002
          11           4   1.2477865962701061E-014
          11           5   4.7878367936956168E-016
          11           6   2.9144867385197533E-015
          11           7  -9.3513326669317502E-004
          11           8  -1.0898942338908268E-016
          11           9   5.1345104383475285E-016
          11          10   3.9581539420225241E-016
          11          11   5.1280450774699045E-004
          11          12   1.8987090545652544E-016
          11          13   1.0936889414950452E-017
          11          14   8.9413023440983171E-017
          11          15  -1.8681206495170645E-017
          11          16   7.0707178146425176E-017
          11          17   3.5564581991384680E-017
          11          18   1.4290333801643471E-017
          11          19  -1.1860371034609216E-017
          11          20  -4.3289222707166728E-016
          11          21   6.5672087422371190E-017
          11          22  -3.6253832220090120E-016
          11          23   5.7010095999393123E-017
          11          24  -4.2861382332815080E-017
          11          25  -4.4814899859810816E-016
          11          26   5.2200480163142535E-003
          11          27   9.2146342639541523E-016
          11          28   2.3344764420583685E-003
          11          29   2.2336733157546055E-015
          11          30  -8.8687737709303724E-017
          11          31   4.2722217561529495E-017
          11          32  -7.7303614898202402E-017
          11          33   2.3344764420582765E-003
          11          34   8.6063968451898090E-016
          11          35  -7.1123662515020507E-017
          12           1   3.1184614992944794E-015
          12           2   3.2463650524349178E-015
          12           3  -2.2993759674072641E-015
          12           4   2.8209140989102571E-002
          12           5  -1.1587952819525190E-015
          12           6  -1.2365111272430346E-014
          12           7   2.7278526659733975E-016
          12           8  -9.3513326669661769E-004
          12           9  -1.9637611849143920E-015
          12          10  -1.5969502512770587E-015
          12          11   1.8987090545652544E-016
          12          12   5.1280450774708174E-004
          12          13   2.3548871186385250E-016
          12          14  -4.5445471314480983E-016
          12          15  -5.8939298207323890E-017
          12          16  -3.8284684143526569E-016
          12          17  -1.6890500541257793E-016
          12          18   1.6126910933885306E-018
          12          19  -1.1108866742745259E-016
          12          20   1.8676965245491768E-015
          12          21  -2.9174609574111023E-017
          12          22   1.5741338624997772E-015
          12          23  -1.8770541254634413E-016
          12          24  -1.4346404255142262E-016
          12          25   1.6569897833522297E-015
          12          26  -4.6902585981722330E-016
          12          27   2.3344764420593824E-003
          12          28  -3.8109706362865205E-016
          12          29   5.2200480163163733E-003
          12          30   4.3715031594615874E-016
          12          31  -1.0699803750119174E-016
          12          32   3.3859633846722752E-016
          12          33   1.1882855810441363E-016
          12          34   2.3344764420595004E-003
          12          35   6.4358240958740450E-016
          13           1  -8.1359342852947368E-016
          13           2  -2.3755157864456045E-016
          13           3  -1.4831885719602936E-016
          13           4   1.4582085539060971E-014
          13           5   2.8209140989108334E-002
          13           6  -5.0118183431771339E-015
          13           7   2.8528069663522247E-016
          13           8  -5.9560646345489766E-016
          13           9  -9.3513326669557122E-004
          13          10  -7.9328472517069390E-016
          13          11   1.0936889414950452E-017
          13          12   2.3548871186385250E-016
          13          13   5.1280450774730509E-004
          13          14  -7.7843312291288155E-017
          13          15   6.4947616438058051E-020
          13          16  -4.1431043780009507E-017
          13          17  -4.3365670435504665E-017
          13          18  -8.7042992479550136E-019
          13          19  -1.8896198872951765E-018
          13          20   7.6228488309257332E-016
          13          21  -1.6241339823951584E-017
          13          22   6.8004229859012263E-016
          13          23  -4.3570043432581585E-018
          13          24  -3.4118888393655404E-017
          13          25   7.1693505156220696E-016
          13          26  -1.4582519219928876E-016
          13          27   1.2830448509193365E-015
          13          28  -1.0852863746579360E-016
          13          29   2.7512714328991967E-015
          13          30   2.3344764420595875E-003
          13          31  -4.5929700988830405E-018
          13          32   2.3344764420595333E-003
          13          33   3.4694469519582357E-018
          13          34   1.2525787698724954E-015
          13          35   5.2200480163169674E-003
          14           1   4.2990993123736198E-003
          14           2   1.6004990092673170E-003
          14           3   5.4232215916024490E-015
          14           4  -2.4310412968331928E-014
          14           5  -1.8617745541974601E-015
          14           6   2.2621541457417720E-002
          14           7  -5.6834382344736178E-016
          14           8   6.4271965801694556E-016
          14           9   9.0793196972166008E-016
          14          10   4.4320873953275983E-003
          14          11   8.9413023440983171E-017
          14          12  -4.5445471314480983E-016
          14          13  -7.7843312291288155E-017
          14          14   3.0456396055861311E-004
          14          15   2.9402295898498612E-017
          14          16   3.0456396055857462E-004
          14          17   4.7979442793734755E-018
          14          18   1.8548741893985644E-017
          14          19   3.0456396055860010E-004
          14          20  -3.3950093007832868E-003
          14          21   2.3582130476997964E-017
          14          22  -3.3950093007831853E-003
          14          23   1.2095857517216241E-017
          14          24  -3.4040071084930523E-017
          14          25  -3.3950093007831927E-003
          14          26   1.2207283339052799E-015
          14          27  -1.9555866028164887E-015
          14          28   5.1427985383241444E-016
          14          29  -4.3967127161677444E-015
          14          30  -3.6655958026809937E-016
          14          31   8.9175612962943888E-019
          14          32  -3.3508178310138559E-016
          14          33   5.4994237418478255E-016
          14          34  -2.0057187752655886E-015
          14          35  -7.9356827900048070E-016
          15           1  -1.8488666955924371E-015
          15           2  -1.8183987823763953E-015
          15           3  -1.0276446090207333E-015
          15           4  -3.2422237866696897E-015
          15           5   3.5727386211215138E-018
          15           6   4.9956339035184983E-015
          15           7   3.4066427638035640E-017
          15           8   1.0747974644673664E-016
          15           9  -1.1843631579072879E-019
          15          10   1.0625114449741152E-015
          15          11  -1.8681206495170645E-017
          15          12  -5.8939298207323890E-017
          15          13   6.4947616438058051E-020
          15          14   2.9402295898498612E-017
          15          15   1.7481744232949955E-029
          15          16   2.9402295898500098E-017
          15          17   1.9059374583050852E-029
          15          18  -2.7688572578192075E-031
          15          19   2.9402295898475045E-017
          15          20  -8.1747379832604372E-016
          15          21   4.5045080321864091E-030
          15          22  -8.1747379832601552E-016
          15          23   1.9784331564264594E-029
          15          24   2.2615627467057780E-029
          15          25  -8.1747379832600684E-016
          15          26  -1.9016368505760277E-016
          15          27  -2.6831356023172076E-016
          15          28  -8.5043785328111329E-017
          15          29  -5.9996735996309230E-016
          15          30   2.9566565483665911E-019
          15          31   5.9955501798550844E-030
          15          32   2.9566565483650985E-019
          15          33  -8.5043785328166919E-017
          15          34  -2.6831356023173160E-016
          15          35   6.6112850284680828E-019
          16           1   4.2990993123690610E-003
          16           2   1.6004990092636159E-003
          16           3   4.3942216135145958E-015
          16           4  -2.0371296758416333E-014
          16           5   1.4124765143579065E-016
          16           6   2.2621541457419847E-002
          16           7  -5.3423246531279198E-016
          16           8   5.1213792173865186E-016
          16           9   8.4153176635659914E-016
          16          10   4.4320873953281629E-003
          16          11   7.0707178146425176E-017
          16          12  -3.8284684143526569E-016
          16          13  -4.1431043780009507E-017
          16          14   3.0456396055857462E-004
          16          15   2.9402295898500098E-017
          16          16   3.0456396055853608E-004
          16          17   4.7979442793457652E-018
          16          18   1.8548741893980526E-017
          16          19   3.0456396055856156E-004
          16          20  -3.3950093007837265E-003
          16          21   2.3582130476989610E-017
          16          22  -3.3950093007836246E-003
          16          23   1.2095857517184549E-017
          16          24  -3.4040071084933185E-017
          16          25  -3.3950093007836320E-003
          16          26   1.0303138403733299E-015
          16          27  -1.6296009941751382E-015
          16          28   4.2912390354467331E-016
          16          29  -3.6677867355590911E-015
          16          30  -2.0079741991793919E-016
          16          31   8.9175612960393340E-019
          16          32  -1.6931962275127234E-016
          16          33   4.6478642389710940E-016
          16          34  -1.6797331666242058E-015
          16          35  -4.2291282036039356E-016
          17           1  -8.4746821740860960E-017
          17           2  -1.0766125135681341E-016
          17           3   1.9563913586160256E-015
          17           4  -9.2913869505189477E-015
          17           5  -2.3855256592299159E-015
          17           6   5.4574000543067937E-016
          17           7  -6.4854390384386646E-017
          17           8   3.0800955741751940E-016
          17           9   7.9080196145747665E-017
          17          10   1.1256374110683315E-016
          17          11   3.5564581991384680E-017
          17          12  -1.6890500541257793E-016
          17          13  -4.3365670435504665E-017
          17          14   4.7979442793734755E-018
          17          15   1.9059374583050852E-029
          17          16   4.7979442793457652E-018
          17          17   6.1875046358197506E-029
          17          18   7.3401759615596564E-031
          17          19   4.7979442792476337E-018
          17          20  -8.6465893780520871E-017
          17          21   1.5994390830919855E-029
          17          22  -8.6465893780411601E-017
          17          23   6.6279045260001363E-029
          17          24   4.7159018101205195E-029
          17          25  -8.6465893780447001E-017
          17          26   3.6202650887614376E-016
          17          27  -7.6891827221623125E-016
          17          28   1.6190317670086100E-016
          17          29  -1.7193535258170757E-015
          17          30  -1.9741662660186525E-016
          17          31   3.8282460678279503E-029
          17          32  -1.9741662660182795E-016
          17          33   1.6190317670068070E-016
          17          34  -7.6891827221627227E-016
          17          35  -4.4143699697033609E-016
          18           1   6.9060916114775884E-016
          18           2   4.7114412941602308E-016
          18           3   7.8610471417831877E-016
          18           4   8.8713398064995155E-017
          18           5  -4.7881951306353777E-017
          18           6   8.4516045084766696E-016
          18           7  -2.6059378044092681E-017
          18           8  -2.9408499097625759E-018
          18           9   1.5872870981786288E-018
          18          10   1.4972431020401462E-016
          18          11   1.4290333801643471E-017
          18          12   1.6126910933885306E-018
          18          13  -8.7042992479550136E-019
          18          14   1.8548741893985644E-017
          18          15  -2.7688572578192075E-031
          18          16   1.8548741893980526E-017
          18          17   7.3401759615596564E-031
          18          18   1.7923149649114388E-030
          18          19   1.8548741893980430E-017
          18          20  -1.1401127250033869E-016
          18          21   2.9617339741510940E-030
          18          22  -1.1401127250032888E-016
          18          23   1.9091250630555238E-030
          18          24  -5.1486704002823515E-030
          18          25  -1.1401127250033452E-016
          18          26   1.4546718581215859E-016
          18          27   7.3415683929466435E-018
          18          28   6.5054903194313716E-017
          18          29   1.6416245988095559E-017
          18          30  -3.9625200699372661E-018
          18          31   1.8312331587136729E-030
          18          32  -3.9625200699325930E-018
          18          33   6.5054903194315651E-017
          18          34   7.3415683929413094E-018
          18          35  -8.8604642385796215E-018
          19           1   4.2990993123691989E-003
          19           2   1.6004990092635561E-003
          19           3  -1.4778143206862521E-016
          19           4  -5.4220041338117990E-015
          19           5   2.3164032607261821E-015
          19           6   2.2621541457422012E-002
          19           7  -3.8366502524111508E-016
          19           8   1.6568742505134913E-017
          19           9   7.6942533917745553E-016
          19          10   4.4320873953285966E-003
          19          11  -1.1860371034609216E-017
          19          12  -1.1108866742745259E-016
          19          13  -1.8896198872951765E-018
          19          14   3.0456396055860010E-004
          19          15   2.9402295898475045E-017
          19          16   3.0456396055856156E-004
          19          17   4.7979442792476337E-018
          19          18   1.8548741893980430E-017
          19          19   3.0456396055858703E-004
          19          20  -3.3950093007840583E-003
          19          21   2.3582130476964422E-017
          19          22  -3.3950093007839568E-003
          19          23   1.2095857517076486E-017
          19          24  -3.4040071085007012E-017
          19          25  -3.3950093007839638E-003
          19          26   1.8982479473551409E-016
          19          27  -3.9245692548216188E-016
          19          28   5.3245775466553588E-017
          19          29  -9.0144850000110042E-016
          19          30  -2.0790182913775953E-017
          19          31   8.9175612953959810E-019
          19          32   1.0687614252833949E-017
          19          33   8.8908295819280563E-017
          19          34  -4.4258909793116304E-016
          19          35  -2.0404401977374515E-017
          20           1  0.10630706441027636     
          20           2  0.11656490318819704     
          20           3  -6.1866438737732990E-014
          20           4   7.7213784046149430E-014
          20           5   2.1271677016879362E-014
          20           6 -0.44371895694259889     
          20           7  -5.2133884179773847E-015
          20           8  -3.6228887767352220E-016
          20           9  -8.1951192397576058E-015
          20          10  -9.2640436939730605E-002
          20          11  -4.3289222707166728E-016
          20          12   1.8676965245491768E-015
          20          13   7.6228488309257332E-016
          20          14  -3.3950093007832868E-003
          20          15  -8.1747379832604372E-016
          20          16  -3.3950093007837265E-003
          20          17  -8.6465893780520871E-017
          20          18  -1.1401127250033869E-016
          20          19  -3.3950093007840583E-003
          20          20   7.1207286874945611E-002
          20          21  -3.4933653217784154E-016
          20          22   7.1207286874945347E-002
          20          23  -7.4886528152724742E-017
          20          24  -1.5572338803202749E-016
          20          25   7.1207286874944348E-002
          20          26  -7.5807383416551427E-015
          20          27   5.7352841618468666E-015
          20          28  -3.4422888467289969E-015
          20          29   1.3169437730461980E-014
          20          30   3.0331726637592463E-015
          20          31   3.1920556163597739E-016
          20          32   3.6388772377731657E-015
          20          33  -3.5049977818981519E-015
          20          34   5.9321626497737950E-015
          20          35   7.5843265718179376E-015
          21           1  -6.6830352114337716E-017
          21           2  -2.2440484099920773E-016
          21           3   3.6125914362293194E-015
          21           4  -1.6048819040098326E-015
          21           5  -8.9342866145619685E-016
          21           6   2.2480039385811310E-015
          21           7  -1.1975743721848608E-016
          21           8   5.3201848937533487E-017
          21           9   2.9617167820757007E-017
          21          10   4.5522304890232892E-016
          21          11   6.5672087422371190E-017
          21          12  -2.9174609574111023E-017
          21          13  -1.6241339823951584E-017
          21          14   2.3582130476997964E-017
          21          15   4.5045080321864091E-030
          21          16   2.3582130476989610E-017
          21          17   1.5994390830919855E-029
          21          18   2.9617339741510940E-030
          21          19   2.3582130476964422E-017
          21          20  -3.4933653217784154E-016
          21          21   1.2634492944282612E-029
          21          22  -3.4933653217780762E-016
          21          23   1.8899163178735455E-029
          21          24   2.5048429685564297E-030
          21          25  -3.4933653217782226E-016
          21          26   6.6850319078238064E-016
          21          27  -1.3281365067607102E-016
          21          28   2.9896371555299860E-016
          21          29  -2.9698035125156740E-016
          21          30  -7.3936606706220442E-017
          21          31   1.0920052995706379E-029
          21          32  -7.3936606706211716E-017
          21          33   2.9896371555295679E-016
          21          34  -1.3281365067608751E-016
          21          35  -1.6532727862073746E-016
          22           1  0.10630706441028182     
          22           2  0.11656490318820108     
          22           3  -5.7996302669007642E-014
          22           4   6.1065036525832752E-014
          22           5   1.6747550129373773E-014
          22           6 -0.44371895694259633     
          22           7  -5.3416834619813605E-015
          22           8   1.7304224168125639E-016
          22           9  -8.0451443944783535E-015
          22          10  -9.2640436939730259E-002
          22          11  -3.6253832220090120E-016
          22          12   1.5741338624997772E-015
          22          13   6.8004229859012263E-016
          22          14  -3.3950093007831853E-003
          22          15  -8.1747379832601552E-016
          22          16  -3.3950093007836246E-003
          22          17  -8.6465893780411601E-017
          22          18  -1.1401127250032888E-016
          22          19  -3.3950093007839568E-003
          22          20   7.1207286874945347E-002
          22          21  -3.4933653217780762E-016
          22          22   7.1207286874945083E-002
          22          23  -7.4886528152603159E-017
          22          24  -1.5572338803197106E-016
          22          25   7.1207286874944098E-002
          22          26  -6.8645770052914957E-015
          22          27   4.3988779710483675E-015
          22          28  -3.1220117605356651E-015
          22          29   1.0181142642285160E-014
          22          30   2.6587738955067880E-015
          22          31   3.1920556163605411E-016
          22          32   3.2644784695208096E-015
          22          33  -3.1847206957051155E-015
          22          34   4.5957564589751981E-015
          22          35   6.7471454753135170E-015
          23           1   4.4786557941020501E-016
          23           2   3.0506971016589784E-016
          23           3   3.1360992572335259E-015
          23           4  -1.0325588732049346E-014
          23           5  -2.3967681241014812E-016
          23           6   5.5423058318464077E-016
          23           7  -1.0396171738186585E-016
          23           8   3.4229335538072663E-016
          23           9   7.9452883960628447E-018
          23          10   9.8334755057867921E-017
          23          11   5.7010095999393123E-017
          23          12  -1.8770541254634413E-016
          23          13  -4.3570043432581585E-018
          23          14   1.2095857517216241E-017
