           1           1  0.64076512059247781     
           1           2  0.57224547465603148     
           1           3   1.8209362295525540E-013
           1           4   1.1617916476404838E-012
           1           5   3.9456103223055746E-013
           1           6 -0.15299694060533689     
           1           7   5.3688499200771684E-014
           1           8  -2.8078374545232567E-013
           1           9  -1.5715490746789890E-013
           1          10 -0.10839642582330564     
           1          11   1.3295757130838823E-013
           1          12   9.7837937116338239E-013
           1          13   3.1376948648027386E-013
           1          14  -2.4192278918923507E-003
           1          15  -5.0263872846394788E-005
           1          16  -2.5141730851870586E-003
           1          17   8.3599955133192166E-005
           1          18  -3.2526313682353238E-005
           1          19  -2.4842586172318755E-003
           1          20  -6.7821848780205531E-003
           1          21   2.7583322447858574E-004
           1          22  -6.2611538369107614E-003
           1          23  -4.5877175412378183E-004
           1          24   1.7849476140602456E-004
           1          25  -6.4253155582618968E-003
           1          26   4.3859576400164136E-014
           1          27   2.2832023392929532E-013
           1          28   3.4873967411705957E-014
           1          29   5.8292391039577060E-013
           1          30   9.6239311333101458E-014
           1          31  -5.3837303129376127E-015
           1          32   1.4337608660913830E-013
           1          33   1.0346169641262622E-014
           1          34   2.0915423009058959E-013
           1          35   1.8209347178044518E-013
           2           1  0.57224547465603148     
           2           2  0.52847213090273892     
           2           3   2.5651114357480052E-013
           2           4   1.6182036644992493E-012
           2           5   5.5138882801974749E-013
           2           6 -0.25043505021652418     
           2           7   1.5668285088501757E-013
           2           8   3.5081742806269281E-013
           2           9   7.2339608425936515E-014
           2          10 -0.17514809009972448     
           2          11   2.0597004533105571E-013
           2          12   1.6175496724202308E-012
           2          13   5.3155752256308663E-013
           2          14  -3.7811453495155802E-003
           2          15  -2.1965127977121180E-005
           2          16  -3.8226360489720590E-003
           2          17   3.6532874333146284E-005
           2          18  -1.4213879459452320E-005
           2          19  -3.8095635370725715E-003
           2          20  -1.0642104184506940E-002
           2          21   5.4046479946671640E-004
           2          22  -9.6212012854261248E-003
           2          23  -8.9891268376367413E-004
           2          24   3.4974081039402258E-004
           2          25  -9.9428580854046336E-003
           2          26   4.8008788398537703E-014
           2          27   2.0571774804355788E-013
           2          28   4.2820453650825205E-014
           2          29   6.0247920265485538E-013
           2          30   8.7057671616523430E-014
           2          31  -1.1272058580737851E-014
           2          32   1.7785625053441592E-013
           2          33   5.0467543644119068E-015
           2          34   1.8614056671999531E-013
           2          35   1.4772064877262018E-013
           3           1   1.8209362295525540E-013
           3           2   2.5651114357480052E-013
           3           3  0.15988996617360268     
           3           4  -2.2356189873974853E-002
           3           5   3.7183296000690196E-002
           3           6  -2.9607385299001433E-013
           3           7  0.24086264101998286     
           3           8  -3.0850711509356483E-002
           3           9   5.1311567143020244E-002
           3          10  -1.3119015539751410E-012
           3          11  0.22130950855379006     
           3          12  -3.7330221509963651E-002
           3          13   6.2088427642733514E-002
           3          14   4.2876883223248522E-014
           3          15   3.8501466343069523E-013
           3          16  -1.5000003778889443E-014
           3          17   1.1015229572031872E-013
           3          18  -4.2665856681047308E-014
           3          19  -3.0608122930089650E-014
           3          20   3.1178620194599192E-013
           3          21   1.9007992404576813E-012
           3          22  -4.5182537778479114E-013
           3          23   6.3798984900282469E-013
           3          24   6.3766199640267404E-015
           3          25   2.5234404871093043E-013
           3          26  -5.2772298752209621E-004
           3          27   9.5644673128956635E-004
           3          28   1.5205335437895493E-003
           3          29  -1.2067510960722849E-003
           3          30  -1.5907827821499165E-003
           3          31   4.7264601258148361E-004
           3          32   9.3451723040439689E-004
           3          33   1.0858407582867455E-003
           3          34  -6.2067990146454847E-004
           3          35   2.0799983589998043E-003
           4           1   1.1617916476404838E-012
           4           2   1.6182036644992493E-012
           4           3  -2.2356189873974853E-002
           4           4  0.11112766505096033     
           4           5  -1.4466940291545057E-002
           4           6  -9.6438600632990291E-013
           4           7  -3.0850711518294577E-002
           4           8  0.17357247692099290     
           4           9  -1.9963840172363596E-002
           4          10  -9.9707557074537638E-012
           4          11  -3.7330221492072574E-002
           4          12  0.13988653337583817     
           4          13  -2.4156803465815228E-002
           4          14  -1.8989683794775883E-013
           4          15   5.0680925688708629E-014
           4          16   3.3203734543308278E-013
           4          17  -1.9782705128485509E-014
           4          18  -2.7057760931921928E-014
           4          19  -2.2452364781437407E-014
           4          20   4.0348273800082926E-013
           4          21  -3.1941715666306152E-014
           4          22   6.8652901490989251E-013
           4          23   5.3799845530845061E-013
           4          24  -9.7682375304570185E-013
           4          25   1.0590525799871699E-012
           4          26  -1.3458721240356612E-003
           4          27  -1.4917754939159200E-003
           4          28   1.1430971734953887E-003
           4          29   6.4033954739999683E-004
           4          30  -4.8437709316737705E-004
           4          31  -1.5732731668507713E-003
           4          32   7.3971095400914737E-004
           4          33  -6.2067990120393750E-004
           4          34  -2.6795790934823916E-004
           4          35  -8.0926693362417439E-004
           5           1   3.9456103223055746E-013
           5           2   5.5138882801974749E-013
           5           3   3.7183296000690196E-002
           5           4  -1.4466940291545057E-002
           5           5  0.12649124745449869     
           5           6  -2.7820499225876544E-014
           5           7   5.1311567152861032E-002
           5           8  -1.9963840170322985E-002
           5           9  0.19477364990679677     
           5          10  -4.1053553374600210E-012
           5          11   6.2088427620984460E-002
           5          12  -2.4156803469733482E-002
           5          13  0.16554054392273571     
           5          14  -7.7272966029410001E-014
           5          15  -3.4792446674968523E-014
           5          16  -1.5177639078948393E-013
           5          17   3.7631304233410403E-014
           5          18   4.1780504218125407E-013
           5          19   2.9360248344392810E-013
           5          20   1.9907041689557344E-013
           5          21   2.0164345588056249E-013
           5          22  -8.6765485170059652E-013
           5          23   4.9526630038612356E-013
           5          24   1.4454053068817324E-012
           5          25   1.7629883172204610E-012
           5          26   2.2384834780895041E-003
           5          27  -4.8437709287362348E-004
           5          28   9.3451722968722990E-004
           5          29  -7.8090211738920468E-004
           5          30  -9.7737734318064273E-004
           5          31   8.7801342830303136E-004
           5          32   6.8113302662129631E-004
           5          33  -1.8034128779817228E-003
           5          34   7.0165556000593174E-004
           5          35   2.0683334278818295E-004
           6           1 -0.15299694060533689     
           6           2 -0.25043505021652418     
           6           3  -2.9607385299001433E-013
           6           4  -9.6438600632990291E-013
           6           5  -2.7820499225876544E-014
           6           6  0.78134172898469201     
           6           7  -1.4001000455724791E-013
           6           8   1.1382576291090022E-012
           6           9   8.4248268672287088E-013
           6          10  0.53455816853481730     
           6          11  -1.8329666961393101E-013
           6          12  -1.4721886387441718E-012
           6          13  -1.1998572460110743E-013
           6          14   1.1043606897659953E-002
           6          15   4.1875482328198460E-005
           6          16   1.1122706953663797E-002
           6          17  -6.9648207544022612E-005
           6          18   2.7098090992291315E-005
           6          19   1.1097784829353528E-002
           6          20   3.1426828248120597E-002
           6          21  -1.5084416635002687E-003
           6          22   2.8577479945049722E-002
           6          23   2.5088726314243508E-003
           6          24  -9.7612945453374664E-004
           6          25   2.9475226692647769E-002
           6          26  -8.1661903694568532E-014
           6          27  -1.1778259943485249E-013
           6          28  -3.9539007643028402E-014
           6          29  -7.1868367732654829E-013
           6          30  -6.4708606743320591E-014
           6          31   1.4291592248650304E-014
           6          32  -3.5225295348117711E-013
           6          33  -9.1782808252191388E-015
           6          34  -5.0085646970988131E-014
           6          35   4.2711615518576410E-014
           7           1   5.3688499200771684E-014
           7           2   1.5668285088501757E-013
           7           3  0.24086264101998286     
           7           4  -3.0850711518294577E-002
           7           5   5.1311567152861032E-002
           7           6  -1.4001000455724791E-013
           7           7  0.36322580087491974     
           7           8  -4.2163995064109970E-002
           7           9   7.0128063743368774E-002
           7          10  -1.8837041487374834E-012
           7          11  0.33243486875122796     
           7          12  -5.2404667677183506E-002
           7          13   8.7160570859304079E-002
           7          14   6.9892835427108385E-014
           7          15   5.9950326511846717E-013
           7          16  -1.0911421677438825E-014
           7          17   1.6802472087672139E-013
           7          18  -7.3052030976989693E-014
           7          19  -4.6941244302435239E-014
           7          20   4.9665324971444282E-013
           7          21   2.9110669337515457E-012
           7          22  -6.3870972678273806E-013
           7          23   9.7227233651760326E-013
           7          24  -4.2376896485847007E-014
           7          25   3.7494855483148194E-013
           7          26  -9.5479510163206673E-004
           7          27   1.4832799471895591E-003
           7          28   2.3109654928532750E-003
           7          29  -1.8115851161521290E-003
           7          30  -2.4670231220277256E-003
           7          31   6.9321186124197249E-004
           7          32   1.4174710747774807E-003
           7          33   1.6734181807474232E-003
           7          34  -9.6373038892534277E-004
           7          35   3.1512757624939988E-003
           8           1  -2.8078374545232567E-013
           8           2   3.5081742806269281E-013
           8           3  -3.0850711509356483E-002
           8           4  0.17357247692099290     
           8           5  -1.9963840170322985E-002
           8           6   1.1382576291090022E-012
           8           7  -4.2163995064109970E-002
           8           8  0.27125961893129286     
           8           9  -2.7284792385491662E-002
           8          10  -1.4187678413297141E-011
           8          11  -5.2404667641254600E-002
           8          12  0.21813219971446149     
           8          13  -3.3911646015729470E-002
           8          14  -2.7093571131345930E-013
           8          15   9.6709179328458938E-014
           8          16   5.7419997557283015E-013
           8          17  -5.1810752442566934E-014
           8          18  -3.1558078541325642E-014
           8          19   1.1306805689201096E-014
           8          20   7.3312068186722355E-013
           8          21   1.4245683580992526E-014
           8          22   1.2106871382353663E-012
           8          23   8.1081445866180250E-013
           8          24  -1.5005441712899275E-012
           8          25   1.8177924149545258E-012
           8          26  -2.0753251710491998E-003
           8          27  -2.3432044083163970E-003
           8          28   1.8371243569395095E-003
           8          29   9.7429389311658253E-004
           8          30  -7.8047348861957075E-004
           8          31  -2.4612769155620278E-003
           8          32   1.1888236995597191E-003
           8          33  -9.6373038850091405E-004
           8          34  -4.2862655031341830E-004
           8          35  -1.2260698485665039E-003
           9           1  -1.5715490746789890E-013
           9           2   7.2339608425936515E-014
           9           3   5.1311567143020244E-002
           9           4  -1.9963840172363596E-002
           9           5  0.19477364990679677     
           9           6   8.4248268672287088E-013
           9           7   7.0128063743368774E-002
           9           8  -2.7284792385491662E-002
           9           9  0.30023548723026355     
           9          10  -5.9762167229173768E-012
           9          11   8.7160570818056574E-002
           9          12  -3.3911646024301932E-002
           9          13  0.25414564518693122     
           9          14  -1.1364693388801988E-013
           9          15  -5.6090366971372649E-014
           9          16  -2.1712028670125216E-013
           9          17   4.9261712381607541E-014
           9          18   6.5779795226513819E-013
           9          19   4.7573692702521591E-013
           9          20   3.4053668822713148E-013
           9          21   2.7045160956089743E-013
           9          22  -1.2807003424320706E-012
           9          23   7.4451191558667506E-013
           9          24   2.2517116624330105E-012
           9          25   2.8007350007238602E-012
           9          26   3.4517254829305993E-003
           9          27  -7.8047348823970242E-004
           9          28   1.4174710737238543E-003
           9          29  -1.1722969695480930E-003
           9          30  -1.5143581953107571E-003
           9          31   1.3510920464466461E-003
           9          32   1.0377669744310843E-003
           9          33  -2.8701187150574322E-003
           9          34   1.1166798124684063E-003
           9          35   2.4235273999569313E-004
          10           1 -0.10839642582330564     
          10           2 -0.17514809009972448     
          10           3  -1.3119015539751410E-012
          10           4  -9.9707557074537638E-012
          10           5  -4.1053553374600210E-012
          10           6  0.53455816853481730     
          10           7  -1.8837041487374834E-012
          10           8  -1.4187678413297141E-011
          10           9  -5.9762167229173768E-012
          10          10  0.37820333855987509     
          10          11  -1.4141594902743767E-012
          10          12  -1.1844744971155818E-011
          10          13  -4.8532994579657198E-012
          10          14   7.9648844044029454E-003
          10          15  -5.1255810105167569E-004
          10          16   6.9966954172025293E-003
          10          17   8.5249766034337961E-004
          10          18  -3.3168207526495575E-004
          10          19   7.3017435992204973E-003
          10          20   2.2090787704546110E-002
          10          21  -2.5080268483132664E-003
          10          22   1.7353287822961822E-002
          10          23   4.1714042214332850E-003
          10          24  -1.6229721966815923E-003
          10          25   1.8845936198424167E-002
          10          26  -1.6307406603136402E-014
          10          27   7.0055022098060491E-014
          10          28  -1.6213837278129187E-013
          10          29  -3.6542771192531842E-013
          10          30   5.7561310354681241E-014
          10          31   9.7245160272079139E-014
          10          32  -2.6440341031493124E-013
          10          33   9.4699271669634426E-014
          10          34  -2.3742769362598175E-014
          10          35   6.0250029450551907E-014
          11           1   1.3295757130838823E-013
          11           2   2.0597004533105571E-013
          11           3  0.22130950855379006     
          11           4  -3.7330221492072574E-002
          11           5   6.2088427620984460E-002
          11           6  -1.8329666961393101E-013
          11           7  0.33243486875122796     
          11           8  -5.2404667641254600E-002
          11           9   8.7160570818056574E-002
          11          10  -1.4141594902743767E-012
          11          11  0.30871686339720017     
          11          12  -6.0417694524674326E-002
          11          13  0.10048800958397099     
          11          14   5.7871626032837220E-014
          11          15   4.8357490988544651E-013
          11          16  -2.7676690686243611E-014
          11          17   1.4236905678648564E-013
          11          18  -4.2802350622512807E-014
          11          19  -3.0131244738364130E-014
          11          20   4.0052997509717393E-013
          11          21   2.5066991456535485E-012
          11          22  -6.6949892833001802E-013
          11          23   8.4576056973372429E-013
          11          24   1.1307473797143197E-013
          11          25   3.8749997026556861E-013
          11          26  -3.4669420030420295E-004
          11          27   1.1995151974871544E-003
          11          28   2.0515755023856642E-003
          11          29  -1.6701719937312412E-003
          11          30  -1.9950594855824679E-003
          11          31   6.6923884884048060E-004
          11          32   1.2670919807753226E-003
          11          33   1.4360761817240474E-003
          11          34  -8.0132367393411831E-004
          11          35   2.8268260469049588E-003
          12           1   9.7837937116338239E-013
          12           2   1.6175496724202308E-012
          12           3  -3.7330221509963651E-002
          12           4  0.13988653337583817     
          12           5  -2.4156803469733482E-002
          12           6  -1.4721886387441718E-012
          12           7  -5.2404667677183506E-002
          12           8  0.21813219971446149     
          12           9  -3.3911646024301932E-002
          12          10  -1.1844744971155818E-011
          12          11  -6.0417694524674326E-002
          12          12  0.17693654626681182     
          12          13  -3.9096965232200277E-002
          12          14  -2.1845371261549609E-013
          12          15   3.1986724063071166E-014
          12          16   3.7839825531837505E-013
          12          17   1.4815917257419286E-014
          12          18  -5.3107372249115869E-014
          12          19  -4.6918259732592613E-014
          12          20   5.0533208921795853E-013
          12          21  -1.7772440700059496E-013
          12          22   7.7511507064246486E-013
          12          23   7.4706832812662559E-013
          12          24  -1.2807897422981923E-012
          12          25   1.1958562879197461E-012
          12          26  -1.7636013724267876E-003
          12          27  -1.8370243671955886E-003
          12          28   1.3248638593014502E-003
          12          29   8.5888971951761242E-004
          12          30  -5.7410319818382793E-004
          12          31  -1.9608295785570676E-003
          12          32   8.5733420739970056E-004
          12          33  -8.0132367553478225E-004
          12          34  -3.1173443705761057E-004
          12          35  -1.0998358926476645E-003
          13           1   3.1376948648027386E-013
          13           2   5.3155752256308663E-013
          13           3   6.2088427642733514E-002
          13           4  -2.4156803465815228E-002
          13           5  0.16554054392273571     
          13           6  -1.1998572460110743E-013
          13           7   8.7160570859304079E-002
          13           8  -3.3911646015729470E-002
          13           9  0.25414564518693122     
          13          10  -4.8532994579657198E-012
          13          11  0.10048800958397099     
          13          12  -3.9096965232200277E-002
          13          13  0.21845669014607566     
          13          14  -8.7852041853065945E-014
          13          15  -4.2593853977371290E-014
          13          16  -2.0368698294776525E-013
          13          17   6.4267237441153320E-014
          13          18   5.1225726897406539E-013
          13          19   3.5694769894603644E-013
          13          20   2.5658585748735830E-013
          13          21   3.4202472529118009E-013
          13          22  -1.1771549418930182E-012
          13          23   6.8385953988765291E-013
          13          24   1.8232521537848860E-012
          13          25   2.1815317911049595E-012
          13          26   2.9332597504333922E-003
          13          27  -5.7410319699578943E-004
          13          28   1.2670919816806100E-003
          13          29  -1.0807869597899932E-003
          13          30  -1.2273390045221926E-003
          13          31   1.1333312968261845E-003
          13          32   9.1345024565598633E-004
          13          33  -2.1378552783792950E-003
          13          34   8.3177738190162102E-004
          13          35   4.3506848540294976E-004
          14           1  -2.4192278918923507E-003
          14           2  -3.7811453495155802E-003
          14           3   4.2876883223248522E-014
          14           4  -1.8989683794775883E-013
          14           5  -7.7272966029410001E-014
          14           6   1.1043606897659953E-002
          14           7   6.9892835427108385E-014
          14           8  -2.7093571131345930E-013
          14           9  -1.1364693388801988E-013
          14          10   7.9648844044029454E-003
          14          11   5.7871626032837220E-014
          14          12  -2.1845371261549609E-013
          14          13  -8.7852041853065945E-014
          14          14   1.7100191670837717E-004
          14          15  -1.7643880768471987E-005
          14          16   1.3767377116578606E-004
          14          17   2.9345682106791769E-005
          14          18  -1.1417552409739758E-005
          14          19   1.4817450018130376E-004
          14          20   4.6569603924086569E-004
          14          21  -6.9525249657358937E-005
          14          22   3.3436735608299384E-004
          14          23   1.1563589127719915E-004
          14          24  -4.4990565887929304E-005
          14          25   3.7574520315643983E-004
          14          26  -1.8206509955820176E-015
          14          27   2.7373561022701767E-015
          14          28  -1.8793469664304464E-015
          14          29  -6.5625730659788548E-015
          14          30  -1.2708119075618994E-015
          14          31   2.5986140699554758E-015
          14          32  -3.7058457493114175E-015
          14          33   1.6048634173338331E-015
          14          34  -4.7639940130358488E-016
          14          35   2.3430450838096103E-015
          15           1  -5.0263872846394788E-005
          15           2  -2.1965127977121180E-005
          15           3   3.8501466343069523E-013
          15           4   5.0680925688708629E-014
          15           5  -3.4792446674968523E-014
          15           6   4.1875482328198460E-005
          15           7   5.9950326511846717E-013
          15           8   9.6709179328458938E-014
          15           9  -5.6090366971372649E-014
          15          10  -5.1255810105167569E-004
          15          11   4.8357490988544651E-013
          15          12   3.1986724063071166E-014
          15          13  -4.2593853977371290E-014
          15          14  -1.7643880768471987E-005
          15          15   2.3729345896578357E-005
          15          16   2.7179313192121602E-005
          15          17  -3.9467158718992519E-005
          15          18   1.5355524868202196E-005
          15          19   1.3056828892841505E-005
          15          20  -2.4496868041925520E-005
          15          21   6.4030186558966973E-005
          15          22   9.6451999050030463E-005
          15          23  -1.0649638412705053E-004
          15          24   4.1434649165213619E-005
          15          25   5.8344529994951832E-005
          15          26  -7.6372994775163422E-015
          15          27   4.8673470813265046E-015
          15          28   4.1700262703054646E-015
          15          29  -1.0147897955030892E-014
          15          30  -9.7224989880446598E-015
          15          31   3.0579846302881898E-015
          15          32  -4.5609086265398912E-016
          15          33   2.6941079415679576E-015
          15          34  -2.2214765630048006E-015
          15          35   6.7032577270777669E-015
          16           1  -2.5141730851870586E-003
          16           2  -3.8226360489720590E-003
          16           3  -1.5000003778889443E-014
          16           4   3.3203734543308278E-013
          16           5  -1.5177639078948393E-013
          16           6   1.1122706953663797E-002
          16           7  -1.0911421677438825E-014
          16           8   5.7419997557283015E-013
          16           9  -2.1712028670125216E-013
          16          10   6.9966954172025293E-003
          16          11  -2.7676690686243611E-014
          16          12   3.7839825531837505E-013
          16          13  -2.0368698294776525E-013
          16          14   1.3767377116578606E-004
          16          15   2.7179313192121602E-005
          16          16   1.8901372922729368E-004
          16          17  -4.5205218623683933E-005
          16          18   1.7588037231624605E-005
          16          19   1.7283800219084134E-004
          16          20   4.1942304531307663E-004
          16          21   5.1423616136531564E-005
          16          22   5.1655892051403790E-004
          16          23  -8.5528864965626520E-005
          16          24   3.3276796592502801E-005
          16          25   4.8595423234618876E-004
          16          26  -5.6658375850535110E-015
          16          27  -8.5332792916641074E-015
          16          28   1.1486899390624973E-015
          16          29  -1.3970705230210809E-014
          16          30   2.2149552392840757E-015
          16          31  -7.2749386396238073E-015
          16          32  -7.3327361100290964E-015
          16          33   3.0441759145807197E-015
          16          34  -3.8530765935459240E-015
          16          35  -1.5585752935021900E-015
          17           1   8.3599955133192166E-005
          17           2   3.6532874333146284E-005
          17           3   1.1015229572031872E-013
          17           4  -1.9782705128485509E-014
          17           5   3.7631304233410403E-014
          17           6  -6.9648207544022612E-005
          17           7   1.6802472087672139E-013
          17           8  -5.1810752442566934E-014
          17           9   4.9261712381607541E-014
          17          10   8.5249766034337961E-004
          17          11   1.4236905678648564E-013
          17          12   1.4815917257419286E-014
          17          13   6.4267237441153320E-014
          17          14   2.9345682106791769E-005
          17          15  -3.9467158718992519E-005
          17          16  -4.5205218623683933E-005
          17          17   6.5642627661926115E-005
          17          18  -2.5539639391162500E-005
          17          19  -2.1716398840137444E-005
          17          20   4.0743717896907380E-005
          17          21  -1.0649638412075998E-004
          17          22  -1.6042104049300636E-004
          17          23   1.7712707772640538E-004
          17          24  -6.8915000104580488E-005
          17          25  -9.7039877943647974E-005
          17          26  -1.6547794258384453E-015
          17          27   3.2834175668281777E-015
          17          28   3.1612290126348807E-015
          17          29   8.7447147873286274E-015
          17          30  -4.2704106722407308E-015
          17          31   1.2631690546898457E-015
          17          32   6.9150753583497444E-015
          17          33  -1.8641788705144498E-015
          17          34   9.0354353339858499E-016
          17          35   1.4930133397051186E-015
          18           1  -3.2526313682353238E-005
          18           2  -1.4213879459452320E-005
          18           3  -4.2665856681047308E-014
          18           4  -2.7057760931921928E-014
          18           5   4.1780504218125407E-013
          18           6   2.7098090992291315E-005
          18           7  -7.3052030976989693E-014
          18           8  -3.1558078541325642E-014
          18           9   6.5779795226513819E-013
          18          10  -3.3168207526495575E-004
          18          11  -4.2802350622512807E-014
          18          12  -5.3107372249115869E-014
          18          13   5.1225726897406539E-013
          18          14  -1.1417552409739758E-005
          18          15   1.5355524868202196E-005
          18          16   1.7588037231624605E-005
          18          17  -2.5539639391162500E-005
          18          18   9.9367317163165467E-006
          18          19   8.4492198447677582E-006
          18          20  -1.5852197085347598E-005
          18          21   4.1434649162894538E-005
          18          22   6.2415166230696598E-005
          18          23  -6.8915000104794035E-005
          18          24   2.6812824444407587E-005
          18          25   3.7755397211767825E-005
          18          26   6.8301882450404900E-015
          18          27  -7.5514086186536054E-016
          18          28   1.6574688051705844E-015
          18          29  -6.8112004821837538E-015
          18          30  -5.7287115999056882E-015
          18          31   5.3328559157260711E-015
          18          32  -4.9953352712703811E-016
          18          33  -8.8045398955395447E-015
          18          34   3.5287271440672084E-015
          18          35  -3.1012026351577014E-016
          19           1  -2.4842586172318755E-003
          19           2  -3.8095635370725715E-003
          19           3  -3.0608122930089650E-014
          19           4  -2.2452364781437407E-014
          19           5   2.9360248344392810E-013
          19           6   1.1097784829353528E-002
          19           7  -4.6941244302435239E-014
          19           8   1.1306805689201096E-014
          19           9   4.7573692702521591E-013
          19          10   7.3017435992204973E-003
          19          11  -3.0131244738364130E-014
          19          12  -4.6918259732592613E-014
          19          13   3.5694769894603644E-013
          19          14   1.4817450018130376E-004
          19          15   1.3056828892841505E-005
          19          16   1.7283800219084134E-004
          19          17  -2.1716398840137444E-005
          19          18   8.4492198447677582E-006
          19          19   1.6506725031268740E-004
          19          20   4.3400231947884188E-004
          19          21   1.3316147493151026E-005
          19          22   4.5915565944363733E-004
          19          23  -2.2147703097269428E-005
          19          24   8.6170278386082520E-006
          19          25   4.5123057382165388E-004
          19          26   3.3609125884174566E-015
          19          27  -2.1932786326628989E-015
          19          28   7.3617083255516025E-016
          19          29  -1.5596364408360101E-014
          19          30  -5.3639866330276328E-015
          19          31   4.0344131181238121E-015
          19          32  -5.5085703292381278E-015
          19          33  -6.4022627635344514E-015
          19          34   1.7204087561972721E-015
          19          35   4.5322333919962684E-016
          20           1  -6.7821848780205531E-003
          20           2  -1.0642104184506940E-002
          20           3   3.1178620194599192E-013
          20           4   4.0348273800082926E-013
          20           5   1.9907041689557344E-013
          20           6   3.1426828248120597E-002
          20           7   4.9665324971444282E-013
          20           8   7.3312068186722355E-013
          20           9   3.4053668822713148E-013
          20          10   2.2090787704546110E-002
          20          11   4.0052997509717393E-013
          20          12   5.0533208921795853E-013
          20          13   2.5658585748735830E-013
          20          14   4.6569603924086569E-004
          20          15  -2.4496868041925520E-005
          20          16   4.1942304531307663E-004
          20          17   4.0743717896907380E-005
          20          18  -1.5852197085347598E-005
          20          19   4.3400231947884188E-004
          20          20   1.2951639762290201E-003
          20          21  -1.2995615599360679E-004
          20          22   1.0496852355353008E-003
          20          23   2.1614587501022161E-004
          20          24  -8.4096080590549915E-005
          20          25   1.1270284445322515E-003
          20          26  -1.0312905108323959E-014
          20          27  -6.3783871099039037E-015
          20          28   1.0485366800716392E-014
          20          29  -2.4915695138943549E-014
          20          30  -1.5610873958877059E-014
          20          31  -1.7900968730733672E-015
          20          32  -3.2127873362739090E-015
          20          33  -6.2266998977875213E-015
          20          34  -2.4792508788309618E-015
          20          35   3.9169535256128479E-015
          21           1   2.7583322447858574E-004
          21           2   5.4046479946671640E-004
          21           3   1.9007992404576813E-012
          21           4  -3.1941715666306152E-014
          21           5   2.0164345588056249E-013
          21           6  -1.5084416635002687E-003
          21           7   2.9110669337515457E-012
          21           8   1.4245683580992526E-014
          21           9   2.7045160956089743E-013
          21          10  -2.5080268483132664E-003
          21          11   2.5066991456535485E-012
          21          12  -1.7772440700059496E-013
          21          13   3.4202472529118009E-013
          21          14  -6.9525249657358937E-005
          21          15   6.4030186558966973E-005
          21          16   5.1423616136531564E-005
          21          17  -1.0649638412075998E-004
          21          18   4.1434649162894538E-005
          21          19   1.3316147493151026E-005
          21          20  -1.2995615599360679E-004
          21          21   1.7779116791707383E-004
          21          22   2.0587982200350545E-004
          21          23  -2.9570609629699898E-004
          21          24   1.1505065131206471E-004
          21          25   1.0006767637265682E-004
          21          26  -2.0971474167991228E-014
          21          27   1.8826803978839120E-014
          21          28   1.9455544817853144E-014
          21          29  -3.2851704822264396E-014
          21          30  -3.5053907929376965E-014
          21          31   1.2130295291216753E-014
          21          32   4.5334762152894437E-015
          21          33   1.1666006241046882E-014
          21          34  -8.2534484319091226E-015
          21          35   2.9379127032983817E-014
          22           1  -6.2611538369107614E-003
          22           2  -9.6212012854261248E-003
          22           3  -4.5182537778479114E-013
          22           4   6.8652901490989251E-013
          22           5  -8.6765485170059652E-013
          22           6   2.8577479945049722E-002
          22           7  -6.3870972678273806E-013
          22           8   1.2106871382353663E-012
          22           9  -1.2807003424320706E-012
          22          10   1.7353287822961822E-002
          22          11  -6.6949892833001802E-013
          22          12   7.7511507064246486E-013
          22          13  -1.1771549418930182E-012
          22          14   3.3436735608299384E-004
          22          15   9.6451999050030463E-005
          22          16   5.1655892051403790E-004
          22          17  -1.6042104049300636E-004
          22          18   6.2415166230696598E-005
          22          19   4.5915565944363733E-004
          22          20   1.0496852355353008E-003
          22          21   2.0587982200350545E-004
          22          22   1.4385788623704505E-003
          22          23  -3.4242375031521053E-004
          22          24   1.3322713324093676E-004
          22          25   1.3160497952120214E-003
          22          26  -1.7977249471462672E-014
          22          27  -1.8852022333219171E-014
          22          28  -7.2497567076326066E-015
          22          29  -3.9044444628327520E-014
          22          30   1.3326767618053394E-014
          22          31  -1.8084005587991683E-014
          22          32  -2.8885663077179490E-014
          22          33   1.3901908821884278E-014
          22          34  -1.0609504842551846E-014
          22          35  -6.4725605626188954E-015
          23           1  -4.5877175412378183E-004
          23           2  -8.9891268376367413E-004
          23           3   6.3798984900282469E-013
          23           4   5.3799845530845061E-013
          23           5   4.9526630038612356E-013
          23           6   2.5088726314243508E-003
          23           7   9.7227233651760326E-013
          23           8   8.1081445866180250E-013
          23           9   7.4451191558667506E-013
          23          10   4.1714042214332850E-003
          23          11   8.4576056973372429E-013
          23          12   7.4706832812662559E-013
          23          13   6.8385953988765291E-013
          23          14   1.1563589127719915E-004
