           1           1   2.1840090833716586     
           1           2  0.90067327325208846     
           1           3   1.3746672221043232     
           1           4 -0.38363513733117793     
           1           5 -0.36604361117027978     
           1           6   3.0313526612304366E-015
           1           7   1.2259159148725032E-014
           1           8  -2.0515371202954765E-015
           1           9  -5.3174230814852489E-015
           1          10  -1.7648134091863781E-015
           1          11   8.2023227887295541E-016
           1          12   4.7733140940408298E-016
           1          13   9.8112354683676047E-016
           1          14   3.7258771873358884E-015
           1          15 -0.30321458563781006     
           1          16   2.0575335734740441E-004
           1          17 -0.30233361350007559     
           1          18  -1.9691165461617295E-003
           1          19   3.7337206436552042E-004
           1          20 -0.30530998090502443     
           1          21  0.17556262504934317     
           1          22  -1.2757692661809898E-006
           1          23  0.17555257700069407     
           1          24   1.2155054463068874E-005
           1          25  -2.3078205830987246E-006
           1          26  0.17558640589603086     
           2           1  0.90067327325208846     
           2           2   5.1024149035497084     
           2           3   11.683314316489597     
           2           4  -3.2618240128880700     
           2           5  -3.6135964527901754     
           2           6   1.0261763022914551E-014
           2           7   5.7056858994172466E-014
           2           8  -6.4410903324204349E-015
           2           9  -2.4866799108212172E-015
           2          10   7.1662286908584242E-016
           2          11  -1.0842416170344555E-015
           2          12   2.5888136958984949E-015
           2          13   2.2216885375339422E-015
           2          14   1.9693525581234753E-015
           2          15  -2.3872720393922098     
           2          16   1.9378034815862016E-003
           2          17  -2.3789665327828375     
           2          18  -1.8544737804430604E-002
           2          19   3.5163743086433948E-003
           2          20  -2.4070254558124540     
           2          21   1.6689273287302715     
           2          22  -2.7647619106563211E-005
           2          23   1.6687655974776727     
           2          24   2.6398931629908389E-004
           2          25  -5.0090066039350647E-005
           2          26   1.6693106858798425     
           3           1   1.3746672221043232     
           3           2   11.683314316489597     
           3           3   45.555207086711121     
           3           4  -12.702646678040043     
           3           5  -15.645712162451400     
           3           6   1.1680055932307502E-014
           3           7   5.7423612925332986E-014
           3           8  -3.0090555806328396E-014
           3           9  -1.7546404482405214E-014
           3          10   1.6390015494961890E-014
           3          11  -5.3701039434758003E-015
           3          12   2.0151705562192813E-014
           3          13  -8.5372172895679961E-015
           3          14   1.2151181209569873E-014
           3          15  -8.6938050493310612     
           3          16   8.4219834673194115E-003
           3          17  -8.6576847121228120     
           3          18  -8.0596601745839713E-002
           3          19   1.5282474566460523E-002
           3          20  -8.7797084322500041     
           3          21   7.0540838518565758     
           3          22  -1.6342451801967475E-004
           3          23   7.0531952478462951     
           3          24   1.5611248382126418E-003
           3          25  -2.9617340717622308E-004
           3          26   7.0561910890083404     
           4           1 -0.38363513733117793     
           4           2  -3.2618240128880700     
           4           3  -12.702646678040043     
           4           4   3.5585767836617759     
           4           5   4.3211890189532740     
           4           6   7.0169850551401149E-015
           4           7  -1.4599112532694360E-014
           4           8   3.1435863111414028E-014
           4           9   5.3578451822568902E-015
           4          10  -3.6439802214499678E-015
           4          11  -1.2202530867792530E-015
           4          12  -5.3067982392155667E-015
           4          13   2.6043844523889539E-015
           4          14  -2.1792734090209982E-015
           4          15   2.4540391839643112     
           4          16  -2.0576468003299414E-003
           4          17   2.4452144776519731     
           4          18   1.9691256084459690E-002
           4          19  -3.7337935295183103E-003
           4          20   2.4750266125767002     
           4          21  -1.9532654921395118     
           4          22   3.9627393458337206E-005
           4          23  -1.9530496784111213     
           4          24  -3.7854009985524773E-004
           4          25   7.1816050176595549E-005
           4          26  -1.9537772679970440     
           5           1 -0.36604361117027978     
           5           2  -3.6135964527901754     
           5           3  -15.645712162451400     
           5           4   4.3211890189532740     
           5           5   5.5573173505802576     
           5           6  -1.6688589656118622E-014
           5           7  -5.6842582510178262E-014
           5           8  -4.7162201194694417E-014
           5           9   4.9907834685289830E-015
           5          10  -5.2995557598162834E-015
           5          11   9.9910783644652637E-015
           5          12  -7.7678423018124300E-015
           5          13   1.3402798636543131E-015
           5          14  -7.4105210160624396E-015
           5          15   2.8801870423863671     
           5          16  -3.6498940111271555E-003
           5          17   2.8645322579092003     
           5          18   3.4928641637691257E-002
           5          19  -6.6230634326528920E-003
           5          20   2.9174179581981958     
           5          21  -2.4851561241627822     
           5          22   7.2788590907498424E-005
           5          23  -2.4847625930936896     
           5          24  -6.9534142741028071E-004
           5          25   1.3191745846124919E-004
           5          26  -2.4860893785125149     
           6           1   3.0313526612304366E-015
           6           2   1.0261763022914551E-014
           6           3   1.1680055932307502E-014
           6           4   7.0169850551401149E-015
           6           5  -1.6688589656118622E-014
           6           6   2.1256928427224606     
           6           7  -2.1332745286918816E-003
           6           8   2.0400654022284977E-002
           6           9 -0.30520075083201348     
           6          10   1.1052321344890526E-002
           6          11 -0.10569412460569513     
           6          12  0.10697314512757339     
           6          13  -1.6954184540858880E-003
           6          14   1.6213405650626345E-002
           6          15  -3.9200144147898273E-015
           6          16  -7.9710836033169210E-016
           6          17  -5.0447538009208609E-015
           6          18   5.3336081174022351E-016
           6          19   4.6740283562239197E-016
           6          20  -4.2631866453172502E-015
           6          21   8.4190955626871654E-015
           6          22   1.5873526884212670E-015
           6          23   1.5128418512380430E-015
           6          24   2.2840133501434973E-015
           6          25   1.5896955701918510E-015
           6          26   3.6747430992545569E-015
           7           1   1.2259159148725032E-014
           7           2   5.7056858994172466E-014
           7           3   5.7423612925332986E-014
           7           4  -1.4599112532694360E-014
           7           5  -5.6842582510178262E-014
           7           6  -2.1332745286918816E-003
           7           7   2.1148493220961400     
           7           8  -3.8691120056832851E-003
           7           9   1.1052321344884078E-002
           7          10 -0.24902135487261351     
           7          11   2.0045553740815687E-002
           7          12  -1.6954184540821640E-003
           7          13   9.8355264622900312E-002
           7          14  -3.0749740867903508E-003
           7          15  -6.1894473185456916E-015
           7          16   3.1237780879605137E-015
           7          17  -7.1768189865470556E-015
           7          18   4.7209481599115814E-016
           7          19   1.0149214912321363E-015
           7          20  -1.3201309716661106E-014
           7          21   1.6170081842937813E-014
           7          22   6.6399230728818969E-015
           7          23   1.8232997588721171E-014
           7          24   3.4693135957071131E-016
           7          25  -2.5452135182384716E-015
           7          26   2.3201901960866630E-014
           8           1  -2.0515371202954765E-015
           8           2  -6.4410903324204349E-015
           8           3  -3.0090555806328396E-014
           8           4   3.1435863111414028E-014
           8           5  -4.7162201194694417E-014
           8           6   2.0400654022284977E-002
           8           7  -3.8691120056832851E-003
           8           8   2.1514453228287049     
           8           9 -0.10569412460570038     
           8          10   2.0045553740824167E-002
           8          11 -0.43862224989762871     
           8          12   1.6213405650624173E-002
           8          13  -3.0749740867957514E-003
           8          14  0.12743991085299750     
           8          15   1.5430553704865024E-014
           8          16   1.7552299399239954E-015
           8          17   1.2075713673357440E-014
           8          18   4.2312728334135054E-015
           8          19   1.9289694590813797E-015
           8          20   6.1242867323102941E-015
           8          21   1.1498561687306446E-014
           8          22   5.6806362629652791E-015
           8          23   8.4241640712640787E-015
           8          24   7.2472894240345324E-015
           8          25  -6.9591800259817999E-016
           8          26   1.7278922276245689E-014
           9           1  -5.3174230814852489E-015
           9           2  -2.4866799108212172E-015
           9           3  -1.7546404482405214E-014
           9           4   5.3578451822568902E-015
           9           5   4.9907834685289830E-015
           9           6 -0.30520075083201348     
           9           7   1.1052321344884078E-002
           9           8 -0.10569412460570038     
           9           9  0.33356145918388919     
           9          10  -5.7357065849541436E-002
           9          11  0.54850964568662897     
           9          12  -5.8139835603158940E-002
           9          13   8.7145747285733762E-003
           9          14  -8.3338089664808948E-002
           9          15   5.3229237467182971E-015
           9          16   2.1860246282720510E-016
           9          17   6.5390591430265181E-015
           9          18   1.3613581025732637E-016
           9          19   1.7848169379321154E-016
           9          20   5.2674217386379240E-015
           9          21  -2.4810428995797754E-015
           9          22  -5.9651403240617919E-017
           9          23  -2.3103703727029700E-015
           9          24  -1.9598048358813180E-016
           9          25  -8.4563716116682368E-017
           9          26  -2.0799455323937758E-015
          10           1  -1.7648134091863781E-015
          10           2   7.1662286908584242E-016
          10           3   1.6390015494961890E-014
          10           4  -3.6439802214499678E-015
          10           5  -5.2995557598162834E-015
          10           6   1.1052321344890526E-002
          10           7 -0.24902135487261351     
          10           8   2.0045553740824167E-002
          10           9  -5.7357065849541436E-002
          10          10   4.2013175989340269E-002
          10          11 -0.10402829505459131     
          10          12   8.7145747285726528E-003
          10          13  -1.3843300150124640E-002
          10          14   1.5805591477034142E-002
          10          15  -6.1153910299088077E-016
          10          16  -1.7307914079605275E-016
          10          17  -4.1208394270661437E-016
          10          18  -5.0733944836532754E-016
          10          19  -5.8688215024594155E-017
          10          20  -3.3690645699944294E-016
          10          21   3.0381087595297831E-015
          10          22  -6.7914180105665936E-016
          10          23   2.7439310866896353E-015
          10          24  -7.9384047474297734E-017
          10          25   2.5834262312127105E-016
          10          26   2.2611759096688900E-015
          11           1   8.2023227887295541E-016
          11           2  -1.0842416170344555E-015
          11           3  -5.3701039434758003E-015
          11           4  -1.2202530867792530E-015
          11           5   9.9910783644652637E-015
          11           6 -0.10569412460569513     
          11           7   2.0045553740815687E-002
          11           8 -0.43862224989762871     
          11           9  0.54850964568662897     
          11          10 -0.10402829505459131     
          11          11   1.0259649343308621     
          11          12  -8.3338089664810169E-002
          11          13   1.5805591477035367E-002
          11          14 -0.16334050682159543     
          11          15  -1.3914833057890188E-015
          11          16  -9.7135874007006485E-017
          11          17   1.1525609789735454E-015
          11          18   1.6591497305698738E-016
          11          19   2.3065372244607877E-016
          11          20   1.7013981364833104E-016
          11          21  -2.5403728126385979E-015
          11          22  -5.0064992780828119E-016
          11          23  -3.6134306879315364E-015
          11          24  -7.3596194088964309E-016
          11          25   2.2357819543222010E-016
          11          26  -3.8691481021015796E-015
          12           1   4.7733140940408298E-016
          12           2   2.5888136958984949E-015
          12           3   2.0151705562192813E-014
          12           4  -5.3067982392155667E-015
          12           5  -7.7678423018124300E-015
          12           6  0.10697314512757339     
          12           7  -1.6954184540821640E-003
          12           8   1.6213405650624173E-002
          12           9  -5.8139835603158940E-002
          12          10   8.7145747285726528E-003
          12          11  -8.3338089664810169E-002
          12          12   1.1770097961013196E-002
          12          13  -1.3248105807449791E-003
          12          14   1.2669256550757084E-002
          12          15  -3.8393746737342426E-015
          12          16  -5.1733803569825264E-017
          12          17  -4.0141513354284679E-015
          12          18  -6.5248305439216906E-017
          12          19  -5.0812115056978531E-018
          12          20  -3.8788812024855029E-015
          12          21   3.4847429548874640E-015
          12          22   4.6125763677876921E-017
          12          23   3.2884551477282067E-015
          12          24   8.8816103198129618E-017
          12          25   5.1870146808586007E-017
          12          26   3.3029297729163350E-015
          13           1   9.8112354683676047E-016
          13           2   2.2216885375339422E-015
          13           3  -8.5372172895679961E-015
          13           4   2.6043844523889539E-015
          13           5   1.3402798636543131E-015
          13           6  -1.6954184540858880E-003
          13           7   9.8355264622900312E-002
          13           8  -3.0749740867957514E-003
          13           9   8.7145747285733762E-003
          13          10  -1.3843300150124640E-002
          13          11   1.5805591477035367E-002
          13          12  -1.3248105807449791E-003
          13          13   5.0360322508271656E-003
          13          14  -2.4028039779210547E-003
          13          15   1.7451447034298827E-015
          13          16   8.7962337453362496E-017
          13          17   1.6714864000219549E-015
          13          18   7.8045978992036617E-017
          13          19   3.6509057585782175E-017
          13          20   1.5051164287798512E-015
          13          21  -1.0436205813244119E-015
          13          22   2.7413001389614898E-016
          13          23  -9.1626203739620489E-016
          13          24   2.9068426827599280E-017
          13          25  -1.0779019716687938E-016
          13          26  -7.2760278123261471E-016
          14           1   3.7258771873358884E-015
          14           2   1.9693525581234753E-015
          14           3   1.2151181209569873E-014
          14           4  -2.1792734090209982E-015
          14           5  -7.4105210160624396E-015
          14           6   1.6213405650626345E-002
          14           7  -3.0749740867903508E-003
          14           8  0.12743991085299750     
          14           9  -8.3338089664808948E-002
          14          10   1.5805591477034142E-002
          14          11 -0.16334050682159543     
          14          12   1.2669256550757084E-002
          14          13  -2.4028039779210547E-003
          14          14   2.7762956668702155E-002
          14          15  -1.4206352894812713E-015
          14          16   8.0611349839248152E-017
          14          17  -1.9124675832479905E-015
          14          18   5.7060609574416011E-017
          14          19   7.2575352254451499E-018
          14          20  -1.9751712665515209E-015
          14          21   2.6524666753341604E-015
          14          22   2.3489886244995317E-016
          14          23   2.8261313373339292E-015
          14          24   3.0822260789054041E-016
          14          25  -5.8130742979621227E-017
          14          26   3.1077066510774704E-015
          15           1 -0.30321458563781006     
          15           2  -2.3872720393922098     
          15           3  -8.6938050493310612     
          15           4   2.4540391839643112     
          15           5   2.8801870423863671     
          15           6  -3.9200144147898273E-015
          15           7  -6.1894473185456916E-015
          15           8   1.5430553704865024E-014
          15           9   5.3229237467182971E-015
          15          10  -6.1153910299088077E-016
          15          11  -1.3914833057890188E-015
          15          12  -3.8393746737342426E-015
          15          13   1.7451447034298827E-015
          15          14  -1.4206352894812713E-015
          15          15   1.7248787218746993     
          15          16  -1.0718572824176334E-003
          15          17   1.7202822698066182     
          15          18   1.0257485068742026E-002
          15          19  -1.9449900131831485E-003
          15          20   1.7358103397845108     
          15          21  -1.3106398034088682     
          15          22   1.9786811497051227E-005
          15          23  -1.3105310556181999     
          15          24  -1.8900312914595874E-004
          15          25   3.5857952882946016E-005
          15          26  -1.3108976705642068     
          16           1   2.0575335734740441E-004
          16           2   1.9378034815862016E-003
          16           3   8.4219834673194115E-003
          16           4  -2.0576468003299414E-003
          16           5  -3.6498940111271555E-003
          16           6  -7.9710836033169210E-016
          16           7   3.1237780879605137E-015
          16           8   1.7552299399239954E-015
          16           9   2.1860246282720510E-016
          16          10  -1.7307914079605275E-016
          16          11  -9.7135874007006485E-017
          16          12  -5.1733803569825264E-017
          16          13   8.7962337453362496E-017
          16          14   8.0611349839248152E-017
          16          15  -1.0718572824176334E-003
          16          16   6.6722472842116772E-006
          16          17  -1.0432380674089184E-003
          16          18  -6.3851778969222211E-005
          16          19   1.2107386038267685E-005
          16          20  -1.1399206086012833E-003
          16          21   1.5549569331186274E-003
          16          22  -1.3534949740685788E-007
          16          23   1.5542277155110981E-003
          16          24   1.2930049781369820E-006
          16          25  -2.4530238678162658E-007
          16          26   1.5566863030016377E-003
          17           1 -0.30233361350007559     
          17           2  -2.3789665327828375     
          17           3  -8.6576847121228120     
          17           4   2.4452144776519731     
          17           5   2.8645322579092003     
          17           6  -5.0447538009208609E-015
          17           7  -7.1768189865470556E-015
          17           8   1.2075713673357440E-014
          17           9   6.5390591430265181E-015
          17          10  -4.1208394270661437E-016
          17          11   1.1525609789735454E-015
          17          12  -4.0141513354284679E-015
          17          13   1.6714864000219549E-015
          17          14  -1.9124675832479905E-015
          17          15   1.7202822698066182     
          17          16  -1.0432380674089184E-003
          17          17   1.7158085739275364     
          17          18   9.9836061639621328E-003
          17          19  -1.8930579027848253E-003
          17          20   1.7309219441947556     
          17          21  -1.3039705145562757     
          17          22   1.9206207800672569E-005
          17          23  -1.3038648948081968     
          17          24  -1.8345657330131560E-004
          17          25   3.4805688298335519E-005
          17          26  -1.3042209634276842     
          18           1  -1.9691165461617295E-003
          18           2  -1.8544737804430604E-002
          18           3  -8.0596601745839713E-002
          18           4   1.9691256084459690E-002
          18           5   3.4928641637691257E-002
          18           6   5.3336081174022351E-016
          18           7   4.7209481599115814E-016
          18           8   4.2312728334135054E-015
          18           9   1.3613581025732637E-016
          18          10  -5.0733944836532754E-016
          18          11   1.6591497305698738E-016
          18          12  -6.5248305439216906E-017
          18          13   7.8045978992036617E-017
          18          14   5.7060609574416011E-017
          18          15   1.0257485068742026E-002
          18          16  -6.3851778969222211E-005
          18          17   9.9836061639621328E-003
          18          18   6.1104594969523419E-004
          18          19  -1.1586473108589218E-004
          18          20   1.0908834493703510E-002
          18          21  -1.4880584230530220E-002
          18          22   1.2952582366933272E-006
          18          23  -1.4873605810658904E-002
          18          24  -1.2373709359025341E-005
          18          25   2.3474777694080633E-006
          18          26  -1.4897133843416514E-002
          19           1   3.7337206436552042E-004
          19           2   3.5163743086433948E-003
          19           3   1.5282474566460523E-002
          19           4  -3.7337935295183103E-003
          19           5  -6.6230634326528920E-003
          19           6   4.6740283562239197E-016
          19           7   1.0149214912321363E-015
          19           8   1.9289694590813797E-015
          19           9   1.7848169379321154E-016
          19          10  -5.8688215024594155E-017
          19          11   2.3065372244607877E-016
          19          12  -5.0812115056978531E-018
          19          13   3.6509057585782175E-017
          19          14   7.2575352254451499E-018
          19          15  -1.9449900131831485E-003
          19          16   1.2107386038267685E-005
          19          17  -1.8930579027848253E-003
          19          18  -1.1586473108589218E-004
          19          19   2.1969928638830268E-005
          19          20  -2.0684969706390951E-003
          19          21   2.8216110606330697E-003
          19          22  -2.4560324018186033E-007
          19          23   2.8202878324075985E-003
          19          24   2.3462681250367068E-006
          19          25  -4.4512216210041603E-007
          19          26   2.8247491513926004E-003
          20           1 -0.30530998090502443     
          20           2  -2.4070254558124540     
          20           3  -8.7797084322500041     
          20           4   2.4750266125767002     
          20           5   2.9174179581981958     
          20           6  -4.2631866453172502E-015
          20           7  -1.3201309716661106E-014
          20           8   6.1242867323102941E-015
          20           9   5.2674217386379240E-015
          20          10  -3.3690645699944294E-016
          20          11   1.7013981364833104E-016
          20          12  -3.8788812024855029E-015
          20          13   1.5051164287798512E-015
          20          14  -1.9751712665515209E-015
          20          15   1.7358103397845108     
          20          16  -1.1399206086012833E-003
          20          17   1.7309219441947556     
          20          18   1.0908834493703510E-002
          20          19  -2.0684969706390951E-003
          20          20   1.7474362690819325     
          20          21  -1.3265010205091521     
          20          22   2.1167618221786405E-005
          20          23  -1.3263848335185096     
          20          24  -2.0219409160188506E-004
          20          25   3.8360475717697052E-005
          20          26  -1.3267765300384862     
          21           1  0.17556262504934317     
          21           2   1.6689273287302715     
          21           3   7.0540838518565758     
          21           4  -1.9532654921395118     
          21           5  -2.4851561241627822     
          21           6   8.4190955626871654E-015
          21           7   1.6170081842937813E-014
          21           8   1.1498561687306446E-014
          21           9  -2.4810428995797754E-015
          21          10   3.0381087595297831E-015
          21          11  -2.5403728126385979E-015
          21          12   3.4847429548874640E-015
          21          13  -1.0436205813244119E-015
          21          14   2.6524666753341604E-015
          21          15  -1.3106398034088682     
          21          16   1.5549569331186274E-003
          21          17  -1.3039705145562757     
          21          18  -1.4880584230530220E-002
          21          19   2.8216110606330697E-003
          21          20  -1.3265010205091521     
          21          21   1.1135449723861706     
          21          22  -3.0848536165021547E-005
          21          23   1.1133780100696067     
          21          24   2.9469084310164510E-004
          21          25  -5.5907698618881859E-005
          21          26   1.1139409188367404     
          22           1  -1.2757692661809898E-006
          22           2  -2.7647619106563211E-005
          22           3  -1.6342451801967475E-004
          22           4   3.9627393458337206E-005
          22           5   7.2788590907498424E-005
          22           6   1.5873526884212670E-015
          22           7   6.6399230728818969E-015
          22           8   5.6806362629652791E-015
          22           9  -5.9651403240617919E-017
          22          10  -6.7914180105665936E-016
          22          11  -5.0064992780828119E-016
          22          12   4.6125763677876921E-017
          22          13   2.7413001389614898E-016
          22          14   2.3489886244995317E-016
          22          15   1.9786811497051227E-005
          22          16  -1.3534949740685788E-007
          22          17   1.9206207800672569E-005
          22          18   1.2952582366933272E-006
          22          19  -2.4560324018186033E-007
          22          20   2.1167618221786405E-005
          22          21  -3.0848536165021547E-005
          22          22   2.8386135188202452E-009
          22          23  -3.0833344537866262E-005
          22          24  -2.7118552511783764E-008
          22          25   5.1447365277293179E-009
          22          26  -3.0884565297461034E-005
          23           1  0.17555257700069407     
          23           2   1.6687655974776727     
          23           3   7.0531952478462951     
          23           4  -1.9530496784111213     
          23           5  -2.4847625930936896     
          23           6   1.5128418512380430E-015
          23           7   1.8232997588721171E-014
          23           8   8.4241640712640787E-015
          23           9  -2.3103703727029700E-015
          23          10   2.7439310866896353E-015
          23          11  -3.6134306879315364E-015
          23          12   3.2884551477282067E-015
          23          13  -9.1626203739620489E-016
          23          14   2.8261313373339292E-015
          23          15  -1.3105310556181999     
          23          16   1.5542277155110981E-003
          23          17  -1.3038648948081968     
          23          18  -1.4873605810658904E-002
          23          19   2.8202878324075985E-003
          23          20  -1.3263848335185096     
          23          21   1.1133780100696067     
          23          22  -3.0833344537866262E-005
          23          23   1.1132111291631874     
          23          24   2.9454571175434926E-004
          23          25  -5.5880165282579324E-005
          23          26   1.1137737634459508     
          24           1   1.2155054463068874E-005
          24           2   2.6398931629908389E-004
          24           3   1.5611248382126418E-003
          24           4  -3.7854009985524773E-004
          24           5  -6.9534142741028071E-004
          24           6   2.2840133501434973E-015
          24           7   3.4693135957071131E-016
          24           8   7.2472894240345324E-015
          24           9  -1.9598048358813180E-016
          24          10  -7.9384047474297734E-017
          24          11  -7.3596194088964309E-016
          24          12   8.8816103198129618E-017
          24          13   2.9068426827599280E-017
          24          14   3.0822260789054041E-016
          24          15  -1.8900312914595874E-004
          24          16   1.2930049781369820E-006
          24          17  -1.8345657330131560E-004
          24          18  -1.2373709359025341E-005
          24          19   2.3462681250367068E-006
          24          20  -2.0219409160188506E-004
          24          21   2.9469084310164510E-004
          24          22  -2.7118552511783764E-008
          24          23   2.9454571175434926E-004
          24          24   2.5907574860781369E-007
          24          25  -4.9149985034056666E-008
          24          26   2.9503504301765603E-004
          25           1  -2.3078205830987246E-006
          25           2  -5.0090066039350647E-005
          25           3  -2.9617340717622308E-004
          25           4   7.1816050176595549E-005
          25           5   1.3191745846124919E-004
          25           6   1.5896955701918510E-015
          25           7  -2.5452135182384716E-015
          25           8  -6.9591800259817999E-016
          25           9  -8.4563716116682368E-017
          25          10   2.5834262312127105E-016
          25          11   2.2357819543222010E-016
          25          12   5.1870146808586007E-017
          25          13  -1.0779019716687938E-016
          25          14  -5.8130742979621227E-017
          25          15   3.5857952882946016E-005
          25          16  -2.4530238678162658E-007
          25          17   3.4805688298335519E-005
          25          18   2.3474777694080633E-006
          25          19  -4.4512216210041603E-007
          25          20   3.8360475717697052E-005
          25          21  -5.5907698618881859E-005
          25          22   5.1447365277293179E-009
          25          23  -5.5880165282579324E-005
          25          24  -4.9149985034056666E-008
          25          25   9.3243811937982882E-009
          25          26  -5.5972997894888546E-005
          26           1  0.17558640589603086     
          26           2   1.6693106858798425     
          26           3   7.0561910890083404     
          26           4  -1.9537772679970440     
          26           5  -2.4860893785125149     
          26           6   3.6747430992545569E-015
          26           7   2.3201901960866630E-014
          26           8   1.7278922276245689E-014
          26           9  -2.0799455323937758E-015
          26          10   2.2611759096688900E-015
          26          11  -3.8691481021015796E-015
          26          12   3.3029297729163350E-015
          26          13  -7.2760278123261471E-016
          26          14   3.1077066510774704E-015
          26          15  -1.3108976705642068     
          26          16   1.5566863030016377E-003
          26          17  -1.3042209634276842     
          26          18  -1.4897133843416514E-002
          26          19   2.8247491513926004E-003
          26          20  -1.3267765300384862     
          26          21   1.1139409188367404     
          26          22  -3.0884565297461034E-005
          26          23   1.1137737634459508     
          26          24   2.9503504301765603E-004
          26          25  -5.5972997894888546E-005
          26          26   1.1143373231867391     
