           1           1   2.1510076385181240     
           1           2  0.58643732276511817     
           1           3  -1.6354471332077104E-002
           1           4   7.5985838824875848E-002
           1           5   1.7300271398569878E-002
           1           6  -1.4883196081950524E-013
           1           7  -7.5725345297201814E-014
           1           8  -2.9205587671657209E-013
           1           9  -5.2236111814638822E-014
           1          10  -2.4226557573831707E-013
           1          11  -3.1519972501482574E-013
           1          12   7.2910191363287624E-014
           1          13  -3.8443517428308822E-013
           1          14  -3.9255613941873221E-013
           1          15   2.5286726320694945E-002
           1          16   1.0763627998964099E-004
           1          17   2.5245420471309597E-002
           1          18  -1.0753407680049354E-004
           1          19  -8.6316526586486782E-005
           1          20   2.5245278445572433E-002
           1          21  -9.8332917321652495E-003
           1          22   5.4540522759424282E-004
           1          23  -1.0042593108140291E-002
           1          24  -5.4488733781144286E-004
           1          25  -4.3737562335770599E-004
           1          26  -1.0043312788189079E-002
           2           1  0.58643732276511817     
           2           2   2.4165858302537893     
           2           3  0.45752663334401222     
           2           4  0.30641547306189842     
           2           5  -3.0337487031469830E-002
           2           6  -3.9814760251145454E-014
           2           7  -3.8526965926598133E-013
           2           8  -3.7558316690031097E-013
           2           9   1.7674985114241222E-012
           2          10  -1.8541281032444290E-012
           2          11   2.8090172384275487E-013
           2          12   2.3787059959115324E-012
           2          13  -3.4313821491001918E-012
           2          14  -5.7435928562958144E-013
           2          15   2.4226772804953230E-002
           2          16   3.0439794322952886E-004
           2          17   2.4109958874969365E-002
           2          18  -3.0410892200555262E-004
           2          19  -2.4410516899551950E-004
           2          20   2.4109557239671234E-002
           2          21   6.9621546804597249E-003
           2          22   3.4307073001555522E-003
           2          23   5.6456074217015872E-003
           2          24  -3.4274496698393298E-003
           2          25  -2.7511796150275240E-003
           2          26   5.6410804901942755E-003
           3           1  -1.6354471332077104E-002
           3           2  0.45752663334401222     
           3           3  0.88125174372249104     
           3           4  0.50737154991629141     
           3           5 -0.21834287771719213     
           3           6   5.7691178145116991E-014
           3           7  -2.7121063378746395E-012
           3           8  -2.6809331316596070E-012
           3           9   3.5932955077198027E-012
           3          10  -4.3302090247651031E-012
           3          11  -4.7467852753956051E-014
           3          12   4.6221863859753705E-012
           3          13  -6.9621694011580073E-012
           3          14  -1.6011234721744067E-012
           3          15   7.4002039120573473E-002
           3          16  -1.4883911740390249E-003
           3          17   7.4573215107763491E-002
           3          18   1.4869778305104213E-003
           3          19   1.1935823452547348E-003
           3          20   7.4575179146897375E-002
           3          21   7.3364667498934277E-002
           3          22   5.2639741366188493E-003
           3          23   7.1344597073634664E-002
           3          24  -5.2589757261270308E-003
           3          25  -4.2213272567166258E-003
           3          26   7.1337651085850801E-002
           4           1   7.5985838824875848E-002
           4           2  0.30641547306189842     
           4           3  0.50737154991629141     
           4           4  0.29910468395494805     
           4           5 -0.12363582463808419     
           4           6   3.1831301822673036E-012
           4           7  -9.3447856923760946E-012
           4           8  -5.3012479374575277E-012
           4           9   1.0679974890342194E-012
           4          10  -8.7623008570057505E-013
           4          11   2.7685435412401200E-013
           4          12   1.5032515751389076E-012
           4          13  -1.9353039203617151E-012
           4          14  -4.7726463949411090E-013
           4          15   4.4500314124001954E-002
           4          16   1.2895879638544251E-003
           4          17   4.4005429566038659E-002
           4          18  -1.2883634568107375E-003
           4          19  -1.0341564850748167E-003
           4          20   4.4003727942116197E-002
           4          21   4.1483357689991292E-002
           4          22   5.0335726372308896E-003
           4          23   3.9551704478923297E-002
           4          24  -5.0287930035880146E-003
           4          25  -4.0365619584901468E-003
           4          26   3.9545062510525274E-002
           5           1   1.7300271398569878E-002
           5           2  -3.0337487031469830E-002
           5           3 -0.21834287771719213     
           5           4 -0.12363582463808419     
           5           5   5.7485571632904020E-002
           5           6  -9.1152138457813414E-012
           5           7   3.0800562866506033E-011
           5           8   1.9401739284056599E-011
           5           9  -1.5402871776477580E-012
           5          10   2.7082763417315395E-012
           5          11   8.9473696481760472E-013
           5          12  -1.4009140907298538E-012
           5          13   1.9656292752812139E-012
           5          14   4.2710461644626656E-013
           5          15  -1.8781235505833577E-002
           5          16   9.0065233372361086E-004
           5          17  -1.9126864414133516E-002
           5          18  -8.9979710820604041E-004
           5          19  -7.2225818918341496E-004
           5          20  -1.9128052869877069E-002
           5          21  -1.9395992345316963E-002
           5          22  -8.2673665325483196E-004
           5          23  -1.9078729018777794E-002
           5          24   8.2595162509375335E-004
           5          25   6.6298309745921455E-004
           5          26  -1.9077638113135464E-002
           6           1  -1.4883196081950524E-013
           6           2  -3.9814760251145454E-014
           6           3   5.7691178145116991E-014
           6           4   3.1831301822673036E-012
           6           5  -9.1152138457813414E-012
           6           6   1.9700951685880104     
           6           7   1.4496387779008902E-002
           6           8  -1.4482622228783187E-002
           6           9   4.3471298095476882E-002
           6          10  -2.7342171927733763E-002
           6          11   2.7316209088381005E-002
           6          12  -7.5418189188089624E-002
           6          13  -5.0265892062373280E-002
           6          14   5.0218162027291291E-002
           6          15   1.3300930944599320E-013
           6          16   3.0918214837189442E-014
           6          17  -1.4282889143667529E-012
           6          18  -5.7340415024984049E-013
           6          19   1.1125101023164031E-012
           6          20   5.7265048519657126E-013
           6          21   3.8128716275285249E-012
           6          22   3.7444081884784272E-013
           6          23   1.1751708010795896E-012
           6          24  -9.5844244008423956E-013
           6          25   9.5455104478477225E-013
           6          26   2.5811213180417766E-012
           7           1  -7.5725345297201814E-014
           7           2  -3.8526965926598133E-013
           7           3  -2.7121063378746395E-012
           7           4  -9.3447856923760946E-012
           7           5   3.0800562866506033E-011
           7           6   1.4496387779008902E-002
           7           7   1.9636715172480632     
           7           8  -1.1625056791562532E-002
           7           9  -2.7342171944060238E-002
           7          10   5.5587185667807557E-002
           7          11   2.1926448623970959E-002
           7          12  -5.0265892003221069E-002
           7          13  -5.3144322325838163E-002
           7          14   4.0309617829012642E-002
           7          15   5.3069475511640789E-013
           7          16  -1.2388604864195496E-012
           7          17  -2.1236261745500244E-012
           7          18  -1.0714577938378642E-013
           7          19   7.3924983723038134E-013
           7          20   5.7907624202277544E-014
           7          21  -7.6844002503808230E-012
           7          22  -1.7781956159101124E-012
           7          23  -9.6441729304883346E-012
           7          24  -9.0768914229431283E-013
           7          25  -2.2915624536183146E-013
           7          26  -9.3498261999814290E-012
           8           1  -2.9205587671657209E-013
           8           2  -3.7558316690031097E-013
           8           3  -2.6809331316596070E-012
           8           4  -5.3012479374575277E-012
           8           5   1.9401739284056599E-011
           8           6  -1.4482622228783187E-002
           8           7  -1.1625056791562532E-002
           8           8   1.9636494287978956     
           8           9   2.7316209095339838E-002
           8          10   2.1926448617996530E-002
           8          11   5.5628846114481989E-002
           8          12   5.0218161962720068E-002
           8          13   4.0309617822421664E-002
           8          14  -5.3067733854278237E-002
           8          15  -1.2971850481951832E-012
           8          16  -2.2207535495892648E-013
           8          17  -1.0887240287804033E-012
           8          18   6.7712935846954146E-013
           8          19   9.7465599476123327E-013
           8          20   7.3101163625499207E-015
           8          21  -5.9877486789220068E-012
           8          22   2.7465869627892314E-013
           8          23  -3.7022106110124435E-012
           8          24   2.8577593572509022E-013
           8          25  -8.1981784196493717E-013
           8          26  -7.3155042572496368E-012
           9           1  -5.2236111814638822E-014
           9           2   1.7674985114241222E-012
           9           3   3.5932955077198027E-012
           9           4   1.0679974890342194E-012
           9           5  -1.5402871776477580E-012
           9           6   4.3471298095476882E-002
           9           7  -2.7342171944060238E-002
           9           8   2.7316209095339838E-002
           9           9   6.3223381582929880E-002
           9          10   4.8276768876825166E-002
           9          11  -4.8230927621349971E-002
           9          12  0.12080568196862111     
           9          13   9.7377501231939348E-002
           9          14  -9.7285036283834808E-002
           9          15  -1.5406556511159332E-012
           9          16   5.6907239312406569E-014
           9          17   2.2650366601898989E-012
           9          18   1.8667824770240282E-012
           9          19  -1.9679380515510533E-013
           9          20  -3.4987564194562649E-013
           9          21  -1.6661287294574037E-012
           9          22   4.2099104056194141E-013
           9          23   3.5694009502610242E-012
           9          24   2.2039107080917769E-012
           9          25  -6.4859402305166984E-013
           9          26  -5.7319912085001257E-014
          10           1  -2.4226557573831707E-013
          10           2  -1.8541281032444290E-012
          10           3  -4.3302090247651031E-012
          10           4  -8.7623008570057505E-013
          10           5   2.7082763417315395E-012
          10           6  -2.7342171927733763E-002
          10           7   5.5587185667807557E-002
          10           8   2.1926448617996530E-002
          10           9   4.8276768876825166E-002
          10          10   4.1830936618974808E-002
          10          11  -3.8714484560385960E-002
          10          12   9.7377501038876824E-002
          10          13   7.7655676862762771E-002
          10          14  -7.8089728336542957E-002
          10          15  -9.5938776194288430E-013
          10          16   1.7819423732267321E-012
          10          17   1.3541989611246911E-012
          10          18  -2.7226357916777985E-013
          10          19  -1.5966780968302541E-012
          10          20  -7.2425827013742533E-013
          10          21  -2.4801888516947767E-012
          10          22   1.8537941003723584E-012
          10          23   1.1151862454524717E-012
          10          24   1.6666131394082187E-013
          10          25  -1.8419295263591633E-012
          10          26  -1.8311999923191128E-012
          11           1  -3.1519972501482574E-013
          11           2   2.8090172384275487E-013
          11           3  -4.7467852753956051E-014
          11           4   2.7685435412401200E-013
          11           5   8.9473696481760472E-013
          11           6   2.7316209088381005E-002
          11           7   2.1926448623970959E-002
          11           8   5.5628846114481989E-002
          11           9  -4.8230927621349971E-002
          11          10  -3.8714484560385960E-002
          11          11   4.1757378922112835E-002
          11          12  -9.7285036122536361E-002
          11          13  -7.8089728361969632E-002
          11          14   7.7507305981191946E-002
          11          15   1.2939581832818606E-012
          11          16  -3.3402247087621136E-013
          11          17  -1.6917131152620781E-012
          11          18  -1.2081071130359187E-012
          11          19   4.5696167252170667E-013
          11          20   5.1286581401062508E-013
          11          21   1.4800766204124644E-012
          11          22  -5.5226451062856404E-013
          11          23  -2.6205337004913930E-012
          11          24  -1.5492833732843716E-012
          11          25   7.0838797469174670E-013
          11          26   1.8947101959510230E-013
          12           1   7.2910191363287624E-014
          12           2   2.3787059959115324E-012
          12           3   4.6221863859753705E-012
          12           4   1.5032515751389076E-012
          12           5  -1.4009140907298538E-012
          12           6  -7.5418189188089624E-002
          12           7  -5.0265892003221069E-002
          12           8   5.0218161962720068E-002
          12           9  0.12080568196862111     
          12          10   9.7377501038876824E-002
          12          11  -9.7285036122536361E-002
          12          12  0.24380326841199160     
          12          13  0.19563111574887637     
          12          14 -0.19544535394031901     
          12          15  -2.9181623655335156E-012
          12          16   7.8349571881092015E-013
          12          17   4.4374826477590664E-012
          12          18   3.0455488812110559E-012
          12          19  -1.0214504051705970E-012
          12          20  -8.7396442387870718E-013
          12          21  -3.8475451905458318E-012
          12          22   1.4005707046981213E-012
          12          23   6.4341966943141349E-012
          12          24   3.8086229311493722E-012
          12          25  -1.8405795271613421E-012
          12          26  -8.1357896660438140E-013
          13           1  -3.8443517428308822E-013
          13           2  -3.4313821491001918E-012
          13           3  -6.9621694011580073E-012
          13           4  -1.9353039203617151E-012
          13           5   1.9656292752812139E-012
          13           6  -5.0265892062373280E-002
          13           7  -5.3144322325838163E-002
          13           8   4.0309617822421664E-002
          13           9   9.7377501231939348E-002
          13          10   7.7655676862762771E-002
          13          11  -7.8089728361969632E-002
          13          12  0.19563111574887637     
          13          13  0.15711503440930560     
          13          14 -0.15688203661147970     
          13          15  -2.3513036758335379E-012
          13          16   2.5032580524365781E-012
          13          17   2.8460625168298437E-012
          13          18   5.7798197328590159E-013
          13          19  -2.3153576456738464E-012
          13          20  -1.4236322870012761E-012
          13          21  -4.0346074161187314E-012
          13          22   2.7824750762662488E-012
          13          23   3.5862508260203811E-012
          13          24   1.4149589868579427E-012
          13          25  -2.7898503626574047E-012
          13          26  -2.2281516410049869E-012
          14           1  -3.9255613941873221E-013
          14           2  -5.7435928562958144E-013
          14           3  -1.6011234721744067E-012
          14           4  -4.7726463949411090E-013
          14           5   4.2710461644626656E-013
          14           6   5.0218162027291291E-002
          14           7   4.0309617829012642E-002
          14           8  -5.3067733854278237E-002
          14           9  -9.7285036283834808E-002
          14          10  -7.8089728336542957E-002
          14          11   7.7507305981191946E-002
          14          12 -0.19544535394031901     
          14          13 -0.15688203661147970     
          14          14  0.15681695769351389     
          14          15   2.3683633218095487E-012
          14          16  -9.3211680071456757E-013
          14          17  -3.4064199655362544E-012
          14          18  -2.1389247242975438E-012
          14          19   1.0515364158294455E-012
          14          20   8.3572594141844280E-013
          14          21   3.2951789740483048E-012
          14          22  -1.3933701458099261E-012
          14          23  -4.8489071557320294E-012
          14          24  -2.7848854666948272E-012
          14          25   1.6900922382511596E-012
          14          26   9.7983827508164310E-013
          15           1   2.5286726320694945E-002
          15           2   2.4226772804953230E-002
          15           3   7.4002039120573473E-002
          15           4   4.4500314124001954E-002
          15           5  -1.8781235505833577E-002
          15           6   1.3300930944599320E-013
          15           7   5.3069475511640789E-013
          15           8  -1.2971850481951832E-012
          15           9  -1.5406556511159332E-012
          15          10  -9.5938776194288430E-013
          15          11   1.2939581832818606E-012
          15          12  -2.9181623655335156E-012
          15          13  -2.3513036758335379E-012
          15          14   2.3683633218095487E-012
          15          15   7.0945885266570554E-003
          15          16   5.1661026565133538E-004
          15          17   6.8963372718949265E-003
          15          18  -5.1611972106390888E-004
          15          19  -4.1428415525749220E-004
          15          20   6.8956555914892054E-003
          15          21   6.3204122707959075E-003
          15          22   1.0471117043544215E-003
          15          23   5.9185790300826302E-003
          15          24  -1.0461174183400580E-003
          15          25  -8.3970801867654695E-004
          15          26   5.9171973306739283E-003
          16           1   1.0763627998964099E-004
          16           2   3.0439794322952886E-004
          16           3  -1.4883911740390249E-003
          16           4   1.2895879638544251E-003
          16           5   9.0065233372361086E-004
          16           6   3.0918214837189442E-014
          16           7  -1.2388604864195496E-012
          16           8  -2.2207535495892648E-013
          16           9   5.6907239312406569E-014
          16          10   1.7819423732267321E-012
          16          11  -3.3402247087621136E-013
          16          12   7.8349571881092015E-013
          16          13   2.5032580524365781E-012
          16          14  -9.3211680071456757E-013
          16          15   5.1661026565133538E-004
          16          16   1.3363349395614846E-003
          16          17   3.7864041479839395E-006
          16          18  -1.3350660208248715E-003
          16          19  -1.0716441977930335E-003
          16          20   2.0230637894204460E-006
          16          21  -2.2829673031500531E-004
          16          22   1.2242094247620395E-003
          16          23  -6.9809198662015739E-004
          16          24  -1.2230469751382694E-003
          16          25  -9.8172762896891401E-004
          16          26  -6.9970737328288804E-004
          17           1   2.5245420471309597E-002
          17           2   2.4109958874969365E-002
          17           3   7.4573215107763491E-002
          17           4   4.4005429566038659E-002
          17           5  -1.9126864414133516E-002
          17           6  -1.4282889143667529E-012
          17           7  -2.1236261745500244E-012
          17           8  -1.0887240287804033E-012
          17           9   2.2650366601898989E-012
          17          10   1.3541989611246911E-012
          17          11  -1.6917131152620781E-012
          17          12   4.4374826477590664E-012
          17          13   2.8460625168298437E-012
          17          14  -3.4064199655362544E-012
          17          15   6.8963372718949265E-003
          17          16   3.7864041479839395E-006
          17          17   6.8948842187973487E-003
          17          18  -3.7828121853666213E-006
          17          19  -3.0364213246931136E-006
          17          20   6.8948792272852978E-003
          17          21   6.4080220459470051E-003
          17          22   5.7731645577913343E-004
          17          23   6.1864746082598496E-003
          17          24  -5.7676826444343294E-004
          17          25  -4.6296612619003161E-004
          17          26   6.1857128199247040E-003
          18           1  -1.0753407680049354E-004
          18           2  -3.0410892200555262E-004
          18           3   1.4869778305104213E-003
          18           4  -1.2883634568107375E-003
          18           5  -8.9979710820604041E-004
          18           6  -5.7340415024984049E-013
          18           7  -1.0714577938378642E-013
          18           8   6.7712935846954146E-013
          18           9   1.8667824770240282E-012
          18          10  -2.7226357916777985E-013
          18          11  -1.2081071130359187E-012
          18          12   3.0455488812110559E-012
          18          13   5.7798197328590159E-013
          18          14  -2.1389247242975438E-012
          18          15  -5.1611972106390888E-004
          18          16  -1.3350660208248715E-003
          18          17  -3.7828121853666213E-006
          18          18   1.3337983069918442E-003
          18          19   1.0706266165255646E-003
          18          20  -2.0211462091405518E-006
          18          21   2.2807994753486693E-004
          18          22  -1.2230469752633399E-003
          18          23   6.9742910920201273E-004
          18          24   1.2218856294449769E-003
          18          25   9.8079542834451829E-004
          18          26   6.9904296197243832E-004
          19           1  -8.6316526586486782E-005
          19           2  -2.4410516899551950E-004
          19           3   1.1935823452547348E-003
          19           4  -1.0341564850748167E-003
          19           5  -7.2225818918341496E-004
          19           6   1.1125101023164031E-012
          19           7   7.3924983723038134E-013
          19           8   9.7465599476123327E-013
          19           9  -1.9679380515510533E-013
          19          10  -1.5966780968302541E-012
          19          11   4.5696167252170667E-013
          19          12  -1.0214504051705970E-012
          19          13  -2.3153576456738464E-012
          19          14   1.0515364158294455E-012
          19          15  -4.1428415525749220E-004
          19          16  -1.0716441977930335E-003
          19          17  -3.0364213246931136E-006
          19          18   1.0706266165255646E-003
          19          19   8.5938132175181051E-004
          19          20  -1.6223495915921714E-006
          19          21   1.8307750635658342E-004
          19          22  -9.8172762523778424E-004
          19          23   5.5981940361005567E-004
          19          24   9.8079542451663389E-004
          19          25   7.8727472140260077E-004
          19          26   5.6111482715456222E-004
          20           1   2.5245278445572433E-002
          20           2   2.4109557239671234E-002
          20           3   7.4575179146897375E-002
          20           4   4.4003727942116197E-002
          20           5  -1.9128052869877069E-002
          20           6   5.7265048519657126E-013
          20           7   5.7907624202277544E-014
          20           8   7.3101163625499207E-015
          20           9  -3.4987564194562649E-013
          20          10  -7.2425827013742533E-013
          20          11   5.1286581401062508E-013
          20          12  -8.7396442387870718E-013
          20          13  -1.4236322870012761E-012
          20          14   8.3572594141844280E-013
          20          15   6.8956555914892054E-003
          20          16   2.0230637894204460E-006
          20          17   6.8948792272852978E-003
          20          18  -2.0211462091405518E-006
          20          19  -1.6223495915921714E-006
          20          20   6.8948765625620832E-003
          20          21   6.4083232960149309E-003
          20          22   5.7570106934504432E-004
          20          23   6.1873957693237905E-003
          20          24  -5.7515441190159706E-004
          20          25  -4.6167070282395568E-004
          20          26   6.1866361125468968E-003
          21           1  -9.8332917321652495E-003
          21           2   6.9621546804597249E-003
          21           3   7.3364667498934277E-002
          21           4   4.1483357689991292E-002
          21           5  -1.9395992345316963E-002
          21           6   3.8128716275285249E-012
          21           7  -7.6844002503808230E-012
          21           8  -5.9877486789220068E-012
          21           9  -1.6661287294574037E-012
          21          10  -2.4801888516947767E-012
          21          11   1.4800766204124644E-012
          21          12  -3.8475451905458318E-012
          21          13  -4.0346074161187314E-012
          21          14   3.2951789740483048E-012
          21          15   6.3204122707959075E-003
          21          16  -2.2829673031500531E-004
          21          17   6.4080220459470051E-003
          21          18   2.2807994753486693E-004
          21          19   1.8307750635658342E-004
          21          20   6.4083232960149309E-003
          21          21   6.5582494311605850E-003
          21          22   3.4594411450492545E-004
          21          23   6.4254920512681387E-003
          21          24  -3.4561562305780269E-004
          21          25  -2.7742220322012209E-004
          21          26   6.4250355667031757E-003
          22           1   5.4540522759424282E-004
          22           2   3.4307073001555522E-003
          22           3   5.2639741366188493E-003
          22           4   5.0335726372308896E-003
          22           5  -8.2673665325483196E-004
          22           6   3.7444081884784272E-013
          22           7  -1.7781956159101124E-012
          22           8   2.7465869627892314E-013
          22           9   4.2099104056194141E-013
          22          10   1.8537941003723584E-012
          22          11  -5.5226451062856404E-013
          22          12   1.4005707046981213E-012
          22          13   2.7824750762662488E-012
          22          14  -1.3933701458099261E-012
          22          15   1.0471117043544215E-003
          22          16   1.2242094247620395E-003
          22          17   5.7731645577913343E-004
          22          18  -1.2230469752633399E-003
          22          19  -9.8172762523778424E-004
          22          20   5.7570106934504432E-004
          22          21   3.4594411450492545E-004
          22          22   1.1717382231146896E-003
          22          23  -1.0371510349792648E-004
          22          24  -1.1706255976099210E-003
          22          25  -9.3964950971866059E-004
          22          26  -1.0526125253381867E-004
          23           1  -1.0042593108140291E-002
          23           2   5.6456074217015872E-003
          23           3   7.1344597073634664E-002
          23           4   3.9551704478923297E-002
          23           5  -1.9078729018777794E-002
          23           6   1.1751708010795896E-012
          23           7  -9.6441729304883346E-012
          23           8  -3.7022106110124435E-012
          23           9   3.5694009502610242E-012
          23          10   1.1151862454524717E-012
          23          11  -2.6205337004913930E-012
          23          12   6.4341966943141349E-012
          23          13   3.5862508260203811E-012
          23          14  -4.8489071557320294E-012
          23          15   5.9185790300826302E-003
          23          16  -6.9809198662015739E-004
          23          17   6.1864746082598496E-003
          23          18   6.9742910920201273E-004
          23          19   5.5981940361005567E-004
          23          20   6.1873957693237905E-003
          23          21   6.4254920512681387E-003
          23          22  -1.0371510349792648E-004
          23          23   6.4652931902891321E-003
          23          24   1.0361662046855322E-004
          23          25   8.3172045052941042E-005
          23          26   6.4654300465853617E-003
          24           1  -5.4488733781144286E-004
          24           2  -3.4274496698393298E-003
          24           3  -5.2589757261270308E-003
          24           4  -5.0287930035880146E-003
          24           5   8.2595162509375335E-004
          24           6  -9.5844244008423956E-013
          24           7  -9.0768914229431283E-013
          24           8   2.8577593572509022E-013
          24           9   2.2039107080917769E-012
          24          10   1.6666131394082187E-013
          24          11  -1.5492833732843716E-012
          24          12   3.8086229311493722E-012
          24          13   1.4149589868579427E-012
          24          14  -2.7848854666948272E-012
          24          15  -1.0461174183400580E-003
          24          16  -1.2230469751382694E-003
          24          17  -5.7676826444343294E-004
          24          18   1.2218856294449769E-003
          24          19   9.8079542451663389E-004
          24          20  -5.7515441190159706E-004
          24          21  -3.4561562305780269E-004
          24          22  -1.1706255976099210E-003
          24          23   1.0361662046855322E-004
          24          24   1.1695140286001010E-003
          24          25   9.3875726434385564E-004
          24          26   1.0516130135668233E-004
          25           1  -4.3737562335770599E-004
          25           2  -2.7511796150275240E-003
          25           3  -4.2213272567166258E-003
          25           4  -4.0365619584901468E-003
          25           5   6.6298309745921455E-004
          25           6   9.5455104478477225E-013
          25           7  -2.2915624536183146E-013
          25           8  -8.1981784196493717E-013
          25           9  -6.4859402305166984E-013
          25          10  -1.8419295263591633E-012
          25          11   7.0838797469174670E-013
          25          12  -1.8405795271613421E-012
          25          13  -2.7898503626574047E-012
          25          14   1.6900922382511596E-012
          25          15  -8.3970801867654695E-004
          25          16  -9.8172762896891401E-004
          25          17  -4.6296612619003161E-004
          25          18   9.8079542834451829E-004
          25          19   7.8727472140260077E-004
          25          20  -4.6167070282395568E-004
          25          21  -2.7742220322012209E-004
          25          22  -9.3964950971866059E-004
          25          23   8.3172045052941042E-005
          25          24   9.3875726434385564E-004
          25          25   7.5353110762871919E-004
          25          26   8.4411945019391356E-005
          26           1  -1.0043312788189079E-002
          26           2   5.6410804901942755E-003
          26           3   7.1337651085850801E-002
          26           4   3.9545062510525274E-002
          26           5  -1.9077638113135464E-002
          26           6   2.5811213180417766E-012
          26           7  -9.3498261999814290E-012
          26           8  -7.3155042572496368E-012
          26           9  -5.7319912085001257E-014
          26          10  -1.8311999923191128E-012
          26          11   1.8947101959510230E-013
          26          12  -8.1357896660438140E-013
          26          13  -2.2281516410049869E-012
          26          14   9.7983827508164310E-013
          26          15   5.9171973306739283E-003
          26          16  -6.9970737328288804E-004
          26          17   6.1857128199247040E-003
          26          18   6.9904296197243832E-004
          26          19   5.6111482715456222E-004
          26          20   6.1866361125468968E-003
          26          21   6.4250355667031757E-003
          26          22  -1.0526125253381867E-004
          26          23   6.4654300465853617E-003
          26          24   1.0516130135668233E-004
          26          25   8.4411945019391356E-005
          26          26   6.4655689430786218E-003
