           1           1   2.2154201594004359     
           1           2 -0.90921037300087248     
           1           3  0.48620667760377645     
           1           4  0.16006407959674840     
           1           5   8.5987116821803766E-002
           1           6  -2.2001290711979104E-014
           1           7   4.9749741064909271E-015
           1           8  -1.7055773954263128E-014
           1           9  -4.1423029713910144E-014
           1          10   7.3119280836287831E-015
           1          11  -2.5668660305369026E-014
           1          12   9.4640868358431678E-015
           1          13  -9.5246360652015690E-015
           1          14  -1.0497335179618801E-014
           1          15  -2.9810695509863935E-016
           1          16  -1.4724536786007030E-015
           1          17   1.1316828459758852E-014
           1          18 -0.16256427124279421     
           1          19   1.0156344208969765E-014
           1          20 -0.16256427124281048     
           1          21  -3.2501682456095276E-015
           1          22   2.7321081043390104E-015
           1          23 -0.16256427124279632     
           1          24  -4.8640720993867417E-002
           1          25  -1.5973278078583214E-015
           1          26  -4.8640720993869555E-002
           1          27  -4.1684471954366154E-015
           1          28   1.4592229647196652E-015
           1          29  -4.8640720993866071E-002
           2           1 -0.90921037300087248     
           2           2   4.3787928915670209     
           2           3  -3.7708778084580388     
           2           4  -1.0007716169299414     
           2           5 -0.52634661889314482     
           2           6   1.3974244459543522E-013
           2           7  -2.0347150264120787E-014
           2           8   9.4310144979055008E-014
           2           9   2.9673250540335032E-013
           2          10  -5.7532653899847896E-014
           2          11   1.8648974130172161E-013
           2          12  -4.8161355081206745E-014
           2          13   5.7203793301625388E-014
           2          14   7.0027898046436561E-014
           2          15  -3.7682408940194385E-015
           2          16   1.1114259994187980E-014
           2          17  -8.6286477887679126E-014
           2          18   1.1014624226519520     
           2          19  -5.9644400441770464E-014
           2          20   1.1014624226521030     
           2          21   2.5382391352443426E-014
           2          22  -3.6472483287408239E-014
           2          23   1.1014624226519896     
           2          24  0.29290113092510062     
           2          25  -7.0799638348190151E-016
           2          26  0.29290113092511511     
           2          27   2.4074619955824931E-014
           2          28  -6.1138268717345844E-015
           2          29  0.29290113092508330     
           3           1  0.48620667760377645     
           3           2  -3.7708778084580388     
           3           3   6.5640373446246887     
           3           4   1.3821087841833872     
           3           5  0.70535988049198495     
           3           6  -2.0074570378009592E-013
           3           7   2.4475473722385267E-014
           3           8  -1.2797518700460108E-013
           3           9  -5.1231641217805421E-013
           3          10   1.2778837817795632E-013
           3          11  -3.1064512894372206E-013
           3          12   7.9004818339529099E-014
           3          13  -8.4495374334215936E-014
           3          14  -1.3356867226908002E-013
           3          15   9.9283925065562064E-015
           3          16  -1.8266099137300808E-014
           3          17   1.5756054539261598E-013
           3          18  -1.6649625721594346     
           3          19   1.0443241057417698E-013
           3          20  -1.6649625721596903     
           3          21  -4.3076627595450519E-014
           3          22   6.8408990360546379E-014
           3          23  -1.6649625721595023     
           3          24 -0.38220672780968723     
           3          25   2.1514419865511421E-015
           3          26 -0.38220672780972159     
           3          27  -4.4272030486153151E-014
           3          28   8.1960814992749984E-015
           3          29 -0.38220672780965537     
           4           1  0.16006407959674840     
           4           2  -1.0007716169299414     
           4           3   1.3821087841833872     
           4           4  0.31272265114730319     
           4           5  0.16004112801365122     
           4           6  -4.6849835702677777E-014
           4           7  -3.1607020366104784E-015
           4           8  -1.9803464911966050E-014
           4           9  -1.1009011784894570E-013
           4          10  -3.6195094811503093E-014
           4          11  -5.9502391114991400E-014
           4          12   2.1295863142977387E-014
           4          13  -4.3656906386775973E-014
           4          14  -2.3984385986370915E-014
           4          15   1.7376102984001019E-015
           4          16  -4.6494313408939420E-015
           4          17   3.4667755333826175E-014
           4          18 -0.36250658111881140     
           4          19   2.3139253094476713E-014
           4          20 -0.36250658111886863     
           4          21  -9.5647921989791045E-015
           4          22   1.5088598854616250E-014
           4          23 -0.36250658111882650     
           4          24  -8.7273107144488410E-002
           4          25   4.3403424014081586E-016
           4          26  -8.7273107144495307E-002
           4          27  -9.6500377138774893E-015
           4          28   1.8275484232435371E-015
           4          29  -8.7273107144481166E-002
           5           1   8.5987116821803766E-002
           5           2 -0.52634661889314482     
           5           3  0.70535988049198495     
           5           4  0.16004112801365122     
           5           5   8.5951159639395328E-002
           5           6  -5.9647758211724901E-015
           5           7  -2.1616000447066289E-014
           5           8  -3.6242954225281184E-014
           5           9  -4.1741957595240760E-014
           5          10  -4.5825401793714931E-014
           5          11  -2.3498589989586275E-014
           5          12   3.0489625925196044E-015
           5          13  -2.8633829576219566E-014
           5          14   5.3556504893703976E-016
           5          15   1.3911378137775137E-015
           5          16  -1.6151765362241920E-015
           5          17   1.0277366308953361E-014
           5          18 -0.19710740555482062     
           5          19   7.7814287165622792E-015
           5          20 -0.19710740555483888     
           5          21  -3.6526634724571895E-015
           5          22   4.6147950428928571E-015
           5          23 -0.19710740555482506     
           5          24  -4.7791664453666512E-002
           5          25   1.4955307631420344E-016
           5          26  -4.7791664453669329E-002
           5          27  -3.0369424534171060E-015
           5          28   9.3775840476587355E-016
           5          29  -4.7791664453664430E-002
           6           1  -2.2001290711979104E-014
           6           2   1.3974244459543522E-013
           6           3  -2.0074570378009592E-013
           6           4  -4.6849835702677777E-014
           6           5  -5.9647758211724901E-015
           6           6   2.3461340092392642     
           6           7   6.4531713306337224E-016
           6           8  -1.3218592886943270E-015
           6           9  0.87263111211935152     
           6          10  -2.1371793224034263E-015
           6          11  -3.5041414214731503E-016
           6          12  -3.2280898839700894E-002
           6          13  -1.3079815008865125E-015
           6          14   3.0617869350990645E-015
           6          15   4.7092734937279696E-002
           6          16   3.1220685758892586E-015
           6          17  -1.2755638559291960E-016
           6          18   2.9076312417317159E-014
           6          19   8.1755618633435863E-016
           6          20   2.7903304884102425E-014
           6          21   8.9855497179999626E-016
           6          22  -3.5019709627403661E-015
           6          23   3.1130641718591745E-014
           6          24   4.4592677011226145E-015
           6          25   3.9871301279576661E-016
           6          26   1.3024015609834245E-015
           6          27  -1.7322455500085819E-015
           6          28   1.8475158619073833E-015
           6          29   2.0176567209528473E-015
           7           1   4.9749741064909271E-015
           7           2  -2.0347150264120787E-014
           7           3   2.4475473722385267E-014
           7           4  -3.1607020366104784E-015
           7           5  -2.1616000447066289E-014
           7           6   6.4531713306337224E-016
           7           7   2.3461340092392677     
           7           8  -4.1286418728248009E-016
           7           9   2.0261570199409107E-015
           7          10  0.87263111211935951     
           7          11   1.0422218643668657E-014
           7          12  -5.6482596377804839E-015
           7          13  -3.2280898839705433E-002
           7          14  -1.4589891794702936E-014
           7          15   2.0124960725675933E-015
           7          16   4.7092734937272882E-002
           7          17   4.1507595971435052E-015
           7          18  -2.1828298668818565E-015
           7          19   4.3345216015025936E-015
           7          20   2.9278386898320177E-016
           7          21  -1.1591465629711027E-016
           7          22   1.0429666263480616E-014
           7          23  -1.0192790217426305E-014
           7          24   9.9080076500378617E-015
           7          25  -7.6024882765813740E-015
           7          26   1.2490149893507151E-014
           7          27  -5.3389541474671575E-015
           7          28  -4.8804502955084775E-015
           7          29   4.8015337496814697E-015
           8           1  -1.7055773954263128E-014
           8           2   9.4310144979055008E-014
           8           3  -1.2797518700460108E-013
           8           4  -1.9803464911966050E-014
           8           5  -3.6242954225281184E-014
           8           6  -1.3218592886943270E-015
           8           7  -4.1286418728248009E-016
           8           8   2.3461340092392637     
           8           9   8.9858676055598607E-016
           8          10  -4.6768144912334719E-015
           8          11  0.87263111211935418     
           8          12  -4.4617087802123478E-015
           8          13   6.5971533791397974E-015
           8          14  -3.2280898839706793E-002
           8          15   3.2754831832959574E-015
           8          16  -3.3629782986155377E-015
           8          17   4.7092734937280681E-002
           8          18   2.1013549994464943E-014
           8          19   7.2371318068555582E-016
           8          20   1.7850203926784360E-014
           8          21  -4.0914626323413281E-015
           8          22  -3.9718103060159756E-015
           8          23   1.8297511581840884E-014
           8          24   6.5038406710953652E-015
           8          25   3.1438619786287272E-016
           8          26   1.4232156874430613E-014
           8          27   5.1658704142872212E-015
           8          28   1.6683986115665832E-015
           8          29   1.7512946357885527E-014
           9           1  -4.1423029713910144E-014
           9           2   2.9673250540335032E-013
           9           3  -5.1231641217805421E-013
           9           4  -1.1009011784894570E-013
           9           5  -4.1741957595240760E-014
           9           6  0.87263111211935152     
           9           7   2.0261570199409107E-015
           9           8   8.9858676055598607E-016
           9           9   2.0818855615285417     
           9          10   1.8873791418627661E-015
           9          11  -4.5796699765787707E-016
           9          12  0.10622819735346409     
           9          13   2.0330959138448179E-015
           9          14   9.9226182825873366E-016
           9          15   6.8529467548494011E-002
           9          16  -1.3830082912225095E-015
           9          17   1.0942852526896196E-015
           9          18   6.9049255888310903E-014
           9          19   1.6196625969387370E-015
           9          20   6.6748153214244718E-014
           9          21  -1.0636038518863288E-015
           9          22  -6.5937203055723566E-015
           9          23   7.1099538666720135E-014
           9          24   1.7664154158257763E-014
           9          25  -3.0036664963404368E-016
           9          26   1.4756458651412090E-014
           9          27  -8.3314080552352421E-016
           9          28   3.5873124354443660E-015
           9          29   1.5756846807771653E-014
          10           1   7.3119280836287831E-015
          10           2  -5.7532653899847896E-014
          10           3   1.2778837817795632E-013
          10           4  -3.6195094811503093E-014
          10           5  -4.5825401793714931E-014
          10           6  -2.1371793224034263E-015
          10           7  0.87263111211935951     
          10           8  -4.6768144912334719E-015
          10           9   1.8873791418627661E-015
          10          10   2.0818855615285932     
          10          11   1.7930101847696278E-014
          10          12  -4.1078251911130792E-015
          10          13  0.10622819735345038     
          10          14  -2.9046209881755658E-014
          10          15  -1.4779844015322396E-015
          10          16   6.8529467548479189E-002
          10          17   4.9188084161322365E-015
          10          18  -7.2948251969574679E-015
          10          19   5.9927674228399721E-015
          10          20   1.4413702158893254E-014
          10          21   5.0197399953656889E-015
          10          22   2.6070809704863579E-014
          10          23  -5.8257417333322877E-015
          10          24   3.7939109822566025E-014
          10          25  -1.5249492488012853E-014
          10          26   3.0564582617927760E-014
          10          27  -1.8988769281825472E-014
          10          28  -1.4580511961823687E-014
          10          29   5.1724148932603328E-015
          11           1  -2.5668660305369026E-014
          11           2   1.8648974130172161E-013
          11           3  -3.1064512894372206E-013
          11           4  -5.9502391114991400E-014
          11           5  -2.3498589989586275E-014
          11           6  -3.5041414214731503E-016
          11           7   1.0422218643668657E-014
          11           8  0.87263111211935418     
          11           9  -4.5796699765787707E-016
          11          10   1.7930101847696278E-014
          11          11   2.0818855615285461     
          11          12   6.6613381477509392E-016
          11          13   1.0567935415650709E-014
          11          14  0.10622819735346306     
          11          15  -8.3700407715880942E-016
          11          16   3.8124885193280278E-015
          11          17   6.8529467548498535E-002
          11          18   3.6856429055024253E-014
          11          19   1.4939418679082093E-016
          11          20   3.3593018112479188E-014
          11          21  -1.8358138579176520E-015
          11          22  -8.4114487133748464E-015
          11          23   3.9083171665938440E-014
          11          24   5.2528553747026247E-015
          11          25   3.2403302235149215E-015
          11          26   5.4142814435204762E-015
          11          27   6.2281064854726018E-015
          11          28   5.1648755099585750E-015
          11          29   1.5392673278644497E-014
          12           1   9.4640868358431678E-015
          12           2  -4.8161355081206745E-014
          12           3   7.9004818339529099E-014
          12           4   2.1295863142977387E-014
          12           5   3.0489625925196044E-015
          12           6  -3.2280898839700894E-002
          12           7  -5.6482596377804839E-015
          12           8  -4.4617087802123478E-015
          12           9  0.10622819735346409     
          12          10  -4.1078251911130792E-015
          12          11   6.6613381477509392E-016
          12          12   9.2808217561690443E-002
          12          13  -3.7643499428696714E-016
          12          14  -8.8904578143811364E-017
          12          15  -3.1350018032729374E-003
          12          16  -6.6017070282642365E-016
          12          17   1.5514933088267568E-016
          12          18  -9.6930111929581920E-015
          12          19  -6.9508850797090726E-017
          12          20  -1.1315449253970425E-014
          12          21   1.1507744662549915E-016
          12          22  -5.9809167479344113E-016
          12          23  -1.0453856169411960E-014
          12          24  -1.9411564534465104E-015
          12          25   1.7058537244897191E-016
          12          26  -1.6504885499732653E-015
          12          27   2.4660397371195090E-016
          12          28   6.2934714845612987E-016
          12          29  -1.8786075484187437E-015
          13           1  -9.5246360652015690E-015
          13           2   5.7203793301625388E-014
          13           3  -8.4495374334215936E-014
          13           4  -4.3656906386775973E-014
          13           5  -2.8633829576219566E-014
          13           6  -1.3079815008865125E-015
          13           7  -3.2280898839705433E-002
          13           8   6.5971533791397974E-015
          13           9   2.0330959138448179E-015
          13          10  0.10622819735345038     
          13          11   1.0567935415650709E-014
          13          12  -3.7643499428696714E-016
          13          13   9.2808217561673609E-002
          13          14  -7.4701529684251256E-015
          13          15  -8.8123952579621800E-016
          13          16  -3.1350018032760430E-003
          13          17   1.0202342443088597E-015
          13          18   1.3643599175337529E-014
          13          19   1.6482689757949245E-015
          13          20   2.0935900681580353E-014
          13          21   1.5600591433354304E-015
          13          22   7.2106864667668247E-015
          13          23   1.4680462664522712E-014
          13          24   1.8149137717297278E-014
          13          25  -4.6789314795290755E-015
          13          26   1.5763144174619050E-014
          13          27  -5.8418659744246762E-015
          13          28  -4.4835242447305487E-015
          13          29   7.8500538718285472E-015
          14           1  -1.0497335179618801E-014
          14           2   7.0027898046436561E-014
          14           3  -1.3356867226908002E-013
          14           4  -2.3984385986370915E-014
          14           5   5.3556504893703976E-016
          14           6   3.0617869350990645E-015
          14           7  -1.4589891794702936E-014
          14           8  -3.2280898839706793E-002
          14           9   9.9226182825873366E-016
          14          10  -2.9046209881755658E-014
          14          11  0.10622819735346306     
          14          12  -8.8904578143811364E-017
          14          13  -7.4701529684251256E-015
          14          14   9.2808217561689998E-002
          14          15   2.9067460244336374E-016
          14          16   9.3371491094451642E-016
          14          17  -3.1350018032717426E-003
          14          18   1.7480725184329118E-014
          14          19  -3.0285121417598214E-016
          14          20   1.5359819048329580E-014
          14          21   1.2630983713202292E-017
          14          22  -1.5208226622458391E-015
          14          23   1.6347102619084567E-014
          14          24  -1.1123791677540340E-015
          14          25   1.3611075000289135E-015
          14          26  -1.3224512832703964E-015
          14          27   1.0799325182230677E-015
          14          28   8.6118942014633143E-016
          14          29   8.1553961699817866E-016
          15           1  -2.9810695509863935E-016
          15           2  -3.7682408940194385E-015
          15           3   9.9283925065562064E-015
          15           4   1.7376102984001019E-015
          15           5   1.3911378137775137E-015
          15           6   4.7092734937279696E-002
          15           7   2.0124960725675933E-015
          15           8   3.2754831832959574E-015
          15           9   6.8529467548494011E-002
          15          10  -1.4779844015322396E-015
          15          11  -8.3700407715880942E-016
          15          12  -3.1350018032729374E-003
          15          13  -8.8123952579621800E-016
          15          14   2.9067460244336374E-016
          15          15   2.8484987516817586E-003
          15          16   4.1260668926651478E-017
          15          17   5.0838917494203106E-018
          15          18  -3.5421565957958090E-015
          15          19   6.3779234767321285E-017
          15          20  -3.5048274392238041E-015
          15          21  -3.5703510061437118E-017
          15          22  -2.0251568973851753E-016
          15          23  -3.3949476404161014E-015
          15          24  -7.3507431847699993E-016
          15          25  -1.8179039920758303E-017
          15          26  -8.8191142831356172E-016
          15          27  -5.7895631858644152E-017
          15          28   8.9064128739799765E-017
          15          29  -8.3018636121144092E-016
          16           1  -1.4724536786007030E-015
          16           2   1.1114259994187980E-014
          16           3  -1.8266099137300808E-014
          16           4  -4.6494313408939420E-015
          16           5  -1.6151765362241920E-015
          16           6   3.1220685758892586E-015
          16           7   4.7092734937272882E-002
          16           8  -3.3629782986155377E-015
          16           9  -1.3830082912225095E-015
          16          10   6.8529467548479189E-002
          16          11   3.8124885193280278E-015
          16          12  -6.6017070282642365E-016
          16          13  -3.1350018032760430E-003
          16          14   9.3371491094451642E-016
          16          15   4.1260668926651478E-017
          16          16   2.8484987516810413E-003
          16          17   1.2469680236298908E-016
          16          18   2.0777284412708843E-015
          16          19   1.1818160809444065E-016
          16          20   2.3185638970486651E-015
          16          21   5.8214254679047983E-017
          16          22   4.4551950676831049E-016
          16          23   1.9988717016085305E-015
          16          24   7.9337242898110062E-016
          16          25  -2.4419157185413793E-016
          16          26   7.3292414397388319E-016
          16          27  -2.6636746377187343E-016
          16          28  -2.1229945392430063E-016
          16          29   3.7700534028503175E-016
          17           1   1.1316828459758852E-014
          17           2  -8.6286477887679126E-014
          17           3   1.5756054539261598E-013
          17           4   3.4667755333826175E-014
          17           5   1.0277366308953361E-014
          17           6  -1.2755638559291960E-016
          17           7   4.1507595971435052E-015
          17           8   4.7092734937280681E-002
          17           9   1.0942852526896196E-015
          17          10   4.9188084161322365E-015
          17          11   6.8529467548498535E-002
          17          12   1.5514933088267568E-016
          17          13   1.0202342443088597E-015
          17          14  -3.1350018032717426E-003
          17          15   5.0838917494203106E-018
          17          16   1.2469680236298908E-016
          17          17   2.8484987516819017E-003
          17          18  -2.1822045524335737E-014
          17          19   3.1936940312000408E-017
          17          20  -2.1807657572707823E-014
          17          21  -9.7392829780061462E-017
          17          22  -2.0475705879991348E-016
          17          23  -2.1694941833036350E-014
          17          24  -4.4007247035297189E-015
          17          25   1.5082632918334113E-017
          17          26  -4.3130906783274026E-015
          17          27   1.7625813059210363E-016
          17          28   1.2441149404121166E-016
          17          29  -4.1056726961120208E-015
          18           1 -0.16256427124279421     
          18           2   1.1014624226519520     
          18           3  -1.6649625721594346     
          18           4 -0.36250658111881140     
          18           5 -0.19710740555482062     
          18           6   2.9076312417317159E-014
          18           7  -2.1828298668818565E-015
          18           8   2.1013549994464943E-014
          18           9   6.9049255888310903E-014
          18          10  -7.2948251969574679E-015
          18          11   3.6856429055024253E-014
          18          12  -9.6930111929581920E-015
          18          13   1.3643599175337529E-014
          18          14   1.7480725184329118E-014
          18          15  -3.5421565957958090E-015
          18          16   2.0777284412708843E-015
          18          17  -2.1822045524335737E-014
          18          18  0.46371753246949909     
          18          19  -1.5224448462574537E-014
          18          20  0.46371753246953351     
          18          21   7.5673760276729663E-015
          18          22  -8.6352857962096495E-015
          18          23  0.46371753246950709     
          18          24  0.10982518254926110     
          18          25  -3.2745585409838056E-016
          18          26  0.10982518254926760     
          18          27   5.8375874351136361E-015
          18          28  -2.1391822142817092E-015
          18          29  0.10982518254925747     
          19           1   1.0156344208969765E-014
          19           2  -5.9644400441770464E-014
          19           3   1.0443241057417698E-013
          19           4   2.3139253094476713E-014
          19           5   7.7814287165622792E-015
          19           6   8.1755618633435863E-016
          19           7   4.3345216015025936E-015
          19           8   7.2371318068555582E-016
          19           9   1.6196625969387370E-015
          19          10   5.9927674228399721E-015
          19          11   1.4939418679082093E-016
          19          12  -6.9508850797090726E-017
          19          13   1.6482689757949245E-015
          19          14  -3.0285121417598214E-016
          19          15   6.3779234767321285E-017
          19          16   1.1818160809444065E-016
          19          17   3.1936940312000408E-017
          19          18  -1.5224448462574537E-014
          19          19   5.8369766324223303E-027
          19          20  -1.5224448462589636E-014
          19          21  -1.9244532258895874E-027
          19          22   4.4021774704522958E-027
          19          23  -1.5224448462578942E-014
          19          24  -3.3181940512734673E-015
          19          25  -1.6554930756672755E-029
          19          26  -3.3181940512747314E-015
          19          27  -2.7587911601685059E-027
          19          28   2.9937526154518029E-029
          19          29  -3.3181940512715346E-015
          20           1 -0.16256427124281048     
          20           2   1.1014624226521030     
          20           3  -1.6649625721596903     
          20           4 -0.36250658111886863     
          20           5 -0.19710740555483888     
          20           6   2.7903304884102425E-014
          20           7   2.9278386898320177E-016
          20           8   1.7850203926784360E-014
          20           9   6.6748153214244718E-014
          20          10   1.4413702158893254E-014
          20          11   3.3593018112479188E-014
          20          12  -1.1315449253970425E-014
          20          13   2.0935900681580353E-014
          20          14   1.5359819048329580E-014
          20          15  -3.5048274392238041E-015
          20          16   2.3185638970486651E-015
          20          17  -2.1807657572707823E-014
          20          18  0.46371753246953351     
          20          19  -1.5224448462589636E-014
          20          20  0.46371753246956793     
          20          21   7.5673760276782390E-015
          20          22  -8.6352857962201082E-015
          20          23  0.46371753246954150     
          20          24  0.10982518254926857     
          20          25  -3.2745585409912672E-016
          20          26  0.10982518254927505     
          20          27   5.8375874351199936E-015
          20          28  -2.1391822142824925E-015
          20          29  0.10982518254926492     
          21           1  -3.2501682456095276E-015
          21           2   2.5382391352443426E-014
          21           3  -4.3076627595450519E-014
          21           4  -9.5647921989791045E-015
          21           5  -3.6526634724571895E-015
          21           6   8.9855497179999626E-016
          21           7  -1.1591465629711027E-016
          21           8  -4.0914626323413281E-015
          21           9  -1.0636038518863288E-015
          21          10   5.0197399953656889E-015
          21          11  -1.8358138579176520E-015
          21          12   1.1507744662549915E-016
          21          13   1.5600591433354304E-015
          21          14   1.2630983713202292E-017
          21          15  -3.5703510061437118E-017
          21          16   5.8214254679047983E-017
          21          17  -9.7392829780061462E-017
          21          18   7.5673760276729663E-015
          21          19  -1.9244532258895874E-027
          21          20   7.5673760276782390E-015
          21          21   7.2635203243947708E-028
          21          22  -1.2574835416058608E-027
          21          23   7.5673760276744793E-015
          21          24   1.7087847169740614E-015
          21          25  -1.2644417040365838E-028
          21          26   1.7087847169744079E-015
          21          27   7.4000978377338975E-028
          21          28  -1.4721569094671582E-028
          21          29   1.7087847169730887E-015
          22           1   2.7321081043390104E-015
          22           2  -3.6472483287408239E-014
          22           3   6.8408990360546379E-014
          22           4   1.5088598854616250E-014
          22           5   4.6147950428928571E-015
          22           6  -3.5019709627403661E-015
          22           7   1.0429666263480616E-014
          22           8  -3.9718103060159756E-015
          22           9  -6.5937203055723566E-015
          22          10   2.6070809704863579E-014
          22          11  -8.4114487133748464E-015
          22          12  -5.9809167479344113E-016
          22          13   7.2106864667668247E-015
          22          14  -1.5208226622458391E-015
          22          15  -2.0251568973851753E-016
          22          16   4.4551950676831049E-016
          22          17  -2.0475705879991348E-016
          22          18  -8.6352857962096495E-015
          22          19   4.4021774704522958E-027
          22          20  -8.6352857962201082E-015
          22          21  -1.2574835416058608E-027
          22          22   3.9236195347746616E-027
          22          23  -8.6352857962128365E-015
          22          24  -1.8091160564136952E-015
          22          25  -4.1704974520487644E-028
          22          26  -1.8091160564147877E-015
          22          27  -2.5277281230988292E-027
          22          28  -3.9688428744096743E-028
          22          29  -1.8091160564131481E-015
          23           1 -0.16256427124279632     
          23           2   1.1014624226519896     
          23           3  -1.6649625721595023     
          23           4 -0.36250658111882650     
          23           5 -0.19710740555482506     
          23           6   3.1130641718591745E-014
          23           7  -1.0192790217426305E-014
          23           8   1.8297511581840884E-014
          23           9   7.1099538666720135E-014
          23          10  -5.8257417333322877E-015
          23          11   3.9083171665938440E-014
          23          12  -1.0453856169411960E-014
          23          13   1.4680462664522712E-014
          23          14   1.6347102619084567E-014
          23          15  -3.3949476404161014E-015
          23          16   1.9988717016085305E-015
          23          17  -2.1694941833036350E-014
          23          18  0.46371753246950709     
          23          19  -1.5224448462578942E-014
          23          20  0.46371753246954150     
          23          21   7.5673760276744793E-015
          23          22  -8.6352857962128365E-015
          23          23  0.46371753246951508     
          23          24  0.10982518254926277     
          23          25  -3.2745585409850643E-016
          23          26  0.10982518254926926     
          23          27   5.8375874351155562E-015
          23          28  -2.1391822142818397E-015
          23          29  0.10982518254925912     
          24           1  -4.8640720993867417E-002
          24           2  0.29290113092510062     
          24           3 -0.38220672780968723     
          24           4  -8.7273107144488410E-002
          24           5  -4.7791664453666512E-002
          24           6   4.4592677011226145E-015
          24           7   9.9080076500378617E-015
          24           8   6.5038406710953652E-015
          24           9   1.7664154158257763E-014
          24          10   3.7939109822566025E-014
          24          11   5.2528553747026247E-015
          24          12  -1.9411564534465104E-015
          24          13   1.8149137717297278E-014
          24          14  -1.1123791677540340E-015
          24          15  -7.3507431847699993E-016
          24          16   7.9337242898110062E-016
          24          17  -4.4007247035297189E-015
          24          18  0.10982518254926110     
          24          19  -3.3181940512734673E-015
          24          20  0.10982518254926857     
          24          21   1.7087847169740614E-015
          24          22  -1.8091160564136952E-015
          24          23  0.10982518254926277     
          24          24   2.6782352940173188E-002
          24          25  -6.4361478901684090E-017
          24          26   2.6782352940174548E-002
          24          27   1.2194586516821380E-015
          24          28  -5.1103331695831469E-016
          24          29   2.6782352940172411E-002
          25           1  -1.5973278078583214E-015
          25           2  -7.0799638348190151E-016
          25           3   2.1514419865511421E-015
          25           4   4.3403424014081586E-016
          25           5   1.4955307631420344E-016
          25           6   3.9871301279576661E-016
          25           7  -7.6024882765813740E-015
          25           8   3.1438619786287272E-016
          25           9  -3.0036664963404368E-016
          25          10  -1.5249492488012853E-014
          25          11   3.2403302235149215E-015
          25          12   1.7058537244897191E-016
          25          13  -4.6789314795290755E-015
          25          14   1.3611075000289135E-015
          25          15  -1.8179039920758303E-017
          25          16  -2.4419157185413793E-016
          25          17   1.5082632918334113E-017
          25          18  -3.2745585409838056E-016
          25          19  -1.6554930756672755E-029
          25          20  -3.2745585409912672E-016
          25          21  -1.2644417040365838E-028
          25          22  -4.1704974520487644E-028
          25          23  -3.2745585409850643E-016
          25          24  -6.4361478901684090E-017
          25          25   3.3139454972238038E-028
          25          26  -6.4361478901582672E-017
          25          27   3.3405001655773334E-028
          25          28   3.0047363786959527E-028
          25          29  -6.4361478900990496E-017
          26           1  -4.8640720993869555E-002
          26           2  0.29290113092511511     
          26           3 -0.38220672780972159     
          26           4  -8.7273107144495307E-002
          26           5  -4.7791664453669329E-002
          26           6   1.3024015609834245E-015
          26           7   1.2490149893507151E-014
          26           8   1.4232156874430613E-014
          26           9   1.4756458651412090E-014
          26          10   3.0564582617927760E-014
          26          11   5.4142814435204762E-015
          26          12  -1.6504885499732653E-015
          26          13   1.5763144174619050E-014
          26          14  -1.3224512832703964E-015
          26          15  -8.8191142831356172E-016
          26          16   7.3292414397388319E-016
          26          17  -4.3130906783274026E-015
          26          18  0.10982518254926760     
          26          19  -3.3181940512747314E-015
          26          20  0.10982518254927505     
          26          21   1.7087847169744079E-015
          26          22  -1.8091160564147877E-015
          26          23  0.10982518254926926     
          26          24   2.6782352940174548E-002
          26          25  -6.4361478901582672E-017
          26          26   2.6782352940175908E-002
          26          27   1.2194586516828990E-015
          26          28  -5.1103331695822900E-016
          26          29   2.6782352940173768E-002
          27           1  -4.1684471954366154E-015
          27           2   2.4074619955824931E-014
          27           3  -4.4272030486153151E-014
          27           4  -9.6500377138774893E-015
          27           5  -3.0369424534171060E-015
          27           6  -1.7322455500085819E-015
          27           7  -5.3389541474671575E-015
          27           8   5.1658704142872212E-015
          27           9  -8.3314080552352421E-016
          27          10  -1.8988769281825472E-014
          27          11   6.2281064854726018E-015
          27          12   2.4660397371195090E-016
          27          13  -5.8418659744246762E-015
          27          14   1.0799325182230677E-015
          27          15  -5.7895631858644152E-017
          27          16  -2.6636746377187343E-016
          27          17   1.7625813059210363E-016
          27          18   5.8375874351136361E-015
          27          19  -2.7587911601685059E-027
          27          20   5.8375874351199936E-015
          27          21   7.4000978377338975E-028
          27          22  -2.5277281230988292E-027
          27          23   5.8375874351155562E-015
          27          24   1.2194586516821380E-015
          27          25   3.3405001655773334E-028
          27          26   1.2194586516828990E-015
          27          27   1.6852281541168285E-027
          27          28   3.0583901419563283E-028
          27          29   1.2194586516820180E-015
          28           1   1.4592229647196652E-015
