           1           1   2.1908913758610247     
           1           2 -0.69631006944104556     
           1           3   7.7936407790812165E-002
           1           4   5.7052187050273824E-002
           1           5  -7.8612293307595647E-003
           1           6   1.0140072426686753E-013
           1           7   5.9647662960505560E-014
           1           8   1.7823478975562798E-014
           1           9  -1.7087884868159903E-014
           1          10  -2.1080673768961708E-014
           1          11  -3.6265084372827025E-015
           1          12   1.0414669283064769E-014
           1          13  -1.3676328989299114E-014
           1          14   1.7666522071500030E-014
           1          15  -5.1702937174975525E-015
           1          16   3.1975323560183706E-014
           1          17   4.8140438464474356E-015
           1          18   2.0406430158613181E-002
           1          19   2.6833018181314556E-012
           1          20   2.0406430158589076E-002
           1          21  -1.3885233593257983E-012
           1          22   1.0989433695832179E-012
           1          23   2.0406430158619943E-002
           1          24   5.8041200010868054E-003
           1          25  -2.7453115271981168E-012
           1          26   5.8041200011206204E-003
           1          27   1.4557481701403211E-012
           1          28  -1.1102115526937258E-012
           1          29   5.8041200010845746E-003
           2           1 -0.69631006944104556     
           2           2   2.7508515011532397     
           2           3 -0.77439576215950456     
           2           4 -0.45754694199091134     
           2           5  -4.6942274355007679E-003
           2           6  -2.4972299023709327E-013
           2           7  -2.3367395671306455E-013
           2           8   3.2439433896781564E-015
           2           9   8.2399459695645791E-014
           2          10   1.4645032445537233E-014
           2          11   2.8916922352792484E-014
           2          12  -3.9686835701421386E-014
           2          13   3.3307969846917116E-014
           2          14  -1.1836185831383361E-014
           2          15  -4.8205356902879043E-014
           2          16  -1.2268558171032651E-014
           2          17   6.7404848681670937E-015
           2          18  -1.3446662561910478E-002
           2          19  -3.0837424241779018E-012
           2          20  -1.3446662561901229E-002
           2          21   1.6180046682458951E-012
           2          22  -1.2593573809896769E-012
           2          23  -1.3446662561934483E-002
           2          24  -4.2279776517254999E-003
           2          25   3.2348876947916299E-012
           2          26  -4.2279776517706626E-003
           2          27  -1.6907995086663821E-012
           2          28   1.3133756974882759E-012
           2          29  -4.2279776517256456E-003
           3           1   7.7936407790812165E-002
           3           2 -0.77439576215950456     
           3           3   1.1388033857987403     
           3           4  0.57289394086754430     
           3           5  -1.8816018656582577E-002
           3           6  -5.4444507588006661E-013
           3           7  -3.8506240754660985E-013
           3           8  -9.8607928130088379E-014
           3           9  -5.7833471129069917E-014
           3          10   2.0368190651969869E-014
           3          11  -1.0781246479316011E-014
           3          12   2.7853319528259063E-015
           3          13  -2.6751781255809344E-014
           3          14   1.7251028310721570E-014
           3          15   5.0535142358320309E-014
           3          16  -1.7082761505757895E-014
           3          17   1.9506746201818188E-014
           3          18   2.2972518426838028E-002
           3          19   3.7820886432336801E-013
           3          20   2.2972518426842968E-002
           3          21  -1.9298677972278291E-013
           3          22   1.5456630641016192E-013
           3          23   2.2972518426837982E-002
           3          24   2.0430319541921614E-002
           3          25  -5.0088259753912331E-013
           3          26   2.0430319541913336E-002
           3          27   2.6432059078432225E-013
           3          28  -2.0297205519404348E-013
           3          29   2.0430319541918870E-002
           4           1   5.7052187050273824E-002
           4           2 -0.45754694199091134     
           4           3  0.57289394086754430     
           4           4  0.29028277771381106     
           4           5  -8.9206716343309591E-003
           4           6   3.5831577704564640E-013
           4           7   3.0052232105486228E-013
           4           8   4.6657139125528070E-014
           4           9  -5.7215429887457604E-014
           4          10   3.9368031710823504E-014
           4          11  -2.5175633664352606E-015
           4          12   6.5675791128236687E-015
           4          13   5.0523392366267977E-014
           4          14   1.8543953679848577E-014
           4          15   2.4866291170240201E-014
           4          16  -2.9273339054350310E-015
           4          17   9.9072560165290001E-015
           4          18   1.1472575530577447E-002
           4          19   2.7497506743743308E-013
           4          20   1.1472575530579569E-002
           4          21  -1.4166359440456313E-013
           4          22   1.1234671341261298E-013
           4          23   1.1472575530578160E-002
           4          24   9.9759135666612868E-003
           4          25  -3.3872698095376376E-013
           4          26   9.9759135666586569E-003
           4          27   1.7824126782122272E-013
           4          28  -1.3734123155422677E-013
           4          29   9.9759135666599684E-003
           5           1  -7.8612293307595647E-003
           5           2  -4.6942274355007679E-003
           5           3  -1.8816018656582577E-002
           5           4  -8.9206716343309591E-003
           5           5   5.1607505795685401E-004
           5           6   9.8095083674577875E-013
           5           7   7.7446489110269611E-013
           5           8   1.6575940792270657E-013
           5           9  -1.0480506552189193E-013
           5          10  -1.2052703956873812E-013
           5          11  -5.7245450884548781E-014
           5          12  -6.9464764400578483E-014
           5          13  -9.8968171061741771E-014
           5          14  -5.9602559107747248E-014
           5          15  -9.3278295620493684E-015
           5          16  -1.0675786677719332E-014
           5          17  -6.4376882537654936E-015
           5          18  -5.0989272685288329E-004
           5          19   5.2726892552436904E-015
           5          20  -5.0989272685294314E-004
           5          21  -3.0026006974430768E-015
           5          22   2.1326289731186467E-015
           5          23  -5.0989272685269236E-004
           5          24  -4.5544918177329609E-004
           5          25  -3.5803827535393691E-015
           5          26  -4.5544918177287450E-004
           5          27   1.6931393752374892E-015
           5          28  -1.4879882093184647E-015
           5          29  -4.5544918177321955E-004
           6           1   1.0140072426686753E-013
           6           2  -2.4972299023709327E-013
           6           3  -5.4444507588006661E-013
           6           4   3.5831577704564640E-013
           6           5   9.8095083674577875E-013
           6           6   2.1019992521748643     
           6           7   7.2442052356791464E-014
           6           8   1.2934965598621062E-014
           6           9  0.20637343058117041     
           6          10   9.4153851382117182E-014
           6          11   4.4401982091102354E-014
           6          12  0.37282815175780126     
           6          13   1.8471335572201042E-014
           6          14  -8.0213613529167560E-014
           6          15   3.0191691864456721E-002
           6          16   1.2548989625216223E-013
           6          17   2.5707517711803796E-014
           6          18  -1.5728308794607356E-013
           6          19   2.1044371246754203E-012
           6          20  -6.4472167676748066E-014
           6          21  -1.1413788455673441E-012
           6          22   8.9769537483391285E-013
           6          23  -6.0465184534752667E-014
           6          24  -4.7916339766116065E-013
           6          25  -2.2616996194402139E-012
           6          26  -5.1619371215164374E-013
           6          27   1.0995616145685335E-012
           6          28  -1.0481351157823133E-012
           6          29  -3.3065639403443185E-013
           7           1   5.9647662960505560E-014
           7           2  -2.3367395671306455E-013
           7           3  -3.8506240754660985E-013
           7           4   3.0052232105486228E-013
           7           5   7.7446489110269611E-013
           7           6   7.2442052356791464E-014
           7           7   2.1019992521748678     
           7           8   2.5016447247061535E-014
           7           9   1.1610157280017575E-013
           7          10  0.20637343058110863     
           7          11   4.5647513546853702E-014
           7          12  -1.4352408150841711E-013
           7          13  0.37282815175800199     
           7          14  -7.2226946645770340E-014
           7          15   1.4652255103664302E-013
           7          16   3.0191691864360812E-002
           7          17   2.1487586016055715E-014
           7          18  -1.2396999568309322E-013
           7          19  -7.6829422670017120E-012
           7          20  -7.8038376048664820E-014
           7          21   3.9512094536753462E-012
           7          22  -3.1321040307651834E-012
           7          23  -8.2774881958531793E-014
           7          24  -3.7585973490207432E-013
           7          25   8.2744233608568911E-012
           7          26  -3.8750313347250097E-013
           7          27  -4.4026497708304195E-012
           7          28   3.3125692393155922E-012
           7          29  -2.4469591089243059E-013
           8           1   1.7823478975562798E-014
           8           2   3.2439433896781564E-015
           8           3  -9.8607928130088379E-014
           8           4   4.6657139125528070E-014
           8           5   1.6575940792270657E-013
           8           6   1.2934965598621062E-014
           8           7   2.5016447247061535E-014
           8           8   2.1019992521747954     
           8           9   8.4359602636752129E-015
           8          10   3.1544211687162260E-014
           8          11  0.20637343058103932     
           8          12  -1.8996956785422014E-014
           8          13  -7.6466610821057657E-015
           8          14  0.37282815175796102     
           8          15   3.6106100748112269E-014
           8          16   1.6453418488771021E-014
           8          17   3.0191691864259781E-002
           8          18  -2.8430080347390648E-014
           8          19   5.3388310507991566E-012
           8          20   3.5151951839242399E-015
           8          21  -2.8070501110576869E-012
           8          22   2.1922961903112893E-012
           8          23  -1.9099733118507023E-014
           8          24  -5.5061169823825725E-014
           8          25  -5.7298592855742128E-012
           8          26  -7.9811617724469656E-014
           8          27   2.9484691926207644E-012
           8          28  -2.3578474304963585E-012
           8          29  -5.0921536534598534E-014
           9           1  -1.7087884868159903E-014
           9           2   8.2399459695645791E-014
           9           3  -5.7833471129069917E-014
           9           4  -5.7215429887457604E-014
           9           5  -1.0480506552189193E-013
           9           6  0.20637343058117041     
           9           7   1.1610157280017575E-013
           9           8   8.4359602636752129E-015
           9           9  0.50750010101549836     
           9          10   1.1581013925621164E-014
           9          11  -1.1369377661551994E-014
           9          12  0.62320437421495423     
           9          13  -6.9111383282915995E-015
           9          14   3.4590386110977533E-015
           9          15   5.7833764834777944E-002
           9          16  -1.4471930598336513E-014
           9          17  -1.9618855151559700E-014
           9          18   2.3697352897253719E-014
           9          19   3.2502359692753230E-013
           9          20   6.3618851678181959E-015
           9          21  -1.7137846294619820E-013
           9          22   1.3164316413622567E-013
           9          23   1.8298054798811516E-014
           9          24   1.9663915695180748E-014
           9          25  -5.3627025500665307E-013
           9          26   5.9994335871506026E-014
           9          27   2.7464466087331514E-013
           9          28  -2.1014959001165987E-013
           9          29   7.6059464998027792E-014
          10           1  -2.1080673768961708E-014
          10           2   1.4645032445537233E-014
          10           3   2.0368190651969869E-014
          10           4   3.9368031710823504E-014
          10           5  -1.2052703956873812E-013
          10           6   9.4153851382117182E-014
          10           7  0.20637343058110863     
          10           8   3.1544211687162260E-014
          10           9   1.1581013925621164E-014
          10          10  0.50750010101553245     
          10          11   9.3189345129474077E-015
          10          12   3.7372882566444332E-014
          10          13  0.62320437421494534     
          10          14   1.6500689703491389E-014
          10          15  -3.0791341698588326E-014
          10          16   5.7833764834794299E-002
          10          17  -3.0878945234125155E-014
          10          18   1.7544113788709540E-014
          10          19  -1.0842158984433197E-012
          10          20  -1.2505078665294498E-014
          10          21   5.6331271647475966E-013
          10          22  -4.4751189191471923E-013
          10          23  -2.8694853162363092E-015
          10          24   3.3796623256397529E-014
          10          25   1.7953055507513755E-012
          10          26   4.7183160478624359E-014
          10          27  -9.5370376397688253E-013
          10          28   7.6693687586543103E-013
          10          29   5.0543736734215754E-014
          11           1  -3.6265084372827025E-015
          11           2   2.8916922352792484E-014
          11           3  -1.0781246479316011E-014
          11           4  -2.5175633664352606E-015
          11           5  -5.7245450884548781E-014
          11           6   4.4401982091102354E-014
          11           7   4.5647513546853702E-014
          11           8  0.20637343058103932     
          11           9  -1.1369377661551994E-014
          11          10   9.3189345129474077E-015
          11          11  0.50750010101550802     
          11          12   2.5535129566378600E-015
          11          13   1.0713652187632761E-014
          11          14  0.62320437421494246     
          11          15   8.3245042803437030E-015
          11          16  -3.8961889270439087E-015
          11          17   5.7833764834793008E-002
          11          18   6.3287696996913074E-015
          11          19   7.9466726474302193E-013
          11          20   8.9452838485541388E-015
          11          21  -4.2098195496704298E-013
          11          22   3.2322785037259316E-013
          11          23  -8.5859823274659310E-016
          11          24   1.9612431885450204E-014
          11          25  -1.3457890056747123E-012
          11          26   1.8117566980265836E-014
          11          27   6.7518105720198104E-013
          11          28  -5.3611913304936648E-013
          11          29   1.0979942309339683E-015
          12           1   1.0414669283064769E-014
          12           2  -3.9686835701421386E-014
          12           3   2.7853319528259063E-015
          12           4   6.5675791128236687E-015
          12           5  -6.9464764400578483E-014
          12           6  0.37282815175780126     
          12           7  -1.4352408150841711E-013
          12           8  -1.8996956785422014E-014
          12           9  0.62320437421495423     
          12          10   3.7372882566444332E-014
          12          11   2.5535129566378600E-015
          12          12  0.77235269955149777     
          12          13  -2.7478019859472624E-015
          12          14   1.4030443473700416E-014
          12          15   7.1414075340999444E-002
          12          16  -8.9355606247565333E-015
          12          17  -2.0665760769311703E-014
          12          18   2.1307158102671926E-014
          12          19   5.1581871572760653E-013
          12          20   5.9277854753562701E-015
          12          21  -2.7385956219081550E-013
          12          22   2.1160303737870287E-013
          12          23   2.0535180505142660E-014
          12          24  -3.0208288154713831E-015
          12          25  -7.7944938421981904E-013
          12          26   4.3343123241876436E-014
          12          27   3.9571045984021599E-013
          12          28  -3.1502018524592386E-013
          12          29   7.3662160345920128E-014
          13           1  -1.3676328989299114E-014
          13           2   3.3307969846917116E-014
          13           3  -2.6751781255809344E-014
          13           4   5.0523392366267977E-014
          13           5  -9.8968171061741771E-014
          13           6   1.8471335572201042E-014
          13           7  0.37282815175800199     
          13           8  -7.6466610821057657E-015
          13           9  -6.9111383282915995E-015
          13          10  0.62320437421494534     
          13          11   1.0713652187632761E-014
          13          12  -2.7478019859472624E-015
          13          13  0.77235269955145958     
          13          14   8.9234175604246957E-015
          13          15  -3.1851257742410155E-014
          13          16   7.1414075341009159E-002
          13          17  -3.6421386739871053E-014
          13          18   1.3349213473673811E-014
          13          19  -1.7598961975025638E-012
          13          20  -2.0110338970067592E-014
          13          21   9.1197000472464664E-013
          13          22  -7.2408997206954828E-013
          13          23  -8.7899726102522997E-015
          13          24   1.8030165330437083E-014
          13          25   2.6509935171164043E-012
          13          26   3.3457659116630695E-014
          13          27  -1.4086833732371650E-012
          13          28   1.1193325191154602E-012
          13          29   4.5953142958071833E-014
          14           1   1.7666522071500030E-014
          14           2  -1.1836185831383361E-014
          14           3   1.7251028310721570E-014
          14           4   1.8543953679848577E-014
          14           5  -5.9602559107747248E-014
          14           6  -8.0213613529167560E-014
          14           7  -7.2226946645770340E-014
          14           8  0.37282815175796102     
          14           9   3.4590386110977533E-015
          14          10   1.6500689703491389E-014
          14          11  0.62320437421494246     
          14          12   1.4030443473700416E-014
          14          13   8.9234175604246957E-015
          14          14  0.77235269955149299     
          14          15   1.3588956349064318E-014
          14          16  -3.7600131341797294E-015
          14          17   7.1414075341005204E-002
          14          18   6.7603180101228774E-015
          14          19   1.2726059664521604E-012
          14          20   1.1800525685629125E-014
          14          21  -6.7291732334988716E-013
          14          22   5.1885511632999697E-013
          14          23  -1.3407250423785270E-015
          14          24   2.0947659613737388E-014
          14          25  -1.9592531837848285E-012
          14          26   1.7683521315097769E-014
          14          27   9.8732223841126441E-013
          14          28  -7.8495621123532491E-013
          14          29  -1.0974548895456860E-015
          15           1  -5.1702937174975525E-015
          15           2  -4.8205356902879043E-014
          15           3   5.0535142358320309E-014
          15           4   2.4866291170240201E-014
          15           5  -9.3278295620493684E-015
          15           6   3.0191691864456721E-002
          15           7   1.4652255103664302E-013
          15           8   3.6106100748112269E-014
          15           9   5.7833764834777944E-002
          15          10  -3.0791341698588326E-014
          15          11   8.3245042803437030E-015
          15          12   7.1414075340999444E-002
          15          13  -3.1851257742410155E-014
          15          14   1.3588956349064318E-014
          15          15   6.6126980119728014E-003
          15          16  -4.4240869648271008E-015
          15          17  -9.4312036479082817E-016
          15          18   3.1984692996491606E-015
          15          19   4.3561349146734259E-014
          15          20   1.5531428744438930E-015
          15          21  -2.3074041652634643E-014
          15          22   1.7793450739892213E-014
          15          23   2.9105787813086866E-015
          15          24   1.5685837441638596E-015
          15          25  -6.7870622657311793E-014
          15          26   5.9878597987559201E-015
          15          27   3.4564893715369136E-014
          15          28  -2.7131778378978348E-014
          15          29   8.4106169405332857E-015
          16           1   3.1975323560183706E-014
          16           2  -1.2268558171032651E-014
          16           3  -1.7082761505757895E-014
          16           4  -2.9273339054350310E-015
          16           5  -1.0675786677719332E-014
          16           6   1.2548989625216223E-013
          16           7   3.0191691864360812E-002
          16           8   1.6453418488771021E-014
          16           9  -1.4471930598336513E-014
          16          10   5.7833764834794299E-002
          16          11  -3.8961889270439087E-015
          16          12  -8.9355606247565333E-015
          16          13   7.1414075341009159E-002
          16          14  -3.7600131341797294E-015
          16          15  -4.4240869648271008E-015
          16          16   6.6126980119754642E-003
          16          17  -3.9380391309018492E-015
          16          18   1.4485391436941228E-015
          16          19  -1.4750459340617969E-013
          16          20  -1.7835863478404133E-015
          16          21   7.6503125397540068E-014
          16          22  -6.0753641721575198E-014
          16          23  -7.1412118768598662E-016
          16          24   2.2286214219007758E-015
          16          25   2.2953877766551485E-013
          16          26   3.6975964186035141E-015
          16          27  -1.2195929131578953E-013
          16          28   9.7322018291741209E-014
          16          29   4.5483698124595155E-015
          17           1   4.8140438464474356E-015
          17           2   6.7404848681670937E-015
          17           3   1.9506746201818188E-014
          17           4   9.9072560165290001E-015
          17           5  -6.4376882537654936E-015
          17           6   2.5707517711803796E-014
          17           7   2.1487586016055715E-014
          17           8   3.0191691864259781E-002
          17           9  -1.9618855151559700E-014
          17          10  -3.0878945234125155E-014
          17          11   5.7833764834793008E-002
          17          12  -2.0665760769311703E-014
          17          13  -3.6421386739871053E-014
          17          14   7.1414075341005204E-002
          17          15  -9.4312036479082817E-016
          17          16  -3.9380391309018492E-015
          17          17   6.6126980119748640E-003
          17          18   1.1469656579121859E-015
          17          19   1.0714559683990784E-013
          17          20   1.5472633948886138E-015
          17          21  -5.6691074639978611E-014
          17          22   4.3649659797178668E-014
          17          23   3.6841635978593499E-016
          17          24   2.5133692650559072E-015
          17          25  -1.7050239868506187E-013
          17          26   2.2631679998781013E-015
          17          27   8.5784961581492166E-014
          17          28  -6.8171547018833537E-014
          17          29   4.4209630759272409E-016
          18           1   2.0406430158613181E-002
          18           2  -1.3446662561910478E-002
          18           3   2.2972518426838028E-002
          18           4   1.1472575530577447E-002
          18           5  -5.0989272685288329E-004
          18           6  -1.5728308794607356E-013
          18           7  -1.2396999568309322E-013
          18           8  -2.8430080347390648E-014
          18           9   2.3697352897253719E-014
          18          10   1.7544113788709540E-014
          18          11   6.3287696996913074E-015
          18          12   2.1307158102671926E-014
          18          13   1.3349213473673811E-014
          18          14   6.7603180101228774E-015
          18          15   3.1984692996491606E-015
          18          16   1.4485391436941228E-015
          18          17   1.1469656579121859E-015
          18          18   6.5499723976892329E-004
          18          19   2.2775468657534819E-014
          18          20   6.5499723976883287E-004
          18          21  -1.1640954978511015E-014
          18          22   9.3340107289006847E-015
          18          23   6.5499723976889706E-004
          18          24   4.9167843396907742E-004
          18          25  -2.5515097445232509E-014
          18          26   4.9167843396905248E-004
          18          27   1.3594664023683281E-014
          18          28  -1.0307872119301451E-014
          18          29   4.9167843396899437E-004
          19           1   2.6833018181314556E-012
          19           2  -3.0837424241779018E-012
          19           3   3.7820886432336801E-013
          19           4   2.7497506743743308E-013
          19           5   5.2726892552436904E-015
          19           6   2.1044371246754203E-012
          19           7  -7.6829422670017120E-012
          19           8   5.3388310507991566E-012
          19           9   3.2502359692753230E-013
          19          10  -1.0842158984433197E-012
          19          11   7.9466726474302193E-013
          19          12   5.1581871572760653E-013
          19          13  -1.7598961975025638E-012
          19          14   1.2726059664521604E-012
          19          15   4.3561349146734259E-014
          19          16  -1.4750459340617969E-013
          19          17   1.0714559683990784E-013
          19          18   2.2775468657534819E-014
          19          19   4.9562536604270307E-023
          19          20   2.2775468657520986E-014
          19          21  -2.5750663256104419E-023
          19          22   2.0291657968627395E-023
          19          23   2.2775468657541717E-014
          19          24   1.1296799584916353E-015
          19          25  -5.3806914797447666E-023
          19          26   1.1296799585172948E-015
          19          27   2.8219506526405706E-023
          19          28  -2.1893477177723881E-023
          19          29   1.1296799581642487E-015
          20           1   2.0406430158589076E-002
          20           2  -1.3446662561901229E-002
          20           3   2.2972518426842968E-002
          20           4   1.1472575530579569E-002
          20           5  -5.0989272685294314E-004
          20           6  -6.4472167676748066E-014
          20           7  -7.8038376048664820E-014
          20           8   3.5151951839242399E-015
          20           9   6.3618851678181959E-015
          20          10  -1.2505078665294498E-014
          20          11   8.9452838485541388E-015
          20          12   5.9277854753562701E-015
          20          13  -2.0110338970067592E-014
          20          14   1.1800525685629125E-014
          20          15   1.5531428744438930E-015
          20          16  -1.7835863478404133E-015
          20          17   1.5472633948886138E-015
          20          18   6.5499723976883287E-004
          20          19   2.2775468657520986E-014
          20          20   6.5499723976874267E-004
          20          21  -1.1640954978511280E-014
          20          22   9.3340107289020842E-015
          20          23   6.5499723976880663E-004
          20          24   4.9167843396914594E-004
          20          25  -2.5515097445254827E-014
          20          26   4.9167843396912101E-004
          20          27   1.3594664023685676E-014
          20          28  -1.0307872119334760E-014
          20          29   4.9167843396906311E-004
          21           1  -1.3885233593257983E-012
          21           2   1.6180046682458951E-012
          21           3  -1.9298677972278291E-013
          21           4  -1.4166359440456313E-013
          21           5  -3.0026006974430768E-015
          21           6  -1.1413788455673441E-012
          21           7   3.9512094536753462E-012
          21           8  -2.8070501110576869E-012
          21           9  -1.7137846294619820E-013
          21          10   5.6331271647475966E-013
          21          11  -4.2098195496704298E-013
          21          12  -2.7385956219081550E-013
          21          13   9.1197000472464664E-013
          21          14  -6.7291732334988716E-013
          21          15  -2.3074041652634643E-014
          21          16   7.6503125397540068E-014
          21          17  -5.6691074639978611E-014
          21          18  -1.1640954978511015E-014
          21          19  -2.5750663256104419E-023
          21          20  -1.1640954978511280E-014
          21          21   1.3383380478005085E-023
          21          22  -1.0545813522377853E-023
          21          23  -1.1640954978520381E-014
          21          24  -4.0644791988771049E-016
          21          25   2.7964695288933540E-023
          21          26  -4.0644791989731438E-016
          21          27  -1.4660280088390728E-023
          21          28   1.1387446036094142E-023
          21          29  -4.0644791972768394E-016
          22           1   1.0989433695832179E-012
          22           2  -1.2593573809896769E-012
          22           3   1.5456630641016192E-013
          22           4   1.1234671341261298E-013
          22           5   2.1326289731186467E-015
          22           6   8.9769537483391285E-013
          22           7  -3.1321040307651834E-012
          22           8   2.1922961903112893E-012
          22           9   1.3164316413622567E-013
          22          10  -4.4751189191471923E-013
          22          11   3.2322785037259316E-013
          22          12   2.1160303737870287E-013
          22          13  -7.2408997206954828E-013
          22          14   5.1885511632999697E-013
          22          15   1.7793450739892213E-014
          22          16  -6.0753641721575198E-014
          22          17   4.3649659797178668E-014
          22          18   9.3340107289006847E-015
          22          19   2.0291657968627395E-023
          22          20   9.3340107289020842E-015
          22          21  -1.0545813522377853E-023
          22          22   8.3108301674342385E-024
          22          23   9.3340107289087453E-015
          22          24   4.7495599601249909E-016
          22          25  -2.2032070615078734E-023
          22          26   4.7495599601894142E-016
          22          27   1.1551210247862533E-023
          22          28  -8.9731802464828920E-024
          22          29   4.7495599588652638E-016
          23           1   2.0406430158619943E-002
          23           2  -1.3446662561934483E-002
          23           3   2.2972518426837982E-002
          23           4   1.1472575530578160E-002
          23           5  -5.0989272685269236E-004
          23           6  -6.0465184534752667E-014
          23           7  -8.2774881958531793E-014
          23           8  -1.9099733118507023E-014
          23           9   1.8298054798811516E-014
          23          10  -2.8694853162363092E-015
          23          11  -8.5859823274659310E-016
          23          12   2.0535180505142660E-014
          23          13  -8.7899726102522997E-015
          23          14  -1.3407250423785270E-015
          23          15   2.9105787813086866E-015
          23          16  -7.1412118768598662E-016
          23          17   3.6841635978593499E-016
          23          18   6.5499723976889706E-004
          23          19   2.2775468657541717E-014
          23          20   6.5499723976880663E-004
          23          21  -1.1640954978520381E-014
          23          22   9.3340107289087453E-015
          23          23   6.5499723976887082E-004
          23          24   4.9167843396897160E-004
          23          25  -2.5515097445256578E-014
          23          26   4.9167843396894645E-004
          23          27   1.3594664023688807E-014
          23          28  -1.0307872119329393E-014
          23          29   4.9167843396888855E-004
          24           1   5.8041200010868054E-003
          24           2  -4.2279776517254999E-003
          24           3   2.0430319541921614E-002
          24           4   9.9759135666612868E-003
          24           5  -4.5544918177329609E-004
          24           6  -4.7916339766116065E-013
          24           7  -3.7585973490207432E-013
          24           8  -5.5061169823825725E-014
          24           9   1.9663915695180748E-014
          24          10   3.3796623256397529E-014
          24          11   1.9612431885450204E-014
          24          12  -3.0208288154713831E-015
          24          13   1.8030165330437083E-014
          24          14   2.0947659613737388E-014
          24          15   1.5685837441638596E-015
          24          16   2.2286214219007758E-015
          24          17   2.5133692650559072E-015
          24          18   4.9167843396907742E-004
          24          19   1.1296799584916353E-015
          24          20   4.9167843396914594E-004
          24          21  -4.0644791988771049E-016
          24          22   4.7495599601249909E-016
          24          23   4.9167843396897160E-004
          24          24   4.3445418879280151E-004
          24          25  -3.1587303511655206E-015
          24          26   4.3445418879250330E-004
          24          27   1.7798865318283090E-015
          24          28  -1.2583415213209385E-015
          24          29   4.3445418879273413E-004
          25           1  -2.7453115271981168E-012
          25           2   3.2348876947916299E-012
          25           3  -5.0088259753912331E-013
          25           4  -3.3872698095376376E-013
          25           5  -3.5803827535393691E-015
          25           6  -2.2616996194402139E-012
          25           7   8.2744233608568911E-012
          25           8  -5.7298592855742128E-012
          25           9  -5.3627025500665307E-013
          25          10   1.7953055507513755E-012
          25          11  -1.3457890056747123E-012
          25          12  -7.7944938421981904E-013
          25          13   2.6509935171164043E-012
          25          14  -1.9592531837848285E-012
          25          15  -6.7870622657311793E-014
          25          16   2.2953877766551485E-013
          25          17  -1.7050239868506187E-013
          25          18  -2.5515097445232509E-014
          25          19  -5.3806914797447666E-023
          25          20  -2.5515097445254827E-014
          25          21   2.7964695288933540E-023
          25          22  -2.2032070615078734E-023
          25          23  -2.5515097445256578E-014
          25          24  -3.1587303511655206E-015
          25          25   5.9812206496922625E-023
          25          26  -3.1587303511860318E-015
          25          27  -3.1351532860870491E-023
          25          28   2.4370453521692370E-023
          25          29  -3.1587303508070109E-015
          26           1   5.8041200011206204E-003
          26           2  -4.2279776517706626E-003
          26           3   2.0430319541913336E-002
          26           4   9.9759135666586569E-003
          26           5  -4.5544918177287450E-004
          26           6  -5.1619371215164374E-013
          26           7  -3.8750313347250097E-013
          26           8  -7.9811617724469656E-014
          26           9   5.9994335871506026E-014
          26          10   4.7183160478624359E-014
          26          11   1.8117566980265836E-014
          26          12   4.3343123241876436E-014
          26          13   3.3457659116630695E-014
          26          14   1.7683521315097769E-014
          26          15   5.9878597987559201E-015
          26          16   3.6975964186035141E-015
          26          17   2.2631679998781013E-015
          26          18   4.9167843396905248E-004
          26          19   1.1296799585172948E-015
          26          20   4.9167843396912101E-004
          26          21  -4.0644791989731438E-016
          26          22   4.7495599601894142E-016
          26          23   4.9167843396894645E-004
          26          24   4.3445418879250330E-004
          26          25  -3.1587303511860318E-015
          26          26   4.3445418879220498E-004
          26          27   1.7798865318437624E-015
          26          28  -1.2583415213174024E-015
          26          29   4.3445418879243581E-004
          27           1   1.4557481701403211E-012
          27           2  -1.6907995086663821E-012
          27           3   2.6432059078432225E-013
          27           4   1.7824126782122272E-013
          27           5   1.6931393752374892E-015
          27           6   1.0995616145685335E-012
          27           7  -4.4026497708304195E-012
          27           8   2.9484691926207644E-012
          27           9   2.7464466087331514E-013
          27          10  -9.5370376397688253E-013
          27          11   6.7518105720198104E-013
          27          12   3.9571045984021599E-013
          27          13  -1.4086833732371650E-012
          27          14   9.8732223841126441E-013
          27          15   3.4564893715369136E-014
          27          16  -1.2195929131578953E-013
          27          17   8.5784961581492166E-014
          27          18   1.3594664023683281E-014
          27          19   2.8219506526405706E-023
          27          20   1.3594664023685676E-014
          27          21  -1.4660280088390728E-023
          27          22   1.1551210247862533E-023
          27          23   1.3594664023688807E-014
          27          24   1.7798865318283090E-015
          27          25  -3.1351532860870491E-023
          27          26   1.7798865318437624E-015
          27          27   1.6443486015973438E-023
          27          28  -1.2763592750447284E-023
          27          29   1.7798865316269353E-015
          28           1  -1.1102115526937258E-012
