           1           1   2.3125146283822655     
           1           2 -0.96143804145778633     
           1           3   5.1876161520412897E-002
           1           4  -1.1613878979669989     
           1           5 -0.36264730079260044     
           1           6  -1.8859505168126454     
           1           7  -9.4546958912858521E-014
           1           8  -1.1402408571138983E-015
           1           9  -1.2265319600822472E-013
           1          10  -2.2342850631694608E-014
           1          11  -2.2898582091429211E-014
           1          12   2.3420539195799452E-014
           1          13   1.4065479258005703E-014
           1          14   1.4902035410453395E-016
           1          15  -8.6048946584398209E-015
           1          16  -1.0212483344957059E-014
           1          17  -2.4614417582842391E-015
           1          18   3.3490754416496837E-015
           1          19  0.36807456360405644     
           1          20  -7.5859840595346221E-015
           1          21  0.36807456360408941     
           1          22   2.5718516521817383E-014
           1          23  -1.1461219642458517E-014
           1          24  0.36807456360398816     
           1          25  0.30067151619412508     
           1          26  -5.5962281050171445E-016
           1          27  0.30067151619413324     
           1          28  -7.9723280109295293E-015
           1          29   1.2106984314282521E-014
           1          30  0.30067151619415988     
           1          31  0.72558869735027276     
           1          32   2.3524099703496854E-015
           1          33  0.72558869735028231     
           1          34   3.5483398093028612E-015
           1          35  -1.4755516525988476E-015
           1          36  0.72558869735027298     
           1          37  0.61614001883045966     
           1          38  -6.0408827614897519E-015
           1          39  0.61614001883045399     
           1          40  -6.1594997505584923E-015
           1          41  -1.2274167880851616E-015
           1          42  0.61614001883046099     
           2           1 -0.96143804145778633     
           2           2   2.9782052461602619     
           2           3 -0.26720433487660233     
           2           4   2.7415414422354392     
           2           5  0.85262312961062803     
           2           6   4.2781854390099268     
           2           7   2.8830395508650348E-013
           2           8  -1.0956516707376024E-015
           2           9   3.6992447800257117E-013
           2          10   5.4492408925008085E-014
           2          11   7.5825710643611689E-014
           2          12  -6.4042455511311345E-014
           2          13  -4.4020366186386320E-014
           2          14   3.1996091858361678E-015
           2          15   3.7376071541356189E-014
           2          16   3.6756093106728547E-014
           2          17   8.5547582987615425E-015
           2          18  -1.9222122062092948E-014
           2          19 -0.90864588068651697     
           2          20   2.5468834422644908E-014
           2          21 -0.90864588068659902     
           2          22  -6.9642768996130221E-014
           2          23   1.0586453092860793E-014
           2          24 -0.90864588068630603     
           2          25 -0.77193420844921157     
           2          26   4.9810535851378583E-015
           2          27 -0.77193420844921623     
           2          28   2.5611036072771930E-014
           2          29  -3.0629086945787009E-014
           2          30 -0.77193420844932814     
           2          31  -1.6897007208256731     
           2          32  -2.4882467669172797E-014
           2          33  -1.6897007208257204     
           2          34  -1.8585456942081022E-014
           2          35  -3.5226677437745804E-015
           2          36  -1.6897007208256598     
           2          37  -1.4024575718013019     
           2          38   2.7515841854477128E-014
           2          39  -1.4024575718012708     
           2          40   2.2853808730359994E-014
           2          41   1.6395085848924553E-015
           2          42  -1.4024575718013259     
           3           1   5.1876161520412897E-002
           3           2 -0.26720433487660233     
           3           3   6.5038552046970812     
           3           4  -10.200285479881451     
           3           5  -3.2732356641126108     
           3           6  -18.370447605798567     
           3           7   1.7757260335124176E-013
           3           8   3.6634407183508900E-014
           3           9   1.1854289469639940E-013
           3          10  -1.5934416791592774E-013
           3          11  -1.1686443594927173E-013
           3          12   1.7006708342902674E-013
           3          13   5.8059153139449443E-014
           3          14  -5.4251244216472109E-014
           3          15  -7.9727254179639665E-014
           3          16  -4.4287469679370963E-014
           3          17  -2.9115969199381091E-015
           3          18   7.9809855814459641E-014
           3          19  0.44881067029720251     
           3          20  -1.0305031832935415E-013
           3          21  0.44881067029819277     
           3          22   1.9765772378665358E-013
           3          23  -2.1369792842101161E-013
           3          24  0.44881067029746702     
           3          25   2.0467183435677576     
           3          26   6.5853365493146065E-015
           3          27   2.0467183435679250     
           3          28  -8.9786232890167860E-014
           3          29   6.4077423890974627E-014
           3          30   2.0467183435678642     
           3          31   6.6603463834587657     
           3          32   1.8604519742709341E-014
           3          33   6.6603463834588776     
           3          34  -1.7419301304094954E-014
           3          35  -5.0738984818662038E-014
           3          36   6.6603463834589149     
           3          37   5.9611832302089063     
           3          38  -3.5692475705321905E-014
           3          39   5.9611832302088423     
           3          40  -1.9545275813659816E-014
           3          41  -5.3840664354401676E-015
           3          42   5.9611832302088539     
           4           1  -1.1613878979669989     
           4           2   2.7415414422354392     
           4           3  -10.200285479881451     
           4           4   20.367795559655789     
           4           5   6.4993209287479674     
           4           6   36.331177811550532     
           4           7   1.5083651774590316E-013
           4           8  -1.5355496120137559E-014
           4           9   3.0799003240743237E-013
           4          10   2.8691916187150306E-013
           4          11   2.4675035317192577E-013
           4          12  -2.6181115266247571E-013
           4          13  -1.1381155971769626E-013
           4          14   7.4518766953748879E-014
           4          15   1.4405116209985793E-013
           4          16   8.5047245049922310E-014
           4          17   1.3972945775135179E-014
           4          18  -1.2986035209266059E-013
           4          19  -1.4808578522176239     
           4          20   1.0961184555750121E-013
           4          21  -1.4808578522174705     
           4          22  -2.9399661188574622E-013
           4          23   4.1904864243895618E-013
           4          24  -1.4808578522163924     
           4          25  -4.0978905837591917     
           4          26   1.0000127017331792E-013
           4          27  -4.0978905837597361     
           4          28  -9.7581074779589223E-014
           4          29  -2.8427510422345827E-013
           4          30  -4.0978905837597619     
           4          31  -13.219058932713109     
           4          32  -3.8955469089648281E-014
           4          33  -13.219058932713185     
           4          34   3.2863122285505376E-014
           4          35   9.0532156875123827E-014
           4          36  -13.219058932713239     
           4          37  -11.791918129601941     
           4          38   7.5341012429956032E-014
           4          39  -11.791918129601882     
           4          40   4.1892697407325235E-014
           4          41   1.7264460702430104E-014
           4          42  -11.791918129601921     
           5           1 -0.36264730079260044     
           5           2  0.85262312961062803     
           5           3  -3.2732356641126108     
           5           4   6.4993209287479674     
           5           5   2.0993401025463170     
           5           6   11.690770791769143     
           5           7  -2.4757906679176030E-014
           5           8   1.6277484584311258E-013
           5           9   1.8247208928977085E-013
           5          10   2.0302700792472629E-013
           5          11   1.0281449214805113E-015
           5          12  -1.7059453285926991E-013
           5          13  -5.4602375857685779E-014
           5          14   2.7597690051957610E-014
           5          15   5.1999248583542445E-014
           5          16   3.8426500188446689E-014
           5          17  -6.1930462099236984E-016
           5          18  -4.4722803560562689E-014
           5          19 -0.47279074749726502     
           5          20   9.1923778528245965E-014
           5          21 -0.47279074749750261     
           5          22  -2.8742949239103120E-014
           5          23   1.8671274615013618E-013
           5          24 -0.47279074749764421     
           5          25  -1.3352908843986384     
           5          26   1.0454196208677874E-013
           5          27  -1.3352908843987499     
           5          28  -1.9976655752997700E-013
           5          29  -1.4272780855255663E-013
           5          30  -1.3352908843987121     
           5          31  -4.2597571323902166     
           5          32  -1.8109700025190337E-014
           5          33  -4.2597571323902681     
           5          34   2.0598078686400414E-014
           5          35   3.0300425949723787E-014
           5          36  -4.2597571323903027     
           5          37  -3.7971048653643846     
           5          38   3.0997028467870158E-014
           5          39  -3.7971048653643544     
           5          40   6.9247104196875752E-015
           5          41   7.0930128456450586E-016
           5          42  -3.7971048653643691     
           6           1  -1.8859505168126454     
           6           2   4.2781854390099268     
           6           3  -18.370447605798567     
           6           4   36.331177811550532     
           6           5   11.690770791769143     
           6           6   65.427899758112488     
           6           7   1.0759053381769498E-013
           6           8  -3.1649809086485388E-013
           6           9   2.6271707097900390E-013
           6          10   4.5700288705825993E-013
           6          11   3.1383506686102259E-013
           6          12  -2.0253270664756653E-013
           6          13  -1.9003424602405905E-013
           6          14   1.1037846184170123E-013
           6          15   1.9337251014462580E-013
           6          16   1.4396113080817630E-013
           6          17   1.5996873735889378E-014
           6          18  -1.9913614481025374E-013
           6          19  -2.4135575309852024     
           6          20   3.1889917222846473E-013
           6          21  -2.4135575309865320     
           6          22  -8.6103892406600274E-013
           6          23   1.2689219464956589E-013
           6          24  -2.4135575309828816     
           6          25  -7.3065260562201857     
           6          26  -3.9450744437771406E-013
           6          27  -7.3065260562210046     
           6          28   1.0241656332603990E-012
           6          29   2.5113739051324043E-014
           6          30  -7.3065260562213608     
           6          31  -23.767329543968224     
           6          32  -2.8560034547112134E-014
           6          33  -23.767329543968415     
           6          34  -2.5932551276525091E-014
           6          35   8.6859428304825759E-014
           6          36  -23.767329543968373     
           6          37  -21.238697814791362     
           6          38   1.1235001384080928E-013
           6          39  -21.238697814791252     
           6          40   1.2013082653353357E-013
           6          41   5.9818575798709552E-014
           6          42  -21.238697814791372     
           7           1  -9.4546958912858521E-014
           7           2   2.8830395508650348E-013
           7           3   1.7757260335124176E-013
           7           4   1.5083651774590316E-013
           7           5  -2.4757906679176030E-014
           7           6   1.0759053381769498E-013
           7           7   2.3680019218760666     
           7           8   2.3731017151364993E-015
           7           9   4.7531423241764301E-015
           7          10 -0.97389754262813844     
           7          11  -4.2604808569999233E-015
           7          12  -4.5241588253476628E-015
           7          13  0.16081455226746183     
           7          14   1.0800388361433644E-014
           7          15   4.2552766865723487E-015
           7          16  -6.5657578993609522E-002
           7          17  -4.6421200217144044E-015
           7          18  -5.5693297196239936E-015
           7          19  -6.1204981316817621E-014
           7          20   3.6210319601924923E-015
           7          21  -8.0263803776593052E-014
           7          22   1.1206560214557789E-014
           7          23  -2.2156577307680402E-014
           7          24  -1.1530936865316721E-013
           7          25  -3.6524097824178819E-014
           7          26   9.7659857926260516E-016
           7          27  -4.8775127557481042E-014
           7          28  -1.0348050635468924E-014
           7          29  -2.1821036913540950E-015
           7          30  -5.1819618415559423E-014
           7          31  -5.8145723305725748E-014
           7          32   8.8227697049055683E-015
           7          33  -3.7583850475086870E-014
           7          34   1.5778966751263694E-014
           7          35  -1.7087883328916380E-014
           7          36  -3.9381969426418463E-014
           7          37  -2.1968598004927904E-014
           7          38  -7.4113687517194310E-015
           7          39  -3.6327632506764459E-014
           7          40  -8.3635754269819144E-016
           7          41   5.5524431191725987E-015
           7          42  -2.8122599751348282E-014
           8           1  -1.1402408571138983E-015
           8           2  -1.0956516707376024E-015
           8           3   3.6634407183508900E-014
           8           4  -1.5355496120137559E-014
           8           5   1.6277484584311258E-013
           8           6  -3.1649809086485388E-013
           8           7   2.3731017151364993E-015
           8           8   2.3680019218760586     
           8           9  -9.1246454836356979E-016
           8          10   1.5404344466665606E-015
           8          11 -0.97389754262812855     
           8          12  -6.6266436782413901E-016
           8          13  -2.5517782331617955E-014
           8          14  0.16081455226745575     
           8          15  -2.1227377494653628E-014
           8          16   1.0378850556769655E-014
           8          17  -6.5657578993606441E-002
           8          18   2.1257084634183580E-014
           8          19  -3.1632118226681223E-014
           8          20   9.7891770403267099E-015
           8          21   1.5750861653720852E-015
           8          22  -1.7749652161510794E-014
           8          23  -5.9276453008622313E-015
           8          24   5.2270262279502801E-014
           8          25   7.5959812007291077E-015
           8          26   9.3675553591838543E-016
           8          27  -7.1941036524792037E-015
           8          28  -2.0594575603308641E-014
           8          29  -4.3133840717083327E-015
           8          30   2.2458181033724052E-014
           8          31   3.1937715371783773E-014
           8          32  -1.6502356802810709E-016
           8          33   2.8071941062829147E-014
           8          34  -1.1617220422692940E-016
           8          35  -6.6677115825630455E-015
           8          36  -4.9376164922075300E-015
           8          37   6.0891134261273045E-014
           8          38   4.9317613759493571E-015
           8          39   6.3581163935333889E-014
           8          40  -5.5445001340199264E-015
           8          41   8.4344057587778972E-015
           8          42   6.4318060547076079E-014
           9           1  -1.2265319600822472E-013
           9           2   3.6992447800257117E-013
           9           3   1.1854289469639940E-013
           9           4   3.0799003240743237E-013
           9           5   1.8247208928977085E-013
           9           6   2.6271707097900390E-013
           9           7   4.7531423241764301E-015
           9           8  -9.1246454836356979E-016
           9           9   2.3680019218760631     
           9          10  -8.0074835651089731E-015
           9          11   6.3941907324494649E-015
           9          12 -0.97389754262812822     
           9          13  -1.6039253258880290E-014
           9          14  -4.6703092781923293E-015
           9          15  0.16081455226743052     
           9          16   1.0088284374543486E-014
           9          17  -2.0224707325564144E-015
           9          18  -6.5657578993584570E-002
           9          19  -1.4975993454243841E-013
           9          20  -6.1391764473485947E-015
           9          21  -1.5336441393573448E-013
           9          22  -8.5304892498309720E-015
           9          23  -3.5946244737340005E-015
           9          24  -9.5050833773099001E-014
           9          25  -8.7513807449442848E-014
           9          26   3.4237343437184944E-015
           9          27  -9.4403613668707955E-014
           9          28  -2.1232420947236266E-014
           9          29  -1.0289626234109684E-014
           9          30  -8.1186200235223790E-014
           9          31  -1.6841549512251874E-013
           9          32   1.5457728004274888E-016
           9          33  -1.6825004508838978E-013
           9          34   3.7988485802423894E-015
           9          35  -2.8498512133578950E-015
           9          36  -1.8350974208341266E-013
           9          37  -1.0909516662346777E-013
           9          38   1.0888495533122334E-014
           9          39  -1.0921306675904025E-013
           9          40  -7.6234059072672270E-015
           9          41   5.1564052986403025E-015
           9          42  -1.0509349508193236E-013
          10           1  -2.2342850631694608E-014
          10           2   5.4492408925008085E-014
          10           3  -1.5934416791592774E-013
          10           4   2.8691916187150306E-013
          10           5   2.0302700792472629E-013
          10           6   4.5700288705825993E-013
          10           7 -0.97389754262813844     
          10           8   1.5404344466665606E-015
          10           9  -8.0074835651089731E-015
          10          10   2.5695600358783275     
          10          11  -1.2767564783157760E-015
          10          12   1.6653345369385649E-015
          10          13 -0.37566753005111786     
          10          14  -1.9872992140797758E-014
          10          15  -3.0080105073443168E-014
          10          16  0.15216999180927568     
          10          17   1.7347234759959192E-016
          10          18   2.8282931552327576E-014
          10          19  -1.0771245668142758E-013
          10          20   5.0873004033536690E-015
          10          21  -5.9754615227874962E-014
          10          22  -5.5292308206807218E-014
          10          23   3.7394865548674267E-014
          10          24   4.1872733302839697E-014
          10          25  -8.8283021746185344E-014
          10          26  -2.4700073890172889E-014
          10          27  -9.5235872279687168E-014
          10          28   2.7225827892011494E-014
          10          29   1.1665450160399109E-014
          10          30  -4.5965653553513808E-014
          10          31  -1.7799106935840370E-013
          10          32  -1.6971976392848316E-014
          10          33  -2.2524183552843945E-013
          10          34  -2.1691019146605085E-014
          10          35   2.2160007441427093E-014
          10          36  -2.4810742326167491E-013
          10          37  -1.9107912234292796E-013
          10          38   3.6800388410720018E-014
          10          39  -1.5190443700932531E-013
          10          40  -8.3443814277154121E-015
          10          41  -4.8475188534171243E-015
          10          42  -1.5385084257787036E-013
          11           1  -2.2898582091429211E-014
          11           2   7.5825710643611689E-014
          11           3  -1.1686443594927173E-013
          11           4   2.4675035317192577E-013
          11           5   1.0281449214805113E-015
          11           6   3.1383506686102259E-013
          11           7  -4.2604808569999233E-015
          11           8 -0.97389754262812855     
          11           9   6.3941907324494649E-015
          11          10  -1.2767564783157760E-015
          11          11   2.5695600358783022     
          11          12  -9.6866958898499738E-015
          11          13   3.2002178684815877E-014
          11          14 -0.37566753005106546     
          11          15   1.7191109646907827E-014
          11          16  -2.4175106361214200E-014
          11          17  0.15216999180924501     
          11          18  -2.0318382393240819E-014
          11          19   5.1902902211324048E-014
          11          20  -8.1079186890443318E-015
          11          21  -1.3309141239984531E-014
          11          22   3.2230539972025032E-014
          11          23  -8.2601351441639678E-015
          11          24  -1.8326302059993892E-013
          11          25  -7.3463452190661705E-014
          11          26  -1.4487858221261881E-014
          11          27  -5.5754213690248087E-014
          11          28   6.5743430455180234E-014
          11          29   2.8096452548283279E-014
          11          30  -8.4051227870059424E-014
          11          31  -1.4359461659701849E-013
          11          32   1.2710031888497125E-014
          11          33  -1.1281680181119320E-013
          11          34   1.6280123051277711E-014
          11          35  -1.8509906761172818E-014
          11          36  -9.6980070417903994E-014
          11          37  -7.5812194697987149E-014
          11          38  -2.5669856415710913E-014
          11          39  -1.0355937019805605E-013
          11          40   6.0427075824591228E-015
          11          41   5.4080559556101465E-015
          11          42  -9.8541397820531181E-014
          12           1   2.3420539195799452E-014
          12           2  -6.4042455511311345E-014
          12           3   1.7006708342902674E-013
          12           4  -2.6181115266247571E-013
          12           5  -1.7059453285926991E-013
          12           6  -2.0253270664756653E-013
          12           7  -4.5241588253476628E-015
          12           8  -6.6266436782413901E-016
          12           9 -0.97389754262812822     
          12          10   1.6653345369385649E-015
          12          11  -9.6866958898499738E-015
          12          12   2.5695600358782973     
          12          13   2.1996293675380682E-014
          12          14   1.8022042191898285E-014
          12          15 -0.37566753005105247     
          12          16  -1.6285583992471657E-014
          12          17  -1.5395670849215849E-015
          12          18  0.15216999180922799     
          12          19   7.7615905476688779E-014
          12          20   3.3618792579777074E-014
          12          21   7.8555170318099849E-014
          12          22   5.1573057674118020E-015
          12          23  -1.0876212602320313E-014
          12          24  -8.3958140335275070E-014
          12          25   6.0287993281997354E-014
          12          26  -2.4141487193021650E-014
          12          27   5.8576520737119452E-014
          12          28   6.6679643028356742E-014
          12          29   5.3330161520965087E-014
          12          30   5.6025644032140860E-014
          12          31   1.4432107086810407E-013
          12          32   9.3325062742558807E-015
          12          33   1.5935304546372243E-013
          12          34   3.3437595459281349E-015
          12          35  -1.5060348462991807E-014
          12          36   1.6043191695621946E-013
          12          37   9.4800445996694375E-014
          12          38  -2.6279545218633273E-014
          12          39   7.5373037176243783E-014
          12          40   1.1027005829920140E-014
          12          41   6.6379010102356231E-015
          12          42   8.1545614466534672E-014
          13           1   1.4065479258005703E-014
          13           2  -4.4020366186386320E-014
          13           3   5.8059153139449443E-014
          13           4  -1.1381155971769626E-013
          13           5  -5.4602375857685779E-014
          13           6  -1.9003424602405905E-013
          13           7  0.16081455226746183     
          13           8  -2.5517782331617955E-014
          13           9  -1.6039253258880290E-014
          13          10 -0.37566753005111786     
          13          11   3.2002178684815877E-014
          13          12   2.1996293675380682E-014
          13          13   5.7658459959614279E-002
          13          14  -1.5612511283576063E-015
          13          15   6.6873590000711932E-016
          13          16  -2.3219055132019141E-002
          13          17   1.5794657248703795E-015
          13          18  -2.0903417885564903E-015
          13          19   4.0468537054087543E-014
          13          20  -1.2681982338652339E-014
          13          21   4.8510712180125556E-014
          13          22   2.3079356381871153E-014
          13          23   1.0960253134126426E-014
          13          24   3.4842288845348367E-016
          13          25   4.2229822651658488E-014
          13          26   3.9740751973132780E-014
          13          27   4.1189298599007972E-014
          13          28  -5.2973046740967280E-014
          13          29  -3.5446709042197415E-014
          13          30   3.7725458830203469E-014
          13          31   7.7788952693759130E-014
          13          32  -4.6885543480919617E-016
          13          33   8.4074029555312982E-014
          13          34   5.9138654830363572E-015
          13          35  -3.0381067377383916E-018
          13          36   8.4940162521047309E-014
          13          37   6.7943077975902029E-014
          13          38  -2.6207504747147626E-015
          13          39   6.3124696792901287E-014
          13          40  -1.1055509484282566E-015
          13          41  -9.2209580516769181E-016
          13          42   6.3962898060650777E-014
          14           1   1.4902035410453395E-016
          14           2   3.1996091858361678E-015
          14           3  -5.4251244216472109E-014
          14           4   7.4518766953748879E-014
          14           5   2.7597690051957610E-014
          14           6   1.1037846184170123E-013
          14           7   1.0800388361433644E-014
          14           8  0.16081455226745575     
          14           9  -4.6703092781923293E-015
          14          10  -1.9872992140797758E-014
          14          11 -0.37566753005106546     
          14          12   1.8022042191898285E-014
          14          13  -1.5612511283576063E-015
          14          14   5.7658459959602629E-002
          14          15  -3.9926829203065469E-015
          14          16   1.8301332671604315E-015
          14          17  -2.3219055132013295E-002
          14          18   3.2437160596198086E-015
          14          19  -2.2813218828816105E-015
          14          20  -3.0663368416649141E-014
          14          21  -3.3124632624932308E-015
          14          22   8.1616540916896553E-014
          14          23   2.8000339321765432E-014
          14          24  -9.7016745014868503E-015
          14          25  -1.1031389110622663E-014
          14          26   1.1863525350240173E-013
          14          27  -1.2708342439386871E-014
          14          28  -3.2383716814497099E-013
          14          29  -1.2296786300348905E-013
          14          30  -7.5000707117730306E-015
          14          31  -3.7942675738820408E-014
          14          32  -9.0113821228428193E-015
          14          33  -4.1810239434496069E-014
          14          34   1.8637911171852588E-014
          14          35   9.7422510326219732E-015
          14          36  -4.5030604390063202E-014
          14          37  -3.8849120629116326E-014
          14          38   7.5657042267332527E-015
          14          39  -3.5739725287485261E-014
          14          40  -1.3309756177184630E-014
          14          41  -5.2986786953824940E-015
          14          42  -3.5889698917868715E-014
          15           1  -8.6048946584398209E-015
          15           2   3.7376071541356189E-014
          15           3  -7.9727254179639665E-014
          15           4   1.4405116209985793E-013
          15           5   5.1999248583542445E-014
          15           6   1.9337251014462580E-013
          15           7   4.2552766865723487E-015
          15           8  -2.1227377494653628E-014
          15           9  0.16081455226743052     
          15          10  -3.0080105073443168E-014
          15          11   1.7191109646907827E-014
          15          12 -0.37566753005105247     
          15          13   6.6873590000711932E-016
          15          14  -3.9926829203065469E-015
          15          15   5.7658459959598896E-002
          15          16   5.7462715142204598E-016
          15          17   1.1374364991275447E-015
          15          18  -2.3219055132010415E-002
          15          19  -5.0526710594822137E-014
          15          20  -3.4040515254345468E-014
          15          21  -2.5119434144052437E-014
          15          22   6.1682559355053617E-014
          15          23   4.3642419893239046E-014
          15          24   9.9308903042968897E-015
          15          25  -3.0266233340787920E-014
          15          26   9.7656197452310572E-014
          15          27  -3.1389788595104562E-014
          15          28  -2.2840385011564213E-013
          15          29  -2.0383641827706493E-013
          15          30  -3.2305600037641931E-014
          15          31  -8.2427865322037743E-014
          15          32  -7.3414357645579551E-015
          15          33  -8.2849855811451776E-014
          15          34   1.4200597625788914E-014
          15          35   1.3773460764224578E-014
          15          36  -8.2310576391866051E-014
          15          37  -6.5970809636124227E-014
          15          38   6.7652091392995281E-015
          15          39  -6.3968798089185780E-014
          15          40  -1.0174576101957777E-014
          15          41  -8.3078016713654057E-015
          15          42  -6.4805600505197114E-014
          16           1  -1.0212483344957059E-014
          16           2   3.6756093106728547E-014
          16           3  -4.4287469679370963E-014
          16           4   8.5047245049922310E-014
          16           5   3.8426500188446689E-014
          16           6   1.4396113080817630E-013
          16           7  -6.5657578993609522E-002
          16           8   1.0378850556769655E-014
          16           9   1.0088284374543486E-014
          16          10  0.15216999180927568     
          16          11  -2.4175106361214200E-014
          16          12  -1.6285583992471657E-014
          16          13  -2.3219055132019141E-002
          16          14   1.8301332671604315E-015
          16          15   5.7462715142204598E-016
          16          16   9.3580018237443482E-003
          16          17  -1.1555426754370810E-015
          16          18   5.2095914387825147E-016
          16          19  -2.6383345247570178E-014
          16          20  -3.3674428666429910E-015
          16          21  -3.9394724604693279E-014
          16          22  -1.1621308376980302E-015
          16          23   5.4483404417004666E-015
          16          24  -1.5120918827515555E-014
          16          25  -3.6125392293566883E-014
          16          26   4.4692387185781274E-015
          16          27  -3.5018488839641680E-014
          16          28  -1.7456120601951449E-014
          16          29  -1.2689272074242615E-014
          16          30  -3.3932725971887896E-014
          16          31  -6.0547594010693479E-014
          16          32  -1.3552665066982101E-015
          16          33  -6.3674396955602232E-014
          16          34  -5.4748896330547583E-017
          16          35   1.9264068072713612E-015
          16          36  -6.3811069439086554E-014
          16          37  -5.0269398250486559E-014
          16          38   1.9959216840997204E-015
          16          39  -4.8093781379465390E-014
          16          40  -1.0798004722848416E-015
          16          41  -7.5279685223460924E-016
          16          42  -4.8519779686798308E-014
          17           1  -2.4614417582842391E-015
          17           2   8.5547582987615425E-015
          17           3  -2.9115969199381091E-015
          17           4   1.3972945775135179E-014
          17           5  -6.1930462099236984E-016
          17           6   1.5996873735889378E-014
          17           7  -4.6421200217144044E-015
          17           8  -6.5657578993606441E-002
          17           9  -2.0224707325564144E-015
          17          10   1.7347234759959192E-016
          17          11  0.15216999180924501     
          17          12  -1.5395670849215849E-015
          17          13   1.5794657248703795E-015
          17          14  -2.3219055132013295E-002
          17          15   1.1374364991275447E-015
          17          16  -1.1555426754370810E-015
          17          17   9.3580018237414894E-003
          17          18  -1.1241550225351728E-015
          17          19  -2.2455719429233745E-015
          17          20   1.2308022792857307E-014
          17          21  -8.2505195445897891E-015
          17          22  -3.1191459309174070E-014
          17          23  -2.2859738750786136E-014
          17          24  -7.6377768369887726E-016
          17          25  -3.0532889960772079E-015
          17          26  -3.7788523865980859E-014
          17          27  -1.9558387995451476E-015
          17          28   1.0303038959591755E-013
          17          29   3.8878523980545467E-014
          17          30  -4.4006254988911194E-015
          17          31  -7.0204579037379346E-015
          17          32   3.1219085385824017E-015
          17          33  -5.7050374806580431E-015
          17          34  -5.9901111412113547E-015
          17          35  -3.9418116848840332E-015
          17          36  -4.1241423022120650E-015
          17          37  -3.7386288794766909E-015
          17          38  -2.7316771307666166E-015
          17          39  -4.9553011045186967E-015
          17          40   4.3605103964934591E-015
          17          41   1.9116665551722695E-015
          17          42  -4.9618968341394547E-015
          18           1   3.3490754416496837E-015
          18           2  -1.9222122062092948E-014
          18           3   7.9809855814459641E-014
          18           4  -1.2986035209266059E-013
          18           5  -4.4722803560562689E-014
          18           6  -1.9913614481025374E-013
          18           7  -5.5693297196239936E-015
          18           8   2.1257084634183580E-014
          18           9  -6.5657578993584570E-002
          18          10   2.8282931552327576E-014
          18          11  -2.0318382393240819E-014
          18          12  0.15216999180922799     
          18          13  -2.0903417885564903E-015
          18          14   3.2437160596198086E-015
          18          15  -2.3219055132010415E-002
          18          16   5.2095914387825147E-016
          18          17  -1.1241550225351728E-015
          18          18   9.3580018237397235E-003
          18          19   2.8074352229230142E-014
          18          20   7.0652744079207533E-015
          18          21   2.7808443298124890E-014
          18          22  -1.0484314727958004E-014
          18          23   2.7389105683334509E-015
          18          24  -3.5211322415624259E-015
          18          25   3.0780582054409628E-014
          18          26  -2.2754785805753671E-014
          18          27   3.0549309120984484E-014
          18          28   5.4870754638429347E-014
          18          29   5.3144468048513145E-014
          18          30   3.2715225509181271E-014
          18          31   7.9714799629538072E-014
          18          32   1.7899372321297006E-015
          18          33   8.0417876077834422E-014
          18          34  -3.0965147047078030E-015
          18          35  -3.0802333070381986E-015
          18          36   7.9187037897629108E-014
          18          37   6.6292536377934297E-014
          18          38  -2.0893464997605008E-015
          18          39   6.5299045323128734E-014
          18          40   2.5761149500145816E-015
          18          41   2.0295676406585860E-015
          18          42   6.5976514619036668E-014
          19           1  0.36807456360405644     
          19           2 -0.90864588068651697     
          19           3  0.44881067029720251     
          19           4  -1.4808578522176239     
          19           5 -0.47279074749726502     
          19           6  -2.4135575309852024     
          19           7  -6.1204981316817621E-014
          19           8  -3.1632118226681223E-014
          19           9  -1.4975993454243841E-013
          19          10  -1.0771245668142758E-013
          19          11   5.1902902211324048E-014
          19          12   7.7615905476688779E-014
          19          13   4.0468537054087543E-014
          19          14  -2.2813218828816105E-015
          19          15  -5.0526710594822137E-014
          19          16  -2.6383345247570178E-014
          19          17  -2.2455719429233745E-015
          19          18   2.8074352229230142E-014
          19          19   2.5685676568618105     
          19          20  -2.6255619821653945E-013
          19          21 -0.73208321928993270     
          19          22  -6.1426583995870086E-014
          19          23   5.8468516087098869E-014
          19          24 -0.73208321929013298     
          19          25   8.8998624281221225E-002
          19          26   5.9953675098906724E-014
          19          27  0.55710486476626508     
          19          28  -2.7097172594468584E-013
