           1           1   2.2572744027390472     
           1           2 -0.83913229126817079     
           1           3  0.29200317002842424     
           1           4  -1.4169660050454573E-002
           1           5  -1.5090088963103321E-002
           1           6   8.1723321852252812E-002
           1           7  -4.3910777484957551E-010
           1           8   7.2670029178598348E-010
           1           9  -1.0763915599771667E-009
           1          10  -1.6080330746951356E-009
           1          11  -3.0053939705885309E-009
           1          12   1.3770366301097358E-009
           1          13   2.8668091261219093E-009
           1          14   1.7455079251360194E-009
           1          15  -9.5057580616591569E-010
           1          16   3.7904005063002797E-009
           1          17   2.7276282401912996E-009
           1          18  -3.1700613907442908E-009
           1          19   5.6108990316898763E-003
           1          20  -6.4357427020763462E-010
           1          21   5.6108988973065446E-003
           1          22   1.6520117873965461E-009
           1          23  -9.3896829393499531E-010
           1          24   5.6108991733688088E-003
           1          25  -1.3338232724414966E-002
           1          26  -2.1046128726001054E-010
           1          27  -1.3338232914474854E-002
           1          28   3.2421990887457596E-010
           1          29  -1.5739567153857485E-010
           1          30  -1.3338232946337070E-002
           1          31  -3.0098089137569034E-002
           1          32  -1.5489598664969991E-010
           1          33  -3.0098089421678811E-002
           1          34  -8.0981555312980122E-011
           1          35   4.9591522141894084E-011
           1          36  -3.0098089244611662E-002
           1          37  -2.6201389423247352E-002
           1          38   6.5983189642740171E-011
           1          39  -2.6201389218434394E-002
           1          40  -4.0469554086890462E-012
           1          41  -1.6244807122113284E-011
           1          42  -2.6201389260487082E-002
           2           1 -0.83913229126817079     
           2           2   2.7286115012751067     
           2           3  -1.1718784298440923     
           2           4  0.21117405067896244     
           2           5   9.8283279328944317E-002
           2           6  -3.0923981935071600E-002
           2           7   2.7649592751644891E-009
           2           8   6.7818484511920345E-010
           2           9   3.3821589787633793E-009
           2          10   5.5654619303841378E-010
           2          11   1.4225111183965392E-009
           2          12  -4.5536055248165994E-009
           2          13  -6.6537109435495671E-009
           2          14  -2.9997674060973488E-009
           2          15   7.8353674230750874E-010
           2          16  -8.8880116655572353E-009
           2          17  -5.4141843485964968E-009
           2          18   7.7238865821790129E-009
           2          19  -1.6914563219629516E-002
           2          20   1.1180138987395626E-009
           2          21  -1.6914563954004778E-002
           2          22  -1.2774852990107239E-009
           2          23   1.5477947214485349E-009
           2          24  -1.6914564384431188E-002
           2          25  -5.7542756130373679E-003
           2          26   3.4433125721966545E-010
           2          27  -5.7542753747881255E-003
           2          28   2.4703749708165834E-010
           2          29   2.7649435339135036E-011
           2          30  -5.7542750492203670E-003
           2          31  -1.0375274810406467E-003
           2          32   4.8699247018662046E-010
           2          33  -1.0375265924340129E-003
           2          34   3.1545521757225879E-010
           2          35  -1.6921483128669882E-010
           2          36  -1.0375271754137147E-003
           2          37   7.6886538943684336E-003
           2          38  -2.1574557103165937E-010
           2          39   7.6886532363976213E-003
           2          40   2.3891753347942970E-011
           2          41   4.5937142349843073E-011
           2          42   7.6886533804991167E-003
           3           1  0.29200317002842424     
           3           2  -1.1718784298440923     
           3           3   2.7840922529065617     
           3           4 -0.65377083977783146     
           3           5 -0.33116018700811301     
           3           6  0.22289737646766633     
           3           7   7.1561190330253063E-009
           3           8   1.3866673655721670E-008
           3           9  -2.8701298483809902E-010
           3          10  -2.5692121344777851E-008
           3          11  -4.0655599455794819E-008
           3          12   2.7765702472642913E-009
           3          13   3.5612098460984076E-008
           3          14   1.9589894512616807E-008
           3          15  -9.3445737594821592E-009
           3          16   4.7395390597072618E-008
           3          17   3.1315919180150115E-008
           3          18  -3.3925027549120422E-008
           3          19   3.6500685074373186E-002
           3          20  -1.0756108703491412E-008
           3          21   3.6500675645792006E-002
           3          22   4.2905349606167887E-008
           3          23  -1.7642115609678315E-008
           3          24   3.6500687050557687E-002
           3          25  -2.7744614713535790E-002
           3          26  -3.4741683347513585E-009
           3          27  -2.7744619159731327E-002
           3          28   1.2066970008450944E-008
           3          29  -4.2301522245704342E-009
           3          30  -2.7744616578165640E-002
           3          31  -5.1678270251955975E-002
           3          32  -1.8370183337625244E-009
           3          33  -5.1678273765615200E-002
           3          34  -6.9211089630926577E-010
           3          35   5.5949355511949184E-010
           3          36  -5.1678271624713272E-002
           3          37  -6.4683525919607049E-002
           3          38   7.6116407251060009E-010
           3          39  -6.4683523555772365E-002
           3          40   5.5892605789980037E-011
           3          41  -2.2081975069848746E-010
           3          42  -6.4683524013333354E-002
           4           1  -1.4169660050454573E-002
           4           2  0.21117405067896244     
           4           3 -0.65377083977783146     
           4           4  0.74986924687994660     
           4           5  0.38947529562677019     
           4           6 -0.58793778493451287     
           4           7   5.6904528850723047E-008
           4           8   3.6025137115108198E-008
           4           9  -5.9221096315525982E-008
           4          10  -1.6850413195821408E-007
           4          11  -1.2781178746194602E-007
           4          12   1.9904204099618269E-007
           4          13   3.5515792488403923E-007
           4          14   3.6052096705051770E-007
           4          15  -3.1804494179022524E-007
           4          16   4.2812218084836535E-007
           4          17   4.3120626212597535E-007
           4          18  -3.6615081146386665E-007
           4          19  -1.0759742571856334E-002
           4          20  -1.6842520524529758E-008
           4          21  -1.0759772822579014E-002
           4          22   4.4417253307848147E-008
           4          23  -2.7259850027154846E-008
           4          24  -1.0759749721803493E-002
           4          25   9.2562555840702609E-002
           4          26  -4.9197009498984241E-009
           4          27   9.2562547949911145E-002
           4          28   1.6259477927007681E-008
           4          29  -1.0397491180366519E-008
           4          30   9.2562555394866269E-002
           4          31  0.16860580668776645     
           4          32   1.5595136820283025E-009
           4          33  0.16860581067668287     
           4          34   2.7725533176840173E-009
           4          35  -1.8943033403441687E-009
           4          36  0.16860580929858215     
           4          37  0.18070649165364733     
           4          38  -9.8938628369484189E-010
           4          39  0.18070648829697408     
           4          40   5.8574491227610247E-011
           4          41   2.4381392674550161E-010
           4          42  0.18070648873045148     
           5           1  -1.5090088963103321E-002
           5           2   9.8283279328944317E-002
           5           3 -0.33116018700811301     
           5           4  0.38947529562677019     
           5           5  0.20248421814346604     
           5           6 -0.30764661698041801     
           5           7   9.9224650313589535E-008
           5           8   1.4667185079568134E-008
           5           9  -6.0686878731235497E-008
           5          10  -3.0546393211496869E-007
           5          11  -7.5271461074960210E-008
           5          12   1.9953711379332561E-007
           5          13   6.0372635789093619E-007
           5          14   3.7058994257566952E-007
           5          15  -3.2818261559518721E-007
           5          16   7.3582046334046375E-007
           5          17   4.4703993477437286E-007
           5          18  -3.8999384297629883E-007
           5          19  -5.4989570588040108E-003
           5          20   1.9057530651760456E-008
           5          21  -5.4990169836814920E-003
           5          22  -2.4943555329399473E-009
           5          23   1.8231740411439439E-008
           5          24  -5.4989803226355646E-003
           5          25   4.8391718938427503E-002
           5          26   6.3920565838089670E-009
           5          27   4.8391700481115553E-002
           5          28   2.4452878748680131E-010
           5          29   4.9966423767070607E-009
           5          30   4.8391712356808739E-002
           5          31   8.8333941906629021E-002
           5          32   1.3641282457457663E-009
           5          33   8.8333942771179480E-002
           5          34   9.9549854473136126E-010
           5          35  -4.0066625321582176E-010
           5          36   8.8333942734185378E-002
           5          37   9.4521751706320253E-002
           5          38  -4.6052326521051276E-010
           5          39   9.4521749816965303E-002
           5          40  -1.2348034934687122E-011
           5          41   1.8397125319930574E-010
           5          42   9.4521750058106951E-002
           6           1   8.1723321852252812E-002
           6           2  -3.0923981935071600E-002
           6           3  0.22289737646766633     
           6           4 -0.58793778493451287     
           6           5 -0.30764661698041801     
           6           6  0.50905863348875657     
           6           7  -4.2861149931456136E-007
           6           8  -3.5549268855373442E-007
           6           9   3.0658698825618519E-007
           6          10   1.3089036173936482E-006
           6          11   1.0994291453811110E-006
           6          12  -9.7313353665478034E-007
           6          13  -2.2661476587839168E-006
           6          14  -1.9000117827743522E-006
           6          15   1.6476955232077917E-006
           6          16  -2.7722925556473046E-006
           6          17  -2.3219270346326220E-006
           6          18   2.0014937659858146E-006
           6          19   5.0531805307719134E-003
           6          20   1.1824831603934756E-007
           6          21   5.0534419764612934E-003
           6          22  -4.6658353879526802E-007
           6          23   1.9657378151169043E-007
           6          24   5.0532880141572522E-003
           6          25  -8.0450742160136340E-002
           6          26   3.7691444957226096E-008
           6          27  -8.0450659546450420E-002
           6          28  -1.5107493724250961E-007
           6          29   6.4382837103287362E-008
           6          30  -8.0450709276297522E-002
           6          31 -0.14807472779598294     
           6          32   1.0949807990726852E-009
           6          33 -0.14807472642806072     
           6          34  -9.2741230234452371E-009
           6          35   4.6398746018873046E-009
           6          36 -0.14807472884775769     
           6          37 -0.15660931919465518     
           6          38   9.5110102991319462E-010
           6          39 -0.15660931557239932     
           6          40  -8.6786878150993246E-010
           6          41   1.3794924627912232E-010
           6          42 -0.15660931593387856     
           7           1  -4.3910777484957551E-010
           7           2   2.7649592751644891E-009
           7           3   7.1561190330253063E-009
           7           4   5.6904528850723047E-008
           7           5   9.9224650313589535E-008
           7           6  -4.2861149931456136E-007
           7           7   2.3440064351079588     
           7           8  -1.2354116536917303E-009
           7           9  -1.1669644418460564E-009
           7          10 -0.90860577567137868     
           7          11   3.5905391090213687E-009
           7          12   2.8441096584624170E-009
           7          13   2.8191041139919840E-002
           7          14  -1.3913733297734264E-008
           7          15  -1.4297131227779710E-008
           7          16   6.5750216260683739E-002
           7          17   1.3676552233957376E-008
           7          18   1.4783161079851650E-008
           7          19   1.6274997983962307E-009
           7          20   6.6133123816699040E-009
           7          21  -1.5198540593632084E-009
           7          22  -6.8159717263632657E-009
           7          23   9.4569188188745200E-009
           7          24   1.4585828670236825E-009
           7          25   4.1718782655864048E-009
           7          26   3.3687477851037970E-009
           7          27  -3.0795184430039045E-009
           7          28  -1.2633842644146040E-009
           7          29   8.3502073942590376E-009
           7          30   6.4853237376520509E-009
           7          31   2.8938170993201785E-008
           7          32  -1.3728085033876687E-008
           7          33   2.6900593298554100E-008
           7          34  -8.3199014088801175E-009
           7          35  -1.1989315499085870E-008
           7          36   2.5502500589459320E-008
           7          37   9.9144068801084215E-008
           7          38   1.6569103016367351E-008
           7          39   1.2329951553622198E-007
           7          40  -5.8392237159771428E-009
           7          41   8.2672514859869397E-009
           7          42   1.1988704169283675E-007
           8           1   7.2670029178598348E-010
           8           2   6.7818484511920345E-010
           8           3   1.3866673655721670E-008
           8           4   3.6025137115108198E-008
           8           5   1.4667185079568134E-008
           8           6  -3.5549268855373442E-007
           8           7  -1.2354116536917303E-009
           8           8   2.3440064309758304     
           8           9   2.1771121697200194E-010
           8          10   4.9371013209743182E-009
           8          11 -0.90860576576512564     
           8          12  -2.6847958119231066E-009
           8          13  -1.2702986132804058E-008
           8          14   2.8191029160457723E-002
           8          15  -6.3333673454290827E-009
           8          16  -1.1962553953712218E-008
           8          17   6.5750214228935247E-002
           8          18   3.1020336305973537E-008
           8          19  -5.4085745302256402E-009
           8          20   8.7966240673048821E-010
           8          21  -2.8004278039006857E-010
           8          22   2.2055006614245584E-009
           8          23   3.6863632805597533E-009
           8          24   9.9795219433679914E-009
           8          25   1.2553816354607485E-008
           8          26   3.9002685089318422E-009
           8          27  -1.6916642767697801E-009
           8          28  -3.6370044748417231E-009
           8          29   7.7485078331140043E-009
           8          30   1.7660085178749404E-008
           8          31   4.5820112279915436E-008
           8          32  -1.5710055482677567E-008
           8          33   3.8417639188188573E-008
           8          34  -9.7577616763395745E-009
           8          35  -1.4208996879955717E-008
           8          36   4.7274551033259203E-008
           8          37   9.1079625416752024E-008
           8          38   2.2041497892004307E-008
           8          39   1.0971874378371242E-007
           8          40  -2.8633035782489162E-009
           8          41   2.3389217702260373E-009
           8          42   1.1285536421862935E-007
           9           1  -1.0763915599771667E-009
           9           2   3.3821589787633793E-009
           9           3  -2.8701298483809902E-010
           9           4  -5.9221096315525982E-008
           9           5  -6.0686878731235497E-008
           9           6   3.0658698825618519E-007
           9           7  -1.1669644418460564E-009
           9           8   2.1771121697200194E-010
           9           9   2.3440064362630002     
           9          10   2.3886500815239516E-009
           9          11  -1.1349663209247187E-009
           9          12 -0.90860578151395521     
           9          13   6.5282044694379036E-009
           9          14   1.2908482842931915E-008
           9          15   2.8191068489827796E-002
           9          16  -1.1404707279278968E-008
           9          17  -1.5472105181374799E-008
           9          18   6.5750206515885701E-002
           9          19  -2.6410913916793258E-009
           9          20  -2.7318374890721376E-009
           9          21   4.4069319905706171E-011
           9          22  -5.8372305698302484E-009
           9          23  -2.7170948859542359E-009
           9          24  -5.3136841194410438E-009
           9          25   2.3616316217059591E-009
           9          26   9.3477290933516393E-010
           9          27  -3.2927431957085474E-009
           9          28  -2.5481087609718761E-009
           9          29  -3.5590112566986683E-009
           9          30  -2.1646259245366318E-009
           9          31  -2.3208463844580030E-008
           9          32   8.3882706842738778E-009
           9          33  -1.0776676589444802E-008
           9          34   7.3676734732512624E-009
           9          35   8.1905766245717221E-009
           9          36  -1.4106602708243782E-008
           9          37  -6.9636130514233514E-008
           9          38  -1.5337886493015297E-008
           9          39  -9.5278525122388082E-008
           9          40   4.7996027529808296E-009
           9          41  -2.9684234406631780E-009
           9          42  -8.6860231102096272E-008
          10           1  -1.6080330746951356E-009
          10           2   5.5654619303841378E-010
          10           3  -2.5692121344777851E-008
          10           4  -1.6850413195821408E-007
          10           5  -3.0546393211496869E-007
          10           6   1.3089036173936482E-006
          10           7 -0.90860577567137868     
          10           8   4.9371013209743182E-009
          10           9   2.3886500815239516E-009
          10          10   2.4053926601607829     
          10          11  -1.4690369920803399E-008
          10          12  -5.5113990990717043E-009
          10          13 -0.12290309626176008     
          10          14   4.9483992294288884E-008
          10          15   3.6391829878357471E-008
          10          16 -0.19208449679799550     
          10          17  -3.5479004259612803E-008
          10          18  -4.7508639816926729E-008
          10          19  -4.2933741401568387E-009
          10          20  -2.0315749860749515E-008
          10          21   6.2327288236800913E-009
          10          22   1.7436200457535142E-008
          10          23  -2.8749080055794163E-008
          10          24  -5.7465137468375179E-009
          10          25  -1.2391611342229444E-008
          10          26  -9.4133015026990968E-009
          10          27   5.3174411285724708E-009
          10          28   6.4120778164937661E-009
          10          29  -2.5030132858342897E-008
          10          30  -1.9862275988665003E-008
          10          31  -9.0571809773332393E-008
          10          32   4.1220103038859639E-008
          10          33  -8.2292917617378252E-008
          10          34   2.5108358081119532E-008
          10          35   3.5172684958766319E-008
          10          36  -7.6261410881871401E-008
          10          37  -3.0055671733845572E-007
          10          38  -5.0988827956089963E-008
          10          39  -3.7985411345490359E-007
          10          40   1.8186364910501237E-008
          10          41  -2.5052462650250590E-008
          10          42  -3.6490017027631970E-007
          11           1  -3.0053939705885309E-009
          11           2   1.4225111183965392E-009
          11           3  -4.0655599455794819E-008
          11           4  -1.2781178746194602E-007
          11           5  -7.5271461074960210E-008
          11           6   1.0994291453811110E-006
          11           7   3.5905391090213687E-009
          11           8 -0.90860576576512564     
          11           9  -1.1349663209247187E-009
          11          10  -1.4690369920803399E-008
          11          11   2.4053926370059777     
          11          12   8.4259281697497245E-009
          11          13   4.1531504404631515E-008
          11          14 -0.12290306803866612     
          11          15   1.6601535884234604E-008
          11          16   2.8653811021396627E-008
          11          17 -0.19208449607500608     
          11          18  -8.6387808694126134E-008
          11          19   1.6125562728040545E-008
          11          20  -5.6412682203803606E-009
          11          21   3.2064361117586710E-009
          11          22  -8.8800323162621387E-009
          11          23  -1.4035714332032009E-008
          11          24  -2.7317340301672639E-008
          11          25  -3.1518003045288326E-008
          11          26  -9.9128133208996107E-009
          11          27   3.4615445649343922E-009
          11          28   7.3985022167291339E-009
          11          29  -2.1253038772196942E-008
          11          30  -4.5762220900082376E-008
          11          31  -1.3167828618453328E-007
          11          32   4.6454956952799920E-008
          11          33  -1.0537838948580849E-007
          11          34   2.9509935571253006E-008
          11          35   4.2140255475841296E-008
          11          36  -1.3074044198013796E-007
          11          37  -2.7554495932060031E-007
          11          38  -6.6553716934947652E-008
          11          39  -3.3971724330152714E-007
          11          40   1.1200018958768240E-008
          11          41  -8.4568349132188718E-009
          11          42  -3.4308131458421506E-007
          12           1   1.3770366301097358E-009
          12           2  -4.5536055248165994E-009
          12           3   2.7765702472642913E-009
          12           4   1.9904204099618269E-007
          12           5   1.9953711379332561E-007
          12           6  -9.7313353665478034E-007
          12           7   2.8441096584624170E-009
          12           8  -2.6847958119231066E-009
          12           9 -0.90860578151395521     
          12          10  -5.5113990990717043E-009
          12          11   8.4259281697497245E-009
          12          12   2.4053926843386253     
          12          13  -1.9339101707136484E-008
          12          14  -3.8879969113168421E-008
          12          15 -0.12290318922861315     
          12          16   3.6741795366638863E-008
          12          17   4.8460969291712919E-008
          12          18 -0.19208447092312605     
          12          19   4.5986870030328410E-009
          12          20   8.6721958134514831E-009
          12          21  -3.3329818384751316E-009
          12          22   1.7412990626799198E-008
          12          23   8.5454581676458645E-009
          12          24   1.4441337697527959E-008
          12          25  -1.1273674162242870E-008
          12          26  -1.2320377485628584E-009
          12          27   5.1520286477638847E-009
          12          28   8.4759377136799751E-009
          12          29   1.1421716871990780E-008
          12          30   5.8967412724034987E-009
          12          31   6.9065681819719455E-008
          12          32  -2.7761460210777208E-008
          12          33   3.1097885748648990E-008
          12          34  -2.2587845459304016E-008
          12          35  -2.6317207250687428E-008
          12          36   4.0663200062758129E-008
          12          37   2.2130408139106837E-007
          12          38   4.7991822308202328E-008
          12          39   2.9855607732355574E-007
          12          40  -1.6201696393762199E-008
          12          41   9.8403459600036057E-009
          12          42   2.7556932855611400E-007
          13           1   2.8668091261219093E-009
          13           2  -6.6537109435495671E-009
          13           3   3.5612098460984076E-008
          13           4   3.5515792488403923E-007
          13           5   6.0372635789093619E-007
          13           6  -2.2661476587839168E-006
          13           7   2.8191041139919840E-002
          13           8  -1.2702986132804058E-008
          13           9   6.5282044694379036E-009
          13          10 -0.12290309626176008     
          13          11   4.1531504404631515E-008
          13          12  -1.9339101707136484E-008
          13          13  0.26123794271941569     
          13          14  -1.2746324589215950E-007
          13          15  -1.5594716659770917E-009
          13          16  0.31957779534938746     
          13          17   1.9563092359596092E-009
          13          18   9.5973911123674425E-008
          13          19   1.5022764542491091E-008
          13          20   4.1879153100495463E-008
          13          21  -2.0981595205159224E-008
          13          22  -2.4647508030922697E-008
          13          23   5.0195851822155653E-008
          13          24   1.3345926179359750E-008
          13          25  -3.3297451816352964E-009
          13          26   1.2500625599183087E-008
          13          27   4.5065168472042620E-009
          13          28  -1.0408870147774781E-008
          13          29   3.5868988520843171E-008
          13          30   1.1490466976840308E-010
          13          31   1.3444564154682486E-007
          13          32  -6.1063030994267985E-008
          13          33   1.0208989991388363E-007
          13          34  -4.0252951489615031E-008
          13          35  -4.6981600619929287E-008
          13          36   8.5699729517617959E-008
          13          37   5.0836930588944570E-007
          13          38   8.2089016683063429E-008
          13          39   6.6362382758329804E-007
          13          40  -3.6027485333549320E-008
          13          41   3.7727462276359712E-008
          13          42   6.1164518293806347E-007
          14           1   1.7455079251360194E-009
          14           2  -2.9997674060973488E-009
          14           3   1.9589894512616807E-008
          14           4   3.6052096705051770E-007
          14           5   3.7058994257566952E-007
          14           6  -1.9000117827743522E-006
          14           7  -1.3913733297734264E-008
          14           8   2.8191029160457723E-002
          14           9   1.2908482842931915E-008
          14          10   4.9483992294288884E-008
          14          11 -0.12290306803866612     
          14          12  -3.8879969113168421E-008
          14          13  -1.2746324589215950E-007
          14          14  0.26123793685685309     
          14          15   3.4406626040289246E-008
          14          16  -4.5693157106406573E-008
          14          17  0.31957779421443966     
          14          18   1.2996583823884236E-007
          14          19  -1.3627478456866431E-008
          14          20   2.5421229483593566E-008
          14          21  -1.1023930121650355E-008
          14          22   3.1948394110536730E-008
          14          23   3.1642771140349724E-008
          14          24   3.4782949343737830E-008
          14          25  -7.7624517008854790E-009
          14          26   5.0852274708317805E-009
          14          27   3.7842891491092478E-009
          14          28   1.3646752809810763E-008
          14          29   3.0638152234924590E-008
          14          30   1.4498634686043029E-008
          14          31   1.4915936358512291E-007
          14          32  -6.1698252559359080E-008
          14          33   7.7783480472023877E-008
          14          34  -4.2906644600638283E-008
          14          35  -5.8896582403515604E-008
          14          36   9.4758001242667658E-008
          14          37   4.3163848870024212E-007
          14          38   1.0263091395730963E-007
          14          39   5.7897504601486637E-007
          14          40  -3.6552494728408882E-008
          14          41   2.0651658740365174E-008
          14          42   5.4895011920001885E-007
          15           1  -9.5057580616591569E-010
          15           2   7.8353674230750874E-010
          15           3  -9.3445737594821592E-009
          15           4  -3.1804494179022524E-007
          15           5  -3.2818261559518721E-007
          15           6   1.6476955232077917E-006
          15           7  -1.4297131227779710E-008
          15           8  -6.3333673454290827E-009
          15           9   2.8191068489827796E-002
          15          10   3.6391829878357471E-008
          15          11   1.6601535884234604E-008
          15          12 -0.12290318922861315     
          15          13  -1.5594716659770917E-009
          15          14   3.4406626040289246E-008
          15          15  0.26123820717698099     
          15          16  -9.6746644274283488E-008
          15          17  -1.1871475497072818E-007
          15          18  0.31957784097678971     
          15          19   9.6129479025817148E-009
          15          20  -9.0291833220359309E-009
          15          21   1.5426630810494210E-008
          15          22  -4.4903835168267224E-008
          15          23  -1.0164497411664604E-008
          15          24  -3.4585343856663343E-008
          15          25   6.7528324705208924E-009
          15          26  -2.4082797237467562E-010
          15          27  -6.2864218255862618E-010
          15          28  -1.6888169468931147E-008
          15          29  -2.2082223524404299E-008
          15          30  -1.5797508636322598E-008
          15          31  -1.2449464046690817E-007
          15          32   5.3615315336926603E-008
          15          33  -6.9949930866530585E-008
          15          34   3.7227422273811184E-008
          15          35   4.8178753239705488E-008
          15          36  -7.9854162274655171E-008
          15          37  -3.7495039472501029E-007
          15          38  -8.5448737476349398E-008
          15          39  -4.9696711378912691E-007
          15          40   3.1461592925988074E-008
          15          41  -1.9676547708082512E-008
          15          42  -4.7570219049827307E-007
          16           1   3.7904005063002797E-009
          16           2  -8.8880116655572353E-009
          16           3   4.7395390597072618E-008
          16           4   4.2812218084836535E-007
          16           5   7.3582046334046375E-007
          16           6  -2.7722925556473046E-006
          16           7   6.5750216260683739E-002
          16           8  -1.1962553953712218E-008
          16           9  -1.1404707279278968E-008
          16          10 -0.19208449679799550     
          16          11   2.8653811021396627E-008
          16          12   3.6741795366638863E-008
          16          13  0.31957779534938746     
          16          14  -4.5693157106406573E-008
          16          15  -9.6746644274283488E-008
          16          16  0.39180605626904325     
          16          17   1.3717398034817338E-007
          16          18   1.9279152679263553E-009
          16          19   8.3421903839227628E-009
          16          20   3.5392355542730188E-008
          16          21  -2.6200237762588321E-008
          16          22   1.5368469894212394E-008
          16          23   4.0843110019268741E-008
          16          24   2.7085706511536310E-008
          16          25  -7.9646712703537939E-009
          16          26   1.0280437652983966E-008
          16          27   4.2917597034523218E-009
          16          28   1.8574862550610876E-009
          16          29   3.7416509494106514E-008
          16          30   3.0289164652401787E-009
          16          31   1.6332410693673173E-007
          16          32  -7.5184502582893797E-008
          16          33   1.2409091585422484E-007
          16          34  -4.8642010598442525E-008
          16          35  -5.8048803381694592E-008
          16          36   1.0423477126670910E-007
          16          37   6.2155027599577304E-007
          16          38   1.0063322410452157E-007
          16          39   8.1164636951175979E-007
          16          40  -4.4024423418411635E-008
          16          41   4.6257399199506746E-008
          16          42   7.4823652159479481E-007
          17           1   2.7276282401912996E-009
          17           2  -5.4141843485964968E-009
          17           3   3.1315919180150115E-008
          17           4   4.3120626212597535E-007
          17           5   4.4703993477437286E-007
          17           6  -2.3219270346326220E-006
          17           7   1.3676552233957376E-008
          17           8   6.5750214228935247E-002
          17           9  -1.5472105181374799E-008
          17          10  -3.5479004259612803E-008
          17          11 -0.19208449607500608     
          17          12   4.8460969291712919E-008
          17          13   1.9563092359596092E-009
          17          14  0.31957779421443966     
          17          15  -1.1871475497072818E-007
          17          16   1.3717398034817338E-007
          17          17  0.39180606334286211     
          17          18  -3.6958571502317113E-008
          17          19  -7.4346051866865619E-009
          17          20   2.4144493128053805E-008
          17          21  -1.0705214044511529E-008
          17          22   3.8005624819445033E-008
          17          23   3.6925584203512016E-008
          17          24   3.0906404414788311E-008
          17          25  -7.1087907650747029E-009
          17          26   4.1145550354691808E-009
          17          27   4.1686608033631371E-009
          17          28   1.6127935686950433E-008
          17          29   3.7002823962850724E-008
          17          30   1.3375370667164380E-008
          17          31   1.8185121085677412E-007
          17          32  -7.6033037395183769E-008
          17          33   9.4519183642568699E-008
          17          34  -5.2706047702680448E-008
          17          35  -7.2463706152649881E-008
          17          36   1.1533599720453472E-007
          17          37   5.2734154306921693E-007
          17          38   1.2589153535219747E-007
          17          39   7.0752025571034586E-007
          17          40  -4.4622173856323601E-008
          17          41   2.5244485210431403E-008
          17          42   6.7106562669469582E-007
          18           1  -3.1700613907442908E-009
          18           2   7.7238865821790129E-009
          18           3  -3.3925027549120422E-008
          18           4  -3.6615081146386665E-007
          18           5  -3.8999384297629883E-007
          18           6   2.0014937659858146E-006
          18           7   1.4783161079851650E-008
          18           8   3.1020336305973537E-008
          18           9   6.5750206515885701E-002
          18          10  -4.7508639816926729E-008
          18          11  -8.6387808694126134E-008
          18          12 -0.19208447092312605     
          18          13   9.5973911123674425E-008
          18          14   1.2996583823884236E-007
          18          15  0.31957784097678971     
          18          16   1.9279152679263553E-009
          18          17  -3.6958571502317113E-008
          18          18  0.39180577165648461     
          18          19   3.0942513799332541E-009
          18          20  -3.4878432732890257E-008
          18          21   3.9808652038269886E-009
          18          22   1.3021601720145295E-008
          18          23  -5.0953349876578504E-008
          18          24  -2.0031325603244501E-008
          18          25   8.7243532406992492E-009
          18          26  -7.8686874564278945E-009
          18          27  -2.5505266654089492E-009
          18          28   1.1019985319028177E-009
          18          29  -3.9359954972743815E-008
          18          30  -9.1352180106467215E-009
          18          31  -1.4746731196075583E-007
          18          32   6.5279202716606513E-008
          18          33  -8.0590668810277657E-008
          18          34   4.6807259817967180E-008
          18          35   5.8374781174970727E-008
          18          36  -9.2250435470493039E-008
          18          37  -4.5398762887210415E-007
          18          38  -1.0473751333407768E-007
          18          39  -6.0365444549846773E-007
          18          40   3.8642099534371280E-008
          18          41  -2.4155558635274683E-008
          18          42  -5.7733172215845408E-007
          19           1   5.6108990316898763E-003
          19           2  -1.6914563219629516E-002
          19           3   3.6500685074373186E-002
          19           4  -1.0759742571856334E-002
          19           5  -5.4989570588040108E-003
          19           6   5.0531805307719134E-003
          19           7   1.6274997983962307E-009
          19           8  -5.4085745302256402E-009
          19           9  -2.6410913916793258E-009
          19          10  -4.2933741401568387E-009
          19          11   1.6125562728040545E-008
          19          12   4.5986870030328410E-009
          19          13   1.5022764542491091E-008
          19          14  -1.3627478456866431E-008
          19          15   9.6129479025817148E-009
          19          16   8.3421903839227628E-009
          19          17  -7.4346051866865619E-009
          19          18   3.0942513799332541E-009
          19          19   1.4361809521490465     
          19          20  -1.0544573347658753E-009
          19          21 -0.71735366354013608     
          19          22   7.7672090316986197E-009
          19          23  -4.2442509545502060E-009
          19          24 -0.71735366426147651     
          19          25  0.46343168578198513     
          19          26  -3.9005926652308531E-009
          19          27 -0.23274147510558230     
          19          28  -1.1064193748695716E-010
