           1           1   2.3471414831396946     
           1           2   1.2477158375157724     
           1           3  -3.9052782873583020E-002
           1           4 -0.26748579099481939     
           1           5  -7.3357304509867030E-015
           1           6   5.7923385314740182E-015
           1           7   4.5495173157062004E-014
           1           8  -2.3921516482353147E-015
           1           9   3.0613634479980934E-015
           1          10   2.8158022775787612E-014
           1          11 -0.16978525036725450     
           1          12  -2.0368283598736728E-004
           1          13 -0.16837990822631629     
           1          14  -4.3541563804036483E-003
           1          15  -5.3174562473516640E-004
           1          16 -0.17808178389809540     
           1          17  0.13313910849638810     
           1          18  -9.4982471507591617E-005
           1          19  0.13378461377406869     
           1          20  -2.0306309847211326E-003
           1          21  -2.4798500232110050E-004
           1          22  0.12932764554875545     
           2           1   1.2477158375157724     
           2           2   4.4975785314592915     
           2           3 -0.29242987181927216     
           2           4  -1.3977843185696108     
           2           5  -6.5025679464923559E-014
           2           6   1.7301665908872886E-014
           2           7   2.3346443426139053E-013
           2           8   2.3870471930852284E-014
           2           9   2.2769741048866478E-015
           2          10   1.1255291627892942E-013
           2          11 -0.44892928095999879     
           2          12  -5.5893524092219332E-004
           2          13 -0.44506864357248260     
           2          14  -1.1947976278594461E-002
           2          15  -1.4591390381994507E-003
           2          16 -0.47171904496096773     
           2          17  0.63944409576420602     
           2          18  -2.2399155570449085E-004
           2          19  0.64096444580285994     
           2          20  -4.7888166059073620E-003
           2          21  -5.8481877611039304E-004
           2          22  0.63046662235604123     
           3           1  -3.9052782873583020E-002
           3           2 -0.29242987181927216     
           3           3  0.17232967015200173     
           3           4  0.15921186575794757     
           3           5   2.6353005618154590E-014
           3           6  -5.0751416315874575E-015
           3           7  -5.9404728633818485E-014
           3           8  -9.5694008241053500E-015
           3           9   8.5271090248077373E-016
           3          10  -5.2633439956490709E-015
           3          11   6.6369288484597319E-002
           3          12  -2.4755198828023184E-004
           3          13   6.8079073440396903E-002
           3          14  -5.2917592472547775E-003
           3          15  -6.4625257529984210E-004
           3          16   5.6276203723603375E-002
           3          17  -5.7068112776478719E-002
           3          18  -9.9981604953172860E-005
           3          19  -5.6389437376778956E-002
           3          20  -2.1375494269622913E-003
           3          21  -2.6104136990487431E-004
           3          22  -6.1075595103639038E-002
           4           1 -0.26748579099481939     
           4           2  -1.3977843185696108     
           4           3  0.15921186575794757     
           4           4  0.47289941394186197     
           4           5   3.0752712572719384E-014
           4           6  -6.9854141603990130E-015
           4           7  -9.3506317106410013E-014
           4           8  -1.1504169398191126E-014
           4           9  -6.4532555113648978E-017
           4          10  -3.4515721274067736E-014
           4          11  0.15136924846936067     
           4          12   4.6632541346501240E-005
           4          13  0.15104709156060411     
           4          14   9.9682532361549856E-004
           4          15   1.2173677843182772E-004
           4          16  0.15327095043370659     
           4          17 -0.20870533488633802     
           4          18   1.8161350735753518E-005
           4          19 -0.20882857377719560     
           4          20   3.8828137933428786E-004
           4          21   4.7417581224476118E-005
           4          22 -0.20797761848068477     
           5           1  -7.3357304509867030E-015
           5           2  -6.5025679464923559E-014
           5           3   2.6353005618154590E-014
           5           4   3.0752712572719384E-014
           5           5  0.13865222752742809     
           5           6   1.6933664968059321E-002
           5           7  0.36185401729348693     
           5           8   1.0747245422872351E-002
           5           9   1.3125663868936463E-003
           5          10   2.8048117224341505E-002
           5          11   1.1435176672118737E-014
           5          12  -8.1855880540992935E-017
           5          13   1.1770717833820995E-014
           5          14  -6.8936788382478972E-016
           5          15  -7.0028689787697885E-017
           5          16   1.0209953064072946E-014
           5          17  -1.1697354906807295E-014
           5          18  -6.0029906065977298E-018
           5          19  -1.1638970741931400E-014
           5          20  -3.1597371586501902E-016
           5          21   8.3016344937650205E-018
           5          22  -1.2243988650329771E-014
           6           1   5.7923385314740182E-015
           6           2   1.7301665908872886E-014
           6           3  -5.0751416315874575E-015
           6           4  -6.9854141603990130E-015
           6           5   1.6933664968059321E-002
           6           6   2.0681168587338779E-003
           6           7   4.4193409694641299E-002
           6           8   1.3125663868936272E-003
           6           9   1.6030438053796353E-004
           6          10   3.4255303973958671E-003
           6          11  -2.7729089591081388E-015
           6          12  -7.8790766237360715E-019
           6          13  -2.7955356831495292E-015
           6          14   1.1266602462412793E-016
           6          15   1.5488620798935216E-017
           6          16  -2.5470687465546512E-015
           6          17   2.8051805200247263E-015
           6          18   2.9796588929371619E-018
           6          19   2.7871088596727141E-015
           6          20   4.0787683279889798E-017
           6          21   1.0707630559750190E-017
           6          22   2.8872350693541817E-015
           7           1   4.5495173157062004E-014
           7           2   2.3346443426139053E-013
           7           3  -5.9404728633818485E-014
           7           4  -9.3506317106410013E-014
           7           5  0.36185401729348693     
           7           6   4.4193409694641299E-002
           7           7  0.94436513690725243     
           7           8   2.8048117224341695E-002
           7           9   3.4255303973959408E-003
           7          10   7.3199861813535494E-002
           7          11  -3.3237837923367013E-014
           7          12  -7.3738338923867773E-017
           7          13  -3.3328340560059806E-014
           7          14   1.1912014481577018E-015
           7          15   1.8242917619528206E-016
           7          16  -3.0731843395153808E-014
           7          17   3.8218615398163838E-014
           7          18   4.0685948462259679E-017
           7          19   3.7988473804238910E-014
           7          20   3.8015832146306162E-016
           7          21   1.6879609751366511E-016
           7          22   3.9050696024634141E-014
           8           1  -2.3921516482353147E-015
           8           2   2.3870471930852284E-014
           8           3  -9.5694008241053500E-015
           8           4  -1.1504169398191126E-014
           8           5   1.0747245422872351E-002
           8           6   1.3125663868936272E-003
           8           7   2.8048117224341695E-002
           8           8   8.3304311974794561E-004
           8           9   1.0173996729312052E-004
           8          10   2.1740725326598932E-003
           8          11  -4.0274651509941304E-015
           8          12   8.1209574273041997E-018
           8          13  -4.1013665639060515E-015
           8          14   2.5579163875793383E-016
           8          15   3.2335945765054490E-017
           8          16  -3.5326525559943886E-015
           8          17   4.4032269220909682E-015
           8          18   5.3942266694472858E-018
           8          19   4.3679768659590649E-015
           8          20   1.0078155015578137E-016
           8          21   1.5942089396864041E-017
           8          22   4.5957248714287450E-015
           9           1   3.0613634479980934E-015
           9           2   2.2769741048866478E-015
           9           3   8.5271090248077373E-016
           9           4  -6.4532555113648978E-017
           9           5   1.3125663868936463E-003
           9           6   1.6030438053796353E-004
           9           7   3.4255303973959408E-003
           9           8   1.0173996729312052E-004
           9           9   1.2425552410704919E-005
           9          10   2.6552055124423189E-004
           9          11  -1.0237741360912759E-016
           9          12  -2.6280362398940626E-018
           9          13  -8.6401533419226472E-017
           9          14  -4.6139299786853425E-017
           9          15  -5.5006854645288290E-018
           9          16  -1.8953281680386780E-016
           9          17   1.4820716010600958E-016
           9          18  -8.0318126926377983E-019
           9          19   1.5382598254866218E-016
           9          20  -1.8947812136184374E-017
           9          21  -1.8700617088949758E-018
           9          22   1.1311763006283813E-016
          10           1   2.8158022775787612E-014
          10           2   1.1255291627892942E-013
          10           3  -5.2633439956490709E-015
          10           4  -3.4515721274067736E-014
          10           5   2.8048117224341505E-002
          10           6   3.4255303973958671E-003
          10           7   7.3199861813535494E-002
          10           8   2.1740725326598932E-003
          10           9   2.6552055124423189E-004
          10          10   5.6738856191457772E-003
          10          11  -1.0457582216454676E-014
          10          12  -2.7509370041161238E-017
          10          13  -1.0314069810783721E-014
          10          14  -3.7353781901375633E-016
          10          15  -4.2753637766470813E-017
          10          16  -1.1151919040558073E-014
          10          17   1.5971263978171067E-014
          10          18  -5.6216391048751397E-018
          10          19   1.6012990325697293E-014
          10          20  -1.5814400875624407E-016
          10          21  -9.8276177796709817E-018
          10          22   1.5684036361117353E-014
          11           1 -0.16978525036725450     
          11           2 -0.44892928095999879     
          11           3   6.6369288484597319E-002
          11           4  0.15136924846936067     
          11           5   1.1435176672118737E-014
          11           6  -2.7729089591081388E-015
          11           7  -3.3237837923367013E-014
          11           8  -4.0274651509941304E-015
          11           9  -1.0237741360912759E-016
          11          10  -1.0457582216454676E-014
          11          11   5.6626584448084175E-002
          11          12  -1.2513910646996750E-005
          11          13   5.6713002907448663E-002
          11          14  -2.6750315132024436E-004
          11          15  -3.2668620373872315E-005
          11          16   5.6116439751027307E-002
          11          17  -6.5786159638411792E-002
          11          18  -5.1617668087368502E-006
          11          19  -6.5751115086170264E-002
          11          20  -1.1035527974192373E-004
          11          21  -1.3476790650747584E-005
          11          22  -6.5993091459593312E-002
          12           1  -2.0368283598736728E-004
          12           2  -5.5893524092219332E-004
          12           3  -2.4755198828023184E-004
          12           4   4.6632541346501240E-005
          12           5  -8.1855880540992935E-017
          12           6  -7.8790766237360715E-019
          12           7  -7.3738338923867773E-017
          12           8   8.1209574273041997E-018
          12           9  -2.6280362398940626E-018
          12          10  -2.7509370041161238E-017
          12          11  -1.2513910646996750E-005
          12          12   5.9704456778844977E-007
          12          13  -1.6637672499840893E-005
          12          14   1.2762624484093313E-005
          12          15   1.5586272365221722E-006
          12          16   1.1829148881153768E-005
          12          17  -5.0630962508383909E-005
          12          18   2.4015528956004745E-007
          12          19  -5.2261078394399289E-005
          12          20   5.1343855564427950E-006
          12          21   6.2702031887959014E-007
          12          22  -4.1005346661931940E-005
          13           1 -0.16837990822631629     
          13           2 -0.44506864357248260     
          13           3   6.8079073440396903E-002
          13           4  0.15104709156060411     
          13           5   1.1770717833820995E-014
          13           6  -2.7955356831495292E-015
          13           7  -3.3328340560059806E-014
          13           8  -4.1013665639060515E-015
          13           9  -8.6401533419226472E-017
          13          10  -1.0314069810783721E-014
          13          11   5.6713002907448663E-002
          13          12  -1.6637672499840893E-005
          13          13   5.6827904019669050E-002
          13          14  -3.5565406446957855E-004
          13          15  -4.3433993466698896E-005
          13          16   5.6034721704261631E-002
          13          17  -6.5436426189792396E-002
          13          18  -6.8204895700136781E-006
          13          19  -6.5390122630755124E-002
          13          20  -1.4581784322815846E-004
          13          21  -1.7807542133148108E-005
          13          22  -6.5709840937464709E-002
          14           1  -4.3541563804036483E-003
          14           2  -1.1947976278594461E-002
          14           3  -5.2917592472547775E-003
          14           4   9.9682532361549856E-004
          14           5  -6.8936788382478972E-016
          14           6   1.1266602462412793E-016
          14           7   1.1912014481577018E-015
          14           8   2.5579163875793383E-016
          14           9  -4.6139299786853425E-017
          14          10  -3.7353781901375633E-016
          14          11  -2.6750315132024436E-004
          14          12   1.2762624484093313E-005
          14          13  -3.5565406446957855E-004
          14          14   2.7281813205616708E-004
          14          15   3.3317737410799726E-005
          14          16   2.5286223428261026E-004
          14          17  -1.0823013654299035E-003
          14          18   5.1336420189638896E-006
          14          19  -1.1171472830657139E-003
          14          20   1.0975439050605971E-004
          14          21   1.3403401863308022E-005
          14          22  -8.7654089170313178E-004
          15           1  -5.3174562473516640E-004
          15           2  -1.4591390381994507E-003
          15           3  -6.4625257529984210E-004
          15           4   1.2173677843182772E-004
          15           5  -7.0028689787697885E-017
          15           6   1.5488620798935216E-017
          15           7   1.8242917619528206E-016
          15           8   3.2335945765054490E-017
          15           9  -5.5006854645288290E-018
          15          10  -4.2753637766470813E-017
          15          11  -3.2668620373872315E-005
          15          12   1.5586272365221722E-006
          15          13  -4.3433993466698896E-005
          15          14   3.3317737410799726E-005
          15          15   4.0689070693761727E-006
          15          16   3.0880664826984869E-005
          15          17  -1.3217540584469864E-004
          15          18   6.2694266301756296E-007
          15          19  -1.3643094066875607E-004
          15          20   1.3403682922996030E-005
          15          21   1.6368816576419375E-006
          15          22  -1.0704704301819162E-004
          16           1 -0.17808178389809540     
          16           2 -0.47171904496096773     
          16           3   5.6276203723603375E-002
          16           4  0.15327095043370659     
          16           5   1.0209953064072946E-014
          16           6  -2.5470687465546512E-015
          16           7  -3.0731843395153808E-014
          16           8  -3.5326525559943886E-015
          16           9  -1.8953281680386780E-016
          16          10  -1.1151919040558073E-014
          16          11   5.6116439751027307E-002
          16          12   1.1829148881153768E-005
          16          13   5.6034721704261631E-002
          16          14   2.5286223428261026E-004
          16          15   3.0880664826984869E-005
          16          16   5.6598824957986821E-002
          16          17  -6.7850666351832942E-002
          16          18   4.6298804689239793E-006
          16          19  -6.7882085121041907E-002
          16          20   9.8984654140581003E-005
          16          21   1.2088175326845625E-005
          16          22  -6.7665141165629564E-002
          17           1  0.13313910849638810     
          17           2  0.63944409576420602     
          17           3  -5.7068112776478719E-002
          17           4 -0.20870533488633802     
          17           5  -1.1697354906807295E-014
          17           6   2.8051805200247263E-015
          17           7   3.8218615398163838E-014
          17           8   4.4032269220909682E-015
          17           9   1.4820716010600958E-016
          17          10   1.5971263978171067E-014
          17          11  -6.5786159638411792E-002
          17          12  -5.0630962508383909E-005
          17          13  -6.5436426189792396E-002
          17          14  -1.0823013654299035E-003
          17          15  -1.3217540584469864E-004
          17          16  -6.7850666351832942E-002
          17          17   9.3654031994356762E-002
          17          18  -2.0124280064047548E-005
          17          19   9.3790616161355603E-002
          17          20  -4.3024659368195333E-004
          17          21  -5.2542467735739483E-005
          17          22   9.2847517846692970E-002
          18           1  -9.4982471507591617E-005
          18           2  -2.2399155570449085E-004
          18           3  -9.9981604953172860E-005
          18           4   1.8161350735753518E-005
          18           5  -6.0029906065977298E-018
          18           6   2.9796588929371619E-018
          18           7   4.0685948462259679E-017
          18           8   5.3942266694472858E-018
          18           9  -8.0318126926377983E-019
          18          10  -5.6216391048751397E-018
          18          11  -5.1617668087368502E-006
          18          12   2.4015528956004745E-007
          18          13  -6.8204895700136781E-006
          18          14   5.1336420189638896E-006
          18          15   6.2694266301756296E-007
          18          16   4.6298804689239793E-006
          18          17  -2.0124280064047548E-005
          18          18   9.6773738472238079E-008
          18          19  -2.0781167213558920E-005
          18          20   2.0689677701079363E-006
          18          21   2.5266604275751516E-007
          18          22  -1.6245451597035416E-005
          19           1  0.13378461377406869     
          19           2  0.64096444580285994     
          19           3  -5.6389437376778956E-002
          19           4 -0.20882857377719560     
          19           5  -1.1638970741931400E-014
          19           6   2.7871088596727141E-015
          19           7   3.7988473804238910E-014
          19           8   4.3679768659590649E-015
          19           9   1.5382598254866218E-016
          19          10   1.6012990325697293E-014
          19          11  -6.5751115086170264E-002
          19          12  -5.2261078394399289E-005
          19          13  -6.5390122630755124E-002
          19          14  -1.1171472830657139E-003
          19          15  -1.3643094066875607E-004
          19          16  -6.7882085121041907E-002
          19          17   9.3790616161355603E-002
          19          18  -2.0781167213558920E-005
          19          19   9.3931659190800224E-002
          19          20  -4.4429046921276756E-004
          19          21  -5.4257530922232474E-005
          19          22   9.2957773043008840E-002
          20           1  -2.0306309847211326E-003
          20           2  -4.7888166059073620E-003
          20           3  -2.1375494269622913E-003
          20           4   3.8828137933428786E-004
          20           5  -3.1597371586501902E-016
          20           6   4.0787683279889798E-017
          20           7   3.8015832146306162E-016
          20           8   1.0078155015578137E-016
          20           9  -1.8947812136184374E-017
          20          10  -1.5814400875624407E-016
          20          11  -1.1035527974192373E-004
          20          12   5.1343855564427950E-006
          20          13  -1.4581784322815846E-004
          20          14   1.0975439050605971E-004
          20          15   1.3403682922996030E-005
          20          16   9.8984654140581003E-005
          20          17  -4.3024659368195333E-004
          20          18   2.0689677701079363E-006
          20          19  -4.4429046921276756E-004
          20          20   4.4233360222404553E-005
          20          21   5.4018570258428318E-006
          20          22  -3.4731943604005911E-004
          21           1  -2.4798500232110050E-004
          21           2  -5.8481877611039304E-004
          21           3  -2.6104136990487431E-004
          21           4   4.7417581224476118E-005
          21           5   8.3016344937650205E-018
          21           6   1.0707630559750190E-017
          21           7   1.6879609751366511E-016
          21           8   1.5942089396864041E-017
          21           9  -1.8700617088949758E-018
          21          10  -9.8276177796709817E-018
          21          11  -1.3476790650747584E-005
          21          12   6.2702031887959014E-007
          21          13  -1.7807542133148108E-005
          21          14   1.3403401863308022E-005
          21          15   1.6368816576419375E-006
          21          16   1.2088175326845625E-005
          21          17  -5.2542467735739483E-005
          21          18   2.5266604275751516E-007
          21          19  -5.4257530922232474E-005
          21          20   5.4018570258428318E-006
          21          21   6.5968443683578296E-007
          21          22  -4.2415254993188436E-005
          22           1  0.12932764554875545     
          22           2  0.63046662235604123     
          22           3  -6.1075595103639038E-002
          22           4 -0.20797761848068477     
          22           5  -1.2243988650329771E-014
          22           6   2.8872350693541817E-015
          22           7   3.9050696024634141E-014
          22           8   4.5957248714287450E-015
          22           9   1.1311763006283813E-016
          22          10   1.5684036361117353E-014
          22          11  -6.5993091459593312E-002
          22          12  -4.1005346661931940E-005
          22          13  -6.5709840937464709E-002
          22          14  -8.7654089170313178E-004
          22          15  -1.0704704301819162E-004
          22          16  -6.7665141165629564E-002
          22          17   9.2847517846692970E-002
          22          18  -1.6245451597035416E-005
          22          19   9.2957773043008840E-002
          22          20  -3.4731943604005911E-004
          22          21  -4.2415254993188436E-005
          22          22   9.2196472656810524E-002
