           1           1   2.1191165560839846     
           1           2  0.26781710990019242     
           1           3  0.23993641770042398     
           1           4   3.3348481654046587E-002
           1           5   2.8472572780182648E-015
           1           6  -2.4071036255608156E-016
           1           7   1.9533861558520304E-015
           1           8   1.2893294031987470E-014
           1           9  -6.9085789542252472E-015
           1          10   1.1576969245438932E-014
           1          11   1.4000730671010042E-002
           1          12  -4.4014088876624061E-004
           1          13   1.3741642563589873E-002
           1          14  -1.3334877499265895E-004
           1          15   9.5520024426738390E-005
           1          16   1.3493664026434295E-002
           1          17  -1.2831222997496195E-002
           1          18  -1.8315127150915645E-003
           1          19  -1.3909339211727260E-002
           1          20  -5.5489039643179337E-004
           1          21   3.9747750669280103E-004
           1          22  -1.4941225907301930E-002
           2           1  0.26781710990019242     
           2           2  0.77739500483579405     
           2           3  0.50132139873523185     
           2           4  -9.7282274994808682E-002
           2           5  -2.6261700406644370E-014
           2           6   1.8110586333029454E-014
           2           7   2.5758723245220301E-015
           2           8   9.0381432227196532E-015
           2           9  -5.9631469959688589E-015
           2          10  -4.3225516986827140E-015
           2          11   4.8078009852851281E-002
           2          12  -3.3529489907055329E-003
           2          13   4.6104302702965450E-002
           2          14  -1.0158375516332654E-003
           2          15   7.2766193951709964E-004
           2          16   4.4215227103811316E-002
           2          17   4.2974202836414357E-002
           2          18  -4.9563750168939123E-003
           2          19   4.0056642629300213E-002
           2          20  -1.5016248131947568E-003
           2          21   1.0756396214909440E-003
           2          22   3.7264186952016116E-002
           3           1  0.23993641770042398     
           3           2  0.50132139873523185     
           3           3  0.32737144778187299     
           3           4  -5.9802890778920689E-002
           3           5  -1.3201530958016179E-014
           3           6   9.5545400062617200E-015
           3           7  -4.6228556470395773E-016
           3           8   4.3962077114949215E-015
           3           9  -3.0742035117085381E-015
           3          10  -1.2238111458357597E-015
           3          11   3.0079077678625492E-002
           3          12  -6.1082959061086774E-004
           3          13   2.9719514036926964E-002
           3          14  -1.8506205459862960E-004
           3          15   1.3256313656167824E-004
           3          16   2.9375368314786588E-002
           3          17   2.6134294271588396E-002
           3          18  -1.9658711614464327E-003
           3          19   2.4977088492790959E-002
           3          20  -5.9559672349005638E-004
           3          21   4.2663612395595204E-004
           3          22   2.3869503817787130E-002
           4           1   3.3348481654046587E-002
           4           2  -9.7282274994808682E-002
           4           3  -5.9802890778920689E-002
           4           4   1.4655573358470486E-002
           4           5   5.4854272960677911E-014
           4           6  -3.8950110367775978E-014
           4           7  -1.1938923533821014E-014
           4           8  -3.6176092962889433E-014
           4           9   2.5796447547958244E-014
           4          10   8.9417233510689174E-015
           4          11  -6.4274875302386143E-003
           4          12   1.0346182653280026E-003
           4          13  -5.8184614031811998E-003
           4          14   3.1345662909054305E-004
           4          15  -2.2453438436497304E-004
           4          16  -5.2355499983183420E-003
           4          17  -6.5457388584616825E-003
           4          18   1.0949138709877755E-003
           4          19  -5.9012198741993935E-003
           4          20   3.3172427588123863E-004
           4          21  -2.3761980274348323E-004
           4          22  -5.2843376468690358E-003
           5           1   2.8472572780182648E-015
           5           2  -2.6261700406644370E-014
           5           3  -1.3201530958016179E-014
           5           4   5.4854272960677911E-014
           5           5  0.28593497051801192     
           5           6 -0.20482014396025136     
           5           7  -6.2054028426153214E-002
           5           8 -0.19890701844645622     
           5           9  0.14248052100406411     
           5          10   4.3167092890401264E-002
           5          11   2.9891385110000750E-015
           5          12  -4.4957270580497764E-015
           5          13  -2.1824959521881418E-015
           5          14   3.1907466061901212E-015
           5          15  -5.0754343712878280E-016
           5          16  -6.5368458433569223E-015
           5          17  -3.4600202142790657E-015
           5          18  -9.5115356815331874E-015
           5          19  -4.0988739858540054E-015
           5          20  -1.6812425325839749E-015
           5          21  -7.4495070594697099E-015
           5          22  -2.9982456929574602E-014
           6           1  -2.4071036255608156E-016
           6           2   1.8110586333029454E-014
           6           3   9.5545400062617200E-015
           6           4  -3.8950110367775978E-014
           6           5 -0.20482014396025136     
           6           6  0.14671619667890692     
           6           7   4.4450369300867286E-002
           6           8  0.14248052303326494     
           6           9 -0.10206125109746136     
           6          10  -3.0921332092188340E-002
           6          11  -2.4121140579365837E-015
           6          12   3.6279805355117287E-015
           6          13   1.5323579016240858E-015
           6          14  -2.1620926462132672E-015
           6          15   2.7510115264857713E-016
           6          16   4.8811062979550091E-015
           6          17   2.2367957670456957E-015
           6          18   7.1458981210246340E-015
           6          19   2.8902146744388833E-015
           6          20   1.3050767213510534E-015
           6          21   5.2640242406756885E-015
           6          22   2.1618472207024135E-014
           7           1   1.9533861558520304E-015
           7           2   2.5758723245220301E-015
           7           3  -4.6228556470395773E-016
           7           4  -1.1938923533821014E-014
           7           5  -6.2054028426153214E-002
           7           6   4.4450369300867286E-002
           7           7   1.3467056642067023E-002
           7           8   4.3167094093026485E-002
           7           9  -3.0921332513269346E-002
           7          10  -9.3681860754650740E-003
           7          11  -2.1928186210884129E-016
           7          12  -1.6963918767532915E-016
           7          13   2.2889012258698852E-016
           7          14  -1.0394527980780282E-015
           7          15   3.5870436665551764E-016
           7          16   5.2860244801629398E-016
           7          17   1.0308282325127458E-015
           7          18   1.1536432702990238E-015
           7          19   6.3347117208872481E-016
           7          20   8.8993554640048802E-017
           7          21   1.8143149892799550E-015
           7          22   5.7377458778677734E-015
           8           1   1.2893294031987470E-014
           8           2   9.0381432227196532E-015
           8           3   4.3962077114949215E-015
           8           4  -3.6176092962889433E-014
           8           5 -0.19890701844645622     
           8           6  0.14248052303326494     
           8           7   4.3167094093026485E-002
           8           8  0.13836713262313824     
           8           9  -9.9114758744876311E-002
           8          10  -3.0028638072061419E-002
           8          11  -2.9737019769827615E-015
           8          12   3.6830856905867031E-015
           8          13   9.5098579735617849E-016
           8          14  -2.0512455736963935E-015
           8          15   2.3246936061110809E-016
           8          16   4.2931138348562926E-015
           8          17   1.4290506320731524E-015
           8          18   7.0996320665503895E-015
           8          19   2.1578096933865837E-015
           8          20   1.3158848772132277E-015
           8          21   5.0773216742148017E-015
           8          22   2.0435550178581501E-014
           9           1  -6.9085789542252472E-015
           9           2  -5.9631469959688589E-015
           9           3  -3.0742035117085381E-015
           9           4   2.5796447547958244E-014
           9           5  0.14248052100406411     
           9           6 -0.10206125109746136     
           9           7  -3.0921332513269346E-002
           9           8  -9.9114758744876311E-002
           9           9   7.0997607703639568E-002
           9          10   2.1510030319525978E-002
           9          11   2.3018826793108067E-015
           9          12  -2.9037214400636886E-015
           9          13  -6.6570348484720071E-016
           9          14   1.3889153822748350E-015
           9          15  -1.0891046581388288E-016
           9          16  -3.2092915320010319E-015
           9          17  -9.1040507842125487E-016
           9          18  -5.3007858016650383E-015
           9          19  -1.5591031652806594E-015
           9          20  -1.0077889216274439E-015
           9          21  -3.5902705045241092E-015
           9          22  -1.4773006936465122E-014
          10           1   1.1576969245438932E-014
          10           2  -4.3225516986827140E-015
          10           3  -1.2238111458357597E-015
          10           4   8.9417233510689174E-015
          10           5   4.3167092890401264E-002
          10           6  -3.0921332092188340E-002
          10           7  -9.3681860754650740E-003
          10           8  -3.0028638072061419E-002
          10           9   2.1510030319525978E-002
          10          10   6.5168590789462383E-003
          10          11   1.2272975959147543E-016
          10          12  -1.4892840478523339E-016
          10          13  -3.4616659549503293E-016
          10          14   6.4220898120105288E-016
          10          15  -1.9159732562575806E-016
          10          16  -7.0505117913836517E-016
          10          17  -9.2310546345084339E-016
          10          18  -1.0081597789099897E-015
          10          19  -7.6774023622486461E-016
          10          20  -1.2421042719536166E-016
          10          21  -1.2174762123873654E-015
          10          22  -4.4343243294972580E-015
          11           1   1.4000730671010042E-002
          11           2   4.8078009852851281E-002
          11           3   3.0079077678625492E-002
          11           4  -6.4274875302386143E-003
          11           5   2.9891385110000750E-015
          11           6  -2.4121140579365837E-015
          11           7  -2.1928186210884129E-016
          11           8  -2.9737019769827615E-015
          11           9   2.3018826793108067E-015
          11          10   1.2272975959147543E-016
          11          11   3.3663152386059448E-003
          11          12  -9.0946855132517169E-004
          11          13   2.8309582526892612E-003
          11          14  -2.7554022207211748E-004
          11          15   1.9737420887142257E-004
          11          16   2.3185570930159168E-003
          11          17   2.9966540034671169E-003
          11          18  -8.7568731910711356E-004
          11          19   2.4811822668524470E-003
          11          20  -2.6530556947170473E-004
          11          21   1.9004294555188041E-004
          11          22   1.9878137413747508E-003
          12           1  -4.4014088876624061E-004
          12           2  -3.3529489907055329E-003
          12           3  -6.1082959061086774E-004
          12           4   1.0346182653280026E-003
          12           5  -4.4957270580497764E-015
          12           6   3.6279805355117287E-015
          12           7  -1.6963918767532915E-016
          12           8   3.6830856905867031E-015
          12           9  -2.9037214400636886E-015
          12          10  -1.4892840478523339E-016
          12          11  -9.0946855132517169E-004
          12          12   1.2825672308287499E-003
          12          13  -1.5448770584299346E-004
          12          14   3.8857732838497251E-004
          12          15  -2.7834463611528407E-004
          12          16   5.6811996036410070E-004
          12          17  -7.4460999356523911E-004
          12          18   1.0484633976956355E-003
          12          19  -1.2743384162311694E-004
          12          20   3.1765126923733302E-004
          12          21  -2.2753907939749272E-004
          12          22   4.6327813974777446E-004
          13           1   1.3741642563589873E-002
          13           2   4.6104302702965450E-002
          13           3   2.9719514036926964E-002
          13           4  -5.8184614031811998E-003
          13           5  -2.1824959521881418E-015
          13           6   1.5323579016240858E-015
          13           7   2.2889012258698852E-016
          13           8   9.5098579735617849E-016
          13           9  -6.6570348484720071E-016
          13          10  -3.4616659549503293E-016
          13          11   2.8309582526892612E-003
          13          12  -1.5448770584299346E-004
          13          13   2.7400193552315146E-003
          13          14  -4.6804891192247556E-005
          13          15   3.3527149895841066E-005
          13          16   2.6529798714778154E-003
          13          17   2.5583407044915724E-003
          13          18  -2.5851126544912807E-004
          13          19   2.4061685763368977E-003
          13          20  -7.8320733169141740E-005
          13          21   5.6102484316740262E-005
          13          22   2.2605215739111778E-003
          14           1  -1.3334877499265895E-004
          14           2  -1.0158375516332654E-003
          14           3  -1.8506205459862960E-004
          14           4   3.1345662909054305E-004
          14           5   3.1907466061901212E-015
          14           6  -2.1620926462132672E-015
          14           7  -1.0394527980780282E-015
          14           8  -2.0512455736963935E-015
          14           9   1.3889153822748350E-015
          14          10   6.4220898120105288E-016
          14          11  -2.7554022207211748E-004
          14          12   3.8857732838497251E-004
          14          13  -4.6804891192247556E-005
          14          14   1.1772664738770599E-004
          14          15  -8.4329626137474482E-005
          14          16   1.7212238969876393E-004
          14          17  -2.2559329034678246E-004
          14          18   3.1765126706894163E-004
          14          19  -3.8608425543652406E-005
          14          20   9.6238293469342329E-005
          14          21  -6.8937148437580540E-005
          14          22   1.4035863212156894E-004
          15           1   9.5520024426738390E-005
          15           2   7.2766193951709964E-004
          15           3   1.3256313656167824E-004
          15           4  -2.2453438436497304E-004
          15           5  -5.0754343712878280E-016
          15           6   2.7510115264857713E-016
          15           7   3.5870436665551764E-016
          15           8   2.3246936061110809E-016
          15           9  -1.0891046581388288E-016
          15          10  -1.9159732562575806E-016
          15          11   1.9737420887142257E-004
          15          12  -2.7834463611528407E-004
          15          13   3.3527149895841066E-005
          15          14  -8.4329626137474482E-005
          15          15   6.0406764333194288E-005
          15          16  -1.2329423386472991E-004
          15          17   1.6159636102705527E-004
          15          18  -2.2753907622090946E-004
          15          19   2.7655880332036427E-005
          15          20  -6.8937147945763748E-005
          15          21   4.9380867318833620E-005
          15          22  -1.0054130695096151E-004
          16           1   1.3493664026434295E-002
          16           2   4.4215227103811316E-002
          16           3   2.9375368314786588E-002
          16           4  -5.2355499983183420E-003
          16           5  -6.5368458433569223E-015
          16           6   4.8811062979550091E-015
          16           7   5.2860244801629398E-016
          16           8   4.2931138348562926E-015
          16           9  -3.2092915320010319E-015
          16          10  -7.0505117913836517E-016
          16          11   2.3185570930159168E-003
          16          12   5.6811996036410070E-004
          16          13   2.6529798714778154E-003
          16          14   1.7212238969876393E-004
          16          15  -1.2329423386472991E-004
          16          16   2.9730627799934555E-003
          16          17   2.1388220496562074E-003
          16          18   3.3220060543770610E-004
          16          19   2.3343714348912667E-003
          16          20   1.0064629224459021E-004
          16          21  -7.2094680778554289E-005
          16          22   2.5215358405106794E-003
          17           1  -1.2831222997496195E-002
          17           2   4.2974202836414357E-002
          17           3   2.6134294271588396E-002
          17           4  -6.5457388584616825E-003
          17           5  -3.4600202142790657E-015
          17           6   2.2367957670456957E-015
          17           7   1.0308282325127458E-015
          17           8   1.4290506320731524E-015
          17           9  -9.1040507842125487E-016
          17          10  -9.2310546345084339E-016
          17          11   2.9966540034671169E-003
          17          12  -7.4460999356523911E-004
          17          13   2.5583407044915724E-003
          17          14  -2.2559329034678246E-004
          17          15   1.6159636102705527E-004
          17          16   2.1388220496562074E-003
          17          17   2.9905910707529269E-003
          17          18  -7.1751413396343305E-004
          17          19   2.5682276947226060E-003
          17          20  -2.1738409505696815E-004
          17          21   1.5571596823243990E-004
          17          22   2.1639750868351305E-003
          18           1  -1.8315127150915645E-003
          18           2  -4.9563750168939123E-003
          18           3  -1.9658711614464327E-003
          18           4   1.0949138709877755E-003
          18           5  -9.5115356815331874E-015
          18           6   7.1458981210246340E-015
          18           7   1.1536432702990238E-015
          18           8   7.0996320665503895E-015
          18           9  -5.3007858016650383E-015
          18          10  -1.0081597789099897E-015
          18          11  -8.7568731910711356E-004
          18          12   1.0484633976956355E-003
          18          13  -2.5851126544912807E-004
          18          14   3.1765126706894163E-004
          18          15  -2.2753907622090946E-004
          18          16   3.3220060543770610E-004
          18          17  -7.1751413396343305E-004
          18          18   8.6455023358953482E-004
          18          19  -2.0859814939243619E-004
          18          20   2.6193139326884433E-004
          18          21  -1.8762597148214014E-004
          18          22   2.7849579704634556E-004
          19           1  -1.3909339211727260E-002
          19           2   4.0056642629300213E-002
          19           3   2.4977088492790959E-002
          19           4  -5.9012198741993935E-003
          19           5  -4.0988739858540054E-015
          19           6   2.8902146744388833E-015
          19           7   6.3347117208872481E-016
          19           8   2.1578096933865837E-015
          19           9  -1.5591031652806594E-015
          19          10  -7.6774023622486461E-016
          19          11   2.4811822668524470E-003
          19          12  -1.2743384162311694E-004
          19          13   2.4061685763368977E-003
          19          14  -3.8608425543652406E-005
          19          15   2.7655880332036427E-005
          19          16   2.3343714348912667E-003
          19          17   2.5682276947226060E-003
          19          18  -2.0859814939243619E-004
          19          19   2.4454368238971506E-003
          19          20  -6.3198638022258819E-005
          19          21   4.5270267915554019E-005
          19          22   2.3279112165926858E-003
          20           1  -5.5489039643179337E-004
          20           2  -1.5016248131947568E-003
          20           3  -5.9559672349005638E-004
          20           4   3.3172427588123863E-004
          20           5  -1.6812425325839749E-015
          20           6   1.3050767213510534E-015
          20           7   8.8993554640048802E-017
          20           8   1.3158848772132277E-015
          20           9  -1.0077889216274439E-015
          20          10  -1.2421042719536166E-016
          20          11  -2.6530556947170473E-004
          20          12   3.1765126923733302E-004
          20          13  -7.8320733169141740E-005
          20          14   9.6238293469342329E-005
          20          15  -6.8937147945763748E-005
          20          16   1.0064629224459021E-004
          20          17  -2.1738409505696815E-004
          20          18   2.6193139326884433E-004
          20          19  -6.3198638022258819E-005
          20          20   7.9356932789091428E-005
          20          21  -5.6844738702679294E-005
          20          22   8.4375431229689765E-005
          21           1   3.9747750669280103E-004
          21           2   1.0756396214909440E-003
          21           3   4.2663612395595204E-004
          21           4  -2.3761980274348323E-004
          21           5  -7.4495070594697099E-015
          21           6   5.2640242406756885E-015
          21           7   1.8143149892799550E-015
          21           8   5.0773216742148017E-015
          21           9  -3.5902705045241092E-015
          21          10  -1.2174762123873654E-015
          21          11   1.9004294555188041E-004
          21          12  -2.2753907939749272E-004
          21          13   5.6102484316740262E-005
          21          14  -6.8937148437580540E-005
          21          15   4.9380867318833620E-005
          21          16  -7.2094680778554289E-005
          21          17   1.5571596823243990E-004
          21          18  -1.8762597148214014E-004
          21          19   4.5270267915554019E-005
          21          20  -5.6844738702679294E-005
          21          21   4.0718866072657383E-005
          21          22  -6.0439581382846401E-005
          22           1  -1.4941225907301930E-002
          22           2   3.7264186952016116E-002
          22           3   2.3869503817787130E-002
          22           4  -5.2843376468690358E-003
          22           5  -2.9982456929574602E-014
          22           6   2.1618472207024135E-014
          22           7   5.7377458778677734E-015
          22           8   2.0435550178581501E-014
          22           9  -1.4773006936465122E-014
          22          10  -4.4343243294972580E-015
          22          11   1.9878137413747508E-003
          22          12   4.6327813974777446E-004
          22          13   2.2605215739111778E-003
          22          14   1.4035863212156894E-004
          22          15  -1.0054130695096151E-004
          22          16   2.5215358405106794E-003
          22          17   2.1639750868351305E-003
          22          18   2.7849579704634556E-004
          22          19   2.3279112165926858E-003
          22          20   8.4375431229689765E-005
          22          21  -6.0439581382846401E-005
          22          22   2.4848179134381245E-003
