           1           1   2.1161159675581693     
           1           2 -0.32058065766924260     
           1           3 -0.21547958491829033     
           1           4  -1.8261503235575406E-010
           1           5  -6.5413059613736006E-010
           1           6  -2.1124298975940890E-010
           1           7  -3.8358735807640425E-010
           1           8  -1.9635862707479768E-009
           1           9  -4.1261380158704708E-010
           1          10   4.0044892583168675E-010
           1          11   1.6045327387586404E-009
           1          12   2.9066296658127225E-010
           2           1 -0.32058065766924260     
           2           2  0.97054848076193689     
           2           3  0.52914510765753864     
           2           4   1.3194732691008589E-010
           2           5   4.5250579072491481E-010
           2           6   1.4791758908582155E-010
           2           7   3.2137975301271732E-010
           2           8   1.6516422492448893E-009
           2           9   3.2561732616838097E-010
           2          10  -3.9602976282667002E-010
           2          11  -1.4631858039387893E-009
           2          12  -2.4271805029453887E-010
           3           1 -0.21547958491829033     
           3           2  0.52914510765753864     
           3           3  0.28931500868988197     
           3           4   7.4734001292678511E-011
           3           5   2.5689671380318066E-010
           3           6   8.3915906909641584E-011
           3           7   1.8084605906094427E-010
           3           8   9.2920609685063455E-010
           3           9   1.8371434018792244E-010
           3          10  -2.2137622836859239E-010
           3          11  -8.2043350336602126E-010
           3          12  -1.3659280095790281E-010
           4           1  -1.8261503235575406E-010
           4           2   1.3194732691008589E-010
           4           3   7.4734001292678511E-011
           4           4   8.9850780167161983E-018
           4           5   1.3311443586619280E-017
           4           6   7.9899373049602059E-018
           4           7  -5.8234199830261319E-018
           4           8  -8.3612971752303018E-018
           4           9  -5.1645022112281088E-018
           4          10   3.9614301753672411E-019
           4          11   4.1481848690809689E-019
           4          12   3.6885177923243630E-019
           5           1  -6.5413059613736006E-010
           5           2   4.5250579072491481E-010
           5           3   2.5689671380318066E-010
           5           4   1.3311443586619280E-017
           5           5   1.9833770465381354E-017
           5           6   1.1851036712210672E-017
           5           7  -8.4645608621302151E-018
           5           8  -1.1685313370505234E-017
           5           9  -7.4872179384590258E-018
           5          10   4.3903704342964559E-019
           5          11   5.6180408505901179E-020
           5          12   4.4831792271602457E-019
           6           1  -2.1124298975940890E-010
           6           2   1.4791758908582155E-010
           6           3   8.3915906909641584E-011
           6           4   7.9899373049602059E-018
           6           5   1.1851036712210672E-017
           6           6   7.1067292258542335E-018
           6           7  -5.1584791405311223E-018
           6           8  -7.3492316372479880E-018
           6           9  -4.5723747040581353E-018
           6          10   3.3423296164262436E-019
           6          11   3.0062546371113306E-019
           6          12   3.1597556578012128E-019
           7           1  -3.8358735807640425E-010
           7           2   3.2137975301271732E-010
           7           3   1.8084605906094427E-010
           7           4  -5.8234199830261319E-018
           7           5  -8.4645608621302151E-018
           7           6  -5.1584791405311223E-018
           7           7   4.0128394672040230E-018
           7           8   6.4491758682983219E-018
           7           9   3.5866874349184101E-018
           7          10  -4.7630906444937634E-019
           7          11  -1.0935234734075421E-018
           7          12  -3.8306073665972953E-019
           8           1  -1.9635862707479768E-009
           8           2   1.6516422492448893E-009
           8           3   9.2920609685063455E-010
           8           4  -8.3612971752303018E-018
           8           5  -1.1685313370505234E-017
           8           6  -7.3492316372479880E-018
           8           7   6.4491758682983219E-018
           8           8   1.2229746742288186E-017
           8           9   5.8394887040571770E-018
           8          10  -1.3184760473059920E-018
           8          11  -3.9511000965608247E-018
           8          12  -9.6522379920258917E-019
           9           1  -4.1261380158704708E-010
           9           2   3.2561732616838097E-010
           9           3   1.8371434018792244E-010
           9           4  -5.1645022112281088E-018
           9           5  -7.4872179384590258E-018
           9           6  -4.5723747040581353E-018
           9           7   3.5866874349184101E-018
           9           8   5.8394887040571770E-018
           9           9   3.2090390717795460E-018
           9          10  -4.4740083308053680E-019
           9          11  -1.0646612397014679E-018
           9          12  -3.5649749277695811E-019
          10           1   4.0044892583168675E-010
          10           2  -3.9602976282667002E-010
          10           3  -2.2137622836859239E-010
          10           4   3.9614301753672411E-019
          10           5   4.3903704342964559E-019
          10           6   3.3423296164262436E-019
          10           7  -4.7630906444937634E-019
          10           8  -1.3184760473059920E-018
          10           9  -4.4740083308053680E-019
          10          10   2.2228383755874662E-019
          10          11   7.8360926503846193E-019
          10          12   1.4905972783635209E-019
          11           1   1.6045327387586404E-009
          11           2  -1.4631858039387893E-009
          11           3  -8.2043350336602126E-010
          11           4   4.1481848690809689E-019
          11           5   5.6180408505901179E-020
          11           6   3.0062546371113306E-019
          11           7  -1.0935234734075421E-018
          11           8  -3.9511000965608247E-018
          11           9  -1.0646612397014679E-018
          11          10   7.8360926503846193E-019
          11          11   2.8846097825068377E-018
          11          12   5.1545882324938862E-019
          12           1   2.9066296658127225E-010
          12           2  -2.4271805029453887E-010
          12           3  -1.3659280095790281E-010
          12           4   3.6885177923243630E-019
          12           5   4.4831792271602457E-019
          12           6   3.1597556578012128E-019
          12           7  -3.8306073665972953E-019
          12           8  -9.6522379920258917E-019
          12           9  -3.5649749277695811E-019
          12          10   1.4905972783635209E-019
          12          11   5.1545882324938862E-019
          12          12   1.0209805061800121E-019
