           1           1   2.2614144534463358     
           1           2 -0.84849714377041474     
           1           3  0.35938388840664570     
           1           4  -5.5484438807054275E-002
           1           5  -1.3669403292562530E-002
           1           6   1.3326585854321345E-002
           1           7  -1.5023115971322714E-010
           1           8   6.7764902342023654E-012
           1           9  -1.6926216751390218E-009
           1          10   5.7369344248689962E-010
           1          11   3.2463516218861276E-010
           1          12   2.3452749267055960E-009
           1          13  -1.8912448089479856E-010
           1          14   2.6675371682650409E-011
           1          15   3.6476363110898795E-010
           1          16  -1.5477987902810418E-010
           1          17  -4.6641479025951358E-011
           1          18   2.5747430709427179E-010
           1          19  -8.6733546236148483E-012
           1          20  -1.8476967302265232E-011
           1          21   2.2088239818107704E-011
           1          22  -1.1209571636571347E-002
           1          23   3.0885277634478921E-004
           1          24  -1.1147653310342192E-002
           1          25   2.1729560963679050E-005
           1          26  -1.9359278047904524E-005
           1          27  -1.0910531920491334E-002
           1          28  -3.8663997408361129E-003
           1          29  -8.9493117713463846E-005
           1          30  -3.8843477995428146E-003
           1          31  -6.2960915993171243E-006
           1          32   5.6090163216711214E-006
           1          33  -3.9530532169848153E-003
           1          34  -1.2465545672466426E-002
           1          35  -1.5634214465287590E-005
           1          36  -1.2468679170745262E-002
           1          37  -1.1015695677754595E-006
           1          38   9.8118920752487450E-007
           1          39  -1.2480682657185665E-002
           1          40  -6.6811530904709107E-003
           1          41  -4.0223369387186963E-004
           1          42  -6.7617865713542275E-003
           1          43  -2.8295922063421316E-005
           1          44   2.5209914270034451E-005
           1          45  -7.0706038781499286E-003
           2           1 -0.84849714377041474     
           2           2   2.7703060300503184     
           2           3  -1.2492052415637271     
           2           4  0.22937159540571586     
           2           5   9.2784537896806241E-002
           2           6  -4.9891401108734116E-003
           2           7  -4.3318163119216503E-010
           2           8  -8.8905155302021904E-010
           2           9   3.6027911657025764E-009
           2          10   3.2102246639793442E-010
           2          11   1.1147272847160098E-009
           2          12  -4.2923136434608175E-009
           2          13   2.0965354800162115E-010
           2          14  -5.3156382572963084E-010
           2          15  -3.4934093791509572E-010
           2          16   7.3082697870843310E-011
           2          17  -3.3694252453895440E-010
           2          18  -1.0117462175764928E-011
           2          19  -1.1817726463107394E-011
           2          20   1.0676975965736027E-011
           2          21  -2.9289499821958090E-011
           2          22  -1.6084234626962526E-002
           2          23  -1.0076979565726766E-003
           2          24  -1.6286255550526797E-002
           2          25  -7.0897100435121885E-005
           2          26   6.3163651278336171E-005
           2          27  -1.7059914911043569E-002
           2          28  -5.9654607583751306E-003
           2          29   3.8623811311558451E-004
           2          30  -5.8880073811934421E-003
           2          31   2.7173315259615213E-005
           2          32  -2.4208312878046401E-005
           2          33  -5.5914824819916411E-003
           2          34   8.3144030753557309E-004
           2          35  -1.0528515394347526E-005
           2          36   8.2932728359688419E-004
           2          37  -7.3532585038597930E-007
           2          38   6.5587058109962786E-007
           2          39   8.2124490351259314E-004
           2          40   1.9028801172331512E-003
           2          41   1.2338653241205663E-003
           2          42   2.1502262176471554E-003
           2          43   8.6798705813808812E-005
           2          44  -7.7332269733661524E-005
           2          45   3.0975335584250896E-003
           3           1  0.35938388840664570     
           3           2  -1.2492052415637271     
           3           3   2.9594426125696724     
           3           4 -0.82861226871166127     
           3           5 -0.31137534131531674     
           3           6   7.0220631216167478E-002
           3           7  -7.0480032518677456E-009
           3           8  -6.4465582121865306E-009
           3           9  -9.0939091090569372E-009
           3          10   1.0489596912363422E-008
           3          11   8.5200521123589481E-009
           3          12   1.6503838528008673E-008
           3          13  -5.4135761646568466E-009
           3          14  -3.1650500780682871E-009
           3          15   7.3683644975443197E-009
           3          16  -4.8748614454601353E-009
           3          17  -3.9735755795295679E-009
           3          18   6.4189708950817711E-009
           3          19  -4.0952967563235955E-010
           3          20  -5.8268064784629682E-010
           3          21   4.1701899725260905E-010
           3          22   3.8029118138430559E-002
           3          23   3.3979328782241941E-003
           3          24   3.8710332528969903E-002
           3          25   2.3904951688291068E-004
           3          26  -2.1297258139840129E-004
           3          27   4.1319093210632860E-002
           3          28  -3.4226536254461773E-002
           3          29  -1.6472397703769172E-004
           3          30  -3.4259561325049183E-002
           3          31  -1.1611546291492573E-005
           3          32   1.0342309424282871E-005
           3          33  -3.4386026524584223E-002
           3          34  -6.6098955955251809E-002
           3          35  -7.4533238547233246E-004
           3          36  -6.6248382538397182E-002
           3          37  -5.2450022251926973E-005
           3          38   4.6726537927916376E-005
           3          39  -6.6820609378100887E-002
           3          40  -3.3806954369514905E-002
           3          41  -4.9954170758597311E-003
           3          42  -3.4808349963035209E-002
           3          43  -3.5141371758932348E-004
           3          44   3.1308794005533775E-004
           3          45  -3.8643614102268832E-002
           4           1  -5.5484438807054275E-002
           4           2  0.22937159540571586     
           4           3 -0.82861226871166127     
           4           4  0.93742396622346247     
           4           5  0.30128694627931230     
           4           6 -0.13230269844178261     
           4           7   1.1085263950315884E-008
           4           8   9.8218991812539643E-009
           4           9   2.2753145559133706E-008
           4          10  -2.1826828700197776E-008
           4          11  -1.8405664201291379E-008
           4          12  -4.6845579609972277E-008
           4          13  -5.4644362141288258E-009
           4          14  -9.0638372833296707E-009
           4          15  -2.6515556129401556E-008
           4          16  -7.2383822552719284E-009
           4          17  -9.4501259674604244E-009
           4          18  -2.6165680171002735E-008
           4          19  -6.3980816030895047E-010
           4          20  -5.0275433979832297E-010
           4          21  -1.6715119002598329E-009
           4          22   2.3830130044465289E-004
           4          23  -2.6490531458191538E-003
           4          24  -2.9273929916369835E-004
           4          25  -1.8639693800448400E-004
           4          26   1.6606418611608435E-004
           4          27  -2.3265622473016842E-003
           4          28   6.9877802309092837E-002
           4          29  -1.0542761350219824E-003
           4          30   6.9666474383644483E-002
           4          31  -7.4157630942747066E-005
           4          32   6.6072744750890326E-005
           4          33   6.8857041670050981E-002
           4          34  0.12152227227264656     
           4          35   1.3971415571760806E-003
           4          36  0.12180236852252022     
           4          37   9.8305062802468875E-005
           4          38  -8.7580213529443555E-005
           4          39  0.12287502378233905     
           4          40   6.5298410132554177E-002
           4          41   5.7074527045630659E-003
           4          42   6.6442541727083915E-002
           4          43   4.0150335532521900E-004
           4          44  -3.5771467927075116E-004
           4          45   7.0824476087865212E-002
           5           1  -1.3669403292562530E-002
           5           2   9.2784537896806241E-002
           5           3 -0.31137534131531674     
           5           4  0.30128694627931230     
           5           5   9.7943551540944626E-002
           5           6  -4.1487693225422534E-002
           5           7  -1.9034098071869626E-009
           5           8  -3.0329378343040525E-009
           5           9   1.0237877451493677E-008
           5          10   4.8345714475411757E-009
           5          11   8.0720334636019638E-009
           5          12  -3.3489716479930211E-008
           5          13   5.7152768156388313E-009
           5          14   1.1205085785636782E-009
           5          15   7.3285631485607029E-008
           5          16   5.5250028463627023E-009
           5          17   1.0922787331566269E-009
           5          18   7.8104035005648138E-008
           5          19   4.5169005516835158E-010
           5          20   1.7441709160917805E-010
           5          21   5.8054892320805243E-009
           5          22  -5.9909639398895639E-004
           5          23  -1.3305957640153336E-003
           5          24  -8.6585277734780620E-004
           5          25  -9.3624860435447308E-005
           5          26   8.3410519768751249E-005
           5          27  -1.8874159554796222E-003
           5          28   2.1933748907796695E-002
           5          29  -3.6157237539510189E-004
           5          30   2.1861265464760530E-002
           5          31  -2.5435361226222152E-005
           5          32   2.2661535235352504E-005
           5          33   2.1583666783733191E-002
           5          34   3.7962368316830808E-002
           5          35   9.1801121199838222E-004
           5          36   3.8146401552801301E-002
           5          37   6.4585706676937216E-005
           5          38  -5.7540800436726633E-005
           5          39   3.8851207318845851E-002
           5          40   2.0429464121090542E-002
           5          41   1.9449488677693322E-003
           5          42   2.0819353912798870E-002
           5          43   1.3682174667250968E-004
           5          44  -1.2189972290529259E-004
           5          45   2.2312601411285157E-002
           6           1   1.3326585854321345E-002
           6           2  -4.9891401108734116E-003
           6           3   7.0220631216167478E-002
           6           4 -0.13230269844178261     
           6           5  -4.1487693225422534E-002
           6           6   1.9772628142486377E-002
           6           7   3.0855879307152695E-008
           6           8   3.3429112860397999E-008
           6           9   1.8210157429224876E-008
           6          10  -7.9427040790098476E-008
           6          11  -8.8293335794855949E-008
           6          12  -1.4928556413884179E-008
           6          13   5.3737366475748467E-008
           6          14   6.9725558852484488E-008
           6          15  -1.2370974310047966E-007
           6          16   5.9172310628585071E-008
           6          17   7.6052325221913738E-008
           6          18  -1.3025626317883499E-007
           6          19   5.4331539186578338E-009
           6          20   6.7450563636518665E-009
           6          21  -9.3805145607673800E-009
           6          22  -5.1053532457245071E-005
           6          23  -1.9318089281354848E-003
           6          24  -4.3832958386422324E-004
           6          25  -1.3590965262688898E-004
           6          26   1.2108600750214548E-004
           6          27  -1.9214784510324726E-003
           6          28  -1.0231162820995704E-002
           6          29  -5.2747414496917338E-004
           6          30  -1.0336910192263776E-002
           6          31  -3.7113085785515717E-005
           6          32   3.3064517242965019E-005
           6          33  -1.0741877965140029E-002
           6          34  -1.8156917912098613E-002
           6          35  -1.8165480687735124E-004
           6          36  -1.8193336572719647E-002
           6          37  -1.2782171046387612E-005
           6          38   1.1387579394817732E-005
           6          39  -1.8332801710687741E-002
           6          40  -9.7819270111113073E-003
           6          41  -7.9517304136733538E-004
           6          42  -9.9413295672607510E-003
           6          43  -5.5938213685620568E-005
           6          44   4.9837490117640650E-005
           6          45  -1.0551828873823825E-002
           7           1  -1.5023115971322714E-010
           7           2  -4.3318163119216503E-010
           7           3  -7.0480032518677456E-009
           7           4   1.1085263950315884E-008
           7           5  -1.9034098071869626E-009
           7           6   3.0855879307152695E-008
           7           7   2.3720814186128161     
           7           8   6.4115193339020502E-003
           7           9   4.4992413796420309E-004
           7          10 -0.96599872958236510     
           7          11  -1.9739315156839320E-002
           7          12  -1.3886450773319451E-003
           7          13   7.0549711949244670E-002
           7          14   2.9780523558146955E-002
           7          15   2.0949998654566033E-003
           7          16  0.10355578010681843     
           7          17   3.2302945317471715E-002
           7          18   2.2724332706930178E-003
           7          19   4.1815299933431064E-003
           7          20   4.3846115183593833E-003
           7          21   3.0844574878010256E-004
           7          22  -2.5963723276072828E-010
           7          23   1.8803682556808726E-009
           7          24  -1.9994282506618883E-010
           7          25  -4.3086115413087274E-011
           7          26  -9.3365837839681776E-010
           7          27   4.2773872775998376E-009
           7          28  -3.4224840393648599E-009
           7          29  -2.2594573421328555E-009
           7          30  -4.8119680363016451E-009
           7          31   5.9955007230094377E-010
           7          32  -1.3169408751823651E-009
           7          33  -2.6047386263816309E-009
           7          34  -3.9105215570579549E-009
           7          35   1.4100434865041766E-009
           7          36  -5.6474345510454178E-009
           7          37   6.6176676748262735E-010
           7          38   1.3239383357612605E-009
           7          39  -5.4284757917543933E-009
           7          40  -1.2734035030346556E-008
           7          41  -3.9459976687448179E-010
           7          42  -1.2361781773088547E-008
           7          43  -1.7033832755717096E-009
           7          44  -5.5618973007421667E-010
           7          45  -9.2578429078995555E-009
           8           1   6.7764902342023654E-012
           8           2  -8.8905155302021904E-010
           8           3  -6.4465582121865306E-009
           8           4   9.8218991812539643E-009
           8           5  -3.0329378343040525E-009
           8           6   3.3429112860397999E-008
           8           7   6.4115193339020502E-003
           8           8   2.3735713016447328     
           8           9  -4.0067494761063428E-004
           8          10  -1.9739316086213578E-002
           8          11 -0.97056773596496726     
           8          12   1.2372050734058102E-003
           8          13   2.9780524997534169E-002
           8          14   7.7443092524850168E-002
           8          15  -1.8665214175869350E-003
           8          16   3.2302947375511794E-002
           8          17  0.11103311593451409     
           8          18  -2.0245902146401032E-003
           8          19   4.3846148005239147E-003
           8          20   5.1964427822402508E-003
           8          21  -2.7480766540011485E-004
           8          22   9.2458014893243612E-010
           8          23   1.7882572430463859E-009
           8          24  -7.9441803956699782E-010
           8          25   6.1032409688218833E-010
           8          26  -1.5048351901739102E-009
           8          27   4.0653879690052190E-009
           8          28  -3.4483351436189284E-009
           8          29  -2.0477455563454728E-009
           8          30  -4.6995139488390823E-009
           8          31   9.3911454500636470E-010
           8          32  -1.4713621145656274E-009
           8          33  -2.6107516042418686E-009
           8          34  -3.9561273055553194E-009
           8          35   1.4631209462734913E-009
           8          36  -5.4743727271610491E-009
           8          37   7.9827146669411158E-010
           8          38   9.7202781582020861E-010
           8          39  -5.3135903127890913E-009
           8          40  -1.3242690661609193E-008
           8          41  -4.9827800567812387E-010
           8          42  -1.2743560322901300E-008
           8          43  -1.5286695581804475E-009
           8          44  -8.2734747509513969E-010
           8          45  -1.0148906598912117E-008
           9           1  -1.6926216751390218E-009
           9           2   3.6027911657025764E-009
           9           3  -9.0939091090569372E-009
           9           4   2.2753145559133706E-008
           9           5   1.0237877451493677E-008
           9           6   1.8210157429224876E-008
           9           7   4.4992413796420309E-004
           9           8  -4.0067494761063428E-004
           9           9   2.3792528980079122     
           9          10  -1.3886464355135789E-003
           9          11   1.2372052234697214E-003
           9          12 -0.98806727023401397     
           9          13   2.0949975615802852E-003
           9          14  -1.8665201657120461E-003
           9          15  0.10384440730418010     
           9          16   2.2724300754552234E-003
           9          17  -2.0245931463750630E-003
           9          18  0.13967060447075752     
           9          19   3.0844213684759665E-004
           9          20  -2.7480743630177418E-004
           9          21   9.0835438152627908E-003
           9          22  -4.2594888520117907E-009
           9          23   4.5276781926190063E-009
           9          24  -5.3530562933201110E-009
           9          25   1.5101381939720737E-010
           9          26  -4.6831921543670898E-009
           9          27   8.1699613676092854E-009
           9          28  -4.8097959757848898E-009
           9          29  -6.3188319784695255E-009
           9          30  -1.1678185218030511E-008
           9          31   1.4568705747610692E-009
           9          32  -4.8803284007662564E-009
           9          33  -5.1709587358123815E-009
           9          34  -6.1363434988864956E-009
           9          35   8.3588983747013800E-010
           9          36  -9.5391847649851597E-009
           9          37   3.3051034603608619E-009
           9          38   3.9733633579261872E-009
           9          39  -1.2151379161280451E-008
           9          40  -1.4248997242907112E-008
           9          41  -3.6502075222709610E-010
           9          42  -1.5277541545204462E-008
           9          43  -4.4838660225180079E-009
           9          44   2.0683598154689417E-009
           9          45  -3.6548544431909092E-009
          10           1   5.7369344248689962E-010
          10           2   3.2102246639793442E-010
          10           3   1.0489596912363422E-008
          10           4  -2.1826828700197776E-008
          10           5   4.8345714475411757E-009
          10           6  -7.9427040790098476E-008
          10           7 -0.96599872958236510     
          10           8  -1.9739316086213578E-002
          10           9  -1.3886464355135789E-003
          10          10   2.5181513519147787     
          10          11   6.0747068784218705E-002
          10          12   4.2734243312488275E-003
          10          13 -0.26037320913349665     
          10          14  -9.1295767432297240E-002
          10          15  -6.4224577441157876E-003
          10          16 -0.30460871104877862     
          10          17 -0.10027619696971064     
          10          18  -7.0541919546609141E-003
          10          19  -1.7661724808753915E-002
          10          20  -1.3464758342280314E-002
          10          21  -9.4720628582841315E-004
          10          22   2.7250190870571433E-009
          10          23  -4.1872277635989869E-009
          10          24   3.1101376142771335E-009
          10          25   9.0595805209229757E-011
          10          26   2.3563910544749089E-009
          10          27  -8.0019421628684422E-009
          10          28   7.0650794974411569E-009
          10          29   5.6581375511903651E-009
          10          30   1.1193137844064081E-008
          10          31  -1.5811567441045493E-009
          10          32   3.5411966256981469E-009
          10          33   4.8742618567689846E-009
          10          34   9.4420609981268419E-009
          10          35  -3.0975603825161360E-009
          10          36   1.2664954783212202E-008
          10          37  -2.9005189617422745E-009
          10          38  -3.9660083395167570E-009
          10          39   1.3162715555942048E-008
          10          40   3.2492160523906721E-008
          10          41   5.3615506607477136E-010
          10          42   3.1445863420656244E-008
          10          43   4.9780767349491365E-009
          10          44   1.6298306384013648E-009
          10          45   2.3545451629784562E-008
          11           1   3.2463516218861276E-010
          11           2   1.1147272847160098E-009
          11           3   8.5200521123589481E-009
          11           4  -1.8405664201291379E-008
          11           5   8.0720334636019638E-009
          11           6  -8.8293335794855949E-008
          11           7  -1.9739315156839320E-002
          11           8 -0.97056773596496726     
          11           9   1.2372052234697214E-003
          11          10   6.0747068784218705E-002
          11          11   2.5322127599141249     
          11          12  -3.8073659672277025E-003
          11          13  -9.1295770973931642E-002
          11          14 -0.28150582999617013     
          11          15   5.7220246931533022E-003
          11          16 -0.10027619873723559     
          11          17 -0.32782010586479537     
          11          18   6.2848290192489258E-003
          11          19  -1.3464766736848804E-002
          11          20  -2.0778453182044659E-002
          11          21   8.4390901219922579E-004
          11          22  -2.9787341996921840E-010
          11          23  -3.8004414740592746E-009
          11          24   4.8371492373696404E-009
          11          25  -1.2041339270627584E-009
          11          26   3.4394053378287284E-009
          11          27  -7.4243788430200664E-009
          11          28   7.5494584055744951E-009
          11          29   5.0678762765374907E-009
          11          30   1.0790562345554514E-008
          11          31  -2.4127278871665810E-009
          11          32   4.0642549928624912E-009
          11          33   4.9375970318334758E-009
          11          34   1.0005814418751155E-008
          11          35  -3.1722279167886828E-009
          11          36   1.2409964869945801E-008
          11          37  -3.5151941348944167E-009
          11          38  -3.0893329884284896E-009
          11          39   1.3203313069336931E-008
          11          40   3.4440160089274163E-008
          11          41   8.7225400696169741E-010
          11          42   3.2909885078018413E-008
          11          43   4.6140948938590538E-009
          11          44   2.6126544549582917E-009
          11          45   2.6691889601902105E-008
          12           1   2.3452749267055960E-009
          12           2  -4.2923136434608175E-009
          12           3   1.6503838528008673E-008
          12           4  -4.6845579609972277E-008
          12           5  -3.3489716479930211E-008
          12           6  -1.4928556413884179E-008
          12           7  -1.3886450773319451E-003
          12           8   1.2372050734058102E-003
          12           9 -0.98806727023401397     
          12          10   4.2734243312488275E-003
          12          11  -3.8073659672277025E-003
          12          12   2.5860667851964276     
          12          13  -6.4224520843380699E-003
          12          14   5.7220212441847062E-003
          12          15 -0.36244216878858060     
          12          16  -7.0541786543564626E-003
          12          17   6.2848358991063214E-003
          12          18 -0.41671786086403562     
          12          19  -9.4719892336163629E-004
          12          20   8.4390422902755747E-004
          12          21  -3.2715387406143527E-002
          12          22   1.3274281951013290E-008
          12          23  -1.1516968826207191E-008
          12          24   1.2763419397261794E-008
          12          25  -1.0791038755353002E-010
          12          26   1.2937704590398294E-008
          12          27  -1.8472361180423372E-008
          12          28   8.6844069953209545E-009
          12          29   1.5996413616215667E-008
          12          30   2.7289542576429129E-008
          12          31  -4.1310743977800669E-009
          12          32   1.1008157176063377E-008
          12          33   1.0649272924877003E-008
          12          34   1.0099179750828456E-008
          12          35  -1.0155111279398047E-009
          12          36   2.0718622576584397E-008
          12          37  -8.5847232842813829E-009
          12          38  -9.2253619865152118E-009
          12          39   2.7575159156069835E-008
          12          40   2.7047230412162792E-008
          12          41  -3.3799221070374149E-010
          12          42   3.1077093287304623E-008
          12          43   1.1018250960185147E-008
          12          44  -8.8025518879432807E-009
          12          45  -2.5066988119585010E-009
          13           1  -1.8912448089479856E-010
          13           2   2.0965354800162115E-010
          13           3  -5.4135761646568466E-009
          13           4  -5.4644362141288258E-009
          13           5   5.7152768156388313E-009
          13           6   5.3737366475748467E-008
          13           7   7.0549711949244670E-002
          13           8   2.9780524997534169E-002
          13           9   2.0949975615802852E-003
          13          10 -0.26037320913349665     
          13          11  -9.1295770973931642E-002
          13          12  -6.4224520843380699E-003
          13          13  0.44981545710163895     
          13          14  0.13416653568748677     
          13          15   9.4383368422170117E-003
          13          16  0.46942665726841459     
          13          17  0.15392617975173034     
          13          18   1.0828353163185702E-002
          13          19   2.8202901367791668E-002
          13          20   2.0175657253041147E-002
          13          21   1.4192958893874366E-003
          13          22   1.2794359502700141E-009
          13          23   2.2740033642670561E-010
          13          24   7.9897324018249583E-010
          13          25  -2.1512867593918299E-010
          13          26   1.0971542818948238E-009
          13          27  -1.7971883920640352E-010
          13          28  -1.0911544155215393E-009
          13          29  -4.5064509445924914E-010
          13          30   1.0167546702181907E-010
          13          31   6.1062347571022707E-010
          13          32   1.0022618393872019E-010
          13          33  -1.9606809205325387E-010
          13          34  -4.3457805717198894E-009
          13          35   2.2237525774050140E-010
          13          36  -8.3107137841084150E-009
          13          37   2.2475830032086472E-009
          13          38   3.1032550230284328E-009
          13          39  -5.1942331788463836E-009
          13          40  -2.1831535007649198E-008
          13          41  -6.6483840689919023E-010
          13          42  -1.9995144212266173E-008
          13          43   2.2531976221895332E-010
          13          44   1.8840040206313285E-009
          13          45  -1.7368781330276789E-008
          14           1   2.6675371682650409E-011
          14           2  -5.3156382572963084E-010
          14           3  -3.1650500780682871E-009
          14           4  -9.0638372833296707E-009
          14           5   1.1205085785636782E-009
          14           6   6.9725558852484488E-008
          14           7   2.9780523558146955E-002
          14           8   7.7443092524850168E-002
          14           9  -1.8665201657120461E-003
          14          10  -9.1295767432297240E-002
          14          11 -0.28150582999617013     
          14          12   5.7220212441847062E-003
          14          13  0.13416653568748677     
          14          14  0.48087161730829808     
          14          15  -8.4089718885400934E-003
          14          16  0.15392616694998104     
          14          17  0.50505663664925027     
          14          18  -9.6473808586964235E-003
          14          19   2.0175668478907453E-002
          14          20   3.2873027639976064E-002
          14          21  -1.2645166550463256E-003
          14          22   2.5881825699860468E-009
          14          23   3.5554831415744646E-011
          14          24  -2.6668498984287937E-010
          14          25  -1.1307039381447613E-009
          14          26   1.3184652138742206E-009
          14          27  -1.9234592457352455E-010
          14          28  -1.7076018381457848E-009
          14          29  -3.9711214410120326E-010
          14          30  -2.1910519562053661E-010
          14          31   8.0116358823104843E-010
          14          32  -8.2821692518341666E-011
          14          33  -9.0318938154422894E-010
          14          34  -6.5602215856604237E-009
          14          35   5.6106964879635222E-010
          14          36  -8.9028033447756461E-009
          14          37   3.3381489742609354E-009
          14          38   2.0632492689027509E-009
          14          39  -6.3139559720899074E-009
          14          40  -2.5696622387110366E-008
          14          41  -1.4486894853804931E-009
          14          42  -2.3461118651001977E-008
          14          43   7.0811870709789232E-010
          14          44   1.1182429623327755E-010
          14          45  -2.2739005526095708E-008
          15           1   3.6476363110898795E-010
          15           2  -3.4934093791509572E-010
          15           3   7.3683644975443197E-009
          15           4  -2.6515556129401556E-008
          15           5   7.3285631485607029E-008
          15           6  -1.2370974310047966E-007
          15           7   2.0949998654566033E-003
          15           8  -1.8665214175869350E-003
          15           9  0.10384440730418010     
          15          10  -6.4224577441157876E-003
          15          11   5.7220246931533022E-003
          15          12 -0.36244216878858060     
          15          13   9.4383368422170117E-003
          15          14  -8.4089718885400934E-003
          15          15  0.59981410433583870     
          15          16   1.0828320822286429E-002
          15          17  -9.6473777592846026E-003
          15          18  0.64151663935178549     
          15          19   1.4193019559872208E-003
          15          20  -1.2644926344986822E-003
          15          21   5.0759359841692588E-002
          15          22  -6.1282452927343143E-009
          15          23   2.1983612188069772E-010
          15          24   6.7802016841456649E-009
          15          25   7.0590816508062694E-010
          15          26  -1.0846611938590672E-010
          15          27  -8.0845238094868888E-010
          15          28   1.4081167486480656E-009
          15          29  -2.5415481961940175E-009
          15          30   1.8708508536993513E-009
          15          31  -5.0569692843159690E-010
          15          32  -7.6168172179169421E-010
          15          33   4.2380278733824258E-009
          15          34   1.7170878003803082E-008
          15          35  -1.0011512821305157E-008
          15          36  -2.7564029082643625E-009
          15          37   6.1002101495681596E-009
          15          38   5.5007337932300969E-009
          15          39  -4.4588425981053865E-009
          15          40   1.6994343231877089E-008
          15          41   4.5290705777929184E-009
          15          42   1.5865447454521526E-008
          15          43  -1.9836338143825620E-009
          15          44   2.4945754641264439E-008
          15          45   4.1063307188736977E-008
          16           1  -1.5477987902810418E-010
          16           2   7.3082697870843310E-011
          16           3  -4.8748614454601353E-009
          16           4  -7.2383822552719284E-009
          16           5   5.5250028463627023E-009
          16           6   5.9172310628585071E-008
          16           7  0.10355578010681843     
          16           8   3.2302947375511794E-002
          16           9   2.2724300754552234E-003
          16          10 -0.30460871104877862     
          16          11 -0.10027619873723559     
          16          12  -7.0541786543564626E-003
          16          13  0.46942665726841459     
          16          14  0.15392616694998104     
          16          15   1.0828320822286429E-002
          16          16  0.49096252134987772     
          16          17  0.17507859542780840     
          16          18   1.2316312700587731E-002
          16          19   2.9842110389320629E-002
          16          20   2.1949754768920963E-002
          16          21   1.5440942683623089E-003
          16          22  -3.9770261070454067E-010
          16          23   7.4591812625581720E-010
          16          24   2.1409161496482982E-009
          16          25  -2.0100954265522707E-009
          16          26   2.3391184556101387E-009
          16          27   3.3006183755601570E-010
          16          28  -1.9534232322283879E-009
          16          29  -4.0026621230424526E-010
          16          30   2.5500856948339233E-010
          16          31   1.3516257848493469E-010
          16          32   4.3198644202382381E-010
          16          33  -2.7258630924186802E-010
          16          34  -5.0656570776856039E-009
          16          35   3.2116959506173817E-010
          16          36  -9.2807953820784238E-009
          16          37   2.4686611782565092E-009
          16          38   3.3478533922254130E-009
          16          39  -5.9427619583821777E-009
          16          40  -2.4029653827308987E-008
          16          41  -7.3509708265619647E-010
          16          42  -2.2015443453532801E-008
          16          43   2.1179345295585259E-010
          16          44   1.9575926746139623E-009
          16          45  -1.9130775627279205E-008
          17           1  -4.6641479025951358E-011
          17           2  -3.3694252453895440E-010
          17           3  -3.9735755795295679E-009
          17           4  -9.4501259674604244E-009
          17           5   1.0922787331566269E-009
          17           6   7.6052325221913738E-008
          17           7   3.2302945317471715E-002
          17           8  0.11103311593451409     
          17           9  -2.0245931463750630E-003
          17          10 -0.10027619696971064     
          17          11 -0.32782010586479537     
          17          12   6.2848358991063214E-003
          17          13  0.15392617975173034     
          17          14  0.50505663664925027     
          17          15  -9.6473777592846026E-003
          17          16  0.17507859542780840     
          17          17  0.53148871546420018     
          17          18  -1.0973076115414763E-002
          17          19   2.1949767574867621E-002
          17          20   3.4922892522021590E-002
          17          21  -1.3757062632786584E-003
          17          22   3.4988097155396823E-009
          17          23   1.1680120032382620E-009
          17          24  -1.4978536853560145E-009
          17          25   1.6961115895349102E-009
          17          26  -1.4863118441836948E-009
          17          27   3.2216218696292613E-010
          17          28  -1.7024117089921579E-009
          17          29  -1.4266247015185839E-010
          17          30  -7.4778479193769955E-010
          17          31   1.7837828978863140E-009
          17          32  -1.0140231302932321E-009
          17          33  -8.9089179613116623E-010
          17          34  -7.1630028396059837E-009
          17          35   7.1231332213664526E-010
          17          36  -9.7790546708043909E-009
          17          37   3.6407454329736742E-009
          17          38   2.2334438781866820E-009
          17          39  -6.9023870902148517E-009
          17          40  -2.8063594778368349E-008
          17          41  -1.5450743015939438E-009
          17          42  -2.5642348973469407E-008
          17          43   7.0881081070955247E-010
          17          44   8.7695638781688646E-011
          17          45  -2.4756545647289107E-008
          18           1   2.5747430709427179E-010
          18           2  -1.0117462175764928E-011
          18           3   6.4189708950817711E-009
          18           4  -2.6165680171002735E-008
          18           5   7.8104035005648138E-008
          18           6  -1.3025626317883499E-007
          18           7   2.2724332706930178E-003
          18           8  -2.0245902146401032E-003
          18           9  0.13967060447075752     
          18          10  -7.0541919546609141E-003
          18          11   6.2848290192489258E-003
          18          12 -0.41671786086403562     
          18          13   1.0828353163185702E-002
          18          14  -9.6473808586964235E-003
          18          15  0.64151663935178549     
          18          16   1.2316312700587731E-002
          18          17  -1.0973076115414763E-002
          18          18  0.68670098274198366     
          18          19   1.5441045190813598E-003
