           1           1   2.1304062876090137     
           1           2 -0.27300695725147461     
           1           3 -0.25546619245641156     
           1           4  -5.3828849518855103E-002
           1           5  -1.5727508363512160E-012
           1           6  -3.2803149303854917E-012
           1           7  -3.1446974075199825E-013
           1           8   3.5556410903316680E-013
           1           9   1.1730627225948377E-012
           1          10   7.7126284124153512E-014
           1          11  -1.1259009228818298E-002
           1          12  -9.1363672733233824E-005
           1          13  -1.1395972093341394E-002
           1          14   6.1265888348310295E-005
           1          15  -2.8000395472693902E-005
           1          16  -1.1415873134107943E-002
           1          17   1.9691750756065059E-002
           1          18  -5.2359852575493190E-004
           1          19   1.8906827041505026E-002
           1          20   3.5111031623063843E-004
           1          21  -1.6046817575388105E-004
           1          22   1.8792775752535934E-002
           2           1 -0.27300695725147461     
           2           2  0.73472408896986341     
           2           3  0.50156679722375741     
           2           4  -5.8517580645010961E-002
           2           5   2.3209144994469157E-012
           2           6   7.1147612086542452E-012
           2           7   3.3122116520515269E-012
           2           8  -1.4527122557209468E-012
           2           9  -1.7587840514770051E-012
           2          10   2.4487658453733251E-012
           2          11   3.9789182879454953E-002
           2          12   1.9533924904431791E-003
           2          13   4.2717504836341562E-002
           2          14  -1.3098895889609441E-003
           2          15   5.9865970674816181E-004
           2          16   4.3142997035264190E-002
           2          17   2.7596913751944417E-002
           2          18   1.7737550362053800E-003
           2          19   3.0255941021356314E-002
           2          20  -1.1894298015623752E-003
           2          21   5.4360587144826810E-004
           2          22   3.0642304026191662E-002
           3           1 -0.25546619245641156     
           3           2  0.50156679722375741     
           3           3  0.34953144518528939     
           3           4  -3.4502492063919171E-002
           3           5  -8.6393225238176168E-013
           3           6  -5.4959150649080099E-012
           3           7  -4.6981082852082633E-012
           3           8  -2.3888531591963691E-012
           3           9  -7.6488557967857694E-012
           3          10  -3.0484155711222245E-012
           3          11   2.8730855273935384E-002
           3          12  -1.3492102695938576E-004
           3          13   2.8528595703982151E-002
           3          14   9.0474209057729571E-005
           3          15  -4.1349475085723135E-005
           3          16   2.8499206924166964E-002
           3          17   1.9119766136313651E-002
           3          18   8.3518984604017549E-007
           3          19   1.9121017272255597E-002
           3          20  -5.6005513948600288E-007
           3          21   2.5596494506959812E-007
           3          22   1.9121199069516800E-002
           4           1  -5.3828849518855103E-002
           4           2  -5.8517580645010961E-002
           4           3  -3.4502492063919171E-002
           4           4   9.2114400693598802E-003
           4           5   7.8806650417759932E-012
           4           6   1.4043836745316129E-011
           4           7  -4.4876204504109295E-012
           4           8   5.7053403365373461E-012
           4           9   1.0303527038040370E-011
           4          10  -3.0661678651844023E-012
           4          11  -2.2863703301834442E-003
           4          12  -1.0552568233229101E-003
           4          13  -3.8683011576022544E-003
           4          14   7.0762528699732936E-004
           4          15  -3.2340644602970361E-004
           4          16  -4.0981594858544041E-003
           4          17  -2.5204682972918497E-003
           4          18  -8.7837780347025307E-004
           4          19  -3.8372405981135114E-003
           4          20   5.8901523297748553E-004
           4          21  -2.6919801128052649E-004
           4          22  -4.0285707517465378E-003
           5           1  -1.5727508363512160E-012
           5           2   2.3209144994469157E-012
           5           3  -8.6393225238176168E-013
           5           4   7.8806650417759932E-012
           5           5  0.10699542403817118     
           5           6  0.16149230536473055     
           5           7 -0.10829215818995341     
           5           8   7.2159270242229900E-002
           5           9  0.10891276082950875     
           5          10  -7.3033807345551469E-002
           5          11  -1.8200620264839359E-013
           5          12   4.2132966593146435E-014
           5          13  -6.8164081430482235E-013
           5          14   7.8883186433679226E-013
           5          15   7.4855340402482985E-013
           5          16   4.5797563641053794E-013
           5          17  -6.6805495969224982E-013
           5          18  -2.0182009003381054E-012
           5          19  -9.3153155564154515E-012
           5          20   3.2520975854333551E-012
           5          21  -8.2524362408684127E-013
           5          22  -1.4706771089185849E-012
           6           1  -3.2803149303854917E-012
           6           2   7.1147612086542452E-012
           6           3  -5.4959150649080099E-012
           6           4   1.4043836745316129E-011
           6           5  0.16149230536473055     
           6           6  0.38653964197293583     
           6           7   4.9492835360425633E-002
           6           8  0.10891275975165932     
           6           9  0.26068795924554267     
           6          10   3.3378687925089495E-002
           6          11  -5.1709722715111933E-013
           6          12   5.7142462332658085E-013
           6          13  -6.7233363668829015E-013
           6          14   1.0743152550941166E-012
           6          15   5.5717898325115263E-013
           6          16   1.7889806129761851E-012
           6          17  -9.7257249014689575E-013
           6          18  -2.8365636023935483E-012
           6          19  -1.4294947067013815E-011
           6          20   2.8571797148706774E-012
           6          21   1.0667265477875110E-012
           6          22  -3.7375400526535920E-012
           7           1  -3.1446974075199825E-013
           7           2   3.3122116520515269E-012
           7           3  -4.6981082852082633E-012
           7           4  -4.4876204504109295E-012
           7           5 -0.10829215818995341     
           7           6   4.9492835360425633E-002
           7           7  0.42715808412763567     
           7           8  -7.3033806504770010E-002
           7           9   3.3378687868855825E-002
           7          10  0.28808162723447339     
           7          11   4.7173399507107056E-015
           7          12   5.6950098420851487E-013
           7          13   1.1858786924944709E-012
           7          14  -8.7447982431878266E-013
           7          15  -1.6560752673036586E-012
           7          16   1.1062262409623731E-012
           7          17   8.6562625954593506E-013
           7          18   2.2338165679400231E-012
           7          19   9.0319792521605687E-012
           7          20  -6.2691965122723533E-012
           7          21   4.2462923136311063E-012
           7          22  -8.4717955921013850E-013
           8           1   3.5556410903316680E-013
           8           2  -1.4527122557209468E-012
           8           3  -2.3888531591963691E-012
           8           4   5.7053403365373461E-012
           8           5   7.2159270242229900E-002
           8           6  0.10891275975165932     
           8           7  -7.3033806504770010E-002
           8           8   4.8665261423082501E-002
           8           9   7.3452350112433548E-002
           8          10  -4.9255061891235838E-002
           8          11  -1.9250255315014722E-013
           8          12  -6.1023694392045713E-014
           8          13  -6.6354068150509051E-013
           8          14   5.9197479146158473E-013
           8          15   4.7742484037149314E-013
           8          16   8.5551480305165942E-014
           8          17  -4.8499532340866352E-013
           8          18  -1.4367858719864892E-012
           8          19  -6.4302879474440706E-012
           8          20   2.2440120007183387E-012
           8          21  -5.7975064749473468E-013
           8          22  -1.1562348575639411E-012
           9           1   1.1730627225948377E-012
           9           2  -1.7587840514770051E-012
           9           3  -7.6488557967857694E-012
           9           4   1.0303527038040370E-011
           9           5  0.10891276082950875     
           9           6  0.26068795924554267     
           9           7   3.3378687868855825E-002
           9           8   7.3452350112433548E-002
           9           9  0.17581175309404340     
           9          10   2.2511072514030381E-002
           9          11  -5.0240193853674646E-013
           9          12   1.9360755634878396E-013
           9          13  -8.9457647776456140E-013
           9          14   8.5312904413653354E-013
           9          15   3.1699766712405648E-013
           9          16   7.2359801499457451E-013
           9          17  -7.2856967098421322E-013
           9          18  -2.0753277466514563E-012
           9          19  -9.9566881332533729E-012
           9          20   2.0357627057725721E-012
           9          21   6.6967308726850997E-013
           9          22  -2.8719734795539539E-012
          10           1   7.7126284124153512E-014
          10           2   2.4487658453733251E-012
          10           3  -3.0484155711222245E-012
          10           4  -3.0661678651844023E-012
          10           5  -7.3033807345551469E-002
          10           6   3.3378687925089495E-002
          10           7  0.28808162723447339     
          10           8  -4.9255061891235838E-002
          10           9   2.2511072514030381E-002
          10          10  0.19428644109487159     
          10          11   1.0491668587583365E-014
          10          12   3.8923233450643395E-013
          10          13   8.1480828842798907E-013
          10          14  -5.9321709587705608E-013
          10          15  -1.1153021356040077E-012
          10          16   7.6221186087068462E-013
          10          17   5.9313897227734294E-013
          10          18   1.5108448657316515E-012
          10          19   6.1071320549099745E-012
          10          20  -4.2309385560678069E-012
          10          21   2.8650872606451597E-012
          10          22  -5.5457400406012427E-013
          11           1  -1.1259009228818298E-002
          11           2   3.9789182879454953E-002
          11           3   2.8730855273935384E-002
          11           4  -2.2863703301834442E-003
          11           5  -1.8200620264839359E-013
          11           6  -5.1709722715111933E-013
          11           7   4.7173399507107056E-015
          11           8  -1.9250255315014722E-013
          11           9  -5.0240193853674646E-013
          11          10   1.0491668587583365E-014
          11          11   2.7575051007251447E-003
          11          12  -4.0392973434996926E-004
          11          13   2.1519758188154091E-003
          11          14   2.7086381948197196E-004
          11          15  -1.2379306651025900E-004
          11          16   2.0639909699389919E-003
          11          17   2.0053214129654882E-003
          11          18  -3.2917783414133651E-004
          11          19   1.5118522621374508E-003
          11          20   2.2073731582761155E-004
          11          21  -1.0088371731033662E-004
          11          22   1.4401500189259240E-003
          12           1  -9.1363672733233824E-005
          12           2   1.9533924904431791E-003
          12           3  -1.3492102695938576E-004
          12           4  -1.0552568233229101E-003
          12           5   4.2132966593146435E-014
          12           6   5.7142462332658085E-013
          12           7   5.6950098420851487E-013
          12           8  -6.1023694392045713E-014
          12           9   1.9360755634878396E-013
          12          10   3.8923233450643395E-013
          12          11  -4.0392973434996926E-004
          12          12   4.4768368642325064E-004
          12          13   2.6719089888351373E-004
          12          14  -3.0020397869019131E-004
          12          15   1.3720241948924716E-004
          12          16   3.6470632925496668E-004
          12          17  -3.1833182766969720E-004
          12          18   3.7464650300707703E-004
          12          19   2.4329913589346807E-004
          12          20  -2.5122731513524876E-004
          12          21   1.1481858152963464E-004
          12          22   3.2490545327491847E-004
          13           1  -1.1395972093341394E-002
          13           2   4.2717504836341562E-002
          13           3   2.8528595703982151E-002
          13           4  -3.8683011576022544E-003
          13           5  -6.8164081430482235E-013
          13           6  -6.7233363668829015E-013
          13           7   1.1858786924944709E-012
          13           8  -6.6354068150509051E-013
          13           9  -8.9457647776456140E-013
          13          10   8.1480828842798907E-013
          13          11   2.1519758188154091E-003
          13          12   2.6719089888351373E-004
          13          13   2.5525205083523116E-003
          13          14  -1.7917063651402967E-004
          13          15   8.1886473399836186E-005
          13          16   2.6107206096218157E-003
          13          17   1.5281115752121507E-003
          13          18   2.3245308064612815E-004
          13          19   1.8765809165551912E-003
          13          20  -1.5587644057075823E-004
          13          21   7.1240310170228615E-005
          13          22   1.9272143426092452E-003
          14           1   6.1265888348310295E-005
          14           2  -1.3098895889609441E-003
          14           3   9.0474209057729571E-005
          14           4   7.0762528699732936E-004
          14           5   7.8883186433679226E-013
          14           6   1.0743152550941166E-012
          14           7  -8.7447982431878266E-013
          14           8   5.9197479146158473E-013
          14           9   8.5312904413653354E-013
          14          10  -5.9321709587705608E-013
          14          11   2.7086381948197196E-004
          14          12  -3.0020397869019131E-004
          14          13  -1.7917063651402967E-004
          14          14   2.0130827089423351E-004
          14          15  -9.2004049880995366E-005
          14          16  -2.4456171746916564E-004
          14          17   2.1346429188363452E-004
          14          18  -2.5122731566133173E-004
          14          19  -1.6314949801098496E-004
          14          20   1.6846590985273330E-004
          14          21  -7.6994083206982417E-005
          14          22  -2.1787237915946099E-004
          15           1  -2.8000395472693902E-005
          15           2   5.9865970674816181E-004
          15           3  -4.1349475085723135E-005
          15           4  -3.2340644602970361E-004
          15           5   7.4855340402482985E-013
          15           6   5.5717898325115263E-013
          15           7  -1.6560752673036586E-012
          15           8   4.7742484037149314E-013
          15           9   3.1699766712405648E-013
          15          10  -1.1153021356040077E-012
          15          11  -1.2379306651025900E-004
          15          12   1.3720241948924716E-004
          15          13   8.1886473399836186E-005
          15          14  -9.2004049880995366E-005
          15          15   4.2048670712352521E-005
          15          16   1.1177220162771134E-004
          15          17  -9.7559723399204842E-005
          15          18   1.1481858335741066E-004
          15          19   7.4564321769747443E-005
          15          20  -7.6994084271407576E-005
          15          21   3.5188655889018067E-005
          15          22   9.9574355707195882E-005
          16           1  -1.1415873134107943E-002
          16           2   4.3142997035264190E-002
          16           3   2.8499206924166964E-002
          16           4  -4.0981594858544041E-003
          16           5   4.5797563641053794E-013
          16           6   1.7889806129761851E-012
          16           7   1.1062262409623731E-012
          16           8   8.5551480305165942E-014
          16           9   7.2359801499457451E-013
          16          10   7.6221186087068462E-013
          16          11   2.0639909699389919E-003
          16          12   3.6470632925496668E-004
          16          13   2.6107206096218157E-003
          16          14  -2.4456171746916564E-004
          16          15   1.1177220162771134E-004
          16          16   2.6901617331776201E-003
          16          17   1.4587718474887231E-003
          16          18   3.1405939351537615E-004
          16          19   1.9295768619575504E-003
          16          20  -2.1059931857888691E-004
          16          21   9.6250342326684179E-005
          16          22   1.9979859528446806E-003
          17           1   1.9691750756065059E-002
          17           2   2.7596913751944417E-002
          17           3   1.9119766136313651E-002
          17           4  -2.5204682972918497E-003
          17           5  -6.6805495969224982E-013
          17           6  -9.7257249014689575E-013
          17           7   8.6562625954593506E-013
          17           8  -4.8499532340866352E-013
          17           9  -7.2856967098421322E-013
          17          10   5.9313897227734294E-013
          17          11   2.0053214129654882E-003
          17          12  -3.1833182766969720E-004
          17          13   1.5281115752121507E-003
          17          14   2.1346429188363452E-004
          17          15  -9.7559723399204842E-005
          17          16   1.4587718474887231E-003
          17          17   1.8452160540642043E-003
          17          18  -2.6794657011099533E-004
          17          19   1.4435384518421443E-003
          17          20   1.7967736749350077E-004
          17          21  -8.2118062769485982E-005
          17          22   1.3851737392696520E-003
          18           1  -5.2359852575493190E-004
          18           2   1.7737550362053800E-003
          18           3   8.3518984604017549E-007
          18           4  -8.7837780347025307E-004
          18           5  -2.0182009003381054E-012
          18           6  -2.8365636023935483E-012
          18           7   2.2338165679400231E-012
          18           8  -1.4367858719864892E-012
          18           9  -2.0753277466514563E-012
          18          10   1.5108448657316515E-012
          18          11  -3.2917783414133651E-004
          18          12   3.7464650300707703E-004
          18          13   2.3245308064612815E-004
          18          14  -2.5122731566133173E-004
          18          15   1.1481858335741066E-004
          18          16   3.1405939351537615E-004
          18          17  -2.6794657011099533E-004
          18          18   3.1407831579610912E-004
          18          19   2.0288688386446065E-004
          18          20  -2.1061200728275019E-004
          18          21   9.6256141242317153E-005
          18          22   2.7130010673256152E-004
          19           1   1.8906827041505026E-002
          19           2   3.0255941021356314E-002
          19           3   1.9121017272255597E-002
          19           4  -3.8372405981135114E-003
          19           5  -9.3153155564154515E-012
          19           6  -1.4294947067013815E-011
          19           7   9.0319792521605687E-012
          19           8  -6.4302879474440706E-012
          19           9  -9.9566881332533729E-012
          19          10   6.1071320549099745E-012
          19          11   1.5118522621374508E-003
          19          12   2.4329913589346807E-004
          19          13   1.8765809165551912E-003
          19          14  -1.6314949801098496E-004
          19          15   7.4564321769747443E-005
          19          16   1.9295768619575504E-003
          19          17   1.4435384518421443E-003
          19          18   2.0288688386446065E-004
          19          19   1.7476852578430628E-003
          19          20  -1.3605018786570181E-004
          19          21   6.2179105064572319E-005
          19          22   1.7918785137789450E-003
          20           1   3.5111031623063843E-004
          20           2  -1.1894298015623752E-003
          20           3  -5.6005513948600288E-007
          20           4   5.8901523297748553E-004
          20           5   3.2520975854333551E-012
          20           6   2.8571797148706774E-012
          20           7  -6.2691965122723533E-012
          20           8   2.2440120007183387E-012
          20           9   2.0357627057725721E-012
          20          10  -4.2309385560678069E-012
          20          11   2.2073731582761155E-004
          20          12  -2.5122731513524876E-004
          20          13  -1.5587644057075823E-004
          20          14   1.6846590985273330E-004
          20          15  -7.6994084271407576E-005
          20          16  -2.1059931857888691E-004
          20          17   1.7967736749350077E-004
          20          18  -2.1061200728275019E-004
          20          19  -1.3605018786570181E-004
          20          20   1.4123043642549590E-004
          20          21  -6.4546637258131506E-005
          20          22  -1.8192615404442582E-004
          21           1  -1.6046817575388105E-004
          21           2   5.4360587144826810E-004
          21           3   2.5596494506959812E-007
          21           4  -2.6919801128052649E-004
          21           5  -8.2524362408684127E-013
          21           6   1.0667265477875110E-012
          21           7   4.2462923136311063E-012
          21           8  -5.7975064749473468E-013
          21           9   6.6967308726850997E-013
          21          10   2.8650872606451597E-012
          21          11  -1.0088371731033662E-004
          21          12   1.1481858152963464E-004
          21          13   7.1240310170228615E-005
          21          14  -7.6994083206982417E-005
          21          15   3.5188655889018067E-005
          21          16   9.6250342326684179E-005
          21          17  -8.2118062769485982E-005
          21          18   9.6256141242317153E-005
          21          19   6.2179105064572319E-005
          21          20  -6.4546637258131506E-005
          21          21   2.9499791169523616E-005
          21          22   8.3145827413876310E-005
          22           1   1.8792775752535934E-002
          22           2   3.0642304026191662E-002
          22           3   1.9121199069516800E-002
          22           4  -4.0285707517465378E-003
          22           5  -1.4706771089185849E-012
          22           6  -3.7375400526535920E-012
          22           7  -8.4717955921013850E-013
          22           8  -1.1562348575639411E-012
          22           9  -2.8719734795539539E-012
          22          10  -5.5457400406012427E-013
          22          11   1.4401500189259240E-003
          22          12   3.2490545327491847E-004
          22          13   1.9272143426092452E-003
          22          14  -2.1787237915946099E-004
          22          15   9.9574355707195882E-005
          22          16   1.9979859528446806E-003
          22          17   1.3851737392696520E-003
          22          18   2.7130010673256152E-004
          22          19   1.7918785137789450E-003
          22          20  -1.8192615404442582E-004
          22          21   8.3145827413876310E-005
          22          22   1.8509736869367693E-003
