           1           1   2.3170160711071990     
           1           2  -1.0231050414197358     
           1           3  -3.1969976619882823E-002
           1           4  0.16961143757949623     
           1           5   2.4995922266470111E-016
           1           6   1.1778895596784284E-014
           1           7  -5.4479261682066928E-015
           1           8   1.9376937103823525E-015
           1           9  -4.3250753925833922E-015
           1          10   2.4572450305433267E-015
           1          11  0.12467081805872730     
           1          12  -1.3193769037023091E-003
           1          13  0.13208073452779939     
           1          14  -2.2845130704941810E-003
           1          15  -3.4097391819751542E-004
           1          16  0.13174338897286769     
           1          17  -9.9236634867486989E-002
           1          18  -8.7026779853193110E-004
           1          19  -9.4405269348956378E-002
           1          20  -1.5068723407241176E-003
           1          21  -2.2492142141875576E-004
           1          22  -9.4625249500019215E-002
           2           1  -1.0231050414197358     
           2           2   3.2926383295765893     
           2           3  -2.4062368087021224E-002
           2           4 -0.94968961396439378     
           2           5  -6.7941008362769484E-015
           2           6  -2.5733335684765219E-014
           2           7   1.4208754140915439E-014
           2           8  -5.7849884923538359E-015
           2           9   5.1886924030385170E-015
           2          10  -5.4735176299321535E-015
           2          11 -0.25984552527110150     
           2          12   3.0914055061366653E-003
           2          13 -0.27722682661676540     
           2          14   5.3528049417807446E-003
           2          15   7.9890323014325515E-004
           2          16 -0.27643557325212803     
           2          17  0.45240668276945678     
           2          18   1.7184619853324362E-003
           2          19  0.44287468458614776     
           2          20   2.9755223933085515E-003
           2          21   4.4414333344558530E-004
           2          22  0.44330870330230743     
           3           1  -3.1969976619882823E-002
           3           2  -2.4062368087021224E-002
           3           3  0.15225231531098365     
           3           4  0.11414076299806471     
           3           5  -5.2202601490792101E-015
           3           6  -3.1445579286911414E-014
           3           7   2.1443712844338254E-014
           3           8  -3.4849439821044559E-015
           3           9   3.8803518939168984E-015
           3          10  -3.8803355291798421E-015
           3          11   3.5536979215997827E-002
           3          12   1.9750785975950940E-003
           3          13   2.4432711667472518E-002
           3          14   3.4198715603711797E-003
           3          15   5.1041472095478583E-004
           3          16   2.4938215464177935E-002
           3          17  -1.9135873600940278E-002
           3          18   1.1067522601192540E-003
           3          19  -2.5275096295408812E-002
           3          20   1.9163451153187546E-003
           3          21   2.8604434483075499E-004
           3          22  -2.4995560556955787E-002
           4           1  0.16961143757949623     
           4           2 -0.94968961396439378     
           4           3  0.11414076299806471     
           4           4  0.35663705969391907     
           4           5   2.4702682977332667E-015
           4           6   5.7078048241872471E-014
           4           7  -4.6813687220940676E-014
           4           8  -9.7523739476210827E-016
           4           9  -6.8873915648811202E-016
           4          10   4.3067018993454527E-016
           4          11   9.4574483711495794E-002
           4          12   5.2725732888770564E-004
           4          13   9.1610500633200004E-002
           4          14   9.1295204280306694E-004
           4          15   1.3625830018617989E-004
           4          16   9.1745432122427348E-002
           4          17 -0.14418571238836106     
           4          18   3.0140715064196012E-004
           4          19 -0.14585781534482306     
           4          20   5.2188749342124609E-004
           4          21   7.7899709444685786E-005
           4          22 -0.14578168012474810     
           5           1   2.4995922266470111E-016
           5           2  -6.7941008362769484E-015
           5           3  -5.2202601490792101E-015
           5           4   2.4702682977332667E-015
           5           5   8.4205778195211758E-002
           5           6 -0.14114668009809817     
           5           7 -0.24439985026725544     
           5           8  -2.3796493470878942E-003
           5           9   3.9887952149842212E-003
           5          10   6.9067225145596923E-003
           5          11  -6.7128570672085391E-016
           5          12  -3.2337986440434872E-017
           5          13  -2.0644900851141145E-016
           5          14  -1.0864122391763110E-016
           5          15   6.4311640967368287E-017
           5          16  -3.9981457316512891E-016
           5          17  -1.8029117120778269E-015
           5          18   7.4218870426309946E-016
           5          19  -1.3684836749101316E-015
           5          20  -1.5057179296405056E-016
           5          21  -5.8093940692488595E-017
           5          22  -1.3804939031554231E-015
           6           1   1.1778895596784284E-014
           6           2  -2.5733335684765219E-014
           6           3  -3.1445579286911414E-014
           6           4   5.7078048241872471E-014
           6           5 -0.14114668009809817     
           6           6   1.0090855461055350     
           6           7  -3.6467643020412388E-002
           6           8   3.9887952149759813E-003
           6           9  -2.8516686294134910E-002
           6          10   1.0305730172378742E-003
           6          11   6.3865611426498745E-015
           6          12   1.2719442290114024E-015
           6          13  -4.9925656631509437E-015
           6          14  -6.7404224783863017E-015
           6          15  -9.3327716318719307E-016
           6          16   9.3901896761881706E-016
           6          17  -1.3134122458895562E-014
           6          18   4.7541868479933357E-015
           6          19  -5.2316606729699416E-015
           6          20  -8.1287336749727253E-016
           6          21  -7.5922867291960300E-015
           6          22  -1.6145880701319461E-014
           7           1  -5.4479261682066928E-015
           7           2   1.4208754140915439E-014
           7           3   2.1443712844338254E-014
           7           4  -4.6813687220940676E-014
           7           5 -0.24439985026725544     
           7           6  -3.6467643020412388E-002
           7           7  0.96700161649332750     
           7           8   6.9067225145638964E-003
           7           9   1.0305730172386115E-003
           7          10  -2.7327397414306592E-002
           7          11  -2.7035953455288717E-015
           7          12  -8.6444060872713555E-016
           7          13   3.5028992828385952E-015
           7          14   3.8716647221818246E-015
           7          15   2.2416818101782392E-016
           7          16   7.6040724718766262E-016
           7          17   1.2600058332374044E-014
           7          18  -5.7593401755396110E-015
           7          19   7.1372357271099189E-015
           7          20   8.0797158705908208E-016
           7          21   4.5731148689777039E-015
           7          22   1.3451312217915944E-014
           8           1   1.9376937103823525E-015
           8           2  -5.7849884923538359E-015
           8           3  -3.4849439821044559E-015
           8           4  -9.7523739476210827E-016
           8           5  -2.3796493470878942E-003
           8           6   3.9887952149759813E-003
           8           7   6.9067225145638964E-003
           8           8   6.7248722551653171E-005
           8           9  -1.1272307117666689E-004
           8          10  -1.9518349066495312E-004
           8          11  -2.9419632780200258E-016
           8          12  -5.3690998859562767E-017
           8          13  -3.1896139302909838E-019
           8          14  -9.1478777062990110E-017
           8          15  -1.5928824942341386E-017
           8          16  -8.8307226433751915E-018
           8          17  -3.7951259967784933E-016
           8          18  -5.1328564612269842E-017
           8          19  -2.2341931831395601E-016
           8          20  -4.8303529965760734E-017
           8          21  -6.2034754652021851E-018
           8          22  -2.3074627878367596E-016
           9           1  -4.3250753925833922E-015
           9           2   5.1886924030385170E-015
           9           3   3.8803518939168984E-015
           9           4  -6.8873915648811202E-016
           9           5   3.9887952149842212E-003
           9           6  -2.8516686294134910E-002
           9           7   1.0305730172386115E-003
           9           8  -1.1272307117666689E-004
           9           9   8.0587954146858147E-004
           9          10  -2.9123920711438526E-005
           9          11   9.4660037330597876E-017
           9          12   7.7444531772750048E-018
           9          13   1.7061003876906846E-016
           9          14   2.6613275015666269E-016
           9          15   3.7664928976193136E-017
           9          16   1.4165499502884596E-017
           9          17   6.3836357552401025E-016
           9          18  -1.0974807161417416E-016
           9          19   2.7855189930626908E-016
           9          20   6.5575231277358626E-017
           9          21   2.2091671818898071E-016
           9          22   5.9320168710868865E-016
          10           1   2.4572450305433267E-015
          10           2  -5.4735176299321535E-015
          10           3  -3.8803355291798421E-015
          10           4   4.3067018993454527E-016
          10           5   6.9067225145596923E-003
          10           6   1.0305730172378742E-003
          10           7  -2.7327397414306592E-002
          10           8  -1.9518349066495312E-004
          10           9  -2.9123920711438526E-005
          10          10   7.7227032168524141E-004
          10          11  -2.4184718402248004E-016
          10          12  -2.4057719106888538E-017
          10          13  -1.4463538206844293E-016
          10          14  -1.9336834487987944E-016
          10          15  -1.8865281894716831E-017
          10          16  -7.9542724606604542E-017
          10          17  -7.0246361600571829E-016
          10          18   1.3567463069320693E-016
          10          19  -3.9785107757874750E-016
          10          20  -6.9729107674299607E-017
          10          21  -1.3623584652109536E-016
          10          22  -5.8312698503529770E-016
          11           1  0.12467081805872730     
          11           2 -0.25984552527110150     
          11           3   3.5536979215997827E-002
          11           4   9.4574483711495794E-002
          11           5  -6.7128570672085391E-016
          11           6   6.3865611426498745E-015
          11           7  -2.7035953455288717E-015
          11           8  -2.9419632780200258E-016
          11           9   9.4660037330597876E-017
          11          10  -2.4184718402248004E-016
          11          11   3.0293452693186833E-002
          11          12   1.9032633229462223E-004
          11          13   2.9223426987818404E-002
          11          14   3.2955224691750824E-004
          11          15   4.9185601336748555E-005
          11          16   2.9272138242546094E-002
          11          17  -3.7765656739753989E-002
          11          18   1.0706914165950276E-004
          11          19  -3.8359588409038650E-002
          11          20   1.8539056748721931E-004
          11          21   2.7672419881127678E-005
          11          22  -3.8332545079088405E-002
          12           1  -1.3193769037023091E-003
          12           2   3.0914055061366653E-003
          12           3   1.9750785975950940E-003
          12           4   5.2725732888770564E-004
          12           5  -3.2337986440434872E-017
          12           6   1.2719442290114024E-015
          12           7  -8.6444060872713555E-016
          12           8  -5.3690998859562767E-017
          12           9   7.7444531772750048E-018
          12          10  -2.4057719106888538E-017
          12          11   1.9032633229462223E-004
          12          12   2.9302622038409275E-005
          12          13   2.5577724566879066E-005
          12          14   5.0737832412877857E-005
          12          15   7.5725998277955135E-006
          12          16   3.3077628218751327E-005
          12          17   2.1419717944865543E-004
          12          18   1.6358540594486651E-005
          12          19   1.2345719802364712E-004
          12          20   2.8324865516932842E-005
          12          21   4.2279284638657391E-006
          12          22   1.2758884205758407E-004
          13           1  0.13208073452779939     
          13           2 -0.27722682661676540     
          13           3   2.4432711667472518E-002
          13           4   9.1610500633200004E-002
          13           5  -2.0644900851141145E-016
          13           6  -4.9925656631509437E-015
          13           7   3.5028992828385952E-015
          13           8  -3.1896139302909838E-019
          13           9   1.7061003876906846E-016
          13          10  -1.4463538206844293E-016
          13          11   2.9223426987818404E-002
          13          12   2.5577724566879066E-005
          13          13   2.9079670120560723E-002
          13          14   4.4288107789834960E-005
          13          15   6.6100504426414115E-006
          13          16   2.9086214542388175E-002
          13          17  -3.8970096177952426E-002
          13          18   1.5097343730322169E-005
          13          19  -3.9053865058008057E-002
          13          20   2.6141104337775127E-005
          13          21   3.9019508439377084E-006
          13          22  -3.9050050860523239E-002
          14           1  -2.2845130704941810E-003
          14           2   5.3528049417807446E-003
          14           3   3.4198715603711797E-003
          14           4   9.1295204280306694E-004
          14           5  -1.0864122391763110E-016
          14           6  -6.7404224783863017E-015
          14           7   3.8716647221818246E-015
          14           8  -9.1478777062990110E-017
          14           9   2.6613275015666269E-016
          14          10  -1.9336834487987944E-016
          14          11   3.2955224691750824E-004
          14          12   5.0737832412877857E-005
          14          13   4.4288107789834960E-005
          14          14   8.7853149611773912E-005
          14          15   1.3112045075274946E-005
          14          16   5.7274278588406841E-005
          14          17   3.7088498541664806E-004
          14          18   2.8325003693751940E-005
          14          19   2.1376765004326386E-004
          14          20   4.9044834761268491E-005
          14          21   7.3207074105639398E-006
          14          22   2.2092163984060266E-004
          15           1  -3.4097391819751542E-004
          15           2   7.9890323014325515E-004
          15           3   5.1041472095478583E-004
          15           4   1.3625830018617989E-004
          15           5   6.4311640967368287E-017
          15           6  -9.3327716318719307E-016
          15           7   2.2416818101782392E-016
          15           8  -1.5928824942341386E-017
          15           9   3.7664928976193136E-017
          15          10  -1.8865281894716831E-017
          15          11   4.9185601336748555E-005
          15          12   7.5725998277955135E-006
          15          13   6.6100504426414115E-006
          15          14   1.3112045075274946E-005
          15          15   1.9569671301166314E-006
          15          16   8.5482308866169459E-006
          15          17   5.5354207270590183E-005
          15          18   4.2274962449341783E-006
          15          19   3.1904503475351814E-005
          15          20   7.3199233097608920E-006
          15          21   1.0926128526640499E-006
          15          22   3.2972233788454316E-005
          16           1  0.13174338897286769     
          16           2 -0.27643557325212803     
          16           3   2.4938215464177935E-002
          16           4   9.1745432122427348E-002
          16           5  -3.9981457316512891E-016
          16           6   9.3901896761881706E-016
          16           7   7.6040724718766262E-016
          16           8  -8.8307226433751915E-018
          16           9   1.4165499502884596E-017
          16          10  -7.9542724606604542E-017
          16          11   2.9272138242546094E-002
          16          12   3.3077628218751327E-005
          16          13   2.9086214542388175E-002
          16          14   5.7274278588406841E-005
          16          15   8.5482308866169459E-006
          16          16   2.9094678538451661E-002
          16          17  -3.8915266511590857E-002
          16          18   1.9284208277669065E-005
          16          19  -3.9022259712055661E-002
          16          20   3.3390673732510296E-005
          16          21   4.9840622772367234E-006
          16          22  -3.9017388046588990E-002
          17           1  -9.9236634867486989E-002
          17           2  0.45240668276945678     
          17           3  -1.9135873600940278E-002
          17           4 -0.14418571238836106     
          17           5  -1.8029117120778269E-015
          17           6  -1.3134122458895562E-014
          17           7   1.2600058332374044E-014
          17           8  -3.7951259967784933E-016
          17           9   6.3836357552401025E-016
          17          10  -7.0246361600571829E-016
          17          11  -3.7765656739753989E-002
          17          12   2.1419717944865543E-004
          17          13  -3.8970096177952426E-002
          17          14   3.7088498541664806E-004
          17          15   5.5354207270590183E-005
          17          16  -3.8915266511590857E-002
          17          17   6.4720207043458239E-002
          17          18   1.1699705187001554E-004
          17          19   6.4071308316279774E-002
          17          20   2.0258075411543213E-004
          17          21   3.0238394942131300E-005
          17          22   6.4100854586039424E-002
          18           1  -8.7026779853193110E-004
          18           2   1.7184619853324362E-003
          18           3   1.1067522601192540E-003
          18           4   3.0140715064196012E-004
          18           5   7.4218870426309946E-016
          18           6   4.7541868479933357E-015
          18           7  -5.7593401755396110E-015
          18           8  -5.1328564612269842E-017
          18           9  -1.0974807161417416E-016
          18          10   1.3567463069320693E-016
          18          11   1.0706914165950276E-004
          18          12   1.6358540594486651E-005
          18          13   1.5097343730322169E-005
          18          14   2.8325003693751940E-005
          18          15   4.2274962449341783E-006
          18          16   1.9284208277669065E-005
          18          17   1.1699705187001554E-004
          18          18   9.1504924736499784E-006
          18          19   6.6239194383892487E-005
          18          20   1.5844107188664282E-005
          18          21   2.3649800190096056E-006
          18          22   6.8550340249222568E-005
          19           1  -9.4405269348956378E-002
          19           2  0.44287468458614776     
          19           3  -2.5275096295408812E-002
          19           4 -0.14585781534482306     
          19           5  -1.3684836749101316E-015
          19           6  -5.2316606729699416E-015
          19           7   7.1372357271099189E-015
          19           8  -2.2341931831395601E-016
          19           9   2.7855189930626908E-016
          19          10  -3.9785107757874750E-016
          19          11  -3.8359588409038650E-002
          19          12   1.2345719802364712E-004
          19          13  -3.9053865058008057E-002
          19          14   2.1376765004326386E-004
          19          15   3.1904503475351814E-005
          19          16  -3.9022259712055661E-002
          19          17   6.4071308316279774E-002
          19          18   6.6239194383892487E-005
          19          19   6.3703963861165003E-002
          19          20   1.1469336040138771E-004
          19          21   1.7119831213676509E-005
          19          22   6.3720690184952550E-002
          20           1  -1.5068723407241176E-003
          20           2   2.9755223933085515E-003
          20           3   1.9163451153187546E-003
          20           4   5.2188749342124609E-004
          20           5  -1.5057179296405056E-016
          20           6  -8.1287336749727253E-016
          20           7   8.0797158705908208E-016
          20           8  -4.8303529965760734E-017
          20           9   6.5575231277358626E-017
          20          10  -6.9729107674299607E-017
          20          11   1.8539056748721931E-004
          20          12   2.8324865516932842E-005
          20          13   2.6141104337775127E-005
          20          14   4.9044834761268491E-005
          20          15   7.3199233097608920E-006
          20          16   3.3390673732510296E-005
          20          17   2.0258075411543213E-004
          20          18   1.5844107188664282E-005
          20          19   1.1469336040138771E-004
          20          20   2.7434122625506729E-005
          20          21   4.0949705196871979E-006
          20          22   1.1869511691075469E-004
          21           1  -2.2492142141875576E-004
          21           2   4.4414333344558530E-004
          21           3   2.8604434483075499E-004
          21           4   7.7899709444685786E-005
          21           5  -5.8093940692488595E-017
          21           6  -7.5922867291960300E-015
          21           7   4.5731148689777039E-015
          21           8  -6.2034754652021851E-018
          21           9   2.2091671818898071E-016
          21          10  -1.3623584652109536E-016
          21          11   2.7672419881127678E-005
          21          12   4.2279284638657391E-006
          21          13   3.9019508439377084E-006
          21          14   7.3207074105639398E-006
          21          15   1.0926128526640499E-006
          21          16   4.9840622772367234E-006
          21          17   3.0238394942131300E-005
          21          18   2.3649800190096056E-006
          21          19   1.7119831213676509E-005
          21          20   4.0949705196871979E-006
          21          21   6.1123819362588685E-007
          21          22   1.7717155762474021E-005
          22           1  -9.4625249500019215E-002
          22           2  0.44330870330230743     
          22           3  -2.4995560556955787E-002
          22           4 -0.14578168012474810     
          22           5  -1.3804939031554231E-015
          22           6  -1.6145880701319461E-014
          22           7   1.3451312217915944E-014
          22           8  -2.3074627878367596E-016
          22           9   5.9320168710868865E-016
          22          10  -5.8312698503529770E-016
          22          11  -3.8332545079088405E-002
          22          12   1.2758884205758407E-004
          22          13  -3.9050050860523239E-002
          22          14   2.2092163984060266E-004
          22          15   3.2972233788454316E-005
          22          16  -3.9017388046588990E-002
          22          17   6.4100854586039424E-002
          22          18   6.8550340249222568E-005
          22          19   6.3720690184952550E-002
          22          20   1.1869511691075469E-004
          22          21   1.7717155762474021E-005
          22          22   6.3738000236394199E-002
