           1           1   2.1844307457675227     
           1           2 -0.67776630922978265     
           1           3   5.9817739634541539E-002
           1           4   6.1648053957224641E-002
           1           5  -4.9937929293204725E-003
           1           6   9.8755911944746596E-014
           1           7  -6.9443011124867012E-014
           1           8   3.2850059070978786E-015
           1           9   7.5529045234508237E-014
           1          10  -8.9958971298067665E-014
           1          11  -9.2416240766158212E-015
           1          12   9.5694648067196456E-015
           1          13   4.8419482923134064E-014
           1          14   5.4615195319633396E-015
           1          15  -5.5204782487028073E-014
           1          16  -8.7483776525432252E-015
           1          17   3.1005046828198932E-014
           1          18   2.1818522752628411E-002
           1          19  -1.2878086604571235E-004
           1          20   2.1575093089867069E-002
           1          21  -5.6885428383967522E-005
           1          22  -1.4628411073403110E-004
           1          23   2.1805932424990862E-002
           1          24   4.1405373053755657E-003
           1          25  -3.8423064995781288E-004
           1          26   3.4142404538299387E-003
           1          27  -1.6972338995091684E-004
           1          28  -4.3645333928796307E-004
           1          29   4.1029727981872020E-003
           2           1 -0.67776630922978265     
           2           2   2.6981906990578515     
           2           3 -0.73011805227933957     
           2           4 -0.42695999157881859     
           2           5  -2.3415839689926686E-004
           2           6  -8.7279000506858554E-014
           2           7   3.5318123528796410E-014
           2           8   2.9698043573416613E-014
           2           9  -1.1414318683390532E-013
           2          10   1.5161704215181032E-013
           2          11   2.4015145690309741E-014
           2          12  -1.7492426025362915E-016
           2          13  -8.8271431850968581E-014
           2          14   1.7087366496199871E-014
           2          15   6.3524596015249069E-014
           2          16   5.2996625550472488E-014
           2          17  -4.6923131238515239E-014
           2          18  -1.6589629337756814E-002
           2          19   6.9275996933625301E-004
           2          20  -1.5280131033332950E-002
           2          21   3.0600778561732734E-004
           2          22   7.8691640500986280E-004
           2          23  -1.6521901302875969E-002
           2          24  -7.2926855535168159E-003
           2          25   2.5722135265997389E-003
           2          26  -2.4305263630009341E-003
           2          27   1.1362050355119128E-003
           2          28   2.9218157969355518E-003
           2          29  -7.0412117746444028E-003
           3           1   5.9817739634541539E-002
           3           2 -0.73011805227933957     
           3           3   1.1068960565751804     
           3           4  0.54139382047846429     
           3           5  -2.8845346460862682E-002
           3           6   1.8605259287544562E-014
           3           7  -4.7609618056530742E-014
           3           8   1.1893020596021020E-015
           3           9   4.6587326968213609E-014
           3          10  -6.6740212303868692E-014
           3          11  -2.2078440467486907E-014
           3          12  -7.6049363829418910E-015
           3          13   4.5378175889792735E-014
           3          14  -4.9846688048145437E-014
           3          15  -1.2538184518416887E-015
           3          16  -5.4464691537220641E-014
           3          17   4.3477877827577856E-014
           3          18   3.2386454833895503E-002
           3          19  -5.8306894872224395E-004
           3          20   3.1284301370290313E-002
           3          21  -2.5755477480171336E-004
           3          22  -6.6231673505349684E-004
           3          23   3.2329450798115680E-002
           3          24   2.8385616108198543E-002
           3          25  -3.7778273023246554E-003
           3          26   2.1244530211502570E-002
           3          27  -1.6687519755104203E-003
           3          28  -4.2912905073126568E-003
           3          29   2.8016274878242063E-002
           4           1   6.1648053957224641E-002
           4           2 -0.42695999157881859     
           4           3  0.54139382047846429     
           4           4  0.26717972446258798     
           4           5  -1.3538361720075519E-002
           4           6   1.6527121800329072E-014
           4           7   5.2228308090809695E-014
           4           8   2.2576457845852635E-014
           4           9   8.8788576494187515E-014
           4          10   5.6562275949680981E-014
           4          11  -8.2547230901704346E-015
           4          12   7.3425984582589088E-014
           4          13   1.3795537245892578E-013
           4          14  -2.1934356423011747E-014
           4          15   3.4619447054094491E-015
           4          16  -2.1382386080594683E-014
           4          17   2.0062856099083980E-014
           4          18   1.5951003767006727E-002
           4          19  -5.4057508785827595E-004
           4          20   1.4929174861943791E-002
           4          21  -2.3878427296688664E-004
           4          22  -6.1404732328579782E-004
           4          23   1.5898154165401936E-002
           4          24   1.3631882522704770E-002
           4          25  -1.9433486943889776E-003
           4          26   9.9584430445873191E-003
           4          27  -8.5842118057488333E-004
           4          28  -2.2074788330074908E-003
           4          29   1.3441890037718361E-002
           5           1  -4.9937929293204725E-003
           5           2  -2.3415839689926686E-004
           5           3  -2.8845346460862682E-002
           5           4  -1.3538361720075519E-002
           5           5   9.6283996939129548E-004
           5           6  -4.9991804602541458E-014
           5           7  -9.9742280007485955E-014
           5           8   1.1494859792144819E-014
           5           9  -9.4847234836270222E-014
           5          10  -9.6922012055716169E-014
           5          11  -9.5862353260056574E-015
           5          12  -1.1789806600717327E-013
           5          13  -1.2204511437835319E-013
           5          14  -7.8272403668631669E-015
           5          15  -1.0823321891520417E-014
           5          16  -4.3481332921697415E-015
           5          17   8.6296076724341943E-016
           5          18  -9.5876994429047149E-004
           5          19  -3.1593770179139168E-005
           5          20  -1.0184904684460358E-003
           5          21  -1.3955684624059115E-005
           5          22  -3.5887835840494545E-005
           5          23  -9.6185872548759568E-004
           5          24  -8.5267685040421983E-004
           5          25   8.1942619118783661E-005
           5          26  -6.9778377697938144E-004
           5          27   3.6195912779957733E-005
           5          28   9.3079846013957262E-005
           5          29  -8.4466568808537143E-004
           6           1   9.8755911944746596E-014
           6           2  -8.7279000506858554E-014
           6           3   1.8605259287544562E-014
           6           4   1.6527121800329072E-014
           6           5  -4.9991804602541458E-014
           6           6   2.0821226629753431     
           6           7  -2.1780108822991404E-002
           6           8  -9.6207678948469419E-003
           6           9  0.17415249277540085     
           6          10  -3.7613288177480164E-002
           6          11  -1.6614642207390902E-002
           6          12  0.33827351281542861     
           6          13  -4.7896973679256882E-002
           6          14  -2.1157179259167422E-002
           6          15   2.9176141722927956E-002
           6          16  -7.7503291237506818E-003
           6          17  -3.4234960998916438E-003
           6          18   3.7234948630116496E-014
           6          19  -4.5699709426119865E-014
           6          20  -5.3872172028409294E-014
           6          21  -1.0963273738303353E-014
           6          22   7.4171637260398828E-013
           6          23   2.4641454481615814E-014
           6          24   5.2284726208410867E-014
           6          25   3.8866860947193670E-014
           6          26  -4.5203981738807992E-014
           6          27   1.2999216593174410E-016
           6          28  -7.9452400450911441E-013
           6          29   5.2695402496487919E-014
           7           1  -6.9443011124867012E-014
           7           2   3.5318123528796410E-014
           7           3  -4.7609618056530742E-014
           7           4   5.2228308090809695E-014
           7           5  -9.9742280007485955E-014
           7           6  -2.1780108822991404E-002
           7           7   2.0345834957310815     
           7           8  -2.4740351202498349E-002
           7           9  -3.7613288177484015E-002
           7          10   9.2054445809185093E-002
           7          11  -4.2725496319544254E-002
           7          12  -4.7896973679304074E-002
           7          13  0.23372939595682066     
           7          14  -5.4406888411237600E-002
           7          15  -7.7503291237341586E-003
           7          16   1.2259596660406302E-002
           7          17  -8.8037147108291289E-003
           7          18   3.0286110274185927E-014
           7          19   6.0354574859106078E-014
           7          20  -5.2555109794203402E-014
           7          21   6.1579574217339045E-014
           7          22   2.9931753457756412E-014
           7          23   3.8707618744458512E-014
           7          24   5.5308052511955913E-014
           7          25  -7.2441725653230551E-014
           7          26  -3.8170591442320864E-014
           7          27  -8.2506654712015506E-014
           7          28   2.4344856691149760E-015
           7          29   4.0226821330962283E-014
           8           1   3.2850059070978786E-015
           8           2   2.9698043573416613E-014
           8           3   1.1893020596021020E-015
           8           4   2.2576457845852635E-014
           8           5   1.1494859792144819E-014
           8           6  -9.6207678948469419E-003
           8           7  -2.4740351202498349E-002
           8           8   2.0796639088364994     
           8           9  -1.6614642207425204E-002
           8          10  -4.2725496319479486E-002
           8          11  0.16990633272598996     
           8          12  -2.1157179259164098E-002
           8          13  -5.4406888411287331E-002
           8          14  0.33286642861790061     
           8          15  -3.4234960999317476E-003
           8          16  -8.8037147107837901E-003
           8          17   2.8301207903292880E-002
           8          18   3.0131022980836169E-014
           8          19  -3.8069448281256031E-014
           8          20  -8.0586197673588887E-014
           8          21  -3.5466124515822038E-014
           8          22   8.6438396844698948E-014
           8          23   3.0859887822321490E-014
           8          24   4.3987449810078003E-014
           8          25   6.8852063713334017E-014
           8          26  -1.0600253691719434E-013
           8          27   3.9638967095375933E-014
           8          28  -8.8206852901881394E-014
           8          29   2.6752710368421990E-014
           9           1   7.5529045234508237E-014
           9           2  -1.1414318683390532E-013
           9           3   4.6587326968213609E-014
           9           4   8.8788576494187515E-014
           9           5  -9.4847234836270222E-014
           9           6  0.17415249277540085     
           9           7  -3.7613288177484015E-002
           9           8  -1.6614642207425204E-002
           9           9  0.45946224667509583     
           9          10  -6.2875961574447428E-002
           9          11  -2.7773737836391921E-002
           9          12  0.57859354918595540     
           9          13  -8.4879720858405672E-002
           9          14  -3.7493297211114919E-002
           9          15   5.7897644548267888E-002
           9          16  -1.3389756099630019E-002
           9          17  -5.9145588598728642E-003
           9          18  -3.6054763202204506E-015
           9          19   7.5889890732463879E-015
           9          20  -6.7984908225600363E-015
           9          21   2.6878663370426022E-015
           9          22   7.6893669707211937E-014
           9          23   7.7505727683294209E-015
           9          24   6.4978442903451573E-015
           9          25   2.6097630470863818E-014
           9          26  -1.9803861105465207E-014
           9          27   7.0963810659565161E-016
           9          28  -1.6386494386118647E-013
           9          29   8.4870851171702957E-015
          10           1  -8.9958971298067665E-014
          10           2   1.5161704215181032E-013
          10           3  -6.6740212303868692E-014
          10           4   5.6562275949680981E-014
          10           5  -9.6922012055716169E-014
          10           6  -3.7613288177480164E-002
          10           7   9.2054445809185093E-002
          10           8  -4.2725496319479486E-002
          10           9  -6.2875961574447428E-002
          10          10  0.32222368295181913     
          10          11  -7.1421744681330432E-002
          10          12  -8.4879720858380803E-002
          10          13  0.39332765919952489     
          10          14  -9.6416143784788050E-002
          10          15  -1.3389756099621807E-002
          10          16   2.8671993763739738E-002
          10          17  -1.5209624116170399E-002
          10          18  -2.5529244177677324E-015
          10          19   4.3659970533604663E-015
          10          20  -1.8272112799672660E-014
          10          21  -3.6267932951691327E-015
          10          22   3.6653386967864977E-016
          10          23   8.4761177676166356E-015
          10          24   2.4093899805614922E-014
          10          25  -1.2969643621629563E-014
          10          26  -1.5585846093903951E-014
          10          27  -2.2205685916239558E-014
          10          28   3.7266275498161639E-014
          10          29   1.7582816024570752E-014
          11           1  -9.2416240766158212E-015
          11           2   2.4015145690309741E-014
          11           3  -2.2078440467486907E-014
          11           4  -8.2547230901704346E-015
          11           5  -9.5862353260056574E-015
          11           6  -1.6614642207390902E-002
          11           7  -4.2725496319544254E-002
          11           8  0.16990633272598996     
          11           9  -2.7773737836391921E-002
          11          10  -7.1421744681330432E-002
          11          11  0.45236418614805884     
          11          12  -3.7493297211108584E-002
          11          13  -9.6416143784843450E-002
          11          14  0.56901148664435164     
          11          15  -5.9145588598974921E-003
          11          16  -1.5209624116168219E-002
          11          17   5.6386076425014878E-002
          11          18   7.6232139000047335E-015
          11          19  -1.7917759263753555E-014
          11          20  -1.5496923390773952E-014
          11          21  -1.2291993193043054E-014
          11          22   1.5154378599362166E-014
          11          23   7.5035892303915214E-016
          11          24   3.4581964015886878E-014
          11          25   1.7399745766562972E-015
          11          26   3.2904372146453648E-017
          11          27   1.4596958376313941E-014
          11          28   4.9201499401585288E-015
          11          29   1.9998885811499376E-014
          12           1   9.5694648067196456E-015
          12           2  -1.7492426025362915E-016
          12           3  -7.6049363829418910E-015
          12           4   7.3425984582589088E-014
          12           5  -1.1789806600717327E-013
          12           6  0.33827351281542861     
          12           7  -4.7896973679304074E-002
          12           8  -2.1157179259164098E-002
          12           9  0.57859354918595540     
          12          10  -8.4879720858380803E-002
          12          11  -3.7493297211108584E-002
          12          12  0.73578617947592850     
          12          13 -0.11363571551113762     
          12          14  -5.0195472044039624E-002
          12          15   7.3507914817728254E-002
          12          16  -1.7382035367742202E-002
          12          17  -7.6780391309519726E-003
          12          18  -4.6507961123871977E-015
          12          19   6.9228279833916736E-015
          12          20  -1.3293239156541381E-014
          12          21   2.8945398946468754E-015
          12          22   1.3864595939450005E-013
          12          23   8.4769512283042019E-015
          12          24   9.2692927331740693E-015
          12          25   3.4916036492252049E-014
          12          26  -2.7652065779693907E-014
          12          27   1.3123362301304336E-015
          12          28  -2.4932523448313896E-013
          12          29   1.1986497972247677E-014
          13           1   4.8419482923134064E-014
          13           2  -8.8271431850968581E-014
          13           3   4.5378175889792735E-014
          13           4   1.3795537245892578E-013
          13           5  -1.2204511437835319E-013
          13           6  -4.7896973679256882E-002
          13           7  0.23372939595682066     
          13           8  -5.4406888411287331E-002
          13           9  -8.4879720858405672E-002
          13          10  0.39332765919952489     
          13          11  -9.6416143784843450E-002
          13          12 -0.11363571551113762     
          13          13  0.48775494474151149     
          13          14 -0.12908050798247822     
          13          15  -1.7382035367731963E-002
          13          16   3.5568366718265257E-002
          13          17  -1.9744513817150328E-002
          13          18   2.3388415675762833E-015
          13          19   1.0352311474053661E-014
          13          20  -1.8444946556095136E-014
          13          21   1.1177763421233801E-016
          13          22   2.5296779591890361E-015
          13          23   1.6188747397056006E-014
          13          24   3.3495590674749564E-014
          13          25  -2.0198679780181494E-014
          13          26  -1.8345477929225418E-014
          13          27  -3.1803731516025414E-014
          13          28   4.7089801304302459E-014
          13          29   2.5035914542239532E-014
          14           1   5.4615195319633396E-015
          14           2   1.7087366496199871E-014
          14           3  -4.9846688048145437E-014
          14           4  -2.1934356423011747E-014
          14           5  -7.8272403668631669E-015
          14           6  -2.1157179259167422E-002
          14           7  -5.4406888411237600E-002
          14           8  0.33286642861790061     
          14           9  -3.7493297211114919E-002
          14          10  -9.6416143784788050E-002
          14          11  0.56901148664435164     
          14          12  -5.0195472044039624E-002
          14          13 -0.12908050798247822     
          14          14  0.72295785579657057     
          14          15  -7.6780391309850538E-003
          14          16  -1.9744513817138619E-002
          14          17   7.1545658718092153E-002
          14          18   9.7426235910257817E-015
          14          19  -2.2593586414587426E-014
          14          20  -2.1638231164180726E-014
          14          21  -1.6299840828620342E-014
          14          22   2.5500239460210887E-014
          14          23   1.0064155322602209E-015
          14          24   4.3449003199089778E-014
          14          25   7.0214145224465643E-015
          14          26  -5.6058498050640423E-015
          14          27   2.1115480379643140E-014
          14          28   2.0440194227993508E-015
          14          29   2.4691622697968905E-014
          15           1  -5.5204782487028073E-014
          15           2   6.3524596015249069E-014
          15           3  -1.2538184518416887E-015
          15           4   3.4619447054094491E-015
          15           5  -1.0823321891520417E-014
          15           6   2.9176141722927956E-002
          15           7  -7.7503291237341586E-003
          15           8  -3.4234960999317476E-003
          15           9   5.7897644548267888E-002
          15          10  -1.3389756099621807E-002
          15          11  -5.9145588598974921E-003
          15          12   7.3507914817728254E-002
          15          13  -1.7382035367731963E-002
          15          14  -7.6780391309850538E-003
          15          15   7.5219298401762490E-003
          15          16  -2.1042607740310981E-003
          15          17  -9.2949969453972963E-004
          15          18  -1.0361424173975856E-015
          15          19   1.0683218746721175E-015
          15          20  -6.5108512495759881E-016
          15          21   5.0575373868867829E-016
          15          22   1.1988490195716386E-014
          15          23   1.3393312467287005E-016
          15          24   3.8242761816771792E-016
          15          25   3.6415595108325583E-015
          15          26  -1.8711789284285606E-015
          15          27   5.7889433604238880E-016
          15          28  -2.3115208288341262E-014
          15          29   9.0093053283296254E-016
          16           1  -8.7483776525432252E-015
          16           2   5.2996625550472488E-014
          16           3  -5.4464691537220641E-014
          16           4  -2.1382386080594683E-014
          16           5  -4.3481332921697415E-015
          16           6  -7.7503291237506818E-003
          16           7   1.2259596660406302E-002
          16           8  -8.8037147107837901E-003
          16           9  -1.3389756099630019E-002
          16          10   2.8671993763739738E-002
          16          11  -1.5209624116168219E-002
          16          12  -1.7382035367742202E-002
          16          13   3.5568366718265257E-002
          16          14  -1.9744513817138619E-002
          16          15  -2.1042607740310981E-003
          16          16   2.9289865420432308E-003
          16          17  -2.3902612696799670E-003
          16          18  -1.9380704627278032E-015
          16          19   1.1817206571686247E-015
          16          20  -1.7028941693706075E-015
          16          21   2.4830423163965049E-016
          16          22  -1.9754326269595026E-015
          16          23  -9.4865266738613627E-016
          16          24  -3.6664567741841634E-016
          16          25  -1.4637766206167375E-015
          16          26  -1.5388187054216728E-015
          16          27  -2.1988625212130235E-015
          16          28   7.0964248846824955E-015
          16          29  -6.0826083660822942E-016
          17           1   3.1005046828198932E-014
          17           2  -4.6923131238515239E-014
          17           3   4.3477877827577856E-014
          17           4   2.0062856099083980E-014
          17           5   8.6296076724341943E-016
          17           6  -3.4234960998916438E-003
          17           7  -8.8037147108291289E-003
          17           8   2.8301207903292880E-002
          17           9  -5.9145588598728642E-003
          17          10  -1.5209624116170399E-002
          17          11   5.6386076425014878E-002
          17          12  -7.6780391309519726E-003
          17          13  -1.9744513817150328E-002
          17          14   7.1545658718092153E-002
          17          15  -9.2949969453972963E-004
          17          16  -2.3902612696799670E-003
          17          17   7.2843800681453947E-003
          17          18   2.9112422783604279E-015
          17          19  -2.9071105567147153E-015
          17          20  -7.2760533434978944E-016
          17          21  -1.7364441395341860E-015
          17          22   6.8723211407465624E-016
          17          23   1.4830423142487941E-015
          17          24   4.8693602377180588E-015
          17          25   2.7831877385208430E-016
          17          26   8.4892270032800147E-016
          17          27   2.3734923864002295E-015
          17          28   7.6468041409931309E-016
          17          29   3.2384642092910726E-015
          18           1   2.1818522752628411E-002
          18           2  -1.6589629337756814E-002
          18           3   3.2386454833895503E-002
          18           4   1.5951003767006727E-002
          18           5  -9.5876994429047149E-004
          18           6   3.7234948630116496E-014
          18           7   3.0286110274185927E-014
          18           8   3.0131022980836169E-014
          18           9  -3.6054763202204506E-015
          18          10  -2.5529244177677324E-015
          18          11   7.6232139000047335E-015
          18          12  -4.6507961123871977E-015
          18          13   2.3388415675762833E-015
          18          14   9.7426235910257817E-015
          18          15  -1.0361424173975856E-015
          18          16  -1.9380704627278032E-015
          18          17   2.9112422783604279E-015
          18          18   1.3522309768195637E-003
          18          19  -3.2823049667314163E-004
          18          20   7.3178912411256370E-004
          18          21  -1.4498685246745762E-004
          18          22  -3.7284192786508089E-004
          18          23   1.3201413534323901E-003
          18          24   1.0103192299112701E-003
          18          25  -2.2903381290915407E-004
          18          26   5.7738516481286336E-004
          18          27  -1.0116942812834653E-004
          18          28  -2.6016293189903042E-004
          18          29   9.8792762135191088E-004
          19           1  -1.2878086604571235E-004
          19           2   6.9275996933625301E-004
          19           3  -5.8306894872224395E-004
          19           4  -5.4057508785827595E-004
          19           5  -3.1593770179139168E-005
          19           6  -4.5699709426119865E-014
          19           7   6.0354574859106078E-014
          19           8  -3.8069448281256031E-014
          19           9   7.5889890732463879E-015
          19          10   4.3659970533604663E-015
          19          11  -1.7917759263753555E-014
          19          12   6.9228279833916736E-015
          19          13   1.0352311474053661E-014
          19          14  -2.2593586414587426E-014
          19          15   1.0683218746721175E-015
          19          16   1.1817206571686247E-015
          19          17  -2.9071105567147153E-015
          19          18  -3.2823049667314163E-004
          19          19   5.9288846635614431E-004
          19          20   7.9248443458765198E-004
          19          21   2.6189227836009485E-004
          19          22   6.7347087198544350E-004
          19          23  -2.7026645070940645E-004
          19          24  -1.8774683623991540E-004
          19          25   2.2425539259646597E-004
          19          26   2.3615475935515366E-004
          19          27   9.9058691531094092E-005
          19          28   2.5473505282949194E-004
          19          29  -1.6582239240172303E-004
          20           1   2.1575093089867069E-002
          20           2  -1.5280131033332950E-002
          20           3   3.1284301370290313E-002
          20           4   1.4929174861943791E-002
          20           5  -1.0184904684460358E-003
          20           6  -5.3872172028409294E-014
          20           7  -5.2555109794203402E-014
          20           8  -8.0586197673588887E-014
          20           9  -6.7984908225600363E-015
          20          10  -1.8272112799672660E-014
          20          11  -1.5496923390773952E-014
          20          12  -1.3293239156541381E-014
          20          13  -1.8444946556095136E-014
          20          14  -2.1638231164180726E-014
          20          15  -6.5108512495759881E-016
          20          16  -1.7028941693706075E-015
          20          17  -7.2760533434978944E-016
          20          18   7.3178912411256370E-004
          20          19   7.9248443458765198E-004
          20          20   2.2297928618050448E-003
          20          21   3.5005834303776024E-004
          20          22   9.0019491604938315E-004
          20          23   8.0926677260553348E-004
          20          24   6.5542839527856281E-004
          20          25   1.9486778268612410E-004
          20          26   1.0237796891078678E-003
          20          27   8.6077517915763874E-005
          20          28   2.2135322741481604E-004
          20          29   6.7447974431297038E-004
          21           1  -5.6885428383967522E-005
          21           2   3.0600778561732734E-004
          21           3  -2.5755477480171336E-004
          21           4  -2.3878427296688664E-004
          21           5  -1.3955684624059115E-005
          21           6  -1.0963273738303353E-014
          21           7   6.1579574217339045E-014
          21           8  -3.5466124515822038E-014
          21           9   2.6878663370426022E-015
          21          10  -3.6267932951691327E-015
          21          11  -1.2291993193043054E-014
          21          12   2.8945398946468754E-015
          21          13   1.1177763421233801E-016
          21          14  -1.6299840828620342E-014
          21          15   5.0575373868867829E-016
          21          16   2.4830423163965049E-016
          21          17  -1.7364441395341860E-015
          21          18  -1.4498685246745762E-004
          21          19   2.6189227836009485E-004
          21          20   3.5005834303776024E-004
          21          21   1.1568375732821438E-004
          21          22   2.9748735400003396E-004
          21          23  -1.1938281912589300E-004
          21          24  -8.2932034418515819E-005
          21          25   9.9058691532021790E-005
          21          26   1.0431491162725577E-004
          21          27   4.3756470042178986E-005
          21          28   1.1252224853311095E-004
          21          29  -7.3247510474484445E-005
          22           1  -1.4628411073403110E-004
          22           2   7.8691640500986280E-004
          22           3  -6.6231673505349684E-004
          22           4  -6.1404732328579782E-004
          22           5  -3.5887835840494545E-005
          22           6   7.4171637260398828E-013
          22           7   2.9931753457756412E-014
          22           8   8.6438396844698948E-014
          22           9   7.6893669707211937E-014
          22          10   3.6653386967864977E-016
          22          11   1.5154378599362166E-014
          22          12   1.3864595939450005E-013
          22          13   2.5296779591890361E-015
          22          14   2.5500239460210887E-014
          22          15   1.1988490195716386E-014
          22          16  -1.9754326269595026E-015
          22          17   6.8723211407465624E-016
          22          18  -3.7284192786508089E-004
          22          19   6.7347087198544350E-004
          22          20   9.0019491604938315E-004
          22          21   2.9748735400003396E-004
          22          22   7.6500563116095621E-004
          22          23  -3.0699970155408421E-004
          22          24  -2.1326443789919922E-004
          22          25   2.5473505282954729E-004
          22          26   2.6825172141451445E-004
          22          27   1.1252224853208162E-004
          22          28   2.8935735452669214E-004
          22          29  -1.8836013439631709E-004
          23           1   2.1805932424990862E-002
          23           2  -1.6521901302875969E-002
          23           3   3.2329450798115680E-002
          23           4   1.5898154165401936E-002
          23           5  -9.6185872548759568E-004
          23           6   2.4641454481615814E-014
          23           7   3.8707618744458512E-014
          23           8   3.0859887822321490E-014
          23           9   7.7505727683294209E-015
          23          10   8.4761177676166356E-015
          23          11   7.5035892303915214E-016
          23          12   8.4769512283042019E-015
          23          13   1.6188747397056006E-014
          23          14   1.0064155322602209E-015
          23          15   1.3393312467287005E-016
          23          16  -9.4865266738613627E-016
          23          17   1.4830423142487941E-015
          23          18   1.3201413534323901E-003
          23          19  -2.7026645070940645E-004
          23          20   8.0926677260553348E-004
          23          21  -1.1938281912589300E-004
          23          22  -3.0699970155408421E-004
          23          23   1.2937186148222729E-003
          23          24   9.9196406386752511E-004
          23          25  -2.0710936906900951E-004
          23          26   6.0047295636655475E-004
          23          27  -9.1484904183543528E-005
          23          28  -2.3525862839393624E-004
          23          29   9.7171590984048057E-004
          24           1   4.1405373053755657E-003
          24           2  -7.2926855535168159E-003
          24           3   2.8385616108198543E-002
          24           4   1.3631882522704770E-002
          24           5  -8.5267685040421983E-004
          24           6   5.2284726208410867E-014
          24           7   5.5308052511955913E-014
          24           8   4.3987449810078003E-014
          24           9   6.4978442903451573E-015
          24          10   2.4093899805614922E-014
          24          11   3.4581964015886878E-014
          24          12   9.2692927331740693E-015
          24          13   3.3495590674749564E-014
          24          14   4.3449003199089778E-014
          24          15   3.8242761816771792E-016
          24          16  -3.6664567741841634E-016
          24          17   4.8693602377180588E-015
          24          18   1.0103192299112701E-003
          24          19  -1.8774683623991540E-004
          24          20   6.5542839527856281E-004
          24          21  -8.2932034418515819E-005
          24          22  -2.1326443789919922E-004
          24          23   9.9196406386752511E-004
          24          24   8.5570160633721866E-004
          24          25  -1.6237463540231530E-004
          24          26   5.4877089562395160E-004
          24          27  -7.1724558035853874E-005
          24          28  -1.8444377568363138E-004
          24          29   8.3982696656356628E-004
          25           1  -3.8423064995781288E-004
          25           2   2.5722135265997389E-003
          25           3  -3.7778273023246554E-003
          25           4  -1.9433486943889776E-003
          25           5   8.1942619118783661E-005
          25           6   3.8866860947193670E-014
          25           7  -7.2441725653230551E-014
          25           8   6.8852063713334017E-014
          25           9   2.6097630470863818E-014
          25          10  -1.2969643621629563E-014
          25          11   1.7399745766562972E-015
          25          12   3.4916036492252049E-014
          25          13  -2.0198679780181494E-014
          25          14   7.0214145224465643E-015
          25          15   3.6415595108325583E-015
          25          16  -1.4637766206167375E-015
          25          17   2.7831877385208430E-016
          25          18  -2.2903381290915407E-004
          25          19   2.2425539259646597E-004
          25          20   1.9486778268612410E-004
          25          21   9.9058691532021790E-005
          25          22   2.5473505282954729E-004
          25          23  -2.0710936906900951E-004
          25          24  -1.6237463540231530E-004
          25          25   9.6294333333554996E-005
          25          26   1.9646947553679273E-005
          25          27   4.2535390348876851E-005
          25          28   1.0938217273162192E-004
          25          29  -1.5296037035975529E-004
          26           1   3.4142404538299387E-003
          26           2  -2.4305263630009341E-003
          26           3   2.1244530211502570E-002
          26           4   9.9584430445873191E-003
          26           5  -6.9778377697938144E-004
          26           6  -4.5203981738807992E-014
          26           7  -3.8170591442320864E-014
          26           8  -1.0600253691719434E-013
          26           9  -1.9803861105465207E-014
          26          10  -1.5585846093903951E-014
          26          11   3.2904372146453648E-017
          26          12  -2.7652065779693907E-014
          26          13  -1.8345477929225418E-014
          26          14  -5.6058498050640423E-015
          26          15  -1.8711789284285606E-015
          26          16  -1.5388187054216728E-015
          26          17   8.4892270032800147E-016
          26          18   5.7738516481286336E-004
          26          19   2.3615475935515366E-004
          26          20   1.0237796891078678E-003
          26          21   1.0431491162725577E-004
          26          22   2.6825172141451445E-004
          26          23   6.0047295636655475E-004
          26          24   5.4877089562395160E-004
          26          25   1.9646947553679273E-005
          26          26   5.8590878702707535E-004
          26          27   8.6785021954772849E-006
          26          28   2.2317261425475285E-005
          26          29   5.5069168955955319E-004
          27           1  -1.6972338995091684E-004
          27           2   1.1362050355119128E-003
          27           3  -1.6687519755104203E-003
          27           4  -8.5842118057488333E-004
          27           5   3.6195912779957733E-005
          27           6   1.2999216593174410E-016
          27           7  -8.2506654712015506E-014
          27           8   3.9638967095375933E-014
          27           9   7.0963810659565161E-016
          27          10  -2.2205685916239558E-014
          27          11   1.4596958376313941E-014
          27          12   1.3123362301304336E-015
          27          13  -3.1803731516025414E-014
          27          14   2.1115480379643140E-014
          27          15   5.7889433604238880E-016
          27          16  -2.1988625212130235E-015
          27          17   2.3734923864002295E-015
          27          18  -1.0116942812834653E-004
          27          19   9.9058691531094092E-005
          27          20   8.6077517915763874E-005
          27          21   4.3756470042178986E-005
          27          22   1.1252224853208162E-004
          27          23  -9.1484904183543528E-005
          27          24  -7.1724558035853874E-005
          27          25   4.2535390348876851E-005
          27          26   8.6785021954772849E-006
          27          27   1.8788846337034323E-005
          27          28   4.8316585756210337E-005
          27          29  -6.7566063713597234E-005
          28           1  -4.3645333928796307E-004
