           1           1   2.2117017316180139     
           1           2 -0.92670679326776895     
           1           3  0.63704506469763378     
           1           4   7.7933822261734065E-002
           1           5   5.5676980012695707E-002
           1           6   1.0175668523306911E-014
           1           7  -1.0448826620983125E-014
           1           8  -6.5866886495725242E-015
           1           9   9.4273629853143529E-015
           1          10   1.1245436528849616E-014
           1          11  -2.0126189139510924E-015
           1          12   6.1469664421949152E-015
           1          13   6.2480570584003429E-015
           1          14   7.9372017476167480E-015
           1          15  -2.0041928135954570E-015
           1          16   1.6667063385868869E-015
           1          17   3.7624779080044449E-017
           1          18 -0.18920615012331155     
           1          19  -4.0961084365533812E-015
           1          20 -0.18920615012330447     
           1          21   4.7442643450007750E-015
           1          22  -6.4804451002105698E-015
           1          23 -0.18920615012332009     
           1          24  -3.1024279563629922E-002
           1          25  -1.4778596868609280E-015
           1          26  -3.1024279563631803E-002
           1          27  -2.6850483337630432E-015
           1          28  -6.6438026021318247E-016
           1          29  -3.1024279563632393E-002
           2           1 -0.92670679326776895     
           2           2   4.6735827367658720     
           2           3  -5.0288044635772025     
           2           4 -0.41061418833297758     
           2           5 -0.31088342418552517     
           2           6  -5.6455679181325493E-014
           2           7   1.9785036136289606E-014
           2           8   3.9848926380835968E-014
           2           9  -6.5358084663532733E-014
           2          10  -9.5866808044630702E-014
           2          11   4.0706146198936897E-014
           2          12  -3.0983717825628965E-014
           2          13  -4.8449002459323540E-014
           2          14  -6.1266332828467823E-014
           2          15   1.4690665058762873E-015
           2          16  -1.7918737525109513E-014
           2          17  -1.3334092488788506E-015
           2          18   1.3291783686204206     
           2          19   2.2654702700982484E-014
           2          20   1.3291783686203815     
           2          21  -3.5359283191761443E-014
           2          22   6.1888291309752546E-014
           2          23   1.3291783686204615     
           2          24  0.16404888281451369     
           2          25   1.3381373845694466E-014
           2          26  0.16404888281452409     
           2          27   1.9927425495736093E-014
           2          28   4.1110082058615008E-015
           2          29  0.16404888281451585     
           3           1  0.63704506469763378     
           3           2  -5.0288044635772025     
           3           3   10.042517803775805     
           3           4  0.48821090067767220     
           3           5  0.41220523999028624     
           3           6   5.6294378116269073E-014
           3           7   6.8063334359381509E-014
           3           8  -3.5995036262392835E-014
           3           9   1.3653900895953627E-013
           3          10   2.0651184609567919E-013
           3          11  -8.2246852953322464E-014
           3          12   5.8709856057027964E-014
           3          13   9.1206049428384864E-014
           3          14   1.0816340549833454E-013
           3          15  -7.8678213258640980E-016
           3          16   3.6916588705343454E-014
           3          17   1.0061088191216995E-014
           3          18  -2.3757818926462360     
           3          19  -4.5883354161538106E-014
           3          20  -2.3757818926461640     
           3          21   7.3697326664652540E-014
           3          22  -1.1962111733427429E-013
           3          23  -2.3757818926463008     
           3          24 -0.19569472173866317     
           3          25  -3.2803354147757224E-014
           3          26 -0.19569472173869576     
           3          27  -3.4658510124781946E-014
           3          28  -7.5650148633926961E-015
           3          29 -0.19569472173868277     
           4           1   7.7933822261734065E-002
           4           2 -0.41061418833297758     
           4           3  0.48821090067767220     
           4           4   4.2453323872148570E-002
           4           5   2.6581553506871417E-002
           4           6   9.9036930021080021E-015
           4           7  -7.3766955995633349E-017
           4           8  -5.3365033980155392E-015
           4           9   3.9164890923217881E-015
           4          10   1.6861350061392488E-014
           4          11  -1.1957859704598487E-015
           4          12   5.9323285070955153E-015
           4          13   7.4783733341650352E-015
           4          14   9.2323040139300709E-015
           4          15  -4.5313585480114390E-016
           4          16   3.0694115658523350E-015
           4          17   9.2552419226130660E-016
           4          18 -0.11567541646755507     
           4          19  -3.8509617468247318E-015
           4          20 -0.11567541646754786     
           4          21   6.2875770557421754E-015
           4          22  -1.0412608014972148E-014
           4          23 -0.11567541646756090     
           4          24  -1.3042523294478626E-002
           4          25  -2.8012427127932867E-015
           4          26  -1.3042523294481068E-002
           4          27  -3.0956743107260988E-015
           4          28  -7.0895681268347659E-016
           4          29  -1.3042523294479625E-002
           5           1   5.5676980012695707E-002
           5           2 -0.31088342418552517     
           5           3  0.41220523999028624     
           5           4   2.6581553506871417E-002
           5           5   2.3663901664755245E-002
           5           6  -1.2302484934814108E-014
           5           7   7.1126519977642386E-015
           5           8   1.4210576747355803E-014
           5           9  -1.6488137135662081E-014
           5          10   2.8478513374001308E-014
           5          11   4.7815231689770237E-014
           5          12   4.6672758602097419E-015
           5          13  -1.1619779670267552E-015
           5          14  -3.0054558040664234E-015
           5          15  -1.1372699206533055E-015
           5          16   2.0340337775046529E-015
           5          17   2.5126840325706816E-015
           5          18 -0.11098070190188063     
           5          19  -1.0166951191560979E-015
           5          20 -0.11098070190187920     
           5          21   1.4737382420130867E-015
           5          22  -2.7489637899940655E-015
           5          23 -0.11098070190188240     
           5          24  -1.2613308887208184E-002
           5          25  -5.6881432576703655E-016
           5          26  -1.2613308887208621E-002
           5          27  -8.4930726391746273E-016
           5          28  -7.6738193697684638E-017
           5          29  -1.2613308887208380E-002
           6           1   1.0175668523306911E-014
           6           2  -5.6455679181325493E-014
           6           3   5.6294378116269073E-014
           6           4   9.9036930021080021E-015
           6           5  -1.2302484934814108E-014
           6           6   2.3212931625818918     
           6           7   6.6852043489864198E-003
           6           8   2.5451161132068641E-002
           6           9  0.84251509974428607     
           6          10   1.7860842752136105E-002
           6          11   6.7997799784243709E-002
           6          12  -6.4793147417851749E-002
           6          13   5.0879495797879681E-003
           6          14   1.9370271696585083E-002
           6          15   5.2641081384527916E-002
           6          16   3.4513783360649798E-004
           6          17   1.3139700983427790E-003
           6          18  -9.7198197176767221E-015
           6          19   2.4553236646199122E-016
           6          20  -1.3791038849589800E-014
           6          21   4.5009772335429176E-017
           6          22   4.1392390419212344E-015
           6          23  -9.5443827333089506E-015
           6          24   4.6415730764486196E-015
           6          25   1.2241912624688677E-015
           6          26   5.0705833766485937E-015
           6          27  -8.5902481105089439E-016
           6          28  -2.1738015248431840E-015
           6          29   3.1857554219299845E-015
           7           1  -1.0448826620983125E-014
           7           2   1.9785036136289606E-014
           7           3   6.8063334359381509E-014
           7           4  -7.3766955995633349E-017
           7           5   7.1126519977642386E-015
           7           6   6.6852043489864198E-003
           7           7   2.3213849111152989     
           7           8  -2.5277112975859599E-002
           7           9   1.7860842752132428E-002
           7          10  0.84276022405797313     
           7          11  -6.7532795786294814E-002
           7          12   5.0879495797892995E-003
           7          13  -6.4723319797390044E-002
           7          14  -1.9237807796154614E-002
           7          15   3.4513783360807138E-004
           7          16   5.2645818096888210E-002
           7          17  -1.3049844936485603E-003
           7          18  -8.1401217119327052E-015
           7          19  -7.5963772593263521E-016
           7          20   3.0404604308648752E-016
           7          21   2.4388404949241750E-015
           7          22  -1.7669331420368141E-015
           7          23  -5.8817188579052136E-015
           7          24  -1.7757474580809337E-015
           7          25   1.8733538870841011E-016
           7          26  -3.4293722726562804E-015
           7          27   6.8350372313664288E-016
           7          28   2.5299645668838718E-015
           7          29   2.9188075276618335E-016
           8           1  -6.5866886495725242E-015
           8           2   3.9848926380835968E-014
           8           3  -3.5995036262392835E-014
           8           4  -5.3365033980155392E-015
           8           5   1.4210576747355803E-014
           8           6   2.5451161132068641E-002
           8           7  -2.5277112975859599E-002
           8           8   2.2317922055698634     
           8           9   6.7997799784239407E-002
           8          10  -6.7532795786298908E-002
           8          11  0.60339562995577478     
           8          12   1.9370271696581204E-002
           8          13  -1.9237807796146165E-002
           8          14 -0.13291019109343238     
           8          15   1.3139700983459868E-003
           8          16  -1.3049844936517377E-003
           8          17   4.8020404918069297E-002
           8          18   5.0572644124538596E-015
           8          19  -2.4665102019346615E-016
           8          20   1.1197517105589123E-014
           8          21   1.8811433707769320E-015
           8          22  -4.2552190841411284E-015
           8          23   1.0170353185322808E-014
           8          24  -4.6392153931966716E-015
           8          25  -5.6896878723019111E-016
           8          26  -5.2574707007087857E-015
           8          27   8.6052132884873106E-017
           8          28   3.1950994271283754E-015
           8          29  -3.8124949726649303E-015
           9           1   9.4273629853143529E-015
           9           2  -6.5358084663532733E-014
           9           3   1.3653900895953627E-013
           9           4   3.9164890923217881E-015
           9           5  -1.6488137135662081E-014
           9           6  0.84251509974428607     
           9           7   1.7860842752132428E-002
           9           8   6.7997799784239407E-002
           9           9   2.0766716916675954     
           9          10   4.7718766272995261E-002
           9          11  0.18166954157827944     
           9          12   4.3730070187213782E-002
           9          13   1.3593461415907591E-002
           9          14   5.1751503585862300E-002
           9          15   8.0792705843622997E-002
           9          16   9.2210383587866800E-004
           9          17   3.5105304314450190E-003
           9          18  -1.8008702965647983E-014
           9          19  -1.3693352513134376E-015
           9          20  -1.6851875388188867E-014
           9          21   1.3795972707961848E-015
           9          22   1.1733055016394491E-014
           9          23  -1.5485694896772039E-014
           9          24   1.0267217097973864E-014
           9          25   3.5228778349382722E-015
           9          26   3.1164258689042205E-015
           9          27   1.3860316162554085E-015
           9          28  -1.7234515486033239E-015
           9          29   4.6805286629284487E-015
          10           1   1.1245436528849616E-014
          10           2  -9.5866808044630702E-014
          10           3   2.0651184609567919E-013
          10           4   1.6861350061392488E-014
          10           5   2.8478513374001308E-014
          10           6   1.7860842752136105E-002
          10           7  0.84276022405797313     
          10           8  -6.7532795786298908E-002
          10           9   4.7718766272995261E-002
          10          10   2.0773265896472113     
          10          11 -0.18042719162862089     
          10          12   1.3593461415905929E-002
          10          13   4.3916628455841156E-002
          10          14  -5.1397600133938445E-002
          10          15   9.2210383588362151E-004
          10          16   8.0805360905490869E-002
          10          17  -3.4865236151833921E-003
          10          18  -3.5745182254103996E-014
          10          19  -1.2967653889340190E-016
          10          20  -2.6942942882968052E-014
          10          21   4.2327550562296644E-015
          10          22  -4.7532175599605349E-015
          10          23  -3.0898019065432336E-014
          10          24  -1.1061396777895518E-014
          10          25  -2.2837558113515363E-015
          10          26  -6.7148486875381419E-015
          10          27  -1.7818047366674569E-015
          10          28   2.8953969277451115E-015
          10          29  -6.5367276203838049E-015
          11           1  -2.0126189139510924E-015
          11           2   4.0706146198936897E-014
          11           3  -8.2246852953322464E-014
          11           4  -1.1957859704598487E-015
          11           5   4.7815231689770237E-014
          11           6   6.7997799784243709E-002
          11           7  -6.7532795786294814E-002
          11           8  0.60339562995577478     
          11           9  0.18166954157827944     
          11          10 -0.18042719162862089     
          11          11   1.4378168375876323     
          11          12   5.1751503585852010E-002
          11          13  -5.1397600133928717E-002
          11          14 -0.13825805497971960     
          11          15   3.5105304314489425E-003
          11          16  -3.4865236151813170E-003
          11          17   6.8447656766935053E-002
          11          18   1.2358019175276576E-015
          11          19  -5.0369589651643149E-016
          11          20   1.0332270744966763E-014
          11          21   5.4804830411336228E-015
          11          22  -1.1370836018147282E-014
          11          23   1.3471101935158532E-014
          11          24  -1.8982472817482633E-014
          11          25  -4.0762645903588028E-015
          11          26  -1.2732589311058583E-014
          11          27  -1.9660620791534105E-015
          11          28   4.8508447729326485E-015
          11          29  -1.3625016410534227E-014
          12           1   6.1469664421949152E-015
          12           2  -3.0983717825628965E-014
          12           3   5.8709856057027964E-014
          12           4   5.9323285070955153E-015
          12           5   4.6672758602097419E-015
          12           6  -6.4793147417851749E-002
          12           7   5.0879495797892995E-003
          12           8   1.9370271696581204E-002
          12           9   4.3730070187213782E-002
          12          10   1.3593461415905929E-002
          12          11   5.1751503585852010E-002
          12          12   8.2906885936440161E-002
          12          13   3.8723170714137669E-003
          12          14   1.4742251783815196E-002
          12          15  -4.9307903846875761E-003
          12          16   2.6267617320293408E-004
          12          17   1.0000313020710331E-003
          12          18  -8.9881737806575207E-015
          12          19   1.3713926280967034E-015
          12          20  -7.8768166215070043E-015
          12          21   2.3742715884707088E-016
          12          22  -1.0890218524769402E-015
          12          23  -7.9514559023099267E-015
          12          24  -1.6840700286158579E-015
          12          25  -3.5583701777120700E-016
          12          26  -4.8641947205940888E-016
          12          27   8.0761816164977038E-017
          12          28   2.3565527919729003E-016
          12          29  -1.2545571410423777E-015
          13           1   6.2480570584003429E-015
          13           2  -4.8449002459323540E-014
          13           3   9.1206049428384864E-014
          13           4   7.4783733341650352E-015
          13           5  -1.1619779670267552E-015
          13           6   5.0879495797879681E-003
          13           7  -6.4723319797390044E-002
          13           8  -1.9237807796146165E-002
          13           9   1.3593461415907591E-002
          13          10   4.3916628455841156E-002
          13          11  -5.1397600133928717E-002
          13          12   3.8723170714137669E-003
          13          13   8.2960030072901259E-002
          13          14  -1.4641436668621610E-002
          13          15   2.6267617320227185E-004
          13          16  -4.9271853858891858E-003
          13          17  -9.9319257265602042E-004
          13          18  -1.2553765577229260E-014
          13          19  -2.6320064935907995E-016
          13          20  -1.2094244010392570E-014
          13          21  -4.5579038106201384E-016
          13          22   8.9983312108878691E-016
          13          23  -1.3343430203482348E-014
          13          24   8.7160114741136546E-016
          13          25   3.1915681884816459E-016
          13          26   6.2073422934121531E-016
          13          27  -2.6164060060452222E-017
          13          28  -3.7531417242763322E-016
          13          29   7.2467083171549208E-016
          14           1   7.9372017476167480E-015
          14           2  -6.1266332828467823E-014
          14           3   1.0816340549833454E-013
          14           4   9.2323040139300709E-015
          14           5  -3.0054558040664234E-015
          14           6   1.9370271696585083E-002
          14           7  -1.9237807796154614E-002
          14           8 -0.13291019109343238     
          14           9   5.1751503585862300E-002
          14          10  -5.1397600133938445E-002
          14          11 -0.13825805497971960     
          14          12   1.4742251783815196E-002
          14          13  -1.4641436668621610E-002
          14          14   3.1064628669001879E-002
          14          15   1.0000313020711094E-003
          14          16  -9.9319257265706928E-004
          14          17  -8.4474770345805729E-003
          14          18  -1.4498132432783040E-014
          14          19   4.8744442840689686E-016
          14          20  -1.5931420626574245E-014
          14          21  -5.7811820998019036E-016
          14          22   1.3779761645547731E-015
          14          23  -1.5607253023699011E-014
          14          24   1.8041951514955798E-015
          14          25   4.4249761599513189E-016
          14          26   1.2736826533040553E-015
          14          27   2.8661863045460453E-016
          14          28  -6.7385839819245309E-016
          14          29   1.0289136089912650E-015
          15           1  -2.0041928135954570E-015
          15           2   1.4690665058762873E-015
          15           3  -7.8678213258640980E-016
          15           4  -4.5313585480114390E-016
          15           5  -1.1372699206533055E-015
          15           6   5.2641081384527916E-002
          15           7   3.4513783360807138E-004
          15           8   1.3139700983459868E-003
          15           9   8.0792705843622997E-002
          15          10   9.2210383588362151E-004
          15          11   3.5105304314489425E-003
          15          12  -4.9307903846875761E-003
          15          13   2.6267617320227185E-004
          15          14   1.0000313020711094E-003
          15          15   3.7781701086611139E-003
          15          16   1.7818471652831616E-005
          15          17   6.7836489281921394E-005
          15          18   2.3465579056530622E-016
          15          19  -1.4834425481435081E-016
          15          20   1.5977124422605969E-016
          15          21   3.5752398908107645E-017
          15          22   5.5066852588656380E-016
          15          23   2.5617323290851057E-016
          15          24   5.7427828872216844E-016
          15          25   1.6655389719348403E-016
          15          26   2.2173583628330757E-016
          15          27   3.8674542432967423E-017
          15          28  -1.0125958173968820E-016
          15          29   3.1741571009432895E-016
          16           1   1.6667063385868869E-015
          16           2  -1.7918737525109513E-014
          16           3   3.6916588705343454E-014
          16           4   3.0694115658523350E-015
          16           5   2.0340337775046529E-015
          16           6   3.4513783360649798E-004
          16           7   5.2645818096888210E-002
          16           8  -1.3049844936517377E-003
          16           9   9.2210383587866800E-004
          16          10   8.0805360905490869E-002
          16          11  -3.4865236151813170E-003
          16          12   2.6267617320293408E-004
          16          13  -4.9271853858891858E-003
          16          14  -9.9319257265706928E-004
          16          15   1.7818471652831616E-005
          16          16   3.7784146514694829E-003
          16          17  -6.7372588407959284E-005
          16          18  -5.6152207140901882E-015
          16          19   7.8391312053737479E-018
          16          20  -5.2480606712126183E-015
          16          21   2.1139376742723908E-016
          16          22  -2.5772823902733586E-016
          16          23  -5.3576417458344986E-015
          16          24  -6.1229109826005411E-016
          16          25  -1.0655173043754220E-016
          16          26  -4.5131144934061894E-016
          16          27  -5.7778179519372818E-017
          16          28   1.5805229836022881E-016
          16          29  -4.1770751325741320E-016
          17           1   3.7624779080044449E-017
          17           2  -1.3334092488788506E-015
          17           3   1.0061088191216995E-014
          17           4   9.2552419226130660E-016
          17           5   2.5126840325706816E-015
          17           6   1.3139700983427790E-003
          17           7  -1.3049844936485603E-003
          17           8   4.8020404918069297E-002
          17           9   3.5105304314450190E-003
          17          10  -3.4865236151833921E-003
          17          11   6.8447656766935053E-002
          17          12   1.0000313020710331E-003
          17          13  -9.9319257265602042E-004
          17          14  -8.4474770345805729E-003
          17          15   6.7836489281921394E-005
          17          16  -6.7372588407959284E-005
          17          17   3.5396178996072412E-003
          17          18  -1.8076278863762331E-015
          17          19  -5.8627659735088619E-017
          17          20  -1.3115827162749116E-015
          17          21   2.6114099471758918E-016
          17          22  -5.5754086183234237E-016
          17          23  -1.2303430507755288E-015
          17          24  -8.8691316699839714E-016
          17          25  -1.8789132661819549E-016
          17          26  -6.2171449272128099E-016
          17          27  -9.1195330727334597E-017
          17          28   2.5525300579479615E-016
          17          29  -6.2394582781283371E-016
          18           1 -0.18920615012331155     
          18           2   1.3291783686204206     
          18           3  -2.3757818926462360     
          18           4 -0.11567541646755507     
          18           5 -0.11098070190188063     
          18           6  -9.7198197176767221E-015
          18           7  -8.1401217119327052E-015
          18           8   5.0572644124538596E-015
          18           9  -1.8008702965647983E-014
          18          10  -3.5745182254103996E-014
          18          11   1.2358019175276576E-015
          18          12  -8.9881737806575207E-015
          18          13  -1.2553765577229260E-014
          18          14  -1.4498132432783040E-014
          18          15   2.3465579056530622E-016
          18          16  -5.6152207140901882E-015
          18          17  -1.8076278863762331E-015
          18          18  0.60235078914590112     
          18          19   6.5596563702690620E-015
          18          20  0.60235078914589268     
          18          21  -9.9518993926248147E-015
          18          22   1.7012480829359907E-014
          18          23  0.60235078914591100     
          18          24   5.6394085284605253E-002
          18          25   4.1772007633573005E-015
          18          26   5.6394085284609360E-002
          18          27   4.9973809299702526E-015
          18          28   7.2367490560642212E-016
          18          29   5.6394085284608028E-002
          19           1  -4.0961084365533812E-015
          19           2   2.2654702700982484E-014
          19           3  -4.5883354161538106E-014
          19           4  -3.8509617468247318E-015
          19           5  -1.0166951191560979E-015
          19           6   2.4553236646199122E-016
          19           7  -7.5963772593263521E-016
          19           8  -2.4665102019346615E-016
          19           9  -1.3693352513134376E-015
          19          10  -1.2967653889340190E-016
          19          11  -5.0369589651643149E-016
          19          12   1.3713926280967034E-015
          19          13  -2.6320064935907995E-016
          19          14   4.8744442840689686E-016
          19          15  -1.4834425481435081E-016
          19          16   7.8391312053737479E-018
          19          17  -5.8627659735088619E-017
          19          18   6.5596563702690620E-015
          19          19   8.4479195137777520E-028
          19          20   6.5596563702674969E-015
          19          21  -1.3756800468458118E-027
          19          22   2.1312960915101171E-027
          19          23   6.5596563702701845E-015
          19          24   1.2340648905266479E-016
          19          25   6.2914454923115531E-028
          19          26   1.2340648905330756E-016
          19          27   6.2266496164892165E-028
          19          28   1.7552823963233590E-028
          19          29   1.2340648905296601E-016
          20           1 -0.18920615012330447     
          20           2   1.3291783686203815     
          20           3  -2.3757818926461640     
          20           4 -0.11567541646754786     
          20           5 -0.11098070190187920     
          20           6  -1.3791038849589800E-014
          20           7   3.0404604308648752E-016
          20           8   1.1197517105589123E-014
          20           9  -1.6851875388188867E-014
          20          10  -2.6942942882968052E-014
          20          11   1.0332270744966763E-014
          20          12  -7.8768166215070043E-015
          20          13  -1.2094244010392570E-014
          20          14  -1.5931420626574245E-014
          20          15   1.5977124422605969E-016
          20          16  -5.2480606712126183E-015
          20          17  -1.3115827162749116E-015
          20          18  0.60235078914589268     
          20          19   6.5596563702674969E-015
          20          20  0.60235078914588425     
          20          21  -9.9518993926221200E-015
          20          22   1.7012480829355666E-014
          20          23  0.60235078914590245     
          20          24   5.6394085284605280E-002
          20          25   4.1772007633560383E-015
          20          26   5.6394085284609395E-002
          20          27   4.9973809299690504E-015
          20          28   7.2367490560614601E-016
          20          29   5.6394085284608049E-002
          21           1   4.7442643450007750E-015
          21           2  -3.5359283191761443E-014
          21           3   7.3697326664652540E-014
          21           4   6.2875770557421754E-015
          21           5   1.4737382420130867E-015
          21           6   4.5009772335429176E-017
          21           7   2.4388404949241750E-015
          21           8   1.8811433707769320E-015
          21           9   1.3795972707961848E-015
          21          10   4.2327550562296644E-015
          21          11   5.4804830411336228E-015
          21          12   2.3742715884707088E-016
          21          13  -4.5579038106201384E-016
          21          14  -5.7811820998019036E-016
          21          15   3.5752398908107645E-017
          21          16   2.1139376742723908E-016
          21          17   2.6114099471758918E-016
          21          18  -9.9518993926248147E-015
          21          19  -1.3756800468458118E-027
          21          20  -9.9518993926221200E-015
          21          21   2.3676515469457225E-027
          21          22  -3.7081304057768373E-027
          21          23  -9.9518993926266449E-015
          21          24  -7.1114204092087738E-017
          21          25  -1.1075457226738686E-027
          21          26  -7.1114204093091378E-017
          21          27  -1.0683208980054472E-027
          21          28  -2.7658882469517701E-028
          21          29  -7.1114204092555705E-017
          22           1  -6.4804451002105698E-015
          22           2   6.1888291309752546E-014
          22           3  -1.1962111733427429E-013
          22           4  -1.0412608014972148E-014
          22           5  -2.7489637899940655E-015
          22           6   4.1392390419212344E-015
          22           7  -1.7669331420368141E-015
          22           8  -4.2552190841411284E-015
          22           9   1.1733055016394491E-014
          22          10  -4.7532175599605349E-015
          22          11  -1.1370836018147282E-014
          22          12  -1.0890218524769402E-015
          22          13   8.9983312108878691E-016
          22          14   1.3779761645547731E-015
          22          15   5.5066852588656380E-016
          22          16  -2.5772823902733586E-016
          22          17  -5.5754086183234237E-016
          22          18   1.7012480829359907E-014
          22          19   2.1312960915101171E-027
          22          20   1.7012480829355666E-014
          22          21  -3.7081304057768373E-027
          22          22   5.9521779337156030E-027
          22          23   1.7012480829362763E-014
          22          24   3.6826365302685187E-016
          22          25   1.7697348044231106E-027
          22          26   3.6826365302832630E-016
          22          27   1.6966483051369297E-027
          22          28   4.0893834297887151E-028
          22          29   3.6826365302751259E-016
          23           1 -0.18920615012332009     
          23           2   1.3291783686204615     
          23           3  -2.3757818926463008     
          23           4 -0.11567541646756090     
          23           5 -0.11098070190188240     
          23           6  -9.5443827333089506E-015
          23           7  -5.8817188579052136E-015
          23           8   1.0170353185322808E-014
          23           9  -1.5485694896772039E-014
          23          10  -3.0898019065432336E-014
          23          11   1.3471101935158532E-014
          23          12  -7.9514559023099267E-015
          23          13  -1.3343430203482348E-014
          23          14  -1.5607253023699011E-014
          23          15   2.5617323290851057E-016
          23          16  -5.3576417458344986E-015
          23          17  -1.2303430507755288E-015
          23          18  0.60235078914591100     
          23          19   6.5596563702701845E-015
          23          20  0.60235078914590245     
          23          21  -9.9518993926266449E-015
          23          22   1.7012480829362763E-014
          23          23  0.60235078914592088     
          23          24   5.6394085284605655E-002
          23          25   4.1772007633581099E-015
          23          26   5.6394085284609770E-002
          23          27   4.9973809299711133E-015
          23          28   7.2367490560673480E-016
          23          29   5.6394085284608424E-002
          24           1  -3.1024279563629922E-002
          24           2  0.16404888281451369     
          24           3 -0.19569472173866317     
          24           4  -1.3042523294478626E-002
          24           5  -1.2613308887208184E-002
          24           6   4.6415730764486196E-015
          24           7  -1.7757474580809337E-015
          24           8  -4.6392153931966716E-015
          24           9   1.0267217097973864E-014
          24          10  -1.1061396777895518E-014
          24          11  -1.8982472817482633E-014
          24          12  -1.6840700286158579E-015
          24          13   8.7160114741136546E-016
          24          14   1.8041951514955798E-015
          24          15   5.7427828872216844E-016
          24          16  -6.1229109826005411E-016
          24          17  -8.8691316699839714E-016
          24          18   5.6394085284605253E-002
          24          19   1.2340648905266479E-016
          24          20   5.6394085284605280E-002
          24          21  -7.1114204092087738E-017
          24          22   3.6826365302685187E-016
          24          23   5.6394085284605655E-002
          24          24   6.9923606728969799E-003
          24          25  -3.3138718967253683E-017
          24          26   6.9923606728968749E-003
          24          27   1.3995328402992575E-016
          24          28  -5.3900238744562238E-017
          24          29   6.9923606728969035E-003
          25           1  -1.4778596868609280E-015
          25           2   1.3381373845694466E-014
          25           3  -3.2803354147757224E-014
          25           4  -2.8012427127932867E-015
          25           5  -5.6881432576703655E-016
          25           6   1.2241912624688677E-015
          25           7   1.8733538870841011E-016
          25           8  -5.6896878723019111E-016
          25           9   3.5228778349382722E-015
          25          10  -2.2837558113515363E-015
          25          11  -4.0762645903588028E-015
          25          12  -3.5583701777120700E-016
          25          13   3.1915681884816459E-016
          25          14   4.4249761599513189E-016
          25          15   1.6655389719348403E-016
          25          16  -1.0655173043754220E-016
          25          17  -1.8789132661819549E-016
          25          18   4.1772007633573005E-015
          25          19   6.2914454923115531E-028
          25          20   4.1772007633560383E-015
          25          21  -1.1075457226738686E-027
          25          22   1.7697348044231106E-027
          25          23   4.1772007633581099E-015
          25          24  -3.3138718967253683E-017
          25          25   5.4548669130581347E-028
          25          26  -3.3138718966814707E-017
          25          27   4.9746129281709322E-028
          25          28   1.1432201976860216E-028
          25          29  -3.3138718967044155E-017
          26           1  -3.1024279563631803E-002
          26           2  0.16404888281452409     
          26           3 -0.19569472173869576     
          26           4  -1.3042523294481068E-002
          26           5  -1.2613308887208621E-002
          26           6   5.0705833766485937E-015
          26           7  -3.4293722726562804E-015
          26           8  -5.2574707007087857E-015
          26           9   3.1164258689042205E-015
          26          10  -6.7148486875381419E-015
          26          11  -1.2732589311058583E-014
          26          12  -4.8641947205940888E-016
          26          13   6.2073422934121531E-016
          26          14   1.2736826533040553E-015
          26          15   2.2173583628330757E-016
          26          16  -4.5131144934061894E-016
          26          17  -6.2171449272128099E-016
          26          18   5.6394085284609360E-002
          26          19   1.2340648905330756E-016
          26          20   5.6394085284609395E-002
          26          21  -7.1114204093091378E-017
          26          22   3.6826365302832630E-016
          26          23   5.6394085284609770E-002
          26          24   6.9923606728968749E-003
          26          25  -3.3138718966814707E-017
          26          26   6.9923606728967691E-003
          26          27   1.3995328403035215E-016
          26          28  -5.3900238744405613E-017
          26          29   6.9923606728967986E-003
          27           1  -2.6850483337630432E-015
          27           2   1.9927425495736093E-014
          27           3  -3.4658510124781946E-014
          27           4  -3.0956743107260988E-015
          27           5  -8.4930726391746273E-016
          27           6  -8.5902481105089439E-016
          27           7   6.8350372313664288E-016
          27           8   8.6052132884873106E-017
          27           9   1.3860316162554085E-015
          27          10  -1.7818047366674569E-015
          27          11  -1.9660620791534105E-015
          27          12   8.0761816164977038E-017
          27          13  -2.6164060060452222E-017
          27          14   2.8661863045460453E-016
          27          15   3.8674542432967423E-017
          27          16  -5.7778179519372818E-017
          27          17  -9.1195330727334597E-017
          27          18   4.9973809299702526E-015
          27          19   6.2266496164892165E-028
          27          20   4.9973809299690504E-015
          27          21  -1.0683208980054472E-027
          27          22   1.6966483051369297E-027
          27          23   4.9973809299711133E-015
          27          24   1.3995328402992575E-016
          27          25   4.9746129281709322E-028
          27          26   1.3995328403035215E-016
          27          27   4.9954553399476887E-028
          27          28   1.3529093273268300E-028
          27          29   1.3995328403011764E-016
          28           1  -6.6438026021318247E-016
