           1           1   2.1520471253962512     
           1           2  0.33029950920495493     
           1           3  0.28123060853195203     
           1           4   2.1512772838389795E-002
           1           5  -2.6130315592723681E-014
           1           6  -1.5156309521546916E-014
           1           7   3.0819942737846582E-014
           1           8   1.3997525575035738E-013
           1           9   5.1024045893277157E-014
           1          10   5.5773662751260881E-014
           1          11   1.4336320198059028E-013
           1          12   3.5715118697670610E-014
           1          13   7.2269900760923791E-014
           1          14   1.4143616534355211E-002
           1          15   4.8286009515792049E-005
           1          16   1.4018573270513686E-002
           1          17  -6.7574428530780238E-005
           1          18  -2.0515321444174368E-005
           1          19   1.4030741770842613E-002
           1          20  -7.4742472806857072E-003
           1          21  -8.9292526859388762E-004
           1          22  -5.1618944691781202E-003
           1          23   1.2496148543597635E-003
           1          24   3.7937798238012573E-004
           1          25  -5.3869195131040683E-003
           2           1  0.33029950920495493     
           2           2  0.83814881740284242     
           2           3  0.54563206889252847     
           2           4   2.0099235776510467E-002
           2           5   4.5224548268746616E-013
           2           6   1.6006630904633981E-013
           2           7   3.2187566451877211E-013
           2           8  -3.2539247573242855E-013
           2           9  -1.1510583455829373E-013
           2          10  -2.1526104529308078E-013
           2          11  -1.9177819404016140E-013
           2          12  -6.3355767464810192E-014
           2          13  -9.8754486355409639E-014
           2          14   1.1256603551699889E-002
           2          15  -3.0996516355680324E-004
           2          16   1.2059300980773775E-002
           2          17   4.3378442333529693E-004
           2          18   1.3169518492403857E-004
           2          19   1.1981187025435585E-002
           2          20  -1.3014785285043822E-003
           2          21  -1.8001254763300876E-003
           2          22   3.3601940132477305E-003
           2          23   2.5192069415594705E-003
           2          24   7.6482097140163235E-004
           2          25   2.9065465147895728E-003
           3           1  0.28123060853195203     
           3           2  0.54563206889252847     
           3           3  0.35845251692777030     
           3           4   1.3617920872812484E-002
           3           5   5.0809870048553905E-013
           3           6   1.7480780170793218E-013
           3           7   5.1561075682832425E-013
           3           8  -3.4070834072851291E-013
           3           9  -1.1768384976544806E-013
           3          10  -3.3443924705778683E-013
           3          11  -1.2942958256318208E-013
           3          12  -4.3270396148357473E-014
           3          13  -8.2574152817247382E-014
           3          14   7.0930511444973624E-003
           3          15  -5.4378176542659289E-004
           3          16   8.5012488273434675E-003
           3          17   7.6100183913467914E-004
           3          18   2.3103706021101490E-004
           3          19   8.3642110259012949E-003
           3          20  -1.2583751411654541E-003
           3          21  -1.3340361714891771E-003
           3          22   2.1962950316104517E-003
           3          23   1.8669327375767609E-003
           3          24   5.6679317857417542E-004
           3          25   1.8601061492208857E-003
           4           1   2.1512772838389795E-002
           4           2   2.0099235776510467E-002
           4           3   1.3617920872812484E-002
           4           4   5.8068391440744584E-004
           4           5  -9.2482924268115843E-013
           4           6  -3.3115328348677588E-013
           4           7  -1.0165748624733149E-012
           4           8   5.6463651286139433E-013
           4           9   2.0346555921283206E-013
           4          10   6.6113967590736651E-013
           4          11   4.0927511687599055E-014
           4          12   1.5599085269117921E-014
           4          13   7.5278077566056945E-014
           4          14   2.8967521830924658E-004
           4          15  -3.4745883618606243E-005
           4          16   3.7965446349691592E-004
           4          17   4.8625538804778086E-005
           4          18   1.4762515619240086E-005
           4          19   3.7089819434090300E-004
           4          20  -9.3123989721547918E-005
           4          21  -5.7241009104542176E-005
           4          22   5.5109477285310907E-005
           4          23   8.0106608885938992E-005
           4          24   2.4320040331940442E-005
           4          25   4.0684238083483232E-005
           5           1  -2.6130315592723681E-014
           5           2   4.5224548268746616E-013
           5           3   5.0809870048553905E-013
           5           4  -9.2482924268115843E-013
           5           5  0.60919127045418242     
           5           6 -0.10389004147967752     
           5           7  0.14539015035113645     
           5           8 -0.36651328016517248     
           5           9   7.3017372657787877E-002
           5          10 -0.10218502791756577     
           5          11  -2.4722484286583239E-002
           5          12   1.1748665981225412E-002
           5          13  -1.6441809908875945E-002
           5          14  -5.8768365860816696E-015
           5          15  -4.9239191853570021E-015
           5          16   3.0889215821183595E-014
           5          17  -2.0875095648337213E-014
           5          18   2.2441703711128519E-016
           5          19   2.1725155958939402E-014
           5          20  -6.4508948235255722E-014
           5          21  -1.5701171332475661E-014
           5          22  -3.9328006439279587E-014
           5          23   9.9545103872186832E-015
           5          24  -2.8286695716067499E-015
           5          25  -4.9404189705884091E-014
           6           1  -1.5156309521546916E-014
           6           2   1.6006630904633981E-013
           6           3   1.7480780170793218E-013
           6           4  -3.3115328348677588E-013
           6           5 -0.10389004147967752     
           6           6  0.91984907805815030     
           6           7   4.4139857742513944E-002
           6           8   7.3017372657781285E-002
           6           9 -0.58485390823496830     
           6          10  -3.1022958465913009E-002
           6          11   1.1748665981231809E-002
           6          12  -5.9854001841279120E-002
           6          13  -4.9916665513844889E-003
           6          14   1.8283549480518411E-014
           6          15  -3.2282337920444026E-014
           6          16  -8.7550097983248896E-015
           6          17  -4.5873395178057852E-015
           6          18  -1.9407068876047441E-014
           6          19   1.0470613518247367E-014
           6          20  -1.6033921801046013E-014
           6          21  -5.9391546454825725E-015
           6          22  -2.0042194433943560E-014
           6          23  -1.1501731431114978E-014
           6          24   4.4925687529462541E-015
           6          25  -9.3074472458783555E-015
           7           1   3.0819942737846582E-014
           7           2   3.2187566451877211E-013
           7           3   5.1561075682832425E-013
           7           4  -1.0165748624733149E-012
           7           5  0.14539015035113645     
           7           6   4.4139857742513944E-002
           7           7  0.88961762442540249     
           7           8 -0.10218502791756708     
           7           9  -3.1022958465915039E-002
           7          10 -0.56360623825189249     
           7          11  -1.6441809908899634E-002
           7          12  -4.9916665513818469E-003
           7          13  -5.6435202062206175E-002
           7          14   2.0471677857315690E-014
           7          15  -8.2647481251067711E-015
           7          16   3.2529583174183650E-014
           7          17  -3.7385526554814877E-014
           7          18  -1.4515384331957694E-014
           7          19  -1.0034269418393703E-014
           7          20  -1.6002571057212070E-014
           7          21  -1.9438856908893874E-014
           7          22  -4.7103105718243889E-015
           7          23   4.3144134775832347E-016
           7          24  -6.3307342654779237E-015
           7          25  -3.4775183337182634E-014
           8           1   1.3997525575035738E-013
           8           2  -3.2539247573242855E-013
           8           3  -3.4070834072851291E-013
           8           4   5.6463651286139433E-013
           8           5 -0.36651328016517248     
           8           6   7.3017372657781285E-002
           8           7 -0.10218502791756708     
           8           8  0.22097336122412817     
           8           9  -5.0580058298722315E-002
           8          10   7.0784862303248361E-002
           8          11   1.5202605884651868E-002
           8          12  -7.7230666141231566E-003
           8          13   1.0808137143903565E-002
           8          14   4.2558345156510417E-015
           8          15   3.2423276620350454E-015
           8          16  -1.9738778110205212E-014
           8          17   1.2232309069506520E-014
           8          18  -3.6179929294828265E-016
           8          19  -1.3140812760865715E-014
           8          20   3.8149172275031253E-014
           8          21   9.9603083477664514E-015
           8          22   2.2100554847890694E-014
           8          23  -6.6071864949757518E-015
           8          24   1.6918823565908989E-015
           8          25   2.8862031652095336E-014
           9           1   5.1024045893277157E-014
           9           2  -1.1510583455829373E-013
           9           3  -1.1768384976544806E-013
           9           4   2.0346555921283206E-013
           9           5   7.3017372657787877E-002
           9           6 -0.58485390823496830     
           9           7  -3.1022958465915039E-002
           9           8  -5.0580058298722315E-002
           9           9  0.37222067805801873     
           9          10   2.1489996019971157E-002
           9          11  -7.7230666141272306E-003
           9          12   3.8296551253745384E-002
           9          13   3.2813064354230664E-003
           9          14  -1.1513251560718644E-014
           9          15   2.0679204299054984E-014
           9          16   5.5841797520191731E-015
           9          17   2.5884495415597146E-015
           9          18   1.2286028686667464E-014
           9          19  -6.4563565125872055E-015
           9          20   9.4280513008725145E-015
           9          21   3.6816484907435594E-015
           9          22   1.1842178329166159E-014
           9          23   7.2455857486279992E-015
           9          24  -2.8183166403460747E-015
           9          25   5.1746597219579579E-015
          10           1   5.5773662751260881E-014
          10           2  -2.1526104529308078E-013
          10           3  -3.3443924705778683E-013
          10           4   6.6113967590736651E-013
          10           5 -0.10218502791756577     
          10           6  -3.1022958465913009E-002
          10           7 -0.56360623825189249     
          10           8   7.0784862303248361E-002
          10           9   2.1489996019971157E-002
          10          10  0.35750214810634962     
          10          11   1.0808137143918263E-002
          10          12   3.2813064354214128E-003
          10          13   3.6049179639272427E-002
          10          14  -1.2937402035796710E-014
          10          15   5.2618717175399043E-015
          10          16  -2.0487622040688283E-014
          10          17   2.4325329128752722E-014
          10          18   9.3573465103371610E-015
          10          19   6.2576648827720492E-015
          10          20   1.0558059764846443E-014
          10          21   1.2368051686492616E-014
          10          22   3.4465933889036490E-015
          10          23  -3.3553679672751990E-016
          10          24   4.0802682024063972E-015
          10          25   2.2519452637964668E-014
          11           1   1.4336320198059028E-013
          11           2  -1.9177819404016140E-013
          11           3  -1.2942958256318208E-013
          11           4   4.0927511687599055E-014
          11           5  -2.4722484286583239E-002
          11           6   1.1748665981231809E-002
          11           7  -1.6441809908899634E-002
          11           8   1.5202605884651868E-002
          11           9  -7.7230666141272306E-003
          11          10   1.0808137143918263E-002
          11          11   1.2359548988779246E-003
          11          12  -9.4271962372339049E-004
          11          13   1.3193001550478101E-003
          11          14  -9.6821589761501171E-016
          11          15   1.9656979645369926E-016
          11          16  -3.2731485854529704E-015
          11          17   8.9789192346663676E-016
          11          18  -8.5552436176236412E-017
          11          19  -2.1733475840749274E-015
          11          20   1.8629174053967698E-015
          11          21   1.1689410802061994E-015
          11          22  -2.3195593891607935E-016
          11          23  -1.0720948865698779E-015
          11          24   3.9727569211972650E-017
          11          25   7.1986182613907491E-016
          12           1   3.5715118697670610E-014
          12           2  -6.3355767464810192E-014
          12           3  -4.3270396148357473E-014
          12           4   1.5599085269117921E-014
          12           5   1.1748665981225412E-002
          12           6  -5.9854001841279120E-002
          12           7  -4.9916665513818469E-003
          12           8  -7.7230666141231566E-003
          12           9   3.8296551253745384E-002
          12          10   3.2813064354214128E-003
          12          11  -9.4271962372339049E-004
          12          12   4.0549277986872134E-003
          12          13   4.0053415601362197E-004
          12          14  -1.7391519396581078E-015
          12          15   2.1293600938823966E-015
          12          16   1.5369114888798580E-016
          12          17   1.7234536517804411E-016
          12          18   1.2596083248606794E-015
          12          19  -9.8462391594709644E-016
          12          20   4.2947586783057520E-016
          12          21   3.7385699525151358E-016
          12          22   4.7766128866913576E-016
          12          23   6.3448315265214546E-016
          12          24  -2.9120744058224775E-016
          12          25  -1.0128791502153987E-016
          13           1   7.2269900760923791E-014
          13           2  -9.8754486355409639E-014
          13           3  -8.2574152817247382E-014
          13           4   7.5278077566056945E-014
          13           5  -1.6441809908875945E-002
          13           6  -4.9916665513844889E-003
          13           7  -5.6435202062206175E-002
          13           8   1.0808137143903565E-002
          13           9   3.2813064354230664E-003
          13          10   3.6049179639272427E-002
          13          11   1.3193001550478101E-003
          13          12   4.0053415601362197E-004
          13          13   3.7806013648206804E-003
          13          14  -1.8986358440814428E-015
          13          15   6.2901738250506438E-016
          13          16  -2.8239353359187358E-015
          13          17   2.7058052498940155E-015
          13          18   9.9879045568015225E-016
          13          19  -2.5358332820072667E-016
          13          20   1.3204557871575915E-015
          13          21   1.4502443693062549E-015
          13          22   1.7656445218422365E-016
          13          23  -3.0585788775286230E-016
          13          24   3.7694515562364097E-016
          13          25   2.1436384619207273E-015
          14           1   1.4143616534355211E-002
          14           2   1.1256603551699889E-002
          14           3   7.0930511444973624E-003
          14           4   2.8967521830924658E-004
          14           5  -5.8768365860816696E-015
          14           6   1.8283549480518411E-014
          14           7   2.0471677857315690E-014
          14           8   4.2558345156510417E-015
          14           9  -1.1513251560718644E-014
          14          10  -1.2937402035796710E-014
          14          11  -9.6821589761501171E-016
          14          12  -1.7391519396581078E-015
          14          13  -1.8986358440814428E-015
          14          14   4.8177677893473643E-004
          14          15   1.7469528448559192E-004
          14          16   2.9379309107131592E-005
          14          17  -2.4447938719842223E-004
          14          18  -7.4222946643121715E-005
          14          19   7.3404061738051903E-005
          14          20   4.3294472672577750E-005
          14          21   5.5097548942679051E-005
          14          22  -9.9388209397788949E-005
          14          23  -7.7106918147801606E-005
          14          24  -2.3409346436660188E-005
          14          25  -8.5503141063381473E-005
          15           1   4.8286009515792049E-005
          15           2  -3.0996516355680324E-004
          15           3  -5.4378176542659289E-004
          15           4  -3.4745883618606243E-005
          15           5  -4.9239191853570021E-015
          15           6  -3.2282337920444026E-014
          15           7  -8.2647481251067711E-015
          15           8   3.2423276620350454E-015
          15           9   2.0679204299054984E-014
          15          10   5.2618717175399043E-015
          15          11   1.9656979645369926E-016
          15          12   2.1293600938823966E-015
          15          13   6.2901738250506438E-016
          15          14   1.7469528448559192E-004
          15          15   1.1200938683819444E-004
          15          16  -1.1536843046643981E-004
          15          17  -1.5675286448237893E-004
          15          18  -4.7589531493511265E-005
          15          19  -8.7141076978285411E-005
          15          20   5.8894625502402419E-005
          15          21   5.0931898471535470E-005
          15          22  -7.3000531655681894E-005
          15          23  -7.1277249204750899E-005
          15          24  -2.1639482678704355E-005
          15          25  -6.0165243984190887E-005
          16           1   1.4018573270513686E-002
          16           2   1.2059300980773775E-002
          16           3   8.5012488273434675E-003
          16           4   3.7965446349691592E-004
          16           5   3.0889215821183595E-014
          16           6  -8.7550097983248896E-015
          16           7   3.2529583174183650E-014
          16           8  -1.9738778110205212E-014
          16           9   5.5841797520191731E-015
          16          10  -2.0487622040688283E-014
          16          11  -3.2731485854529704E-015
          16          12   1.5369114888798580E-016
          16          13  -2.8239353359187358E-015
          16          14   2.9379309107131592E-005
          16          15  -1.1536843046643981E-004
          16          16   3.2814172959582093E-004
          16          17   1.6145371791546841E-004
          16          18   4.9016691457705017E-005
          16          19   2.9906786748415707E-004
          16          20  -1.0922126146473664E-004
          16          21  -7.6797608215474638E-005
          16          22   8.9656709097691653E-005
          16          23   1.0747532339019159E-004
          16          24   3.2629070633615787E-005
          16          25   7.0303034416314194E-005
          17           1  -6.7574428530780238E-005
          17           2   4.3378442333529693E-004
          17           3   7.6100183913467914E-004
          17           4   4.8625538804778086E-005
          17           5  -2.0875095648337213E-014
          17           6  -4.5873395178057852E-015
          17           7  -3.7385526554814877E-014
          17           8   1.2232309069506520E-014
          17           9   2.5884495415597146E-015
          17          10   2.4325329128752722E-014
          17          11   8.9789192346663676E-016
          17          12   1.7234536517804411E-016
          17          13   2.7058052498940155E-015
          17          14  -2.4447938719842223E-004
          17          15  -1.5675286448237893E-004
          17          16   1.6145371791546841E-004
          17          17   2.1936965478550730E-004
          17          18   6.6599734107628707E-005
          17          19   1.2195061339069588E-004
          17          20  -8.2420781960494701E-005
          17          21  -7.1277249204772326E-005
          17          22   1.0216145957745681E-004
          17          23   9.9749791518904832E-005
          17          24   3.0283630609496596E-005
          17          25   8.4198964060288938E-005
          18           1  -2.0515321444174368E-005
          18           2   1.3169518492403857E-004
          18           3   2.3103706021101490E-004
          18           4   1.4762515619240086E-005
          18           5   2.2441703711128519E-016
          18           6  -1.9407068876047441E-014
          18           7  -1.4515384331957694E-014
          18           8  -3.6179929294828265E-016
          18           9   1.2286028686667464E-014
          18          10   9.3573465103371610E-015
          18          11  -8.5552436176236412E-017
          18          12   1.2596083248606794E-015
          18          13   9.9879045568015225E-016
          18          14  -7.4222946643121715E-005
          18          15  -4.7589531493511265E-005
          18          16   4.9016691457705017E-005
          18          17   6.6599734107628707E-005
          18          18   2.0219408138029657E-005
          18          19   3.7023709746774577E-005
          18          20  -2.5022613856244365E-005
          18          21  -2.1639482678678762E-005
          18          22   3.1015803213935840E-005
          18          23   3.0283630609451682E-005
          18          24   9.1939869640456179E-006
          18          25   2.5562462702815573E-005
          19           1   1.4030741770842613E-002
          19           2   1.1981187025435585E-002
          19           3   8.3642110259012949E-003
          19           4   3.7089819434090300E-004
          19           5   2.1725155958939402E-014
          19           6   1.0470613518247367E-014
          19           7  -1.0034269418393703E-014
          19           8  -1.3140812760865715E-014
          19           9  -6.4563565125872055E-015
          19          10   6.2576648827720492E-015
          19          11  -2.1733475840749274E-015
          19          12  -9.8462391594709644E-016
          19          13  -2.5358332820072667E-016
          19          14   7.3404061738051903E-005
          19          15  -8.7141076978285411E-005
          19          16   2.9906786748415707E-004
          19          17   1.2195061339069588E-004
          19          18   3.7023709746774577E-005
          19          19   2.7710754743746527E-004
          19          20  -9.4379296344392248E-005
          19          21  -6.3962320543952840E-005
          19          22   7.1259931202188835E-005
          19          23   8.9512827872986018E-005
          19          24   2.7175730122475984E-005
          19          25   5.5140862230676977E-005
          20           1  -7.4742472806857072E-003
          20           2  -1.3014785285043822E-003
          20           3  -1.2583751411654541E-003
          20           4  -9.3123989721547918E-005
          20           5  -6.4508948235255722E-014
          20           6  -1.6033921801046013E-014
          20           7  -1.6002571057212070E-014
          20           8   3.8149172275031253E-014
          20           9   9.4280513008725145E-015
          20          10   1.0558059764846443E-014
          20          11   1.8629174053967698E-015
          20          12   4.2947586783057520E-016
          20          13   1.3204557871575915E-015
          20          14   4.3294472672577750E-005
          20          15   5.8894625502402419E-005
          20          16  -1.0922126146473664E-004
          20          17  -8.2420781960494701E-005
          20          18  -2.5022613856244365E-005
          20          19  -9.4379296344392248E-005
          20          20   5.7244831619563512E-005
          20          21   3.0007694296908288E-005
          20          22  -2.0464220546138616E-005
          20          23  -4.1994623578696056E-005
          20          24  -1.2749396752234977E-005
          20          25  -1.2902016893519913E-005
          21           1  -8.9292526859388762E-004
          21           2  -1.8001254763300876E-003
          21           3  -1.3340361714891771E-003
          21           4  -5.7241009104542176E-005
          21           5  -1.5701171332475661E-014
          21           6  -5.9391546454825725E-015
          21           7  -1.9438856908893874E-014
          21           8   9.9603083477664514E-015
          21           9   3.6816484907435594E-015
          21          10   1.2368051686492616E-014
          21          11   1.1689410802061994E-015
          21          12   3.7385699525151358E-016
          21          13   1.4502443693062549E-015
          21          14   5.5097548942679051E-005
          21          15   5.0931898471535470E-005
          21          16  -7.6797608215474638E-005
          21          17  -7.1277249204772326E-005
          21          18  -2.1639482678678762E-005
          21          19  -6.3962320543952840E-005
          21          20   3.0007694296908288E-005
          21          21   2.6509901171670351E-005
          21          22  -3.8643341423554978E-005
          21          23  -3.7099595516993897E-005
          21          24  -1.1263286161195070E-005
          21          25  -3.1962612491549012E-005
          22           1  -5.1618944691781202E-003
          22           2   3.3601940132477305E-003
          22           3   2.1962950316104517E-003
          22           4   5.5109477285310907E-005
          22           5  -3.9328006439279587E-014
          22           6  -2.0042194433943560E-014
          22           7  -4.7103105718243889E-015
          22           8   2.2100554847890694E-014
          22           9   1.1842178329166159E-014
          22          10   3.4465933889036490E-015
          22          11  -2.3195593891607935E-016
          22          12   4.7766128866913576E-016
          22          13   1.7656445218422365E-016
          22          14  -9.9388209397788949E-005
          22          15  -7.3000531655681894E-005
          22          16   8.9656709097691653E-005
          22          17   1.0216145957745681E-004
          22          18   3.1015803213935840E-005
          22          19   7.1259931202188835E-005
          22          20  -2.0464220546138616E-005
          22          21  -3.8643341423554978E-005
          22          22   7.9608027752938254E-005
          22          23   5.4079882341139051E-005
          22          24   1.6418432111959984E-005
          22          25   6.9869564851582938E-005
          23           1   1.2496148543597635E-003
          23           2   2.5192069415594705E-003
          23           3   1.8669327375767609E-003
          23           4   8.0106608885938992E-005
          23           5   9.9545103872186832E-015
          23           6  -1.1501731431114978E-014
          23           7   4.3144134775832347E-016
          23           8  -6.6071864949757518E-015
          23           9   7.2455857486279992E-015
          23          10  -3.3553679672751990E-016
          23          11  -1.0720948865698779E-015
          23          12   6.3448315265214546E-016
          23          13  -3.0585788775286230E-016
          23          14  -7.7106918147801606E-005
          23          15  -7.1277249204750899E-005
          23          16   1.0747532339019159E-004
          23          17   9.9749791518904832E-005
          23          18   3.0283630609451682E-005
          23          19   8.9512827872986018E-005
          23          20  -4.1994623578696056E-005
          23          21  -3.7099595516993897E-005
          23          22   5.4079882341139051E-005
          23          23   5.1919468828326451E-005
          23          24   1.5762539364689870E-005
          23          25   4.4730457025251194E-005
          24           1   3.7937798238012573E-004
          24           2   7.6482097140163235E-004
          24           3   5.6679317857417542E-004
          24           4   2.4320040331940442E-005
          24           5  -2.8286695716067499E-015
          24           6   4.4925687529462541E-015
          24           7  -6.3307342654779237E-015
          24           8   1.6918823565908989E-015
          24           9  -2.8183166403460747E-015
          24          10   4.0802682024063972E-015
          24          11   3.9727569211972650E-017
          24          12  -2.9120744058224775E-016
          24          13   3.7694515562364097E-016
          24          14  -2.3409346436660188E-005
          24          15  -2.1639482678704355E-005
          24          16   3.2629070633615787E-005
          24          17   3.0283630609496596E-005
          24          18   9.1939869640456179E-006
          24          19   2.7175730122475984E-005
          24          20  -1.2749396752234977E-005
          24          21  -1.1263286161195070E-005
          24          22   1.6418432111959984E-005
          24          23   1.5762539364689870E-005
          24          24   4.7854427795656327E-006
          24          25   1.3579984648905295E-005
          25           1  -5.3869195131040683E-003
          25           2   2.9065465147895728E-003
          25           3   1.8601061492208857E-003
          25           4   4.0684238083483232E-005
          25           5  -4.9404189705884091E-014
          25           6  -9.3074472458783555E-015
          25           7  -3.4775183337182634E-014
          25           8   2.8862031652095336E-014
          25           9   5.1746597219579579E-015
          25          10   2.2519452637964668E-014
          25          11   7.1986182613907491E-016
          25          12  -1.0128791502153987E-016
          25          13   2.1436384619207273E-015
          25          14  -8.5503141063381473E-005
          25          15  -6.0165243984190887E-005
          25          16   7.0303034416314194E-005
          25          17   8.4198964060288938E-005
          25          18   2.5562462702815573E-005
          25          19   5.5140862230676977E-005
          25          20  -1.2902016893519913E-005
          25          21  -3.1962612491549012E-005
          25          22   6.9869564851582938E-005
          25          23   4.4730457025251194E-005
          25          24   1.3579984648905295E-005
          25          25   6.1814704570015491E-005
