           1           1   2.2995244211293997     
           1           2 -0.89047930717395585     
           1           3  0.57035958891173977     
           1           4  -2.5793021548338824     
           1           5 -0.21156099031722950     
           1           6  -1.3281989612674547     
           1           7   4.0953049933950466E-012
           1           8   1.6581474803169996E-012
           1           9  -4.3180195295581900E-012
           1          10  -6.7240898003146938E-014
           1          11  -2.4304230210984879E-014
           1          12   7.3560440741881172E-014
           1          13   2.8099212235026666E-014
           1          14   1.4540480940663500E-014
           1          15  -3.1473924673301559E-014
           1          16  -1.2466598182450161E-014
           1          17  -1.2009368026521231E-015
           1          18   1.3049588964227550E-014
           1          19  0.19969246807891558     
           1          20   4.1685452530166834E-005
           1          21  0.19986476290878413     
           1          22  -6.4243027626823289E-005
           1          23   3.2156549990426143E-004
           1          24  0.20006464928709233     
           1          25  0.51830302905475545     
           1          26  -1.4320670794861610E-004
           1          27  0.51771106187343974     
           1          28   2.1786233036928061E-004
           1          29  -1.0795078916477901E-003
           1          30  0.51702416630268888     
           1          31  0.97411364424866931     
           1          32  -1.3522600204702764E-005
           1          33  0.97406470942588219     
           1          34   2.0099125399981897E-005
           1          35  -9.7736104859853684E-005
           1          36  0.97400795168744159     
           1          37  0.45582364059359470     
           1          38  -4.3656288007406981E-007
           1          39  0.45582218460137702     
           1          40   7.3944514823312977E-007
           1          41  -3.9592656640546721E-006
           1          42  0.45582049412549241     
           2           1 -0.89047930717395585     
           2           2   2.7702384296872431     
           2           3 -0.80637915675552985     
           2           4   4.1593658233483808     
           2           5  0.32888930204832068     
           2           6   1.9567306992601670     
           2           7  -1.2186454977963704E-011
           2           8  -5.2198470301215402E-012
           2           9   1.2466829841892259E-011
           2          10   2.0555537238175777E-013
           2          11   8.3159102338240629E-014
           2          12  -2.1567087795942141E-013
           2          13  -9.7684866494271442E-014
           2          14  -3.6438064442708155E-014
           2          15   9.2861124009251718E-014
           2          16   4.4555729042978323E-014
           2          17   6.7659882188704952E-015
           2          18  -3.3719103546229680E-014
           2          19 -0.56786957063505938     
           2          20  -9.4729788898163518E-005
           2          21 -0.56825376890446766     
           2          22   1.4094726953406720E-004
           2          23  -6.8597417025095841E-004
           2          24 -0.56869970964731675     
           2          25 -0.90708600924712179     
           2          26   1.2778443499232323E-004
           2          27 -0.90655449024072476     
           2          28  -1.9551871893103528E-004
           2          29   9.7318247896724071E-004
           2          30 -0.90593781424130448     
           2          31  -1.5347049956002974     
           2          32   2.1797328655076862E-005
           2          33  -1.5346233136855720     
           2          34  -3.2225292514326824E-005
           2          35   1.5600800653135628E-004
           2          36  -1.5345285283154031     
           2          37 -0.67442877434109882     
           2          38  -1.7427515450392824E-006
           2          39 -0.67443596541127881     
           2          40   2.4441735756698178E-006
           2          41  -1.1298594325994974E-005
           2          42 -0.67444431707255870     
           3           1  0.57035958891173977     
           3           2 -0.80637915675552985     
           3           3   15.632496701977033     
           3           4  -41.009444146187342     
           3           5  -3.4670965443438297     
           3           6  -22.713390854818243     
           3           7  -1.2275536540062494E-012
           3           8   3.3575275942503665E-012
           3           9   6.4665810015919732E-012
           3          10   1.3663019619567566E-014
           3          11  -3.2034535092823825E-014
           3          12  -1.1510143478095255E-013
           3          13  -4.1738749534753856E-014
           3          14   1.0025249855950858E-013
           3          15   3.7841234510107708E-014
           3          16   2.9202773553171851E-014
           3          17  -2.5935128220911776E-014
           3          18  -2.2837185246771764E-014
           3          19 -0.54628156279799267     
           3          20   4.2535143268346103E-004
           3          21 -0.54444187849623527     
           3          22  -7.0347623423267804E-004
           3          23   3.7068752896011179E-003
           3          24 -0.54230981550707280     
           3          25   7.5949927783309317     
           3          26  -3.3574132942278015E-003
           3          27   7.5811316304375183     
           3          28   5.1022087964834656E-003
           3          29  -2.5259989414762450E-002
           3          30   7.5650472606172814     
           3          31   15.800391990831782     
           3          32  -2.6592930634265663E-004
           3          33   15.799445930698926     
           3          34   3.9585940905800690E-004
           3          35  -1.9273532883110184E-003
           3          36   15.798348874125047     
           3          37   7.7696531681068146     
           3          38  -2.1450566290254201E-005
           3          39   7.7695740286374129     
           3          40   3.3737258736125087E-005
           3          41  -1.7149871891477804E-004
           3          42   7.7694821289304983     
           4           1  -2.5793021548338824     
           4           2   4.1593658233483808     
           4           3  -41.009444146187342     
           4           4   115.73506831049593     
           4           5   9.7914179194794535     
           4           6   64.224525376881942     
           4           7  -9.4957828873669825E-012
           4           8   9.8168816830265715E-012
           4           9   2.8300198857266018E-011
           4          10   1.2610974321063811E-013
           4          11  -2.2620228812990707E-013
           4          12  -4.5680772308721173E-013
           4          13   2.9365852950875941E-014
           4          14  -1.6624330150208860E-013
           4          15   2.3066557080778467E-013
           4          16  -4.1307762378058536E-014
           4          17   2.1388806689922259E-014
           4          18  -6.5770395762803610E-014
           4          19   1.3649657233696644     
           4          20  -1.6868098481211602E-003
           4          21   1.3578564599629246     
           4          22   2.6951818018289813E-003
           4          23  -1.3860655371016686E-002
           4          24   1.3496126990973023     
           4          25  -21.340338913989775     
           4          26   9.5713669546372733E-003
           4          27  -21.300854795207012     
           4          28  -1.4532922076240122E-002
           4          29   7.1900296631333432E-002
           4          30  -21.255037099007303     
           4          31  -44.606646692215492     
           4          32   6.6219806742765571E-004
           4          33  -44.604319261648740     
           4          34  -9.8893666502584249E-004
           4          35   4.8277293810367900E-003
           4          36  -44.601620874910452     
           4          37  -21.966600149859271     
           4          38   8.2190636918002400E-005
           4          39  -21.966291912793235     
           4          40  -1.2650343943432731E-004
           4          41   6.3257219731857790E-004
           4          42  -21.965933977853911     
           5           1 -0.21156099031722950     
           5           2  0.32888930204832068     
           5           3  -3.4670965443438297     
           5           4   9.7914179194794535     
           5           5  0.82911997834105622     
           5           6   5.4375705754825638     
           5           7   8.1419682519558921E-012
           5           8   5.8873101736261645E-012
           5           9  -4.9774692818334511E-012
           5          10  -1.4978715316543164E-013
           5          11  -1.0545605951864762E-013
           5          12   1.1145122445345898E-013
           5          13   6.8461214183519757E-014
           5          14   2.1719616405009176E-014
           5          15  -3.7120284344496810E-014
           5          16  -2.9896204549477535E-014
           5          17  -1.2550110742128929E-014
           5          18   1.7025795123233737E-014
           5          19  0.12411292527223414     
           5          20  -1.2161428507272799E-004
           5          21  0.12359913006288689     
           5          22   1.9615389090433630E-004
           5          23  -1.0156381999574977E-003
           5          24  0.12300343718384557     
           5          25  -1.8068222555200228     
           5          26   7.6983798831605648E-004
           5          27  -1.8036463743411315     
           5          28  -1.1690456021734464E-003
           5          29   5.7843077665754349E-003
           5          30  -1.7999610603302822     
           5          31  -3.7758546427966762     
           5          32   5.4418953292554873E-005
           5          33  -3.7756628858695356     
           5          34  -8.1226425196064052E-005
           5          35   3.9635161155054016E-004
           5          36  -3.7754405595454106     
           5          37  -1.8598900770496938     
           5          38   6.3559474158302864E-006
           5          39  -1.8598663130231226     
           5          40  -9.8071779974274709E-006
           5          41   4.9134911948384464E-005
           5          42  -1.8598387171177078     
           6           1  -1.3281989612674547     
           6           2   1.9567306992601670     
           6           3  -22.713390854818243     
           6           4   64.224525376881942     
           6           5   5.4375705754825638     
           6           6   35.789105286576792     
           6           7  -1.9270288846256002E-011
           6           8  -9.5622205822106808E-012
           6           9   1.7661479965291474E-011
           6          10   3.1523383290783964E-013
           6          11   1.2270828566817613E-013
           6          12  -3.4125184457818529E-013
           6          13  -8.5420666452521523E-014
           6          14  -2.0120962452900364E-013
           6          15   1.5048721284013817E-013
           6          16   1.6545523079166730E-014
           6          17   5.5322074087653595E-014
           6          18  -4.4539986363875284E-014
           6          19  0.88719661276483497     
           6          20  -1.0103237646342941E-003
           6          21  0.88295775079303851     
           6          22   1.6135996794701894E-003
           6          23  -8.2957545751183737E-003
           6          24  0.87804242259220799     
           6          25  -11.755069901629664     
           6          26   5.7725993742408091E-003
           6          27  -11.731260865161030     
           6          28  -8.7639749744403053E-003
           6          29   4.3355053659872141E-002
           6          30  -11.703632596850726     
           6          31  -24.769571048209404     
           6          32   3.9267289148363214E-004
           6          33  -24.768192280736038     
           6          34  -5.8672693306095584E-004
           6          35   2.8654587285477317E-003
           6          36  -24.766593808963663     
           6          37  -12.237102251257635     
           6          38   5.1038600321036169E-005
           6          39  -12.236910831843133     
           6          40  -7.8398330557404329E-005
           6          41   3.9141494701465710E-004
           6          42  -12.236688546577717     
           7           1   4.0953049933950466E-012
           7           2  -1.2186454977963704E-011
           7           3  -1.2275536540062494E-012
           7           4  -9.4957828873669825E-012
           7           5   8.1419682519558921E-012
           7           6  -1.9270288846256002E-011
           7           7   2.3394798477512486     
           7           8  -3.0952324594074598E-006
           7           9   4.5041514609781008E-006
           7          10 -0.91899484617336324     
           7          11   9.9439719961902373E-006
           7          12  -1.4475877897310307E-005
           7          13  0.13083577354653553     
           7          14  -2.4451798159817739E-005
           7          15   3.5556486082740854E-005
           7          16  -5.0589344754018328E-002
           7          17   1.0304263054578162E-005
           7          18  -1.4969410988030160E-005
           7          19   1.1727848657337273E-012
           7          20   2.7776265027311590E-013
           7          21   2.6797590329486076E-012
           7          22   4.1561163726783929E-013
           7          23  -7.4575860614815770E-014
           7          24   1.7376693967000113E-012
           7          25   2.0492504983591712E-012
           7          26   2.5264594688706251E-014
           7          27   1.4489274380817940E-012
           7          28   1.4041609105243714E-013
           7          29   3.7822394938518765E-013
           7          30   2.2576955674631869E-012
           7          31   3.7160132467007654E-012
           7          32  -2.9327142497649223E-013
           7          33   4.1182517892324211E-012
           7          34  -6.1037426457556286E-013
           7          35  -4.3018556419642472E-013
           7          36   2.7022697254370367E-012
           7          37   4.7209957133177029E-012
           7          38  -8.3646054943653851E-015
           7          39   4.5266416861036714E-012
           7          40   3.4346619615953055E-013
           7          41   3.5015603504726184E-013
           7          42   4.3011385778409659E-012
           8           1   1.6581474803169996E-012
           8           2  -5.2198470301215402E-012
           8           3   3.3575275942503665E-012
           8           4   9.8168816830265715E-012
           8           5   5.8873101736261645E-012
           8           6  -9.5622205822106808E-012
           8           7  -3.0952324594074598E-006
           8           8   2.3394656653463324     
           8           9  -2.1537444574171172E-005
           8          10   9.9439730153610961E-006
           8          11 -0.91894931835073979     
           8          12   6.9170924080055873E-005
           8          13  -2.4451799480240677E-005
           8          14  0.13072405647680790     
           8          15  -1.6974069873079353E-004
           8          16   1.0304263391341766E-005
           8          17  -5.0542352394144896E-002
           8          18   7.1401991757828222E-005
           8          19  -2.5284154687271458E-012
           8          20  -8.4642473203196322E-015
           8          21  -1.9418090804304351E-012
           8          22   2.5129601756113723E-014
           8          23  -1.5307411134866223E-013
           8          24  -2.7713919651650914E-012
           8          25  -2.3146656947002993E-012
           8          26   2.7144222721270665E-013
           8          27  -2.3829755883550732E-012
           8          28   2.2610063935015600E-013
           8          29   4.2193076520899705E-013
           8          30  -1.4616995112630674E-012
           8          31  -2.1814817161183508E-012
           8          32  -8.0778322018469576E-013
           8          33  -2.7204874150068084E-012
           8          34  -4.8755342056248069E-013
           8          35  -6.8790276807420458E-014
           8          36  -3.6134087756701449E-012
           8          37   2.0684789111135224E-012
           8          38  -4.1704003766870696E-013
           8          39   1.9315362070305327E-012
           8          40   1.6210958634705969E-013
           8          41   1.3616630533833059E-013
           8          42   1.6128341212110670E-012
           9           1  -4.3180195295581900E-012
           9           2   1.2466829841892259E-011
           9           3   6.4665810015919732E-012
           9           4   2.8300198857266018E-011
           9           5  -4.9774692818334511E-012
           9           6   1.7661479965291474E-011
           9           7   4.5041514609781008E-006
           9           8  -2.1537444574171172E-005
           9           9   2.3394492235373292     
           9          10  -1.4475876333325255E-005
           9          11   6.9170926029205049E-005
           9          12 -0.91889645002368647     
           9          13   3.5556484622348283E-005
           9          14  -1.6974069969811524E-004
           9          15  0.13059432616339031     
           9          16  -1.4969410249488120E-005
           9          17   7.1401991747984533E-005
           9          18  -5.0487782989757736E-002
           9          19  -5.2785745219784728E-012
           9          20  -4.6509198013899468E-013
           9          21  -6.8517642383976286E-012
           9          22  -6.4256547732136069E-013
           9          23  -8.0698304313500003E-014
           9          24  -6.4869037777080467E-012
           9          25  -6.3680094259926354E-012
           9          26   3.2658185427552101E-013
           9          27  -5.5158258273211188E-012
           9          28   8.8015808724805889E-014
           9          29  -3.2450969878661258E-014
           9          30  -5.5541793722017919E-012
           9          31  -8.8378841816794474E-012
           9          32  -6.2526904453647001E-013
           9          33  -1.0193441843898585E-011
           9          34   3.0745285656680639E-013
           9          35   5.8906163404553862E-013
           9          36  -9.1579826226050714E-012
           9          37  -4.6932908528086677E-012
           9          38  -5.4767871194663809E-013
           9          39  -4.5734877416183191E-012
           9          40  -3.2451954627576884E-013
           9          41  -3.7284237050720608E-013
           9          42  -4.6419227168786693E-012
          10           1  -6.7240898003146938E-014
          10           2   2.0555537238175777E-013
          10           3   1.3663019619567566E-014
          10           4   1.2610974321063811E-013
          10           5  -1.4978715316543164E-013
          10           6   3.1523383290783964E-013
          10           7 -0.91899484617336324     
          10           8   9.9439730153610961E-006
          10           9  -1.4475876333325255E-005
          10          10   2.4829447008224483     
          10          11  -3.1295260075447917E-005
          10          12   4.5550651354309135E-005
          10          13 -0.31429502641350776     
          10          14   6.7675262253763524E-005
          10          15  -9.8402474776639048E-005
          10          16  0.12058508500444329     
          10          17  -2.8432840286710115E-005
          10          18   4.1302058088683175E-005
          10          19  -1.1967416676771574E-014
          10          20   1.0103322428322452E-014
          10          21  -2.8370540799000627E-014
          10          22   8.2987623811366747E-015
          10          23  -2.5548147024144036E-015
          10          24  -3.9773225962470710E-014
          10          25  -2.6587186861527628E-014
          10          26  -5.8625535742633127E-015
          10          27  -1.6228255997176297E-014
          10          28  -4.9200950890799875E-015
          10          29  -6.9542982287723271E-015
          10          30  -2.6990623394387370E-014
          10          31  -4.8269337136428753E-014
          10          32   6.3643545475002285E-015
          10          33  -5.2683117674659579E-014
          10          34   1.2489973321076730E-014
          10          35   7.0546582471952363E-015
          10          36  -3.1748729005558590E-014
          10          37  -7.3331237165041515E-014
          10          38  -1.6545675736120661E-015
          10          39  -7.1088376944249760E-014
          10          40  -7.6007559711774002E-015
          10          41  -6.0523010851247157E-015
          10          42  -6.7463176685459498E-014
          11           1  -2.4304230210984879E-014
          11           2   8.3159102338240629E-014
          11           3  -3.2034535092823825E-014
          11           4  -2.2620228812990707E-013
          11           5  -1.0545605951864762E-013
          11           6   1.2270828566817613E-013
          11           7   9.9439719961902373E-006
          11           8 -0.91894931835073979     
          11           9   6.9170926029205049E-005
          11          10  -3.1295260075447917E-005
          11          11   2.4828014618534224     
          11          12  -2.1762647830447790E-004
          11          13   6.7675262268383773E-005
          11          14 -0.31398587060476457     
          11          15   4.6972677208715133E-004
          11          16  -2.8432840290257624E-005
          11          17  0.12045543846070314     
          11          18  -1.9699066091320543E-004
          11          19   7.1937632095813939E-015
          11          20   1.1922587052244345E-014
          11          21   5.8165488397231866E-014
          11          22  -1.2810453460845783E-014
          11          23   8.1472015445011386E-015
          11          24   5.6862041333493411E-014
          11          25   6.1036547143592433E-014
          11          26  -6.1724448676450819E-015
          11          27   4.8656486112977673E-014
          11          28  -8.0747264761309938E-016
          11          29  -5.7868203932871640E-015
          11          30   3.4310915682917031E-014
          11          31   5.7060183815737949E-014
          11          32   1.3423053657648974E-014
          11          33   7.2620884204916442E-014
          11          34   8.8821398078576909E-015
          11          35   4.5935434844491097E-016
          11          36   8.6998378812525530E-014
          11          37  -1.8565200718432902E-014
          11          38   8.0384006103466465E-015
          11          39  -2.0834658255653624E-014
          11          40  -5.0908333122127542E-015
          11          41  -1.3065233213621498E-015
          11          42  -1.5473964964517613E-014
          12           1   7.3560440741881172E-014
          12           2  -2.1567087795942141E-013
          12           3  -1.1510143478095255E-013
          12           4  -4.5680772308721173E-013
          12           5   1.1145122445345898E-013
          12           6  -3.4125184457818529E-013
          12           7  -1.4475877897310307E-005
          12           8   6.9170924080055873E-005
          12           9 -0.91889645002368647     
          12          10   4.5550651354309135E-005
          12          11  -2.1762647830447790E-004
          12          12   2.4826351268096580     
          12          13  -9.8402474769276882E-005
          12          14   4.6972677209175875E-004
          12          15 -0.31362686601696044     
          12          16   4.1302058080108436E-005
          12          17  -1.9699066090909240E-004
          12          18  0.12030488750000581     
          12          19   8.2978304808303404E-014
          12          20   4.0163238449466729E-014
          12          21   1.0896527857503720E-013
          12          22   2.9757078247405706E-014
          12          23   2.2410822125295118E-015
          12          24   1.4437931686566832E-013
          12          25   1.0233230188185031E-013
          12          26  -9.1121611390968402E-015
          12          27   9.0126523288355789E-014
          12          28  -9.6485620789065539E-015
          12          29   3.1679575864802525E-015
          12          30   8.5318601887462639E-014
          12          31   1.4585064716239212E-013
          12          32   1.7504553080690678E-014
          12          33   1.6145114424230841E-013
          12          34  -2.0235994964771145E-015
          12          35  -9.0880950566967093E-015
          12          36   1.4702211215377286E-013
          12          37   9.0193168801646639E-014
          12          38   6.9283368924385259E-015
          12          39   8.3698478058825088E-014
          12          40   2.5267391027322689E-015
          12          41   6.7210436058598594E-015
          12          42   8.7942182737719028E-014
          13           1   2.8099212235026666E-014
          13           2  -9.7684866494271442E-014
          13           3  -4.1738749534753856E-014
          13           4   2.9365852950875941E-014
          13           5   6.8461214183519757E-014
          13           6  -8.5420666452521523E-014
          13           7  0.13083577354653553     
          13           8  -2.4451799480240677E-005
          13           9   3.5556484622348283E-005
          13          10 -0.31429502641350776     
          13          11   6.7675262268383773E-005
          13          12  -9.8402474769276882E-005
          13          13   4.1499792095887139E-002
          13          14  -1.3347664701074055E-005
          13          15   1.9355154433192776E-005
          13          16  -1.5855704645730953E-002
          13          17   5.4427051989500499E-006
          13          18  -7.8876092902877525E-006
          13          19   1.1263664521104199E-014
          13          20   2.3828188974198459E-015
          13          21   2.0821935043548226E-014
          13          22   1.2242537315734393E-016
          13          23  -4.4912014643303958E-015
          13          24   1.9986883147803483E-014
          13          25  -6.3391457097656157E-015
          13          26   9.8758710881557409E-015
          13          27  -1.0807298242204879E-014
          13          28  -4.8941531198120218E-015
          13          29   4.4643431690953395E-015
          13          30  -5.8740466334385468E-015
          13          31  -1.2318343048515406E-014
          13          32  -3.2107867746134882E-015
          13          33  -9.8129951107951623E-015
          13          34  -3.9854540134233883E-015
          13          35  -3.4902445008132301E-015
          13          36  -1.9392251450537584E-014
          13          37   1.5244371095065169E-014
          13          38   5.1179377496270452E-016
          13          39   1.4009392321493807E-014
          13          40   2.4968327588304351E-015
          13          41   2.6555418592697249E-015
          13          42   1.2388962839655749E-014
          14           1   1.4540480940663500E-014
          14           2  -3.6438064442708155E-014
          14           3   1.0025249855950858E-013
          14           4  -1.6624330150208860E-013
          14           5   2.1719616405009176E-014
          14           6  -2.0120962452900364E-013
          14           7  -2.4451798159817739E-005
          14           8  0.13072405647680790     
          14           9  -1.6974069969811524E-004
          14          10   6.7675262253763524E-005
          14          11 -0.31398587060476457     
          14          12   4.6972677209175875E-004
          14          13  -1.3347664701074055E-005
          14          14   4.1439132421413463E-002
          14          15  -9.2175380351349270E-005
          14          16   5.4427051977079879E-006
          14          17  -1.5830998044487374E-002
          14          18   3.7543802233918309E-005
          14          19  -2.1929090211104183E-014
          14          20   5.7031861712270347E-015
          14          21  -2.5374377949092847E-014
          14          22   3.7911429702093287E-015
          14          23  -2.2867947582560835E-015
          14          24  -2.9115972607438913E-014
          14          25   2.7441798488245116E-014
          14          26  -4.0313210102459945E-015
          14          27   2.8848498791648743E-014
          14          28   3.9486232538617905E-015
          14          29   2.3670986350348964E-015
          14          30   3.5291884326427420E-014
          14          31   7.7475388482157338E-014
          14          32  -4.6788697582763029E-015
          14          33   7.2785999127781083E-014
          14          34  -3.6881995433352254E-015
          14          35  -3.8222112084228012E-016
          14          36   6.6509625794880264E-014
          14          37   5.9883628018914622E-014
          14          38  -3.4635102376049438E-015
          14          39   5.9541775880772270E-014
          14          40   1.5534336808748020E-015
          14          41   8.3929748405750874E-016
          14          42   5.7267524390282265E-014
          15           1  -3.1473924673301559E-014
          15           2   9.2861124009251718E-014
          15           3   3.7841234510107708E-014
          15           4   2.3066557080778467E-013
          15           5  -3.7120284344496810E-014
          15           6   1.5048721284013817E-013
          15           7   3.5556486082740854E-005
          15           8  -1.6974069873079353E-004
          15           9  0.13059432616339031     
          15          10  -9.8402474776639048E-005
          15          11   4.6972677208715133E-004
          15          12 -0.31362686601696044     
          15          13   1.9355154433192776E-005
          15          14  -9.2175380351349270E-005
          15          15   4.1368691884366128E-002
          15          16  -7.8876092887802778E-006
          15          17   3.7543802231110660E-005
          15          18  -1.5802307711484158E-002
          15          19  -3.7933101512744359E-014
          15          20  -1.3147549041805758E-014
          15          21  -4.6451163847186724E-014
          15          22  -7.3207608587673931E-015
          15          23   6.2605563771768506E-015
          15          24  -5.1246990212843850E-014
          15          25  -4.9731075048749126E-014
          15          26   3.8490074692773216E-016
          15          27  -4.4340789498596348E-014
          15          28   4.4508286473009330E-015
          15          29  -1.9444837721373619E-015
          15          30  -4.3729455331883537E-014
          15          31  -7.4864823194172891E-014
          15          32  -5.4505255478564329E-015
          15          33  -8.3208786667637051E-014
          15          34   1.3634369391760601E-015
          15          35   4.5684855377810410E-015
          15          36  -7.6336962981329597E-014
          15          37  -4.1195408107518476E-014
          15          38  -3.6144404319543346E-015
          15          39  -3.9753443002935471E-014
          15          40  -1.7702290349549306E-015
          15          41  -2.8393093800321493E-015
          15          42  -4.0627066178453190E-014
          16           1  -1.2466598182450161E-014
          16           2   4.4555729042978323E-014
          16           3   2.9202773553171851E-014
          16           4  -4.1307762378058536E-014
          16           5  -2.9896204549477535E-014
          16           6   1.6545523079166730E-014
          16           7  -5.0589344754018328E-002
          16           8   1.0304263391341766E-005
          16           9  -1.4969410249488120E-005
          16          10  0.12058508500444329     
          16          11  -2.8432840290257624E-005
          16          12   4.1302058080108436E-005
          16          13  -1.5855704645730953E-002
          16          14   5.4427051977079879E-006
          16          15  -7.8876092887802778E-006
          16          16   6.0609487129360861E-003
          16          17  -2.2170889412447730E-006
          16          18   3.2111767794563420E-006
          16          19  -3.0366638892380259E-015
          16          20  -4.1089440601369487E-015
          16          21  -1.0750739159603239E-014
          16          22   3.5310829088030180E-015
          16          23  -3.2341357850827449E-015
          16          24  -1.0669418889339874E-014
          16          25   6.1883581653729590E-015
          16          26  -3.4048106323574908E-015
          16          27   8.7030601190896654E-015
          16          28   1.1768537640471632E-015
          16          29  -1.2827916750056149E-015
          16          30   6.8264753841942035E-015
          16          31   1.6504301781041875E-014
          16          32   1.0837449776081669E-015
          16          33   1.5161472236363422E-014
          16          34   1.8954105047962172E-015
          16          35   1.0919273389416223E-015
          16          36   1.8954038936765423E-014
          16          37  -1.8201241230077548E-016
          16          38  -1.4443170555501142E-016
          16          39   4.0351429669602821E-016
          16          40  -1.0757968527815717E-015
          16          41  -9.8558457473914490E-016
          16          42   1.0692660379053109E-015
          17           1  -1.2009368026521231E-015
          17           2   6.7659882188704952E-015
          17           3  -2.5935128220911776E-014
          17           4   2.1388806689922259E-014
          17           5  -1.2550110742128929E-014
          17           6   5.5322074087653595E-014
          17           7   1.0304263054578162E-005
          17           8  -5.0542352394144896E-002
          17           9   7.1401991747984533E-005
          17          10  -2.8432840286710115E-005
          17          11  0.12045543846070314     
          17          12  -1.9699066090909240E-004
          17          13   5.4427051989500499E-006
          17          14  -1.5830998044487374E-002
          17          15   3.7543802231110660E-005
          17          16  -2.2170889412447730E-006
          17          17   6.0508954747113880E-003
          17          18  -1.5277108829750072E-005
          17          19   7.1482278615658875E-015
          17          20  -6.8695769640271930E-015
          17          21   9.8115451825812388E-015
          17          22  -6.0589222056692560E-016
          17          23   5.0884827612229763E-015
          17          24   1.3252636183646001E-014
          17          25  -2.5658747971084540E-015
          17          26   4.8608093756449996E-016
          17          27  -3.4235919882250958E-015
          17          28  -4.0249297835281161E-016
          17          29  -1.7031001985448547E-015
          17          30  -6.2582266251397212E-015
          17          31  -1.3715312842928799E-014
          17          32   1.8044925356121523E-015
          17          33  -1.1724425781558696E-014
          17          34   1.3534117967450346E-015
          17          35   4.2979424807411453E-016
          17          36  -9.0907443071794112E-015
          17          37  -1.5321520882477770E-014
          17          38   1.3915929771583992E-015
          17          39  -1.5202889401731557E-014
          17          40  -5.7346526930010593E-016
          17          41  -4.1507077101679977E-016
          17          42  -1.4319932364051061E-014
          18           1   1.3049588964227550E-014
          18           2  -3.3719103546229680E-014
          18           3  -2.2837185246771764E-014
          18           4  -6.5770395762803610E-014
          18           5   1.7025795123233737E-014
          18           6  -4.4539986363875284E-014
          18           7  -1.4969410988030160E-005
          18           8   7.1401991757828222E-005
          18           9  -5.0487782989757736E-002
          18          10   4.1302058088683175E-005
          18          11  -1.9699066091320543E-004
          18          12  0.12030488750000581     
          18          13  -7.8876092902877525E-006
          18          14   3.7543802233918309E-005
          18          15  -1.5802307711484158E-002
          18          16   3.2111767794563420E-006
          18          17  -1.5277108829750072E-005
          18          18   6.0392212363315663E-003
          18          19   1.4520889051988075E-014
          18          20  -5.2594718889726663E-017
          18          21   1.9514376073948321E-014
          18          22   6.1520592818231145E-015
          18          23  -7.1561178472377708E-016
          18          24   2.1296887486367152E-014
          18          25   1.6092174426949083E-014
          18          26   1.1378659918276913E-017
          18          27   1.3674264252671772E-014
          18          28  -1.8347848832894949E-015
          18          29   6.7766835476657165E-016
          18          30   1.3447922404665512E-014
          18          31   1.9688492991913156E-014
          18          32   1.9119800207082267E-015
          18          33   2.3193543184621500E-014
          18          34  -4.0466517621802274E-016
          18          35  -1.7475417372809328E-015
          18          36   2.0439544235532244E-014
          18          37   1.1187004503219414E-014
          18          38   1.5215717202489666E-015
          18          39   1.0591454318998737E-014
          18          40   6.8234924127483272E-016
          18          41   1.1167504329193953E-015
          18          42   1.0930529350260952E-014
          19           1  0.19969246807891558     
          19           2 -0.56786957063505938     
          19           3 -0.54628156279799267     
          19           4   1.3649657233696644     
          19           5  0.12411292527223414     
          19           6  0.88719661276483497     
          19           7   1.1727848657337273E-012
          19           8  -2.5284154687271458E-012
          19           9  -5.2785745219784728E-012
          19          10  -1.1967416676771574E-014
          19          11   7.1937632095813939E-015
          19          12   8.2978304808303404E-014
          19          13   1.1263664521104199E-014
          19          14  -2.1929090211104183E-014
          19          15  -3.7933101512744359E-014
          19          16  -3.0366638892380259E-015
          19          17   7.1482278615658875E-015
          19          18   1.4520889051988075E-014
          19          19   2.4171438606125539     
          19          20   1.0208879210685849E-004
          19          21 -0.89792524169096510     
          19          22  -1.4491588563382018E-004
          19          23   9.9265832045357990E-004
          19          24 -0.89725233314047070     
          19          25 -0.56590389680073239     
          19          26   1.5693133037648772E-004
          19          27  -1.9578264587474845E-002
          19          28  -2.3718028147465779E-004
