           1           1   2.2987073132087854     
           1           2 -0.90659233347849177     
           1           3  0.35589358726159354     
           1           4  -1.5155761090662787     
           1           5 -0.32495382819502588     
           1           6  -1.6547163257944555     
           1           7  -2.5370866466605680E-014
           1           8  -1.7285376165533762E-013
           1           9   2.5525918125010036E-014
           1          10  -4.5233471672058386E-016
           1          11   6.6891076918544068E-015
           1          12  -2.0567932058864692E-016
           1          13  -2.5981160503835193E-016
           1          14  -6.7022344327473915E-016
           1          15   4.6034540951855791E-015
           1          16  -2.0755834341641923E-015
           1          17   3.2562799778357066E-015
           1          18  -9.1710844541785559E-016
           1          19  0.22980014785901165     
           1          20   2.4717418376998232E-004
           1          21  0.22956627750940373     
           1          22   1.7778670778373777E-004
           1          23   2.9401866285866748E-004
           1          24  0.22974891918160162     
           1          25  0.35093336391612084     
           1          26  -7.0221623769907914E-004
           1          27  0.35161130905307991     
           1          28  -5.0195152332431253E-004
           1          29  -8.3683885399954622E-004
           1          30  0.35108187039726269     
           1          31  0.77036213226004946     
           1          32  -1.3106381942549003E-004
           1          33  0.77048388561657566     
           1          34  -9.2324101504105636E-005
           1          35  -1.5685816103308775E-004
           1          36  0.77038879992381948     
           1          37  0.55439588752610147     
           1          38   8.5182011359242074E-006
           1          39  0.55438602592634523     
           1          40   5.8265841957489480E-006
           1          41   1.0279908459200437E-005
           1          42  0.55439372733587455     
           2           1 -0.90659233347849177     
           2           2   2.8106389749070182     
           2           3 -0.74480758685697146     
           2           4   3.0535590025845045     
           2           5  0.64276393872898097     
           2           6   3.1209189169110969     
           2           7   6.1692009214539140E-014
           2           8   5.1622287620564910E-013
           2           9  -8.8391718201132176E-014
           2          10   4.3031604206039324E-015
           2          11  -2.4234588510810785E-014
           2          12  -3.1527795501789247E-015
           2          13   5.1696195153943120E-015
           2          14  -4.5925885795397851E-016
           2          15  -4.5283501430515848E-015
           2          16   1.5844753645995144E-015
           2          17  -3.7260038790489385E-015
           2          18  -1.9701278350579690E-015
           2          19 -0.58431548964974556     
           2          20  -5.6990877376133999E-004
           2          21 -0.58375264485370637     
           2          22  -4.0154919603659989E-004
           2          23  -6.8202516955885020E-004
           2          24 -0.58419218956189356     
           2          25 -0.77782190056097877     
           2          26   8.1944850272617641E-004
           2          27 -0.77860840577304802     
           2          28   5.8811338942158528E-004
           2          29   9.7538672811996055E-004
           2          30 -0.77799418247639884     
           2          31  -1.5155612468319342     
           2          32   2.1587635324554947E-004
           2          33  -1.5157651994720922     
           2          34   1.5160187911292668E-004
           2          35   2.5859099009918699E-004
           2          36  -1.5156059215113036     
           2          37  -1.0501108825573380     
           2          38  -2.4610479293566583E-005
           2          39  -1.0500843627870466     
           2          40  -1.6948260914271780E-005
           2          41  -2.9644268288604246E-005
           2          42  -1.0501050727354269     
           3           1  0.35589358726159354     
           3           2 -0.74480758685697146     
           3           3   11.267049651949074     
           3           4  -20.102989244040096     
           3           5  -4.4438300349535291     
           3           6  -24.021160389524109     
           3           7   3.0738104295299941E-013
           3           8  -1.7483145223510038E-013
           3           9   2.9848868692451582E-013
           3          10  -4.2937161746143618E-014
           3          11   7.0505765423478071E-014
           3          12   2.2258704731949966E-014
           3          13   2.4384701743589997E-014
           3          14  -3.5391466163920168E-014
           3          15  -1.4734608062871571E-014
           3          16   4.8856779087523208E-015
           3          17   2.1643766888977051E-014
           3          18   1.6556273359770905E-014
           3          19 -0.22079188014221823     
           3          20   2.6492211908262894E-003
           3          21 -0.22309511331517717     
           3          22   1.9825839892828132E-003
           3          23   3.1135019053949780E-003
           3          24 -0.22129628961797668     
           3          25   3.9701116447134579     
           3          26  -1.4947029587124131E-002
           3          27   3.9845645962849718     
           3          28  -1.0672354651257293E-002
           3          29  -1.7818396580239475E-002
           3          30   3.9732776484116061     
           3          31   10.595696378144901     
           3          32  -2.4522637946710569E-003
           3          33   10.597956297153061     
           3          34  -1.7293179575662140E-003
           3          35  -2.9339596788788332E-003
           3          36   10.596191352798105     
           3          37   8.0078364300468738     
           3          38   1.0312544230793130E-004
           3          39   8.0077064683268393     
           3          40   6.9767314709078158E-005
           3          41   1.2483228117299227E-004
           3          42   8.0078079655030425     
           4           1  -1.5155761090662787     
           4           2   3.0535590025845045     
           4           3  -20.102989244040096     
           4           4   40.057042746562232     
           4           5   8.8301117491216736     
           4           6   47.882272023966088     
           4           7   3.3194658805884766E-013
           4           8   1.0219328786283586E-013
           4           9   3.6254971474005144E-013
           4          10   5.8664754973688001E-014
           4          11  -1.4085779372054677E-013
           4          12  -9.8483678020274136E-014
           4          13  -5.1423675518781934E-014
           4          14   6.9085523651567721E-014
           4          15   2.8317822597915293E-014
           4          16  -2.3273734765581880E-015
           4          17  -5.1709473905858117E-014
           4          18  -3.5583571004645109E-014
           4          19  0.18612221856736419     
           4          20  -7.6563556391677752E-003
           4          21  0.19305957934304654     
           4          22  -5.6171177673627355E-003
           4          23  -9.0533931700813655E-003
           4          24  0.18764169663977773     
           4          25  -7.7858186833683467     
           4          26   3.2519702149254731E-002
           4          27  -7.8173080073980410     
           4          28   2.3199038910803865E-002
           4          29   3.8776841439448498E-002
           4          30  -7.7927166321559138     
           4          31  -21.078770036777556     
           4          32   4.8559017731523166E-003
           4          33  -21.083212828408179     
           4          34   3.4305145652464577E-003
           4          35   5.8067159012548976E-003
           4          36  -21.079743088028906     
           4          37  -15.955764329984699     
           4          38  -1.1029509113498769E-004
           4          39  -15.955599007917021     
           4          40  -7.3462492040414607E-005
           4          41  -1.3407780732806694E-004
           4          42  -15.955728128010225     
           5           1 -0.32495382819502588     
           5           2  0.64276393872898097     
           5           3  -4.4438300349535291     
           5           4   8.8301117491216736     
           5           5   1.9550969966433511     
           5           6   10.581552818162070     
           5           7   4.4698818414791533E-014
           5           8   6.9555976949167338E-014
           5           9   6.0813546739292648E-014
           5          10   2.0558017886630855E-014
           5          11  -3.3812357279603141E-014
           5          12  -3.1626838551808956E-014
           5          13  -1.4881306844715722E-014
           5          14   1.5778897106972972E-014
           5          15   1.0516611837794787E-014
           5          16   7.8375044222796179E-016
           5          17  -1.1348108152625018E-014
           5          18  -8.0583412693998327E-015
           5          19   5.3965044546154091E-002
           5          20  -1.1687496420529921E-003
           5          21   5.4986054346340116E-002
           5          22  -8.6983173755828945E-004
           5          23  -1.3759391191502238E-003
           5          24   5.4188656948496783E-002
           5          25  -1.7310321247328182     
           5          26   6.1317074684661748E-003
           5          27  -1.7369658107023902     
           5          28   4.3756684293722913E-003
           5          29   7.3108241644306753E-003
           5          30  -1.7323319378705009     
           5          31  -4.6614697299135681     
           5          32   9.4664569734235549E-004
           5          33  -4.6623385775230304     
           5          34   6.6824482288391814E-004
           5          35   1.1322621461765179E-003
           5          36  -4.6616600244942825     
           5          37  -3.5272074025915554     
           5          38  -2.8287449321398443E-005
           5          39  -3.5271683950872279     
           5          40  -1.8973762305446278E-005
           5          41  -3.4321874099367959E-005
           5          42  -3.5271988600831765     
           6           1  -1.6547163257944555     
           6           2   3.1209189169110969     
           6           3  -24.021160389524109     
           6           4   47.882272023966088     
           6           5   10.581552818162070     
           6           6   57.512034614037624     
           6           7   4.2777805540977914E-013
           6           8   9.0905454394691225E-013
           6           9   2.5150807572149830E-013
           6          10   2.4047775179995206E-014
           6          11  -1.4853776737956296E-013
           6          12  -3.7275621195597600E-014
           6          13  -6.5378471104685527E-014
           6          14   8.6766517375962406E-014
           6          15   3.0557748346389404E-014
           6          16  -3.6305374354061637E-015
           6          17  -6.3996550837115825E-014
           6          18  -3.8198829803851913E-014
           6          19  0.41313584784376822     
           6          20  -7.6952970894270415E-003
           6          21  0.41993233467542429     
           6          22  -5.6949083040127293E-003
           6          23  -9.0752960518092497E-003
           6          24  0.41462441070807482     
           6          25  -9.2521819020983926     
           6          26   3.7458191362498783E-002
           6          27  -9.2884411393827229     
           6          28   2.6725370083781924E-002
           6          29   4.4663934376401135E-002
           6          30  -9.2601247359580956     
           6          31  -25.261585342199677     
           6          32   5.6621474755398794E-003
           6          33  -25.266773866476846     
           6          34   3.9987140272074858E-003
           6          35   6.7715077600133435E-003
           6          36  -25.262721723329772     
           6          37  -19.162042760282318     
           6          38  -1.4398282655045185E-004
           6          39  -19.161834041604653     
           6          40  -9.6149897410525439E-005
           6          41  -1.7490713981604324E-004
           6          42  -19.161997054425250     
           7           1  -2.5370866466605680E-014
           7           2   6.1692009214539140E-014
           7           3   3.0738104295299941E-013
           7           4   3.3194658805884766E-013
           7           5   4.4698818414791533E-014
           7           6   4.2777805540977914E-013
           7           7   2.3536473065633521     
           7           8  -1.9223369092991049E-005
           7           9  -1.3266955138330032E-005
           7          10 -0.94633839672608189     
           7          11   6.1194057803942714E-005
           7          12   4.2225061559559435E-005
           7          13  0.14697785716892203     
           7          14  -1.3772691652884448E-004
           7          15  -9.4948934313536775E-005
           7          16  -5.9221267609709922E-002
           7          17   6.0217491187383081E-005
           7          18   4.1481272824905142E-005
           7          19  -1.9933910640233043E-013
           7          20  -7.1716602293164160E-015
           7          21  -1.9994532316635780E-013
           7          22  -8.9192173752971965E-015
           7          23   1.5593873749783714E-014
           7          24  -1.5628362522701613E-013
           7          25  -6.2527502885549145E-014
           7          26   1.8668426224566391E-014
           7          27  -1.0947742725180843E-013
           7          28   3.3644509673506726E-014
           7          29  -1.1835233619777554E-014
           7          30  -1.2953513891458236E-013
           7          31  -2.0059141441892343E-013
           7          32  -1.8150932241449683E-014
           7          33  -1.6831622985542284E-013
           7          34  -8.6179305196140631E-015
           7          35   1.6389027540026974E-014
           7          36  -1.4858383556885109E-013
           7          37  -1.2034342790260961E-013
           7          38  -4.4350796625277860E-015
           7          39  -1.2889105719246964E-013
           7          40  -8.0548736359932538E-016
           7          41  -1.1822485996762145E-014
           7          42  -1.3645336176566113E-013
           8           1  -1.7285376165533762E-013
           8           2   5.1622287620564910E-013
           8           3  -1.7483145223510038E-013
           8           4   1.0219328786283586E-013
           8           5   6.9555976949167338E-014
           8           6   9.0905454394691225E-013
           8           7  -1.9223369092991049E-005
           8           8   2.3536698849461577     
           8           9  -2.3141543006491294E-005
           8          10   6.1194057845475464E-005
           8          11 -0.94641028118237047     
           8          12   7.3669811083199033E-005
           8          13  -1.3772691656572991E-004
           8          14  0.14713977599379657     
           8          15  -1.6584738681210340E-004
           8          16   6.0217491200747824E-005
           8          17  -5.9292112760389343E-002
           8          18   7.2528454355964833E-005
           8          19   2.4655815452587893E-014
           8          20   3.2122278331137637E-014
           8          21   3.1652467924529564E-014
           8          22  -9.6460630618933473E-015
           8          23   7.4442578382596383E-015
           8          24  -2.5928107233814160E-014
           8          25  -7.5570515565397754E-014
           8          26  -2.5296354749295899E-014
           8          27  -2.3213437376994111E-014
           8          28   5.3560346168673856E-015
           8          29  -4.8485913839995492E-015
           8          30  -7.8016505370792239E-014
           8          31  -1.6516241074078768E-013
           8          32   9.7818201468185216E-015
           8          33  -2.2334240538286330E-013
           8          34  -3.7927392283054070E-014
           8          35  -1.3894616401625189E-014
           8          36  -2.1505322557122372E-013
           8          37  -3.3493334457278695E-013
           8          38   9.0120884647587896E-015
           8          39  -2.7506377179746974E-013
           8          40   2.5671720545452405E-015
           8          41   4.0327249573218797E-014
           8          42  -2.4796462337672992E-013
           9           1   2.5525918125010036E-014
           9           2  -8.8391718201132176E-014
           9           3   2.9848868692451582E-013
           9           4   3.6254971474005144E-013
           9           5   6.0813546739292648E-014
           9           6   2.5150807572149830E-013
           9           7  -1.3266955138330032E-005
           9           8  -2.3141543006491294E-005
           9           9   2.3536522529471959     
           9          10   4.2225061563847671E-005
           9          11   7.3669811163995513E-005
           9          12 -0.94635414607911184     
           9          13  -9.4948934335602891E-005
           9          14  -1.6584738685965564E-004
           9          15  0.14701333239759129     
           9          16   4.1481272831617221E-005
           9          17   7.2528454418293448E-005
           9          18  -5.9236789263412658E-002
           9          19  -1.8378057012682072E-013
           9          20  -1.4945075178820238E-014
           9          21  -2.1421471410243724E-013
           9          22  -9.8884136866094516E-016
           9          23   1.3638020178984494E-014
           9          24  -1.4274109991467641E-013
           9          25  -6.1820823218383134E-014
           9          26   3.1462331123091504E-014
           9          27  -1.1799506598529247E-013
           9          28   3.7336315896135294E-014
           9          29  -1.6522658643368524E-014
           9          30  -1.3035736985365991E-013
           9          31  -1.9088613273458389E-013
           9          32  -2.3927867084756876E-014
           9          33  -1.4788487444111485E-013
           9          34  -3.0716804374783984E-015
           9          35   3.0567932351431805E-014
           9          36  -1.2334484734787481E-013
           9          37  -5.6116567797257892E-014
           9          38  -5.9958028456175507E-015
           9          39  -8.4065578405544597E-014
           9          40  -1.4868784189900516E-016
           9          41  -3.1217918528016267E-014
           9          42  -9.2418778285956693E-014
          10           1  -4.5233471672058386E-016
          10           2   4.3031604206039324E-015
          10           3  -4.2937161746143618E-014
          10           4   5.8664754973688001E-014
          10           5   2.0558017886630855E-014
          10           6   2.4047775179995206E-014
          10           7 -0.94633839672608189     
          10           8   6.1194057845475464E-005
          10           9   4.2225061563847671E-005
          10          10   2.5260950710201504     
          10          11  -1.9035330612626744E-004
          10          12  -1.3132877670699039E-004
          10          13 -0.34805413783234929     
          10          14   3.7481569822967430E-004
          10          15   2.5837838530182872E-004
          10          16  0.13914938656059256     
          10          17  -1.6344406627705026E-004
          10          18  -1.1258010718879314E-004
          10          19   1.5636892403078515E-014
          10          20  -2.2859934492746401E-015
          10          21  -2.1997501261999843E-015
          10          22   1.5288224339036559E-014
          10          23  -8.1118676681793274E-015
          10          24  -1.2728338400690066E-014
          10          25  -1.7526329258949137E-014
          10          26  -2.7477772349139277E-015
          10          27  -1.3254933013751788E-014
          10          28   1.7071677528076465E-016
          10          29   1.0343416313933176E-015
          10          30  -8.2996835086365172E-015
          10          31  -2.2405161955177727E-014
          10          32   2.1691783531200480E-015
          10          33  -2.5529471437476295E-014
          10          34  -6.9823819606493867E-016
          10          35  -1.1795314687375849E-015
          10          36  -2.7296278054347596E-014
          10          37  -1.3167042256822198E-014
          10          38   1.3817959495981595E-016
          10          39  -1.0123447246462695E-014
          10          40   1.7953052084945549E-015
          10          41  -1.6320146099288223E-016
          10          42  -1.0056309162438149E-014
          11           1   6.6891076918544068E-015
          11           2  -2.4234588510810785E-014
          11           3   7.0505765423478071E-014
          11           4  -1.4085779372054677E-013
          11           5  -3.3812357279603141E-014
          11           6  -1.4853776737956296E-013
          11           7   6.1194057803942714E-005
          11           8 -0.94641028118237047     
          11           9   7.3669811163995513E-005
          11          10  -1.9035330612626744E-004
          11          11   2.5263187071030497     
          11          12  -2.2917012907708312E-004
          11          13   3.7481569822891275E-004
          11          14 -0.34849482052888592     
          11          15   4.5135348818482746E-004
          11          16  -1.6344406627717169E-004
          11          17  0.13934169128488691     
          11          18  -1.9686353280117322E-004
          11          19   4.6878607419026342E-015
          11          20  -7.8979904374374551E-015
          11          21   2.3135545083772765E-014
          11          22   2.3876036288794526E-014
          11          23  -1.3874794593771508E-014
          11          24  -1.6926247503763160E-015
          11          25   3.4851348104389971E-014
          11          26  -5.4446330825570332E-015
          11          27   2.9239961624076020E-014
          11          28  -6.1730046264802989E-015
          11          29   1.0736733014784095E-015
          11          30   3.6690878107430012E-014
          11          31   7.1244565211019181E-014
          11          32   2.4841406833653891E-015
          11          33   7.4929229426777040E-014
          11          34   5.1118103841025497E-015
          11          35  -1.7269517401608295E-015
          11          36   7.0859393700049193E-014
          11          37   5.0623566674133770E-014
          11          38  -5.8901075115703515E-016
          11          39   4.9779169374822736E-014
          11          40  -2.0912137500085327E-015
          11          41   1.2807531408417895E-015
          11          42   5.1001056463647730E-014
          12           1  -2.0567932058864692E-016
          12           2  -3.1527795501789247E-015
          12           3   2.2258704731949966E-014
          12           4  -9.8483678020274136E-014
          12           5  -3.1626838551808956E-014
          12           6  -3.7275621195597600E-014
          12           7   4.2225061559559435E-005
          12           8   7.3669811083199033E-005
          12           9 -0.94635414607911184     
          12          10  -1.3132877670699039E-004
          12          11  -2.2917012907708312E-004
          12          12   2.5261440680520941     
          12          13   2.5837838529623770E-004
          12          14   4.5135348818895610E-004
          12          15 -0.34815068819180384     
          12          16  -1.1258010718745437E-004
          12          17  -1.9686353280413960E-004
          12          18  0.13919151912082367     
          12          19  -5.4753809529642419E-015
          12          20   1.3765234817404465E-014
          12          21   4.1292428319142399E-014
          12          22  -1.3778598301390194E-014
          12          23   3.4274447569375448E-015
          12          24  -1.5369112887716464E-014
          12          25   2.5404760619662919E-014
          12          26  -6.2668037282551668E-015
          12          27   1.4715550991060678E-014
          12          28  -4.2606121854746182E-015
          12          29  -1.0906524971712054E-015
          12          30   2.7573321335522761E-014
          12          31   3.6615007032417219E-014
          12          32   8.1754510270772378E-016
          12          33   4.7393713144598035E-014
          12          34   3.3528197294398653E-015
          12          35  -2.0358654809231180E-015
          12          36   4.0603003052208614E-014
          12          37   1.7409223915016042E-014
          12          38   2.4501341219194645E-016
          12          39   1.3936212492890644E-014
          12          40  -1.9421288321899663E-015
          12          41   2.9739634111515777E-015
          12          42   1.7537493433946752E-014
          13           1  -2.5981160503835193E-016
          13           2   5.1696195153943120E-015
          13           3   2.4384701743589997E-014
          13           4  -5.1423675518781934E-014
          13           5  -1.4881306844715722E-014
          13           6  -6.5378471104685527E-014
          13           7  0.14697785716892203     
          13           8  -1.3772691656572991E-004
          13           9  -9.4948934335602891E-005
          13          10 -0.34805413783234929     
          13          11   3.7481569822891275E-004
          13          12   2.5837838529623770E-004
          13          13   5.0186628804063008E-002
          13          14  -7.9203966108266650E-005
          13          15  -5.4470386581512717E-005
          13          16  -1.9965817650450489E-002
          13          17   3.3652122652129348E-005
          13          18   2.3131989471601895E-005
          13          19  -5.0573759307877913E-015
          13          20  -3.7098988882692021E-015
          13          21  -5.0698408641642289E-015
          13          22   1.3479809899944469E-015
          13          23   2.8222728815673557E-015
          13          24  -5.4993549560399620E-015
          13          25   1.3499005467276466E-014
          13          26   1.0450204105122916E-014
          13          27   1.2658759280414684E-014
          13          28  -5.5618559342885673E-015
          13          29  -1.7667619571988074E-015
          13          30   1.2542907013270814E-014
          13          31   3.0413590753892068E-014
          13          32  -1.3036608492720358E-015
          13          33   3.0840181936372338E-014
          13          34   6.8804295940711324E-016
          13          35   5.3072211939974261E-016
          13          36   3.1059304264021718E-014
          13          37   2.2746173490643575E-014
          13          38   3.9007485128747056E-016
          13          39   2.2371580993810332E-014
          13          40  -4.8154950891783735E-016
          13          41  -1.7846980262358125E-016
          13          42   2.2368656623776412E-014
          14           1  -6.7022344327473915E-016
          14           2  -4.5925885795397851E-016
          14           3  -3.5391466163920168E-014
          14           4   6.9085523651567721E-014
          14           5   1.5778897106972972E-014
          14           6   8.6766517375962406E-014
          14           7  -1.3772691652884448E-004
          14           8  0.14713977599379657     
          14           9  -1.6584738685965564E-004
          14          10   3.7481569822967430E-004
          14          11 -0.34849482052888592     
          14          12   4.5135348818895610E-004
          14          13  -7.9203966108266650E-005
          14          14   5.0279949910418190E-002
          14          15  -9.5440635361906771E-005
          14          16   3.3652122652203507E-005
          14          17  -2.0005485356100361E-002
          14          18   4.0556313398787142E-005
          14          19   4.9419138675317354E-015
          14          20   4.0791961413058587E-015
          14          21  -1.7609427683757262E-015
          14          22   1.7360141252376676E-015
          14          23   4.5208905551477370E-015
          14          24   3.8499355042183781E-015
          14          25  -1.2235070512856938E-014
          14          26   2.2957472653328665E-015
          14          27  -1.0667544572680712E-014
          14          28   1.5586772090619533E-015
          14          29  -4.9972098817484974E-015
          14          30  -1.2215471646792795E-014
          14          31  -3.6146516313345572E-014
          14          32  -2.0238321540950776E-016
          14          33  -3.7315171376554212E-014
          14          34  -7.0299187877827274E-016
          14          35   8.0253658243695477E-016
          14          36  -3.6573391817643099E-014
          14          37  -2.9100020035063435E-014
          14          38   9.4942074765357001E-017
          14          39  -2.8706120814168298E-014
          14          40   2.3847201766393791E-016
          14          41  -2.4427546481830613E-016
          14          42  -2.8664813281666932E-014
          15           1   4.6034540951855791E-015
          15           2  -4.5283501430515848E-015
          15           3  -1.4734608062871571E-014
          15           4   2.8317822597915293E-014
          15           5   1.0516611837794787E-014
          15           6   3.0557748346389404E-014
          15           7  -9.4948934313536775E-005
          15           8  -1.6584738681210340E-004
          15           9  0.14701333239759129     
          15          10   2.5837838530182872E-004
          15          11   4.5135348818482746E-004
          15          12 -0.34815068819180384     
          15          13  -5.4470386581512717E-005
          15          14  -9.5440635361906771E-005
          15          15   5.0207074776705413E-002
          15          16   2.3131989471668248E-005
          15          17   4.0556313399281538E-005
          15          18  -1.9974508554964597E-002
          15          19   3.6575713549999698E-015
          15          20   4.5021923507655977E-015
          15          21  -5.2662150876540356E-015
          15          22  -1.6666220271071466E-015
          15          23   2.7473660734809566E-015
          15          24   4.8287648379177795E-015
          15          25  -1.1979244575239621E-014
          15          26   1.7635838103673237E-015
          15          27  -9.9655270742367382E-015
          15          28   6.9892436645336945E-016
          15          29  -1.7922486205140775E-015
          15          30  -1.2537039920743095E-014
          15          31  -1.7761843219753741E-014
          15          32  -1.8983996345874881E-016
          15          33  -1.9212399285431640E-014
          15          34  -6.7748868693200420E-016
          15          35   7.5094935612350775E-016
          15          36  -1.8027899817611205E-014
          15          37  -1.1067718410182258E-014
          15          38  -1.8238424616350862E-016
          15          39  -1.0852735561594498E-014
          15          40   2.6053891774300731E-016
          15          41  -7.3795560798859635E-016
          15          42  -1.1351607591602163E-014
          16           1  -2.0755834341641923E-015
          16           2   1.5844753645995144E-015
          16           3   4.8856779087523208E-015
          16           4  -2.3273734765581880E-015
          16           5   7.8375044222796179E-016
          16           6  -3.6305374354061637E-015
          16           7  -5.9221267609709922E-002
          16           8   6.0217491200747824E-005
          16           9   4.1481272831617221E-005
          16          10  0.13914938656059256     
          16          11  -1.6344406627717169E-004
          16          12  -1.1258010718745437E-004
          16          13  -1.9965817650450489E-002
          16          14   3.3652122652203507E-005
          16          15   2.3131989471668248E-005
          16          16   7.9480185474826211E-003
          16          17  -1.4286958222563002E-005
          16          18  -9.8160184132926756E-006
          16          19  -7.0267278358392657E-016
          16          20  -7.4450883297291383E-015
          16          21  -1.1943700107369796E-015
          16          22   4.9598193228095860E-015
          16          23  -6.6838676859542984E-015
          16          24   1.7764302811398787E-015
          16          25  -1.5263169646733466E-015
          16          26  -1.3283604424757816E-015
          16          27  -1.1031542611149159E-015
          16          28   5.2457177975351621E-016
          16          29   2.9364491644827849E-016
          16          30  -1.5630131857279123E-015
          16          31   2.6855860489619697E-016
          16          32  -9.9125678505317174E-017
          16          33   6.5010068137140306E-017
          16          34   1.3909882459896609E-016
          16          35  -4.4043839929923963E-016
          16          36   1.8785594605221798E-016
          16          37   7.9039478173394204E-016
          16          38   6.2289896677269590E-017
          16          39   9.5312541906299792E-016
          16          40   5.5695100274222637E-017
          16          41   1.2696527031665398E-016
          16          42   8.9047608781019721E-016
          17           1   3.2562799778357066E-015
          17           2  -3.7260038790489385E-015
          17           3   2.1643766888977051E-014
          17           4  -5.1709473905858117E-014
          17           5  -1.1348108152625018E-014
          17           6  -6.3996550837115825E-014
          17           7   6.0217491187383081E-005
          17           8  -5.9292112760389343E-002
          17           9   7.2528454418293448E-005
          17          10  -1.6344406627705026E-004
          17          11  0.13934169128488691     
          17          12  -1.9686353280413960E-004
          17          13   3.3652122652129348E-005
          17          14  -2.0005485356100361E-002
          17          15   4.0556313399281538E-005
          17          16  -1.4286958222563002E-005
          17          17   7.9648665582247157E-003
          17          18  -1.7220394731974945E-005
          17          19  -2.1286583658651679E-015
          17          20   2.2726873834260631E-015
          17          21   9.8605006191613378E-016
          17          22  -3.3990682586345352E-015
          17          23   7.8548610779933443E-016
          17          24  -1.9231831333051813E-015
          17          25   8.4253631563834470E-015
          17          26  -1.3259421734944582E-015
          17          27   7.7707299537998522E-015
          17          28  -1.5782617832128402E-016
          17          29   1.4317413902284222E-015
          17          30   8.4077434270614740E-015
          17          31   2.6770991590169759E-014
          17          32   2.6759348845083302E-016
          17          33   2.7287201639151755E-014
          17          34   1.0360334808772443E-016
          17          35  -1.7399725554160480E-016
          17          36   2.6946011410500212E-014
          17          37   2.1332700325559887E-014
          17          38  -1.0109079378034919E-016
          17          39   2.1154440463728686E-014
          17          40  -4.0387500406977053E-017
          17          41   4.1869092903070593E-017
          17          42   2.1143852711533080E-014
          18           1  -9.1710844541785559E-016
          18           2  -1.9701278350579690E-015
          18           3   1.6556273359770905E-014
          18           4  -3.5583571004645109E-014
          18           5  -8.0583412693998327E-015
          18           6  -3.8198829803851913E-014
          18           7   4.1481272824905142E-005
          18           8   7.2528454355964833E-005
          18           9  -5.9236789263412658E-002
          18          10  -1.1258010718879314E-004
          18          11  -1.9686353280117322E-004
          18          12  0.13919151912082367     
          18          13   2.3131989471601895E-005
          18          14   4.0556313398787142E-005
          18          15  -1.9974508554964597E-002
          18          16  -9.8160184132926756E-006
          18          17  -1.7220394731974945E-005
          18          18   7.9517098235524081E-003
          18          19  -1.1402564935707303E-016
          18          20  -1.0034835583247421E-014
          18          21   2.5708538753421649E-015
          18          22   8.7229873476448919E-015
          18          23  -2.7228962839355020E-015
          18          24  -1.1618626424285574E-016
          18          25   6.2221037622487521E-015
          18          26   1.6969537938953681E-015
          18          27   5.7444000486395960E-015
          18          28  -1.2186815367163614E-015
          18          29  -1.0053090051441138E-015
          18          30   6.4482487551174259E-015
          18          31   1.7476128470507310E-014
          18          32  -5.9374059091959937E-016
          18          33   1.8015543070600867E-014
          18          34   6.6254465744373387E-016
          18          35  -2.8848306905035519E-016
          18          36   1.7599575497561968E-014
          18          37   1.2835067842778494E-014
          18          38   2.8459598138217874E-016
          18          39   1.2765221252107859E-014
          18          40  -2.3238865263835630E-016
          18          41   2.6340000787112558E-016
          18          42   1.2942472526182116E-014
          19           1  0.22980014785901165     
          19           2 -0.58431548964974556     
          19           3 -0.22079188014221823     
          19           4  0.18612221856736419     
          19           5   5.3965044546154091E-002
          19           6  0.41313584784376822     
          19           7  -1.9933910640233043E-013
          19           8   2.4655815452587893E-014
          19           9  -1.8378057012682072E-013
          19          10   1.5636892403078515E-014
          19          11   4.6878607419026342E-015
          19          12  -5.4753809529642419E-015
          19          13  -5.0573759307877913E-015
          19          14   4.9419138675317354E-015
          19          15   3.6575713549999698E-015
          19          16  -7.0267278358392657E-016
          19          17  -2.1286583658651679E-015
          19          18  -1.1402564935707303E-016
          19          19   2.3869910761650854     
          19          20   5.5368340595042195E-004
          19          21 -0.92500805315849566     
          19          22   3.7921640930133120E-004
          19          23   9.6692702888659854E-004
          19          24 -0.92436242108925359     
          19          25 -0.31487203096980421     
          19          26   3.1914210278056934E-004
          19          27  0.19026493806023090     
          19          28   2.2537008583592102E-004
