           1           1   2.2547166233968370     
           1           2 -0.83181002100085921     
           1           3  0.27427834659073136     
           1           4   4.8919510153785071E-004
           1           5  -1.5331714107742211E-002
           1           6   6.1489615958931577E-002
           1           7  -7.3250966880878148E-011
           1           8  -4.2328966225915745E-011
           1           9  -2.6007381422541783E-011
           1          10   2.3056491659248455E-010
           1          11   7.6913758878177661E-011
           1          12   3.6077600456506288E-011
           1          13  -3.5450836657217732E-010
           1          14  -2.0868025617426601E-010
           1          15  -8.3561982493253603E-011
           1          16  -7.5004811935400111E-010
           1          17   8.2321808746048014E-011
           1          18   5.0584678878100139E-011
           1          19   9.3697300421462307E-003
           1          20  -9.3510822461775122E-006
           1          21   9.1854687290976456E-003
           1          22   1.3179884274670291E-005
           1          23   3.0045593879338644E-004
           1          24   9.0033495030440933E-003
           1          25  -1.3876331449729194E-002
           1          26  -2.0267201388667779E-007
           1          27  -1.3880324489179875E-002
           1          28   2.8554435339233689E-007
           1          29   6.5108771296451818E-006
           1          30  -1.3884270830396226E-002
           1          31  -2.7909929189109808E-002
           1          32  -4.4017834765089445E-006
           1          33  -2.7996660551149320E-002
           1          34   6.2036415741148403E-006
           1          35   1.4142394451616223E-004
           1          36  -2.8082383378256741E-002
           1          37  -2.0355018447258968E-002
           1          38   7.9345723582387160E-006
           1          39  -2.0198673305605888E-002
           1          40  -1.1182825793526646E-005
           1          41  -2.5493586349426277E-004
           1          42  -2.0044146369354796E-002
           2           1 -0.83181002100085921     
           2           2   2.7072557041395999     
           2           3  -1.1320224127719603     
           2           4  0.18617854884143309     
           2           5   8.7211624863625187E-002
           2           6  -2.2454170423678258E-002
           2           7   5.6238801592903912E-010
           2           8   6.6973149239710173E-011
           2           9   3.3088994692858727E-011
           2          10  -1.7287690840078502E-009
           2          11  -1.2643329103472255E-010
           2          12  -4.2156546225585933E-011
           2          13   2.7825904835401950E-009
           2          14   6.4773959936019664E-010
           2          15   3.0442280753973751E-010
           2          16   4.6548037660883854E-009
           2          17  -3.0148936157585103E-010
           2          18  -1.1849100299586543E-010
           2          19  -1.6116021012693695E-002
           2          20   2.2263562966992631E-005
           2          21  -1.5677320748452003E-002
           2          22  -3.1379385054479945E-005
           2          23  -7.1534334068479451E-004
           2          24  -1.5243720389783794E-002
           2          25  -4.2467082357889301E-003
           2          26  -3.8321125898138436E-006
           2          27  -4.3222202942866488E-003
           2          28   5.4014957843123788E-006
           2          29   1.2313032400174725E-004
           2          30  -4.3968555041306728E-003
           2          31  -6.1421120432949379E-004
           2          32   1.4384348685918738E-005
           2          33  -3.3078596243126733E-004
           2          34  -2.0272580228946079E-005
           2          35  -4.6215250235286586E-004
           2          36  -5.0656485475325790E-005
           2          37   6.1856783873935166E-003
           2          38  -2.5782242999008893E-005
           2          39   5.6776573018859919E-003
           2          40   3.6336994203078580E-005
           2          41   8.2837749264057150E-004
           2          42   5.1755442002978744E-003
           3           1  0.27427834659073136     
           3           2  -1.1320224127719603     
           3           3   2.7215395004241292     
           3           4 -0.57547039367312935     
           3           5 -0.29932909098681210     
           3           6  0.13701275534395729     
           3           7  -1.6014534166747267E-009
           3           8  -6.3930779086960331E-010
           3           9  -4.4612221578969542E-010
           3          10   4.7298988845254195E-009
           3          11   2.9183680020650137E-009
           3          12   1.9640994291035095E-009
           3          13  -8.4704106517117958E-009
           3          14  -5.0253595076831273E-009
           3          15  -2.9586906537308195E-009
           3          16  -1.4508204112728952E-008
           3          17  -2.9774076219037042E-009
           3          18  -2.3894541508758531E-009
           3          19   3.3855047961908913E-002
           3          20  -1.6316042856018637E-004
           3          21   3.0640009894077898E-002
           3          22   2.2996660776422026E-004
           3          23   5.2424322534056055E-003
           3          24   2.7462346478802101E-002
           3          25  -2.1293480243007364E-002
           3          26  -3.8218686437861324E-005
           3          27  -2.2046553538537125E-002
           3          28   5.3865891455079677E-005
           3          29   1.2279577503731560E-003
           3          30  -2.2790868931849246E-002
           3          31  -3.4764568578207838E-002
           3          32  -4.9895853312585301E-005
           3          33  -3.5747701177906169E-002
           3          34   7.0320522481454820E-005
           3          35   1.6030938240998334E-003
           3          36  -3.6719402403854746E-002
           3          37  -4.1286433668216035E-002
           3          38   8.6072006827210237E-005
           3          39  -3.9590446368628185E-002
           3          40  -1.2130796835417028E-004
           3          41  -2.7654711092471307E-003
           3          42  -3.7914182447263717E-002
           4           1   4.8919510153785071E-004
           4           2  0.18617854884143309     
           4           3 -0.57547039367312935     
           4           4  0.62052010774780086     
           4           5  0.35873408875674462     
           4           6 -0.41492173767009699     
           4           7   8.9153297345016074E-009
           4           8   5.6606834329214287E-009
           4           9   4.3192526901092765E-009
           4          10  -2.8369505961832229E-008
           4          11  -1.4616740746784344E-008
           4          12  -1.1069046270753280E-008
           4          13   5.4686725154341566E-008
           4          14   2.4609531794621261E-008
           4          15   1.8025433231235776E-008
           4          16   7.7849271537299576E-008
           4          17   2.8711465882654101E-008
           4          18   2.2572462061657110E-008
           4          19  -1.5961732038934501E-002
           4          20   2.4651466017583086E-004
           4          21  -1.1104249947364420E-002
           4          22  -3.4744683266060296E-004
           4          23  -7.9205946041940849E-003
           4          24  -6.3032379869116077E-003
           4          25   8.2556998352199332E-002
           4          26   9.7737705789324313E-005
           4          27   8.4482854697982307E-002
           4          28  -1.3775263043576985E-004
           4          29  -3.1402947056987963E-003
           4          30   8.6386319852845200E-002
           4          31  0.14009434120136435     
           4          32   4.0904198724684522E-005
           4          33  0.14090027424677548     
           4          34  -5.7645640241344473E-005
           4          35  -1.3141525277220872E-003
           4          36  0.14169683675173222     
           4          37  0.13229903080219252     
           4          38  -1.1093111598570489E-004
           4          39  0.13011321500211084     
           4          40   1.5634357000653831E-004
           4          41   3.5641837373032127E-003
           4          42  0.12795281904204878     
           5           1  -1.5331714107742211E-002
           5           2   8.7211624863625187E-002
           5           3 -0.29932909098681210     
           5           4  0.35873408875674462     
           5           5  0.20865118260725068     
           5           6 -0.24565452519709874     
           5           7   2.4432670738802580E-008
           5           8  -7.2533727243334436E-009
           5           9  -4.4173756228775928E-009
           5          10  -7.5967237834219609E-008
           5          11   2.3198809855036509E-008
           5          12   1.4258068500500446E-008
           5          13   1.3928304060797818E-007
           5          14  -4.2735302302289835E-008
           5          15  -2.6655999131925144E-008
           5          16   1.9107474965764310E-007
           5          17  -6.0888747717796570E-008
           5          18  -3.7370908230337337E-008
           5          19  -5.3074682680433341E-003
           5          20  -4.5767123796369190E-005
           5          21  -6.2092460260489944E-003
           5          22   6.4500888096299730E-005
           5          23   1.4704351144984853E-003
           5          24  -7.1005374168098979E-003
           5          25   5.0132797174625605E-002
           5          26  -9.2166982776900369E-006
           5          27   4.9951182746345864E-002
           5          28   1.2990216314576092E-005
           5          29   2.9614008966963556E-004
           5          30   4.9771679149852685E-002
           5          31   8.3966396840096907E-002
           5          32  -1.2608296488205784E-005
           5          33   8.3717913693863125E-002
           5          34   1.7773930147835769E-005
           5          35   4.0517664341663262E-004
           5          36   8.3472319419955671E-002
           5          37   7.8530412627137836E-002
           5          38  -7.7005554555856448E-005
           5          39   7.7013072877845395E-002
           5          40   1.0853003984075116E-004
           5          41   2.4741694326352215E-003
           5          42   7.5513378525703029E-002
           6           1   6.1489615958931577E-002
           6           2  -2.2454170423678258E-002
           6           3  0.13701275534395729     
           6           4 -0.41492173767009699     
           6           5 -0.24565452519709874     
           6           6  0.31207135472200653     
           6           7  -8.7995977088935652E-008
           6           8   7.3704328560642826E-010
           6           9  -1.8731053930983856E-009
           6          10   2.7308499037489996E-007
           6          11   6.7186646004468060E-010
           6          12   8.2061412587252140E-009
           6          13  -4.9996698251354004E-007
           6          14  -5.8772494996851217E-009
           6          15  -1.8941411237304790E-008
           6          16  -6.8112657641349319E-007
           6          17  -4.5092401299435383E-009
           6          18  -2.4268592137964901E-008
           6          19  -1.5771097611114236E-004
           6          20   2.8718754457730214E-004
           6          21   5.5012710899225558E-003
           6          22  -4.0477803476638672E-004
           6          23  -9.2275176161621883E-003
           6          24   1.1094455541871891E-002
           6          25  -6.5660060197015563E-002
           6          26   8.9267369831536839E-005
           6          27  -6.3901036457736524E-002
           6          28  -1.2582043885169046E-004
           6          29  -2.8682582744117596E-003
           6          30  -6.2162463694110645E-002
           6          31 -0.10865310152439024     
           6          32   5.0202069099409576E-005
           6          33 -0.10766383141048425     
           6          34  -7.0760951044912535E-005
           6          35  -1.6131023815795110E-003
           6          36 -0.10668606332557649     
           6          37 -0.10014094730430198     
           6          38   1.0197606378977137E-004
           6          39  -9.8131579735225655E-002
           6          40  -1.4372320415859282E-004
           6          41  -3.2764687654512265E-003
           6          42  -9.6145579142747600E-002
           7           1  -7.3250966880878148E-011
           7           2   5.6238801592903912E-010
           7           3  -1.6014534166747267E-009
           7           4   8.9153297345016074E-009
           7           5   2.4432670738802580E-008
           7           6  -8.7995977088935652E-008
           7           7   2.3326797564285919     
           7           8  -1.1183793047249995E-004
           7           9   1.5762814544813947E-004
           7          10 -0.88854299705755235     
           7          11   3.4538212538047194E-004
           7          12  -4.8679328801074656E-004
           7          13   2.1167947213602198E-002
           7          14  -6.2487127759006892E-004
           7          15   8.8071775246494175E-004
           7          16   5.9660311932956546E-002
           7          17  -8.0422811421887517E-004
           7          18   1.1334917604701867E-003
           7          19   8.4247193788169017E-010
           7          20  -1.5869996132214327E-009
           7          21  -1.0319419544331548E-009
           7          22  -8.8515641137829477E-010
           7          23   7.7323223136769158E-010
           7          24   2.4307859057297469E-009
           7          25   2.7461771585716947E-009
           7          26   2.3197095008194454E-010
           7          27   1.5886975911623874E-009
           7          28  -1.0750775373225026E-009
           7          29   7.7911558065332116E-010
           7          30   2.3054451647485028E-009
           7          31   8.0056426991987194E-009
           7          32  -5.8100102962854679E-010
           7          33   7.3104412091849463E-009
           7          34   2.8768951492243316E-009
           7          35  -9.5405584597597439E-010
           7          36   3.2399392588691394E-009
           7          37   1.9982260344286507E-008
           7          38   4.0563318547167260E-010
           7          39   2.1376758316332222E-008
           7          40  -2.4115403091402045E-009
           7          41   4.1563929176965288E-009
           7          42   2.5375844797758862E-008
           8           1  -4.2328966225915745E-011
           8           2   6.6973149239710173E-011
           8           3  -6.3930779086960331E-010
           8           4   5.6606834329214287E-009
           8           5  -7.2533727243334436E-009
           8           6   7.3704328560642826E-010
           8           7  -1.1183793047249995E-004
           8           8   2.3301351424047225     
           8           9   3.5933523422185649E-003
           8          10   3.4538222563171940E-004
           8          11 -0.88068459994080595     
           8          12  -1.1097159418775291E-002
           8          13  -6.2487362670106991E-004
           8          14   6.9501719509143418E-003
           8          15   2.0077489200452339E-002
           8          16  -8.0422161951008292E-004
           8          17   4.1361855293025405E-002
           8          18   2.5839971764042451E-002
           8          19   3.3876968023007892E-010
           8          20  -1.3668014058883588E-010
           8          21  -3.0542916381279187E-010
           8          22  -1.5800932655967466E-010
           8          23   3.0670822163518837E-010
           8          24  -1.7944476219635275E-010
           8          25  -2.9830322036075194E-010
           8          26   5.3461198540835573E-010
           8          27  -1.0673639601806069E-010
           8          28  -1.6967670798092887E-010
           8          29   4.5881270412312604E-010
           8          30  -4.8314416804940049E-010
           8          31  -8.9520219970526381E-011
           8          32  -1.6208362794704383E-009
           8          33   2.5484710405959127E-010
           8          34   4.5832713122279426E-010
           8          35  -9.6909383450697743E-010
           8          36  -3.9240101452889167E-010
           8          37   1.7126865272556946E-009
           8          38  -1.5378909747906256E-010
           8          39   1.4648810907080094E-009
           8          40   1.4901078576796907E-009
           8          41   1.3629527101403357E-009
           8          42   1.9473394416443825E-009
           9           1  -2.6007381422541783E-011
           9           2   3.3088994692858727E-011
           9           3  -4.4612221578969542E-010
           9           4   4.3192526901092765E-009
           9           5  -4.4173756228775928E-009
           9           6  -1.8731053930983856E-009
           9           7   1.5762814544813947E-004
           9           8   3.5933523422185649E-003
           9           9   2.3276201094134881     
           9          10  -4.8679334251024522E-004
           9          11  -1.1097159502191539E-002
           9          12 -0.87291755866581289     
           9          13   8.8071919175475440E-004
           9          14   2.0077490891783602E-002
           9          15  -7.1023052452911916E-003
           9          16   1.1334913562392615E-003
           9          17   2.5839966633622414E-002
           9          18   2.3276166531373856E-002
           9          19   2.8296993272367415E-010
           9          20  -4.9975024237697388E-011
           9          21  -2.8173445496657612E-010
           9          22  -2.9545767583406691E-010
           9          23   3.4743376924768244E-010
           9          24  -3.6127611984999319E-011
           9          25  -2.0377162799506684E-010
           9          26   3.6832465664318217E-010
           9          27  -1.3211214161195516E-010
           9          28  -1.2730866026038030E-010
           9          29   3.3529566812956329E-010
           9          30  -3.0143423245137258E-010
           9          31   6.0871423228413357E-011
           9          32  -1.1279695730173385E-009
           9          33   3.7088977768845096E-010
           9          34   3.5300743216855322E-010
           9          35  -7.6466316061227406E-010
           9          36  -4.3322280991489675E-010
           9          37   1.7230121034387293E-009
           9          38  -1.0442582610445353E-010
           9          39   1.5747057487116901E-009
           9          40   9.9155982019818282E-010
           9          41   1.0979876439329349E-009
           9          42   2.0736657468424790E-009
          10           1   2.3056491659248455E-010
          10           2  -1.7287690840078502E-009
          10           3   4.7298988845254195E-009
          10           4  -2.8369505961832229E-008
          10           5  -7.5967237834219609E-008
          10           6   2.7308499037489996E-007
          10           7 -0.88854299705755235     
          10           8   3.4538222563171940E-004
          10           9  -4.8679334251024522E-004
          10          10   2.3772762936089697     
          10          11  -1.0663452395635565E-003
          10          12   1.5029432049245316E-003
          10          13  -9.7066235520986852E-002
          10          14   1.9224474410374864E-003
          10          15  -2.7095720704741265E-003
          10          16 -0.17475300247365069     
          10          17   2.5006901399964479E-003
          10          18  -3.5245125365680431E-003
          10          19  -2.6027562233120443E-009
          10          20   4.8435507042946904E-009
          10          21   3.4619702511277882E-009
          10          22   2.6007182314930303E-009
          10          23  -2.3345132864612841E-009
          10          24  -7.3301338520607524E-009
          10          25  -8.1146948241387421E-009
          10          26  -5.1877413554913975E-010
          10          27  -4.9724180507609829E-009
          10          28   3.5947659508357113E-009
          10          29  -2.5359370560316196E-009
          10          30  -7.0535544450047234E-009
          10          31  -2.4672295636539763E-008
          10          32   1.7440593389712479E-009
          10          33  -2.2383984163545554E-008
          10          34  -9.0235455030224892E-009
          10          35   3.0638260702540452E-009
          10          36  -9.8077390882928371E-009
          10          37  -6.2004544692385409E-008
          10          38  -1.2537278838472572E-009
          10          39  -6.6356025134352237E-008
          10          40   7.5212276553004532E-009
          10          41  -1.2901116953717084E-008
          10          42  -7.8695130790373086E-008
          11           1   7.6913758878177661E-011
          11           2  -1.2643329103472255E-010
          11           3   2.9183680020650137E-009
          11           4  -1.4616740746784344E-008
          11           5   2.3198809855036509E-008
          11           6   6.7186646004468060E-010
          11           7   3.4538212538047194E-004
          11           8 -0.88068459994080595     
          11           9  -1.1097159502191539E-002
          11          10  -1.0663452395635565E-003
          11          11   2.3530139381640334     
          11          12   3.4261848352122495E-002
          11          13   1.9224541490693887E-003
          11          14  -5.3324522338320426E-002
          11          15  -6.1769422032556982E-002
          11          16   2.5006691649597031E-003
          11          17 -0.11785525547425399     
          11          18  -8.0347552968122252E-002
          11          19  -1.8073075773351595E-009
          11          20   4.0630438440176243E-010
          11          21  -1.0030226416392979E-011
          11          22   5.4569544591398232E-010
          11          23  -1.0157615002834255E-009
          11          24  -2.1612780415281826E-010
          11          25  -3.2035899380646615E-012
          11          26  -1.6364435433220693E-009
          11          27  -2.1127075074790907E-010
          11          28   4.1406738633857560E-010
          11          29  -1.2884555012724992E-009
          11          30   6.4806317345230156E-010
          11          31  -1.1561177451165482E-009
          11          32   4.9960909664104930E-009
          11          33  -2.4364436817482237E-009
          11          34  -1.4070565413963609E-009
          11          35   2.9235312594592224E-009
          11          36  -2.6896197467269877E-010
          11          37  -6.3384101014794277E-009
          11          38   4.9134491253973113E-010
          11          39  -5.5102025475016129E-009
          11          40  -4.6419569547781267E-009
          11          41  -4.2079469795511481E-009
          11          42  -7.0831391844091296E-009
          12           1   3.6077600456506288E-011
          12           2  -4.2156546225585933E-011
          12           3   1.9640994291035095E-009
          12           4  -1.1069046270753280E-008
          12           5   1.4258068500500446E-008
          12           6   8.2061412587252140E-009
          12           7  -4.8679328801074656E-004
          12           8  -1.1097159418775291E-002
          12           9 -0.87291755866581289     
          12          10   1.5029432049245316E-003
          12          11   3.4261848352122495E-002
          12          12   2.3290336448786513     
          12          13  -2.7095762481210801E-003
          12          14  -6.1769426828409052E-002
          12          15  -1.0091362069162006E-002
          12          16  -3.5245109571057226E-003
          12          17  -8.0347536251589857E-002
          12          18  -6.1619091390337777E-002
          12          19  -1.4172889761977503E-009
          12          20   1.4747043755777985E-010
          12          21   2.8404762709709707E-010
          12          22   9.4291958385430191E-010
          12          23  -1.1429298260774036E-009
          12          24  -5.2979411678375886E-010
          12          25  -9.7070292516742205E-011
          12          26  -1.1609362822121515E-009
          12          27  -2.0879785923019183E-010
          12          28   3.7985735579380850E-010
          12          29  -9.0727545746833912E-010
          12          30   4.4760359174526770E-010
          12          31  -1.3272820114225592E-009
          12          32   3.4995224684027560E-009
          12          33  -2.3469187961766178E-009
          12          34  -1.1207216505927315E-009
          12          35   2.2740867764271808E-009
          12          36   5.1299054672444953E-011
          12          37  -6.1736332076074793E-009
          12          38   3.2844890851307987E-010
          12          39  -5.6949111115660344E-009
          12          40  -3.0826064901750875E-009
          12          41  -3.3846941326579689E-009
          12          42  -7.2481142082725661E-009
          13           1  -3.5450836657217732E-010
          13           2   2.7825904835401950E-009
          13           3  -8.4704106517117958E-009
          13           4   5.4686725154341566E-008
          13           5   1.3928304060797818E-007
          13           6  -4.9996698251354004E-007
          13           7   2.1167947213602198E-002
          13           8  -6.2487362670106991E-004
          13           9   8.8071919175475440E-004
          13          10  -9.7066235520986852E-002
          13          11   1.9224541490693887E-003
          13          12  -2.7095762481210801E-003
          13          13  0.23063608842305758     
          13          14  -3.3797319076788314E-003
          13          15   4.7635342781567752E-003
          13          16  0.31267586960340171     
          13          17  -4.5938338897132495E-003
          13          18   6.4746349667008781E-003
          13          19   5.4862013297466357E-009
          13          20  -9.2256146485524287E-009
          13          21  -6.6592099789777699E-009
          13          22  -4.2077066263465292E-009
          13          23   3.7687347871975474E-009
          13          24   1.3094360699457439E-008
          13          25   1.2091275049146915E-008
          13          26   4.8824796899440552E-010
          13          27   9.9324366549451176E-009
          13          28  -7.5864388335271210E-009
          13          29   5.7675228143935374E-009
          13          30   1.2470532980067109E-008
          13          31   4.4350985481615730E-008
          13          32  -3.0189735758039384E-009
          13          33   3.9211648614246185E-008
          13          34   1.6997440250515812E-008
          13          35  -6.2975548734383429E-009
          13          36   1.6734925190554984E-008
          13          37   1.1361779427012972E-007
          13          38   2.3439918909954538E-009
          13          39   1.2177668604939522E-007
          13          40  -1.3905596368215804E-008
          13          41   2.3581637121544509E-008
          13          42   1.4367825293886618E-007
          14           1  -2.0868025617426601E-010
          14           2   6.4773959936019664E-010
          14           3  -5.0253595076831273E-009
          14           4   2.4609531794621261E-008
          14           5  -4.2735302302289835E-008
          14           6  -5.8772494996851217E-009
          14           7  -6.2487127759006892E-004
          14           8   6.9501719509143418E-003
          14           9   2.0077490891783602E-002
          14          10   1.9224474410374864E-003
          14          11  -5.3324522338320426E-002
          14          12  -6.1769426828409052E-002
          14          13  -3.3797319076788314E-003
          14          14  0.15373639151072235     
          14          15  0.10859314812149107     
          14          16  -4.5937791535343988E-003
          14          17  0.20815312001313646     
          14          18  0.14760072769023369     
          14          19   2.9981391617701025E-009
          14          20  -5.9279058902892100E-010
          14          21  -8.5582136425593520E-011
          14          22  -7.5020721530197690E-010
          14          23   1.6433561848486663E-009
          14          24   3.8611648214539910E-010
          14          25   1.2023378378828936E-009
          14          26   3.0341791048448147E-009
          14          27   4.5990232177560339E-010
          14          28   1.6819179229532865E-010
          14          29   2.3166356925807287E-009
          14          30  -2.6264638421754152E-010
          14          31   3.9229469507155892E-009
          14          32  -8.7669502845987993E-009
          14          33   7.2109298749688198E-009
          14          34   2.5469039455541734E-009
          14          35  -4.8511810293723569E-009
          14          36   2.4885209075565305E-009
          14          37   1.3147394389004211E-008
          14          38  -1.0426055440520894E-009
          14          39   1.1400655710661309E-008
          14          40   8.5890007979390434E-009
          14          41   7.6253163109722451E-009
          14          42   1.4703633245479375E-008
          15           1  -8.3561982493253603E-011
          15           2   3.0442280753973751E-010
          15           3  -2.9586906537308195E-009
          15           4   1.8025433231235776E-008
          15           5  -2.6655999131925144E-008
          15           6  -1.8941411237304790E-008
          15           7   8.8071775246494175E-004
          15           8   2.0077489200452339E-002
          15           9  -7.1023052452911916E-003
          15          10  -2.7095720704741265E-003
          15          11  -6.1769422032556982E-002
          15          12  -1.0091362069162006E-002
          15          13   4.7635342781567752E-003
          15          14  0.10859314812149107     
          15          15   7.7730760373622546E-002
          15          16   6.4746221196113393E-003
          15          17  0.14760068400676879     
          15          18  0.10484567943905111     
          15          19   2.4791362155294162E-009
          15          20   1.3861329238856017E-010
          15          21  -4.4168524776193173E-010
          15          22  -2.0627222419636124E-009
          15          23   1.8421767830831111E-009
          15          24   7.3196384444382091E-010
          15          25   1.1243437559758419E-009
          15          26   2.4495236702989692E-009
          15          27   4.1294506282542059E-010
          15          28  -5.8261499127441816E-010
          15          29   2.0102128816224191E-009
          15          30   5.6415879999160655E-011
          15          31   3.8826182476595734E-009
          15          32  -6.2944739932841584E-009
          15          33   6.0614307175322127E-009
          15          34   2.3009843438910302E-009
          15          35  -3.6427196527552058E-009
          15          36   2.0365314026555221E-009
          15          37   1.2608986201180871E-008
          15          38  -6.6462106736571609E-010
          15          39   1.1633748152043103E-008
          15          40   5.6576918669906938E-009
          15          41   6.1287649170767038E-009
          15          42   1.4668353009983729E-008
          16           1  -7.5004811935400111E-010
          16           2   4.6548037660883854E-009
          16           3  -1.4508204112728952E-008
          16           4   7.7849271537299576E-008
          16           5   1.9107474965764310E-007
          16           6  -6.8112657641349319E-007
          16           7   5.9660311932956546E-002
          16           8  -8.0422161951008292E-004
          16           9   1.1334913562392615E-003
          16          10 -0.17475300247365069     
          16          11   2.5006691649597031E-003
          16          12  -3.5245109571057226E-003
          16          13  0.31267586960340171     
          16          14  -4.5937791535343988E-003
          16          15   6.4746221196113393E-003
          16          16  0.42480392799674455     
          16          17  -6.2394416247370946E-003
          16          18   8.7939298816314179E-003
          16          19   9.3792540770497638E-009
          16          20  -1.0844488826899208E-008
          16          21  -1.0925459421150478E-008
          16          22  -5.7493141354817750E-009
          16          23   4.2519899816278181E-009
          16          24   1.7596686108205896E-008
          16          25   1.7570558746267212E-008
          16          26   1.2310289253098115E-009
          16          27   1.3379868008642466E-008
          16          28  -1.0306546830573713E-008
          16          29   7.4812993794077940E-009
          16          30   1.7434215242456320E-008
          16          31   6.0715556684498803E-008
          16          32  -4.0273349519178723E-009
          16          33   5.3913261722829179E-008
          16          34   2.3068418673429332E-008
          16          35  -9.0112600237862640E-009
          16          36   2.3695369422469888E-008
          16          37   1.5491090071459001E-007
          16          38   3.1919377209162177E-009
          16          39   1.6607426090434484E-007
          16          40  -1.8892540318150371E-008
          16          41   3.1881142834569266E-008
          16          42   1.9592323988873303E-007
          17           1   8.2321808746048014E-011
          17           2  -3.0148936157585103E-010
          17           3  -2.9774076219037042E-009
          17           4   2.8711465882654101E-008
          17           5  -6.0888747717796570E-008
          17           6  -4.5092401299435383E-009
          17           7  -8.0422811421887517E-004
          17           8   4.1361855293025405E-002
          17           9   2.5839966633622414E-002
          17          10   2.5006901399964479E-003
          17          11 -0.11785525547425399     
          17          12  -8.0347536251589857E-002
          17          13  -4.5938338897132495E-003
          17          14  0.20815312001313646     
          17          15  0.14760068400676879     
          17          16  -6.2394416247370946E-003
          17          17  0.28283947471733895     
          17          18  0.20047352889131448     
          17          19   4.2855116156744284E-009
          17          20  -1.6164901280809067E-009
          17          21   1.4322873897122373E-009
          17          22  -4.5099142431194541E-009
          17          23   2.5522777266189690E-009
          17          24  -9.7934625156012341E-010
          17          25   9.8833294630461109E-010
          17          26   3.8478001910646725E-009
          17          27   4.5037968164649347E-010
          17          28  -9.4403415639093511E-010
          17          29   3.2336237227128073E-009
          17          30  -1.5458410403498196E-009
          17          31   4.0180439725456264E-009
          17          32  -1.1959871962966666E-008
          17          33   8.6443591786500662E-009
          17          34   3.3307089745569712E-009
          17          35  -6.7818737731808742E-009
          17          36   2.2591166617583916E-009
          17          37   1.6717898568447535E-008
          17          38  -1.4148048326222160E-009
          17          39   1.4417209595757088E-008
          17          40   1.1653048195374539E-008
          17          41   1.0250662148181477E-008
          17          42   1.8958972284069127E-008
          18           1   5.0584678878100139E-011
          18           2  -1.1849100299586543E-010
          18           3  -2.3894541508758531E-009
          18           4   2.2572462061657110E-008
          18           5  -3.7370908230337337E-008
          18           6  -2.4268592137964901E-008
          18           7   1.1334917604701867E-003
          18           8   2.5839971764042451E-002
          18           9   2.3276166531373856E-002
          18          10  -3.5245125365680431E-003
          18          11  -8.0347552968122252E-002
          18          12  -6.1619091390337777E-002
          18          13   6.4746349667008781E-003
          18          14  0.14760072769023369     
          18          15  0.10484567943905111     
          18          16   8.7939298816314179E-003
          18          17  0.20047352889131448     
          18          18  0.14252579253893363     
          18          19   3.2138266854235862E-009
          18          20  -2.1638545363486607E-009
          18          21   6.4221770575106810E-010
          18          22  -2.1585415174989711E-009
          18          23   1.9069596759485285E-009
          18          24   1.4311657158451704E-011
          18          25   1.1778433000187242E-009
          18          26   2.5420323390094614E-009
          18          27   6.9183115098632740E-010
          18          28  -5.8434349594161901E-010
          18          29   2.5181626994999862E-009
          18          30  -5.3541738645950025E-010
          18          31   4.7100285929479094E-009
          18          32  -8.6307661957653973E-009
          18          33   7.7663840027503737E-009
          18          34   3.1183522393801759E-009
          18          35  -5.0652762718899963E-009
          18          36   2.2835542555245881E-009
          18          37   1.6645356050453450E-008
          18          38  -9.0596110365089438E-010
          18          39   1.5354673871267558E-008
          18          40   7.6826968229345778E-009
          18          41   8.2747212871481479E-009
          18          42   1.9500788836059122E-008
          19           1   9.3697300421462307E-003
          19           2  -1.6116021012693695E-002
          19           3   3.3855047961908913E-002
          19           4  -1.5961732038934501E-002
          19           5  -5.3074682680433341E-003
          19           6  -1.5771097611114236E-004
          19           7   8.4247193788169017E-010
          19           8   3.3876968023007892E-010
          19           9   2.8296993272367415E-010
          19          10  -2.6027562233120443E-009
          19          11  -1.8073075773351595E-009
          19          12  -1.4172889761977503E-009
          19          13   5.4862013297466357E-009
          19          14   2.9981391617701025E-009
          19          15   2.4791362155294162E-009
          19          16   9.3792540770497638E-009
          19          17   4.2855116156744284E-009
          19          18   3.2138266854235862E-009
          19          19   1.4330258499332342     
          19          20  -1.6992711533480833E-005
          19          21 -0.71672863034151235     
          19          22   2.3948176882738557E-005
          19          23  -1.6536519233322795E-003
          19          24 -0.71572633733793656     
          19          25  0.47166457333749229     
          19          26   2.4766206517365312E-005
          19          27 -0.23711651998319913     
          19          28  -3.4905421688410317E-005
