           1           1  0.34548743832590351     
           1           2  0.29454167029072514     
           1           3   2.7388145757169701E-016
           1           4   1.6839866181389424E-018
           1           5  -5.6943885054482072E-016
           1           6   1.4447735346967725E-015
           1           7   8.3143548280074817E-016
           1           8  -1.2716461901135472E-015
           2           1  0.29454167029072514     
           2           2  0.25110839328350087     
           2           3   2.3349474691675836E-016
           2           4   1.4356650234732570E-018
           2           5  -4.8546908385620094E-016
           2           6   1.2317264331329996E-015
           2           7   7.0883154834734443E-016
           2           8  -1.0841285421832325E-015
           3           1   2.7388145757169701E-016
           3           2   2.3349474691675836E-016
           3           3   2.1711658509227250E-031
           3           4   1.3349623122101981E-033
           3           5  -4.5141653526068010E-031
           3           6   1.1453287085086380E-030
           3           7   6.5911155267963682E-031
           3           8  -1.0080838647894792E-030
           4           1   1.6839866181389424E-018
           4           2   1.4356650234732570E-018
           4           3   1.3349623122101981E-033
           4           4   8.2081448281079604E-036
           4           5  -2.7755782057156266E-033
           4           6   7.0421642837723029E-033
           4           7   4.0526110982987193E-033
           4           8  -6.1983010946364284E-033
           5           1  -5.6943885054482072E-016
           5           2  -4.8546908385620094E-016
           5           3  -4.5141653526068010E-031
           5           4  -2.7755782057156266E-033
           5           5   9.3855975221862276E-031
           5           6  -2.3813027323998765E-030
           5           7  -1.3703874963512337E-030
           5           8   2.0959510085425485E-030
           6           1   1.4447735346967725E-015
           6           2   1.2317264331329996E-015
           6           3   1.1453287085086380E-030
           6           4   7.0421642837723029E-033
           6           5  -2.3813027323998765E-030
           6           6   6.0418132036139557E-030
           6           7   3.4769309911210445E-030
           6           8  -5.3178221757542936E-030
           7           1   8.3143548280074817E-016
           7           2   7.0883154834734443E-016
           7           3   6.5911155267963682E-031
           7           4   4.0526110982987193E-033
           7           5  -1.3703874963512337E-030
           7           6   3.4769309911210445E-030
           7           7   2.0008975301962027E-030
           7           8  -3.0602900329806780E-030
           8           1  -1.2716461901135472E-015
           8           2  -1.0841285421832325E-015
           8           3  -1.0080838647894792E-030
           8           4  -6.1983010946364284E-033
           8           5   2.0959510085425485E-030
           8           6  -5.3178221757542936E-030
           8           7  -3.0602900329806780E-030
           8           8   4.6805870588697938E-030
