           1           1  0.20572742688259429     
           1           2  0.28719664910696957     
           1           3   4.0529129200133623E-018
           1           4  -4.1937860512287280E-018
           1           5   1.3961887624520019E-017
           1           6  -5.1247677461563677E-017
           1           7   6.9504103674421168E-017
           1           8  -9.8841391226481323E-017
           2           1  0.28719664910696957     
           2           2  0.40092814316558312     
           2           3   5.6578893120286260E-018
           2           4  -5.8545489983297071E-018
           2           5   1.9490873928338956E-017
           2           6  -7.1542046991504440E-017
           2           7   9.7028121028650328E-017
           2           8  -1.3798314003857377E-016
           3           1   4.0529129200133623E-018
           3           2   5.6578893120286260E-018
           3           3   7.9844011982832889E-035
           3           4  -8.2619269235777224E-035
           3           5   2.7505479263824578E-034
           3           6  -1.0095998246416690E-033
           3           7   1.3692587519541987E-033
           3           8  -1.9472150972000231E-033
           4           1  -4.1937860512287280E-018
           4           2  -5.8545489983297071E-018
           4           3  -8.2619269235777224E-035
           4           4   8.5490990238835675E-035
           4           5  -2.8461528176284689E-034
           4           6   1.0446919895558087E-033
           4           7  -1.4168521179205212E-033
           4           8   2.0148973527298301E-033
           5           1   1.3961887624520019E-017
           5           2   1.9490873928338956E-017
           5           3   2.7505479263824578E-034
           5           4  -2.8461528176284689E-034
           5           5   9.4753679173254550E-034
           5           6  -3.4779724054213398E-033
           5           7   4.7169621457378918E-033
           5           8  -6.7079650869444074E-033
           6           1  -5.1247677461563677E-017
           6           2  -7.1542046991504440E-017
           6           3  -1.0095998246416690E-033
           6           4   1.0446919895558087E-033
           6           5  -3.4779724054213398E-033
           6           6   1.2766039438695102E-032
           6           7  -1.7313801768368773E-032
           6           8   2.4621859195846021E-032
           7           1   6.9504103674421168E-017
           7           2   9.7028121028650328E-017
           7           3   1.3692587519541987E-033
           7           4  -1.4168521179205212E-033
           7           5   4.7169621457378918E-033
           7           6  -1.7313801768368773E-032
           7           7   2.3481654832253194E-032
           7           8  -3.3393128020066690E-032
           8           1  -9.8841391226481323E-017
           8           2  -1.3798314003857377E-016
           8           3  -1.9472150972000231E-033
           8           4   2.0148973527298301E-033
           8           5  -6.7079650869444074E-033
           8           6   2.4621859195846021E-032
           8           7  -3.3393128020066690E-032
           8           8   4.7488177768157871E-032
