           1           1  0.70242796506639471     
           1           2  0.60805914896054014     
           1           3  -3.6538891894243058E-010
           1           4  -1.1734264693596140E-010
           1           5   1.3961323107641354E-009
           1           6   1.8367949071213535E-009
           1           7  -1.4078783006302607E-009
           1           8  -1.5930777440068620E-009
           2           1  0.60805914896054014     
           2           2  0.52636846347746258     
           2           3  -3.1630015621426423E-010
           2           4  -1.0157806003779250E-010
           2           5   1.2085666671538063E-009
           2           6   1.5900277375415371E-009
           2           7  -1.2187346232158717E-009
           2           8  -1.3790531492075546E-009
           3           1  -3.6538891894243058E-010
           3           2  -3.1630015621426423E-010
           3           3   1.9006797668825620E-019
           3           4   6.1039288082735331E-020
           3           5  -7.2623998633238234E-019
           3           6  -9.5546381806790130E-019
           3           7   7.3235001430397029E-019
           3           8   8.2868704494014887E-019
           4           1  -1.1734264693596140E-010
           4           2  -1.0157806003779250E-010
           4           3   6.1039288082735331E-020
           4           4   1.9602432548066491E-020
           4           5  -2.3322798778532170E-019
           4           6  -3.0684196383712147E-019
           4           7   2.3519018968975431E-019
           4           8   2.6612829857626372E-019
           5           1   1.3961323107641354E-009
           5           2   1.2085666671538063E-009
           5           3  -7.2623998633238234E-019
           5           4  -2.3322798778532170E-019
           5           5   2.7749257236279820E-018
           5           6   3.6507782228926956E-018
           5           7  -2.7982718269429954E-018
           5           8  -3.1663706778135214E-018
           6           1   1.8367949071213535E-009
           6           2   1.5900277375415371E-009
           6           3  -9.5546381806790130E-019
           6           4  -3.0684196383712147E-019
           6           5   3.6507782228926956E-018
           6           6   4.8030768970728302E-018
           6           7  -3.6814930798209627E-018
           6           8  -4.1657753284799303E-018
           7           1  -1.4078783006302607E-009
           7           2  -1.2187346232158717E-009
           7           3   7.3235001430397029E-019
           7           4   2.3519018968975431E-019
           7           5  -2.7982718269429954E-018
           7           6  -3.6814930798209627E-018
           7           7   2.8218143467681974E-018
           7           8   3.1930101000827746E-018
           8           1  -1.5930777440068620E-009
           8           2  -1.3790531492075546E-009
           8           3   8.2868704494014887E-019
           8           4   2.6612829857626372E-019
           8           5  -3.1663706778135214E-018
           8           6  -4.1657753284799303E-018
           8           7   3.1930101000827746E-018
           8           8   3.6130348231810549E-018
