           1           1   2.2174964735475005     
           1           2 -0.75853467856846502     
           1           3  0.33930086556401617     
           1           4  -4.8312343759379608E-002
           1           5   1.3983769139037542E-002
           1           6  -6.7403402260726561E-015
           1           7   1.3765537156284179E-014
           1           8   6.1939966261610367E-015
           1           9   1.8566158035930330E-014
           1          10  -8.3231412904951762E-016
           1          11  -9.8516872765376795E-015
           1          12  -3.8318634557155080E-015
           1          13  -3.4907572713610198E-015
           1          14   1.0302871314627920E-014
           1          15   8.6106523865234221E-015
           1          16   5.7212560927513837E-015
           1          17  -6.8790451844023137E-015
           1          18  -5.9335888838946749E-002
           1          19  -1.3494605828563599E-004
           1          20  -5.9044472059129480E-002
           1          21   1.6829005482336726E-004
           1          22   4.8065611140226229E-004
           1          23  -5.8868829575308423E-002
           1          24   2.4680586066230942E-002
           1          25   3.5368415861037302E-005
           1          26   2.4603896614406720E-002
           1          27  -4.3925313972738112E-005
           1          28  -1.2461282406658111E-004
           1          29   2.4557671661553229E-002
           2           1 -0.75853467856846502     
           2           2   2.6539177580500817     
           2           3  -1.3502644904814076     
           2           4  0.18586328638009531     
           2           5  -5.3959494307228094E-002
           2           6   2.4320410450316410E-014
           2           7  -4.5199224949607376E-014
           2           8  -2.1129062487282050E-014
           2           9  -7.2079626356423171E-014
           2          10  -3.9434968322544888E-015
           2          11   3.5616604826818465E-014
           2          12   1.3179880999003342E-014
           2          13   1.0292257945302456E-014
           2          14  -3.5794310823811203E-014
           2          15  -3.0194241435335221E-014
           2          16  -1.7219414969715762E-014
           2          17   2.5611340131491535E-014
           2          18  0.23176540813571544     
           2          19   5.4398197559313863E-004
           2          20  0.23059073028918875     
           2          21  -6.7837509514913103E-004
           2          22  -1.9374258438850220E-003
           2          23  0.22988272921471670     
           2          24  -9.4990776564450430E-002
           2          25  -1.4261679007519546E-004
           2          26  -9.4681559425398798E-002
           2          27   1.7711792014048016E-004
           2          28   5.0245621747313399E-004
           2          29  -9.4495177226738503E-002
           3           1  0.33930086556401617     
           3           2  -1.3502644904814076     
           3           3   3.8204550074088859     
           3           4 -0.42190513527404305     
           3           5  0.12422822203583769     
           3           6  -5.2111386693583732E-014
           3           7   1.0961569254263823E-014
           3           8   3.3810021574648503E-014
           3           9   2.2770893211285115E-013
           3          10   2.8303156052416314E-014
           3          11  -1.1039393359522312E-013
           3          12  -2.5853006514393326E-014
           3          13  -3.0485572774582012E-014
           3          14   1.0894033758504964E-013
           3          15   6.6044931659566165E-014
           3          16   5.5608768032839027E-014
           3          17  -7.4061878201923973E-014
           3          18 -0.58704798464271357     
           3          19  -1.7286083451278132E-003
           3          20 -0.58331600292244201     
           3          21   2.1553781570437993E-003
           3          22   6.1543745372075178E-003
           3          23 -0.58106666239891214     
           3          24  0.21878080519264514     
           3          25   4.5355262822616843E-004
           3          26  0.21779769563207807     
           3          27  -5.6323169622367125E-004
           3          28  -1.5976060588629561E-003
           3          29  0.21720512118143517     
           4           1  -4.8312343759379608E-002
           4           2  0.18586328638009531     
           4           3 -0.42190513527404305     
           4           4   4.8890366329222605E-002
           4           5  -1.4337125765967313E-002
           4           6   1.0824319812439342E-014
           4           7  -4.4669656268885189E-015
           4           8  -2.9750333347115494E-015
           4           9  -4.3002651644197121E-014
           4          10   1.2988003710959782E-014
           4          11   1.2364815487939986E-014
           4          12   6.1969578452871746E-015
           4          13  -1.6784056068720787E-016
           4          14  -1.0354775141827526E-014
           4          15  -8.4639686307734935E-015
           4          16  -3.6879472357832703E-015
           4          17   6.9981147941063290E-015
           4          18   6.7069766706556691E-002
           4          19   1.5117494260841950E-004
           4          20   6.6743383897552938E-002
           4          21  -1.8849924082136113E-004
           4          22  -5.3823852706447010E-004
           4          23   6.6546666419782852E-002
           4          24  -2.5197833808108312E-002
           4          25  -3.9663743801107772E-005
           4          26  -2.5111858477325253E-002
           4          27   4.9255498830288831E-005
           4          28   1.3971401806538535E-004
           4          29  -2.5060036395953590E-002
           5           1   1.3983769139037542E-002
           5           2  -5.3959494307228094E-002
           5           3  0.12422822203583769     
           5           4  -1.4337125765967313E-002
           5           5   4.2058101887443638E-003
           5           6  -3.3412605863398977E-015
           5           7  -1.3897294450041264E-017
           5           8   5.3646686115271471E-016
           5           9   1.2094465247463441E-014
           5          10   2.1204215748568576E-015
           5          11  -4.0746575256211146E-015
           5          12  -1.6185091132730250E-015
           5          13  -1.0025402420344199E-015
           5          14   3.1354816305279597E-015
           5          15   2.4038659649074280E-015
           5          16   1.6699987926836848E-015
           5          17  -2.1164680177758455E-015
           5          18  -1.9689983027671252E-002
           5          19  -4.5595570721741229E-005
           5          20  -1.9591543469055804E-002
           5          21   5.6852838593085940E-005
           5          22   1.6233675113799326E-004
           5          23  -1.9532211968511001E-002
           5          24   7.3931640371754266E-003
           5          25   1.1962950104779014E-005
           5          26   7.3672331220914038E-003
           5          27  -1.4855906074830149E-005
           5          28  -4.2138991515697964E-005
           5          29   7.3516031270530070E-003
           6           1  -6.7403402260726561E-015
           6           2   2.4320410450316410E-014
           6           3  -5.2111386693583732E-014
           6           4   1.0824319812439342E-014
           6           5  -3.3412605863398977E-015
           6           6   2.2138874120436558     
           6           7   3.5505054826021239E-006
           6           8  -4.3769692418885175E-006
           6           9 -0.70916644730454870     
           6          10  -1.4753880002183264E-005
           6          11   1.8180837699388608E-005
           6          12  0.15039343811711609     
           6          13   6.6391789124121796E-005
           6          14  -8.1730352175003046E-005
           6          15  -8.1318145280599760E-002
           6          16  -4.0185469068614987E-005
           6          17   4.9462935071480432E-005
           6          18   6.0404328052629271E-015
           6          19   1.4387578172984462E-015
           6          20   7.0325458229986767E-015
           6          21  -1.1700098362375205E-015
           6          22  -3.5286254857782613E-015
           6          23   5.5477510061967029E-015
           6          24  -4.6958731215381444E-015
           6          25  -7.4450326671414936E-016
           6          26  -2.9625292121701617E-015
           6          27  -2.4616800890793052E-016
           6          28   4.6877703155843676E-016
           6          29  -4.9219176575613183E-015
           7           1   1.3765537156284179E-014
           7           2  -4.5199224949607376E-014
           7           3   1.0961569254263823E-014
           7           4  -4.4669656268885189E-015
           7           5  -1.3897294450041264E-017
           7           6   3.5505054826021239E-006
           7           7   2.2138787438175758     
           7           8  -1.2266089227825142E-005
           7           9  -1.4753880001936934E-005
           7          10 -0.70913046936332513     
           7          11   5.0915900873117759E-005
           7          12   6.6391789121039409E-005
           7          13  0.15023201522618895     
           7          14  -2.2850149287899748E-004
           7          15  -4.0185469061234606E-005
           7          16  -8.1220477799491764E-002
           7          17   1.3825731107107702E-004
           7          18  -6.0538263044578639E-016
           7          19   1.7154356305866973E-015
           7          20  -2.9518354997722360E-015
           7          21  -1.4772025289239585E-016
           7          22  -4.5028648695145073E-015
           7          23   5.7141057726292032E-018
           7          24   1.0099151315725944E-015
           7          25  -2.0291080434487325E-015
           7          26   4.2258725865810379E-015
           7          27   1.8404790447174896E-015
           7          28   1.9720168412063086E-015
           7          29   8.4639989507099189E-016
           8           1   6.1939966261610367E-015
           8           2  -2.1129062487282050E-014
           8           3   3.3810021574648503E-014
           8           4  -2.9750333347115494E-015
           8           5   5.3646686115271471E-016
           8           6  -4.3769692418885175E-006
           8           7  -1.2266089227825142E-005
           8           8   2.2138735188946557     
           8           9   1.8180837699693919E-005
           8          10   5.0915900874470843E-005
           8          11 -0.70910878310313430     
           8          12  -8.1730352176324905E-005
           8          13  -2.2850149287773200E-004
           8          14  0.15013471508513848     
           8          15   4.9462935071834316E-005
           8          16   1.3825731107134157E-004
           8          17  -8.1161607216567233E-002
           8          18  -4.8424524354368341E-015
           8          19  -1.1671480632264841E-015
           8          20  -4.8328176195522985E-015
           8          21   9.3362186448291808E-016
           8          22   3.2822458074169941E-015
           8          23  -7.7072499192180392E-015
           8          24   3.0195487327990530E-015
           8          25   1.6959634711676143E-015
           8          26  -1.0126967053831948E-015
           8          27  -1.3030314887488103E-015
           8          28  -3.0511237604041633E-016
           8          29   2.5733078729162519E-015
           9           1   1.8566158035930330E-014
           9           2  -7.2079626356423171E-014
           9           3   2.2770893211285115E-013
           9           4  -4.3002651644197121E-014
           9           5   1.2094465247463441E-014
           9           6 -0.70916644730454870     
           9           7  -1.4753880001936934E-005
           9           8   1.8180837699693919E-005
           9           9   2.3463925404513777     
           9          10   5.9634551727645591E-005
           9          11  -7.3456281593331507E-005
           9          12 -0.43351292341470138     
           9          13  -2.3193505161359096E-004
           9          14   2.8540074665391740E-004
           9          15  0.23351040808969689     
           9          16   1.4088689218378150E-004
           9          17  -1.7334281486321851E-004
           9          18  -2.9170799081403780E-014
           9          19  -4.2148752858723149E-015
           9          20  -3.2430613559622871E-014
           9          21   3.6535877993380059E-015
           9          22   9.1278610889236527E-015
           9          23  -2.8228434615700889E-014
           9          24   1.5068449715936685E-014
           9          25  -2.0363806069662083E-016
           9          26   1.5153731340486917E-014
           9          27  -2.3505449133978042E-015
           9          28  -1.0432494272180716E-016
           9          29   2.1831012957634112E-014
          10           1  -8.3231412904951762E-016
          10           2  -3.9434968322544888E-015
          10           3   2.8303156052416314E-014
          10           4   1.2988003710959782E-014
          10           5   2.1204215748568576E-015
          10           6  -1.4753880002183264E-005
          10           7 -0.70913046936332513     
          10           8   5.0915900874470843E-005
          10           9   5.9634551727645591E-005
          10          10   2.3462472914714310     
          10          11  -2.0557635358570137E-004
          10          12  -2.3193505160649594E-004
          10          13 -0.43294968713530385     
          10          14   7.9736759488641465E-004
          10          15   1.4088689217102955E-004
          10          16  0.23316839824810581     
          10          17  -4.8419426470191693E-004
          10          18  -1.2251380946866222E-014
          10          19  -5.9096732737004761E-015
          10          20  -2.0194133648504221E-015
          10          21  -2.3593702080363953E-015
          10          22   1.2599006545655548E-014
          10          23  -1.4526756694908603E-014
          10          24  -2.4037753317044214E-015
          10          25   4.4076182434180932E-015
          10          26  -1.0517698752862598E-014
          10          27  -6.7617159458065571E-015
          10          28  -5.7962306231743682E-015
          10          29   5.4652818433079521E-017
          11           1  -9.8516872765376795E-015
          11           2   3.5616604826818465E-014
          11           3  -1.1039393359522312E-013
          11           4   1.2364815487939986E-014
          11           5  -4.0746575256211146E-015
          11           6   1.8180837699388608E-005
          11           7   5.0915900873117759E-005
          11           8 -0.70910878310313430     
          11           9  -7.3456281593331507E-005
          11          10  -2.0557635358570137E-004
          11          11   2.3461597404061134     
          11          12   2.8540074664553522E-004
          11          13   7.9736759488341358E-004
          11          14 -0.43261018776825488     
          11          15  -1.7334281485409386E-004
          11          16  -4.8419426470377135E-004
          11          17  0.23296224653345493     
          11          18   1.5765352561796059E-014
          11          19   3.3829491778563648E-015
          11          20   1.5570705744392188E-014
          11          21   7.0131922589512468E-016
          11          22  -1.2071292333495304E-014
          11          23   2.5839728637512187E-014
          11          24  -5.9593458350300454E-015
          11          25  -1.8806548729737798E-015
          11          26  -3.1334049065645659E-015
          11          27   1.3549459289447631E-015
          11          28   3.0259066482414406E-015
          11          29  -1.0537523276980286E-014
          12           1  -3.8318634557155080E-015
          12           2   1.3179880999003342E-014
          12           3  -2.5853006514393326E-014
          12           4   6.1969578452871746E-015
          12           5  -1.6185091132730250E-015
          12           6  0.15039343811711609     
          12           7   6.6391789121039409E-005
          12           8  -8.1730352176324905E-005
          12           9 -0.43351292341470138     
          12          10  -2.3193505160649594E-004
          12          11   2.8540074664553522E-004
          12          12   8.1251627581305816E-002
          12          13   7.4651765277945412E-005
          12          14  -9.1708051712866001E-005
          12          15  -4.3721724649707409E-002
          12          16  -4.3057702505520218E-005
          12          17   5.2886980097976988E-005
          12          18   2.4636270554052776E-015
          12          19   3.2220611919300341E-015
          12          20   3.3226545299581912E-015
          12          21  -2.7331844107432722E-015
          12          22  -2.2768012131166995E-015
          12          23   2.2295224404712165E-015
          12          24  -1.8005208017259060E-015
          12          25  -1.7818394036529101E-016
          12          26  -1.9908738890784906E-015
          12          27   5.5465982982721447E-016
          12          28   1.3365291353987761E-017
          12          29  -3.0195974697585029E-015
          13           1  -3.4907572713610198E-015
          13           2   1.0292257945302456E-014
          13           3  -3.0485572774582012E-014
          13           4  -1.6784056068720787E-016
          13           5  -1.0025402420344199E-015
          13           6   6.6391789124121796E-005
          13           7  0.15023201522618895     
          13           8  -2.2850149287773200E-004
          13           9  -2.3193505161359096E-004
          13          10 -0.43294968713530385     
          13          11   7.9736759488341358E-004
          13          12   7.4651765277945412E-005
          13          13   8.1071220565846328E-002
          13          14  -2.5550443510995733E-004
          13          15  -4.3057702503843391E-005
          13          16  -4.3617718135137887E-002
          13          17   1.4730676351329386E-004
          13          18   6.1498978141631949E-015
          13          19   1.7265474543421181E-015
          13          20   3.7641664664609527E-015
          13          21  -1.2632629343934125E-016
          13          22  -2.3706671348816780E-015
          13          23   6.3677246250063811E-015
          13          24  -8.8083841218742542E-016
          13          25  -9.6115599082780318E-016
          13          26   6.8099718999419392E-016
          13          27   1.3208649160561935E-015
          13          28   1.1212561518083200E-015
          13          29  -1.2310684170184726E-015
          14           1   1.0302871314627920E-014
          14           2  -3.5794310823811203E-014
          14           3   1.0894033758504964E-013
          14           4  -1.0354775141827526E-014
          14           5   3.1354816305279597E-015
          14           6  -8.1730352175003046E-005
          14           7  -2.2850149287899748E-004
          14           8  0.15013471508513848     
          14           9   2.8540074665391740E-004
          14          10   7.9736759488641465E-004
          14          11 -0.43261018776825488     
          14          12  -9.1708051712866001E-005
          14          13  -2.5550443510995733E-004
          14          14   8.0962477450721812E-002
          14          15   5.2886980097142586E-005
          14          16   1.4730676351401508E-004
          14          17  -4.3555026602001286E-002
          14          18  -1.4814928955507994E-014
          14          19  -6.6500512387569964E-015
          14          20  -1.4686492557586984E-014
          14          21   4.8485554409292175E-015
          14          22   4.0594893808413873E-015
          14          23  -1.6188839061531917E-014
          14          24   5.4697750325396979E-015
          14          25   1.1380562327837336E-015
          14          26   4.9614516778460743E-015
          14          27  -8.5393929629731209E-016
          14          28  -7.7179412404857489E-016
          14          29   6.0829175069296345E-015
          15           1   8.6106523865234221E-015
          15           2  -3.0194241435335221E-014
          15           3   6.6044931659566165E-014
          15           4  -8.4639686307734935E-015
          15           5   2.4038659649074280E-015
          15           6  -8.1318145280599760E-002
          15           7  -4.0185469061234606E-005
          15           8   4.9462935071834316E-005
          15           9  0.23351040808969689     
          15          10   1.4088689217102955E-004
          15          11  -1.7334281485409386E-004
          15          12  -4.3721724649707409E-002
          15          13  -4.3057702503843391E-005
          15          14   5.2886980097142586E-005
          15          15   2.3529146913697008E-002
          15          16   2.4758526428236122E-005
          15          17  -3.0405445239188676E-005
          15          18  -8.6408298429782785E-015
          15          19  -3.5556578086725556E-015
          15          20  -9.0064297911397209E-015
          15          21   2.9581216746666023E-015
          15          22   1.8848707899521454E-015
          15          23  -8.3822734601555813E-015
          15          24   3.6843655317582498E-015
          15          25   3.4367914215887613E-016
          15          26   3.7550943105238211E-015
          15          27  -5.0549699674179302E-016
          15          28  -1.1548225646116647E-016
          15          29   4.3059270353838359E-015
          16           1   5.7212560927513837E-015
          16           2  -1.7219414969715762E-014
          16           3   5.5608768032839027E-014
          16           4  -3.6879472357832703E-015
          16           5   1.6699987926836848E-015
          16           6  -4.0185469068614987E-005
          16           7  -8.1220477799491764E-002
          16           8   1.3825731107134157E-004
          16           9   1.4088689218378150E-004
          16          10  0.23316839824810581     
          16          11  -4.8419426470377135E-004
          16          12  -4.3057702505520218E-005
          16          13  -4.3617718135137887E-002
          16          14   1.4730676351401508E-004
          16          15   2.4758526428236122E-005
          16          16   2.3469371130205065E-002
          16          17  -8.4665216013094175E-005
          16          18  -8.7131119984532833E-015
          16          19  -3.3805732650338258E-015
          16          20  -7.3852503189087251E-015
          16          21   2.0630887053756895E-015
          16          22   2.0913684249456118E-015
          16          23  -8.7332934730059889E-015
          16          24   2.4696688663327576E-015
          16          25   8.3828903872889150E-016
          16          26   1.6133500606075421E-015
          16          27  -9.7638893289842354E-016
          16          28  -7.2233946565256637E-016
          16          29   2.6351739349108223E-015
          17           1  -6.8790451844023137E-015
          17           2   2.5611340131491535E-014
          17           3  -7.4061878201923973E-014
          17           4   6.9981147941063290E-015
          17           5  -2.1164680177758455E-015
          17           6   4.9462935071480432E-005
          17           7   1.3825731107107702E-004
          17           8  -8.1161607216567233E-002
          17           9  -1.7334281486321851E-004
          17          10  -4.8419426470191693E-004
          17          11  0.23296224653345493     
          17          12   5.2886980097976988E-005
          17          13   1.4730676351329386E-004
          17          14  -4.3555026602001286E-002
          17          15  -3.0405445239188676E-005
          17          16  -8.4665216013094175E-005
          17          17   2.3433340353410680E-002
          17          18   1.0031671718234398E-014
          17          19   5.0254822888619145E-015
          17          20   9.9302276319003912E-015
          17          21  -3.7830701359814015E-015
          17          22  -2.6536656134541099E-015
          17          23   1.0735185087746582E-014
          17          24  -3.7033749803251140E-015
          17          25  -8.0370890977378151E-016
          17          26  -3.4169696136723361E-015
          17          27   6.1835948926859592E-016
          17          28   4.8534944390134621E-016
          17          29  -4.0279678481996051E-015
          18           1  -5.9335888838946749E-002
          18           2  0.23176540813571544     
          18           3 -0.58704798464271357     
          18           4   6.7069766706556691E-002
          18           5  -1.9689983027671252E-002
          18           6   6.0404328052629271E-015
          18           7  -6.0538263044578639E-016
          18           8  -4.8424524354368341E-015
          18           9  -2.9170799081403780E-014
          18          10  -1.2251380946866222E-014
          18          11   1.5765352561796059E-014
          18          12   2.4636270554052776E-015
          18          13   6.1498978141631949E-015
          18          14  -1.4814928955507994E-014
          18          15  -8.6408298429782785E-015
          18          16  -8.7131119984532833E-015
          18          17   1.0031671718234398E-014
          18          18   9.2482451414326206E-002
          18          19   2.2227570421929726E-004
          18          20   9.2002566474470734E-002
          18          21  -2.7715345124349155E-004
          18          22  -7.9137630490385259E-004
          18          23   9.1713330168190832E-002
          18          24  -3.4619785834672928E-002
          18          25  -5.8319620948205386E-005
          18          26  -3.4493372813608265E-002
          18          27   7.2422728177053668E-005
          18          28   2.0542759616862260E-004
          18          29  -3.4417176701833092E-002
          19           1  -1.3494605828563599E-004
          19           2   5.4398197559313863E-004
          19           3  -1.7286083451278132E-003
          19           4   1.5117494260841950E-004
          19           5  -4.5595570721741229E-005
          19           6   1.4387578172984462E-015
          19           7   1.7154356305866973E-015
          19           8  -1.1671480632264841E-015
          19           9  -4.2148752858723149E-015
          19          10  -5.9096732737004761E-015
          19          11   3.3829491778563648E-015
          19          12   3.2220611919300341E-015
          19          13   1.7265474543421181E-015
          19          14  -6.6500512387569964E-015
          19          15  -3.5556578086725556E-015
          19          16  -3.3805732650338258E-015
          19          17   5.0254822888619145E-015
          19          18   2.2227570421929726E-004
          19          19  0.65078135643495749     
          19          20   2.1861120661791579E-004
          19          21 -0.52671400382657907     
          19          22 -0.18725249454877071     
          19          23   2.1640253992344870E-004
          19          24  -8.1505923544320365E-005
          19          25  -8.4765337415679404E-002
          19          26  -8.0540575684320728E-005
          19          27   6.8605457434666617E-002
          19          28   2.4390661160502539E-002
          19          29  -7.9958707165409139E-005
          20           1  -5.9044472059129480E-002
          20           2  0.23059073028918875     
          20           3 -0.58331600292244201     
          20           4   6.6743383897552938E-002
          20           5  -1.9591543469055804E-002
          20           6   7.0325458229986767E-015
          20           7  -2.9518354997722360E-015
          20           8  -4.8328176195522985E-015
          20           9  -3.2430613559622871E-014
          20          10  -2.0194133648504221E-015
          20          11   1.5570705744392188E-014
          20          12   3.3226545299581912E-015
          20          13   3.7641664664609527E-015
          20          14  -1.4686492557586984E-014
          20          15  -9.0064297911397209E-015
          20          16  -7.3852503189087251E-015
          20          17   9.9302276319003912E-015
          20          18   9.2002566474470734E-002
          20          19   2.1861120661791579E-004
          20          20   9.1530592971422131E-002
          20          21  -2.7258425261202362E-004
          20          22  -7.7832967276694450E-004
          20          23   9.1246125047532170E-002
          20          24  -3.4443816873127232E-002
          20          25  -5.7358112516037383E-005
          20          26  -3.4319487981742058E-002
          20          27   7.1228707661111015E-005
          20          28   2.0204076737741512E-004
          20          29  -3.4244548090084780E-002
          21           1   1.6829005482336726E-004
          21           2  -6.7837509514913103E-004
          21           3   2.1553781570437993E-003
          21           4  -1.8849924082136113E-004
          21           5   5.6852838593085940E-005
          21           6  -1.1700098362375205E-015
          21           7  -1.4772025289239585E-016
          21           8   9.3362186448291808E-016
          21           9   3.6535877993380059E-015
          21          10  -2.3593702080363953E-015
          21          11   7.0131922589512468E-016
          21          12  -2.7331844107432722E-015
          21          13  -1.2632629343934125E-016
          21          14   4.8485554409292175E-015
          21          15   2.9581216746666023E-015
          21          16   2.0630887053756895E-015
          21          17  -3.7830701359814015E-015
          21          18  -2.7715345124349155E-004
          21          19 -0.52671400382657907     
          21          20  -2.7258425261202362E-004
          21          21  0.42629963280130262     
          21          22  0.15155642024034344     
          21          23  -2.6983030440349588E-004
          21          24   1.0162922266951634E-004
          21          25   6.8605459689321066E-002
          21          26   1.0042554716135214E-004
          21          27  -5.5526424256212070E-002
          21          28  -1.9741394296955830E-002
          21          29   9.9700025404260493E-005
          22           1   4.8065611140226229E-004
          22           2  -1.9374258438850220E-003
          22           3   6.1543745372075178E-003
          22           4  -5.3823852706447010E-004
          22           5   1.6233675113799326E-004
          22           6  -3.5286254857782613E-015
          22           7  -4.5028648695145073E-015
          22           8   3.2822458074169941E-015
          22           9   9.1278610889236527E-015
          22          10   1.2599006545655548E-014
          22          11  -1.2071292333495304E-014
          22          12  -2.2768012131166995E-015
          22          13  -2.3706671348816780E-015
          22          14   4.0594893808413873E-015
          22          15   1.8848707899521454E-015
          22          16   2.0913684249456118E-015
          22          17  -2.6536656134541099E-015
          22          18  -7.9137630490385259E-004
          22          19 -0.18725249454877071     
          22          20  -7.7832967276694450E-004
          22          21  0.15155642024034344     
          22          22   5.3897251752053815E-002
          22          23  -7.7046620462870139E-004
          22          24   2.9019050176147044E-004
          22          25   2.4390678024679948E-002
          22          26   2.8675359472165338E-004
          22          27  -1.9741407297404034E-002
          22          28  -7.0229695412732714E-003
          22          29   2.8468198093350462E-004
          23           1  -5.8868829575308423E-002
          23           2  0.22988272921471670     
          23           3 -0.58106666239891214     
          23           4   6.6546666419782852E-002
          23           5  -1.9532211968511001E-002
          23           6   5.5477510061967029E-015
          23           7   5.7141057726292032E-018
          23           8  -7.7072499192180392E-015
          23           9  -2.8228434615700889E-014
          23          10  -1.4526756694908603E-014
          23          11   2.5839728637512187E-014
          23          12   2.2295224404712165E-015
          23          13   6.3677246250063811E-015
          23          14  -1.6188839061531917E-014
          23          15  -8.3822734601555813E-015
          23          16  -8.7332934730059889E-015
          23          17   1.0735185087746582E-014
          23          18   9.1713330168190832E-002
          23          19   2.1640253992344870E-004
          23          20   9.1246125047532170E-002
          23          21  -2.6983030440349588E-004
          23          22  -7.7046620462870139E-004
          23          23   9.0964531123798140E-002
          23          24  -3.4337756842993519E-002
          23          25  -5.6778591989193679E-005
          23          26  -3.4214684098564471E-002
          23          27   7.0509047419525214E-005
          23          28   1.9999945740986616E-004
          23          29  -3.4140501356086941E-002
          24           1   2.4680586066230942E-002
          24           2  -9.4990776564450430E-002
          24           3  0.21878080519264514     
          24           4  -2.5197833808108312E-002
          24           5   7.3931640371754266E-003
          24           6  -4.6958731215381444E-015
          24           7   1.0099151315725944E-015
          24           8   3.0195487327990530E-015
          24           9   1.5068449715936685E-014
          24          10  -2.4037753317044214E-015
          24          11  -5.9593458350300454E-015
          24          12  -1.8005208017259060E-015
          24          13  -8.8083841218742542E-016
          24          14   5.4697750325396979E-015
          24          15   3.6843655317582498E-015
          24          16   2.4696688663327576E-015
          24          17  -3.7033749803251140E-015
          24          18  -3.4619785834672928E-002
          24          19  -8.1505923544320365E-005
          24          20  -3.4443816873127232E-002
          24          21   1.0162922266951634E-004
          24          22   2.9019050176147044E-004
          24          23  -3.4337756842993519E-002
          24          24   1.2997588356351938E-002
          24          25   2.1384800067458340E-005
          24          26   1.2951234634352878E-002
          24          27  -2.6556204919333121E-005
          24          28  -7.5327047274459160E-005
          24          29   1.2923294685347770E-002
          25           1   3.5368415861037302E-005
          25           2  -1.4261679007519546E-004
          25           3   4.5355262822616843E-004
          25           4  -3.9663743801107772E-005
          25           5   1.1962950104779014E-005
          25           6  -7.4450326671414936E-016
          25           7  -2.0291080434487325E-015
          25           8   1.6959634711676143E-015
          25           9  -2.0363806069662083E-016
          25          10   4.4076182434180932E-015
          25          11  -1.8806548729737798E-015
          25          12  -1.7818394036529101E-016
          25          13  -9.6115599082780318E-016
          25          14   1.1380562327837336E-015
          25          15   3.4367914215887613E-016
          25          16   8.3828903872889150E-016
          25          17  -8.0370890977378151E-016
          25          18  -5.8319620948205386E-005
          25          19  -8.4765337415679404E-002
          25          20  -5.7358112516037383E-005
          25          21   6.8605459689321066E-002
          25          22   2.4390678024679948E-002
          25          23  -5.6778591989193679E-005
          25          24   2.1384800067458340E-005
          25          25   1.1040853647334660E-002
          25          26   2.1131507451986740E-005
          25          27  -8.9360226154538407E-003
          25          28  -3.1771224371432228E-003
          25          29   2.0978833993814572E-005
          26           1   2.4603896614406720E-002
          26           2  -9.4681559425398798E-002
          26           3  0.21779769563207807     
          26           4  -2.5111858477325253E-002
          26           5   7.3672331220914038E-003
          26           6  -2.9625292121701617E-015
          26           7   4.2258725865810379E-015
          26           8  -1.0126967053831948E-015
          26           9   1.5153731340486917E-014
          26          10  -1.0517698752862598E-014
          26          11  -3.1334049065645659E-015
          26          12  -1.9908738890784906E-015
          26          13   6.8099718999419392E-016
          26          14   4.9614516778460743E-015
          26          15   3.7550943105238211E-015
          26          16   1.6133500606075421E-015
          26          17  -3.4169696136723361E-015
          26          18  -3.4493372813608265E-002
          26          19  -8.0540575684320728E-005
          26          20  -3.4319487981742058E-002
          26          21   1.0042554716135214E-004
          26          22   2.8675359472165338E-004
          26          23  -3.4214684098564471E-002
          26          24   1.2951234634352878E-002
          26          25   2.1131507451986740E-005
          26          26   1.2905429939919692E-002
          26          27  -2.6241661057479053E-005
          26          28  -7.4434846369682021E-005
          26          29   1.2877820920165456E-002
          27           1  -4.3925313972738112E-005
          27           2   1.7711792014048016E-004
          27           3  -5.6323169622367125E-004
          27           4   4.9255498830288831E-005
          27           5  -1.4855906074830149E-005
          27           6  -2.4616800890793052E-016
          27           7   1.8404790447174896E-015
          27           8  -1.3030314887488103E-015
          27           9  -2.3505449133978042E-015
          27          10  -6.7617159458065571E-015
          27          11   1.3549459289447631E-015
          27          12   5.5465982982721447E-016
          27          13   1.3208649160561935E-015
          27          14  -8.5393929629731209E-016
          27          15  -5.0549699674179302E-016
          27          16  -9.7638893289842354E-016
          27          17   6.1835948926859592E-016
          27          18   7.2422728177053668E-005
          27          19   6.8605457434666617E-002
          27          20   7.1228707661111015E-005
          27          21  -5.5526424256212070E-002
          27          22  -1.9741407297404034E-002
          27          23   7.0509047419525214E-005
          27          24  -2.6556204919333121E-005
          27          25  -8.9360226154538407E-003
          27          26  -2.6241661057479053E-005
          27          27   7.2324789396627249E-003
          27          28   2.5715985076020008E-003
          27          29  -2.6052068089193857E-005
          28           1  -1.2461282406658111E-004
