           1           1   2.2070932403729531     
           1           2 -0.71802197281081992     
           1           3  0.21134392495530480     
           1           4  -1.5275268564131604E-002
           1           5  -4.5390174861393278E-003
           1           6   3.9252887343670176E-011
           1           7  -3.5227050056619499E-012
           1           8  -1.2780020128151295E-010
           1           9  -2.3724952063116943E-010
           1          10  -1.7982038121431338E-010
           1          11   6.7399343484943800E-010
           1          12  -4.5552383649507826E-011
           1          13   4.6975611800844147E-011
           1          14  -5.4687691745782084E-012
           1          15   1.7955439498848322E-012
           1          16  -6.5269810136565810E-012
           1          17  -1.1688739174466582E-011
           1          18   3.4230863891408538E-003
           1          19  -1.8290915958971862E-010
           1          20   3.4230870800069143E-003
           1          21  -1.8931612517310993E-010
           1          22  -9.4451360483674216E-010
           1          23   3.4230873066810994E-003
           1          24  -1.3721712740857117E-003
           1          25  -3.7145205899093320E-010
           1          26  -1.3721698587623675E-003
           1          27  -4.0057754498220781E-010
           1          28  -1.9413188691678669E-009
           1          29  -1.3721693919189273E-003
           2           1 -0.71802197281081992     
           2           2   2.4964644337537862     
           2           3 -0.85452551591327675     
           2           4   5.3940278080693960E-002
           2           5   1.0889674672188442E-002
           2           6  -1.9963616204740225E-010
           2           7  -2.0141910059975220E-011
           2           8   7.6288735427937001E-010
           2           9   9.6941039214615665E-010
           2          10   6.2984022706385641E-010
           2          11  -3.2519591565730838E-009
           2          12   1.5600339398021023E-010
           2          13  -1.5457386842767471E-010
           2          14  -5.5849019797374686E-012
           2          15  -1.3422565550323473E-011
           2          16   2.7002125935704996E-011
           2          17   4.0241015833572437E-011
           2          18  -3.6493100454852538E-003
           2          19   6.2822402538963895E-010
           2          20  -3.6493124136926011E-003
           2          21   6.4800116697523085E-010
           2          22   3.2359569023934582E-009
           2          23  -3.6493131896241228E-003
           2          24  -5.2652698637301477E-004
           2          25   1.0817633254571896E-009
           2          26  -5.2653112131519444E-004
           2          27   1.1720032961988374E-009
           2          28   5.6724005395699065E-009
           2          29  -5.2653248708584986E-004
           3           1  0.21134392495530480     
           3           2 -0.85452551591327675     
           3           3   2.4021459445026849     
           3           4 -0.27732509859972726     
           3           5  -6.1980211380674624E-002
           3           6  -3.2892041064145835E-010
           3           7   1.7989866775091271E-010
           3           8   6.7681921811414224E-011
           3           9   1.1217692460747837E-009
           3          10  -7.2493465982991479E-010
           3          11  -1.9053167701273576E-010
           3          12  -5.7305303087908129E-010
           3          13   6.6630293776551254E-010
           3          14  -2.4256810002565603E-010
           3          15  -2.5266567516440208E-011
           3          16  -6.0951078471491988E-011
           3          17  -1.5081148717989382E-010
           3          18   2.4024082128135350E-003
           3          19  -2.3884583675439810E-009
           3          20   2.4024172622480297E-003
           3          21  -2.4836999585004066E-009
           3          22  -1.2379785513355703E-008
           3          23   2.4024202402354276E-003
           3          24  -6.5573875066704274E-003
           3          25  -5.9883673510007902E-009
           3          26  -6.5573647528778542E-003
           3          27  -6.4263629326565610E-009
           3          28  -3.1209221383382762E-008
           3          29  -6.5573572584950177E-003
           4           1  -1.5275268564131604E-002
           4           2   5.3940278080693960E-002
           4           3 -0.27732509859972726     
           4           4  0.61455410043868164     
           4           5  0.15484794908304411     
           4           6   5.5615331728886001E-009
           4           7   2.7646538797681126E-010
           4           8  -1.6592939188377112E-008
           4           9  -1.7654102035445371E-008
           4          10  -5.2804854317366015E-010
           4          11   5.2007214976569622E-008
           4          12   7.0523085641406075E-010
           4          13  -1.1613402375167584E-009
           4          14   1.3039084788755693E-009
           4          15   2.8494678250685363E-010
           4          16  -5.3284300352228875E-011
           4          17   1.8457334775266879E-010
           4          18  -1.2917534639200590E-002
           4          19   3.3432933603142112E-009
           4          20  -1.2917547467541961E-002
           4          21   3.5349126001573332E-009
           4          22   1.7605597483572800E-008
           4          23  -1.2917551717077626E-002
           4          24   4.1299432960168803E-002
           4          25   1.4452533568019135E-008
           4          26   4.1299378358579317E-002
           4          27   1.5368793127555883E-008
           4          28   7.4879844894831132E-008
           4          29   4.1299360420209215E-002
           5           1  -4.5390174861393278E-003
           5           2   1.0889674672188442E-002
           5           3  -6.1980211380674624E-002
           5           4  0.15484794908304411     
           5           5   3.9045057469008611E-002
           5           6  -1.7261248547747604E-010
           5           7   2.1389917967462106E-009
           5           8   5.1598922959219995E-009
           5           9   6.8848816606448463E-010
           5          10  -6.4733792980663177E-009
           5          11  -1.6466106291801058E-008
           5          12   3.2161434152413522E-010
           5          13  -2.9617095020710391E-010
           5          14   9.3680296339781209E-011
           5          15   4.0869616250066666E-011
           5          16  -2.2536902603343593E-011
           5          17   6.3907329109567896E-011
           5          18  -3.2687329657118463E-003
           5          19   8.3932514065246300E-010
           5          20  -3.2687361866186194E-003
           5          21   8.8756910227313760E-010
           5          22   4.4205005898036175E-009
           5          23  -3.2687372536455346E-003
           5          24   1.0448996694243507E-002
           5          25   3.6434882101429768E-009
           5          26   1.0448982929598500E-002
           5          27   3.8742794690648400E-009
           5          28   1.8876624405039605E-008
           5          29   1.0448978407531074E-002
           6           1   3.9252887343670176E-011
           6           2  -1.9963616204740225E-010
           6           3  -3.2892041064145835E-010
           6           4   5.5615331728886001E-009
           6           5  -1.7261248547747604E-010
           6           6   2.2008031318877985     
           6           7   2.9003128890048293E-010
           6           8  -4.5983021210231903E-010
           6           9 -0.66389334851369808     
           6          10  -3.5534643971682245E-010
           6          11   9.0277769981354124E-010
           6          12  -1.0312076145578438E-002
           6          13  -3.9819872969452298E-010
           6          14   4.3777448765742303E-010
           6          15   3.5198927441593953E-003
           6          16   2.1216975801142301E-009
           6          17  -1.0761821572668637E-009
           6          18   5.6894067274632978E-010
           6          19  -1.5707067336915805E-009
           6          20  -2.1395931768861596E-010
           6          21   1.5801067811051073E-010
           6          22  -9.3335679669233612E-010
           6          23  -3.4757786355236486E-010
           6          24  -8.3145338966181358E-010
           6          25   1.8299910278446997E-009
           6          26  -1.3926411414348144E-009
           6          27   2.6524697076641968E-009
           6          28   1.5653833766568275E-009
           6          29  -5.0944469643360990E-009
           7           1  -3.5227050056619499E-012
           7           2  -2.0141910059975220E-011
           7           3   1.7989866775091271E-010
           7           4   2.7646538797681126E-010
           7           5   2.1389917967462106E-009
           7           6   2.9003128890048293E-010
           7           7   2.2008031320164845     
           7           8  -9.3959514300915589E-010
           7           9  -7.2446932822315297E-010
           7          10 -0.66389334889995222     
           7          11   2.4912095737030743E-009
           7          12   3.9128918315941745E-010
           7          13  -1.0312076183452801E-002
           7          14  -1.5004022479023661E-009
           7          15  -5.1695185102712198E-010
           7          16   3.5198943792631248E-003
           7          17  -1.2729693456538777E-009
           7          18  -1.0854999767232084E-010
           7          19  -2.1146299779983935E-010
           7          20   2.9246906560956459E-010
           7          21  -4.6202934360824317E-010
           7          22  -1.0599620496919946E-010
           7          23   4.4933559739432530E-011
           7          24  -9.9588559161953088E-010
           7          25  -2.6696353536427081E-010
           7          26  -8.5884716345955217E-010
           7          27   1.0688253492574824E-009
           7          28   5.8369453185963126E-010
           7          29  -1.9724101402142022E-009
           8           1  -1.2780020128151295E-010
           8           2   7.6288735427937001E-010
           8           3   6.7681921811414224E-011
           8           4  -1.6592939188377112E-008
           8           5   5.1598922959219995E-009
           8           6  -4.5983021210231903E-010
           8           7  -9.3959514300915589E-010
           8           8   2.2008031325268282     
           8           9   1.7176030736608958E-009
           8          10   2.1863260021829278E-009
           8          11 -0.66389335003435646     
           8          12  -6.2383472949968378E-009
           8          13  -3.6333290555068929E-009
           8          14  -1.0312074561558431E-002
           8          15   5.0464656456717341E-009
           8          16  -1.1893916559870678E-009
           8          17   3.5198930957021559E-003
           8          18   1.2278859581735335E-009
           8          19   2.7641723415974715E-009
           8          20   1.7496920653604493E-009
           8          21  -3.1529260323568422E-010
           8          22   2.1447869088643665E-010
           8          23  -1.1522636610336394E-009
           8          24   3.6612934424206939E-009
           8          25  -2.5507432142057174E-009
           8          26   5.0188664476706848E-009
           8          27  -2.0209715995584837E-009
           8          28  -1.7958341805361365E-009
           8          29   8.3619807849228213E-009
           9           1  -2.3724952063116943E-010
           9           2   9.6941039214615665E-010
           9           3   1.1217692460747837E-009
           9           4  -1.7654102035445371E-008
           9           5   6.8848816606448463E-010
           9           6 -0.66389334851369808     
           9           7  -7.2446932822315297E-010
           9           8   1.7176030736608958E-009
           9           9   2.1963229871997552     
           9          10   4.9821648349259374E-010
           9          11  -3.6790637758352426E-009
           9          12   1.0290332478671477E-002
           9          13   1.2719506308726967E-009
           9          14  -1.2373522758483198E-009
           9          15   6.8109692029872130E-004
           9          16  -6.8104831659021192E-009
           9          17   3.4069052939837242E-009
           9          18  -1.7212295010539812E-009
           9          19   4.8243177726681603E-009
           9          20   5.1965440850182201E-010
           9          21  -5.7429328228237559E-010
           9          22   2.8436184209034410E-009
           9          23   1.1471767763282558E-009
           9          24   2.5294352302870680E-009
           9          25  -5.8523428693578322E-009
           9          26   4.4086169195524555E-009
           9          27  -8.3019430670276797E-009
           9          28  -4.9887167341283950E-009
           9          29   1.5950624295003600E-008
          10           1  -1.7982038121431338E-010
          10           2   6.2984022706385641E-010
          10           3  -7.2493465982991479E-010
          10           4  -5.2804854317366015E-010
          10           5  -6.4733792980663177E-009
          10           6  -3.5534643971682245E-010
          10           7 -0.66389334889995222     
          10           8   2.1863260021829278E-009
          10           9   4.9821648349259374E-010
          10          10   2.1963229883727875     
          10          11  -5.3892414975259544E-009
          10          12  -7.3481852221128971E-010
          10          13   1.0290332353677645E-002
          10          14   5.0004799652137706E-009
          10          15   9.9405331895871464E-010
          10          16   6.8109184810362941E-004
          10          17   4.1115755451365306E-009
          10          18   5.9450666895784394E-010
          10          19   2.9303350380980660E-010
          10          20  -1.1307339294989786E-009
          10          21   1.3592602661997171E-009
          10          22   3.9286364048168765E-011
          10          23   1.3783785237341242E-010
          10          24   2.9210440950806201E-009
          10          25   7.0952390652497670E-010
          10          26   2.5442461218561427E-009
          10          27  -3.2090854409875086E-009
          10          28  -1.8418548271664544E-009
          10          29   5.6097312144813631E-009
          11           1   6.7399343484943800E-010
          11           2  -3.2519591565730838E-009
          11           3  -1.9053167701273576E-010
          11           4   5.2007214976569622E-008
          11           5  -1.6466106291801058E-008
          11           6   9.0277769981354124E-010
          11           7   2.4912095737030743E-009
          11           8 -0.66389335003435646     
          11           9  -3.6790637758352426E-009
          11          10  -5.3892414975259544E-009
          11          11   2.1963229904564221     
          11          12   1.9199510742167981E-008
          11          13   1.1156835886792840E-008
          11          14   1.0290326957085701E-002
          11          15  -1.5259172966213408E-008
          11          16   4.1246104468779884E-009
          11          17   6.8109601311127374E-004
          11          18  -4.0273546269531285E-009
          11          19  -8.2554299993016758E-009
          11          20  -5.2490896971114944E-009
          11          21   9.9853300023707161E-010
          11          22  -4.0969052416273949E-010
          11          23   3.3065161079289868E-009
          11          24  -1.1391611305433002E-008
          11          25   8.1562497485124842E-009
          11          26  -1.5652712487083400E-008
          11          27   6.2008620515579428E-009
          11          28   5.6392302814978952E-009
          11          29  -2.5752739978449141E-008
          12           1  -4.5552383649507826E-011
          12           2   1.5600339398021023E-010
          12           3  -5.7305303087908129E-010
          12           4   7.0523085641406075E-010
          12           5   3.2161434152413522E-010
          12           6  -1.0312076145578438E-002
          12           7   3.9128918315941745E-010
          12           8  -6.2383472949968378E-009
          12           9   1.0290332478671477E-002
          12          10  -7.3481852221128971E-010
          12          11   1.9199510742167981E-008
          12          12   1.1923339824377659E-004
          12          13  -4.0825890628121170E-011
          12          14   1.8166650341656739E-010
          12          15  -2.2508414048527776E-005
          12          16  -3.5222231871234712E-011
          12          17  -3.6091741099238278E-011
          12          18  -9.0353348176665895E-012
          12          19   4.0429380522407396E-011
          12          20   3.4199600777335467E-012
          12          21  -1.1057554920476763E-011
          12          22   1.3345767030148016E-011
          12          23  -2.9793427086873612E-011
          12          24   1.0384147737949223E-010
          12          25  -5.8093520680976355E-011
          12          26   1.2570828293258834E-010
          12          27  -4.5487161401561871E-011
          12          28  -2.3726526973362503E-011
          12          29   2.0005139765504029E-010
          13           1   4.6975611800844147E-011
          13           2  -1.5457386842767471E-010
          13           3   6.6630293776551254E-010
          13           4  -1.1613402375167584E-009
          13           5  -2.9617095020710391E-010
          13           6  -3.9819872969452298E-010
          13           7  -1.0312076183452801E-002
          13           8  -3.6333290555068929E-009
          13           9   1.2719506308726967E-009
          13          10   1.0290332353677645E-002
          13          11   1.1156835886792840E-008
          13          12  -4.0825890628121170E-011
          13          13   1.1923341445173555E-004
          13          14   1.9595370030606564E-010
          13          15   2.6368853947840255E-011
          13          16  -2.2508473021154484E-005
          13          17  -1.5972371617673551E-011
          13          18   3.9501750440405364E-011
          13          19   1.2341075212361742E-011
          13          20   2.2648775146759222E-011
          13          21   1.1006022451954601E-011
          13          22  -6.6888244859737019E-012
          13          23   1.4461714276342283E-011
          13          24  -4.2340876577007101E-011
          13          25   5.6220033021933950E-012
          13          26  -4.1865099123808789E-011
          13          27  -9.2892808776865924E-012
          13          28  -1.4102640840809474E-011
          13          29  -2.9859782669211001E-011
          14           1  -5.4687691745782084E-012
          14           2  -5.5849019797374686E-012
          14           3  -2.4256810002565603E-010
          14           4   1.3039084788755693E-009
          14           5   9.3680296339781209E-011
          14           6   4.3777448765742303E-010
          14           7  -1.5004022479023661E-009
          14           8  -1.0312074561558431E-002
          14           9  -1.2373522758483198E-009
          14          10   5.0004799652137706E-009
          14          11   1.0290326957085701E-002
          14          12   1.8166650341656739E-010
          14          13   1.9595370030606564E-010
          14          14   1.1923333576428947E-004
          14          15  -1.4206097441750122E-010
          14          16   1.9096467767820423E-011
          14          17  -2.2508456857796337E-005
          14          18  -4.8901988671263986E-011
          14          19  -7.0416955749659036E-011
          14          20  -6.2227112106537956E-011
          14          21   9.7816241984631094E-012
          14          22  -7.0282338143182682E-012
          14          23   8.2308882158667774E-012
          14          24  -4.4301167008959471E-011
          14          25   7.5531037889297709E-011
          14          26  -8.1469914209644615E-011
          14          27   7.3911773377418838E-011
          14          28   5.4347329029206650E-011
          14          29  -1.8946863685016660E-010
          15           1   1.7955439498848322E-012
          15           2  -1.3422565550323473E-011
          15           3  -2.5266567516440208E-011
          15           4   2.8494678250685363E-010
          15           5   4.0869616250066666E-011
          15           6   3.5198927441593953E-003
          15           7  -5.1695185102712198E-010
          15           8   5.0464656456717341E-009
          15           9   6.8109692029872130E-004
          15          10   9.9405331895871464E-010
          15          11  -1.5259172966213408E-008
          15          12  -2.2508414048527776E-005
          15          13   2.6368853947840255E-011
          15          14  -1.4206097441750122E-010
          15          15   1.0498335353099321E-005
          15          16  -3.6516894394657946E-012
          15          17   2.4273108538820635E-011
          15          18  -1.0868220636309636E-011
          15          19  -3.4596462760138952E-012
          15          20  -1.0799219305596400E-011
          15          21   2.0876761331961672E-012
          15          22   8.1061020491902301E-013
          15          23  -7.0563788567113214E-013
          15          24   9.8239579364363658E-012
          15          25   6.5957153187556348E-012
          15          26   6.8538124969144197E-012
          15          27  -6.5296772222079642E-013
          15          28  -1.4001471203902765E-012
          15          29   4.7243068691070352E-012
          16           1  -6.5269810136565810E-012
          16           2   2.7002125935704996E-011
          16           3  -6.0951078471491988E-011
          16           4  -5.3284300352228875E-011
          16           5  -2.2536902603343593E-011
          16           6   2.1216975801142301E-009
          16           7   3.5198943792631248E-003
          16           8  -1.1893916559870678E-009
          16           9  -6.8104831659021192E-009
          16          10   6.8109184810362941E-004
          16          11   4.1246104468779884E-009
          16          12  -3.5222231871234712E-011
          16          13  -2.2508473021154484E-005
          16          14   1.9096467767820423E-011
          16          15  -3.6516894394657946E-012
          16          16   1.0498350221166978E-005
          16          17   4.6308755020984498E-012
          16          18  -1.9593936611103211E-012
          16          19  -3.0058517861354206E-012
          16          20  -2.1117074005339227E-013
          16          21  -8.8690145923096679E-013
          16          22   1.8016939103203248E-012
          16          23   4.1518325686683415E-012
          16          24  -8.9570390862739271E-012
          16          25  -4.5202592147129680E-013
          16          26  -9.6645020022440213E-012
          16          27  -2.4734854213113371E-012
          16          28   9.4382034479314494E-013
          16          29  -8.2363021597016217E-012
          17           1  -1.1688739174466582E-011
          17           2   4.0241015833572437E-011
          17           3  -1.5081148717989382E-010
          17           4   1.8457334775266879E-010
          17           5   6.3907329109567896E-011
          17           6  -1.0761821572668637E-009
          17           7  -1.2729693456538777E-009
          17           8   3.5198930957021559E-003
          17           9   3.4069052939837242E-009
          17          10   4.1115755451365306E-009
          17          11   6.8109601311127374E-004
          17          12  -3.6091741099238278E-011
          17          13  -1.5972371617673551E-011
          17          14  -2.2508456857796337E-005
          17          15   2.4273108538820635E-011
          17          16   4.6308755020984498E-012
          17          17   1.0498355753356187E-005
          17          18  -2.7194620964239482E-012
          17          19   6.3239283507479813E-012
          17          20  -8.9327435046272412E-013
          17          21  -1.0926939779391162E-012
          17          22   1.3447131169775573E-012
          17          23  -6.7933199165844150E-012
          17          24   2.4929316054752517E-011
          17          25  -7.7127525661300115E-012
          17          26   2.8356974727819746E-011
          17          27  -1.0427818244322095E-011
          17          28  -5.9400588161240081E-012
          17          29   4.2011495628925830E-011
          18           1   3.4230863891408538E-003
          18           2  -3.6493100454852538E-003
          18           3   2.4024082128135350E-003
          18           4  -1.2917534639200590E-002
          18           5  -3.2687329657118463E-003
          18           6   5.6894067274632978E-010
          18           7  -1.0854999767232084E-010
          18           8   1.2278859581735335E-009
          18           9  -1.7212295010539812E-009
          18          10   5.9450666895784394E-010
          18          11  -4.0273546269531285E-009
          18          12  -9.0353348176665895E-012
          18          13   3.9501750440405364E-011
          18          14  -4.8901988671263986E-011
          18          15  -1.0868220636309636E-011
          18          16  -1.9593936611103211E-012
          18          17  -2.7194620964239482E-012
          18          18   2.8716183329634352E-004
          18          19  -6.8706209849012510E-011
          18          20   2.8716209700031906E-004
          18          21  -7.2664003277900647E-011
          18          22  -3.6193192505133354E-010
          18          23   2.8716218435226971E-004
          18          24  -8.8852542807234161E-004
          18          25  -3.0483470058858416E-010
          18          26  -8.8852427648329385E-004
          18          27  -3.2410295947497595E-010
          18          28  -1.5792866532883250E-009
          18          29  -8.8852389812523391E-004
          19           1  -1.8290915958971862E-010
          19           2   6.2822402538963895E-010
          19           3  -2.3884583675439810E-009
          19           4   3.3432933603142112E-009
          19           5   8.3932514065246300E-010
          19           6  -1.5707067336915805E-009
          19           7  -2.1146299779983935E-010
          19           8   2.7641723415974715E-009
          19           9   4.8243177726681603E-009
          19          10   2.9303350380980660E-010
          19          11  -8.2554299993016758E-009
          19          12   4.0429380522407396E-011
          19          13   1.2341075212361742E-011
          19          14  -7.0416955749659036E-011
          19          15  -3.4596462760138952E-012
          19          16  -3.0058517861354206E-012
          19          17   6.3239283507479813E-012
          19          18  -6.8706209849012510E-011
          19          19   9.0496469231552250E-017
          19          20  -6.8706268570868856E-011
          19          21   9.1461276777102836E-018
          19          22   1.0714685322704053E-016
          19          23  -6.8706359875318207E-011
          19          24   2.1996761604780482E-010
          19          25  -1.5812365701042800E-018
          19          26   2.1996735718135326E-010
          19          27   1.0191749613276168E-017
          19          28   3.5357493237363434E-016
          19          29   2.1996737118171595E-010
          20           1   3.4230870800069143E-003
          20           2  -3.6493124136926011E-003
          20           3   2.4024172622480297E-003
          20           4  -1.2917547467541961E-002
          20           5  -3.2687361866186194E-003
          20           6  -2.1395931768861596E-010
          20           7   2.9246906560956459E-010
          20           8   1.7496920653604493E-009
          20           9   5.1965440850182201E-010
          20          10  -1.1307339294989786E-009
          20          11  -5.2490896971114944E-009
          20          12   3.4199600777335467E-012
          20          13   2.2648775146759222E-011
          20          14  -6.2227112106537956E-011
          20          15  -1.0799219305596400E-011
          20          16  -2.1117074005339227E-013
          20          17  -8.9327435046272412E-013
          20          18   2.8716209700031906E-004
          20          19  -6.8706268570868856E-011
          20          20   2.8716236070457551E-004
          20          21  -7.2664082833515965E-011
          20          22  -3.6193229506673176E-010
          20          23   2.8716244805660857E-004
          20          24  -8.8852627268779156E-004
          20          25  -3.0483501970773062E-010
          20          26  -8.8852512109760019E-004
          20          27  -3.2410329719560447E-010
          20          28  -1.5792882217293608E-009
          20          29  -8.8852474273914126E-004
          21           1  -1.8931612517310993E-010
          21           2   6.4800116697523085E-010
          21           3  -2.4836999585004066E-009
          21           4   3.5349126001573332E-009
          21           5   8.8756910227313760E-010
          21           6   1.5801067811051073E-010
          21           7  -4.6202934360824317E-010
          21           8  -3.1529260323568422E-010
          21           9  -5.7429328228237559E-010
          21          10   1.3592602661997171E-009
          21          11   9.9853300023707161E-010
          21          12  -1.1057554920476763E-011
          21          13   1.1006022451954601E-011
          21          14   9.7816241984631094E-012
          21          15   2.0876761331961672E-012
          21          16  -8.8690145923096679E-013
          21          17  -1.0926939779391162E-012
          21          18  -7.2664003277900647E-011
          21          19   9.1461276777102836E-018
          21          20  -7.2664082833515965E-011
          21          21   2.4801268902753075E-017
          21          22   1.0132267247161676E-016
          21          23  -7.2664094650735565E-011
          21          24   2.3278774137470655E-010
          21          25   9.8611730482210899E-017
          21          26   2.3278742143080221E-010
          21          27   9.7855076517188582E-017
          21          28   4.3475877559250047E-016
          21          29   2.3278730224228313E-010
          22           1  -9.4451360483674216E-010
          22           2   3.2359569023934582E-009
          22           3  -1.2379785513355703E-008
          22           4   1.7605597483572800E-008
          22           5   4.4205005898036175E-009
          22           6  -9.3335679669233612E-010
          22           7  -1.0599620496919946E-010
          22           8   2.1447869088643665E-010
          22           9   2.8436184209034410E-009
          22          10   3.9286364048168765E-011
          22          11  -4.0969052416273949E-010
          22          12   1.3345767030148016E-011
          22          13  -6.6888244859737019E-012
          22          14  -7.0282338143182682E-012
          22          15   8.1061020491902301E-013
          22          16   1.8016939103203248E-012
          22          17   1.3447131169775573E-012
          22          18  -3.6193192505133354E-010
          22          19   1.0714685322704053E-016
          22          20  -3.6193229506673176E-010
          22          21   1.0132267247161676E-016
          22          22   5.2052208339174478E-016
          22          23  -3.6193242091391824E-010
          22          24   1.1593525932803848E-009
          22          25   3.9960110260849349E-016
          22          26   1.1593510382406772E-009
          22          27   4.2140890963472523E-016
          22          28   2.1291963778377246E-015
          22          29   1.1593505495078121E-009
          23           1   3.4230873066810994E-003
          23           2  -3.6493131896241228E-003
          23           3   2.4024202402354276E-003
          23           4  -1.2917551717077626E-002
          23           5  -3.2687372536455346E-003
          23           6  -3.4757786355236486E-010
          23           7   4.4933559739432530E-011
          23           8  -1.1522636610336394E-009
          23           9   1.1471767763282558E-009
          23          10   1.3783785237341242E-010
          23          11   3.3065161079289868E-009
          23          12  -2.9793427086873612E-011
          23          13   1.4461714276342283E-011
          23          14   8.2308882158667774E-012
          23          15  -7.0563788567113214E-013
          23          16   4.1518325686683415E-012
          23          17  -6.7933199165844150E-012
          23          18   2.8716218435226971E-004
          23          19  -6.8706359875318207E-011
          23          20   2.8716244805660857E-004
          23          21  -7.2664094650735565E-011
          23          22  -3.6193242091391824E-010
          23          23   2.8716253540875763E-004
          23          24  -8.8852655257523649E-004
          23          25  -3.0483504118724038E-010
          23          26  -8.8852540098470717E-004
          23          27  -3.2410335145778008E-010
          23          28  -1.5792886988506557E-009
          23          29  -8.8852502262621225E-004
          24           1  -1.3721712740857117E-003
          24           2  -5.2652698637301477E-004
          24           3  -6.5573875066704274E-003
          24           4   4.1299432960168803E-002
          24           5   1.0448996694243507E-002
          24           6  -8.3145338966181358E-010
          24           7  -9.9588559161953088E-010
          24           8   3.6612934424206939E-009
          24           9   2.5294352302870680E-009
          24          10   2.9210440950806201E-009
          24          11  -1.1391611305433002E-008
          24          12   1.0384147737949223E-010
          24          13  -4.2340876577007101E-011
          24          14  -4.4301167008959471E-011
          24          15   9.8239579364363658E-012
          24          16  -8.9570390862739271E-012
          24          17   2.4929316054752517E-011
          24          18  -8.8852542807234161E-004
          24          19   2.1996761604780482E-010
          24          20  -8.8852627268779156E-004
          24          21   2.3278774137470655E-010
          24          22   1.1593525932803848E-009
          24          23  -8.8852655257523649E-004
          24          24   2.8404965565507197E-003
          24          25   9.7414588770365220E-010
          24          26   2.8404928768979787E-003
          24          27   1.0356009773536466E-009
          24          28   5.0462011253110879E-009
          24          29   2.8404916681052887E-003
          25           1  -3.7145205899093320E-010
          25           2   1.0817633254571896E-009
          25           3  -5.9883673510007902E-009
          25           4   1.4452533568019135E-008
          25           5   3.6434882101429768E-009
          25           6   1.8299910278446997E-009
          25           7  -2.6696353536427081E-010
          25           8  -2.5507432142057174E-009
          25           9  -5.8523428693578322E-009
          25          10   7.0952390652497670E-010
          25          11   8.1562497485124842E-009
          25          12  -5.8093520680976355E-011
          25          13   5.6220033021933950E-012
          25          14   7.5531037889297709E-011
          25          15   6.5957153187556348E-012
          25          16  -4.5202592147129680E-013
          25          17  -7.7127525661300115E-012
          25          18  -3.0483470058858416E-010
          25          19  -1.5812365701042800E-018
          25          20  -3.0483501970773062E-010
          25          21   9.8611730482210899E-017
          25          22   3.9960110260849349E-016
          25          23  -3.0483504118724038E-010
          25          24   9.7414588770365220E-010
          25          25   4.3719917185536405E-016
          25          26   9.7414455946660825E-010
          25          27   4.4646909160820064E-016
          25          28   1.8178521127316965E-015
          25          29   9.7414400790021585E-010
          26           1  -1.3721698587623675E-003
          26           2  -5.2653112131519444E-004
          26           3  -6.5573647528778542E-003
          26           4   4.1299378358579317E-002
          26           5   1.0448982929598500E-002
          26           6  -1.3926411414348144E-009
          26           7  -8.5884716345955217E-010
          26           8   5.0188664476706848E-009
          26           9   4.4086169195524555E-009
          26          10   2.5442461218561427E-009
          26          11  -1.5652712487083400E-008
          26          12   1.2570828293258834E-010
          26          13  -4.1865099123808789E-011
          26          14  -8.1469914209644615E-011
          26          15   6.8538124969144197E-012
          26          16  -9.6645020022440213E-012
          26          17   2.8356974727819746E-011
          26          18  -8.8852427648329385E-004
          26          19   2.1996735718135326E-010
          26          20  -8.8852512109760019E-004
          26          21   2.3278742143080221E-010
          26          22   1.1593510382406772E-009
          26          23  -8.8852540098470717E-004
          26          24   2.8404928768979787E-003
          26          25   9.7414455946660825E-010
          26          26   2.8404891972501124E-003
          26          27   1.0355995746388512E-009
          26          28   5.0461944440484629E-009
          26          29   2.8404879884590729E-003
          27           1  -4.0057754498220781E-010
          27           2   1.1720032961988374E-009
          27           3  -6.4263629326565610E-009
          27           4   1.5368793127555883E-008
          27           5   3.8742794690648400E-009
          27           6   2.6524697076641968E-009
          27           7   1.0688253492574824E-009
          27           8  -2.0209715995584837E-009
          27           9  -8.3019430670276797E-009
          27          10  -3.2090854409875086E-009
          27          11   6.2008620515579428E-009
          27          12  -4.5487161401561871E-011
          27          13  -9.2892808776865924E-012
          27          14   7.3911773377418838E-011
          27          15  -6.5296772222079642E-013
          27          16  -2.4734854213113371E-012
          27          17  -1.0427818244322095E-011
          27          18  -3.2410295947497595E-010
          27          19   1.0191749613276168E-017
          27          20  -3.2410329719560447E-010
          27          21   9.7855076517188582E-017
          27          22   4.2140890963472523E-016
          27          23  -3.2410335145778008E-010
          27          24   1.0356009773536466E-009
          27          25   4.4646909160820064E-016
          27          26   1.0355995746388512E-009
          27          27   4.8332455076139159E-016
          27          28   1.9372509220064447E-015
          27          29   1.0355989875091359E-009
          28           1  -1.9413188691678669E-009
