           1           1   2.3403140139724070     
           1           2  -1.1354717994777765     
           1           3 -0.77391632451726367     
           1           4 -0.21804065666095102     
           1           5 -0.23927807930714520     
           1           6 -0.18673574773088492     
           1           7  -4.0044751598814022E-014
           1           8  -5.7973811568206943E-016
           1           9   4.2663621612874500E-015
           1          10   1.8111977492312647E-014
           1          11   7.0700607770565661E-015
           1          12  -5.3165431243456351E-014
           1          13   2.9405296030429873E-015
           1          14  -2.4158179969102758E-015
           1          15   1.2850483938197246E-014
           1          16   3.5849509567310360E-015
           1          17   7.8003636679824264E-015
           1          18   3.9975130877360362E-015
           1          19  -5.0788336617294622E-015
           1          20  -1.1115526411567140E-015
           1          21  -2.9046101529289366E-016
           1          22  0.62625697237127542     
           1          23  -1.0429343286525738E-014
           1          24  0.62625697237120714     
           1          25  -8.0786130429321857E-015
           1          26   1.5136294219717090E-014
           1          27  0.62625697237128330     
           1          28   1.8930385982411028E-002
           1          29   5.6722717106922040E-015
           1          30   1.8930385982425583E-002
           1          31  -6.5396711004426612E-016
           1          32   1.9914847414859671E-015
           1          33   1.8930385982411688E-002
           1          34  0.14726841261066281     
           1          35  -5.1162547890662736E-016
           1          36  0.14726841261065582     
           1          37   1.0674751374115180E-015
           1          38   2.5587120528567723E-015
           1          39  0.14726841261067536     
           1          40   9.1552317169750402E-002
           1          41  -4.1019182981774936E-015
           1          42   9.1552317169762962E-002
           1          43   1.3783737252593306E-015
           1          44   5.2636938505359334E-015
           1          45   9.1552317169760603E-002
           2           1  -1.1354717994777765     
           2           2   3.7859694624129014     
           2           3   2.0482692893827279     
           2           4  0.70493008830236503     
           2           5  0.89466128208104334     
           2           6  0.70429588784663122     
           2           7   1.4189739500275842E-013
           2           8   1.2320609657336909E-014
           2           9  -2.9291011408511987E-014
           2          10  -6.3616426750198552E-014
           2          11  -4.5124709949695626E-014
           2          12   2.2317592100380507E-013
           2          13  -2.9255228372512622E-014
           2          14   4.9063872868281873E-014
           2          15  -5.3344952629510341E-014
           2          16  -1.6187091308137329E-014
           2          17  -3.1362823856796434E-014
           2          18  -1.4030191134636460E-014
           2          19   1.8365033822337814E-014
           2          20   9.4007673041702252E-015
           2          21   3.4972368656481240E-015
           2          22  -1.9819336787130890     
           2          23   5.2696076271728533E-014
           2          24  -1.9819336787124469     
           2          25   1.6488389698074318E-014
           2          26  -8.1332707406095412E-014
           2          27  -1.9819336787132875     
           2          28  -2.6014366344723622E-002
           2          29  -5.9703465159534700E-014
           2          30  -2.6014366344804161E-002
           2          31   2.9538254362395378E-014
           2          32   5.9537385328858124E-015
           2          33  -2.6014366344752508E-002
           2          34 -0.53871779627378991     
           2          35   2.1030262440689308E-015
           2          36 -0.53871779627374572     
           2          37  -2.6696020083327317E-015
           2          38  -9.6750087189527907E-015
           2          39 -0.53871779627382010     
           2          40 -0.34557339889996819     
           2          41   1.4278420210801725E-014
           2          42 -0.34557339890001232     
           2          43  -4.2178085600296691E-015
           2          44  -2.0615707212595150E-014
           2          45 -0.34557339890000977     
           3           1 -0.77391632451726367     
           3           2   2.0482692893827279     
           3           3   2.7147730691891887     
           3           4 -0.14632366262749441     
           3           5  0.33626440766000187     
           3           6  0.28589395775727167     
           3           7   1.8163221540054372E-013
           3           8   6.1012068337366972E-014
           3           9  -2.5782909550142468E-014
           3          10  -3.0532168399244862E-014
           3          11  -1.6776559605041862E-013
           3          12   2.2731235633545440E-013
           3          13  -9.0458927605270251E-014
           3          14   3.5391425408844366E-013
           3          15  -3.9990304821992297E-014
           3          16  -3.9230047401708412E-014
           3          17  -4.9266467847846200E-014
           3          18   1.4338764291088816E-014
           3          19   2.2516442717051517E-014
           3          20   1.8997330402919179E-014
           3          21   6.8406646939794216E-015
           3          22  -1.3462626934132829     
           3          23   2.3904939740774909E-014
           3          24  -1.3462626934115012     
           3          25  -6.5414705942937078E-014
           3          26  -1.9373313287583280E-013
           3          27  -1.3462626934106945     
           3          28  -3.6427847126760685E-002
           3          29  -1.7833893036576863E-013
           3          30  -3.6427847127063803E-002
           3          31   1.6709113403878614E-013
           3          32   1.0599927173623610E-013
           3          33  -3.6427847127112806E-002
           3          34 -0.20043449739493122     
           3          35  -1.0161261829436182E-014
           3          36 -0.20043449739481267     
           3          37  -1.1702436718268960E-014
           3          38  -9.4077215152291849E-015
           3          39 -0.20043449739481692     
           3          40 -0.14567592573706978     
           3          41   1.6908994858169024E-014
           3          42 -0.14567592573713117     
           3          43  -3.7561688426576754E-015
           3          44  -1.9028158867601665E-014
           3          45 -0.14567592573714813     
           4           1 -0.21804065666095102     
           4           2  0.70493008830236503     
           4           3 -0.14632366262749441     
           4           4   1.2706349619077733     
           4           5  0.90501355014530582     
           4           6  0.69228338081774732     
           4           7  -1.3923798588041610E-014
           4           8  -1.6842676485759722E-013
           4           9  -6.9018200035837157E-014
           4          10  -4.4726198298615488E-014
           4          11   3.4550547060426991E-013
           4          12   6.6252116450893272E-014
           4          13  -2.0675357779550074E-014
           4          14  -7.7823080160673075E-013
           4          15  -3.1047367271882550E-014
           4          16   2.7575263995756836E-014
           4          17   1.4047598923675802E-014
           4          18  -3.1187830171658547E-014
           4          19  -1.2326767113161449E-015
           4          20  -3.1182508914239279E-014
           4          21  -4.1937069007497230E-015
           4          22 -0.61770939732543995     
           4          23  -2.3911442357497795E-014
           4          24 -0.61770939733131591     
           4          25   2.1756961891655881E-013
           4          26   6.1474322634728232E-014
           4          27 -0.61770939732166219     
           4          28  0.25104693278632234     
           4          29   3.0362231229525840E-013
           4          30  0.25104693278656753     
           4          31  -3.5485895245168868E-013
           4          32  -1.2874541665709516E-013
           4          33  0.25104693278640844     
           4          34 -0.52570505461581130     
           4          35   2.3091423223625988E-014
           4          36 -0.52570505461604267     
           4          37   8.3113081939918674E-015
           4          38  -1.0419450201849785E-014
           4          39 -0.52570505461568207     
           4          40 -0.32935971841404516     
           4          41  -4.5717064800400238E-015
           4          42 -0.32935971841399519     
           4          43  -5.0480669076361205E-016
           4          44  -6.2105991622854386E-015
           4          45 -0.32935971841410788     
           5           1 -0.23927807930714520     
           5           2  0.89466128208104334     
           5           3  0.33626440766000187     
           5           4  0.90501355014530582     
           5           5   1.0653153871951324     
           5           6  0.84799439364799312     
           5           7   2.7622242895631610E-014
           5           8   2.9189210950870882E-014
           5           9  -5.7404134883343180E-014
           5          10  -1.3803436451434303E-013
           5          11  -1.2923588411256010E-013
           5          12   1.0360077754040881E-013
           5          13   1.7458655642676621E-013
           5          14   2.4862022370899622E-013
           5          15   5.9405254894747122E-014
           5          16   1.3483803127586399E-014
           5          17  -2.0125393838712328E-014
           5          18  -1.3514405654858939E-014
           5          19   1.8339484110515669E-014
           5          20   1.3712604329168287E-014
           5          21   6.3277601726432923E-015
           5          22 -0.98822035522579810     
           5          23  -9.1244818365215868E-014
           5          24 -0.98822035522830243     
           5          25   3.0444319960164452E-013
           5          26   2.0680766576969943E-013
           5          27 -0.98822035522411500     
           5          28  0.29853691296841411     
           5          29   3.0883891093771861E-013
           5          30  0.29853691296852797     
           5          31  -3.9134703684460194E-013
           5          32  -9.7217175539931289E-014
           5          33  0.29853691296849105     
           5          34 -0.60522094752794720     
           5          35   1.2333110019328558E-014
           5          36 -0.60522094752804190     
           5          37   4.6091701336032483E-015
           5          38  -3.1353464928320420E-015
           5          39 -0.60522094752790678     
           5          40 -0.41035687463419646     
           5          41   8.6425562234152459E-015
           5          42 -0.41035687463419662     
           5          43  -2.6538299053131194E-015
           5          44  -1.7739851453330588E-014
           5          45 -0.41035687463425619     
           6           1 -0.18673574773088492     
           6           2  0.70429588784663122     
           6           3  0.28589395775727167     
           6           4  0.69228338081774732     
           6           5  0.84799439364799312     
           6           6  0.67666029094601299     
           6           7   1.0912151215059125E-013
           6           8   2.7343220533244351E-014
           6           9  -7.1540138684965429E-014
           6          10  -4.3783747025458972E-013
           6          11  -1.9140328637005780E-013
           6          12   1.6426880622963773E-013
           6          13   8.4215547899745172E-013
           6          14   5.0790947799191218E-013
           6          15  -6.3436161210369686E-014
           6          16   1.3700062617668123E-014
           6          17  -1.1861275603625782E-014
           6          18  -8.0592746161974211E-015
           6          19   4.3719575838460007E-014
           6          20   2.2662220813358696E-014
           6          21   3.9717157753647793E-016
           6          22 -0.79251200557724255     
           6          23  -1.1735421009456752E-013
           6          24 -0.79251200557468948     
           6          25   2.8416813607609120E-013
           6          26   1.0205351246366158E-013
           6          27 -0.79251200558122981     
           6          28  0.23961307788607061     
           6          29   4.1930428507773016E-013
           6          30  0.23961307788609490     
           6          31  -4.5240374942396242E-013
           6          32  -5.2923955519783932E-014
           6          33  0.23961307788620004     
           6          34 -0.48099475997786856     
           6          35   8.2881001326981992E-015
           6          36 -0.48099475997777852     
           6          37   3.9274598756081709E-015
           6          38  -4.8595039112266111E-015
           6          39 -0.48099475997802965     
           6          40 -0.32774293711261782     
           6          41   1.0968542172676255E-014
           6          42 -0.32774293711266334     
           6          43  -4.9902471645699224E-015
           6          44  -1.3380387313031746E-014
           6          45 -0.32774293711261338     
           7           1  -4.0044751598814022E-014
           7           2   1.4189739500275842E-013
           7           3   1.8163221540054372E-013
           7           4  -1.3923798588041610E-014
           7           5   2.7622242895631610E-014
           7           6   1.0912151215059125E-013
           7           7   2.4248801853182531     
           7           8  -7.5633943550901791E-016
           7           9   2.3345041177853973E-015
           7          10  -1.1085702037803429     
           7          11   1.6653345362510866E-016
           7          12  -5.5233595474685406E-015
           7          13  0.33379208093182466     
           7          14   9.1940344247844880E-016
           7          15   6.1894933621655949E-015
           7          16  -8.5982669335059075E-002
           7          17   9.4046406946225012E-015
           7          18   1.5086673233326342E-016
           7          19   3.1389107268826363E-002
           7          20   1.7034984534315629E-015
           7          21  -7.8810655919083601E-016
           7          22  -1.8939052746998051E-013
           7          23  -1.9966574371261542E-014
           7          24  -2.9772554406234564E-013
           7          25   2.4382983212323855E-014
           7          26  -1.8233796701535827E-014
           7          27   1.6235406141745230E-013
           7          28  -3.2682787474627916E-014
           7          29   1.2923914336999086E-013
           7          30  -2.3615526843690401E-015
           7          31  -1.4650121773561873E-013
           7          32  -3.7607365353986922E-014
           7          33   1.1612535871051170E-014
           7          34  -4.2881075125270713E-014
           7          35  -2.6714450193482034E-014
           7          36  -2.1952928603531405E-014
           7          37   1.8302702782827704E-014
           7          38  -6.8968346694174196E-015
           7          39  -1.1903244489595611E-015
           7          40  -4.1504497120589788E-014
           7          41  -8.7530546489435027E-017
           7          42  -4.1961479252047569E-014
           7          43  -1.0038203190781472E-014
           7          44   2.8753964718965265E-015
           7          45  -4.3341485339156470E-014
           8           1  -5.7973811568206943E-016
           8           2   1.2320609657336909E-014
           8           3   6.1012068337366972E-014
           8           4  -1.6842676485759722E-013
           8           5   2.9189210950870882E-014
           8           6   2.7343220533244351E-014
           8           7  -7.5633943550901791E-016
           8           8   2.4248801853182562     
           8           9   1.0916831674711555E-015
           8          10  -4.7288561955803989E-015
           8          11  -1.1085702037803427     
           8          12  -3.2569433259664057E-016
           8          13   3.4763858460597585E-015
           8          14  0.33379208093180091     
           8          15   2.7434651772054149E-015
           8          16  -1.0198710365852708E-014
           8          17  -8.5982669335034206E-002
           8          18  -1.1859633555145316E-014
           8          19   2.3028454143692615E-015
           8          20   3.1389107268819022E-002
           8          21   1.2753253314507769E-014
           8          22  -2.3231415762684471E-015
           8          23  -3.6000644098577620E-014
           8          24  -1.2454415754758619E-013
           8          25   7.7098067296535675E-014
           8          26   1.5591688507333761E-014
           8          27   7.6410407480565098E-014
           8          28   1.1142201800538890E-014
           8          29   5.2023147156334520E-014
           8          30   2.3312349165429257E-014
           8          31  -1.0412297781283468E-013
           8          32  -1.5717205534157402E-015
           8          33   3.7672803582390320E-014
           8          34   3.5628857951053566E-014
           8          35  -4.0655554597693761E-014
           8          36   3.0590451184803825E-014
           8          37   5.1886033610731278E-015
           8          38   2.8455467519543850E-014
           8          39   2.4711063752311787E-014
           8          40  -9.1275224601133554E-016
           8          41   7.2650068391916778E-015
           8          42  -3.5761030384757227E-014
           8          43  -2.1644062886505036E-014
           8          44  -6.7315812075494803E-015
           8          45  -1.2254769616592021E-014
           9           1   4.2663621612874500E-015
           9           2  -2.9291011408511987E-014
           9           3  -2.5782909550142468E-014
           9           4  -6.9018200035837157E-014
           9           5  -5.7404134883343180E-014
           9           6  -7.1540138684965429E-014
           9           7   2.3345041177853973E-015
           9           8   1.0916831674711555E-015
           9           9   2.4248801853182540     
           9          10  -2.4520316332516222E-015
           9          11  -3.7192471324759192E-015
           9          12  -1.1085702037803415     
           9          13   8.3440199193235023E-015
           9          14   8.2512122134270159E-015
           9          15  0.33379208093180912     
           9          16  -9.0286393812385109E-015
           9          17   5.4182325943765688E-015
           9          18  -8.5982669335051803E-002
           9          19   3.5333064599068391E-015
           9          20   1.1522358588029382E-015
           9          21   3.1389107268823005E-002
           9          22   1.0185698882426703E-013
           9          23  -1.5533599206317021E-014
           9          24   3.6729454577910887E-013
           9          25  -2.8845745015386865E-014
           9          26   1.1284062865839050E-014
           9          27  -2.0155269526350265E-013
           9          28   6.3832943639943181E-016
           9          29  -3.0330150771956014E-014
           9          30   3.6429107602912235E-015
           9          31   2.5351971361795598E-014
           9          32   8.7208289584019843E-015
           9          33   3.3576235590584147E-014
           9          34   4.0936599569060402E-014
           9          35  -1.1880241490173718E-014
           9          36   5.3172036537292596E-014
           9          37  -1.6673916891196869E-014
           9          38  -1.4713602209781976E-014
           9          39   5.0626719098496641E-014
           9          40   3.5400718023465806E-014
           9          41   1.7269076357384416E-015
           9          42   2.2940744190685906E-014
           9          43  -4.7583605875342142E-015
           9          44   2.1184737539587482E-015
           9          45   3.4425397016803918E-014
          10           1   1.8111977492312647E-014
          10           2  -6.3616426750198552E-014
          10           3  -3.0532168399244862E-014
          10           4  -4.4726198298615488E-014
          10           5  -1.3803436451434303E-013
          10           6  -4.3783747025458972E-013
          10           7  -1.1085702037803429     
          10           8  -4.7288561955803989E-015
          10           9  -2.4520316332516222E-015
          10          10   2.8959062125442792     
          10          11   1.1379786005159952E-015
          10          12   8.1115669735009394E-015
          10          13 -0.93961804898191348     
          10          14   1.5140666497481068E-014
          10          15  -2.1899149160251898E-014
          10          16  0.19024203034786324     
          10          17  -5.2779395437223360E-014
          10          18   4.8541899665242829E-015
          10          19  -7.7218798842535880E-002
          10          20   5.5736665282239431E-015
          10          21  -8.0157235015752765E-015
          10          22   2.6393306804347494E-013
          10          23   1.0011892767267860E-013
          10          24   5.7463989256190833E-013
          10          25  -1.4434481825098424E-013
          10          26   4.4233652353111342E-014
          10          27  -5.7829414234494096E-013
          10          28   1.2213731135720940E-013
          10          29  -5.1593210674945211E-013
          10          30   3.0772848935910210E-014
          10          31   5.8198808982422508E-013
          10          32   1.4119852802562100E-013
          10          33  -2.5890209870294099E-014
          10          34   1.7617103418789470E-013
          10          35   8.6683412081487167E-014
          10          36   1.1940103981520883E-013
          10          37  -5.9487727976028991E-014
          10          38   2.0738504716513537E-014
          10          39   4.1655951227752006E-014
          10          40   1.8288312148250692E-013
          10          41   5.1122987203117350E-016
          10          42   1.5421424595958539E-013
          10          43   3.5852726521292824E-014
          10          44  -4.3278592726511937E-015
          10          45   1.7319419661621969E-013
          11           1   7.0700607770565661E-015
          11           2  -4.5124709949695626E-014
          11           3  -1.6776559605041862E-013
          11           4   3.4550547060426991E-013
          11           5  -1.2923588411256010E-013
          11           6  -1.9140328637005780E-013
          11           7   1.6653345362510866E-016
          11           8  -1.1085702037803427     
          11           9  -3.7192471324759192E-015
          11          10   1.1379786005159952E-015
          11          11   2.8959062125442570     
          11          12   4.6455894685923762E-015
          11          13  -1.1421419366655984E-014
          11          14 -0.93961804898183510     
          11          15  -2.3044066654664109E-014
          11          16   4.8511542005862745E-014
          11          17  0.19024203034778359     
          11          18   5.1802258229454117E-014
          11          19  -1.1254885912178708E-014
          11          20  -7.7218798842494246E-002
          11          21  -3.6149035154123263E-014
          11          22   1.8187522347974599E-014
          11          23   1.0587710643305333E-013
          11          24   2.5259858553824171E-013
          11          25  -2.5609858169492596E-013
          11          26  -4.7037491360144902E-014
          11          27  -5.9087576456513539E-014
          11          28   1.0108771492893708E-014
          11          29  -1.9752808890097559E-013
          11          30  -5.1087811610730851E-015
          11          31   3.8393508979097487E-013
          11          32   1.3833900441049148E-015
          11          33  -7.9015921869247848E-014
          11          34  -3.6853060416667381E-014
          11          35   1.2456336187339208E-013
          11          36  -4.2695368343641225E-014
          11          37  -6.5575829197089409E-015
          11          38  -9.3488137211479285E-014
          11          39  -1.0517275523646807E-014
          11          40   3.5074471628491862E-014
          11          41  -1.0017058633965680E-014
          11          42   1.5297705145057769E-013
          11          43   7.0582019492892887E-014
          11          44   5.5361959416433324E-015
          11          45   9.1425538273923433E-014
          12           1  -5.3165431243456351E-014
          12           2   2.2317592100380507E-013
          12           3   2.2731235633545440E-013
          12           4   6.6252116450893272E-014
          12           5   1.0360077754040881E-013
          12           6   1.6426880622963773E-013
          12           7  -5.5233595474685406E-015
          12           8  -3.2569433259664057E-016
          12           9  -1.1085702037803415     
          12          10   8.1115669735009394E-015
          12          11   4.6455894685923762E-015
          12          12   2.8959062125442667     
          12          13  -1.1733669591006279E-014
          12          14  -9.3813845578551757E-015
          12          15 -0.93961804898189460     
          12          16   2.3119310285542579E-014
          12          17  -2.1766090449177326E-014
          12          18  0.19024203034785797     
          12          19  -5.1356488506045656E-015
          12          20   5.0578031346690583E-015
          12          21  -7.7218798842520059E-002
          12          22  -3.4240167885390591E-013
          12          23   2.6561895907559078E-014
          12          24  -1.0599282852016332E-012
          12          25   7.3563557564029389E-014
          12          26  -3.1380108558743509E-014
          12          27   5.0917993543051934E-013
          12          28   3.6260276595528663E-014
          12          29   1.2909499634686940E-013
          12          30   3.5274200343650547E-014
          12          31  -1.0769573862967295E-013
          12          32  -4.4002729335901072E-014
          12          33  -7.9018950146661094E-014
          12          34  -5.7537249552846291E-014
          12          35   3.3623601427440761E-014
          12          36  -9.2507639629787524E-014
          12          37   5.4542271837587741E-014
          12          38   5.1432378579156587E-014
          12          39  -9.9738636688425892E-014
          12          40  -8.2564960084883901E-014
          12          41  -4.4642697179806615E-015
          12          42  -4.9499260718378983E-014
          12          43   1.5167221315523462E-014
          12          44  -7.2684155411322141E-015
          12          45  -7.5893086134641219E-014
          13           1   2.9405296030429873E-015
          13           2  -2.9255228372512622E-014
          13           3  -9.0458927605270251E-014
          13           4  -2.0675357779550074E-014
          13           5   1.7458655642676621E-013
          13           6   8.4215547899745172E-013
          13           7  0.33379208093182466     
          13           8   3.4763858460597585E-015
          13           9   8.3440199193235023E-015
          13          10 -0.93961804898191348     
          13          11  -1.1421419366655984E-014
          13          12  -1.1733669591006279E-014
          13          13   1.2907622581258313     
          13          14  -2.0049933932798274E-014
          13          15   2.0754231665144192E-014
          13          16  -2.3165085259194168E-002
          13          17   1.4657632746367593E-013
          13          18   2.1806341455151115E-014
          13          19   5.8580490426570597E-002
          13          20  -1.4112842838539546E-014
          13          21   1.0737938314952264E-015
          13          22  -5.0481015273827589E-014
          13          23  -4.6067804123875650E-013
          13          24  -6.4752216499056387E-013
          13          25   5.4932196307452848E-013
          13          26   1.1890502156111616E-013
          13          27   8.0782282448671767E-013
          13          28  -2.7520541305486863E-013
          13          29   1.5869307006369163E-012
          13          30  -5.8158484927436399E-014
          13          31  -1.7719399607024711E-012
          13          32  -4.3399098641332627E-013
          13          33   8.6583948426374073E-014
          13          34  -2.9092287948789732E-013
          13          35  -2.1286685824298191E-013
          13          36  -1.5021759205058557E-013
          13          37   1.3899870782064486E-013
          13          38  -3.2430987938096715E-014
          13          39  -1.1095006194334161E-014
          13          40  -3.4569042764333098E-013
          13          41   6.5988220025240731E-015
          13          42  -2.8283750164513375E-013
          13          43  -1.1314345309252291E-013
          13          44  -1.1408094700530160E-014
          13          45  -3.2245356746558222E-013
          14           1  -2.4158179969102758E-015
          14           2   4.9063872868281873E-014
          14           3   3.5391425408844366E-013
          14           4  -7.7823080160673075E-013
          14           5   2.4862022370899622E-013
          14           6   5.0790947799191218E-013
          14           7   9.1940344247844880E-016
          14           8  0.33379208093180091     
          14           9   8.2512122134270159E-015
          14          10   1.5140666497481068E-014
          14          11 -0.93961804898183510     
          14          12  -9.3813845578551757E-015
          14          13  -2.0049933932798274E-014
          14          14   1.2907622581255913     
          14          15   6.3109240055381500E-014
          14          16  -1.2551678446656996E-013
          14          17  -2.3165085259000011E-002
          14          18  -1.3599538162250265E-013
          14          19   2.7582536949028436E-014
          14          20   5.8580490426464488E-002
          14          21   9.2348871605302212E-014
          14          22  -1.8039476572218537E-013
          14          23  -1.3144218267100157E-013
          14          24  -4.4405029788410691E-013
          14          25   4.5738896542321442E-013
          14          26  -2.3162887660676060E-014
          14          27   2.8789602455743327E-013
          14          28  -1.6490287104892117E-014
          14          29   6.1771950756076707E-013
          14          30  -8.8289904223179390E-015
          14          31  -1.0796819530096187E-012
          14          32  -2.6752819887867912E-014
          14          33   1.9334235230724445E-013
          14          34   8.2842858953408852E-014
          14          35  -2.7066516727082965E-013
          14          36   1.1734906806443859E-013
          14          37   2.3986888926718046E-017
          14          38   2.0776717995333208E-013
          14          39   2.3832691473079405E-014
          14          40  -9.6897730623655030E-014
          14          41   2.2152924320195697E-014
          14          42  -3.8269935020807637E-013
          14          43  -1.4928380552302062E-013
          14          44  -7.6397008764714770E-015
          14          45  -2.2628771449460550E-013
          15           1   1.2850483938197246E-014
          15           2  -5.3344952629510341E-014
          15           3  -3.9990304821992297E-014
          15           4  -3.1047367271882550E-014
          15           5   5.9405254894747122E-014
          15           6  -6.3436161210369686E-014
          15           7   6.1894933621655949E-015
          15           8   2.7434651772054149E-015
          15           9  0.33379208093180912     
          15          10  -2.1899149160251898E-014
          15          11  -2.3044066654664109E-014
          15          12 -0.93961804898189460     
          15          13   2.0754231665144192E-014
          15          14   6.3109240055381500E-014
          15          15   1.2907622581258147     
          15          16  -5.1063103398120020E-014
          15          17   2.4990426395107332E-014
          15          18  -2.3165085259165337E-002
          15          19   1.1452644388327687E-014
          15          20  -5.6113967639856844E-015
          15          21   5.8580490426517855E-002
          15          22  -2.4886521067060505E-013
          15          23   1.2590815024598065E-013
          15          24  -2.8893554682213444E-013
          15          25  -6.7569171239607299E-014
          15          26  -7.3296455546821051E-015
          15          27   7.3245020270489402E-013
          15          28  -1.0456848631970722E-013
          15          29  -3.7463897375081396E-013
          15          30  -8.0732278783288096E-014
          15          31   3.3452673969792191E-013
          15          32   1.6883761809521958E-013
          15          33   1.6088156081104031E-013
          15          34  -6.3411553083435391E-014
          15          35  -6.2468746107639310E-014
          15          36  -3.4534720980803633E-014
          15          37  -1.1933771263640472E-013
          15          38  -1.1330649916605901E-013
          15          39   1.1106998729531708E-013
          15          40   4.2964777593571540E-014
          15          41   1.7767897362538560E-015
          15          42  -1.8120784279886464E-014
          15          43  -1.0930107606459644E-014
          15          44   1.3240881739769878E-014
          15          45   1.4514876590628303E-014
          16           1   3.5849509567310360E-015
          16           2  -1.6187091308137329E-014
          16           3  -3.9230047401708412E-014
          16           4   2.7575263995756836E-014
          16           5   1.3483803127586399E-014
          16           6   1.3700062617668123E-014
          16           7  -8.5982669335059075E-002
          16           8  -1.0198710365852708E-014
          16           9  -9.0286393812385109E-015
          16          10  0.19024203034786324     
          16          11   4.8511542005862745E-014
          16          12   2.3119310285542579E-014
          16          13  -2.3165085259194168E-002
          16          14  -1.2551678446656996E-013
          16          15  -5.1063103398120020E-014
          16          16   1.5180305021837143E-002
          16          17   7.6488430404844386E-016
          16          18   1.0871058013489245E-015
          16          19  -3.9900259965924651E-003
          16          20  -5.1519660933815500E-015
          16          21  -2.6013059436257053E-015
          16          22   8.2813522283184530E-014
          16          23   1.2971870729784133E-013
          16          24   1.1896510559005752E-013
          16          25  -1.2132074003179579E-013
          16          26  -2.1860912129065086E-014
          16          27  -1.5938295888396366E-013
          16          28   4.9884553636558235E-015
          16          29  -3.7034861316691209E-013
          16          30   6.5462789256702412E-015
          16          31   4.0067205281090257E-013
          16          32   7.0989615137261654E-014
          16          33   1.0661495822615913E-014
          16          34  -6.0502392074191875E-015
          16          35   1.2378994118808104E-015
          16          36  -3.3584345235957239E-015
          16          37  -1.7918186864065980E-015
          16          38  -6.4927797034635524E-016
          16          39  -1.2295786690280478E-014
          16          40  -6.5388053102834585E-015
          16          41  -8.1431488074695267E-015
          16          42  -6.6229062047435272E-015
          16          43   6.9576731439171176E-015
          16          44   8.8602109538242631E-016
          16          45  -4.4860600317172581E-015
          17           1   7.8003636679824264E-015
          17           2  -3.1362823856796434E-014
          17           3  -4.9266467847846200E-014
          17           4   1.4047598923675802E-014
          17           5  -2.0125393838712328E-014
          17           6  -1.1861275603625782E-014
          17           7   9.4046406946225012E-015
          17           8  -8.5982669335034206E-002
          17           9   5.4182325943765688E-015
          17          10  -5.2779395437223360E-014
          17          11  0.19024203034778359     
          17          12  -2.1766090449177326E-014
          17          13   1.4657632746367593E-013
          17          14  -2.3165085259000011E-002
          17          15   2.4990426395107332E-014
          17          16   7.6488430404844386E-016
          17          17   1.5180305021840142E-002
          17          18  -2.4608704221474687E-015
          17          19   6.0481676090652790E-015
          17          20  -3.9900259965854673E-003
          17          21   2.1618178167904824E-015
          17          22   6.2468370142378628E-014
          17          23   7.3622474809599442E-014
          17          24   6.5085002743082140E-013
          17          25  -1.1387212077751466E-013
          17          26  -1.9090799594695124E-014
          17          27  -5.6442235546972319E-013
          17          28  -2.0420399428535643E-015
          17          29  -2.4087261800896745E-013
          17          30  -8.4283007656335097E-015
          17          31   2.4192974301262514E-013
          17          32   4.5696604440268903E-014
          17          33   5.7367016654745101E-015
          17          34   1.1981093874119140E-014
          17          35   1.7992030536932842E-016
          17          36   3.3431651057612009E-014
          17          37  -3.5293963650661728E-015
          17          38   1.0282580450304199E-015
          17          39  -1.1159158805951545E-014
          17          40   7.5615035803191546E-015
          17          41  -5.1428584825416108E-015
          17          42  -4.3057323748376290E-016
          17          43   5.1929575893337339E-015
          17          44   1.1552079436407422E-015
          17          45   1.2898795776853218E-014
          18           1   3.9975130877360362E-015
          18           2  -1.4030191134636460E-014
          18           3   1.4338764291088816E-014
          18           4  -3.1187830171658547E-014
          18           5  -1.3514405654858939E-014
          18           6  -8.0592746161974211E-015
          18           7   1.5086673233326342E-016
          18           8  -1.1859633555145316E-014
          18           9  -8.5982669335051803E-002
          18          10   4.8541899665242829E-015
          18          11   5.1802258229454117E-014
          18          12  0.19024203034785797     
          18          13   2.1806341455151115E-014
          18          14  -1.3599538162250265E-013
          18          15  -2.3165085259165337E-002
          18          16   1.0871058013489245E-015
          18          17  -2.4608704221474687E-015
          18          18   1.5180305021838151E-002
          18          19   7.4782844849096012E-016
