           1           1   1.9855096818366658     
           1           2   3.9321005825066743E-002
           1           3  -1.8445868523335393E-002
           1           4   1.6028744802261152E-012
           1           5   7.6275200215583610E-012
           1           6   2.0938909046208624E-011
           1           7   3.1069959988442628E-012
           1           8   1.4805691800552976E-011
           1           9   4.0566345201046279E-011
           1          10   4.3427528436255902E-012
           1          11   1.9923121886863606E-011
           1          12   5.4505588015644506E-011
           2           1   3.9321005825066743E-002
           2           2   7.8475809431937575E-004
           2           3  -3.6731229198853986E-004
           2           4  -2.7421990715352595E-012
           2           5  -1.2311447312941805E-011
           2           6  -3.3584125119693673E-011
           2           7  -1.0386036279288437E-011
           2           8  -4.6644637958769708E-011
           2           9  -1.2724720718634970E-010
           2          10  -1.2421409891940995E-011
           2          11  -5.5797586325284892E-011
           2          12  -1.5221766212575870E-010
           3           1  -1.8445868523335393E-002
           3           2  -3.6731229198853986E-004
           3           3   1.7203527891776192E-004
           3           4  -2.0775003655855951E-012
           3           5  -9.3375622177352436E-012
           3           6  -2.5474902555767043E-011
           3           7  -7.7984570331826873E-012
           3           8  -3.5044049282838604E-011
           3           9  -9.5604871802239035E-011
           3          10  -9.3417302032895783E-012
           3          11  -4.1973484138064341E-011
           3          12  -1.1450878526597221E-010
           4           1   1.6028744802261152E-012
           4           2  -2.7421990715352595E-012
           4           3  -2.0775003655855951E-012
           4           4   9.0153701076097230E-005
           4           5   4.0503413436537644E-004
           4           6   1.1049687133106770E-003
           4           7   3.3958241526745752E-004
           4           8   1.5256441828987977E-003
           4           9   4.1620914059230718E-003
           4          10   4.0653271035987507E-004
           4          11   1.8264322203793539E-003
           4          12   4.9826676056916059E-003
           5           1   7.6275200215583610E-012
           5           2  -1.2311447312941805E-011
           5           3  -9.3375622177352436E-012
           5           4   4.0503413436537644E-004
           5           5   1.8196995580096675E-003
           5           6   4.9643003110747983E-003
           5           7   1.5256441828989489E-003
           5           8   6.8542718002048020E-003
           5           9   1.8699055830494162E-002
           5          10   1.8264322203792372E-003
           5          11   8.2056242231692608E-003
           5          12   2.2385663998399970E-002
           6           1   2.0938909046208624E-011
           6           2  -3.3584125119693673E-011
           6           3  -2.5474902555767043E-011
           6           4   1.1049687133106770E-003
           6           5   4.9643003110747983E-003
           6           6   1.3543047515762716E-002
           6           7   4.1620914059234335E-003
           6           8   1.8699055830493940E-002
           6           9   5.1012667595336104E-002
           6          10   4.9826676056913743E-003
           6          11   2.2385663998400359E-002
           6          12   6.1070058659805693E-002
           7           1   3.1069959988442628E-012
           7           2  -1.0386036279288437E-011
           7           3  -7.7984570331826873E-012
           7           4   3.3958241526745752E-004
           7           5   1.5256441828989489E-003
           7           6   4.1620914059234335E-003
           7           7   1.2791068517702170E-003
           7           8   5.7466518876492503E-003
           7           9   1.5677371370414177E-002
           7          10   1.5312888769004088E-003
           7          11   6.8796317546098891E-003
           7          12   1.8768240014766163E-002
           8           1   1.4805691800552976E-011
           8           2  -4.6644637958769708E-011
           8           3  -3.5044049282838604E-011
           8           4   1.5256441828987977E-003
           8           5   6.8542718002048020E-003
           8           6   1.8699055830493940E-002
           8           7   5.7466518876492503E-003
           8           8   2.5818021279550799E-002
           8           9   7.0433830961413257E-002
           8          10   6.8796317546087676E-003
           8          11   3.0908167487529663E-002
           8          12   8.4320197143377906E-002
           9           1   4.0566345201046279E-011
           9           2  -1.2724720718634970E-010
           9           3  -9.5604871802239035E-011
           9           4   4.1620914059230718E-003
           9           5   1.8699055830494162E-002
           9           6   5.1012667595336104E-002
           9           7   1.5677371370414177E-002
           9           8   7.0433830961413257E-002
           9           9  0.19214968065078805     
           9          10   1.8768240014763654E-002
           9          11   8.4320197143380377E-002
           9          12  0.23003290794146602     
          10           1   4.3427528436255902E-012
          10           2  -1.2421409891940995E-011
          10           3  -9.3417302032895783E-012
          10           4   4.0653271035987507E-004
          10           5   1.8264322203792372E-003
          10           6   4.9826676056913743E-003
          10           7   1.5312888769004088E-003
          10           8   6.8796317546087676E-003
          10           9   1.8768240014763654E-002
          10          10   1.8331897927634207E-003
          10          11   8.2359840137088535E-003
          10          12   2.2468488175037517E-002
          11           1   1.9923121886863606E-011
          11           2  -5.5797586325284892E-011
          11           3  -4.1973484138064341E-011
          11           4   1.8264322203793539E-003
          11           5   8.2056242231692608E-003
          11           6   2.2385663998400359E-002
          11           7   6.8796317546098891E-003
          11           8   3.0908167487529663E-002
          11           9   8.4320197143380377E-002
          11          10   8.2359840137088535E-003
          11          11   3.7001860332102371E-002
          11          12  0.10094432674254844     
          12           1   5.4505588015644506E-011
          12           2  -1.5221766212575870E-010
          12           3  -1.1450878526597221E-010
          12           4   4.9826676056916059E-003
          12           5   2.2385663998399970E-002
          12           6   6.1070058659805693E-002
          12           7   1.8768240014766163E-002
          12           8   8.4320197143377906E-002
          12           9  0.23003290794146602     
          12          10   2.2468488175037517E-002
          12          11  0.10094432674254844     
          12          12  0.27538499443137104     
