           1           1   2.1549210517578414     
           1           2 -0.66306042390073761     
           1           3 -0.29899364908380677     
           1           4 -0.11890832873857092     
           1           5  -3.1940518366038737E-015
           1           6   1.3091395087147099E-014
           1           7   1.0758199355745700E-014
           1           8   2.6600943248047319E-016
           1           9   2.8536343977642528E-015
           1          10  -4.0401832996260558E-015
           1          11  -1.5351607111801822E-015
           1          12  -1.9145195716106602E-015
           1          13  -3.3815414285798037E-015
           1          14   2.6951357358770112E-015
           1          15   6.2994283238306105E-016
           1          16   2.7111003155327850E-015
           1          17  0.12563179989641851     
           1          18  -9.0423449339153123E-016
           1          19  0.12563179989641940     
           1          20   6.1569331735339981E-016
           1          21   9.2994310214180460E-016
           1          22  0.12563179989641632     
           2           1 -0.66306042390073761     
           2           2   2.9987683993265017     
           2           3   2.1830834786257531     
           2           4  0.77867561741961500     
           2           5   2.2845178660397452E-014
           2           6  -6.1765798868043921E-014
           2           7  -4.6528961270786921E-014
           2           8   3.6232065078087761E-015
           2           9  -1.5573299751343895E-014
           2          10   1.8195328213460784E-014
           2          11  -1.3384850711257805E-015
           2          12   2.5280847529713783E-014
           2          13   1.8000626842768289E-014
           2          14   4.2763490086058977E-016
           2          15  -2.1432196300131496E-014
           2          16  -1.0442772655908444E-014
           2          17 -0.84983440699273949     
           2          18   4.1066626876543930E-015
           2          19 -0.84983440699274104     
           2          20   1.0942868211548589E-015
           2          21  -5.9280320890082557E-016
           2          22 -0.84983440699272883     
           3           1 -0.29899364908380677     
           3           2   2.1830834786257531     
           3           3   5.6538864712641086     
           3           4   1.7375999345097892     
           3           5   4.1141331448292545E-016
           3           6   4.3563941204837964E-015
           3           7   5.4605493919417260E-015
           3           8  -1.8614073335211888E-015
           3           9   3.2557203016639677E-014
           3          10   5.3461075936449683E-014
           3          11   6.4335316270729032E-015
           3          12  -6.2249540678772092E-016
           3          13   2.8453818821694409E-014
           3          14  -5.7720532834841523E-015
           3          15  -1.0850052080805630E-014
           3          16  -3.2735834045852383E-015
           3          17  -1.9840740859410295     
           3          18  -2.9041818217409954E-015
           3          19  -1.9840740859410206     
           3          20   5.3817296439263225E-015
           3          21   1.4594332519524462E-014
           3          22  -1.9840740859410273     
           4           1 -0.11890832873857092     
           4           2  0.77867561741961500     
           4           3   1.7375999345097892     
           4           4  0.54891360934791233     
           4           5   2.7746368910950141E-015
           4           6  -4.1763709402252824E-015
           4           7  -1.3868220761616670E-015
           4           8   1.8562922119180116E-016
           4           9   7.3349977744942115E-015
           4          10   1.3172775908855905E-014
           4          11   8.6163830364220733E-016
           4          12   1.2613042430234670E-015
           4          13   7.9345372543083002E-015
           4          14  -8.3161988748779111E-016
           4          15  -3.6962408001467180E-015
           4          16  -1.5591690352108332E-015
           4          17 -0.62639851888298470     
           4          18  -5.7373695011796457E-016
           4          19 -0.62639851888298281     
           4          20   1.1480164306894943E-015
           4          21   3.4468695947808978E-015
           4          22 -0.62639851888298381     
           5           1  -3.1940518366038737E-015
           5           2   2.2845178660397452E-014
           5           3   4.1141331448292545E-016
           5           4   2.7746368910950141E-015
           5           5   2.1622224451115799     
           5           6   1.1587952819524991E-015
           5           7   8.3613671542080189E-016
           5           8  0.38126447598384439     
           5           9  -3.0565827646711676E-015
           5          10   3.0800015315967421E-015
           5          11 -0.26394952056233667     
           5          12   5.5216248240341786E-015
           5          13  -2.3184579256430370E-015
           5          14  0.12731194754583020     
           5          15  -4.5519144009631284E-015
           5          16   1.1744077932362970E-015
           5          17  -3.0475793819080197E-015
           5          18  -9.6054292762850257E-016
           5          19  -2.0261584778311280E-015
           5          20   8.5528884406904341E-016
           5          21   1.8713368932071104E-015
           5          22  -1.1735028263032202E-015
           6           1   1.3091395087147099E-014
           6           2  -6.1765798868043921E-014
           6           3   4.3563941204837964E-015
           6           4  -4.1763709402252824E-015
           6           5   1.1587952819524991E-015
           6           6   2.1622224451115781     
           6           7  -2.7755575615625295E-016
           6           8   2.6367796834846753E-016
           6           9  0.38126447598384627     
           6          10   5.2596815791618290E-015
           6          11   7.8218681531794484E-015
           6          12 -0.26394952056233895     
           6          13  -6.0645932720148498E-015
           6          14  -3.8693007131662935E-015
           6          15  0.12731194754582498     
           6          16   2.4980018054066042E-016
           6          17  -3.3280997876451838E-015
           6          18   2.1992656222773148E-015
           6          19  -9.2381802094916440E-016
           6          20   1.7858834904648666E-015
           6          21   3.2244819401940996E-015
           6          22   8.0783770016597546E-015
           7           1   1.0758199355745700E-014
           7           2  -4.6528961270786921E-014
           7           3   5.4605493919417260E-015
           7           4  -1.3868220761616670E-015
           7           5   8.3613671542080189E-016
           7           6  -2.7755575615625295E-016
           7           7   2.1622224451115759     
           7           8   7.4593109467000950E-016
           7           9  -5.0653925498521260E-015
           7          10  0.38126447598384694     
           7          11  -3.2959746043558652E-015
           7          12   4.0731307215935360E-015
           7          13 -0.26394952056233856     
           7          14   3.8658312662142460E-015
           7          15  -4.1217029789209568E-015
           7          16  0.12731194754582942     
           7          17   3.7122789588709608E-016
           7          18  -1.3782980838062480E-016
           7          19   8.5227470483086968E-016
           7          20  -1.8331691973626048E-015
           7          21   3.0452745986754428E-015
           7          22   2.5750347179765058E-015
           8           1   2.6600943248047319E-016
           8           2   3.6232065078087761E-015
           8           3  -1.8614073335211888E-015
           8           4   1.8562922119180116E-016
           8           5  0.38126447598384439     
           8           6   2.6367796834846753E-016
           8           7   7.4593109467000950E-016
           8           8   6.9753174724462921E-002
           8           9  -6.0845425919889487E-016
           8          10   6.5529179305016611E-016
           8          11  -4.8098410501216049E-002
           8          12   1.0278236595162596E-015
           8          13  -4.9732353651913204E-016
           8          14   2.3202374624423885E-002
           8          15  -8.6009758343273795E-016
           8          16   2.5532961162033482E-016
           8          17  -9.9967531981293165E-017
           8          18  -2.0759532305422817E-016
           8          19   7.5004440702190311E-017
           8          20   1.9579948992049908E-016
           8          21   3.9317848056812075E-016
           8          22   2.6007097343121098E-016
           9           1   2.8536343977642528E-015
           9           2  -1.5573299751343895E-014
           9           3   3.2557203016639677E-014
           9           4   7.3349977744942115E-015
           9           5  -3.0565827646711676E-015
           9           6  0.38126447598384627     
           9           7  -5.0653925498521260E-015
           9           8  -6.0845425919889487E-016
           9           9   6.9753174724463449E-002
           9          10   6.4184768611764138E-017
           9          11   2.0220370516855727E-015
           9          12  -4.8098410501216667E-002
           9          13  -5.5771359752626265E-016
           9          14  -9.5756735873930184E-016
           9          15   2.3202374624422907E-002
           9          16  -3.0444397003392831E-016
           9          17  -1.0166226540023029E-014
           9          18   4.2587858607712891E-016
           9          19  -9.6793301936899523E-015
           9          20   3.7622752692299588E-016
           9          21   6.8087700890765127E-016
           9          22  -7.8113271965626944E-015
          10           1  -4.0401832996260558E-015
          10           2   1.8195328213460784E-014
          10           3   5.3461075936449683E-014
          10           4   1.3172775908855905E-014
          10           5   3.0800015315967421E-015
          10           6   5.2596815791618290E-015
          10           7  0.38126447598384694     
          10           8   6.5529179305016611E-016
          10           9   6.4184768611764138E-017
          10          10   6.9753174724464267E-002
          10          11  -9.4705059766580709E-016
          10          12   6.8521577301053484E-017
          10          13  -4.8098410501217041E-002
          10          14   9.0926615195468568E-016
          10          15  -4.5796699765813661E-016
          10          16   2.3202374624423976E-002
          10          17  -1.4707134242822525E-014
          10          18  -6.1384355006350198E-017
          10          19  -1.4611180841586746E-014
          10          20  -3.7238672442965881E-016
          10          21   6.2942393422235084E-016
          10          22  -1.4244458971174129E-014
          11           1  -1.5351607111801822E-015
          11           2  -1.3384850711257805E-015
          11           3   6.4335316270729032E-015
          11           4   8.6163830364220733E-016
          11           5 -0.26394952056233667     
          11           6   7.8218681531794484E-015
          11           7  -3.2959746043558652E-015
          11           8  -4.8098410501216049E-002
          11           9   2.0220370516855727E-015
          11          10  -9.4705059766580709E-016
          11          11   3.3180367217875387E-002
          11          12  -1.8045460958848775E-015
          11          13   6.8516156290233236E-016
          11          14  -1.6005793430604660E-002
          11          15   1.1205229452637191E-015
          11          16  -3.4030395688888011E-016
          11          17  -9.6702548872085916E-016
          11          18   1.4081569142780535E-016
          11          19  -1.0885485963193724E-015
          11          20  -1.3213580868009076E-016
          11          21  -2.6739778473021531E-016
          11          22  -1.2140337689048690E-015
          12           1  -1.9145195716106602E-015
          12           2   2.5280847529713783E-014
          12           3  -6.2249540678772092E-016
          12           4   1.2613042430234670E-015
          12           5   5.5216248240341786E-015
          12           6 -0.26394952056233895     
          12           7   4.0731307215935360E-015
          12           8   1.0278236595162596E-015
          12           9  -4.8098410501216667E-002
          12          10   6.8521577301053484E-017
          12          11  -1.8045460958848775E-015
          12          12   3.3180367217875983E-002
          12          13   3.0184188481994920E-016
          12          14   8.6085652495349387E-016
          12          15  -1.6005793430604077E-002
          12          16   2.4329496750574833E-016
          12          17  -3.0538776820909408E-017
          12          18  -2.9194394167602857E-016
          12          19  -3.6283693009695254E-016
          12          20  -2.5580562490167693E-016
          12          21  -4.6284305748253096E-016
          12          22  -1.6347438940836804E-015
          13           1  -3.3815414285798037E-015
          13           2   1.8000626842768289E-014
          13           3   2.8453818821694409E-014
          13           4   7.9345372543083002E-015
          13           5  -2.3184579256430370E-015
          13           6  -6.0645932720148498E-015
          13           7 -0.26394952056233856     
          13           8  -4.9732353651913204E-016
          13           9  -5.5771359752626265E-016
          13          10  -4.8098410501217041E-002
          13          11   6.8516156290233236E-016
          13          12   3.0184188481994920E-016
          13          13   3.3180367217876115E-002
          13          14  -6.3973349187518943E-016
          13          15   1.4528309111294627E-016
          13          16  -1.6005793430604751E-002
          13          17  -8.6417031509212754E-015
          13          18   3.9680516666892698E-017
          13          19  -8.7072864823408226E-015
          13          20   2.5407147681386198E-016
          13          21  -4.2872973477678438E-016
          13          22  -8.9563879443993123E-015
          14           1   2.6951357358770112E-015
          14           2   4.2763490086058977E-016
          14           3  -5.7720532834841523E-015
          14           4  -8.3161988748779111E-016
          14           5  0.12731194754583020     
          14           6  -3.8693007131662935E-015
          14           7   3.8658312662142460E-015
          14           8   2.3202374624423885E-002
          14           9  -9.5756735873930184E-016
          14          10   9.0926615195468568E-016
          14          11  -1.6005793430604660E-002
          14          12   8.6085652495349387E-016
          14          13  -6.3973349187518943E-016
          14          14   7.7209973481364678E-003
          14          15  -5.3575850353366192E-016
          14          16   3.1341574301123881E-016
          14          17   8.8379364164422697E-016
          14          18  -6.7963467094235394E-017
          14          19   9.4240261848324887E-016
          14          20   6.3784506270210814E-017
          14          21   1.2904661283300914E-016
          14          22   1.0029676860226933E-015
          15           1   6.2994283238306105E-016
          15           2  -2.1432196300131496E-014
          15           3  -1.0850052080805630E-014
          15           4  -3.6962408001467180E-015
          15           5  -4.5519144009631284E-015
          15           6  0.12731194754582498     
          15           7  -4.1217029789209568E-015
          15           8  -8.6009758343273795E-016
          15           9   2.3202374624422907E-002
          15          10  -4.5796699765813661E-016
          15          11   1.1205229452637191E-015
          15          12  -1.6005793430604077E-002
          15          13   1.4528309111294627E-016
          15          14  -5.3575850353366192E-016
          15          15   7.7209973481357653E-003
          15          16  -2.5782327661705803E-016
          15          17   3.3733716077069036E-015
          15          18   1.4085767004252627E-016
          15          19   3.5337216146125130E-015
          15          20   1.2345318624033348E-016
          15          21   2.2337210318127920E-016
          15          22   4.1475234107566992E-015
          16           1   2.7111003155327850E-015
          16           2  -1.0442772655908444E-014
          16           3  -3.2735834045852383E-015
          16           4  -1.5591690352108332E-015
          16           5   1.1744077932362970E-015
          16           6   2.4980018054066042E-016
          16           7  0.12731194754582942     
          16           8   2.5532961162033482E-016
          16           9  -3.0444397003392831E-016
          16          10   2.3202374624423976E-002
          16          11  -3.4030395688888011E-016
          16          12   2.4329496750574833E-016
          16          13  -1.6005793430604751E-002
          16          14   3.1341574301123881E-016
          16          15  -2.5782327661705803E-016
          16          16   7.7209973481363863E-003
          16          17   1.6249304673281852E-015
          16          18  -1.9181196945538286E-017
          16          19   1.6565761496149612E-015
          16          20  -1.2260297992775438E-016
          16          21   2.0689562973619349E-016
          16          22   1.7767975239472880E-015
          17           1  0.12563179989641851     
          17           2 -0.84983440699273949     
          17           3  -1.9840740859410295     
          17           4 -0.62639851888298470     
          17           5  -3.0475793819080197E-015
          17           6  -3.3280997876451838E-015
          17           7   3.7122789588709608E-016
          17           8  -9.9967531981293165E-017
          17           9  -1.0166226540023029E-014
          17          10  -1.4707134242822525E-014
          17          11  -9.6702548872085916E-016
          17          12  -3.0538776820909408E-017
          17          13  -8.6417031509212754E-015
          17          14   8.8379364164422697E-016
          17          15   3.3733716077069036E-015
          17          16   1.6249304673281852E-015
          17          17  0.71588402595835599     
          17          18   7.1019458666696503E-016
          17          19  0.71588402595835388     
          17          20  -1.2390671013622363E-015
          17          21  -3.8942983123278596E-015
          17          22  0.71588402595835499     
          18           1  -9.0423449339153123E-016
          18           2   4.1066626876543930E-015
          18           3  -2.9041818217409954E-015
          18           4  -5.7373695011796457E-016
          18           5  -9.6054292762850257E-016
          18           6   2.1992656222773148E-015
          18           7  -1.3782980838062480E-016
          18           8  -2.0759532305422817E-016
          18           9   4.2587858607712891E-016
          18          10  -6.1384355006350198E-017
          18          11   1.4081569142780535E-016
          18          12  -2.9194394167602857E-016
          18          13   3.9680516666892698E-017
          18          14  -6.7963467094235394E-017
          18          15   1.4085767004252627E-016
          18          16  -1.9181196945538286E-017
          18          17   7.1019458666696503E-016
          18          18   3.0985632791321428E-029
          18          19   7.1019458666692706E-016
          18          20  -8.8825486059256413E-030
          18          21  -3.7829172137042199E-029
          18          22   7.1019458666702666E-016
          19           1  0.12563179989641940     
          19           2 -0.84983440699274104     
          19           3  -1.9840740859410206     
          19           4 -0.62639851888298281     
          19           5  -2.0261584778311280E-015
          19           6  -9.2381802094916440E-016
          19           7   8.5227470483086968E-016
          19           8   7.5004440702190311E-017
          19           9  -9.6793301936899523E-015
          19          10  -1.4611180841586746E-014
          19          11  -1.0885485963193724E-015
          19          12  -3.6283693009695254E-016
          19          13  -8.7072864823408226E-015
          19          14   9.4240261848324887E-016
          19          15   3.5337216146125130E-015
          19          16   1.6565761496149612E-015
          19          17  0.71588402595835388     
          19          18   7.1019458666692706E-016
          19          19  0.71588402595835166     
          19          20  -1.2390671013621835E-015
          19          21  -3.8942983123277429E-015
          19          22  0.71588402595835288     
          20           1   6.1569331735339981E-016
          20           2   1.0942868211548589E-015
          20           3   5.3817296439263225E-015
          20           4   1.1480164306894943E-015
          20           5   8.5528884406904341E-016
          20           6   1.7858834904648666E-015
          20           7  -1.8331691973626048E-015
          20           8   1.9579948992049908E-016
          20           9   3.7622752692299588E-016
          20          10  -3.7238672442965881E-016
          20          11  -1.3213580868009076E-016
          20          12  -2.5580562490167693E-016
          20          13   2.5407147681386198E-016
          20          14   6.3784506270210814E-017
          20          15   1.2345318624033348E-016
          20          16  -1.2260297992775438E-016
          20          17  -1.2390671013622363E-015
          20          18  -8.8825486059256413E-030
          20          19  -1.2390671013621835E-015
          20          20   3.9919715121474096E-029
          20          21   6.0345195025128121E-029
          20          22  -1.2390671013622176E-015
          21           1   9.2994310214180460E-016
          21           2  -5.9280320890082557E-016
          21           3   1.4594332519524462E-014
          21           4   3.4468695947808978E-015
          21           5   1.8713368932071104E-015
          21           6   3.2244819401940996E-015
          21           7   3.0452745986754428E-015
          21           8   3.9317848056812075E-016
          21           9   6.8087700890765127E-016
          21          10   6.2942393422235084E-016
          21          11  -2.6739778473021531E-016
          21          12  -4.6284305748253096E-016
          21          13  -4.2872973477678438E-016
          21          14   1.2904661283300914E-016
          21          15   2.2337210318127920E-016
          21          16   2.0689562973619349E-016
          21          17  -3.8942983123278596E-015
          21          18  -3.7829172137042199E-029
          21          19  -3.8942983123277429E-015
          21          20   6.0345195025128121E-029
          21          21   1.4580173782162769E-028
          21          22  -3.8942983123278525E-015
          22           1  0.12563179989641632     
          22           2 -0.84983440699272883     
          22           3  -1.9840740859410273     
          22           4 -0.62639851888298381     
          22           5  -1.1735028263032202E-015
          22           6   8.0783770016597546E-015
          22           7   2.5750347179765058E-015
          22           8   2.6007097343121098E-016
          22           9  -7.8113271965626944E-015
          22          10  -1.4244458971174129E-014
          22          11  -1.2140337689048690E-015
          22          12  -1.6347438940836804E-015
          22          13  -8.9563879443993123E-015
          22          14   1.0029676860226933E-015
          22          15   4.1475234107566992E-015
          22          16   1.7767975239472880E-015
          22          17  0.71588402595835499     
          22          18   7.1019458666702666E-016
          22          19  0.71588402595835288     
          22          20  -1.2390671013622176E-015
          22          21  -3.8942983123278525E-015
          22          22  0.71588402595835410     
