           1           1   2.1496901754796189     
           1           2 -0.70339522665973275     
           1           3 -0.97856715844031106     
           1           4  0.36038821943822941     
           1           5   1.7284591135927780E-014
           1           6  -1.0033029424398305E-014
           1           7   1.9691761173944575E-014
           1           8  -1.6174804200125724E-015
           1           9   1.1466783604318659E-014
           1          10  -3.7344014710099406E-015
           1          11   2.3786265123980370E-015
           1          12  -5.6889176486823418E-015
           1          13   4.7193374626565257E-015
           1          14  0.24616924545978255     
           1          15  -2.7535116293870596E-015
           1          16  0.24616924545979821     
           1          17   1.0546499465170607E-015
           1          18  -8.0626295403894282E-015
           1          19  0.24616924545978952     
           2           1 -0.70339522665973275     
           2           2   3.5842816255349139     
           2           3   7.5051011398150678     
           2           4  -2.8074484325322100     
           2           5  -6.8310100884078078E-014
           2           6   4.4044985418523034E-014
           2           7  -8.3384408180744980E-014
           2           8  -9.1361207124727024E-016
           2           9  -4.4374218989420071E-014
           2          10   1.0812749506194081E-014
           2          11  -6.7544375627418444E-015
           2          12   2.6585798521932358E-014
           2          13  -1.5853424281368294E-014
           2          14  -1.8115046324103616     
           2          15   5.7372169146738237E-015
           2          16  -1.8115046324104194     
           2          17  -3.4545795629381400E-015
           2          18   3.2230862719049184E-014
           2          19  -1.8115046324103794     
           3           1 -0.97856715844031106     
           3           2   7.5051011398150678     
           3           3   36.637261210269294     
           3           4  -13.928489974938218     
           3           5  -1.3277189986440992E-014
           3           6   2.0897111563694362E-014
           3           7  -6.2933466848421252E-014
           3           8  -3.2239510977567210E-014
           3           9  -1.5138280296216796E-015
           3          10   3.3005890883593865E-014
           3          11   7.0798800636724593E-015
           3          12   1.9160063573282031E-015
           3          13  -4.0749548059578533E-014
           3          14  -8.4370338935657756     
           3          15  -1.5368122299071409E-014
           3          16  -8.4370338935658200     
           3          17  -1.9619266989099607E-014
           3          18   2.1180872897221835E-014
           3          19  -8.4370338935657792     
           4           1  0.36038821943822941     
           4           2  -2.8074484325322100     
           4           3  -13.928489974938218     
           4           4   5.2963466894417550     
           4           5   1.0215941134007524E-014
           4           6  -6.7934333488094360E-015
           4           7   2.2852535850950992E-014
           4           8   1.1757323096935579E-014
           4           9  -1.7574299487673361E-016
           4          10  -1.2431233844975668E-014
           4          11  -2.5232494657018584E-015
           4          12  -2.8073512621866466E-016
           4          13   1.5386599019594726E-014
           4          14   3.2055436117657483     
           4          15   6.0226465612315333E-015
           4          16   3.2055436117657643     
           4          17   7.4356887015675149E-015
           4          18  -7.5025298889786808E-015
           4          19   3.2055436117657488     
           5           1   1.7284591135927780E-014
           5           2  -6.8310100884078078E-014
           5           3  -1.3277189986440992E-014
           5           4   1.0215941134007524E-014
           5           5   2.0269000850727030     
           5           6   8.4654505627668226E-016
           5           7   4.4408920985006262E-016
           5           8 -0.16961051717468720     
           5           9   3.0305619125314784E-015
           5          10  -4.9717174821495315E-015
           5          11   9.5195676892254222E-002
           5          12  -5.7328816173429759E-015
           5          13  -1.0430024899310519E-015
           5          14   7.6124832507673388E-016
           5          15  -7.3840279514109517E-015
           5          16  -5.8126419370533365E-016
           5          17  -2.9077949512080136E-015
           5          18  -7.1367990353710381E-016
           5          19   4.0370718954685633E-015
           6           1  -1.0033029424398305E-014
           6           2   4.4044985418523034E-014
           6           3   2.0897111563694362E-014
           6           4  -6.7934333488094360E-015
           6           5   8.4654505627668226E-016
           6           6   2.0269000850727004     
           6           7  -1.7694179454963437E-016
           6           8   1.5612511283791663E-016
           6           9 -0.16961051717467968     
           6          10   8.2529469369596282E-016
           6          11   8.6486807299168531E-016
           6          12   9.5195676892249892E-002
           6          13   3.0682921481340180E-016
           6          14  -5.7443784765665018E-015
           6          15   9.7438845813067903E-016
           6          16  -6.0857994160874737E-015
           6          17   2.1772911621732203E-016
           6          18  -8.3966240454861880E-017
           6          19  -6.5101580418145477E-015
           7           1   1.9691761173944575E-014
           7           2  -8.3384408180744980E-014
           7           3  -6.2933466848421252E-014
           7           4   2.2852535850950992E-014
           7           5   4.4408920985006262E-016
           7           6  -1.7694179454963437E-016
           7           7   2.0269000850726977     
           7           8  -4.9439619065339042E-016
           7           9  -9.6710833785706502E-017
           7          10 -0.16961051717467995     
           7          11  -5.6898930012039253E-016
           7          12   9.5518211395972901E-016
           7          13   9.5195676892252348E-002
           7          14   1.6538794146158761E-014
           7          15   1.1725807586515560E-015
           7          16   1.7059265599574966E-014
           7          17   5.8045423300484031E-017
           7          18   2.7241241506099964E-016
           7          19   1.5797880997227270E-014
           8           1  -1.6174804200125724E-015
           8           2  -9.1361207124727024E-016
           8           3  -3.2239510977567210E-014
           8           4   1.1757323096935579E-014
           8           5 -0.16961051717468720     
           8           6   1.5612511283791663E-016
           8           7  -4.9439619065339042E-016
           8           8   1.4543367313744112E-002
           8           9  -2.6880082361350093E-016
           8          10   4.8452995088374787E-016
           8          11  -8.1472794703097134E-003
           8          12   5.4536046902380511E-016
           8          13   8.5868812060882692E-017
           8          14   7.6227220701804383E-015
           8          15   6.8237030786310422E-016
           8          16   7.7479068828505866E-015
           8          17   2.6601305940169594E-016
           8          18   5.6287433270135213E-017
           8          19   7.3291436222874157E-015
           9           1   1.1466783604318659E-014
           9           2  -4.4374218989420071E-014
           9           3  -1.5138280296216796E-015
           9           4  -1.7574299487673361E-016
           9           5   3.0305619125314784E-015
           9           6 -0.16961051717467968     
           9           7  -9.6710833785706502E-017
           9           8  -2.6880082361350093E-016
           9           9   1.4543367313742724E-002
           9          10  -4.6295432765105506E-017
           9          11   8.1596377874914326E-017
           9          12  -8.1472794703089067E-003
           9          13  -3.6103932343799980E-017
           9          14   1.7337505762589211E-015
           9          15  -7.7270536860463930E-017
           9          16   1.7777246718231498E-015
           9          17  -1.7454136274317925E-017
           9          18   9.5122117637090615E-018
           9          19   1.8069363854056930E-015
          10           1  -3.7344014710099406E-015
          10           2   1.0812749506194081E-014
          10           3   3.3005890883593865E-014
          10           4  -1.2431233844975668E-014
          10           5  -4.9717174821495315E-015
          10           6   8.2529469369596282E-016
          10           7 -0.16961051717467995     
          10           8   4.8452995088374787E-016
          10           9  -4.6295432765105506E-017
          10          10   1.4543367313742790E-002
          10          11  -1.9865294305364684E-016
          10          12  -5.4806419819156769E-017
          10          13  -8.1472794703091236E-003
          10          14  -7.7808530704145610E-015
          10          15  -9.6641551139106120E-017
          10          16  -7.8195307361110082E-015
          10          17  -8.3798845946305388E-018
          10          18  -2.0110594133075471E-017
          10          19  -7.7269448332159982E-015
          11           1   2.3786265123980370E-015
          11           2  -6.7544375627418444E-015
          11           3   7.0798800636724593E-015
          11           4  -2.5232494657018584E-015
          11           5   9.5195676892254222E-002
          11           6   8.6486807299168531E-016
          11           7  -5.6898930012039253E-016
          11           8  -8.1472794703097134E-003
          11           9   8.1596377874914326E-017
          11          10  -1.9865294305364684E-016
          11          11   4.5648088081592895E-003
          11          12  -2.6434204217912949E-016
          11          13  -8.7901691134274721E-017
          11          14  -1.5421696506578939E-015
          11          15  -3.8016522714266025E-016
          11          16  -1.6118687472724485E-015
          11          17  -1.4830945715214373E-016
          11          18  -3.1742184428118319E-017
          11          19  -1.3782473978075703E-015
          12           1  -5.6889176486823418E-015
          12           2   2.6585798521932358E-014
          12           3   1.9160063573282031E-015
          12           4  -2.8073512621866466E-016
          12           5  -5.7328816173429759E-015
          12           6   9.5195676892249892E-002
          12           7   9.5518211395972901E-016
          12           8   5.4536046902380511E-016
          12           9  -8.1472794703089067E-003
          12          10  -5.4806419819156769E-017
          12          11  -2.6434204217912949E-016
          12          12   4.5648088081588212E-003
          12          13   6.5336733419426298E-017
          12          14  -1.2680600925878593E-015
          12          15   4.3555629337778483E-017
          12          16  -1.2920667524096958E-015
          12          17   9.8298186732604458E-018
          12          18  -5.2300148604159103E-018
          12          19  -1.3087378284620427E-015
          13           1   4.7193374626565257E-015
          13           2  -1.5853424281368294E-014
          13           3  -4.0749548059578533E-014
          13           4   1.5386599019594726E-014
          13           5  -1.0430024899310519E-015
          13           6   3.0682921481340180E-016
          13           7   9.5195676892252348E-002
          13           8   8.5868812060882692E-017
          13           9  -3.6103932343799980E-017
          13          10  -8.1472794703091236E-003
          13          11  -8.7901691134274721E-017
          13          12   6.5336733419426298E-017
          13          13   4.5648088081590467E-003
          13          14   9.5891538258533141E-015
          13          15   5.4305851544580072E-017
          13          16   9.6110754684237439E-015
          13          17   4.5491054454610008E-018
          13          18   1.1404799897070606E-017
          13          19   9.5585430989209199E-015
          14           1  0.24616924545978255     
          14           2  -1.8115046324103616     
          14           3  -8.4370338935657756     
          14           4   3.2055436117657483     
          14           5   7.6124832507673388E-016
          14           6  -5.7443784765665018E-015
          14           7   1.6538794146158761E-014
          14           8   7.6227220701804383E-015
          14           9   1.7337505762589211E-015
          14          10  -7.7808530704145610E-015
          14          11  -1.5421696506578939E-015
          14          12  -1.2680600925878593E-015
          14          13   9.5891538258533141E-015
          14          14   1.9464865406646341     
          14          15   3.2043274079143064E-015
          14          16   1.9464865406646461     
          14          17   4.5453917634508909E-015
          14          18  -5.9066389446866600E-015
          14          19   1.9464865406646354     
          15           1  -2.7535116293870596E-015
          15           2   5.7372169146738237E-015
          15           3  -1.5368122299071409E-014
          15           4   6.0226465612315333E-015
          15           5  -7.3840279514109517E-015
          15           6   9.7438845813067903E-016
          15           7   1.1725807586515560E-015
          15           8   6.8237030786310422E-016
          15           9  -7.7270536860463930E-017
          15          10  -9.6641551139106120E-017
          15          11  -3.8016522714266025E-016
          15          12   4.3555629337778483E-017
          15          13   5.4305851544580072E-017
          15          14   3.2043274079143064E-015
          15          15   8.9499703525800566E-029
          15          16   3.2043274079140709E-015
          15          17   3.2599784596335244E-029
          15          18   1.3020719501353907E-028
          15          19   3.2043274079141912E-015
          16           1  0.24616924545979821     
          16           2  -1.8115046324104194     
          16           3  -8.4370338935658200     
          16           4   3.2055436117657643     
          16           5  -5.8126419370533365E-016
          16           6  -6.0857994160874737E-015
          16           7   1.7059265599574966E-014
          16           8   7.7479068828505866E-015
          16           9   1.7777246718231498E-015
          16          10  -7.8195307361110082E-015
          16          11  -1.6118687472724485E-015
          16          12  -1.2920667524096958E-015
          16          13   9.6110754684237439E-015
          16          14   1.9464865406646461     
          16          15   3.2043274079140709E-015
          16          16   1.9464865406646581     
          16          17   4.5453917634508089E-015
          16          18  -5.9066389446875467E-015
          16          19   1.9464865406646472     
          17           1   1.0546499465170607E-015
          17           2  -3.4545795629381400E-015
          17           3  -1.9619266989099607E-014
          17           4   7.4356887015675149E-015
          17           5  -2.9077949512080136E-015
          17           6   2.1772911621732203E-016
          17           7   5.8045423300484031E-017
          17           8   2.6601305940169594E-016
          17           9  -1.7454136274317925E-017
          17          10  -8.3798845946305388E-018
          17          11  -1.4830945715214373E-016
          17          12   9.8298186732604458E-018
          17          13   4.5491054454610008E-018
          17          14   4.5453917634508909E-015
          17          15   3.2599784596335244E-029
          17          16   4.5453917634508089E-015
          17          17   3.0986828073844583E-029
          17          18   2.6493847236358909E-029
          17          19   4.5453917634508349E-015
          18           1  -8.0626295403894282E-015
          18           2   3.2230862719049184E-014
          18           3   2.1180872897221835E-014
          18           4  -7.5025298889786808E-015
          18           5  -7.1367990353710381E-016
          18           6  -8.3966240454861880E-017
          18           7   2.7241241506099964E-016
          18           8   5.6287433270135213E-017
          18           9   9.5122117637090615E-018
          18          10  -2.0110594133075471E-017
          18          11  -3.1742184428118319E-017
          18          12  -5.2300148604159103E-018
          18          13   1.1404799897070606E-017
          18          14  -5.9066389446866600E-015
          18          15   1.3020719501353907E-028
          18          16  -5.9066389446875467E-015
          18          17   2.6493847236358909E-029
          18          18   4.5446839598054738E-028
          18          19  -5.9066389446869952E-015
          19           1  0.24616924545978952     
          19           2  -1.8115046324103794     
          19           3  -8.4370338935657792     
          19           4   3.2055436117657488     
          19           5   4.0370718954685633E-015
          19           6  -6.5101580418145477E-015
          19           7   1.5797880997227270E-014
          19           8   7.3291436222874157E-015
          19           9   1.8069363854056930E-015
          19          10  -7.7269448332159982E-015
          19          11  -1.3782473978075703E-015
          19          12  -1.3087378284620427E-015
          19          13   9.5585430989209199E-015
          19          14   1.9464865406646354     
          19          15   3.2043274079141912E-015
          19          16   1.9464865406646472     
          19          17   4.5453917634508349E-015
          19          18  -5.9066389446869952E-015
          19          19   1.9464865406646366     
