           1           1   2.2929115415840893     
           1           2  0.78269653474357270     
           1           3  0.19635246767058429     
           1           4   4.0398756273422605E-002
           1           5   4.2740651051248102E-015
           1           6   1.4689485689450526E-015
           1           7  -1.8219649791941896E-015
           1           8  -2.4681358559429620E-015
           1           9   1.5069134221156445E-015
           1          10  -7.5713710468170334E-016
           1          11   1.9915559503052682E-015
           1          12  -2.4906762971312035E-015
           1          13  -1.1110446936320406E-015
           1          14  -9.7692404340375738E-002
           1          15   4.9036294957791828E-015
           1          16  -9.7692404340365913E-002
           1          17  -1.0755938250059018E-015
           1          18   7.2002126738691529E-016
           1          19  -9.7692404340375891E-002
           1          20  -9.0820176892236169E-003
           1          21  -1.6202378444842227E-016
           1          22  -9.0820176892118694E-003
           1          23   9.4981570232974262E-016
           1          24   2.3876047542611871E-015
           1          25  -9.0820176892159807E-003
           2           1  0.78269653474357270     
           2           2   2.1965356042207747     
           2           3  0.33579073763167921     
           2           4   2.1005676093450134E-002
           2           5   2.1711796844950659E-015
           2           6  -7.3284185392047504E-015
           2           7  -3.2593861054601526E-015
           2           8   5.4862465639045518E-016
           2           9  -1.1775797117394369E-015
           2          10  -1.5228181113131031E-015
           2          11   7.6556013995512972E-016
           2          12   2.8731852639402117E-016
           2          13  -6.7880969098808678E-016
           2          14 -0.21475875952428394     
           2          15   1.6010820145087833E-016
           2          16 -0.21475875952428122     
           2          17   7.9106119027140470E-016
           2          18   2.1290235449224040E-016
           2          19 -0.21475875952428300     
           2          20   2.0738624504712817E-002
           2          21  -5.3334859182466489E-016
           2          22   2.0738624504715350E-002
           2          23  -1.6786187205338165E-015
           2          24   7.3518034862797681E-016
           2          25   2.0738624504714993E-002
           3           1  0.19635246767058429     
           3           2  0.33579073763167921     
           3           3  0.21009272303110468     
           3           4   2.7459621373819985E-002
           3           5   1.2109527423346788E-015
           3           6  -1.1725504520838029E-015
           3           7  -7.4881953910129543E-016
           3           8   7.6001366632607127E-016
           3           9  -6.7507329154507100E-016
           3          10  -6.3513039524766599E-016
           3          11   7.1520954983602315E-016
           3          12   4.0149057219691761E-016
           3          13  -2.4660123264010355E-016
           3          14  -5.6862895161337648E-003
           3          15   2.4778624764210591E-016
           3          16  -5.6862895161322738E-003
           3          17   5.7302737605572983E-016
           3          18   3.8924460000768502E-017
           3          19  -5.6862895161333797E-003
           3          20   3.6689608048533101E-003
           3          21  -4.2338414959632921E-016
           3          22   3.6689608048553440E-003
           3          23  -1.3074568330774412E-015
           3          24   7.0600398139355622E-016
           3          25   3.6689608048553271E-003
           4           1   4.0398756273422605E-002
           4           2   2.1005676093450134E-002
           4           3   2.7459621373819985E-002
           4           4   4.2094168211868959E-003
           4           5  -7.8768228945784429E-016
           4           6  -3.0145710582406203E-015
           4           7   8.7471301047078491E-016
           4           8  -1.1383569781470699E-017
           4           9  -4.6636908898601830E-016
           4          10  -5.9356621454060901E-016
           4          11   1.6213596833029033E-017
           4          12  -2.8610768372099719E-016
           4          13  -1.5572579105406279E-016
           4          14   1.5261756357620709E-003
           4          15   9.3948654833958386E-017
           4          16   1.5261756357623849E-003
           4          17   6.8825275514847655E-017
           4          18   3.8603890098945312E-018
           4          19   1.5261756357621292E-003
           4          20   3.8863610035576128E-005
           4          21  -4.1545987282462422E-017
           4          22   3.8863610035958093E-005
           4          23  -1.2453872473749340E-016
           4          24   1.2415187662267588E-016
           4          25   3.8863610035916242E-005
           5           1   4.2740651051248102E-015
           5           2   2.1711796844950659E-015
           5           3   1.2109527423346788E-015
           5           4  -7.8768228945784429E-016
           5           5   1.0610210697136722     
           5           6   6.0349630036850961E-002
           5           7   4.5943274915885769E-002
           5           8  -4.6786186180426383E-002
           5           9   4.4445971170199598E-002
           5          10   3.3836056180114177E-002
           5          11   4.9860374634114843E-002
           5          12   1.7863396055697513E-002
           5          13   1.3599137482980521E-002
           5          14  -4.1420404210561256E-016
           5          15   3.1819757470300039E-016
           5          16  -1.0057341958474440E-016
           5          17  -5.3987109131257436E-016
           5          18  -1.7027533666867617E-016
           5          19   4.9930760707055631E-016
           5          20   5.2123231287193280E-016
           5          21   5.7265251506941699E-016
           5          22   8.3424304252490263E-016
           5          23  -3.1930508168709723E-016
           5          24   3.7133015618576131E-017
           5          25   3.0662515401596938E-016
           6           1   1.4689485689450526E-015
           6           2  -7.3284185392047504E-015
           6           3  -1.1725504520838029E-015
           6           4  -3.0145710582406203E-015
           6           5   6.0349630036850961E-002
           6           6   1.2692892282867065     
           6           7  0.17090227599409666     
           6           8   4.4445971170200521E-002
           6           9  0.10659802787282394     
           6          10  0.12586518968080565     
           6          11   1.7863396055695230E-002
           6          12  0.11150742367333527     
           6          13   5.0586806266056182E-002
           6          14   9.7709002547420072E-016
           6          15  -9.2986311963112383E-016
           6          16   9.9381047242768866E-016
           6          17   1.9481039126193915E-016
           6          18   8.0192743889255946E-016
           6          19   8.1749820018522898E-016
           6          20  -1.3522675801092322E-015
           6          21   1.2974170936473302E-015
           6          22  -3.8812725866873861E-017
           6          23   1.6798386034827175E-016
           6          24   6.1572046145132676E-016
           6          25  -9.4120658069624685E-016
           7           1  -1.8219649791941896E-015
           7           2  -3.2593861054601526E-015
           7           3  -7.4881953910129543E-016
           7           4   8.7471301047078491E-016
           7           5   4.5943274915885769E-002
           7           6  0.17090227599409666     
           7           7   1.1749027727234971     
           7           8   3.3836056180113566E-002
           7           9  0.12586518968080493     
           7          10   3.7084798375680059E-002
           7          11   1.3599137482980165E-002
           7          12   5.0586806266057285E-002
           7          13   8.3569180522724579E-002
           7          14  -2.5110924936824527E-016
           7          15   3.8912731481613276E-016
           7          16  -4.4441900120303782E-017
           7          17   8.6785793029993344E-016
           7          18   1.5979099145233666E-016
           7          19  -1.1382545045313986E-015
           7          20  -2.2854745281154831E-015
           7          21  -6.4950581483380746E-016
           7          22  -1.7341981388548425E-016
           7          23   2.2149794224352064E-016
           7          24   1.9664327076050644E-016
           7          25  -4.2554614646833184E-016
           8           1  -2.4681358559429620E-015
           8           2   5.4862465639045518E-016
           8           3   7.6001366632607127E-016
           8           4  -1.1383569781470699E-017
           8           5  -4.6786186180426383E-002
           8           6   4.4445971170200521E-002
           8           7   3.3836056180113566E-002
           8           8   1.2101455321178164E-002
           8           9   3.2733329965003236E-002
           8          10   2.4919396797896107E-002
           8          11   1.0036824462631103E-003
           8          12   1.3155937917241784E-002
           8          13   1.0015419682590655E-002
           8          14   1.3719496581120577E-017
           8          15   3.4207424416371915E-017
           8          16   6.4221264206058318E-017
           8          17   4.6734014324232168E-017
           8          18   7.0975637588070027E-017
           8          19   4.7469465163139438E-017
           8          20  -3.2519479061198738E-016
           8          21   1.0526829296449431E-016
           8          22   1.8744674724658954E-017
           8          23   2.6396878350141940E-019
           8          24   9.0725212341412244E-017
           8          25  -6.4474052412778719E-017
           9           1   1.5069134221156445E-015
           9           2  -1.1775797117394369E-015
           9           3  -6.7507329154507100E-016
           9           4  -4.6636908898601830E-016
           9           5   4.4445971170199598E-002
           9           6  0.10659802787282394     
           9           7  0.12586518968080493     
           9           8   3.2733329965003236E-002
           9           9  0.12506503689759368     
           9          10   9.2696518412268641E-002
           9          11   1.3155937917240951E-002
           9          12   4.6405169790126467E-002
           9          13   3.7255899191437854E-002
           9          14  -3.6005878164203197E-016
           9          15   2.4606013052592861E-016
           9          16  -1.0755438687653836E-016
           9          17   4.9996588986062013E-017
           9          18   1.8333045050222300E-016
           9          19  -3.4512373159056786E-017
           9          20  -1.1534078854728250E-015
           9          21   4.3839762578055348E-016
           9          22   1.1761485334187282E-016
           9          23  -7.5233252205054224E-017
           9          24   3.1063621123244888E-016
           9          25  -2.5155083863671342E-016
          10           1  -7.5713710468170334E-016
          10           2  -1.5228181113131031E-015
          10           3  -6.3513039524766599E-016
          10           4  -5.9356621454060901E-016
          10           5   3.3836056180114177E-002
          10           6  0.12586518968080565     
          10           7   3.7084798375680059E-002
          10           8   2.4919396797896107E-002
          10           9   9.2696518412268641E-002
          10          10   7.3870307248201386E-002
          10          11   1.0015419682590253E-002
          10          12   3.7255899191438770E-002
          10          13   2.5829362633400035E-002
          10          14  -6.7353285614351204E-017
          10          15   1.2565176188767276E-016
          10          16   1.1397208367028371E-016
          10          17  -2.3887721857903531E-018
          10          18   1.6490361422721716E-016
          10          19   2.2352227132046216E-016
          10          20  -7.7475498076005023E-016
          10          21   4.2578324995753177E-016
          10          22   1.3033540911621719E-016
          10          23  -6.2536592895260210E-017
          10          24   2.5177888964502760E-016
          10          25  -1.7515068316876026E-016
          11           1   1.9915559503052682E-015
          11           2   7.6556013995512972E-016
          11           3   7.1520954983602315E-016
          11           4   1.6213596833029033E-017
          11           5   4.9860374634114843E-002
          11           6   1.7863396055695230E-002
          11           7   1.3599137482980165E-002
          11           8   1.0036824462631103E-003
          11           9   1.3155937917240951E-002
          11          10   1.0015419682590253E-002
          11          11   3.3646280315661938E-003
          11          12   5.2875372798109983E-003
          11          13   4.0253234150068535E-003
          11          14  -2.1445119313207431E-017
          11          15   3.0341311409459914E-017
          11          16   1.3815310420928863E-017
          11          17  -1.8055871606846483E-017
          11          18   1.2244647268603304E-017
          11          19   4.5099828638421513E-017
          11          20  -7.7699696875242122E-017
          11          21   6.8546957146740252E-017
          11          22   5.1130922872512456E-017
          11          23  -1.9412394577804079E-017
          11          24   3.1209102742015452E-017
          11          25  -7.6323256362731203E-018
          12           1  -2.4906762971312035E-015
          12           2   2.8731852639402117E-016
          12           3   4.0149057219691761E-016
          12           4  -2.8610768372099719E-016
          12           5   1.7863396055697513E-002
          12           6  0.11150742367333527     
          12           7   5.0586806266057285E-002
          12           8   1.3155937917241784E-002
          12           9   4.6405169790126467E-002
          12          10   3.7255899191438770E-002
          12          11   5.2875372798109983E-003
          12          12   2.1612058081759984E-002
          12          13   1.4973615496425298E-002
          12          14  -2.2255301698539604E-018
          12          15   2.1717410473870505E-017
          12          16   7.9345530961429308E-017
          12          17   2.7844173911267008E-017
          12          18   1.0744856913930787E-016
          12          19   9.1880750037960272E-017
          12          20  -4.0462007350916825E-016
          12          21   2.1907056794383777E-016
          12          22   8.1041177211519352E-017
          12          23  -1.3742763209068917E-017
          12          24   1.3669001959671474E-016
          12          25  -9.1824156946174849E-017
          13           1  -1.1110446936320406E-015
          13           2  -6.7880969098808678E-016
          13           3  -2.4660123264010355E-016
          13           4  -1.5572579105406279E-016
          13           5   1.3599137482980521E-002
          13           6   5.0586806266056182E-002
          13           7   8.3569180522724579E-002
          13           8   1.0015419682590655E-002
          13           9   3.7255899191437854E-002
          13          10   2.5829362633400035E-002
          13          11   4.0253234150068535E-003
          13          12   1.4973615496425298E-002
          13          13   1.3342381826993023E-002
          13          14   6.1270811756014886E-018
          13          15   6.3843428920669494E-017
          13          16   7.6589748865788362E-017
          13          17   5.2228923123912854E-017
          13          18   6.2361802672190155E-017
          13          19   4.4749159290182030E-017
          13          20  -3.7162578385912240E-016
          13          21   9.6168423020612643E-017
          13          22   4.6063374532494101E-017
          13          23  -6.4249257202155394E-018
          13          24   9.2325615360689259E-017
          13          25  -6.6782864255671340E-017
          14           1  -9.7692404340375738E-002
          14           2 -0.21475875952428394     
          14           3  -5.6862895161337648E-003
          14           4   1.5261756357620709E-003
          14           5  -4.1420404210561256E-016
          14           6   9.7709002547420072E-016
          14           7  -2.5110924936824527E-016
          14           8   1.3719496581120577E-017
          14           9  -3.6005878164203197E-016
          14          10  -6.7353285614351204E-017
          14          11  -2.1445119313207431E-017
          14          12  -2.2255301698539604E-018
          14          13   6.1270811756014886E-018
          14          14   2.6740377961136035E-002
          14          15  -7.8815541369054364E-017
          14          16   2.6740377961135719E-002
          14          17   3.9912550800338987E-018
          14          18  -1.5435759973766791E-017
          14          19   2.6740377961135948E-002
          14          20  -1.5083471983656034E-003
          14          21  -4.4679655142942243E-017
          14          22  -1.5083471983657400E-003
          14          23  -1.2785233067897768E-016
          14          24  -1.9498282812989556E-017
          14          25  -1.5083471983656262E-003
          15           1   4.9036294957791828E-015
          15           2   1.6010820145087833E-016
          15           3   2.4778624764210591E-016
          15           4   9.3948654833958386E-017
          15           5   3.1819757470300039E-016
          15           6  -9.2986311963112383E-016
          15           7   3.8912731481613276E-016
          15           8   3.4207424416371915E-017
          15           9   2.4606013052592861E-016
          15          10   1.2565176188767276E-016
          15          11   3.0341311409459914E-017
          15          12   2.1717410473870505E-017
          15          13   6.3843428920669494E-017
          15          14  -7.8815541369054364E-017
          15          15   1.4095176639863427E-029
          15          16  -7.8815541369028602E-017
          15          17  -2.2308928206432732E-030
          15          18   6.4397053349254296E-031
          15          19  -7.8815541369052527E-017
          15          20  -4.3296439570958709E-017
          15          21   1.1106776223193473E-030
          15          22  -4.3296439570929872E-017
          15          23   5.8338973555295331E-030
          15          24   6.1733138232120302E-030
          15          25  -4.3296439570939782E-017
          16           1  -9.7692404340365913E-002
          16           2 -0.21475875952428122     
          16           3  -5.6862895161322738E-003
          16           4   1.5261756357623849E-003
          16           5  -1.0057341958474440E-016
          16           6   9.9381047242768866E-016
          16           7  -4.4441900120303782E-017
          16           8   6.4221264206058318E-017
          16           9  -1.0755438687653836E-016
          16          10   1.1397208367028371E-016
          16          11   1.3815310420928863E-017
          16          12   7.9345530961429308E-017
          16          13   7.6589748865788362E-017
          16          14   2.6740377961135719E-002
          16          15  -7.8815541369028602E-017
          16          16   2.6740377961135403E-002
          16          17   3.9912550800353092E-018
          16          18  -1.5435759973766274E-017
          16          19   2.6740377961135632E-002
          16          20  -1.5083471983656702E-003
          16          21  -4.4679655142937405E-017
          16          22  -1.5083471983658066E-003
          16          23  -1.2785233067896503E-016
          16          24  -1.9498282812973320E-017
          16          25  -1.5083471983656923E-003
          17           1  -1.0755938250059018E-015
          17           2   7.9106119027140470E-016
          17           3   5.7302737605572983E-016
          17           4   6.8825275514847655E-017
          17           5  -5.3987109131257436E-016
          17           6   1.9481039126193915E-016
          17           7   8.6785793029993344E-016
          17           8   4.6734014324232168E-017
          17           9   4.9996588986062013E-017
          17          10  -2.3887721857903531E-018
          17          11  -1.8055871606846483E-017
          17          12   2.7844173911267008E-017
          17          13   5.2228923123912854E-017
          17          14   3.9912550800338987E-018
          17          15  -2.2308928206432732E-030
          17          16   3.9912550800353092E-018
          17          17   4.8646643477744942E-030
          17          18  -8.7976324905858996E-031
          17          19   3.9912550800364008E-018
          17          20   1.5590815727874869E-017
          17          21  -5.1521361207457236E-031
          17          22   1.5590815727873535E-017
          17          23  -1.3378741614150437E-030
          17          24   1.3879128896273016E-030
          17          25   1.5590815727876644E-017
          18           1   7.2002126738691529E-016
          18           2   2.1290235449224040E-016
          18           3   3.8924460000768502E-017
          18           4   3.8603890098945312E-018
          18           5  -1.7027533666867617E-016
          18           6   8.0192743889255946E-016
          18           7   1.5979099145233666E-016
          18           8   7.0975637588070027E-017
          18           9   1.8333045050222300E-016
          18          10   1.6490361422721716E-016
          18          11   1.2244647268603304E-017
          18          12   1.0744856913930787E-016
          18          13   6.2361802672190155E-017
          18          14  -1.5435759973766791E-017
          18          15   6.4397053349254296E-031
          18          16  -1.5435759973766274E-017
          18          17  -8.7976324905858996E-031
          18          18   1.3810969702812556E-030
          18          19  -1.5435759973768277E-017
          18          20   9.8960404594417479E-019
          18          21   5.3037581267780701E-032
          18          22   9.8960404594983741E-019
          18          23  -1.7942863246930224E-030
          18          24   8.4270567631933634E-031
          18          25   9.8960404594783175E-019
          19           1  -9.7692404340375891E-002
          19           2 -0.21475875952428300     
          19           3  -5.6862895161333797E-003
          19           4   1.5261756357621292E-003
          19           5   4.9930760707055631E-016
          19           6   8.1749820018522898E-016
          19           7  -1.1382545045313986E-015
          19           8   4.7469465163139438E-017
          19           9  -3.4512373159056786E-017
          19          10   2.2352227132046216E-016
          19          11   4.5099828638421513E-017
          19          12   9.1880750037960272E-017
          19          13   4.4749159290182030E-017
          19          14   2.6740377961135948E-002
          19          15  -7.8815541369052527E-017
          19          16   2.6740377961135632E-002
          19          17   3.9912550800364008E-018
          19          18  -1.5435759973768277E-017
          19          19   2.6740377961135861E-002
          19          20  -1.5083471983656030E-003
          19          21  -4.4679655142937226E-017
          19          22  -1.5083471983657394E-003
          19          23  -1.2785233067897401E-016
          19          24  -1.9498282812986463E-017
          19          25  -1.5083471983656251E-003
          20           1  -9.0820176892236169E-003
          20           2   2.0738624504712817E-002
          20           3   3.6689608048533101E-003
          20           4   3.8863610035576128E-005
          20           5   5.2123231287193280E-016
          20           6  -1.3522675801092322E-015
          20           7  -2.2854745281154831E-015
          20           8  -3.2519479061198738E-016
          20           9  -1.1534078854728250E-015
          20          10  -7.7475498076005023E-016
          20          11  -7.7699696875242122E-017
          20          12  -4.0462007350916825E-016
          20          13  -3.7162578385912240E-016
          20          14  -1.5083471983656034E-003
          20          15  -4.3296439570958709E-017
          20          16  -1.5083471983656702E-003
          20          17   1.5590815727874869E-017
          20          18   9.8960404594417479E-019
          20          19  -1.5083471983656030E-003
          20          20   3.7965669099409628E-004
          20          21  -1.7698307707851323E-017
          20          22   3.7965669099404147E-004
          20          23  -5.8315430011328376E-017
          20          24  -1.1636576124759604E-017
          20          25   3.7965669099407302E-004
          21           1  -1.6202378444842227E-016
          21           2  -5.3334859182466489E-016
          21           3  -4.2338414959632921E-016
          21           4  -4.1545987282462422E-017
          21           5   5.7265251506941699E-016
          21           6   1.2974170936473302E-015
          21           7  -6.4950581483380746E-016
          21           8   1.0526829296449431E-016
          21           9   4.3839762578055348E-016
          21          10   4.2578324995753177E-016
          21          11   6.8546957146740252E-017
          21          12   2.1907056794383777E-016
          21          13   9.6168423020612643E-017
          21          14  -4.4679655142942243E-017
          21          15   1.1106776223193473E-030
          21          16  -4.4679655142937405E-017
          21          17  -5.1521361207457236E-031
          21          18   5.3037581267780701E-032
          21          19  -4.4679655142937226E-017
          21          20  -1.7698307707851323E-017
          21          21   6.9605725913203866E-030
          21          22  -1.7698307707851077E-017
          21          23   7.6559104285633011E-030
          21          24   1.3927706618627631E-030
          21          25  -1.7698307707853767E-017
          22           1  -9.0820176892118694E-003
          22           2   2.0738624504715350E-002
          22           3   3.6689608048553440E-003
          22           4   3.8863610035958093E-005
          22           5   8.3424304252490263E-016
          22           6  -3.8812725866873861E-017
          22           7  -1.7341981388548425E-016
          22           8   1.8744674724658954E-017
          22           9   1.1761485334187282E-016
          22          10   1.3033540911621719E-016
          22          11   5.1130922872512456E-017
          22          12   8.1041177211519352E-017
          22          13   4.6063374532494101E-017
          22          14  -1.5083471983657400E-003
          22          15  -4.3296439570929872E-017
          22          16  -1.5083471983658066E-003
          22          17   1.5590815727873535E-017
          22          18   9.8960404594983741E-019
          22          19  -1.5083471983657394E-003
          22          20   3.7965669099404147E-004
          22          21  -1.7698307707851077E-017
          22          22   3.7965669099398666E-004
          22          23  -5.8315430011331791E-017
          22          24  -1.1636576124740253E-017
          22          25   3.7965669099401821E-004
          23           1   9.4981570232974262E-016
          23           2  -1.6786187205338165E-015
          23           3  -1.3074568330774412E-015
          23           4  -1.2453872473749340E-016
          23           5  -3.1930508168709723E-016
          23           6   1.6798386034827175E-016
          23           7   2.2149794224352064E-016
          23           8   2.6396878350141940E-019
          23           9  -7.5233252205054224E-017
          23          10  -6.2536592895260210E-017
          23          11  -1.9412394577804079E-017
          23          12  -1.3742763209068917E-017
          23          13  -6.4249257202155394E-018
          23          14  -1.2785233067897768E-016
          23          15   5.8338973555295331E-030
          23          16  -1.2785233067896503E-016
          23          17  -1.3378741614150437E-030
          23          18  -1.7942863246930224E-030
          23          19  -1.2785233067897401E-016
          23          20  -5.8315430011328376E-017
          23          21   7.6559104285633011E-030
          23          22  -5.8315430011331791E-017
          23          23   2.2207622767738188E-029
          23          24  -1.0851138320494710E-031
          23          25  -5.8315430011336179E-017
          24           1   2.3876047542611871E-015
          24           2   7.3518034862797681E-016
          24           3   7.0600398139355622E-016
          24           4   1.2415187662267588E-016
          24           5   3.7133015618576131E-017
          24           6   6.1572046145132676E-016
          24           7   1.9664327076050644E-016
          24           8   9.0725212341412244E-017
          24           9   3.1063621123244888E-016
          24          10   2.5177888964502760E-016
          24          11   3.1209102742015452E-017
          24          12   1.3669001959671474E-016
          24          13   9.2325615360689259E-017
          24          14  -1.9498282812989556E-017
          24          15   6.1733138232120302E-030
          24          16  -1.9498282812973320E-017
          24          17   1.3879128896273016E-030
          24          18   8.4270567631933634E-031
          24          19  -1.9498282812986463E-017
          24          20  -1.1636576124759604E-017
          24          21   1.3927706618627631E-030
          24          22  -1.1636576124740253E-017
          24          23  -1.0851138320494710E-031
          24          24   5.6604879306810920E-030
          24          25  -1.1636576124745154E-017
          25           1  -9.0820176892159807E-003
          25           2   2.0738624504714993E-002
          25           3   3.6689608048553271E-003
          25           4   3.8863610035916242E-005
          25           5   3.0662515401596938E-016
          25           6  -9.4120658069624685E-016
          25           7  -4.2554614646833184E-016
          25           8  -6.4474052412778719E-017
          25           9  -2.5155083863671342E-016
          25          10  -1.7515068316876026E-016
          25          11  -7.6323256362731203E-018
          25          12  -9.1824156946174849E-017
          25          13  -6.6782864255671340E-017
          25          14  -1.5083471983656262E-003
          25          15  -4.3296439570939782E-017
          25          16  -1.5083471983656923E-003
          25          17   1.5590815727876644E-017
          25          18   9.8960404594783175E-019
          25          19  -1.5083471983656251E-003
          25          20   3.7965669099407302E-004
          25          21  -1.7698307707853767E-017
          25          22   3.7965669099401821E-004
          25          23  -5.8315430011336179E-017
          25          24  -1.1636576124745154E-017
          25          25   3.7965669099404977E-004
