           1           1   2.1986966818965961     
           1           2  0.90556452786409536     
           1           3  0.73558729162582970     
           1           4  -7.7230485414136157E-002
           1           5  0.25205174542757275     
           1           6   2.2624001178401719E-014
           1           7   1.5679695521238165E-014
           1           8  -6.6190161020952129E-014
           1           9  -1.8961403107150748E-015
           1          10  -5.1388989267779404E-016
           1          11   1.3005513052782445E-014
           1          12   4.8085874039006387E-015
           1          13   2.4626663672631505E-015
           1          14  -9.7779805743280454E-015
           1          15 -0.23187634055903952     
           1          16  -4.5569686735230881E-015
           1          17 -0.23187634055905171     
           1          18  -6.0557804125691960E-015
           1          19  -1.0721969672712188E-014
           1          20 -0.23187634055904041     
           1          21  -6.9924656499118970E-002
           1          22   5.8962245849853415E-015
           1          23  -6.9924656499111670E-002
           1          24   7.1874814450471048E-015
           1          25  -7.0443118279882098E-016
           1          26  -6.9924656499115195E-002
           2           1  0.90556452786409536     
           2           2   4.7173184868098588     
           2           3   5.9529665106359140     
           2           4 -0.61619692688851224     
           2           5   1.2225352490801691     
           2           6   6.9274530029514501E-014
           2           7   8.0702787758260280E-014
           2           8  -2.6659118439027594E-013
           2           9   2.2414480790661430E-015
           2          10   8.5809710115564321E-015
           2          11   4.9102922968262319E-015
           2          12  -7.7193372319322282E-015
           2          13  -9.5315502697982393E-015
           2          14  -2.8791677401811531E-014
           2          15  -1.6386437249525001     
           2          16  -2.4266376005909202E-014
           2          17  -1.6386437249525021     
           2          18  -8.4655904801063695E-015
           2          19  -3.1649584835088585E-014
           2          20  -1.6386437249524897     
           2          21 -0.30006769082927359     
           2          22   2.6213489447813174E-014
           2          23 -0.30006769082927276     
           2          24   1.6471420903034623E-014
           2          25  -2.4003896427374621E-015
           2          26 -0.30006769082924978     
           3           1  0.73558729162582970     
           3           2   5.9529665106359140     
           3           3   14.133033184831339     
           3           4  -1.4380659126341968     
           3           5   1.3082362061194353     
           3           6   1.1146648980381587E-014
           3           7   4.1440018938392053E-014
           3           8  -1.0093572847856489E-013
           3           9  -6.6285649324701354E-016
           3          10   3.9059505529893250E-014
           3          11  -1.1757908670330435E-013
           3          12  -7.5862399636685306E-015
           3          13  -1.1187726426790496E-014
           3          14  -1.3341715845334241E-014
           3          15  -3.4067281559431004     
           3          16  -1.5872044438773145E-014
           3          17  -3.4067281559430866     
           3          18  -1.2604817441896570E-014
           3          19  -2.1742141188790328E-014
           3          20  -3.4067281559430809     
           3          21 -0.19257898162083170     
           3          22   1.0476010620532967E-014
           3          23 -0.19257898162083956     
           3          24   4.8756692378993446E-015
           3          25  -5.2565466212025605E-015
           3          26 -0.19257898162079923     
           4           1  -7.7230485414136157E-002
           4           2 -0.61619692688851224     
           4           3  -1.4380659126341968     
           4           4  0.17158056776826769     
           4           5 -0.18129925735990118     
           4           6   3.2326267288710549E-015
           4           7   1.3374234775257931E-015
           4           8   1.2371694678199153E-014
           4           9  -3.8797041984265526E-015
           4          10  -1.8761263556533401E-014
           4          11  -8.9648685109530256E-015
           4          12   1.3952787926201813E-015
           4          13   3.1408182318635979E-015
           4          14   2.5952587464852236E-015
           4          15  0.37733361623081085     
           4          16   1.1742333851992463E-015
           4          17  0.37733361623080974     
           4          18   1.3443228917915000E-015
           4          19   2.6965926669690905E-015
           4          20  0.37733361623080897     
           4          21   3.5463979847512490E-002
           4          22  -1.5265307106197935E-015
           4          23   3.5463979847512712E-002
           4          24  -9.9109411752314000E-016
           4          25   3.3488693612416477E-016
           4          26   3.5463979847509708E-002
           5           1  0.25205174542757275     
           5           2   1.2225352490801691     
           5           3   1.3082362061194353     
           5           4 -0.18129925735990118     
           5           5  0.42217731395856745     
           5           6  -5.8751158095467141E-015
           5           7   1.9361898484902974E-014
           5           8  -9.1805673278673677E-014
           5           9   1.1076853470600729E-014
           5          10   1.6185665565109887E-014
           5          11   4.0873441316597093E-014
           5          12  -6.3324422747286504E-015
           5          13  -4.3569887200861610E-015
           5          14  -1.0785398336761621E-014
           5          15 -0.43570540865153107     
           5          16  -7.0309660597607667E-015
           5          17 -0.43570540865153234     
           5          18  -2.1104263915039445E-015
           5          19  -8.9516668977348509E-015
           5          20 -0.43570540865152663     
           5          21 -0.11633852731771750     
           5          22   8.5175599768754564E-015
           5          23 -0.11633852731771799     
           5          24   6.7584133227066381E-015
           5          25  -5.3291894700458528E-016
           5          26 -0.11633852731771105     
           6           1   2.2624001178401719E-014
           6           2   6.9274530029514501E-014
           6           3   1.1146648980381587E-014
           6           4   3.2326267288710549E-015
           6           5  -5.8751158095467141E-015
           6           6   2.1917362649171648     
           6           7   1.2958384365546666E-015
           6           8  -6.7220534694097784E-016
           6           9 -0.53460152720811671     
           6          10  -8.1532003370905821E-016
           6          11  -7.7542139376177477E-016
           6          12  0.12981227197326639     
           6          13  -5.7245874707238776E-017
           6          14   4.9786563760534127E-016
           6          15  -3.8931606347170192E-015
           6          16  -5.0317366895350377E-017
           6          17  -3.6909400456154819E-015
           6          18  -1.2823976824933226E-015
           6          19   3.1394897035572646E-016
           6          20  -4.3938959308875425E-015
           6          21   1.5412893557461973E-015
           6          22  -4.6786709843101165E-016
           6          23   1.4221773510157352E-015
           6          24  -3.6009366366130534E-016
           6          25  -3.6326289153212070E-016
           6          26   1.1402582217360458E-015
           7           1   1.5679695521238165E-014
           7           2   8.0702787758260280E-014
           7           3   4.1440018938392053E-014
           7           4   1.3374234775257931E-015
           7           5   1.9361898484902974E-014
           7           6   1.2958384365546666E-015
           7           7   2.1917362649171670     
           7           8   8.7430063189223958E-016
           7           9  -2.3791732473021554E-015
           7          10 -0.53460152720811693     
           7          11   2.1163626406946017E-016
           7          12   2.2887507861168979E-015
           7          13  0.12981227197326833     
           7          14  -2.7929047963226116E-016
           7          15  -2.0860119264952052E-014
           7          16  -9.0364425221100145E-016
           7          17  -1.9493496170417024E-014
           7          18   1.6965940301818300E-015
           7          19  -3.5659312394351623E-016
           7          20  -2.0182063076443550E-014
           7          21  -7.4958356873741849E-015
           7          22  -5.4747559412138327E-016
           7          23  -6.7090144252972275E-015
           7          24  -1.1320872272127078E-015
           7          25  -6.4992875781186720E-016
           7          26  -8.0103393804533308E-015
           8           1  -6.6190161020952129E-014
           8           2  -2.6659118439027594E-013
           8           3  -1.0093572847856489E-013
           8           4   1.2371694678199153E-014
           8           5  -9.1805673278673677E-014
           8           6  -6.7220534694097784E-016
           8           7   8.7430063189223958E-016
           8           8   2.1917362649171626     
           8           9  -4.2847669856641907E-016
           8          10  -1.4432899320123529E-015
           8          11 -0.53460152720811194     
           8          12   4.2674197509030332E-016
           8          13  -2.3765711620885797E-016
           8          14  0.12981227197326484     
           8          15   5.4663071374772405E-014
           8          16   1.5290931899584501E-015
           8          17   5.5652692397808560E-014
           8          18   8.0644264199534701E-016
           8          19  -1.1330178468793810E-015
           8          20   5.3980253895874386E-014
           8          21   3.0185475841690310E-014
           8          22  -1.1346161151288161E-015
           8          23   2.7345680836315518E-014
           8          24  -9.0859272725246407E-016
           8          25   4.4159768343200439E-016
           8          26   2.9211469209544519E-014
           9           1  -1.8961403107150748E-015
           9           2   2.2414480790661430E-015
           9           3  -6.6285649324701354E-016
           9           4  -3.8797041984265526E-015
           9           5   1.1076853470600729E-014
           9           6 -0.53460152720811671     
           9           7  -2.3791732473021554E-015
           9           8  -4.2847669856641907E-016
           9           9   1.3238255017090748     
           9          10   3.8716859579439939E-016
           9          11   3.2244172609779043E-016
           9          12 -0.15627142475949801     
           9          13  -1.5647747854395285E-016
           9          14   5.1271920736840501E-016
           9          15  -4.0625155278099805E-015
           9          16   1.1398502152164348E-016
           9          17  -2.6662693898518243E-015
           9          18   4.6986038886661932E-016
           9          19   5.2697999023279496E-016
           9          20  -9.2923783403966567E-016
           9          21  -3.0607080028487333E-015
           9          22   3.5681709010013078E-016
           9          23  -3.2287101870805271E-015
           9          24   3.2356695401769813E-016
           9          25  -1.0022937735975780E-016
           9          26  -2.4730554509073991E-015
          10           1  -5.1388989267779404E-016
          10           2   8.5809710115564321E-015
          10           3   3.9059505529893250E-014
          10           4  -1.8761263556533401E-014
          10           5   1.6185665565109887E-014
          10           6  -8.1532003370905821E-016
          10           7 -0.53460152720811693     
          10           8  -1.4432899320123529E-015
          10           9   3.8716859579439939E-016
          10          10   1.3238255017090730     
          10          11  -1.9732479540663933E-017
          10          12  -1.9780184434825440E-015
          10          13 -0.15627142475949538     
          10          14  -3.7676025493873631E-016
          10          15  -1.2840869816644339E-015
          10          16   5.4070808581313496E-016
          10          17  -4.3864512352612051E-015
          10          18   4.3662964054355709E-016
          10          19  -7.6470810605841882E-016
          10          20  -2.4907103712454336E-015
          10          21  -9.6042631844778973E-016
          10          22   2.7956951086223895E-015
          10          23  -9.4077799914388776E-016
          10          24  -9.3827786746329778E-016
          10          25   8.7276937957389293E-016
          10          26   1.0046416643089142E-015
          11           1   1.3005513052782445E-014
          11           2   4.9102922968262319E-015
          11           3  -1.1757908670330435E-013
          11           4  -8.9648685109530256E-015
          11           5   4.0873441316597093E-014
          11           6  -7.7542139376177477E-016
          11           7   2.1163626406946017E-016
          11           8 -0.53460152720811194     
          11           9   3.2244172609779043E-016
          11          10  -1.9732479540663933E-017
          11          11   1.3238255017090681     
          11          12  -1.2379420405439847E-015
          11          13   9.5008636374919170E-016
          11          14 -0.15627142475949188     
          11          15   1.3050759222990686E-014
          11          16   1.9230169344869789E-016
          11          17   1.2292239860291288E-014
          11          18   1.1906709888598310E-015
          11          19  -1.0459219418490423E-015
          11          20   1.2118689960992594E-014
          11          21  -1.2995814865900074E-014
          11          22   2.3667834616457058E-015
          11          23  -1.3293580599205464E-014
          11          24  -6.4635994500219740E-016
          11          25   3.8654189891057167E-016
          11          26  -1.0724185739622632E-014
          12           1   4.8085874039006387E-015
          12           2  -7.7193372319322282E-015
          12           3  -7.5862399636685306E-015
          12           4   1.3952787926201813E-015
          12           5  -6.3324422747286504E-015
          12           6  0.12981227197326639     
          12           7   2.2887507861168979E-015
          12           8   4.2674197509030332E-016
          12           9 -0.15627142475949801     
          12          10  -1.9780184434825440E-015
          12          11  -1.2379420405439847E-015
          12          12   2.0824916752187967E-002
          12          13   2.8382379996596992E-016
          12          14   1.0012607062903574E-016
          12          15   3.5997846177234857E-015
          12          16  -1.4252441397989066E-017
          12          17   3.4601967788998683E-015
          12          18  -8.0307807916800667E-017
          12          19  -4.4984993371422090E-017
          12          20   3.2544488165701500E-015
          12          21   1.8721538626207840E-015
          12          22  -5.1207806735394896E-017
          12          23   1.8851545845280800E-015
          12          24  -4.8360580000850982E-017
          12          25   8.0150725699958424E-019
          12          26   1.7997861078254362E-015
          13           1   2.4626663672631505E-015
          13           2  -9.5315502697982393E-015
          13           3  -1.1187726426790496E-014
          13           4   3.1408182318635979E-015
          13           5  -4.3569887200861610E-015
          13           6  -5.7245874707238776E-017
          13           7  0.12981227197326833     
          13           8  -2.3765711620885797E-016
          13           9  -1.5647747854395285E-016
          13          10 -0.15627142475949538     
          13          11   9.5008636374919170E-016
          13          12   2.8382379996596992E-016
          13          13   2.0824916752187572E-002
          13          14  -7.6436253160225684E-017
          13          15   2.3897480175540825E-015
          13          16  -7.9837794074743550E-017
          13          17   2.7550193832232364E-015
          13          18   1.1731212745557601E-017
          13          19   7.5328648588497128E-017
          13          20   2.5415717924120957E-015
          13          21   7.9389467055319040E-016
          13          22  -3.0934153555244524E-016
          13          23   8.0969984180774197E-016
          13          24   6.0078654922815189E-017
          13          25  -1.1264506033997050E-016
          13          26   5.6652558560826359E-016
          14           1  -9.7779805743280454E-015
          14           2  -2.8791677401811531E-014
          14           3  -1.3341715845334241E-014
          14           4   2.5952587464852236E-015
          14           5  -1.0785398336761621E-014
          14           6   4.9786563760534127E-016
          14           7  -2.7929047963226116E-016
          14           8  0.12981227197326484     
          14           9   5.1271920736840501E-016
          14          10  -3.7676025493873631E-016
          14          11 -0.15627142475949188     
          14          12   1.0012607062903574E-016
          14          13  -7.6436253160225684E-017
          14          14   2.0824916752186711E-002
          14          15   5.4551256781860111E-015
          14          16   1.6800563506059723E-017
          14          17   5.5600802550440020E-015
          14          18  -9.3288870371883651E-017
          14          19   7.6248324172037145E-017
          14          20   5.5477082796278768E-015
          14          21   3.0951304138021054E-015
          14          22  -2.8342181931538257E-016
          14          23   3.0452675492874341E-015
          14          24   3.6551882032315299E-017
          14          25  -2.8632216533128999E-017
          14          26   2.8145328705012086E-015
          15           1 -0.23187634055903952     
          15           2  -1.6386437249525001     
          15           3  -3.4067281559431004     
          15           4  0.37733361623081085     
          15           5 -0.43570540865153107     
          15           6  -3.8931606347170192E-015
          15           7  -2.0860119264952052E-014
          15           8   5.4663071374772405E-014
          15           9  -4.0625155278099805E-015
          15          10  -1.2840869816644339E-015
          15          11   1.3050759222990686E-014
          15          12   3.5997846177234857E-015
          15          13   2.3897480175540825E-015
          15          14   5.4551256781860111E-015
          15          15  0.87675829254799753     
          15          16   5.2023767498473481E-015
          15          17  0.87675829254799509     
          15          18   3.3480701423787378E-015
          15          19   7.5719891061869173E-015
          15          20  0.87675829254799209     
          15          21   8.5870610717087917E-002
          15          22  -5.0481135613046435E-015
          15          23   8.5870610717089429E-002
          15          24  -3.3806069156062042E-015
          15          25   1.1587743498699122E-015
          15          26   8.5870610717079410E-002
          16           1  -4.5569686735230881E-015
          16           2  -2.4266376005909202E-014
          16           3  -1.5872044438773145E-014
          16           4   1.1742333851992463E-015
          16           5  -7.0309660597607667E-015
          16           6  -5.0317366895350377E-017
          16           7  -9.0364425221100145E-016
          16           8   1.5290931899584501E-015
          16           9   1.1398502152164348E-016
          16          10   5.4070808581313496E-016
          16          11   1.9230169344869789E-016
          16          12  -1.4252441397989066E-017
          16          13  -7.9837794074743550E-017
          16          14   1.6800563506059723E-017
          16          15   5.2023767498473481E-015
          16          16   2.5378024389391646E-028
          16          17   5.2023767498473701E-015
          16          18   2.6633290985927214E-029
          16          19   1.5021058100587446E-028
          16          20   5.2023767498471508E-015
          16          21   2.0306726721290593E-015
          16          22  -1.9645121601149799E-028
          16          23   2.0306726721291883E-015
          16          24  -1.8966700992021349E-028
          16          25   3.5969723660680410E-029
          16          26   2.0306726721288357E-015
          17           1 -0.23187634055905171     
          17           2  -1.6386437249525021     
          17           3  -3.4067281559430866     
          17           4  0.37733361623080974     
          17           5 -0.43570540865153234     
          17           6  -3.6909400456154819E-015
          17           7  -1.9493496170417024E-014
          17           8   5.5652692397808560E-014
          17           9  -2.6662693898518243E-015
          17          10  -4.3864512352612051E-015
          17          11   1.2292239860291288E-014
          17          12   3.4601967788998683E-015
          17          13   2.7550193832232364E-015
          17          14   5.5600802550440020E-015
          17          15  0.87675829254799509     
          17          16   5.2023767498473701E-015
          17          17  0.87675829254799287     
          17          18   3.3480701423787741E-015
          17          19   7.5719891061870151E-015
          17          20  0.87675829254798965     
          17          21   8.5870610717088597E-002
          17          22  -5.0481135613047168E-015
          17          23   8.5870610717090110E-002
          17          24  -3.3806069156062657E-015
          17          25   1.1587743498699085E-015
          17          26   8.5870610717080048E-002
          18           1  -6.0557804125691960E-015
          18           2  -8.4655904801063695E-015
          18           3  -1.2604817441896570E-014
          18           4   1.3443228917915000E-015
          18           5  -2.1104263915039445E-015
          18           6  -1.2823976824933226E-015
          18           7   1.6965940301818300E-015
          18           8   8.0644264199534701E-016
          18           9   4.6986038886661932E-016
          18          10   4.3662964054355709E-016
          18          11   1.1906709888598310E-015
          18          12  -8.0307807916800667E-017
          18          13   1.1731212745557601E-017
          18          14  -9.3288870371883651E-017
          18          15   3.3480701423787378E-015
          18          16   2.6633290985927214E-029
          18          17   3.3480701423787741E-015
          18          18   4.2980482494718020E-029
          18          19   6.9948485380481083E-029
          18          20   3.3480701423787438E-015
          18          21   4.7902126689156047E-016
          18          22  -3.6321563026951889E-029
          18          23   4.7902126689152122E-016
          18          24  -3.4267157104794580E-029
          18          25   8.4900079227586441E-030
          18          26   4.7902126689153966E-016
          19           1  -1.0721969672712188E-014
          19           2  -3.1649584835088585E-014
          19           3  -2.1742141188790328E-014
          19           4   2.6965926669690905E-015
          19           5  -8.9516668977348509E-015
          19           6   3.1394897035572646E-016
          19           7  -3.5659312394351623E-016
          19           8  -1.1330178468793810E-015
          19           9   5.2697999023279496E-016
          19          10  -7.6470810605841882E-016
          19          11  -1.0459219418490423E-015
          19          12  -4.4984993371422090E-017
          19          13   7.5328648588497128E-017
          19          14   7.6248324172037145E-017
          19          15   7.5719891061869173E-015
          19          16   1.5021058100587446E-028
          19          17   7.5719891061870151E-015
          19          18   6.9948485380481083E-029
          19          19   3.0550112682387723E-028
          19          20   7.5719891061869583E-015
          19          21   2.5589101898997294E-015
          19          22  -2.3781177939556769E-028
          19          23   2.5589101898996024E-015
          19          24  -1.2858262403251542E-028
          19          25  -2.1939445435252700E-030
          19          26   2.5589101898996360E-015
          20           1 -0.23187634055904041     
          20           2  -1.6386437249524897     
          20           3  -3.4067281559430809     
          20           4  0.37733361623080897     
          20           5 -0.43570540865152663     
          20           6  -4.3938959308875425E-015
          20           7  -2.0182063076443550E-014
          20           8   5.3980253895874386E-014
          20           9  -9.2923783403966567E-016
          20          10  -2.4907103712454336E-015
          20          11   1.2118689960992594E-014
          20          12   3.2544488165701500E-015
          20          13   2.5415717924120957E-015
          20          14   5.5477082796278768E-015
          20          15  0.87675829254799209     
          20          16   5.2023767498471508E-015
          20          17  0.87675829254798965     
          20          18   3.3480701423787438E-015
          20          19   7.5719891061869583E-015
          20          20  0.87675829254798665     
          20          21   8.5870610717086807E-002
          20          22  -5.0481135613045764E-015
          20          23   8.5870610717088319E-002
          20          24  -3.3806069156060429E-015
          20          25   1.1587743498698601E-015
          20          26   8.5870610717078300E-002
          21           1  -6.9924656499118970E-002
          21           2 -0.30006769082927359     
          21           3 -0.19257898162083170     
          21           4   3.5463979847512490E-002
          21           5 -0.11633852731771750     
          21           6   1.5412893557461973E-015
          21           7  -7.4958356873741849E-015
          21           8   3.0185475841690310E-014
          21           9  -3.0607080028487333E-015
          21          10  -9.6042631844778973E-016
          21          11  -1.2995814865900074E-014
          21          12   1.8721538626207840E-015
          21          13   7.9389467055319040E-016
          21          14   3.0951304138021054E-015
          21          15   8.5870610717087917E-002
          21          16   2.0306726721290593E-015
          21          17   8.5870610717088597E-002
          21          18   4.7902126689156047E-016
          21          19   2.5589101898997294E-015
          21          20   8.5870610717086807E-002
          21          21   3.4857867377370483E-002
          21          22  -2.6070805289739496E-015
          21          23   3.4857867377370517E-002
          21          24  -2.1295274724571650E-015
          21          25   8.6632466191730532E-017
          21          26   3.4857867377368915E-002
          22           1   5.8962245849853415E-015
          22           2   2.6213489447813174E-014
          22           3   1.0476010620532967E-014
          22           4  -1.5265307106197935E-015
          22           5   8.5175599768754564E-015
          22           6  -4.6786709843101165E-016
          22           7  -5.4747559412138327E-016
          22           8  -1.1346161151288161E-015
          22           9   3.5681709010013078E-016
          22          10   2.7956951086223895E-015
          22          11   2.3667834616457058E-015
          22          12  -5.1207806735394896E-017
          22          13  -3.0934153555244524E-016
          22          14  -2.8342181931538257E-016
          22          15  -5.0481135613046435E-015
          22          16  -1.9645121601149799E-028
          22          17  -5.0481135613047168E-015
          22          18  -3.6321563026951889E-029
          22          19  -2.3781177939556769E-028
          22          20  -5.0481135613045764E-015
          22          21  -2.6070805289739496E-015
          22          22   2.4398160953621738E-028
          22          23  -2.6070805289739409E-015
          22          24   1.6891135854892548E-028
          22          25  -7.2542542787890159E-030
          22          26  -2.6070805289738021E-015
          23           1  -6.9924656499111670E-002
          23           2 -0.30006769082927276     
          23           3 -0.19257898162083956     
          23           4   3.5463979847512712E-002
          23           5 -0.11633852731771799     
          23           6   1.4221773510157352E-015
          23           7  -6.7090144252972275E-015
          23           8   2.7345680836315518E-014
          23           9  -3.2287101870805271E-015
          23          10  -9.4077799914388776E-016
          23          11  -1.3293580599205464E-014
          23          12   1.8851545845280800E-015
          23          13   8.0969984180774197E-016
          23          14   3.0452675492874341E-015
          23          15   8.5870610717089429E-002
          23          16   2.0306726721291883E-015
          23          17   8.5870610717090110E-002
          23          18   4.7902126689152122E-016
          23          19   2.5589101898996024E-015
          23          20   8.5870610717088319E-002
          23          21   3.4857867377370517E-002
          23          22  -2.6070805289739409E-015
          23          23   3.4857867377370552E-002
          23          24  -2.1295274724572565E-015
          23          25   8.6632466191773279E-017
          23          26   3.4857867377368949E-002
          24           1   7.1874814450471048E-015
          24           2   1.6471420903034623E-014
          24           3   4.8756692378993446E-015
          24           4  -9.9109411752314000E-016
          24           5   6.7584133227066381E-015
          24           6  -3.6009366366130534E-016
          24           7  -1.1320872272127078E-015
          24           8  -9.0859272725246407E-016
          24           9   3.2356695401769813E-016
          24          10  -9.3827786746329778E-016
          24          11  -6.4635994500219740E-016
          24          12  -4.8360580000850982E-017
          24          13   6.0078654922815189E-017
          24          14   3.6551882032315299E-017
          24          15  -3.3806069156062042E-015
          24          16  -1.8966700992021349E-028
          24          17  -3.3806069156062657E-015
          24          18  -3.4267157104794580E-029
          24          19  -1.2858262403251542E-028
          24          20  -3.3806069156060429E-015
          24          21  -2.1295274724571650E-015
          24          22   1.6891135854892548E-028
          24          23  -2.1295274724572565E-015
          24          24   1.9456144901838444E-028
          24          25  -2.7756567917623011E-029
          24          26  -2.1295274724570112E-015
          25           1  -7.0443118279882098E-016
          25           2  -2.4003896427374621E-015
          25           3  -5.2565466212025605E-015
          25           4   3.3488693612416477E-016
          25           5  -5.3291894700458528E-016
          25           6  -3.6326289153212070E-016
          25           7  -6.4992875781186720E-016
          25           8   4.4159768343200439E-016
          25           9  -1.0022937735975780E-016
          25          10   8.7276937957389293E-016
          25          11   3.8654189891057167E-016
          25          12   8.0150725699958424E-019
          25          13  -1.1264506033997050E-016
          25          14  -2.8632216533128999E-017
          25          15   1.1587743498699122E-015
          25          16   3.5969723660680410E-029
          25          17   1.1587743498699085E-015
          25          18   8.4900079227586441E-030
          25          19  -2.1939445435252700E-030
          25          20   1.1587743498698601E-015
          25          21   8.6632466191730532E-017
          25          22  -7.2542542787890159E-030
          25          23   8.6632466191773279E-017
          25          24  -2.7756567917623011E-029
          25          25   1.3757301544926886E-029
          25          26   8.6632466191690448E-017
          26           1  -6.9924656499115195E-002
          26           2 -0.30006769082924978     
          26           3 -0.19257898162079923     
          26           4   3.5463979847509708E-002
          26           5 -0.11633852731771105     
          26           6   1.1402582217360458E-015
          26           7  -8.0103393804533308E-015
          26           8   2.9211469209544519E-014
          26           9  -2.4730554509073991E-015
          26          10   1.0046416643089142E-015
          26          11  -1.0724185739622632E-014
          26          12   1.7997861078254362E-015
          26          13   5.6652558560826359E-016
          26          14   2.8145328705012086E-015
          26          15   8.5870610717079410E-002
          26          16   2.0306726721288357E-015
          26          17   8.5870610717080048E-002
          26          18   4.7902126689153966E-016
          26          19   2.5589101898996360E-015
          26          20   8.5870610717078300E-002
          26          21   3.4857867377368915E-002
          26          22  -2.6070805289738021E-015
          26          23   3.4857867377368949E-002
          26          24  -2.1295274724570112E-015
          26          25   8.6632466191690448E-017
          26          26   3.4857867377367346E-002
