           1           1   2.2061679789585193     
           1           2  0.92417056543951226     
           1           3 -0.72055311010168732     
           1           4  -3.8342653183644590E-002
           1           5  -4.3233497817985217E-002
           1           6   3.9724932821377320E-015
           1           7   7.4547290345227573E-014
           1           8  -3.9663869379081683E-014
           1           9   3.3083303507750627E-015
           1          10   7.0365249401515545E-015
           1          11  -9.7217933169133537E-015
           1          12   2.8529249031993490E-015
           1          13  -5.1007564912963694E-016
           1          14  -6.3128812521022267E-015
           1          15  -4.7422295980781035E-015
           1          16  -6.1554503172898058E-016
           1          17  -2.9171049379881167E-015
           1          18  0.21188141414735287     
           1          19  -4.8964163282105036E-015
           1          20  0.21188141414734896     
           1          21  -4.5473514960371807E-015
           1          22  -2.6273548527380663E-015
           1          23  0.21188141414735334     
           1          24   2.3312366845547820E-002
           1          25   1.6223300491695090E-015
           1          26   2.3312366845555321E-002
           1          27   1.8770886757720015E-015
           1          28   6.3227991470416764E-015
           1          29   2.3312366845552861E-002
           2           1  0.92417056543951226     
           2           2   4.7790402155574467     
           2           3  -5.7627333607749494     
           2           4 -0.10116616923470456     
           2           5 -0.21680983243611085     
           2           6   2.0504162744185657E-014
           2           7   3.2271360830074059E-013
           2           8  -1.7212608797371883E-013
           2           9   2.7538076025099775E-014
           2          10   1.5112070912738817E-014
           2          11  -5.2060017989564573E-014
           2          12   2.8421797094306250E-014
           2          13   2.0456137949989172E-014
           2          14  -6.7919853665447501E-014
           2          15  -3.5147838864371458E-014
           2          16  -1.6093605695446961E-014
           2          17  -1.7678879923011745E-014
           2          18   1.5230269529810876     
           2          19  -4.5206499228914690E-014
           2          20   1.5230269529810636     
           2          21  -3.9643267600908882E-014
           2          22  -1.7673110918843991E-014
           2          23   1.5230269529811151     
           2          24  0.10238765902275125     
           2          25   1.2365364441046610E-014
           2          26  0.10238765902280936     
           2          27   1.1046896394017313E-014
           2          28   5.1987561605703987E-014
           2          29  0.10238765902278547     
           3           1 -0.72055311010168732     
           3           2  -5.7627333607749494     
           3           3   12.580635087717935     
           3           4 -0.13565895353159776     
           3           5  0.24885120458242119     
           3           6  -2.2770901389294598E-015
           3           7  -2.3997272653760163E-013
           3           8   1.4735799395087952E-013
           3           9  -4.9071073450952793E-015
           3          10   1.1517622231154816E-013
           3          11   6.2350013786499054E-014
           3          12  -7.5172565286533449E-014
           3          13  -9.3893104248869562E-014
           3          14   1.6888956812276567E-013
           3          15   8.1263216978498688E-014
           3          16   5.0805128526867078E-014
           3          17   3.8753873158485345E-014
           3          18  -3.0135015699813921     
           3          19   1.1119147297564283E-013
           3          20  -3.0135015699813459     
           3          21   8.9442802256253901E-014
           3          22   3.4754746310017496E-014
           3          23  -3.0135015699814702     
           3          24  -7.6450194116179843E-002
           3          25  -3.5157447132991906E-014
           3          26  -7.6450194116315054E-002
           3          27  -2.4498827809879952E-014
           3          28  -1.1980530507228662E-013
           3          29  -7.6450194116251743E-002
           4           1  -3.8342653183644590E-002
           4           2 -0.10116616923470456     
           4           3 -0.13565895353159776     
           4           4   1.8283571195884363E-002
           4           5   3.8578777315523183E-003
           4           6  -3.1292624439434550E-014
           4           7   5.6748069023408159E-014
           4           8  -2.7112459326687316E-014
           4           9  -6.5523117383910691E-014
           4          10  -9.9257587141886337E-014
           4          11   2.5917809479804638E-014
           4          12   8.9821701345068181E-015
           4          13   8.8564441548611731E-015
           4          14   8.0960902114298878E-016
           4          15  -2.5572533617942859E-015
           4          16  -3.6279548323297548E-015
           4          17   1.4065731927350838E-015
           4          18   3.0465425305258146E-002
           4          19   1.5251546587259643E-015
           4          20   3.0465425305259163E-002
           4          21   1.4921938946554226E-015
           4          22   7.4837069859851646E-016
           4          23   3.0465425305257757E-002
           4          24  -3.0645155203485961E-003
           4          25  -3.5693556124171602E-016
           4          26  -3.0645155203508586E-003
           4          27  -3.7907384160571431E-016
           4          28  -1.6204546923084128E-015
           4          29  -3.0645155203501565E-003
           5           1  -4.3233497817985217E-002
           5           2 -0.21680983243611085     
           5           3  0.24885120458242119     
           5           4   3.8578777315523183E-003
           5           5   1.1664700980982486E-002
           5           6   1.9205664169819482E-015
           5           7  -3.8915650090068410E-013
           5           8   1.3500420197189675E-013
           5           9  -1.0307532021156279E-013
           5          10  -2.4570630470067451E-013
           5          11   6.5885818573073034E-014
           5          12   1.5817468102267206E-014
           5          13   5.1335845480638645E-014
           5          14  -1.7857969218649586E-014
           5          15  -5.3703743404128604E-015
           5          16  -1.7993795873865482E-014
           5          17   5.3761436874508922E-015
           5          18  -7.3681981944090660E-002
           5          19  -3.3663532325967181E-016
           5          20  -7.3681981944090577E-002
           5          21  -1.7178882795865975E-017
           5          22   2.1296001089092966E-016
           5          23  -7.3681981944090535E-002
           5          24  -6.1975570344449601E-003
           5          25   2.7505909875645568E-016
           5          26  -6.1975570344447294E-003
           5          27   8.0304629703883320E-017
           5          28  -1.5174396566252533E-016
           5          29  -6.1975570344448535E-003
           6           1   3.9724932821377320E-015
           6           2   2.0504162744185657E-014
           6           3  -2.2770901389294598E-015
           6           4  -3.1292624439434550E-014
           6           5   1.9205664169819482E-015
           6           6   2.2507559350776747     
           6           7  -3.1448370838339781E-003
           6           8  -4.7521431634282268E-002
           6           9  0.68352624830782127     
           6          10  -9.1384767751521278E-003
           6          11 -0.13809093690220831     
           6          12 -0.13275021493356606     
           6          13  -2.2053755616991094E-003
           6          14  -3.3325288779365705E-002
           6          15   5.6176194597035711E-002
           6          16  -2.4279858276412574E-004
           6          17  -3.6689138242385786E-003
           6          18   1.2769595181693482E-014
           6          19   5.0757718912728118E-015
           6          20   8.4624001703118087E-016
           6          21  -1.7597796293706870E-016
           6          22  -2.4484569723861134E-015
           6          23   4.0183346569319234E-015
           6          24   5.4508321250316419E-015
           6          25   1.6390690635588022E-016
           6          26   1.0560933053593090E-014
           6          27   2.2072821308695474E-015
           6          28   3.3379445243695427E-015
           6          29   2.8635923828074227E-015
           7           1   7.4547290345227573E-014
           7           2   3.2271360830074059E-013
           7           3  -2.3997272653760163E-013
           7           4   5.6748069023408159E-014
           7           5  -3.8915650090068410E-013
           7           6  -3.1448370838339781E-003
           7           7   2.2107338507749876     
           7           8   3.7113417253724860E-003
           7           9  -9.1384767751415009E-003
           7          10  0.56722741369633978     
           7          11   1.0784663643207701E-002
           7          12  -2.2053755616482529E-003
           7          13 -0.16081644675931900     
           7          14   2.6026474898431652E-003
           7          15  -2.4279858278124046E-004
           7          16   5.3086271307222349E-002
           7          17   2.8653583229716465E-004
           7          18   1.2138387319272938E-013
           7          19  -2.2088035048093392E-014
           7          20   1.2610301478455058E-013
           7          21   2.0726927963544656E-014
           7          22  -2.2294354831711209E-014
           7          23   7.3555685869456970E-015
           7          24   1.4869992863149770E-013
           7          25  -7.6593257711911584E-015
           7          26   8.7912501913076066E-014
           7          27  -2.9255059826462736E-014
           7          28  -6.3668759985986527E-014
           7          29   1.7515456003486233E-013
           8           1  -3.9663869379081683E-014
           8           2  -1.7212608797371883E-013
           8           3   1.4735799395087952E-013
           8           4  -2.7112459326687316E-014
           8           5   1.3500420197189675E-013
           8           6  -4.7521431634282268E-002
           8           7   3.7113417253724860E-003
           8           8   2.2665700913981017     
           8           9 -0.13809093690220242     
           8          10   1.0784663643196390E-002
           8          11  0.72948007561278305     
           8          12  -3.3325288779388770E-002
           8          13   2.6026474898401199E-003
           8          14 -0.12166024335533282     
           8          15  -3.6689138242240421E-003
           8          16   2.8653583223596572E-004
           8          17   5.7397133755353408E-002
           8          18  -4.8755733377665616E-014
           8          19   6.9127872819238225E-015
           8          20  -5.2520210159880491E-014
           8          21  -8.3614689996957513E-015
           8          22   8.3623046685819722E-015
           8          23  -1.6580666921221002E-014
           8          24  -4.8907105248143285E-014
           8          25  -1.6395918281384560E-015
           8          26  -2.9528558593008808E-014
           8          27   1.0414048691440067E-014
           8          28   2.1354841263597428E-014
           8          29  -5.8403228598858047E-014
           9           1   3.3083303507750627E-015
           9           2   2.7538076025099775E-014
           9           3  -4.9071073450952793E-015
           9           4  -6.5523117383910691E-014
           9           5  -1.0307532021156279E-013
           9           6  0.68352624830782127     
           9           7  -9.1384767751415009E-003
           9           8 -0.13809093690220242     
           9           9   1.7096408408096591     
           9          10  -2.6555193653502871E-002
           9          11 -0.40127382948565349     
           9          12 -0.12461538330724244     
           9          13  -6.4085269964239844E-003
           9          14  -9.6838840746525268E-002
           9          15   8.7810298506099629E-002
           9          16  -7.0554027138415684E-004
           9          17  -1.0661373826043079E-002
           9          18   5.0853331208202878E-014
           9          19   1.2331246811172357E-014
           9          20   1.2199879629559823E-014
           9          21   5.8448507344371448E-015
           9          22  -1.5293746511837275E-014
           9          23  -2.1193098040457738E-014
           9          24   5.5582089668304655E-014
           9          25  -5.1678633772009918E-015
           9          26   5.0989086132513561E-014
           9          27   1.6329269300807447E-015
           9          28  -7.6723068689892246E-015
           9          29   5.7270809820172856E-014
          10           1   7.0365249401515545E-015
          10           2   1.5112070912738817E-014
          10           3   1.1517622231154816E-013
          10           4  -9.9257587141886337E-014
          10           5  -2.4570630470067451E-013
          10           6  -9.1384767751521278E-003
          10           7  0.56722741369633978     
          10           8   1.0784663643196390E-002
          10           9  -2.6555193653502871E-002
          10          10   1.3716919516490733     
          10          11   3.1338792949705423E-002
          10          12  -6.4085269963945765E-003
          10          13 -0.20617210655496335     
          10          14   7.5629461895028441E-003
          10          15  -7.0554027143333495E-004
          10          16   7.8831393886197670E-002
          10          17   8.3263488007070811E-004
          10          18   9.2924475860552350E-014
          10          19   9.5159905927855445E-015
          10          20   2.6526849650500812E-014
          10          21   2.1573668842963210E-014
          10          22  -1.3571360993166206E-014
          10          23  -7.1772768104651701E-014
          10          24   1.2342813303543410E-013
          10          25  -9.7416007229176323E-015
          10          26   1.0977502853187292E-013
          10          27  -2.2517783155969693E-015
          10          28  -2.2295489652268521E-014
          10          29   1.2814647088531745E-013
          11           1  -9.7217933169133537E-015
          11           2  -5.2060017989564573E-014
          11           3   6.2350013786499054E-014
          11           4   2.5917809479804638E-014
          11           5   6.5885818573073034E-014
          11           6 -0.13809093690220831     
          11           7   1.0784663643207701E-002
          11           8  0.72948007561278305     
          11           9 -0.40127382948565349     
          11          10   3.1338792949705423E-002
          11          11   1.8431765287835327     
          11          12  -9.6838840746541685E-002
          11          13   7.5629461894842539E-003
          11          14  -9.2389406252482473E-002
          11          15  -1.0661373826026974E-002
          11          16   8.3263488007303871E-004
          11          17   9.1358184722445182E-002
          11          18  -3.1576657121047190E-014
          11          19  -1.0559133268937244E-014
          11          20  -1.3542620523338589E-014
          11          21   1.0758482033506787E-016
          11          22   1.4316669437036984E-014
          11          23  -2.9039795108471960E-015
          11          24  -3.0148931744408795E-014
          11          25   9.2877921740209804E-016
          11          26  -2.5879142034145966E-014
          11          27   3.0289262482514831E-015
          11          28   6.6334030713584172E-015
          11          29  -3.4908273018706102E-014
          12           1   2.8529249031993490E-015
          12           2   2.8421797094306250E-014
          12           3  -7.5172565286533449E-014
          12           4   8.9821701345068181E-015
          12           5   1.5817468102267206E-014
          12           6 -0.13275021493356606     
          12           7  -2.2053755616482529E-003
          12           8  -3.3325288779388770E-002
          12           9 -0.12461538330724244     
          12          10  -6.4085269963945765E-003
          12          11  -9.6838840746541685E-002
          12          12   5.4067377321271856E-002
          12          13  -1.5465606765821260E-003
          12          14  -2.3369979271148301E-002
          12          15  -1.0538666289731904E-002
          12          16  -1.7026702705983410E-004
          12          17  -2.5728941341658230E-003
          12          18   1.9139181321711137E-015
          12          19   2.4415499521552106E-016
          12          20   8.1161323373806284E-015
          12          21  -2.1333598273663378E-015
          12          22  -1.2830381347259590E-015
          12          23   1.5877877959028875E-014
          12          24  -9.6586753783086304E-015
          12          25   1.0162527799507575E-015
          12          26  -9.2989263086397716E-015
          12          27  -2.1078051116253340E-016
          12          28   3.2670490120372460E-016
          12          29  -8.9523458733151860E-015
          13           1  -5.1007564912963694E-016
          13           2   2.0456137949989172E-014
          13           3  -9.3893104248869562E-014
          13           4   8.8564441548611731E-015
          13           5   5.1335845480638645E-014
          13           6  -2.2053755616991094E-003
          13           7 -0.16081644675931900     
          13           8   2.6026474898401199E-003
          13           9  -6.4085269964239844E-003
          13          10 -0.20617210655496335     
          13          11   7.5629461894842539E-003
          13          12  -1.5465606765821260E-003
          13          13   3.4385409662158049E-002
          13          14   1.8251550133584356E-003
          13          15  -1.7026702705499186E-004
          13          16  -1.2705532530892273E-002
          13          17   2.0093858763535117E-004
          13          18  -4.4937831449896829E-015
          13          19  -3.2688049114206195E-016
          13          20   3.8875319484732709E-015
          13          21  -3.7813590609867874E-015
          13          22   3.1284520445003069E-015
          13          23   2.2274772170127139E-014
          13          24  -2.4422203745470740E-014
          13          25   1.4959882969664405E-015
          13          26  -1.9721636066104189E-014
          13          27   1.7623500827710807E-015
          13          28   6.0068015819107207E-015
          13          29  -2.6287540126991010E-014
          14           1  -6.3128812521022267E-015
          14           2  -6.7919853665447501E-014
          14           3   1.6888956812276567E-013
          14           4   8.0960902114298878E-016
          14           5  -1.7857969218649586E-014
          14           6  -3.3325288779365705E-002
          14           7   2.6026474898431652E-003
          14           8 -0.12166024335533282     
          14           9  -9.6838840746525268E-002
          14          10   7.5629461895028441E-003
          14          11  -9.2389406252482473E-002
          14          12  -2.3369979271148301E-002
          14          13   1.8251550133584356E-003
          14          14   6.1844426385020079E-002
          14          15  -2.5728941341676441E-003
          14          16   2.0093858763853094E-004
          14          17  -9.6824599711444991E-003
          14          18  -1.8723196218996481E-014
          14          19  -1.4188958608054501E-015
          14          20  -2.1525548335296377E-014
          14          21   1.9694538745281166E-015
          14          22   1.7137147151939860E-015
          14          23  -2.8728196479920815E-014
          14          24   9.7051657007718309E-015
          14          25  -4.2980623885924694E-016
          14          26   8.2324717046310946E-015
          14          27  -1.0864578768105481E-015
          14          28  -1.2959355922412285E-015
          14          29   9.8109461022729604E-015
          15           1  -4.7422295980781035E-015
          15           2  -3.5147838864371458E-014
          15           3   8.1263216978498688E-014
          15           4  -2.5572533617942859E-015
          15           5  -5.3703743404128604E-015
          15           6   5.6176194597035711E-002
          15           7  -2.4279858278124046E-004
          15           8  -3.6689138242240421E-003
          15           9   8.7810298506099629E-002
          15          10  -7.0554027143333495E-004
          15          11  -1.0661373826026974E-002
          15          12  -1.0538666289731904E-002
          15          13  -1.7026702705499186E-004
          15          14  -2.5728941341676441E-003
          15          15   4.9957462803811659E-003
          15          16  -1.8745375427746261E-005
          15          17  -2.8326016676498422E-004
          15          18  -9.6059826228841262E-015
          15          19   5.4932180653302169E-016
          15          20  -1.1828921426441804E-014
          15          21   4.1029535332053784E-016
          15          22  -5.6814282486698946E-016
          15          23  -1.3816009732928684E-014
          15          24   3.8030561870122152E-015
          15          25  -2.9925341480856901E-016
          15          26   3.6257559742167628E-015
          15          27   1.1029201735809353E-016
          15          28  -3.1783751864568301E-016
          15          29   3.7989103140472469E-015
          16           1  -6.1554503172898058E-016
          16           2  -1.6093605695446961E-014
          16           3   5.0805128526867078E-014
          16           4  -3.6279548323297548E-015
          16           5  -1.7993795873865482E-014
          16           6  -2.4279858276412574E-004
          16           7   5.3086271307222349E-002
          16           8   2.8653583223596572E-004
          16           9  -7.0554027138415684E-004
          16          10   7.8831393886197670E-002
          16          11   8.3263488007303871E-004
          16          12  -1.7026702705983410E-004
          16          13  -1.2705532530892273E-002
          16          14   2.0093858763853094E-004
          16          15  -1.8745375427746261E-005
          16          16   4.7571873421564858E-003
          16          17   2.2122129739691574E-005
          16          18  -5.3393026390186966E-016
          16          19   2.1928569911739870E-016
          16          20  -3.9229136031487784E-015
          16          21   1.4010650899313981E-015
          16          22  -1.0188911749387440E-015
          16          23  -1.0578725657207347E-014
          16          24   8.9346288330875503E-015
          16          25  -5.7375906748072660E-016
          16          26   7.4426763163861465E-015
          16          27  -5.1132077610811208E-016
          16          28  -1.9821296500029505E-015
          16          29   9.5037619064902380E-015
          17           1  -2.9171049379881167E-015
          17           2  -1.7678879923011745E-014
          17           3   3.8753873158485345E-014
          17           4   1.4065731927350838E-015
          17           5   5.3761436874508922E-015
          17           6  -3.6689138242385786E-003
          17           7   2.8653583229716465E-004
          17           8   5.7397133755353408E-002
          17           9  -1.0661373826043079E-002
          17          10   8.3263488007070811E-004
          17          11   9.1358184722445182E-002
          17          12  -2.5728941341658230E-003
          17          13   2.0093858763535117E-004
          17          14  -9.6824599711444991E-003
          17          15  -2.8326016676498422E-004
          17          16   2.2122129739691574E-005
          17          17   5.0900094454958498E-003
          17          18  -7.4594540416454607E-015
          17          19  -2.7704074960681750E-016
          17          20  -6.5169030837174361E-015
          17          21  -2.1808270840226766E-016
          17          22   5.5278249292487637E-016
          17          23  -5.1871661987216613E-015
          17          24  -1.9598415652573237E-015
          17          25   5.8961157362027243E-017
          17          26  -1.4894492431729103E-015
          17          27   3.1126069397148204E-016
          17          28   5.7713240718786207E-016
          17          29  -2.2541263840479037E-015
          18           1  0.21188141414735287     
          18           2   1.5230269529810876     
          18           3  -3.0135015699813921     
          18           4   3.0465425305258146E-002
          18           5  -7.3681981944090660E-002
          18           6   1.2769595181693482E-014
          18           7   1.2138387319272938E-013
          18           8  -4.8755733377665616E-014
          18           9   5.0853331208202878E-014
          18          10   9.2924475860552350E-014
          18          11  -3.1576657121047190E-014
          18          12   1.9139181321711137E-015
          18          13  -4.4937831449896829E-015
          18          14  -1.8723196218996481E-014
          18          15  -9.6059826228841262E-015
          18          16  -5.3393026390186966E-016
          18          17  -7.4594540416454607E-015
          18          18  0.76412688439140597     
          18          19  -1.5575237266092995E-014
          18          20  0.76412688439139920     
          18          21  -1.3042342806493733E-014
          18          22  -5.5821062128599176E-015
          18          23  0.76412688439141807     
          18          24   2.8821986108844913E-002
          18          25   4.5267482914464411E-015
          18          26   2.8821986108863974E-002
          18          27   3.3574774155341105E-015
          18          28   1.8445809963385933E-014
          18          29   2.8821986108854697E-002
          19           1  -4.8964163282105036E-015
          19           2  -4.5206499228914690E-014
          19           3   1.1119147297564283E-013
          19           4   1.5251546587259643E-015
          19           5  -3.3663532325967181E-016
          19           6   5.0757718912728118E-015
          19           7  -2.2088035048093392E-014
          19           8   6.9127872819238225E-015
          19           9   1.2331246811172357E-014
          19          10   9.5159905927855445E-015
          19          11  -1.0559133268937244E-014
          19          12   2.4415499521552106E-016
          19          13  -3.2688049114206195E-016
          19          14  -1.4188958608054501E-015
          19          15   5.4932180653302169E-016
          19          16   2.1928569911739870E-016
          19          17  -2.7704074960681750E-016
          19          18  -1.5575237266092995E-014
          19          19   5.5623892728069840E-027
          19          20  -1.5575237266092910E-014
          19          21   3.2128018119211461E-027
          19          22   1.4969107011765407E-027
          19          23  -1.5575237266095807E-014
          19          24   1.4125287546711993E-015
          19          25  -1.7011900532730930E-027
          19          26   1.4125287546672016E-015
          19          27  -6.0225105812999351E-029
          19          28  -2.9715582510556935E-027
          19          29   1.4125287546675451E-015
          20           1  0.21188141414734896     
          20           2   1.5230269529810636     
          20           3  -3.0135015699813459     
          20           4   3.0465425305259163E-002
          20           5  -7.3681981944090577E-002
          20           6   8.4624001703118087E-016
          20           7   1.2610301478455058E-013
          20           8  -5.2520210159880491E-014
          20           9   1.2199879629559823E-014
          20          10   2.6526849650500812E-014
          20          11  -1.3542620523338589E-014
          20          12   8.1161323373806284E-015
          20          13   3.8875319484732709E-015
          20          14  -2.1525548335296377E-014
          20          15  -1.1828921426441804E-014
          20          16  -3.9229136031487784E-015
          20          17  -6.5169030837174361E-015
          20          18  0.76412688439139920     
          20          19  -1.5575237266092910E-014
          20          20  0.76412688439139231     
          20          21  -1.3042342806493035E-014
          20          22  -5.5821062128591382E-015
          20          23  0.76412688439141130     
          20          24   2.8821986108845343E-002
          20          25   4.5267482914466265E-015
          20          26   2.8821986108864404E-002
          20          27   3.3574774155325631E-015
          20          28   1.8445809963383367E-014
          20          29   2.8821986108855127E-002
          21           1  -4.5473514960371807E-015
          21           2  -3.9643267600908882E-014
          21           3   8.9442802256253901E-014
          21           4   1.4921938946554226E-015
          21           5  -1.7178882795865975E-017
          21           6  -1.7597796293706870E-016
          21           7   2.0726927963544656E-014
          21           8  -8.3614689996957513E-015
          21           9   5.8448507344371448E-015
          21          10   2.1573668842963210E-014
          21          11   1.0758482033506787E-016
          21          12  -2.1333598273663378E-015
          21          13  -3.7813590609867874E-015
          21          14   1.9694538745281166E-015
          21          15   4.1029535332053784E-016
          21          16   1.4010650899313981E-015
          21          17  -2.1808270840226766E-016
          21          18  -1.3042342806493733E-014
          21          19   3.2128018119211461E-027
          21          20  -1.3042342806493035E-014
          21          21   3.5228712527816418E-027
          21          22   5.1586009175263797E-028
          21          23  -1.3042342806500100E-014
          21          24   9.6083307438353884E-016
          21          25  -1.3169566288358919E-027
          21          26   9.6083307437797501E-016
          21          27  -1.4152938151862617E-027
          21          28  -4.8147512451042877E-027
          21          29   9.6083307438149411E-016
          22           1  -2.6273548527380663E-015
          22           2  -1.7673110918843991E-014
          22           3   3.4754746310017496E-014
          22           4   7.4837069859851646E-016
          22           5   2.1296001089092966E-016
          22           6  -2.4484569723861134E-015
          22           7  -2.2294354831711209E-014
          22           8   8.3623046685819722E-015
          22           9  -1.5293746511837275E-014
          22          10  -1.3571360993166206E-014
          22          11   1.4316669437036984E-014
          22          12  -1.2830381347259590E-015
          22          13   3.1284520445003069E-015
          22          14   1.7137147151939860E-015
          22          15  -5.6814282486698946E-016
          22          16  -1.0188911749387440E-015
          22          17   5.5278249292487637E-016
          22          18  -5.5821062128599176E-015
          22          19   1.4969107011765407E-027
          22          20  -5.5821062128591382E-015
          22          21   5.1586009175263797E-028
          22          22   1.1257467954609159E-027
          22          23  -5.5821062128577695E-015
          22          24   2.1749886769287237E-016
          22          25  -3.5570756478359012E-028
          22          26   2.1749886769254070E-016
          22          27   3.5581300356320987E-028
          22          28   1.1125379960528125E-028
          22          29   2.1749886769149460E-016
          23           1  0.21188141414735334     
          23           2   1.5230269529811151     
          23           3  -3.0135015699814702     
          23           4   3.0465425305257757E-002
          23           5  -7.3681981944090535E-002
          23           6   4.0183346569319234E-015
          23           7   7.3555685869456970E-015
          23           8  -1.6580666921221002E-014
          23           9  -2.1193098040457738E-014
          23          10  -7.1772768104651701E-014
          23          11  -2.9039795108471960E-015
          23          12   1.5877877959028875E-014
          23          13   2.2274772170127139E-014
          23          14  -2.8728196479920815E-014
          23          15  -1.3816009732928684E-014
          23          16  -1.0578725657207347E-014
          23          17  -5.1871661987216613E-015
          23          18  0.76412688439141807     
          23          19  -1.5575237266095807E-014
          23          20  0.76412688439141130     
          23          21  -1.3042342806500100E-014
          23          22  -5.5821062128577695E-015
          23          23  0.76412688439143006     
          23          24   2.8821986108844039E-002
          23          25   4.5267482914488203E-015
          23          26   2.8821986108863100E-002
          23          27   3.3574774155367922E-015
          23          28   1.8445809963394803E-014
          23          29   2.8821986108853823E-002
          24           1   2.3312366845547820E-002
          24           2  0.10238765902275125     
          24           3  -7.6450194116179843E-002
          24           4  -3.0645155203485961E-003
          24           5  -6.1975570344449601E-003
          24           6   5.4508321250316419E-015
          24           7   1.4869992863149770E-013
          24           8  -4.8907105248143285E-014
          24           9   5.5582089668304655E-014
          24          10   1.2342813303543410E-013
          24          11  -3.0148931744408795E-014
          24          12  -9.6586753783086304E-015
          24          13  -2.4422203745470740E-014
          24          14   9.7051657007718309E-015
          24          15   3.8030561870122152E-015
          24          16   8.9346288330875503E-015
          24          17  -1.9598415652573237E-015
          24          18   2.8821986108844913E-002
          24          19   1.4125287546711993E-015
          24          20   2.8821986108845343E-002
          24          21   9.6083307438353884E-016
          24          22   2.1749886769287237E-016
          24          23   2.8821986108844039E-002
          24          24   3.7617211005679988E-003
          24          25  -5.6643750725354077E-016
          24          26   3.7617211005663911E-003
          24          27  -3.1903502734554016E-016
          24          28  -1.1309831106554019E-015
          24          29   3.7617211005671327E-003
          25           1   1.6223300491695090E-015
          25           2   1.2365364441046610E-014
          25           3  -3.5157447132991906E-014
          25           4  -3.5693556124171602E-016
          25           5   2.7505909875645568E-016
          25           6   1.6390690635588022E-016
          25           7  -7.6593257711911584E-015
          25           8  -1.6395918281384560E-015
          25           9  -5.1678633772009918E-015
          25          10  -9.7416007229176323E-015
          25          11   9.2877921740209804E-016
          25          12   1.0162527799507575E-015
          25          13   1.4959882969664405E-015
          25          14  -4.2980623885924694E-016
          25          15  -2.9925341480856901E-016
          25          16  -5.7375906748072660E-016
          25          17   5.8961157362027243E-017
          25          18   4.5267482914464411E-015
          25          19  -1.7011900532730930E-027
          25          20   4.5267482914466265E-015
          25          21  -1.3169566288358919E-027
          25          22  -3.5570756478359012E-028
          25          23   4.5267482914488203E-015
          25          24  -5.6643750725354077E-016
          25          25   6.6243687575811428E-028
          25          26  -5.6643750725173230E-016
          25          27   2.3981889135387791E-028
          25          28   1.4949059200653087E-027
          25          29  -5.6643750725249888E-016
          26           1   2.3312366845555321E-002
          26           2  0.10238765902280936     
          26           3  -7.6450194116315054E-002
          26           4  -3.0645155203508586E-003
          26           5  -6.1975570344447294E-003
          26           6   1.0560933053593090E-014
          26           7   8.7912501913076066E-014
          26           8  -2.9528558593008808E-014
          26           9   5.0989086132513561E-014
          26          10   1.0977502853187292E-013
          26          11  -2.5879142034145966E-014
          26          12  -9.2989263086397716E-015
          26          13  -1.9721636066104189E-014
          26          14   8.2324717046310946E-015
          26          15   3.6257559742167628E-015
          26          16   7.4426763163861465E-015
          26          17  -1.4894492431729103E-015
          26          18   2.8821986108863974E-002
          26          19   1.4125287546672016E-015
          26          20   2.8821986108864404E-002
          26          21   9.6083307437797501E-016
          26          22   2.1749886769254070E-016
          26          23   2.8821986108863100E-002
          26          24   3.7617211005663911E-003
          26          25  -5.6643750725173230E-016
          26          26   3.7617211005647826E-003
          26          27  -3.1903502734229671E-016
          26          28  -1.1309831106463991E-015
          26          29   3.7617211005655251E-003
          27           1   1.8770886757720015E-015
          27           2   1.1046896394017313E-014
          27           3  -2.4498827809879952E-014
          27           4  -3.7907384160571431E-016
          27           5   8.0304629703883320E-017
          27           6   2.2072821308695474E-015
          27           7  -2.9255059826462736E-014
          27           8   1.0414048691440067E-014
          27           9   1.6329269300807447E-015
          27          10  -2.2517783155969693E-015
          27          11   3.0289262482514831E-015
          27          12  -2.1078051116253340E-016
          27          13   1.7623500827710807E-015
          27          14  -1.0864578768105481E-015
          27          15   1.1029201735809353E-016
          27          16  -5.1132077610811208E-016
          27          17   3.1126069397148204E-016
          27          18   3.3574774155341105E-015
          27          19  -6.0225105812999351E-029
          27          20   3.3574774155325631E-015
          27          21  -1.4152938151862617E-027
          27          22   3.5581300356320987E-028
          27          23   3.3574774155367922E-015
          27          24  -3.1903502734554016E-016
          27          25   2.3981889135387791E-028
          27          26  -3.1903502734229671E-016
          27          27   1.4193340606252489E-027
          27          28   2.9904401586552831E-027
          27          29  -3.1903502734555229E-016
          28           1   6.3227991470416764E-015
