           1           1   2.1774382117983038     
           1           2  0.65926210792439865     
           1           3  -5.0180466105731403E-002
           1           4  -6.0154860321138912E-002
           1           5   4.0458443388539534E-003
           1           6   1.0233829410899396E-013
           1           7  -1.8141766754774500E-014
           1           8  -1.2584438839179191E-013
           1           9   3.2050773335277969E-014
           1          10   2.3507383320587793E-014
           1          11  -7.5136295362717071E-014
           1          12   5.0403543117797511E-014
           1          13  -4.6866404079889292E-014
           1          14  -8.0772965499609727E-014
           1          15  -7.7378562810941615E-014
           1          16   4.3226483859424713E-014
           1          17   8.8878470709424158E-014
           1          18  -2.2494969622435482E-002
           1          19   2.8255770755323444E-004
           1          20  -2.2027566490986625E-002
           1          21   2.6521334876909155E-004
           1          22  -1.1344394986062599E-004
           1          23  -2.2015110830333674E-002
           1          24  -3.8785784849441475E-003
           1          25   6.3954018778484504E-004
           1          26  -2.8206597715293600E-003
           1          27   6.0028302250694819E-004
           1          28  -2.5676866347984582E-004
           1          29  -2.7924676701482722E-003
           2           1  0.65926210792439865     
           2           2   2.6416531070980285     
           2           3 -0.68750515541929824     
           2           4 -0.39356525828119948     
           2           5   3.0764441727285426E-003
           2           6   4.8079772877981259E-014
           2           7   3.9111441167897447E-014
           2           8  -1.2666267212689110E-013
           2           9   2.9031028827157428E-014
           2          10   4.3249579050226413E-014
           2          11  -1.8971666347213961E-013
           2          12   4.8386582940999906E-014
           2          13  -3.4892736621930746E-014
           2          14  -1.8697727154290614E-013
           2          15  -1.3316219897535285E-013
           2          16   8.3529076052546278E-014
           2          17   1.1256536844645431E-013
           2          18  -1.9710916898468104E-002
           2          19   1.6868930492871994E-003
           2          20  -1.6920481271550093E-002
           2          21   1.5833457818401134E-003
           2          22  -6.7726982968216790E-004
           2          23  -1.6846119940041142E-002
           2          24  -1.1665198336296189E-002
           2          25   4.2293104505131875E-003
           2          26  -4.6691302908958470E-003
           2          27   3.9697009031399227E-003
           2          28  -1.6980236945777448E-003
           2          29  -4.4826945496598478E-003
           3           1  -5.0180466105731403E-002
           3           2 -0.68750515541929824     
           3           3   1.0901500663156432     
           3           4  0.51353729965442496     
           3           5  -3.5927494718326680E-002
           3           6   1.5062124803363435E-013
           3           7  -1.8516410888475462E-013
           3           8   2.8492902455676940E-014
           3           9   6.0891109404517398E-014
           3          10  -7.8977758624997123E-014
           3          11   2.2143621528414736E-013
           3          12   5.9471548380458915E-014
           3          13  -6.7926108221844083E-014
           3          14   2.9434086190627464E-013
           3          15   5.1036102427057662E-014
           3          16  -4.5964089607588668E-014
           3          17  -2.0205409475048532E-015
           3          18   4.0036709673650077E-002
           3          19  -2.0649706322277035E-003
           3          20   3.6620863231648260E-002
           3          21  -1.9382156688144345E-003
           3          22   8.2906400540293940E-004
           3          23   3.6529835548666199E-002
           3          24   3.7648623450920175E-002
           3          25  -6.4290123364878562E-003
           3          26   2.7013838348832614E-002
           3          27  -6.0343775606765820E-003
           3          28   2.5811808824313517E-003
           3          29   2.6730435724622095E-002
           4           1  -6.0154860321138912E-002
           4           2 -0.39356525828119948     
           4           3  0.51353729965442496     
           4           4  0.24437178753094929     
           4           5  -1.6348581568308540E-002
           4           6  -2.5236348307513629E-013
           4           7   2.8126158735751810E-013
           4           8   1.4910982066260238E-013
           4           9  -6.5323391933433924E-014
           4          10   1.0522347479283043E-014
           4          11  -6.5399305921806217E-014
           4          12  -1.0863438556671671E-013
           4          13   5.2079637727894749E-014
           4          14  -6.1702922044375063E-014
           4          15   1.6561339521851775E-014
           4          16  -1.8498732779004269E-014
           4          17  -1.4836598127712873E-014
           4          18   1.9132542804039851E-002
           4          19  -1.2968973521283872E-003
           4          20   1.6987232775511348E-002
           4          21  -1.2172893549066820E-003
           4          22   5.2069065612282564E-004
           4          23   1.6930063167793517E-002
           4          24   1.7592832196911400E-002
           4          25  -3.1777968937002398E-003
           4          26   1.2336163630460806E-002
           4          27  -2.9827328466703971E-003
           4          28   1.2758520533062184E-003
           4          29   1.2196080530328765E-002
           5           1   4.0458443388539534E-003
           5           2   3.0764441727285426E-003
           5           3  -3.5927494718326680E-002
           5           4  -1.6348581568308540E-002
           5           5   1.3945602024749873E-003
           5           6   1.5221630757395994E-013
           5           7  -1.0029584122451210E-013
           5           8  -1.6306951415926464E-013
           5           9   9.2022002141065396E-014
           5          10   5.4622951036791530E-014
           5          11  -1.0787708201766017E-013
           5          12   1.2793038531667067E-013
           5          13   5.7568021614297180E-014
           5          14  -1.4519569474759031E-013
           5          15   1.3460558216602326E-014
           5          16   1.3280235212887897E-015
           5          17  -1.0935910535527496E-014
           5          18  -1.4051756415909384E-003
           5          19   2.5146663236341911E-006
           5          20  -1.4010159146324722E-003
           5          21   2.3603074935762535E-006
           5          22  -1.0096120971327214E-006
           5          23  -1.4009050635372011E-003
           5          24  -1.3318517007935488E-003
           5          25   1.8324595674081882E-004
           5          26  -1.0287287219020854E-003
           5          27   1.7199769289165856E-004
           5          28  -7.3571325666938327E-005
           5          29  -1.0206509049220753E-003
           6           1   1.0233829410899396E-013
           6           2   4.8079772877981259E-014
           6           3   1.5062124803363435E-013
           6           4  -2.5236348307513629E-013
           6           5   1.5221630757395994E-013
           6           6   2.0601047806569257     
           6           7  -2.0597825528611700E-002
           6           8  -1.9333460515535934E-002
           6           9  0.13535792169892993     
           6          10  -3.6324487130223397E-002
           6          11  -3.4094765817347251E-002
           6          12  0.29703805488794582     
           6          13  -4.8758738994518526E-002
           6          14  -4.5765760755119005E-002
           6          15   2.9475413980060719E-002
           6          16  -1.0276572827377695E-002
           6          17  -9.6457616233316008E-003
           6          18   1.5139585284758230E-014
           6          19  -2.7500374250459467E-014
           6          20   2.4264051598795899E-015
           6          21  -1.1266180582374342E-014
           6          22   2.6734153325820260E-014
           6          23   1.0566669906707837E-014
           6          24   5.1686868717199926E-015
           6          25  -1.3782344727174988E-014
           6          26  -1.8060859653557787E-014
           6          27  -1.0693781156517710E-013
           6          28  -1.6654458035087406E-014
           6          29  -2.9560438319119921E-014
           7           1  -1.8141766754774500E-014
           7           2   3.9111441167897447E-014
           7           3  -1.8516410888475462E-013
           7           4   2.8126158735751810E-013
           7           5  -1.0029584122451210E-013
           7           6  -2.0597825528611700E-002
           7           7   2.0207610803878113     
           7           8   8.2698104608808880E-003
           7           9  -3.6324487130264697E-002
           7          10   6.5974882589706602E-002
           7          11   1.4583899802733221E-002
           7          12  -4.8758738994473139E-002
           7          13  0.20390447581149646     
           7          14   1.9576121238900551E-002
           7          15  -1.0276572827376984E-002
           7          16   9.8462351336204845E-003
           7          17   4.1259359805525479E-003
           7          18  -1.4714253880903415E-014
           7          19   1.2295942918451276E-013
           7          20  -2.6811282125646140E-014
           7          21   1.7312210246604725E-013
           7          22   1.1273157260096553E-013
           7          23  -4.3419688596318953E-014
           7          24  -5.6354839409178348E-015
           7          25   1.8974377268817041E-013
           7          26   7.6590101986308614E-015
           7          27   1.0286462618316915E-013
           7          28  -6.6317101768176871E-014
           7          29   2.7097087604988463E-014
           8           1  -1.2584438839179191E-013
           8           2  -1.2666267212689110E-013
           8           3   2.8492902455676940E-014
           8           4   1.4910982066260238E-013
           8           5  -1.6306951415926464E-013
           8           6  -1.9333460515535934E-002
           8           7   8.2698104608808880E-003
           8           8   2.0197126240431187     
           8           9  -3.4094765817285558E-002
           8          10   1.4583899802715784E-002
           8          11   6.4125918538065901E-002
           8          12  -4.5765760755203826E-002
           8          13   1.9576121238887741E-002
           8          14  0.20142259202624396     
           8          15  -9.6457616233223704E-003
           8          16   4.1259359806403214E-003
           8          17   9.3231440941494367E-003
           8          18  -6.5646933165471242E-015
           8          19  -9.0887084413839119E-014
           8          20  -7.3981381461127249E-015
           8          21  -2.3114389957376827E-013
           8          22  -2.2765718601413598E-013
           8          23   3.3717927147270557E-014
           8          24   2.8299567946396761E-014
           8          25  -1.5813196052960729E-013
           8          26   4.8775587483130318E-015
           8          27   2.6186109953781040E-014
           8          28   2.2986606889399240E-013
           8          29  -4.6409787947031362E-014
           9           1   3.2050773335277969E-014
           9           2   2.9031028827157428E-014
           9           3   6.0891109404517398E-014
           9           4  -6.5323391933433924E-014
           9           5   9.2022002141065396E-014
           9           6  0.13535792169892993     
           9           7  -3.6324487130264697E-002
           9           8  -3.4094765817285558E-002
           9           9  0.39640646263113960     
           9          10  -6.1607700367132409E-002
           9          11  -5.7826008912943386E-002
           9          12  0.51871735413502629     
           9          13  -8.8440029667394920E-002
           9          14  -8.3011278027278423E-002
           9          15   6.0469342586459723E-002
           9          16  -1.8254226526518584E-002
           9          17  -1.7133719640811798E-002
           9          18  -2.4433888629443932E-015
           9          19   1.1999639479252249E-014
           9          20  -2.7674671388522016E-015
           9          21  -1.9784321797542885E-014
           9          22  -1.5158039817225000E-014
           9          23   2.1625733153420537E-014
           9          24  -2.5100749360921578E-014
           9          25  -2.1588197670594723E-014
           9          26  -2.1848395754922419E-014
           9          27  -3.2063563446650697E-014
           9          28   2.5780623679105962E-014
           9          29  -5.9410922141218466E-014
          10           1   2.3507383320587793E-014
          10           2   4.3249579050226413E-014
          10           3  -7.8977758624997123E-014
          10           4   1.0522347479283043E-014
          10           5   5.4622951036791530E-014
          10           6  -3.6324487130223397E-002
          10           7   6.5974882589706602E-002
          10           8   1.4583899802715784E-002
          10           9  -6.1607700367132409E-002
          10          10  0.27873021110800472     
          10          11   2.4734844183947832E-002
          10          12  -8.8440029667261333E-002
          10          13  0.34978893911837544     
          10          14   3.5507742383027729E-002
          10          15  -1.8254226526544740E-002
          10          16   2.5602127298674011E-002
          10          17   7.3288800934058042E-003
          10          18  -2.2647961577095928E-015
          10          19  -4.5992023708196972E-014
          10          20   2.6034512385766014E-015
          10          21  -1.0678859863469895E-015
          10          22   4.4521218955603461E-014
          10          23  -3.4031164463812845E-014
          10          24  -1.2270819578499285E-014
          10          25   2.3801284183408229E-014
          10          26   4.2398690825063059E-015
          10          27  -1.0448898041294340E-014
          10          28  -9.4036313150920385E-014
          10          29   5.3314144109585263E-014
          11           1  -7.5136295362717071E-014
          11           2  -1.8971666347213961E-013
          11           3   2.2143621528414736E-013
          11           4  -6.5399305921806217E-014
          11           5  -1.0787708201766017E-013
          11           6  -3.4094765817347251E-002
          11           7   1.4583899802733221E-002
          11           8   6.4125918538065901E-002
          11           9  -5.7826008912943386E-002
          11          10   2.4734844183947832E-002
          11          11  0.27559429833162080     
          11          12  -8.3011278027539034E-002
          11          13   3.5507742383045118E-002
          11          14  0.34528722557700403     
          11          15  -1.7133719640865401E-002
          11          16   7.3288800935578120E-003
          11          17   2.4672963219489814E-002
          11          18   3.5514705945903169E-015
          11          19   7.4049402622552824E-014
          11          20   8.9945403301491763E-015
          11          21  -3.8826595125797889E-015
          11          22  -1.1746073342024670E-013
          11          23   6.8005468970638200E-014
          11          24   3.3951392573132179E-014
          11          25  -9.1320529798747890E-014
          11          26  -4.9858630235962887E-015
          11          27   1.2736001124537179E-014
          11          28   2.0304944675773297E-013
          11          29  -8.5602150600869710E-014
          12           1   5.0403543117797511E-014
          12           2   4.8386582940999906E-014
          12           3   5.9471548380458915E-014
          12           4  -1.0863438556671671E-013
          12           5   1.2793038531667067E-013
          12           6  0.29703805488794582     
          12           7  -4.8758738994473139E-002
          12           8  -4.5765760755203826E-002
          12           9  0.51871735413502629     
          12          10  -8.8440029667261333E-002
          12          11  -8.3011278027539034E-002
          12          12  0.68637002513898115     
          12          13 -0.12553354766506458     
          12          14 -0.11782786896599036     
          12          15   8.0281458763871355E-002
          12          16  -2.4883317572376856E-002
          12          17  -2.3355894395168098E-002
          12          18  -4.1632589969489581E-015
          12          19   1.4572991679249950E-014
          12          20  -3.8335342080999802E-015
          12          21  -2.5000944073402455E-014
          12          22  -1.6738536818264103E-014
          12          23   2.7921086672261801E-014
          12          24  -3.3678120734965643E-014
          12          25  -2.6361200430441561E-014
          12          26  -2.9646751314498929E-014
          12          27  -4.6849019769247687E-014
          12          28   2.9637010024003184E-014
          12          29  -7.7280055466756662E-014
          13           1  -4.6866404079889292E-014
          13           2  -3.4892736621930746E-014
          13           3  -6.7926108221844083E-014
          13           4   5.2079637727894749E-014
          13           5   5.7568021614297180E-014
          13           6  -4.8758738994518526E-002
          13           7  0.20390447581149646     
          13           8   1.9576121238887741E-002
          13           9  -8.8440029667394920E-002
          13          10  0.34978893911837544     
          13          11   3.5507742383045118E-002
          13          12 -0.12553354766506458     
          13          13  0.44658965285471630     
          13          14   5.0400399996352617E-002
          13          15  -2.4883317572423160E-002
          13          16   3.2752083054088887E-002
          13          17   9.9903904747491636E-003
          13          18  -1.3454557656664789E-015
          13          19  -4.9535311606893573E-014
          13          20   3.2708458378608552E-015
          13          21   9.1867701281124302E-015
          13          22   6.1202259100212760E-014
          13          23  -4.3171114031238988E-014
          13          24  -1.3199329546999811E-014
          13          25   4.0047337333093472E-014
          13          26   6.9397725667911528E-015
          13          27  -6.2335974088881745E-015
          13          28  -1.1865200205346466E-013
          13          29   6.8577767108271122E-014
          14           1  -8.0772965499609727E-014
          14           2  -1.8697727154290614E-013
          14           3   2.9434086190627464E-013
          14           4  -6.1702922044375063E-014
          14           5  -1.4519569474759031E-013
          14           6  -4.5765760755119005E-002
          14           7   1.9576121238900551E-002
          14           8  0.20142259202624396     
          14           9  -8.3011278027278423E-002
          14          10   3.5507742383027729E-002
          14          11  0.34528722557700403     
          14          12 -0.11782786896599036     
          14          13   5.0400399996352617E-002
          14          14  0.44019983058105799     
          14          15  -2.3355894395209416E-002
          14          16   9.9903904749349924E-003
          14          17   3.1485489543454773E-002
          14          18   6.2612989184900678E-015
          14          19   8.3422498806515175E-014
          14          20   1.0426831489324062E-014
          14          21  -1.9693780904474173E-014
          14          22  -1.5713648960161165E-013
          14          23   8.4529450044592280E-014
          14          24   4.6009213516125930E-014
          14          25  -1.2223827639261691E-013
          14          26  -4.5832431221633825E-015
          14          27   1.7102984191127489E-014
          14          28   2.6299846278283101E-013
          14          29  -1.0599251882091743E-013
          15           1  -7.7378562810941615E-014
          15           2  -1.3316219897535285E-013
          15           3   5.1036102427057662E-014
          15           4   1.6561339521851775E-014
          15           5   1.3460558216602326E-014
          15           6   2.9475413980060719E-002
          15           7  -1.0276572827376984E-002
          15           8  -9.6457616233223704E-003
          15           9   6.0469342586459723E-002
          15          10  -1.8254226526544740E-002
          15          11  -1.7133719640865401E-002
          15          12   8.0281458763871355E-002
          15          13  -2.4883317572423160E-002
          15          14  -2.3355894395209416E-002
          15          15   1.0146861173150678E-002
          15          16  -3.8028576344316042E-003
          15          17  -3.5694252203746224E-003
          15          18   2.0970998309988183E-015
          15          19   5.7140084351503267E-016
          15          20   4.1387169863238523E-016
          15          21  -3.5032627235435856E-015
          15          22   3.5170811166620035E-016
          15          23   3.9421088074220727E-015
          15          24  -2.3860263095760935E-015
          15          25  -1.9049447586829964E-015
          15          26  -2.7557499841691720E-015
          15          27  -5.7804760944954070E-015
          15          28   8.8185130380761030E-016
          15          29  -6.4867340097139626E-015
          16           1   4.3226483859424713E-014
          16           2   8.3529076052546278E-014
          16           3  -4.5964089607588668E-014
          16           4  -1.8498732779004269E-014
          16           5   1.3280235212887897E-015
          16           6  -1.0276572827377695E-002
          16           7   9.8462351336204845E-003
          16           8   4.1259359806403214E-003
          16           9  -1.8254226526518584E-002
          16          10   2.5602127298674011E-002
          16          11   7.3288800935578120E-003
          16          12  -2.4883317572376856E-002
          16          13   3.2752083054088887E-002
          16          14   9.9903904749349924E-003
          16          15  -3.8028576344316042E-003
          16          16   2.8830608880138575E-003
          16          17   1.5268073711485620E-003
          16          18  -2.8922646600946887E-015
          16          19  -1.7932863699175110E-015
          16          20   1.5907418223535154E-016
          16          21   2.1314557079118368E-015
          16          22   2.1523447971090840E-015
          16          23  -3.1512863993772182E-015
          16          24  -1.9896676288747730E-015
          16          25   2.6692040609810879E-015
          16          26   5.1665218130809312E-016
          16          27   1.4436543528986297E-015
          16          28  -6.5470149839359140E-015
          16          29   4.4766920799543070E-015
          17           1   8.8878470709424158E-014
          17           2   1.1256536844645431E-013
          17           3  -2.0205409475048532E-015
          17           4  -1.4836598127712873E-014
          17           5  -1.0935910535527496E-014
          17           6  -9.6457616233316008E-003
          17           7   4.1259359805525479E-003
          17           8   9.3231440941494367E-003
          17           9  -1.7133719640811798E-002
          17          10   7.3288800934058042E-003
          17          11   2.4672963219489814E-002
          17          12  -2.3355894395168098E-002
          17          13   9.9903904747491636E-003
          17          14   3.1485489543454773E-002
          17          15  -3.5694252203746224E-003
          17          16   1.5268073711485620E-003
          17          17   2.6894904451608757E-003
          17          18  -1.7929884154230589E-016
          17          19   4.3738954249865527E-015
          17          20  -5.3473261818734391E-016
          17          21  -4.4208631450880050E-016
          17          22  -8.6941221969909529E-015
          17          23   2.8910798994349015E-015
          17          24   3.5152134445566806E-015
          17          25  -6.8054988338116166E-015
          17          26   3.5037844651606589E-016
          17          27   1.9340981714814886E-015
          17          28   1.5016660901462656E-014
          17          29  -4.9504811047040183E-015
          18           1  -2.2494969622435482E-002
          18           2  -1.9710916898468104E-002
          18           3   4.0036709673650077E-002
          18           4   1.9132542804039851E-002
          18           5  -1.4051756415909384E-003
          18           6   1.5139585284758230E-014
          18           7  -1.4714253880903415E-014
          18           8  -6.5646933165471242E-015
          18           9  -2.4433888629443932E-015
          18          10  -2.2647961577095928E-015
          18          11   3.5514705945903169E-015
          18          12  -4.1632589969489581E-015
          18          13  -1.3454557656664789E-015
          18          14   6.2612989184900678E-015
          18          15   2.0970998309988183E-015
          18          16  -2.8922646600946887E-015
          18          17  -1.7929884154230589E-016
          18          18   2.3068591327149840E-003
          18          19  -7.5897347408058601E-004
          18          20   1.0513754950353246E-003
          18          21  -7.1238508520805378E-004
          18          22   3.0471987282239954E-004
          18          23   1.0179185559243465E-003
          18          24   1.8982842252848959E-003
          18          25  -5.4937289970160609E-004
          18          26   9.8951901791036103E-004
          18          27  -5.1565051129160615E-004
          18          28   2.2056744516964330E-004
          18          29   9.6530165553973145E-004
          19           1   2.8255770755323444E-004
          19           2   1.6868930492871994E-003
          19           3  -2.0649706322277035E-003
          19           4  -1.2968973521283872E-003
          19           5   2.5146663236341911E-006
          19           6  -2.7500374250459467E-014
          19           7   1.2295942918451276E-013
          19           8  -9.0887084413839119E-014
          19           9   1.1999639479252249E-014
          19          10  -4.5992023708196972E-014
          19          11   7.4049402622552824E-014
          19          12   1.4572991679249950E-014
          19          13  -4.9535311606893573E-014
          19          14   8.3422498806515175E-014
          19          15   5.7140084351503267E-016
          19          16  -1.7932863699175110E-015
          19          17   4.3738954249865527E-015
          19          18  -7.5897347408058601E-004
          19          19   8.1660081452732429E-004
          19          20   5.9183652939144061E-004
          19          21   7.6647506231598719E-004
          19          22  -3.2785664433384080E-004
          19          23   6.2783378708114717E-004
          19          24  -5.7215547938406714E-004
          19          25   3.8126071841682692E-004
          19          26   5.8520835416560422E-005
          19          27   3.5785763093659523E-004
          19          28  -1.5307217128981108E-004
          19          29   7.5327505312836962E-005
          20           1  -2.2027566490986625E-002
          20           2  -1.6920481271550093E-002
          20           3   3.6620863231648260E-002
          20           4   1.6987232775511348E-002
          20           5  -1.4010159146324722E-003
          20           6   2.4264051598795899E-015
          20           7  -2.6811282125646140E-014
          20           8  -7.3981381461127249E-015
          20           9  -2.7674671388522016E-015
          20          10   2.6034512385766014E-015
          20          11   8.9945403301491763E-015
          20          12  -3.8335342080999802E-015
          20          13   3.2708458378608552E-015
          20          14   1.0426831489324062E-014
          20          15   4.1387169863238523E-016
          20          16   1.5907418223535154E-016
          20          17  -5.3473261818734391E-016
          20          18   1.0513754950353246E-003
          20          19   5.9183652939144061E-004
          20          20   2.0303834633140631E-003
          20          21   5.5550757809718959E-004
          20          22  -2.3761614618741676E-004
          20          23   2.0564727001556060E-003
          20          24   9.5183238328148153E-004
          20          25   8.1303415097591964E-005
          20          26   1.0863233909748247E-003
          20          27   7.6312733280359404E-005
          20          28  -3.2642466641478459E-005
          20          29   1.0899073942372576E-003
          21           1   2.6521334876909155E-004
          21           2   1.5833457818401134E-003
          21           3  -1.9382156688144345E-003
          21           4  -1.2172893549066820E-003
          21           5   2.3603074935762535E-006
          21           6  -1.1266180582374342E-014
          21           7   1.7312210246604725E-013
          21           8  -2.3114389957376827E-013
          21           9  -1.9784321797542885E-014
          21          10  -1.0678859863469895E-015
          21          11  -3.8826595125797889E-015
          21          12  -2.5000944073402455E-014
          21          13   9.1867701281124302E-015
          21          14  -1.9693780904474173E-014
          21          15  -3.5032627235435856E-015
          21          16   2.1314557079118368E-015
          21          17  -4.4208631450880050E-016
          21          18  -7.1238508520805378E-004
          21          19   7.6647506231598719E-004
          21          20   5.5550757809718959E-004
          21          21   7.1942620029389953E-004
          21          22  -3.0773168165641409E-004
          21          23   5.8929520093576465E-004
          21          24  -5.3703461827205490E-004
          21          25   3.5785763093521119E-004
          21          26   5.4928626298962819E-005
          21          27   3.3589110504441913E-004
          21          28  -1.4367607763879990E-004
          21          29   7.0703645288504302E-005
          22           1  -1.1344394986062599E-004
          22           2  -6.7726982968216790E-004
          22           3   8.2906400540293940E-004
          22           4   5.2069065612282564E-004
          22           5  -1.0096120971327214E-006
          22           6   2.6734153325820260E-014
          22           7   1.1273157260096553E-013
          22           8  -2.2765718601413598E-013
          22           9  -1.5158039817225000E-014
          22          10   4.4521218955603461E-014
          22          11  -1.1746073342024670E-013
          22          12  -1.6738536818264103E-014
          22          13   6.1202259100212760E-014
          22          14  -1.5713648960161165E-013
          22          15   3.5170811166620035E-016
          22          16   2.1523447971090840E-015
          22          17  -8.6941221969909529E-015
          22          18   3.0471987282239954E-004
          22          19  -3.2785664433384080E-004
          22          20  -2.3761614618741676E-004
          22          21  -3.0773168165641409E-004
          22          22   1.3163099683664327E-004
          22          23  -2.5206866680876721E-004
          22          24   2.2971441145985331E-004
          22          25  -1.5307217128933339E-004
          22          26  -2.3495500351052099E-005
          22          27  -1.4367607763890716E-004
          22          28   6.1456867942233861E-005
          22          29  -3.0243201671683586E-005
          23           1  -2.2015110830333674E-002
          23           2  -1.6846119940041142E-002
          23           3   3.6529835548666199E-002
          23           4   1.6930063167793517E-002
          23           5  -1.4009050635372011E-003
          23           6   1.0566669906707837E-014
          23           7  -4.3419688596318953E-014
          23           8   3.3717927147270557E-014
          23           9   2.1625733153420537E-014
          23          10  -3.4031164463812845E-014
          23          11   6.8005468970638200E-014
          23          12   2.7921086672261801E-014
          23          13  -4.3171114031238988E-014
          23          14   8.4529450044592280E-014
          23          15   3.9421088074220727E-015
          23          16  -3.1512863993772182E-015
          23          17   2.8910798994349015E-015
          23          18   1.0179185559243465E-003
          23          19   6.2783378708114717E-004
          23          20   2.0564727001556060E-003
          23          21   5.8929520093576465E-004
          23          22  -2.5206866680876721E-004
          23          23   2.0841487619649014E-003
          23          24   9.2661072311815630E-004
          23          25   9.8110084995724605E-005
          23          26   1.0889030964476953E-003
          23          27   9.2087752271703997E-005
          23          28  -3.9390167962876193E-005
          23          29   1.0932279684631604E-003
          24           1  -3.8785784849441475E-003
          24           2  -1.1665198336296189E-002
          24           3   3.7648623450920175E-002
          24           4   1.7592832196911400E-002
          24           5  -1.3318517007935488E-003
          24           6   5.1686868717199926E-015
          24           7  -5.6354839409178348E-015
          24           8   2.8299567946396761E-014
          24           9  -2.5100749360921578E-014
          24          10  -1.2270819578499285E-014
          24          11   3.3951392573132179E-014
          24          12  -3.3678120734965643E-014
          24          13  -1.3199329546999811E-014
          24          14   4.6009213516125930E-014
          24          15  -2.3860263095760935E-015
          24          16  -1.9896676288747730E-015
          24          17   3.5152134445566806E-015
          24          18   1.8982842252848959E-003
          24          19  -5.7215547938406714E-004
          24          20   9.5183238328148153E-004
          24          21  -5.3703461827205490E-004
          24          22   2.2971441145985331E-004
          24          23   9.2661072311815630E-004
          24          24   1.6932605303586149E-003
          24          25  -4.5030877518581220E-004
          24          26   9.4836585556152164E-004
          24          27  -4.2266728171434965E-004
          24          28   1.8079424036910951E-004
          24          29   9.2851542101463948E-004
          25           1   6.3954018778484504E-004
          25           2   4.2293104505131875E-003
          25           3  -6.4290123364878562E-003
          25           4  -3.1777968937002398E-003
          25           5   1.8324595674081882E-004
          25           6  -1.3782344727174988E-014
          25           7   1.8974377268817041E-013
          25           8  -1.5813196052960729E-013
          25           9  -2.1588197670594723E-014
          25          10   2.3801284183408229E-014
          25          11  -9.1320529798747890E-014
          25          12  -2.6361200430441561E-014
          25          13   4.0047337333093472E-014
          25          14  -1.2223827639261691E-013
          25          15  -1.9049447586829964E-015
          25          16   2.6692040609810879E-015
          25          17  -6.8054988338116166E-015
          25          18  -5.4937289970160609E-004
          25          19   3.8126071841682692E-004
          25          20   8.1303415097591964E-005
          25          21   3.5785763093521119E-004
          25          22  -1.5307217128933339E-004
          25          23   9.8110084995724605E-005
          25          24  -4.5030877518581220E-004
          25          25   2.0559716865210792E-004
          25          26  -1.1021272438464932E-004
          25          27   1.9297691093523727E-004
          25          28  -8.2545102331321886E-005
          25          29  -1.0114962509778644E-004
          26           1  -2.8206597715293600E-003
          26           2  -4.6691302908958470E-003
          26           3   2.7013838348832614E-002
          26           4   1.2336163630460806E-002
          26           5  -1.0287287219020854E-003
          26           6  -1.8060859653557787E-014
          26           7   7.6590101986308614E-015
          26           8   4.8775587483130318E-015
          26           9  -2.1848395754922419E-014
          26          10   4.2398690825063059E-015
          26          11  -4.9858630235962887E-015
          26          12  -2.9646751314498929E-014
          26          13   6.9397725667911528E-015
          26          14  -4.5832431221633825E-015
          26          15  -2.7557499841691720E-015
          26          16   5.1665218130809312E-016
          26          17   3.5037844651606589E-016
          26          18   9.8951901791036103E-004
          26          19   5.8520835416560422E-005
          26          20   1.0863233909748247E-003
          26          21   5.4928626298962819E-005
          26          22  -2.3495500351052099E-005
          26          23   1.0889030964476953E-003
          26          24   9.4836585556152164E-004
          26          25  -1.1021272438464932E-004
          26          26   7.6605346012579949E-004
          26          27  -1.0344749023980864E-004
          26          28   4.4249250474995958E-005
          26          29   7.6119508162564504E-004
          27           1   6.0028302250694819E-004
          27           2   3.9697009031399227E-003
          27           3  -6.0343775606765820E-003
          27           4  -2.9827328466703971E-003
          27           5   1.7199769289165856E-004
          27           6  -1.0693781156517710E-013
          27           7   1.0286462618316915E-013
          27           8   2.6186109953781040E-014
          27           9  -3.2063563446650697E-014
          27          10  -1.0448898041294340E-014
          27          11   1.2736001124537179E-014
          27          12  -4.6849019769247687E-014
          27          13  -6.2335974088881745E-015
          27          14   1.7102984191127489E-014
          27          15  -5.7804760944954070E-015
          27          16   1.4436543528986297E-015
          27          17   1.9340981714814886E-015
          27          18  -5.1565051129160615E-004
          27          19   3.5785763093659523E-004
          27          20   7.6312733280359404E-005
          27          21   3.3589110504441913E-004
          27          22  -1.4367607763890716E-004
          27          23   9.2087752271703997E-005
          27          24  -4.2266728171434965E-004
          27          25   1.9297691093523727E-004
          27          26  -1.0344749023980864E-004
          27          27   1.8113132782057254E-004
          27          28  -7.7478201500360159E-005
          27          29  -9.4940714998960872E-005
          28           1  -2.5676866347984582E-004
