           1           1   2.2598415217471022     
           1           2 -0.84433339396609552     
           1           3  0.32395201035764631     
           1           4  -3.9851701474122925E-002
           1           5  -7.4015942628156590E-003
           1           6   1.4046165343180123E-002
           1           7  -2.9657525721938946E-010
           1           8  -4.1642759008114031E-010
           1           9  -3.1010692320667587E-010
           1          10   7.6553308898202310E-010
           1          11   1.1943774617023419E-009
           1          12   9.5020211071777458E-010
           1          13  -1.2095244731075464E-009
           1          14  -1.9228439680022083E-009
           1          15  -1.5062884916200724E-009
           1          16  -1.5168948108433510E-009
           1          17  -2.3295335309457906E-009
           1          18  -1.9066755591652006E-009
           1          19  -9.6047834668830272E-011
           1          20  -7.4051391541952918E-011
           1          21  -5.5977292603496006E-011
           1          22  -7.8064108896608558E-004
           1          23  -2.2537707891383691E-004
           1          24  -5.8503709849013906E-004
           1          25   1.6865738075905382E-004
           1          26  -2.7315851434371108E-004
           1          27  -7.2412551237108214E-004
           1          28  -5.9340529931375726E-003
           1          29   4.0319595074835855E-005
           1          30  -5.9690446902476366E-003
           1          31  -3.0172590800486653E-005
           1          32   4.8867251179366929E-005
           1          33  -5.9441631946836040E-003
           1          34  -1.6326416814263823E-002
           1          35   9.4863554005370269E-005
           1          36  -1.6408746333292756E-002
           1          37  -7.0989752376270803E-005
           1          38   1.1497466523865702E-004
           1          39  -1.6350204094756540E-002
           1          40  -7.6012602029893010E-003
           1          41   3.4610167261645193E-004
           1          42  -7.9016422595472244E-003
           1          43  -2.5899974031220915E-004
           1          44   4.1947576099954007E-004
           1          45  -7.6880468784041329E-003
           2           1 -0.84433339396609552     
           2           2   2.7499990181838561     
           2           3  -1.2109286034417170     
           2           4  0.21626347140216617     
           2           5   8.6372563728387336E-002
           2           6  -5.7481372205863499E-003
           2           7   6.7682460713057726E-010
           2           8   8.8866355374457902E-010
           2           9   6.1265673166225681E-010
           2          10  -1.7518388398886466E-009
           2          11  -2.6147590716651427E-009
           2          12  -1.9847399495795109E-009
           2          13   2.6550349049155229E-009
           2          14   4.1391115811482303E-009
           2          15   3.1419795744104525E-009
           2          16   3.5420910186845253E-009
           2          17   5.3068149744692943E-009
           2          18   4.3043217298943777E-009
           2          19   2.5396249138759547E-010
           2          20   1.5558848857243668E-010
           2          21   1.1214435154509835E-010
           2          22  -1.6443606672057506E-002
           2          23   6.6897395391564234E-004
           2          24  -1.7024204228956591E-002
           2          25  -5.0061600604770309E-004
           2          26   8.1079872700958681E-004
           2          27  -1.6611356183232187E-002
           2          28  -4.8154365482463669E-003
           2          29  -2.0335883279295710E-004
           2          30  -4.6389463394847681E-003
           2          31   1.5218056376572269E-004
           2          32  -2.4647151231100325E-004
           2          33  -4.7644428476413380E-003
           2          34   1.5934404084570943E-003
           2          35  -2.6449921253723268E-004
           2          36   1.8229915748446319E-003
           2          37   1.9793415805183408E-004
           2          38  -3.2057315441706095E-004
           2          39   1.6597642860034728E-003
           2          40   2.4971141731474720E-003
           2          41  -1.0776458069765293E-003
           2          42   3.4324041996100733E-003
           2          43   8.0643928064852888E-004
           2          44  -1.3061083847664950E-003
           2          45   2.7673390903631221E-003
           3           1  0.32395201035764631     
           3           2  -1.2109286034417170     
           3           3   2.8629563789371639     
           3           4 -0.72197716768387532     
           3           5 -0.27581778974814053     
           3           6   5.9057960211754308E-002
           3           7  -4.3667460061981078E-009
           3           8  -6.2728897269147496E-009
           3           9  -4.8669151874165150E-009
           3          10   1.2431654010001650E-008
           3          11   1.8294950171603882E-008
           3          12   1.4221320472380760E-008
           3          13  -2.0025483523238871E-008
           3          14  -2.9761878349245928E-008
           3          15  -2.2462526162438250E-008
           3          16  -2.4109062126955929E-008
           3          17  -3.5041964008516730E-008
           3          18  -2.7563974560360446E-008
           3          19  -1.3797798549807160E-009
           3          20  -1.1539780525043311E-009
           3          21  -8.4890719605584718E-010
           3          22   3.8204845839077455E-002
           3          23  -3.0181849631686079E-003
           3          24   4.0824320030471359E-002
           3          25   2.2586126037453099E-003
           3          26  -3.6580648454754110E-003
           3          27   3.8961691900565323E-002
           3          28  -3.5191175820263695E-002
           3          29  -1.6699189999890701E-004
           3          30  -3.5046225657605422E-002
           3          31   1.2496574202385360E-004
           3          32  -2.0239874767808449E-004
           3          33  -3.5149297870769210E-002
           3          34  -6.3141254531365348E-002
           3          35   1.4708778864128570E-003
           3          36  -6.4417797182212189E-002
           3          37  -1.1007095990879226E-003
           3          38   1.7827048938271802E-003
           3          39  -6.3510081157687359E-002
           3          40  -3.0300787450417442E-002
           3          41   4.1734039082402192E-003
           3          42  -3.3922889984815033E-002
           3          43  -3.1231011275250345E-003
           3          44   5.0581719487905394E-003
           3          45  -3.1347288794614417E-002
           4           1  -3.9851701474122925E-002
           4           2  0.21626347140216617     
           4           3 -0.72197716768387532     
           4           4  0.80452836434693031     
           4           5  0.25617726818560926     
           4           6 -0.12032947865992835     
           4           7   1.5638686733518506E-008
           4           8   2.2585607885271831E-008
           4           9   1.7185613572186189E-008
           4          10  -4.7553130971906387E-008
           4          11  -6.8298302827689022E-008
           4          12  -5.1676725561807184E-008
           4          13   7.8445030708127235E-008
           4          14   1.1215720510557698E-007
           4          15   8.3597679710827765E-008
           4          16   8.6645133918019416E-008
           4          17   1.2295743375377757E-007
           4          18   9.2943856143591165E-008
           4          19   3.8047273043911089E-009
           4          20   4.4664458932421850E-009
           4          21   3.2527840640478686E-009
           4          22  -5.9802485943826547E-003
           4          23   3.2270969532710424E-003
           4          24  -8.7811016497118671E-003
           4          25  -2.4149458880062310E-003
           4          26   3.9113048430939046E-003
           4          27  -6.7895227695693797E-003
           4          28   7.6254371363389223E-002
           4          29   1.0881408615148482E-003
           4          30   7.5309938596329354E-002
           4          31  -8.1429170872675629E-004
           4          32   1.3188453605515931E-003
           4          33   7.5981496936297827E-002
           4          34  0.12851821816490355     
           4          35  -1.9107345243368334E-003
           4          36  0.13017650191091501     
           4          37   1.4298694373835550E-003
           4          38  -2.3158108771166429E-003
           4          39  0.12899733905809602     
           4          40   6.3566913384065213E-002
           4          41  -4.8587908655017857E-003
           4          42   6.7783865542618726E-002
           4          43   3.6359996161059536E-003
           4          44  -5.8888619144580410E-003
           4          45   6.4785278971178098E-002
           5           1  -7.4015942628156590E-003
           5           2   8.6372563728387336E-002
           5           3 -0.27581778974814053     
           5           4  0.25617726818560926     
           5           5   8.2985825830625748E-002
           5           6  -3.7135619119885874E-002
           5           7  -5.5146209744177379E-008
           5           8  -5.4967427318505907E-008
           5           9  -2.7679617260698011E-008
           5          10   1.7131322962562592E-007
           5          11   1.7122588889150344E-007
           5          12   8.6675454999462144E-008
           5          13  -2.8041866312166235E-007
           5          14  -2.8075945541015163E-007
           5          15  -1.4326397869135367E-007
           5          16  -2.9644326449402827E-007
           5          17  -2.9672259432177766E-007
           5          18  -1.5057238777034868E-007
           5          19  -1.0862236332942752E-008
           5          20  -1.1174199364245257E-008
           5          21  -5.6538949189165578E-009
           5          22  -2.5348125901004598E-003
           5          23   1.2138964194905967E-003
           5          24  -3.5882835980194485E-003
           5          25  -9.0840378901575671E-004
           5          26   1.4712263487470030E-003
           5          27  -2.8391848471897548E-003
           5          28   2.3647943637046330E-002
           5          29   2.9119019017979827E-004
           5          30   2.3395236080238625E-002
           5          31  -2.1790843415952368E-004
           5          32   3.5291679227368280E-004
           5          33   2.3574932834027285E-002
           5          34   3.9460437767858098E-002
           5          35  -1.1491436386623804E-003
           5          36   4.0457767865945876E-002
           5          37   8.5994415002129841E-004
           5          38  -1.3927640066442514E-003
           5          39   3.9748590300948260E-002
           5          40   1.9586608041221650E-002
           5          41  -1.7019583595875513E-003
           5          42   2.1063739277511255E-002
           5          43   1.2736338443984122E-003
           5          44  -2.0627761713319947E-003
           5          45   2.0013382301120933E-002
           6           1   1.4046165343180123E-002
           6           2  -5.7481372205863499E-003
           6           3   5.9057960211754308E-002
           6           4 -0.12032947865992835     
           6           5  -3.7135619119885874E-002
           6           6   1.9242049841687169E-002
           6           7   8.5488181070830191E-008
           6           8   8.0629902267375628E-008
           6           9   3.7421401144922983E-008
           6          10  -2.6459712294241962E-007
           6          11  -2.4893446817940597E-007
           6          12  -1.1488636977844745E-007
           6          13   4.3232725851033440E-007
           6          14   4.0715342656967897E-007
           6          15   1.8794013416292820E-007
           6          16   4.5827612891382211E-007
           6          17   4.3145792106271771E-007
           6          18   1.9882625552813339E-007
           6          19   1.7028399320759926E-008
           6          20   1.6108674868488375E-008
           6          21   7.4651309408724149E-009
           6          22   7.8754766638017997E-004
           6          23   1.2795398033199376E-003
           6          24  -3.2302083157363258E-004
           6          25  -9.5752255672270194E-004
           6          26   1.5508504156621552E-003
           6          27   4.6664659153530704E-004
           6          28  -1.2013725623619718E-002
           6          29   3.5407407049252231E-004
           6          30  -1.2321041562742354E-002
           6          31  -2.6496567722327934E-004
           6          32   4.2915309472273453E-004
           6          33  -1.2102527571771562E-002
           6          34  -2.0608228345308212E-002
           6          35   2.1562832376384759E-004
           6          36  -2.0795366739895453E-002
           6          37  -1.6136218004268298E-004
           6          38   2.6134251017004718E-004
           6          39  -2.0662298532215576E-002
           6          40  -1.0189447176854931E-002
           6          41   7.0218135339717824E-004
           6          42  -1.0798871804511886E-002
           6          43  -5.2546633023726412E-004
           6          44   8.5104492998298680E-004
           6          45  -1.0365522696610839E-002
           7           1  -2.9657525721938946E-010
           7           2   6.7682460713057726E-010
           7           3  -4.3667460061981078E-009
           7           4   1.5638686733518506E-008
           7           5  -5.5146209744177379E-008
           7           6   8.5488181070830191E-008
           7           7   2.3574144499513556     
           7           8  -3.3400521223168984E-003
           7           9   2.4994772027588951E-003
           7          10 -0.93521822285014733     
           7          11   1.0292238851689289E-002
           7          12  -7.7020330091552083E-003
           7          13   4.6894969655386823E-002
           7          14  -1.6109409751675845E-002
           7          15   1.2055219885177737E-002
           7          16   8.1748425036513500E-002
           7          17  -1.8851158113910308E-002
           7          18   1.4106957315957494E-002
           7          19   2.7115175987181572E-003
           7          20  -3.5084607739306697E-003
           7          21   2.6255086746561056E-003
           7          22   2.1591791574017123E-009
           7          23  -1.5485303302208686E-009
           7          24  -5.0255730951770860E-011
           7          25  -7.5545800771356703E-010
           7          26  -6.2969928661240810E-010
           7          27  -1.9781603670223979E-009
           7          28  -9.4945004841049375E-010
           7          29  -1.7321221007708596E-009
           7          30  -1.8826318684531259E-009
           7          31  -1.3912654231709830E-009
           7          32  -1.5993609319549954E-009
           7          33   2.2173000719960975E-009
           7          34   2.1439662511222765E-009
           7          35  -1.4542641709064908E-009
           7          36   2.6126541572203434E-010
           7          37   2.3396910624782633E-009
           7          38   5.8150417710014198E-010
           7          39  -2.4545461842162454E-010
           7          40  -1.6558624406386118E-008
           7          41   3.2317960038263663E-010
           7          42  -2.0494840429108325E-008
           7          43  -1.7527477765888633E-009
           7          44  -1.2379362281937050E-008
           7          45  -2.2882928762421034E-008
           8           1  -4.1642759008114031E-010
           8           2   8.8866355374457902E-010
           8           3  -6.2728897269147496E-009
           8           4   2.2585607885271831E-008
           8           5  -5.4967427318505907E-008
           8           6   8.0629902267375628E-008
           8           7  -3.3400521223168984E-003
           8           8   2.3607617140200672     
           8           9  -4.0481496941085129E-003
           8          10   1.0292238971445595E-002
           8          11 -0.94553271616298729     
           8          12   1.2474219030202054E-002
           8          13  -1.6109418890061695E-002
           8          14   6.3039217874322748E-002
           8          15  -1.9524650390150604E-002
           8          16  -1.8851137632525081E-002
           8          17  0.10064035400426813     
           8          18  -2.2847631518610106E-002
           8          19  -3.5084486148413635E-003
           8          20   6.2275764980086138E-003
           8          21  -4.2522491573370146E-003
           8          22   1.7605297617663566E-009
           8          23  -1.1374607851669286E-009
           8          24  -2.2308545909796868E-010
           8          25  -5.1076970603654232E-010
           8          26  -1.2837840856148136E-009
           8          27  -1.9380692796141085E-009
           8          28  -2.3385081333782261E-009
           8          29  -1.4524103136676141E-009
           8          30  -2.2638131324937402E-009
           8          31  -1.5619410872880340E-009
           8          32  -2.4981939019566548E-009
           8          33   1.9104343286030591E-009
           8          34   2.4552097339129176E-009
           8          35  -4.0036027415532218E-009
           8          36  -1.0105561094992837E-009
           8          37   2.7650398260085405E-009
           8          38   1.4125551437950838E-009
           8          39  -1.2237850576148219E-009
           8          40  -1.3288444211478222E-008
           8          41   2.9175558230482346E-009
           8          42  -1.5393103639017293E-008
           8          43  -1.8927232048422403E-009
           8          44  -1.6937154528914227E-008
           8          45  -2.0759273359782136E-008
           9           1  -3.1010692320667587E-010
           9           2   6.1265673166225681E-010
           9           3  -4.8669151874165150E-009
           9           4   1.7185613572186189E-008
           9           5  -2.7679617260698011E-008
           9           6   3.7421401144922983E-008
           9           7   2.4994772027588951E-003
           9           8  -4.0481496941085129E-003
           9           9   2.3583815495279987     
           9          10  -7.7020330471578042E-003
           9          11   1.2474218749728323E-002
           9          12 -0.93819830538083815     
           9          13   1.2055216225217632E-002
           9          14  -1.9524646728118183E-002
           9          15   5.1559395589174079E-002
           9          16   1.4106961529763694E-002
           9          17  -2.2847638862168545E-002
           9          18   8.7206708699007277E-002
           9          19   2.6255049382786725E-003
           9          20  -4.2522628925182500E-003
           9          21   3.7273802827776782E-003
           9          22   6.8947117890603759E-010
           9          23  -7.3874543714846597E-010
           9          24   8.3394108966881468E-010
           9          25  -5.1563507356166896E-010
           9          26  -7.1762069480039681E-010
           9          27  -2.0318547626137210E-009
           9          28  -2.3649463158660945E-009
           9          29  -6.5457520172045270E-010
           9          30  -9.6048061430713669E-010
           9          31  -1.1734494347862187E-009
           9          32  -1.8524407519628000E-009
           9          33   2.0054279219060498E-010
           9          34   9.6853340375035109E-010
           9          35  -3.9033146909526315E-009
           9          36  -1.4327714505544487E-009
           9          37   1.2514895032033190E-009
           9          38   1.1680190956432554E-009
           9          39  -1.5419173243379002E-009
           9          40  -4.3411722387527749E-009
           9          41   3.9204858564192920E-009
           9          42  -3.9538796575041386E-009
           9          43  -1.1222983111943546E-009
           9          44  -1.2823474781624600E-008
           9          45  -8.5654420494901511E-009
          10           1   7.6553308898202310E-010
          10           2  -1.7518388398886466E-009
          10           3   1.2431654010001650E-008
          10           4  -4.7553130971906387E-008
          10           5   1.7131322962562592E-007
          10           6  -2.6459712294241962E-007
          10           7 -0.93521822285014733     
          10           8   1.0292238971445595E-002
          10           9  -7.7020330471578042E-003
          10          10   2.4548148429548307     
          10          11  -3.1703807242874360E-002
          10          12   2.3725038190826331E-002
          10          13 -0.18508610778127285     
          10          14   4.9418754432478645E-002
          10          15  -3.6981736175257185E-002
          10          16 -0.23766571575682693     
          10          17   5.8574659756817096E-002
          10          18  -4.3833392708045482E-002
          10          19  -1.3129928496762037E-002
          10          20   1.0806758320403580E-002
          10          21  -8.0870901072949714E-003
          10          22  -6.6884337005314339E-009
          10          23   4.8748257214975586E-009
          10          24   1.0191149564915750E-009
          10          25   2.0041581145057565E-009
          10          26   1.7836505077031495E-009
          10          27   6.3822601740205175E-009
          10          28   2.7531930871421468E-009
          10          29   5.3737815538433968E-009
          10          30   5.6746509860819781E-009
          10          31   4.3466470015776021E-009
          10          32   5.0419728532940187E-009
          10          33  -7.1577872148202206E-009
          10          34  -7.1176282698295296E-009
          10          35   4.4786499220577521E-009
          10          36  -1.0982073916332586E-009
          10          37  -7.2335016678690728E-009
          10          38  -1.7552109601319191E-009
          10          39   3.7837631761532596E-010
          10          40   5.1166677322505509E-008
          10          41  -9.9281642741180885E-010
          10          42   6.3185995022735359E-008
          10          43   5.3529429267437212E-009
          10          44   3.8290601599485905E-008
          10          45   7.0873225640494919E-008
          11           1   1.1943774617023419E-009
          11           2  -2.6147590716651427E-009
          11           3   1.8294950171603882E-008
          11           4  -6.8298302827689022E-008
          11           5   1.7122588889150344E-007
          11           6  -2.4893446817940597E-007
          11           7   1.0292238851689289E-002
          11           8 -0.94553271616298729     
          11           9   1.2474218749728323E-002
          11          10  -3.1703807242874360E-002
          11          11   2.4865872027979639     
          11          12  -3.8425092721087191E-002
          11          13   4.9418781932265260E-002
          11          14 -0.23461173516139158     
          11          15   5.9895670959456138E-002
          11          16   5.8574595498376535E-002
          11          17 -0.29636705664436802     
          11          18   7.0992574006895737E-002
          11          19   1.0806720654911370E-002
          11          20  -2.3960090958090395E-002
          11          21   1.3097774612540559E-002
          11          22  -5.8300947377703294E-009
          11          23   3.9437776809399073E-009
          11          24   1.2956034277085742E-009
          11          25   1.2852871342022351E-009
          11          26   3.4584693970129087E-009
          11          27   6.6401877634860670E-009
          11          28   6.6547101616174044E-009
          11          29   4.6466869737155400E-009
          11          30   6.6100418384352940E-009
          11          31   4.8388924122426899E-009
          11          32   7.7228607979812767E-009
          11          33  -6.2829693200670435E-009
          11          34  -8.4314655857458391E-009
          11          35   1.2384448592922543E-008
          11          36   2.4135091876402946E-009
          11          37  -8.5458633618637216E-009
          11          38  -4.3424994154515705E-009
          11          39   2.9904123697900986E-009
          11          40   4.0709072156340154E-008
          11          41  -9.0256619798604275E-009
          11          42   4.7162598239767923E-008
          11          43   5.7831509513847009E-009
          11          44   5.2410169685933920E-008
          11          45   6.3976590031727643E-008
          12           1   9.5020211071777458E-010
          12           2  -1.9847399495795109E-009
          12           3   1.4221320472380760E-008
          12           4  -5.1676725561807184E-008
          12           5   8.6675454999462144E-008
          12           6  -1.1488636977844745E-007
          12           7  -7.7020330091552083E-003
          12           8   1.2474219030202054E-002
          12           9 -0.93819830538083815     
          12          10   2.3725038190826331E-002
          12          11  -3.8425092721087191E-002
          12          12   2.4639945704896862     
          12          13  -3.6981724987478842E-002
          12          14   5.9895660794601180E-002
          12          15 -0.19939514211403123     
          12          16  -4.3833405565688606E-002
          12          17   7.0992598103574001E-002
          12          18 -0.25462579182851269     
          12          19  -8.0870785288517412E-003
          12          20   1.3097817172597110E-002
          12          21  -1.6258987901675070E-002
          12          22  -2.4501084685891776E-009
          12          23   2.3040061713775120E-009
          12          24  -1.3361414742967959E-009
          12          25   9.9217041392309561E-010
          12          26   2.1154748767257298E-009
          12          27   5.8521579893797793E-009
          12          28   6.7768211936784634E-009
          12          29   2.0753744022736844E-009
          12          30   2.7955757063587109E-009
          12          31   3.5379669336856051E-009
          12          32   5.7885292414022568E-009
          12          33  -1.1629648694780253E-009
          12          34  -3.7717181986388612E-009
          12          35   1.2072452208565765E-008
          12          36   3.7284508565455440E-009
          12          37  -3.8929569726052671E-009
          12          38  -3.6029440547627161E-009
          12          39   3.9134379266536079E-009
          12          40   1.2909849384803552E-008
          12          41  -1.2134544568129778E-008
          12          42   1.1739146020953327E-008
          12          43   3.4333587933521118E-009
          12          44   3.9692266144828884E-008
          12          45   2.6064478252524501E-008
          13           1  -1.2095244731075464E-009
          13           2   2.6550349049155229E-009
          13           3  -2.0025483523238871E-008
          13           4   7.8445030708127235E-008
          13           5  -2.8041866312166235E-007
          13           6   4.3232725851033440E-007
          13           7   4.6894969655386823E-002
          13           8  -1.6109418890061695E-002
          13           9   1.2055216225217632E-002
          13          10 -0.18508610778127285     
          13          11   4.9418781932265260E-002
          13          12  -3.6981724987478842E-002
          13          13  0.35294280590434324     
          13          14  -7.5048231089856143E-002
          13          15   5.6161102497744537E-002
          13          16  0.38240673849720469     
          13          17  -9.3388793350762056E-002
          13          18   6.9885936659533437E-002
          13          19   2.2613388792064204E-002
          13          20  -1.6951372107797829E-002
          13          21   1.2685328255194661E-002
          13          22   1.5801694628651210E-008
          13          23  -1.0904693294302711E-008
          13          24  -6.4828107765806145E-009
          13          25   1.9548877691937225E-010
          13          26  -1.0939011340391031E-009
          13          27  -1.0323155543012592E-008
          13          28  -3.6014791076889176E-009
          13          29  -9.5384972922177265E-009
          13          30  -1.0685912961242200E-008
          13          31  -5.9279853425147761E-009
          13          32  -7.5778171786913590E-009
          13          33   1.1468455882598408E-008
          13          34   1.1334665811381494E-008
          13          35  -7.4058608494364582E-009
          13          36   9.8385819823961717E-010
          13          37   1.1917276099973390E-008
          13          38   2.7761526923860467E-009
          13          39  -1.0914867429535130E-009
          13          40  -8.3482912274787843E-008
          13          41   1.5926912125186713E-009
          13          42  -1.0298537108294265E-007
          13          43  -8.7668654437315270E-009
          13          44  -6.2575791801831590E-008
          13          45  -1.1587307603674979E-007
          14           1  -1.9228439680022083E-009
          14           2   4.1391115811482303E-009
          14           3  -2.9761878349245928E-008
          14           4   1.1215720510557698E-007
          14           5  -2.8075945541015163E-007
          14           6   4.0715342656967897E-007
          14           7  -1.6109409751675845E-002
          14           8   6.3039217874322748E-002
          14           9  -1.9524646728118183E-002
          14          10   4.9418754432478645E-002
          14          11 -0.23461173516139158     
          14          12   5.9895660794601180E-002
          14          13  -7.5048231089856143E-002
          14          14  0.42815329863536750     
          14          15  -9.0958632477783241E-002
          14          16  -9.3388640593024805E-002
          14          17  0.47599745373365410     
          14          18 -0.11318730916030124     
          14          19  -1.6951308350583123E-002
          14          20   3.9601472973389257E-002
          14          21  -2.0545032362713801E-002
          14          22   1.1476575839513026E-008
          14          23  -7.7976231897597129E-009
          14          24  -2.6760003981484939E-009
          14          25  -1.3408254259621819E-009
          14          26  -4.5639740846030027E-009
          14          27  -1.2026006000626248E-008
          14          28  -1.0671702956533607E-008
          14          29  -7.9571075066861316E-009
          14          30  -1.0780495130631830E-008
          14          31  -7.6883367992404734E-009
          14          32  -1.2062453957388765E-008
          14          33   9.4794849031293392E-009
          14          34   1.3253857012680068E-008
          14          35  -2.0402160545667731E-008
          14          36  -4.4757662126799804E-009
          14          37   1.4006266179167971E-008
          14          38   7.0801315346422174E-009
          14          39  -5.2461700268435435E-009
          14          40  -6.6474493992679672E-008
          14          41   1.4746012878632650E-008
          14          42  -7.6939888549290269E-008
          14          43  -9.4658880393107057E-009
          14          44  -8.5791558824094901E-008
          14          45  -1.0460921215426058E-007
          15           1  -1.5062884916200724E-009
          15           2   3.1419795744104525E-009
          15           3  -2.2462526162438250E-008
          15           4   8.3597679710827765E-008
          15           5  -1.4326397869135367E-007
          15           6   1.8794013416292820E-007
          15           7   1.2055219885177737E-002
          15           8  -1.9524650390150604E-002
          15           9   5.1559395589174079E-002
          15          10  -3.6981736175257185E-002
          15          11   5.9895670959456138E-002
          15          12 -0.19939514211403123     
          15          13   5.6161102497744537E-002
          15          14  -9.0958632477783241E-002
          15          15  0.37467277119456377     
          15          16   6.9885976517978385E-002
          15          17 -0.11318736591065406     
          15          18  0.40944711550237922     
          15          19   1.2685309933747616E-002
          15          20  -2.0545103153667192E-002
          15          21   2.7521600250061725E-002
          15          22   1.1593926517503210E-008
          15          23  -8.1017259393015138E-009
          15          24  -4.4497711032368280E-009
          15          25   3.1346976792239354E-009
          15          26   9.1119607892287666E-011
          15          27  -1.0568054557494901E-008
          15          28  -8.7492333437200698E-009
          15          29  -4.7260823466916384E-009
          15          30  -6.8911490221638758E-009
          15          31  -4.4114555791266682E-009
          15          32  -8.1407775514451318E-009
          15          33   1.7386854783819390E-009
          15          34   6.2968309487334839E-009
          15          35  -1.9968564044447473E-008
          15          36  -6.0521734402269033E-009
          15          37   6.5616893353089916E-009
          15          38   6.0609544327505248E-009
          15          39  -6.0504887075541788E-009
          15          40  -2.0940763246288011E-008
          15          41   1.9840700510081020E-008
          15          42  -1.9051315581356855E-008
          15          43  -5.6030043197122189E-009
          15          44  -6.4985687172428207E-008
          15          45  -4.2495461549393083E-008
          16           1  -1.5168948108433510E-009
          16           2   3.5420910186845253E-009
          16           3  -2.4109062126955929E-008
          16           4   8.6645133918019416E-008
          16           5  -2.9644326449402827E-007
          16           6   4.5827612891382211E-007
          16           7   8.1748425036513500E-002
          16           8  -1.8851137632525081E-002
          16           9   1.4106961529763694E-002
          16          10 -0.23766571575682693     
          16          11   5.8574595498376535E-002
          16          12  -4.3833405565688606E-002
          16          13  0.38240673849720469     
          16          14  -9.3388640593024805E-002
          16          15   6.9885976517978385E-002
          16          16  0.41558166540346253     
          16          17 -0.11480019285110513     
          16          18   8.5908940868686723E-002
          16          19   2.5061457891678636E-002
          16          20  -1.9757968575652686E-002
          16          21   1.4785606664005430E-002
          16          22   1.2117583099092850E-008
          16          23  -7.8117689349303912E-009
          16          24  -4.3418391014097342E-009
          16          25  -2.7258756674706480E-009
          16          26  -4.1360717609376938E-009
          16          27  -8.9189249575766770E-009
          16          28  -4.9497947575638408E-009
          16          29  -8.9402553703378687E-009
          16          30  -1.0176398720463874E-008
          16          31  -7.2297583885823168E-009
          16          32  -8.9837147069300460E-009
          16          33   1.3143788039183880E-008
          16          34   1.2424873433227314E-008
          16          35  -7.7945783339684672E-009
          16          36   1.7021882266335001E-009
          16          37   1.2559929895856742E-008
          16          38   2.8297182321020316E-009
          16          39  -5.6920178509392207E-010
          16          40  -8.8349932702578293E-008
          16          41   1.7037570629541238E-009
          16          42  -1.0901498928264411E-007
          16          43  -9.2870935744981780E-009
          16          44  -6.6480115710261866E-008
          16          45  -1.2263718568373577E-007
          17           1  -2.3295335309457906E-009
          17           2   5.3068149744692943E-009
          17           3  -3.5041964008516730E-008
          17           4   1.2295743375377757E-007
          17           5  -2.9672259432177766E-007
          17           6   4.3145792106271771E-007
          17           7  -1.8851158113910308E-002
          17           8  0.10064035400426813     
          17           9  -2.2847638862168545E-002
          17          10   5.8574659756817096E-002
          17          11 -0.29636705664436802     
          17          12   7.0992598103574001E-002
          17          13  -9.3388793350762056E-002
          17          14  0.47599745373365410     
          17          15 -0.11318736591065406     
          17          16 -0.11480019285110513     
          17          17  0.53063025013173881     
          17          18 -0.13913808823932364     
          17          19  -1.9757907721118073E-002
          17          20   4.4862222401575266E-002
          17          21  -2.3946634795513164E-002
          17          22   9.2927908137136243E-009
          17          23  -5.2463330281979218E-009
          17          24  -4.1513525093559455E-009
          17          25  -2.5427488199712801E-009
          17          26  -7.3077209701102376E-009
          17          27  -8.6674763794852595E-009
          17          28  -1.1839034966712327E-008
          17          29  -7.4960739408581200E-009
          17          30  -1.1511554690712725E-008
          17          31  -8.4888321246412160E-009
          17          32  -1.3579969812344501E-008
          17          33   1.1750093464585011E-008
          17          34   1.4730692757056575E-008
          17          35  -2.1652660313448959E-008
          17          36  -4.1848728994976052E-009
          17          37   1.4938222154098553E-008
          17          38   7.4912015790827336E-009
          17          39  -4.8573227094672678E-009
          17          40  -7.0198039982599432E-008
          17          41   1.5566922568505381E-008
          17          42  -8.1280045283914328E-008
          17          43  -1.0024853026973193E-008
          17          44  -9.1011220695106746E-008
          17          45  -1.1075966175366263E-007
          18           1  -1.9066755591652006E-009
          18           2   4.3043217298943777E-009
          18           3  -2.7563974560360446E-008
          18           4   9.2943856143591165E-008
          18           5  -1.5057238777034868E-007
          18           6   1.9882625552813339E-007
          18           7   1.4106957315957494E-002
          18           8  -2.2847631518610106E-002
          18           9   8.7206708699007277E-002
          18          10  -4.3833392708045482E-002
          18          11   7.0992574006895737E-002
          18          12 -0.25462579182851269     
          18          13   6.9885936659533437E-002
          18          14 -0.11318730916030124     
          18          15  0.40944711550237922     
          18          16   8.5908940868686723E-002
          18          17 -0.13913808823932364     
          18          18  0.44882164563514265     
          18          19   1.4785585267527305E-002
