           1           1   2.1906996281339768     
           1           2  0.88432375028185350     
           1           3  0.81940249660544651     
           1           4 -0.10520659991289438     
           1           5  0.16847557504986618     
           1           6   7.3482656717749747E-015
           1           7  -5.3573824867755968E-014
           1           8  -1.0115867819576113E-014
           1           9  -3.6505090712495561E-015
           1          10   9.0342517382413578E-015
           1          11  -4.2721741861281155E-015
           1          12   1.1426347210654676E-015
           1          13  -7.5500973507395443E-015
           1          14   4.4110174571623846E-015
           1          15 -0.24820600105562468     
           1          16  -2.1195648936106343E-003
           1          17 -0.24771605334934915     
           1          18   9.1332346826385744E-004
           1          19  -1.0466748366481488E-003
           1          20 -0.24938836652455865     
           1          21  -4.2535905403025390E-002
           1          22   7.0249272661237743E-005
           1          23  -4.2555372216400301E-002
           1          24  -3.0252373746213632E-005
           1          25   3.4675511367486058E-005
           1          26  -4.2488974978208416E-002
           2           1  0.88432375028185350     
           2           2   4.6780165550712995     
           2           3   6.7057172036247881     
           2           4 -0.88814919302912576     
           2           5  0.68033355018968122     
           2           6   1.5361594180791588E-014
           2           7  -2.3601372016952382E-013
           2           8  -3.5779323674614082E-014
           2           9  -3.8902482470836846E-015
           2          10   1.2868519408347929E-014
           2          11  -8.1737064625213256E-015
           2          12   1.4804274929177517E-014
           2          13  -2.3454623025859174E-014
           2          14   7.6203454119993042E-015
           2          15  -1.8114582773007881     
           2          16  -1.8851535401666383E-002
           2          17  -1.8070966985320616     
           2          18   8.1230386025022902E-003
           2          19  -9.3090952292339234E-003
           2          20  -1.8219835473786050     
           2          21 -0.10923107793618428     
           2          22   7.9740924852435063E-004
           2          23 -0.10944408908516763     
           2          24  -3.4342129470059374E-004
           2          25   3.9362469598305274E-004
           2          26 -0.10871751357133602     
           3           1  0.81940249660544651     
           3           2   6.7057172036247881     
           3           3   18.101426892123044     
           3           4  -2.4464339171435099     
           3           5  0.25277324456310546     
           3           6  -6.5783686885706100E-015
           3           7  -1.2476558777743181E-013
           3           8  -2.0017376044487222E-014
           3           9   9.4277730215457706E-015
           3          10  -7.1384792071184173E-014
           3          11   2.7857247932594168E-016
           3          12   6.2462324812067593E-015
           3          13  -9.3683267467629837E-015
           3          14   4.6312602835665888E-016
           3          15  -4.3677512395400067     
           3          16  -5.6967829115372293E-002
           3          17  -4.3545627767856683     
           3          18   2.4546937038374017E-002
           3          19  -2.8131149601602481E-002
           3          20  -4.3995767399608194     
           3          21  0.24772605208500487     
           3          22   2.7637614315692382E-003
           3          23  0.24700056494772774     
           3          24  -1.1903087903209742E-003
           3          25   1.3643032351732030E-003
           3          26  0.24947524770516671     
           4           1 -0.10520659991289438     
           4           2 -0.88814919302912576     
           4           3  -2.4464339171435099     
           4           4  0.34209619513471884     
           4           5  -6.5553504205953350E-002
           4           6  -2.9988121660540068E-014
           4           7  -1.9501270811308678E-014
           4           8   8.6734146555279047E-015
           4           9   8.3619337780589895E-015
           4          10   1.2078032162914540E-014
           4          11  -8.8099801959344456E-015
           4          12  -3.0681928278572165E-015
           4          13  -7.8913270450711031E-016
           4          14   1.2178164262247663E-015
           4          15  0.61082667966474102     
           4          16   5.3928965788373846E-003
           4          17  0.60957821753089725     
           4          18  -2.3237526851274709E-003
           4          19   2.6630543207929788E-003
           4          20  0.61383938595121590     
           4          21  -2.2818814729601376E-002
           4          22  -2.6022657748176690E-004
           4          23  -2.2750460956349975E-002
           4          24   1.1207538914992383E-004
           4          25  -1.2845815060626606E-004
           4          26  -2.2983619794536454E-002
           5           1  0.16847557504986618     
           5           2  0.68033355018968122     
           5           3  0.25277324456310546     
           5           4  -6.5553504205953350E-002
           5           5  0.29379118460609621     
           5           6   8.8198342311702724E-014
           5           7   2.1933142786088693E-014
           5           8  -1.2451712638669461E-014
           5           9  -4.0677526938187922E-015
           5          10   9.5750087109065096E-015
           5          11  -3.1733833455306570E-014
           5          12   7.4383896634658957E-015
           5          13  -2.2852984527249281E-015
           5          14   6.1370977274643375E-015
           5          15 -0.19016104119636851     
           5          16   7.4275859441753399E-003
           5          17 -0.19188124040369861     
           5          18  -3.2004624713259469E-003
           5          19   3.6677832930419965E-003
           5          20 -0.18601002392956942     
           5          21  -9.5729564208278717E-002
           5          22  -3.8909916498088861E-004
           5          23  -9.5628331633716784E-002
           5          24   1.6758146954610407E-004
           5          25  -1.9207698359086030E-004
           5          26  -9.5973647060511189E-002
           6           1   7.3482656717749747E-015
           6           2   1.5361594180791588E-014
           6           3  -6.5783686885706100E-015
           6           4  -2.9988121660540068E-014
           6           5   8.8198342311702724E-014
           6           6   2.1506047347955155     
           6           7   2.6618543363936716E-002
           6           8  -1.1466054808487728E-002
           6           9 -0.40541532961175319     
           6          10 -0.12514797884197532     
           6          11   5.3908043161706130E-002
           6          12  0.12144964777652001     
           6          13   1.7587794678150397E-002
           6          14  -7.5760200316619501E-003
           6          15  -5.9682071093287540E-015
           6          16   2.4735869957717854E-015
           6          17   1.4339354273129601E-015
           6          18  -1.6762950543391897E-015
           6          19   2.4794262805399252E-015
           6          20  -7.3898343512013109E-015
           6          21  -2.3766592067150558E-014
           6          22   1.7914652349367811E-015
           6          23  -2.3955523504917053E-014
           6          24   1.7762659348481927E-015
           6          25  -3.3130487253713017E-015
           6          26  -2.2800743167570250E-014
           7           1  -5.3573824867755968E-014
           7           2  -2.3601372016952382E-013
           7           3  -1.2476558777743181E-013
           7           4  -1.9501270811308678E-014
           7           5   2.1933142786088693E-014
           7           6   2.6618543363936716E-002
           7           7   2.1433215486029544     
           7           8   1.3141489307120578E-002
           7           9 -0.12514797884197770     
           7          10 -0.37117318424182866     
           7          11  -6.1785154928775635E-002
           7          12   1.7587794678154946E-002
           7          13  0.11663739409346675     
           7          14   8.6830377054574106E-003
           7          15   5.0314856516802588E-014
           7          16   5.2828142893201143E-015
           7          17   6.2397398622940264E-014
           7          18  -2.2961725096741396E-015
           7          19   2.4908023842717415E-015
           7          20   4.5529957305932260E-014
           7          21  -4.3464029584086767E-015
           7          22   2.1570352268376271E-015
           7          23  -4.0741019098021633E-015
           7          24   3.1626535945753498E-015
           7          25  -4.4431883872796335E-015
           7          26   6.9051166960298972E-016
           8           1  -1.0115867819576113E-014
           8           2  -3.5779323674614082E-014
           8           3  -2.0017376044487222E-014
           8           4   8.6734146555279047E-015
           8           5  -1.2451712638669461E-014
           8           6  -1.1466054808487728E-002
           8           7   1.3141489307120578E-002
           8           8   2.1681688729404476     
           8           9   5.3908043161702807E-002
           8          10  -6.1785154928777827E-002
           8          11 -0.48799371712764966     
           8          12  -7.5760200316644793E-003
           8          13   8.6830377054514987E-003
           8          14  0.13305488293827605     
           8          15   8.2907730931155397E-015
           8          16  -1.5382496531021799E-015
           8          17   6.6789490508250881E-015
           8          18   2.4952118977122634E-016
           8          19  -1.6290273123128704E-015
           8          20   5.9480957597781176E-015
           8          21   3.5956654194811247E-015
           8          22  -1.7238506591924061E-016
           8          23   1.9923278980820588E-015
           8          24   2.9682552569662132E-016
           8          25   5.8063956061112057E-016
           8          26   2.7792263634198365E-015
           9           1  -3.6505090712495561E-015
           9           2  -3.8902482470836846E-015
           9           3   9.4277730215457706E-015
           9           4   8.3619337780589895E-015
           9           5  -4.0677526938187922E-015
           9           6 -0.40541532961175319     
           9           7 -0.12514797884197770     
           9           8   5.3908043161702807E-002
           9           9  0.82911777816968624     
           9          10  0.58912667504777949     
           9          11 -0.25376891037358734     
           9          12 -0.12302436819312756     
           9          13  -8.1957676656256653E-002
           9          14   3.5303630242379806E-002
           9          15   1.1607612876581943E-015
           9          16  -2.3305651666592033E-015
           9          17  -3.1768979621702751E-015
           9          18  -1.8038187988144307E-016
           9          19  -1.5268648977485703E-015
           9          20  -4.1703045956374792E-015
           9          21   4.9906489458064290E-016
           9          22  -4.3398289474950587E-016
           9          23  -1.5289925638314997E-015
           9          24  -1.9910730822590518E-016
           9          25   4.8458476127003461E-016
           9          26   1.1850189181294900E-016
          10           1   9.0342517382413578E-015
          10           2   1.2868519408347929E-014
          10           3  -7.1384792071184173E-014
          10           4   1.2078032162914540E-014
          10           5   9.5750087109065096E-015
          10           6 -0.12514797884197532     
          10           7 -0.37117318424182866     
          10           8  -6.1785154928777827E-002
          10           9  0.58912667504777949     
          10          10  0.66792491325163506     
          10          11  0.29084994601831299     
          10          12  -8.1957676656256959E-002
          10          13 -0.10059966182385580     
          10          14  -4.0462241553272209E-002
          10          15   4.1460290121073885E-015
          10          16   5.3658853975724568E-016
          10          17   2.5265328522538742E-015
          10          18  -1.5626744714711475E-016
          10          19   3.6628280052131488E-016
          10          20   7.0501710415291246E-015
          10          21  -5.3286578365060779E-015
          10          22  -2.3033943499502689E-016
          10          23  -5.5844418864344924E-015
          10          24  -8.9727087443124423E-016
          10          25   6.2218669102691138E-016
          10          26  -6.5317016370948017E-015
          11           1  -4.2721741861281155E-015
          11           2  -8.1737064625213256E-015
          11           3   2.7857247932594168E-016
          11           4  -8.8099801959344456E-015
          11           5  -3.1733833455306570E-014
          11           6   5.3908043161706130E-002
          11           7  -6.1785154928775635E-002
          11           8 -0.48799371712764966     
          11           9 -0.25376891037358734     
          11          10  0.29084994601831299     
          11          11   1.2178506312148893     
          11          12   3.5303630242383872E-002
          11          13  -4.0462241553270634E-002
          11          14 -0.17710380955089303     
          11          15  -2.1597178959297522E-015
          11          16   3.8918376453517872E-015
          11          17   5.6850847579817503E-015
          11          18   1.0341232466471188E-015
          11          19   3.0297417739094947E-015
          11          20   1.2860238495577970E-014
          11          21   1.1642120695690732E-014
          11          22   8.3254281241127652E-016
          11          23   1.5338711446717822E-014
          11          24  -1.3455742085382464E-015
          11          25   1.5017876857562811E-017
          11          26   1.0947589443842832E-014
          12           1   1.1426347210654676E-015
          12           2   1.4804274929177517E-014
          12           3   6.2462324812067593E-015
          12           4  -3.0681928278572165E-015
          12           5   7.4383896634658957E-015
          12           6  0.12144964777652001     
          12           7   1.7587794678154946E-002
          12           8  -7.5760200316644793E-003
          12           9 -0.12302436819312756     
          12          10  -8.1957676656256959E-002
          12          11   3.5303630242383872E-002
          12          12   2.0270985731757056E-002
          12          13   1.1410454536733975E-002
          12          14  -4.9151035546299545E-003
          12          15  -3.5590176923597090E-015
          12          16   4.0665033970703787E-016
          12          17  -2.6806492724317872E-015
          12          18  -2.6244215086181718E-017
          12          19   2.8257757099319160E-016
          12          20  -2.8996869155695913E-015
          12          21  -2.0823325211019409E-015
          12          22   1.1804264863563505E-016
          12          23  -1.8208257018289401E-015
          12          24   9.8701654675953349E-017
          12          25  -1.8333651226478271E-016
          12          26  -1.9782727860239868E-015
          13           1  -7.5500973507395443E-015
          13           2  -2.3454623025859174E-014
          13           3  -9.3683267467629837E-015
          13           4  -7.8913270450711031E-016
          13           5  -2.2852984527249281E-015
          13           6   1.7587794678150397E-002
          13           7  0.11663739409346675     
          13           8   8.6830377054514987E-003
          13           9  -8.1957676656256653E-002
          13          10 -0.10059966182385580     
          13          11  -4.0462241553270634E-002
          13          12   1.1410454536733975E-002
          13          13   1.7148934168491385E-002
          13          14   5.6333047315920131E-003
          13          15   5.0253636772425085E-015
          13          16   2.0544867590080173E-016
          13          17   5.7011676217093093E-015
          13          18  -9.3875617968083767E-017
          13          19   1.0530118462485706E-016
          13          20   4.5282115912769915E-015
          13          21   9.2116519815578087E-016
          13          22   1.1050152327896132E-016
          13          23   9.5785986438743193E-016
          13          24   2.3663244048769799E-016
          13          25  -2.4374034965447501E-016
          13          26   1.2598406520240339E-015
          14           1   4.4110174571623846E-015
          14           2   7.6203454119993042E-015
          14           3   4.6312602835665888E-016
          14           4   1.2178164262247663E-015
          14           5   6.1370977274643375E-015
          14           6  -7.5760200316619501E-003
          14           7   8.6830377054574106E-003
          14           8  0.13305488293827605     
          14           9   3.5303630242379806E-002
          14          10  -4.0462241553272209E-002
          14          11 -0.17710380955089303     
          14          12  -4.9151035546299545E-003
          14          13   5.6333047315920131E-003
          14          14   2.7800127993472756E-002
          14          15  -6.2435869898468690E-016
          14          16  -5.2637693848200132E-016
          14          17  -1.7223422523931260E-015
          14          18  -1.4781413650083329E-016
          14          19  -4.3537438996699220E-016
          14          20  -2.6633640473579928E-015
          14          21  -2.2041357549749706E-015
          14          22  -1.2067475535756795E-016
          14          23  -2.7433168172706067E-015
          14          24   1.9042824753144869E-016
          14          25   1.1393417099714429E-017
          14          26  -2.1421107151551408E-015
          15           1 -0.24820600105562468     
          15           2  -1.8114582773007881     
          15           3  -4.3677512395400067     
          15           4  0.61082667966474102     
          15           5 -0.19016104119636851     
          15           6  -5.9682071093287540E-015
          15           7   5.0314856516802588E-014
          15           8   8.2907730931155397E-015
          15           9   1.1607612876581943E-015
          15          10   4.1460290121073885E-015
          15          11  -2.1597178959297522E-015
          15          12  -3.5590176923597090E-015
          15          13   5.0253636772425085E-015
          15          14  -6.2435869898468690E-016
          15          15   1.1167217323353968     
          15          16   8.9351739085259639E-003
          15          17   1.1146534295603083     
          15          18  -3.8500952783804888E-003
          15          19   4.4122631491231874E-003
          15          20   1.1217128391921465     
          15          21  -1.5686637571859903E-002
          15          22  -4.2239666583532200E-004
          15          23  -1.5575409141851619E-002
          15          24   1.8191864956420176E-004
          15          25  -2.0851109991841741E-004
          15          26  -1.5954814585537803E-002
          16           1  -2.1195648936106343E-003
          16           2  -1.8851535401666383E-002
          16           3  -5.6967829115372293E-002
          16           4   5.3928965788373846E-003
          16           5   7.4275859441753399E-003
          16           6   2.4735869957717854E-015
          16           7   5.2828142893201143E-015
          16           8  -1.5382496531021799E-015
          16           9  -2.3305651666592033E-015
          16          10   5.3658853975724568E-016
          16          11   3.8918376453517872E-015
          16          12   4.0665033970703787E-016
          16          13   2.0544867590080173E-016
          16          14  -5.2637693848200132E-016
          16          15   8.9351739085259639E-003
          16          16   6.6132765387249214E-004
          16          17   8.7820601233198955E-003
          16          18  -2.8495993843217625E-004
          16          19   3.2656837892587289E-004
          16          20   9.3046567798837979E-003
          16          21  -3.5782052631519192E-003
          16          22  -3.2592695261361330E-005
          16          23  -3.5696657125290146E-003
          16          24   1.4037208817104953E-005
          16          25  -1.6089095137868322E-005
          16          26  -3.5987947454829755E-003
          17           1 -0.24771605334934915     
          17           2  -1.8070966985320616     
          17           3  -4.3545627767856683     
          17           4  0.60957821753089725     
          17           5 -0.19188124040369861     
          17           6   1.4339354273129601E-015
          17           7   6.2397398622940264E-014
          17           8   6.6789490508250881E-015
          17           9  -3.1768979621702751E-015
          17          10   2.5265328522538742E-015
          17          11   5.6850847579817503E-015
          17          12  -2.6806492724317872E-015
          17          13   5.7011676217093093E-015
          17          14  -1.7223422523931260E-015
          17          15   1.1146534295603083     
          17          16   8.7820601233198955E-003
          17          17   1.1126205764377761     
          17          18  -3.7841199718516979E-003
          17          19   4.3366544546558170E-003
          17          20   1.1195589919357374     
          17          21  -1.4858032347782504E-002
          17          22  -4.1485036118384312E-004
          17          23  -1.4748781101961435E-002
          17          24   1.7866856379639899E-004
          17          25  -2.0478593349194767E-004
          17          26  -1.5121442225450893E-002
          18           1   9.1332346826385744E-004
          18           2   8.1230386025022902E-003
          18           3   2.4546937038374017E-002
          18           4  -2.3237526851274709E-003
          18           5  -3.2004624713259469E-003
          18           6  -1.6762950543391897E-015
          18           7  -2.2961725096741396E-015
          18           8   2.4952118977122634E-016
          18           9  -1.8038187988144307E-016
          18          10  -1.5626744714711475E-016
          18          11   1.0341232466471188E-015
          18          12  -2.6244215086181718E-017
          18          13  -9.3875617968083767E-017
          18          14  -1.4781413650083329E-016
          18          15  -3.8500952783804888E-003
          18          16  -2.8495993843217625E-004
          18          17  -3.7841199718516979E-003
          18          18   1.2278658852294641E-004
          18          19  -1.4071527874363784E-004
          18          20  -4.0093020125382050E-003
          18          21   1.5418107118324049E-003
          18          22   1.4043881154654602E-005
          18          23   1.5381311007586457E-003
          18          24  -6.0484992347568639E-006
          18          25   6.9326374566816386E-006
          18          26   1.5506825237722290E-003
          19           1  -1.0466748366481488E-003
          19           2  -9.3090952292339234E-003
          19           3  -2.8131149601602481E-002
          19           4   2.6630543207929788E-003
          19           5   3.6677832930419965E-003
          19           6   2.4794262805399252E-015
          19           7   2.4908023842717415E-015
          19           8  -1.6290273123128704E-015
          19           9  -1.5268648977485703E-015
          19          10   3.6628280052131488E-016
          19          11   3.0297417739094947E-015
          19          12   2.8257757099319160E-016
          19          13   1.0530118462485706E-016
          19          14  -4.3537438996699220E-016
          19          15   4.4122631491231874E-003
          19          16   3.2656837892587289E-004
          19          17   4.3366544546558170E-003
          19          18  -1.4071527874363784E-004
          19          19   1.6126182761625464E-004
          19          20   4.5947164631446307E-003
          19          21  -1.7669398533438322E-003
          19          22  -1.6094501976128686E-005
          19          23  -1.7627229630242131E-003
          19          24   6.9316723644830758E-006
          19          25  -7.9449082501042494E-006
          19          26  -1.7771070849175589E-003
          20           1 -0.24938836652455865     
          20           2  -1.8219835473786050     
          20           3  -4.3995767399608194     
          20           4  0.61383938595121590     
          20           5 -0.18601002392956942     
          20           6  -7.3898343512013109E-015
          20           7   4.5529957305932260E-014
          20           8   5.9480957597781176E-015
          20           9  -4.1703045956374792E-015
          20          10   7.0501710415291246E-015
          20          11   1.2860238495577970E-014
          20          12  -2.8996869155695913E-015
          20          13   4.5282115912769915E-015
          20          14  -2.6633640473579928E-015
          20          15   1.1217128391921465     
          20          16   9.3046567798837979E-003
          20          17   1.1195589919357374     
          20          18  -4.0093020125382050E-003
          20          19   4.5947164631446307E-003
          20          20   1.1269103756683165     
          20          21  -1.7686154115894422E-002
          20          22  -4.4060682873453436E-004
          20          23  -1.7570154496158313E-002
          20          24   1.8976150696091920E-004
          20          25  -2.1750038547923225E-004
          20          26  -1.7965834817746558E-002
          21           1  -4.2535905403025390E-002
          21           2 -0.10923107793618428     
          21           3  0.24772605208500487     
          21           4  -2.2818814729601376E-002
          21           5  -9.5729564208278717E-002
          21           6  -2.3766592067150558E-014
          21           7  -4.3464029584086767E-015
          21           8   3.5956654194811247E-015
          21           9   4.9906489458064290E-016
          21          10  -5.3286578365060779E-015
          21          11   1.1642120695690732E-014
          21          12  -2.0823325211019409E-015
          21          13   9.2116519815578087E-016
          21          14  -2.2041357549749706E-015
          21          15  -1.5686637571859903E-002
          21          16  -3.5782052631519192E-003
          21          17  -1.4858032347782504E-002
          21          18   1.5418107118324049E-003
          21          19  -1.7669398533438322E-003
          21          20  -1.7686154115894422E-002
          21          21   3.7285969061531865E-002
          21          22   1.8340068774895296E-004
          21          23   3.7238135346962811E-002
          21          24  -7.8988675049112430E-005
          21          25   9.0534622822709379E-005
          21          26   3.7401300784289236E-002
          22           1   7.0249272661237743E-005
          22           2   7.9740924852435063E-004
          22           3   2.7637614315692382E-003
          22           4  -2.6022657748176690E-004
          22           5  -3.8909916498088861E-004
          22           6   1.7914652349367811E-015
          22           7   2.1570352268376271E-015
          22           8  -1.7238506591924061E-016
          22           9  -4.3398289474950587E-016
          22          10  -2.3033943499502689E-016
          22          11   8.3254281241127652E-016
          22          12   1.1804264863563505E-016
          22          13   1.1050152327896132E-016
          22          14  -1.2067475535756795E-016
          22          15  -4.2239666583532200E-004
          22          16  -3.2592695261361330E-005
          22          17  -4.1485036118384312E-004
          22          18   1.4043881154654602E-005
          22          19  -1.6094501976128686E-005
          22          20  -4.4060682873453436E-004
          22          21   1.8340068774895296E-004
          22          22   1.6187495321767639E-006
          22          23   1.8297694866675323E-004
          22          24  -6.9717341467018696E-007
          22          25   7.9908224035569047E-007
          22          26   1.8442235572689602E-004
          23           1  -4.2555372216400301E-002
          23           2 -0.10944408908516763     
          23           3  0.24700056494772774     
          23           4  -2.2750460956349975E-002
          23           5  -9.5628331633716784E-002
          23           6  -2.3955523504917053E-014
          23           7  -4.0741019098021633E-015
          23           8   1.9923278980820588E-015
          23           9  -1.5289925638314997E-015
          23          10  -5.5844418864344924E-015
          23          11   1.5338711446717822E-014
          23          12  -1.8208257018289401E-015
          23          13   9.5785986438743193E-016
          23          14  -2.7433168172706067E-015
          23          15  -1.5575409141851619E-002
          23          16  -3.5696657125290146E-003
          23          17  -1.4748781101961435E-002
          23          18   1.5381311007586457E-003
          23          19  -1.7627229630242131E-003
          23          20  -1.7570154496158313E-002
          23          21   3.7238135346962811E-002
          23          22   1.8297694866675323E-004
          23          23   3.7190412566208517E-002
          23          24  -7.8806176421115852E-005
          23          25   9.0325447576940964E-005
          23          26   3.7353199599701736E-002
          24           1  -3.0252373746213632E-005
          24           2  -3.4342129470059374E-004
          24           3  -1.1903087903209742E-003
          24           4   1.1207538914992383E-004
          24           5   1.6758146954610407E-004
          24           6   1.7762659348481927E-015
          24           7   3.1626535945753498E-015
          24           8   2.9682552569662132E-016
          24           9  -1.9910730822590518E-016
          24          10  -8.9727087443124423E-016
          24          11  -1.3455742085382464E-015
          24          12   9.8701654675953349E-017
          24          13   2.3663244048769799E-016
          24          14   1.9042824753144869E-016
          24          15   1.8191864956420176E-004
          24          16   1.4037208817104953E-005
          24          17   1.7866856379639899E-004
          24          18  -6.0484992347568639E-006
          24          19   6.9316723644830758E-006
          24          20   1.8976150696091920E-004
          24          21  -7.8988675049112430E-005
          24          22  -6.9717341467018696E-007
          24          23  -7.8806176421115852E-005
          24          24   3.0026311088518879E-007
          24          25  -3.4415385651755294E-007
          24          26  -7.9428693475895658E-005
          25           1   3.4675511367486058E-005
          25           2   3.9362469598305274E-004
          25           3   1.3643032351732030E-003
          25           4  -1.2845815060626606E-004
          25           5  -1.9207698359086030E-004
          25           6  -3.3130487253713017E-015
          25           7  -4.4431883872796335E-015
          25           8   5.8063956061112057E-016
          25           9   4.8458476127003461E-016
          25          10   6.2218669102691138E-016
          25          11   1.5017876857562811E-017
          25          12  -1.8333651226478271E-016
          25          13  -2.4374034965447501E-016
          25          14   1.1393417099714429E-017
          25          15  -2.0851109991841741E-004
          25          16  -1.6089095137868322E-005
          25          17  -2.0478593349194767E-004
          25          18   6.9326374566816386E-006
          25          19  -7.9449082501042494E-006
          25          20  -2.1750038547923225E-004
          25          21   9.0534622822709379E-005
          25          22   7.9908224035569047E-007
          25          23   9.0325447576940964E-005
          25          24  -3.4415385651755294E-007
          25          25   3.9446030053416076E-007
          25          26   9.1038960655627859E-005
          26           1  -4.2488974978208416E-002
          26           2 -0.10871751357133602     
          26           3  0.24947524770516671     
          26           4  -2.2983619794536454E-002
          26           5  -9.5973647060511189E-002
          26           6  -2.2800743167570250E-014
          26           7   6.9051166960298972E-016
          26           8   2.7792263634198365E-015
          26           9   1.1850189181294900E-016
          26          10  -6.5317016370948017E-015
          26          11   1.0947589443842832E-014
          26          12  -1.9782727860239868E-015
          26          13   1.2598406520240339E-015
          26          14  -2.1421107151551408E-015
          26          15  -1.5954814585537803E-002
          26          16  -3.5987947454829755E-003
          26          17  -1.5121442225450893E-002
          26          18   1.5506825237722290E-003
          26          19  -1.7771070849175589E-003
          26          20  -1.7965834817746558E-002
          26          21   3.7401300784289236E-002
          26          22   1.8442235572689602E-004
          26          23   3.7353199599701736E-002
          26          24  -7.9428693475895658E-005
          26          25   9.1038960655627859E-005
          26          26   3.7517277397975016E-002
