           1           1   2.1610018464089187     
           1           2  0.61576341935885548     
           1           3   3.3833502754070079E-002
           1           4   6.3624160210066893E-002
           1           5  -2.6577975291777516E-002
           1           6   5.8442726552779006E-012
           1           7  -1.9224046370548912E-011
           1           8  -1.9928927544991601E-013
           1           9  -9.9204131711177538E-012
           1          10   3.2371908530445546E-011
           1          11   1.1990729402576365E-012
           1          12  -1.7614548754434750E-011
           1          13   6.6935249485823202E-011
           1          14  -1.7210775748599560E-012
           1          15   2.2935705905968135E-002
           1          16  -1.2756018628474398E-006
           1          17   2.2935983953493576E-002
           1          18  -1.3588630148822316E-005
           1          19   1.5405904543593855E-005
           1          20   2.3076858941875920E-002
           1          21   7.8515201647174782E-003
           1          22   4.2026976911010779E-006
           1          23   7.8506040863636061E-003
           1          24   4.4770060460456892E-005
           1          25  -5.0757386875814495E-005
           1          26   7.3864682752698314E-003
           2           1  0.61576341935885548     
           2           2   2.5044294567840293     
           2           3  0.58340351240976585     
           2           4  0.34813098004216125     
           2           5  -8.6571802152705671E-002
           2           6   3.8103013368744203E-011
           2           7  -1.2788006329311392E-010
           2           8  -9.2475197756349007E-013
           2           9  -5.8678543731517553E-011
           2          10   2.0756161068100848E-010
           2          11   7.5977731612205019E-012
           2          12  -1.1053601308795577E-010
           2          13   4.3857170112581436E-010
           2          14  -1.1746469677967688E-011
           2          15   2.1724507408206410E-002
           2          16  -1.6771140137185770E-005
           2          17   2.1728163078446522E-002
           2          18  -1.7865808349204135E-004
           2          19   2.0255092327322232E-004
           2          20   2.3580332550204187E-002
           2          21   2.8142489590313857E-002
           2          22   2.7981302741091827E-005
           2          23   2.8136390396689217E-002
           2          24   2.9807631450275759E-004
           2          25  -3.3793956713901868E-004
           2          26   2.5046202524334104E-002
           3           1   3.3833502754070079E-002
           3           2  0.58340351240976585     
           3           3   1.1405843727098275     
           3           4  0.57027194833482175     
           3           5 -0.35283264622531751     
           3           6   1.1244505219975822E-010
           3           7  -1.8263850352664423E-010
           3           8  -3.9615234933178273E-012
           3           9  -1.6800426404188752E-010
           3          10   2.4371593935635683E-010
           3          11   2.1206970152745465E-011
           3          12  -2.9848469267495082E-010
           3          13   5.9278161769088590E-010
           3          14  -9.9158796978252511E-012
           3          15   5.8134145343116894E-002
           3          16  -6.4342125517277292E-005
           3          17   5.8148170254027451E-002
           3          18  -6.8541761392502953E-004
           3          19   7.7708196908109380E-004
           3          20   6.5253974519762697E-002
           3          21  0.11998944946275565     
           3          22   4.4185903781436298E-005
           3          23  0.11997981809007005     
           3          24   4.7069898245559330E-004
           3          25  -5.3364793865875396E-004
           3          26  0.11510003408340493     
           4           1   6.3624160210066893E-002
           4           2  0.34813098004216125     
           4           3  0.57027194833482175     
           4           4  0.28908344844984546     
           4           5 -0.17521730163178872     
           4           6   5.1451502831822952E-011
           4           7  -1.5310595452315416E-010
           4           8   7.8678985924622824E-012
           4           9  -9.9683404214028213E-011
           4          10   2.9823610739305111E-010
           4          11  -1.2563021841963851E-011
           4          12  -1.9054651554945885E-010
           4          13   5.8757682024828834E-010
           4          14  -4.1183895412044551E-011
           4          15   3.1128206498574527E-002
           4          16   4.8512542650656248E-006
           4          17   3.1127149046644223E-002
           4          18   5.1678804441490731E-005
           4          19  -5.8590080271974689E-005
           4          20   3.0591389090341356E-002
           4          21   5.9925272281267421E-002
           4          22   4.4571317261322943E-005
           4          23   5.9915556893184771E-002
           4          24   4.7480477542020233E-004
           4          25  -5.3830282102654064E-004
           4          26   5.4993204070511961E-002
           5           1  -2.6577975291777516E-002
           5           2  -8.6571802152705671E-002
           5           3 -0.35283264622531751     
           5           4 -0.17521730163178872     
           5           5  0.11416826472437158     
           5           6  -1.7012639368006115E-010
           5           7  -3.8680709921625534E-011
           5           8  -3.1291099955826824E-012
           5           9   3.2088725866031701E-010
           5          10   8.9346859860830174E-011
           5          11   1.7341884627385098E-012
           5          12   5.1659076227818315E-010
           5          13   6.9753747381159646E-011
           5          14   1.6016179645956715E-011
           5          15  -1.9336344550978910E-002
           5          16   1.0573693555289068E-005
           5          17  -1.9338649340184661E-002
           5          18   1.1263846938092017E-004
           5          19  -1.2770217808413440E-004
           5          20  -2.0506385525121268E-002
           5          21  -3.8969251797947142E-002
           5          22  -1.9602707285129248E-005
           5          23  -3.8964978918440960E-002
           5          24  -2.0882170036704418E-004
           5          25   2.3674848309334772E-004
           5          26  -3.6800102235455365E-002
           6           1   5.8442726552779006E-012
           6           2   3.8103013368744203E-011
           6           3   1.1244505219975822E-010
           6           4   5.1451502831822952E-011
           6           5  -1.7012639368006115E-010
           6           6   2.0026564772178381     
           6           7   4.1380213683308784E-004
           6           8   4.4081095855265252E-003
           6           9  -2.4264273183122825E-002
           6          10  -7.9970912342330891E-004
           6          11  -8.5190605811149983E-003
           6          12 -0.16433504374098776     
           6          13  -1.1614913789328943E-003
           6          14  -1.2373018760549789E-002
           6          15  -3.6908650523330957E-011
           6          16   2.1653743570166174E-011
           6          17   9.1444214720918308E-012
           6          18   4.2711578859496446E-011
           6          19   7.1478105652702989E-012
           6          20   1.7982640023692880E-011
           6          21   4.2127164107114867E-011
           6          22   5.0296367745731996E-011
           6          23   7.6322605756787774E-011
           6          24   1.9506089881413921E-011
           6          25   6.6118179750462183E-012
           6          26   1.8603268245804642E-010
           7           1  -1.9224046370548912E-011
           7           2  -1.2788006329311392E-010
           7           3  -1.8263850352664423E-010
           7           4  -1.5310595452315416E-010
           7           5  -3.8680709921625534E-011
           7           6   4.1380213683308784E-004
           7           7   2.0025523252937303     
           7           8  -4.9976286943472486E-003
           7           9  -7.9970913061529463E-004
           7          10  -2.4062990507890743E-002
           7          11   9.6583575979517344E-003
           7          12  -1.1614912692419965E-003
           7          13 -0.16404270239532712     
           7          14   1.4027725340147174E-002
           7          15   5.6058476194762749E-011
           7          16  -3.3276188436567604E-011
           7          17   2.1064830860988925E-011
           7          18   9.7005863405047953E-011
           7          19  -1.0075907977005590E-011
           7          20  -2.3400769358220732E-011
           7          21  -2.2740874199897292E-011
           7          22  -4.3201892325535072E-011
           7          23   3.5886134648769338E-011
           7          24   7.9108007439880644E-011
           7          25  -1.5096557707151695E-011
           7          26   1.0998512415472306E-010
           8           1  -1.9928927544991601E-013
           8           2  -9.2475197756349007E-013
           8           3  -3.9615234933178273E-012
           8           4   7.8678985924622824E-012
           8           5  -3.1291099955826824E-012
           8           6   4.4081095855265252E-003
           8           7  -4.9976286943472486E-003
           8           8   1.9497832294213806     
           8           9  -8.5190605690347310E-003
           8          10   9.6583576793608170E-003
           8          11   7.7917938973550094E-002
           8          12  -1.2373018665011592E-002
           8          13   1.4027725172928036E-002
           8          14  -1.5926376724267235E-002
           8          15  -6.7599235408779780E-012
           8          16   6.2043888573302231E-012
           8          17  -6.3144351791205109E-013
           8          18  -2.5793109196804362E-012
           8          19  -6.9757416529325480E-012
           8          20   1.9798534817365551E-012
           8          21   3.5783570124404103E-012
           8          22   7.8774794016277316E-012
           8          23   1.3969517410426989E-012
           8          24  -6.7433496174358111E-012
           8          25   4.1273820939729978E-012
           8          26  -4.8758542792844649E-013
           9           1  -9.9204131711177538E-012
           9           2  -5.8678543731517553E-011
           9           3  -1.6800426404188752E-010
           9           4  -9.9683404214028213E-011
           9           5   3.2088725866031701E-010
           9           6  -2.4264273183122825E-002
           9           7  -7.9970913061529463E-004
           9           8  -8.5190605690347310E-003
           9           9  0.19467205417821767     
           9          10   1.4748955307052850E-003
           9          11   1.5711617484123187E-002
           9          12  0.29897818054077391     
           9          13   2.3078243848272907E-003
           9          14   2.4584558950210184E-002
           9          15   6.7782248122102860E-011
           9          16  -5.9166854206665125E-011
           9          17  -3.1009767926060716E-011
           9          18  -8.1202409507861369E-011
           9          19  -1.4289614892618393E-011
           9          20  -5.6484914628725820E-011
           9          21  -8.0498423850101639E-011
           9          22  -9.3235527830418872E-011
           9          23  -1.4280634213564050E-010
           9          24  -3.7760968201957837E-011
           9          25  -1.3588405413042608E-011
           9          26  -3.6329162794160340E-010
          10           1   3.2371908530445546E-011
          10           2   2.0756161068100848E-010
          10           3   2.4371593935635683E-010
          10           4   2.9823610739305111E-010
          10           5   8.9346859860830174E-011
          10           6  -7.9970912342330891E-004
          10           7  -2.4062990507890743E-002
          10           8   9.6583576793608170E-003
          10           9   1.4748955307052850E-003
          10          10  0.19430083055748520     
          10          11  -1.7812811560806958E-002
          10          12   2.3078241484048982E-003
          10          13  0.29839731317215329     
          10          14  -2.7872376739981178E-002
          10          15  -8.6097274879322855E-011
          10          16   6.9215261444922065E-011
          10          17  -4.5094458506689980E-011
          10          18  -1.9141966649670683E-010
          10          19   2.2684781751587378E-011
          10          20   7.8435087429740804E-011
          10          21   3.4790609871775082E-011
          10          22   8.3468641163232689E-011
          10          23  -7.2455260450051825E-011
          10          24  -1.5546368758454020E-010
          10          25   2.9560370602878485E-011
          10          26  -2.1986918165562759E-010
          11           1   1.1990729402576365E-012
          11           2   7.5977731612205019E-012
          11           3   2.1206970152745465E-011
          11           4  -1.2563021841963851E-011
          11           5   1.7341884627385098E-012
          11           6  -8.5190605811149983E-003
          11           7   9.6583575979517344E-003
          11           8   7.7917938973550094E-002
          11           9   1.5711617484123187E-002
          11          10  -1.7812811560806958E-002
          11          11   6.2184301293784017E-003
          11          12   2.4584558784209214E-002
          11          13  -2.7872376166280421E-002
          11          14   4.0977078735441796E-003
          11          15   1.1542443371480937E-011
          11          16  -1.1448755016734500E-011
          11          17  -5.0309865007044139E-013
          11          18   1.0251073073844923E-011
          11          19  -2.3933144115313684E-012
          11          20  -2.7222902992411251E-012
          11          21  -5.3870074728142494E-012
          11          22  -1.5628778260320838E-011
          11          23  -4.4564819684739981E-013
          11          24   1.0795289703462096E-011
          11          25  -3.0933395584231551E-012
          11          26   1.5438089344012076E-012
          12           1  -1.7614548754434750E-011
          12           2  -1.1053601308795577E-010
          12           3  -2.9848469267495082E-010
          12           4  -1.9054651554945885E-010
          12           5   5.1659076227818315E-010
          12           6 -0.16433504374098776     
          12           7  -1.1614912692419965E-003
          12           8  -1.2373018665011592E-002
          12           9  0.29897818054077391     
          12          10   2.3078241484048982E-003
          12          11   2.4584558784209214E-002
          12          12  0.46725375451307666     
          12          13   3.5993449428558116E-003
          12          14   3.8342744902735794E-002
          12          15   8.7578821231278427E-011
          12          16  -9.2090661164074430E-011
          12          17  -6.6236064510561877E-011
          12          18  -1.3017521303805711E-010
          12          19  -1.8447193933722959E-011
          12          20  -7.0571115912072982E-011
          12          21  -1.3430296163791041E-010
          12          22  -1.4584900301688681E-010
          12          23  -2.3163064891268327E-010
          12          24  -6.1025046234922749E-011
          12          25  -1.8810170515527346E-011
          12          26  -5.5380444298196762E-010
          13           1   6.6935249485823202E-011
          13           2   4.3857170112581436E-010
          13           3   5.9278161769088590E-010
          13           4   5.8757682024828834E-010
          13           5   6.9753747381159646E-011
          13           6  -1.1614913789328943E-003
          13           7 -0.16404270239532712     
          13           8   1.4027725172928036E-002
          13           9   2.3078243848272907E-003
          13          10  0.29839731317215329     
          13          11  -2.7872376166280421E-002
          13          12   3.5993449428558116E-003
          13          13  0.46634781830883310     
          13          14  -4.3470514682830495E-002
          13          15  -1.0795635891118931E-010
          13          16   1.0818150958323217E-010
          13          17  -4.3140965848851711E-011
          13          18  -2.9537101528063794E-010
          13          19   3.1598225385999072E-011
          13          20   1.1454801499815400E-010
          13          21   8.1478540935495917E-011
          13          22   1.3047908086061940E-010
          13          23  -8.6157091950404866E-011
          13          24  -2.4040713891615499E-010
          13          25   4.3684400556716707E-011
          13          26  -3.3840018099830967E-010
          14           1  -1.7210775748599560E-012
          14           2  -1.1746469677967688E-011
          14           3  -9.9158796978252511E-012
          14           4  -4.1183895412044551E-011
          14           5   1.6016179645956715E-011
          14           6  -1.2373018760549789E-002
          14           7   1.4027725340147174E-002
          14           8  -1.5926376724267235E-002
          14           9   2.4584558950210184E-002
          14          10  -2.7872376739981178E-002
          14          11   4.0977078735441796E-003
          14          12   3.8342744902735794E-002
          14          13  -4.3470514682830495E-002
          14          14   7.3501725362478572E-003
          14          15   1.5760399657515917E-011
          14          16  -1.7894148982980516E-011
          14          17  -3.0301479478744730E-012
          14          18   1.5812130794071384E-011
          14          19  -3.1687023157585231E-012
          14          20  -6.6048313020821321E-012
          14          21  -1.2959904529737446E-011
          14          22  -2.4380954704465773E-011
          14          23  -5.2728196146586889E-012
          14          24   1.6896583763975742E-011
          14          25  -4.9651214179817228E-012
          14          26  -1.7650757296365823E-012
          15           1   2.2935705905968135E-002
          15           2   2.1724507408206410E-002
          15           3   5.8134145343116894E-002
          15           4   3.1128206498574527E-002
          15           5  -1.9336344550978910E-002
          15           6  -3.6908650523330957E-011
          15           7   5.6058476194762749E-011
          15           8  -6.7599235408779780E-012
          15           9   6.7782248122102860E-011
          15          10  -8.6097274879322855E-011
          15          11   1.1542443371480937E-011
          15          12   8.7578821231278427E-011
          15          13  -1.0795635891118931E-010
          15          14   1.5760399657515917E-011
          15          15   5.0529329590297085E-003
          15          16   3.1098031715275025E-005
          15          17   5.0461543921907024E-003
          15          18   3.3127796672325672E-004
          15          19  -3.7558144828018326E-004
          15          20   1.6117573206761706E-003
          15          21   6.9323393327733939E-003
          15          22   2.3232582092370585E-005
          15          23   6.9272752318276405E-003
          15          24   2.4748971894365178E-004
          15          25  -2.8058777202243936E-004
          15          26   4.3615208468319681E-003
          16           1  -1.2756018628474398E-006
          16           2  -1.6771140137185770E-005
          16           3  -6.4342125517277292E-005
          16           4   4.8512542650656248E-006
          16           5   1.0573693555289068E-005
          16           6   2.1653743570166174E-011
          16           7  -3.3276188436567604E-011
          16           8   6.2043888573302231E-012
          16           9  -5.9166854206665125E-011
          16          10   6.9215261444922065E-011
          16          11  -1.1448755016734500E-011
          16          12  -9.2090661164074430E-011
          16          13   1.0818150958323217E-010
          16          14  -1.7894148982980516E-011
          16          15   3.1098031715275025E-005
          16          16   6.6929263604547663E-007
          16          17   3.0952143235179750E-005
          16          18   7.1297732381225204E-006
          16          19  -8.0832739332237916E-006
          16          20  -4.2963042606191404E-005
          16          21   3.3776480908383316E-006
          16          22   4.0264516557361368E-007
          16          23   3.2898818672451508E-006
          16          24   4.2892581987295105E-006
          16          25  -4.8628824145699926E-006
          16          26  -4.1177358070983728E-005
          17           1   2.2935983953493576E-002
          17           2   2.1728163078446522E-002
          17           3   5.8148170254027451E-002
          17           4   3.1127149046644223E-002
          17           5  -1.9338649340184661E-002
          17           6   9.1444214720918308E-012
          17           7   2.1064830860988925E-011
          17           8  -6.3144351791205109E-013
          17           9  -3.1009767926060716E-011
          17          10  -4.5094458506689980E-011
          17          11  -5.0309865007044139E-013
          17          12  -6.6236064510561877E-011
          17          13  -4.3140965848851711E-011
          17          14  -3.0301479478744730E-012
          17          15   5.0461543921907024E-003
          17          16   3.0952143235179750E-005
          17          17   5.0394076252662304E-003
          17          18   3.2972386060417590E-004
          17          19  -3.7381950367657940E-004
          17          20   1.6211221520834455E-003
          17          21   6.9316030920321837E-003
          17          22   2.3144815862103381E-005
          17          23   6.9265581218527919E-003
          17          24   2.4655477161301823E-004
          17          25  -2.7952778945155259E-004
          17          26   4.3704964448627150E-003
          18           1  -1.3588630148822316E-005
          18           2  -1.7865808349204135E-004
          18           3  -6.8541761392502953E-004
          18           4   5.1678804441490731E-005
          18           5   1.1263846938092017E-004
          18           6   4.2711578859496446E-011
          18           7   9.7005863405047953E-011
          18           8  -2.5793109196804362E-012
          18           9  -8.1202409507861369E-011
          18          10  -1.9141966649670683E-010
          18          11   1.0251073073844923E-011
          18          12  -1.3017521303805711E-010
          18          13  -2.9537101528063794E-010
          18          14   1.5812130794071384E-011
          18          15   3.3127796672325672E-004
          18          16   7.1297732381225204E-006
          18          17   3.2972386060417590E-004
          18          18   7.5951330836991610E-005
          18          19  -8.6108687084972911E-005
          18          20  -4.5767239257511522E-004
          18          21   3.5981038642250295E-005
          18          22   4.2892578776000544E-006
          18          23   3.5046091452712051E-005
          18          24   4.5692177855295238E-005
          18          25  -5.1802824143748725E-005
          18          26  -4.3865004476810248E-004
          19           1   1.5405904543593855E-005
          19           2   2.0255092327322232E-004
          19           3   7.7708196908109380E-004
          19           4  -5.8590080271974689E-005
          19           5  -1.2770217808413440E-004
          19           6   7.1478105652702989E-012
          19           7  -1.0075907977005590E-011
          19           8  -6.9757416529325480E-012
          19           9  -1.4289614892618393E-011
          19          10   2.2684781751587378E-011
          19          11  -2.3933144115313684E-012
          19          12  -1.8447193933722959E-011
          19          13   3.1598225385999072E-011
          19          14  -3.1687023157585231E-012
          19          15  -3.7558144828018326E-004
          19          16  -8.0832739332237916E-006
          19          17  -3.7381950367657940E-004
          19          18  -8.6108687084972911E-005
          19          19   9.7624438041927152E-005
          19          20   5.1887923944897863E-004
          19          21  -4.0792966739457582E-005
          19          22  -4.8628820643463609E-006
          19          23  -3.9732984325515958E-005
          19          24  -5.1802824291310925E-005
          19          25   5.8730678266440085E-005
          19          26   4.9731293609072986E-004
          20           1   2.3076858941875920E-002
          20           2   2.3580332550204187E-002
          20           3   6.5253974519762697E-002
          20           4   3.0591389090341356E-002
          20           5  -2.0506385525121268E-002
          20           6   1.7982640023692880E-011
          20           7  -2.3400769358220732E-011
          20           8   1.9798534817365551E-012
          20           9  -5.6484914628725820E-011
          20          10   7.8435087429740804E-011
          20          11  -2.7222902992411251E-012
          20          12  -7.0571115912072982E-011
          20          13   1.1454801499815400E-010
          20          14  -6.6048313020821321E-012
          20          15   1.6117573206761706E-003
          20          16  -4.2963042606191404E-005
          20          17   1.6211221520834455E-003
          20          18  -4.5767239257511522E-004
          20          19   5.1887923944897863E-004
          20          20   6.3658649324994029E-003
          20          21   6.5585835308965765E-003
          20          22  -2.1322417857637401E-005
          20          23   6.5632312666302362E-003
          20          24  -2.2714133382893231E-004
          20          25   2.5751809453982100E-004
          20          26   8.9180323548453053E-003
          21           1   7.8515201647174782E-003
          21           2   2.8142489590313857E-002
          21           3  0.11998944946275565     
          21           4   5.9925272281267421E-002
          21           5  -3.8969251797947142E-002
          21           6   4.2127164107114867E-011
          21           7  -2.2740874199897292E-011
          21           8   3.5783570124404103E-012
          21           9  -8.0498423850101639E-011
          21          10   3.4790609871775082E-011
          21          11  -5.3870074728142494E-012
          21          12  -1.3430296163791041E-010
          21          13   8.1478540935495917E-011
          21          14  -1.2959904529737446E-011
          21          15   6.9323393327733939E-003
          21          16   3.3776480908383316E-006
          21          17   6.9316030920321837E-003
          21          18   3.5981038642250295E-005
          21          19  -4.0792966739457582E-005
          21          20   6.5585835308965765E-003
          21          21   1.3375621704758100E-002
          21          22   1.0912611597839071E-005
          21          23   1.3373243039019340E-002
          21          24   1.1624875767404235E-004
          21          25  -1.3179529242963040E-004
          21          26   1.2168079376354569E-002
          22           1   4.2026976911010779E-006
          22           2   2.7981302741091827E-005
          22           3   4.4185903781436298E-005
          22           4   4.4571317261322943E-005
          22           5  -1.9602707285129248E-005
          22           6   5.0296367745731996E-011
          22           7  -4.3201892325535072E-011
          22           8   7.8774794016277316E-012
          22           9  -9.3235527830418872E-011
          22          10   8.3468641163232689E-011
          22          11  -1.5628778260320838E-011
          22          12  -1.4584900301688681E-010
          22          13   1.3047908086061940E-010
          22          14  -2.4380954704465773E-011
          22          15   2.3232582092370585E-005
          22          16   4.0264516557361368E-007
          22          17   2.3144815862103381E-005
          22          18   4.2892578776000544E-006
          22          19  -4.8628820643463609E-006
          22          20  -2.1322417857637401E-005
          22          21   1.0912611597839071E-005
          22          22   2.4832583441082139E-007
          22          23   1.0858482994644124E-005
          22          24   2.6453406284277570E-006
          22          25  -2.9991154241416517E-006
          22          26  -1.6566071258125204E-005
          23           1   7.8506040863636061E-003
          23           2   2.8136390396689217E-002
          23           3  0.11997981809007005     
          23           4   5.9915556893184771E-002
          23           5  -3.8964978918440960E-002
          23           6   7.6322605756787774E-011
          23           7   3.5886134648769338E-011
          23           8   1.3969517410426989E-012
          23           9  -1.4280634213564050E-010
          23          10  -7.2455260450051825E-011
          23          11  -4.4564819684739981E-013
          23          12  -2.3163064891268327E-010
          23          13  -8.6157091950404866E-011
          23          14  -5.2728196146586889E-012
          23          15   6.9272752318276405E-003
          23          16   3.2898818672451508E-006
          23          17   6.9265581218527919E-003
          23          18   3.5046091452712051E-005
          23          19  -3.9732984325515958E-005
          23          20   6.5632312666302362E-003
          23          21   1.3373243039019340E-002
          23          22   1.0858482994644124E-005
          23          23   1.3370876171914788E-002
          23          24   1.1567214190012835E-004
          23          25  -1.3114156290884013E-004
          23          26   1.2171690352105021E-002
          24           1   4.4770060460456892E-005
          24           2   2.9807631450275759E-004
          24           3   4.7069898245559330E-004
          24           4   4.7480477542020233E-004
          24           5  -2.0882170036704418E-004
          24           6   1.9506089881413921E-011
          24           7   7.9108007439880644E-011
          24           8  -6.7433496174358111E-012
          24           9  -3.7760968201957837E-011
          24          10  -1.5546368758454020E-010
          24          11   1.0795289703462096E-011
          24          12  -6.1025046234922749E-011
          24          13  -2.4040713891615499E-010
          24          14   1.6896583763975742E-011
          24          15   2.4748971894365178E-004
          24          16   4.2892581987295105E-006
          24          17   2.4655477161301823E-004
          24          18   4.5692177855295238E-005
          24          19  -5.1802824291310925E-005
          24          20  -2.2714133382893231E-004
          24          21   1.1624875767404235E-004
          24          22   2.6453406284277570E-006
          24          23   1.1567214190012835E-004
          24          24   2.8180020242421639E-005
          24          25  -3.1948677026103968E-005
          24          26  -1.7647340853574870E-004
          25           1  -5.0757386875814495E-005
          25           2  -3.3793956713901868E-004
          25           3  -5.3364793865875396E-004
          25           4  -5.3830282102654064E-004
          25           5   2.3674848309334772E-004
          25           6   6.6118179750462183E-012
          25           7  -1.5096557707151695E-011
          25           8   4.1273820939729978E-012
          25           9  -1.3588405413042608E-011
          25          10   2.9560370602878485E-011
          25          11  -3.0933395584231551E-012
          25          12  -1.8810170515527346E-011
          25          13   4.3684400556716707E-011
          25          14  -4.9651214179817228E-012
          25          15  -2.8058777202243936E-004
          25          16  -4.8628824145699926E-006
          25          17  -2.7952778945155259E-004
          25          18  -5.1802824143748725E-005
          25          19   5.8730678266440085E-005
          25          20   2.5751809453982100E-004
          25          21  -1.3179529242963040E-004
          25          22  -2.9991154241416517E-006
          25          23  -1.3114156290884013E-004
          25          24  -3.1948677026103968E-005
          25          25   3.6221335362340821E-005
          25          26   2.0007409113240629E-004
          26           1   7.3864682752698314E-003
          26           2   2.5046202524334104E-002
          26           3  0.11510003408340493     
          26           4   5.4993204070511961E-002
          26           5  -3.6800102235455365E-002
          26           6   1.8603268245804642E-010
          26           7   1.0998512415472306E-010
          26           8  -4.8758542792844649E-013
          26           9  -3.6329162794160340E-010
          26          10  -2.1986918165562759E-010
          26          11   1.5438089344012076E-012
          26          12  -5.5380444298196762E-010
          26          13  -3.3840018099830967E-010
          26          14  -1.7650757296365823E-012
          26          15   4.3615208468319681E-003
          26          16  -4.1177358070983728E-005
          26          17   4.3704964448627150E-003
          26          18  -4.3865004476810248E-004
          26          19   4.9731293609072986E-004
          26          20   8.9180323548453053E-003
          26          21   1.2168079376354569E-002
          26          22  -1.6566071258125204E-005
          26          23   1.2171690352105021E-002
          26          24  -1.7647340853574870E-004
          26          25   2.0007409113240629E-004
          26          26   1.4001211463846738E-002
