           1           1   2.2308015484476416     
           1           2 -0.77923086848824308     
           1           3  0.45493614464365562     
           1           4  0.52936584205990711     
           1           5  0.40457916940504257     
           1           6   2.0428392140605736E-013
           1           7   4.2921013971095249E-014
           1           8   1.8610255375948812E-014
           1           9  -4.1613958082999703E-014
           1          10  -6.7613646546626253E-015
           1          11  -5.6357716536222846E-015
           1          12   1.6483140072095322E-014
           1          13   1.8882284620157189E-015
           1          14   2.5571331032334245E-015
           1          15  -2.6419293461125523E-015
           1          16  -8.4673666943774924E-017
           1          17   1.6313875716280335E-015
           1          18 -0.36575598963859202     
           1          19  -2.3421539269074606E-015
           1          20 -0.36575598963859268     
           1          21  -3.0875200415111369E-017
           1          22  -9.8651565529006662E-016
           1          23 -0.36575598963858669     
           1          24 -0.18836658420606500     
           1          25  -3.0357730034598309E-016
           1          26 -0.18836658420606889     
           1          27   1.1301444751966790E-015
           1          28  -1.7957488913767120E-015
           1          29 -0.18836658420606758     
           2           1 -0.77923086848824308     
           2           2   2.6760691810737738     
           2           3  -1.0400622709061305     
           2           4  -1.3350746269645819     
           2           5  -1.0335728445723555     
           2           6  -7.7611186965699110E-013
           2           7  -1.5992416525455440E-013
           2           8  -7.0408388461323939E-014
           2           9   1.6514447253340562E-013
           2          10   3.1384159043058890E-014
           2          11   2.4431551407343176E-014
           2          12  -7.2330785742330832E-014
           2          13  -1.6572193004356786E-014
           2          14  -9.9796642182741453E-015
           2          15   2.1502434417962057E-014
           2          16   5.2438685425796186E-015
           2          17   2.9426762939393905E-015
           2          18  0.90779159426889688     
           2          19  -2.8735430048220831E-015
           2          20  0.90779159426890010     
           2          21  -2.0120409895903020E-015
           2          22   1.6208461451806308E-015
           2          23  0.90779159426888978     
           2          24  0.48058470425440347     
           2          25   3.2635996783929244E-015
           2          26  0.48058470425440147     
           2          27  -1.4946439868217090E-015
           2          28   2.2463826164189036E-015
           2          29  0.48058470425440775     
           3           1  0.45493614464365562     
           3           2  -1.0400622709061305     
           3           3   4.0081527932168717     
           3           4   3.3968526945783069     
           3           5   2.4632036012614527     
           3           6   1.6583337343317489E-013
           3           7   2.8685821998638631E-014
           3           8   2.4115085167033885E-014
           3           9  -5.1334111996207856E-014
           3          10  -1.9681250735237225E-015
           3          11  -3.7817386363209661E-014
           3          12   1.8724844754068842E-014
           3          13  -4.3328569675126787E-015
           3          14   1.8151445664377262E-014
           3          15  -7.0178660564613535E-015
           3          16   4.8014442944210883E-015
           3          17  -3.9415251281615179E-015
           3          18  -2.4998547850371566     
           3          19  -1.8084710747911335E-016
           3          20  -2.4998547850371655     
           3          21  -5.5649682511866082E-015
           3          22  -5.2380361836648712E-015
           3          23  -2.4998547850371597     
           3          24  -1.1536259930199984     
           3          25  -2.1682053912242492E-015
           3          26  -1.1536259930200090     
           3          27  -3.8970883538674212E-015
           3          28  -8.7258766756880566E-015
           3          29  -1.1536259930200148     
           4           1  0.52936584205990711     
           4           2  -1.3350746269645819     
           4           3   3.3968526945783069     
           4           4   2.9644921081687112     
           4           5   2.1620463596261166     
           4           6   1.0101759283413616E-013
           4           7   4.2704323624694699E-014
           4           8   1.1902089678559366E-014
           4           9  -4.0444706782440929E-014
           4          10   1.6494511064071923E-014
           4          11  -3.3628161975478739E-014
           4          12   1.3645847503848133E-014
           4          13  -7.9685928845472489E-015
           4          14   1.5405176104911825E-014
           4          15  -4.5667675364678291E-015
           4          16   5.1769954573611517E-015
           4          17  -3.3210287930972261E-015
           4          18  -2.1675455593806472     
           4          19   3.6735883665671221E-016
           4          20  -2.1675455593806547     
           4          21  -4.0680074230631304E-015
           4          22  -4.4915598949205120E-015
           4          23  -2.1675455593806485     
           4          24  -1.0119227772478647     
           4          25  -2.3401685118305641E-015
           4          26  -1.0119227772478729     
           4          27  -2.8218149946913510E-015
           4          28  -7.3994612812270726E-015
           4          29  -1.0119227772478785     
           5           1  0.40457916940504257     
           5           2  -1.0335728445723555     
           5           3   2.4632036012614527     
           5           4   2.1620463596261166     
           5           5   1.5785438249790771     
           5           6   7.5612785721854028E-014
           5           7   2.8804338458031596E-014
           5           8   7.4334605413767498E-015
           5           9  -3.6382476130203589E-014
           5          10   8.4973062418311236E-015
           5          11  -2.6181107023387471E-014
           5          12   1.2097766714454903E-014
           5          13  -4.6870661551779313E-015
           5          14   1.1653015104050032E-014
           5          15  -3.8969430329352087E-015
           5          16   3.4153355487043149E-015
           5          17  -2.5494906391325964E-015
           5          18  -1.5788434013590027     
           5          19   3.4156363783493102E-016
           5          20  -1.5788434013590082     
           5          21  -2.8563511838437588E-015
           5          22  -3.2645771496135710E-015
           5          23  -1.5788434013590034     
           5          24 -0.73872894966924685     
           5          25  -1.7694933880989352E-015
           5          26 -0.73872894966925273     
           5          27  -1.9768470085874391E-015
           5          28  -5.3662873117061582E-015
           5          29 -0.73872894966925695     
           6           1   2.0428392140605736E-013
           6           2  -7.7611186965699110E-013
           6           3   1.6583337343317489E-013
           6           4   1.0101759283413616E-013
           6           5   7.5612785721854028E-014
           6           6   2.3685179639157083     
           6           7   3.0114799542957371E-015
           6           8  -3.4139358007223564E-015
           6           9  -1.1028936032805232     
           6          10  -7.1054273576010019E-015
           6          11  -6.9111383282915995E-015
           6          12  0.40632151441094533     
           6          13   4.2604808569990382E-015
           6          14   1.0665079930305410E-014
           6          15 -0.12982017656971739     
           6          16  -1.0959982921221467E-014
           6          17   2.5660029656648931E-014
           6          18  -8.9541360742681351E-014
           6          19  -1.1368802529428036E-014
           6          20  -1.6366318222315870E-013
           6          21   1.0628299516890252E-014
           6          22   4.9456525152773005E-014
           6          23  -1.1096779545888154E-013
           6          24  -9.5404826177327744E-014
           6          25   2.0205905170376877E-014
           6          26  -1.0318702140382084E-013
           6          27  -3.8207276202156689E-014
           6          28  -2.1909126266385641E-014
           6          29   4.0923922568936707E-014
           7           1   4.2921013971095249E-014
           7           2  -1.5992416525455440E-013
           7           3   2.8685821998638631E-014
           7           4   4.2704323624694699E-014
           7           5   2.8804338458031596E-014
           7           6   3.0114799542957371E-015
           7           7   2.3685179639157350     
           7           8   2.6541269182445149E-016
           7           9   4.4131365228849972E-015
           7          10  -1.1028936032805992     
           7          11  -8.7430063189231078E-016
           7          12  -4.8988590961585032E-015
           7          13  0.40632151441102249     
           7          14   1.5577816814271728E-015
           7          15   5.8078541975703502E-015
           7          16 -0.12982017656976058     
           7          17   3.0002042517018879E-015
           7          18  -1.3641326410180230E-014
           7          19   4.5006441019363740E-015
           7          20  -3.9194360600805956E-014
           7          21   5.8512493503232640E-015
           7          22  -1.6692248721499531E-015
           7          23  -2.2595648856932032E-014
           7          24  -2.4343327297939483E-014
           7          25  -1.1436562416443701E-015
           7          26  -1.9236197096557173E-014
           7          27   4.0508808327913917E-017
           7          28   3.7373143576195961E-016
           7          29  -8.8542028572720910E-015
           8           1   1.8610255375948812E-014
           8           2  -7.0408388461323939E-014
           8           3   2.4115085167033885E-014
           8           4   1.1902089678559366E-014
           8           5   7.4334605413767498E-015
           8           6  -3.4139358007223564E-015
           8           7   2.6541269182445149E-016
           8           8   2.3685179639157310     
           8           9   9.7977181923170065E-015
           8          10   3.3861802251067274E-015
           8          11  -1.1028936032805938     
           8          12  -1.1608769501236793E-014
           8          13  -2.1510571102112408E-016
           8          14  0.40632151441101610     
           8          15   5.7211180237715098E-015
           8          16  -1.1648668141184260E-015
           8          17 -0.12982017656975486     
           8          18  -1.6221425592471899E-014
           8          19  -4.5008256967898120E-015
           8          20  -1.6472211129206598E-014
           8          21   1.2751551963138799E-015
           8          22   6.3434349011994485E-015
           8          23  -1.4792333572321214E-014
           8          24  -9.7891834322297536E-015
           8          25   3.0483998944371395E-015
           8          26  -1.3451508951775365E-014
           8          27  -6.1452638524586673E-015
           8          28  -2.6146572791483042E-015
           8          29   6.5775178893112022E-015
           9           1  -4.1613958082999703E-014
           9           2   1.6514447253340562E-013
           9           3  -5.1334111996207856E-014
           9           4  -4.0444706782440929E-014
           9           5  -3.6382476130203589E-014
           9           6  -1.1028936032805232     
           9           7   4.4131365228849972E-015
           9           8   9.7977181923170065E-015
           9           9   3.2112991591363858     
           9          10   1.1768364061026659E-014
           9          11  -5.4400928206632670E-015
           9          12  -1.0112849694764532     
           9          13  -1.4710455076283324E-014
           9          14   1.0103029524088925E-014
           9          15  0.30749839583462285     
           9          16   6.4392935428259079E-015
           9          17  -6.0645932720149176E-015
           9          18   5.5645703647336247E-014
           9          19   3.2683188156369548E-014
           9          20   4.2304433456358694E-014
           9          21  -7.7467857357271757E-015
           9          22  -2.1976567776295381E-014
           9          23   5.4040702542145341E-014
           9          24   2.5297285706474778E-014
           9          25  -8.4890867779498048E-015
           9          26   3.3863680972823711E-014
           9          27   2.0024324954919670E-014
           9          28   4.2630586194619485E-015
           9          29  -7.8783258602987703E-015
          10           1  -6.7613646546626253E-015
          10           2   3.1384159043058890E-014
          10           3  -1.9681250735237225E-015
          10           4   1.6494511064071923E-014
          10           5   8.4973062418311236E-015
          10           6  -7.1054273576010019E-015
          10           7  -1.1028936032805992     
          10           8   3.3861802251067274E-015
          10           9   1.1768364061026659E-014
          10          10   3.2112991591364302     
          10          11   5.4400928206632670E-015
          10          12  -1.1657341758564144E-014
          10          13  -1.0112849694765065     
          10          14  -9.2009733165809848E-015
          10          15  -7.7299278089526524E-015
          10          16  0.30749839583465194     
          10          17  -7.4627803936522241E-015
          10          18  -7.1034604815939375E-014
          10          19  -1.8360615673672332E-014
          10          20   2.5872966762575678E-014
          10          21  -2.6921078916955734E-014
          10          22   2.0204014294133921E-014
          10          23  -3.1320853230093040E-014
          10          24   2.5696207721329450E-014
          10          25   1.3543141421581588E-014
          10          26   1.1710949697536543E-016
          10          27  -6.2685202951889112E-015
          10          28  -8.9484209532797912E-015
          10          29  -9.3357302275532137E-015
          11           1  -5.6357716536222846E-015
          11           2   2.4431551407343176E-014
          11           3  -3.7817386363209661E-014
          11           4  -3.3628161975478739E-014
          11           5  -2.6181107023387471E-014
          11           6  -6.9111383282915995E-015
          11           7  -8.7430063189231078E-016
          11           8  -1.1028936032805938     
          11           9  -5.4400928206632670E-015
          11          10   5.4400928206632670E-015
          11          11   3.2112991591364151     
          11          12   5.9952043329758453E-015
          11          13  -2.9559688030644793E-015
          11          14  -1.0112849694764781     
          11          15   1.8179902028236938E-015
          11          16   7.8062556418956319E-016
          11          17  0.30749839583463440     
          11          18   5.2565207052362954E-014
          11          19   1.1805181777228674E-014
          11          20   5.8061253723322069E-015
          11          21  -5.6380782524603978E-016
          11          22  -2.4895625079497936E-015
          11          23   3.4045147331731940E-014
          11          24   2.4169848656754996E-015
          11          25  -2.2322114739259518E-015
          11          26   2.3130071299550092E-014
          11          27   5.6852795091115352E-015
          11          28  -4.8259128654421493E-016
          11          29   6.9911228234591032E-015
          12           1   1.6483140072095322E-014
          12           2  -7.2330785742330832E-014
          12           3   1.8724844754068842E-014
          12           4   1.3645847503848133E-014
          12           5   1.2097766714454903E-014
          12           6  0.40632151441094533     
          12           7  -4.8988590961585032E-015
          12           8  -1.1608769501236793E-014
          12           9  -1.0112849694764532     
          12          10  -1.1657341758564144E-014
          12          11   5.9952043329758453E-015
          12          12  0.32021812177469622     
          12          13   6.8972605404837850E-015
          12          14  -4.3853809472693683E-015
          12          15  -9.7553734559107375E-002
          12          16  -2.9629076969683865E-015
          12          17   3.1294411506621600E-015
          12          18  -1.8399564803561277E-014
          12          19  -1.0296684233874370E-014
          12          20  -1.6532106205566820E-014
          12          21   2.6758530651257726E-015
          12          22   8.1635181322920378E-015
          12          23  -1.8545857762860683E-014
          12          24  -9.9622489226723451E-015
          12          25   3.1860713445398723E-015
          12          26  -1.2803462552616960E-014
          12          27  -7.2350228416753284E-015
          12          28  -1.9487811756348388E-015
          12          29   4.1900863978274243E-015
          13           1   1.8882284620157189E-015
          13           2  -1.6572193004356786E-014
          13           3  -4.3328569675126787E-015
          13           4  -7.9685928845472489E-015
          13           5  -4.6870661551779313E-015
          13           6   4.2604808569990382E-015
          13           7  0.40632151441102249     
          13           8  -2.1510571102112408E-016
          13           9  -1.4710455076283324E-014
          13          10  -1.0112849694765065     
          13          11  -2.9559688030644793E-015
          13          12   6.8972605404837850E-015
          13          13  0.32021812177472780     
          13          14   3.2369940061727220E-015
          13          15   1.4745149545802860E-015
          13          16  -9.7553734559121599E-002
          13          17   2.2360585605341043E-015
          13          18   2.4453083118329574E-014
          13          19   5.7284953011627139E-015
          13          20  -5.8353260224533014E-015
          13          21   8.3771772174515926E-015
          13          22  -6.2062706798412343E-015
          13          23   1.2085574295789263E-014
          13          24  -7.1645021409796769E-015
          13          25  -4.1609169552041086E-015
          13          26   7.8166687873904401E-016
          13          27   1.9114079987278368E-015
          13          28   2.7379358323330984E-015
          13          29   3.9701019246871149E-015
          14           1   2.5571331032334245E-015
          14           2  -9.9796642182741453E-015
          14           3   1.8151445664377262E-014
          14           4   1.5405176104911825E-014
          14           5   1.1653015104050032E-014
          14           6   1.0665079930305410E-014
          14           7   1.5577816814271728E-015
          14           8  0.40632151441101610     
          14           9   1.0103029524088925E-014
          14          10  -9.2009733165809848E-015
          14          11  -1.0112849694764781     
          14          12  -4.3853809472693683E-015
          14          13   3.2369940061727220E-015
          14          14  0.32021812177471159     
          14          15   2.5326962749261384E-016
          14          16  -9.9052710478275685E-016
          14          17  -9.7553734559113883E-002
          14          18  -2.0069094482138913E-014
          14          19  -3.7308627393676881E-015
          14          20  -5.8276322759104330E-015
          14          21   2.0962299307719700E-016
          14          22   9.4675447573001152E-016
          14          23  -1.4383096389603159E-014
          14          24  -2.6462510592343345E-015
          14          25   7.7062004449667605E-016
          14          26  -9.0667552636804289E-015
          14          27  -1.9147089820918541E-015
          14          28   6.9524355784895744E-017
          14          29  -3.5547860883160622E-015
          15           1  -2.6419293461125523E-015
          15           2   2.1502434417962057E-014
          15           3  -7.0178660564613535E-015
          15           4  -4.5667675364678291E-015
          15           5  -3.8969430329352087E-015
          15           6 -0.12982017656971739     
          15           7   5.8078541975703502E-015
          15           8   5.7211180237715098E-015
          15           9  0.30749839583462285     
          15          10  -7.7299278089526524E-015
          15          11   1.8179902028236938E-015
          15          12  -9.7553734559107375E-002
          15          13   1.4745149545802860E-015
          15          14   2.5326962749261384E-016
          15          15   2.9739184474128377E-002
          15          16  -1.5785983631388945E-016
          15          17  -7.2164496600635175E-016
          15          18   6.0181291483237913E-015
          15          19   3.1313359500199361E-015
          15          20   5.6983532100267394E-015
          15          21  -8.3875113853190645E-016
          15          22  -2.6143438556830469E-015
          15          23   6.1318806584574382E-015
          15          24   3.3161183021350949E-015
          15          25  -1.0232746436373535E-015
          15          26   4.1952926641750312E-015
          15          27   2.2986771687667144E-015
          15          28   6.5699816063622397E-016
          15          29  -1.3809066198424611E-015
          16           1  -8.4673666943774924E-017
          16           2   5.2438685425796186E-015
          16           3   4.8014442944210883E-015
          16           4   5.1769954573611517E-015
          16           5   3.4153355487043149E-015
          16           6  -1.0959982921221467E-014
          16           7 -0.12982017656976058     
          16           8  -1.1648668141184260E-015
          16           9   6.4392935428259079E-015
          16          10  0.30749839583465194     
          16          11   7.8062556418956319E-016
          16          12  -2.9629076969683865E-015
          16          13  -9.7553734559121599E-002
          16          14  -9.9052710478275685E-016
          16          15  -1.5785983631388945E-016
          16          16   2.9739184474134209E-002
          16          17  -6.7697583649994897E-016
          16          18  -9.4743508942837660E-015
          16          19  -1.7361569901945654E-015
          16          20  -2.8900516428543985E-016
          16          21  -2.5365243030503126E-015
          16          22   1.8705133344718630E-015
          16          23  -5.7285656433193412E-015
          16          24   1.2475699475637742E-015
          16          25   1.2541423375203056E-015
          16          26  -1.1570063134125477E-015
          16          27  -5.7453842336092389E-016
          16          28  -8.2400765204496835E-016
          16          29  -2.1489937033602382E-015
          17           1   1.6313875716280335E-015
          17           2   2.9426762939393905E-015
          17           3  -3.9415251281615179E-015
          17           4  -3.3210287930972261E-015
          17           5  -2.5494906391325964E-015
          17           6   2.5660029656648931E-014
          17           7   3.0002042517018879E-015
          17           8 -0.12982017656975486     
          17           9  -6.0645932720149176E-015
          17          10  -7.4627803936522241E-015
          17          11  0.30749839583463440     
          17          12   3.1294411506621600E-015
          17          13   2.2360585605341043E-015
          17          14  -9.7553734559113883E-002
          17          15  -7.2164496600635175E-016
          17          16  -6.7697583649994897E-016
          17          17   2.9739184474131000E-002
          17          18   5.0922837414100085E-015
          17          19   1.1358393386982873E-015
          17          20   8.1332974708506261E-016
          17          21  -6.7148145283817417E-017
          17          22  -3.0517505588377612E-016
          17          23   3.3789021833920626E-015
          17          24   3.6972538533136047E-016
          17          25  -2.4151174526662605E-016
          17          26   2.3111108272166554E-015
          17          27   5.9541429056856840E-016
          17          28  -1.2376868752148512E-017
          17          29   5.8944546620770332E-016
          18           1 -0.36575598963859202     
          18           2  0.90779159426889688     
          18           3  -2.4998547850371566     
          18           4  -2.1675455593806472     
          18           5  -1.5788434013590027     
          18           6  -8.9541360742681351E-014
          18           7  -1.3641326410180230E-014
          18           8  -1.6221425592471899E-014
          18           9   5.5645703647336247E-014
          18          10  -7.1034604815939375E-014
          18          11   5.2565207052362954E-014
          18          12  -1.8399564803561277E-014
          18          13   2.4453083118329574E-014
          18          14  -2.0069094482138913E-014
          18          15   6.0181291483237913E-015
          18          16  -9.4743508942837660E-015
          18          17   5.0922837414100085E-015
          18          18   1.5871020020094844     
          18          19  -1.8478444246436980E-016
          18          20   1.5871020020094899     
          18          21   3.1005472251790678E-015
          18          22   3.2968325572549336E-015
          18          23   1.5871020020094857     
          18          24  0.73906553409973208     
          18          25   1.6394434997286871E-015
          18          26  0.73906553409973841     
          18          27   2.1559498462794045E-015
          18          28   5.4447270573476881E-015
          18          29  0.73906553409974229     
          19           1  -2.3421539269074606E-015
          19           2  -2.8735430048220831E-015
          19           3  -1.8084710747911335E-016
          19           4   3.6735883665671221E-016
          19           5   3.4156363783493102E-016
          19           6  -1.1368802529428036E-014
          19           7   4.5006441019363740E-015
          19           8  -4.5008256967898120E-015
          19           9   3.2683188156369548E-014
          19          10  -1.8360615673672332E-014
          19          11   1.1805181777228674E-014
          19          12  -1.0296684233874370E-014
          19          13   5.7284953011627139E-015
          19          14  -3.7308627393676881E-015
          19          15   3.1313359500199361E-015
          19          16  -1.7361569901945654E-015
          19          17   1.1358393386982873E-015
          19          18  -1.8478444246436980E-016
          19          19   4.9119681982846785E-028
          19          20  -1.8478444246523076E-016
          19          21   8.0257136213316449E-029
          19          22  -3.5696296712408181E-028
          19          23  -1.8478444246467831E-016
          19          24  -1.5599014634326944E-016
          19          25  -1.8123424731348405E-028
          19          26  -1.5599014634294442E-016
          19          27   2.6749889880956909E-028
          19          28   9.9011688997084321E-029
          19          29  -1.5599014634340431E-016
          20           1 -0.36575598963859268     
          20           2  0.90779159426890010     
          20           3  -2.4998547850371655     
          20           4  -2.1675455593806547     
          20           5  -1.5788434013590082     
          20           6  -1.6366318222315870E-013
          20           7  -3.9194360600805956E-014
          20           8  -1.6472211129206598E-014
          20           9   4.2304433456358694E-014
          20          10   2.5872966762575678E-014
          20          11   5.8061253723322069E-015
          20          12  -1.6532106205566820E-014
          20          13  -5.8353260224533014E-015
          20          14  -5.8276322759104330E-015
          20          15   5.6983532100267394E-015
          20          16  -2.8900516428543985E-016
          20          17   8.1332974708506261E-016
          20          18   1.5871020020094899     
          20          19  -1.8478444246523076E-016
          20          20   1.5871020020094957     
          20          21   3.1005472251779701E-015
          20          22   3.2968325572539995E-015
          20          23   1.5871020020094915     
          20          24  0.73906553409973474     
          20          25   1.6394434997284804E-015
          20          26  0.73906553409974096     
          20          27   2.1559498462803223E-015
          20          28   5.4447270573482466E-015
          20          29  0.73906553409974496     
          21           1  -3.0875200415111369E-017
          21           2  -2.0120409895903020E-015
          21           3  -5.5649682511866082E-015
          21           4  -4.0680074230631304E-015
          21           5  -2.8563511838437588E-015
          21           6   1.0628299516890252E-014
          21           7   5.8512493503232640E-015
          21           8   1.2751551963138799E-015
          21           9  -7.7467857357271757E-015
          21          10  -2.6921078916955734E-014
          21          11  -5.6380782524603978E-016
          21          12   2.6758530651257726E-015
          21          13   8.3771772174515926E-015
          21          14   2.0962299307719700E-016
          21          15  -8.3875113853190645E-016
          21          16  -2.5365243030503126E-015
          21          17  -6.7148145283817417E-017
          21          18   3.1005472251790678E-015
          21          19   8.0257136213316449E-029
          21          20   3.1005472251779701E-015
          21          21   2.9550939666073642E-028
          21          22   5.2843228130180516E-029
          21          23   3.1005472251786592E-015
          21          24   1.3427287672094348E-015
          21          25  -2.9159512532317606E-029
          21          26   1.3427287672096363E-015
          21          27  -1.1203150526489570E-028
          21          28  -1.6762779185604534E-030
          21          29   1.3427287672103351E-015
          22           1  -9.8651565529006662E-016
          22           2   1.6208461451806308E-015
          22           3  -5.2380361836648712E-015
          22           4  -4.4915598949205120E-015
          22           5  -3.2645771496135710E-015
          22           6   4.9456525152773005E-014
          22           7  -1.6692248721499531E-015
          22           8   6.3434349011994485E-015
          22           9  -2.1976567776295381E-014
          22          10   2.0204014294133921E-014
          22          11  -2.4895625079497936E-015
          22          12   8.1635181322920378E-015
          22          13  -6.2062706798412343E-015
          22          14   9.4675447573001152E-016
          22          15  -2.6143438556830469E-015
          22          16   1.8705133344718630E-015
          22          17  -3.0517505588377612E-016
          22          18   3.2968325572549336E-015
          22          19  -3.5696296712408181E-028
          22          20   3.2968325572539995E-015
          22          21   5.2843228130180516E-029
          22          22   1.1981668833175750E-027
          22          23   3.2968325572547474E-015
          22          24   1.5285401708046172E-015
          22          25   5.2781297756611937E-028
          22          26   1.5285401708042937E-015
          22          27  -8.5325345057154659E-028
          22          28  -5.1901012299461999E-028
          22          29   1.5285401708073318E-015
          23           1 -0.36575598963858669     
          23           2  0.90779159426888978     
          23           3  -2.4998547850371597     
          23           4  -2.1675455593806485     
          23           5  -1.5788434013590034     
          23           6  -1.1096779545888154E-013
          23           7  -2.2595648856932032E-014
          23           8  -1.4792333572321214E-014
          23           9   5.4040702542145341E-014
          23          10  -3.1320853230093040E-014
          23          11   3.4045147331731940E-014
          23          12  -1.8545857762860683E-014
          23          13   1.2085574295789263E-014
          23          14  -1.4383096389603159E-014
          23          15   6.1318806584574382E-015
          23          16  -5.7285656433193412E-015
          23          17   3.3789021833920626E-015
          23          18   1.5871020020094857     
          23          19  -1.8478444246467831E-016
          23          20   1.5871020020094915     
          23          21   3.1005472251786592E-015
          23          22   3.2968325572547474E-015
          23          23   1.5871020020094873     
          23          24  0.73906553409973252     
          23          25   1.6394434997286774E-015
          23          26  0.73906553409973874     
          23          27   2.1559498462796486E-015
          23          28   5.4447270573478096E-015
          23          29  0.73906553409974274     
          24           1 -0.18836658420606500     
          24           2  0.48058470425440347     
          24           3  -1.1536259930199984     
          24           4  -1.0119227772478647     
          24           5 -0.73872894966924685     
          24           6  -9.5404826177327744E-014
          24           7  -2.4343327297939483E-014
          24           8  -9.7891834322297536E-015
          24           9   2.5297285706474778E-014
          24          10   2.5696207721329450E-014
          24          11   2.4169848656754996E-015
          24          12  -9.9622489226723451E-015
          24          13  -7.1645021409796769E-015
          24          14  -2.6462510592343345E-015
          24          15   3.3161183021350949E-015
          24          16   1.2475699475637742E-015
          24          17   3.6972538533136047E-016
          24          18  0.73906553409973208     
          24          19  -1.5599014634326944E-016
          24          20  0.73906553409973474     
          24          21   1.3427287672094348E-015
          24          22   1.5285401708046172E-015
          24          23  0.73906553409973252     
          24          24  0.34571616066411937     
          24          25   8.2487615958691999E-016
          24          26  0.34571616066412214     
          24          27   9.2954106192000000E-016
          24          28   2.5132286255708823E-015
          24          29  0.34571616066412408     
          25           1  -3.0357730034598309E-016
          25           2   3.2635996783929244E-015
          25           3  -2.1682053912242492E-015
          25           4  -2.3401685118305641E-015
          25           5  -1.7694933880989352E-015
          25           6   2.0205905170376877E-014
          25           7  -1.1436562416443701E-015
          25           8   3.0483998944371395E-015
          25           9  -8.4890867779498048E-015
          25          10   1.3543141421581588E-014
          25          11  -2.2322114739259518E-015
          25          12   3.1860713445398723E-015
          25          13  -4.1609169552041086E-015
          25          14   7.7062004449667605E-016
          25          15  -1.0232746436373535E-015
          25          16   1.2541423375203056E-015
          25          17  -2.4151174526662605E-016
          25          18   1.6394434997286871E-015
          25          19  -1.8123424731348405E-028
          25          20   1.6394434997284804E-015
          25          21  -2.9159512532317606E-029
          25          22   5.2781297756611937E-028
          25          23   1.6394434997286774E-015
          25          24   8.2487615958691999E-016
          25          25   2.4459804640299077E-028
          25          26   8.2487615958672958E-016
          25          27  -3.6450818200912662E-028
          25          28  -2.2986017774201919E-028
          25          29   8.2487615958797776E-016
          26           1 -0.18836658420606889     
          26           2  0.48058470425440147     
          26           3  -1.1536259930200090     
          26           4  -1.0119227772478729     
          26           5 -0.73872894966925273     
          26           6  -1.0318702140382084E-013
          26           7  -1.9236197096557173E-014
          26           8  -1.3451508951775365E-014
          26           9   3.3863680972823711E-014
          26          10   1.1710949697536543E-016
          26          11   2.3130071299550092E-014
          26          12  -1.2803462552616960E-014
          26          13   7.8166687873904401E-016
          26          14  -9.0667552636804289E-015
          26          15   4.1952926641750312E-015
          26          16  -1.1570063134125477E-015
          26          17   2.3111108272166554E-015
          26          18  0.73906553409973841     
          26          19  -1.5599014634294442E-016
          26          20  0.73906553409974096     
          26          21   1.3427287672096363E-015
          26          22   1.5285401708042937E-015
          26          23  0.73906553409973874     
          26          24  0.34571616066412214     
          26          25   8.2487615958672958E-016
          26          26  0.34571616066412486     
          26          27   9.2954106192022640E-016
          26          28   2.5132286255710370E-015
          26          29  0.34571616066412686     
          27           1   1.1301444751966790E-015
          27           2  -1.4946439868217090E-015
          27           3  -3.8970883538674212E-015
          27           4  -2.8218149946913510E-015
          27           5  -1.9768470085874391E-015
          27           6  -3.8207276202156689E-014
          27           7   4.0508808327913917E-017
          27           8  -6.1452638524586673E-015
          27           9   2.0024324954919670E-014
          27          10  -6.2685202951889112E-015
          27          11   5.6852795091115352E-015
          27          12  -7.2350228416753284E-015
          27          13   1.9114079987278368E-015
          27          14  -1.9147089820918541E-015
          27          15   2.2986771687667144E-015
          27          16  -5.7453842336092389E-016
          27          17   5.9541429056856840E-016
          27          18   2.1559498462794045E-015
          27          19   2.6749889880956909E-028
          27          20   2.1559498462803223E-015
          27          21  -1.1203150526489570E-028
          27          22  -8.5325345057154659E-028
          27          23   2.1559498462796486E-015
          27          24   9.2954106192000000E-016
          27          25  -3.6450818200912662E-028
          27          26   9.2954106192022640E-016
          27          27   6.5835043617393041E-028
          27          28   3.8198837826957921E-028
          27          29   9.2954106191787678E-016
          28           1  -1.7957488913767120E-015
