           1           1   2.1907689802113719     
           1           2 -0.66552745608421704     
           1           3   7.7087744549464321E-002
           1           4  0.11401339366504259     
           1           5   2.6996910828630639E-002
           1           6   2.2855326039188127E-015
           1           7   1.7256296719436987E-015
           1           8   9.4456364625449675E-016
           1           9  -2.6954675128942175E-015
           1          10   2.0719824792658799E-015
           1          11   1.5569425722775177E-015
           1          12   5.3880281265564341E-015
           1          13  -3.0857895609704615E-016
           1          14  -3.0000976174373581E-015
           1          15  -2.3724664479961639E-015
           1          16   6.3153794168684078E-016
           1          17   3.1933434361454135E-015
           1          18  -7.1718711280436553E-003
           1          19  -7.1298467519767429E-016
           1          20  -7.1718711280412172E-003
           1          21   6.2679252679714339E-016
           1          22   5.8718266055297160E-016
           1          23  -7.1718711280433257E-003
           1          24  -9.8808396810978298E-003
           1          25   2.3804369595562727E-015
           1          26  -9.8808396811002445E-003
           1          27  -3.6578432148199730E-016
           1          28  -2.7147588266458354E-015
           1          29  -9.8808396810978194E-003
           2           1 -0.66552745608421704     
           2           2   2.3305692072666968     
           2           3 -0.19606260497777520     
           2           4 -0.31957524972911266     
           2           5  -7.2770313708963030E-002
           2           6  -1.1177287933725371E-014
           2           7  -8.6546090823843193E-015
           2           8   2.9141864255312094E-015
           2           9   4.3599893643862341E-015
           2          10  -2.7095958381288902E-019
           2          11   2.0477874848182296E-016
           2          12  -4.4365840611155235E-015
           2          13  -1.1943183313130668E-015
           2          14  -1.9225545488212703E-015
           2          15   3.4386888276991311E-016
           2          16  -2.7359663091683040E-015
           2          17  -2.9297911249689694E-015
           2          18   1.0868139476531796E-002
           2          19  -2.9139377378457382E-015
           2          20   1.0868139476526581E-002
           2          21  -3.9149972924976926E-015
           2          22  -4.5450636199482652E-016
           2          23   1.0868139476531556E-002
           2          24   2.5979445249210642E-002
           2          25  -5.6319104587427827E-016
           2          26   2.5979445249211967E-002
           2          27   2.2077006280902701E-015
           2          28   3.6107876801932868E-015
           2          29   2.5979445249212498E-002
           3           1   7.7087744549464321E-002
           3           2 -0.19606260497777520     
           3           3  0.48416670571947701     
           3           4  0.51598389310657244     
           3           5   4.2437598777980298E-002
           3           6  -1.7514393949399581E-014
           3           7  -5.3498726250249223E-015
           3           8  -4.8560004295985494E-015
           3           9   1.3441396167709394E-014
           3          10   3.2429392867223483E-015
           3          11   1.3325980916123433E-016
           3          12   6.2928198717738851E-015
           3          13   6.8857883711476417E-016
           3          14   2.0768421900429097E-016
           3          15   4.8595130640472889E-015
           3          16   2.7524717637441626E-015
           3          17   2.3111871580144613E-015
           3          18   1.5475870165751084E-002
           3          19   2.3966484584872163E-015
           3          20   1.5475870165754529E-002
           3          21   8.0816440605879145E-016
           3          22   8.2988897735634483E-016
           3          23   1.5475870165753457E-002
           3          24  -6.1428432627015656E-003
           3          25   3.7930750386684996E-015
           3          26  -6.1428432627037202E-003
           3          27  -1.2663773217693769E-015
           3          28  -1.1582131902091846E-015
           3          29  -6.1428432627039335E-003
           4           1  0.11401339366504259     
           4           2 -0.31957524972911266     
           4           3  0.51598389310657244     
           4           4  0.55532874765160978     
           4           5   4.7959575324095297E-002
           4           6  -1.2337963523602013E-014
           4           7   1.3792813958751595E-014
           4           8   2.5973927195921398E-014
           4           9  -1.2980892339627101E-015
           4          10  -4.4123924011977136E-014
           4          11  -2.4550387863379451E-014
           4          12  -1.7877852578826373E-015
           4          13  -2.6140743568939493E-014
           4          14  -1.3295931622265329E-014
           4          15   5.0590912227370055E-015
           4          16   2.9920292687744596E-015
           4          17   2.5026992898364150E-015
           4          18   1.5649157740895848E-002
           4          19   2.6490674291403309E-015
           4          20   1.5649157740899707E-002
           4          21   1.0374102118774353E-015
           4          22   8.9038311822180922E-016
           4          23   1.5649157740898340E-002
           4          24  -7.7017594446696456E-003
           4          25   3.9952290764643146E-015
           4          26  -7.7017594446719649E-003
           4          27  -1.4327731303311175E-015
           4          28  -1.3892745703311340E-015
           4          29  -7.7017594446722130E-003
           5           1   2.6996910828630639E-002
           5           2  -7.2770313708963030E-002
           5           3   4.2437598777980298E-002
           5           4   4.7959575324095297E-002
           5           5   5.1026630610325491E-003
           5           6   5.6461922066787187E-014
           5           7  -2.7887261981992637E-014
           5           8  -9.8452510912933026E-014
           5           9  -3.1458035469311231E-014
           5          10   9.7794198722532440E-014
           5          11   6.4970885592692893E-014
           5          12  -1.6957783367970754E-014
           5          13   5.5537211865222073E-014
           5          14   3.5589849754261464E-014
           5          15   2.4782720011171073E-016
           5          16   2.9808606193117143E-016
           5          17   4.4864518083082908E-016
           5          18   9.2237264460976777E-004
           5          19   2.5429526125897287E-016
           5          20   9.2237264461016611E-004
           5          21   1.5824936013140512E-016
           5          22   7.6630453381086971E-017
           5          23   9.2237264460995837E-004
           5          24  -1.1237073137122767E-003
           5          25   3.1314020580560725E-016
           5          26  -1.1237073137124810E-003
           5          27  -1.5213105996754010E-016
           5          28  -1.8286003315284568E-016
           5          29  -1.1237073137125050E-003
           6           1   2.2855326039188127E-015
           6           2  -1.1177287933725371E-014
           6           3  -1.7514393949399581E-014
           6           4  -1.2337963523602013E-014
           6           5   5.6461922066787187E-014
           6           6   2.1940456259768126     
           6           7   2.5474414244719412E-015
           6           8   3.3844455016307506E-015
           6           9 -0.46911055087545495     
           6          10  -6.1478599988618043E-015
           6          11  -6.4219463080661399E-015
           6          12 -0.23045479480134828     
           6          13  -5.9396931817445875E-015
           6          14   3.3723024372989130E-015
           6          15  -4.7482142057956155E-003
           6          16   8.8804509671422741E-015
           6          17   1.2113469000660584E-015
           6          18  -3.4747190965093058E-015
           6          19   5.6177349254619571E-017
           6          20   3.2295972458038745E-015
           6          21  -1.7571157281294014E-015
           6          22   3.6781765964993145E-015
           6          23   4.9115342054721084E-015
           6          24  -2.4977284508319136E-014
           6          25   9.6136432517031065E-016
           6          26  -1.8315582084878320E-014
           6          27   8.6829286636178994E-015
           6          28   1.4433798899228928E-015
           6          29  -1.9290874415198383E-014
           7           1   1.7256296719436987E-015
           7           2  -8.6546090823843193E-015
           7           3  -5.3498726250249223E-015
           7           4   1.3792813958751595E-014
           7           5  -2.7887261981992637E-014
           7           6   2.5474414244719412E-015
           7           7   2.1940456259768109     
           7           8  -3.2768926461201886E-015
           7           9  -5.1937620870745604E-015
           7          10 -0.46911055087543918     
           7          11  -3.3167912860676552E-015
           7          12  -7.1817551905439814E-016
           7          13 -0.23045479480136127     
           7          14   1.0507220093991521E-014
           7          15   8.4619336819698188E-015
           7          16  -4.7482142057909352E-003
           7          17  -1.0071577496691478E-014
           7          18   9.5306617275792105E-017
           7          19  -3.2148203320335142E-016
           7          20  -5.5649865785975934E-016
           7          21  -6.6688134172104251E-016
           7          22  -6.9657705242263021E-015
           7          23   5.9460148410954490E-015
           7          24   6.4413551862377041E-015
           7          25   2.1223667864404912E-015
           7          26   1.0219062773740264E-015
           7          27  -3.9899545670851795E-015
           7          28  -3.7702876989965102E-015
           7          29   1.1226563170520685E-014
           8           1   9.4456364625449675E-016
           8           2   2.9141864255312094E-015
           8           3  -4.8560004295985494E-015
           8           4   2.5973927195921398E-014
           8           5  -9.8452510912933026E-014
           8           6   3.3844455016307506E-015
           8           7  -3.2768926461201886E-015
           8           8   2.1940456259768064     
           8           9   1.0755285551056204E-016
           8          10   1.0189765697887765E-014
           8          11 -0.46911055087544229     
           8          12   4.4495657158805102E-015
           8          13  -5.6361165734486462E-015
           8          14 -0.23045479480136355     
           8          15   3.8975221569028870E-015
           8          16  -1.0966261129426516E-014
           8          17  -4.7482142057912822E-003
           8          18   6.3572132989404675E-015
           8          19  -7.5176767200841700E-016
           8          20   8.8612784306852675E-015
           8          21  -3.8727281124051877E-015
           8          22   2.2841014406493863E-015
           8          23   7.0789034113110830E-015
           8          24   2.9804865359509838E-014
           8          25  -3.4924322690235537E-016
           8          26   2.6257459666340012E-014
           8          27   3.5400994862780519E-015
           8          28   3.1824241478149829E-015
           8          29   3.9339746019678168E-014
           9           1  -2.6954675128942175E-015
           9           2   4.3599893643862341E-015
           9           3   1.3441396167709394E-014
           9           4  -1.2980892339627101E-015
           9           5  -3.1458035469311231E-014
           9           6 -0.46911055087545495     
           9           7  -5.1937620870745604E-015
           9           8   1.0755285551056204E-016
           9           9   1.0982067930217614     
           9          10   8.7430063189231078E-015
           9          11  -3.0461744238152733E-015
           9          12  0.62162648196486781     
           9          13   6.1235738701981290E-015
           9          14   7.4037997954690127E-015
           9          15   5.5321585643024228E-004
           9          16  -6.8714802457011531E-015
           9          17   2.6870155135205048E-015
           9          18   1.4513404104591359E-014
           9          19  -2.2356137562519504E-015
           9          20  -3.2046355306947419E-015
           9          21  -6.7143000145830920E-015
           9          22  -7.2504006902116477E-015
           9          23   3.7386672932442190E-015
           9          24   2.3614722762203407E-014
           9          25   2.9132900690923990E-015
           9          26   1.0125305020894079E-014
           9          27  -3.8227050415941154E-015
           9          28  -1.3469570486550707E-015
           9          29   6.4911347032666132E-015
          10           1   2.0719824792658799E-015
          10           2  -2.7095958381288902E-019
          10           3   3.2429392867223483E-015
          10           4  -4.4123924011977136E-014
          10           5   9.7794198722532440E-014
          10           6  -6.1478599988618043E-015
          10           7 -0.46911055087543918     
          10           8   1.0189765697887765E-014
          10           9   8.7430063189231078E-015
          10          10   1.0982067930217119     
          10          11  -1.5265566588595902E-015
          10          12   1.6445178552260131E-015
          10          13  0.62162648196488102     
          10          14  -1.9650947535865271E-014
          10          15  -1.9203504075544081E-014
          10          16   5.5321585642202566E-004
          10          17   2.7001848429712358E-014
          10          18   3.4104073685997567E-015
          10          19   1.5243697451575410E-015
          10          20   4.9091233470482866E-015
          10          21  -1.9452340202364582E-015
          10          22   1.5206851386889470E-014
          10          23  -1.0185811779490805E-014
          10          24  -2.7836857932826028E-014
          10          25  -4.7870054113559719E-015
          10          26  -1.3878510986971014E-014
          10          27   1.5073909739671416E-014
          10          28   8.2469247268350264E-015
          10          29  -3.8631688791777514E-014
          11           1   1.5569425722775177E-015
          11           2   2.0477874848182296E-016
          11           3   1.3325980916123433E-016
          11           4  -2.4550387863379451E-014
          11           5   6.4970885592692893E-014
          11           6  -6.4219463080661399E-015
          11           7  -3.3167912860676552E-015
          11           8 -0.46911055087544229     
          11           9  -3.0461744238152733E-015
          11          10  -1.5265566588595902E-015
          11          11   1.0982067930217554     
          11          12  -7.0846106758892802E-015
          11          13   4.5102810375396984E-015
          11          14  0.62162648196487380     
          11          15  -1.5665162851792591E-015
          11          16   8.4197412768011876E-015
          11          17   5.5321585641617899E-004
          11          18   9.1322347082634296E-015
          11          19  -3.7212806946138757E-015
          11          20   9.7978943329065804E-015
          11          21   7.2809685959979437E-015
          11          22   5.7243316824870695E-015
          11          23  -2.1022573413257621E-014
          11          24  -1.7809440493276786E-014
          11          25  -2.1692572790388083E-015
          11          26  -5.2077714637682335E-015
          11          27   6.1377813871255406E-015
          11          28   1.2043337994308097E-015
          11          29  -3.2696706191156732E-014
          12           1   5.3880281265564341E-015
          12           2  -4.4365840611155235E-015
          12           3   6.2928198717738851E-015
          12           4  -1.7877852578826373E-015
          12           5  -1.6957783367970754E-014
          12           6 -0.23045479480134828     
          12           7  -7.1817551905439814E-016
          12           8   4.4495657158805102E-015
          12           9  0.62162648196486781     
          12          10   1.6445178552260131E-015
          12          11  -7.0846106758892802E-015
          12          12  0.35248128525320399     
          12          13   1.5855372570428017E-015
          12          14   1.3739009929736312E-015
          12          15   2.3375180718767009E-004
          12          16  -3.7883768794514869E-015
          12          17   1.5550830344572206E-015
          12          18   8.1608421474997479E-015
          12          19  -1.2812596253868496E-015
          12          20  -1.8834808408801749E-015
          12          21  -3.8819550862863613E-015
          12          22  -4.0937468618917489E-015
          12          23   2.1284568223251885E-015
          12          24   1.3038192918396679E-014
          12          25   1.6878259053784637E-015
          12          26   5.4185069661919297E-015
          12          27  -2.0397581648547405E-015
          12          28  -7.4713947984631554E-016
          12          29   3.3169642683063766E-015
          13           1  -3.0857895609704615E-016
          13           2  -1.1943183313130668E-015
          13           3   6.8857883711476417E-016
          13           4  -2.6140743568939493E-014
          13           5   5.5537211865222073E-014
          13           6  -5.9396931817445875E-015
          13           7 -0.23045479480136127     
          13           8  -5.6361165734486462E-015
          13           9   6.1235738701981290E-015
          13          10  0.62162648196488102     
          13          11   4.5102810375396984E-015
          13          12   1.5855372570428017E-015
          13          13  0.35248128525323463     
          13          14  -8.1601392309949006E-015
          13          15  -1.0860195663771333E-014
          13          16   2.3375180718307039E-004
          13          17   1.5333237744817943E-014
          13          18   1.9163677885169269E-015
          13          19   8.6859276441478401E-016
          13          20   2.7644058417078821E-015
          13          21  -1.1273878837021415E-015
          13          22   8.5993126093558162E-015
          13          23  -5.7789373511959562E-015
          13          24  -1.5852091019811477E-014
          13          25  -2.7083217040537750E-015
          13          26  -7.9417195349279353E-015
          13          27   8.5755715694019270E-015
          13          28   4.6637059771446455E-015
          13          29  -2.1959452496485129E-014
          14           1  -3.0000976174373581E-015
          14           2  -1.9225545488212703E-015
          14           3   2.0768421900429097E-016
          14           4  -1.3295931622265329E-014
          14           5   3.5589849754261464E-014
          14           6   3.3723024372989130E-015
          14           7   1.0507220093991521E-014
          14           8 -0.23045479480136355     
          14           9   7.4037997954690127E-015
          14          10  -1.9650947535865271E-014
          14          11  0.62162648196487380     
          14          12   1.3739009929736312E-015
          14          13  -8.1601392309949006E-015
          14          14  0.35248128525321198     
          14          15  -8.4994674059285513E-016
          14          16   4.6167530790095640E-015
          14          17   2.3375180717972695E-004
          14          18   5.3522313901700748E-015
          14          19  -2.1475878817939749E-015
          14          20   5.7780702056070296E-015
          14          21   4.1079156254616934E-015
          14          22   3.3233671971770028E-015
          14          23  -1.1930551472575310E-014
          14          24  -9.7086061960025062E-015
          14          25  -1.2503529174361003E-015
          14          26  -2.5433377693753315E-015
          14          27   3.5826715723242737E-015
          14          28   7.4673321458565083E-016
          14          29  -1.8079539387306005E-014
          15           1  -2.3724664479961639E-015
          15           2   3.4386888276991311E-016
          15           3   4.8595130640472889E-015
          15           4   5.0590912227370055E-015
          15           5   2.4782720011171073E-016
          15           6  -4.7482142057956155E-003
          15           7   8.4619336819698188E-015
          15           8   3.8975221569028870E-015
          15           9   5.5321585643024228E-004
          15          10  -1.9203504075544081E-014
          15          11  -1.5665162851792591E-015
          15          12   2.3375180718767009E-004
          15          13  -1.0860195663771333E-014
          15          14  -8.4994674059285513E-016
          15          15   1.0489679691411573E-005
          15          16  -2.7132086574555844E-017
          15          17  -1.2075238830330752E-017
          15          18   1.7873381477047163E-016
          15          19   9.0699596386950638E-019
          15          20   1.7175323780422711E-016
          15          21   7.0781525254448709E-018
          15          22  -4.9594462004052210E-018
          15          23   1.6472812183847851E-016
          15          24   1.0973917212383009E-017
          15          25  -3.5295814135286250E-018
          15          26   2.1443550303936901E-018
          15          27  -1.7883959962990901E-017
          15          28  -2.6385488977550619E-018
          15          29   6.0369686922788617E-018
          16           1   6.3153794168684078E-016
          16           2  -2.7359663091683040E-015
          16           3   2.7524717637441626E-015
          16           4   2.9920292687744596E-015
          16           5   2.9808606193117143E-016
          16           6   8.8804509671422741E-015
          16           7  -4.7482142057909352E-003
          16           8  -1.0966261129426516E-014
          16           9  -6.8714802457011531E-015
          16          10   5.5321585642202566E-004
          16          11   8.4197412768011876E-015
          16          12  -3.7883768794514869E-015
          16          13   2.3375180718307039E-004
          16          14   4.6167530790095640E-015
          16          15  -2.7132086574555844E-017
          16          16   1.0489679691397966E-005
          16          17   3.1239478375967504E-017
          16          18   7.3974873870929056E-017
          16          19   5.5738864213273631E-021
          16          20   7.4731953629542593E-017
          16          21   2.4216300440458147E-018
          16          22   8.7049436936305192E-018
          16          23   6.7004428561969600E-017
          16          24  -5.3279743297173290E-017
          16          25  -2.6036606982938906E-018
          16          26  -4.7514252314768784E-017
          16          27   2.0725392780733764E-018
          16          28   4.7119802302437652E-018
          16          29  -5.9151095067956223E-017
          17           1   3.1933434361454135E-015
          17           2  -2.9297911249689694E-015
          17           3   2.3111871580144613E-015
          17           4   2.5026992898364150E-015
          17           5   4.4864518083082908E-016
          17           6   1.2113469000660584E-015
          17           7  -1.0071577496691478E-014
          17           8  -4.7482142057912822E-003
          17           9   2.6870155135205048E-015
          17          10   2.7001848429712358E-014
          17          11   5.5321585641617899E-004
          17          12   1.5550830344572206E-015
          17          13   1.5333237744817943E-014
          17          14   2.3375180717972695E-004
          17          15  -1.2075238830330752E-017
          17          16   3.1239478375967504E-017
          17          17   1.0489679691405007E-005
          17          18   3.4304234301029018E-017
          17          19   3.4227263738411671E-018
          17          20   2.8325411540337356E-017
          17          21   5.4020851005989657E-018
          17          22  -7.8291391846128903E-018
          17          23   4.6610969212660091E-017
          17          24  -1.1172643399846103E-016
          17          25   1.7886143537747505E-018
          17          26  -1.0954594221672958E-016
          17          27  -1.0844013294903847E-017
          17          28  -7.7635149949854816E-018
          17          29  -1.2642812282765871E-016
          18           1  -7.1718711280436553E-003
          18           2   1.0868139476531796E-002
          18           3   1.5475870165751084E-002
          18           4   1.5649157740895848E-002
          18           5   9.2237264460976777E-004
          18           6  -3.4747190965093058E-015
          18           7   9.5306617275792105E-017
          18           8   6.3572132989404675E-015
          18           9   1.4513404104591359E-014
          18          10   3.4104073685997567E-015
          18          11   9.1322347082634296E-015
          18          12   8.1608421474997479E-015
          18          13   1.9163677885169269E-015
          18          14   5.3522313901700748E-015
          18          15   1.7873381477047163E-016
          18          16   7.3974873870929056E-017
          18          17   3.4304234301029018E-017
          18          18   6.3665385116029843E-004
          18          19   6.5762052839343736E-017
          18          20   6.3665385116037758E-004
          18          21  -2.4350024608693383E-019
          18          22   2.4611283500765524E-017
          18          23   6.3665385116037942E-004
          18          24  -1.2048103438357804E-005
          18          25   1.2371631299853154E-016
          18          26  -1.2048103438418615E-005
          18          27  -2.8331213014629700E-017
          18          28  -9.1521713147713863E-018
          18          29  -1.2048103438428183E-005
          19           1  -7.1298467519767429E-016
          19           2  -2.9139377378457382E-015
          19           3   2.3966484584872163E-015
          19           4   2.6490674291403309E-015
          19           5   2.5429526125897287E-016
          19           6   5.6177349254619571E-017
          19           7  -3.2148203320335142E-016
          19           8  -7.5176767200841700E-016
          19           9  -2.2356137562519504E-015
          19          10   1.5243697451575410E-015
          19          11  -3.7212806946138757E-015
          19          12  -1.2812596253868496E-015
          19          13   8.6859276441478401E-016
          19          14  -2.1475878817939749E-015
          19          15   9.0699596386950638E-019
          19          16   5.5738864213273631E-021
          19          17   3.4227263738411671E-018
          19          18   6.5762052839343736E-017
          19          19   3.3530824378959032E-028
          19          20   6.5762052839800635E-017
          19          21  -2.0135220799935001E-028
          19          22   3.3870577428106978E-028
          19          23   6.5762052839927407E-017
          19          24  -4.8814672767878436E-017
          19          25   3.1232091286920861E-028
          19          26  -4.8814672767274550E-017
          19          27  -3.9360751762975157E-028
          19          28   2.0409064334214927E-029
          19          29  -4.8814672767154317E-017
          20           1  -7.1718711280412172E-003
          20           2   1.0868139476526581E-002
          20           3   1.5475870165754529E-002
          20           4   1.5649157740899707E-002
          20           5   9.2237264461016611E-004
          20           6   3.2295972458038745E-015
          20           7  -5.5649865785975934E-016
          20           8   8.8612784306852675E-015
          20           9  -3.2046355306947419E-015
          20          10   4.9091233470482866E-015
          20          11   9.7978943329065804E-015
          20          12  -1.8834808408801749E-015
          20          13   2.7644058417078821E-015
          20          14   5.7780702056070296E-015
          20          15   1.7175323780422711E-016
          20          16   7.4731953629542593E-017
          20          17   2.8325411540337356E-017
          20          18   6.3665385116037758E-004
          20          19   6.5762052839800635E-017
          20          20   6.3665385116045661E-004
          20          21  -2.4350024621133658E-019
          20          22   2.4611283501345691E-017
          20          23   6.3665385116045857E-004
          20          24  -1.2048103438442331E-005
          20          25   1.2371631299898163E-016
          20          26  -1.2048103438503115E-005
          20          27  -2.8331213015058304E-017
          20          28  -9.1521713147074392E-018
          20          29  -1.2048103438512696E-005
          21           1   6.2679252679714339E-016
          21           2  -3.9149972924976926E-015
          21           3   8.0816440605879145E-016
          21           4   1.0374102118774353E-015
          21           5   1.5824936013140512E-016
          21           6  -1.7571157281294014E-015
          21           7  -6.6688134172104251E-016
          21           8  -3.8727281124051877E-015
          21           9  -6.7143000145830920E-015
          21          10  -1.9452340202364582E-015
          21          11   7.2809685959979437E-015
          21          12  -3.8819550862863613E-015
          21          13  -1.1273878837021415E-015
          21          14   4.1079156254616934E-015
          21          15   7.0781525254448709E-018
          21          16   2.4216300440458147E-018
          21          17   5.4020851005989657E-018
          21          18  -2.4350024608693383E-019
          21          19  -2.0135220799935001E-028
          21          20  -2.4350024621133658E-019
          21          21   3.8840137187675845E-028
          21          22  -3.2408271096750765E-028
          21          23  -2.4350024655874815E-019
          21          24  -4.7106944867500788E-017
          21          25  -2.4549127534330764E-028
          21          26  -4.7106944867921855E-017
          21          27   3.5714209455483045E-028
          21          28  -1.0295955141231273E-028
          21          29  -4.7106944868110689E-017
          22           1   5.8718266055297160E-016
          22           2  -4.5450636199482652E-016
          22           3   8.2988897735634483E-016
          22           4   8.9038311822180922E-016
          22           5   7.6630453381086971E-017
          22           6   3.6781765964993145E-015
          22           7  -6.9657705242263021E-015
          22           8   2.2841014406493863E-015
          22           9  -7.2504006902116477E-015
          22          10   1.5206851386889470E-014
          22          11   5.7243316824870695E-015
          22          12  -4.0937468618917489E-015
          22          13   8.5993126093558162E-015
          22          14   3.3233671971770028E-015
          22          15  -4.9594462004052210E-018
          22          16   8.7049436936305192E-018
          22          17  -7.8291391846128903E-018
          22          18   2.4611283500765524E-017
          22          19   3.3870577428106978E-028
          22          20   2.4611283501345691E-017
          22          21  -3.2408271096750765E-028
          22          22   8.4660243480017260E-028
          22          23   2.4611283501003834E-017
          22          24  -1.2247745079223209E-017
          22          25   2.5281228352125769E-028
          22          26  -1.2247745078030119E-017
          22          27  -2.3932847560708069E-028
          22          28   2.5943055033559261E-028
          22          29  -1.2247745078381778E-017
          23           1  -7.1718711280433257E-003
          23           2   1.0868139476531556E-002
          23           3   1.5475870165753457E-002
          23           4   1.5649157740898340E-002
          23           5   9.2237264460995837E-004
          23           6   4.9115342054721084E-015
          23           7   5.9460148410954490E-015
          23           8   7.0789034113110830E-015
          23           9   3.7386672932442190E-015
          23          10  -1.0185811779490805E-014
          23          11  -2.1022573413257621E-014
          23          12   2.1284568223251885E-015
          23          13  -5.7789373511959562E-015
          23          14  -1.1930551472575310E-014
          23          15   1.6472812183847851E-016
          23          16   6.7004428561969600E-017
          23          17   4.6610969212660091E-017
          23          18   6.3665385116037942E-004
          23          19   6.5762052839927407E-017
          23          20   6.3665385116045857E-004
          23          21  -2.4350024655874815E-019
          23          22   2.4611283501003834E-017
          23          23   6.3665385116046041E-004
          23          24  -1.2048103438380559E-005
          23          25   1.2371631299927716E-016
          23          26  -1.2048103438441356E-005
          23          27  -2.8331213015668575E-017
          23          28  -9.1521713148617355E-018
          23          29  -1.2048103438450924E-005
          24           1  -9.8808396810978298E-003
          24           2   2.5979445249210642E-002
          24           3  -6.1428432627015656E-003
          24           4  -7.7017594446696456E-003
          24           5  -1.1237073137122767E-003
          24           6  -2.4977284508319136E-014
          24           7   6.4413551862377041E-015
          24           8   2.9804865359509838E-014
          24           9   2.3614722762203407E-014
          24          10  -2.7836857932826028E-014
          24          11  -1.7809440493276786E-014
          24          12   1.3038192918396679E-014
          24          13  -1.5852091019811477E-014
          24          14  -9.7086061960025062E-015
          24          15   1.0973917212383009E-017
          24          16  -5.3279743297173290E-017
          24          17  -1.1172643399846103E-016
          24          18  -1.2048103438357804E-005
          24          19  -4.8814672767878436E-017
          24          20  -1.2048103438442331E-005
          24          21  -4.7106944867500788E-017
          24          22  -1.2247745079223209E-017
          24          23  -1.2048103438380559E-005
          24          24   3.2569211466976276E-004
          24          25  -4.0315494625468452E-017
          24          26   3.2569211466979692E-004
          24          27   3.3396941353511962E-017
          24          28   4.9360410357450591E-017
          24          29   3.2569211466980136E-004
          25           1   2.3804369595562727E-015
          25           2  -5.6319104587427827E-016
          25           3   3.7930750386684996E-015
          25           4   3.9952290764643146E-015
          25           5   3.1314020580560725E-016
          25           6   9.6136432517031065E-016
          25           7   2.1223667864404912E-015
          25           8  -3.4924322690235537E-016
          25           9   2.9132900690923990E-015
          25          10  -4.7870054113559719E-015
          25          11  -2.1692572790388083E-015
          25          12   1.6878259053784637E-015
          25          13  -2.7083217040537750E-015
          25          14  -1.2503529174361003E-015
          25          15  -3.5295814135286250E-018
          25          16  -2.6036606982938906E-018
          25          17   1.7886143537747505E-018
          25          18   1.2371631299853154E-016
          25          19   3.1232091286920861E-028
          25          20   1.2371631299898163E-016
          25          21  -2.4549127534330764E-028
          25          22   2.5281228352125769E-028
          25          23   1.2371631299927716E-016
          25          24  -4.0315494625468452E-017
          25          25   4.2633319337583706E-028
          25          26  -4.0315494624918911E-017
          25          27  -4.9987204668109514E-028
          25          28  -2.0765183073735127E-029
          25          29  -4.0315494624720408E-017
          26           1  -9.8808396811002445E-003
          26           2   2.5979445249211967E-002
          26           3  -6.1428432627037202E-003
          26           4  -7.7017594446719649E-003
          26           5  -1.1237073137124810E-003
          26           6  -1.8315582084878320E-014
          26           7   1.0219062773740264E-015
          26           8   2.6257459666340012E-014
          26           9   1.0125305020894079E-014
          26          10  -1.3878510986971014E-014
          26          11  -5.2077714637682335E-015
          26          12   5.4185069661919297E-015
          26          13  -7.9417195349279353E-015
          26          14  -2.5433377693753315E-015
          26          15   2.1443550303936901E-018
          26          16  -4.7514252314768784E-017
          26          17  -1.0954594221672958E-016
          26          18  -1.2048103438418615E-005
          26          19  -4.8814672767274550E-017
          26          20  -1.2048103438503115E-005
          26          21  -4.7106944867921855E-017
          26          22  -1.2247745078030119E-017
          26          23  -1.2048103438441356E-005
          26          24   3.2569211466979692E-004
          26          25  -4.0315494624918911E-017
          26          26   3.2569211466983118E-004
          26          27   3.3396941352902511E-017
          26          28   4.9360410357761519E-017
          26          29   3.2569211466983562E-004
          27           1  -3.6578432148199730E-016
          27           2   2.2077006280902701E-015
          27           3  -1.2663773217693769E-015
          27           4  -1.4327731303311175E-015
          27           5  -1.5213105996754010E-016
          27           6   8.6829286636178994E-015
          27           7  -3.9899545670851795E-015
          27           8   3.5400994862780519E-015
          27           9  -3.8227050415941154E-015
          27          10   1.5073909739671416E-014
          27          11   6.1377813871255406E-015
          27          12  -2.0397581648547405E-015
          27          13   8.5755715694019270E-015
          27          14   3.5826715723242737E-015
          27          15  -1.7883959962990901E-017
          27          16   2.0725392780733764E-018
          27          17  -1.0844013294903847E-017
          27          18  -2.8331213014629700E-017
          27          19  -3.9360751762975157E-028
          27          20  -2.8331213015058304E-017
          27          21   3.5714209455483045E-028
          27          22  -2.3932847560708069E-028
          27          23  -2.8331213015668575E-017
          27          24   3.3396941353511962E-017
          27          25  -4.9987204668109514E-028
          27          26   3.3396941352902511E-017
          27          27   9.1650414990812477E-028
          27          28   6.2857574779830898E-029
          27          29   3.3396941352329169E-017
          28           1  -2.7147588266458354E-015
