           1           1   1.9983326737885019     
           1           2  -1.3741554470917256E-002
           1           3  -1.9247421731001892E-002
           1           4   4.5593059862577140E-003
           1           5  -1.2592269710755007E-002
           1           6  -1.1881500863231802E-002
           1           7   5.1829395640445612E-014
           1           8  -3.9105106830070211E-014
           1           9   1.8910496219980027E-014
           1          10  -3.5260423701811078E-012
           1          11  -1.7175375396137566E-012
           1          12  -8.1576360434110929E-013
           1          13  -1.2882016339529266E-012
           1          14   1.6295521619540445E-012
           1          15   5.4927048899298550E-013
           1          16  -1.4044929831486106E-012
           1          17   1.3980605790526253E-012
           1          18   4.0738750547801584E-013
           1          19  -2.1908602181907264E-015
           1          20  -4.7226864947118173E-014
           1          21  -3.4381853862512091E-014
           1          22   1.4019031306792298E-002
           1          23  -1.0340476566027938E-012
           1          24   1.4019031302670624E-002
           1          25  -9.5071447084993112E-013
           1          26  -1.4613676768157979E-012
           1          27   1.4019031303438931E-002
           1          28   7.7714271667884381E-003
           1          29  -2.4951196813558275E-014
           1          30   7.7714271667155589E-003
           1          31  -7.2621602054393991E-014
           1          32   3.7928836537565822E-014
           1          33   7.7714271668120121E-003
           1          34   4.3845886011497455E-003
           1          35   5.5374542876076709E-014
           1          36   4.3845886011901723E-003
           1          37   3.8228504699696420E-014
           1          38  -1.3750685341468832E-013
           1          39   4.3845886011010977E-003
           2           1  -1.3741554470917256E-002
           2           2   1.9865640667056605     
           2           3   6.7068385713722235E-003
           2           4   2.6062691188905203E-003
           2           5  0.11690413482213835     
           2           6   4.6446669362380122E-002
           2           7  -4.4395792632637215E-012
           2           8   5.0318022066408161E-012
           2           9  -1.1367004063614184E-012
           2          10  -2.8257105076231883E-011
           2          11  -1.2600539257337770E-011
           2          12  -8.3679887171211651E-012
           2          13  -9.5082056682541663E-012
           2          14   1.2203197085177887E-011
           2          15   5.7621246300620537E-012
           2          16  -9.9884407711435562E-012
           2          17   1.0728931000175474E-011
           2          18   5.1402419118065995E-012
           2          19  -9.8569842555852491E-014
           2          20  -3.9217608877720343E-013
           2          21  -2.7616383819221714E-013
           2          22  -6.2398353163740719E-003
           2          23  -5.3812514526939434E-012
           2          24  -6.2398353443428199E-003
           2          25  -6.7431409367554648E-012
           2          26  -9.1739793134773269E-012
           2          27  -6.2398353414998093E-003
           2          28  -2.8939386028269096E-002
           2          29  -2.1484753454261482E-013
           2          30  -2.8939386028909331E-002
           2          31  -5.5796173309500845E-013
           2          32   3.6815678813831553E-013
           2          33  -2.8939386028130627E-002
           2          34  -1.5747773231467456E-002
           2          35   4.2584240437121656E-013
           2          36  -1.5747773231082954E-002
           2          37   2.8391788081426974E-013
           2          38  -9.9604093913155479E-013
           2          39  -1.5747773231826558E-002
           3           1  -1.9247421731001892E-002
           3           2   6.7068385713722235E-003
           3           3   2.1437525260215060     
           3           4   9.7490157593777368E-002
           3           5  0.21100165739160354     
           3           6   2.2562419801060787E-003
           3           7   2.6824958862312225E-012
           3           8  -4.0636264866140283E-012
           3           9   1.4101325944618615E-012
           3          10  -8.1443426271808336E-011
           3          11  -3.8770683184971258E-011
           3          12  -1.8004687666993494E-011
           3          13  -3.2910759072929256E-011
           3          14   5.0215913246563136E-011
           3          15   1.6700961264529772E-011
           3          16  -4.8424363866923504E-011
           3          17   4.3113565834658173E-011
           3          18   5.3062634958197883E-012
           3          19   6.6241545965075530E-013
           3          20  -6.4830612473364762E-013
           3          21   8.7729128427697892E-014
           3          22  -5.8571841634209518E-002
           3          23  -2.5319000002351494E-011
           3          24  -5.8571841744687492E-002
           3          25  -2.4663035917771032E-011
           3          26  -3.3734145894163771E-011
           3          27  -5.8571841719379847E-002
           3          28  -2.7077072483032073E-002
           3          29  -7.2680448965086615E-013
           3          30  -2.7077072485031391E-002
           3          31  -2.2597810899393121E-012
           3          32   1.2198639538262177E-012
           3          33  -2.7077072481855050E-002
           3          34   3.0205411415079684E-003
           3          35   1.5866389273989061E-012
           3          36   3.0205411427871197E-003
           3          37   1.0113511425804233E-012
           3          38  -3.6592952200188085E-012
           3          39   3.0205411400324395E-003
           4           1   4.5593059862577140E-003
           4           2   2.6062691188905203E-003
           4           3   9.7490157593777368E-002
           4           4  0.66354279580506426     
           4           5  0.50965804824930316     
           4           6 -0.21524144368656059     
           4           7   7.9942524418713644E-012
           4           8  -7.6752143101617309E-012
           4           9   3.5413892261071890E-012
           4          10  -5.6744248717600125E-011
           4          11  -2.8306644406241816E-011
           4          12  -4.0591174442802556E-012
           4          13  -9.8130053956747779E-011
           4          14   5.3633401445345853E-011
           4          15  -1.7608533211867563E-010
           4          16  -9.6936012324521542E-011
           4          17   2.1011653553167876E-011
           4          18  -2.2575981949221158E-010
           4          19   1.9639213172006807E-012
           4          20  -5.4060325128228961E-012
           4          21  -3.7625411789806525E-012
           4          22  -5.9346734071835426E-003
           4          23  -1.2102044765447805E-011
           4          24  -5.9346735116801060E-003
           4          25  -2.1437230025274771E-011
           4          26  -7.3010709600321945E-012
           4          27  -5.9346734748510314E-003
           4          28   9.9963185638772906E-002
           4          29   5.2675409797871702E-013
           4          30   9.9963185635372709E-002
           4          31  -7.3212357433839764E-012
           4          32  -6.5661057888149177E-012
           4          33   9.9963185638838076E-002
           4          34   8.8698394281838205E-002
           4          35   5.7383288089771036E-012
           4          36   8.8698394288083487E-002
           4          37   3.7060923693831736E-012
           4          38  -1.1553787691095139E-011
           4          39   8.8698394279331461E-002
           5           1  -1.2592269710755007E-002
           5           2  0.11690413482213835     
           5           3  0.21100165739160354     
           5           4  0.50965804824930316     
           5           5  0.41331412582246208     
           5           6 -0.15565569371968818     
           5           7  -2.3179499393706457E-011
           5           8   1.4243931481876102E-011
           5           9  -6.8414253413530687E-012
           5          10   1.5850013765493637E-010
           5          11   1.2288017258560561E-010
           5          12   9.5120545971804110E-012
           5          13   1.6043648832223218E-011
           5          14   1.0238555139342857E-010
           5          15  -2.3002469460385909E-010
           5          16   4.1524386728221617E-011
           5          17   1.0703595968688964E-010
           5          18  -2.8272148912458582E-010
           5          19   5.0312599342969604E-012
           5          20  -3.7794943053837294E-013
           5          21  -2.7896060341626025E-012
           5          22  -8.3416195063183429E-003
           5          23   1.3805194955156627E-011
           5          24  -8.3416192836483737E-003
           5          25   6.8100718087133128E-011
           5          26   1.7771937168728686E-010
           5          27  -8.3416193321536707E-003
           5          28   7.0049580058120120E-002
           5          29   1.4226432984696407E-012
           5          30   7.0049580056302949E-002
           5          31  -5.6928591254640462E-012
           5          32  -1.0894601591936090E-011
           5          33   7.0049580056795124E-002
           5          34   6.5274810367081437E-002
           5          35   4.1368088833138802E-012
           5          36   6.5274810373183639E-002
           5          37   2.9721886728914929E-012
           5          38  -6.3047360537392148E-012
           5          39   6.5274810366928657E-002
           6           1  -1.1881500863231802E-002
           6           2   4.6446669362380122E-002
           6           3   2.2562419801060787E-003
           6           4 -0.21524144368656059     
           6           5 -0.15565569371968818     
           6           6   7.4991171281633850E-002
           6           7  -2.5595822271542305E-011
           6           8   4.3596678306681379E-011
           6           9  -1.6335479205874604E-011
           6          10  -2.0666817859912198E-012
           6          11  -6.1331560711696679E-011
           6          12   3.0159987261482630E-011
           6          13  -9.2001549478887312E-011
           6          14  -3.2801141484103138E-010
           6          15  -2.9553901803712207E-011
           6          16  -1.3042606260001024E-010
           6          17  -3.9959690600929648E-010
           6          18  -2.8392384321768655E-011
           6          19  -4.3384597288054597E-012
           6          20  -6.7798609611561836E-012
           6          21   8.3399388236282630E-013
           6          22   1.0512452186224228E-003
           6          23   1.5664899126946413E-010
           6          24   1.0512451607256155E-003
           6          25  -4.7269210285449630E-011
           6          26  -1.3211771166127156E-010
           6          27   1.0512451690614809E-003
           6          28  -3.5527676795057854E-002
           6          29   8.6908494054319322E-013
           6          30  -3.5527676790413971E-002
           6          31   3.3111511272423577E-012
           6          32   5.0937569290064155E-013
           6          33  -3.5527676794637857E-002
           6          34  -3.0256436308232788E-002
           6          35  -1.3418859118591543E-012
           6          36  -3.0256436311634671E-002
           6          37  -1.9640075409263921E-012
           6          38   3.7047596095671502E-012
           6          39  -3.0256436307718529E-002
           7           1   5.1829395640445612E-014
           7           2  -4.4395792632637215E-012
           7           3   2.6824958862312225E-012
           7           4   7.9942524418713644E-012
           7           5  -2.3179499393706457E-011
           7           6  -2.5595822271542305E-011
           7           7   2.0000321423462428     
           7           8   4.1121376103802272E-014
           7           9  -6.8480133186918288E-015
           7          10   1.2439523884647091E-004
           7          11  -1.1007795007528961E-012
           7          12   1.2829317571550489E-013
           7          13   9.9710598177471781E-004
           7          14   5.9479891874996055E-013
           7          15   8.1329946186517555E-014
           7          16  -9.2164747049319762E-004
           7          17  -2.2898306981171808E-013
           7          18   3.3567993606018628E-014
           7          19   2.2740555352850341E-004
           7          20   1.3167771048284601E-012
           7          21  -2.7001558013605345E-013
           7          22   5.7144716642484382E-012
           7          23  -2.6587281063835295E-013
           7          24   5.8070818706357299E-012
           7          25   7.1316271827793263E-013
           7          26  -4.4816713136392218E-014
           7          27   5.8935498548431263E-012
           7          28   1.0232988641448437E-011
           7          29   8.2948643288395817E-013
           7          30   1.1479793153201874E-011
           7          31  -8.0701764990530962E-013
           7          32  -3.8480036222186985E-013
           7          33   1.0969234196954110E-011
           7          34   7.1764954526373888E-012
           7          35  -2.2859415249030974E-013
           7          36   8.0169283799580335E-012
           7          37   5.4233713838302828E-013
           7          38   2.5148152782149750E-013
           7          39   9.1497175961682398E-012
           8           1  -3.9105106830070211E-014
           8           2   5.0318022066408161E-012
           8           3  -4.0636264866140283E-012
           8           4  -7.6752143101617309E-012
           8           5   1.4243931481876102E-011
           8           6   4.3596678306681379E-011
           8           7   4.1121376103802272E-014
           8           8   2.0000321423462566     
           8           9   1.0356307364220884E-014
           8          10   1.0528969365854387E-012
           8          11   1.2439524173266944E-004
           8          12   2.0546415246951216E-013
           8          13   1.7442620351531679E-012
           8          14   9.9710598124740958E-004
           8          15   3.4389811335064924E-013
           8          16  -2.6946461631018828E-012
           8          17  -9.2164747228265075E-004
           8          18  -6.8238052355615772E-013
           8          19   1.3562654769008512E-012
           8          20   2.2740555209982915E-004
           8          21   5.2365194737294315E-013
           8          22  -5.2781402442588222E-012
           8          23   2.9684682909518636E-013
           8          24  -5.0984271100392314E-012
           8          25  -1.0748985073184667E-012
           8          26   5.3501491959733342E-013
           8          27  -4.6207194268111994E-012
           8          28  -1.0362922384348420E-011
           8          29  -1.4163521845189679E-012
           8          30  -1.1994095525657631E-011
           8          31   8.0355618383590511E-013
           8          32   1.2471358265728474E-013
           8          33  -1.1061319396221477E-011
           8          34  -1.1827342345855570E-011
           8          35   3.7203625091247579E-013
           8          36  -1.2959538242300351E-011
           8          37  -8.8724595826401411E-013
           8          38  -3.0577997841387569E-013
           8          39  -1.4438857337770030E-011
           9           1   1.8910496219980027E-014
           9           2  -1.1367004063614184E-012
           9           3   1.4101325944618615E-012
           9           4   3.5413892261071890E-012
           9           5  -6.8414253413530687E-012
           9           6  -1.6335479205874604E-011
           9           7  -6.8480133186918288E-015
           9           8   1.0356307364220884E-014
           9           9   2.0000321423462601     
           9          10   3.5868265398795402E-014
           9          11  -3.9638632357108951E-013
           9          12   1.2439523914812748E-004
           9          13  -5.5918451253932382E-013
           9          14   8.1707536304597933E-013
           9          15   9.9710598241974308E-004
           9          16   2.1611283113629911E-013
           9          17   7.9384835397521692E-013
           9          18  -9.2164747149805896E-004
           9          19  -2.4747629366691293E-013
           9          20   4.3924657404275414E-013
           9          21   2.2740555437722601E-004
           9          22   1.9311324796374091E-012
           9          23   4.9952218639153902E-014
           9          24   2.5168295533860049E-012
           9          25   5.4146255428971459E-013
           9          26  -3.7875831841701849E-013
           9          27   2.3071983835657230E-012
           9          28   4.6321843067082023E-012
           9          29   1.3406258704487640E-013
           9          30   4.8250048162874751E-012
           9          31  -1.1048048569657661E-013
           9          32  -1.6153455553069494E-013
           9          33   4.6224216224522148E-012
           9          34   5.0864636475297917E-012
           9          35  -7.1200661436588205E-014
           9          36   5.1334788425803428E-012
           9          37   1.3534660865977100E-013
           9          38   2.4852911885063447E-013
           9          39   5.2196025212142237E-012
          10           1  -3.5260423701811078E-012
          10           2  -2.8257105076231883E-011
          10           3  -8.1443426271808336E-011
          10           4  -5.6744248717600125E-011
          10           5   1.5850013765493637E-010
          10           6  -2.0666817859912198E-012
          10           7   1.2439523884647091E-004
          10           8   1.0528969365854387E-012
          10           9   3.5868265398795402E-014
          10          10   1.9993281377034648     
          10          11  -4.2627893560362959E-012
          10          12  -1.0451688250027616E-013
          10          13  -1.1220056822020003E-002
          10          14  -1.0168968464419307E-011
          10          15  -1.7244855443579312E-012
          10          16  -1.2130367489784343E-002
          10          17   1.4835281304990404E-011
          10          18  -4.8167817599826533E-012
          10          19   4.0232976113750221E-003
          10          20  -1.9055005071057535E-012
          10          21   4.6200580649838407E-013
          10          22  -1.3221425719494017E-012
          10          23  -6.0637577321787670E-013
          10          24   1.1105005623167746E-011
          10          25   3.9011380610283259E-012
          10          26  -5.3891214868997795E-014
          10          27   1.8348262324186301E-011
          10          28  -5.2372660877505538E-011
          10          29   3.3505049064859756E-012
          10          30  -4.9804122861194609E-011
          10          31  -4.5133049179713088E-012
          10          32   4.3021985696264919E-013
          10          33  -4.5150534236735607E-011
          10          34  -8.7840253327495844E-012
          10          35  -3.2530040037740966E-012
          10          36  -2.5555208944856195E-012
          10          37   4.6036911907106258E-013
          10          38   4.7553282481147999E-012
          10          39  -7.2731390572261437E-012
          11           1  -1.7175375396137566E-012
          11           2  -1.2600539257337770E-011
          11           3  -3.8770683184971258E-011
          11           4  -2.8306644406241816E-011
          11           5   1.2288017258560561E-010
          11           6  -6.1331560711696679E-011
          11           7  -1.1007795007528961E-012
          11           8   1.2439524173266944E-004
          11           9  -3.9638632357108951E-013
          11          10  -4.2627893560362959E-012
          11          11   1.9993281377052967     
          11          12   1.0813841299474651E-012
          11          13  -2.3606293232036204E-012
          11          14  -1.1220056829538853E-002
          11          15   7.5940359730897660E-012
          11          16   4.9590943336380231E-012
          11          17  -1.2130367507495163E-002
          11          18   6.3376229215233222E-012
          11          19  -6.1952539566528971E-013
          11          20   4.0232976123483789E-003
          11          21   8.3122731088904409E-013
          11          22  -3.5718306587033716E-012
          11          23  -4.9102849213247295E-012
          11          24   5.4599533228470147E-012
          11          25   7.4525012697784696E-013
          11          26   5.9051390488533498E-012
          11          27   3.8165374366490181E-012
          11          28  -2.6720400742220712E-011
          11          29   1.2646858245549115E-012
          11          30  -2.0866091493039663E-011
          11          31   1.6803194944288664E-012
          11          32   1.6989723882693367E-012
          11          33  -2.5530580877435098E-011
          11          34   1.4518939193223795E-011
          11          35   1.6724392743069242E-013
          11          36   1.4231908726938102E-011
          11          37  -2.2683747179998054E-012
          11          38  -1.5068291704144450E-013
          11          39   1.3419816673406041E-011
          12           1  -8.1576360434110929E-013
          12           2  -8.3679887171211651E-012
          12           3  -1.8004687666993494E-011
          12           4  -4.0591174442802556E-012
          12           5   9.5120545971804110E-012
          12           6   3.0159987261482630E-011
          12           7   1.2829317571550489E-013
          12           8   2.0546415246951216E-013
          12           9   1.2439523914812748E-004
          12          10  -1.0451688250027616E-013
          12          11   1.0813841299474651E-012
          12          12   1.9993281377085796     
          12          13  -5.4456708696211723E-012
          12          14   1.4010919488737118E-011
          12          15  -1.1220056809284458E-002
          12          16  -3.6909848600446065E-012
          12          17   1.1605795861729050E-011
          12          18  -1.2130367495170572E-002
          12          19  -1.1877586574466842E-013
          12          20   4.4161818484171767E-012
          12          21   4.0232976142500427E-003
          12          22  -2.1673361725181707E-012
          12          23   1.8355005963313227E-012
          12          24   1.0484459143871683E-011
          12          25   5.7426601055336333E-012
          12          26  -2.4285783775187008E-012
          12          27   9.9396682778884210E-012
          12          28  -1.2660588244543248E-011
          12          29   1.0016836528330600E-012
          12          30  -1.0130037386982811E-011
          12          31  -1.5329962801405421E-012
          12          32  -9.1434982480384140E-013
          12          33  -1.1726183857067448E-011
          12          34  -1.0787648511184626E-011
          12          35  -3.2284275329927256E-012
          12          36  -8.3820604780282814E-012
          12          37   6.1338994605926445E-013
          12          38   6.7559426806391825E-014
          12          39  -8.1262234154390656E-012
          13           1  -1.2882016339529266E-012
          13           2  -9.5082056682541663E-012
          13           3  -3.2910759072929256E-011
          13           4  -9.8130053956747779E-011
          13           5   1.6043648832223218E-011
          13           6  -9.2001549478887312E-011
          13           7   9.9710598177471781E-004
          13           8   1.7442620351531679E-012
          13           9  -5.5918451253932382E-013
          13          10  -1.1220056822020003E-002
          13          11  -2.3606293232036204E-012
          13          12  -5.4456708696211723E-012
          13          13  0.23333038142967547     
          13          14   1.5264620915336985E-012
          13          15  -3.5859109209296297E-011
          13          16  0.30168835841577124     
          13          17  -1.8341618480170512E-011
          13          18  -2.3343923470872454E-011
          13          19   7.1951567329030059E-003
          13          20   5.3067566249131344E-011
          13          21   5.6496720896322196E-011
          13          22  -1.4174631784126974E-011
          13          23  -1.1380056887764302E-011
          13          24  -1.1343628844482737E-011
          13          25  -1.9471898105913006E-011
          13          26  -2.8742381658257433E-012
          13          27   2.9369397234609048E-011
          13          28  -8.3942114845948121E-012
          13          29   2.9074734240202240E-011
          13          30   6.0429669404520427E-011
          13          31   7.0192307316270710E-011
          13          32   1.3033016137832448E-011
          13          33  -4.9137721571692821E-011
          13          34   4.7873742403670156E-011
          13          35   2.1335914130275296E-011
          13          36   1.2129459548001787E-010
          13          37   3.0554311318415727E-011
          13          38  -1.5049429820157606E-012
          13          39  -2.3940198384609192E-011
          14           1   1.6295521619540445E-012
          14           2   1.2203197085177887E-011
          14           3   5.0215913246563136E-011
          14           4   5.3633401445345853E-011
          14           5   1.0238555139342857E-010
          14           6  -3.2801141484103138E-010
          14           7   5.9479891874996055E-013
          14           8   9.9710598124740958E-004
          14           9   8.1707536304597933E-013
          14          10  -1.0168968464419307E-011
          14          11  -1.1220056829538853E-002
          14          12   1.4010919488737118E-011
          14          13   1.5264620915336985E-012
          14          14  0.23333038135909340     
          14          15   7.5291718140518420E-011
          14          16  -1.4589575533801161E-011
          14          17  0.30168835839222236     
          14          18   2.6240109590676576E-011
          14          19   1.1105018663755294E-011
          14          20   7.1951567527830732E-003
          14          21  -6.4402883995737748E-011
          14          22  -7.9143926660120931E-012
          14          23  -3.9728449452751244E-011
          14          24   5.5398485381877098E-013
          14          25   8.4824698788100822E-012
          14          26   9.9853888700781403E-012
          14          27  -7.1185860088091035E-014
          14          28  -9.8569570434412041E-012
          14          29   9.6502339419915009E-011
          14          30   2.4986197840591851E-011
          14          31  -1.0664238470203002E-011
          14          32   9.1092075846578897E-011
          14          33  -1.7021287071357365E-011
          14          34   2.7460188283124944E-011
          14          35   7.4069947192649341E-011
          14          36   6.7005771238404340E-011
          14          37   1.0023823816857001E-011
          14          38   2.2119665254798086E-011
          14          39   8.0978737806743295E-011
          15           1   5.4927048899298550E-013
          15           2   5.7621246300620537E-012
          15           3   1.6700961264529772E-011
          15           4  -1.7608533211867563E-010
          15           5  -2.3002469460385909E-010
          15           6  -2.9553901803712207E-011
          15           7   8.1329946186517555E-014
          15           8   3.4389811335064924E-013
          15           9   9.9710598241974308E-004
          15          10  -1.7244855443579312E-012
          15          11   7.5940359730897660E-012
          15          12  -1.1220056809284458E-002
          15          13  -3.5859109209296297E-011
          15          14   7.5291718140518420E-011
          15          15  0.23333038145791854     
          15          16  -2.5504686836142284E-011
          15          17   5.1745981245450397E-011
          15          18  0.30168835842999892     
          15          19   1.1428343185804086E-011
          15          20  -3.1120131539808125E-011
          15          21   7.1951567158080616E-003
          15          22   1.6712519861239286E-011
          15          23  -4.5299123275028366E-012
          15          24   3.9772044165091701E-012
          15          25   4.7344120677261285E-012
          15          26  -7.3403197087951249E-012
          15          27  -3.1917663179550912E-011
          15          28  -7.0668332456121510E-011
          15          29   2.5153819734087974E-012
          15          30  -5.5706568051921807E-011
          15          31  -2.0998734354267363E-011
          15          32   8.9773364008301417E-012
          15          33   1.3558333662176434E-010
          15          34  -2.0889482242850072E-011
          15          35  -1.2934374737944273E-011
          15          36  -5.7522296328403337E-011
          15          37  -3.7172178660988586E-011
          15          38   1.4910327305995603E-012
          15          39   7.3236190258412136E-011
          16           1  -1.4044929831486106E-012
          16           2  -9.9884407711435562E-012
          16           3  -4.8424363866923504E-011
          16           4  -9.6936012324521542E-011
          16           5   4.1524386728221617E-011
          16           6  -1.3042606260001024E-010
          16           7  -9.2164747049319762E-004
          16           8  -2.6946461631018828E-012
          16           9   2.1611283113629911E-013
          16          10  -1.2130367489784343E-002
          16          11   4.9590943336380231E-012
          16          12  -3.6909848600446065E-012
          16          13  0.30168835841577124     
          16          14  -1.4589575533801161E-011
          16          15  -2.5504686836142284E-011
          16          16  0.39007969173880502     
          16          17  -4.5056568221119485E-011
          16          18  -3.2068200430615726E-012
          16          19   9.3078062598325965E-003
          16          20   6.8116392399550652E-011
          16          21   7.3705253066639431E-011
          16          22   1.1738531012693358E-011
          16          23   3.0041273844689277E-012
          16          24  -1.2902119860432182E-011
          16          25  -3.3038681130968396E-011
          16          26  -1.7223118450803372E-011
          16          27   5.8342854061481608E-012
          16          28  -5.9187631681839590E-012
          16          29   3.7467957739040063E-011
          16          30   8.3837001561043289E-011
          16          31   9.0858539442518544E-011
          16          32   1.6568131788514763E-011
          16          33  -5.8024582057720242E-011
          16          34   6.6602521580791654E-011
          16          35   2.7705608769514971E-011
          16          36   1.6126534302065130E-010
          16          37   3.9445008386695308E-011
          16          38  -1.9709715681025679E-012
          16          39  -2.6705367920738515E-011
          17           1   1.3980605790526253E-012
          17           2   1.0728931000175474E-011
          17           3   4.3113565834658173E-011
          17           4   2.1011653553167876E-011
          17           5   1.0703595968688964E-010
          17           6  -3.9959690600929648E-010
          17           7  -2.2898306981171808E-013
          17           8  -9.2164747228265075E-004
          17           9   7.9384835397521692E-013
          17          10   1.4835281304990404E-011
          17          11  -1.2130367507495163E-002
          17          12   1.1605795861729050E-011
          17          13  -1.8341618480170512E-011
          17          14  0.30168835839222236     
          17          15   5.1745981245450397E-011
          17          16  -4.5056568221119485E-011
          17          17  0.39007969179586638     
          17          18  -2.5041740658758104E-011
          17          19   1.3785205563815905E-011
          17          20   9.3078062876232343E-003
          17          21  -8.4701027009261845E-011
          17          22   2.0000645940877563E-011
          17          23  -3.1482511046753036E-011
          17          24  -2.8159845242511814E-011
          17          25   6.9867309021083951E-012
          17          26  -3.1415007289471325E-011
          17          27   3.1476464626359341E-012
          17          28  -2.4726308169105308E-011
          17          29   1.2441725984377041E-010
          17          30   2.1010355289384341E-011
          17          31  -1.3668605887456051E-011
          17          32   1.1845001789143261E-010
          17          33  -3.3500111304414130E-011
          17          34   2.6923370660077465E-011
          17          35   9.5947802898446268E-011
          17          36   7.7607521456964906E-011
          17          37   1.2915721443493099E-011
          17          38   2.8238476658135889E-011
          17          39   9.5891310411444417E-011
          18           1   4.0738750547801584E-013
          18           2   5.1402419118065995E-012
          18           3   5.3062634958197883E-012
          18           4  -2.2575981949221158E-010
          18           5  -2.8272148912458582E-010
          18           6  -2.8392384321768655E-011
          18           7   3.3567993606018628E-014
          18           8  -6.8238052355615772E-013
          18           9  -9.2164747149805896E-004
          18          10  -4.8167817599826533E-012
          18          11   6.3376229215233222E-012
          18          12  -1.2130367495170572E-002
          18          13  -2.3343923470872454E-011
          18          14   2.6240109590676576E-011
          18          15  0.30168835842999892     
          18          16  -3.2068200430615726E-012
          18          17  -2.5041740658758104E-011
          18          18  0.39007969172827756     
          18          19   1.5484063305934947E-011
          18          20  -4.2441368262552341E-011
          18          21   9.3078062369998868E-003
          18          22   6.7824491320069763E-011
          18          23  -5.7939676283904231E-012
          18          24  -1.1714809326777113E-011
          18          25  -1.1339515533916230E-011
          18          26   5.4091591500026833E-012
          18          27  -6.6981673403673833E-011
          18          28  -9.6499843191101064E-011
          18          29   3.3338873293483816E-012
          18          30  -7.6414761046615220E-011
          18          31  -2.7155540840185169E-011
          18          32   1.1374385691582195E-011
          18          33   1.7088056143946456E-010
          18          34  -2.9193109057630355E-011
          18          35  -1.6742978024812923E-011
          18          36  -7.7038920711553607E-011
          18          37  -4.8165848834151465E-011
          18          38   2.0511048442359530E-012
          18          39   9.1990424417194639E-011
          19           1  -2.1908602181907264E-015
          19           2  -9.8569842555852491E-014
          19           3   6.6241545965075530E-013
          19           4   1.9639213172006807E-012
          19           5   5.0312599342969604E-012
          19           6  -4.3384597288054597E-012
          19           7   2.2740555352850341E-004
          19           8   1.3562654769008512E-012
          19           9  -2.4747629366691293E-013
          19          10   4.0232976113750221E-003
          19          11  -6.1952539566528971E-013
          19          12  -1.1877586574466842E-013
          19          13   7.1951567329030059E-003
          19          14   1.1105018663755294E-011
          19          15   1.1428343185804086E-011
          19          16   9.3078062598325965E-003
          19          17   1.3785205563815905E-011
          19          18   1.5484063305934947E-011
          19          19   2.3149426443159980E-004
          19          20   1.9801116527280969E-012
          19          21   2.1372508398716751E-012
          19          22  -3.5898351328772159E-012
          19          23  -1.9325485367321638E-012
          19          24  -2.7318495947595411E-012
          19          25  -1.0580129981810326E-012
          19          26  -1.8412103618083879E-013
          19          27   6.3042074925643305E-012
          19          28   3.6641141140940958E-013
          19          29   8.9793809281814107E-013
          19          30   2.4322436214778369E-012
          19          31   2.1397858931761741E-012
          19          32   4.2479381814873394E-013
          19          33  -9.9101276338781503E-013
          19          34   2.0732232710321707E-012
          19          35   6.4568041878985398E-013
          19          36   4.3727894472388490E-012
          19          37   9.4726460260608722E-013
          19          38  -4.0717543244159439E-014
          19          39  -7.8535482927496184E-014
          20           1  -4.7226864947118173E-014
          20           2  -3.9217608877720343E-013
          20           3  -6.4830612473364762E-013
          20           4  -5.4060325128228961E-012
          20           5  -3.7794943053837294E-013
          20           6  -6.7798609611561836E-012
          20           7   1.3167771048284601E-012
          20           8   2.2740555209982915E-004
          20           9   4.3924657404275414E-013
          20          10  -1.9055005071057535E-012
          20          11   4.0232976123483789E-003
          20          12   4.4161818484171767E-012
          20          13   5.3067566249131344E-011
          20          14   7.1951567527830732E-003
          20          15  -3.1120131539808125E-011
          20          16   6.8116392399550652E-011
          20          17   9.3078062876232343E-003
          20          18  -4.2441368262552341E-011
          20          19   1.9801116527280969E-012
          20          20   2.3149426573379313E-004
          20          21  -3.0181384753020472E-012
          20          22   4.7847581789059441E-012
          20          23  -1.6395302214761558E-012
          20          24  -5.6692767816454834E-012
          20          25  -6.5176647866263142E-012
          20          26   7.2730451459428580E-012
          20          27   1.2194533852769527E-012
          20          28  -1.9743279416517994E-012
          20          29   3.0125320102109996E-012
          20          30  -9.0582627423792761E-013
          20          31  -3.1845186810470541E-013
          20          32   2.8018504588493204E-012
          20          33  -2.2550344318033918E-012
          20          34  -3.5777627054869918E-013
          20          35   2.2861763036057277E-012
          20          36   8.0539669007863447E-013
          20          37   2.6445560669544181E-013
          20          38   7.2797389332749065E-013
          20          39   1.2827613523185550E-012
          21           1  -3.4381853862512091E-014
          21           2  -2.7616383819221714E-013
          21           3   8.7729128427697892E-014
          21           4  -3.7625411789806525E-012
