           1           1   2.1310109908621802     
           1           2  -1.6243613150024614     
           1           3  0.25749114318170657     
           1           4  0.18371786923957140     
           1           5   4.6563187610756057E-015
           1           6   2.0314850400047208E-015
           1           7   4.7240508323668231E-016
           1           8   2.5323861465180064E-016
           1           9  -1.2953153689201300E-015
           1          10   9.8555906732249442E-016
           1          11  -7.8672182653712524E-017
           1          12   2.9968877484784625E-016
           1          13  -3.2148534958686316E-016
           1          14  0.42882016604798479     
           1          15  -3.2242098257234933E-016
           1          16  0.42882016604798545     
           1          17   8.4401912054586405E-017
           1          18  -6.4630567120302066E-017
           1          19  0.42882016604798479     
           1          20  -9.9564687226413442E-002
           1          21   7.7899558624991948E-016
           1          22  -9.9564687226412485E-002
           1          23  -2.2890427114640639E-016
           1          24  -1.7482297565642255E-016
           1          25  -9.9564687226412096E-002
           2           1  -1.6243613150024614     
           2           2   10.932395208699296     
           2           3  -1.7077699399061235     
           2           4  -1.3576879281395600     
           2           5  -5.3830341767168017E-014
           2           6  -1.8124007293104482E-014
           2           7  -7.8167945210796143E-015
           2           8  -4.4867486725580401E-015
           2           9   1.2361547855597919E-014
           2          10  -1.0415303355766750E-014
           2          11   5.7779321891832757E-015
           2          12  -3.6436105523378563E-015
           2          13   1.5680671967234640E-015
           2          14  -2.1052085976676667     
           2          15   4.6171235328596891E-015
           2          16  -2.1052085976676822     
           2          17  -1.3020167315795674E-015
           2          18   2.7680514768655638E-016
           2          19  -2.1052085976676720     
           2          20  0.72731288372197944     
           2          21  -5.6016215088678428E-015
           2          22  0.72731288372196212     
           2          23   3.0286060679774684E-015
           2          24   1.1724202072673201E-016
           2          25  0.72731288372196445     
           3           1  0.25749114318170657     
           3           2  -1.7077699399061235     
           3           3  0.26678137061425528     
           3           4  0.21205126559568591     
           3           5   8.0931060846518443E-015
           3           6   3.1525598551485541E-015
           3           7   1.1631498202310384E-015
           3           8   7.6552487989278293E-016
           3           9  -1.9982620080846409E-015
           3          10   1.6378540090221636E-015
           3          11  -9.2131671755207483E-016
           3          12   5.8986145035459566E-016
           3          13  -2.4883603574171329E-016
           3          14  0.32908861837411857     
           3          15  -7.2052860597811786E-016
           3          16  0.32908861837412096     
           3          17   2.0317425078819617E-016
           3          18  -4.3286848471688298E-017
           3          19  0.32908861837411935     
           3          20 -0.11359805308070620     
           3          21   8.7493410094070130E-016
           3          22 -0.11359805308070348     
           3          23  -4.7266586821648183E-016
           3          24  -1.8626677640842752E-017
           3          25 -0.11359805308070386     
           4           1  0.18371786923957140     
           4           2  -1.3576879281395600     
           4           3  0.21205126559568591     
           4           4  0.16878215189800500     
           4           5   8.8658851710167221E-015
           4           6   1.4562123810925104E-017
           4           7   1.3704032223355286E-015
           4           8   1.0621578426793565E-016
           4           9  -1.0655699547272909E-015
           4          10   1.2156106287524348E-015
           4          11  -5.8404329271585415E-016
           4          12   3.0770950157545060E-016
           4          13  -1.6811172082779308E-016
           4          14  0.26033881993114644     
           4          15  -5.7686348813049258E-016
           4          16  0.26033881993114832     
           4          17   1.6273613403514202E-016
           4          18  -3.4152270392674062E-017
           4          19  0.26033881993114705     
           4          20  -9.0405598553194425E-002
           4          21   6.9617025573000082E-016
           4          22  -9.0405598553192246E-002
           4          23  -3.7822813458999682E-016
           4          24  -1.3059988608569700E-017
           4          25  -9.0405598553192551E-002
           5           1   4.6563187610756057E-015
           5           2  -5.3830341767168017E-014
           5           3   8.0931060846518443E-015
           5           4   8.8658851710167221E-015
           5           5  0.56297970301305134     
           5           6 -0.58752245072655673     
           5           7  0.10298045064675392     
           5           8 -0.11918667866429467     
           5           9  0.12438254730682995     
           5          10  -2.1801670316442839E-002
           5          11   3.6926587456163541E-002
           5          12  -3.8536378919349967E-002
           5          13   6.7546247168956903E-003
           5          14   9.6340583031198728E-015
           5          15   1.3545783605540905E-016
           5          16   1.0598040985441505E-014
           5          17   1.9882039989238002E-016
           5          18   1.6904770234694427E-016
           5          19   1.0348574100865998E-014
           5          20  -4.5054566935466921E-015
           5          21  -6.0259203336514802E-016
           5          22  -5.1814046635289914E-015
           5          23   6.1566441042479398E-017
           5          24  -7.8497821258551170E-017
           5          25  -4.1428426816074062E-015
           6           1   2.0314850400047208E-015
           6           2  -1.8124007293104482E-014
           6           3   3.1525598551485541E-015
           6           4   1.4562123810925104E-017
           6           5 -0.58752245072655673     
           6           6  0.61313512416225968     
           6           7 -0.10746981892436622     
           6           8  0.12438254730682832     
           6           9 -0.12980492659009144     
           6          10   2.2752100485498281E-002
           6          11  -3.8536378919349391E-002
           6          12   4.0216348233603788E-002
           6          13  -7.0490883528650603E-003
           6          14   3.9990668120744016E-015
           6          15  -1.4136303561828982E-016
           6          16   2.9930599081942885E-015
           6          17  -2.0748785075914549E-016
           6          18  -1.7641723110267933E-016
           6          19   3.2534021454302936E-015
           6          20  -2.5991355377508841E-016
           6          21   6.2886165582208361E-016
           6          22   4.4550194479840796E-016
           6          23  -6.4250391497618298E-017
           6          24   8.1919884634721499E-017
           6          25  -6.3833549655934003E-016
           7           1   4.7240508323668231E-016
           7           2  -7.8167945210796143E-015
           7           3   1.1631498202310384E-015
           7           4   1.3704032223355286E-015
           7           5  0.10298045064675392     
           7           6 -0.10746981892436622     
           7           7   1.8837221233111968E-002
           7           8  -2.1801670316441896E-002
           7           9   2.2752100485497594E-002
           7          10  -3.9879694099508121E-003
           7          11   6.7546247168955844E-003
           7          12  -7.0490883528650542E-003
           7          13   1.2355583932650146E-003
           7          14   1.3666087118790893E-015
           7          15   2.4777996304241940E-017
           7          16   1.5429407723598656E-015
           7          17   3.6368299370484293E-017
           7          18   3.0922266780340917E-017
           7          19   1.4973081997155358E-015
           7          20  -6.8944572155695808E-016
           7          21  -1.1022635242437630E-016
           7          22  -8.1309036840655116E-016
           7          23   1.1261755635841576E-017
           7          24  -1.4358849821281249E-017
           7          25  -6.2311623550181379E-016
           8           1   2.5323861465180064E-016
           8           2  -4.4867486725580401E-015
           8           3   7.6552487989278293E-016
           8           4   1.0621578426793565E-016
           8           5 -0.11918667866429467     
           8           6  0.12438254730682832     
           8           7  -2.1801670316441896E-002
           8           8   2.5232640350972856E-002
           8           9  -2.6332641510811081E-002
           8          10   4.6155636880758468E-003
           8          11  -7.8176127660586504E-003
           8          12   8.1584167005743467E-003
           8          13  -1.4300005512132745E-003
           8          14   9.5010777948314423E-016
           8          15  -2.8677356380868265E-017
           8          16   7.4602600960602151E-016
           8          17  -4.2091647331252387E-017
           8          18  -3.5788562306473972E-017
           8          19   7.9883986639365335E-016
           8          20  -1.0787461931349352E-016
           8          21   1.2757288169000903E-016
           8          22   3.5228219138587861E-017
           8          23  -1.3034039390344903E-017
           8          24   1.6618529137227600E-017
           8          25  -1.8464250186567132E-016
           9           1  -1.2953153689201300E-015
           9           2   1.2361547855597919E-014
           9           3  -1.9982620080846409E-015
           9           4  -1.0655699547272909E-015
           9           5  0.12438254730682995     
           9           6 -0.12980492659009144     
           9           7   2.2752100485497594E-002
           9           8  -2.6332641510811081E-002
           9           9   2.7480596532584285E-002
           9          10  -4.8167762975994824E-003
           9          11   8.1584167005743311E-003
           9          12  -8.5140777692634707E-003
           9          13   1.4923405300273924E-003
           9          14  -2.4635298071135391E-015
           9          15   2.9927527779554853E-017
           9          16  -2.2505512202389144E-015
           9          17   4.3926606346235959E-017
           9          18   3.7348742275691941E-017
           9          19  -2.3056674640504035E-015
           9          20   6.2395573633347092E-016
           9          21  -1.3313434160348193E-016
           9          22   4.7461441922500592E-016
           9          23   1.3602250177935263E-017
           9          24  -1.7343003511351078E-017
           9          25   7.0407026666689048E-016
          10           1   9.8555906732249442E-016
          10           2  -1.0415303355766750E-014
          10           3   1.6378540090221636E-015
          10           4   1.2156106287524348E-015
          10           5  -2.1801670316442839E-002
          10           6   2.2752100485498281E-002
          10           7  -3.9879694099508121E-003
          10           8   4.6155636880758468E-003
          10           9  -4.8167762975994824E-003
          10          10   8.4428057715580870E-004
          10          11  -1.4300005512133138E-003
          10          12   1.4923405300274364E-003
          10          13  -2.6157621740342200E-004
          10          14   1.9915244971545697E-015
          10          15  -5.2456723886427137E-018
          10          16   1.9541937860858631E-015
          10          17  -7.6994193350797390E-018
          10          18  -6.5464567454130278E-018
          10          19   1.9638545158480023E-015
          10          20  -6.6023123829355054E-016
          10          21   2.3335677603355686E-017
          10          22  -6.3405481538920153E-016
          10          23  -2.3841911937200503E-018
          10          24   3.0398673530833724E-018
          10          25  -6.7427364710172370E-016
          11           1  -7.8672182653712524E-017
          11           2   5.7779321891832757E-015
          11           3  -9.2131671755207483E-016
          11           4  -5.8404329271585415E-016
          11           5   3.6926587456163541E-002
          11           6  -3.8536378919349391E-002
          11           7   6.7546247168955844E-003
          11           8  -7.8176127660586504E-003
          11           9   8.1584167005743311E-003
          11          10  -1.4300005512133138E-003
          11          11   2.4220639818094531E-003
          11          12  -2.5276523448239559E-003
          11          13   4.4304481850250695E-004
          11          14  -1.0992968377826233E-015
          11          15   8.8848596191914364E-018
          11          16  -1.0360679315992260E-015
          11          17   1.3040894450371548E-017
          11          18   1.1088063622132666E-017
          11          19  -1.0524307963373096E-015
          11          20   3.2826923249952712E-016
          11          21  -3.9524812886429063E-017
          11          22   2.8393290617055148E-016
          11          23   4.0382247483417101E-018
          11          24  -5.1487764946207588E-018
          11          25   3.5205356780155581E-016
          12           1   2.9968877484784625E-016
          12           2  -3.6436105523378563E-015
          12           3   5.8986145035459566E-016
          12           4   3.0770950157545060E-016
          12           5  -3.8536378919349967E-002
          12           6   4.0216348233603788E-002
          12           7  -7.0490883528650542E-003
          12           8   8.1584167005743467E-003
          12           9  -8.5140777692634707E-003
          12          10   1.4923405300274364E-003
          12          11  -2.5276523448239559E-003
          12          12   2.6378437664231267E-003
          12          13  -4.6235908000801396E-004
          12          14   7.2284599707660152E-016
          12          15  -9.2721895121451796E-018
          12          16   6.5686066631100781E-016
          12          17  -1.3609404080010532E-017
          12          18  -1.1571440814335025E-017
          12          19   6.7393685989378899E-016
          12          20  -1.8125588214574117E-016
          12          21   4.1247872360692735E-017
          12          22  -1.3498674142610454E-016
          12          23  -4.2142686282154973E-018
          12          24   5.3732341826411863E-018
          12          25  -2.0607708065567803E-016
          13           1  -3.2148534958686316E-016
          13           2   1.5680671967234640E-015
          13           3  -2.4883603574171329E-016
          13           4  -1.6811172082779308E-016
          13           5   6.7546247168956903E-003
          13           6  -7.0490883528650603E-003
          13           7   1.2355583932650146E-003
          13           8  -1.4300005512132745E-003
          13           9   1.4923405300273924E-003
          13          10  -2.6157621740342200E-004
          13          11   4.4304481850250695E-004
          13          12  -4.6235908000801396E-004
          13          13   8.1041918246634341E-005
          13          14  -3.1370900554480401E-016
          13          15   1.6252217311223034E-018
          13          16  -3.0214315118483530E-016
          13          17   2.3854451237736284E-018
          13          18   2.0282326032287812E-018
          13          19  -3.0513625231367026E-016
          13          20   9.3014207045593354E-017
          13          21  -7.2298930511868552E-018
          13          22   8.4904190217377408E-017
          13          23   7.3867352974097210E-019
          13          24  -9.4181605634752707E-019
          13          25   9.7364846250927807E-017
          14           1  0.42882016604798479     
          14           2  -2.1052085976676667     
          14           3  0.32908861837411857     
          14           4  0.26033881993114644     
          14           5   9.6340583031198728E-015
          14           6   3.9990668120744016E-015
          14           7   1.3666087118790893E-015
          14           8   9.5010777948314423E-016
          14           9  -2.4635298071135391E-015
          14          10   1.9915244971545697E-015
          14          11  -1.0992968377826233E-015
          14          12   7.2284599707660152E-016
          14          13  -3.1370900554480401E-016
          14          14  0.41251550333080506     
          14          15  -8.6677660129677223E-016
          14          16  0.41251550333080789     
          14          17   2.4402840994646251E-016
          14          18  -5.4746297129047912E-017
          14          19  0.41251550333080594     
          14          20 -0.13953383309207212     
          14          21   1.0754093723687789E-015
          14          22 -0.13953383309206890     
          14          23  -5.6963191845633282E-016
          14          24  -3.2241221270633282E-017
          14          25 -0.13953383309206932     
          15           1  -3.2242098257234933E-016
          15           2   4.6171235328596891E-015
          15           3  -7.2052860597811786E-016
          15           4  -5.7686348813049258E-016
          15           5   1.3545783605540905E-016
          15           6  -1.4136303561828982E-016
          15           7   2.4777996304241940E-017
          15           8  -2.8677356380868265E-017
          15           9   2.9927527779554853E-017
          15          10  -5.2456723886427137E-018
          15          11   8.8848596191914364E-018
          15          12  -9.2721895121451796E-018
          15          13   1.6252217311223034E-018
          15          14  -8.6677660129677223E-016
          15          15   2.0525243279763763E-030
          15          16  -8.6677660129677864E-016
          15          17  -5.2303214941692968E-031
          15          18   1.5305639560856977E-031
          15          19  -8.6677660129677420E-016
          15          20   3.0880482055989327E-016
          15          21  -2.5210019111515577E-030
          15          22   3.0880482055988548E-016
          15          23   1.3364391593847773E-030
          15          24   3.4108710864840535E-034
          15          25   3.0880482055988691E-016
          16           1  0.42882016604798545     
          16           2  -2.1052085976676822     
          16           3  0.32908861837412096     
          16           4  0.26033881993114832     
          16           5   1.0598040985441505E-014
          16           6   2.9930599081942885E-015
          16           7   1.5429407723598656E-015
          16           8   7.4602600960602151E-016
          16           9  -2.2505512202389144E-015
          16          10   1.9541937860858631E-015
          16          11  -1.0360679315992260E-015
          16          12   6.5686066631100781E-016
          16          13  -3.0214315118483530E-016
          16          14  0.41251550333080789     
          16          15  -8.6677660129677864E-016
          16          16  0.41251550333081066     
          16          17   2.4402840994646478E-016
          16          18  -5.4746297129047986E-017
          16          19  0.41251550333080877     
          16          20 -0.13953383309207315     
          16          21   1.0754093723687856E-015
          16          22 -0.13953383309206990     
          16          23  -5.6963191845633706E-016
          16          24  -3.2241221270633443E-017
          16          25 -0.13953383309207032     
          17           1   8.4401912054586405E-017
          17           2  -1.3020167315795674E-015
          17           3   2.0317425078819617E-016
          17           4   1.6273613403514202E-016
          17           5   1.9882039989238002E-016
          17           6  -2.0748785075914549E-016
          17           7   3.6368299370484293E-017
          17           8  -4.2091647331252387E-017
          17           9   4.3926606346235959E-017
          17          10  -7.6994193350797390E-018
          17          11   1.3040894450371548E-017
          17          12  -1.3609404080010532E-017
          17          13   2.3854451237736284E-018
          17          14   2.4402840994646251E-016
          17          15  -5.2303214941692968E-031
          17          16   2.4402840994646478E-016
          17          17   2.3157501873633045E-031
          17          18   2.8090082023149245E-032
          17          19   2.4402840994646340E-016
          17          20  -8.7111481776244011E-017
          17          21   4.5740357930239794E-031
          17          22  -8.7111481776242100E-017
          17          23  -3.5171519946970927E-031
          17          24  -3.2601330923746010E-032
          17          25  -8.7111481776242076E-017
          18           1  -6.4630567120302066E-017
          18           2   2.7680514768655638E-016
          18           3  -4.3286848471688298E-017
          18           4  -3.4152270392674062E-017
          18           5   1.6904770234694427E-016
          18           6  -1.7641723110267933E-016
          18           7   3.0922266780340917E-017
          18           8  -3.5788562306473972E-017
          18           9   3.7348742275691941E-017
          18          10  -6.5464567454130278E-018
          18          11   1.1088063622132666E-017
          18          12  -1.1571440814335025E-017
          18          13   2.0282326032287812E-018
          18          14  -5.4746297129047912E-017
          18          15   1.5305639560856977E-031
          18          16  -5.4746297129047986E-017
          18          17   2.8090082023149245E-032
          18          18   5.8061421136516200E-032
          18          19  -5.4746297129047814E-017
          18          20   1.8309624440699666E-017
          18          21  -3.2211070187451984E-031
          18          22   1.8309624440699044E-017
          18          23   9.2420402350463302E-032
          18          24  -1.8644593680673009E-032
          18          25   1.8309624440699410E-017
          19           1  0.42882016604798479     
          19           2  -2.1052085976676720     
          19           3  0.32908861837411935     
          19           4  0.26033881993114705     
          19           5   1.0348574100865998E-014
          19           6   3.2534021454302936E-015
          19           7   1.4973081997155358E-015
          19           8   7.9883986639365335E-016
          19           9  -2.3056674640504035E-015
          19          10   1.9638545158480023E-015
          19          11  -1.0524307963373096E-015
          19          12   6.7393685989378899E-016
          19          13  -3.0513625231367026E-016
          19          14  0.41251550333080594     
          19          15  -8.6677660129677420E-016
          19          16  0.41251550333080877     
          19          17   2.4402840994646340E-016
          19          18  -5.4746297129047814E-017
          19          19  0.41251550333080689     
          19          20 -0.13953383309207246     
          19          21   1.0754093723687805E-015
          19          22 -0.13953383309206921     
          19          23  -5.6963191845633430E-016
          19          24  -3.2241221270633369E-017
          19          25 -0.13953383309206963     
          20           1  -9.9564687226413442E-002
          20           2  0.72731288372197944     
          20           3 -0.11359805308070620     
          20           4  -9.0405598553194425E-002
          20           5  -4.5054566935466921E-015
          20           6  -2.5991355377508841E-016
          20           7  -6.8944572155695808E-016
          20           8  -1.0787461931349352E-016
          20           9   6.2395573633347092E-016
          20          10  -6.6023123829355054E-016
          20          11   3.2826923249952712E-016
          20          12  -1.8125588214574117E-016
          20          13   9.3014207045593354E-017
          20          14 -0.13953383309207212     
          20          15   3.0880482055989327E-016
          20          16 -0.13953383309207315     
          20          17  -8.7111481776244011E-017
          20          18   1.8309624440699666E-017
          20          19 -0.13953383309207246     
          20          20   4.8425082669978657E-002
          20          21  -3.7290577016978925E-016
          20          22   4.8425082669977491E-002
          20          23   2.0248244914893546E-016
          20          24   7.0917804473277132E-018
          20          25   4.8425082669977665E-002
          21           1   7.7899558624991948E-016
          21           2  -5.6016215088678428E-015
          21           3   8.7493410094070130E-016
          21           4   6.9617025573000082E-016
          21           5  -6.0259203336514802E-016
          21           6   6.2886165582208361E-016
          21           7  -1.1022635242437630E-016
          21           8   1.2757288169000903E-016
          21           9  -1.3313434160348193E-016
          21          10   2.3335677603355686E-017
          21          11  -3.9524812886429063E-017
          21          12   4.1247872360692735E-017
          21          13  -7.2298930511868552E-018
          21          14   1.0754093723687789E-015
          21          15  -2.5210019111515577E-030
          21          16   1.0754093723687856E-015
          21          17   4.5740357930239794E-031
          21          18  -3.2211070187451984E-031
          21          19   1.0754093723687805E-015
          21          20  -3.7290577016978925E-016
          21          21   3.5166955832889965E-030
          21          22  -3.7290577016977958E-016
          21          23  -1.6239549170917626E-030
          21          24   2.8388028398647793E-032
          21          25  -3.7290577016978195E-016
          22           1  -9.9564687226412485E-002
          22           2  0.72731288372196212     
          22           3 -0.11359805308070348     
          22           4  -9.0405598553192246E-002
          22           5  -5.1814046635289914E-015
          22           6   4.4550194479840796E-016
          22           7  -8.1309036840655116E-016
          22           8   3.5228219138587861E-017
          22           9   4.7461441922500592E-016
          22          10  -6.3405481538920153E-016
          22          11   2.8393290617055148E-016
          22          12  -1.3498674142610454E-016
          22          13   8.4904190217377408E-017
          22          14 -0.13953383309206890     
          22          15   3.0880482055988548E-016
          22          16 -0.13953383309206990     
          22          17  -8.7111481776242100E-017
          22          18   1.8309624440699044E-017
          22          19 -0.13953383309206921     
          22          20   4.8425082669977491E-002
          22          21  -3.7290577016977958E-016
          22          22   4.8425082669976333E-002
          22          23   2.0248244914893038E-016
          22          24   7.0917804473277564E-018
          22          25   4.8425082669976499E-002
          23           1  -2.2890427114640639E-016
          23           2   3.0286060679774684E-015
          23           3  -4.7266586821648183E-016
          23           4  -3.7822813458999682E-016
          23           5   6.1566441042479398E-017
          23           6  -6.4250391497618298E-017
          23           7   1.1261755635841576E-017
          23           8  -1.3034039390344903E-017
          23           9   1.3602250177935263E-017
          23          10  -2.3841911937200503E-018
          23          11   4.0382247483417101E-018
          23          12  -4.2142686282154973E-018
          23          13   7.3867352974097210E-019
          23          14  -5.6963191845633282E-016
          23          15   1.3364391593847773E-030
          23          16  -5.6963191845633706E-016
          23          17  -3.5171519946970927E-031
          23          18   9.2420402350463302E-032
          23          19  -5.6963191845633430E-016
          23          20   2.0248244914893546E-016
          23          21  -1.6239549170917626E-030
          23          22   2.0248244914893038E-016
          23          23   8.7161708122246700E-031
          23          24   5.4788348692337644E-033
          23          25   2.0248244914893124E-016
          24           1  -1.7482297565642255E-016
          24           2   1.1724202072673201E-016
          24           3  -1.8626677640842752E-017
          24           4  -1.3059988608569700E-017
          24           5  -7.8497821258551170E-017
          24           6   8.1919884634721499E-017
          24           7  -1.4358849821281249E-017
          24           8   1.6618529137227600E-017
          24           9  -1.7343003511351078E-017
          24          10   3.0398673530833724E-018
          24          11  -5.1487764946207588E-018
          24          12   5.3732341826411863E-018
          24          13  -9.4181605634752707E-019
          24          14  -3.2241221270633282E-017
          24          15   3.4108710864840535E-034
          24          16  -3.2241221270633443E-017
          24          17  -3.2601330923746010E-032
          24          18  -1.8644593680673009E-032
          24          19  -3.2241221270633369E-017
          24          20   7.0917804473277132E-018
          24          21   2.8388028398647793E-032
          24          22   7.0917804473277564E-018
          24          23   5.4788348692337644E-033
          24          24   2.5313684460995211E-032
          24          25   7.0917804473275761E-018
          25           1  -9.9564687226412096E-002
          25           2  0.72731288372196445     
          25           3 -0.11359805308070386     
          25           4  -9.0405598553192551E-002
          25           5  -4.1428426816074062E-015
          25           6  -6.3833549655934003E-016
          25           7  -6.2311623550181379E-016
          25           8  -1.8464250186567132E-016
          25           9   7.0407026666689048E-016
          25          10  -6.7427364710172370E-016
          25          11   3.5205356780155581E-016
          25          12  -2.0607708065567803E-016
          25          13   9.7364846250927807E-017
          25          14 -0.13953383309206932     
          25          15   3.0880482055988691E-016
          25          16 -0.13953383309207032     
          25          17  -8.7111481776242076E-017
          25          18   1.8309624440699410E-017
          25          19 -0.13953383309206963     
          25          20   4.8425082669977665E-002
          25          21  -3.7290577016978195E-016
          25          22   4.8425082669976499E-002
          25          23   2.0248244914893124E-016
          25          24   7.0917804473275761E-018
          25          25   4.8425082669976666E-002
