           1           1   2.0822348707880245     
           1           2 -0.22889984964658749     
           1           3 -0.24348531730633682     
           1           4  -3.5482312880697392E-002
           1           5  -3.7406809758283407E-016
           1           6  -3.8673504539190593E-015
           1           7   6.2889580230485750E-015
           1           8  -4.6973913059959623E-015
           1           9  -5.6582464378759627E-016
           1          10  -7.7421241435498864E-015
           1          11   4.0545969465479106E-015
           1          12   2.1648000177924272E-015
           1          13  -2.5351403420368013E-017
           1          14   3.0156178196958462E-002
           1          15  -1.1916271729908376E-006
           1          16   3.0160591495131096E-002
           1          17  -2.7786932857015723E-006
           1          18  -6.1764815816273220E-007
           1          19   3.0159573583263377E-002
           1          20   1.0171892185480534E-002
           1          21  -5.3119296899142463E-004
           1          22   1.2139219229716272E-002
           1          23  -1.2386613869940577E-003
           1          24  -2.7532956623993932E-004
           1          25   1.1685462553839811E-002
           2           1 -0.22889984964658749     
           2           2  0.40609177596992996     
           2           3  0.52204010632235498     
           2           4   6.3971267318130826E-002
           2           5   3.9646565050091270E-015
           2           6   7.4765332569067685E-015
           2           7  -9.6119608923697649E-015
           2           8   6.8221198755772195E-015
           2           9   3.7429063684267287E-015
           2          10   1.6201862727760964E-014
           2          11  -1.0409967182938882E-014
           2          12  -4.8742368977624637E-015
           2          13  -3.5729327851318192E-015
           2          14   6.5082587935678914E-003
           2          15   6.7113634714421845E-004
           2          16   4.0226368578070984E-003
           2          17   1.5649880648308098E-003
           2          18   3.4786547728213562E-004
           2          19   4.5959364267002742E-003
           2          20  -1.5236200865453839E-002
           2          21   1.4444767447535007E-003
           2          22  -2.0585967268167027E-002
           2          23   3.3683005307871237E-003
           2          24   7.4870562164607328E-004
           2          25  -1.9352063476851047E-002
           3           1 -0.24348531730633682     
           3           2  0.52204010632235498     
           3           3  0.67470859169708253     
           3           4   8.2253371173697992E-002
           3           5   1.1325044174720723E-014
           3           6   1.1901708123537188E-014
           3           7  -9.9213003351083868E-015
           3           8   1.2941008435943693E-014
           3           9   5.8909741942543241E-015
           3          10   2.3398314326872068E-014
           3          11  -1.4725260955040594E-014
           3          12  -6.8338371072669160E-015
           3          13  -4.3158851913826350E-015
           3          14   8.2826095309075452E-003
           3          15   4.1646169987244680E-004
           3          16   6.7402011865575380E-003
           3          17   9.7112545249287106E-004
           3          18   2.1586172365444249E-004
           3          19   7.0959520088311901E-003
           3          20  -2.0329022044458089E-002
           3          21   1.3607634038443907E-003
           3          22  -2.5368747174473665E-002
           3          23   3.1730937503375595E-003
           3          24   7.0531504733317794E-004
           3          25  -2.4206353314109287E-002
           4           1  -3.5482312880697392E-002
           4           2   6.3971267318130826E-002
           4           3   8.2253371173697992E-002
           4           4   1.0080707000231854E-002
           4           5  -1.3485993968240231E-014
           4           6  -1.9646133221639184E-015
           4           7  -8.8204431340760250E-015
           4           8  -8.9227870118596888E-015
           4           9  -1.6296454649238380E-015
           4          10  -2.6285417185594134E-015
           4          11  -1.6047563735457027E-015
           4          12  -7.5992012345184421E-016
           4          13  -5.5062374421805876E-016
           4          14   1.0419367872724085E-003
           4          15   1.0773785999834251E-004
           4          16   6.4291863030570631E-004
           4          17   2.5122833198951513E-004
           4          18   5.5843022430721587E-005
           4          19   7.3495070246177717E-004
           4          20  -2.3963611734050226E-003
           4          21   2.3059330376452012E-004
           4          22  -3.2503869077417703E-003
           4          23   5.3770858553042235E-004
           4          24   1.1952182935969231E-004
           4          25  -3.0534090372927136E-003
           5           1  -3.7406809758283407E-016
           5           2   3.9646565050091270E-015
           5           3   1.1325044174720723E-014
           5           4  -1.3485993968240231E-014
           5           5  0.34252988686743252     
           5           6   7.6137526963713342E-002
           5           7  0.17754115368511078     
           5           8  0.24268962439326353     
           5           9   5.3945037409601999E-002
           5          10  0.12579163771536045     
           5          11  -7.8484459592231641E-004
           5          12  -1.7445549806809868E-004
           5          13  -4.0680358591739551E-004
           5          14  -5.1122259559027126E-016
           5          15  -6.4150503841142381E-016
           5          16  -2.1662758147594685E-016
           5          17   3.1369999771484997E-017
           5          18  -2.2617520514015779E-016
           5          19   6.8808048814638044E-016
           5          20   3.7036286635704713E-015
           5          21  -1.6137470048698506E-015
           5          22   5.4260109044641921E-015
           5          23  -1.1969400859382341E-015
           5          24  -1.2656954988220929E-015
           5          25   5.6629854396805084E-015
           6           1  -3.8673504539190593E-015
           6           2   7.4765332569067685E-015
           6           3   1.1901708123537188E-014
           6           4  -1.9646133221639184E-015
           6           5   7.6137526963713342E-002
           6           6   1.6923845872736147E-002
           6           7   3.9463839198068340E-002
           6           8   5.3945038168908527E-002
           6           9   1.1990900350023183E-002
           6          10   2.7960959249286273E-002
           6          11  -1.7445521945793642E-004
           6          12  -3.8777959814258784E-005
           6          13  -9.0424281731971316E-005
           6          14  -4.0565773413978148E-016
           6          15  -3.1685946583952745E-016
           6          16   3.0523586146917594E-016
           6          17  -3.9938836419378116E-016
           6          18  -1.4060018187972993E-016
           6          19   3.5747264635682916E-016
           6          20   2.5749900703485381E-016
           6          21  -5.4143176154719357E-016
           6          22   1.3171025039292649E-015
           6          23  -6.9215009651285959E-016
           6          24  -3.7605096074920708E-016
           6          25   1.2136867222496686E-015
           7           1   6.2889580230485750E-015
           7           2  -9.6119608923697649E-015
           7           3  -9.9213003351083868E-015
           7           4  -8.8204431340760250E-015
           7           5  0.17754115368511078     
           7           6   3.9463839198068340E-002
           7           7   9.2023681612458746E-002
           7           8  0.12579163907779553     
           7           9   2.7960959158562164E-002
           7          10   6.5200711938366074E-002
           7          11  -4.0680308599611779E-004
           7          12  -9.0424315019577197E-005
           7          13  -2.1085569679053171E-004
           7          14  -1.0234326923160610E-016
           7          15  -1.8876129986512307E-016
           7          16  -4.8202431495278500E-016
           7          17   3.5145266876791783E-016
           7          18  -4.2725177638037321E-017
           7          19   1.0969744936958285E-016
           7          20   2.6376104985183814E-015
           7          21  -6.9575219941781337E-016
           7          22   3.0093005721313051E-015
           7          23  -2.9233362020342982E-016
           7          24  -5.8311625807275885E-016
           7          25   3.2523106280933205E-015
           8           1  -4.6973913059959623E-015
           8           2   6.8221198755772195E-015
           8           3   1.2941008435943693E-014
           8           4  -8.9227870118596888E-015
           8           5  0.24268962439326353     
           8           6   5.3945038168908527E-002
           8           7  0.12579163907779553     
           8           8  0.17195069991348932     
           8           9   3.8221192861584506E-002
           8          10   8.9126019303447018E-002
           8          11  -5.5607889265787665E-004
           8          12  -1.2360538721653983E-004
           8          13  -2.8822889112252914E-004
           8          14  -2.5540769122494811E-016
           8          15  -4.1076259164980498E-016
           8          16  -2.0874023391300908E-016
           8          17   1.2426147845185631E-016
           8          18  -1.3756951288795060E-016
           8          19   4.6964283170648734E-016
           8          20   2.5362965698674328E-015
           8          21  -1.0877148073192986E-015
           8          22   3.5505022953371958E-015
           8          23  -7.1826918668064655E-016
           8          24  -8.6792258913174561E-016
           8          25   3.7659487730347154E-015
           9           1  -5.6582464378759627E-016
           9           2   3.7429063684267287E-015
           9           3   5.8909741942543241E-015
           9           4  -1.6296454649238380E-015
           9           5   5.3945037409601999E-002
           9           6   1.1990900350023183E-002
           9           7   2.7960959158562164E-002
           9           8   3.8221192861584506E-002
           9           9   8.4958048120619238E-003
           9          10   1.9810927053488057E-002
           9          11  -1.2360518807557179E-004
           9          12  -2.7474999205650700E-005
           9          13  -6.4067503310061267E-005
           9          14  -3.0487683323053294E-017
           9          15  -1.0690528032979312E-016
           9          16   3.7665425521442927E-017
           9          17  -8.7583102666481150E-018
           9          18  -3.8665299109252831E-017
           9          19   1.7512966462523532E-016
           9          20   4.4796741280039501E-016
           9          21  -2.5462049386675343E-016
           9          22   7.2097149975029602E-016
           9          23  -1.8960546744961056E-016
           9          24  -1.9957876942650350E-016
           9          25   7.5788989482022816E-016
          10           1  -7.7421241435498864E-015
          10           2   1.6201862727760964E-014
          10           3   2.3398314326872068E-014
          10           4  -2.6285417185594134E-015
          10           5  0.12579163771536045     
          10           6   2.7960959249286273E-002
          10           7   6.5200711938366074E-002
          10           8   8.9126019303447018E-002
          10           9   1.9810927053488057E-002
          10          10   4.6196074345000421E-002
          10          11  -2.8822853379602530E-004
          10          12  -6.4067527102907391E-005
          10          13  -1.4939569147972054E-004
          10          14  -4.8508055641053668E-017
          10          15  -2.6316309282243354E-016
          10          16   1.6180660518402437E-016
          10          17  -5.2780261756728593E-017
          10          18  -9.7353967181165824E-017
          10          19   4.7049897598082344E-016
          10          20   7.1797255682647908E-016
          10          21  -5.9737199546497722E-016
          10          22   1.3680416966291174E-015
          10          23  -4.5060896751507161E-016
          10          24  -4.6727183845826451E-016
          10          25   1.4510241207346020E-015
          11           1   4.0545969465479106E-015
          11           2  -1.0409967182938882E-014
          11           3  -1.4725260955040594E-014
          11           4  -1.6047563735457027E-015
          11           5  -7.8484459592231641E-004
          11           6  -1.7445521945793642E-004
          11           7  -4.0680308599611779E-004
          11           8  -5.5607889265787665E-004
          11           9  -1.2360518807557179E-004
          11          10  -2.8822853379602530E-004
          11          11   1.7983278638306500E-006
          11          12   3.9973287043613491E-007
          11          13   9.3211602330238667E-007
          11          14   3.5141726218744177E-016
          11          15   2.4181961799348365E-016
          11          16  -5.3941751215443075E-016
          11          17   5.6038719280560938E-016
          11          18   1.2509705575575329E-016
          11          19  -3.3617840759037207E-016
          11          20   8.2346716728314141E-016
          11          21   2.5230641592503206E-016
          11          22  -1.0122757872018583E-016
          11          23   5.8246056650985758E-016
          11          24   1.3175980192844997E-016
          11          25   1.1059663665008779E-016
          12           1   2.1648000177924272E-015
          12           2  -4.8742368977624637E-015
          12           3  -6.8338371072669160E-015
          12           4  -7.5992012345184421E-016
          12           5  -1.7445549806809868E-004
          12           6  -3.8777959814258784E-005
          12           7  -9.0424315019577197E-005
          12           8  -1.2360538721653983E-004
          12           9  -2.7474999205650700E-005
          12          10  -6.4067527102907391E-005
          12          11   3.9973287043613491E-007
          12          12   8.8852745331292409E-008
          12          13   2.0719103622211688E-007
          12          14   1.4596615194659508E-016
          12          15   1.0237151779619180E-016
          12          16  -2.3211719278277501E-016
          12          17   2.3793697994295178E-016
          12          18   5.3007366725260996E-017
          12          19  -1.4540904663277802E-016
          12          20   3.6983355099020319E-016
          12          21   1.0543376055138654E-016
          12          22  -1.8484419953531014E-017
          12          23   2.4454858252719056E-016
          12          24   5.4867379946490168E-017
          12          25   7.0756669972456710E-017
          13           1  -2.5351403420368013E-017
          13           2  -3.5729327851318192E-015
          13           3  -4.3158851913826350E-015
          13           4  -5.5062374421805876E-016
          13           5  -4.0680358591739551E-004
          13           6  -9.0424281731971316E-005
          13           7  -2.1085569679053171E-004
          13           8  -2.8822889112252914E-004
          13           9  -6.4067503310061267E-005
          13          10  -1.4939569147972054E-004
          13          11   9.3211602330238667E-007
          13          12   2.0719103622211688E-007
          13          13   4.8313786288464851E-007
          13          14  -2.4344587405765422E-016
          13          15  -7.5629250600866497E-017
          13          16   3.9126604839548843E-017
          13          17  -1.7816977410815233E-016
          13          18  -3.9326672247613707E-017
          13          19  -2.7202867218333650E-017
          13          20   7.3121648289312791E-018
          13          21  -8.9592825622609420E-017
          13          22   3.4418094921490101E-016
          13          23  -2.1196444870504852E-016
          13          24  -4.5928231357273582E-017
          13          25   2.6573015705166989E-016
          14           1   3.0156178196958462E-002
          14           2   6.5082587935678914E-003
          14           3   8.2826095309075452E-003
          14           4   1.0419367872724085E-003
          14           5  -5.1122259559027126E-016
          14           6  -4.0565773413978148E-016
          14           7  -1.0234326923160610E-016
          14           8  -2.5540769122494811E-016
          14           9  -3.0487683323053294E-017
          14          10  -4.8508055641053668E-017
          14          11   3.5141726218744177E-016
          14          12   1.4596615194659508E-016
          14          13  -2.4344587405765422E-016
          14          14   1.1119686438043534E-003
          14          15   2.1408203960199742E-004
          14          16   3.1909394518122805E-004
          14          17   4.9920681350832513E-004
          14          18   1.1096366765617771E-004
          14          19   5.0196758039051036E-004
          14          20   1.2150219651121217E-004
          14          21   2.4732199380402139E-004
          14          22  -7.9448011921705070E-004
          14          23   5.7671734084818185E-004
          14          24   1.2819270338077388E-004
          14          25  -5.8321216647010848E-004
          15           1  -1.1916271729908376E-006
          15           2   6.7113634714421845E-004
          15           3   4.1646169987244680E-004
          15           4   1.0773785999834251E-004
          15           5  -6.4150503841142381E-016
          15           6  -3.1685946583952745E-016
          15           7  -1.8876129986512307E-016
          15           8  -4.1076259164980498E-016
          15           9  -1.0690528032979312E-016
          15          10  -2.6316309282243354E-016
          15          11   2.4181961799348365E-016
          15          12   1.0237151779619180E-016
          15          13  -7.5629250600866497E-017
          15          14   2.1408203960199742E-004
          15          15   9.3466131255259810E-005
          15          16  -1.3207932412726293E-004
          15          17   2.1794882768061597E-004
          15          18   4.8445655423248309E-005
          15          19  -5.2238477863382982E-005
          15          20   1.3372865148700448E-004
          15          21   1.0493034942690121E-004
          15          22  -2.5489164355841406E-004
          15          23   2.4468164379386719E-004
          15          24   5.4387824677572954E-005
          15          25  -1.6525780055306531E-004
          16           1   3.0160591495131096E-002
          16           2   4.0226368578070984E-003
          16           3   6.7402011865575380E-003
          16           4   6.4291863030570631E-004
          16           5  -2.1662758147594685E-016
          16           6   3.0523586146917594E-016
          16           7  -4.8202431495278500E-016
          16           8  -2.0874023391300908E-016
          16           9   3.7665425521442927E-017
          16          10   1.6180660518402437E-016
          16          11  -5.3941751215443075E-016
          16          12  -2.3211719278277501E-016
          16          13   3.9126604839548843E-017
          16          14   3.1909394518122805E-004
          16          15  -1.3207932412726293E-004
          16          16   8.0826321403169995E-004
          16          17  -3.0798893108787469E-004
          16          18  -6.8459765440350917E-005
          16          19   6.9543812016314229E-004
          16          20  -3.7377552635121480E-004
          16          21  -1.4129827276539980E-004
          16          22   1.4953711385744543E-004
          16          23  -3.2948611844801738E-004
          16          24  -7.3238160423350784E-005
          16          25   2.8836973935004334E-005
          17           1  -2.7786932857015723E-006
          17           2   1.5649880648308098E-003
          17           3   9.7112545249287106E-004
          17           4   2.5122833198951513E-004
          17           5   3.1369999771484997E-017
          17           6  -3.9938836419378116E-016
          17           7   3.5145266876791783E-016
          17           8   1.2426147845185631E-016
          17           9  -8.7583102666481150E-018
          17          10  -5.2780261756728593E-017
          17          11   5.6038719280560938E-016
          17          12   2.3793697994295178E-016
          17          13  -1.7816977410815233E-016
          17          14   4.9920681350832513E-004
          17          15   2.1794882768061597E-004
          17          16  -3.0798893108787469E-004
          17          17   5.0822357627733372E-004
          17          18   1.1296791323137014E-004
          17          19  -1.2181219936119736E-004
          17          20   3.1183491212529200E-004
          17          21   2.4468164390881278E-004
          17          22  -5.9436861399832252E-004
          17          23   5.7056044475960936E-004
          17          24   1.2682414976616024E-004
          17          25  -3.8535610068641602E-004
          18           1  -6.1764815816273220E-007
          18           2   3.4786547728213562E-004
          18           3   2.1586172365444249E-004
          18           4   5.5843022430721587E-005
          18           5  -2.2617520514015779E-016
          18           6  -1.4060018187972993E-016
          18           7  -4.2725177638037321E-017
          18           8  -1.3756951288795060E-016
          18           9  -3.8665299109252831E-017
          18          10  -9.7353967181165824E-017
          18          11   1.2509705575575329E-016
          18          12   5.3007366725260996E-017
          18          13  -3.9326672247613707E-017
          18          14   1.1096366765617771E-004
          18          15   4.8445655423248309E-005
          18          16  -6.8459765440350917E-005
          18          17   1.1296791323137014E-004
          18          18   2.5110502573155681E-005
          18          19  -2.7076410048899420E-005
          18          20   6.9314649888705955E-005
          18          21   5.4387824592549671E-005
          18          22  -1.3211622836029369E-004
          18          23   1.2682414950831991E-004
          18          24   2.8190466196768662E-005
          18          25  -8.5656936481854230E-005
          19           1   3.0159573583263377E-002
          19           2   4.5959364267002742E-003
          19           3   7.0959520088311901E-003
          19           4   7.3495070246177717E-004
          19           5   6.8808048814638044E-016
          19           6   3.5747264635682916E-016
          19           7   1.0969744936958285E-016
          19           8   4.6964283170648734E-016
          19           9   1.7512966462523532E-016
          19          10   4.7049897598082344E-016
          19          11  -3.3617840759037207E-016
          19          12  -1.4540904663277802E-016
          19          13  -2.7202867218333650E-017
          19          14   5.0196758039051036E-004
          19          15  -5.2238477863382982E-005
          19          16   6.9543812016314229E-004
          19          17  -1.2181219936119736E-004
          19          18  -2.7076410048899420E-005
          19          19   6.5081485134630670E-004
          19          20  -2.5954154011806341E-004
          19          21  -5.1664436604898962E-005
          19          22  -6.8196991553022668E-005
          19          23  -1.2047362119544622E-004
          19          24  -2.6778872020125393E-005
          19          25  -1.1232991100723821E-004
          20           1   1.0171892185480534E-002
          20           2  -1.5236200865453839E-002
          20           3  -2.0329022044458089E-002
          20           4  -2.3963611734050226E-003
          20           5   3.7036286635704713E-015
          20           6   2.5749900703485381E-016
          20           7   2.6376104985183814E-015
          20           8   2.5362965698674328E-015
          20           9   4.4796741280039501E-016
          20          10   7.1797255682647908E-016
          20          11   8.2346716728314141E-016
          20          12   3.6983355099020319E-016
          20          13   7.3121648289312791E-018
          20          14   1.2150219651121217E-004
          20          15   1.3372865148700448E-004
          20          16  -3.7377552635121480E-004
          20          17   3.1183491212529200E-004
          20          18   6.9314649888705955E-005
          20          19  -2.5954154011806341E-004
          20          20   8.4551563865423954E-004
          20          21   1.2218713037888404E-004
          20          22   3.9298304170391334E-004
          20          23   2.8492183413964960E-004
          20          24   6.3332415080684663E-005
          20          25   4.9735802917641036E-004
          21           1  -5.3119296899142463E-004
          21           2   1.4444767447535007E-003
          21           3   1.3607634038443907E-003
          21           4   2.3059330376452012E-004
          21           5  -1.6137470048698506E-015
          21           6  -5.4143176154719357E-016
          21           7  -6.9575219941781337E-016
          21           8  -1.0877148073192986E-015
          21           9  -2.5462049386675343E-016
          21          10  -5.9737199546497722E-016
          21          11   2.5230641592503206E-016
          21          12   1.0543376055138654E-016
          21          13  -8.9592825622609420E-017
          21          14   2.4732199380402139E-004
          21          15   1.0493034942690121E-004
          21          16  -1.4129827276539980E-004
          21          17   2.4468164390881278E-004
          21          18   5.4387824592549671E-005
          21          19  -5.1664436604898962E-005
          21          20   1.2218713037888404E-004
          21          21   1.1922815743423407E-004
          21          22  -3.1938655889081601E-004
          21          23   2.7802196141962565E-004
          21          24   6.1798708850566508E-005
          21          25  -2.1753921038637574E-004
          22           1   1.2139219229716272E-002
          22           2  -2.0585967268167027E-002
          22           3  -2.5368747174473665E-002
          22           4  -3.2503869077417703E-003
          22           5   5.4260109044641921E-015
          22           6   1.3171025039292649E-015
          22           7   3.0093005721313051E-015
          22           8   3.5505022953371958E-015
          22           9   7.2097149975029602E-016
          22          10   1.3680416966291174E-015
          22          11  -1.0122757872018583E-016
          22          12  -1.8484419953531014E-017
          22          13   3.4418094921490101E-016
          22          14  -7.9448011921705070E-004
          22          15  -2.5489164355841406E-004
          22          16   1.4953711385744543E-004
          22          17  -5.9436861399832252E-004
          22          18  -1.3211622836029369E-004
          22          19  -6.8196991553022668E-005
          22          20   3.9298304170391334E-004
          22          21  -3.1938655889081601E-004
          22          22   1.5758638173271630E-003
          22          23  -7.4476096767484901E-004
          22          24  -1.6554543094575503E-004
          22          25   1.3030367210867607E-003
          23           1  -1.2386613869940577E-003
          23           2   3.3683005307871237E-003
          23           3   3.1730937503375595E-003
          23           4   5.3770858553042235E-004
          23           5  -1.1969400859382341E-015
          23           6  -6.9215009651285959E-016
          23           7  -2.9233362020342982E-016
          23           8  -7.1826918668064655E-016
          23           9  -1.8960546744961056E-016
          23          10  -4.5060896751507161E-016
          23          11   5.8246056650985758E-016
          23          12   2.4454858252719056E-016
          23          13  -2.1196444870504852E-016
          23          14   5.7671734084818185E-004
          23          15   2.4468164379386719E-004
          23          16  -3.2948611844801738E-004
          23          17   5.7056044475960936E-004
          23          18   1.2682414950831991E-004
          23          19  -1.2047362119544622E-004
          23          20   2.8492183413964960E-004
          23          21   2.7802196141962565E-004
          23          22  -7.4476096767484901E-004
          23          23   6.4830500357478213E-004
          23          24   1.4410520650134253E-004
          23          25  -5.0726841385247243E-004
          24           1  -2.7532956623993932E-004
          24           2   7.4870562164607328E-004
          24           3   7.0531504733317794E-004
          24           4   1.1952182935969231E-004
          24           5  -1.2656954988220929E-015
          24           6  -3.7605096074920708E-016
          24           7  -5.8311625807275885E-016
          24           8  -8.6792258913174561E-016
          24           9  -1.9957876942650350E-016
          24          10  -4.6727183845826451E-016
          24          11   1.3175980192844997E-016
          24          12   5.4867379946490168E-017
          24          13  -4.5928231357273582E-017
          24          14   1.2819270338077388E-004
          24          15   5.4387824677572954E-005
          24          16  -7.3238160423350784E-005
          24          17   1.2682414976616024E-004
          24          18   2.8190466196768662E-005
          24          19  -2.6778872020125393E-005
          24          20   6.3332415080684663E-005
          24          21   6.1798708850566508E-005
          24          22  -1.6554543094575503E-004
          24          23   1.4410520650134253E-004
          24          24   3.2031698700901951E-005
          24          25  -1.1275559695960238E-004
          25           1   1.1685462553839811E-002
          25           2  -1.9352063476851047E-002
          25           3  -2.4206353314109287E-002
          25           4  -3.0534090372927136E-003
          25           5   5.6629854396805084E-015
          25           6   1.2136867222496686E-015
          25           7   3.2523106280933205E-015
          25           8   3.7659487730347154E-015
          25           9   7.5788989482022816E-016
          25          10   1.4510241207346020E-015
          25          11   1.1059663665008779E-016
          25          12   7.0756669972456710E-017
          25          13   2.6573015705166989E-016
          25          14  -5.8321216647010848E-004
          25          15  -1.6525780055306531E-004
          25          16   2.8836973935004334E-005
          25          17  -3.8535610068641602E-004
          25          18  -8.5656936481854230E-005
          25          19  -1.1232991100723821E-004
          25          20   4.9735802917641036E-004
          25          21  -2.1753921038637574E-004
          25          22   1.3030367210867607E-003
          25          23  -5.0726841385247243E-004
          25          24  -1.1275559695960238E-004
          25          25   1.1172098991155185E-003
