           1           1   2.0104157514073435     
           1           2  0.21027987295962114     
           1           3  0.39906803116623035     
           1           4 -0.28613223493272932     
           1           5  -1.3735449813163967     
           1           6 -0.97074999632955594     
           1           7   4.1450265873261505E-015
           1           8   3.5985140971540153E-016
           1           9  -7.8258756792076390E-015
           1          10   1.0328869145227261E-014
           1          11  -4.6518573288902821E-015
           1          12  -4.5726497111590874E-015
           1          13   2.5526869450026506E-014
           1          14  -7.0499608195182242E-015
           1          15  -6.6717077936546065E-015
           1          16  -1.6128013460396299E-014
           1          17   2.4536001315967289E-015
           1          18   2.8089742852956843E-017
           1          19   9.8870261363610051E-015
           1          20   5.8260325607865423E-016
           1          21   6.9476514580355602E-015
           1          22   8.0578163041635273E-002
           1          23  -6.7120377086759464E-015
           1          24   8.0578163041634412E-002
           1          25   4.2506192917392393E-015
           1          26   2.6668150075215912E-014
           1          27   8.0578163041638035E-002
           1          28  0.58079900775632531     
           1          29  -4.8060565726874650E-015
           1          30  0.58079900775630078     
           1          31  -3.7082016230660857E-015
           1          32  -3.0258615131931803E-015
           1          33  0.58079900775632287     
           1          34  0.34289673065433934     
           1          35   1.0848861846300495E-014
           1          36  0.34289673065434806     
           1          37   1.1809663605696348E-014
           1          38   1.1838219419677023E-015
           1          39  0.34289673065434056     
           2           1  0.21027987295962114     
           2           2   7.8314024957907487     
           2           3   7.2128137574606130     
           2           4  -1.3063350407242504     
           2           5  -2.2086021214011886     
           2           6  -1.5092220528408653     
           2           7  -6.5075846521542149E-014
           2           8   1.6664822535903108E-013
           2           9  -6.4339128068147724E-014
           2          10   1.7066097017888326E-014
           2          11  -3.6396408982282927E-014
           2          12  -4.3659020808702767E-015
           2          13   6.2485988877629098E-014
           2          14  -4.6034747624803653E-014
           2          15  -5.3681250872751328E-014
           2          16   2.6269802755937693E-014
           2          17   5.7831620173372016E-014
           2          18  -4.4223619170539619E-015
           2          19   2.0827433081311000E-015
           2          20  -3.0495734440975411E-014
           2          21   1.7140576415298733E-014
           2          22  -3.9146476918514517     
           2          23  -1.2523230258580754E-013
           2          24  -3.9146476918516058     
           2          25   8.8808783179760171E-014
           2          26   3.0255757745125790E-013
           2          27  -3.9146476918513677     
           2          28  0.85701251557169345     
           2          29   1.2279608206095091E-014
           2          30  0.85701251557165037     
           2          31  -3.5664670624415279E-015
           2          32   3.7508825982805915E-016
           2          33  0.85701251557171787     
           2          34  0.53903823718858490     
           2          35   1.7161522273791763E-014
           2          36  0.53903823718860377     
           2          37   3.3752805774342862E-014
           2          38  -7.6584189923917518E-015
           2          39  0.53903823718856603     
           3           1  0.39906803116623035     
           3           2   7.2128137574606130     
           3           3   15.030072158196212     
           3           4  -6.7684223464700617     
           3           5  -28.093436956480939     
           3           6  -20.095487147389250     
           3           7  -2.6217355759392738E-014
           3           8   1.0650588217135979E-013
           3           9  -3.1235698006577787E-014
           3          10   6.9290176532466716E-014
           3          11   2.5555581400353120E-014
           3          12  -6.5925805941208861E-014
           3          13   1.8362408872785967E-013
           3          14  -1.7282541516516105E-013
           3          15  -1.2099634588883635E-013
           3          16   6.8458973238670531E-014
           3          17   1.7380052068984711E-013
           3          18  -2.9161840017911720E-014
           3          19   1.4482475907845617E-014
           3          20  -8.5321541216874829E-014
           3          21   4.9240868237211908E-014
           3          22 -0.76716904670978869     
           3          23  -3.4574197044754983E-013
           3          24 -0.76716904671004393     
           3          25   3.8788756667439915E-013
           3          26   4.6296372352607220E-013
           3          27 -0.76716904670995989     
           3          28   11.796564957446471     
           3          29   3.4611562591318800E-014
           3          30   11.796564957446309     
           3          31  -5.2830088902111592E-014
           3          32   6.9126645943484732E-014
           3          33   11.796564957446590     
           3          34   7.1040624365716400     
           3          35   4.8685789700204879E-014
           3          36   7.1040624365716960     
           3          37   1.1903759989400039E-013
           3          38  -4.9282500000962250E-014
           3          39   7.1040624365715512     
           4           1 -0.28613223493272932     
           4           2  -1.3063350407242504     
           4           3  -6.7684223464700617     
           4           4   3.9214163815135246     
           4           5   17.736252989177604     
           4           6   12.722764317408924     
           4           7  -6.1158786709497015E-015
           4           8  -2.5888552519949777E-015
           4           9   1.0494375046958391E-014
           4          10  -4.5409610217261987E-014
           4          11  -3.1164068080357344E-014
           4          12   3.2389619874402382E-014
           4          13  -9.9472165608117422E-014
           4          14   1.0643330728387024E-013
           4          15   3.8349373591066997E-014
           4          16  -3.0748998325528286E-014
           4          17  -9.3004169002345386E-014
           4          18   2.3092399167379759E-014
           4          19  -9.5426488367574606E-015
           4          20   4.3725785891069891E-014
           4          21  -2.6683441159888895E-014
           4          22  -1.2857463651543442     
           4          23   7.9814235061396947E-014
           4          24  -1.2857463651543719     
           4          25  -1.3106244619282729E-013
           4          26  -9.7029996742122845E-014
           4          27  -1.2857463651541023     
           4          28  -7.4792782156106856     
           4          29  -1.9750718884876152E-015
           4          30  -7.4792782156105737     
           4          31   1.9550927233060554E-014
           4          32  -5.7340552643029339E-014
           4          33  -7.4792782156107673     
           4          34  -4.4952144331406041     
           4          35  -3.0365571928996728E-014
           4          36  -4.4952144331406405     
           4          37  -5.8868444778464358E-014
           4          38   3.3379969002360251E-014
           4          39  -4.4952144331405490     
           5           1  -1.3735449813163967     
           5           2  -2.2086021214011886     
           5           3  -28.093436956480939     
           5           4   17.736252989177604     
           5           5   82.162660574943629     
           5           6   58.997387042395374     
           5           7  -8.6057999121054835E-014
           5           8   8.9403175674368693E-014
           5           9  -1.6269450683640499E-014
           5          10  -1.4316237933411680E-013
           5          11  -9.9559760682813336E-014
           5          12   1.7323149713087888E-013
           5          13  -4.3257569847618468E-013
           5          14   3.9041776135089415E-013
           5          15   2.4747733196712141E-013
           5          16  -1.2620053484624174E-013
           5          17  -3.7186898217537259E-013
           5          18   7.1519887774769586E-014
           5          19  -4.4545778695581056E-014
           5          20   1.7857622194439338E-013
           5          21  -1.0591322134099955E-013
           5          22  -8.2029409353141851     
           5          23   1.6972279426341800E-013
           5          24  -8.2029409353146221     
           5          25  -5.3159247484757498E-013
           5          26   3.9242837943114843E-013
           5          27  -8.2029409353143823     
           5          28  -34.685531835418701     
           5          29   1.9533604279710918E-014
           5          30  -34.685531835418168     
           5          31   8.4545036138892973E-014
           5          32  -3.7946030137519428E-013
           5          33  -34.685531835418843     
           5          34  -20.842046300387018     
           5          35  -1.4066637192473400E-013
           5          36  -20.842046300387189     
           5          37  -2.5503409690138912E-013
           5          38   1.9225470308225429E-013
           5          39  -20.842046300386851     
           6           1 -0.97074999632955594     
           6           2  -1.5092220528408653     
           6           3  -20.095487147389250     
           6           4   12.722764317408924     
           6           5   58.997387042395374     
           6           6   42.370583103921035     
           6           7   1.2969307764746711E-014
           6           8   1.1345382526331746E-014
           6           9   5.4740978958604148E-014
           6          10  -3.7555787194615621E-014
           6          11  -1.2133234537198505E-014
           6          12   1.2949995604209941E-013
           6          13  -2.9717326653500561E-013
           6          14   1.6011118509866605E-013
           6          15   2.3833199125381458E-013
           6          16  -9.2811930739346521E-014
           6          17  -2.2165931616013441E-013
           6          18   2.9056768171592519E-014
           6          19  -3.1167737092520086E-014
           6          20   1.1478047328075522E-013
           6          21  -6.9159366883381467E-014
           6          22  -5.9864824739950437     
           6          23   3.6590802309806052E-016
           6          24  -5.9864824739944265     
           6          25  -1.0054563988370167E-013
           6          26  -4.4140925516580437E-013
           6          27  -5.9864824739916997     
           6          28  -24.907033406370655     
           6          29   3.3600994315289870E-014
           6          30  -24.907033406370427     
           6          31   1.4786120656079324E-014
           6          32  -1.5220120318106202E-013
           6          33  -24.907033406371330     
           6          34  -14.968220335037298     
           6          35  -1.0733524581606143E-013
           6          36  -14.968220335037365     
           6          37  -1.6540965448613554E-013
           6          38   9.4315548674466092E-014
           6          39  -14.968220335036971     
           7           1   4.1450265873261505E-015
           7           2  -6.5075846521542149E-014
           7           3  -2.6217355759392738E-014
           7           4  -6.1158786709497015E-015
           7           5  -8.6057999121054835E-014
           7           6   1.2969307764746711E-014
           7           7   2.0007720453037336     
           7           8   9.2244112411273486E-006
           7           9  -1.7763078939540621E-006
           7          10   8.4068625540066576E-003
           7          11   8.3009607792597405E-004
           7          12  -1.5984827394297850E-004
           7          13   4.3062068128440226E-002
           7          14   2.2358666991067772E-003
           7          15  -4.3055188684991994E-004
           7          16  -2.3687496790031903E-002
           7          17  -7.6841012841294138E-004
           7          18   1.4796965793807221E-004
           7          19   7.8140123433479702E-003
           7          20   2.1414264316735868E-004
           7          21  -4.1236590315002836E-005
           7          22   2.3371685709107944E-014
           7          23   7.1638286560590684E-015
           7          24   3.3033684218163666E-014
           7          25  -2.0028031013608297E-014
           7          26   3.4835772958320771E-014
           7          27   3.5111279705350315E-014
           7          28   2.7363128221643852E-014
           7          29  -3.4671155988974354E-015
           7          30   2.2923029486831512E-014
           7          31   1.4519397812019039E-015
           7          32  -5.3491124449316998E-015
           7          33   2.3922908021868863E-014
           7          34  -1.9741510843344812E-015
           7          35   2.5645792382493142E-015
           7          36  -4.8990291979629403E-016
           7          37  -1.9362537554556354E-015
           7          38  -1.8423524587859678E-017
           7          39   8.9200689144032964E-017
           8           1   3.5985140971540153E-016
           8           2   1.6664822535903108E-013
           8           3   1.0650588217135979E-013
           8           4  -2.5888552519949777E-015
           8           5   8.9403175674368693E-014
           8           6   1.1345382526331746E-014
           8           7   9.2244112411273486E-006
           8           8   2.0007575519342078     
           8           9   3.6543568850259458E-006
           8          10   8.3009607792625150E-004
           8          11   7.1026178831572829E-003
           8          12   3.2885213349048378E-004
           8          13   2.2358666991054428E-003
           8          14   3.9549080530283401E-002
           8          15   8.8576437566015721E-004
           8          16  -7.6841012841135032E-004
           8          17  -2.2480172913120496E-002
           8          18  -3.0441453326165020E-004
           8          19   2.1414264316698070E-004
           8          20   7.4775520123288525E-003
           8          21   8.4835077468754661E-005
           8          22  -7.1174613282530455E-014
           8          23  -3.2355789044301521E-014
           8          24  -6.2497053205110707E-014
           8          25   4.9600699420142186E-014
           8          26  -2.7663858582835805E-014
           8          27  -8.1432538954743129E-014
           8          28  -3.2767156452673627E-014
           8          29   6.5295697175629312E-015
           8          30  -3.2919384264193730E-014
           8          31  -6.2027802005429100E-015
           8          32   3.0159232834496601E-015
           8          33  -2.9980266119540036E-014
           8          34  -6.1198626141008385E-015
           8          35  -3.0272853633532982E-015
           8          36  -7.6379127024268199E-015
           8          37   2.6138109952806298E-015
           8          38  -3.2405149019387572E-016
           8          39  -5.4745518274190604E-015
           9           1  -7.8258756792076390E-015
           9           2  -6.4339128068147724E-014
           9           3  -3.1235698006577787E-014
           9           4   1.0494375046958391E-014
           9           5  -1.6269450683640499E-014
           9           6   5.4740978958604148E-014
           9           7  -1.7763078939540621E-006
           9           8   3.6543568850259458E-006
           9           9   2.0007758253958912     
           9          10  -1.5984827394227471E-004
           9          11   3.2885213349094673E-004
           9          12   8.7470294866534640E-003
           9          13  -4.3055188685202844E-004
           9          14   8.8576437565177253E-004
           9          15   4.3978308955344603E-002
           9          16   1.4796965793730481E-004
           9          17  -3.0441453325149806E-004
           9          18  -2.4002385299146965E-002
           9          19  -4.1236590313403041E-005
           9          20   8.4835077461852359E-005
           9          21   7.9017663371471480E-003
           9          22   1.5769500788275161E-014
           9          23   3.6032521601115067E-017
           9          24   9.1889914299973652E-015
           9          25  -6.9522610744382992E-016
           9          26  -2.3400903902866449E-015
           9          27   1.5448436699345991E-014
           9          28  -1.9827950813078366E-015
           9          29  -1.7519467457596541E-015
           9          30  -1.8497073031534473E-015
           9          31  -2.6514816772780488E-015
           9          32  -8.5370392527596931E-016
           9          33  -2.7158434561625275E-015
           9          34  -1.5763929108943048E-014
           9          35   2.5051087437993092E-016
           9          36  -1.8176134610018079E-014
           9          37   2.4779376856667238E-015
           9          38   1.3844419399302230E-015
           9          39  -1.5762793923207075E-014
          10           1   1.0328869145227261E-014
          10           2   1.7066097017888326E-014
          10           3   6.9290176532466716E-014
          10           4  -4.5409610217261987E-014
          10           5  -1.4316237933411680E-013
          10           6  -3.7555787194615621E-014
          10           7   8.4068625540066576E-003
          10           8   8.3009607792625150E-004
          10           9  -1.5984827394227471E-004
          10          10   2.0517753290978580     
          10          11   7.4699564075721453E-002
          10          12  -1.4384595590013269E-002
          10          13  0.45141240946086059     
          10          14  0.20120353799511256     
          10          15  -3.8744958704254658E-002
          10          16 -0.11009690198278732     
          10          17  -6.9148503589207946E-002
          10          18   1.3315650125841860E-002
          10          19   2.2924790273412037E-002
          10          20   1.9270494729467701E-002
          10          21  -3.7108419163172767E-003
          10          22  -6.6203922243424993E-014
          10          23   3.9855545408659346E-014
          10          24   5.9791613611567430E-014
          10          25  -1.0610720806516721E-013
          10          26   2.1113571635349222E-013
          10          27   2.6405182031320619E-014
          10          28   5.8283709859857806E-014
          10          29  -5.2983439890751143E-015
          10          30   3.2900024808630377E-014
          10          31   1.5608790815580463E-014
          10          32  -3.3394866483852864E-014
          10          33   4.0869053424117214E-014
          10          34   1.7519764520040606E-014
          10          35   4.9684649803046740E-015
          10          36   1.9113864495069025E-014
          10          37  -4.6074503780595855E-015
          10          38   1.1224022643327464E-014
          10          39   2.2491502062645052E-014
          11           1  -4.6518573288902821E-015
          11           2  -3.6396408982282927E-014
          11           3   2.5555581400353120E-014
          11           4  -3.1164068080357344E-014
          11           5  -9.9559760682813336E-014
          11           6  -1.2133234537198505E-014
          11           7   8.3009607792597405E-004
          11           8   7.1026178831572829E-003
          11           9   3.2885213349094673E-004
          11          10   7.4699564075721453E-002
          11          11   1.9344075798083218     
          11          12   2.9593093703618015E-002
          11          13  0.20120353799510859     
          11          14  0.13528196484889393     
          11          15   7.9709101747273747E-002
          11          16  -6.9148503589199870E-002
          11          17  -1.4509636373246093E-003
          11          18  -2.7393977080054338E-002
          11          19   1.9270494729461324E-002
          11          20  -7.3529579581629659E-003
          11          21   7.6342287040133301E-003
          11          22   3.9753956414736050E-014
          11          23  -2.4936666213613375E-013
          11          24   1.0493534244130159E-013
          11          25   4.1292982517728513E-013
          11          26  -2.9142267450549873E-013
          11          27  -1.7365096838976019E-014
          11          28   2.8151497396953524E-014
          11          29   4.7435680649739030E-014
          11          30   1.6177744508125617E-014
          11          31  -7.1752692212865398E-014
          11          32   4.6789776144074127E-014
          11          33   3.4854721556670578E-014
          11          34   1.1576778125533551E-014
          11          35  -1.2654557595633224E-014
          11          36   8.8437995040562856E-015
          11          37   2.4489858204360828E-014
          11          38  -1.7167249945805430E-014
          11          39   1.1685727173789490E-014
          12           1  -4.5726497111590874E-015
          12           2  -4.3659020808702767E-015
          12           3  -6.5925805941208861E-014
          12           4   3.2389619874402382E-014
          12           5   1.7323149713087888E-013
          12           6   1.2949995604209941E-013
          12           7  -1.5984827394297850E-004
          12           8   3.2885213349048378E-004
          12           9   8.7470294866534640E-003
          12          10  -1.4384595590013269E-002
          12          11   2.9593093703618015E-002
          12          12   2.0823866309188492     
          12          13  -3.8744958704256344E-002
          12          14   7.9709101747268668E-002
          12          15  0.53386405834566608     
          12          16   1.3315650125845770E-002
          12          17  -2.7393977080052482E-002
          12          18 -0.13843342228286817     
          12          19  -3.7108419163177945E-003
          12          20   7.6342287040124359E-003
          12          21   3.0821689508396779E-002
          12          22  -2.2473865312842251E-014
          12          23  -1.4710977995574492E-014
          12          24  -3.7649767184924641E-014
          12          25   5.1206845834734464E-014
          12          26  -4.7101660437590939E-014
          12          27   2.4277087633524896E-015
          12          28  -7.6681843234954797E-014
          12          29  -1.3968487196245393E-015
          12          30  -7.2358145748352210E-014
          12          31  -5.4688050567040255E-015
          12          32   8.8026731611360537E-015
          12          33  -7.5061508902264057E-014
          12          34  -4.4953562577557049E-014
          12          35   4.7417041444383560E-016
          12          36  -4.4999362866435176E-014
          12          37   3.6150944077007648E-015
          12          38  -3.8632352379419535E-015
          12          39  -4.7723519909891973E-014
          13           1   2.5526869450026506E-014
          13           2   6.2485988877629098E-014
          13           3   1.8362408872785967E-013
          13           4  -9.9472165608117422E-014
          13           5  -4.3257569847618468E-013
          13           6  -2.9717326653500561E-013
          13           7   4.3062068128440226E-002
          13           8   2.2358666991054428E-003
          13           9  -4.3055188685202844E-004
          13          10  0.45141240946086059     
          13          11  0.20120353799510859     
          13          12  -3.8744958704256344E-002
          13          13   2.7268099625358539     
          13          14  0.54194243571103551     
          13          15 -0.10435968224484896     
          13          16 -0.95069144966335106     
          13          17 -0.18625173709329340     
          13          18   3.5865750345064742E-002
          13          19  0.26727072480604286     
          13          20   5.1905145183363248E-002
          13          21  -9.9951657247531918E-003
          13          22   2.4645750905123578E-014
          13          23   1.4274324172195376E-014
          13          24  -2.2211637031527336E-015
          13          25   1.1161532064351239E-014
          13          26  -1.1419775254524716E-013
          13          27  -1.4893803265035243E-014
          13          28   1.8069539779790753E-013
          13          29  -2.4301904864487715E-015
          13          30   1.7867436020885986E-013
          13          31   5.8628588790074025E-015
          13          32   1.9756671877020033E-014
          13          33   1.8355773419463169E-013
          13          34   1.0821858787760690E-013
          13          35   1.4720667411212150E-015
          13          36   1.0540394343386914E-013
          13          37  -3.3830005836883329E-016
          13          38  -6.0560113985490356E-015
          13          39   1.0165808795153255E-013
          14           1  -7.0499608195182242E-015
          14           2  -4.6034747624803653E-014
          14           3  -1.7282541516516105E-013
          14           4   1.0643330728387024E-013
          14           5   3.9041776135089415E-013
          14           6   1.6011118509866605E-013
          14           7   2.2358666991067772E-003
          14           8   3.9549080530283401E-002
          14           9   8.8576437565177253E-004
          14          10  0.20120353799511256     
          14          11  0.13528196484889393     
          14          12   7.9709101747268668E-002
          14          13  0.54194243571103551     
          14          14   1.8753115005178262     
          14          15  0.21469674529432095     
          14          16 -0.18625173709330453     
          14          17 -0.65805323343829891     
          14          18  -7.3785773403919869E-002
          14          19   5.1905145183367404E-002
          14          20  0.18571750368492063     
          14          21   2.0562821806481526E-002
          14          22   1.8047858644305425E-015
          14          23   3.6643308535894941E-014
          14          24  -3.0325873574210250E-014
          14          25  -7.8945938626616583E-014
          14          26   9.3838602824546821E-014
          14          27   3.1365503633175246E-015
          14          28  -1.3807477933702727E-013
          14          29   9.8477257349770035E-016
          14          30  -1.3470394769529034E-013
          14          31   1.1780994939876940E-014
          14          32  -2.1565921050605802E-014
          14          33  -1.4597718264719889E-013
          14          34  -6.7427868881959040E-014
          14          35  -1.4054050242843840E-015
          14          36  -6.5080087852151786E-014
          14          37  -5.3670091454557610E-015
          14          38   1.0786294204574360E-014
          14          39  -6.0305304209940168E-014
          15           1  -6.6717077936546065E-015
          15           2  -5.3681250872751328E-014
          15           3  -1.2099634588883635E-013
          15           4   3.8349373591066997E-014
          15           5   2.4747733196712141E-013
          15           6   2.3833199125381458E-013
          15           7  -4.3055188684991994E-004
          15           8   8.8576437566015721E-004
          15           9   4.3978308955344603E-002
          15          10  -3.8744958704254658E-002
          15          11   7.9709101747273747E-002
          15          12  0.53386405834566608     
          15          13 -0.10435968224484896     
          15          14  0.21469674529432095     
          15          15   2.9488937681700529     
          15          16   3.5865750345070176E-002
          15          17  -7.3785773403925128E-002
          15          18  -1.0270159665382588     
          15          19  -9.9951657247532803E-003
          15          20   2.0562821806480280E-002
          15          21  0.28854105060954027     
          15          22   1.9163618873925770E-014
          15          23   2.6352825323099115E-014
          15          24   1.4760546492138772E-014
          15          25  -4.4583172305971088E-014
          15          26   2.2119522581318107E-014
          15          27   9.5930667419418506E-015
          15          28  -1.2485489976332506E-013
          15          29  -1.2268139039458479E-014
          15          30  -1.2674859888485652E-013
          15          31   1.1440993001937874E-014
          15          32   1.5943116808263256E-015
          15          33  -1.1061355863491368E-013
          15          34  -7.3088983061389794E-014
          15          35   8.3890377646740410E-015
          15          36  -7.9756998350971099E-014
          15          37   8.0545592693935697E-016
          15          38  -2.8966375707437319E-015
          15          39  -8.4577593747965373E-014
          16           1  -1.6128013460396299E-014
          16           2   2.6269802755937693E-014
          16           3   6.8458973238670531E-014
          16           4  -3.0748998325528286E-014
          16           5  -1.2620053484624174E-013
          16           6  -9.2811930739346521E-014
          16           7  -2.3687496790031903E-002
          16           8  -7.6841012841135032E-004
          16           9   1.4796965793730481E-004
          16          10 -0.11009690198278732     
          16          11  -6.9148503589199870E-002
          16          12   1.3315650125845770E-002
          16          13 -0.95069144966335106     
          16          14 -0.18625173709330453     
          16          15   3.5865750345070176E-002
          16          16  0.33262365151662759     
          16          17   6.4009952504933521E-002
          16          18  -1.2326139943552812E-002
          16          19  -9.3708516515990964E-002
          16          20  -1.7838469212690059E-002
          16          21   3.4350825034185563E-003
          16          22  -5.9472072217563794E-015
          16          23  -3.7714638460476193E-014
          16          24  -7.7294260661239854E-015
          16          25   3.6399902255992249E-014
          16          26   5.0685114062740316E-014
          16          27   2.1941118942709428E-015
          16          28   5.2293266397164180E-014
          16          29   6.2689564910394124E-015
          16          30   5.4756279566487206E-014
          16          31  -8.7328801451054983E-015
          16          32  -8.6490725310855399E-015
          16          33   5.2191374760821426E-014
          16          34   3.2210006232969124E-014
          16          35  -2.4108886084072286E-015
          16          36   3.2387459685815096E-014
          16          37   2.5634113049479858E-015
          16          38   2.7324314955590186E-015
          16          39   3.4158999617963707E-014
          17           1   2.4536001315967289E-015
          17           2   5.7831620173372016E-014
          17           3   1.7380052068984711E-013
          17           4  -9.3004169002345386E-014
          17           5  -3.7186898217537259E-013
          17           6  -2.2165931616013441E-013
          17           7  -7.6841012841294138E-004
          17           8  -2.2480172913120496E-002
          17           9  -3.0441453325149806E-004
          17          10  -6.9148503589207946E-002
          17          11  -1.4509636373246093E-003
          17          12  -2.7393977080052482E-002
          17          13 -0.18625173709329340     
          17          14 -0.65805323343829891     
          17          15  -7.3785773403925128E-002
          17          16   6.4009952504933521E-002
          17          17  0.23205139047880577     
          17          18   2.5358280813020707E-002
          17          19  -1.7838469212690482E-002
          17          20  -6.5680762831349090E-002
          17          21  -7.0669152821966896E-003
          17          22  -1.0982478041293022E-014
          17          23  -2.1840988427715767E-014
          17          24   7.2670773032909410E-015
          17          25   4.0988163552650435E-014
          17          26  -4.0914381843087954E-014
          17          27   3.0070745654571632E-016
          17          28   1.4782865630233853E-013
          17          29   1.2684579189322133E-015
          17          30   1.4546676573993144E-013
          17          31  -6.4171335927592867E-015
          17          32   8.8703520689719840E-015
          17          33   1.4861362026894494E-013
          17          34   8.1982746862075066E-014
          17          35   2.1543390050255697E-017
          17          36   8.1417675987873059E-014
          17          37   2.6744816056488122E-015
          17          38  -4.2702543303823904E-015
          17          39   8.0249555040283993E-014
          18           1   2.8089742852956843E-017
          18           2  -4.4223619170539619E-015
          18           3  -2.9161840017911720E-014
          18           4   2.3092399167379759E-014
          18           5   7.1519887774769586E-014
          18           6   2.9056768171592519E-014
          18           7   1.4796965793807221E-004
          18           8  -3.0441453326165020E-004
          18           9  -2.4002385299146965E-002
          18          10   1.3315650125841860E-002
          18          11  -2.7393977080054338E-002
          18          12 -0.13843342228286817     
          18          13   3.5865750345064742E-002
          18          14  -7.3785773403919869E-002
          18          15  -1.0270159665382588     
          18          16  -1.2326139943552812E-002
          18          17   2.5358280813020707E-002
          18          18  0.35885443344848666     
          18          19   3.4350825034180654E-003
          18          20  -7.0669152821957208E-003
          18          21 -0.10101858280420042     
          18          22  -1.2547068170370711E-014
          18          23  -1.2679961747152337E-014
          18          24  -3.3470063022038413E-015
          18          25   2.1488734346188411E-014
          18          26  -1.0794405751089134E-014
          18          27  -1.1671377823591795E-015
          18          28  -2.2007822757010103E-014
          18          29   4.7984967902280896E-015
          18          30  -2.2549478409251724E-014
          18          31  -4.8995212827009692E-015
          18          32  -3.8752797061166665E-017
          18          33  -2.8204340385030932E-014
          18          34  -1.4497602185386621E-014
          18          35  -3.1279437873323065E-015
          18          36  -1.1662501513765170E-014
          18          37   6.2100194271499529E-017
          18          38   8.1087241394063786E-016
          18          39  -1.0072841539067110E-014
          19           1   9.8870261363610051E-015
          19           2   2.0827433081311000E-015
          19           3   1.4482475907845617E-014
          19           4  -9.5426488367574606E-015
          19           5  -4.4545778695581056E-014
          19           6  -3.1167737092520086E-014
          19           7   7.8140123433479702E-003
          19           8   2.1414264316698070E-004
          19           9  -4.1236590313403041E-005
          19          10   2.2924790273412037E-002
          19          11   1.9270494729461324E-002
          19          12  -3.7108419163177945E-003
          19          13  0.26727072480604286     
          19          14   5.1905145183367404E-002
          19          15  -9.9951657247532803E-003
          19          16  -9.3708516515990964E-002
          19          17  -1.7838469212690482E-002
          19          18   3.4350825034180654E-003
          19          19   2.6433212095737936E-002
          19          20   4.9712735504306611E-003
          19          21  -9.5729821820353823E-004
          19          22   5.0339347081346028E-015
          19          23   1.5863179895845343E-015
          19          24   8.4172077541461801E-015
          19          25   3.1783992707680333E-015
          19          26  -2.3186533939706521E-014
          19          27  -6.1272092738129416E-015
          19          28   1.8731949331904090E-014
          19          29  -2.8676100209936103E-016
          19          30   1.7578789532968062E-014
          19          31   2.6199899755047635E-016
          19          32   3.8961831262109941E-015
          19          33   2.0224630297590191E-014
          19          34   1.1265628818480588E-014
          19          35   1.3236757117050216E-016
          19          36   1.1410936952781272E-014
          19          37   6.9363556789153674E-017
          19          38  -1.2952664875253856E-015
          19          39   1.0189949484546974E-014
          20           1   5.8260325607865423E-016
          20           2  -3.0495734440975411E-014
          20           3  -8.5321541216874829E-014
          20           4   4.3725785891069891E-014
          20           5   1.7857622194439338E-013
          20           6   1.1478047328075522E-013
          20           7   2.1414264316735868E-004
          20           8   7.4775520123288525E-003
          20           9   8.4835077461852359E-005
          20          10   1.9270494729467701E-002
          20          11  -7.3529579581629659E-003
          20          12   7.6342287040124359E-003
          20          13   5.1905145183363248E-002
          20          14  0.18571750368492063     
          20          15   2.0562821806480280E-002
          20          16  -1.7838469212690059E-002
          20          17  -6.5680762831349090E-002
          20          18  -7.0669152821957208E-003
          20          19   4.9712735504306611E-003
          20          20   1.8622360788422335E-002
          20          21   1.9694273430434892E-003
          20          22   1.3052377512919223E-015
          20          23   2.5929926020437831E-014
          20          24  -3.4922993328006610E-015
          20          25  -3.6049979093891947E-014
          20          26   1.3165452137178207E-014
          20          27   6.9351281758898579E-015
          20          28  -7.2101408409393064E-014
          20          29  -3.6304293590685409E-015
          20          30  -7.1487558036471265E-014
          20          31   5.8518322831629992E-015
          20          32  -2.7675584512147569E-015
          20          33  -7.3762491827175430E-014
          20          34  -4.1812538952853966E-014
          20          35   1.1596312908350764E-015
          20          36  -4.1605372195902864E-014
          20          37  -2.2116473962401758E-015
          20          38   1.3029801786405362E-015
          20          39  -4.0810372142963395E-014
          21           1   6.9476514580355602E-015
          21           2   1.7140576415298733E-014
          21           3   4.9240868237211908E-014
          21           4  -2.6683441159888895E-014
