           1           1   2.1925044619428311     
           1           2  -1.1065033364052541     
           1           3  -6.3922109999753951E-002
           1           4  -8.3157172771106902E-002
           1           5   3.3187800270785103E-015
           1           6   6.9093747954591261E-015
           1           7  -8.5419354033241320E-016
           1           8  -4.0978229163840445E-016
           1           9  -1.6214490680716257E-015
           1          10   9.5922337335535007E-016
           1          11   3.0934957261051534E-016
           1          12   1.3156780344536109E-015
           1          13   2.1982304998791127E-015
           1          14  0.29804118527263168     
           1          15   1.2781227029168495E-016
           1          16  0.29804118527263063     
           1          17  -2.7131512503276265E-016
           1          18   3.3163662029849108E-016
           1          19  0.29804118527263385     
           1          20   4.4641793682462461E-002
           1          21   2.8119264419170635E-016
           1          22   4.4641793682460060E-002
           1          23  -1.6311623137080575E-015
           1          24   1.6394232401942840E-016
           1          25   4.4641793682460199E-002
           2           1  -1.1065033364052541     
           2           2   5.7747998285912514     
           2           3   8.4596458336549593E-002
           2           4  0.16781397314592758     
           2           5  -1.4019006685472745E-014
           2           6  -3.7161377983955832E-014
           2           7  -1.2033385210237709E-015
           2           8  -9.1990673601139181E-015
           2           9   7.9757817592085801E-015
           2          10   1.8924166297160303E-016
           2          11   5.4736182446332652E-015
           2          12  -8.8016980442524555E-015
           2          13  -1.3066175032977040E-014
           2          14  -1.1572071976463760     
           2          15   1.0866567988283506E-015
           2          16  -1.1572071976463760     
           2          17  -1.5642212646165461E-015
           2          18  -1.4522370348454794E-014
           2          19  -1.1572071976463862     
           2          20  -8.7235601766449067E-002
           2          21   4.0436108059607885E-015
           2          22  -8.7235601766434287E-002
           2          23   5.6786107733107152E-015
           2          24   1.6942027964255605E-015
           2          25  -8.7235601766444709E-002
           3           1  -6.3922109999753951E-002
           3           2   8.4596458336549593E-002
           3           3   2.3887376277780589E-003
           3           4   3.6870681877331883E-003
           3           5  -3.0359206320136296E-016
           3           6  -3.0212223728432928E-016
           3           7  -9.6132106615242403E-016
           3           8  -6.6956649584413081E-017
           3           9   7.4879499252953579E-017
           3          10   1.5954617339623730E-016
           3          11   4.2678094575621092E-017
           3          12  -1.0632384178497543E-016
           3          13  -2.3999536493050067E-016
           3          14  -1.8790622237452953E-002
           3          15   7.8233903897568953E-018
           3          16  -1.8790622237452925E-002
           3          17  -9.1576742749036648E-018
           3          18  -1.5369432142084898E-016
           3          19  -1.8790622237453109E-002
           3          20  -1.9507273473176193E-003
           3          21   3.3795734094378504E-017
           3          22  -1.9507273473174131E-003
           3          23   9.6271132431965384E-017
           3          24   1.3048552420846470E-017
           3          25  -1.9507273473175209E-003
           4           1  -8.3157172771106902E-002
           4           2  0.16781397314592758     
           4           3   3.6870681877331883E-003
           4           4   6.1900661574405469E-003
           4           5  -2.9591282290310685E-015
           4           6  -2.0644918589298197E-015
           4           7  -4.5064776610405831E-016
           4           8   2.6118020261489236E-016
           4           9   4.1869628238117562E-016
           4          10   6.2544088563562862E-017
           4          11  -2.2165978424480339E-017
           4          12  -3.0333333475982551E-016
           4          13  -3.9742423729300584E-016
           4          14  -3.5593269290499240E-002
           4          15   2.2924432601350965E-017
           4          16  -3.5593269290499205E-002
           4          17  -3.0750260700460915E-017
           4          18  -3.5889695333217576E-016
           4          19  -3.5593269290499545E-002
           4          20  -3.2542221251453830E-003
           4          21   9.0311896704600891E-017
           4          22  -3.2542221251449640E-003
           4          23   1.7900465948406426E-016
           4          24   3.6651220766839512E-017
           4          25  -3.2542221251452195E-003
           5           1   3.3187800270785103E-015
           5           2  -1.4019006685472745E-014
           5           3  -3.0359206320136296E-016
           5           4  -2.9591282290310685E-015
           5           5  0.99067393175227036     
           5           6  0.40360629700784023     
           5           7  0.11389519459451170     
           5           8 -0.18464203585548625     
           5           9  -7.5224234710413812E-002
           5          10  -2.1227812633456897E-002
           5          11   5.7144978062617598E-002
           5          12   2.3281195001923473E-002
           5          13   6.5698088825539430E-003
           5          14   2.7418094163757442E-015
           5          15   2.9319328920650858E-017
           5          16   3.7121164289483048E-015
           5          17  -5.4270063790017051E-016
           5          18   1.8727927324011873E-016
           5          19   3.6483638891003279E-015
           5          20   1.6013126732135029E-015
           5          21  -1.3921656850093699E-016
           5          22   9.7295925620294708E-016
           5          23  -1.8932635164796901E-016
           5          24   5.0022946093852098E-016
           5          25   8.2726981538889883E-016
           6           1   6.9093747954591261E-015
           6           2  -3.7161377983955832E-014
           6           3  -3.0212223728432928E-016
           6           4  -2.0644918589298197E-015
           6           5  0.40360629700784023     
           6           6  0.25059750466393249     
           6           7 -0.25894165239086075     
           6           8  -7.5224234710414006E-002
           6           9  -4.6706420708588131E-002
           6          10   4.8261604886145684E-002
           6          11   2.3281195001924000E-002
           6          12   1.4455199079718404E-002
           6          13  -1.4936513994267549E-002
           6          14   7.3670390728453638E-015
           6          15  -2.1154589715427668E-017
           6          16   8.1248643694535884E-015
           6          17  -1.4975563799102974E-016
           6          18  -4.8456597152880783E-017
           6          19   7.3452767575205501E-015
           6          20   8.5364830454115529E-016
           6          21   3.3918707966179493E-017
           6          22   7.1008586981285756E-016
           6          23   4.5690106467745518E-017
           6          24  -2.1220574486973183E-017
           6          25   8.3043326001225000E-016
           7           1  -8.5419354033241320E-016
           7           2  -1.2033385210237709E-015
           7           3  -9.6132106615242403E-016
           7           4  -4.5064776610405831E-016
           7           5  0.11389519459451170     
           7           6 -0.25894165239086075     
           7           7   1.0951279787629238     
           7           8  -2.1227812633457757E-002
           7           9   4.8261604886144033E-002
           7          10 -0.20411020522507817     
           7          11   6.5698088825541477E-003
           7          12  -1.4936513994265710E-002
           7          13   6.3170193861339388E-002
           7          14   3.0981867599501966E-016
           7          15   1.2066410951187836E-016
           7          16  -8.6326467498635665E-016
           7          17  -3.1521113259278547E-016
           7          18   4.6362172004444000E-016
           7          19   1.7999622612096832E-015
           7          20   1.1085320999730781E-015
           7          21  -3.3719011228516122E-016
           7          22   6.3786935273799437E-016
           7          23  -4.5700893992424263E-016
           7          24   8.5489454568732479E-016
           7          25  -1.5684081098571279E-017
           8           1  -4.0978229163840445E-016
           8           2  -9.1990673601139181E-015
           8           3  -6.6956649584413081E-017
           8           4   2.6118020261489236E-016
           8           5 -0.18464203585548625     
           8           6  -7.5224234710414006E-002
           8           7  -2.1227812633457757E-002
           8           8   3.4413625222333939E-002
           8           9   1.4020310212497797E-002
           8          10   3.9564446138879040E-003
           8          11  -1.0650694189293864E-002
           8          12  -4.3391544932451552E-003
           8          13  -1.2244824945687560E-003
           8          14   1.7768024585194145E-015
           8          15  -5.4645432854510229E-018
           8          16   1.5959564137573810E-015
           8          17   1.0114867004194066E-016
           8          18  -3.4905154134212935E-017
           8          19   1.6078386268359929E-015
           8          20  -1.4898923808148739E-016
           8          21   2.5947216141391908E-017
           8          22  -3.1876583316930177E-017
           8          23   3.5286689079958134E-017
           8          24  -9.3232882285714513E-017
           8          25  -4.7229517411035737E-018
           9           1  -1.6214490680716257E-015
           9           2   7.9757817592085801E-015
           9           3   7.4879499252953579E-017
           9           4   4.1869628238117562E-016
           9           5  -7.5224234710413812E-002
           9           6  -4.6706420708588131E-002
           9           7   4.8261604886144033E-002
           9           8   1.4020310212497797E-002
           9           9   8.7051534624542626E-003
           9          10  -8.9950090481023311E-003
           9          11  -4.3391544932452437E-003
           9          12  -2.6941633379356455E-003
           9          13   2.7838709227034500E-003
           9          14  -1.5885136116744774E-015
           9          15   3.9427973095398720E-018
           9          16  -1.7297572652154876E-015
           9          17   2.7911490343338597E-017
           9          18   9.0313517517401266E-018
           9          19  -1.5844575463257182E-015
           9          20  -1.7682842691693372E-016
           9          21  -6.3217766125980795E-018
           9          22  -1.5007122722589077E-016
           9          23  -8.5157325798762808E-018
           9          24   3.9550955664764832E-018
           9          25  -1.7250160156410255E-016
          10           1   9.5922337335535007E-016
          10           2   1.8924166297160303E-016
          10           3   1.5954617339623730E-016
          10           4   6.2544088563562862E-017
          10           5  -2.1227812633456897E-002
          10           6   4.8261604886145684E-002
          10           7 -0.20411020522507817     
          10           8   3.9564446138879040E-003
          10           9  -8.9950090481023311E-003
          10          10   3.8042107118918200E-002
          10          11  -1.2244824945687443E-003
          10          12   2.7838709227032024E-003
          10          13  -1.1773675299311490E-002
          10          14  -2.0156339295567509E-017
          10          15  -2.2489404556709215E-017
          10          16   1.9848320618057374E-016
          10          17   5.8749123582267997E-017
          10          18  -8.6409923095902431E-017
          10          19  -2.9788964434414800E-016
          10          20  -1.9489287500208634E-016
          10          21   6.2845570885821559E-017
          10          22  -1.0717064363468847E-016
          10          23   8.5177431612151156E-017
          10          24  -1.5933544256914119E-016
          10          25   1.4638796077209605E-017
          11           1   3.0934957261051534E-016
          11           2   5.4736182446332652E-015
          11           3   4.2678094575621092E-017
          11           4  -2.2165978424480339E-017
          11           5   5.7144978062617598E-002
          11           6   2.3281195001924000E-002
          11           7   6.5698088825541477E-003
          11           8  -1.0650694189293864E-002
          11           9  -4.3391544932452437E-003
          11          10  -1.2244824945687443E-003
          11          11   3.2962899427474131E-003
          11          12   1.3429276122197617E-003
          11          13   3.7896584581072310E-004
          11          14  -1.0498198153553951E-015
          11          15   1.6912248866982602E-018
          11          16  -9.9384966092790575E-016
          11          17  -3.1304564552861309E-017
          11          18   1.0802817776725800E-017
          11          19  -9.9752709441463877E-016
          11          20   1.6103245650271893E-017
          11          21  -8.0304199978921555E-018
          11          22  -2.0142022424069456E-017
          11          23  -1.0920899263450358E-017
          11          24   2.8854702496357904E-017
          11          25  -2.8545816682146439E-017
          12           1   1.3156780344536109E-015
          12           2  -8.8016980442524555E-015
          12           3  -1.0632384178497543E-016
          12           4  -3.0333333475982551E-016
          12           5   2.3281195001923473E-002
          12           6   1.4455199079718404E-002
          12           7  -1.4936513994265710E-002
          12           8  -4.3391544932451552E-003
          12           9  -2.6941633379356455E-003
          12          10   2.7838709227032024E-003
          12          11   1.3429276122197617E-003
          12          12   8.3381828049130450E-004
          12          13  -8.6158193647487957E-004
          12          14   1.7453492041064559E-015
          12          15  -1.2202587818927426E-018
          12          16   1.7890627899412758E-015
          12          17  -8.6383444375206389E-018
          12          18  -2.7951186485497123E-018
          12          19   1.7440938899289493E-015
          12          20   1.4476319849157326E-016
          12          21   1.9565305601673011E-018
          12          22   1.3648209618309613E-016
          12          23   2.6355393516339117E-018
          12          24  -1.2240649770508707E-018
          12          25   1.4342408663265269E-016
          13           1   2.1982304998791127E-015
          13           2  -1.3066175032977040E-014
          13           3  -2.3999536493050067E-016
          13           4  -3.9742423729300584E-016
          13           5   6.5698088825539430E-003
          13           6  -1.4936513994267549E-002
          13           7   6.3170193861339388E-002
          13           8  -1.2244824945687560E-003
          13           9   2.7838709227034500E-003
          13          10  -1.1773675299311490E-002
          13          11   3.7896584581072310E-004
          13          12  -8.6158193647487957E-004
          13          13   3.6438420621733273E-003
          13          14   2.6129264251022217E-015
          13          15   6.9602597484349607E-018
          13          16   2.5452595367256565E-015
          13          17  -1.8182302652542426E-017
          13          18   2.6743060629913021E-017
          13          19   2.6988822777374544E-015
          13          20   2.5685220164218217E-016
          13          21  -1.9450114666280173E-017
          13          22   2.2970299391234878E-016
          13          23  -2.6361616077058702E-017
          13          24   4.9312824828993349E-017
          13          25   1.9200411495501426E-016
          14           1  0.29804118527263168     
          14           2  -1.1572071976463760     
          14           3  -1.8790622237452953E-002
          14           4  -3.5593269290499240E-002
          14           5   2.7418094163757442E-015
          14           6   7.3670390728453638E-015
          14           7   3.0981867599501966E-016
          14           8   1.7768024585194145E-015
          14           9  -1.5885136116744774E-015
          14          10  -2.0156339295567509E-017
          14          11  -1.0498198153553951E-015
          14          12   1.7453492041064559E-015
          14          13   2.6129264251022217E-015
          14          14  0.23483204766702509     
          14          15  -2.0480687677555002E-016
          14          16  0.23483204766702501     
          14          17   2.9145053238195701E-016
          14          18   2.8156870191470161E-015
          14          19  0.23483204766702714     
          14          20   1.8557106318706339E-002
          14          21  -7.6960771163789032E-016
          14          22   1.8557106318703390E-002
          14          23  -1.1588576675064346E-015
          14          24  -3.2067495166542040E-016
          14          25   1.8557106318705410E-002
          15           1   1.2781227029168495E-016
          15           2   1.0866567988283506E-015
          15           3   7.8233903897568953E-018
          15           4   2.2924432601350965E-017
          15           5   2.9319328920650858E-017
          15           6  -2.1154589715427668E-017
          15           7   1.2066410951187836E-016
          15           8  -5.4645432854510229E-018
          15           9   3.9427973095398720E-018
          15          10  -2.2489404556709215E-017
          15          11   1.6912248866982602E-018
          15          12  -1.2202587818927426E-018
          15          13   6.9602597484349607E-018
          15          14  -2.0480687677555002E-016
          15          15   2.7507376173288473E-031
          15          16  -2.0480687677555029E-016
          15          17  -4.3469623191564611E-031
          15          18  -3.0950935034078357E-030
          15          19  -2.0480687677555180E-016
          15          20  -1.1677053972924585E-017
          15          21   9.0112505874149409E-031
          15          22  -1.1677053972921790E-017
          15          23   9.2362795041283239E-031
          15          24   5.0293757976439908E-031
          15          25  -1.1677053972924145E-017
          16           1  0.29804118527263063     
          16           2  -1.1572071976463760     
          16           3  -1.8790622237452925E-002
          16           4  -3.5593269290499205E-002
          16           5   3.7121164289483048E-015
          16           6   8.1248643694535884E-015
          16           7  -8.6326467498635665E-016
          16           8   1.5959564137573810E-015
          16           9  -1.7297572652154876E-015
          16          10   1.9848320618057374E-016
          16          11  -9.9384966092790575E-016
          16          12   1.7890627899412758E-015
          16          13   2.5452595367256565E-015
          16          14  0.23483204766702501     
          16          15  -2.0480687677555029E-016
          16          16  0.23483204766702495     
          16          17   2.9145053238195706E-016
          16          18   2.8156870191470169E-015
          16          19  0.23483204766702709     
          16          20   1.8557106318706322E-002
          16          21  -7.6960771163789051E-016
          16          22   1.8557106318703373E-002
          16          23  -1.1588576675064336E-015
          16          24  -3.2067495166542109E-016
          16          25   1.8557106318705392E-002
          17           1  -2.7131512503276265E-016
          17           2  -1.5642212646165461E-015
          17           3  -9.1576742749036648E-018
          17           4  -3.0750260700460915E-017
          17           5  -5.4270063790017051E-016
          17           6  -1.4975563799102974E-016
          17           7  -3.1521113259278547E-016
          17           8   1.0114867004194066E-016
          17           9   2.7911490343338597E-017
          17          10   5.8749123582267997E-017
          17          11  -3.1304564552861309E-017
          17          12  -8.6383444375206389E-018
          17          13  -1.8182302652542426E-017
          17          14   2.9145053238195701E-016
          17          15  -4.3469623191564611E-031
          17          16   2.9145053238195706E-016
          17          17   9.4471488966986376E-031
          17          18   4.4344797683958050E-030
          17          19   2.9145053238195893E-016
          17          20   1.5577433610287219E-017
          17          21  -1.2484563050878287E-030
          17          22   1.5577433610283522E-017
          17          23  -1.1761679200081209E-030
          17          24  -1.0601175875559300E-030
          17          25   1.5577433610287118E-017
          18           1   3.3163662029849108E-016
          18           2  -1.4522370348454794E-014
          18           3  -1.5369432142084898E-016
          18           4  -3.5889695333217576E-016
          18           5   1.8727927324011873E-016
          18           6  -4.8456597152880783E-017
          18           7   4.6362172004444000E-016
          18           8  -3.4905154134212935E-017
          18           9   9.0313517517401266E-018
          18          10  -8.6409923095902431E-017
          18          11   1.0802817776725800E-017
          18          12  -2.7951186485497123E-018
          18          13   2.6743060629913021E-017
          18          14   2.8156870191470161E-015
          18          15  -3.0950935034078357E-030
          18          16   2.8156870191470169E-015
          18          17   4.4344797683958050E-030
          18          18   3.9769887131400197E-029
          18          19   2.8156870191470421E-015
          18          20   1.8481761875295638E-016
          18          21  -1.1633198232841401E-029
          18          22   1.8481761875291834E-016
          18          23  -1.3821987419905433E-029
          18          24  -4.4448301486153226E-030
          18          25   1.8481761875294659E-016
          19           1  0.29804118527263385     
          19           2  -1.1572071976463862     
          19           3  -1.8790622237453109E-002
          19           4  -3.5593269290499545E-002
          19           5   3.6483638891003279E-015
          19           6   7.3452767575205501E-015
          19           7   1.7999622612096832E-015
          19           8   1.6078386268359929E-015
          19           9  -1.5844575463257182E-015
          19          10  -2.9788964434414800E-016
          19          11  -9.9752709441463877E-016
          19          12   1.7440938899289493E-015
          19          13   2.6988822777374544E-015
          19          14  0.23483204766702714     
          19          15  -2.0480687677555180E-016
          19          16  0.23483204766702709     
          19          17   2.9145053238195893E-016
          19          18   2.8156870191470421E-015
          19          19  0.23483204766702923     
          19          20   1.8557106318706496E-002
          19          21  -7.6960771163789801E-016
          19          22   1.8557106318703546E-002
          19          23  -1.1588576675064455E-015
          19          24  -3.2067495166542188E-016
          19          25   1.8557106318705566E-002
          20           1   4.4641793682462461E-002
          20           2  -8.7235601766449067E-002
          20           3  -1.9507273473176193E-003
          20           4  -3.2542221251453830E-003
          20           5   1.6013126732135029E-015
          20           6   8.5364830454115529E-016
          20           7   1.1085320999730781E-015
          20           8  -1.4898923808148739E-016
          20           9  -1.7682842691693372E-016
          20          10  -1.9489287500208634E-016
          20          11   1.6103245650271893E-017
          20          12   1.4476319849157326E-016
          20          13   2.5685220164218217E-016
          20          14   1.8557106318706339E-002
          20          15  -1.1677053972924585E-017
          20          16   1.8557106318706322E-002
          20          17   1.5577433610287219E-017
          20          18   1.8481761875295638E-016
          20          19   1.8557106318706496E-002
          20          20   1.7115945074318252E-003
          20          21  -4.6193483300452988E-017
          20          22   1.7115945074316079E-003
          20          23  -9.3440598598715718E-017
          20          24  -1.8703829287039570E-017
          20          25   1.7115945074317393E-003
          21           1   2.8119264419170635E-016
          21           2   4.0436108059607885E-015
          21           3   3.3795734094378504E-017
          21           4   9.0311896704600891E-017
          21           5  -1.3921656850093699E-016
          21           6   3.3918707966179493E-017
          21           7  -3.3719011228516122E-016
          21           8   2.5947216141391908E-017
          21           9  -6.3217766125980795E-018
          21          10   6.2845570885821559E-017
          21          11  -8.0304199978921555E-018
          21          12   1.9565305601673011E-018
          21          13  -1.9450114666280173E-017
          21          14  -7.6960771163789032E-016
          21          15   9.0112505874149409E-031
          21          16  -7.6960771163789051E-016
          21          17  -1.2484563050878287E-030
          21          18  -1.1633198232841401E-029
          21          19  -7.6960771163789801E-016
          21          20  -4.6193483300452988E-017
          21          21   3.5093505716553503E-030
          21          22  -4.6193483300442178E-017
          21          23   3.8424858864130495E-030
          21          24   1.1398229403890052E-030
          21          25  -4.6193483300450264E-017
          22           1   4.4641793682460060E-002
          22           2  -8.7235601766434287E-002
          22           3  -1.9507273473174131E-003
          22           4  -3.2542221251449640E-003
          22           5   9.7295925620294708E-016
          22           6   7.1008586981285756E-016
          22           7   6.3786935273799437E-016
          22           8  -3.1876583316930177E-017
          22           9  -1.5007122722589077E-016
          22          10  -1.0717064363468847E-016
          22          11  -2.0142022424069456E-017
          22          12   1.3648209618309613E-016
          22          13   2.2970299391234878E-016
          22          14   1.8557106318703390E-002
          22          15  -1.1677053972921790E-017
          22          16   1.8557106318703373E-002
          22          17   1.5577433610283522E-017
          22          18   1.8481761875291834E-016
          22          19   1.8557106318703546E-002
          22          20   1.7115945074316079E-003
          22          21  -4.6193483300442178E-017
          22          22   1.7115945074313906E-003
          22          23  -9.3440598598701001E-017
          22          24  -1.8703829287035730E-017
          22          25   1.7115945074315220E-003
          23           1  -1.6311623137080575E-015
          23           2   5.6786107733107152E-015
          23           3   9.6271132431965384E-017
          23           4   1.7900465948406426E-016
          23           5  -1.8932635164796901E-016
          23           6   4.5690106467745518E-017
          23           7  -4.5700893992424263E-016
          23           8   3.5286689079958134E-017
          23           9  -8.5157325798762808E-018
          23          10   8.5177431612151156E-017
          23          11  -1.0920899263450358E-017
          23          12   2.6355393516339117E-018
          23          13  -2.6361616077058702E-017
          23          14  -1.1588576675064346E-015
          23          15   9.2362795041283239E-031
          23          16  -1.1588576675064336E-015
          23          17  -1.1761679200081209E-030
          23          18  -1.3821987419905433E-029
          23          19  -1.1588576675064455E-015
          23          20  -9.3440598598715718E-017
          23          21   3.8424858864130495E-030
          23          22  -9.3440598598701001E-017
          23          23   5.9442060067515205E-030
          23          24   1.1156661557488469E-030
          23          25  -9.3440598598710480E-017
          24           1   1.6394232401942840E-016
          24           2   1.6942027964255605E-015
          24           3   1.3048552420846470E-017
          24           4   3.6651220766839512E-017
          24           5   5.0022946093852098E-016
          24           6  -2.1220574486973183E-017
          24           7   8.5489454568732479E-016
          24           8  -9.3232882285714513E-017
          24           9   3.9550955664764832E-018
          24          10  -1.5933544256914119E-016
          24          11   2.8854702496357904E-017
          24          12  -1.2240649770508707E-018
          24          13   4.9312824828993349E-017
          24          14  -3.2067495166542040E-016
          24          15   5.0293757976439908E-031
          24          16  -3.2067495166542109E-016
          24          17  -1.0601175875559300E-030
          24          18  -4.4448301486153226E-030
          24          19  -3.2067495166542188E-016
          24          20  -1.8703829287039570E-017
          24          21   1.1398229403890052E-030
          24          22  -1.8703829287035730E-017
          24          23   1.1156661557488469E-030
          24          24   1.4577700816377400E-030
          24          25  -1.8703829287039792E-017
          25           1   4.4641793682460199E-002
          25           2  -8.7235601766444709E-002
          25           3  -1.9507273473175209E-003
          25           4  -3.2542221251452195E-003
          25           5   8.2726981538889883E-016
          25           6   8.3043326001225000E-016
          25           7  -1.5684081098571279E-017
          25           8  -4.7229517411035737E-018
          25           9  -1.7250160156410255E-016
          25          10   1.4638796077209605E-017
          25          11  -2.8545816682146439E-017
          25          12   1.4342408663265269E-016
          25          13   1.9200411495501426E-016
          25          14   1.8557106318705410E-002
          25          15  -1.1677053972924145E-017
          25          16   1.8557106318705392E-002
          25          17   1.5577433610287118E-017
          25          18   1.8481761875294659E-016
          25          19   1.8557106318705566E-002
          25          20   1.7115945074317393E-003
          25          21  -4.6193483300450264E-017
          25          22   1.7115945074315220E-003
          25          23  -9.3440598598710480E-017
          25          24  -1.8703829287039792E-017
          25          25   1.7115945074316530E-003
