           1           1   2.0825571956508417     
           1           2 -0.16139999630592267     
           1           3 -0.26550636274454520     
           1           4  -4.3303153346535443E-002
           1           5  -4.3699025324657082E-010
           1           6   1.3060086936053556E-010
           1           7   5.1603887962060967E-010
           1           8  -2.5237215513741539E-010
           1           9   9.1592214639330677E-011
           1          10   3.0854788628658129E-010
           1          11  -1.6698511872628337E-011
           1          12   1.1260513421622379E-011
           1          13   2.5086789759928714E-011
           1          14   3.9242977937151017E-003
           1          15   3.5679291129990715E-005
           1          16   3.4834995873906207E-003
           1          17  -2.1521270618999682E-006
           1          18   3.0851769723345100E-005
           1          19   3.9248416196151822E-003
           1          20   1.5621145567450444E-002
           1          21  -8.7704288755412565E-005
           1          22   1.6704683980703572E-002
           1          23   5.2901957342995521E-006
           1          24  -7.5837591248562139E-005
           1          25   1.5619808767276814E-002
           2           1 -0.16139999630592267     
           2           2  0.42643362225541892     
           2           3  0.52614672713459409     
           2           4   5.8663736110368632E-002
           2           5   1.7588065040726219E-010
           2           6  -2.3224972206709219E-010
           2           7  -1.1934218202460009E-009
           2           8   1.4925567500701666E-010
           2           9  -2.2383845676713347E-010
           2          10  -8.6798884331883269E-010
           2          11   1.9008309130708244E-011
           2          12  -1.9449105235325784E-011
           2          13  -3.3736718716396129E-011
           2          14   8.0094835343802965E-003
           2          15   2.6979776758311340E-004
           2          16   4.6762804169652016E-003
           2          17  -1.6273890620177283E-005
           2          18   2.3329314318505938E-004
           2          19   8.0135956972587907E-003
           2          20  -1.4296325934889649E-002
           2          21   3.0126170176484625E-004
           2          22  -1.8018249102671219E-002
           2          23  -1.8171689494624026E-005
           2          24   2.6049993765840369E-004
           2          25  -1.4291734095358265E-002
           3           1 -0.26550636274454520     
           3           2  0.52614672713459409     
           3           3  0.65817027603474942     
           3           4   7.3350361443811435E-002
           3           5   6.5665936514971788E-010
           3           6  -4.8112219085139304E-010
           3           7  -1.9445098524871215E-009
           3           8   4.5464437176400833E-010
           3           9  -3.7720430141884174E-010
           3          10  -1.3583888884916427E-009
           3          11   2.3762313801586347E-011
           3          12  -1.6294262945086576E-011
           3          13  -4.0240993858672341E-011
           3          14   8.2901558371609677E-003
           3          15  -9.6336733894017423E-006
           3          16   8.4091749973556895E-003
           3          17   5.8106732933812264E-007
           3          18  -8.3302435046803645E-006
           3          19   8.2900089562463197E-003
           3          20  -1.8112633077281740E-002
           3          21   1.1534735308480881E-004
           3          22  -1.9537686442309958E-002
           3          23  -6.9575622116624733E-006
           3          24   9.9740455224448920E-005
           3          25  -1.8110874901417336E-002
           4           1  -4.3303153346535443E-002
           4           2   5.8663736110368632E-002
           4           3   7.3350361443811435E-002
           4           4   8.3018074587212463E-003
           4           5   2.7937920146688173E-009
           4           6   2.8179670235863084E-010
           4           7   1.9752984280704563E-009
           4           8   1.8537143807409765E-009
           4           9   1.7833542465820811E-010
           4          10   1.2992760227964788E-009
           4          11   6.7260674611420109E-012
           4          12  -1.9315638427185549E-012
           4          13  -1.5463059360472303E-012
           4          14   9.7486168513483129E-004
           4          15   2.2045402036135987E-005
           4          16   7.0250287936828438E-004
           4          17  -1.3297543201807169E-006
           4          18   1.9062576713468215E-005
           4          19   9.7519769135279285E-004
           4          20  -2.0788599059577547E-003
           4          21   3.0899722827640357E-005
           4          22  -2.4606090438707923E-003
           4          23  -1.8638272894179896E-006
           4          24   2.6718882165267617E-005
           4          25  -2.0783889294750035E-003
           5           1  -4.3699025324657082E-010
           5           2   1.7588065040726219E-010
           5           3   6.5665936514971788E-010
           5           4   2.7937920146688173E-009
           5           5  0.47482204839699144     
           5           6   3.3002156398537069E-002
           5           7  -1.9906494630878855E-003
           5           8  0.31450237581927754     
           5           9   2.1859256067796984E-002
           5          10  -1.3185237170821877E-003
           5          11   6.9309183519729593E-004
           5          12   4.8171610817919129E-005
           5          13  -2.9043792492424243E-006
           5          14  -4.4262294576219718E-011
           5          15   1.9382657438345955E-010
           5          16   2.7543365311073452E-010
           5          17   2.3676148656306800E-010
           5          18   2.0788542989548793E-010
           5          19  -9.2185861103458011E-012
           5          20  -8.7752823535499310E-010
           5          21  -3.0719275864877676E-011
           5          22  -3.2493930723733286E-010
           5          23  -1.9025036357498100E-010
           5          24   1.7463494597971444E-009
           5          25  -1.0696970177862086E-009
           6           1   1.3060086936053556E-010
           6           2  -2.3224972206709219E-010
           6           3  -4.8112219085139304E-010
           6           4   2.8179670235863084E-010
           6           5   3.3002156398537069E-002
           6           6   4.0234434215193765E-003
           6           7   2.8536848732669883E-002
           6           8   2.1859255784099953E-002
           6           9   2.6649616196017479E-003
           6          10   1.8901621679713994E-002
           6          11   4.8172829235842751E-005
           6          12   5.8729466353587761E-006
           6          13   4.1654961308315351E-005
           6          14   2.5487545366903501E-011
           6          15   1.5644429993899338E-011
           6          16  -4.8294349222381154E-011
           6          17  -6.0237811043534199E-012
           6          18   3.0674130665389935E-011
           6          19   4.4545718290777716E-011
           6          20  -9.7539487627099207E-011
           6          21   1.2692437350715557E-011
           6          22  -1.1577295742860014E-010
           6          23  -2.1000463256718028E-011
           6          24   8.6837339415640760E-011
           6          25  -8.0763671726109294E-011
           7           1   5.1603887962060967E-010
           7           2  -1.1934218202460009E-009
           7           3  -1.9445098524871215E-009
           7           4   1.9752984280704563E-009
           7           5  -1.9906494630878855E-003
           7           6   2.8536848732669883E-002
           7           7  0.47540287700674244     
           7           8  -1.3185229424492327E-003
           7           9   1.8901622021861700E-002
           7          10  0.31488709286032351     
           7          11  -2.9058550478950098E-006
           7          12   4.1655908812364218E-005
           7          13   6.9393940441197968E-004
           7          14  -1.3500485672711785E-010
           7          15  -1.2421150231916017E-010
           7          16   2.4160289938166467E-010
           7          17  -3.6405864976767585E-010
           7          18   1.3027092445695582E-010
           7          19   1.3799579402256632E-010
           7          20  -7.6949950075519525E-010
           7          21   1.2565628533261439E-010
           7          22  -2.2469198730591878E-010
           7          23  -1.2088237820001772E-010
           7          24  -6.8398554532333160E-010
           7          25  -2.7097517008580300E-010
           8           1  -2.5237215513741539E-010
           8           2   1.4925567500701666E-010
           8           3   4.5464437176400833E-010
           8           4   1.8537143807409765E-009
           8           5  0.31450237581927754     
           8           6   2.1859255784099953E-002
           8           7  -1.3185229424492327E-003
           8           8  0.20831329280074107     
           8           9   1.4478662056679864E-002
           8          10  -8.7333496096278517E-004
           8          11   4.5907520420838542E-004
           8          12   3.1906871468791501E-005
           8          13  -1.9237393343639739E-006
           8          14  -2.4629237543920479E-011
           8          15   1.2936078710246878E-010
           8          16   1.7503985031755779E-010
           8          17   1.5676196147062906E-010
           8          18   1.3854044458000849E-010
           8          19  -1.4028339555208581E-012
           8          20  -5.8169608621894400E-010
           8          21  -1.9599220293877688E-011
           8          22  -2.2492467808645287E-010
           8          23  -1.2605904337239800E-010
           8          24   1.1573559963845683E-009
           8          25  -7.0896929428959800E-010
           9           1   9.1592214639330677E-011
           9           2  -2.2383845676713347E-010
           9           3  -3.7720430141884174E-010
           9           4   1.7833542465820811E-010
           9           5   2.1859256067796984E-002
           9           6   2.6649616196017479E-003
           9           7   1.8901622021861700E-002
           9           8   1.4478662056679864E-002
           9           9   1.7651597623978589E-003
           9          10   1.2519648260291796E-002
           9          11   3.1907678912255005E-005
           9          12   3.8899956424119046E-006
           9          13   2.7590514333268536E-005
           9          14   9.9574457832698417E-012
           9          15   8.9613506593034586E-012
           9          16  -2.1605642363663408E-011
           9          17  -3.9054034516490567E-012
           9          18   1.9105942003021108E-011
           9          19   2.2559435324652423E-011
           9          20  -6.2921903579161745E-011
           9          21   7.3290229977929096E-012
           9          22  -6.1681888556537835E-011
           9          23  -1.3844814864498410E-011
           9          24   5.6585369165124596E-011
           9          25  -5.1826730132700575E-011
          10           1   3.0854788628658129E-010
          10           2  -8.6798884331883269E-010
          10           3  -1.3583888884916427E-009
          10           4   1.2992760227964788E-009
          10           5  -1.3185237170821877E-003
          10           6   1.8901621679713994E-002
          10           7  0.31488709286032351     
          10           8  -8.7333496096278517E-004
          10           9   1.2519648260291796E-002
          10          10  0.20856811358468019     
          10          11  -1.9247179727311787E-006
          10          12   2.7591141421113498E-005
          10          13   4.5963659928253476E-004
          10          14  -9.5827320598692025E-011
          10          15  -8.3483033118804286E-011
          10          16   1.6857705707021388E-010
          10          17  -2.4106429201411316E-010
          10          18   8.5239326922707830E-011
          10          19   8.4978505662190324E-011
          10          20  -5.0787556451987346E-010
          10          21   8.2295512650189226E-011
          10          22  -1.3547886121049864E-010
          10          23  -8.0011122719156826E-011
          10          24  -4.5385119126324016E-010
          10          25  -1.7768801794726629E-010
          11           1  -1.6698511872628337E-011
          11           2   1.9008309130708244E-011
          11           3   2.3762313801586347E-011
          11           4   6.7260674611420109E-012
          11           5   6.9309183519729593E-004
          11           6   4.8172829235842751E-005
          11           7  -2.9058550478950098E-006
          11           8   4.5907520420838542E-004
          11           9   3.1907678912255005E-005
          11          10  -1.9247179727311787E-006
          11          11   1.0116975267659377E-006
          11          12   7.0315489506354011E-008
          11          13  -4.2396742531856121E-009
          11          14   3.8504680356568995E-013
          11          15   3.2550975572790576E-013
          11          16   3.2560732573026501E-013
          11          17   3.4302930951295333E-013
          11          18   3.4026952586511303E-013
          11          19   4.3684864155485302E-013
          11          20  -1.9420162734676706E-012
          11          21  -7.9207599289910908E-015
          11          22  -1.5915333558720723E-012
          11          23  -2.7993301046368169E-013
          11          24   2.5810491952233540E-012
          11          25  -2.2219600600954700E-012
          12           1   1.1260513421622379E-011
          12           2  -1.9449105235325784E-011
          12           3  -1.6294262945086576E-011
          12           4  -1.9315638427185549E-012
          12           5   4.8171610817919129E-005
          12           6   5.8729466353587761E-006
          12           7   4.1655908812364218E-005
          12           8   3.1906871468791501E-005
          12           9   3.8899956424119046E-006
          12          10   2.7591141421113498E-005
          12          11   7.0315489506354011E-008
          12          12   8.5726325908635986E-009
          12          13   6.0804726054430608E-008
          12          14  -1.9667066573217838E-012
          12          15  -3.9432238850756763E-013
          12          16   3.0793481940306608E-012
          12          17   1.6368207475785373E-014
          12          18  -3.1594031124828034E-013
          12          19  -1.9452454100850262E-012
          12          20   3.5175601502422517E-013
          12          21  -3.0259489333851412E-013
          12          22   4.2924296982304401E-012
          12          23  -1.1284198667771094E-014
          12          24  -1.5092384614546813E-013
          12          25   3.7135053293176273E-013
          13           1   2.5086789759928714E-011
          13           2  -3.3736718716396129E-011
          13           3  -4.0240993858672341E-011
          13           4  -1.5463059360472303E-012
          13           5  -2.9043792492424243E-006
          13           6   4.1654961308315351E-005
          13           7   6.9393940441197968E-004
          13           8  -1.9237393343639739E-006
          13           9   2.7590514333268536E-005
          13          10   4.5963659928253476E-004
          13          11  -4.2396742531856121E-009
          13          12   6.0804726054430608E-008
          13          13   1.0129343348307899E-006
          13          14  -1.2624426008272312E-012
          13          15  -3.2442155661037669E-013
          13          16   1.0553603285142981E-012
          13          17  -5.2277866197331310E-013
          13          18   6.6406766549446700E-014
          13          19  -8.6612827744154109E-013
          13          20  -3.9498055874480396E-014
          13          21   6.7051200027313319E-014
          13          22   2.1934093804983149E-012
          13          23  -1.6943183630642035E-013
          13          24  -1.0990224956227065E-012
          13          25   6.8641723513520638E-013
          14           1   3.9242977937151017E-003
          14           2   8.0094835343802965E-003
          14           3   8.2901558371609677E-003
          14           4   9.7486168513483129E-004
          14           5  -4.4262294576219718E-011
          14           6   2.5487545366903501E-011
          14           7  -1.3500485672711785E-010
          14           8  -2.4629237543920479E-011
          14           9   9.9574457832698417E-012
          14          10  -9.5827320598692025E-011
          14          11   3.8504680356568995E-013
          14          12  -1.9667066573217838E-012
          14          13  -1.2624426008272312E-012
          14          14   4.5804078513960144E-004
          14          15   7.4107287648878878E-005
          14          16  -4.5751410361843264E-004
          14          17  -4.4700612343470018E-006
          14          18   6.4080309006631084E-005
          14          19   4.5917031207905109E-004
          14          20  -2.0529233032348342E-004
          14          21   5.7973799420788398E-005
          14          22  -9.2152682892821642E-004
          14          23  -3.4969057181323736E-006
          14          24   5.0129740502784492E-005
          14          25  -2.0440870182513636E-004
          15           1   3.5679291129990715E-005
          15           2   2.6979776758311340E-004
          15           3  -9.6336733894017423E-006
          15           4   2.2045402036135987E-005
          15           5   1.9382657438345955E-010
          15           6   1.5644429993899338E-011
          15           7  -1.2421150231916017E-010
          15           8   1.2936078710246878E-010
          15           9   8.9613506593034586E-012
          15          10  -8.3483033118804286E-011
          15          11   3.2550975572790576E-013
          15          12  -3.9432238850756763E-013
          15          13  -3.2442155661037669E-013
          15          14   7.4107287648878878E-005
          15          15   1.7022299531481460E-005
          15          16  -1.3619388702286583E-004
          15          17  -1.0267642797330632E-006
          15          18   1.4719122200630538E-005
          15          19   7.4366737926041140E-005
          15          20  -1.4578093147518556E-006
          15          21   1.2957865018891736E-005
          15          22  -1.6154512521622243E-004
          15          23  -7.8160203510516288E-007
          15          24   1.1204620303598419E-005
          15          25  -1.2603075568254238E-006
          16           1   3.4834995873906207E-003
          16           2   4.6762804169652016E-003
          16           3   8.4091749973556895E-003
          16           4   7.0250287936828438E-004
          16           5   2.7543365311073452E-010
          16           6  -4.8294349222381154E-011
          16           7   2.4160289938166467E-010
          16           8   1.7503985031755779E-010
          16           9  -2.1605642363663408E-011
          16          10   1.6857705707021388E-010
          16          11   3.2560732573026501E-013
          16          12   3.0793481940306608E-012
          16          13   1.0553603285142981E-012
          16          14  -4.5751410361843264E-004
          16          15  -1.3619388702286583E-004
          16          16   1.2250866790427949E-003
          16          17   8.2150483032653776E-006
          16          18  -1.1776637294164307E-004
          16          19  -4.5958994255538719E-004
          16          20  -1.8728190691343056E-004
          16          21  -1.0211351594918687E-004
          16          22   1.0742745801177900E-003
          16          23   6.1593587440503096E-006
          16          24  -8.8297198003497792E-005
          16          25  -1.8883830431141963E-004
          17           1  -2.1521270618999682E-006
          17           2  -1.6273890620177283E-005
          17           3   5.8106732933812264E-007
          17           4  -1.3297543201807169E-006
          17           5   2.3676148656306800E-010
          17           6  -6.0237811043534199E-012
          17           7  -3.6405864976767585E-010
          17           8   1.5676196147062906E-010
          17           9  -3.9054034516490567E-012
          17          10  -2.4106429201411316E-010
          17          11   3.4302930951295333E-013
          17          12   1.6368207475785373E-014
          17          13  -5.2277866197331310E-013
          17          14  -4.4700612343470018E-006
          17          15  -1.0267642797330632E-006
          17          16   8.2150483032653776E-006
          17          17   6.1933165034086822E-008
          17          18  -8.8783944123916084E-007
          17          19  -4.4857109576095799E-006
          17          20   8.7933913310918399E-008
          17          21  -7.8160256702366224E-007
          17          22   9.7442049791133239E-006
          17          23   4.7145278650324467E-008
          17          24  -6.7584899048030389E-007
          17          25   7.6020848869494588E-008
          18           1   3.0851769723345100E-005
          18           2   2.3329314318505938E-004
          18           3  -8.3302435046803645E-006
          18           4   1.9062576713468215E-005
          18           5   2.0788542989548793E-010
          18           6   3.0674130665389935E-011
          18           7   1.3027092445695582E-010
          18           8   1.3854044458000849E-010
          18           9   1.9105942003021108E-011
          18          10   8.5239326922707830E-011
          18          11   3.4026952586511303E-013
          18          12  -3.1594031124828034E-013
          18          13   6.6406766549446700E-014
          18          14   6.4080309006631084E-005
          18          15   1.4719122200630538E-005
          18          16  -1.1776637294164307E-004
          18          17  -8.8783944123916084E-007
          18          18   1.2727572908490676E-005
          18          19   6.4304654743673164E-005
          18          20  -1.2605614663645562E-006
          18          21   1.1204620045206146E-005
          18          22  -1.3968749723994512E-004
          18          23  -6.7584851494796874E-007
          18          24   9.6885955417489767E-006
          18          25  -1.0897823949201078E-006
          19           1   3.9248416196151822E-003
          19           2   8.0135956972587907E-003
          19           3   8.2900089562463197E-003
          19           4   9.7519769135279285E-004
          19           5  -9.2185861103458011E-012
          19           6   4.4545718290777716E-011
          19           7   1.3799579402256632E-010
          19           8  -1.4028339555208581E-012
          19           9   2.2559435324652423E-011
          19          10   8.4978505662190324E-011
          19          11   4.3684864155485302E-013
          19          12  -1.9452454100850262E-012
          19          13  -8.6612827744154109E-013
          19          14   4.5917031207905109E-004
          19          15   7.4366737926041140E-005
          19          16  -4.5958994255538719E-004
          19          17  -4.4857109576095799E-006
          19          18   6.4304654743673164E-005
          19          19   4.6030379350456762E-004
          19          20  -2.0531454870107587E-004
          19          21   5.8171300441765348E-005
          19          22  -9.2398906410563568E-004
          19          23  -3.5088187300141109E-006
          19          24   5.0300518940929131E-005
          19          25  -2.0442790992296597E-004
          20           1   1.5621145567450444E-002
          20           2  -1.4296325934889649E-002
          20           3  -1.8112633077281740E-002
          20           4  -2.0788599059577547E-003
          20           5  -8.7752823535499310E-010
          20           6  -9.7539487627099207E-011
          20           7  -7.6949950075519525E-010
          20           8  -5.8169608621894400E-010
          20           9  -6.2921903579161745E-011
          20          10  -5.0787556451987346E-010
          20          11  -1.9420162734676706E-012
          20          12   3.5175601502422517E-013
          20          13  -3.9498055874480396E-014
          20          14  -2.0529233032348342E-004
          20          15  -1.4578093147518556E-006
          20          16  -1.8728190691343056E-004
          20          17   8.7933913310918399E-008
          20          18  -1.2605614663645562E-006
          20          19  -2.0531454870107587E-004
          20          20   5.3367909987161598E-004
          20          21  -4.7414611172417082E-006
          20          22   5.9225725373461525E-004
          20          23   2.8599772836435684E-007
          20          24  -4.0999248780263641E-006
          20          25   5.3360682936029100E-004
          21           1  -8.7704288755412565E-005
          21           2   3.0126170176484625E-004
          21           3   1.1534735308480881E-004
          21           4   3.0899722827640357E-005
          21           5  -3.0719275864877676E-011
          21           6   1.2692437350715557E-011
          21           7   1.2565628533261439E-010
          21           8  -1.9599220293877688E-011
          21           9   7.3290229977929096E-012
          21          10   8.2295512650189226E-011
          21          11  -7.9207599289910908E-015
          21          12  -3.0259489333851412E-013
          21          13   6.7051200027313319E-014
          21          14   5.7973799420788398E-005
          21          15   1.2957865018891736E-005
          21          16  -1.0211351594918687E-004
          21          17  -7.8160256702366224E-007
          21          18   1.1204620045206146E-005
          21          19   5.8171300441765348E-005
          21          20  -4.7414611172417082E-006
          21          21   9.9031289838893921E-006
          21          22  -1.2708918861158990E-004
          21          23  -5.9734421151135988E-007
          21          24   8.5632007997444188E-006
          21          25  -4.5905191568696902E-006
          22           1   1.6704683980703572E-002
          22           2  -1.8018249102671219E-002
          22           3  -1.9537686442309958E-002
          22           4  -2.4606090438707923E-003
          22           5  -3.2493930723733286E-010
          22           6  -1.1577295742860014E-010
          22           7  -2.2469198730591878E-010
          22           8  -2.2492467808645287E-010
          22           9  -6.1681888556537835E-011
          22          10  -1.3547886121049864E-010
          22          11  -1.5915333558720723E-012
          22          12   4.2924296982304401E-012
          22          13   2.1934093804983149E-012
          22          14  -9.2152682892821642E-004
          22          15  -1.6154512521622243E-004
          22          16   1.0742745801177900E-003
          22          17   9.7442049791133239E-006
          22          18  -1.3968749723994512E-004
          22          19  -9.2398906410563568E-004
          22          20   5.9225725373461525E-004
          22          21  -1.2708918861158990E-004
          22          22   2.1623744825085031E-003
          22          23   7.6658578644088774E-006
          22          24  -1.0989357450441642E-004
          22          25   5.9032017808290712E-004
          23           1   5.2901957342995521E-006
          23           2  -1.8171689494624026E-005
          23           3  -6.9575622116624733E-006
          23           4  -1.8638272894179896E-006
          23           5  -1.9025036357498100E-010
          23           6  -2.1000463256718028E-011
          23           7  -1.2088237820001772E-010
          23           8  -1.2605904337239800E-010
          23           9  -1.3844814864498410E-011
          23          10  -8.0011122719156826E-011
          23          11  -2.7993301046368169E-013
          23          12  -1.1284198667771094E-014
          23          13  -1.6943183630642035E-013
          23          14  -3.4969057181323736E-006
          23          15  -7.8160203510516288E-007
          23          16   6.1593587440503096E-006
          23          17   4.7145278650324467E-008
          23          18  -6.7584851494796874E-007
          23          19  -3.5088187300141109E-006
          23          20   2.8599772836435684E-007
          23          21  -5.9734421151135988E-007
          23          22   7.6658578644088774E-006
          23          23   3.6031047117298034E-008
          23          24  -5.1652143863454499E-007
          23          25   2.7689310027666363E-007
          24           1  -7.5837591248562139E-005
          24           2   2.6049993765840369E-004
          24           3   9.9740455224448920E-005
          24           4   2.6718882165267617E-005
          24           5   1.7463494597971444E-009
          24           6   8.6837339415640760E-011
          24           7  -6.8398554532333160E-010
          24           8   1.1573559963845683E-009
          24           9   5.6585369165124596E-011
          24          10  -4.5385119126324016E-010
          24          11   2.5810491952233540E-012
          24          12  -1.5092384614546813E-013
          24          13  -1.0990224956227065E-012
          24          14   5.0129740502784492E-005
          24          15   1.1204620303598419E-005
          24          16  -8.8297198003497792E-005
          24          17  -6.7584899048030389E-007
          24          18   9.6885955417489767E-006
          24          19   5.0300518940929131E-005
          24          20  -4.0999248780263641E-006
          24          21   8.5632007997444188E-006
          24          22  -1.0989357450441642E-004
          24          23  -5.1652143863454499E-007
          24          24   7.4045696118988199E-006
          24          25  -3.9694058958076963E-006
          25           1   1.5619808767276814E-002
          25           2  -1.4291734095358265E-002
          25           3  -1.8110874901417336E-002
          25           4  -2.0783889294750035E-003
          25           5  -1.0696970177862086E-009
          25           6  -8.0763671726109294E-011
          25           7  -2.7097517008580300E-010
          25           8  -7.0896929428959800E-010
          25           9  -5.1826730132700575E-011
          25          10  -1.7768801794726629E-010
          25          11  -2.2219600600954700E-012
          25          12   3.7135053293176273E-013
          25          13   6.8641723513520638E-013
          25          14  -2.0440870182513636E-004
          25          15  -1.2603075568254238E-006
          25          16  -1.8883830431141963E-004
          25          17   7.6020848869494588E-008
          25          18  -1.0897823949201078E-006
          25          19  -2.0442790992296597E-004
          25          20   5.3360682936029100E-004
          25          21  -4.5905191568696902E-006
          25          22   5.9032017808290712E-004
          25          23   2.7689310027666363E-007
          25          24  -3.9694058958076963E-006
          25          25   5.3353685948298233E-004
