           1           1   2.0003261524494733     
           1           2   7.5287816827285866E-004
           1           3   1.3252401314011807E-002
           1           4   6.3949386917524767E-003
           1           5  -5.1932267686744004E-004
           1           6   1.4202962893212125E-003
           1           7   2.3393477725397603E-010
           1           8   1.7260327874296631E-010
           1           9  -1.3546111357353127E-010
           1          10  -3.2858179362952835E-011
           1          11  -9.9567966455343528E-011
           1          12  -1.0166249081199164E-010
           1          13   7.1885629336448629E-014
           1          14   1.0862682180096612E-013
           1          15  -2.8884266662985872E-012
           1          16  -3.1554018863557600E-013
           1          17   7.3752183759246785E-013
           1          18  -8.5385340647309783E-014
           1          19  -2.6494017156434421E-003
           1          20   5.6452668522778355E-009
           1          21  -2.6494016539751930E-003
           1          22  -2.2983007949157791E-009
           1          23   2.7215342341000210E-010
           1          24  -2.6494040946557149E-003
           1          25  -4.1670118066238545E-003
           1          26   8.9726256500262127E-009
           1          27  -4.1670117150738673E-003
           1          28  -3.6419502743623735E-009
           1          29   4.1387326054338692E-010
           1          30  -4.1670156169801714E-003
           1          31  -8.1242042362568293E-004
           1          32   3.1085343188349029E-009
           1          33  -8.1242039278164868E-004
           1          34  -1.2602593319220919E-009
           1          35   1.4082264590953516E-010
           1          36  -8.1242174770254877E-004
           2           1   7.5287816827285866E-004
           2           2   1.9400502065175980     
           2           3  -3.8405734046840487E-002
           2           4  -4.4245351299901328E-002
           2           5  -2.1901389930089471E-002
           2           6  -2.7629606694304426E-003
           2           7   2.6633058963297908E-009
           2           8   5.3193553904090911E-010
           2           9  -3.9773990725108324E-009
           2          10   1.5600446974337697E-010
           2          11  -2.1106399030948959E-009
           2          12  -3.2414221770015864E-009
           2          13  -3.8929917209216439E-012
           2          14  -7.2457883138998422E-012
           2          15  -5.8720302861106351E-011
           2          16   7.6130186272844893E-013
           2          17   4.8596568273465544E-012
           2          18   3.0974685388027922E-012
           2          19   3.6345802291786744E-002
           2          20   5.4554988181718912E-008
           2          21   3.6345802882776723E-002
           2          22  -2.2210869200079043E-008
           2          23   2.6257205365439644E-009
           2          24   3.6345779291160646E-002
           2          25   7.4174684294901162E-003
           2          26   7.4454666579038254E-008
           2          27   7.4174691910904277E-003
           2          28  -3.0221878384096035E-008
           2          29   3.4386364311660133E-009
           2          30   7.4174368186463004E-003
           2          31   5.2253655397045077E-004
           2          32   2.7767320608708855E-008
           2          33   5.2253682909459797E-004
           2          34  -1.1257161222217513E-008
           2          35   1.2569365116593528E-009
           2          36   5.2252472496480793E-004
           3           1   1.3252401314011807E-002
           3           2  -3.8405734046840487E-002
           3           3   2.4838469288158516     
           3           4  0.10362946147706710     
           3           5  -9.3937556159925578E-002
           3           6   2.9144092474010029E-002
           3           7   9.5262641700587719E-009
           3           8   7.1517065337193568E-009
           3           9  -5.8988281445905517E-009
           3          10   3.7113379715019633E-011
           3          11  -9.6353463119360387E-009
           3          12  -1.3879382685780493E-008
           3          13   1.4392794001986667E-011
           3          14  -8.9971143704868098E-011
           3          15  -3.2010345166661671E-010
           3          16  -1.0567628472001227E-011
           3          17   5.4471216642680314E-011
           3          18   3.1113860861441931E-011
           3          19  -6.9207059259654147E-002
           3          20   3.7905050885269275E-007
           3          21  -6.9207054901652965E-002
           3          22  -1.5476507083171892E-007
           3          23   1.9036623642167146E-008
           3          24  -6.9207217862851528E-002
           3          25  -9.6671751133814127E-002
           3          26   3.3989217612567037E-007
           3          27  -9.6671747650775935E-002
           3          28  -1.3797792060800760E-007
           3          29   1.5714105712933008E-008
           3          30  -9.6671895411047676E-002
           3          31  -1.7868449949851824E-002
           3          32   1.7342686375607901E-007
           3          33  -1.7868448232837501E-002
           3          34  -7.0308895604131388E-008
           3          35   7.8513783883896368E-009
           3          36  -1.7868523831985433E-002
           4           1   6.3949386917524767E-003
           4           2  -4.4245351299901328E-002
           4           3  0.10362946147706710     
           4           4  0.20146677545786579     
           4           5  0.39449512737180936     
           4           6   6.3200584146719989E-003
           4           7   3.7006379888848713E-009
           4           8   3.8819211673241218E-009
           4           9  -1.0153414454184267E-009
           4          10   3.1551222473027632E-010
           4          11  -7.1562396622813193E-009
           4          12  -1.0666054026833023E-008
           4          13   8.9382156127562763E-011
           4          14  -2.8590119802529156E-010
           4          15   2.2677858093583606E-010
           4          16  -2.3468116459379970E-012
           4          17  -1.2782836091439972E-010
           4          18   1.4415386662148929E-011
           4          19  -7.1707455314267204E-003
           4          20  -9.7610612264523649E-007
           4          21  -7.1707561139299119E-003
           4          22   3.9724463811628292E-007
           4          23  -4.6819294131249580E-008
           4          24  -7.1703338086655227E-003
           4          25   3.0515694526503170E-002
           4          26  -1.6327551380897511E-006
           4          27   3.0515677870267051E-002
           4          28   6.6272407814909973E-007
           4          29  -7.5300657930800794E-008
           4          30   3.0516387919180196E-002
           4          31   1.4536790714065859E-002
           4          32  -5.4829494664796707E-007
           4          33   1.4536785275087592E-002
           4          34   2.2228976275160145E-007
           4          35  -2.4840494372158214E-008
           4          36   1.4537024257316216E-002
           5           1  -5.1932267686744004E-004
           5           2  -2.1901389930089471E-002
           5           3  -9.3937556159925578E-002
           5           4  0.39449512737180936     
           5           5  0.81083914389189116     
           5           6   9.1669575178530416E-003
           5           7   1.4099506217649050E-009
           5           8   2.8418038609984835E-010
           5           9  -2.5614238251254461E-009
           5          10   3.0436308569643405E-009
           5          11  -1.1266785132988187E-009
           5          12  -5.8348195000191924E-009
           5          13   1.9975130609515216E-010
           5          14  -4.3776268569129574E-010
           5          15   6.5876540899001104E-010
           5          16  -1.8564032741333727E-012
           5          17  -2.6797531777471394E-010
           5          18   1.9293458395094094E-011
           5          19  -4.9079473917626208E-003
           5          20  -2.0241600425125605E-006
           5          21  -4.9079693671067164E-003
           5          22   8.2383086336671814E-007
           5          23  -9.7193574712497520E-008
           5          24  -4.9070937543656979E-003
           5          25   7.3941320368308222E-002
           5          26  -3.3505454298172240E-006
           5          27   7.3941286186519919E-002
           5          28   1.3599654977892570E-006
           5          29  -1.5452759244177988E-007
           5          30   7.3942743258194013E-002
           5          31   3.1682926423541313E-002
           5          32  -1.1322833568363217E-006
           5          33   3.1682915191909924E-002
           5          34   4.5905015666654252E-007
           5          35  -5.1297417677541962E-008
           5          36   3.1683408714875370E-002
           6           1   1.4202962893212125E-003
           6           2  -2.7629606694304426E-003
           6           3   2.9144092474010029E-002
           6           4   6.3200584146719989E-003
           6           5   9.1669575178530416E-003
           6           6   4.7548678846322831E-004
           6           7  -2.8566131385841492E-008
           6           8  -1.3332595484966960E-008
           6           9   2.6763843834348745E-008
           6          10   8.0686775570704718E-009
           6          11  -1.2478392562335881E-008
           6          12  -2.7527084031977607E-008
           6          13   5.3245508925007188E-011
           6          14  -1.6806713494079207E-010
           6          15  -2.6995945648491407E-010
           6          16   1.1726041641876769E-011
           6          17   1.0581777333208312E-011
           6          18  -9.6665554476532088E-013
           6          19  -9.4565914549775507E-004
           6          20  -2.1118673663787981E-008
           6          21  -9.4565937181042550E-004
           6          22   8.5892848363172091E-009
           6          23  -1.0038634933549088E-009
           6          24  -9.4565022398460791E-004
           6          25  -2.5080470668518778E-004
           6          26  -3.8447285321835173E-008
           6          27  -2.5080509873200824E-004
           6          28   1.5605297550188483E-008
           6          29  -1.7727326842155125E-009
           6          30  -2.5078837832043162E-004
           6          31   1.8312892735386911E-004
           6          32  -1.2281414544034329E-008
           6          33   1.8312880548930651E-004
           6          34   4.9791510980687199E-009
           6          35  -5.5646961081004718E-010
           6          36   1.8313415842988640E-004
           7           1   2.3393477725397603E-010
           7           2   2.6633058963297908E-009
           7           3   9.5262641700587719E-009
           7           4   3.7006379888848713E-009
           7           5   1.4099506217649050E-009
           7           6  -2.8566131385841492E-008
           7           7   1.9998894270870047     
           7           8   1.4385919333049164E-010
           7           9  -8.6671068601688068E-011
           7          10  -8.3842286805741644E-004
           7          11   6.5258161059029372E-009
           7          12  -5.3969790417631069E-009
           7          13   2.8997675928032966E-003
           7          14  -3.3557696540617982E-009
           7          15   2.7993978484218811E-009
           7          16  -1.0974409248218266E-003
           7          17   3.3290705474581118E-010
           7          18  -9.4141957643215912E-010
           7          19  -1.6573767217283519E-009
           7          20   5.5556508346924479E-010
           7          21  -2.9323123834065908E-009
           7          22  -1.3841873310456732E-009
           7          23  -5.0433942420927237E-010
           7          24  -3.6023788870187736E-009
           7          25   1.2299351419057390E-009
           7          26   7.9248184558775979E-010
           7          27   1.7969854333647715E-009
           7          28  -1.2465538948711302E-010
           7          29   2.8590321723674794E-010
           7          30   5.0447803181410677E-009
           7          31   1.1956438094513290E-008
           7          32   1.0561856561905969E-009
           7          33   1.0028110537984092E-008
           7          34  -9.9741317832451142E-010
           7          35   4.9951474183071043E-010
           7          36   9.1757402186899529E-009
           8           1   1.7260327874296631E-010
           8           2   5.3193553904090911E-010
           8           3   7.1517065337193568E-009
           8           4   3.8819211673241218E-009
           8           5   2.8418038609984835E-010
           8           6  -1.3332595484966960E-008
           8           7   1.4385919333049164E-010
           8           8   1.9998894271307366     
           8           9   3.0011797862154408E-011
           8          10   7.0450057511920952E-009
           8          11  -8.3842066553025058E-004
           8          12  -2.4077713270499135E-010
           8          13  -3.9668078125721725E-009
           8          14   2.8997667619678844E-003
           8          15   1.1069320865632801E-010
           8          16   1.4701163422727624E-010
           8          17  -1.0974390615167751E-003
           8          18  -2.8896481675429317E-012
           8          19  -1.8256610346552185E-009
           8          20   1.0686595915780722E-010
           8          21  -2.2033518937355743E-009
           8          22  -8.6158378668577201E-010
           8          23  -4.1443549300544520E-010
           8          24  -2.0457251193353938E-009
           8          25   2.1190527551220770E-010
           8          26   3.1002854724754696E-010
           8          27   3.5261151644731809E-010
           8          28  -4.9884113071580837E-010
           8          29   3.1960476207181578E-010
           8          30   1.5802514247489910E-009
           8          31   5.2654254604716833E-009
           8          32   4.0108041975734448E-010
           8          33   4.8738304710071806E-009
           8          34  -6.0994186286945297E-011
           8          35  -7.8758586305287089E-011
           8          36   4.4559521583307634E-009
           9           1  -1.3546111357353127E-010
           9           2  -3.9773990725108324E-009
           9           3  -5.8988281445905517E-009
           9           4  -1.0153414454184267E-009
           9           5  -2.5614238251254461E-009
           9           6   2.6763843834348745E-008
           9           7  -8.6671068601688068E-011
           9           8   3.0011797862154408E-011
           9           9   1.9998894270900625     
           9          10  -1.2606264181888949E-009
           9          11   1.6714481321998602E-009
           9          12  -8.3842225589643047E-004
           9          13   1.2168285049284349E-009
           9          14  -1.5347617112907154E-009
           9          15   2.8997683310857027E-003
           9          16   1.3339183283173480E-009
           9          17   6.3580701716625951E-010
           9          18  -1.0974392277910950E-003
           9          19   4.3297897277935441E-010
           9          20  -5.2644046034630400E-010
           9          21   2.3640314782309933E-009
           9          22   1.2254229710756070E-009
           9          23   7.7913238486521258E-011
           9          24   3.4037074181313644E-009
           9          25  -1.6835615766144963E-009
           9          26  -6.7084020401836772E-010
           9          27  -1.8522608235787509E-009
           9          28  -2.8711820864980500E-010
           9          29   6.6402791358952907E-011
           9          30  -5.4208853897976611E-009
           9          31  -1.1035810069893495E-008
           9          32  -9.7693990090735417E-010
           9          33  -9.2419397458228992E-009
           9          34   1.8647435031074729E-009
           9          35  -1.1062713793459842E-009
           9          36  -8.2581071954665586E-009
          10           1  -3.2858179362952835E-011
          10           2   1.5600446974337697E-010
          10           3   3.7113379715019633E-011
          10           4   3.1551222473027632E-010
          10           5   3.0436308569643405E-009
          10           6   8.0686775570704718E-009
          10           7  -8.3842286805741644E-004
          10           8   7.0450057511920952E-009
          10           9  -1.2606264181888949E-009
          10          10   1.9859546900719720     
          10          11   1.9529627876163541E-007
          10          12  -8.0474705983024457E-008
          10          13   2.2821279369601141E-002
          10          14  -3.2873484692966896E-007
          10          15   1.3439474413819420E-007
          10          16  -9.5764556929366529E-004
          10          17   8.2500089440868006E-008
          10          18  -3.3716828620131980E-008
          10          19  -5.9152446222507331E-010
          10          20   1.9960091168211389E-010
          10          21  -5.5515371587232523E-010
          10          22   3.6089493240836191E-010
          10          23  -5.2527108106052086E-010
          10          24  -1.5280874521497813E-009
          10          25  -1.6631279146383518E-009
          10          26   3.4335023038787150E-010
          10          27  -2.0636106323710700E-009
          10          28   6.2243257568159133E-010
          10          29  -4.1136129256817073E-010
          10          30  -1.7687757554374164E-009
          10          31  -3.3445600905435859E-009
          10          32  -3.2597803246811908E-010
          10          33  -3.1464363296397448E-009
          10          34  -1.3697510891963146E-010
          10          35  -2.4343006770775292E-010
          10          36  -4.3792337691002016E-009
          11           1  -9.9567966455343528E-011
          11           2  -2.1106399030948959E-009
          11           3  -9.6353463119360387E-009
          11           4  -7.1562396622813193E-009
          11           5  -1.1266785132988187E-009
          11           6  -1.2478392562335881E-008
          11           7   6.5258161059029372E-009
          11           8  -8.3842066553025058E-004
          11           9   1.6714481321998602E-009
          11          10   1.9529627876163541E-007
          11          11   1.9859546917035420     
          11          12   9.0177256723376331E-009
          11          13  -3.2787197927733718E-007
          11          14   2.2821276755177356E-002
          11          15  -1.4976174141493900E-008
          11          16   8.0595378145732743E-008
          11          17  -9.5764552639419074E-004
          11          18   4.0656124207608440E-009
          11          19   2.6280905210486781E-009
          11          20  -4.5228545646682109E-010
          11          21   2.3906454496066111E-009
          11          22  -5.1274800557602502E-011
          11          23   1.1014523110598722E-009
          11          24   2.9927211980529864E-009
          11          25   4.8004027370620434E-009
          11          26  -8.1177249957241085E-010
          11          27   4.9302181037736006E-009
          11          28   1.6557365404334308E-010
          11          29   1.1991163746230194E-009
          11          30   3.6998603124482549E-009
          11          31   3.8762003350757795E-009
          11          32  -2.0670204002644839E-011
          11          33   4.1616850551967109E-009
          11          34  -1.0624399563834197E-009
          11          35  -7.1246923494297182E-010
          11          36   4.9660288648842049E-009
          12           1  -1.0166249081199164E-010
          12           2  -3.2414221770015864E-009
          12           3  -1.3879382685780493E-008
          12           4  -1.0666054026833023E-008
          12           5  -5.8348195000191924E-009
          12           6  -2.7527084031977607E-008
          12           7  -5.3969790417631069E-009
          12           8  -2.4077713270499135E-010
          12           9  -8.3842225589643047E-004
          12          10  -8.0474705983024457E-008
          12          11   9.0177256723376331E-009
          12          12   1.9859545940199705     
          12          13   1.3694611331479492E-007
          12          14  -1.5275237459474447E-008
          12          15   2.2821440786436241E-002
          12          16  -3.6768032099380350E-008
          12          17   3.3604383174980636E-009
          12          18  -9.5768554921239345E-004
          12          19   4.8422987093541113E-009
          12          20  -3.5649660337312054E-010
          12          21   3.7391605206526463E-009
          12          22  -3.4888391540996209E-010
          12          23   2.2003956967020841E-009
          12          24   6.4249163821414140E-009
          12          25   8.9083993083963441E-009
          12          26  -1.7675925128040768E-009
          12          27   9.2837060040948877E-009
          12          28  -7.4145333565038423E-010
          12          29   2.1278402619880933E-009
          12          30   7.2160083235606665E-009
          12          31   9.4956948611729244E-009
          12          32   3.9877703138186249E-010
          12          33   9.8768450045967121E-009
          12          34  -1.2089490784967650E-009
          12          35  -6.1058633057924465E-010
          12          36   1.2474028505083724E-008
          13           1   7.1885629336448629E-014
          13           2  -3.8929917209216439E-012
          13           3   1.4392794001986667E-011
          13           4   8.9382156127562763E-011
          13           5   1.9975130609515216E-010
          13           6   5.3245508925007188E-011
          13           7   2.8997675928032966E-003
          13           8  -3.9668078125721725E-009
          13           9   1.2168285049284349E-009
          13          10   2.2821279369601141E-002
          13          11  -3.2787197927733718E-007
          13          12   1.3694611331479492E-007
          13          13   2.6647966668211774E-004
          13          14  -7.5679185390158604E-009
          13          15   3.1400606876170779E-009
          13          16  -1.2601766258063948E-005
          13          17   1.1072157800573791E-009
          13          18  -4.5706892779669561E-010
          13          19  -1.0827549928481758E-011
          13          20   2.9776444142724590E-012
          13          21  -1.2274775093284082E-011
          13          22   2.1840182480472693E-012
          13          23  -6.7725907835339916E-012
          13          24  -2.4372109175150036E-011
          13          25  -3.1973203105427078E-012
          13          26   4.9438146918466322E-012
          13          27  -6.9791022284721933E-012
          13          28   7.0366743160629050E-012
          13          29  -4.3168544958483049E-012
          13          30   1.2004263685881074E-012
          13          31  -1.4806669040577036E-011
          13          32  -2.2649472419310413E-012
          13          33  -1.5334072574500295E-011
          13          34  -3.0061095389840627E-012
          13          35  -2.0755727145625875E-012
          13          36  -3.0720635137719985E-011
          14           1   1.0862682180096612E-013
          14           2  -7.2457883138998422E-012
          14           3  -8.9971143704868098E-011
          14           4  -2.8590119802529156E-010
          14           5  -4.3776268569129574E-010
          14           6  -1.6806713494079207E-010
          14           7  -3.3557696540617982E-009
          14           8   2.8997667619678844E-003
          14           9  -1.5347617112907154E-009
          14          10  -3.2873484692966896E-007
          14          11   2.2821276755177356E-002
          14          12  -1.5275237459474447E-008
          14          13  -7.5679185390158604E-009
          14          14   2.6647959661935919E-004
          14          15  -3.6986274110812300E-010
          14          16   1.0851343034667860E-009
          14          17  -1.2601759878796935E-005
          14          18   5.8717893462383129E-011
          14          19   3.1166150354173937E-011
          14          20  -5.9368697695369109E-012
          14          21   2.7878360563355694E-011
          14          22  -1.4818076703656495E-012
          14          23   1.2013703548750427E-011
          14          24   3.5414144697429726E-011
          14          25   1.7936067360952541E-011
          14          26  -1.0023294719428708E-011
          14          27   1.9620402638089391E-011
          14          28   1.6442807670359472E-012
          14          29   1.4194101804785092E-011
          14          30   7.7686260111575657E-012
          14          31   3.5750906539367460E-011
          14          32  -5.5584698059697965E-014
          14          33   3.8458727030143739E-011
          14          34  -1.2138018355594804E-011
          14          35  -8.3216850290849469E-012
          14          36   4.7265340745950087E-011
          15           1  -2.8884266662985872E-012
          15           2  -5.8720302861106351E-011
          15           3  -3.2010345166661671E-010
          15           4   2.2677858093583606E-010
          15           5   6.5876540899001104E-010
          15           6  -2.6995945648491407E-010
          15           7   2.7993978484218811E-009
          15           8   1.1069320865632801E-010
          15           9   2.8997683310857027E-003
          15          10   1.3439474413819420E-007
          15          11  -1.4976174141493900E-008
          15          12   2.2821440786436241E-002
          15          13   3.1400606876170779E-009
          15          14  -3.6986274110812300E-010
          15          15   2.6648334953255576E-004
          15          16  -4.8848195712935612E-010
          15          17   5.0486713207291934E-011
          15          18  -1.2602293779299128E-005
          15          19   5.3865744095515627E-011
          15          20  -4.5028492818743943E-012
          15          21   4.4001764574496168E-011
          15          22  -2.3702158456927017E-012
          15          23   2.5416312200182127E-011
          15          24   7.6220665896260028E-011
          15          25   1.6892748770647915E-010
          15          26  -2.0827056457657301E-011
          15          27   1.7299894767550124E-010
          15          28  -9.1250574181308830E-012
          15          29   2.4567895772795030E-011
          15          30   1.4384628962430381E-010
          15          31   1.2197967045734499E-010
          15          32   3.3221427892285472E-012
          15          33   1.2897063177504671E-010
          15          34  -1.1243571436407671E-011
          15          35  -8.6178688457422341E-012
          15          36   1.6017638386229039E-010
          16           1  -3.1554018863557600E-013
          16           2   7.6130186272844893E-013
          16           3  -1.0567628472001227E-011
          16           4  -2.3468116459379970E-012
          16           5  -1.8564032741333727E-012
          16           6   1.1726041641876769E-011
          16           7  -1.0974409248218266E-003
          16           8   1.4701163422727624E-010
          16           9   1.3339183283173480E-009
          16          10  -9.5764556929366529E-004
          16          11   8.0595378145732743E-008
          16          12  -3.6768032099380350E-008
          16          13  -1.2601766258063948E-005
          16          14   1.0851343034667860E-009
          16          15  -4.8848195712935612E-010
          16          16   1.0644530902918054E-006
          16          17  -7.8436613244965938E-011
          16          18   3.4012925516954611E-011
          16          19   1.3788756392651519E-012
          16          20  -4.1525536463255441E-013
          16          21   2.0629028198549475E-012
          16          22   5.9141235170364587E-013
          16          23   5.2905320355264943E-013
          16          24   2.9054293737386260E-012
          16          25   3.5625607129384765E-013
          16          26  -6.1983880603546470E-013
          16          27   2.3856967163305469E-013
          16          28  -2.2455990925746273E-013
          16          29   4.0377712560201162E-014
          16          30  -1.6779379083424554E-012
          16          31  -4.9033704453566453E-012
          16          32  -4.2896892729213022E-013
          16          33  -3.9407676704635891E-012
          16          34   6.1688780683245405E-013
          16          35  -1.5659978549544702E-013
          16          36  -2.8746161123235802E-012
          17           1   7.3752183759246785E-013
          17           2   4.8596568273465544E-012
          17           3   5.4471216642680314E-011
          17           4  -1.2782836091439972E-010
          17           5  -2.6797531777471394E-010
          17           6   1.0581777333208312E-011
          17           7   3.3290705474581118E-010
          17           8  -1.0974390615167751E-003
          17           9   6.3580701716625951E-010
          17          10   8.2500089440868006E-008
          17          11  -9.5764552639419074E-004
          17          12   3.3604383174980636E-009
          17          13   1.1072157800573791E-009
          17          14  -1.2601759878796935E-005
          17          15   5.0486713207291934E-011
          17          16  -7.8436613244965938E-011
          17          17   1.0644507187522054E-006
          17          18  -4.6672149034272806E-012
          17          19   6.4111775870793742E-013
          17          20  -4.1587432207871776E-014
          17          21   9.6128401833406045E-013
          17          22   5.7939217949295081E-013
          17          23  -3.1247412606276885E-013
          17          24   6.7291145467321487E-013
          17          25  -2.7759838623845595E-011
          17          26  -3.8849431785357569E-014
          17          27  -2.7901960341616942E-011
          17          28   2.9865244743569128E-013
          17          29  -7.6541431336402421E-013
          17          30  -2.7868666577898667E-011
          17          31  -1.5389527904599758E-011
          17          32  -3.0082304669954054E-013
          17          33  -1.5313272236770051E-011
          17          34   5.8318791537257256E-013
          17          35   3.8327420895329541E-013
          17          36  -1.5431449911029295E-011
          18           1  -8.5385340647309783E-014
          18           2   3.0974685388027922E-012
          18           3   3.1113860861441931E-011
          18           4   1.4415386662148929E-011
          18           5   1.9293458395094094E-011
          18           6  -9.6665554476532088E-013
          18           7  -9.4141957643215912E-010
          18           8  -2.8896481675429317E-012
          18           9  -1.0974392277910950E-003
          18          10  -3.3716828620131980E-008
          18          11   4.0656124207608440E-009
          18          12  -9.5768554921239345E-004
          18          13  -4.5706892779669561E-010
          18          14   5.8717893462383129E-011
          18          15  -1.2602293779299128E-005
          18          16   3.4012925516954611E-011
          18          17  -4.6672149034272806E-012
          18          18   1.0644881966433157E-006
          18          19  -3.2951486221097398E-012
          18          20   5.5516798264142966E-013
          18          21  -3.8222036865206470E-012
          18          22  -5.4292586403754895E-013
          18          23  -1.1002035491241528E-012
          18          24  -5.7296564276205474E-012
          18          25  -2.7960332441604171E-012
          18          26   1.3425983297382107E-012
          18          27  -2.8832167077967650E-012
          18          28   4.6602566581738029E-013
          18          29  -1.0571980612782781E-012
          18          30   1.9653068381725879E-014
          18          31   1.9420612666481660E-012
          18          32   3.8650248375139593E-013
          18          33   7.7392029157744563E-013
          18          34  -4.5801447244800588E-013
          18          35   9.0350782432288583E-013
          18          36  -1.0373729764460330E-012
          19           1  -2.6494017156434421E-003
          19           2   3.6345802291786744E-002
          19           3  -6.9207059259654147E-002
          19           4  -7.1707455314267204E-003
          19           5  -4.9079473917626208E-003
          19           6  -9.4565914549775507E-004
          19           7  -1.6573767217283519E-009
          19           8  -1.8256610346552185E-009
          19           9   4.3297897277935441E-010
          19          10  -5.9152446222507331E-010
          19          11   2.6280905210486781E-009
          19          12   4.8422987093541113E-009
          19          13  -1.0827549928481758E-011
          19          14   3.1166150354173937E-011
          19          15   5.3865744095515627E-011
          19          16   1.3788756392651519E-012
          19          17   6.4111775870793742E-013
          19          18  -3.2951486221097398E-012
          19          19   2.6350310410816896E-003
          19          20   9.1866313376448422E-009
          19          21   2.6350311327658438E-003
          19          22  -3.7232336028074192E-009
          19          23   4.1424989125416299E-010
          19          24   2.6350271263762574E-003
          19          25   2.1864307469282073E-003
          19          26   2.2583600192339653E-008
          19          27   2.1864309761419794E-003
          19          28  -9.1647387611442487E-009
          19          29   1.0382724212124942E-009
          19          30   2.1864211509755914E-003
          19          31   2.3032179273682339E-004
          19          32   6.0590211380764934E-009
          19          33   2.3032185277521532E-004
          19          34  -2.4562365321265865E-009
          19          35   2.7418973313803383E-010
          19          36   2.3031921152426551E-004
          20           1   5.6452668522778355E-009
          20           2   5.4554988181718912E-008
          20           3   3.7905050885269275E-007
          20           4  -9.7610612264523649E-007
          20           5  -2.0241600425125605E-006
          20           6  -2.1118673663787981E-008
          20           7   5.5556508346924479E-010
          20           8   1.0686595915780722E-010
          20           9  -5.2644046034630400E-010
          20          10   1.9960091168211389E-010
          20          11  -4.5228545646682109E-010
          20          12  -3.5649660337312054E-010
          20          13   2.9776444142724590E-012
          20          14  -5.9368697695369109E-012
          20          15  -4.5028492818743943E-012
          20          16  -4.1525536463255441E-013
          20          17  -4.1587432207871776E-014
          20          18   5.5516798264142966E-013
          20          19   9.1866313376448422E-009
          20          20   7.0105893332027027E-009
          20          21   9.2537720305809117E-009
          20          22  -2.8381439288120266E-009
          20          23   3.1046946566238448E-010
          20          24   6.1894373456926750E-009
          20          25  -1.8847882967420704E-007
          20          26   9.0068065449965925E-009
          20          27  -1.8839257614184576E-007
          20          28  -3.6462718186593726E-009
          20          29   3.9884715656665606E-010
          20          30  -1.9232950083868429E-007
          20          31  -7.9484052142447439E-008
          20          32   3.1484607669468540E-009
          20          33  -7.9453896520237351E-008
          20          34  -1.2746079135228814E-009
          20          35   1.3941925365441709E-010
          20          36  -8.0830112825866546E-008
          21           1  -2.6494016539751930E-003
          21           2   3.6345802882776723E-002
          21           3  -6.9207054901652965E-002
          21           4  -7.1707561139299119E-003
          21           5  -4.9079693671067164E-003
          21           6  -9.4565937181042550E-004
          21           7  -2.9323123834065908E-009
          21           8  -2.2033518937355743E-009
          21           9   2.3640314782309933E-009
          21          10  -5.5515371587232523E-010
          21          11   2.3906454496066111E-009
          21          12   3.7391605206526463E-009
          21          13  -1.2274775093284082E-011
          21          14   2.7878360563355694E-011
          21          15   4.4001764574496168E-011
          21          16   2.0629028198549475E-012
          21          17   9.6128401833406045E-013
          21          18  -3.8222036865206470E-012
          21          19   2.6350311327658438E-003
          21          20   9.2537720305809117E-009
          21          21   2.6350312250930270E-003
          21          22  -3.7504146285390351E-009
          21          23   4.1722329242610244E-010
          21          24   2.6350271893562111E-003
          21          25   2.1864286904593310E-003
          21          26   2.2669860661819081E-008
          21          27   2.1864289204991793E-003
          21          28  -9.1996600420339972E-009
          21          29   1.0420922968831553E-009
          21          30   2.1864190576278801E-003
          21          31   2.3032092786275088E-004
          21          32   6.0891746749154868E-009
          21          33   2.3032098818995684E-004
          21          34  -2.4684437422975797E-009
          21          35   2.7552498597314374E-010
          21          36   2.3031833375866816E-004
          22           1  -2.2983007949157791E-009
          22           2  -2.2210869200079043E-008
          22           3  -1.5476507083171892E-007
          22           4   3.9724463811628292E-007
          22           5   8.2383086336671814E-007
          22           6   8.5892848363172091E-009
          22           7  -1.3841873310456732E-009
          22           8  -8.6158378668577201E-010
          22           9   1.2254229710756070E-009
          22          10   3.6089493240836191E-010
          22          11  -5.1274800557602502E-011
          22          12  -3.4888391540996209E-010
          22          13   2.1840182480472693E-012
          22          14  -1.4818076703656495E-012
          22          15  -2.3702158456927017E-012
          22          16   5.9141235170364587E-013
          22          17   5.7939217949295081E-013
          22          18  -5.4292586403754895E-013
          22          19  -3.7232336028074192E-009
          22          20  -2.8381439288120266E-009
          22          21  -3.7504146285390351E-009
          22          22   1.1489848817430881E-009
          22          23  -1.2568947907531138E-010
          22          24  -2.5098595046457314E-009
          22          25   7.6730845096246680E-008
          22          26  -3.6462897104353261E-009
          22          27   7.6695926450796953E-008
          22          28   1.4761462371985489E-009
