           1           1   2.0028684788011102     
           1           2   5.5757104286042081E-002
           1           3  0.26484273449309770     
           1           4   5.7237147868494251E-002
           1           5  -1.1097457746366703E-002
           1           6  -1.8823753600463813E-002
           1           7   2.9553164181724683E-015
           1           8  -1.0058872177976561E-015
           1           9  -2.1360956552449951E-015
           1          10  -2.7892733837434815E-016
           1          11  -8.3757612457779543E-016
           1          12   1.2204685215450854E-015
           1          13   1.6007620157693534E-015
           1          14  -5.6921345803354314E-017
           1          15  -5.3455422527462961E-016
           1          16  -2.1480321563114851E-015
           1          17  -6.9512349730514692E-016
           1          18  -9.4576806449066741E-017
           1          19  -7.2251675952674968E-002
           1          20  -1.0775492996887806E-015
           1          21  -7.2251675952673122E-002
           1          22  -6.6540607568323274E-017
           1          23  -4.3079063701161777E-016
           1          24  -7.2251675952675079E-002
           1          25  -1.4785251940579685E-002
           1          26  -7.7377840715497871E-017
           1          27  -1.4785251940575067E-002
           1          28   6.3305578437938345E-016
           1          29  -1.1306134261509173E-015
           1          30  -1.4785251940577709E-002
           1          31   8.4487401480350371E-003
           1          32   2.3944028760634087E-016
           1          33   8.4487401480364318E-003
           1          34   1.8170297459931064E-015
           1          35   7.8363043486616619E-016
           1          36   8.4487401480356772E-003
           2           1   5.5757104286042081E-002
           2           2   3.0974880905248652     
           2           3   5.1716897394509393     
           2           4   1.3958212704647441     
           2           5   5.7944606719442772E-002
           2           6   2.7175067087951976E-004
           2           7   4.8208430054204396E-014
           2           8  -1.0641940404392725E-014
           2           9  -1.1375106072526012E-013
           2          10   1.6632210263330981E-014
           2          11   1.1364493732220319E-014
           2          12   2.5881938634996597E-014
           2          13  -6.7614548824645531E-015
           2          14  -4.4476082079633229E-015
           2          15  -5.4677131716462502E-015
           2          16   6.5966591442884691E-015
           2          17   1.6367425026791945E-015
           2          18   8.4871210544208905E-016
           2          19  -1.4067251095142885     
           2          20  -7.1885680749971352E-015
           2          21  -1.4067251095142728     
           2          22   1.2518912852091149E-014
           2          23  -1.0649613236206274E-014
           2          24  -1.4067251095142908     
           2          25 -0.52299496558126923     
           2          26   1.9683417102132201E-015
           2          27 -0.52299496558126357     
           2          28   1.2192921761690977E-015
           2          29  -1.3817478906052571E-015
           2          30 -0.52299496558127057     
           2          31  -5.9369774222548513E-003
           2          32  -1.1814882076560015E-015
           2          33  -5.9369774222608005E-003
           2          34  -1.0131446470040872E-015
           2          35   6.3162553095339700E-015
           2          36  -5.9369774222557681E-003
           3           1  0.26484273449309770     
           3           2   5.1716897394509393     
           3           3   23.554631233223525     
           3           4   6.2746176673802392     
           3           5  -1.5802495259466455E-002
           3           6 -0.37510986230617888     
           3           7   1.7078361760379047E-014
           3           8  -2.4459558597108170E-014
           3           9   7.9471164214864058E-014
           3          10   8.2311007188591645E-014
           3          11   5.6471018196188613E-015
           3          12   2.5989309280934532E-014
           3          13  -1.3874867413716737E-014
           3          14  -1.3361950918052240E-015
           3          15  -9.2919725850322279E-015
           3          16   6.5968364613517810E-015
           3          17  -1.4104299217380867E-015
           3          18   5.2960095031440382E-015
           3          19  -6.4944908225498974     
           3          20  -1.9699604911216983E-014
           3          21  -6.4944908225498237     
           3          22   2.6321583614605817E-014
           3          23  -5.2387488354882800E-014
           3          24  -6.4944908225499054     
           3          25  -2.1773542936960029     
           3          26   3.3981644268568093E-015
           3          27  -2.1773542936960020     
           3          28   9.3181040870732477E-015
           3          29  -5.7163284094660798E-015
           3          30  -2.1773542936960069     
           3          31  0.14764544122586074     
           3          32  -1.0416162565512779E-014
           3          33  0.14764544122586198     
           3          34   5.5148943684175663E-015
           3          35   1.2184542308635784E-014
           3          36  0.14764544122586734     
           4           1   5.7237147868494251E-002
           4           2   1.3958212704647441     
           4           3   6.2746176673802392     
           4           4   1.6717249777235266     
           4           5  -3.5691355949985038E-003
           4           6  -9.9062812602072947E-002
           4           7   2.2648307293023830E-014
           4           8  -1.6674862025851422E-014
           4           9   2.2845174707866707E-014
           4          10   5.1148840048214190E-014
           4          11  -6.2425799618359347E-015
           4          12   4.8405989494003687E-015
           4          13  -8.8807576505083593E-015
           4          14   9.2592656435645779E-016
           4          15  -2.0591568219518552E-015
           4          16   3.5694596215826509E-015
           4          17  -7.9737925727551266E-016
           4          18   1.2532027187742260E-015
           4          19  -1.7298671442384137     
           4          20  -2.0424849982911008E-014
           4          21  -1.7298671442383806     
           4          22   2.3808496026719275E-014
           4          23  -4.7384063552141358E-014
           4          24  -1.7298671442384157     
           4          25 -0.58049600863384898     
           4          26   3.7542048099160029E-015
           4          27 -0.58049600863385109     
           4          28  -6.6079151154487676E-016
           4          29   4.7415214072510433E-015
           4          30 -0.58049600863385020     
           4          31   3.8930888972926646E-002
           4          32  -3.4672853085045221E-015
           4          33   3.8930888972927548E-002
           4          34   2.2101000323832610E-015
           4          35   1.7299985544069111E-015
           4          36   3.8930888972928401E-002
           5           1  -1.1097457746366703E-002
           5           2   5.7944606719442772E-002
           5           3  -1.5802495259466455E-002
           5           4  -3.5691355949985038E-003
           5           5   1.9918051306372204E-003
           5           6   2.9168525020166107E-003
           5           7   4.8630014888515558E-015
           5           8   1.5303416719084143E-015
           5           9   1.5997234695061808E-015
           5          10   2.0676432301545630E-014
           5          11   2.8866356795133145E-014
           5          12  -8.6437994485445255E-015
           5          13  -3.8690534868177377E-015
           5          14  -5.3215375522077611E-015
           5          15   1.6540562348097498E-015
           5          16   1.4555343938347103E-015
           5          17   1.8491721269550814E-015
           5          18  -6.2061568408130403E-016
           5          19   4.9542294447651458E-003
           5          20  -8.6059032652090851E-015
           5          21   4.9542294447726494E-003
           5          22   9.6166206561332945E-015
           5          23  -1.8765743119094143E-014
           5          24   4.9542294447653410E-003
           5          25   2.0138468174541291E-006
           5          26   1.6339885186601387E-015
           5          27   2.0138468161768618E-006
           5          28  -1.7984460730423054E-015
           5          29   3.5295680188262837E-015
           5          30   2.0138468173952044E-006
           5          31  -1.3361809014926099E-003
           5          32  -3.5473654532808144E-016
           5          33  -1.3361809014924633E-003
           5          34   3.5257193198953336E-016
           5          35  -7.6777183953385648E-016
           5          36  -1.3361809014926825E-003
           6           1  -1.8823753600463813E-002
           6           2   2.7175067087951976E-004
           6           3 -0.37510986230617888     
           6           4  -9.9062812602072947E-002
           6           5   2.9168525020166107E-003
           6           6   9.5589970312542454E-003
           6           7  -2.9291480533573958E-015
           6           8  -9.3697241515371597E-015
           6           9  -1.2820870524477291E-014
           6          10   2.9971197215578371E-014
           6          11  -3.6365278129908136E-014
           6          12  -9.5636823684681792E-015
           6          13  -5.7179936939258150E-015
           6          14   6.4414597583585970E-015
           6          15   1.7636299770023917E-015
           6          16   2.1157800893276123E-015
           6          17  -2.1488380250081055E-015
           6          18  -6.9468283776186619E-016
           6          19  0.10422891650752281     
           6          20  -3.7361120831861363E-016
           6          21  0.10422891650752211     
           6          22   4.9978753792959702E-016
           6          23  -3.9497080877272229E-016
           6          24  0.10422891650752293     
           6          25   3.2712293327165340E-002
           6          26   1.0543428951522996E-016
           6          27   3.2712293327165409E-002
           6          28  -3.0542620633067109E-016
           6          29   3.3002520215955168E-016
           6          30   3.2712293327165375E-002
           6          31  -4.0155044218756989E-003
           6          32   1.8336329114462187E-016
           6          33  -4.0155044218759678E-003
           6          34  -1.6497002417613994E-016
           6          35  -1.0383033046055925E-016
           6          36  -4.0155044218759071E-003
           7           1   2.9553164181724683E-015
           7           2   4.8208430054204396E-014
           7           3   1.7078361760379047E-014
           7           4   2.2648307293023830E-014
           7           5   4.8630014888515558E-015
           7           6  -2.9291480533573958E-015
           7           7   1.9990233603486329     
           7           8  -6.7426533106873521E-016
           7           9   3.8917436981367211E-016
           7          10   4.3553816950640516E-003
           7          11  -1.0113437864944783E-015
           7          12  -9.0899510141184495E-016
           7          13   2.1398500255018191E-002
           7          14   2.7963742432746130E-015
           7          15  -1.9778016030480572E-015
           7          16  -9.2623164565250812E-003
           7          17  -2.9129259768168048E-015
           7          18   2.2140763614869603E-015
           7          19  -6.0482078171553866E-015
           7          20  -8.0582146235740036E-016
           7          21  -5.8971999121684629E-016
           7          22  -3.2206237313869750E-016
           7          23   1.4421671407551192E-017
           7          24  -4.5120909045521023E-015
           7          25  -7.0317062331040098E-015
           7          26   9.1852775054196240E-016
           7          27  -1.2105061316212238E-014
           7          28   8.6076871191249852E-016
           7          29   3.9299006538724007E-015
           7          30  -6.0384500096733881E-015
           7          31  -1.6176558206634331E-015
           7          32   1.3064924448010643E-015
           7          33   2.8103940606793453E-015
           7          34   3.0821850031724809E-016
           7          35  -2.9713306169043737E-015
           7          36  -1.6095143789019593E-015
           8           1  -1.0058872177976561E-015
           8           2  -1.0641940404392725E-014
           8           3  -2.4459558597108170E-014
           8           4  -1.6674862025851422E-014
           8           5   1.5303416719084143E-015
           8           6  -9.3697241515371597E-015
           8           7  -6.7426533106873521E-016
           8           8   1.9990233603486316     
           8           9  -1.0096090630185019E-015
           8          10   1.1761425167122750E-015
           8          11   4.3553816950598900E-003
           8          12  -1.8457457784393235E-015
           8          13   4.0245584642661939E-016
           8          14   2.1398500255018826E-002
           8          15  -1.1397133237167623E-015
           8          16  -2.6371049441364924E-015
           8          17  -9.2623164565219622E-003
           8          18  -5.9847959921199648E-017
           8          19   8.0497576769666662E-015
           8          20   1.9461043240539417E-016
           8          21   1.3465383701804153E-014
           8          22   1.7700694721016474E-015
           8          23   3.3340691483038622E-016
           8          24  -1.0028649210734133E-015
           8          25   6.8285153316997783E-015
           8          26   2.1437520774599813E-015
           8          27   4.4003899329676361E-015
           8          28   5.3449907111765978E-016
           8          29   1.4950637643799232E-015
           8          30   9.2187330856265899E-015
           8          31   1.4687748213265620E-015
           8          32  -6.0128470633232485E-017
           8          33   2.8784347672680071E-015
           8          34   3.7967071581877218E-016
           8          35  -3.7569097645811162E-015
           8          36   2.6682941166694717E-015
           9           1  -2.1360956552449951E-015
           9           2  -1.1375106072526012E-013
           9           3   7.9471164214864058E-014
           9           4   2.2845174707866707E-014
           9           5   1.5997234695061808E-015
           9           6  -1.2820870524477291E-014
           9           7   3.8917436981367211E-016
           9           8  -1.0096090630185019E-015
           9           9   1.9990233603486349     
           9          10   9.0422461185291425E-016
           9          11  -3.3584246494910977E-015
           9          12   4.3553816950618468E-003
           9          13  -3.4239104607092417E-016
           9          14   2.2013640910145678E-015
           9          15   2.1398500255017959E-002
           9          16  -2.0080508436604016E-015
           9          17   1.8821749714348436E-016
           9          18  -9.2623164565232754E-003
           9          19  -2.5301347330032626E-014
           9          20   2.9326884094705448E-016
           9          21  -2.0335068680400870E-014
           9          22  -1.0368822461128100E-015
           9          23   2.1108220220542031E-015
           9          24  -2.5084462986322531E-014
           9          25  -5.6141772549300317E-015
           9          26   2.8884919551162274E-016
           9          27  -6.8812090145689134E-015
           9          28   5.4735931197646636E-016
           9          29  -1.3025486753703077E-016
           9          30  -5.9921533014763646E-015
           9          31   3.4475448968423786E-015
           9          32  -4.3574238710511558E-016
           9          33   4.0489118083332823E-015
           9          34   6.5107544476918616E-016
           9          35  -1.4138980543990045E-015
           9          36   4.4845432604524680E-015
          10           1  -2.7892733837434815E-016
          10           2   1.6632210263330981E-014
          10           3   8.2311007188591645E-014
          10           4   5.1148840048214190E-014
          10           5   2.0676432301545630E-014
          10           6   2.9971197215578371E-014
          10           7   4.3553816950640516E-003
          10           8   1.1761425167122750E-015
          10           9   9.0422461185291425E-016
          10          10   2.1702270256605716     
          10          11  -2.3592239273284384E-016
          10          12   1.5473733405713372E-015
          10          13 -0.39610658102376417     
          10          14   2.0088097851811414E-015
          10          15  -8.2408038726278237E-015
          10          16  0.13617660269009074     
          10          17  -3.6134290004596876E-015
          10          18   2.5272752640637049E-015
          10          19  -4.0106919670528391E-014
          10          20   1.4839031242726755E-014
          10          21  -1.7012858898729679E-014
          10          22   1.0802260579276241E-014
          10          23  -1.4422004059881092E-014
          10          24  -3.0917082747281597E-014
          10          25  -2.0987230366326302E-014
          10          26  -1.1247052431205838E-015
          10          27  -3.0448687848791490E-014
          10          28  -2.6408763371954191E-015
          10          29   6.9746855941551179E-015
          10          30  -2.5931141254945266E-014
          10          31  -1.6389853628745651E-014
          10          32   6.8396233841990276E-015
          10          33  -1.6695331682005349E-014
          10          34   1.2026500069722392E-015
          10          35  -8.6097543311071796E-015
          10          36  -1.4550870291485581E-014
          11           1  -8.3757612457779543E-016
          11           2   1.1364493732220319E-014
          11           3   5.6471018196188613E-015
          11           4  -6.2425799618359347E-015
          11           5   2.8866356795133145E-014
          11           6  -3.6365278129908136E-014
          11           7  -1.0113437864944783E-015
          11           8   4.3553816950598900E-003
          11           9  -3.3584246494910977E-015
          11          10  -2.3592239273284384E-016
          11          11   2.1702270256605698     
          11          12  -2.3314683517128228E-015
          11          13   4.6160991695742829E-015
          11          14 -0.39610658102376867     
          11          15  -4.8572257327350618E-016
          11          16  -6.2909746856298901E-015
          11          17  0.13617660269009466     
          11          18  -5.0792703376600928E-015
          11          19   9.5431651716916768E-015
          11          20   2.1497819578009623E-014
          11          21   4.4139644119369299E-014
          11          22   1.8298581562598853E-014
          11          23   4.5341706528439548E-015
          11          24  -7.7402650538268503E-014
          11          25  -7.2663663289603204E-015
          11          26  -3.7292527700827916E-015
          11          27  -1.3588899743487484E-014
          11          28  -6.8867810871896697E-015
          11          29  -9.0016806277685553E-015
          11          30   8.5398794582891093E-015
          11          31   3.4131389339749710E-015
          11          32  -1.8275017322889358E-015
          11          33   4.7557292709220733E-015
          11          34   4.0906505872643150E-015
          11          35  -7.3447732458528468E-015
          11          36   1.3279996602315168E-014
          12           1   1.2204685215450854E-015
          12           2   2.5881938634996597E-014
          12           3   2.5989309280934532E-014
          12           4   4.8405989494003687E-015
          12           5  -8.6437994485445255E-015
          12           6  -9.5636823684681792E-015
          12           7  -9.0899510141184495E-016
          12           8  -1.8457457784393235E-015
          12           9   4.3553816950618468E-003
          12          10   1.5473733405713372E-015
          12          11  -2.3314683517128228E-015
          12          12   2.1702270256605769     
          12          13  -1.7347234759781047E-017
          12          14   4.2743586448068487E-015
          12          15 -0.39610658102377044     
          12          16  -3.3133218391156227E-016
          12          17  -2.1510571102112353E-015
          12          18  0.13617660269008988     
          12          19  -2.0646070042263807E-014
          12          20   3.7029899910646260E-015
          12          21   1.1135962224628583E-014
          12          22  -5.1588428890113525E-015
          12          23   1.0107646566963037E-014
          12          24  -2.1430491492163039E-014
          12          25   5.9102138305231847E-015
          12          26   1.3556112469339045E-016
          12          27  -2.3584994712999931E-015
          12          28  -2.6891342131099271E-015
          12          29  -1.5383092734323000E-015
          12          30   4.2074581494198436E-015
          12          31   2.0636204273990145E-015
          12          32   5.0365221332267770E-016
          12          33   2.2497312187201613E-015
          12          34   1.7632787967834545E-015
          12          35  -3.5226622661101761E-015
          12          36   8.1539832683108589E-015
          13           1   1.6007620157693534E-015
          13           2  -6.7614548824645531E-015
          13           3  -1.3874867413716737E-014
          13           4  -8.8807576505083593E-015
          13           5  -3.8690534868177377E-015
          13           6  -5.7179936939258150E-015
          13           7   2.1398500255018191E-002
          13           8   4.0245584642661939E-016
          13           9  -3.4239104607092417E-016
          13          10 -0.39610658102376417     
          13          11   4.6160991695742829E-015
          13          12  -1.7347234759781047E-017
          13          13   7.2543174684645481E-002
          13          14  -1.1661678567254080E-015
          13          15   1.4300626655083807E-015
          13          16  -2.4960615338689301E-002
          13          17   9.1213928771205389E-016
          13          18  -4.1855624868802603E-016
          13          19   6.7886485690055137E-015
          13          20  -3.2359265380580137E-015
          13          21   3.0935062909854899E-015
          13          22  -1.4032977510560082E-015
          13          23   1.4894778459354954E-015
          13          24   5.1401788385163507E-015
          13          25   3.8032373066950699E-015
          13          26   3.1250668438042882E-016
          13          27   5.3879380820892564E-015
          13          28   3.8453471021166011E-016
          13          29  -1.0155380124226379E-015
          13          30   4.7144846083319063E-015
          13          31   3.0650820180356000E-015
          13          32  -1.2579552008634539E-015
          13          33   3.1912569505541660E-015
          13          34  -1.8967092375994718E-016
          13          35   1.4858083979288383E-015
          13          36   2.7300373230129645E-015
          14           1  -5.6921345803354314E-017
          14           2  -4.4476082079633229E-015
          14           3  -1.3361950918052240E-015
          14           4   9.2592656435645779E-016
          14           5  -5.3215375522077611E-015
          14           6   6.4414597583585970E-015
          14           7   2.7963742432746130E-015
          14           8   2.1398500255018826E-002
          14           9   2.2013640910145678E-015
          14          10   2.0088097851811414E-015
          14          11 -0.39610658102376867     
          14          12   4.2743586448068487E-015
          14          13  -1.1661678567254080E-015
          14          14   7.2543174684647174E-002
          14          15  -6.1756155744774323E-016
          14          16   1.2289431625123189E-015
          14          17  -2.4960615338690286E-002
          14          18   1.1613973671664731E-015
          14          19  -1.7120463779946431E-015
          14          20  -4.0757156180653430E-015
          14          21  -7.8308521484209460E-015
          14          22  -3.1509645824976277E-015
          14          23  -1.1629225015708756E-015
          14          24   1.4062163252681434E-014
          14          25   1.4645762352645848E-015
          14          26   7.3330021004045167E-016
          14          27   2.5662198242111231E-015
          14          28   1.2313034532011811E-015
          14          29   1.7232162478795067E-015
          14          30  -1.3948372500888915E-015
          14          31  -5.6583826871996546E-016
          14          32   3.2582553583072829E-016
          14          33  -7.8896490414282937E-016
          14          34  -7.3465668540704917E-016
          14          35   1.2833467077564429E-015
          14          36  -2.3534605236938389E-015
          15           1  -5.3455422527462961E-016
          15           2  -5.4677131716462502E-015
          15           3  -9.2919725850322279E-015
          15           4  -2.0591568219518552E-015
          15           5   1.6540562348097498E-015
          15           6   1.7636299770023917E-015
          15           7  -1.9778016030480572E-015
          15           8  -1.1397133237167623E-015
          15           9   2.1398500255017959E-002
          15          10  -8.2408038726278237E-015
          15          11  -4.8572257327350618E-016
          15          12 -0.39610658102377044     
          15          13   1.4300626655083807E-015
          15          14  -6.1756155744774323E-016
          15          15   7.2543174684647604E-002
          15          16  -4.5157020484021289E-016
          15          17   3.4781205693334963E-016
          15          18  -2.4960615338689450E-002
          15          19   5.2146600655678128E-015
          15          20   2.8890164401998229E-017
          15          21  -1.1542596449168906E-015
          15          22   1.5566802854932181E-016
          15          23  -2.7390477055685499E-016
          15          24   5.3440173125105870E-015
          15          25  -7.1937277882824177E-016
          15          26  -1.5285787800393156E-016
          15          27   8.9246236150913990E-016
          15          28   6.4192522209066208E-016
          15          29  -1.0338060459123607E-017
          15          30  -4.0970713110289054E-016
          15          31  -3.9684143473299055E-016
          15          32  -6.4352651348696832E-017
          15          33  -4.5290712066295547E-016
          15          34  -3.5043474275659672E-016
          15          35   6.9885675069399000E-016
          15          36  -1.4978185470661658E-015
          16           1  -2.1480321563114851E-015
          16           2   6.5966591442884691E-015
          16           3   6.5968364613517810E-015
          16           4   3.5694596215826509E-015
          16           5   1.4555343938347103E-015
          16           6   2.1157800893276123E-015
          16           7  -9.2623164565250812E-003
          16           8  -2.6371049441364924E-015
          16           9  -2.0080508436604016E-015
          16          10  0.13617660269009074     
          16          11  -6.2909746856298901E-015
          16          12  -3.3133218391156227E-016
          16          13  -2.4960615338689301E-002
          16          14   1.2289431625123189E-015
          16          15  -4.5157020484021289E-016
          16          16   8.5902454018226635E-003
          16          17  -5.9414279052205584E-016
          16          18   1.3071412442028183E-016
          16          19  -2.7342493301946778E-015
          16          20   1.3253571491955392E-015
          16          21  -1.6572584300478301E-015
          16          22   2.4862641053266454E-016
          16          23  -4.4229086111408674E-017
          16          24  -2.1738816924955652E-015
          16          25  -1.5806392080589854E-015
          16          26  -1.4801175443598865E-016
          16          27  -2.0853958754495248E-015
          16          28  -8.9198943971912728E-017
          16          29   2.5782092098176032E-016
          16          30  -1.8939523912409325E-015
          16          31  -1.1196332824548115E-015
          16          32   4.4103839278377891E-016
          16          33  -1.1759297811722426E-015
          16          34   5.4094805396318263E-017
          16          35  -4.8636456169847644E-016
          16          36  -1.0046801231827845E-015
          17           1  -6.9512349730514692E-016
          17           2   1.6367425026791945E-015
          17           3  -1.4104299217380867E-015
          17           4  -7.9737925727551266E-016
          17           5   1.8491721269550814E-015
          17           6  -2.1488380250081055E-015
          17           7  -2.9129259768168048E-015
          17           8  -9.2623164565219622E-003
          17           9   1.8821749714348436E-016
          17          10  -3.6134290004596876E-015
          17          11  0.13617660269009466     
          17          12  -2.1510571102112353E-015
          17          13   9.1213928771205389E-016
          17          14  -2.4960615338690286E-002
          17          15   3.4781205693334963E-016
          17          16  -5.9414279052205584E-016
          17          17   8.5902454018231302E-003
          17          18  -4.4712497593302321E-016
          17          19   1.1857095909289129E-015
          17          20   1.6582432119312969E-015
          17          21   3.0559544660848173E-015
          17          22   7.9766424439546991E-016
          17          23   9.6689789135514114E-016
          17          24  -4.2347604919607171E-015
          17          25  -3.6473815300449265E-016
          17          26  -3.0229347989093504E-016
          17          27  -6.9844794043621584E-016
          17          28  -3.7068180110995260E-016
          17          29  -7.0006865566609305E-016
          17          30   6.1715914547849473E-016
          17          31   1.7250438030563219E-016
          17          32  -1.0007474971025458E-016
          17          33   2.3732412245980170E-016
          17          34   2.3908986225564578E-016
          17          35  -4.1140968438917876E-016
          17          36   7.8566724561376505E-016
          18           1  -9.4576806449066741E-017
          18           2   8.4871210544208905E-016
          18           3   5.2960095031440382E-015
          18           4   1.2532027187742260E-015
          18           5  -6.2061568408130403E-016
          18           6  -6.9468283776186619E-016
          18           7   2.2140763614869603E-015
          18           8  -5.9847959921199648E-017
          18           9  -9.2623164565232754E-003
          18          10   2.5272752640637049E-015
          18          11  -5.0792703376600928E-015
          18          12  0.13617660269008988     
          18          13  -4.1855624868802603E-016
          18          14   1.1613973671664731E-015
          18          15  -2.4960615338689450E-002
          18          16   1.3071412442028183E-016
          18          17  -4.4712497593302321E-016
          18          18   8.5902454018225143E-003
          18          19  -2.7316722196922895E-015
          18          20  -1.1526938316777055E-015
          18          21   4.6698466077916235E-016
          18          22   1.2087279561894155E-015
          18          23  -2.4282091168017992E-015
          18          24  -2.7499066428214198E-015
          18          25   1.5187900419087616E-016
          18          26   2.6612243309532057E-016
          18          27  -5.9081253683601555E-016
          18          28  -4.5729210578092102E-016
          18          29   4.7543089756929596E-016
          18          30   4.0826896030131123E-017
          18          31   1.6135683355275840E-016
          18          32  -3.0257740425890704E-017
          18          33   2.2690803559326228E-016
          18          34   1.7814465214146582E-016
          18          35  -3.5539140681509502E-016
          18          36   5.4010445001261628E-016
          19           1  -7.2251675952674968E-002
          19           2  -1.4067251095142885     
          19           3  -6.4944908225498974     
          19           4  -1.7298671442384137     
          19           5   4.9542294447651458E-003
          19           6  0.10422891650752281     
          19           7  -6.0482078171553866E-015
          19           8   8.0497576769666662E-015
          19           9  -2.5301347330032626E-014
          19          10  -4.0106919670528391E-014
          19          11   9.5431651716916768E-015
          19          12  -2.0646070042263807E-014
          19          13   6.7886485690055137E-015
          19          14  -1.7120463779946431E-015
          19          15   5.2146600655678128E-015
          19          16  -2.7342493301946778E-015
          19          17   1.1857095909289129E-015
          19          18  -2.7316722196922895E-015
          19          19   1.8179444708634529     
          19          20   8.9269302608398340E-002
          19          21   1.7387324411774467     
          19          22  -9.8550024618496504E-002
          19          23  0.19693198341056806     
          19          24   1.8158781474210723     
          19          25  0.59483351379589300     
          19          26  -1.6709095442744223E-002
          19          27  0.60966012636665312     
          19          28   1.8446226408404671E-002
          19          29  -3.6860994881640116E-002
          19          30  0.59522028051867071     
          19          31  -3.9829762542066452E-002
          19          32   4.1253961715586431E-003
          19          33  -4.3490382648412942E-002
          19          34  -4.5542855426065161E-003
          19          35   9.1008042706735726E-003
          19          36  -3.9925253405885333E-002
          20           1  -1.0775492996887806E-015
          20           2  -7.1885680749971352E-015
          20           3  -1.9699604911216983E-014
          20           4  -2.0424849982911008E-014
          20           5  -8.6059032652090851E-015
          20           6  -3.7361120831861363E-016
          20           7  -8.0582146235740036E-016
          20           8   1.9461043240539417E-016
          20           9   2.9326884094705448E-016
          20          10   1.4839031242726755E-014
          20          11   2.1497819578009623E-014
          20          12   3.7029899910646260E-015
          20          13  -3.2359265380580137E-015
          20          14  -4.0757156180653430E-015
          20          15   2.8890164401998229E-017
          20          16   1.3253571491955392E-015
          20          17   1.6582432119312969E-015
          20          18  -1.1526938316777055E-015
          20          19   8.9269302608398340E-002
          20          20  0.29413766697275934     
          20          21 -0.17173017792100700     
          20          22 -0.32471715891578073     
          20          23  0.64888054975409182     
          20          24   8.2460875312625137E-002
          20          25  -1.6709095442735349E-002
          20          26  -5.5055592540179665E-002
          20          27   3.2143814832632678E-002
          20          28   6.0779347902176775E-002
          20          29 -0.12145504355896634     
          20          30  -1.5434719389868847E-002
          20          31   4.1253961715576907E-003
          20          32   1.3592963872058746E-002
          20          33  -7.9361549584830403E-003
          20          34  -1.5006131840259824E-002
          20          35   2.9986672434259062E-002
          20          36   3.8107587869287366E-003
          21           1  -7.2251675952673122E-002
          21           2  -1.4067251095142728     
          21           3  -6.4944908225498237     
          21           4  -1.7298671442383806     
          21           5   4.9542294447726494E-003
          21           6  0.10422891650752211     
          21           7  -5.8971999121684629E-016
          21           8   1.3465383701804153E-014
          21           9  -2.0335068680400870E-014
          21          10  -1.7012858898729679E-014
          21          11   4.4139644119369299E-014
          21          12   1.1135962224628583E-014
          21          13   3.0935062909854899E-015
          21          14  -7.8308521484209460E-015
          21          15  -1.1542596449168906E-015
          21          16  -1.6572584300478301E-015
          21          17   3.0559544660848173E-015
          21          18   4.6698466077916235E-016
          21          19   1.7387324411774467     
          21          20 -0.17173017792100700     
          21          21   1.8911151254147278     
          21          22  0.18958379607932008     
          21          23 -0.37884427861825071     
          21          24   1.7427074928697359     
          21          25  0.60966012636664046     
          21          26   3.2143814832621097E-002
          21          27  0.58113770331252246     
          21          28  -3.5485588556501801E-002
          21          29   7.0910660489184194E-002
          21          30  0.60891609100201316     
          21          31  -4.3490382648413296E-002
          21          32  -7.9361549584803098E-003
          21          33  -3.6448332091328431E-002
          21          34   8.7612229924710627E-003
          21          35  -1.7507504718436217E-002
          21          36  -4.3306683856624777E-002
          22           1  -6.6540607568323274E-017
          22           2   1.2518912852091149E-014
          22           3   2.6321583614605817E-014
          22           4   2.3808496026719275E-014
          22           5   9.6166206561332945E-015
          22           6   4.9978753792959702E-016
          22           7  -3.2206237313869750E-016
          22           8   1.7700694721016474E-015
          22           9  -1.0368822461128100E-015
          22          10   1.0802260579276241E-014
          22          11   1.8298581562598853E-014
          22          12  -5.1588428890113525E-015
          22          13  -1.4032977510560082E-015
          22          14  -3.1509645824976277E-015
          22          15   1.5566802854932181E-016
          22          16   2.4862641053266454E-016
          22          17   7.9766424439546991E-016
          22          18   1.2087279561894155E-015
          22          19  -9.8550024618496504E-002
          22          20 -0.32471715891578073     
          22          21  0.18958379607932008     
          22          22  0.35847579257539119     
          22          23 -0.71634024557409759     
          22          24  -9.1033771460845417E-002
          22          25   1.8446226408398006E-002
          22          26   6.0779347902176907E-002
          22          27  -3.5485588556511585E-002
          22          28  -6.7098163165129260E-002
