           1           1   2.1849074335866385     
           1           2 -0.65345021936179704     
           1           3   7.5988855281382800E-002
           1           4  0.10883275382384991     
           1           5   2.6093654640619718E-002
           1           6   2.3358699146468686E-015
           1           7   2.0389522250544079E-015
           1           8   9.6231519056749248E-015
           1           9   1.5096024828377897E-015
           1          10  -3.8406362817787858E-015
           1          11   2.2631550423526266E-015
           1          12   3.3793784539275187E-015
           1          13   5.4768957265072232E-015
           1          14  -2.0767282784714988E-015
           1          15  -2.7908592131114211E-015
           1          16  -1.6356394528927052E-015
           1          17   4.2152246171267846E-015
           1          18  -7.7215093708692846E-003
           1          19  -1.8072893484398053E-006
           1          20  -7.7924824313440290E-003
           1          21  -3.5526670603971562E-006
           1          22  -1.6117615009491508E-004
           1          23  -7.9958585221614267E-003
           1          24  -9.3393625075595867E-003
           1          25  -6.1481027479467884E-006
           1          26  -9.5808012487709534E-003
           1          27  -1.2085592237189955E-005
           1          28  -5.4829489560800904E-004
           1          29  -1.0272653438962349E-002
           2           1 -0.65345021936179704     
           2           2   2.3214153224349792     
           2           3 -0.19967256907996006     
           2           4 -0.32026736398083078     
           2           5  -7.3215635993331446E-002
           2           6  -5.8579965847243633E-015
           2           7  -7.0604742977920163E-015
           2           8  -2.8102277207777261E-014
           2           9   2.4284735058600571E-015
           2          10   9.7332402967869194E-015
           2          11  -3.2353249338600962E-015
           2          12  -7.7684018065030288E-015
           2          13  -1.3997523707560514E-014
           2          14   6.9302257499145377E-015
           2          15   9.5546735918618952E-015
           2          16   5.6280909321107284E-015
           2          17  -1.0906127966212962E-014
           2          18   1.2227604837673697E-002
           2          19   7.6539578351897603E-006
           2          20   1.2528179182708940E-002
           2          21   1.5045716915644270E-005
           2          22   6.8258879386716605E-004
           2          23   1.3389486767238980E-002
           2          24   2.5467777017820818E-002
           2          25   1.8468173185540344E-005
           2          26   2.6193030428047489E-002
           2          27   3.6303689050850328E-005
           2          28   1.6470129891112740E-003
           2          29   2.8271272543590104E-002
           3           1   7.5988855281382800E-002
           3           2 -0.19967256907996006     
           3           3  0.46774155631413650     
           3           4  0.51428357722261331     
           3           5   4.3740501367236576E-002
           3           6   7.9014927985592395E-015
           3           7  -2.3581033626178231E-015
           3           8   1.6185428699905452E-015
           3           9  -1.4861718689933840E-014
           3          10  -1.1522226638674858E-014
           3          11  -5.4624674094523509E-015
           3          12   2.6008567631573924E-014
           3          13   2.7680395949254238E-014
           3          14  -4.0789750353271934E-015
           3          15  -1.0650699489468810E-014
           3          16  -1.0408968871860580E-014
           3          17   3.1017981487508726E-015
           3          18   1.4685921331867201E-002
           3          19  -5.9805891271953987E-006
           3          20   1.4451060922495481E-002
           3          21  -1.1756303475341130E-005
           3          22  -5.3335584431288101E-004
           3          23   1.3778059199969155E-002
           3          24  -4.4591422022331991E-003
           3          25  -3.8168575638133600E-005
           3          26  -5.9580392167442120E-003
           3          27  -7.5029624639377511E-005
           3          28  -3.4039176065060930E-003
           3          29  -1.0253187448413305E-002
           4           1  0.10883275382384991     
           4           2 -0.32026736398083078     
           4           3  0.51428357722261331     
           4           4  0.57023361948359641     
           4           5   5.0604702533486111E-002
           4           6   1.1957197544025923E-014
           4           7  -3.7265783119440840E-016
           4           8  -2.0167946587918483E-014
           4           9  -2.4633680744738948E-014
           4          10  -8.7202778123845168E-015
           4          11  -6.0147201624783643E-015
           4          12   2.1806933777113170E-014
           4          13   3.2676209642636386E-014
           4          14  -5.3555650141748378E-015
           4          15  -1.1830887917429380E-014
           4          16  -1.1188985948645073E-014
           4          17   3.7828228102957129E-015
           4          18   1.5639702336174028E-002
           4          19  -1.2730967015816457E-005
           4          20   1.5139751571418392E-002
           4          21  -2.5025814086899751E-005
           4          22  -1.1353623326219465E-003
           4          23   1.3707123029819168E-002
           4          24  -5.8285666029883826E-003
           4          25  -4.4000214069579553E-005
           4          26  -7.5564746636337804E-003
           4          27  -8.6493129245009619E-005
           4          28  -3.9239898492828247E-003
           4          29  -1.2507863037434971E-002
           5           1   2.6093654640619718E-002
           5           2  -7.3215635993331446E-002
           5           3   4.3740501367236576E-002
           5           4   5.0604702533486111E-002
           5           5   5.4437034987190793E-003
           5           6  -1.0317105327977830E-015
           5           7  -6.4156117033362322E-015
           5           8   5.8424002589240137E-014
           5           9   1.0734145212833262E-015
           5          10  -7.9597343847439749E-015
           5          11  -6.2056370381989337E-015
           5          12   3.8143844368613057E-015
           5          13  -2.1253710647140717E-015
           5          14  -3.5426073217998495E-015
           5          15  -9.9135933468226805E-016
           5          16  -8.5320206384593807E-016
           5          17   5.5012849862468511E-016
           5          18   9.9323291533845860E-004
           5          19  -2.1831527443569755E-006
           5          20   9.0749953157663577E-004
           5          21  -4.2915180447388068E-006
           5          22  -1.9469608095106384E-004
           5          23   6.6182715504600818E-004
           5          24  -9.6230947689280634E-004
           5          25  -4.1100377951551193E-006
           5          26  -1.1237124969967302E-003
           5          27  -8.0792795613198758E-006
           5          28  -3.6653791191642823E-004
           5          29  -1.5862191866995502E-003
           6           1   2.3358699146468686E-015
           6           2  -5.8579965847243633E-015
           6           3   7.9014927985592395E-015
           6           4   1.1957197544025923E-014
           6           5  -1.0317105327977830E-015
           6           6   2.1697289007191216     
           6           7  -3.4176371964059725E-004
           6           8  -6.7181976754271747E-004
           6           9 -0.40557390282113931     
           6          10   8.1952764540431378E-004
           6          11   1.6109810391294471E-003
           6          12 -0.24906690686572519     
           6          13   5.8835464731467682E-004
           6          14   1.1565542497881717E-003
           6          15  -9.1057529771496979E-003
           6          16   4.2204122461641418E-005
           6          17   8.2962474105041694E-005
           6          18  -5.5535526879682154E-016
           6          19   1.4074805310449733E-015
           6          20  -2.5296590488096416E-015
           6          21  -9.4753355329273578E-016
           6          22  -2.0234465657588722E-016
           6          23  -8.4321648219081777E-017
           6          24  -1.0441512673918448E-015
           6          25  -2.3062717710080259E-016
           6          26  -6.7496460576051672E-016
           6          27  -1.5411386053596100E-015
           6          28  -2.0099838873514552E-015
           6          29  -3.2323076279236249E-016
           7           1   2.0389522250544079E-015
           7           2  -7.0604742977920163E-015
           7           3  -2.3581033626178231E-015
           7           4  -3.7265783119440840E-016
           7           5  -6.4156117033362322E-015
           7           6  -3.4176371964059725E-004
           7           7   2.1542314178039517     
           7           8  -3.0478882707197411E-002
           7           9   8.1952764529478334E-004
           7          10 -0.36841192516067922     
           7          11   7.3086420835013377E-002
           7          12   5.8835464728593245E-004
           7          13 -0.22238760886732178     
           7          14   5.2470146204962570E-002
           7          15   4.2204122457506705E-005
           7          16  -7.1919814724773169E-003
           7          17   3.7638123258370614E-003
           7          18   5.8805811426476527E-015
           7          19  -1.8358239111109252E-017
           7          20   4.9411903245535695E-015
           7          21  -3.8340735311098206E-015
           7          22   2.5640154437263433E-015
           7          23   7.7444686023524894E-015
           7          24  -1.3030120229485770E-015
           7          25  -2.5017880356747639E-015
           7          26   1.7720604921062087E-015
           7          27   7.2855853150846438E-016
           7          28  -1.6339609914618960E-015
           7          29   2.4170353388581203E-015
           8           1   9.6231519056749248E-015
           8           2  -2.8102277207777261E-014
           8           3   1.6185428699905452E-015
           8           4  -2.0167946587918483E-014
           8           5   5.8424002589240137E-014
           8           6  -6.7181976754271747E-004
           8           7  -3.0478882707197411E-002
           8           8   2.1098227721774760     
           8           9   1.6109810389015392E-003
           8          10   7.3086420834772348E-002
           8          11 -0.26192281944569556     
           8          12   1.1565542497476555E-003
           8          13   5.2470146204907517E-002
           8          14 -0.14593703320140761     
           8          15   8.2962474081782467E-005
           8          16   3.7638123258203829E-003
           8          17  -1.7079941042715888E-003
           8          18   2.1359705816443653E-015
           8          19  -3.6640155756816570E-015
           8          20  -3.6213769131889594E-015
           8          21   2.3056087756319717E-015
           8          22   3.9238288537187052E-015
           8          23  -2.0037941300082690E-016
           8          24  -2.1148830220521910E-014
           8          25   1.3039633762733745E-015
           8          26  -1.3643272588415231E-014
           8          27  -3.6871457233772910E-015
           8          28  -1.4583198949302249E-015
           8          29  -1.5997977109377659E-014
           9           1   1.5096024828377897E-015
           9           2   2.4284735058600571E-015
           9           3  -1.4861718689933840E-014
           9           4  -2.4633680744738948E-014
           9           5   1.0734145212833262E-015
           9           6 -0.40557390282113931     
           9           7   8.1952764529478334E-004
           9           8   1.6109810389015392E-003
           9           9  0.94059073316897401     
           9          10  -1.9349458377415640E-003
           9          11  -3.8036069604576242E-003
           9          12  0.64411634749624169     
           9          13  -1.4644527697667553E-003
           9          14  -2.8787383293506288E-003
           9          15   1.2848551758650852E-002
           9          16  -9.4647437382109267E-005
           9          17  -1.8605257295626406E-004
           9          18   4.9202084076438147E-016
           9          19  -2.1597263953765001E-016
           9          20   1.6360508350146934E-015
           9          21   5.1800184908911363E-015
           9          22   1.4121822114697394E-015
           9          23  -5.4323813191291154E-016
           9          24   2.4792784140415015E-015
           9          25  -1.0285756569127116E-015
           9          26   2.0341093003289905E-015
           9          27   1.8000079388198615E-015
           9          28  -2.8036247633170354E-016
           9          29  -2.7950847993576834E-016
          10           1  -3.8406362817787858E-015
          10           2   9.7332402967869194E-015
          10           3  -1.1522226638674858E-014
          10           4  -8.7202778123845168E-015
          10           5  -7.9597343847439749E-015
          10           6   8.1952764540431378E-004
          10           7 -0.36841192516067922     
          10           8   7.3086420834772348E-002
          10           9  -1.9349458377415640E-003
          10          10  0.85284944167920607     
          10          11 -0.17256070204454843     
          10          12  -1.4644527698979420E-003
          10          13  0.57770984926932689     
          10          14 -0.13060158745976330     
          10          15  -9.4647437370748129E-005
          10          16   8.5567063596220690E-003
          10          17  -8.4407676539519569E-003
          10          18  -5.3786078538135852E-016
          10          19  -6.5168878330650247E-016
          10          20   8.1673694220698767E-016
          10          21   2.2496509562865955E-015
          10          22   1.4596939563204509E-015
          10          23  -4.9550888945879606E-015
          10          24   2.2578133258052729E-015
          10          25  -5.7349584336870222E-017
          10          26   2.0194328928876861E-015
          10          27   2.2627597262480316E-017
          10          28   4.2841208704454119E-015
          10          29   2.7172496309588235E-015
          11           1   2.2631550423526266E-015
          11           2  -3.2353249338600962E-015
          11           3  -5.4624674094523509E-015
          11           4  -6.0147201624783643E-015
          11           5  -6.2056370381989337E-015
          11           6   1.6109810391294471E-003
          11           7   7.3086420835013377E-002
          11           8 -0.26192281944569556     
          11           9  -3.8036069604576242E-003
          11          10 -0.17256070204454843     
          11          11  0.60142332677936605     
          11          12  -2.8787383296209057E-003
          11          13 -0.13060158746004771     
          11          14  0.38741942192593459     
          11          15  -1.8605257292637076E-004
          11          16  -8.4407676539238335E-003
          11          17  -3.7417451003514068E-003
          11          18  -1.1623076379993714E-015
          11          19   7.3013112108010666E-016
          11          20  -1.5039462251382552E-015
          11          21  -1.4899854486874510E-016
          11          22  -1.8174532340717977E-015
          11          23   4.0598417867404332E-016
          11          24   3.6946034567550557E-016
          11          25   1.8154369697334481E-016
          11          26   7.5093007767305374E-016
          11          27   3.0326664028335697E-016
          11          28  -2.3432788921237673E-015
          11          29   7.6119879859998374E-016
          12           1   3.3793784539275187E-015
          12           2  -7.7684018065030288E-015
          12           3   2.6008567631573924E-014
          12           4   2.1806933777113170E-014
          12           5   3.8143844368613057E-015
          12           6 -0.24906690686572519     
          12           7   5.8835464728593245E-004
          12           8   1.1565542497476555E-003
          12           9  0.64411634749624169     
          12          10  -1.4644527698979420E-003
          12          11  -2.8787383296209057E-003
          12          12  0.44162834291687764     
          12          13  -1.0913638950741447E-003
          12          14  -2.1453413458475436E-003
          12          15   8.8113846158799115E-003
          12          16  -6.2853797003121353E-005
          12          17  -1.2355443502742067E-004
          12          18   3.7111073553383888E-016
          12          19  -1.1226834439572402E-016
          12          20   1.9331601396830128E-015
          12          21   3.6458593782499765E-015
          12          22   2.7999569718572566E-015
          12          23   2.8094823837191061E-015
          12          24   8.6598460211328074E-016
          12          25  -7.0289886397467937E-016
          12          26   7.8181786785163232E-016
          12          27   1.2331691014343726E-015
          12          28   1.2326925184178340E-016
          12          29  -3.7426416421533468E-016
          13           1   5.4768957265072232E-015
          13           2  -1.3997523707560514E-014
          13           3   2.7680395949254238E-014
          13           4   3.2676209642636386E-014
          13           5  -2.1253710647140717E-015
          13           6   5.8835464731467682E-004
          13           7 -0.22238760886732178     
          13           8   5.2470146204907517E-002
          13           9  -1.4644527697667553E-003
          13          10  0.57770984926932689     
          13          11 -0.13060158746004771     
          13          12  -1.0913638950741447E-003
          13          13  0.39213978578965525     
          13          14  -9.7329091195650086E-002
          13          15  -6.2853796996047585E-005
          13          16   5.9612411048384963E-003
          13          17  -5.6053741270792531E-003
          13          18  -2.1808310175878158E-016
          13          19  -4.4206690697060439E-016
          13          20   1.4207534322677048E-015
          13          21   1.5267599337804329E-015
          13          22   2.7491551901207517E-015
          13          23  -4.2384207981280964E-016
          13          24   7.2776884021668096E-016
          13          25  -8.5752591651106671E-017
          13          26   6.9732300083618044E-016
          13          27   3.8151518745491006E-017
          13          28   3.2768603345843043E-015
          13          29   1.5751796665008617E-015
          14           1  -2.0767282784714988E-015
          14           2   6.9302257499145377E-015
          14           3  -4.0789750353271934E-015
          14           4  -5.3555650141748378E-015
          14           5  -3.5426073217998495E-015
          14           6   1.1565542497881717E-003
          14           7   5.2470146204962570E-002
          14           8 -0.14593703320140761     
          14           9  -2.8787383293506288E-003
          14          10 -0.13060158745976330     
          14          11  0.38741942192593459     
          14          12  -2.1453413458475436E-003
          14          13  -9.7329091195650086E-002
          14          14  0.25032838275273511     
          14          15  -1.2355443500855707E-004
          14          16  -5.6053741270609605E-003
          14          17  -2.2059570035833026E-003
          14          18  -8.6363416352196125E-016
          14          19   4.5450751533043886E-016
          14          20  -1.0276570438773067E-015
          14          21  -1.2671326357940671E-016
          14          22  -8.6849823968400849E-016
          14          23   7.7397586315733843E-016
          14          24  -1.4563580779722277E-017
          14          25   1.4324307260384952E-016
          14          26   3.6647779340074149E-016
          14          27   1.5405358390150942E-016
          14          28  -1.5320425205022374E-015
          14          29   4.5931463965278328E-016
          15           1  -2.7908592131114211E-015
          15           2   9.5546735918618952E-015
          15           3  -1.0650699489468810E-014
          15           4  -1.1830887917429380E-014
          15           5  -9.9135933468226805E-016
          15           6  -9.1057529771496979E-003
          15           7   4.2204122457506705E-005
          15           8   8.2962474081782467E-005
          15           9   1.2848551758650852E-002
          15          10  -9.4647437370748129E-005
          15          11  -1.8605257292637076E-004
          15          12   8.8113846158799115E-003
          15          13  -6.2853796996047585E-005
          15          14  -1.2355443500855707E-004
          15          15   2.1445455652184395E-004
          15          16  -3.7616434518913614E-007
          15          17  -7.3944256947197842E-007
          15          18   9.7538975461466333E-018
          15          19  -1.2738542206957189E-017
          15          20  -1.8816749560308408E-016
          15          21   7.8091928578519365E-017
          15          22  -4.6664951317594029E-016
          15          23  -8.1175668765406227E-016
          15          24   2.6948802541220179E-016
          15          25  -1.0115433445489393E-017
          15          26   2.5842239206745665E-016
          15          27   2.5927857848425321E-017
          15          28  -8.7320198003951940E-017
          15          29   1.1839341859282680E-016
          16           1  -1.6356394528927052E-015
          16           2   5.6280909321107284E-015
          16           3  -1.0408968871860580E-014
          16           4  -1.1188985948645073E-014
          16           5  -8.5320206384593807E-016
          16           6   4.2204122461641418E-005
          16           7  -7.1919814724773169E-003
          16           8   3.7638123258203829E-003
          16           9  -9.4647437382109267E-005
          16          10   8.5567063596220690E-003
          16          11  -8.4407676539238335E-003
          16          12  -6.2853797003121353E-005
          16          13   5.9612411048384963E-003
          16          14  -5.6053741270609605E-003
          16          15  -3.7616434518913614E-007
          16          16   1.9739715636810611E-004
          16          17  -3.3546770232722506E-005
          16          18   7.4582168090449840E-017
          16          19  -2.4547281725442384E-017
          16          20  -1.9887329041400743E-016
          16          21   1.8862136086516747E-017
          16          22  -5.8994321151883531E-016
          16          23  -1.0663166401330313E-015
          16          24   2.8629526535893610E-016
          16          25  -4.5079632960247514E-018
          16          26   2.0769092431120490E-016
          16          27  -5.2938806081774076E-018
          16          28  -5.7512791004180649E-017
          16          29   4.9409012881112364E-017
          17           1   4.2152246171267846E-015
          17           2  -1.0906127966212962E-014
          17           3   3.1017981487508726E-015
          17           4   3.7828228102957129E-015
          17           5   5.5012849862468511E-016
          17           6   8.2962474105041694E-005
          17           7   3.7638123258370614E-003
          17           8  -1.7079941042715888E-003
          17           9  -1.8605257295626406E-004
          17          10  -8.4407676539519569E-003
          17          11  -3.7417451003514068E-003
          17          12  -1.2355443502742067E-004
          17          13  -5.6053741270792531E-003
          17          14  -2.2059570035833026E-003
          17          15  -7.3944256947197842E-007
          17          16  -3.3546770232722506E-005
          17          17   1.4851850667124065E-004
          17          18  -5.0187708957209738E-017
          17          19   8.9498837791997406E-018
          17          20  -2.7103416761256054E-019
          17          21  -3.2643121248312162E-017
          17          22   1.0069094387539608E-016
          17          23   1.8735876883519629E-016
          17          24  -1.6320343767165386E-016
          17          25  -4.9327713224994151E-019
          17          26  -1.6353771319676616E-016
          17          27   1.8275336056991340E-019
          17          28  -1.5442084185128528E-017
          17          29  -1.4932181229783368E-016
          18           1  -7.7215093708692846E-003
          18           2   1.2227604837673697E-002
          18           3   1.4685921331867201E-002
          18           4   1.5639702336174028E-002
          18           5   9.9323291533845860E-004
          18           6  -5.5535526879682154E-016
          18           7   5.8805811426476527E-015
          18           8   2.1359705816443653E-015
          18           9   4.9202084076438147E-016
          18          10  -5.3786078538135852E-016
          18          11  -1.1623076379993714E-015
          18          12   3.7111073553383888E-016
          18          13  -2.1808310175878158E-016
          18          14  -8.6363416352196125E-016
          18          15   9.7538975461466333E-018
          18          16   7.4582168090449840E-017
          18          17  -5.0187708957209738E-017
          18          18   1.0590124847250405E-003
          18          19  -8.1726133377751036E-006
          18          20   7.3807030816536233E-004
          18          21  -1.6065260520746590E-005
          18          22  -7.2884308589066802E-004
          18          23  -1.8160209682063376E-004
          18          24   2.4074473685446152E-004
          18          25  -3.8059437562105217E-006
          18          26   9.1283625430001327E-005
          18          27  -7.4815087223359150E-006
          18          28  -3.3941845487069311E-004
          18          29  -3.3700305619987781E-004
          19           1  -1.8072893484398053E-006
          19           2   7.6539578351897603E-006
          19           3  -5.9805891271953987E-006
          19           4  -1.2730967015816457E-005
          19           5  -2.1831527443569755E-006
          19           6   1.4074805310449733E-015
          19           7  -1.8358239111109252E-017
          19           8  -3.6640155756816570E-015
          19           9  -2.1597263953765001E-016
          19          10  -6.5168878330650247E-016
          19          11   7.3013112108010666E-016
          19          12  -1.1226834439572402E-016
          19          13  -4.4206690697060439E-016
          19          14   4.5450751533043886E-016
          19          15  -1.2738542206957189E-017
          19          16  -2.4547281725442384E-017
          19          17   8.9498837791997406E-018
          19          18  -8.1726133377751036E-006
          19          19   1.4904108888445867E-007
          19          20  -2.3197032006888383E-006
          19          21   2.9297653298366496E-007
          19          22   1.3291656246193528E-005
          19          23   1.4452040543216252E-005
          19          24  -3.2400658220765752E-006
          19          25   4.9176972527172702E-008
          19          26  -1.3088641431502670E-006
          19          27   9.6669307938748357E-008
          19          28   4.3856591434595415E-006
          19          29   4.2250700739096589E-006
          20           1  -7.7924824313440290E-003
          20           2   1.2528179182708940E-002
          20           3   1.4451060922495481E-002
          20           4   1.5139751571418392E-002
          20           5   9.0749953157663577E-004
          20           6  -2.5296590488096416E-015
          20           7   4.9411903245535695E-015
          20           8  -3.6213769131889594E-015
          20           9   1.6360508350146934E-015
          20          10   8.1673694220698767E-016
          20          11  -1.5039462251382552E-015
          20          12   1.9331601396830128E-015
          20          13   1.4207534322677048E-015
          20          14  -1.0276570438773067E-015
          20          15  -1.8816749560308408E-016
          20          16  -1.9887329041400743E-016
          20          17  -2.7103416761256054E-019
          20          18   7.3807030816536233E-004
          20          19  -2.3197032006888383E-006
          20          20   6.4697452718163128E-004
          20          21  -4.5599411979803606E-006
          20          22  -2.0687380772522795E-004
          20          23   3.8593599094987300E-004
          20          24   1.1350590471904453E-004
          20          25  -1.8747420775140873E-006
          20          26   3.9883945901693382E-005
          20          27  -3.6852618170068182E-006
          20          28  -1.6719166121519579E-004
          20          29  -1.7108266699323888E-004
          21           1  -3.5526670603971562E-006
          21           2   1.5045716915644270E-005
          21           3  -1.1756303475341130E-005
          21           4  -2.5025814086899751E-005
          21           5  -4.2915180447388068E-006
          21           6  -9.4753355329273578E-016
          21           7  -3.8340735311098206E-015
          21           8   2.3056087756319717E-015
          21           9   5.1800184908911363E-015
          21          10   2.2496509562865955E-015
          21          11  -1.4899854486874510E-016
          21          12   3.6458593782499765E-015
          21          13   1.5267599337804329E-015
          21          14  -1.2671326357940671E-016
          21          15   7.8091928578519365E-017
          21          16   1.8862136086516747E-017
          21          17  -3.2643121248312162E-017
          21          18  -1.6065260520746590E-005
          21          19   2.9297653298366496E-007
          21          20  -4.5599411979803606E-006
          21          21   5.7591667855882798E-007
          21          22   2.6127985200371936E-005
          21          23   2.8409002943249450E-005
          21          24  -6.3691379220143503E-006
          21          25   9.6669307918763806E-008
          21          26  -2.5728910170181827E-006
          21          27   1.9002705158925989E-007
          21          28   8.6210804036701171E-006
          21          29   8.3054035045804456E-006
          22           1  -1.6117615009491508E-004
          22           2   6.8258879386716605E-004
          22           3  -5.3335584431288101E-004
          22           4  -1.1353623326219465E-003
          22           5  -1.9469608095106384E-004
          22           6  -2.0234465657588722E-016
          22           7   2.5640154437263433E-015
          22           8   3.9238288537187052E-015
          22           9   1.4121822114697394E-015
          22          10   1.4596939563204509E-015
          22          11  -1.8174532340717977E-015
          22          12   2.7999569718572566E-015
          22          13   2.7491551901207517E-015
          22          14  -8.6849823968400849E-016
          22          15  -4.6664951317594029E-016
          22          16  -5.8994321151883531E-016
          22          17   1.0069094387539608E-016
          22          18  -7.2884308589066802E-004
          22          19   1.3291656246193528E-005
          22          20  -2.0687380772522795E-004
          22          21   2.6127985200371936E-005
          22          22   1.1853652377964985E-003
          22          23   1.2888496478786907E-003
          22          24  -2.8895280779843500E-004
          22          25   4.3856591429121330E-006
          22          26  -1.1672601414393423E-004
          22          27   8.6210804043762986E-006
          22          28   3.9111814192266088E-004
          22          29   3.7679662354818508E-004
          23           1  -7.9958585221614267E-003
          23           2   1.3389486767238980E-002
          23           3   1.3778059199969155E-002
          23           4   1.3707123029819168E-002
          23           5   6.6182715504600818E-004
          23           6  -8.4321648219081777E-017
          23           7   7.7444686023524894E-015
          23           8  -2.0037941300082690E-016
          23           9  -5.4323813191291154E-016
          23          10  -4.9550888945879606E-015
          23          11   4.0598417867404332E-016
          23          12   2.8094823837191061E-015
          23          13  -4.2384207981280964E-016
          23          14   7.7397586315733843E-016
          23          15  -8.1175668765406227E-016
          23          16  -1.0663166401330313E-015
          23          17   1.8735876883519629E-016
          23          18  -1.8160209682063376E-004
          23          19   1.4452040543216252E-005
          23          20   3.8593599094987300E-004
          23          21   2.8409002943249450E-005
          23          22   1.2888496478786907E-003
          23          23   2.0122386591915026E-003
          23          24  -2.5110196330478787E-004
          23          25   3.6591921388781052E-006
          23          26  -1.0740385338754637E-004
          23          27   7.1930327055280987E-006
          23          28   3.2633097647897472E-004
          23          29   3.0436872121284662E-004
          24           1  -9.3393625075595867E-003
          24           2   2.5467777017820818E-002
          24           3  -4.4591422022331991E-003
          24           4  -5.8285666029883826E-003
          24           5  -9.6230947689280634E-004
          24           6  -1.0441512673918448E-015
          24           7  -1.3030120229485770E-015
          24           8  -2.1148830220521910E-014
          24           9   2.4792784140415015E-015
          24          10   2.2578133258052729E-015
          24          11   3.6946034567550557E-016
          24          12   8.6598460211328074E-016
          24          13   7.2776884021668096E-016
          24          14  -1.4563580779722277E-017
          24          15   2.6948802541220179E-016
          24          16   2.8629526535893610E-016
          24          17  -1.6320343767165386E-016
          24          18   2.4074473685446152E-004
          24          19  -3.2400658220765752E-006
          24          20   1.1350590471904453E-004
          24          21  -6.3691379220143503E-006
          24          22  -2.8895280779843500E-004
          24          23  -2.5110196330478787E-004
          24          24   3.6855179645053785E-004
          24          25  -7.0993873060021926E-007
          24          26   3.4067218535175584E-004
          24          27  -1.3955573568054465E-006
          24          28  -6.3313155051450014E-005
          24          29   2.6078206537929094E-004
          25           1  -6.1481027479467884E-006
          25           2   1.8468173185540344E-005
          25           3  -3.8168575638133600E-005
          25           4  -4.4000214069579553E-005
          25           5  -4.1100377951551193E-006
          25           6  -2.3062717710080259E-016
          25           7  -2.5017880356747639E-015
          25           8   1.3039633762733745E-015
          25           9  -1.0285756569127116E-015
          25          10  -5.7349584336870222E-017
          25          11   1.8154369697334481E-016
          25          12  -7.0289886397467937E-016
          25          13  -8.5752591651106671E-017
          25          14   1.4324307260384952E-016
          25          15  -1.0115433445489393E-017
          25          16  -4.5079632960247514E-018
          25          17  -4.9327713224994151E-019
          25          18  -3.8059437562105217E-006
          25          19   4.9176972527172702E-008
          25          20  -1.8747420775140873E-006
          25          21   9.6669307918763806E-008
          25          22   4.3856591429121330E-006
          25          23   3.6591921388781052E-006
          25          24  -7.0993873060021926E-007
          25          25   1.9033652298408081E-008
          25          26   3.7521297576542003E-008
          25          27   3.7415275900458266E-008
          25          28   1.6974430701366156E-006
          25          29   2.1793973486033585E-006
          26           1  -9.5808012487709534E-003
          26           2   2.6193030428047489E-002
          26           3  -5.9580392167442120E-003
          26           4  -7.5564746636337804E-003
          26           5  -1.1237124969967302E-003
          26           6  -6.7496460576051672E-016
          26           7   1.7720604921062087E-015
          26           8  -1.3643272588415231E-014
          26           9   2.0341093003289905E-015
          26          10   2.0194328928876861E-015
          26          11   7.5093007767305374E-016
          26          12   7.8181786785163232E-016
          26          13   6.9732300083618044E-016
          26          14   3.6647779340074149E-016
          26          15   2.5842239206745665E-016
          26          16   2.0769092431120490E-016
          26          17  -1.6353771319676616E-016
          26          18   9.1283625430001327E-005
          26          19  -1.3088641431502670E-006
          26          20   3.9883945901693382E-005
          26          21  -2.5728910170181827E-006
          26          22  -1.1672601414393423E-004
          26          23  -1.0740385338754637E-004
          26          24   3.4067218535175584E-004
          26          25   3.7521297576542003E-008
          26          26   3.4214566345323904E-004
          26          27   7.3757241377943921E-008
          26          28   3.3461925682855479E-006
          26          29   3.4636797279028364E-004
          27           1  -1.2085592237189955E-005
          27           2   3.6303689050850328E-005
          27           3  -7.5029624639377511E-005
          27           4  -8.6493129245009619E-005
          27           5  -8.0792795613198758E-006
          27           6  -1.5411386053596100E-015
          27           7   7.2855853150846438E-016
          27           8  -3.6871457233772910E-015
          27           9   1.8000079388198615E-015
          27          10   2.2627597262480316E-017
          27          11   3.0326664028335697E-016
          27          12   1.2331691014343726E-015
          27          13   3.8151518745491006E-017
          27          14   1.5405358390150942E-016
          27          15   2.5927857848425321E-017
          27          16  -5.2938806081774076E-018
          27          17   1.8275336056991340E-019
          27          18  -7.4815087223359150E-006
          27          19   9.6669307938748357E-008
          27          20  -3.6852618170068182E-006
          27          21   1.9002705158925989E-007
          27          22   8.6210804043762986E-006
          27          23   7.1930327055280987E-006
          27          24  -1.3955573568054465E-006
          27          25   3.7415275900458266E-008
          27          26   7.3757241377943921E-008
          27          27   7.3548830710987436E-008
          27          28   3.3367374689194159E-006
          27          29   4.2841358979458659E-006
          28           1  -5.4829489560800904E-004
