           1           1   2.2330498009027315     
           1           2 -0.73367463352587903     
           1           3  0.61883494349858537     
           1           4  0.44218658924104148     
           1           5  0.37605633821710527     
           1           6   4.2062198873844857E-016
           1           7   5.5193572687573806E-014
           1           8   4.1101145945198456E-014
           1           9   7.0383048866078893E-015
           1          10  -1.9090166659819997E-014
           1          11  -7.0026598570142539E-015
           1          12  -6.4629856922231462E-015
           1          13   1.0455304742504839E-014
           1          14   4.4517239721451271E-015
           1          15   1.6014550814736802E-015
           1          16  -4.6635041575299513E-015
           1          17   2.9400926536187526E-015
           1          18 -0.39163090357353991     
           1          19   9.5027496604836365E-016
           1          20 -0.39163090357354174     
           1          21   6.0335838126059115E-016
           1          22  -5.9634450087933982E-015
           1          23 -0.39163090357354036     
           1          24 -0.17812260875512625     
           1          25   4.9595349330067941E-015
           1          26 -0.17812260875512792     
           1          27  -5.1598033145361781E-016
           1          28   3.8152459669182484E-015
           1          29 -0.17812260875513303     
           2           1 -0.73367463352587903     
           2           2   2.4785909030708653     
           2           3  -1.0060312961344651     
           2           4 -0.87902604222050329     
           2           5 -0.76678769783583456     
           2           6   1.4255474772688703E-014
           2           7  -2.2535665999636213E-013
           2           8  -1.7540737410039616E-013
           2           9  -1.0900385760130537E-014
           2          10   5.5259212725912770E-014
           2          11   3.0716177652816334E-014
           2          12   3.7920018761067992E-015
           2          13  -1.7885811516313363E-014
           2          14  -1.5563152042606137E-014
           2          15   5.5174699423234250E-015
           2          16   7.3194289972064661E-015
           2          17   3.9279417666583522E-015
           2          18  0.73871901119733752     
           2          19  -1.1939050232684463E-014
           2          20  0.73871901119733363     
           2          21   3.4677618703671219E-015
           2          22   2.5331456414621085E-016
           2          23  0.73871901119734140     
           2          24  0.36215691855570803     
           2          25  -3.4299396630943364E-015
           2          26  0.36215691855571258     
           2          27   2.9013879065057864E-015
           2          28  -3.3282124875111321E-016
           2          29  0.36215691855572063     
           3           1  0.61883494349858537     
           3           2  -1.0060312961344651     
           3           3   6.1959858796904523     
           3           4   3.3664800677767168     
           3           5   2.7336276786205587     
           3           6   4.1222303963219816E-015
           3           7   4.7346938057132327E-014
           3           8   3.8477323730988049E-014
           3           9   8.7835197862473544E-015
           3          10  -3.2136401742582237E-015
           3          11   1.6593997114101278E-014
           3          12  -3.6060009938837788E-015
           3          13  -6.4559277336674652E-016
           3          14   3.7077709154376038E-016
           3          15  -3.1385144469965649E-015
           3          16   8.5492926255231608E-016
           3          17   2.7909889041899063E-015
           3          18  -3.2496733057993672     
           3          19   1.0307183160904355E-014
           3          20  -3.2496733057993930     
           3          21  -9.1798790805746392E-015
           3          22  -4.4273155922897630E-015
           3          23  -3.2496733057993819     
           3          24  -1.3019904837491341     
           3          25  -2.9377673552428158E-015
           3          26  -1.3019904837491301     
           3          27   2.0186601124063397E-015
           3          28   6.1729587818072766E-015
           3          29  -1.3019904837491350     
           4           1  0.44218658924104148     
           4           2 -0.87902604222050329     
           4           3   3.3664800677767168     
           4           4   1.8769585331546328     
           4           5   1.5317452505775480     
           4           6  -1.5828718801323801E-014
           4           7   9.6994917685464632E-014
           4           8   2.7049639950843746E-014
           4           9   9.6817932212462504E-015
           4          10  -1.9914268163906782E-014
           4          11   9.7792483512689348E-015
           4          12  -4.0015554847285533E-015
           4          13   6.5725843305705271E-015
           4          14   2.1852906502549854E-016
           4          15  -1.8945004775256867E-015
           4          16  -2.0196009209324799E-015
           4          17   1.6243577592768175E-015
           4          18  -1.7960288235796320     
           4          19   7.0523891929688650E-015
           4          20  -1.7960288235796447     
           4          21  -5.2560987087090005E-015
           4          22  -2.3811839917062863E-015
           4          23  -1.7960288235796402     
           4          24 -0.72911026283810942     
           4          25  -1.0037366913398552E-015
           4          26 -0.72911026283810798     
           4          27   6.3441612413947983E-016
           4          28   3.2833050877612177E-015
           4          29 -0.72911026283811176     
           5           1  0.37605633821710527     
           5           2 -0.76678769783583456     
           5           3   2.7336276786205587     
           5           4   1.5317452505775480     
           5           5   1.2512098356792467     
           5           6  -1.6583191887264951E-014
           5           7   9.9754157775512035E-014
           5           8   6.8456124958174017E-014
           5           9   1.0095271737351651E-014
           5          10  -1.6120934007647509E-014
           5          11  -5.1708601628542713E-015
           5          12  -4.0303513532218549E-015
           5          13   5.8740837367365719E-015
           5          14   5.5212710686130237E-015
           5          15  -1.4320314179368866E-015
           5          16  -1.9013447364266946E-015
           5          17  -3.8034595818235334E-016
           5          18  -1.4632440314859327     
           5          19   5.9580514275509762E-015
           5          20  -1.4632440314859427     
           5          21  -4.3107152226811836E-015
           5          22  -1.9299574856332872E-015
           5          23  -1.4632440314859392     
           5          24 -0.59550751190775753     
           5          25  -7.2036852737935001E-016
           5          26 -0.59550751190775641     
           5          27   4.4143130226556357E-016
           5          28   2.6549892145257466E-015
           5          29 -0.59550751190775975     
           6           1   4.2062198873844857E-016
           6           2   1.4255474772688703E-014
           6           3   4.1222303963219816E-015
           6           4  -1.5828718801323801E-014
           6           5  -1.6583191887264951E-014
           6           6   2.3548537973259807     
           6           7   4.6206887648471168E-004
           6           8   6.5159789945055885E-003
           6           9  -1.0767117398769419     
           6          10  -2.2648532715501568E-003
           6          11  -3.1938390776938802E-002
           6          12  0.39212409178689089     
           6          13   6.8343420287550667E-004
           6          14   9.6376171101124029E-003
           6          15 -0.12279969800193821     
           6          16  -2.0207333772603856E-004
           6          17  -2.8495873472287802E-003
           6          18   3.3700002655018779E-015
           6          19   4.4525369204450557E-015
           6          20   4.8985106120892120E-015
           6          21   5.7032153487894287E-016
           6          22   3.3144444599593124E-015
           6          23   4.4012215706370618E-015
           6          24   1.0012178518246176E-014
           6          25   8.7083134889863357E-016
           6          26   6.6252622824699885E-015
           6          27  -1.1587616667592111E-015
           6          28  -2.1017497662190314E-015
           6          29   8.2482165649856628E-015
           7           1   5.5193572687573806E-014
           7           2  -2.2535665999636213E-013
           7           3   4.7346938057132327E-014
           7           4   9.6994917685464632E-014
           7           5   9.9754157775512035E-014
           7           6   4.6206887648471168E-004
           7           7   2.3552057946218934     
           7           8  -4.4907545835402730E-003
           7           9  -2.2648532715381624E-003
           7          10  -1.0784370718951630     
           7          11   2.2011653949988774E-002
           7          12   6.8343420287247513E-004
           7          13  0.39264472194310490     
           7          14  -6.6421597196965497E-003
           7          15  -2.0207333771610802E-004
           7          16 -0.12295363450810506     
           7          17   1.9639101739866030E-003
           7          18  -5.8487600416484822E-014
           7          19  -3.8597643749017957E-015
           7          20  -6.3398319508166518E-014
           7          21   8.5398458529066161E-016
           7          22  -3.9531567425141876E-015
           7          23  -5.8005075029499214E-014
           7          24  -5.1535791593424624E-014
           7          25  -5.6058382894148915E-015
           7          26  -4.2147977287475783E-014
           7          27   8.7219656888452275E-016
           7          28   1.3590004527802568E-015
           7          29  -4.7431334100734009E-014
           8           1   4.1101145945198456E-014
           8           2  -1.7540737410039616E-013
           8           3   3.8477323730988049E-014
           8           4   2.7049639950843746E-014
           8           5   6.8456124958174017E-014
           8           6   6.5159789945055885E-003
           8           7  -4.4907545835402730E-003
           8           8   2.2921967575442697     
           8           9  -3.1938390776940259E-002
           8          10   2.2011653949982227E-002
           8          11 -0.76959518484171929     
           8          12   9.6376171101153832E-003
           8          13  -6.6421597196888735E-003
           8          14  0.29944967414705148     
           8          15  -2.8495873472309270E-003
           8          16   1.9639101739861767E-003
           8          17  -9.5398334687614578E-002
           8          18  -3.2882951412814237E-014
           8          19  -2.2013576748672288E-015
           8          20  -3.0543098746366116E-014
           8          21  -3.1874731818400140E-015
           8          22  -3.8464139887283109E-016
           8          23  -2.8636453211732715E-014
           8          24  -2.6980796286557634E-014
           8          25  -6.2852691515965305E-015
           8          26  -2.7577350899767398E-014
           8          27  -4.4708349688577468E-016
           8          28   1.4104579210763913E-015
           8          29  -2.6821566458797099E-014
           9           1   7.0383048866078893E-015
           9           2  -1.0900385760130537E-014
           9           3   8.7835197862473544E-015
           9           4   9.6817932212462504E-015
           9           5   1.0095271737351651E-014
           9           6  -1.0767117398769419     
           9           7  -2.2648532715381624E-003
           9           8  -3.1938390776940259E-002
           9           9   3.1650498593458742     
           9          10   1.1101289445534677E-002
           9          11  0.15654758959178589     
           9          12 -0.96864259770195349     
           9          13  -3.3498862811149914E-003
           9          14  -4.7239253177587273E-002
           9          15  0.28778637671172635     
           9          16   9.9047238049262054E-004
           9          17   1.3967392210075837E-002
           9          18  -5.0679226547186086E-015
           9          19  -6.2156414204737109E-015
           9          20  -8.0356466888234922E-015
           9          21   3.0285518731543025E-015
           9          22  -4.5628907539372475E-016
           9          23  -1.1334824010928188E-014
           9          24  -5.0025260808883019E-015
           9          25   1.1782094434949847E-015
           9          26  -3.8256140689992324E-015
           9          27   1.4302972923979356E-016
           9          28   9.7525774453416818E-017
           9          29  -2.2480674471630849E-015
          10           1  -1.9090166659819997E-014
          10           2   5.5259212725912770E-014
          10           3  -3.2136401742582237E-015
          10           4  -1.9914268163906782E-014
          10           5  -1.6120934007647509E-014
          10           6  -2.2648532715501568E-003
          10           7  -1.0784370718951630     
          10           8   2.2011653949982227E-002
          10           9   1.1101289445534677E-002
          10          10   3.1735066588942900     
          10          11 -0.10789120193513922     
          10          12  -3.3498862811179408E-003
          10          13 -0.97119449195967189     
          10          14   3.2556871793037102E-002
          10          15   9.9047238049131039E-004
          10          16  0.28854090405029709     
          10          17  -9.6262020857330755E-003
          10          18   1.2430961224663863E-014
          10          19  -4.1088776760871153E-015
          10          20   9.7117892358663753E-015
          10          21  -2.9147110060583376E-015
          10          22  -5.3507109217649551E-015
          10          23   9.4333829493209033E-015
          10          24   9.9226187677105952E-015
          10          25   3.2527584124444282E-015
          10          26   6.2485531458582353E-015
          10          27   6.0170009444571406E-016
          10          28   1.6603517559500498E-015
          10          29   8.7792175299306595E-015
          11           1  -7.0026598570142539E-015
          11           2   3.0716177652816334E-014
          11           3   1.6593997114101278E-014
          11           4   9.7792483512689348E-015
          11           5  -5.1708601628542713E-015
          11           6  -3.1938390776938802E-002
          11           7   2.2011653949988774E-002
          11           8 -0.76959518484171929     
          11           9  0.15654758959178589     
          11          10 -0.10789120193513922     
          11          11   1.6597029948066071     
          11          12  -4.7239253177590292E-002
          11          13   3.2556871793037859E-002
          11          14 -0.51439439215951444     
          11          15   1.3967392210076732E-002
          11          16  -9.6262020857338561E-003
          11          17  0.15347724985734393     
          11          18  -4.8707787985518565E-015
          11          19   2.6483601814461535E-015
          11          20  -7.3711496059613642E-015
          11          21   3.9845627418901870E-015
          11          22  -3.2415455179156354E-015
          11          23  -9.8247683319390114E-015
          11          24   7.6594634812909332E-016
          11          25   1.4164208281961099E-015
          11          26   1.1140996024056289E-015
          11          27  -3.8488588837718047E-016
          11          28   6.7392079285565870E-017
          11          29   6.8776099926955649E-016
          12           1  -6.4629856922231462E-015
          12           2   3.7920018761067992E-015
          12           3  -3.6060009938837788E-015
          12           4  -4.0015554847285533E-015
          12           5  -4.0303513532218549E-015
          12           6  0.39212409178689089     
          12           7   6.8343420287247513E-004
          12           8   9.6376171101153832E-003
          12           9 -0.96864259770195349     
          12          10  -3.3498862811179408E-003
          12          11  -4.7239253177590292E-002
          12          12  0.29841753513205654     
          12          13   1.0108499694083575E-003
          12          14   1.4254751839969812E-002
          12          15  -8.8858958719741782E-002
          12          16  -2.9888148178790349E-004
          12          17  -4.2147514283866847E-003
          12          18   2.2161214240165050E-015
          12          19   1.9758618381380743E-015
          12          20   3.1407104520084569E-015
          12          21  -8.7647871068458516E-016
          12          22   2.3910193472657384E-016
          12          23   4.0994131642679240E-015
          12          24   2.0432798108082286E-015
          12          25  -3.2054968217071024E-016
          12          26   1.5890721067666436E-015
          12          27  -7.8721303081352301E-017
          12          28  -9.4969334889719528E-017
          12          29   1.1742628207799225E-015
          13           1   1.0455304742504839E-014
          13           2  -1.7885811516313363E-014
          13           3  -6.4559277336674652E-016
          13           4   6.5725843305705271E-015
          13           5   5.8740837367365719E-015
          13           6   6.8343420287550667E-004
          13           7  0.39264472194310490     
          13           8  -6.6421597196888735E-003
          13           9  -3.3498862811149914E-003
          13          10 -0.97119449195967189     
          13          11   3.2556871793037859E-002
          13          12   1.0108499694083575E-003
          13          13  0.29918758581911542     
          13          14  -9.8242477786605331E-003
          13          15  -2.9888148178698105E-004
          13          16  -8.9086642250794656E-002
          13          17   2.9047690779040545E-003
          13          18  -3.4583057385377579E-015
          13          19   1.0919780174433661E-015
          13          20  -2.8098404918440237E-015
          13          21   8.8769726665447118E-016
          13          22   1.4557930647577477E-015
          13          23  -2.5578291478840330E-015
          13          24  -3.5935610257397454E-015
          13          25  -1.1371305610863809E-015
          13          26  -2.2129411582738317E-015
          13          27  -1.5024406727350436E-016
          13          28  -4.4757415140218974E-016
          13          29  -3.1266607528476026E-015
          14           1   4.4517239721451271E-015
          14           2  -1.5563152042606137E-014
          14           3   3.7077709154376038E-016
          14           4   2.1852906502549854E-016
          14           5   5.5212710686130237E-015
          14           6   9.6376171101124029E-003
          14           7  -6.6421597196965497E-003
          14           8  0.29944967414705148     
          14           9  -4.7239253177587273E-002
          14          10   3.2556871793037102E-002
          14          11 -0.51439439215951444     
          14          12   1.4254751839969812E-002
          14          13  -9.8242477786605331E-003
          14          14  0.16134518516460888     
          14          15  -4.2147514283867203E-003
          14          16   2.9047690779042956E-003
          14          17  -4.8330306288364509E-002
          14          18  -1.7572938392809031E-015
          14          19  -8.5145250980162032E-016
          14          20  -9.4518751803124747E-016
          14          21  -1.2771227549413447E-015
          14          22   9.4522843967060212E-016
          14          23  -1.6052676524819167E-016
          14          24  -1.9510598606203869E-015
          14          25  -6.1618784864218130E-016
          14          26  -2.0726618096073268E-015
          14          27   9.9594815666529437E-017
          14          28   2.4500482974786798E-017
          14          29  -1.9229562646593733E-015
          15           1   1.6014550814736802E-015
          15           2   5.5174699423234250E-015
          15           3  -3.1385144469965649E-015
          15           4  -1.8945004775256867E-015
          15           5  -1.4320314179368866E-015
          15           6 -0.12279969800193821     
          15           7  -2.0207333771610802E-004
          15           8  -2.8495873472309270E-003
          15           9  0.28778637671172635     
          15          10   9.9047238049131039E-004
          15          11   1.3967392210076732E-002
          15          12  -8.8858958719741782E-002
          15          13  -2.9888148178698105E-004
          15          14  -4.2147514283867203E-003
          15          15   2.6479102925572061E-002
          15          16   8.8371314100851419E-005
          15          17   1.2461900285964751E-003
          15          18   2.0711672376669673E-015
          15          19  -5.9443947283248362E-016
          15          20   1.7948256607403120E-015
          15          21   2.5533453125261436E-016
          15          22  -8.1044290027504225E-017
          15          23   1.5151224311848841E-015
          15          24   6.3104953879696518E-016
          15          25   9.1208412750228143E-017
          15          26   7.7545541522508777E-016
          15          27   2.6904437633990009E-017
          15          28   3.4767603905178304E-017
          15          29   8.9185606939412700E-016
          16           1  -4.6635041575299513E-015
          16           2   7.3194289972064661E-015
          16           3   8.5492926255231608E-016
          16           4  -2.0196009209324799E-015
          16           5  -1.9013447364266946E-015
          16           6  -2.0207333772603856E-004
          16           7 -0.12295363450810506     
          16           8   1.9639101739861767E-003
          16           9   9.9047238049262054E-004
          16          10  0.28854090405029709     
          16          11  -9.6262020857338561E-003
          16          12  -2.9888148178790349E-004
          16          13  -8.9086642250794656E-002
          16          14   2.9047690779042956E-003
          16          15   8.8371314100851419E-005
          16          16   2.6546422897080285E-002
          16          17  -8.5886304845405313E-004
          16          18   9.1491237222891158E-016
          16          19  -3.0777699969872834E-016
          16          20   7.4073559341871223E-016
          16          21  -2.6330157632161523E-016
          16          22  -4.1423356027143439E-016
          16          23   6.4907986552065541E-016
          16          24   1.1503130745693784E-015
          16          25   3.5209556741228749E-016
          16          26   7.1435117422858549E-016
          16          27   4.1227013728746943E-017
          16          28   1.2688200463499557E-016
          16          29   9.9982736797446591E-016
          17           1   2.9400926536187526E-015
          17           2   3.9279417666583522E-015
          17           3   2.7909889041899063E-015
          17           4   1.6243577592768175E-015
          17           5  -3.8034595818235334E-016
          17           6  -2.8495873472287802E-003
          17           7   1.9639101739866030E-003
          17           8  -9.5398334687614578E-002
          17           9   1.3967392210075837E-002
          17          10  -9.6262020857330755E-003
          17          11  0.15347724985734393     
          17          12  -4.2147514283866847E-003
          17          13   2.9047690779040545E-003
          17          14  -4.8330306288364509E-002
          17          15   1.2461900285964751E-003
          17          16  -8.5886304845405313E-004
          17          17   1.4495857082822083E-002
          17          18  -1.0476072877549789E-015
          17          19   2.5708779480283393E-016
          17          20  -1.2936033471323121E-015
          17          21   3.8523923180481807E-016
          17          22  -2.7611888243448337E-016
          17          23  -1.5301234971161614E-015
          17          24  -3.5206416738284379E-017
          17          25   2.0145273275064867E-016
          17          26   2.4362343487495403E-018
          17          27  -2.7759094341227352E-017
          17          28  -1.1819230815431839E-017
          17          29  -4.3976168478843918E-017
          18           1 -0.39163090357353991     
          18           2  0.73871901119733752     
          18           3  -3.2496733057993672     
          18           4  -1.7960288235796320     
          18           5  -1.4632440314859327     
          18           6   3.3700002655018779E-015
          18           7  -5.8487600416484822E-014
          18           8  -3.2882951412814237E-014
          18           9  -5.0679226547186086E-015
          18          10   1.2430961224663863E-014
          18          11  -4.8707787985518565E-015
          18          12   2.2161214240165050E-015
          18          13  -3.4583057385377579E-015
          18          14  -1.7572938392809031E-015
          18          15   2.0711672376669673E-015
          18          16   9.1491237222891158E-016
          18          17  -1.0476072877549789E-015
          18          18   1.7236769063133928     
          18          19  -6.3283067689394249E-015
          18          20   1.7236769063134052     
          18          21   4.9852962127199883E-015
          18          22   2.3059943780273107E-015
          18          23   1.7236769063134005     
          18          24  0.69664453196015563     
          18          25   1.1650607266281646E-015
          18          26  0.69664453196015408     
          18          27  -7.6512692295999193E-016
          18          28  -3.1923653836338218E-015
          18          29  0.69664453196015730     
          19           1   9.5027496604836365E-016
          19           2  -1.1939050232684463E-014
          19           3   1.0307183160904355E-014
          19           4   7.0523891929688650E-015
          19           5   5.9580514275509762E-015
          19           6   4.4525369204450557E-015
          19           7  -3.8597643749017957E-015
          19           8  -2.2013576748672288E-015
          19           9  -6.2156414204737109E-015
          19          10  -4.1088776760871153E-015
          19          11   2.6483601814461535E-015
          19          12   1.9758618381380743E-015
          19          13   1.0919780174433661E-015
          19          14  -8.5145250980162032E-016
          19          15  -5.9443947283248362E-016
          19          16  -3.0777699969872834E-016
          19          17   2.5708779480283393E-016
          19          18  -6.3283067689394249E-015
          19          19   1.0598751740431215E-028
          19          20  -6.3283067689394083E-015
          19          21  -2.0056234853936654E-029
          19          22   2.4753970354807854E-029
          19          23  -6.3283067689394494E-015
          19          24  -2.8244209802961124E-015
          19          25   1.8389081377157090E-029
          19          26  -2.8244209802961495E-015
          19          27  -1.6691296707763139E-029
          19          28  -7.8832196149303839E-030
          19          29  -2.8244209802961795E-015
          20           1 -0.39163090357354174     
          20           2  0.73871901119733363     
          20           3  -3.2496733057993930     
          20           4  -1.7960288235796447     
          20           5  -1.4632440314859427     
          20           6   4.8985106120892120E-015
          20           7  -6.3398319508166518E-014
          20           8  -3.0543098746366116E-014
          20           9  -8.0356466888234922E-015
          20          10   9.7117892358663753E-015
          20          11  -7.3711496059613642E-015
          20          12   3.1407104520084569E-015
          20          13  -2.8098404918440237E-015
          20          14  -9.4518751803124747E-016
          20          15   1.7948256607403120E-015
          20          16   7.4073559341871223E-016
          20          17  -1.2936033471323121E-015
          20          18   1.7236769063134052     
          20          19  -6.3283067689394083E-015
          20          20   1.7236769063134179     
          20          21   4.9852962127200112E-015
          20          22   2.3059943780273612E-015
          20          23   1.7236769063134130     
          20          24  0.69664453196016041     
          20          25   1.1650607266281915E-015
          20          26  0.69664453196015885     
          20          27  -7.6512692296001559E-016
          20          28  -3.1923653836338589E-015
          20          29  0.69664453196016207     
          21           1   6.0335838126059115E-016
          21           2   3.4677618703671219E-015
          21           3  -9.1798790805746392E-015
          21           4  -5.2560987087090005E-015
          21           5  -4.3107152226811836E-015
          21           6   5.7032153487894287E-016
          21           7   8.5398458529066161E-016
          21           8  -3.1874731818400140E-015
          21           9   3.0285518731543025E-015
          21          10  -2.9147110060583376E-015
          21          11   3.9845627418901870E-015
          21          12  -8.7647871068458516E-016
          21          13   8.8769726665447118E-016
          21          14  -1.2771227549413447E-015
          21          15   2.5533453125261436E-016
          21          16  -2.6330157632161523E-016
          21          17   3.8523923180481807E-016
          21          18   4.9852962127199883E-015
          21          19  -2.0056234853936654E-029
          21          20   4.9852962127200112E-015
          21          21   3.3708774892966055E-029
          21          22   1.3505093832640779E-030
          21          23   4.9852962127199946E-015
          21          24   2.0506859004593109E-015
          21          25   1.2085831707331293E-029
          21          26   2.0506859004593109E-015
          21          27  -1.7940214057505541E-030
          21          28  -9.0340851699547231E-030
          21          29   2.0506859004593223E-015
          22           1  -5.9634450087933982E-015
          22           2   2.5331456414621085E-016
          22           3  -4.4273155922897630E-015
          22           4  -2.3811839917062863E-015
          22           5  -1.9299574856332872E-015
          22           6   3.3144444599593124E-015
          22           7  -3.9531567425141876E-015
          22           8  -3.8464139887283109E-016
          22           9  -4.5628907539372475E-016
          22          10  -5.3507109217649551E-015
          22          11  -3.2415455179156354E-015
          22          12   2.3910193472657384E-016
          22          13   1.4557930647577477E-015
          22          14   9.4522843967060212E-016
          22          15  -8.1044290027504225E-017
          22          16  -4.1423356027143439E-016
          22          17  -2.7611888243448337E-016
          22          18   2.3059943780273107E-015
          22          19   2.4753970354807854E-029
          22          20   2.3059943780273612E-015
          22          21   1.3505093832640779E-030
          22          22   5.9404624099420735E-029
          22          23   2.3059943780273305E-015
          22          24   9.1939509550608563E-016
          22          25   3.1760269344875496E-030
          22          26   9.1939509550606098E-016
          22          27  -7.1177142704392387E-030
          22          28  -2.7600050961879841E-029
          22          29   9.1939509550608307E-016
          23           1 -0.39163090357354036     
          23           2  0.73871901119734140     
          23           3  -3.2496733057993819     
          23           4  -1.7960288235796402     
          23           5  -1.4632440314859392     
          23           6   4.4012215706370618E-015
          23           7  -5.8005075029499214E-014
          23           8  -2.8636453211732715E-014
          23           9  -1.1334824010928188E-014
          23          10   9.4333829493209033E-015
          23          11  -9.8247683319390114E-015
          23          12   4.0994131642679240E-015
          23          13  -2.5578291478840330E-015
          23          14  -1.6052676524819167E-016
          23          15   1.5151224311848841E-015
          23          16   6.4907986552065541E-016
          23          17  -1.5301234971161614E-015
          23          18   1.7236769063134005     
          23          19  -6.3283067689394494E-015
          23          20   1.7236769063134130     
          23          21   4.9852962127199946E-015
          23          22   2.3059943780273305E-015
          23          23   1.7236769063134081     
          23          24  0.69664453196015874     
          23          25   1.1650607266281570E-015
          23          26  0.69664453196015708     
          23          27  -7.6512692295999459E-016
          23          28  -3.1923653836338336E-015
          23          29  0.69664453196016052     
          24           1 -0.17812260875512625     
          24           2  0.36215691855570803     
          24           3  -1.3019904837491341     
          24           4 -0.72911026283810942     
          24           5 -0.59550751190775753     
          24           6   1.0012178518246176E-014
          24           7  -5.1535791593424624E-014
          24           8  -2.6980796286557634E-014
          24           9  -5.0025260808883019E-015
          24          10   9.9226187677105952E-015
          24          11   7.6594634812909332E-016
          24          12   2.0432798108082286E-015
          24          13  -3.5935610257397454E-015
          24          14  -1.9510598606203869E-015
          24          15   6.3104953879696518E-016
          24          16   1.1503130745693784E-015
          24          17  -3.5206416738284379E-017
          24          18  0.69664453196015563     
          24          19  -2.8244209802961124E-015
          24          20  0.69664453196016041     
          24          21   2.0506859004593109E-015
          24          22   9.1939509550608563E-016
          24          23  0.69664453196015874     
          24          24  0.28343292935960601     
          24          25   3.4857532840590281E-016
          24          26  0.28343292935960551     
          24          27  -2.1449451913700728E-016
          24          28  -1.2651604211786601E-015
          24          29  0.28343292935960707     
          25           1   4.9595349330067941E-015
          25           2  -3.4299396630943364E-015
          25           3  -2.9377673552428158E-015
          25           4  -1.0037366913398552E-015
          25           5  -7.2036852737935001E-016
          25           6   8.7083134889863357E-016
          25           7  -5.6058382894148915E-015
          25           8  -6.2852691515965305E-015
          25           9   1.1782094434949847E-015
          25          10   3.2527584124444282E-015
          25          11   1.4164208281961099E-015
          25          12  -3.2054968217071024E-016
          25          13  -1.1371305610863809E-015
          25          14  -6.1618784864218130E-016
          25          15   9.1208412750228143E-017
          25          16   3.5209556741228749E-016
          25          17   2.0145273275064867E-016
          25          18   1.1650607266281646E-015
          25          19   1.8389081377157090E-029
          25          20   1.1650607266281915E-015
          25          21   1.2085831707331293E-029
          25          22   3.1760269344875496E-030
          25          23   1.1650607266281570E-015
          25          24   3.4857532840590281E-016
          25          25   4.9091252190647722E-029
          25          26   3.4857532840586859E-016
          25          27  -7.0450562015612192E-030
          25          28  -5.0382852092931665E-030
          25          29   3.4857532840586593E-016
          26           1 -0.17812260875512792     
          26           2  0.36215691855571258     
          26           3  -1.3019904837491301     
          26           4 -0.72911026283810798     
          26           5 -0.59550751190775641     
          26           6   6.6252622824699885E-015
          26           7  -4.2147977287475783E-014
          26           8  -2.7577350899767398E-014
          26           9  -3.8256140689992324E-015
          26          10   6.2485531458582353E-015
          26          11   1.1140996024056289E-015
          26          12   1.5890721067666436E-015
          26          13  -2.2129411582738317E-015
          26          14  -2.0726618096073268E-015
          26          15   7.7545541522508777E-016
          26          16   7.1435117422858549E-016
          26          17   2.4362343487495403E-018
          26          18  0.69664453196015408     
          26          19  -2.8244209802961495E-015
          26          20  0.69664453196015885     
          26          21   2.0506859004593109E-015
          26          22   9.1939509550606098E-016
          26          23  0.69664453196015708     
          26          24  0.28343292935960551     
          26          25   3.4857532840586859E-016
          26          26  0.28343292935960501     
          26          27  -2.1449451913699325E-016
          26          28  -1.2651604211786467E-015
          26          29  0.28343292935960657     
          27           1  -5.1598033145361781E-016
          27           2   2.9013879065057864E-015
          27           3   2.0186601124063397E-015
          27           4   6.3441612413947983E-016
          27           5   4.4143130226556357E-016
          27           6  -1.1587616667592111E-015
          27           7   8.7219656888452275E-016
          27           8  -4.4708349688577468E-016
          27           9   1.4302972923979356E-016
          27          10   6.0170009444571406E-016
          27          11  -3.8488588837718047E-016
          27          12  -7.8721303081352301E-017
          27          13  -1.5024406727350436E-016
          27          14   9.9594815666529437E-017
          27          15   2.6904437633990009E-017
          27          16   4.1227013728746943E-017
          27          17  -2.7759094341227352E-017
          27          18  -7.6512692295999193E-016
          27          19  -1.6691296707763139E-029
          27          20  -7.6512692296001559E-016
          27          21  -1.7940214057505541E-030
          27          22  -7.1177142704392387E-030
          27          23  -7.6512692295999459E-016
          27          24  -2.1449451913700728E-016
          27          25  -7.0450562015612192E-030
          27          26  -2.1449451913699325E-016
          27          27   6.7706565190531667E-030
          27          28   5.2399595328608027E-030
          27          29  -2.1449451913698810E-016
          28           1   3.8152459669182484E-015
