           1           1   2.0081963766862168     
           1           2  0.20222293546957471     
           1           3  0.66408551712064023     
           1           4  0.16913320421749364     
           1           5 -0.24945261856432979     
           1           6  -3.4787174381789965E-002
           1           7  -6.1433581414552618E-013
           1           8  -4.4824725252739499E-013
           1           9  -1.8340072382752461E-012
           1          10  -4.8876558815709752E-012
           1          11  -2.3924768230530019E-012
           1          12  -1.4672095856160233E-011
           1          13   1.6804781423853912E-013
           1          14   2.3089846231242642E-013
           1          15   1.2150725018602658E-012
           1          16   6.2701631084200065E-013
           1          17  -2.8766577874805205E-013
           1          18   1.7536518840880794E-013
           1          19 -0.16760365027173565     
           1          20  -1.2805974159882761E-012
           1          21 -0.16760365027150123     
           1          22  -1.8406422980250710E-012
           1          23  -6.6427136926647608E-013
           1          24 -0.16760365026969348     
           1          25   1.2365472269266990E-002
           1          26   2.6105008319402548E-013
           1          27   1.2365472269655202E-002
           1          28   2.8858424113149024E-013
           1          29   1.2536623815704472E-013
           1          30   1.2365472268670838E-002
           1          31   6.6136352891539185E-002
           1          32  -4.3910709511926540E-013
           1          33   6.6136352891276881E-002
           1          34  -3.2171157975025875E-013
           1          35  -1.9318473323683401E-013
           1          36   6.6136352891968592E-002
           1          37   1.3143312967908998E-012
           1          38  -2.8870816691737544E-013
           1          39   1.0935767904600683E-012
           1          40   1.2547684819828187E-012
           1          41   2.4232169689007455E-012
           1          42  -2.8465766053495328E-013
           1          43   2.3035281489777858E-012
           1          44   1.4080028052659043E-012
           1          45   4.8114535471764486E-013
           1          46   6.1555245573279246E-012
           1          47  -1.2019871475532028E-013
           1          48   2.6503014202884592E-013
           1          49  -1.0031232924359310E-013
           1          50  -5.9126602911346331E-014
           1          51  -3.6665133536032309E-013
           1          52   8.1307787858216430E-014
           1          53  -4.1531141033239848E-013
           1          54  -1.3051367999500997E-013
           1          55   7.4430235933925212E-014
           1          56  -3.3728697971606948E-013
           2           1  0.20222293546957471     
           2           2   6.0874459373162200     
           2           3   12.871030322481801     
           2           4   4.8742490392729962     
           2           5  -1.2903646152967223     
           2           6 -0.17748823647605047     
           2           7  -6.6939485148130160E-012
           2           8  -9.1759534659291522E-012
           2           9  -2.0513269624058063E-011
           2          10  -7.2428921820357387E-011
           2          11  -3.4307938415102122E-011
           2          12  -2.1600312750539813E-010
           2          13   2.5184347173622077E-012
           2          14   3.3012446156534609E-012
           2          15   1.7785413050930004E-011
           2          16   9.1622425956853914E-012
           2          17  -4.2105615021853104E-012
           2          18   2.5555576278945569E-012
           2          19  -3.6846777162637472     
           2          20  -1.8704440824448698E-011
           2          21  -3.6846777162602629     
           2          22  -2.6913290882224429E-011
           2          23  -9.7425149033899100E-012
           2          24  -3.6846777162339133     
           2          25  -1.2225212572368640     
           2          26   3.8153138362830081E-012
           2          27  -1.2225212572312179     
           2          28   4.2375344874093084E-012
           2          29   1.8288527836799921E-012
           2          30  -1.2225212572455961     
           2          31  0.33010368493902420     
           2          32  -6.4264160815148201E-012
           2          33  0.33010368493514980     
           2          34  -4.7190082649456329E-012
           2          35  -2.8381289881947509E-012
           2          36  0.33010368494527564     
           2          37   1.9646290952941067E-011
           2          38  -4.3284110557479730E-012
           2          39   1.6177929311854629E-011
           2          40   1.8068718700172395E-011
           2          41   3.5748973521490331E-011
           2          42  -4.1510081718798653E-012
           2          43   3.3965321309482078E-011
           2          44   2.0779947156537772E-011
           2          45   6.9121768866307482E-012
           2          46   9.0710740861210852E-011
           2          47  -1.7927999439275015E-012
           2          48   3.8852139164184466E-012
           2          49  -1.4703637178270665E-012
           2          50  -8.6870899968060102E-013
           2          51  -5.3258981589321522E-012
           2          52   1.1953229994845325E-012
           2          53  -6.0923567676149059E-012
           2          54  -1.9075093702767283E-012
           2          55   1.1144501082812575E-012
           2          56  -4.9463996509028376E-012
           3           1  0.66408551712064023     
           3           2   12.871030322481801     
           3           3   41.271572512708559     
           3           4   14.467612403266777     
           3           5  -7.0508186024022192     
           3           6 -0.97572495908320556     
           3           7  -3.1674840117430251E-011
           3           8  -1.8680691083646376E-011
           3           9  -9.2991624271912220E-011
           3          10  -2.3135775228827380E-010
           3          11  -1.1412441068499688E-010
           3          12  -6.8774988018817398E-010
           3          13   8.0881188505298215E-012
           3          14   1.0809144942215812E-011
           3          15   5.7066093156471685E-011
           3          16   2.9582284240470506E-011
           3          17  -1.3581060078590573E-011
           3          18   8.2698731450060025E-012
           3          19  -11.524777473354087     
           3          20  -6.0368789325338910E-011
           3          21  -11.524777473342786     
           3          22  -8.6815366094065833E-011
           3          23  -3.1407121122822023E-011
           3          24  -11.524777473257885     
           3          25  -2.7452368216274499     
           3          26   1.2319954319771874E-011
           3          27  -2.7452368216092573     
           3          28   1.3679117351208258E-011
           3          29   5.8869596811349518E-012
           3          30  -2.7452368216555989     
           3          31   1.8393889131096399     
           3          32  -2.0719914344353085E-011
           3          33   1.8393889130971361     
           3          34  -1.5242989721406291E-011
           3          35  -9.1333589541413867E-012
           3          36   1.8393889131297758     
           3          37   6.2308975242593254E-011
           3          38  -1.3291747836379388E-011
           3          39   5.1700792822539223E-011
           3          40   5.9824103957696197E-011
           3          41   1.1350845810629783E-010
           3          42  -1.3395656173954277E-011
           3          43   1.0779238881303823E-010
           3          44   6.6532277423646410E-011
           3          45   2.2993346144223924E-011
           3          46   2.8859952971233470E-010
           3          47  -5.7873197387077615E-012
           3          48   1.2522194403293382E-011
           3          49  -4.7382783660794696E-012
           3          50  -2.8766690758055822E-012
           3          51  -1.7168404994916578E-011
           3          52   3.8386155791417890E-012
           3          53  -1.9604670792434070E-011
           3          54  -6.1663461990059314E-012
           3          55   3.5869295275694391E-012
           3          56  -1.5879862840172242E-011
           4           1  0.16913320421749364     
           4           2   4.8742490392729962     
           4           3   14.467612403266777     
           4           4   5.1368718187726987     
           4           5  -2.3086622279250535     
           4           6 -0.31928661382319673     
           4           7  -1.0445631233242095E-011
           4           8  -6.9747697761206537E-012
           4           9  -3.0985403912536214E-011
           4          10  -8.0313686629746417E-011
           4          11  -3.9510561320953091E-011
           4          12  -2.4226244355917130E-010
           4          13   2.7617017491353115E-012
           4          14   3.7501489686042835E-012
           4          15   2.0080118914429572E-011
           4          16   1.0345504611830765E-011
           4          17  -4.7575068238608626E-012
           4          18   2.9036381033514556E-012
           4          19  -4.0563488602212994     
           4          20  -2.1121565636218261E-011
           4          21  -4.0563488602175273     
           4          22  -3.0325598441442252E-011
           4          23  -1.0927486980649601E-011
           4          24  -4.0563488601874349     
           4          25  -1.0281128724674466     
           4          26   4.3097090091226753E-012
           4          27  -1.0281128724610318     
           4          28   4.7717969819668328E-012
           4          29   2.0444804622917832E-012
           4          30  -1.0281128724773476     
           4          31  0.60110191137103186     
           4          32  -7.2530456019265032E-012
           4          33  0.60110191136664026     
           4          34  -5.3296975330874595E-012
           4          35  -3.1929795328845524E-012
           4          36  0.60110191137809710     
           4          37   2.1569252801534712E-011
           4          38  -4.7304423224111859E-012
           4          39   1.7990379220473360E-011
           4          40   2.0766616926878719E-011
           4          41   4.0006621394601070E-011
           4          42  -4.6889853927855500E-012
           4          43   3.8003564132757784E-011
           4          44   2.3183044066733930E-011
           4          45   7.9701658205615530E-012
           4          46   1.0163326342335652E-010
           4          47  -1.9927364099732886E-012
           4          48   4.3894064679181913E-012
           4          49  -1.6441781536666799E-012
           4          50  -9.9123054083941569E-013
           4          51  -6.0282375223487403E-012
           4          52   1.3446859249842430E-012
           4          53  -6.8831318847141771E-012
           4          54  -2.1431205798258939E-012
           4          55   1.2614122536703406E-012
           4          56  -5.6025866268566642E-012
           5           1 -0.24945261856432979     
           5           2  -1.2903646152967223     
           5           3  -7.0508186024022192     
           5           4  -2.3086622279250535     
           5           5   1.6116093682101815     
           5           6  0.22351219764606234     
           5           7   6.8595362997168271E-012
           5           8   1.9690710987320961E-012
           5           9   1.9733932459427209E-011
           5          10   4.0251529142309833E-011
           5          11   2.0331340709097249E-011
           5          12   1.1609529260685478E-010
           5          13  -1.4541516253915129E-012
           5          14  -1.9058243656292422E-012
           5          15  -9.6907344216896369E-012
           5          16  -5.0998313723940063E-012
           5          17   2.3323514987516301E-012
           5          18  -1.4162854770752690E-012
           5          19   1.9280362854684405     
           5          20   1.0345632847499765E-011
           5          21   1.9280362854665885     
           5          22   1.4844052094340909E-011
           5          23   5.3508736952222249E-012
           5          24   1.9280362854519870     
           5          25  0.30472656119907793     
           5          26  -2.1102058996663649E-012
           5          27  0.30472656119592689     
           5          28  -2.3321032923395094E-012
           5          29  -9.9885105911929541E-013
           5          30  0.30472656120389519     
           5          31 -0.42335756473864061     
           5          32   3.5589771593781435E-012
           5          33 -0.42335756473648134     
           5          34   2.6173997921490095E-012
           5          35   1.5640518591640259E-012
           5          36 -0.42335756474209291     
           5          37  -1.0862219892570390E-011
           5          38   2.1580827715668471E-012
           5          39  -8.9561297596494730E-012
           5          40  -1.0581224769850457E-011
           5          41  -1.9112175596277311E-011
           5          42   2.3047850558301437E-012
           5          43  -1.8134237726392580E-011
           5          44  -1.1505243261728500E-011
           5          45  -4.0863165894190921E-012
           5          46  -4.8723881287715763E-011
           5          47   1.0270693343504121E-012
           5          48  -2.1469582850120873E-012
           5          49   8.2829387526644739E-013
           5          50   5.1669197717068290E-013
           5          51   2.9345650378639902E-012
           5          52  -6.5788329860561088E-013
           5          53   3.3484836307964847E-012
           5          54   1.0763463433662686E-012
           5          55  -6.1040067664765431E-013
           5          56   2.6831492259831444E-012
           6           1  -3.4787174381789965E-002
           6           2 -0.17748823647605047     
           6           3 -0.97572495908320556     
           6           4 -0.31928661382319673     
           6           5  0.22351219764606234     
           6           6   3.0999089107751295E-002
           6           7   9.2395404097859601E-013
           6           8   2.5685381988052638E-013
           6           9   2.7984324425171731E-012
           6          10   5.3664107026244841E-012
           6          11   2.7481347617506707E-012
           6          12   1.6363782993598755E-011
           6          13  -1.8293991366403704E-013
           6          14  -2.5774628201540264E-013
           6          15  -1.3683107590786070E-012
           6          16  -7.0357891933173102E-013
           6          17   3.2352197039902539E-013
           6          18  -1.9934054577674005E-013
           6          19  0.26676117747365502     
           6          20   1.4335310118472976E-012
           6          21  0.26676117747341588     
           6          22   2.0516779426418040E-012
           6          23   7.3450445872284735E-013
           6          24  0.26676117747134936     
           6          25   4.1971552984414212E-002
           6          26  -2.9247876180040167E-013
           6          27   4.1971552983973842E-002
           6          28  -3.2208937878908466E-013
           6          29  -1.3673133597294583E-013
           6          30   4.1971552985088006E-002
           6          31  -5.8717599536391676E-002
           6          32   4.9268024369496282E-013
           6          33  -5.8717599536091458E-002
           6          34   3.6202358529334790E-013
           6          35   2.1596988282608446E-013
           6          36  -5.8717599536871744E-002
           6          37  -1.4265389083042213E-012
           6          38   3.0962128880130973E-013
           6          39  -1.2051605609561427E-012
           6          40  -1.4398898449678927E-012
           6          41  -2.6946022673028049E-012
           6          42   3.1896980021860165E-013
           6          43  -2.5592675605283468E-012
           6          44  -1.5579408670215455E-012
           6          45  -5.5457140787033820E-013
           6          46  -6.8539899631030938E-012
           6          47   1.3370273776412923E-013
           6          48  -2.9837460734958062E-013
           6          49   1.1085667403857002E-013
           6          50   6.8724110616715440E-014
           6          51   4.1176268990812864E-013
           6          52  -9.1044458133444129E-014
           6          53   4.6904044230790092E-013
           6          54   1.4518854939218331E-013
           6          55  -8.5724234360289885E-014
           6          56   3.8392596219934045E-013
           7           1  -6.1433581414552618E-013
           7           2  -6.6939485148130160E-012
           7           3  -3.1674840117430251E-011
           7           4  -1.0445631233242095E-011
           7           5   6.8595362997168271E-012
           7           6   9.2395404097859601E-013
           7           7   1.9969815330150182     
           7           8  -1.3079814854325487E-015
           7           9   1.2587153615382361E-014
           7          10  0.19234754270142804     
           7          11   1.0158540768440187E-014
           7          12   8.3544283142095756E-014
           7          13  -5.3317695345943272E-002
           7          14   1.0599160350073577E-015
           7          15  -1.2444906261346034E-014
           7          16  -9.8027885112984374E-003
           7          17   7.5894152181729432E-015
           7          18   1.1039346513752970E-014
           7          19   8.7100796488197996E-012
           7          20   4.5465728257482073E-014
           7          21   8.6537586965235042E-012
           7          22   9.5667760123824897E-015
           7          23   1.0022646701329615E-015
           7          24   8.6339864042164829E-012
           7          25   1.5020231441078601E-012
           7          26  -8.7526541244162619E-015
           7          27   1.5125625933860596E-012
           7          28  -1.9135257634621331E-014
           7          29  -2.2223685787870687E-014
           7          30   1.5029428660227264E-012
           7          31  -1.8091108024962500E-012
           7          32  -3.9391340878902134E-015
           7          33  -1.7896595284330005E-012
           7          34   1.1378206871873889E-014
           7          35  -2.3189713018513627E-015
           7          36  -1.7743701275828514E-012
           7          37  -2.7803111915538498E-002
           7          38  -2.3474278066739339E-014
           7          39  -1.2433929645811036E-002
           7          40  -3.6373681892738728E-014
           7          41  -1.8124390965941181E-014
           7          42   9.8499808350726492E-015
           7          43  -5.8980606622147729E-016
           7          44  -1.2433929645813763E-002
           7          45   1.2715523060230660E-014
           7          46  -2.6506574939458554E-014
           7          47   2.9251952977686079E-002
           7          48  -5.5450436008738346E-015
           7          49   1.3081871066568856E-002
           7          50   6.7333291743932589E-015
           7          51  -1.0992075292015034E-014
           7          52  -8.6840048150005489E-015
           7          53  -4.7817652460810712E-015
           7          54   1.3081871066531376E-002
           7          55  -1.5695344332577154E-014
           7          56   3.0947466934524358E-015
           8           1  -4.4824725252739499E-013
           8           2  -9.1759534659291522E-012
           8           3  -1.8680691083646376E-011
           8           4  -6.9747697761206537E-012
           8           5   1.9690710987320961E-012
           8           6   2.5685381988052638E-013
           8           7  -1.3079814854325487E-015
           8           8   1.9969815330150313     
           8           9   5.2735594106211701E-015
           8          10  -1.2184697582648441E-014
           8          11  0.19234754270151547     
           8          12   1.3877791000793975E-015
           8          13   7.6327832901617326E-015
           8          14  -5.3317695345969723E-002
           8          15  -3.2005648396473871E-015
           8          16   6.2766632029774316E-015
           8          17  -9.8027885113060164E-003
           8          18   3.0366334408506366E-015
           8          19   5.3251630110128537E-012
           8          20   1.4374070894282430E-014
           8          21   5.3112232969607106E-012
           8          22   6.7285858334354497E-015
           8          23  -5.9458394021942025E-016
           8          24   5.3169475067355803E-012
           8          25   1.7202092497104439E-012
           8          26   1.0178564457111547E-015
           8          27   1.7200339291048561E-012
           8          28  -2.5449268025229944E-015
           8          29  -3.1101876994646701E-015
           8          30   1.7195020357562159E-012
           8          31  -5.0475380664140024E-013
           8          32  -1.5355718410651844E-015
           8          33  -4.9867522206632502E-013
           8          34  -9.1044773190492736E-016
           8          35  -4.4430836734349352E-015
           8          36  -4.9745795236959953E-013
           8          37  -3.8719028290928446E-015
           8          38  -1.2433929645851553E-002
           8          39   3.9135361368398950E-015
           8          40  -2.7803111915569424E-002
           8          41  -3.6290415644228142E-015
           8          42  -6.5294140708619518E-016
           8          43   1.0082212792390371E-014
           8          44   4.0037417506037566E-015
           8          45  -1.2433929645834460E-002
           8          46  -1.2073676734625609E-015
           8          47  -3.0470417826765297E-015
           8          48   1.3081871066548817E-002
           8          49   8.8353803463182981E-015
           8          50   2.9251952977693094E-002
           8          51  -5.4626442178475551E-015
           8          52  -1.5978000610642971E-015
           8          53   9.8619030524356583E-016
           8          54  -6.0567870134007432E-015
           8          55   1.3081871066543441E-002
           8          56   6.2016364995302445E-016
           9           1  -1.8340072382752461E-012
           9           2  -2.0513269624058063E-011
           9           3  -9.2991624271912220E-011
           9           4  -3.0985403912536214E-011
           9           5   1.9733932459427209E-011
           9           6   2.7984324425171731E-012
           9           7   1.2587153615382361E-014
           9           8   5.2735594106211701E-015
           9           9   1.9969815330150382     
           9          10   7.6605394069246649E-015
           9          11  -8.4654502997369633E-015
           9          12  0.19234754270150139     
           9          13  -3.5204478241197667E-014
           9          14  -1.1535911140142574E-014
           9          15  -5.3317695345872496E-002
           9          16   4.4530350961873362E-015
           9          17  -2.4559781261576589E-014
           9          18  -9.8027885112993603E-003
           9          19   2.5542532435005102E-011
           9          20  -8.0652955522266858E-014
           9          21   2.5659060302699076E-011
           9          22  -4.4977569391959977E-014
           9          23   7.6902133755355168E-015
           9          24   2.5686720394184915E-011
           9          25   4.6092029623596199E-012
           9          26   3.3264378748729351E-014
           9          27   4.5689773696169795E-012
           9          28   1.8758016197419132E-014
           9          29   1.1249907883175566E-014
           9          30   4.5938114078665363E-012
           9          31  -5.1855613476610421E-012
           9          32  -9.4279842575467694E-015
           9          33  -5.1956609788752724E-012
           9          34  -2.4787487436848116E-015
           9          35   1.5452451330300735E-014
           9          36  -5.2257534028145664E-012
           9          37   8.1323835089213565E-015
           9          38   1.9217266695622708E-014
           9          39  -2.9358460226475327E-014
           9          40   3.8767600104256241E-014
           9          41  -1.2433929645869785E-002
           9          42  -1.4420632171167623E-014
           9          43  -1.2433929645869840E-002
           9          44  -1.5355772361709005E-014
           9          45  -1.5251688853551245E-014
           9          46  -2.7803111915545825E-002
           9          47  -2.2813348418852759E-014
           9          48   4.1456421600890013E-014
           9          49  -2.5562885131028978E-014
           9          50  -1.7322948624356804E-014
           9          51   1.3081871066532297E-002
           9          52   9.9113229223344293E-015
           9          53   1.3081871066539279E-002
           9          54   2.0171364592832130E-014
           9          55   2.8795976012415396E-014
           9          56   2.9251952977629322E-002
          10           1  -4.8876558815709752E-012
          10           2  -7.2428921820357387E-011
          10           3  -2.3135775228827380E-010
          10           4  -8.0313686629746417E-011
          10           5   4.0251529142309833E-011
          10           6   5.3664107026244841E-012
          10           7  0.19234754270142804     
          10           8  -1.2184697582648441E-014
          10           9   7.6605394069246649E-015
          10          10   5.7177388059601464     
          10          11   1.3367085284343226E-013
          10          12  -1.6875386046238508E-014
          10          13 -0.50310240638597625     
          10          14  -6.6543992602700864E-014
          10          15  -9.7061248253497418E-014
          10          16  -5.9861148738288794E-002
          10          17   3.3695268875886511E-014
          10          18   6.0947774557644441E-014
          10          19   6.4581733852234062E-011
          10          20   3.3028008836208621E-013
          10          21   6.4225110513281767E-011
          10          22   1.0019686669853306E-013
          10          23   3.0864644981760309E-014
          10          24   6.4088190259710631E-011
          10          25   1.5011703082937215E-011
          10          26  -2.8964003433642780E-014
          10          27   1.5014266717466535E-011
          10          28  -1.4104257537267200E-013
          10          29  -1.4833439209239031E-013
          10          30   1.4947022758840747E-011
          10          31  -1.0583662578431238E-011
          10          32  -2.6440843695477096E-014
          10          33  -1.0390889816617663E-011
          10          34   6.1571149260498795E-014
          10          35  -2.8514706212544859E-014
          10          36  -1.0310830425806835E-011
          10          37  -2.1606076335886146     
          10          38  -1.4718781741550711E-013
          10          39 -0.96625310828169875     
          10          40  -2.6578739244836798E-013
          10          41  -1.8374191705617202E-014
          10          42   7.5039552790112007E-014
          10          43   1.2129186482535464E-013
          10          44 -0.96625310828172650     
          10          45   1.1068923541901192E-013
          10          46   5.8064662537155624E-014
          10          47  0.23064093500697430     
          10          48  -1.4410347987182414E-014
          10          49  0.10314576181408261     
          10          50   1.0116907313637761E-013
          10          51  -6.6419092349738688E-014
          10          52  -7.9630068019410596E-014
          10          53  -4.0217828954470032E-014
          10          54  0.10314576181382469     
          10          55  -8.2654369480328440E-014
          10          56   6.0826344051351847E-014
          11           1  -2.3924768230530019E-012
          11           2  -3.4307938415102122E-011
          11           3  -1.1412441068499688E-010
          11           4  -3.9510561320953091E-011
          11           5   2.0331340709097249E-011
          11           6   2.7481347617506707E-012
          11           7   1.0158540768440187E-014
          11           8  0.19234754270151547     
          11           9  -8.4654502997369633E-015
          11          10   1.3367085284343226E-013
          11          11   5.7177388059603400     
          11          12  -2.7666757581261042E-013
          11          13   2.6603719202657026E-014
          11          14 -0.50310240638618586     
          11          15  -1.5126790305514029E-015
          11          16   1.6351503400345390E-014
          11          17  -5.9861148738363804E-002
          11          18   2.5455332263304589E-014
          11          19   3.1791801098607794E-011
          11          20   1.5877805981791157E-013
          11          21   3.1658527853375174E-011
          11          22   8.3179511909862662E-014
          11          23   5.2206151363384533E-016
          11          24   3.1668636443827415E-011
          11          25   7.2277314330269618E-012
          11          26  -1.8997656934117120E-014
          11          27   7.2366259851650228E-012
          11          28  -5.9802536199182512E-014
          11          29  -4.6147734468666115E-014
          11          30   7.1989074369823616E-012
          11          31  -5.3333524838354884E-012
          11          32  -8.9490916249263308E-015
          11          33  -5.2733139267727475E-012
          11          34   2.8628262145314481E-014
          11          35  -1.0799714820913644E-014
          11          36  -5.2411940452935965E-012
          11          37  -6.6169292452723031E-014
          11          38 -0.96625310828185318     
          11          39  -1.9706460191320472E-015
          11          40  -2.1606076335886950     
          11          41   4.5741188297129001E-014
          11          42   3.1400159635079887E-014
          11          43   8.2239770247904350E-014
          11          44  -3.3029136907827172E-015
          11          45 -0.96625310828178312     
          11          46   1.1385337036677125E-013
          11          47   2.8442526129449704E-014
          11          48  0.10314576181394400     
          11          49   5.3573465122447084E-014
          11          50  0.23064093500701990     
          11          51  -2.6766783186096886E-014
          11          52  -2.2614998123151588E-014
          11          53  -1.9817480934420147E-014
          11          54  -3.1171246121917359E-014
          11          55  0.10314576181392293     
          11          56   4.3437476277804831E-015
          12           1  -1.4672095856160233E-011
          12           2  -2.1600312750539813E-010
          12           3  -6.8774988018817398E-010
          12           4  -2.4226244355917130E-010
          12           5   1.1609529260685478E-010
          12           6   1.6363782993598755E-011
          12           7   8.3544283142095756E-014
          12           8   1.3877791000793975E-015
          12           9  0.19234754270150139     
          12          10  -1.6875386046238508E-014
          12          11  -2.7666757581261042E-013
          12          12   5.7177388059603995     
          12          13  -2.4508173283028064E-013
          12          14   9.1773810590964802E-014
          12          15 -0.50310240638604098     
          12          16  -1.1616055388584675E-013
          12          17  -5.6493004496045459E-014
          12          18  -5.9861148738467901E-002
          12          19   1.9202376235038581E-010
          12          20  -6.5530626646377217E-013
          12          21   1.9276091574407042E-010
          12          22  -2.9638263300738237E-013
          12          23  -2.4012599562071242E-014
          12          24   1.9278312976645880E-010
          12          25   4.6426171769628683E-011
          12          26   7.6699700333042062E-014
          12          27   4.6340930331059620E-011
          12          28   2.6076802603915592E-013
          12          29   2.4748766561733950E-013
          12          30   4.6517218240718839E-011
          12          31  -3.0158640787588096E-011
          12          32   3.4946239461456437E-014
          12          33  -3.0412671511841157E-011
          12          34  -1.0536867104264374E-013
          12          35   2.5862398393520745E-014
          12          36  -3.0581921157865148E-011
          12          37   1.2079226400792451E-013
          12          38   2.5471291763493549E-013
          12          39  -1.3983259082230611E-013
          12          40   4.6324055602366146E-013
          12          41 -0.96625310828177169     
          12          42  -1.0744337709513315E-013
          12          43 -0.96625310828201405     
          12          44  -7.4273921461904594E-014
          12          45  -1.6978085642674738E-013
          12          46  -2.1606076335887110     
          12          47  -4.6490588152732773E-015
          12          48   1.5498019329538676E-014
          12          49  -2.2691570836536684E-013
          12          50  -1.3650192082830638E-013
          12          51  0.10314576181405320     
          12          52   1.3403001768755655E-013
          12          53  0.10314576181401422     
          12          54   1.7543605467616340E-013
          12          55   1.3098203071909482E-013
          12          56  0.23064093500691041     
          13           1   1.6804781423853912E-013
          13           2   2.5184347173622077E-012
          13           3   8.0881188505298215E-012
          13           4   2.7617017491353115E-012
          13           5  -1.4541516253915129E-012
          13           6  -1.8293991366403704E-013
          13           7  -5.3317695345943272E-002
          13           8   7.6327832901617326E-015
          13           9  -3.5204478241197667E-014
          13          10 -0.50310240638597625     
          13          11   2.6603719202657026E-014
          13          12  -2.4508173283028064E-013
          13          13   4.4933240028385578E-002
          13          14   2.3123863958363440E-015
          13          15   3.0742769453221905E-014
          13          16   5.4095765730422752E-003
          13          17  -3.5064182489190734E-015
          13          18  -2.8596916484094606E-015
          13          19  -2.2621330183596306E-012
          13          20  -2.6757864071804692E-014
          13          21  -2.2244001944014613E-012
          13          22  -9.1739133326793118E-015
          13          23  -8.5475105871939167E-015
          13          24  -2.2046032182711292E-012
          13          25  -4.9955903419428607E-013
          13          26   1.9596042851649486E-015
          13          27  -5.0135825352141863E-013
          13          28   1.2734344902114229E-014
          13          29   1.4821639057800765E-014
          13          30  -4.9717055541629101E-013
          13          31   3.8634036182234930E-013
          13          32   2.6170446615813596E-015
          13          33   3.6958518514759400E-013
          13          34  -5.6073578297881562E-015
          13          35   2.0667883815828941E-015
          13          36   3.6290886619927940E-013
          13          37  0.18929075646742696     
          13          38   6.8400146630521829E-015
          13          39   8.4653399794693884E-002
          13          40   9.4542429570429926E-015
          13          41   4.3083592273163543E-014
          13          42  -6.7366477623276326E-015
          13          43   3.0551949881490104E-014
          13          44   8.4653399794696341E-002
          13          45  -1.6356707649986009E-014
          13          46   8.7416185462054696E-014
          13          47  -2.0687002285321939E-002
          13          48   2.0794997694806246E-015
          13          49  -9.2515086721474404E-003
          13          50  -7.3534928153053458E-015
          13          51   1.4580350779419487E-015
          13          52   7.1164247393272836E-015
          13          53  -9.4455693680440757E-016
          13          54  -9.2515086721242212E-003
          13          55   8.2288776494821871E-015
          13          56  -1.5539652901095073E-014
          14           1   2.3089846231242642E-013
          14           2   3.3012446156534609E-012
          14           3   1.0809144942215812E-011
          14           4   3.7501489686042835E-012
          14           5  -1.9058243656292422E-012
          14           6  -2.5774628201540264E-013
          14           7   1.0599160350073577E-015
          14           8  -5.3317695345969723E-002
          14           9  -1.1535911140142574E-014
          14          10  -6.6543992602700864E-014
          14          11 -0.50310240638618586     
          14          12   9.1773810590964802E-014
          14          13   2.3123863958363440E-015
          14          14   4.4933240028421431E-002
          14          15  -5.4938692333206851E-015
          14          16  -9.8207031986583443E-016
          14          17   5.4095765730510174E-003
          14          18  -2.9310321509030886E-015
          14          19  -3.0025009038808870E-012
          14          20   4.6890087023922225E-015
          14          21  -3.0162184210848800E-012
          14          22   2.1818369442282350E-014
          14          23   6.8832809559307958E-015
          14          24  -2.9968567943959971E-012
          14          25  -6.9504372040395083E-013
          14          26  -3.0537967542761679E-015
          14          27  -6.8942857162592373E-013
          14          28  -2.0132382832976605E-015
          14          29   2.3635990719189647E-015
          14          30  -6.9119852924601934E-013
          14          31   5.0047552384353289E-013
          14          32   2.3175547076566286E-015
          14          33   4.9306705312225144E-013
          14          34  -1.4559215939400264E-016
          14          35   1.5788695383000310E-015
          14          36   4.9186797566437895E-013
          14          37   2.6735558229271529E-014
          14          38   8.4653399794740292E-002
          14          39   9.4351610000768641E-015
          14          40  0.18929075646750654     
          14          41  -1.5501488951283097E-014
          14          42  -2.7316413271749930E-015
          14          43  -1.8946649776109513E-014
          14          44   9.5531222004287259E-015
          14          45   8.4653399794733866E-002
          14          46  -3.5797753573726221E-014
          14          47  -4.6095939581803354E-015
          14          48  -9.2515086721384719E-003
          14          49  -5.8176120184344699E-015
          14          50  -2.0687002285333902E-002
          14          51   3.5891428672306983E-015
          14          52   2.0051915095381009E-015
          14          53   2.8640284536181263E-015
          14          54   1.8587562028138489E-015
          14          55  -9.2515086721365325E-003
          14          56   2.1796800434058134E-015
