           1           1   1.9798999324735640     
           1           2   2.5310077532649453E-003
           1           3 -0.18104225681503056     
           1           4 -0.23670916617236720     
           1           5 -0.16411174809212753     
           1           6  -1.0889240497857840E-002
           1           7   1.1700084670968191E-013
           1           8   6.2690068018024332E-014
           1           9   5.8384631939087926E-016
           1          10   9.8913095404141207E-015
           1          11  -2.0395416506898953E-015
           1          12   3.5396062083323854E-015
           1          13  -7.5774073442001517E-015
           1          14   5.7396419085505398E-015
           1          15   6.6030738763712196E-015
           1          16  -8.0091438445539819E-015
           1          17   1.2678423124849238E-015
           1          18  -2.8664494895395355E-015
           1          19   7.5985077067517282E-002
           1          20  -1.5402909825128182E-014
           1          21   7.5985077067739090E-002
           1          22  -4.0212421249356079E-014
           1          23  -1.7517656441462993E-014
           1          24   7.5985077067699844E-002
           1          25  0.11867141210639567     
           1          26   3.0535805291764151E-015
           1          27  0.11867141210634347     
           1          28   3.9284344909395410E-015
           1          29   7.8146168149601654E-015
           1          30  0.11867141210635698     
           1          31   5.5474915521977211E-002
           1          32  -1.6637123516135824E-015
           1          33   5.5474915521987057E-002
           1          34  -5.3140899789732379E-015
           1          35  -2.9307096945273847E-015
           1          36   5.5474915521984552E-002
           1          37  -2.5489144973790828E-015
           1          38  -2.9683427972038465E-016
           1          39   4.5084953696665193E-016
           1          40   3.7965437496456998E-015
           1          41   2.1908012864954639E-015
           1          42   4.0260037906755391E-015
           1          43  -8.2036875966897545E-015
           1          44  -2.5664313853145961E-015
           1          45  -2.9180220292125808E-015
           1          46  -2.5531789849631697E-015
           1          47   6.4690654874630155E-015
           1          48   5.8655421294430793E-016
           1          49   4.2912776308520678E-015
           1          50  -6.0925195326865864E-015
           1          51  -4.0712178814187501E-015
           1          52  -1.2786894334849642E-015
           1          53  -4.9349591571129507E-015
           1          54   2.4701159235935248E-015
           1          55   2.4779636556116215E-015
           1          56   4.5936487263018941E-016
           2           1   2.5310077532649453E-003
           2           2   4.9173739508363932     
           2           3   5.9226100272580506     
           2           4   3.1471370903787390     
           2           5  -1.5987855554683943     
           2           6   3.7737646556994575E-002
           2           7   3.0571096815146135E-012
           2           8   1.7118037480078217E-012
           2           9   1.4082000126370955E-013
           2          10  -2.7771307398251629E-013
           2          11  -2.4288070295353650E-013
           2          12  -1.2267041618731903E-014
           2          13  -3.1712771019061837E-014
           2          14  -5.3648405214366101E-015
           2          15  -6.5722874499674483E-016
           2          16  -6.0496323542398828E-015
           2          17  -2.1910243636091833E-015
           2          18   1.1862680078763125E-015
           2          19  -1.6213352875110723     
           2          20  -2.4402811610569770E-013
           2          21  -1.6213352875085667     
           2          22  -4.8694827827876166E-013
           2          23  -1.9800311252590924E-013
           2          24  -1.6213352875089109     
           2          25 -0.81531136874641785     
           2          26   5.4749793903781417E-014
           2          27 -0.81531136874699162     
           2          28   1.1627294769869143E-013
           2          29   4.3174619332973817E-014
           2          30 -0.81531136874691057     
           2          31  0.35296549686925721     
           2          32  -2.2149354115703758E-014
           2          33  0.35296549686943834     
           2          34  -3.5237059165938939E-014
           2          35  -1.6762166253415341E-014
           2          36  0.35296549686940554     
           2          37   1.6621915176637858E-013
           2          38   4.3219239492838777E-014
           2          39   6.5215401248081356E-014
           2          40   1.0349180638533097E-013
           2          41  -2.2093597748008589E-015
           2          42  -4.0506785949458274E-015
           2          43   3.2191947470704945E-015
           2          44   7.1237602749458727E-014
           2          45   3.9917514327529142E-014
           2          46   2.2681186005753515E-014
           2          47   1.8624432251857751E-014
           2          48   1.5905604185666424E-015
           2          49   6.4728824075310183E-015
           2          50   1.3082533286130185E-014
           2          51   1.3368524698298715E-015
           2          52  -2.8443991845740948E-015
           2          53   2.2437821333728079E-015
           2          54   1.1909594440409979E-014
           2          55  -7.3605010320576819E-016
           2          56  -6.7105411407155735E-015
           3           1 -0.18104225681503056     
           3           2   5.9226100272580506     
           3           3   10.928819802410239     
           3           4   2.6869989090042736     
           3           5  -8.0807148632627150     
           3           6 -0.15812561202947123     
           3           7   2.9185287031844957E-012
           3           8   1.6309231822817415E-012
           3           9   1.4452472310969073E-013
           3          10   6.7927877268257234E-013
           3          11   2.8209699123974020E-014
           3          12   1.7569288091240346E-013
           3          13  -1.3457107534353465E-013
           3          14  -3.3663884629722026E-014
           3          15  -6.8961983794426603E-017
           3          16  -1.2140655806237909E-014
           3          17   1.1180558770977122E-016
           3          18  -5.9107088256521651E-016
           3          19  -2.4590643123696547     
           3          20  -6.9407351224107045E-013
           3          21  -2.4590643123629952     
           3          22  -1.3980257029555763E-012
           3          23  -6.9123394288384883E-013
           3          24  -2.4590643123638056     
           3          25  0.68676601069674104     
           3          26   1.5650957238778636E-013
           3          27  0.68676601069523324     
           3          28   3.2660879084595226E-013
           3          29   1.5773896747856923E-013
           3          30  0.68676601069541965     
           3          31   2.2395145777932197     
           3          32  -6.0001412062213491E-014
           3          33   2.2395145777936909     
           3          34  -1.0236606517776373E-013
           3          35  -5.7620029875602611E-014
           3          36   2.2395145777936234     
           3          37  -1.6850437430288444E-013
           3          38  -2.7137589651181911E-014
           3          39  -1.0590969038266760E-013
           3          40  -1.7974522829769046E-014
           3          41  -4.4170267208295502E-014
           3          42  -4.5456698819545516E-015
           3          43  -2.9574445902982536E-014
           3          44  -8.6505281692815613E-014
           3          45  -4.1325065313080545E-014
           3          46  -1.4243107227542403E-014
           3          47   6.5060272785650334E-014
           3          48   9.6170533189340862E-015
           3          49   1.6864711566815125E-014
           3          50   2.6087939267715013E-014
           3          51  -3.9106122745662948E-015
           3          52  -1.5262399873251700E-015
           3          53   5.7839231460303570E-015
           3          54   3.0386517699654866E-014
           3          55   2.7535684391442040E-015
           3          56  -1.2727376940568406E-014
           4           1 -0.23670916617236720     
           4           2   3.1471370903787390     
           4           3   2.6869989090042736     
           4           4   2.3782232500983902     
           4           5  0.83468236701231024     
           4           6   8.6417605431922659E-002
           4           7   2.4800101487385372E-012
           4           8   1.4948150669447551E-012
           4           9   6.2654272188770506E-014
           4          10   3.9740846463730933E-013
           4          11   3.5237667727266264E-013
           4          12  -2.8637040045775899E-013
           4          13  -7.1349791931025366E-014
           4          14  -5.0363358577546943E-014
           4          15   1.7596178803416950E-014
           4          16  -1.1542194659547112E-014
           4          17  -9.1439482345728675E-015
           4          18   4.1233019054693472E-015
           4          19 -0.89820205251573215     
           4          20  -4.9146852892659212E-013
           4          21 -0.89820205251166030     
           4          22  -1.0041861342309075E-012
           4          23  -5.8337054776963620E-013
           4          24 -0.89820205251206242     
           4          25  -1.0365914193228887     
           4          26   1.1079949759447235E-013
           4          27  -1.0365914193238148     
           4          28   2.3066889437951477E-013
           4          29   1.2919337297713179E-013
           4          30  -1.0365914193237222     
           4          31 -0.32283420331822310     
           4          32  -3.6561901973775218E-014
           4          33 -0.32283420331792861     
           4          34  -7.0934891618371999E-014
           4          35  -4.1492472886029843E-014
           4          36 -0.32283420331796253     
           4          37  -1.0452124329051077E-013
           4          38  -6.3998967864292639E-014
           4          39  -4.6986782658229416E-014
           4          40  -1.4964666233935906E-013
           4          41   5.0244223826163404E-014
           4          42  -3.2881367184689492E-015
           4          43   5.2857588771669500E-014
           4          44  -4.6305380383998221E-014
           4          45  -6.2682194428404193E-014
           4          46   1.1586247389557758E-013
           4          47   3.6296830391130424E-014
           4          48   9.9207999639937296E-015
           4          49   1.7815120998163445E-014
           4          50   3.1429892801569434E-014
           4          51  -8.6750558652870937E-016
           4          52  -2.1972390415918309E-015
           4          53  -2.7218765999549850E-015
           4          54   1.9487110701095703E-014
           4          55   9.3614460582363932E-015
           4          56  -1.1858408356398772E-014
           5           1 -0.16411174809212753     
           5           2  -1.5987855554683943     
           5           3  -8.0807148632627150     
           5           4  0.83468236701231024     
           5           5   10.609698719801063     
           5           6  0.32274057594360156     
           5           7   4.6326786705014746E-013
           5           8   1.3697658233029874E-014
           5           9  -2.1900698315805166E-013
           5          10   8.8360699752073270E-013
           5          11   1.4169931345898970E-012
           5          12  -2.1704016271752425E-012
           5          13  -4.5555315471972679E-014
           5          14  -1.0679865137724937E-013
           5          15   1.6108392013534839E-013
           5          16  -1.4700122663494594E-014
           5          17  -2.1543805373868394E-014
           5          18   2.3736060969085574E-014
           5          19   1.3359401594525264     
           5          20   3.0346608074852794E-013
           5          21   1.3359401594497837     
           5          22   4.0648136820985231E-014
           5          23   4.8737761932908858E-014
           5          24   1.3359401594506721     
           5          25  -2.4879829294835782     
           5          26  -6.8605629396561357E-014
           5          27  -2.4879829294829650     
           5          28  -1.5288507544636774E-014
           5          29  -1.7051759820052042E-014
           5          30  -2.4879829294831670     
           5          31  -3.0907246028401141     
           5          32   3.1148568827731443E-014
           5          33  -3.0907246028403002     
           5          34   7.0369947267891238E-015
           5          35   1.3153043894494717E-014
           5          36  -3.0907246028402331     
           5          37  -3.6088078508031599E-013
           5          38  -2.4415406043810813E-013
           5          39  -1.2684407908827734E-013
           5          40  -6.0548512537422339E-013
           5          41   3.7924574838320531E-013
           5          42  -1.7076631209806912E-016
           5          43   3.6675858886440199E-013
           5          44  -1.4793782406772199E-013
           5          45  -2.2579197645902722E-013
           5          46   7.5708315761619283E-013
           5          47   2.2650496503873240E-014
           5          48   1.7488735595158830E-014
           5          49   2.6728417430582554E-014
           5          50   4.8996179315773832E-014
           5          51  -2.4440405038340297E-014
           5          52  -1.8781265865246088E-015
           5          53  -3.8580672293000261E-014
           5          54   1.3999722874288917E-014
           5          55   2.4433983713252947E-014
           5          56  -6.6312717223059780E-014
           6           1  -1.0889240497857840E-002
           6           2   3.7737646556994575E-002
           6           3 -0.15812561202947123     
           6           4   8.6417605431922659E-002
           6           5  0.32274057594360156     
           6           6   1.1428041727051943E-002
           6           7   5.3463802395217121E-014
           6           8   1.5809186840871286E-014
           6           9   5.3655829330994899E-015
           6          10  -3.9126437104217554E-014
           6          11   2.0758299803147796E-015
           6          12   1.5946812938386827E-014
           6          13   3.7229180182134428E-015
           6          14   1.5241787701112454E-016
           6          15  -2.5126358936797286E-015
           6          16   1.6031686060485031E-016
           6          17  -2.6448548021910849E-016
           6          18  -1.5582990587260877E-016
           6          19   1.4161897588188416E-002
           6          20   5.2011782418615021E-015
           6          21   1.4161897588170935E-002
           6          22  -2.6982096023500104E-014
           6          23  -5.3878175004252336E-015
           6          24   1.4161897588200880E-002
           6          25  -9.7872688975861183E-002
           6          26  -1.1824472797893783E-015
           6          27  -9.7872688975857616E-002
           6          28   6.0230799136582999E-015
           6          29   9.7742287047770684E-016
           6          30  -9.7872688975864361E-002
           6          31  -9.6120719450159445E-002
           6          32   6.0012763180083611E-016
           6          33  -9.6120719450160291E-002
           6          34  -1.7889848254191495E-015
           6          35  -1.0732725985739574E-016
           6          36  -9.6120719450158237E-002
           6          37   1.3545304777495962E-014
           6          38  -1.1262084311915534E-015
           6          39   7.0303955468937127E-015
           6          40  -4.3784276146156134E-015
           6          41  -1.6142870061684736E-015
           6          42  -9.1595371698048633E-017
           6          43  -1.8992953127250111E-015
           6          44   6.4504971041629199E-015
           6          45  -5.7102825984729738E-016
           6          46  -6.0944143335172180E-015
           6          47  -1.6478741801608704E-015
           6          48  -1.9885576491523541E-016
           6          49  -2.2471313563269858E-016
           6          50   7.9640943221199271E-017
           6          51   8.5616503324990239E-016
           6          52  -1.1122299164192509E-016
           6          53   4.0644229911379823E-016
           6          54  -5.4137133552345320E-016
           6          55  -1.6757047155162630E-017
           6          56   1.3221870631392852E-015
           7           1   1.1700084670968191E-013
           7           2   3.0571096815146135E-012
           7           3   2.9185287031844957E-012
           7           4   2.4800101487385372E-012
           7           5   4.6326786705014746E-013
           7           6   5.3463802395217121E-014
           7           7   1.9971808972031220     
           7           8   3.2408230906975314E-003
           7           9  -6.5585182107780551E-004
           7          10  0.17626417023260860     
           7          11   1.9131282362813043E-002
           7          12  -3.8716357005777911E-003
           7          13  -4.8392392703648326E-002
           7          14  -5.6865267048536298E-004
           7          15   1.1507937307542694E-004
           7          16  -8.9357624012180933E-003
           7          17   5.4654210977522774E-005
           7          18  -1.1060481483095226E-005
           7          19  -9.6374837133994115E-013
           7          20   1.2440447362701413E-015
           7          21  -8.8326507450067202E-013
           7          22   1.9316725289175446E-014
           7          23   3.2088529460444982E-014
           7          24  -9.3783365059597509E-013
           7          25  -9.9799475678044369E-013
           7          26   3.7295807570829999E-015
           7          27  -1.0004361182587089E-012
           7          28  -1.0950226699742718E-014
           7          29  -1.1827535343632516E-014
           7          30  -9.9363122474998343E-013
           7          31  -2.0995609416102161E-013
           7          32  -1.8401181006225974E-015
           7          33  -2.1577870593745955E-013
           7          34   9.4784221230584685E-015
           7          35   4.0755175653066114E-015
           7          36  -2.0595443823636849E-013
           7          37  -2.5119906471654747E-002
           7          38  -1.1271827910291233E-002
           7          39  -1.1233963691817610E-002
           7          40  -2.5204573438092109E-002
           7          41   2.2811022555080944E-003
           7          42   2.7303409404809874E-015
           7          43   2.2811022555044858E-003
           7          44  -1.1233963691803954E-002
           7          45  -1.1271827910301633E-002
           7          46   5.1006997069383145E-003
           7          47   2.6605663237612640E-002
           7          48   3.7609111218254311E-005
           7          49   1.1898414317154389E-002
           7          50   8.4096529238683764E-005
           7          51  -7.6110307146305651E-006
           7          52   3.6173315385501104E-015
           7          53  -7.6110307218601319E-006
           7          54   1.1898414317144253E-002
           7          55   3.7609111204991862E-005
           7          56  -1.7018782057448246E-005
           8           1   6.2690068018024332E-014
           8           2   1.7118037480078217E-012
           8           3   1.6309231822817415E-012
           8           4   1.4948150669447551E-012
           8           5   1.3697658233029874E-014
           8           6   1.5809186840871286E-014
           8           7   3.2408230906975314E-003
           8           8   2.0120508426222292     
           8           9  -3.1459875153445338E-003
           8          10   1.9131282362795644E-002
           8          11  0.26404468665432573     
           8          12  -1.8571447370481439E-002
           8          13  -5.6865267050116078E-004
           8          14  -5.1001555233029072E-002
           8          15   5.5201229807925296E-004
           8          16   5.4654210970292060E-005
           8          17  -8.6849911892882929E-003
           8          18  -5.3054875434591556E-005
           8          19  -5.0510214007557584E-013
           8          20   4.4035653265027776E-015
           8          21  -4.6041131586023363E-013
           8          22   1.6027760072165268E-014
           8          23   1.7115738845619783E-014
           8          24  -4.9096319343015715E-013
           8          25  -5.5552908835774705E-013
           8          26   4.7575512687440411E-015
           8          27  -5.4941475386783000E-013
           8          28  -8.6050799292655056E-015
           8          29  -2.6555104815710689E-015
           8          30  -5.5280728723302139E-013
           8          31  -4.1500203666395218E-014
           8          32  -4.7274757852797041E-015
           8          33  -5.0140390225202655E-014
           8          34   7.2052410580367778E-015
           8          35   1.5685787044340546E-015
           8          36  -3.7137075362521038E-014
           8          37  -2.5204573438090367E-002
           8          38  -6.2952758920372887E-002
           8          39  -1.1271827910292033E-002
           8          40 -0.14076664831711785     
           8          41   1.0941982603959871E-002
           8          42   5.9295989826297145E-015
           8          43   1.0941982603954818E-002
           8          44  -1.1271827910288031E-002
           8          45  -6.2952758920379714E-002
           8          46   2.4467016911059097E-002
           8          47   8.4096529249151180E-005
           8          48   1.2070977093737424E-002
           8          49   3.7609111214127526E-005
           8          50   2.6991525336434993E-002
           8          51  -3.6508563108545744E-005
           8          52   4.4674806020208830E-015
           8          53  -3.6508563116885421E-005
           8          54   3.7609111210176307E-005
           8          55   1.2070977093730643E-002
           8          56  -8.1635628880035897E-005
           9           1   5.8384631939087926E-016
           9           2   1.4082000126370955E-013
           9           3   1.4452472310969073E-013
           9           4   6.2654272188770506E-014
           9           5  -2.1900698315805166E-013
           9           6   5.3655829330994899E-015
           9           7  -6.5585182107780551E-004
           9           8  -3.1459875153445338E-003
           9           9   1.9971419345312871     
           9          10  -3.8716357006132870E-003
           9          11  -1.8571447370495139E-002
           9          12  0.17603416512110720     
           9          13   1.1507937307967479E-004
           9          14   5.5201229806472833E-004
           9          15  -4.8385556098620934E-002
           9          16  -1.1060481483075253E-005
           9          17  -5.3054875430925068E-005
           9          18  -8.9364194793762723E-003
           9          19  -5.6348913703305615E-014
           9          20   2.7567471042095284E-015
           9          21  -1.8542085802781343E-015
           9          22  -5.4996669751166168E-015
           9          23   7.9809693430820386E-015
           9          24  -1.6196658610859395E-014
           9          25   3.5649530993526842E-014
           9          26   2.4848785257825975E-016
           9          27   5.9861556835391892E-015
           9          28   4.6696672757344884E-015
           9          29   6.5487849079038347E-015
           9          30   2.0689828205795639E-014
           9          31   5.5085559850672518E-014
           9          32  -3.2601714742938583E-015
           9          33   6.5858648720186663E-014
           9          34  -6.9181140480663733E-015
           9          35  -1.1202172533964675E-014
           9          36   5.7792146757072364E-014
           9          37   5.1006997069453280E-003
           9          38   1.0941982603949360E-002
           9          39   2.2811022555086469E-003
           9          40   2.4467016911058740E-002
           9          41  -1.1098448571268611E-002
           9          42  -2.7724335866301425E-015
           9          43  -1.1098448571274231E-002
           9          44   2.2811022555074452E-003
           9          45   1.0941982603959314E-002
           9          46  -2.4816885450141459E-002
           9          47  -1.7018782063948278E-005
           9          48  -3.6508563112532342E-005
           9          49  -7.6110307180182446E-006
           9          50  -8.1635628873355151E-005
           9          51   1.1897962163042371E-002
           9          52  -1.1296347241843187E-014
           9          53   1.1897962163046059E-002
           9          54  -7.6110307161739582E-006
           9          55  -3.6508563104383323E-005
           9          56   2.6604652190291254E-002
          10           1   9.8913095404141207E-015
          10           2  -2.7771307398251629E-013
          10           3   6.7927877268257234E-013
          10           4   3.9740846463730933E-013
          10           5   8.8360699752073270E-013
          10           6  -3.9126437104217554E-014
          10           7  0.17626417023260860     
          10           8   1.9131282362795644E-002
          10           9  -3.8716357006132870E-003
          10          10   5.4072844347227278     
          10          11  0.11293611363619377     
          10          12  -2.2855106163276524E-002
          10          13 -0.47077484875154196     
          10          14  -3.3568801816651864E-003
          10          15   6.7933852567221857E-004
          10          16  -5.7679466678745434E-002
          10          17   3.2263567403588699E-004
          10          18  -6.5292423695124000E-005
          10          19  -6.6829831380526730E-013
          10          20  -1.8858336465900352E-014
          10          21   1.5572876289035945E-013
          10          22   1.5151165049729564E-013
          10          23   2.6327912374368407E-013
          10          24  -3.4287610709586530E-013
          10          25  -2.7357240261507727E-013
          10          26   1.2349580033028647E-014
          10          27  -3.3260478938297413E-013
          10          28  -9.4488814777238317E-014
          10          29  -1.2225219787980426E-013
          10          30  -3.1793485493425258E-013
          10          31  -2.7996327124538037E-013
          10          32  -1.6543171734153089E-015
          10          33  -2.4886963476142175E-013
          10          34   6.8699490257950956E-014
          10          35   7.7510820277873281E-014
          10          36  -2.7241862933563353E-013
          10          37  -1.9781101699595025     
          10          38  -6.6540047531724392E-002
          10          39 -0.88463776140260908     
          10          40 -0.14878806950703105     
          10          41   1.3465841894890767E-002
          10          42  -3.4056417423753956E-014
          10          43   1.3465841894929310E-002
          10          44 -0.88463776140254780     
          10          45  -6.6540047531732621E-002
          10          46   3.0110537851231432E-002
          10          47  0.21820883668619806     
          10          48   2.2201474933145033E-004
          10          49   9.7585958424309172E-002
          10          50   4.9644007146235536E-004
          10          51  -4.4929566839376696E-005
          10          52   5.2604451367543503E-014
          10          53  -4.4929566873730048E-005
          10          54   9.7585958424305702E-002
          10          55   2.2201474924544838E-004
          10          56  -1.0046556567480366E-004
          11           1  -2.0395416506898953E-015
          11           2  -2.4288070295353650E-013
          11           3   2.8209699123974020E-014
          11           4   3.5237667727266264E-013
          11           5   1.4169931345898970E-012
          11           6   2.0758299803147796E-015
          11           7   1.9131282362813043E-002
          11           8  0.26404468665432573     
          11           9  -1.8571447370495139E-002
          11          10  0.11293611363619377     
          11          11   5.9254718823618617     
          11          12 -0.10963128612325872     
          11          13  -3.3568801817533268E-003
          11          14 -0.48617730167270373     
          11          15   3.2586484502980040E-003
          11          16   3.2263567405053635E-004
          11          17  -5.6199109766466263E-002
          11          18  -3.1319444914104617E-004
          11          19  -2.3975479509366479E-013
          11          20  -1.8402271427298340E-014
          11          21  -3.6994258769243303E-014
          11          22   6.5334747153024710E-014
          11          23   7.0066807707976812E-014
          11          24  -1.7720588049287324E-013
          11          25  -4.2117269234838976E-013
          11          26   4.7340861528374115E-015
          11          27  -3.9357254149847754E-013
          11          28  -4.2237609837551666E-014
          11          29  -5.3505260001975016E-014
          11          30  -4.0345665326843563E-013
          11          31  -4.1460592552427979E-013
          11          32  -4.9137982946693902E-016
          11          33  -4.2424593922521402E-013
          11          34   3.3549381966415254E-014
          11          35   4.5550917245931342E-014
          11          36  -4.2887873814365806E-013
          11          37 -0.14878806950705525     
          11          38  -1.1899450389960711     
          11          39  -6.6540047531750329E-002
          11          40  -2.6607979966838364     
          11          41   6.4592899071291607E-002
          11          42  -9.7416061541449206E-015
          11          43   6.4592899071324636E-002
          11          44  -6.6540047531737048E-002
          11          45  -1.1899450389960591     
          11          46  0.14443411318722438     
          11          47   4.9644007147285954E-004
          11          48   9.8604633961918431E-002
          11          49   2.2201474931470765E-004
          11          50  0.22048666443529680     
          11          51  -2.1551797489408774E-004
          11          52   3.5602840163266238E-014
          11          53  -2.1551797491190257E-004
          11          54   2.2201474931723549E-004
          11          55   9.8604633961865931E-002
          11          56  -4.8191284226298931E-004
          12           1   3.5396062083323854E-015
          12           2  -1.2267041618731903E-014
          12           3   1.7569288091240346E-013
          12           4  -2.8637040045775899E-013
          12           5  -2.1704016271752425E-012
          12           6   1.5946812938386827E-014
          12           7  -3.8716357005777911E-003
          12           8  -1.8571447370481439E-002
          12           9  0.17603416512110720     
          12          10  -2.2855106163276524E-002
          12          11 -0.10963128612325872     
          12          12   5.4059266646099040     
          12          13   6.7933852573654895E-004
          12          14   3.2586484502435541E-003
          12          15 -0.47073449078777707     
          12          16  -6.5292423658837176E-005
          12          17  -3.1319444910361219E-004
          12          18  -5.7683345553776445E-002
          12          19  -6.7509496127399317E-014
          12          20   2.9992472075954762E-014
          12          21   2.7896430952667528E-013
          12          22  -5.3024244493874047E-014
          12          23   3.7819565440590976E-014
          12          24   2.3270240704053585E-013
          12          25   6.4023212102939493E-013
          12          26  -9.9381772630151934E-015
          12          27   4.3204453549946438E-013
          12          28   4.7589800977699035E-014
          12          29   5.8472049697068059E-014
          12          30   5.2865226039954515E-013
          12          31   5.9385588921752735E-013
          12          32  -1.4281488680510576E-014
          12          33   6.7542494057267627E-013
          12          34  -5.1357919403355376E-014
          12          35  -8.2606070315478958E-014
          12          36   6.2284901117556292E-013
          12          37   3.0110537851191700E-002
          12          38   6.4592899071265572E-002
          12          39   1.3465841894873775E-002
          12          40  0.14443411318716731     
          12          41 -0.88383778622250653     
          12          42   2.1454432544004794E-014
          12          43 -0.88383778622253528     
          12          44   1.3465841894867657E-002
          12          45   6.4592899071333060E-002
          12          46  -1.9763213710764733     
          12          47  -1.0046556573991976E-004
          12          48  -2.1551797493710788E-004
          12          49  -4.4929566877131834E-005
          12          50  -4.8191284225554306E-004
          12          51   9.7583289260443656E-002
          12          52  -6.9514109178959594E-014
          12          53   9.7583289260464806E-002
          12          54  -4.4929566860963703E-005
          12          55  -2.1551797485596150E-004
          12          56  0.21820286825441718     
          13           1  -7.5774073442001517E-015
          13           2  -3.1712771019061837E-014
          13           3  -1.3457107534353465E-013
          13           4  -7.1349791931025366E-014
          13           5  -4.5555315471972679E-014
          13           6   3.7229180182134428E-015
          13           7  -4.8392392703648326E-002
          13           8  -5.6865267050116078E-004
          13           9   1.1507937307967479E-004
          13          10 -0.47077484875154196     
          13          11  -3.3568801817533268E-003
          13          12   6.7933852573654895E-004
          13          13   4.1619529844151626E-002
          13          14   9.9778929801224410E-005
          13          15  -2.0192460685363791E-005
          13          16   5.1585840351105741E-003
          13          17  -9.5899288975111365E-006
          13          18   1.9407330027014809E-006
          13          19   6.1370388746879379E-015
          13          20   1.2278421698495160E-015
          13          21   5.2148658196550209E-014
          13          22  -7.0468910163345754E-015
          13          23  -9.9618195468883933E-015
          13          24   7.4700019220645079E-014
          13          25   4.7020659104832104E-014
          13          26  -1.0544755944783424E-015
          13          27   2.5323267223120262E-014
          13          28   6.9248522012532453E-015
          13          29   7.7581836898322364E-015
          13          30   2.8841115409655324E-014
          13          31   1.1284985985710222E-014
          13          32   1.4393774238535952E-016
          13          33   1.7168670861515147E-014
          13          34  -5.6627820817293895E-015
          13          35  -5.8225313529411528E-015
          13          36   1.7501077945303082E-014
          13          37  0.17022167662827856     
          13          38   1.9778170122694808E-003
          13          39   7.6125448036962612E-002
          13          40   4.4225332864926969E-003
          13          41  -4.0025476646068047E-004
          13          42   3.0354195400338122E-015
          13          43  -4.0025476646378871E-004
          13          44   7.6125448036957089E-002
          13          45   1.9778170122706070E-003
          13          46  -8.9499686612308569E-004
          13          47  -1.9373984342497451E-002
          13          48  -6.5991018150256655E-006
          13          49  -8.6643091969691652E-003
          13          50  -1.4756040244148646E-005
          13          51   1.3354733743854029E-006
          13          52  -4.6212922360495402E-015
          13          53   1.3354733774687875E-006
          13          54  -8.6643091969687246E-003
          13          55  -6.5991018073646396E-006
          13          56   2.9862092491775617E-006
          14           1   5.7396419085505398E-015
          14           2  -5.3648405214366101E-015
          14           3  -3.3663884629722026E-014
          14           4  -5.0363358577546943E-014
          14           5  -1.0679865137724937E-013
          14           6   1.5241787701112454E-016
          14           7  -5.6865267048536298E-004
          14           8  -5.1001555233029072E-002
          14           9   5.5201229806472833E-004
          14          10  -3.3568801816651864E-003
          14          11 -0.48617730167270373     
          14          12   3.2586484502435541E-003
          14          13   9.9778929801224410E-005
          14          14   4.2077347873258453E-002
          14          15  -9.6859118394656521E-005
          14          16  -9.5899288997240728E-006
          14          17   5.1145823369764271E-003
          14          18   9.3093006790515102E-006
          14          19   1.3100009250746461E-013
          14          20   1.3919432804698760E-014
          14          21  -1.0475029028928147E-013
          14          22  -1.5523111350164414E-014
          14          23  -6.8427488543343829E-014
          14          24   3.6231156208446871E-014
          14          25   1.7456470487351651E-014
          14          26  -3.3298072434565566E-015
          14          27   6.4035354493219732E-014
          14          28   5.9436232076325136E-015
          14          29   1.8629913608656769E-014
          14          30   3.6052559771936925E-014
          14          31   3.8997029034529038E-014
          14          32   9.9226253382632625E-016
          14          33   2.4538545904535321E-014
          14          34  -3.7185037321627530E-015
          14          35  -8.3299916012163249E-015
          14          36   3.3842754685925696E-014
          14          37   4.4225332864632301E-003
          14          38   8.5200312723581959E-002
          14          39   1.9778170122578052E-003
          14          40  0.19051369095416879     
          14          41  -1.9199405379634264E-003
          14          42   1.3488080230551205E-015
          14          43  -1.9199405379653775E-003
          14          44   1.9778170122567197E-003
          14          45   8.5200312723582111E-002
          14          46  -4.2931175556442727E-003
          14          47  -1.4756040241530230E-005
          14          48  -8.6945880122535485E-003
          14          49  -6.5991018117929490E-006
          14          50  -1.9441689831750368E-002
          14          51   6.4059935779930843E-006
          14          52  -3.1445759423156462E-015
          14          53   6.4059935795866769E-006
          14          54  -6.5991018120921786E-006
          14          55  -8.6945880122490018E-003
          14          56   1.4324237106090184E-005
