           1           1   1.9999624527317814     
           1           2   2.3384254235328714E-003
           1           3   8.4439188613311417E-003
           1           4   2.6629475299178107E-003
           1           5  -1.1186594438718006E-002
           1           6  -8.1029681414226712E-004
           1           7  -1.4916341578222128E-009
           1           8  -1.4419814969081660E-009
           1           9  -3.4577822045032147E-011
           1          10   4.2052183108267479E-011
           1          11  -5.0089145154550066E-011
           1          12  -4.1012179742756524E-011
           1          13  -1.5957429445670818E-011
           1          14   3.2129583615564581E-011
           1          15   5.0647218115146353E-012
           1          16  -9.3824738812751730E-012
           1          17  -3.8953420235159960E-011
           1          18  -6.5402815380177979E-011
           1          19   1.6730884101801887E-003
           1          20   8.0811717381513597E-009
           1          21   1.6730980669378815E-003
           1          22  -6.4633858166653123E-009
           1          23   3.6414193607367140E-009
           1          24   1.6731001183770237E-003
           1          25  -4.1150940102471285E-004
           1          26   7.6108310663447115E-010
           1          27  -4.1150829600294296E-004
           1          28  -6.4669021246857730E-010
           1          29   4.1546333559918926E-010
           1          30  -4.1150800077222711E-004
           1          31   2.0675790143965559E-003
           1          32  -1.6580536752175425E-009
           1          33   2.0675772574336969E-003
           1          34   1.2946548088206412E-009
           1          35  -6.6319012695067056E-010
           1          36   2.0675769668652534E-003
           1          37   7.2413706901258519E-011
           1          38  -1.1560415012099910E-011
           1          39   3.5600874424227176E-011
           1          40  -2.7217470786700355E-011
           1          41  -8.3855557925564857E-012
           1          42   2.4995203747399846E-012
           1          43  -7.4104044943323533E-012
           1          44   3.1564305795435077E-011
           1          45  -1.6144963697824675E-011
           1          46  -1.9050398924199087E-011
           1          47   9.9432578054266927E-012
           1          48  -1.4126639481743913E-011
           1          49   8.9832823991374468E-012
           1          50  -3.0179691353106733E-011
           1          51  -1.6589206617216280E-011
           1          52   3.5026169072972594E-012
           1          53  -1.2739461189730584E-011
           1          54   3.1265432585593830E-012
           1          55  -1.7286105787603687E-011
           1          56  -3.5352056245809040E-011
           2           1   2.3384254235328714E-003
           2           2   2.0766849494571860     
           2           3  0.21251083944281679     
           2           4  0.11793194429858304     
           2           5  -8.9448117253194681E-003
           2           6  -8.3130939271168600E-004
           2           7  -1.4657945467231143E-008
           2           8  -1.7435140332384528E-008
           2           9  -2.7928438804954617E-010
           2          10   2.4792735861929198E-009
           2          11  -2.1596299823026490E-009
           2          12  -1.7218404869615624E-009
           2          13  -1.4210078724825040E-010
           2          14   2.4626502096422346E-010
           2          15   3.2567927265893740E-011
           2          16  -4.3472607934267459E-011
           2          17  -3.1108523648022660E-010
           2          18  -5.1229509772366706E-010
           2          19  -3.1516663901482014E-002
           2          20   7.7628198101908614E-008
           2          21  -3.1516574621954056E-002
           2          22  -6.1365154841958092E-008
           2          23   3.2842628199378770E-008
           2          24  -3.1516556594421999E-002
           2          25  -5.3104348616924493E-002
           2          26   1.2477963273579793E-008
           2          27  -5.3104333403531448E-002
           2          28  -9.9902477091890667E-009
           2          29   5.4478285205033988E-009
           2          30  -5.3104329978904387E-002
           2          31  -1.0205841217886005E-002
           2          32  -1.3094412079229748E-008
           2          33  -1.0205855131056226E-002
           2          34   1.0226751578642524E-008
           2          35  -5.2663233713890066E-009
           2          36  -1.0205857462255698E-002
           2          37  -8.6893011828112224E-010
           2          38   2.7696357173028899E-010
           2          39  -3.4800292217775714E-010
           2          40   5.5653956848025949E-010
           2          41   1.7616039659931721E-010
           2          42   4.9592101635635889E-011
           2          43   2.0151454171895087E-010
           2          44  -4.0534515586490985E-010
           2          45   1.7690822983273202E-010
           2          46   4.0241955068439932E-010
           2          47   4.3739239733537785E-011
           2          48  -1.0252522446639691E-010
           2          49   5.0712257251808735E-011
           2          50  -2.1815967677742063E-010
           2          51  -1.1932862681118375E-010
           2          52   2.2772436788462388E-011
           2          53  -9.6484055079886422E-011
           2          54   8.2830229486909556E-012
           2          55  -1.2199077643500789E-010
           2          56  -2.5044817569949679E-010
           3           1   8.4439188613311417E-003
           3           2  0.21251083944281679     
           3           3   2.6395350882157951     
           3           4  0.30003977926966158     
           3           5 -0.32733676407878187     
           3           6  -1.4284718573113409E-002
           3           7  -4.8890925492169060E-008
           3           8  -4.7173115936926518E-008
           3           9  -1.1680882482413910E-009
           3          10   5.3670874217440396E-009
           3          11  -3.2273248053455408E-009
           3          12  -3.3215108271186464E-009
           3          13  -1.9540956177693520E-009
           3          14   3.9506200653236058E-009
           3          15   3.3868699311547377E-009
           3          16  -4.8165858927605607E-010
           3          17  -1.1542155044791892E-009
           3          18  -2.1837307766701638E-009
           3          19  -5.7790599808467513E-002
           3          20   2.7443741786537768E-007
           3          21  -5.7790279747494067E-002
           3          22  -2.1746967693427572E-007
           3          23   1.2071574440869684E-007
           3          24  -5.7790210436128378E-002
           3          25 -0.10107473853069023     
           3          26  -7.2617895843832366E-008
           3          27 -0.10107480851599560     
           3          28   5.4991877158608717E-008
           3          29  -2.6411531000914813E-008
           3          30 -0.10107481656892393     
           3          31   3.1167787059331889E-002
           3          32  -6.3272864926245559E-008
           3          33   3.1167719770137187E-002
           3          34   4.9408317936495952E-008
           3          35  -2.5450122836032615E-008
           3          36   3.1167708523105381E-002
           3          37  -1.2426159951812601E-009
           3          38   5.4118845080570379E-010
           3          39   2.1071506290859129E-011
           3          40   1.4158780485011476E-009
           3          41   4.1144983950488026E-010
           3          42   2.4626291065358650E-010
           3          43   3.9637190423078568E-010
           3          44  -6.9045597155937271E-010
           3          45   4.9497497346252479E-011
           3          46   7.6615888493330687E-010
           3          47   9.7183715899773088E-010
           3          48  -1.1156596393535154E-009
           3          49   4.9147573942724442E-010
           3          50  -2.6461709546870809E-009
           3          51  -1.3777024603323890E-009
           3          52   4.7475463100608167E-011
           3          53  -1.3644135794276105E-009
           3          54   3.4001643180731597E-010
           3          55  -1.2018595813034706E-009
           3          56  -2.9046840177054747E-009
           4           1   2.6629475299178107E-003
           4           2  0.11793194429858304     
           4           3  0.30003977926966158     
           4           4   5.1633716985786143E-002
           4           5   3.4597624010513750E-002
           4           6   1.2321545331006416E-002
           4           7  -3.7724999544148998E-008
           4           8  -3.5867564082918021E-008
           4           9  -1.2028770104673120E-009
           4          10   1.2877160924028376E-009
           4          11   2.8967602682216887E-009
           4          12  -5.2049998598184090E-010
           4          13   1.3267187665599627E-010
           4          14   1.4569371265887646E-010
           4          15   6.1637669203990497E-010
           4          16   1.0720127745082199E-010
           4          17   8.7677114937134492E-010
           4          18   1.3625467574013423E-009
           4          19  -8.1642583594901674E-003
           4          20  -3.4831376605370544E-006
           4          21  -8.1679485672327100E-003
           4          22   2.6922726356026360E-006
           4          23  -1.3965603736104923E-006
           4          24  -8.1685986322516564E-003
           4          25  -6.1512163570769697E-003
           4          26  -9.4034955389634773E-007
           4          27  -6.1522120914370582E-003
           4          28   7.2670007564773543E-007
           4          29  -3.7674593938804847E-007
           4          30  -6.1523870317251464E-003
           4          31   8.4982429790042713E-003
           4          32  -1.9909063589313816E-008
           4          33   8.4982226669943935E-003
           4          34   1.4947083308124293E-008
           4          35  -7.6941528531244556E-009
           4          36   8.4982190784614921E-003
           4          37  -1.8699072540421943E-010
           4          38   1.1450376210474382E-011
           4          39  -7.4968129178788821E-011
           4          40   3.1085265236190457E-011
           4          41   7.8616211177347988E-012
           4          42  -3.6821922048844750E-012
           4          43  -1.1238696400531801E-011
           4          44  -9.2250652215061951E-011
           4          45   5.2844673755548166E-013
           4          46   2.2019797870100117E-011
           4          47  -1.8980262486301412E-011
           4          48   9.6145033586104207E-011
           4          49  -1.1924230302866350E-010
           4          50   1.5044204654223054E-010
           4          51   1.4467066145779201E-010
           4          52  -8.6945345707067773E-011
           4          53   3.8717027690230438E-011
           4          54   7.5163139677475964E-012
           4          55   1.6661505875906820E-010
           4          56   3.1129585510786621E-010
           5           1  -1.1186594438718006E-002
           5           2  -8.9448117253194681E-003
           5           3 -0.32733676407878187     
           5           4   3.4597624010513750E-002
           5           5  0.42130135900344473     
           5           6   7.6415332795311999E-002
           5           7   6.7816334299850446E-009
           5           8   1.0503046555299623E-008
           5           9   2.1628865365672398E-009
           5          10  -7.4824388854844805E-009
           5          11  -2.3334547700432731E-010
           5          12  -4.4751693993825359E-009
           5          13   1.6814754956866566E-009
           5          14  -2.9953202029356450E-009
           5          15   5.1662847420328748E-010
           5          16   8.8256827819189193E-010
           5          17   5.5268458475661924E-009
           5          18   8.9504994334196546E-009
           5          19   4.9200201687809690E-003
           5          20  -5.4167859513936991E-006
           5          21   4.9141386855234490E-003
           5          22   4.2144592503427936E-006
           5          23  -2.2376478490889827E-006
           5          24   4.9130629701056149E-003
           5          25   5.1717019755627966E-002
           5          26  -1.3267596877128991E-006
           5          27   5.1715575550311699E-002
           5          28   1.0329108707335836E-006
           5          29  -5.4989832406040232E-007
           5          30   5.1715310410974866E-002
           5          31   2.5654684469549324E-002
           5          32   1.4952997023498273E-007
           5          33   2.5654843433750733E-002
           5          34  -1.1743643953862568E-007
           5          35   5.9622970672160190E-008
           5          36   2.5654869313041683E-002
           5          37   4.3552802662465266E-010
           5          38  -3.0886642927837064E-010
           5          39  -1.8232503660000136E-010
           5          40  -7.9348302242475139E-010
           5          41  -3.1685003558696266E-010
           5          42  -2.0811307775613338E-010
           5          43  -4.1370497347618934E-010
           5          44   2.4918344532339386E-010
           5          45   9.4801585897661589E-012
           5          46  -5.7604570738468507E-010
           5          47  -6.2765715164779951E-010
           5          48   1.4598810155982867E-009
           5          49  -9.2165679083865182E-010
           5          50   3.0244166369098754E-009
           5          51   1.8287025240720790E-009
           5          52  -5.0484981460823638E-010
           5          53   1.2464500578336049E-009
           5          54  -1.2471131565926728E-010
           5          55   1.9034355782171652E-009
           5          56   3.8938624885101238E-009
           6           1  -8.1029681414226712E-004
           6           2  -8.3130939271168600E-004
           6           3  -1.4284718573113409E-002
           6           4   1.2321545331006416E-002
           6           5   7.6415332795311999E-002
           6           6   1.4718404757346251E-002
           6           7   8.2574730726219262E-010
           6           8   1.9601686093634089E-009
           6           9   4.6673571177302463E-010
           6          10  -3.1930161529806283E-010
           6          11   1.1752833050805900E-010
           6          12  -3.5325903745022123E-010
           6          13   3.2167042147249026E-010
           6          14  -5.0346535880245995E-010
           6          15   1.8720681650908204E-010
           6          16   1.6359759865772732E-010
           6          17   1.0628987977673884E-009
           6          18   1.7154139409826876E-009
           6          19  -8.7299793213552993E-005
           6          20  -1.8432061590557204E-007
           6          21  -8.7495522992399999E-005
           6          22   1.4256264552159872E-007
           6          23  -7.5527787639529471E-008
           6          24  -8.7538504996935830E-005
           6          25   8.3013185605350752E-003
           6          26  -2.1517161762071031E-008
           6          27   8.3012960051105401E-003
           6          28   1.6464056301084828E-008
           6          29  -8.9413412283223251E-009
           6          30   8.3012895511596456E-003
           6          31   5.6433506722521889E-003
           6          32   4.3095679797599295E-008
           6          33   5.6433970516051894E-003
           6          34  -3.3854952411414225E-008
           6          35   1.7467496987605539E-008
           6          36   5.6434046830501324E-003
           6          37   8.0579568792655558E-011
           6          38  -4.7517933463876506E-011
           6          39  -2.6431397864751959E-011
           6          40  -1.2229640959568566E-010
           6          41  -4.9675428090891685E-011
           6          42  -3.5989234229702460E-011
           6          43  -6.9179175101449200E-011
           6          44   4.4017214623662750E-011
           6          45   5.1835734583759274E-012
           6          46  -8.8230072787623716E-011
           6          47  -1.0942177369193978E-010
           6          48   2.6425531933200075E-010
           6          49  -1.7372032500607372E-010
           6          50   5.4086802932138457E-010
           6          51   3.3033271114637851E-010
           6          52  -9.8229651580905271E-011
           6          53   2.1627101830277744E-010
           6          54  -2.0137835924075779E-011
           6          55   3.4971053611133993E-010
           6          56   7.0378382021947757E-010
           7           1  -1.4916341578222128E-009
           7           2  -1.4657945467231143E-008
           7           3  -4.8890925492169060E-008
           7           4  -3.7724999544148998E-008
           7           5   6.7816334299850446E-009
           7           6   8.2574730726219262E-010
           7           7   1.9988969481262493     
           7           8   2.7280759814771097E-010
           7           9  -1.9069835997052539E-010
           7          10  -1.0772058703885430E-002
           7          11   6.3518539363295204E-009
           7          12  -4.8780824062508704E-009
           7          13  -2.7512443721242207E-003
           7          14  -1.6164951716511194E-009
           7          15   3.2637836682944219E-009
           7          16  -6.1134058959306733E-004
           7          17  -1.8857719868907614E-009
           7          18  -3.1983361045135692E-010
           7          19   1.4025112691589687E-008
           7          20   9.7788392961152194E-010
           7          21   1.3001579298652478E-008
           7          22  -1.2569844001964499E-010
           7          23  -2.9102827512905439E-010
           7          24   1.3963731361716571E-008
           7          25   1.3136782253496282E-008
           7          26  -2.0928315414827049E-010
           7          27   1.3561666138435518E-008
           7          28   1.3312961224010125E-009
           7          29  -1.9700585531238359E-011
           7          30   1.1887483471886609E-008
           7          31  -1.1995767293476254E-009
           7          32   3.5295775375799096E-010
           7          33  -8.9299812644110056E-010
           7          34  -1.2412095917352884E-009
           7          35   6.8429965147276375E-010
           7          36  -2.0540253898555078E-009
           7          37   5.7750303297821187E-003
           7          38   3.4811676200566687E-010
           7          39   2.5826727712569826E-003
           7          40  -2.0663554901379955E-010
           7          41   1.2498344124365606E-010
           7          42   8.9452851783712250E-010
           7          43   9.2575825924427706E-012
           7          44   2.5826720950754660E-003
           7          45  -5.6240204942042337E-011
           7          46   4.0412870842142524E-010
           7          47   1.6509284808949995E-003
           7          48   4.7615767837313037E-010
           7          49   7.3831752859210905E-004
           7          50  -1.8346831749467494E-010
           7          51  -4.2433770809021780E-010
           7          52  -3.3673311282217138E-010
           7          53  -1.2505164763216324E-009
           7          54   7.3831744181337608E-004
           7          55   9.7890678631939044E-010
           7          56  -1.0404947172475233E-009
           8           1  -1.4419814969081660E-009
           8           2  -1.7435140332384528E-008
           8           3  -4.7173115936926518E-008
           8           4  -3.5867564082918021E-008
           8           5   1.0503046555299623E-008
           8           6   1.9601686093634089E-009
           8           7   2.7280759814771097E-010
           8           8   1.9988969481146603     
           8           9   2.7809976910729056E-010
           8          10   7.9788090736601789E-009
           8          11  -1.0772052970854087E-002
           8          12   3.9882547946283710E-009
           8          13  -5.3232501444216241E-009
           8          14  -2.7512446687446186E-003
           8          15   1.2404893826426647E-010
           8          16  -1.0196800710663802E-009
           8          17  -6.1134220817901349E-004
           8          18  -1.1627984637599401E-009
           8          19   1.3241816850092614E-008
           8          20   1.5076956337932847E-009
           8          21   1.1726349169146053E-008
           8          22   1.3231988677991947E-009
           8          23  -1.1871574543614073E-009
           8          24   1.2383410649674400E-008
           8          25   1.0941915050303602E-008
           8          26   8.6415429067623560E-010
           8          27   1.2650830611321935E-008
           8          28   9.0647290358744361E-010
           8          29  -1.6369266289145361E-009
           8          30   9.8799995848785508E-009
           8          31  -2.5511430726096338E-009
           8          32  -1.0264199812568943E-009
           8          33  -1.4265275605517633E-009
           8          34  -1.3891025674732575E-009
           8          35   2.1086009344887168E-009
           8          36  -3.7268689879853444E-009
           8          37  -2.3028563394088457E-009
           8          38   2.5826724803428448E-003
           8          39   5.1969126640870796E-011
           8          40   5.7750309662144284E-003
           8          41  -2.1225495691355389E-010
           8          42   9.2404284823319497E-010
           8          43  -5.5955278895418192E-010
           8          44   8.5837998053690350E-010
           8          45   2.5826721733574198E-003
           8          46  -2.5465199978646262E-009
           8          47   3.5141607586056620E-009
           8          48   7.3831759106382619E-004
           8          49   1.8139591326456595E-009
           8          50   1.6509269988275021E-003
           8          51   2.8144231163374971E-010
           8          52  -1.7822496455306245E-010
           8          53   1.1586017679548478E-009
           8          54   5.4863690297791175E-010
           8          55   7.3831713867292888E-004
           8          56  -5.4458987463213462E-010
           9           1  -3.4577822045032147E-011
           9           2  -2.7928438804954617E-010
           9           3  -1.1680882482413910E-009
           9           4  -1.2028770104673120E-009
           9           5   2.1628865365672398E-009
           9           6   4.6673571177302463E-010
           9           7  -1.9069835997052539E-010
           9           8   2.7809976910729056E-010
           9           9   1.9988969479771597     
           9          10  -4.1364756644597061E-009
           9          11   2.7787026920574539E-009
           9          12  -1.0772054712111836E-002
           9          13   2.8063323494539335E-009
           9          14  -1.0998916011209382E-009
           9          15  -2.7512480639955662E-003
           9          16   4.2341890205749993E-010
           9          17  -6.5526586610795532E-010
           9          18  -6.1134135998026191E-004
           9          19  -1.7166264443107210E-010
           9          20   1.1028445873073129E-009
           9          21   1.9057784423152253E-010
           9          22  -1.6548266561295641E-010
           9          23  -7.0276257324920301E-010
           9          24  -4.2437459878119452E-011
           9          25   1.2535301865812941E-010
           9          26  -3.3851313941887732E-010
           9          27  -3.9026683059773051E-011
           9          28   9.0188961347162328E-011
           9          29   3.0490552751774743E-010
           9          30   2.9571287571953742E-010
           9          31  -6.2429977312639718E-010
           9          32   2.1513049650388127E-010
           9          33  -8.4752772612045147E-010
           9          34  -1.7887111561231476E-010
           9          35  -3.7122053500971947E-012
           9          36  -9.2203621749578180E-010
           9          37   3.6267943626692461E-010
           9          38   1.9174027892460715E-010
           9          39   3.3929882848813120E-010
           9          40  -6.9637768569208987E-010
           9          41   2.5826730662847058E-003
           9          42   7.1463588863157755E-011
           9          43   2.5826726328775597E-003
           9          44  -4.1387289798192594E-010
           9          45  -2.5440805653936148E-010
           9          46   5.7750323387148056E-003
           9          47  -1.0751350865848441E-009
           9          48   2.4705330570595407E-010
           9          49  -5.7604865997849994E-010
           9          50   2.6204115246811686E-010
           9          51   7.3831821223403933E-004
           9          52  -1.5761754060836825E-010
           9          53   7.3831764387872296E-004
           9          54  -3.5427913658819025E-010
           9          55   6.4478428996994626E-010
           9          56   1.6509295309626705E-003
          10           1   4.2052183108267479E-011
          10           2   2.4792735861929198E-009
          10           3   5.3670874217440396E-009
          10           4   1.2877160924028376E-009
          10           5  -7.4824388854844805E-009
          10           6  -3.1930161529806283E-010
          10           7  -1.0772058703885430E-002
          10           8   7.9788090736601789E-009
          10           9  -4.1364756644597061E-009
          10          10   1.8922250544523997     
          10          11   1.1173020562137936E-007
          10          12  -8.7804117954447350E-008
          10          13   5.0047532550791488E-002
          10          14  -1.7866313615275875E-007
          10          15   1.3929396832947516E-007
          10          16  -8.4851322932060435E-004
          10          17  -1.9188445947384152E-008
          10          18   1.4939621992357158E-008
          10          19   3.0966135898764364E-010
          10          20  -1.4129663856097035E-009
          10          21   4.8262163095464331E-010
          10          22   1.0968656197938365E-009
          10          23   4.4094765552568723E-009
          10          24  -3.7814550317509568E-009
          10          25  -7.1202409798423648E-010
          10          26   1.9305648366219512E-009
          10          27   1.0413909017508559E-009
          10          28   3.3757131351343463E-009
          10          29   4.9870676605106427E-010
          10          30   2.1428584080524636E-009
          10          31   2.1414891194440457E-009
          10          32   5.9147278963486733E-010
          10          33   2.2034070518142683E-009
          10          34   6.1316330727012359E-010
          10          35   2.4318450466321366E-010
          10          36   1.6553375552954796E-009
          10          37   3.0637433997443099E-002
          10          38   1.6602701718860753E-008
          10          39   1.3701491687557056E-002
          10          40  -1.2708508696567272E-008
          10          41  -1.2176981751269857E-008
          10          42   8.0240045196860675E-009
          10          43   6.4171275645730106E-009
          10          44   1.3701493339622412E-002
          10          45  -8.6534177484369212E-009
          10          46   1.0134863261950938E-008
          10          47  -8.9646788610878974E-003
          10          48   2.5760824560766508E-008
          10          49  -4.0091273071505224E-003
          10          50   5.8587165458343037E-008
          10          51  -2.0622367002331457E-008
          10          52  -2.0564674641363298E-009
          10          53  -2.1861020639137786E-008
          10          54  -4.0091269081359484E-003
          10          55   2.8353575343754058E-008
          10          56  -4.5484419417299745E-008
          11           1  -5.0089145154550066E-011
          11           2  -2.1596299823026490E-009
          11           3  -3.2273248053455408E-009
          11           4   2.8967602682216887E-009
          11           5  -2.3334547700432731E-010
          11           6   1.1752833050805900E-010
          11           7   6.3518539363295204E-009
          11           8  -1.0772052970854087E-002
          11           9   2.7787026920574539E-009
          11          10   1.1173020562137936E-007
          11          11   1.8922251922894660     
          11          12   4.1534348351788001E-008
          11          13  -1.7895136331439970E-007
          11          14   5.0047311112035961E-002
          11          15  -6.8089263699435097E-008
          11          16  -2.0306568511987585E-008
          11          17  -8.4853648364486081E-004
          11          18  -7.4626596052507236E-009
          11          19   1.1216809856035924E-009
          11          20   1.2773176049883719E-008
          11          21   7.3692316436322742E-009
          11          22  -6.2570343974406064E-010
          11          23  -6.1181105519425843E-011
          11          24  -2.9557636746086812E-009
          11          25  -2.8206331633103074E-009
          11          26  -2.6958262396277654E-009
          11          27  -2.9555835287785239E-011
          11          28  -1.2930584005056387E-009
          11          29   2.3293506776004315E-009
          11          30   6.3888750114813401E-010
          11          31  -4.2046530752281460E-010
          11          32   1.2299329650009219E-009
          11          33   4.5724766182324438E-010
          11          34   4.9669739306133104E-010
          11          35   6.3808092688642604E-010
          11          36  -2.2686159794886273E-009
          11          37  -1.3766612081944160E-008
          11          38   1.3701469372287060E-002
          11          39   1.8384151655769797E-008
          11          40   3.0637451444207819E-002
          11          41  -3.0187080791530137E-010
          11          42  -8.3749683331988661E-009
          11          43   5.2199114022673861E-009
          11          44  -8.8133702780644025E-009
          11          45   1.3701481327258069E-002
          11          46  -4.8700766209555698E-009
          11          47   6.0258535312059608E-008
          11          48  -4.0090935063861986E-003
          11          49   2.4525981916441303E-008
          11          50  -8.9646085057005324E-003
          11          51   8.3001506714323811E-009
          11          52  -8.8726888259849603E-010
          11          53   9.9644821981651585E-009
          11          54   2.7076012058434481E-008
          11          55  -4.0090902731774380E-003
          11          56   2.3324215235313717E-008
          12           1  -4.1012179742756524E-011
          12           2  -1.7218404869615624E-009
          12           3  -3.3215108271186464E-009
          12           4  -5.2049998598184090E-010
          12           5  -4.4751693993825359E-009
          12           6  -3.5325903745022123E-010
          12           7  -4.8780824062508704E-009
          12           8   3.9882547946283710E-009
          12           9  -1.0772054712111836E-002
          12          10  -8.7804117954447350E-008
          12          11   4.1534348351788001E-008
          12          12   1.8922252154162844     
          12          13   1.3846631315598944E-007
          12          14  -7.1898152996107750E-008
          12          15   5.0047275821859943E-002
          12          16   1.3502888467137068E-008
          12          17  -7.0885653276957095E-009
          12          18  -8.4854085483323984E-004
          12          19  -1.4802170035485638E-009
          12          20   9.2341238707896221E-009
          12          21   7.5407094401296131E-009
          12          22   1.9463344759195378E-009
          12          23  -7.3917594472072806E-009
          12          24  -1.3902256510618562E-009
          12          25  -2.5473063967227307E-009
          12          26  -3.4324069033349970E-010
          12          27  -2.4658827543680668E-009
          12          28  -1.6586030138523795E-009
          12          29   1.6061633887467732E-009
          12          30   7.3364547003822415E-009
          12          31   2.8391033557434815E-010
          12          32   7.6011682988027977E-010
          12          33   5.8535698551360931E-010
          12          34   4.6985179310881130E-010
          12          35   3.0857936386504492E-011
          12          36  -6.1036679323962123E-010
          12          37   1.2139644834192084E-008
          12          38  -2.1586962546364164E-010
          12          39   6.3137120518043650E-009
          12          40  -5.9086811555822915E-009
          12          41   1.3701467112698065E-002
          12          42   1.0714883274033516E-008
          12          43   1.3701476432814885E-002
          12          44  -1.4401145948310691E-008
          12          45   6.4135136372699071E-009
          12          46   3.0637454868962834E-002
          12          47  -4.5822733298738572E-008
          12          48   9.1474369039965474E-009
          12          49  -2.1281211798131884E-008
          12          50   2.4090714043827201E-008
          12          51  -4.0090880374840194E-003
          12          52   1.2747813297719421E-009
          12          53  -4.0090857839142468E-003
          12          54  -2.0199615059687621E-008
          12          55   1.1283831730140928E-008
          12          56  -8.9645972914971957E-003
          13           1  -1.5957429445670818E-011
          13           2  -1.4210078724825040E-010
          13           3  -1.9540956177693520E-009
          13           4   1.3267187665599627E-010
          13           5   1.6814754956866566E-009
          13           6   3.2167042147249026E-010
          13           7  -2.7512443721242207E-003
          13           8  -5.3232501444216241E-009
          13           9   2.8063323494539335E-009
          13          10   5.0047532550791488E-002
          13          11  -1.7895136331439970E-007
          13          12   1.3846631315598944E-007
          13          13   1.3382210704705405E-003
          13          14  -7.4418544759698181E-009
          13          15   5.7908069410729544E-009
          13          16  -2.0234081698488892E-005
          13          17  -1.6010187631439658E-010
          13          18   1.2962605602365984E-010
          13          19   1.6471962372674664E-009
          13          20  -1.0884424620860844E-009
          13          21  -3.3586552444303586E-009
          13          22  -8.4324456127633857E-009
          13          23  -1.1121655047184996E-008
          13          24   1.6892277003675528E-009
          13          25   5.9929669065862202E-010
          13          26  -1.8193084562789786E-010
          13          27  -7.2922023331845824E-010
          13          28  -2.1192522918321180E-009
          13          29  -3.2378625667992299E-009
          13          30   9.1523438164760753E-010
          13          31   1.5469467856355410E-010
          13          32   2.3352666974447845E-011
          13          33   6.7867102036037689E-011
          13          34  -6.4402322051172638E-011
          13          35  -2.8341239742377571E-010
          13          36   2.5483885959353959E-010
          13          37   8.0286407486825399E-004
          13          38  -8.2080927462171641E-010
          13          39   3.5905209626469088E-004
          13          40  -3.0784829157783784E-009
          13          41   6.5096629047405648E-010
          13          42   2.0355799738107130E-010
          13          43   1.1180782999999270E-009
          13          44   3.5905213699728624E-004
          13          45  -1.4553180606061964E-009
          13          46   2.3876264408191853E-009
          13          47  -2.4218722141506057E-004
          13          48   8.0734141586092402E-010
          13          49  -1.0830940026118106E-004
          13          50   1.6682782111345461E-009
          13          51  -6.4419739519135633E-010
          13          52  -3.6819687396660726E-011
          13          53  -6.1989139773211235E-010
          13          54  -1.0830938115467090E-004
          13          55   8.0185861640450108E-010
          13          56  -1.2968443106529493E-009
          14           1   3.2129583615564581E-011
          14           2   2.4626502096422346E-010
          14           3   3.9506200653236058E-009
          14           4   1.4569371265887646E-010
          14           5  -2.9953202029356450E-009
          14           6  -5.0346535880245995E-010
          14           7  -1.6164951716511194E-009
          14           8  -2.7512446687446186E-003
          14           9  -1.0998916011209382E-009
          14          10  -1.7866313615275875E-007
          14          11   5.0047311112035961E-002
          14          12  -7.1898152996107750E-008
          14          13  -7.4418544759698181E-009
          14          14   1.3382118341356618E-003
          14          15  -2.8664740435776717E-009
          14          16  -1.9511827190662380E-010
          14          17  -2.0234269324803317E-005
          14          18  -5.2869751454000702E-011
          14          19   2.5661720307112241E-009
          14          20  -2.6272805783625954E-008
          14          21  -1.2772795358027665E-008
          14          22   7.3244920387337393E-009
          14          23   1.0071192767655881E-008
          14          24   1.0103313773876970E-008
          14          25   1.4845098934201453E-010
          14          26  -8.1460474795409193E-009
          14          27  -4.0490020634655626E-009
          14          28   1.9518702449653858E-009
          14          29   3.1125792457831707E-009
          14          30   2.5501481494873872E-009
          14          31  -1.4048100664101120E-010
          14          32  -8.7036047683120234E-010
          14          33  -4.0457353444104579E-010
          14          34   1.2457340561753550E-010
          14          35   3.4890867648826509E-010
          14          36   5.2287791451836326E-011
          14          37  -3.0871258311285888E-009
          14          38   3.5905001737720165E-004
          14          39  -7.6547493713990550E-010
          14          40   8.0286111454444509E-004
          14          41  -4.9705420574770042E-010
          14          42  -2.0632306860083518E-010
          14          43  -3.6562918465945791E-010
          14          44  -1.4532447392924912E-009
          14          45   3.5905031020795934E-004
          14          46  -1.2161255626722557E-009
          14          47   1.7123321110760107E-009
          14          48  -1.0830848326187112E-004
          14          49   7.7238286446751460E-010
          14          50  -2.4218510191478923E-004
          14          51   2.3555430614553640E-010
          14          52  -5.6524995336965978E-011
          14          53   3.0554440022712562E-010
          14          54   7.6691894880774111E-010
          14          55  -1.0830834272458192E-004
          14          56   6.5456735674792988E-010
