           1           1   2.0742468589187064     
           1           2 -0.16774865878216400     
           1           3 -0.22176989688233573     
           1           4  -9.3679270363756194E-003
           1           5  -1.5949387906213728E-015
           1           6  -5.2414791336349948E-015
           1           7   1.9726715069349933E-015
           1           8  -3.6499255190586931E-015
           1           9   5.1076743056304596E-015
           1          10  -2.2033759346771096E-015
           1          11  -3.7740010676873280E-015
           1          12  -4.2166147038230697E-015
           1          13   4.4950718026434054E-015
           1          14  -2.0339493240765481E-002
           1          15   6.2440988509335563E-005
           1          16  -2.0384669713480689E-002
           1          17  -7.7094459868406692E-006
           1          18   1.1575381887378054E-005
           1          19  -2.0304715551975550E-002
           1          20  -2.5346585412502685E-003
           1          21  -1.2076066866895090E-003
           1          22  -1.6609470282885059E-003
           1          23   1.4910043461520254E-004
           1          24  -2.2386750914647811E-004
           1          25  -3.2072579111708903E-003
           2           1 -0.16774865878216400     
           2           2  0.49421349503464640     
           2           3  0.51240140148294322     
           2           4   2.3431473464927639E-002
           2           5   3.7569251860010962E-015
           2           6  -2.0546044889911801E-015
           2           7  -2.4564546514728974E-015
           2           8   3.2697098528954450E-015
           2           9   1.5733030961955262E-015
           2          10   1.0953278922306069E-015
           2          11   2.6334679579576558E-015
           2          12   6.3025729027265420E-017
           2          13   3.5128968537764844E-015
           2          14   2.3299905063478808E-002
           2          15   6.4949977880362272E-004
           2          16   2.2829987630378940E-002
           2          17  -8.0192251642123677E-005
           2          18   1.2040501205832685E-004
           2          19   2.3661656241905853E-002
           2          20   3.9518787533001634E-003
           2          21   2.5520592710445208E-003
           2          22   2.1054468053525576E-003
           2          23  -3.1509691912486764E-004
           2          24   4.7310366735985352E-004
           2          25   5.3732964024582330E-003
           3           1 -0.22176989688233573     
           3           2  0.51240140148294322     
           3           3  0.53355857812729846     
           3           4   2.4238622615038632E-002
           3           5   1.8102178237418202E-015
           3           6  -7.8937462374763196E-015
           3           7  -5.7959490870229731E-016
           3           8   1.9489705344907513E-015
           3           9  -2.0171071883690386E-015
           3          10   2.4680308312225591E-015
           3          11   2.9527908078737188E-015
           3          12   4.6588691653433202E-017
           3          13   3.7304504785490178E-015
           3          14   2.4496764682545545E-002
           3          15   1.3915500138624417E-003
           3          16   2.3489968942371094E-002
           3          17  -1.7181149636501475E-004
           3          18   2.5796713357939603E-004
           3          19   2.5271814765368911E-002
           3          20   4.3086878630804000E-003
           3          21   2.8680127507502880E-003
           3          22   2.2336614598185314E-003
           3          23  -3.5410697236735816E-004
           3          24   5.3167548489568752E-004
           3          25   5.9060817748052517E-003
           4           1  -9.3679270363756194E-003
           4           2   2.3431473464927639E-002
           4           3   2.4238622615038632E-002
           4           4   1.1193267744278321E-003
           4           5   6.4303190138309958E-015
           4           6   9.7998181964780527E-015
           4           7  -7.0547055371281825E-015
           4           8   4.2747060440907829E-015
           4           9   6.0468694764958930E-015
           4          10  -4.1492339054338939E-015
           4          11   3.5871120269758150E-016
           4          12   1.4117950042111074E-016
           4          13   4.6119892091257261E-017
           4          14   1.1092866135719260E-003
           4          15  -2.5060551478709304E-005
           4          16   1.1274180901439121E-003
           4          17   3.0941689529571963E-006
           4          18  -4.6457537037320693E-006
           4          19   1.0953286657398246E-003
           4          20   1.7389836070775451E-004
           4          21   1.0500531759414090E-004
           4          22   9.7926311269081972E-005
           4          23  -1.2964766312859299E-005
           4          24   1.9466005907346890E-005
           4          25   2.3238305711632598E-004
           5           1  -1.5949387906213728E-015
           5           2   3.7569251860010962E-015
           5           3   1.8102178237418202E-015
           5           4   6.4303190138309958E-015
           5           5  0.85959913689806622     
           5           6  0.20854094075058013     
           5           7  -2.5748072815985304E-002
           5           8  0.53136024322250341     
           5           9  0.14640217665022373     
           5          10  -1.8075941785057066E-002
           5          11   1.8011680843385537E-002
           5          12   1.2951617548779850E-002
           5          13  -1.5991065856413200E-003
           5          14   1.9804587412502362E-016
           5          15   1.4132062771996107E-015
           5          16   3.8845984696035015E-016
           5          17  -1.5454758090680541E-015
           5          18  -9.4722629913712061E-017
           5          19   1.3043657737227753E-015
           5          20  -1.0917489892104802E-015
           5          21   7.2091282189279404E-016
           5          22  -4.2256687809033460E-015
           5          23  -3.0067137919731671E-015
           5          24  -6.9389131027501080E-016
           5          25   5.4389177006705744E-016
           6           1  -5.2414791336349948E-015
           6           2  -2.0546044889911801E-015
           6           3  -7.8937462374763196E-015
           6           4   9.7998181964780527E-015
           6           5  0.20854094075058013     
           6           6  0.68537703617872059     
           6           7   3.8659558178591139E-002
           6           8  0.14640217665022803     
           6           9  0.40905095146385528     
           6          10   2.7140202999510806E-002
           6          11   1.2951617548778880E-002
           6          12   7.1914648755278558E-003
           6          13   2.4009856785467132E-003
           6          14   4.0315596858247332E-016
           6          15   1.2941006321245069E-015
           6          16   1.0006914604930046E-015
           6          17  -8.3085307603772554E-016
           6          18  -3.7431463532202112E-016
           6          19   1.4703797099948538E-015
           6          20   9.0799902731484876E-016
           6          21  -1.4458587760092231E-015
           6          22   5.4667281952829840E-016
           6          23  -2.4588919077185847E-016
           6          24   2.2151090579838703E-015
           6          25  -1.9179364560121397E-015
           7           1   1.9726715069349933E-015
           7           2  -2.4564546514728974E-015
           7           3  -5.7959490870229731E-016
           7           4  -7.0547055371281825E-015
           7           5  -2.5748072815985304E-002
           7           6   3.8659558178591139E-002
           7           7  0.99371854980810448     
           7           8  -1.8075941785045999E-002
           7           9   2.7140202999516281E-002
           7          10  0.62551621044127526     
           7          11  -1.5991065856530927E-003
           7          12   2.4009856785420685E-003
           7          13   2.6341284304577550E-002
           7          14   1.1725910963383504E-015
           7          15  -1.3379495048585806E-015
           7          16   1.4157987328085401E-016
           7          17   3.1121259645327674E-015
           7          18   2.7818754722641198E-016
           7          19  -6.0660544510050080E-015
           7          20   3.2817038945993089E-015
           7          21   2.2160640553340440E-015
           7          22   6.4517828211823956E-015
           7          23   5.3636065255864836E-015
           7          24  -4.2172592581355276E-015
           7          25  -3.5096261817545735E-015
           8           1  -3.6499255190586931E-015
           8           2   3.2697098528954450E-015
           8           3   1.9489705344907513E-015
           8           4   4.2747060440907829E-015
           8           5  0.53136024322250341     
           8           6  0.14640217665022803     
           8           7  -1.8075941785045999E-002
           8           8  0.32920472349994212     
           8           9  0.10093917537762630     
           8          10  -1.2462729036575134E-002
           8          11   1.1486680695133623E-002
           8          12   8.1815609924268499E-003
           8          13  -1.0101586164459916E-003
           8          14   1.8149828067974010E-016
           8          15   9.0725619803104082E-016
           8          16   3.4526923946699087E-016
           8          17  -9.9540639665119611E-016
           8          18  -5.8091096819835818E-017
           8          19   9.8363609987581185E-016
           8          20  -6.4988980167768156E-016
           8          21   3.7219785156879083E-016
           8          22  -2.6413593289142321E-015
           8          23  -1.8828549951117423E-015
           8          24  -3.0660570877746819E-016
           8          25   3.6237799664842441E-016
           9           1   5.1076743056304596E-015
           9           2   1.5733030961955262E-015
           9           3  -2.0171071883690386E-015
           9           4   6.0468694764958930E-015
           9           5  0.14640217665022373     
           9           6  0.40905095146385528     
           9           7   2.7140202999516281E-002
           9           8  0.10093917537762630     
           9           9  0.24487674878249815     
           9          10   1.8712219811436594E-002
           9          11   8.1815609924261474E-003
           9          12   4.6515300617209730E-003
           9          13   1.5167071369265464E-003
           9          14   3.0844723424146347E-016
           9          15   8.1961093728885354E-016
           9          16   6.5509454601034143E-016
           9          17  -5.2794567643100228E-016
           9          18  -2.1112950709770666E-016
           9          19   9.7983052448529202E-016
           9          20   5.3319103573106245E-016
           9          21  -8.0890277319990312E-016
           9          22   2.1469390926718237E-016
           9          23  -2.0773989368749359E-016
           9          24   1.2835865773308840E-015
           9          25  -1.0789187356415135E-015
          10           1  -2.2033759346771096E-015
          10           2   1.0953278922306069E-015
          10           3   2.4680308312225591E-015
          10           4  -4.1492339054338939E-015
          10           5  -1.8075941785057066E-002
          10           6   2.7140202999510806E-002
          10           7  0.62551621044127526     
          10           8  -1.2462729036575134E-002
          10           9   1.8712219811436594E-002
          10          10  0.39412196657245002     
          10          11  -1.0101586164539670E-003
          10          12   1.5167071369232633E-003
          10          13   1.6748506756921001E-002
          10          14   9.0248682179703222E-016
          10          15  -7.9122104215053430E-016
          10          16   1.7835731231413253E-016
          10          17   1.9678955251492721E-015
          10          18   1.6824360854607585E-016
          10          19  -3.7099926862278909E-015
          10          20   2.0954854881441362E-015
          10          21   1.4662423169081430E-015
          10          22   4.1887280736555563E-015
          10          23   3.4447841093627696E-015
          10          24  -2.7061396618005063E-015
          10          25  -2.3056856419677139E-015
          11           1  -3.7740010676873280E-015
          11           2   2.6334679579576558E-015
          11           3   2.9527908078737188E-015
          11           4   3.5871120269758150E-016
          11           5   1.8011680843385537E-002
          11           6   1.2951617548778880E-002
          11           7  -1.5991065856530927E-003
          11           8   1.1486680695133623E-002
          11           9   8.1815609924261474E-003
          11          10  -1.0101586164539670E-003
          11          11   5.4489089235982863E-004
          11          12   3.5383074751071985E-004
          11          13  -4.3686672836091138E-005
          11          14   1.5508914911409641E-016
          11          15   2.3416188959044935E-016
          11          16   4.4163366086789643E-017
          11          17  -7.4421642385159968E-017
          11          18   3.2559016715986223E-017
          11          19   3.3748761850585521E-016
          11          20   5.4629986246080115E-017
          11          21   4.6004563359952865E-017
          11          22  -8.2540736448492561E-017
          11          23  -8.2045127896786977E-017
          11          24   5.5584678750414636E-017
          11          25   1.2276163832039591E-016
          12           1  -4.2166147038230697E-015
          12           2   6.3025729027265420E-017
          12           3   4.6588691653433202E-017
          12           4   1.4117950042111074E-016
          12           5   1.2951617548779850E-002
          12           6   7.1914648755278558E-003
          12           7   2.4009856785420685E-003
          12           8   8.1815609924268499E-003
          12           9   4.6515300617209730E-003
          12          10   1.5167071369232633E-003
          12          11   3.5383074751071985E-004
          12          12   2.4928881102001689E-004
          12          13   6.5593548775003325E-005
          12          14   3.6391825430382791E-017
          12          15   1.7663754198087153E-019
          12          16   6.3518236365404352E-017
          12          17  -1.9470193532628494E-017
          12          18  -4.9598834339421741E-018
          12          19   4.2299382339270748E-017
          12          20  -5.2223018147981570E-018
          12          21  -5.5595164962399785E-018
          12          22  -4.5830216853862215E-017
          12          23  -3.0112446193159824E-017
          12          24   2.3078773301009446E-019
          12          25  -9.4492356098336040E-018
          13           1   4.4950718026434054E-015
          13           2   3.5128968537764844E-015
          13           3   3.7304504785490178E-015
          13           4   4.6119892091257261E-017
          13           5  -1.5991065856413200E-003
          13           6   2.4009856785467132E-003
          13           7   2.6341284304577550E-002
          13           8  -1.0101586164459916E-003
          13           9   1.5167071369265464E-003
          13          10   1.6748506756921001E-002
          13          11  -4.3686672836091138E-005
          13          12   6.5593548775003325E-005
          13          13   7.7245087149257910E-004
          13          14   1.7559118479572550E-016
          13          15   8.4939238873908103E-017
          13          16   4.4532348134745214E-017
          13          17   7.4337386050640754E-017
          13          18   2.2408993078383238E-017
          13          19   1.3781512583731186E-017
          13          20   1.3739698092546571E-016
          13          21   1.3019837368202067E-016
          13          22   2.3546739530960767E-016
          13          23   1.6770709453627507E-016
          13          24  -1.2616260719775119E-016
          13          25  -7.6469430697039448E-017
          14           1  -2.0339493240765481E-002
          14           2   2.3299905063478808E-002
          14           3   2.4496764682545545E-002
          14           4   1.1092866135719260E-003
          14           5   1.9804587412502362E-016
          14           6   4.0315596858247332E-016
          14           7   1.1725910963383504E-015
          14           8   1.8149828067974010E-016
          14           9   3.0844723424146347E-016
          14          10   9.0248682179703222E-016
          14          11   1.5508914911409641E-016
          14          12   3.6391825430382791E-017
          14          13   1.7559118479572550E-016
          14          14   1.1775937815788661E-003
          14          15   5.7093390200472984E-005
          14          16   1.1362863319914296E-003
          14          17  -7.0491902591880088E-006
          14          18   1.0584037993327877E-005
          14          19   1.2093930244107538E-003
          14          20   2.0106682488465802E-004
          14          21   1.3053244156705911E-004
          14          22   1.0662573055440510E-004
          14          23  -1.6116541904096157E-005
          14          24   2.4198253353872557E-005
          14          25   2.7376933549492751E-004
          15           1   6.2440988509335563E-005
          15           2   6.4949977880362272E-004
          15           3   1.3915500138624417E-003
          15           4  -2.5060551478709304E-005
          15           5   1.4132062771996107E-015
          15           6   1.2941006321245069E-015
          15           7  -1.3379495048585806E-015
          15           8   9.0725619803104082E-016
          15           9   8.1961093728885354E-016
          15          10  -7.9122104215053430E-016
          15          11   2.3416188959044935E-016
          15          12   1.7663754198087153E-019
          15          13   8.4939238873908103E-017
          15          14   5.7093390200472984E-005
          15          15   4.5219677050925262E-004
          15          16  -2.7007399705366556E-004
          15          17  -5.5831700635351278E-005
          15          18   8.3828754654741811E-005
          15          19   3.0895292880467513E-004
          15          20   1.1917927031767495E-004
          15          21   1.3636934968442021E-004
          15          22   2.0515133933798262E-005
          15          23  -1.6837211594560404E-005
          15          24   2.5280306058472171E-005
          15          25   1.9513275723127024E-004
          16           1  -2.0384669713480689E-002
          16           2   2.2829987630378940E-002
          16           3   2.3489968942371094E-002
          16           4   1.1274180901439121E-003
          16           5   3.8845984696035015E-016
          16           6   1.0006914604930046E-015
          16           7   1.4157987328085401E-016
          16           8   3.4526923946699087E-016
          16           9   6.5509454601034143E-016
          16          10   1.7835731231413253E-016
          16          11   4.4163366086789643E-017
          16          12   6.3518236365404352E-017
          16          13   4.4532348134745214E-017
          16          14   1.1362863319914296E-003
          16          15  -2.7007399705366556E-004
          16          16   1.3316866748151498E-003
          16          17   3.3345418491007283E-005
          16          18  -5.0066626553156117E-005
          16          19   9.8586351448579513E-004
          16          20   1.1483982587096911E-004
          16          21   3.1868305183345304E-005
          16          22   9.1782893970819053E-005
          16          23  -3.9347067268257824E-006
          16          24   5.9077828739059979E-006
          16          25   1.3258948080653167E-004
          17           1  -7.7094459868406692E-006
          17           2  -8.0192251642123677E-005
          17           3  -1.7181149636501475E-004
          17           4   3.0941689529571963E-006
          17           5  -1.5454758090680541E-015
          17           6  -8.3085307603772554E-016
          17           7   3.1121259645327674E-015
          17           8  -9.9540639665119611E-016
          17           9  -5.2794567643100228E-016
          17          10   1.9678955251492721E-015
          17          11  -7.4421642385159968E-017
          17          12  -1.9470193532628494E-017
          17          13   7.4337386050640754E-017
          17          14  -7.0491902591880088E-006
          17          15  -5.5831700635351278E-005
          17          16   3.3345418491007283E-005
          17          17   6.8934123353534706E-006
          17          18  -1.0350144538288094E-005
          17          19  -3.8145711239803430E-005
          17          20  -1.4714791825733342E-005
          17          21  -1.6837211594504984E-005
          17          22  -2.5329566484829502E-006
          17          23   2.0788519922923285E-006
          17          24  -3.1213015480777896E-006
          17          25  -2.4092595074514058E-005
          18           1   1.1575381887378054E-005
          18           2   1.2040501205832685E-004
          18           3   2.5796713357939603E-004
          18           4  -4.6457537037320693E-006
          18           5  -9.4722629913712061E-017
          18           6  -3.7431463532202112E-016
          18           7   2.7818754722641198E-016
          18           8  -5.8091096819835818E-017
          18           9  -2.1112950709770666E-016
          18          10   1.6824360854607585E-016
          18          11   3.2559016715986223E-017
          18          12  -4.9598834339421741E-018
          18          13   2.2408993078383238E-017
          18          14   1.0584037993327877E-005
          18          15   8.3828754654741811E-005
          18          16  -5.0066626553156117E-005
          18          17  -1.0350144538288094E-005
          18          18   1.5540270442557505E-005
          18          19   5.7274047400805768E-005
          18          20   2.2093589479070706E-005
          18          21   2.5280306058464408E-005
          18          22   3.8031189990795746E-006
          18          23  -3.1213015480871044E-006
          18          24   4.6864920591671857E-006
          18          25   3.6173933778040609E-005
          19           1  -2.0304715551975550E-002
          19           2   2.3661656241905853E-002
          19           3   2.5271814765368911E-002
          19           4   1.0953286657398246E-003
          19           5   1.3043657737227753E-015
          19           6   1.4703797099948538E-015
          19           7  -6.0660544510050080E-015
          19           8   9.8363609987581185E-016
          19           9   9.7983052448529202E-016
          19          10  -3.7099926862278909E-015
          19          11   3.3748761850585521E-016
          19          12   4.2299382339270748E-017
          19          13   1.3781512583731186E-017
          19          14   1.2093930244107538E-003
          19          15   3.0895292880467513E-004
          19          16   9.8586351448579513E-004
          19          17  -3.8145711239803430E-005
          19          18   5.7274047400805768E-005
          19          19   1.3814701978313196E-003
          19          20   2.6744597217398492E-004
          19          21   2.0648592848071360E-004
          19          22   1.1805202216889149E-004
          19          23  -2.5494345152915045E-005
          19          24   3.8278597652857768E-005
          19          25   3.8245221296767461E-004
          20           1  -2.5346585412502685E-003
          20           2   3.9518787533001634E-003
          20           3   4.3086878630804000E-003
          20           4   1.7389836070775451E-004
          20           5  -1.0917489892104802E-015
          20           6   9.0799902731484876E-016
          20           7   3.2817038945993089E-015
          20           8  -6.4988980167768156E-016
          20           9   5.3319103573106245E-016
          20          10   2.0954854881441362E-015
          20          11   5.4629986246080115E-017
          20          12  -5.2223018147981570E-018
          20          13   1.3739698092546571E-016
          20          14   2.0106682488465802E-004
          20          15   1.1917927031767495E-004
          20          16   1.1483982587096911E-004
          20          17  -1.4714791825733342E-005
          20          18   2.2093589479070706E-005
          20          19   2.6744597217398492E-004
          20          20   6.1273565388465667E-005
          20          21   5.4192359269656687E-005
          20          22   2.2065031078372277E-005
          20          23  -6.6910066077465536E-006
          20          24   1.0046241560413641E-005
          20          25   9.1457024209141543E-005
          21           1  -1.2076066866895090E-003
          21           2   2.5520592710445208E-003
          21           3   2.8680127507502880E-003
          21           4   1.0500531759414090E-004
          21           5   7.2091282189279404E-016
          21           6  -1.4458587760092231E-015
          21           7   2.2160640553340440E-015
          21           8   3.7219785156879083E-016
          21           9  -8.0890277319990312E-016
          21          10   1.4662423169081430E-015
          21          11   4.6004563359952865E-017
          21          12  -5.5595164962399785E-018
          21          13   1.3019837368202067E-016
          21          14   1.3053244156705911E-004
          21          15   1.3636934968442021E-004
          21          16   3.1868305183345304E-005
          21          17  -1.6837211594504984E-005
          21          18   2.5280306058464408E-005
          21          19   2.0648592848071360E-004
          21          20   5.4192359269656687E-005
          21          21   5.2527162482154691E-005
          21          22   1.6188605970319555E-005
          21          23  -6.4854085703374547E-006
          21          24   9.7375454748742658E-006
          21          25   8.3448355264559922E-005
          22           1  -1.6609470282885059E-003
          22           2   2.1054468053525576E-003
          22           3   2.2336614598185314E-003
          22           4   9.7926311269081972E-005
          22           5  -4.2256687809033460E-015
          22           6   5.4667281952829840E-016
          22           7   6.4517828211823956E-015
          22           8  -2.6413593289142321E-015
          22           9   2.1469390926718237E-016
          22          10   4.1887280736555563E-015
          22          11  -8.2540736448492561E-017
          22          12  -4.5830216853862215E-017
          22          13   2.3546739530960767E-016
          22          14   1.0662573055440510E-004
          22          15   2.0515133933798262E-005
          22          16   9.1782893970819053E-005
          22          17  -2.5329566484829502E-006
          22          18   3.8031189990795746E-006
          22          19   1.1805202216889149E-004
          22          20   2.2065031078372277E-005
          22          21   1.6188605970319555E-005
          22          22   1.0352466407368980E-005
          22          23  -1.9987701398763234E-006
          22          24   3.0010622954205701E-006
          22          25   3.1081581165030260E-005
          23           1   1.4910043461520254E-004
          23           2  -3.1509691912486764E-004
          23           3  -3.5410697236735816E-004
          23           4  -1.2964766312859299E-005
          23           5  -3.0067137919731671E-015
          23           6  -2.4588919077185847E-016
          23           7   5.3636065255864836E-015
          23           8  -1.8828549951117423E-015
          23           9  -2.0773989368749359E-016
          23          10   3.4447841093627696E-015
          23          11  -8.2045127896786977E-017
          23          12  -3.0112446193159824E-017
          23          13   1.6770709453627507E-016
          23          14  -1.6116541904096157E-005
          23          15  -1.6837211594560404E-005
          23          16  -3.9347067268257824E-006
          23          17   2.0788519922923285E-006
          23          18  -3.1213015480871044E-006
          23          19  -2.5494345152915045E-005
          23          20  -6.6910066077465536E-006
          23          21  -6.4854085703374547E-006
          23          22  -1.9987701398763234E-006
          23          23   8.0073855766520654E-007
          23          24  -1.2022724604295001E-006
          23          25  -1.0303177495971555E-005
          24           1  -2.2386750914647811E-004
          24           2   4.7310366735985352E-004
          24           3   5.3167548489568752E-004
          24           4   1.9466005907346890E-005
          24           5  -6.9389131027501080E-016
          24           6   2.2151090579838703E-015
          24           7  -4.2172592581355276E-015
          24           8  -3.0660570877746819E-016
          24           9   1.2835865773308840E-015
          24          10  -2.7061396618005063E-015
          24          11   5.5584678750414636E-017
          24          12   2.3078773301009446E-019
          24          13  -1.2616260719775119E-016
          24          14   2.4198253353872557E-005
          24          15   2.5280306058472171E-005
          24          16   5.9077828739059979E-006
          24          17  -3.1213015480777896E-006
          24          18   4.6864920591671857E-006
          24          19   3.8278597652857768E-005
          24          20   1.0046241560413641E-005
          24          21   9.7375454748742658E-006
          24          22   3.0010622954205701E-006
          24          23  -1.2022724604295001E-006
          24          24   1.8051573204141357E-006
          24          25   1.5469751568400343E-005
          25           1  -3.2072579111708903E-003
          25           2   5.3732964024582330E-003
          25           3   5.9060817748052517E-003
          25           4   2.3238305711632598E-004
          25           5   5.4389177006705744E-016
          25           6  -1.9179364560121397E-015
          25           7  -3.5096261817545735E-015
          25           8   3.6237799664842441E-016
          25           9  -1.0789187356415135E-015
          25          10  -2.3056856419677139E-015
          25          11   1.2276163832039591E-016
          25          12  -9.4492356098336040E-018
          25          13  -7.6469430697039448E-017
          25          14   2.7376933549492751E-004
          25          15   1.9513275723127024E-004
          25          16   1.3258948080653167E-004
          25          17  -2.4092595074514058E-005
          25          18   3.6173933778040609E-005
          25          19   3.8245221296767461E-004
          25          20   9.1457024209141543E-005
          25          21   8.3448355264559922E-005
          25          22   3.1081581165030260E-005
          25          23  -1.0303177495971555E-005
          25          24   1.5469751568400343E-005
          25          25   1.3793516298601301E-004
