           1           1   2.2052356156546593     
           1           2 -0.55976951714852630     
           1           3 -0.39799000311891897     
           1           4 -0.24412293226369566     
           1           5   3.8459283257495923E-016
           1           6  -2.7391395873957333E-015
           1           7  -1.5576840131786468E-014
           1           8   9.1623946582556855E-016
           1           9   7.4191014138092146E-016
           1          10   2.5068126315817392E-015
           1          11  -8.6765128174587616E-016
           1          12   2.2633947719109207E-016
           1          13  -9.7964866896144420E-016
           1          14  0.20336153663079182     
           1          15  -2.3420723760035018E-016
           1          16  0.20336153663079096     
           1          17   3.6179703068761408E-016
           1          18   1.1282280215375204E-015
           1          19  0.20336153663079265     
           1          20  0.12342527130668704     
           1          21   5.0911663052366272E-016
           1          22  0.12342527130669009     
           1          23  -5.8697437231040256E-016
           1          24   3.0610051613188370E-016
           1          25  0.12342527130668784     
           2           1 -0.55976951714852630     
           2           2   1.9635714936917470     
           2           3  0.92679298999930970     
           2           4  0.53673363281764819     
           2           5  -2.2980737286280565E-015
           2           6   5.8759239617157893E-015
           2           7   5.4936588849136365E-014
           2           8  -1.6239899537685618E-016
           2           9  -1.5539075535806111E-015
           2          10  -7.7255173463172847E-015
           2          11   2.7788852609666406E-016
           2          12   9.4203913286604150E-016
           2          13   2.3273109750280883E-015
           2          14 -0.47533035094833936     
           2          15   4.7774402927117192E-016
           2          16 -0.47533035094834147     
           2          17   1.3218496148756576E-015
           2          18   1.1795493873809655E-016
           2          19 -0.47533035094834403     
           2          20 -0.27268401585528407     
           2          21  -1.2078891636392092E-016
           2          22 -0.27268401585528251     
           2          23  -6.9823795091621328E-016
           2          24  -2.0157792561141792E-015
           2          25 -0.27268401585527835     
           3           1 -0.39799000311891897     
           3           2  0.92679298999930970     
           3           3  0.44618940558790149     
           3           4  0.25929337805992853     
           3           5  -2.9195670403810813E-015
           3           6  -6.3367190067216214E-015
           3           7   4.2825845423348873E-015
           3           8   1.4595486479106208E-016
           3           9   6.3195629087312890E-016
           3          10  -4.0123875735172069E-016
           3          11   9.8393389340040249E-017
           3          12  -5.5919564513973980E-018
           3          13   1.3402021447582640E-016
           3          14 -0.22879047955773155     
           3          15   2.3190197491802372E-016
           3          16 -0.22879047955773243     
           3          17   5.7559957847280276E-016
           3          18  -2.0309254781799893E-017
           3          19 -0.22879047955773374     
           3          20 -0.13169308166322735     
           3          21  -8.8054978987677923E-017
           3          22 -0.13169308166322682     
           3          23  -2.7815905694353489E-016
           3          24  -9.3387187192246584E-016
           3          25 -0.13169308166322480     
           4           1 -0.24412293226369566     
           4           2  0.53673363281764819     
           4           3  0.25929337805992853     
           4           4  0.15077187025072677     
           4           5   4.8358506906391648E-015
           4           6   2.2791290971776587E-014
           4           7   6.1589285372119688E-014
           4           8  -9.0567521370303776E-016
           4           9  -3.6271139886091703E-015
           4          10  -9.1522617679998375E-015
           4          11   3.5925133974057616E-016
           4          12   1.1976569615222361E-015
           4          13   2.7704145424635076E-015
           4          14 -0.13295171274994819     
           4          15   1.3495468343219378E-016
           4          16 -0.13295171274994869     
           4          17   3.2842380434267803E-016
           4          18  -1.9505836592276439E-017
           4          19 -0.13295171274994944     
           4          20  -7.6571949464328104E-002
           4          21  -5.4159194175858337E-017
           4          22  -7.6571949464327813E-002
           4          23  -1.5585113686879852E-016
           4          24  -5.3904323748869108E-016
           4          25  -7.6571949464326633E-002
           5           1   3.8459283257495923E-016
           5           2  -2.2980737286280565E-015
           5           3  -2.9195670403810813E-015
           5           4   4.8358506906391648E-015
           5           5   2.2175794695340758     
           5           6 -0.15593016663638487     
           5           7 -0.11616581894986060     
           5           8 -0.33456571166886040     
           5           9   2.3525148878794245E-002
           5          10   1.7525910761033794E-002
           5          11  0.10094495146176755     
           5          12  -7.0979927974531860E-003
           5          13  -5.2879065289482457E-003
           5          14  -7.1798081181187539E-016
           5          15  -5.7164178119323518E-017
           5          16   4.6218408218904799E-017
           5          17   1.0443926923587723E-015
           5          18   2.2531160396478722E-016
           5          19   1.1453736132779281E-015
           5          20  -1.4015657659729491E-015
           5          21  -9.0305088043549006E-017
           5          22  -1.6751090161603463E-015
           5          23  -2.9792966759534070E-016
           5          24   8.4204501571641784E-017
           5          25  -1.6816457342066613E-015
           6           1  -2.7391395873957333E-015
           6           2   5.8759239617157893E-015
           6           3  -6.3367190067216214E-015
           6           4   2.2791290971776587E-014
           6           5 -0.15593016663638487     
           6           6   1.5503119105601644     
           6           7 -0.52291157061289373     
           6           8   2.3525148878789925E-002
           6           9 -0.23389520636852362     
           6          10   7.8891550073172056E-002
           6          11  -7.0979927974516915E-003
           6          12   7.0570711314793505E-002
           6          13  -2.3803107775616943E-002
           6          14   5.3035547312703302E-017
           6          15  -1.6406763299202116E-015
           6          16  -3.5521536450013435E-015
           6          17   3.1078894613570358E-015
           6          18   3.3110265039733752E-017
           6          19  -1.1683831156344506E-015
           6          20  -7.8408582938408309E-015
           6          21   1.4032714328878663E-015
           6          22  -6.7869566365416637E-015
           6          23   1.7860269643815234E-016
           6          24   2.2648918013350919E-017
           6          25  -9.3309844679250442E-015
           7           1  -1.5576840131786468E-014
           7           2   5.4936588849136365E-014
           7           3   4.2825845423348873E-015
           7           4   6.1589285372119688E-014
           7           5 -0.11616581894986060     
           7           6 -0.52291157061289373     
           7           7   1.8626577656193692     
           7           8   1.7525910761027108E-002
           7           9   7.8891550073175068E-002
           7          10 -0.28101875468792670     
           7          11  -5.2879065289451604E-003
           7          12  -2.3803107775616686E-002
           7          13   8.4788798022117334E-002
           7          14  -7.9296656930536972E-015
           7          15  -5.4579001868506722E-015
           7          16  -1.9509367622765905E-014
           7          17   1.8867805372022198E-015
           7          18  -1.7049585289093425E-015
           7          19  -1.4909544893690135E-014
           7          20  -2.2666750067800226E-014
           7          21   4.9408423495870420E-015
           7          22  -2.0285185560488371E-014
           7          23   2.0022401016064335E-015
           7          24  -4.4110634267124696E-016
           7          25  -2.7001438985850399E-014
           8           1   9.1623946582556855E-016
           8           2  -1.6239899537685618E-016
           8           3   1.4595486479106208E-016
           8           4  -9.0567521370303776E-016
           8           5 -0.33456571166886040     
           8           6   2.3525148878789925E-002
           8           7   1.7525910761027108E-002
           8           8   5.0475853047110400E-002
           8           9  -3.5492338763408616E-003
           8          10  -2.6441301820131617E-003
           8          11  -1.5229541934873993E-002
           8          12   1.0708725636781389E-003
           8          13   7.9778525883762784E-004
           8          14   2.5906646045261706E-016
           8          15   8.6243465892807297E-018
           8          16   1.4377189743073897E-016
           8          17  -1.5756728865019557E-016
           8          18  -3.3992710594290290E-017
           8          19  -2.2057399091582819E-017
           8          20   3.0067295266889302E-016
           8          21   1.3624308153830131E-017
           8          22   3.4194236079087266E-016
           8          23   4.4948581386001122E-017
           8          24  -1.2703914056325311E-017
           8          25   3.4292855396017631E-016
           9           1   7.4191014138092146E-016
           9           2  -1.5539075535806111E-015
           9           3   6.3195629087312890E-016
           9           4  -3.6271139886091703E-015
           9           5   2.3525148878794245E-002
           9           6 -0.23389520636852362     
           9           7   7.8891550073175068E-002
           9           8  -3.5492338763408616E-003
           9           9   3.5287716742373042E-002
           9          10  -1.1902350268618413E-002
           9          11   1.0708725636781099E-003
           9          12  -1.0646987212130150E-002
           9          13   3.5911694720701256E-003
           9          14   1.5815158036521452E-016
           9          15   2.4752846582463770E-016
           9          16   7.0206565622956405E-016
           9          17  -4.6888657823186101E-016
           9          18  -4.9953381778457758E-018
           9          19   3.4242673705232649E-016
           9          20   1.2787234540406447E-015
           9          21  -2.1171124284773828E-016
           9          22   1.1197215500063512E-015
           9          23  -2.6945748308335983E-017
           9          24  -3.4170371243827265E-018
           9          25   1.5035384519958712E-015
          10           1   2.5068126315817392E-015
          10           2  -7.7255173463172847E-015
          10           3  -4.0123875735172069E-016
          10           4  -9.1522617679998375E-015
          10           5   1.7525910761033794E-002
          10           6   7.8891550073172056E-002
          10           7 -0.28101875468792670     
          10           8  -2.6441301820131617E-003
          10           9  -1.1902350268618413E-002
          10          10   4.2397235790705541E-002
          10          11   7.9778525883746683E-004
          10          12   3.5911694720699517E-003
          10          13  -1.2792066729305232E-002
          10          14   1.0706392931115168E-015
          10          15   8.2343216345476689E-016
          10          16   2.8176662972176897E-015
          10          17  -2.8465815176610117E-016
          10          18   2.5722670660830974E-016
          10          19   2.1236920852237494E-015
          10          20   3.3486609039213330E-015
          10          21  -7.4542376480449592E-016
          10          22   2.9893548067912470E-015
          10          23  -3.0207751006399765E-016
          10          24   6.6549613885296708E-017
          10          25   4.0026344379725377E-015
          11           1  -8.6765128174587616E-016
          11           2   2.7788852609666406E-016
          11           3   9.8393389340040249E-017
          11           4   3.5925133974057616E-016
          11           5  0.10094495146176755     
          11           6  -7.0979927974516915E-003
          11           7  -5.2879065289451604E-003
          11           8  -1.5229541934873993E-002
          11           9   1.0708725636781099E-003
          11          10   7.9778525883746683E-004
          11          11   4.5950476028530120E-003
          11          12  -3.2310298154283293E-004
          11          13  -2.4070725547026948E-004
          11          14  -1.5101984083769139E-016
          11          15  -2.6021323090866196E-018
          11          16  -1.1623323939550661E-016
          11          17   4.7541101045347329E-017
          11          18   1.0256258789574843E-017
          11          19  -6.6199330645901381E-017
          11          20  -1.3425210873835967E-016
          11          21  -4.1107174982960796E-018
          11          22  -1.4670388802843755E-016
          11          23  -1.3561857082280890E-017
          11          24   3.8330167828416071E-018
          11          25  -1.4700144159754885E-016
          12           1   2.2633947719109207E-016
          12           2   9.4203913286604150E-016
          12           3  -5.5919564513973980E-018
          12           4   1.1976569615222361E-015
          12           5  -7.0979927974531860E-003
          12           6   7.0570711314793505E-002
          12           7  -2.3803107775616686E-002
          12           8   1.0708725636781389E-003
          12           9  -1.0646987212130150E-002
          12          10   3.5911694720699517E-003
          12          11  -3.2310298154283293E-004
          12          12   3.2124021376294860E-003
          12          13  -1.0835253446649564E-003
          12          14  -1.4285819203695541E-016
          12          15  -7.4684129594273992E-017
          12          16  -3.0696759737210363E-016
          12          17   1.4147215697805932E-016
          12          18   1.5071902239528465E-018
          12          19  -1.9845757385826277E-016
          12          20  -4.3846117784328921E-016
          12          21   6.3877380101434908E-017
          12          22  -3.9048722556643774E-016
          12          23   8.1300538585348593E-018
          12          24   1.0309862446541080E-018
          12          25  -5.0629221451249755E-016
          13           1  -9.7964866896144420E-016
          13           2   2.3273109750280883E-015
          13           3   1.3402021447582640E-016
          13           4   2.7704145424635076E-015
          13           5  -5.2879065289482457E-003
          13           6  -2.3803107775616943E-002
          13           7   8.4788798022117334E-002
          13           8   7.9778525883762784E-004
          13           9   3.5911694720701256E-003
          13          10  -1.2792066729305232E-002
          13          11  -2.4070725547026948E-004
          13          12  -1.0835253446649564E-003
          13          13   3.8596141506675985E-003
          13          14  -3.2959567616594792E-016
          13          15  -2.4844542304521067E-016
          13          16  -8.5670754083433383E-016
          13          17   8.5886874569089855E-017
          13          18  -7.7610276569357117E-017
          13          19  -6.4732208768671584E-016
          13          20  -1.0148624356226430E-015
          13          21   2.2490877914921289E-016
          13          22  -9.0645283096294974E-016
          13          23   9.1142632157356892E-017
          13          24  -2.0079306722558423E-017
          13          25  -1.2121789099343103E-015
          14           1  0.20336153663079182     
          14           2 -0.47533035094833936     
          14           3 -0.22879047955773155     
          14           4 -0.13295171274994819     
          14           5  -7.1798081181187539E-016
          14           6   5.3035547312703302E-017
          14           7  -7.9296656930536972E-015
          14           8   2.5906646045261706E-016
          14           9   1.5815158036521452E-016
          14          10   1.0706392931115168E-015
          14          11  -1.5101984083769139E-016
          14          12  -1.4285819203695541E-016
          14          13  -3.2959567616594792E-016
          14          14  0.11731611240606277     
          14          15  -1.1890074790696442E-016
          14          16  0.11731611240606322     
          14          17  -2.9548525926760104E-016
          14          18   9.9855195797275095E-018
          14          19  0.11731611240606388     
          14          20   6.7525353759687851E-002
          14          21   4.4985397621402989E-017
          14          22   6.7525353759687601E-002
          14          23   1.4295257158877337E-016
          14          24   4.7906047716151049E-016
          14          25   6.7525353759686546E-002
          15           1  -2.3420723760035018E-016
          15           2   4.7774402927117192E-016
          15           3   2.3190197491802372E-016
          15           4   1.3495468343219378E-016
          15           5  -5.7164178119323518E-017
          15           6  -1.6406763299202116E-015
          15           7  -5.4579001868506722E-015
          15           8   8.6243465892807297E-018
          15           9   2.4752846582463770E-016
          15          10   8.2343216345476689E-016
          15          11  -2.6021323090866196E-018
          15          12  -7.4684129594273992E-017
          15          13  -2.4844542304521067E-016
          15          14  -1.1890074790696442E-016
          15          15   2.3596981174972414E-029
          15          16  -1.1890074790691515E-016
          15          17  -1.4088103760738172E-029
          15          18   5.9537537580435749E-030
          15          19  -1.1890074790693829E-016
          15          20  -6.8534107677071800E-017
          15          21  -2.1061134711153960E-029
          15          22  -6.8534107677082487E-017
          15          23  -7.6458771875301526E-030
          15          24   1.0274326212759770E-030
          15          25  -6.8534107677051351E-017
          16           1  0.20336153663079096     
          16           2 -0.47533035094834147     
          16           3 -0.22879047955773243     
          16           4 -0.13295171274994869     
          16           5   4.6218408218904799E-017
          16           6  -3.5521536450013435E-015
          16           7  -1.9509367622765905E-014
          16           8   1.4377189743073897E-016
          16           9   7.0206565622956405E-016
          16          10   2.8176662972176897E-015
          16          11  -1.1623323939550661E-016
          16          12  -3.0696759737210363E-016
          16          13  -8.5670754083433383E-016
          16          14  0.11731611240606322     
          16          15  -1.1890074790691515E-016
          16          16  0.11731611240606368     
          16          17  -2.9548525926763313E-016
          16          18   9.9855195797393070E-018
          16          19  0.11731611240606434     
          16          20   6.7525353759688114E-002
          16          21   4.4985397621358197E-017
          16          22   6.7525353759687864E-002
          16          23   1.4295257158875861E-016
          16          24   4.7906047716151601E-016
          16          25   6.7525353759686810E-002
          17           1   3.6179703068761408E-016
          17           2   1.3218496148756576E-015
          17           3   5.7559957847280276E-016
          17           4   3.2842380434267803E-016
          17           5   1.0443926923587723E-015
          17           6   3.1078894613570358E-015
          17           7   1.8867805372022198E-015
          17           8  -1.5756728865019557E-016
          17           9  -4.6888657823186101E-016
          17          10  -2.8465815176610117E-016
          17          11   4.7541101045347329E-017
          17          12   1.4147215697805932E-016
          17          13   8.5886874569089855E-017
          17          14  -2.9548525926760104E-016
          17          15  -1.4088103760738172E-029
          17          16  -2.9548525926763313E-016
          17          17   1.3742569263419391E-029
          17          18  -2.3381585752295390E-030
          17          19  -2.9548525926761893E-016
          17          20  -1.6707013451203327E-016
          17          21   1.2774548258513649E-029
          17          22  -1.6707013451202400E-016
          17          23   3.1384642940493864E-030
          17          24  -2.1304646978506821E-030
          17          25  -1.6707013451204062E-016
          18           1   1.1282280215375204E-015
          18           2   1.1795493873809655E-016
          18           3  -2.0309254781799893E-017
          18           4  -1.9505836592276439E-017
          18           5   2.2531160396478722E-016
          18           6   3.3110265039733752E-017
          18           7  -1.7049585289093425E-015
          18           8  -3.3992710594290290E-017
          18           9  -4.9953381778457758E-018
          18          10   2.5722670660830974E-016
          18          11   1.0256258789574843E-017
          18          12   1.5071902239528465E-018
          18          13  -7.7610276569357117E-017
          18          14   9.9855195797275095E-018
          18          15   5.9537537580435749E-030
          18          16   9.9855195797393070E-018
          18          17  -2.3381585752295390E-030
          18          18   2.3706132073665348E-030
          18          19   9.9855195797343735E-018
          18          20   9.5691556387099266E-018
          18          21  -5.1299100501762292E-030
          18          22   9.5691556387092903E-018
          18          23  -2.5582174984219919E-030
          18          24   1.6342870944833884E-031
          18          25   9.5691556387164748E-018
          19           1  0.20336153663079265     
          19           2 -0.47533035094834403     
          19           3 -0.22879047955773374     
          19           4 -0.13295171274994944     
          19           5   1.1453736132779281E-015
          19           6  -1.1683831156344506E-015
          19           7  -1.4909544893690135E-014
          19           8  -2.2057399091582819E-017
          19           9   3.4242673705232649E-016
          19          10   2.1236920852237494E-015
          19          11  -6.6199330645901381E-017
          19          12  -1.9845757385826277E-016
          19          13  -6.4732208768671584E-016
          19          14  0.11731611240606388     
          19          15  -1.1890074790693829E-016
          19          16  0.11731611240606434     
          19          17  -2.9548525926761893E-016
          19          18   9.9855195797343735E-018
          19          19  0.11731611240606499     
          19          20   6.7525353759688503E-002
          19          21   4.4985397621378608E-017
          19          22   6.7525353759688225E-002
          19          23   1.4295257158876598E-016
          19          24   4.7906047716151729E-016
          19          25   6.7525353759687198E-002
          20           1  0.12342527130668704     
          20           2 -0.27268401585528407     
          20           3 -0.13169308166322735     
          20           4  -7.6571949464328104E-002
          20           5  -1.4015657659729491E-015
          20           6  -7.8408582938408309E-015
          20           7  -2.2666750067800226E-014
          20           8   3.0067295266889302E-016
          20           9   1.2787234540406447E-015
          20          10   3.3486609039213330E-015
          20          11  -1.3425210873835967E-016
          20          12  -4.3846117784328921E-016
          20          13  -1.0148624356226430E-015
          20          14   6.7525353759687851E-002
          20          15  -6.8534107677071800E-017
          20          16   6.7525353759688114E-002
          20          17  -1.6707013451203327E-016
          20          18   9.5691556387099266E-018
          20          19   6.7525353759688503E-002
          20          20   3.8888482552969152E-002
          20          21   2.7376047270901103E-017
          20          22   3.8888482552969013E-002
          20          23   7.9409615861367564E-017
          20          24   2.7393613529470559E-016
          20          25   3.8888482552968402E-002
          21           1   5.0911663052366272E-016
          21           2  -1.2078891636392092E-016
          21           3  -8.8054978987677923E-017
          21           4  -5.4159194175858337E-017
          21           5  -9.0305088043549006E-017
          21           6   1.4032714328878663E-015
          21           7   4.9408423495870420E-015
          21           8   1.3624308153830131E-017
          21           9  -2.1171124284773828E-016
          21          10  -7.4542376480449592E-016
          21          11  -4.1107174982960796E-018
          21          12   6.3877380101434908E-017
          21          13   2.2490877914921289E-016
          21          14   4.4985397621402989E-017
          21          15  -2.1061134711153960E-029
          21          16   4.4985397621358197E-017
          21          17   1.2774548258513649E-029
          21          18  -5.1299100501762292E-030
          21          19   4.4985397621378608E-017
          21          20   2.7376047270901103E-017
          21          21   1.8931786103954925E-029
          21          22   2.7376047270911592E-017
          21          23   6.6242936520390074E-030
          21          24  -1.2978585741923998E-030
          21          25   2.7376047270884197E-017
          22           1  0.12342527130669009     
          22           2 -0.27268401585528251     
          22           3 -0.13169308166322682     
          22           4  -7.6571949464327813E-002
          22           5  -1.6751090161603463E-015
          22           6  -6.7869566365416637E-015
          22           7  -2.0285185560488371E-014
          22           8   3.4194236079087266E-016
          22           9   1.1197215500063512E-015
          22          10   2.9893548067912470E-015
          22          11  -1.4670388802843755E-016
          22          12  -3.9048722556643774E-016
          22          13  -9.0645283096294974E-016
          22          14   6.7525353759687601E-002
          22          15  -6.8534107677082487E-017
          22          16   6.7525353759687864E-002
          22          17  -1.6707013451202400E-016
          22          18   9.5691556387092903E-018
          22          19   6.7525353759688225E-002
          22          20   3.8888482552969013E-002
          22          21   2.7376047270911592E-017
          22          22   3.8888482552968867E-002
          22          23   7.9409615861369117E-017
          22          24   2.7393613529470283E-016
          22          25   3.8888482552968263E-002
          23           1  -5.8697437231040256E-016
          23           2  -6.9823795091621328E-016
          23           3  -2.7815905694353489E-016
          23           4  -1.5585113686879852E-016
          23           5  -2.9792966759534070E-016
          23           6   1.7860269643815234E-016
          23           7   2.0022401016064335E-015
          23           8   4.4948581386001122E-017
          23           9  -2.6945748308335983E-017
          23          10  -3.0207751006399765E-016
          23          11  -1.3561857082280890E-017
          23          12   8.1300538585348593E-018
          23          13   9.1142632157356892E-017
          23          14   1.4295257158877337E-016
          23          15  -7.6458771875301526E-030
          23          16   1.4295257158875861E-016
          23          17   3.1384642940493864E-030
          23          18  -2.5582174984219919E-030
          23          19   1.4295257158876598E-016
          23          20   7.9409615861367564E-017
          23          21   6.6242936520390074E-030
          23          22   7.9409615861369117E-017
          23          23   3.0959748685377387E-030
          23          24   2.9097913507948243E-031
          23          25   7.9409615861358517E-017
          24           1   3.0610051613188370E-016
          24           2  -2.0157792561141792E-015
          24           3  -9.3387187192246584E-016
          24           4  -5.3904323748869108E-016
          24           5   8.4204501571641784E-017
          24           6   2.2648918013350919E-017
          24           7  -4.4110634267124696E-016
          24           8  -1.2703914056325311E-017
          24           9  -3.4170371243827265E-018
          24          10   6.6549613885296708E-017
          24          11   3.8330167828416071E-018
          24          12   1.0309862446541080E-018
          24          13  -2.0079306722558423E-017
          24          14   4.7906047716151049E-016
          24          15   1.0274326212759770E-030
          24          16   4.7906047716151601E-016
          24          17  -2.1304646978506821E-030
          24          18   1.6342870944833884E-031
          24          19   4.7906047716151729E-016
          24          20   2.7393613529470559E-016
          24          21  -1.2978585741923998E-030
          24          22   2.7393613529470283E-016
          24          23   2.9097913507948243E-031
          24          24   2.2172363156687645E-030
          24          25   2.7393613529470056E-016
          25           1  0.12342527130668784     
          25           2 -0.27268401585527835     
          25           3 -0.13169308166322480     
          25           4  -7.6571949464326633E-002
          25           5  -1.6816457342066613E-015
          25           6  -9.3309844679250442E-015
          25           7  -2.7001438985850399E-014
          25           8   3.4292855396017631E-016
          25           9   1.5035384519958712E-015
          25          10   4.0026344379725377E-015
          25          11  -1.4700144159754885E-016
          25          12  -5.0629221451249755E-016
          25          13  -1.2121789099343103E-015
          25          14   6.7525353759686546E-002
          25          15  -6.8534107677051351E-017
          25          16   6.7525353759686810E-002
          25          17  -1.6707013451204062E-016
          25          18   9.5691556387164748E-018
          25          19   6.7525353759687198E-002
          25          20   3.8888482552968402E-002
          25          21   2.7376047270884197E-017
          25          22   3.8888482552968263E-002
          25          23   7.9409615861358517E-017
          25          24   2.7393613529470056E-016
          25          25   3.8888482552967660E-002
