           1           1   2.1733595743242309     
           1           2   1.9325533526432312     
           1           3   4.8481103175331715     
           1           4   2.0066571391841754     
           1           5  -2.6190734155267066     
           1           6  -1.3809467992262223     
           1           7   1.3091966620681207E-014
           1           8   3.7400625485642600E-014
           1           9  -3.1358959683316185E-014
           1          10  -1.4436341822806195E-014
           1          11  -8.6270939197319400E-015
           1          12   6.8546253728383037E-014
           1          13  -1.2000924819578288E-014
           1          14   4.8050216926501754E-014
           1          15  -1.5599414487594953E-014
           1          16  -1.3435661197072962E-014
           1          17  -1.2248431798150880E-014
           1          18  -3.2541060527340932E-016
           1          19  -2.7568109242843880E-016
           1          20  -9.1650601757119500E-016
           1          21  -1.2193984844805170E-016
           1          22  -1.6743941358524252     
           1          23   1.8808693318947783E-013
           1          24  -1.6743941358516654     
           1          25   1.8626020310439031E-013
           1          26   9.2335195434548259E-014
           1          27  -1.6743941358514736     
           1          28  0.88404232328651888     
           1          29  -5.9334959300796975E-014
           1          30  0.88404232328636800     
           1          31  -1.9206558549362307E-014
           1          32  -3.4166518806690629E-014
           1          33  0.88404232328632038     
           1          34  0.52627296942753599     
           1          35   1.7549911459369800E-014
           1          36  0.52627296942759016     
           1          37  -8.8517535563835489E-015
           1          38   1.2980604684587337E-014
           1          39  0.52627296942762714     
           2           1   1.9325533526432312     
           2           2   24.333714675522824     
           2           3   54.390114900288253     
           2           4   21.299776476424604     
           2           5  -25.287532480387554     
           2           6  -13.494678991889250     
           2           7   8.7437771821297045E-012
           2           8   1.1998123945268361E-011
           2           9  -1.7412797718727431E-011
           2          10  -9.7395782449931761E-013
           2          11  -9.3384419284642331E-013
           2          12   2.1947966317312327E-012
           2          13   8.6854368734315200E-014
           2          14   8.9220505511214588E-013
           2          15  -7.8408792137816319E-013
           2          16  -1.9883740564617058E-013
           2          17  -3.9580260771831615E-013
           2          18   1.1984250626140423E-013
           2          19   7.6875461583174751E-014
           2          20   2.7296753432310719E-014
           2          21  -7.5533825951093641E-014
           2          22  -19.811016722485352     
           2          23   2.4272442796471238E-012
           2          24  -19.811016722475824     
           2          25   2.3496306648413698E-012
           2          26   1.2651737373423903E-012
           2          27  -19.811016722473454     
           2          28   8.4157105734873490     
           2          29  -7.4248195029888443E-013
           2          30   8.4157105734855424     
           2          31  -1.8896018936493942E-013
           2          32  -4.0158225089055785E-013
           2          33   8.4157105734849402     
           2          34   5.1551135392611940     
           2          35   3.7836694296565919E-013
           2          36   5.1551135392620857     
           2          37  -5.0539980322537925E-014
           2          38   6.0286639327444039E-014
           2          39   5.1551135392623504     
           3           1   4.8481103175331715     
           3           2   54.390114900288253     
           3           3   137.66117106373727     
           3           4   55.241415721401594     
           3           5  -69.867484028715964     
           3           6  -36.994501904957460     
           3           7  -3.9438562424133074E-012
           3           8  -5.0832632778250893E-012
           3           9   7.9709775191758575E-012
           3          10  -7.4537247440181457E-014
           3          11   1.7764142274406663E-013
           3          12   2.0561581064309392E-012
           3          13  -2.0812120730036672E-013
           3          14   9.7033287918418065E-013
           3          15  -1.2215125627524686E-013
           3          16  -5.3516962198807950E-013
           3          17  -1.9868548068211900E-013
           3          18  -3.9151571862587170E-013
           3          19   1.3043145317350756E-013
           3          20   7.2355940428351805E-014
           3          21   1.5156282365692902E-013
           3          22  -47.574560768435475     
           3          23   5.4575140012617115E-012
           3          24  -47.574560768413122     
           3          25   5.1875957531328805E-012
           3          26   2.5777409200901637E-012
           3          27  -47.574560768407508     
           3          28   23.445405919516478     
           3          29  -1.8783599844473963E-012
           3          30   23.445405919511902     
           3          31  -6.9991065369955425E-013
           3          32  -7.8266842014981521E-013
           3          33   23.445405919510751     
           3          34   14.118905080208560     
           3          35   6.5165111999896901E-013
           3          36   14.118905080209981     
           3          37  -8.9350807194385076E-014
           3          38   2.9180975432031224E-013
           3          39   14.118905080210814     
           4           1   2.0066571391841754     
           4           2   21.299776476424604     
           4           3   55.241415721401594     
           4           4   22.280327678172529     
           4           5  -28.418539439021128     
           4           6  -15.031556448628995     
           4           7  -3.7300032292672946E-012
           4           8  -5.0431940027247321E-012
           4           9   7.4997097450779995E-012
           4          10   2.2566720840825931E-013
           4          11   2.0682314169106266E-013
           4          12   3.4578293606604156E-013
           4          13  -1.3016994428659756E-013
           4          14   3.0821797878565560E-013
           4          15   1.3794149206095249E-013
           4          16  -2.1849727519974672E-013
           4          17  -2.7272991969409329E-014
           4          18  -2.2685626202807472E-013
           4          19   4.4368575636293845E-014
           4          20   3.2489388418476484E-014
           4          21   9.5004487395003789E-014
           4          22  -18.984069916722859     
           4          23   1.9105440452569435E-012
           4          24  -18.984069916714940     
           4          25   1.7275288381350398E-012
           4          26   8.2737480502194202E-013
           4          27  -18.984069916713025     
           4          28   9.5480093933073764     
           4          29  -7.1282612834131519E-013
           4          30   9.5480093933057137     
           4          31  -2.4644020974005744E-013
           4          32  -2.7193172243245624E-013
           4          33   9.5480093933053318     
           4          34   5.7356570844415788     
           4          35   2.1926611873436260E-013
           4          36   5.7356570844420123     
           4          37  -5.5878315889225897E-014
           4          38   1.2177307567096838E-013
           4          39   5.7356570844423480     
           5           1  -2.6190734155267066     
           5           2  -25.287532480387554     
           5           3  -69.867484028715964     
           5           4  -28.418539439021128     
           5           5   37.569372948228775     
           5           6   19.792029814324021     
           5           7   9.2880082285373901E-012
           5           8   1.2745640574417422E-011
           5           9  -1.8528256530624777E-011
           5          10  -7.1760401731958640E-013
           5          11  -5.2447360529736758E-013
           5          12   5.2393937027534706E-014
           5          13   2.4759483846014063E-013
           5          14  -1.3436185183217555E-013
           5          15  -5.0963803867022178E-013
           5          16   2.4954949553039605E-013
           5          17  -1.3815101031841186E-013
           5          18   4.1593193572470484E-013
           5          19  -4.9434576347276949E-014
           5          20  -3.7995473545140855E-014
           5          21  -1.7233385473209984E-013
           5          22   23.000023398739863     
           5          23   5.1800589264901956E-013
           5          24   23.000023398743139     
           5          25   1.1500739871257519E-012
           5          26   8.8716293672978288E-013
           5          27   23.000023398742982     
           5          28  -12.670658719756981     
           5          29   3.9247959280218161E-013
           5          30  -12.670658719757185     
           5          31  -2.3050964032744135E-013
           5          32  -5.5186426762624429E-014
           5          33  -12.670658719757199     
           5          34  -7.5502939434856868     
           5          35  -4.5526069764739076E-014
           5          36  -7.5502939434852623     
           5          37   2.5735452744452570E-013
           5          38  -4.0562974615695676E-014
           5          39  -7.5502939434855287     
           6           1  -1.3809467992262223     
           6           2  -13.494678991889250     
           6           3  -36.994501904957460     
           6           4  -15.031556448628995     
           6           5   19.792029814324021     
           6           6   10.431362982631386     
           6           7   4.5212413584487971E-012
           6           8   6.1796463427730887E-012
           6           9  -9.2549239314717676E-012
           6          10  -3.8601249004539530E-013
           6          11  -2.3657004761299959E-013
           6          12   2.3383718700428515E-014
           6          13   1.3184787220050647E-013
           6          14  -9.5324127437544452E-014
           6          15  -2.5467246274434541E-013
           6          16   1.3112792576338934E-013
           6          17  -5.8840352426554047E-014
           6          18   2.1468581895299368E-013
           6          19  -2.5956537346385765E-014
           6          20  -2.1286246862093420E-014
           6          21  -8.8594730838427798E-014
           6          22   12.238450870012471     
           6          23   5.3275573891941124E-013
           6          24   12.238450870013901     
           6          25   6.7629353208079908E-013
           6          26   5.1027139590967902E-013
           6          27   12.238450870017020     
           6          28  -6.6722082175450286     
           6          29   1.5939623911045341E-013
           6          30  -6.6722082175450872     
           6          31  -1.3845890524758445E-013
           6          32  -3.3711396431939530E-014
           6          33  -6.6722082175456698     
           6          34  -3.9794949270743736     
           6          35  -9.5181919961952897E-015
           6          36  -3.9794949270741755     
           6          37   1.4280651942162394E-013
           6          38  -1.7566200102532235E-014
           6          39  -3.9794949270741036     
           7           1   1.3091966620681207E-014
           7           2   8.7437771821297045E-012
           7           3  -3.9438562424133074E-012
           7           4  -3.7300032292672946E-012
           7           5   9.2880082285373901E-012
           7           6   4.5212413584487971E-012
           7           7   2.0002258977757648     
           7           8   9.7730781579112399E-009
           7           9   1.3800052294170897E-009
           7          10   2.9710725202811870E-003
           7          11   7.5297350424764060E-006
           7          12   1.0632344337904735E-006
           7          13   2.2175868806676137E-002
           7          14   2.7437749556284992E-005
           7          15   3.8743408623031231E-006
           7          16  -1.2557922877339452E-002
           7          17  -8.6620533162633181E-006
           7          18  -1.2231231688888717E-006
           7          19   4.1884668643912149E-003
           7          20   2.3744426246534331E-006
           7          21   3.3528260331430607E-007
           7          22  -1.8050136878769662E-013
           7          23  -1.4519606014945312E-013
           7          24  -8.1524121496539411E-013
           7          25  -1.4794277874080753E-013
           7          26  -8.2018964782538984E-014
           7          27  -9.7466215122305786E-013
           7          28  -3.4091243505363794E-012
           7          29   2.6550422835237357E-014
           7          30  -3.2981344264487494E-012
           7          31   2.7079160858704589E-014
           7          32   1.3622943293156934E-014
           7          33  -3.2671795941253665E-012
           7          34  -1.6790466477304067E-012
           7          35  -1.0265814900767220E-014
           7          36  -1.7210653875452419E-012
           7          37  -1.0684125681968678E-014
           7          38  -6.2239420132423678E-015
           7          39  -1.7306605276876184E-012
           8           1   3.7400625485642600E-014
           8           2   1.1998123945268361E-011
           8           3  -5.0832632778250893E-012
           8           4  -5.0431940027247321E-012
           8           5   1.2745640574417422E-011
           8           6   6.1796463427730887E-012
           8           7   9.7730781579112399E-009
           8           8   2.0002260644238383     
           8           9   2.3612153048491398E-008
           8          10   7.5297350466612443E-006
           8          11   3.0994676386408670E-003
           8          12   1.8192142386826238E-005
           8          13   2.7437749563121785E-005
           8          14   2.2643730302571365E-002
           8          15   6.6290705297952668E-005
           8          16  -8.6620533208767999E-006
           8          17  -1.2705625997596639E-002
           8          18  -2.0927868843104387E-005
           8          19   2.3744426308659632E-006
           8          20   4.2289552534806873E-003
           8          21   5.7367487941584251E-006
           8          22  -6.8896096148546568E-013
           8          23  -9.8971896454665138E-014
           8          24  -1.1498845540046456E-012
           8          25  -9.4137559291003702E-014
           8          26  -5.9186681754323940E-014
           8          27  -1.2518456087059379E-012
           8          28  -4.6303754569340973E-012
           8          29   2.1345873245966707E-014
           8          30  -4.5463412450904804E-012
           8          31   2.0087987955187786E-014
           8          32   6.4079022082057188E-015
           8          33  -4.5242869054836829E-012
           8          34  -2.3141445581701815E-012
           8          35  -1.1111484045758698E-014
           8          36  -2.3444939360117043E-012
           8          37  -1.2722463735375337E-014
           8          38   1.6979313260948637E-016
           8          39  -2.3591968458389056E-012
           9           1  -3.1358959683316185E-014
           9           2  -1.7412797718727431E-011
           9           3   7.9709775191758575E-012
           9           4   7.4997097450779995E-012
           9           5  -1.8528256530624777E-011
           9           6  -9.2549239314717676E-012
           9           7   1.3800052294170897E-009
           9           8   2.3612153048491398E-008
           9           9   2.0002259005387257     
           9          10   1.0632344326594130E-006
           9          11   1.8192142391497198E-005
           9          12   2.9732012642382849E-003
           9          13   3.8743408704954310E-006
           9          14   6.6290705275991922E-005
           9          15   2.2183625778623806E-002
           9          16  -1.2231231729715330E-006
           9          17  -2.0927868818867824E-005
           9          18  -1.2560371740891606E-002
           9          19   3.3528260202969002E-007
           9          20   5.7367487874236525E-006
           9          21   4.1891381470306171E-003
           9          22   1.7432491103022312E-012
           9          23  -1.3265841445339010E-013
           9          24   1.1346681069019772E-012
           9          25  -1.2880377962045286E-013
           9          26  -8.3685580955944733E-014
           9          27   9.7107772637286237E-013
           9          28   6.5760435352741433E-012
           9          29   2.3414005660518133E-014
           9          30   6.6939143446426947E-012
           9          31   2.4494977929194437E-014
           9          32   1.1959260161653332E-014
           9          33   6.7218151765292459E-012
           9          34   3.5210582239265237E-012
           9          35  -9.9210914826849033E-015
           9          36   3.4756039004529477E-012
           9          37  -7.4431129753152854E-015
           9          38  -3.1759053214700332E-015
           9          39   3.4608320218154446E-012
          10           1  -1.4436341822806195E-014
          10           2  -9.7395782449931761E-013
          10           3  -7.4537247440181457E-014
          10           4   2.2566720840825931E-013
          10           5  -7.1760401731958640E-013
          10           6  -3.8601249004539530E-013
          10           7   2.9710725202811870E-003
          10           8   7.5297350466612443E-006
          10           9   1.0632344326594130E-006
          10          10   1.8359030864301729     
          10          11   5.8013347291395508E-003
          10          12   8.1917608214562821E-004
          10          13 -0.38555263602896961     
          10          14   2.1139597668257029E-002
          10          15   2.9850118299402820E-003
          10          16  0.15776871448082652     
          10          17  -6.6737369158226785E-003
          10          18  -9.4236342414095455E-004
          10          19  -4.9184036589433558E-002
          10          20   1.8294052043394747E-003
          10          21   2.5832072409328553E-004
          10          22   2.5356640031064934E-012
          10          23  -7.1509947695449910E-013
          10          24  -6.0749119427215832E-013
          10          25  -7.4687645052309916E-013
          10          26  -3.9490317311153887E-013
          10          27  -1.3675492101261852E-012
          10          28  -1.5197484433519823E-013
          10          29   1.2235915861770672E-013
          10          30   4.0943576957872986E-013
          10          31   1.2716951251787430E-013
          10          32   7.7882338081678962E-014
          10          33   5.4455576374111709E-013
          10          34   2.8645794486457256E-013
          10          35  -3.8750556184931463E-014
          10          36   9.4679058393721323E-014
          10          37  -4.6695898522215278E-014
          10          38  -3.0589637076892501E-014
          10          39   4.2606797591553348E-014
          11           1  -8.6270939197319400E-015
          11           2  -9.3384419284642331E-013
          11           3   1.7764142274406663E-013
          11           4   2.0682314169106266E-013
          11           5  -5.2447360529736758E-013
          11           6  -2.3657004761299959E-013
          11           7   7.5297350424764060E-006
          11           8   3.0994676386408670E-003
          11           9   1.8192142391497198E-005
          11          10   5.8013347291395508E-003
          11          11   1.9348259641565431     
          11          12   1.4016257782940076E-002
          11          13   2.1139597668278286E-002
          11          14  -2.5085617151652639E-002
          11          15   5.1074117281601820E-002
          11          16  -6.6737369158415020E-003
          11          17   4.3969857540749169E-002
          11          18  -1.6124016516045770E-002
          11          19   1.8294052043435509E-003
          11          20  -1.7989486405553291E-002
          11          21   4.4199164728026584E-003
          11          22   2.7334569542060060E-012
          11          23  -7.8843747573912321E-013
          11          24  -7.8669847566981455E-013
          11          25  -8.2611195969535883E-013
          11          26  -4.9817670718810675E-013
          11          27  -1.8225472268100915E-012
          11          28  -3.1272144562900865E-013
          11          29   1.5158476826975912E-013
          11          30   3.4440490643116268E-013
          11          31   1.5558810501496675E-013
          11          32   8.1056629152590594E-014
          11          33   5.3539916816685569E-013
          11          34   2.8301895264107096E-013
          11          35  -6.2158754302382471E-014
          11          36   2.9534143344921530E-014
          11          37  -4.8000552462328757E-014
          11          38  -2.5534311817900064E-014
          11          39  -3.7652415493815236E-014
          12           1   6.8546253728383037E-014
          12           2   2.1947966317312327E-012
          12           3   2.0561581064309392E-012
          12           4   3.4578293606604156E-013
          12           5   5.2393937027534706E-014
          12           6   2.3383718700428515E-014
          12           7   1.0632344337904735E-006
          12           8   1.8192142386826238E-005
          12           9   2.9732012642382849E-003
          12          10   8.1917608214562821E-004
          12          11   1.4016257782940076E-002
          12          12   1.8375431914466684     
          12          13   2.9850118299655417E-003
          12          14   5.1074117281618168E-002
          12          15 -0.37957622511648481     
          12          16  -9.4236342416390798E-004
          12          17  -1.6124016516069709E-002
          12          18  0.15588197118717889     
          12          19   2.5832072409177193E-004
          12          20   4.4199164728164729E-003
          12          21  -4.8666842393108596E-002
          12          22   1.5442833473408523E-012
          12          23  -6.4371078668643590E-013
          12          24  -1.3106763556691964E-012
          12          25  -6.6306858812849320E-013
          12          26  -4.3015588078737254E-013
          12          27  -2.2615452044407400E-012
          12          28  -4.7160285038449718E-013
          12          29   1.2956521345212700E-013
          12          30   6.8419383193567626E-014
          12          31   1.2504979219920085E-013
          12          32   6.6423948162402067E-014
          12          33   2.4786614052282202E-013
          12          34   1.6823611105730949E-013
          12          35  -5.6860603852068968E-014
          12          36  -5.3266423796377800E-014
          12          37  -3.3158636182671566E-014
          12          38  -2.0331206183699310E-014
          12          39  -1.1402331546993890E-013
          13           1  -1.2000924819578288E-014
          13           2   8.6854368734315200E-014
          13           3  -2.0812120730036672E-013
          13           4  -1.3016994428659756E-013
          13           5   2.4759483846014063E-013
          13           6   1.3184787220050647E-013
          13           7   2.2175868806676137E-002
          13           8   2.7437749563121785E-005
          13           9   3.8743408704954310E-006
          13          10 -0.38555263602896961     
          13          11   2.1139597668278286E-002
          13          12   2.9850118299655417E-003
          13          13   8.6265541812732022E-002
          13          14   7.7030995527897314E-002
          13          15   1.0877143289656253E-002
          13          16  -3.4894397435455568E-002
          13          17  -2.4318561146958226E-002
          13          18  -3.4338966072161850E-003
          13          19   1.0824794539577492E-002
          13          20   6.6662055884979818E-003
          13          21   9.4129996487107414E-004
          13          22   2.3676936227042421E-013
          13          23  -5.4723452339831309E-014
          13          24  -1.7706207093990394E-014
          13          25  -5.8702917793096928E-014
          13          26  -3.6716295537081980E-014
          13          27  -9.8582033165322389E-014
          13          28  -1.2510038932442430E-013
          13          29   1.1421927552230243E-014
          13          30  -7.7185927558298097E-014
          13          31   1.2635881611008251E-014
          13          32   5.5418137300011463E-015
          13          33  -6.1778819266202521E-014
          13          34  -3.3830832154534766E-014
          13          35  -5.4412672952467524E-015
          13          36  -5.4296173775621024E-014
          13          37  -4.4765504320299668E-015
          13          38  -1.4959025975425031E-015
          13          39  -5.9428477778222360E-014
          14           1   4.8050216926501754E-014
          14           2   8.9220505511214588E-013
          14           3   9.7033287918418065E-013
          14           4   3.0821797878565560E-013
          14           5  -1.3436185183217555E-013
          14           6  -9.5324127437544452E-014
          14           7   2.7437749556284992E-005
          14           8   2.2643730302571365E-002
          14           9   6.6290705275991922E-005
          14          10   2.1139597668257029E-002
          14          11  -2.5085617151652639E-002
          14          12   5.1074117281618168E-002
          14          13   7.7030995527897314E-002
          14          14   1.3997783983404266     
          14          15  0.18610998003126347     
          14          16  -2.4318561146953070E-002
          14          17 -0.44956828941721549     
          14          18  -5.8754620765744614E-002
          14          19   6.6662055884964275E-003
          14          20  0.12449522920994265     
          14          21   1.6105820526623224E-002
          14          22  -2.2312616828812909E-012
          14          23   5.2216676505550577E-013
          14          24   1.2313358974627439E-013
          14          25   5.5568070634513619E-013
          14          26   3.1507115346666482E-013
          14          27   7.2327016831907980E-013
          14          28   3.5796037890596840E-013
          14          29  -9.7567735146280174E-014
          14          30  -7.4187961044280585E-014
          14          31  -9.8085666033603126E-014
          14          32  -5.1657751050832504E-014
          14          33  -1.8149245542032701E-013
          14          34  -8.3332985842800029E-014
          14          35   3.7439759248955302E-014
          14          36   7.7452143373314438E-014
          14          37   3.6169024699972315E-014
          14          38   1.9941376442965675E-014
          14          39   1.1505299089175571E-013
          15           1  -1.5599414487594953E-014
          15           2  -7.8408792137816319E-013
          15           3  -1.2215125627524686E-013
          15           4   1.3794149206095249E-013
          15           5  -5.0963803867022178E-013
          15           6  -2.5467246274434541E-013
          15           7   3.8743408623031231E-006
          15           8   6.6290705297952668E-005
          15           9   2.2183625778623806E-002
          15          10   2.9850118299402820E-003
          15          11   5.1074117281601820E-002
          15          12 -0.37957622511648481     
          15          13   1.0877143289656253E-002
          15          14  0.18610998003126347     
          15          15  0.10804310302725509     
          15          16  -3.4338966072130200E-003
          15          17  -5.8754620765739576E-002
          15          18  -4.1769538414713120E-002
          15          19   9.4129996487183698E-004
          15          20   1.6105820526620442E-002
          15          21   1.2709408639098812E-002
          15          22   4.8831673809818044E-013
          15          23  -9.7466803270491078E-014
          15          24   2.9345861978313541E-014
          15          25  -1.1099653405751199E-013
          15          26  -4.8227560452194853E-014
          15          27  -1.1302517789145284E-014
          15          28   1.3412018542484668E-013
          15          29   1.4829907524013531E-014
          15          30   2.1266351096473444E-013
          15          31   1.9698211986865877E-014
          15          32   1.1667203444465503E-014
          15          33   2.1886326108785770E-013
          15          34   1.1140583766517491E-013
          15          35  -3.4083722427514693E-015
          15          36   8.7618179322601413E-014
          15          37  -9.5423967760585736E-015
          15          38  -4.8334095779500344E-015
          15          39   8.4109897048483234E-014
          16           1  -1.3435661197072962E-014
          16           2  -1.9883740564617058E-013
          16           3  -5.3516962198807950E-013
          16           4  -2.1849727519974672E-013
          16           5   2.4954949553039605E-013
          16           6   1.3112792576338934E-013
          16           7  -1.2557922877339452E-002
          16           8  -8.6620533208767999E-006
          16           9  -1.2231231729715330E-006
          16          10  0.15776871448082652     
          16          11  -6.6737369158415020E-003
          16          12  -9.4236342416390798E-004
          16          13  -3.4894397435455568E-002
          16          14  -2.4318561146953070E-002
          16          15  -3.4338966072130200E-003
          16          16   1.4158305693697406E-002
          16          17   7.6773305629166330E-003
          16          18   1.0840756249162482E-003
          16          19  -4.3974238108073910E-003
          16          20  -2.1045103612005586E-003
          16          21  -2.9716688193428203E-004
          16          22  -7.9005345367937310E-013
          16          23   2.9969779518569733E-013
          16          24   5.4161561145076780E-013
          16          25   3.1285677549378174E-013
          16          26   1.7674899581703663E-013
          16          27   8.9607679023329062E-013
          16          28   1.0019869123057567E-013
          16          29  -5.4988429933332715E-014
          16          30  -1.4210774503250274E-013
          16          31  -5.7551394141905809E-014
          16          32  -3.1587709293830123E-014
          16          33  -2.0670732419886470E-013
          16          34  -1.1799891841929601E-013
          16          35   2.0649400653386471E-014
          16          36  -2.8092159397155115E-014
          16          37   2.1021439823083365E-014
          16          38   1.1358279122020436E-014
          16          39  -4.6581301536360475E-015
          17           1  -1.2248431798150880E-014
          17           2  -3.9580260771831615E-013
          17           3  -1.9868548068211900E-013
          17           4  -2.7272991969409329E-014
          17           5  -1.3815101031841186E-013
          17           6  -5.8840352426554047E-014
          17           7  -8.6620533162633181E-006
          17           8  -1.2705625997596639E-002
          17           9  -2.0927868818867824E-005
          17          10  -6.6737369158226785E-003
          17          11   4.3969857540749169E-002
          17          12  -1.6124016516069709E-002
          17          13  -2.4318561146958226E-002
          17          14 -0.44956828941721549     
          17          15  -5.8754620765739576E-002
          17          16   7.6773305629166330E-003
          17          17  0.14507018511440228     
          17          18   1.8548739088286571E-002
          17          19  -2.1045103612005872E-003
          17          20  -4.0282996847849417E-002
          17          21  -5.0845815845223770E-003
          17          22   2.0551397852664107E-012
          17          23  -5.5896563412442485E-013
          17          24  -4.6655600314174576E-013
          17          25  -5.9596370975837664E-013
          17          26  -3.3265589314622295E-013
          17          27  -1.0866665815863843E-012
          17          28  -2.9006470552416221E-013
          17          29   1.0246738927798749E-013
          17          30   1.6937492898618825E-013
          17          31   1.0734377496273455E-013
          17          32   5.8424410885186950E-014
          17          33   2.8141891003346293E-013
          17          34   1.4860762210723833E-013
          17          35  -3.8180172857470841E-014
          17          36  -2.0661935762090556E-014
          17          37  -3.9201129705013932E-014
          17          38  -2.1649653384152826E-014
          17          39  -6.1072567986190974E-014
          18           1  -3.2541060527340932E-016
          18           2   1.1984250626140423E-013
          18           3  -3.9151571862587170E-013
          18           4  -2.2685626202807472E-013
          18           5   4.1593193572470484E-013
          18           6   2.1468581895299368E-013
          18           7  -1.2231231688888717E-006
          18           8  -2.0927868843104387E-005
          18           9  -1.2560371740891606E-002
          18          10  -9.4236342414095455E-004
          18          11  -1.6124016516045770E-002
          18          12  0.15588197118717889     
          18          13  -3.4338966072161850E-003
          18          14  -5.8754620765744614E-002
          18          15  -4.1769538414713120E-002
          18          16   1.0840756249162482E-003
          18          17   1.8548739088286571E-002
          18          18   1.6328776621045243E-002
          18          19  -2.9716688193499158E-004
          18          20  -5.0845815845218609E-003
          18          21  -4.9923934448297038E-003
          18          22  -8.6985608231374670E-014
          18          23   5.2132029095367700E-014
          18          24   1.6382614707233232E-013
          18          25   6.1001932029945587E-014
          18          26   2.8565195458056956E-014
          18          27   1.7602556847601215E-013
          18          28  -1.1661768203395938E-013
          18          29  -8.3035860875361504E-015
          18          30  -1.6021559383747852E-013
          18          31  -1.0841052018899988E-014
          18          32  -6.3251666178806684E-015
          18          33  -1.6191823878935346E-013
          18          34  -9.0510011275462821E-014
          18          35   2.2203418329344921E-015
          18          36  -7.6577735184816174E-014
          18          37   4.9468853146437097E-015
          18          38   2.5666918323780145E-015
          18          39  -7.5452819336972071E-014
          19           1  -2.7568109242843880E-016
          19           2   7.6875461583174751E-014
          19           3   1.3043145317350756E-013
          19           4   4.4368575636293845E-014
          19           5  -4.9434576347276949E-014
          19           6  -2.5956537346385765E-014
          19           7   4.1884668643912149E-003
          19           8   2.3744426308659632E-006
          19           9   3.3528260202969002E-007
          19          10  -4.9184036589433558E-002
          19          11   1.8294052043435509E-003
          19          12   2.5832072409177193E-004
          19          13   1.0824794539577492E-002
          19          14   6.6662055884964275E-003
          19          15   9.4129996487183698E-004
          19          16  -4.3974238108073910E-003
          19          17  -2.1045103612005872E-003
          19          18  -2.9716688193499158E-004
          19          19   1.3664483391448237E-003
          19          20   5.7688851927176459E-004
          19          21   8.1459405311881883E-005
          19          22   2.8878970943316847E-013
          19          23  -1.0039515413339810E-013
          19          24  -1.4401729895817978E-013
          19          25  -1.0045126703180077E-013
          19          26  -5.9001288808209993E-014
          19          27  -2.7442404762670888E-013
          19          28  -4.4408155574877154E-014
          19          29   1.8406803865738331E-014
          19          30   3.4334725749180083E-014
          19          31   1.8468474006657739E-014
          19          32   1.0552497101454416E-014
          19          33   5.8083390154264008E-014
          19          34   3.2414925716623133E-014
          19          35  -6.9005245923778929E-015
          19          36   3.2135676840882928E-015
          19          37  -6.7478644283443458E-015
          19          38  -3.8004734327685004E-015
          19          39  -5.4126430430904476E-015
          20           1  -9.1650601757119500E-016
          20           2   2.7296753432310719E-014
          20           3   7.2355940428351805E-014
          20           4   3.2489388418476484E-014
          20           5  -3.7995473545140855E-014
          20           6  -2.1286246862093420E-014
          20           7   2.3744426246534331E-006
          20           8   4.2289552534806873E-003
          20           9   5.7367487874236525E-006
          20          10   1.8294052043394747E-003
          20          11  -1.7989486405553291E-002
          20          12   4.4199164728164729E-003
          20          13   6.6662055884979818E-003
          20          14  0.12449522920994265     
          20          15   1.6105820526620442E-002
          20          16  -2.1045103612005586E-003
          20          17  -4.0282996847849417E-002
          20          18  -5.0845815845218609E-003
          20          19   5.7688851927176459E-004
          20          20   1.1203403991262701E-002
          20          21   1.3937858399219708E-003
          20          22  -4.3357440694354385E-013
          20          23   1.2128430436733993E-013
          20          24   1.0581213241632380E-013
          20          25   1.2733304217906296E-013
          20          26   7.0075989945947433E-014
          20          27   2.4119253846441106E-013
          20          28   8.6584917286215233E-014
          20          29  -2.2321133059867466E-014
          20          30  -1.1866467935771143E-014
          20          31  -2.2902071790412754E-014
          20          32  -1.2153658129800469E-014
          20          33  -3.6308750364895472E-014
          20          34  -1.9190481470098325E-014
          20          35   8.3751412302839209E-015
          20          36   1.7187168937556029E-014
          20          37   8.3285476992583024E-015
          20          38   4.5099639187452652E-015
          20          39   2.5956383831023891E-014
          21           1  -1.2193984844805170E-016
          21           2  -7.5533825951093641E-014
          21           3   1.5156282365692902E-013
          21           4   9.5004487395003789E-014
