           1           1   2.1561447661007263     
           1           2   1.6867970330701914     
           1           3   4.1778960635540257     
           1           4   1.6442311018748743     
           1           5  -2.8037296766338833     
           1           6  -1.6902190513589423     
           1           7  -3.4664995008988386E-014
           1           8  -5.8609696216007730E-014
           1           9  -1.1705208688241206E-015
           1          10   3.1917640787431186E-014
           1          11   2.7888531806490552E-015
           1          12  -2.2302909158923145E-014
           1          13   1.4043258618814675E-014
           1          14   1.3800185688977392E-014
           1          15  -3.3610680870277812E-014
           1          16   9.0358663894060332E-015
           1          17  -2.4902363326440699E-016
           1          18   2.3670032991715012E-014
           1          19  -5.8876399199915390E-015
           1          20   1.8282512212299874E-015
           1          21  -1.1076138595565738E-015
           1          22  -1.2950451868378423     
           1          23   1.6579708235151496E-014
           1          24  -1.2950451868377926     
           1          25  -1.0206438567236963E-014
           1          26   7.2346400929598727E-015
           1          27  -1.2950451868378074     
           1          28   1.0193600151712849     
           1          29  -4.5251272423074946E-015
           1          30   1.0193600151712556     
           1          31  -6.3630797992102194E-015
           1          32  -1.0358706020067920E-014
           1          33   1.0193600151712683     
           1          34  0.62297280629017049     
           1          35  -3.8950043321175421E-015
           1          36  0.62297280629016916     
           1          37  -8.1169376051410745E-016
           1          38   1.0041542061782743E-014
           1          39  0.62297280629020224     
           2           1   1.6867970330701914     
           2           2   21.285560417806472     
           2           3   45.612611509650058     
           2           4   16.573811680866413     
           2           5  -25.562392224421046     
           2           6  -15.545325588897260     
           2           7  -4.2464670608634786E-012
           2           8  -6.2277938251360626E-012
           2           9  -4.0054493408442994E-013
           2          10   6.8789628822152142E-013
           2          11   5.6306008080451787E-013
           2          12  -2.0759765613290154E-013
           2          13   6.5033648265858344E-015
           2          14  -5.1634538497608303E-014
           2          15  -3.9866919435841991E-013
           2          16   1.7435970495838777E-013
           2          17   9.3988916395327840E-014
           2          18   2.4115876806377543E-013
           2          19  -1.0309069754901986E-013
           2          20  -7.4734755309296546E-015
           2          21  -2.1287254459398442E-014
           2          22  -15.480028584040383     
           2          23   2.1475973613377847E-013
           2          24  -15.480028584039880     
           2          25  -1.2631086591890157E-013
           2          26   5.6359400153851820E-014
           2          27  -15.480028584039923     
           2          28   9.1869964290071753     
           2          29  -4.6712993530227084E-015
           2          30   9.1869964290068893     
           2          31  -5.5363814157399105E-014
           2          32  -8.0986073192458645E-014
           2          33   9.1869964290070367     
           2          34   5.7390182398283098     
           2          35  -6.5645299489614609E-014
           2          36   5.7390182398282725     
           2          37  -2.3998592905737420E-014
           2          38   9.2712857284696013E-014
           2          39   5.7390182398285887     
           3           1   4.1778960635540257     
           3           2   45.612611509650058     
           3           3   113.88658444465521     
           3           4   42.981499356162047     
           3           5  -70.653212490074466     
           3           6  -42.772056107568595     
           3           7   8.5769203003278527E-013
           3           8   1.0577395168595076E-012
           3           9   9.3559357017414758E-014
           3          10   9.8687664410176644E-013
           3          11  -1.3028369370351167E-013
           3          12  -6.9513427795836444E-013
           3          13   3.2704512783874847E-013
           3          14   4.8382167571388293E-013
           3          15  -7.9891959352226983E-013
           3          16   2.1209770124306855E-013
           3          17  -1.4908576497708999E-013
           3          18   5.6363386447483444E-013
           3          19  -1.0070101208425232E-013
           3          20   7.1284420341866883E-014
           3          21  -3.6505469821852938E-014
           3          22  -35.677393361287542     
           3          23   3.8356807027659125E-013
           3          24  -35.677393361286207     
           3          25  -2.9164680897909169E-013
           3          26   2.6437592519931822E-013
           3          27  -35.677393361286519     
           3          28   25.553860565063403     
           3          29  -5.1717755908358817E-014
           3          30   25.553860565062699     
           3          31  -1.9785375743680933E-013
           3          32  -2.7370760496718109E-013
           3          33   25.553860565062958     
           3          34   15.782043783495523     
           3          35  -1.1202467322498633E-013
           3          36   15.782043783495439     
           3          37   5.3525299921079336E-015
           3          38   2.8016871350466273E-013
           3          39   15.782043783496349     
           4           1   1.6442311018748743     
           4           2   16.573811680866413     
           4           3   42.981499356162047     
           4           4   16.368772416566834     
           4           5  -27.225591156842736     
           4           6  -16.466701734062244     
           4           7   1.4047270210404333E-012
           4           8   1.9605467921447362E-012
           4           9   1.2349393534207739E-013
           4          10   2.8180091456056496E-013
           4          11  -2.8669269051163324E-013
           4          12  -2.9008308895765095E-013
           4          13   1.3284374057624474E-013
           4          14   2.5629124093311379E-013
           4          15  -2.6053530245740838E-013
           4          16   6.7507792382777337E-014
           4          17  -1.0073678782472675E-013
           4          18   2.0034982909438565E-013
           4          19  -2.7026862808991875E-014
           4          20   3.8902268604145993E-014
           4          21  -8.4948263944972083E-015
           4          22  -13.274938534071781     
           4          23   7.9131445039131992E-014
           4          24  -13.274938534071140     
           4          25  -1.0361765386361516E-013
           4          26   1.1539305761757012E-013
           4          27  -13.274938534071469     
           4          28   9.8592747057753094     
           4          29  -1.5235604612032125E-014
           4          30   9.8592747057750163     
           4          31  -7.9942467834059709E-014
           4          32  -1.1268302115337863E-013
           4          33   9.8592747057751424     
           4          34   6.0749840816435521     
           4          35  -4.1606956902230470E-014
           4          36   6.0749840816435317     
           4          37   7.6023573147834100E-015
           4          38   1.1125467533883616E-013
           4          39   6.0749840816438754     
           5           1  -2.8037296766338833     
           5           2  -25.562392224421046     
           5           3  -70.653212490074466     
           5           4  -27.225591156842736     
           5           5   46.424771645956426     
           5           6   28.039818215573796     
           5           7  -4.4270935332420820E-012
           5           8  -6.2912757933694315E-012
           5           9  -4.3162243170044783E-013
           5          10  -4.0066133485320540E-013
           5          11   8.4807454400903924E-013
           5          12   5.3586627068216859E-013
           5          13  -1.7664690176946036E-013
           5          14  -5.3936466261228321E-013
           5          15   3.2400752208869016E-013
           5          16  -9.3962644827605110E-014
           5          17   2.3352448741858189E-013
           5          18  -3.0412545737801802E-013
           5          19   1.6212418463362477E-014
           5          20  -7.6190889322480620E-014
           5          21   1.1469732803389831E-014
           5          22   20.849765723055913     
           5          23   2.9390594800208961E-013
           5          24   20.849765723055295     
           5          25   6.3269150731602206E-014
           5          26  -2.1567463589869774E-013
           5          27   20.849765723055032     
           5          28  -16.845367167301472     
           5          29  -4.2190488632337972E-014
           5          30  -16.845367167301099     
           5          31   1.6531386914705840E-013
           5          32   1.8950408278186593E-013
           5          33  -16.845367167301127     
           5          34  -10.343952968106889     
           5          35   8.0308850567604233E-014
           5          36  -10.343952968106819     
           5          37  -3.4660671085686134E-014
           5          38  -1.8858716579933335E-013
           5          39  -10.343952968107457     
           6           1  -1.6902190513589423     
           6           2  -15.545325588897260     
           6           3  -42.772056107568595     
           6           4  -16.466701734062244     
           6           5   28.039818215573796     
           6           6   16.937179114084891     
           6           7  -2.4305446831614915E-012
           6           8  -3.4346327866862876E-012
           6           9   1.9178466642470787E-014
           6          10  -2.8017636956638500E-013
           6          11   2.7529716995187094E-013
           6          12   2.6534450171108831E-013
           6          13  -1.3625304514701954E-013
           6          14  -2.6915210079975998E-013
           6          15   2.4930402455449524E-013
           6          16  -4.9337740999024101E-014
           6          17   1.1520426672134843E-013
           6          18  -2.0373210631437371E-013
           6          19   8.7574693097001571E-015
           6          20  -3.8076094682409266E-014
           6          21   1.2807820233623160E-014
           6          22   12.650368526462804     
           6          23  -1.9691287264428187E-013
           6          24   12.650368526461863     
           6          25   6.4047268522774261E-014
           6          26  -1.5821985984655550E-013
           6          27   12.650368526464298     
           6          28  -10.173023017042739     
           6          29   4.0076060570415811E-014
           6          30  -10.173023017042414     
           6          31   9.5009462978704409E-014
           6          32   1.1916061921344992E-013
           6          33  -10.173023017042890     
           6          34  -6.2482342938171422     
           6          35   2.4994322482291720E-014
           6          36  -6.2482342938171369     
           6          37  -1.8726941505542920E-014
           6          38  -1.1558061632143193E-013
           6          39  -6.2482342938173536     
           7           1  -3.4664995008988386E-014
           7           2  -4.2464670608634786E-012
           7           3   8.5769203003278527E-013
           7           4   1.4047270210404333E-012
           7           5  -4.4270935332420820E-012
           7           6  -2.4305446831614915E-012
           7           7   2.0005488656828554     
           7           8  -2.0835947610530431E-006
           7           9  -1.0256441140681188E-005
           7          10   5.2740472974101222E-003
           7          11  -1.9073450478860108E-004
           7          12  -9.3888565020393440E-004
           7          13   3.1158751368959473E-002
           7          14  -5.2107192358256537E-004
           7          15  -2.5649630218651303E-003
           7          16  -1.7304177456322165E-002
           7          17   1.7023532817856416E-004
           7          18   8.3797898527332578E-004
           7          19   5.7341956345836557E-003
           7          20  -4.6940079404478904E-005
           7          21  -2.3106132274437052E-004
           7          22   8.3971859447818044E-013
           7          23  -9.0069646173545722E-015
           7          24   8.4677130611958333E-013
           7          25   5.6790345532726599E-015
           7          26   8.7430849264272150E-015
           7          27   8.4352878896761313E-013
           7          28   1.6661434683827603E-012
           7          29   4.4604806017961820E-015
           7          30   1.6656071026384830E-012
           7          31   1.7551250907042452E-015
           7          32  -3.9382736685966765E-015
           7          33   1.6643280448384208E-012
           7          34   8.9914531835253546E-013
           7          35  -2.9514411196890124E-015
           7          36   8.9887243790274222E-013
           7          37  -3.3778502446595199E-015
           7          38   3.0620571777330564E-015
           7          39   8.9616353542816683E-013
           8           1  -5.8609696216007730E-014
           8           2  -6.2277938251360626E-012
           8           3   1.0577395168595076E-012
           8           4   1.9605467921447362E-012
           8           5  -6.2912757933694315E-012
           8           6  -3.4346327866862876E-012
           8           7  -2.0835947610530431E-006
           8           8   2.0005555314674415     
           8           9  -2.9421517131587014E-006
           8          10  -1.9073450478641294E-004
           8          11   5.8842403859875993E-003
           8          12  -2.6932773124821674E-004
           8          13  -5.2107192357173093E-004
           8          14   3.2825751719909452E-002
           8          15  -7.3578254316447969E-004
           8          16   1.7023532815669368E-004
           8          17  -1.7848790088397098E-002
           8          18   2.4038175352242107E-004
           8          19  -4.6940079393936827E-005
           8          20   5.8843651702901976E-003
           8          21  -6.6282003376108190E-005
           8          22   1.2792219817950749E-012
           8          23  -3.5668448228027685E-015
           8          24   1.2857968454387062E-012
           8          25   2.3744276729775171E-014
           8          26   1.4198533850363028E-014
           8          27   1.2267905947667540E-012
           8          28   2.3652827086775153E-012
           8          29   8.4406022266335632E-015
           8          30   2.3692411374187311E-012
           8          31  -2.5152160441764550E-015
           8          32  -1.1063838648694578E-014
           8          33   2.3751695688781583E-012
           8          34   1.2772983900366755E-012
           8          35  -7.2689207044176121E-015
           8          36   1.2676261382461235E-012
           8          37  -8.0990037122629037E-015
           8          38   8.5174227783099568E-015
           8          39   1.2597663860416199E-012
           9           1  -1.1705208688241206E-015
           9           2  -4.0054493408442994E-013
           9           3   9.3559357017414758E-014
           9           4   1.2349393534207739E-013
           9           5  -4.3162243170044783E-013
           9           6   1.9178466642470787E-014
           9           7  -1.0256441140681188E-005
           9           8  -2.9421517131587014E-006
           9           9   2.0005416464997556     
           9          10  -9.3888565020507683E-004
           9          11  -2.6932773126543035E-004
           9          12   4.6131955136055492E-003
           9          13  -2.5649630218512096E-003
           9          14  -7.3578254314691865E-004
           9          15   2.9353355378496256E-002
           9          16   8.3797898525571444E-004
           9          17   2.4038175352149923E-004
           9          18  -1.6714350668483948E-002
           9          19  -2.3106132273789599E-004
           9          20  -6.6282003379943596E-005
           9          21   5.5715589095760038E-003
           9          22   6.8518048488486369E-014
           9          23  -2.1613995458603898E-014
           9          24   4.3219589204617546E-014
           9          25   2.1697913337512619E-014
           9          26   1.0809046721028468E-014
           9          27   3.3145632159061287E-014
           9          28   1.1626143372976812E-013
           9          29   9.6497898670715276E-015
           9          30   1.2709466775878709E-013
           9          31  -2.9147944161707064E-015
           9          32  -5.2130452252184899E-015
           9          33   1.2764064780085726E-013
           9          34   1.7441295842501503E-014
           9          35  -1.0343922518689565E-014
           9          36   7.4775913576722401E-015
           9          37  -4.5564611684689762E-017
           9          38   2.3015922221222685E-015
           9          39   2.9456736830619519E-015
          10           1   3.1917640787431186E-014
          10           2   6.8789628822152142E-013
          10           3   9.8687664410176644E-013
          10           4   2.8180091456056496E-013
          10           5  -4.0066133485320540E-013
          10           6  -2.8017636956638500E-013
          10           7   5.2740472974101222E-003
          10           8  -1.9073450478641294E-004
          10           9  -9.3888565020507683E-004
          10          10   1.8521114554935028     
          10          11  -1.7460041655364335E-002
          10          12  -8.5946601955236485E-002
          10          13 -0.11294975067704516     
          10          14  -4.7699484166411336E-002
          10          15 -0.23479947299322143     
          10          16   7.5679766904958146E-002
          10          17   1.5583524986118553E-002
          10          18   7.6709497347025410E-002
          10          19  -2.7735836875627112E-002
          10          20  -4.2969453406742067E-003
          10          21  -2.1151601932432929E-002
          10          22  -2.5520061661831756E-013
          10          23  -4.2123076350402513E-014
          10          24  -2.9114497872491380E-013
          10          25   3.1545701102793683E-015
          10          26   2.7828729072170510E-014
          10          27  -1.9652390266380449E-013
          10          28   1.3895262168637291E-013
          10          29   8.1624982825870551E-015
          10          30   1.5034261661200402E-013
          10          31   2.2722861436204692E-015
          10          32  -8.3751993668167469E-015
          10          33   1.3978967228070060E-013
          10          34   1.0370800244760411E-013
          10          35  -9.2432060308544433E-017
          10          36   1.0075141799006632E-013
          10          37   2.5114929464579782E-015
          10          38   3.5737598199602165E-016
          10          39   1.0294616474758595E-013
          11           1   2.7888531806490552E-015
          11           2   5.6306008080451787E-013
          11           3  -1.3028369370351167E-013
          11           4  -2.8669269051163324E-013
          11           5   8.4807454400903924E-013
          11           6   2.7529716995187094E-013
          11           7  -1.9073450478860108E-004
          11           8   5.8842403859875993E-003
          11           9  -2.6932773126543035E-004
          11          10  -1.7460041655364335E-002
          11          11   1.9079691869309232     
          11          12  -2.4654550113508401E-002
          11          13  -4.7699484166401164E-002
          11          14   3.9649253887860253E-002
          11          15  -6.7354325148905825E-002
          11          16   1.5583524986112651E-002
          11          17   2.5825340970343599E-002
          11          18   2.2004804186557203E-002
          11          19  -4.2969453406758911E-003
          11          20  -1.3989156107164554E-002
          11          21  -6.0675258586290540E-003
          11          22  -7.1266239360397198E-014
          11          23   9.4875388388644510E-015
          11          24  -8.7042383679860858E-014
          11          25   7.2297526574742443E-014
          11          26   6.4760029785715768E-014
          11          27  -3.2739177052871841E-013
          11          28  -3.0171460753802004E-013
          11          29  -1.0380665446628382E-014
          11          30  -2.8792575649999044E-013
          11          31  -1.7352558992155166E-014
          11          32  -4.2520846173682853E-015
          11          33  -2.3810160793236883E-013
          11          34  -1.0520595755655881E-013
          11          35   3.4693074705027411E-015
          11          36  -1.1201513874049530E-013
          11          37   5.6956987975831858E-015
          11          38   5.4666903806878256E-015
          11          39  -1.3803743122317865E-013
          12           1  -2.2302909158923145E-014
          12           2  -2.0759765613290154E-013
          12           3  -6.9513427795836444E-013
          12           4  -2.9008308895765095E-013
          12           5   5.3586627068216859E-013
          12           6   2.6534450171108831E-013
          12           7  -9.3888565020393440E-004
          12           8  -2.6932773124821674E-004
          12           9   4.6131955136055492E-003
          12          10  -8.5946601955236485E-002
          12          11  -2.4654550113508401E-002
          12          12   1.7916163726245604     
          12          13 -0.23479947299321821     
          12          14  -6.7354325148913485E-002
          12          15 -0.27821764089223838     
          12          16   7.6709497347018513E-002
          12          17   2.2004804186552908E-002
          12          18  0.12967314527329737     
          12          19  -2.1151601932436249E-002
          12          20  -6.0675258586210092E-003
          12          21  -4.2623777557446618E-002
          12          22   2.3500698119062086E-013
          12          23  -9.5310795903941640E-014
          12          24   8.8712912460294950E-014
          12          25   5.5087829379051857E-014
          12          26   1.3709560392120547E-014
          12          27   1.0409296729919401E-013
          12          28  -1.9058486219231626E-013
          12          29   1.3610169815228681E-014
          12          30  -1.7056202662833002E-013
          12          31  -1.0873716779183225E-014
          12          32   2.6714494328962099E-015
          12          33  -1.7914811783857225E-013
          12          34  -9.9104495709621412E-014
          12          35  -5.7874022295182763E-015
          12          36  -1.0773221009506438E-013
          12          37   4.4404513659967214E-016
          12          38  -3.3423598491627160E-016
          12          39  -1.0385064109608687E-013
          13           1   1.4043258618814675E-014
          13           2   6.5033648265858344E-015
          13           3   3.2704512783874847E-013
          13           4   1.3284374057624474E-013
          13           5  -1.7664690176946036E-013
          13           6  -1.3625304514701954E-013
          13           7   3.1158751368959473E-002
          13           8  -5.2107192357173093E-004
          13           9  -2.5649630218512096E-003
          13          10 -0.11294975067704516     
          13          11  -4.7699484166401164E-002
          13          12 -0.23479947299321821     
          13          13   1.0652005415082284     
          13          14 -0.13031130364124663     
          13          15 -0.64145401055655427     
          13          16 -0.35840153256706431     
          13          17   4.2572985678058575E-002
          13          18  0.20956441721845709     
          13          19  0.10066174513712912     
          13          20  -1.1738922523033338E-002
          13          21  -5.7784541491050459E-002
          13          22  -1.4084531211340358E-013
          13          23  -4.7435386921395320E-015
          13          24  -1.5363017153000537E-013
          13          25   3.2183657253440868E-015
          13          26  -3.8662801035418847E-015
          13          27  -1.6025666765743871E-013
          13          28   4.4402070056664729E-014
          13          29  -5.0679592763752360E-015
          13          30   6.0357236730705549E-014
          13          31   3.1803885846881028E-015
          13          32  -1.1028785459788479E-014
          13          33   8.6370998639620538E-014
          13          34   5.6193465880568036E-014
          13          35   8.1227368381776703E-015
          13          36   5.0778334687418400E-014
          13          37   3.6301363067986290E-015
          13          38   6.7009576272658968E-015
          13          39   3.5515678309459851E-014
          14           1   1.3800185688977392E-014
          14           2  -5.1634538497608303E-014
          14           3   4.8382167571388293E-013
          14           4   2.5629124093311379E-013
          14           5  -5.3936466261228321E-013
          14           6  -2.6915210079975998E-013
          14           7  -5.2107192358256537E-004
          14           8   3.2825751719909452E-002
          14           9  -7.3578254314691865E-004
          14          10  -4.7699484166411336E-002
          14          11   3.9649253887860253E-002
          14          12  -6.7354325148913485E-002
          14          13 -0.13031130364124663     
          14          14   1.4820892262963858     
          14          15 -0.18400680991454757     
          14          16   4.2572985678053656E-002
          14          17 -0.49459997054517602     
          14          18   6.0115424097995425E-002
          14          19  -1.1738922523029421E-002
          14          20  0.13821661439796618     
          14          21  -1.6576011634747267E-002
          14          22  -9.6088540534805204E-014
          14          23  -1.0934030497877504E-014
          14          24  -1.1700353731297875E-013
          14          25  -1.3421019800207941E-014
          14          26  -1.9584788928350345E-014
          14          27  -4.8225445537597814E-014
          14          28   1.8716390205659038E-013
          14          29   4.7553431629393169E-015
          14          30   1.9189610962996539E-013
          14          31   3.3981313982064569E-015
          14          32  -1.1469843974833893E-015
          14          33   1.8333306968885077E-013
          14          34   1.0330742384690797E-013
          14          35   5.6168093776452529E-016
          14          36   1.0122185963360858E-013
          14          37  -2.7195997265270453E-017
          14          38  -7.1058826057288528E-016
          14          39   1.0511988081959580E-013
          15           1  -3.3610680870277812E-014
          15           2  -3.9866919435841991E-013
          15           3  -7.9891959352226983E-013
          15           4  -2.6053530245740838E-013
          15           5   3.2400752208869016E-013
          15           6   2.4930402455449524E-013
          15           7  -2.5649630218651303E-003
          15           8  -7.3578254316447969E-004
          15           9   2.9353355378496256E-002
          15          10 -0.23479947299322143     
          15          11  -6.7354325148905825E-002
          15          12 -0.27821764089223838     
          15          13 -0.64145401055655427     
          15          14 -0.18400680991454757     
          15          15  0.61370144041009156     
          15          16  0.20956441721844876     
          15          17   6.0115424097993003E-002
          15          18 -0.21089579647511109     
          15          19  -5.7784541491051396E-002
          15          20  -1.6576011634749394E-002
          15          21   5.9989042010770467E-002
          15          22   2.7874769295354087E-013
          15          23   5.8110670991203485E-014
          15          24   3.5833930915929829E-013
          15          25  -2.2419506098855007E-014
          15          26  -5.3759541956015523E-015
          15          27   3.1632622402118045E-013
          15          28  -9.9745425835603704E-014
          15          29  -5.3328933744059688E-015
          15          30  -1.2360083318137512E-013
          15          31   1.1610909527738033E-015
          15          32   8.9942695254884313E-015
          15          33  -1.3454666468338244E-013
          15          34  -9.6556406570354157E-014
          15          35  -3.3915400247527677E-015
          15          36  -8.7957817203256822E-014
          15          37  -3.7906252151846920E-015
          15          38  -4.7869752791462186E-015
          15          39  -7.9610684757715444E-014
          16           1   9.0358663894060332E-015
          16           2   1.7435970495838777E-013
          16           3   2.1209770124306855E-013
          16           4   6.7507792382777337E-014
          16           5  -9.3962644827605110E-014
          16           6  -4.9337740999024101E-014
          16           7  -1.7304177456322165E-002
          16           8   1.7023532815669368E-004
          16           9   8.3797898525571444E-004
          16          10   7.5679766904958146E-002
          16          11   1.5583524986112651E-002
          16          12   7.6709497347018513E-002
          16          13 -0.35840153256706431     
          16          14   4.2572985678053656E-002
          16          15  0.20956441721844876     
          16          16  0.12138506676060265     
          16          17  -1.3908686805357834E-002
          16          18  -6.8465149864766151E-002
          16          19  -3.4228423192683335E-002
          16          20   3.8351314620007440E-003
          16          21   1.8878335098880136E-002
          16          22  -7.3796048807513165E-014
          16          23   8.5385927919577130E-015
          16          24  -7.6339107068489367E-014
          16          25   3.0197672838022562E-015
          16          26  -7.7585114732569513E-016
          16          27  -7.4280923062775258E-014
          16          28   3.8763854878589394E-014
          16          29   4.6957069822992030E-016
          16          30   3.4736999963426164E-014
          16          31  -1.7382265409657408E-015
          16          32   3.9886592255683811E-015
          16          33   2.6203988580172921E-014
          16          34   1.6515459178605829E-014
          16          35  -2.2034256951702922E-015
          16          36   1.7874579284335118E-014
          16          37  -8.8833006614197770E-016
          16          38  -2.4111433467547372E-015
          16          39   2.2893620284231682E-014
          17           1  -2.4902363326440699E-016
          17           2   9.3988916395327840E-014
          17           3  -1.4908576497708999E-013
          17           4  -1.0073678782472675E-013
          17           5   2.3352448741858189E-013
          17           6   1.1520426672134843E-013
          17           7   1.7023532817856416E-004
          17           8  -1.7848790088397098E-002
          17           9   2.4038175352149923E-004
          17          10   1.5583524986118553E-002
          17          11   2.5825340970343599E-002
          17          12   2.2004804186552908E-002
          17          13   4.2572985678058575E-002
          17          14 -0.49459997054517602     
          17          15   6.0115424097993003E-002
          17          16  -1.3908686805357834E-002
          17          17  0.16588139200172536     
          17          18  -1.9639839504635340E-002
          17          19   3.8351314619998124E-003
          17          20  -4.6497680475109791E-002
          17          21   5.4154189713892763E-003
          17          22   3.9223225398587752E-014
          17          23  -1.7038443721196483E-014
          17          24   8.8175916373728631E-015
          17          25   1.7210742051933458E-014
          17          26   8.0587118735397475E-015
          17          27  -9.5128501456455453E-017
          17          28  -8.5906125693277829E-014
          17          29   1.8618398611869362E-015
          17          30  -8.0671719778223070E-014
          17          31  -3.4840952770315433E-015
          17          32   2.9311804305911205E-016
          17          33  -8.0130471118338784E-014
          17          34  -4.2675735460758198E-014
          17          35  -1.4406385700863727E-015
          17          36  -4.4476664673081227E-014
          17          37   8.8552306235912303E-016
          17          38   3.3495107108873105E-016
          17          39  -4.5071765543657246E-014
          18           1   2.3670032991715012E-014
          18           2   2.4115876806377543E-013
          18           3   5.6363386447483444E-013
          18           4   2.0034982909438565E-013
          18           5  -3.0412545737801802E-013
          18           6  -2.0373210631437371E-013
          18           7   8.3797898527332578E-004
          18           8   2.4038175352242107E-004
          18           9  -1.6714350668483948E-002
          18          10   7.6709497347025410E-002
          18          11   2.2004804186557203E-002
          18          12  0.12967314527329737     
          18          13  0.20956441721845709     
          18          14   6.0115424097995425E-002
          18          15 -0.21089579647511109     
          18          16  -6.8465149864766151E-002
          18          17  -1.9639839504635340E-002
          18          18   7.3194622688600650E-002
          18          19   1.8878335098881097E-002
          18          20   5.4154189713903414E-003
          18          21  -2.0940562820622580E-002
          18          22  -1.7045050595392857E-013
          18          23  -3.0099020465612003E-014
          18          24  -2.1475992654299521E-013
          18          25   1.0433168096043213E-014
          18          26   4.1411366284367261E-015
          18          27  -1.8392080203481639E-013
          18          28   1.0389577954376301E-013
          18          29   3.5827224727251787E-015
          18          30   1.1485606169631659E-013
          18          31  -9.3426760637620308E-016
          18          32  -3.3041648376761400E-015
          18          33   1.1542947825945294E-013
          18          34   7.6877735808897777E-014
          18          35   4.8269802350056878E-016
          18          36   7.2906527965768456E-014
          18          37   1.3979445856856660E-015
          18          38   1.7205404886304462E-015
          18          39   7.1274462914035095E-014
          19           1  -5.8876399199915390E-015
          19           2  -1.0309069754901986E-013
          19           3  -1.0070101208425232E-013
          19           4  -2.7026862808991875E-014
          19           5   1.6212418463362477E-014
          19           6   8.7574693097001571E-015
          19           7   5.7341956345836557E-003
          19           8  -4.6940079393936827E-005
          19           9  -2.3106132273789599E-004
          19          10  -2.7735836875627112E-002
          19          11  -4.2969453406758911E-003
          19          12  -2.1151601932436249E-002
          19          13  0.10066174513712912     
          19          14  -1.1738922523029421E-002
          19          15  -5.7784541491051396E-002
          19          16  -3.4228423192683335E-002
          19          17   3.8351314619998124E-003
          19          18   1.8878335098881097E-002
          19          19   9.6748821242938071E-003
          19          20  -1.0574854072605935E-003
          19          21  -5.2054444751757382E-003
          19          22   3.7231744678381400E-014
          19          23   8.9454198387949678E-015
          19          24   6.2617382657432532E-014
          19          25  -8.8413023408691471E-015
          19          26  -2.3305497284476724E-015
          19          27   5.7420282450017173E-014
          19          28  -3.8250106598377637E-015
          19          29  -2.1354363873034799E-015
          19          30  -7.0765889749712352E-015
          19          31   1.8905537591132336E-015
          19          32  -6.5428074474863827E-016
          19          33  -3.8959049650598485E-015
          19          34  -3.7422718947879278E-015
          19          35   1.3377154898691905E-015
          19          36  -2.5273035061543236E-015
          19          37  -2.7776141600358667E-016
          19          38   5.1616236241760068E-016
          19          39  -4.2168098921568120E-015
          20           1   1.8282512212299874E-015
          20           2  -7.4734755309296546E-015
          20           3   7.1284420341866883E-014
          20           4   3.8902268604145993E-014
          20           5  -7.6190889322480620E-014
          20           6  -3.8076094682409266E-014
          20           7  -4.6940079404478904E-005
          20           8   5.8843651702901976E-003
          20           9  -6.6282003379943596E-005
          20          10  -4.2969453406742067E-003
          20          11  -1.3989156107164554E-002
          20          12  -6.0675258586210092E-003
          20          13  -1.1738922523033338E-002
          20          14  0.13821661439796618     
          20          15  -1.6576011634749394E-002
          20          16   3.8351314620007440E-003
          20          17  -4.6497680475109791E-002
          20          18   5.4154189713903414E-003
          20          19  -1.0574854072605935E-003
          20          20   1.3057963164056920E-002
          20          21  -1.4932282226016557E-003
          20          22  -1.7972170988245119E-014
          20          23  -6.2168696975261453E-015
          20          24  -2.0498076713123162E-014
          20          25  -2.7968971239715075E-015
          20          26  -4.7721109688630021E-015
          20          27  -2.5154474013242975E-014
          20          28   2.5955914839922453E-014
          20          29   1.4544840850997731E-015
          20          30   2.6404411506609339E-014
          20          31   6.3507705148926111E-016
          20          32   3.3357697640809546E-016
          20          33   2.7488299257968940E-014
          20          34   1.4760641263561584E-014
          20          35  -3.1952850714299194E-016
          20          36   1.4568074296320896E-014
          20          37  -1.2548721554687250E-016
          20          38  -2.5736653483930234E-016
          20          39   1.4308312479725980E-014
          21           1  -1.1076138595565738E-015
          21           2  -2.1287254459398442E-014
          21           3  -3.6505469821852938E-014
          21           4  -8.4948263944972083E-015
