           1           1  0.38089777341375969     
           1           2  0.30251775018695654     
           1           3  -1.0215873379365666E-002
           1           4   6.1268817495562251E-018
           1           5   2.9232709862595895E-017
           1           6   6.0819036361309392E-017
           1           7   3.0300137449211835E-017
           1           8  -4.4531141980599143E-017
           1           9  -1.6409581752196202E-016
           2           1  0.30251775018695654     
           2           2  0.24026653754881686     
           2           3  -8.1136810100578011E-003
           2           4   4.8661100481778682E-018
           2           5   2.3217288828554497E-017
           2           6   4.8303873986093967E-017
           2           7   2.4065064306726619E-017
           2           8  -3.5367654592701105E-017
           2           9  -1.3032866295573893E-016
           3           1  -1.0215873379365666E-002
           3           2  -8.1136810100578011E-003
           3           3   2.7399495662019528E-004
           3           4  -1.6432610672108407E-019
           3           5  -7.8403625155248919E-019
           3           6  -1.6311977068116101E-018
           3           7  -8.1266520616353340E-019
           3           8   1.1943480368371241E-018
           3           9   4.4011338760619268E-018
           4           1   6.1268817495562251E-018
           4           2   4.8661100481778682E-018
           4           3  -1.6432610672108407E-019
           4           4   9.8553162011445567E-035
           4           5   4.7021896437460502E-034
           4           6   9.7829672399508421E-034
           4           7   4.8738893242350151E-034
           4           8  -7.1629991071503040E-034
           4           9  -2.6395419971690975E-033
           5           1   2.9232709862595895E-017
           5           2   2.3217288828554497E-017
           5           3  -7.8403625155248919E-019
           5           4   4.7021896437460502E-034
           5           5   2.2435188272482592E-033
           5           6   4.6676703519123327E-033
           5           7   2.3254405477645376E-033
           5           8  -3.4176255264029675E-033
           5           9  -1.2593839497387063E-032
           6           1   6.0819036361309392E-017
           6           2   4.8303873986093967E-017
           6           3  -1.6311977068116101E-018
           6           4   9.7829672399508421E-034
           6           5   4.6676703519123327E-033
           6           6   9.7111494004460676E-033
           6           7   4.8381095661445950E-033
           6           8  -7.1104147421378804E-033
           6           9  -2.6201648287835522E-032
           7           1   3.0300137449211835E-017
           7           2   2.4065064306726619E-017
           7           3  -8.1266520616353340E-019
           7           4   4.8738893242350151E-034
           7           5   2.3254405477645376E-033
           7           6   4.8381095661445950E-033
           7           7   2.4103536264146716E-033
           7           8  -3.5424195596880293E-033
           7           9  -1.3053701472691827E-032
           8           1  -4.4531141980599143E-017
           8           2  -3.5367654592701105E-017
           8           3   1.1943480368371241E-018
           8           4  -7.1629991071503040E-034
           8           5  -3.4176255264029675E-033
           8           6  -7.1104147421378804E-033
           8           7  -3.5424195596880293E-033
           8           8   5.2061806198645638E-033
           8           9   1.9184607153256216E-032
           9           1  -1.6409581752196202E-016
           9           2  -1.3032866295573893E-016
           9           3   4.4011338760619268E-018
           9           4  -2.6395419971690975E-033
           9           5  -1.2593839497387063E-032
           9           6  -2.6201648287835522E-032
           9           7  -1.3053701472691827E-032
           9           8   1.9184607153256216E-032
           9           9   7.0694656697167030E-032
