           1           1   1.2392320665220273     
           1           2  0.50178548675580803     
           1           3  -5.7146344740566755E-002
           1           4  -2.1437995054612449E-017
           1           5  -3.9915302590191396E-017
           1           6  -2.7035637632472220E-017
           1           7   1.5932297559662197E-017
           1           8  -1.2403517453673974E-017
           1           9  -6.4405208658364939E-017
           2           1  0.50178548675580803     
           2           2  0.20318121320522464     
           2           3  -2.3139496779194101E-002
           2           4  -8.6805975040156875E-018
           2           5  -1.6162363838305777E-017
           2           6  -1.0947175235093529E-017
           2           7   6.4512498522982372E-018
           2           8  -5.0223886317303632E-018
           2           9  -2.6078730408379554E-017
           3           1  -5.7146344740566755E-002
           3           2  -2.3139496779194101E-002
           3           3   2.6352648591260889E-003
           3           4   9.8859857570968705E-019
           3           5   1.8406670581442465E-018
           3           6   1.2467300598203456E-018
           3           7  -7.3470707662450795E-019
           3           8   5.7197977969745387E-019
           3           9   2.9700024365965974E-018
           4           1  -2.1437995054612449E-017
           4           2  -8.6805975040156875E-018
           4           3   9.8859857570968705E-019
           4           4   3.7086486411818383E-034
           4           5   6.9051155360550262E-034
           4           6   4.6770082982914121E-034
           4           7  -2.7561949494354942E-034
           4           8   2.1457364848372841E-034
           4           9   1.1141727058309366E-033
           5           1  -3.9915302590191396E-017
           5           2  -1.6162363838305777E-017
           5           3   1.8406670581442465E-018
           5           4   6.9051155360550262E-034
           5           5   1.2856602277392896E-033
           5           6   8.7080998464439981E-034
           5           7  -5.1317464680823832E-034
           5           8   3.9951367118478030E-034
           5           9   2.0744729429073050E-033
           6           1  -2.7035637632472220E-017
           6           2  -1.0947175235093529E-017
           6           3   1.2467300598203456E-018
           6           4   4.6770082982914121E-034
           6           5   8.7080998464439981E-034
           6           6   5.8982148859795981E-034
           6           7  -3.4758608586093449E-034
           6           8   2.7060065043887684E-034
           6           9   1.4050926617951315E-033
           7           1   1.5932297559662197E-017
           7           2   6.4512498522982372E-018
           7           3  -7.3470707662450795E-019
           7           4  -2.7561949494354942E-034
           7           5  -5.1317464680823832E-034
           7           6  -3.4758608586093449E-034
           7           7   2.0483500418289580E-034
           7           8  -1.5946692810574129E-034
           7           9  -8.2803130782200675E-034
           8           1  -1.2403517453673974E-017
           8           2  -5.0223886317303632E-018
           8           3   5.7197977969745387E-019
           8           4   2.1457364848372841E-034
           8           5   3.9951367118478030E-034
           8           6   2.7060065043887684E-034
           8           7  -1.5946692810574129E-034
           8           8   1.2414724358721256E-034
           8           9   6.4463400462478603E-034
           9           1  -6.4405208658364939E-017
           9           2  -2.6078730408379554E-017
           9           3   2.9700024365965974E-018
           9           4   1.1141727058309366E-033
           9           5   2.0744729429073050E-033
           9           6   1.4050926617951315E-033
           9           7  -8.2803130782200675E-034
           9           8   6.4463400462478603E-034
           9           9   3.3472591731500313E-033
