           1           1   2.0012377827336643     
           1           2   2.1512205466247870E-002
           1           3  0.13679701651614556     
           1           4   4.4398983942620929E-002
           1           5   9.8513029645816014E-003
           1           6   1.8271065466177255E-003
           1           7   2.5845041925631589E-016
           1           8   9.0941386682267434E-015
           1           9   2.3009784460383816E-015
           1          10  -7.7034095540642315E-016
           1          11  -6.6988625167640230E-016
           1          12   1.0627830872725090E-015
           1          13  -1.9993528675260548E-015
           1          14  -7.8933614148952226E-017
           1          15  -8.3283958488337031E-018
           1          16  -4.7624073692448632E-016
           1          17  -1.7582148027504248E-015
           1          18  -5.5062127075651443E-017
           1          19  -3.8355964372726842E-002
           1          20  -6.3384138138420034E-016
           1          21  -3.8355964372727980E-002
           1          22  -2.9371327993327779E-017
           1          23   4.8351543126383332E-016
           1          24  -3.8355964372728139E-002
           1          25  -1.8543880946748130E-002
           1          26  -4.4506540542182857E-016
           1          27  -1.8543880946747193E-002
           1          28  -5.2119032295102783E-017
           1          29   2.1840963794037613E-016
           1          30  -1.8543880946747856E-002
           1          31  -9.0869340964387787E-004
           1          32   1.2848568571227678E-015
           1          33  -9.0869340964428867E-004
           1          34   4.5799349697221829E-017
           1          35  -1.0121954748702527E-015
           1          36  -9.0869340964404473E-004
           2           1   2.1512205466247870E-002
           2           2   2.3775954859782997     
           2           3   2.5840576085865905     
           2           4  0.76581658382056927     
           2           5  0.19242237342541990     
           2           6   8.3610089990588637E-002
           2           7  -1.2840708215666385E-013
           2           8   3.7270153838916917E-013
           2           9   1.0506566792924536E-013
           2          10   8.2937570421670678E-015
           2          11  -5.9751137069418411E-014
           2          12   2.5769191342269191E-014
           2          13  -1.5127463455116886E-015
           2          14   1.1168841202469668E-014
           2          15  -4.2660771189901324E-015
           2          16  -6.0183752687123889E-016
           2          17  -2.4931996910268977E-015
           2          18   1.6470602396123710E-015
           2          19 -0.68743390095038803     
           2          20   1.4506308249665664E-015
           2          21 -0.68743390095038048     
           2          22   6.1425397175418077E-016
           2          23   1.0160248242573904E-015
           2          24 -0.68743390095038914     
           2          25 -0.33713740219569754     
           2          26   1.2621206170962096E-016
           2          27 -0.33713740219570287     
           2          28   9.4980546281298591E-017
           2          29  -3.6793668086888052E-016
           2          30 -0.33713740219570343     
           2          31  -3.4717524121205552E-002
           2          32  -1.7308024287049401E-015
           2          33  -3.4717524121201035E-002
           2          34  -2.0403051120956235E-015
           2          35  -1.2455049774469161E-015
           2          36  -3.4717524121204393E-002
           3           1  0.13679701651614556     
           3           2   2.5840576085865905     
           3           3   15.846104126183121     
           3           4   5.0683338674193621     
           3           5   1.1453871987027873     
           3           6  0.54108167078264335     
           3           7   6.5258449586609906E-014
           3           8  -2.0226492423667441E-013
           3           9  -5.8775972077041578E-014
           3          10  -3.4580823114418361E-014
           3          11  -2.4551504849156410E-014
           3          12   1.3352333200698923E-013
           3          13   1.2616816133951248E-014
           3          14  -6.8846199139906717E-015
           3          15  -2.3411207321115814E-014
           3          16  -1.1212548320203891E-014
           3          17   7.8717995228732499E-016
           3          18   6.5108718767522877E-015
           3          19  -4.3790478695486659     
           3          20   3.2392557981050047E-015
           3          21  -4.3790478695486428     
           3          22  -3.7808497738996636E-015
           3          23   5.5165676343125693E-015
           3          24  -4.3790478695486774     
           3          25  -2.1474480631035555     
           3          26  -5.6666136458454938E-017
           3          27  -2.1474480631035662     
           3          28   8.6624559199493574E-015
           3          29   1.8327433770289101E-015
           3          30  -2.1474480631035706     
           3          31 -0.21461657896908126     
           3          32  -1.4504201095730336E-015
           3          33 -0.21461657896907327     
           3          34  -1.2608972576698174E-014
           3          35  -5.2303598108615892E-015
           3          36 -0.21461657896907821     
           4           1   4.4398983942620929E-002
           4           2  0.76581658382056927     
           4           3   5.0683338674193621     
           4           4   1.6229758726413230     
           4           5  0.36617398907031473     
           4           6  0.17320612600622587     
           4           7   2.8011991497975259E-014
           4           8  -9.6047460710450878E-014
           4           9  -2.6116797830548149E-014
           4          10  -1.6624692144008771E-014
           4          11  -1.6769021887845285E-014
           4          12   8.5306425557267296E-014
           4          13   5.1389488254867207E-015
           4          14  -7.7516764401015071E-016
           4          15  -1.5541711942393127E-014
           4          16  -3.9711455374388872E-015
           4          17  -2.7649501992002185E-016
           4          18   4.8621108153939574E-015
           4          19  -1.4014541521168291     
           4          20   6.8555065340027986E-016
           4          21  -1.4014541521168191     
           4          22  -7.7759632490465583E-016
           4          23   1.1545170191550107E-015
           4          24  -1.4014541521168322     
           4          25 -0.68726039360111857     
           4          26   3.0799344195154786E-017
           4          27 -0.68726039360112223     
           4          28   2.7337013461799016E-015
           4          29   7.0736073174779055E-016
           4          30 -0.68726039360112334     
           4          31  -6.8652944414947889E-002
           4          32  -4.2908412790256243E-016
           4          33  -6.8652944414945322E-002
           4          34  -4.0159647001519376E-015
           4          35  -1.6835283797418416E-015
           4          36  -6.8652944414946931E-002
           5           1   9.8513029645816014E-003
           5           2  0.19242237342541990     
           5           3   1.1453871987027873     
           5           4  0.36617398907031473     
           5           5   8.2807083520938685E-002
           5           6   3.9097144384717730E-002
           5           7   2.6269845282299860E-016
           5           8  -2.2370704176391355E-014
           5           9  -1.0444694033460338E-014
           5          10  -1.2589797271985781E-014
           5          11  -4.6396520195584801E-015
           5          12   3.9669302468702668E-015
           5          13   2.7639832739601470E-015
           5          14  -4.5431041694891940E-017
           5          15  -6.8997724429805808E-016
           5          16  -1.4482266337598259E-015
           5          17  -8.6788288869995914E-017
           5          18   1.3071528548588176E-016
           5          19 -0.31644917397124361     
           5          20   9.9920190825277032E-016
           5          21 -0.31644917397124950     
           5          22  -1.3833117987740747E-015
           5          23   1.8363454942121744E-015
           5          24 -0.31644917397124622     
           5          25 -0.15518407872803508     
           5          26  -1.2992814153377300E-016
           5          27 -0.15518407872803458     
           5          28   8.0671794186421400E-016
           5          29  -1.0742365777769971E-016
           5          30 -0.15518407872803586     
           5          31  -1.5512110769987323E-002
           5          32  -8.0897524055590067E-017
           5          33  -1.5512110769987018E-002
           5          34  -9.5265505950664746E-016
           5          35  -3.2587473911879399E-016
           5          36  -1.5512110769987167E-002
           6           1   1.8271065466177255E-003
           6           2   8.3610089990588637E-002
           6           3  0.54108167078264335     
           6           4  0.17320612600622587     
           6           5   3.9097144384717730E-002
           6           6   1.8490780382585885E-002
           6           7  -3.1633019100882601E-017
           6           8  -6.9760348237671009E-015
           6           9  -5.3869250875840388E-015
           6          10  -3.4883080296917680E-015
           6          11  -1.5818354816186145E-015
           6          12   5.4389259591547118E-017
           6          13   8.4329912537315682E-016
           6          14  -9.0213513128033268E-017
           6          15   1.4416250658561014E-017
           6          16  -5.2175427986065232E-016
           6          17  -2.5477632688968916E-017
           6          18  -5.7660333014706631E-017
           6          19 -0.14958941414041599     
           6          20   4.6709502498642049E-016
           6          21 -0.14958941414041876     
           6          22  -6.5452500776397457E-016
           6          23   8.6186512568546080E-016
           6          24 -0.14958941414041721     
           6          25  -7.3357701603712577E-002
           6          26  -6.0852236769352811E-017
           6          27  -7.3357701603712328E-002
           6          28   3.8559798711423165E-016
           6          29  -4.7790695761937188E-017
           6          30  -7.3357701603712938E-002
           6          31  -7.3303123744142638E-003
           6          32  -3.4571816198447712E-017
           6          33  -7.3303123744141302E-003
           6          34  -4.5018136135095043E-016
           6          35  -1.5128168185876357E-016
           6          36  -7.3303123744141926E-003
           7           1   2.5845041925631589E-016
           7           2  -1.2840708215666385E-013
           7           3   6.5258449586609906E-014
           7           4   2.8011991497975259E-014
           7           5   2.6269845282299860E-016
           7           6  -3.1633019100882601E-017
           7           7   1.9992306317002959     
           7           8   1.1877651640013198E-014
           7           9   5.1521287236511161E-016
           7          10   3.7509952229541066E-003
           7          11   1.8041124150158720E-016
           7          12   1.8041124150158779E-016
           7          13   1.9793794352174238E-002
           7          14  -1.5543122344752192E-015
           7          15  -7.8062556418956369E-017
           7          16  -8.6919353036528195E-003
           7          17  -9.5583263526322071E-016
           7          18   8.9294890925906145E-016
           7          19  -1.9384048719831334E-014
           7          20   6.3954072318922407E-015
           7          21  -1.8249839226921388E-014
           7          22   5.8889952077568284E-015
           7          23   1.7159369971080799E-015
           7          24  -2.2226789524466850E-014
           7          25  -9.5756181138160913E-015
           7          26  -2.6686646159907196E-015
           7          27  -4.4914126895942191E-015
           7          28   4.7465175856990208E-015
           7          29   4.7007183618142806E-015
           7          30  -2.7051137810109485E-015
           7          31   1.1946535688107314E-016
           7          32  -3.1256886748238213E-015
           7          33   3.2209128803457528E-016
           7          34  -2.7537223146434795E-015
           7          35   7.1950432166854294E-016
           7          36  -3.9048932091576642E-015
           8           1   9.0941386682267434E-015
           8           2   3.7270153838916917E-013
           8           3  -2.0226492423667441E-013
           8           4  -9.6047460710450878E-014
           8           5  -2.2370704176391355E-014
           8           6  -6.9760348237671009E-015
           8           7   1.1877651640013198E-014
           8           8   1.9992306317003101     
           8           9  -1.6323747908941753E-015
           8          10  -1.1685097334179774E-014
           8          11   3.7509952229339005E-003
           8          12  -1.5126788710517754E-015
           8          13  -1.6861512186494559E-015
           8          14   1.9793794352169769E-002
           8          15   9.7144514654701271E-017
           8          16   1.2946241301214911E-014
           8          17  -8.6919353036408881E-003
           8          18   2.5966642031027831E-015
           8          19   5.2534190567673743E-014
           8          20  -1.2022648353683479E-014
           8          21   5.7802885588780531E-014
           8          22  -6.6780149720577252E-015
           8          23  -8.2314485435375627E-015
           8          24   7.2043120926191146E-014
           8          25   4.0176319817961036E-014
           8          26   7.8567683128170037E-015
           8          27   2.8535970349501855E-014
           8          28  -1.0693814219263372E-014
           8          29  -1.3305608331157242E-014
           8          30   1.9973100856420707E-014
           8          31  -1.5010651477436496E-015
           8          32   1.2288183040217211E-014
           8          33   8.4143197407337928E-015
           8          34   5.9056638133205900E-015
           8          35  -8.1967209797866599E-015
           8          36   1.5036142062270621E-014
           9           1   2.3009784460383816E-015
           9           2   1.0506566792924536E-013
           9           3  -5.8775972077041578E-014
           9           4  -2.6116797830548149E-014
           9           5  -1.0444694033460338E-014
           9           6  -5.3869250875840388E-015
           9           7   5.1521287236511161E-016
           9           8  -1.6323747908941753E-015
           9           9   1.9992306317002964     
           9          10   1.0894063429134343E-015
           9          11   3.8163916471490348E-017
           9          12   3.7509952229490967E-003
           9          13  -1.1466522176206693E-015
           9          14  -4.5553838479150954E-015
           9          15   1.9793794352173849E-002
           9          16   2.2204460492503131E-016
           9          17   4.6319285212925720E-015
           9          18  -8.6919353036478027E-003
           9          19   1.6262844541213332E-014
           9          20   1.8758415466694962E-015
           9          21   1.6507165767756758E-014
           9          22  -2.3566053873982637E-015
           9          23   1.7759046323213430E-015
           9          24   1.7108116639857113E-014
           9          25   1.4603726396615995E-014
           9          26  -2.1756794197807953E-015
           9          27   1.0979780502115106E-014
           9          28   1.1848063508117419E-015
           9          29  -5.0398505205717214E-015
           9          30   1.2130695794373745E-014
           9          31   1.2818212688140740E-015
           9          32   2.1917826978037795E-015
           9          33   3.7617096258750442E-015
           9          34   1.5388473383913624E-015
           9          35  -8.8270142517413638E-016
           9          36   1.2054248670872049E-015
          10           1  -7.7034095540642315E-016
          10           2   8.2937570421670678E-015
          10           3  -3.4580823114418361E-014
          10           4  -1.6624692144008771E-014
          10           5  -1.2589797271985781E-014
          10           6  -3.4883080296917680E-015
          10           7   3.7509952229541066E-003
          10           8  -1.1685097334179774E-014
          10           9   1.0894063429134343E-015
          10          10   2.1677173635882161     
          10          11   1.7763568394002451E-015
          10          12  -3.8857805861880597E-016
          10          13 -0.40734614750518405     
          10          14  -1.0297318553398327E-014
          10          15  -4.1217029789208937E-015
          10          16  0.14108729292230859     
          10          17   1.3600232051658172E-015
          10          18   1.7173762412170402E-015
          10          19   2.6913659547444861E-015
          10          20   1.3574202342851013E-014
          10          21   1.2068073002295797E-014
          10          22   2.1637098855490532E-014
          10          23   3.0131866004089638E-015
          10          24   9.6180673164832599E-015
          10          25   3.3697045952615203E-015
          10          26  -3.8589301859400947E-015
          10          27   1.0852581329868481E-014
          10          28  -6.6436251602205903E-015
          10          29   7.2488032239261670E-016
          10          30   1.6171292676123850E-014
          10          31  -2.6693784844505014E-016
          10          32   2.6818516510370236E-015
          10          33   8.5294848466921901E-015
          10          34   2.5865657719453291E-015
          10          35   1.9840247273903071E-015
          10          36  -4.4598717608419955E-015
          11           1  -6.6988625167640230E-016
          11           2  -5.9751137069418411E-014
          11           3  -2.4551504849156410E-014
          11           4  -1.6769021887845285E-014
          11           5  -4.6396520195584801E-015
          11           6  -1.5818354816186145E-015
          11           7   1.8041124150158720E-016
          11           8   3.7509952229339005E-003
          11           9   3.8163916471490348E-017
          11          10   1.7763568394002451E-015
          11          11   2.1677173635882210     
          11          12   3.7192471324942760E-015
          11          13   2.9420910152566672E-015
          11          14 -0.40734614750517673     
          11          15   7.3552275381416650E-016
          11          16  -4.4964032497318840E-015
          11          17  0.14108729292229874     
          11          18  -2.8727020762175937E-015
          11          19   8.9412853379694687E-015
          11          20   2.4255799516697459E-015
          11          21   1.2965587108852529E-014
          11          22   2.9652656458216363E-014
          11          23   1.5098724007290781E-014
          11          24   1.5061887983494845E-014
          11          25   2.5912271901219991E-015
          11          26   7.1841626379767178E-016
          11          27   1.1935174081657885E-014
          11          28  -6.9134137893792538E-015
          11          29   6.0107353196309768E-015
          11          30   1.5558185071786864E-014
          11          31   6.2315811992480084E-016
          11          32  -2.9842702624520359E-015
          11          33   2.3386126609355195E-015
          11          34  -1.5264588155126497E-015
          11          35   3.4204477041739982E-015
          11          36  -3.4877523189657240E-015
          12           1   1.0627830872725090E-015
          12           2   2.5769191342269191E-014
          12           3   1.3352333200698923E-013
          12           4   8.5306425557267296E-014
          12           5   3.9669302468702668E-015
          12           6   5.4389259591547118E-017
          12           7   1.8041124150158779E-016
          12           8  -1.5126788710517754E-015
          12           9   3.7509952229490967E-003
          12          10  -3.8857805861880597E-016
          12          11   3.7192471324942760E-015
          12          12   2.1677173635882143     
          12          13  -7.0499162063697440E-015
          12          14  -1.7263968032921184E-014
          12          15 -0.40734614750519421     
          12          16   8.6736173798840404E-017
          12          17   1.3732071035832405E-014
          12          18  0.14108729292232228     
          12          19  -6.6653726490173652E-014
          12          20   3.4552842868346405E-014
          12          21  -5.3250218877570156E-014
          12          22  -8.8071630553468507E-015
          12          23  -3.1299619294171613E-015
          12          24  -5.8571491765943233E-014
          12          25  -3.0526261571342395E-014
          12          26  -1.5235401998832985E-014
          12          27  -3.2651425477294138E-014
          12          28   9.4518752012684096E-015
          12          29  -1.7186559531532750E-014
          12          30  -2.0438282518424486E-014
          12          31   3.5730192602025226E-015
          12          32   3.6222564109489465E-015
          12          33   7.1848160866377701E-016
          12          34   2.5386134899364650E-016
          12          35   7.0722798360697481E-015
          12          36  -8.0782281804796991E-015
          13           1  -1.9993528675260548E-015
          13           2  -1.5127463455116886E-015
          13           3   1.2616816133951248E-014
          13           4   5.1389488254867207E-015
          13           5   2.7639832739601470E-015
          13           6   8.4329912537315682E-016
          13           7   1.9793794352174238E-002
          13           8  -1.6861512186494559E-015
          13           9  -1.1466522176206693E-015
          13          10 -0.40734614750518405     
          13          11   2.9420910152566672E-015
          13          12  -7.0499162063697440E-015
          13          13   7.6756543806410629E-002
          13          14   1.2628786905111154E-015
          13          15   2.1024848528838902E-015
          13          16  -2.6604012948446845E-002
          13          17  -3.4694469519536253E-017
          13          18  -7.7455403202364476E-016
          13          19  -1.8750839117397047E-015
          13          20  -2.4046820597269203E-015
          13          21  -4.4245101746627523E-015
          13          22  -4.1239202388597017E-015
          13          23  -3.9639791521110965E-016
          13          24  -3.3916744565279180E-015
          13          25  -1.5210563176653265E-015
          13          26   6.8448129495664736E-016
          13          27  -2.7429323409210998E-015
          13          28   1.3167561581525211E-015
          13          29  -1.1324460325821450E-016
          13          30  -3.8257006104128603E-015
          13          31  -1.1203568747884491E-017
          13          32  -5.3306014513596659E-016
          13          33  -1.6918861085134497E-015
          13          34  -5.1871019191410883E-016
          13          35  -3.5983800955641603E-016
          13          36   7.2863574727404777E-016
          14           1  -7.8933614148952226E-017
          14           2   1.1168841202469668E-014
          14           3  -6.8846199139906717E-015
          14           4  -7.7516764401015071E-016
          14           5  -4.5431041694891940E-017
          14           6  -9.0213513128033268E-017
          14           7  -1.5543122344752192E-015
          14           8   1.9793794352169769E-002
          14           9  -4.5553838479150954E-015
          14          10  -1.0297318553398327E-014
          14          11 -0.40734614750517673     
          14          12  -1.7263968032921184E-014
          14          13   1.2628786905111154E-015
          14          14   7.6756543806407534E-002
          14          15   2.9195396100689663E-015
          14          16   3.4347524824340780E-016
          14          17  -2.6604012948444281E-002
          14          18  -4.9005938196344791E-016
          14          19   1.5539965181250984E-015
          14          20  -5.4882004041537383E-016
          14          21   5.5209127155856189E-016
          14          22  -5.6854237086992568E-015
          14          23  -2.8648241854295583E-015
          14          24   5.3412068332640631E-016
          14          25   1.1661735036933729E-015
          14          26  -5.9472291689794111E-017
          14          27  -6.5959992078621972E-016
          14          28   1.1969354567084216E-015
          14          29  -1.2754961367480450E-015
          14          30  -1.4663580111746261E-015
          14          31  -7.2944228283087317E-019
          14          32   6.8795957061424646E-016
          14          33  -2.3256547718424203E-016
          14          34   3.4578271968442386E-016
          14          35  -7.2473871040582856E-016
          14          36   9.3882258496928044E-016
          15           1  -8.3283958488337031E-018
          15           2  -4.2660771189901324E-015
          15           3  -2.3411207321115814E-014
          15           4  -1.5541711942393127E-014
          15           5  -6.8997724429805808E-016
          15           6   1.4416250658561014E-017
          15           7  -7.8062556418956369E-017
          15           8   9.7144514654701271E-017
          15           9   1.9793794352173849E-002
          15          10  -4.1217029789208937E-015
          15          11   7.3552275381416650E-016
          15          12 -0.40734614750519421     
          15          13   2.1024848528838902E-015
          15          14   2.9195396100689663E-015
          15          15   7.6756543806414473E-002
          15          16  -2.8709673527416157E-016
          15          17  -2.4364191220094256E-015
          15          18  -2.6604012948450041E-002
          15          19   1.2196583832316884E-014
          15          20  -6.4382418458513394E-015
          15          21   9.3228427882103990E-015
          15          22   1.5782200059105613E-015
          15          23   6.7453905075867168E-016
          15          24   1.0603286312790933E-014
          15          25   5.5468501408963556E-015
          15          26   2.8349379863113462E-015
          15          27   5.9682374986111707E-015
          15          28  -1.7554294965508600E-015
          15          29   3.1669616128793330E-015
          15          30   3.6393846443864338E-015
          15          31  -6.8390083445282673E-016
          15          32  -6.5692698170355633E-016
          15          33  -1.3526350283694595E-016
          15          34  -3.3887493701372773E-017
          15          35  -1.3356362326893732E-015
          15          36   1.5018843455063255E-015
          16           1  -4.7624073692448632E-016
          16           2  -6.0183752687123889E-016
          16           3  -1.1212548320203891E-014
          16           4  -3.9711455374388872E-015
          16           5  -1.4482266337598259E-015
          16           6  -5.2175427986065232E-016
          16           7  -8.6919353036528195E-003
          16           8   1.2946241301214911E-014
          16           9   2.2204460492503131E-016
          16          10  0.14108729292230859     
          16          11  -4.4964032497318840E-015
          16          12   8.6736173798840404E-017
          16          13  -2.6604012948446845E-002
          16          14   3.4347524824340780E-016
          16          15  -2.8709673527416157E-016
          16          16   9.2227003003990601E-003
          16          17  -2.6888213877640510E-016
          16          18   1.1470858984896632E-016
          16          19   2.8072170143322380E-015
          16          20   8.9278576087488720E-016
          16          21   3.0388677897118804E-015
          16          22   1.3269253131739013E-015
          16          23   2.5969389379886562E-016
          16          24   3.1839558483493785E-015
          16          25   1.4096504052723561E-015
          16          26  -2.4551797989263442E-016
          16          27   1.9358754311882610E-015
          16          28  -4.4453492707334522E-016
          16          29   1.4380888516453972E-017
          16          30   2.2266194442193275E-015
          16          31   1.0499711508582446E-016
          16          32   1.8994302345635590E-016
          16          33   6.6282378772877745E-016
          16          34   1.7863030564603453E-016
          16          35   1.2857226686402135E-016
          16          36  -1.5316803660422176E-016
          17           1  -1.7582148027504248E-015
          17           2  -2.4931996910268977E-015
          17           3   7.8717995228732499E-016
          17           4  -2.7649501992002185E-016
          17           5  -8.6788288869995914E-017
          17           6  -2.5477632688968916E-017
          17           7  -9.5583263526322071E-016
          17           8  -8.6919353036408881E-003
          17           9   4.6319285212925720E-015
          17          10   1.3600232051658172E-015
          17          11  0.14108729292229874     
          17          12   1.3732071035832405E-014
          17          13  -3.4694469519536253E-017
          17          14  -2.6604012948444281E-002
          17          15  -2.4364191220094256E-015
          17          16  -2.6888213877640510E-016
          17          17   9.2227003003976342E-003
          17          18   6.5800229848145264E-016
          17          19  -1.9594740770048368E-016
          17          20   1.6911614073801237E-016
          17          21   4.6288280017833702E-016
          17          22   2.0221347640491697E-015
          17          23   9.3947641100147143E-016
          17          24   2.1298735933443361E-016
          17          25  -1.6422853905782092E-016
          17          26   1.8684917992866604E-017
          17          27   4.2641975223778025E-016
          17          28  -4.1249960631722532E-016
          17          29   4.6400158762168195E-016
          17          30   7.5395794021259891E-016
          17          31   2.0414640603233409E-017
          17          32  -2.5075814614075794E-016
          17          33   1.0335142825347878E-016
          17          34  -1.2345656479710336E-016
          17          35   2.5631383973124447E-016
          17          36  -3.1747180663129555E-016
          18           1  -5.5062127075651443E-017
          18           2   1.6470602396123710E-015
          18           3   6.5108718767522877E-015
          18           4   4.8621108153939574E-015
          18           5   1.3071528548588176E-016
          18           6  -5.7660333014706631E-017
          18           7   8.9294890925906145E-016
          18           8   2.5966642031027831E-015
          18           9  -8.6919353036478027E-003
          18          10   1.7173762412170402E-015
          18          11  -2.8727020762175937E-015
          18          12  0.14108729292232228     
          18          13  -7.7455403202364476E-016
          18          14  -4.9005938196344791E-016
          18          15  -2.6604012948450041E-002
          18          16   1.1470858984896632E-016
          18          17   6.5800229848145264E-016
          18          18   9.2227003004008001E-003
          18          19  -4.0440380824003662E-015
          18          20   2.1621896311352251E-015
          18          21  -2.3954491376663389E-015
          18          22  -4.4796728923015711E-016
          18          23  -3.5983144784200109E-016
          18          24  -3.3410618130870821E-015
          18          25  -1.6627617601186793E-015
          18          26  -9.6898724519520412E-016
          18          27  -1.9135803811817982E-015
          18          28   5.9095318264111310E-016
          18          29  -1.0716742506164632E-015
          18          30  -1.0249584879396963E-015
          18          31   2.4817810653424046E-016
          18          32   2.2307373988828316E-016
          18          33   8.0104728554629065E-017
          18          34   1.3903310405405397E-017
          18          35   4.5880978843395224E-016
          18          36  -5.0319993843107338E-016
          19           1  -3.8355964372726842E-002
          19           2 -0.68743390095038803     
          19           3  -4.3790478695486659     
          19           4  -1.4014541521168291     
          19           5 -0.31644917397124361     
          19           6 -0.14958941414041599     
          19           7  -1.9384048719831334E-014
          19           8   5.2534190567673743E-014
          19           9   1.6262844541213332E-014
          19          10   2.6913659547444861E-015
          19          11   8.9412853379694687E-015
          19          12  -6.6653726490173652E-014
          19          13  -1.8750839117397047E-015
          19          14   1.5539965181250984E-015
          19          15   1.2196583832316884E-014
          19          16   2.8072170143322380E-015
          19          17  -1.9594740770048368E-016
          19          18  -4.0440380824003662E-015
          19          19   1.6263702929235644     
          19          20  0.10235844864140328     
          19          21  0.61408000158008824     
          19          22 -0.14950829249394162     
          19          23  0.19296750431554741     
          19          24   1.3910712541645016     
          19          25  0.52476681819446624     
          19          26  -1.6947684414407339E-002
          19          27  0.69237366082610219     
          19          28   2.4754374379010353E-002
          19          29  -3.1949999328662750E-002
          19          30  0.56372573076916765     
          19          31   7.4734914359082388E-002
          19          32   3.7959836014182075E-003
          19          33   3.7193925834751868E-002
          19          34  -5.5445450191508854E-003
          19          35   7.1562386076678940E-003
          19          36   6.6008802304686184E-002
          20           1  -6.3384138138420034E-016
          20           2   1.4506308249665664E-015
          20           3   3.2392557981050047E-015
          20           4   6.8555065340027986E-016
          20           5   9.9920190825277032E-016
          20           6   4.6709502498642049E-016
          20           7   6.3954072318922407E-015
          20           8  -1.2022648353683479E-014
          20           9   1.8758415466694962E-015
          20          10   1.3574202342851013E-014
          20          11   2.4255799516697459E-015
          20          12   3.4552842868346405E-014
          20          13  -2.4046820597269203E-015
          20          14  -5.4882004041537383E-016
          20          15  -6.4382418458513394E-015
          20          16   8.9278576087488720E-016
          20          17   1.6911614073801237E-016
          20          18   2.1621896311352251E-015
          20          19  0.10235844864140328     
          20          20   2.5193992339002803E-002
          20          21 -0.14680157853233830     
          20          22  -3.6799217120863453E-002
          20          23   4.7496048347062336E-002
          20          24   4.4443129890932360E-002
          20          25  -1.6947684414408273E-002
          20          26  -4.1714175719511845E-003
          20          27   2.4306218563540233E-002
          20          28   6.0929168694862637E-003
          20          29  -7.8640117059360949E-003
          20          30  -7.3585341491338120E-003
          20          31   3.7959836014182990E-003
          20          32   9.3432425991669542E-004
          20          33  -5.4441659889101013E-003
          20          34  -1.3647063490109090E-003
          20          35   1.7614004808655865E-003
          20          36   1.6481823874910520E-003
          21           1  -3.8355964372727980E-002
          21           2 -0.68743390095038048     
          21           3  -4.3790478695486428     
          21           4  -1.4014541521168191     
          21           5 -0.31644917397124950     
          21           6 -0.14958941414041876     
          21           7  -1.8249839226921388E-014
          21           8   5.7802885588780531E-014
          21           9   1.6507165767756758E-014
          21          10   1.2068073002295797E-014
          21          11   1.2965587108852529E-014
          21          12  -5.3250218877570156E-014
          21          13  -4.4245101746627523E-015
          21          14   5.5209127155856189E-016
          21          15   9.3228427882103990E-015
          21          16   3.0388677897118804E-015
          21          17   4.6288280017833702E-016
          21          18  -2.3954491376663389E-015
          21          19  0.61408000158008824     
          21          20 -0.14680157853233830     
          21          21   2.0658977525778228     
          21          22  0.21442346609488655     
          21          23 -0.27675228195584112     
          21          24  0.95154379451022508     
          21          25  0.69237366082609797     
          21          26   2.4306218563540399E-002
          21          27  0.45199341476215193     
          21          28  -3.5502504020462643E-002
          21          29   4.5822405456597014E-002
          21          30  0.63649913420148252     
          21          31   3.7193925834755684E-002
          21          32  -5.4441659889084542E-003
          21          33   9.1034878371489533E-002
          21          34   7.9519372544161818E-003
          21          35  -1.0263413894047594E-002
          21          36   4.9708838292280448E-002
          22           1  -2.9371327993327779E-017
          22           2   6.1425397175418077E-016
          22           3  -3.7808497738996636E-015
          22           4  -7.7759632490465583E-016
          22           5  -1.3833117987740747E-015
          22           6  -6.5452500776397457E-016
          22           7   5.8889952077568284E-015
          22           8  -6.6780149720577252E-015
          22           9  -2.3566053873982637E-015
          22          10   2.1637098855490532E-014
          22          11   2.9652656458216363E-014
          22          12  -8.8071630553468507E-015
          22          13  -4.1239202388597017E-015
          22          14  -5.6854237086992568E-015
          22          15   1.5782200059105613E-015
          22          16   1.3269253131739013E-015
          22          17   2.0221347640491697E-015
          22          18  -4.4796728923015711E-016
          22          19 -0.14950829249394162     
          22          20  -3.6799217120863453E-002
          22          21  0.21442346609488655     
          22          22   5.3750210069407729E-002
          22          23  -6.9374371952982600E-002
          22          24  -6.4915173600941706E-002
          22          25   2.4754374379013788E-002
          22          26   6.0929168694862151E-003
          22          27  -3.5502504020459839E-002
          22          28  -8.8995252424718015E-003
