           1           1   1.9912265091201511     
           1           2  0.16513114840768794     
           1           3  -9.2728386330871437E-003
           1           4  -4.9434585940411918E-002
           1           5 -0.38798541018680877     
           1           6 -0.24839604432345785     
           1           7  -3.1135555725824329E-014
           1           8   6.4210641916642415E-014
           1           9   3.1475451284376695E-014
           1          10   1.2747419208143377E-014
           1          11   6.4159404552850318E-015
           1          12   1.8567490758407249E-014
           1          13   3.7424645363397627E-014
           1          14   3.7023712539608971E-014
           1          15   6.0426314045934722E-014
           1          16  -1.3224904513048622E-014
           1          17  -1.4479167108819926E-014
           1          18  -2.6598908686878409E-014
           1          19  -1.8619885068344400E-015
           1          20   5.6394230608277572E-016
           1          21   1.2228371526611547E-014
           1          22   4.5051915738634346E-003
           1          23   1.0656932803281846E-014
           1          24   4.5051915738795328E-003
           1          25  -1.9277064160540663E-015
           1          26   7.0735384498968301E-015
           1          27   4.5051915739294512E-003
           1          28  0.16452799619799227     
           1          29  -5.5277785535008285E-015
           1          30  0.16452799619797939     
           1          31  -1.0593274190494943E-015
           1          32   1.2599313500822324E-016
           1          33  0.16452799619796488     
           1          34   8.9748140644836327E-002
           1          35   3.8608583596105951E-015
           1          36   8.9748140644849664E-002
           1          37  -5.1142614468431705E-015
           1          38   2.0849764343627488E-015
           1          39   8.9748140644844904E-002
           2           1  0.16513114840768794     
           2           2   9.5166864113723051     
           2           3   6.2956081633937684     
           2           4  0.75221618828436831     
           2           5   10.619069569212277     
           2           6   7.4293392598719006     
           2           7  -8.6194534685896067E-013
           2           8   1.3534897116087983E-012
           2           9   6.0552066205905953E-013
           2          10   2.2153609082510147E-013
           2          11   2.7103631399639650E-014
           2          12   2.0482797496890352E-013
           2          13   4.0505921755325196E-013
           2          14   4.4095916655756768E-013
           2          15   6.9537533503934947E-013
           2          16  -1.3433480343185206E-013
           2          17  -1.5682345587072278E-013
           2          18  -2.4433482827465364E-013
           2          19   3.9339146585644248E-014
           2          20   4.6069048521777020E-014
           2          21   7.3826894286943551E-014
           2          22  -6.9130808591621236     
           2          23   8.2017522377906472E-014
           2          24  -6.9130808591619974     
           2          25  -3.5256270705789260E-014
           2          26   2.1750377780304176E-014
           2          27  -6.9130808591613837     
           2          28  -4.5881622499890229     
           2          29  -2.1523853180105010E-015
           2          30  -4.5881622499890433     
           2          31   1.2495655916485457E-014
           2          32  -1.4541883502568972E-014
           2          33  -4.5881622499891526     
           2          34  -2.6676402457417518     
           2          35  -7.7565657586811568E-015
           2          36  -2.6676402457417518     
           2          37  -3.4263914161538572E-015
           2          38   1.9103899332290501E-014
           2          39  -2.6676402457416977     
           3           1  -9.2728386330871437E-003
           3           2   6.2956081633937684     
           3           3   6.0745372634891899     
           3           4  -1.4268489180512982     
           3           5  -5.1001935339887456     
           3           6  -3.4663924257330354     
           3           7  -6.5421857712824676E-013
           3           8   1.0701971133483916E-012
           3           9   4.2849381350239569E-013
           3          10   3.4697185782760619E-013
           3          11   1.9239987053421247E-013
           3          12   4.4529971897636074E-013
           3          13   7.3395480465491352E-013
           3          14   7.3191344634703383E-013
           3          15   1.2593772885425823E-012
           3          16  -2.5660434043625355E-013
           3          17  -2.5551505389562949E-013
           3          18  -4.5345529712550727E-013
           3          19   7.4370866845925221E-014
           3          20   8.4543116137340576E-014
           3          21   1.2588010295101737E-013
           3          22  -2.6982195209557025     
           3          23   1.8425263247099795E-013
           3          24  -2.6982195209553916     
           3          25  -4.9777142261279435E-014
           3          26   5.9261967710832007E-014
           3          27  -2.6982195209542184     
           3          28   2.0975920088516080     
           3          29  -3.5612570396893999E-014
           3          30   2.0975920088515201     
           3          31   2.7233626502015213E-014
           3          32  -2.3313666710819391E-014
           3          33   2.0975920088513313     
           3          34   1.2530423104989286     
           3          35   9.0736139996106092E-015
           3          36   1.2530423104989625     
           3          37  -2.5941039068158775E-014
           3          38   1.3492148791711840E-014
           3          39   1.2530423104990178     
           4           1  -4.9434585940411918E-002
           4           2  0.75221618828436831     
           4           3  -1.4268489180512982     
           4           4   2.0492520597803825     
           4           5   13.452428980672035     
           4           6   9.3222998202456271     
           4           7   5.3228478422617886E-014
           4           8  -6.5826557534617665E-014
           4           9   2.4214531138613145E-015
           4          10  -4.9669723360325658E-014
           4          11  -4.4510637460564054E-014
           4          12  -8.7339659988999222E-014
           4          13  -7.1114010922642359E-014
           4          14  -9.3929052413138905E-014
           4          15  -2.1190071832643248E-013
           4          16   3.1253413589293318E-014
           4          17   3.1669800286656740E-014
           4          18   8.8555955169726976E-014
           4          19  -9.4864406622496509E-015
           4          20  -1.9951094116646096E-014
           4          21  -2.0487565664840308E-014
           4          22  -2.6343777820066334     
           4          23  -6.0833892486079641E-014
           4          24  -2.6343777820067542     
           4          25  -1.0680662468670108E-015
           4          26  -1.7871805020386224E-014
           4          27  -2.6343777820069141     
           4          28  -5.7033164822839240     
           4          29   2.4249750348862188E-014
           4          30  -5.7033164822838653     
           4          31  -1.3583359613400487E-014
           4          32   7.7696035734076456E-015
           4          33  -5.7033164822838476     
           4          34  -3.3557401833219753     
           4          35  -1.1729660219337353E-014
           4          36  -3.3557401833220046     
           4          37   2.2403466353083137E-014
           4          38   2.4996447658953414E-015
           4          39  -3.3557401833219860     
           5           1 -0.38798541018680877     
           5           2   10.619069569212277     
           5           3  -5.1001935339887456     
           5           4   13.452428980672035     
           5           5   91.921557326217567     
           5           6   63.773307020516732     
           5           7  -3.8782918212398478E-013
           5           8   5.4980462754809755E-013
           5           9   3.5438858778198605E-013
           5          10   4.6050335701511530E-014
           5          11  -1.0432997201665466E-013
           5          12  -2.1215462726558028E-014
           5          13   3.1102377911652357E-013
           5          14   1.5242949360515620E-013
           5          15   7.4884284043638893E-014
           5          16  -6.0741286312726738E-014
           5          17  -6.2058640995770533E-014
           5          18   6.8227249297447678E-014
           5          19   1.3698095886496856E-014
           5          20  -5.0349093885420371E-014
           5          21   1.0135291708666865E-014
           5          22  -21.203621560024004     
           5          23  -1.2888044862596567E-013
           5          24  -21.203621560023922     
           5          25  -6.7355705150347308E-014
           5          26  -6.5615716262395462E-014
           5          27  -21.203621560024430     
           5          28  -39.026122515628558     
           5          29   1.1855087490761253E-013
           5          30  -39.026122515628330     
           5          31  -7.0723727123206964E-014
           5          32   3.3326301156223090E-014
           5          33  -39.026122515628302     
           5          34  -22.951739046560142     
           5          35  -6.7406193314361359E-014
           5          36  -22.951739046560284     
           5          37   1.3679393539906971E-013
           5          38   3.0225168104619446E-014
           5          39  -22.951739046560121     
           6           1 -0.24839604432345785     
           6           2   7.4293392598719006     
           6           3  -3.4663924257330354     
           6           4   9.3222998202456271     
           6           5   63.773307020516732     
           6           6   44.254893481650761     
           6           7  -2.3948530662734924E-013
           6           8   5.7338827247476608E-013
           6           9   2.5698303192967793E-013
           6          10  -1.5516120562374944E-013
           6          11  -1.6543442017264093E-013
           6          12  -2.3691016331955740E-013
           6          13  -2.6998487006039350E-013
           6          14  -3.5266036429191427E-013
           6          15  -5.3415691038645585E-013
           6          16   1.2561017358295268E-013
           6          17   1.1667055695930441E-013
           6          18   2.4958505332401340E-013
           6          19  -3.7234814424707010E-014
           6          20  -7.9404588816945188E-014
           6          21  -4.9491299493234156E-014
           6          22  -14.814305075898138     
           6          23  -6.9986023195059178E-014
           6          24  -14.814305075898689     
           6          25   3.2880957188819789E-014
           6          26  -5.7684094547590869E-015
           6          27  -14.814305075897346     
           6          28  -27.076677372578647     
           6          29   7.8836646425039600E-014
           6          30  -27.076677372578395     
           6          31  -6.1511288359748621E-014
           6          32   1.6173696570325349E-014
           6          33  -27.076677372578651     
           6          34  -15.926919233946911     
           6          35  -4.5655718464822151E-014
           6          36  -15.926919233947043     
           6          37   9.8992238481035582E-014
           6          38   2.3645682938295830E-014
           6          39  -15.926919233946832     
           7           1  -3.1135555725824329E-014
           7           2  -8.6194534685896067E-013
           7           3  -6.5421857712824676E-013
           7           4   5.3228478422617886E-014
           7           5  -3.8782918212398478E-013
           7           6  -2.3948530662734924E-013
           7           7   2.0008903103118687     
           7           8   1.3474566243603520E-015
           7           9  -9.1831924009522226E-017
           7          10   9.6544860396756277E-003
           7          11   4.7658274895945318E-015
           7          12   1.0401401961956935E-014
           7          13   4.7340008116744693E-002
           7          14  -6.7129461711612493E-015
           7          15   8.7256590841633397E-015
           7          16  -2.5761704392960674E-002
           7          17   7.1375197419065728E-015
           7          18   4.1956455670844051E-015
           7          19   8.4671233973938088E-003
           7          20  -3.0183646380910201E-015
           7          21  -8.3761665138626373E-015
           7          22   4.3507626287629030E-013
           7          23  -5.0968021681851686E-015
           7          24   4.1531372986603273E-013
           7          25   1.0008444079561869E-014
           7          26  -1.6296526540507434E-014
           7          27   4.2802320148673735E-013
           7          28   1.7423791866268063E-013
           7          29   2.1077422059992385E-015
           7          30   1.8685373374956726E-013
           7          31   1.4188119685938581E-014
           7          32   9.1905263442596609E-015
           7          33   1.7222095677688628E-013
           7          34   8.9724502466366570E-014
           7          35   5.0581412043203491E-017
           7          36   8.2713150166238788E-014
           7          37  -1.9215168890578020E-014
           7          38   7.0518398325273445E-015
           7          39   8.8103177430845244E-014
           8           1   6.4210641916642415E-014
           8           2   1.3534897116087983E-012
           8           3   1.0701971133483916E-012
           8           4  -6.5826557534617665E-014
           8           5   5.4980462754809755E-013
           8           6   5.7338827247476608E-013
           8           7   1.3474566243603520E-015
           8           8   2.0008903103118745     
           8           9  -4.9832981166043899E-016
           8          10  -3.5104297940735663E-015
           8          11   9.6544860396666887E-003
           8          12  -1.2032042029375134E-014
           8          13   2.5361657218780920E-015
           8          14   4.7340008116757225E-002
           8          15  -8.6692805711940935E-016
           8          16  -1.7556268938623276E-014
           8          17  -2.5761704392982792E-002
           8          18  -8.2902434916931611E-015
           8          19   6.1587291256409715E-015
           8          20   8.4671233974034574E-003
           8          21   1.2708638395114713E-014
           8          22  -7.0062405821450429E-013
           8          23  -2.2304819774229890E-015
           8          24  -7.1787943496194961E-013
           8          25  -1.7485934479160844E-014
           8          26   2.0836781846901821E-014
           8          27  -6.7719607185213059E-013
           8          28  -2.8268229272463024E-013
           8          29  -2.1924597522010507E-015
           8          30  -2.9424386793224561E-013
           8          31  -1.6993950639264385E-014
           8          32  -1.0962794335660105E-014
           8          33  -2.8841475465850677E-013
           8          34  -1.9808506252837556E-013
           8          35  -3.8891454133468912E-015
           8          36  -1.9197861216903586E-013
           8          37   2.2501181134531465E-014
           8          38  -4.6792484757761838E-015
           8          39  -1.9276740397599536E-013
           9           1   3.1475451284376695E-014
           9           2   6.0552066205905953E-013
           9           3   4.2849381350239569E-013
           9           4   2.4214531138613145E-015
           9           5   3.5438858778198605E-013
           9           6   2.5698303192967793E-013
           9           7  -9.1831924009522226E-017
           9           8  -4.9832981166043899E-016
           9           9   2.0008903103118727     
           9          10  -6.1083950397833320E-016
           9          11   2.2074356231804870E-016
           9          12   9.6544860396709266E-003
           9          13  -6.5485811218124468E-016
           9          14  -5.5992536995841391E-015
           9          15   4.7340008116740405E-002
           9          16  -1.6815975695250174E-015
           9          17   4.6505767986593227E-015
           9          18  -2.5761704392976002E-002
           9          19   6.4932868110156861E-016
           9          20  -1.9184957442131001E-015
           9          21   8.4671233974029751E-003
           9          22  -3.1177108272241578E-013
           9          23   5.0307049588847962E-015
           9          24  -3.0469194593189591E-013
           9          25  -7.1960653648688152E-016
           9          26  -1.6999483279993267E-015
           9          27  -3.1832420968258488E-013
           9          28  -1.5823137854073945E-013
           9          29  -1.5033266535922297E-015
           9          30  -1.5917786708857714E-013
           9          31   1.2167542121752308E-015
           9          32   4.2737636749906985E-016
           9          33  -1.5702281169416766E-013
           9          34  -9.1124592108830835E-014
           9          35   1.1559256441394699E-015
           9          36  -9.0710437461893146E-014
           9          37  -5.5963567456504867E-016
           9          38  -3.3990716653223831E-016
           9          39  -9.2070390910731558E-014
          10           1   1.2747419208143377E-014
          10           2   2.2153609082510147E-013
          10           3   3.4697185782760619E-013
          10           4  -4.9669723360325658E-014
          10           5   4.6050335701511530E-014
          10           6  -1.5516120562374944E-013
          10           7   9.6544860396756277E-003
          10           8  -3.5104297940735663E-015
          10           9  -6.1083950397833320E-016
          10          10   2.0922197455451990     
          10          11   9.8532293435482643E-016
          10          12   1.2989609388114332E-014
          10          13  0.56538012273789096     
          10          14   5.5233595475101538E-015
          10          15   2.1038726316646716E-014
          10          16 -0.14903639534075397     
          10          17   1.3794521080967570E-014
          10          18  -2.2232216068118760E-014
          10          19   3.3670690045154501E-002
          10          20  -4.7843673467440340E-015
          10          21   1.0318135235110049E-014
          10          22  -1.1496666955105633E-013
          10          23  -3.4604749611032891E-014
          10          24  -2.3398377869233113E-013
          10          25  -1.6702465625419527E-014
          10          26   6.2459443314863211E-015
          10          27  -1.2817074205292611E-013
          10          28   1.4798405253350015E-015
          10          29   2.4909974589887336E-014
          10          30  -4.7693833824074067E-015
          10          31   2.7165892445270112E-015
          10          32  -4.9559152374175326E-014
          10          33   4.6020216303904071E-014
          10          34   4.9843639604194512E-014
          10          35  -1.3734670187049767E-015
          10          36   4.6890283829969598E-014
          10          37   5.0194873546594215E-015
          10          38   2.9535304579791655E-014
          10          39   2.6771765573351840E-014
          11           1   6.4159404552850318E-015
          11           2   2.7103631399639650E-014
          11           3   1.9239987053421247E-013
          11           4  -4.4510637460564054E-014
          11           5  -1.0432997201665466E-013
          11           6  -1.6543442017264093E-013
          11           7   4.7658274895945318E-015
          11           8   9.6544860396666887E-003
          11           9   2.2074356231804870E-016
          11          10   9.8532293435482643E-016
          11          11   2.0922197455451896     
          11          12   3.8996583739958623E-015
          11          13   1.3877787807814457E-016
          11          14  0.56538012273785276     
          11          15  -8.6042284408449632E-015
          11          16  -2.1094237467877974E-014
          11          17 -0.14903639534070107     
          11          18  -1.0172418463127997E-014
          11          19   7.6570694229616265E-015
          11          20   3.3670690045142643E-002
          11          21   5.2215176626901894E-015
          11          22  -5.9651631818467795E-014
          11          23  -4.5725373691606104E-014
          11          24  -1.7280823642038876E-013
          11          25  -6.6019609917947551E-015
          11          26  -9.8056175655274125E-015
          11          27   7.2522274257248523E-014
          11          28   6.3617537017992371E-014
          11          29   2.0617609412762374E-014
          11          30   6.0638431104141724E-014
          11          31   7.4573783045411370E-015
          11          32  -4.4361617412077516E-014
          11          33   7.7231950034577053E-014
          11          34   5.3592563978832496E-014
          11          35   1.1262938746440878E-015
          11          36   4.8144572976478428E-014
          11          37  -4.3141255245254826E-015
          11          38   2.4961492746601309E-014
          11          39   4.2441025922378698E-014
          12           1   1.8567490758407249E-014
          12           2   2.0482797496890352E-013
          12           3   4.4529971897636074E-013
          12           4  -8.7339659988999222E-014
          12           5  -2.1215462726558028E-014
          12           6  -2.3691016331955740E-013
          12           7   1.0401401961956935E-014
          12           8  -1.2032042029375134E-014
          12           9   9.6544860396709266E-003
          12          10   1.2989609388114332E-014
          12          11   3.8996583739958623E-015
          12          12   2.0922197455452216     
          12          13   4.3243186809149847E-014
          12          14   1.0491607582707729E-014
          12          15  0.56538012273790206     
          12          16  -6.7890137955828322E-014
          12          17   1.8235413179468196E-014
          12          18 -0.14903639534074681     
          12          19   2.5514312884666879E-014
          12          20   1.9984014443252818E-015
          12          21   3.3670690045161239E-002
          12          22  -1.9890906010532646E-013
          12          23   2.0864931529050520E-014
          12          24  -1.4844319655594969E-013
          12          25   8.8989658856759854E-016
          12          26  -2.4684574849397085E-015
          12          27  -2.2005044638397499E-013
          12          28   4.6257104153291319E-014
          12          29   1.8907291728756656E-014
          12          30  -5.1818758980795178E-015
          12          31   7.3684341429115836E-015
          12          32  -7.4045149335282072E-014
          12          33   1.0993153030807984E-013
          12          34   7.3006290100765806E-014
          12          35   5.1508888467213929E-015
          12          36   8.1935302695460673E-014
          12          37   1.5842044298451580E-015
          12          38   4.5943224015591398E-014
          12          39   4.2668489790199946E-014
          13           1   3.7424645363397627E-014
          13           2   4.0505921755325196E-013
          13           3   7.3395480465491352E-013
          13           4  -7.1114010922642359E-014
          13           5   3.1102377911652357E-013
          13           6  -2.6998487006039350E-013
          13           7   4.7340008116744693E-002
          13           8   2.5361657218780920E-015
          13           9  -6.5485811218124468E-016
          13          10  0.56538012273789096     
          13          11   1.3877787807814457E-016
          13          12   4.3243186809149847E-014
          13          13   3.0104195554592730     
          13          14   8.8262730457699945E-015
          13          15   7.4829031859735551E-014
          13          16  -1.0566000405039124     
          13          17   4.3104408931071703E-014
          13          18  -6.1728400169158704E-014
          13          19  0.29727219177907677     
          13          20  -7.7299278089526524E-015
          13          21   2.8449465006019636E-014
          13          22  -4.3042312885685167E-013
          13          23  -4.4151796823519653E-015
          13          24  -3.8249347523453252E-013
          13          25   1.8208098053805376E-014
          13          26  -7.8327975543750993E-015
          13          27  -3.8947899300684092E-013
          13          28  -4.8742866794112072E-014
          13          29   3.9162115541636086E-014
          13          30  -1.2154573713545300E-013
          13          31   7.1041407485285979E-015
          13          32  -1.2266461156954085E-013
          13          33   5.2349934307684592E-014
          13          34   7.1643675907212229E-014
          13          35   5.6949189486865711E-015
          13          36   8.2433164185327856E-014
          13          37   2.9736194023223368E-015
          13          38   7.7035873094304835E-014
          13          39   1.8806831634121219E-014
          14           1   3.7023712539608971E-014
          14           2   4.4095916655756768E-013
          14           3   7.3191344634703383E-013
          14           4  -9.3929052413138905E-014
          14           5   1.5242949360515620E-013
          14           6  -3.5266036429191427E-013
          14           7  -6.7129461711612493E-015
          14           8   4.7340008116757225E-002
          14           9  -5.5992536995841391E-015
          14          10   5.5233595475101538E-015
          14          11  0.56538012273785276     
          14          12   1.0491607582707729E-014
          14          13   8.8262730457699945E-015
          14          14   3.0104195554591775     
          14          15  -1.0880185641326534E-014
          14          16  -6.8223204863215869E-014
          14          17  -1.0566000405037683     
          14          18  -3.5416114485542494E-014
          14          19   2.2239154962022667E-014
          14          20  0.29727219177903175     
          14          21   1.7597034940308731E-014
          14          22  -3.7529496014150178E-013
          14          23  -9.4890959419273018E-015
          14          24  -3.5471018840786371E-013
          14          25   1.2617997458054715E-014
          14          26   5.6874391013298989E-015
          14          27  -3.7304453977716157E-013
          14          28   1.5138879707644512E-014
          14          29   3.9647432342666992E-014
          14          30  -5.5894194434082355E-014
          14          31   1.1209204406731961E-014
          14          32  -1.1859590553840226E-013
          14          33   1.0830539347764428E-013
          14          34   1.0122090503436942E-013
          14          35   3.9388922307254325E-015
          14          36   1.1224727115887470E-013
          14          37   2.1062145278659722E-015
          14          38   7.1443211270129645E-014
          14          39   5.2874127843147329E-014
          15           1   6.0426314045934722E-014
          15           2   6.9537533503934947E-013
          15           3   1.2593772885425823E-012
          15           4  -2.1190071832643248E-013
          15           5   7.4884284043638893E-014
          15           6  -5.3415691038645585E-013
          15           7   8.7256590841633397E-015
          15           8  -8.6692805711940935E-016
          15           9   4.7340008116740405E-002
          15          10   2.1038726316646716E-014
          15          11  -8.6042284408449632E-015
          15          12  0.56538012273790206     
          15          13   7.4829031859735551E-014
          15          14  -1.0880185641326534E-014
          15          15   3.0104195554592308     
          15          16  -1.6175949468788531E-013
          15          17   6.7224004141053229E-014
          15          18  -1.0566000405038758     
          15          19   5.9674487573602164E-014
          15          20  -6.1062266354383610E-015
          15          21  0.29727219177908171     
          15          22  -5.7885877237351578E-013
          15          23  -2.2664242006893125E-014
          15          24  -6.1172442564361768E-013
          15          25   1.8819343715947347E-014
          15          26  -7.7404061980075754E-015
          15          27  -5.7805452667985330E-013
          15          28   6.2103945891171922E-014
          15          29   6.1630059156933319E-014
          15          30  -4.7368049132257588E-014
          15          31   1.6073413859600147E-014
          15          32  -1.9393426279202149E-013
          15          33   2.2004045686142466E-013
          15          34   1.6039221724839227E-013
          15          35   9.7286929898058962E-015
          15          36   1.7622554506264142E-013
          15          37   6.5070179158323013E-015
          15          38   1.1910367621025974E-013
          15          39   8.5674704157156694E-014
          16           1  -1.3224904513048622E-014
          16           2  -1.3433480343185206E-013
          16           3  -2.5660434043625355E-013
          16           4   3.1253413589293318E-014
          16           5  -6.0741286312726738E-014
          16           6   1.2561017358295268E-013
          16           7  -2.5761704392960674E-002
          16           8  -1.7556268938623276E-014
          16           9  -1.6815975695250174E-015
          16          10 -0.14903639534075397     
          16          11  -2.1094237467877974E-014
          16          12  -6.7890137955828322E-014
          16          13  -1.0566000405039124     
          16          14  -6.8223204863215869E-014
          16          15  -1.6175949468788531E-013
          16          16  0.37211735008684088     
          16          17   7.7299278089526524E-015
          16          18   6.8306471590062756E-014
          16          19 -0.10490550345107143     
          16          20  -3.7296554733501353E-015
          16          21  -2.2905288776797761E-014
          16          22   1.4334227233322996E-013
          16          23  -3.2398897151113863E-015
          16          24   1.1710749004403321E-013
          16          25  -6.9244888106909617E-015
          16          26   8.3876876966303767E-015
          16          27   1.2854206923638708E-013
          16          28  -3.6352311828159726E-015
          16          29  -1.2669352359467667E-014
          16          30   2.3066789844303031E-014
          16          31  -2.5253725000847874E-015
          16          32   4.1468629575991397E-014
          16          33  -3.8473590088166682E-014
          16          34  -3.6180400964029445E-014
          16          35  -2.2929075266453284E-015
          16          36  -4.0429886241726646E-014
          16          37  -8.4378231647273808E-016
          16          38  -2.6374267817433637E-014
          16          39  -1.7955912151315690E-014
          17           1  -1.4479167108819926E-014
          17           2  -1.5682345587072278E-013
          17           3  -2.5551505389562949E-013
          17           4   3.1669800286656740E-014
          17           5  -6.2058640995770533E-014
          17           6   1.1667055695930441E-013
          17           7   7.1375197419065728E-015
          17           8  -2.5761704392982792E-002
          17           9   4.6505767986593227E-015
          17          10   1.3794521080967570E-014
          17          11 -0.14903639534070107     
          17          12   1.8235413179468196E-014
          17          13   4.3104408931071703E-014
          17          14  -1.0566000405037683     
          17          15   6.7224004141053229E-014
          17          16   7.7299278089526524E-015
          17          17  0.37211735008675262     
          17          18  -9.7005736776623053E-015
          17          19  -3.2526065174565133E-015
          17          20 -0.10490550345104502     
          17          21  -1.0408340855860843E-017
          17          22   1.4098525517422428E-013
          17          23  -3.9363127112523867E-015
          17          24   1.2961875205169862E-013
          17          25  -2.9802800825490040E-015
          17          26   2.7035419734939456E-015
          17          27   1.2218418238290332E-013
          17          28  -2.6103214630909739E-015
          17          29  -1.2569492129700792E-014
          17          30   2.2839751063973153E-014
          17          31  -3.9810333359471325E-015
          17          32   4.0293464091637849E-014
          17          33  -3.1929313048746031E-014
          17          34  -3.2593838560373068E-014
          17          35  -1.7182191730567523E-015
          17          36  -3.6755180695872199E-014
          17          37  -8.6585917386924893E-016
          17          38  -2.4463702671879043E-014
          17          39  -1.6949521134586825E-014
          18           1  -2.6598908686878409E-014
          18           2  -2.4433482827465364E-013
          18           3  -4.5345529712550727E-013
          18           4   8.8555955169726976E-014
          18           5   6.8227249297447678E-014
          18           6   2.4958505332401340E-013
          18           7   4.1956455670844051E-015
          18           8  -8.2902434916931611E-015
          18           9  -2.5761704392976002E-002
          18          10  -2.2232216068118760E-014
          18          11  -1.0172418463127997E-014
          18          12 -0.14903639534074681     
          18          13  -6.1728400169158704E-014
          18          14  -3.5416114485542494E-014
          18          15  -1.0566000405038758     
          18          16   6.8306471590062756E-014
          18          17  -9.7005736776623053E-015
          18          18  0.37211735008682090     
          18          19  -2.4057145164846361E-014
          18          20  -1.6271706204662451E-015
          18          21 -0.10490550345107105     
          18          22   1.8677851314949484E-013
          18          23   7.5815734221828523E-015
          18          24   1.9252678552455727E-013
          18          25  -5.2303721787412015E-015
          18          26   2.7836370308307425E-015
          18          27   1.9956949284517019E-013
          18          28  -6.0920093352114789E-014
          18          29  -2.1278960639968871E-014
          18          30  -2.2104755854263126E-014
          18          31  -5.7711809865057649E-015
          18          32   6.7101592427463470E-014
          18          33  -1.1770792510672662E-013
          18          34  -7.8953420644306130E-014
          18          35  -3.3937175882603746E-015
          18          36  -8.4784172965968205E-014
          18          37  -2.1873868132820732E-015
          18          38  -4.1201551050407002E-014
          18          39  -5.2337811320061080E-014
          19           1  -1.8619885068344400E-015
          19           2   3.9339146585644248E-014
          19           3   7.4370866845925221E-014
          19           4  -9.4864406622496509E-015
          19           5   1.3698095886496856E-014
          19           6  -3.7234814424707010E-014
          19           7   8.4671233973938088E-003
          19           8   6.1587291256409715E-015
          19           9   6.4932868110156861E-016
          19          10   3.3670690045154501E-002
          19          11   7.6570694229616265E-015
          19          12   2.5514312884666879E-014
          19          13  0.29727219177907677     
          19          14   2.2239154962022667E-014
          19          15   5.9674487573602164E-014
          19          16 -0.10490550345107143     
          19          17  -3.2526065174565133E-015
          19          18  -2.4057145164846361E-014
          19          19   2.9609430553142902E-002
          19          20   1.3530843112619095E-015
          19          21   7.7785000662800030E-015
          19          22  -4.0350313336186006E-014
          19          23   3.8821070778447737E-016
          19          24  -4.1114870598338742E-014
          19          25   6.7047411436737287E-016
          19          26  -2.0961062720830057E-015
          19          27  -3.0590334732167594E-014
          19          28   2.2358515622888231E-015
          19          29   3.5998301322773010E-015
          19          30  -3.8900704450091646E-015
          19          31   9.3570437901967131E-016
          19          32  -1.1599714887265601E-014
          19          33   1.1032466048532762E-014
          19          34   1.0933308422721407E-014
          19          35   6.1640258450068462E-016
          19          36   1.1635831723867309E-014
          19          37   1.2669353846236339E-016
          19          38   7.3792132760151769E-015
          19          39   6.1842078803981396E-015
          20           1   5.6394230608277572E-016
          20           2   4.6069048521777020E-014
          20           3   8.4543116137340576E-014
          20           4  -1.9951094116646096E-014
          20           5  -5.0349093885420371E-014
          20           6  -7.9404588816945188E-014
          20           7  -3.0183646380910201E-015
          20           8   8.4671233974034574E-003
          20           9  -1.9184957442131001E-015
          20          10  -4.7843673467440340E-015
          20          11   3.3670690045142643E-002
          20          12   1.9984014443252818E-015
          20          13  -7.7299278089526524E-015
          20          14  0.29727219177903175     
          20          15  -6.1062266354383610E-015
          20          16  -3.7296554733501353E-015
          20          17 -0.10490550345104502     
          20          18  -1.6271706204662451E-015
          20          19   1.3530843112619095E-015
          20          20   2.9609430553135006E-002
          20          21   1.2099696244938229E-015
          20          22  -3.1900047477715275E-014
          20          23   2.6246681985586025E-015
          20          24  -3.2446821153095954E-014
          20          25  -9.3605779968063170E-016
          20          26  -2.3036959691932823E-015
          20          27  -2.0851045085310191E-014
          20          28   2.9481212940513262E-014
          20          29   3.2626983820989209E-015
          20          30   2.2957734970812523E-014
          20          31   1.3801691381298244E-015
          20          32  -1.0989833386934517E-014
          20          33   3.6718491604530063E-014
          20          34   2.5914843752997278E-014
          20          35   5.5790980980286934E-016
          20          36   2.6872424488487748E-014
          20          37   1.7105699516207927E-016
          20          38   6.7371399108570868E-015
          20          39   2.1895601288401864E-014
          21           1   1.2228371526611547E-014
          21           2   7.3826894286943551E-014
          21           3   1.2588010295101737E-013
          21           4  -2.0487565664840308E-014
