           1           1   2.0266503962318931     
           1           2  -6.2217229287935640E-002
           1           3 -0.10650201163321923     
           1           4  -3.8233441851334578E-003
           1           5   2.5356869732341792E-015
           1           6  -1.4490471815178692E-015
           1           7  -1.5582028330790084E-015
           1           8  -5.4839801659794730E-015
           1           9   3.3501460389696819E-015
           1          10   5.6629103720717541E-015
           1          11   6.6648235349848186E-015
           1          12  -3.1066589847733083E-015
           1          13  -3.9864927000352125E-015
           2           1  -6.2217229287935640E-002
           2           2  0.19227531078723245     
           2           3  0.26315035815020432     
           2           4   8.6408945977919805E-003
           2           5   1.2049538589300960E-016
           2           6   4.7284543886462148E-017
           2           7  -1.4876968029722197E-016
           2           8   1.0792995354375093E-016
           2           9   6.1014918677011908E-016
           2          10  -2.6255717136449763E-016
           2          11   1.1732738756380774E-015
           2          12  -1.2685341826253268E-016
           2          13  -4.4477700750292366E-016
           3           1 -0.10650201163321923     
           3           2  0.26315035815020432     
           3           3  0.36039377331807482     
           3           4   1.1836473709030662E-002
           3           5   1.2778282809369061E-016
           3           6   8.2457290977797340E-017
           3           7  -1.8267959133669647E-016
           3           8   2.2133325254144169E-016
           3           9   7.8730157208104476E-016
           3          10  -4.3065964555079175E-016
           3          11   1.5117381433869336E-015
           3          12  -1.3213520982911899E-016
           3          13  -5.5433357860344643E-016
           4           1  -3.8233441851334578E-003
           4           2   8.6408945977919805E-003
           4           3   1.1836473709030662E-002
           4           4   3.8886500371883732E-004
           4           5   4.4006980054666014E-018
           4           6   2.7813918834432680E-018
           4           7  -5.9830643939624247E-018
           4           8   7.1520824629382969E-018
           4           9   2.5916331598911652E-017
           4          10  -1.4281604754763647E-017
           4          11   4.9715544009239173E-017
           4          12  -4.3384865738660934E-018
           4          13  -1.8199676091555181E-017
           5           1   2.5356869732341792E-015
           5           2   1.2049538589300960E-016
           5           3   1.2778282809369061E-016
           5           4   4.4006980054666014E-018
           5           5   9.3870124156924570E-030
           5           6  -3.3453393180307295E-030
           5           7  -4.5222941187365135E-030
           5           8  -1.6577303179616818E-029
           5           9   1.1112084230679747E-029
           5          10   1.4380373796028285E-029
           5          11   2.1540763910801863E-029
           5          12  -9.0471537498941259E-030
           5          13  -1.2025353562596685E-029
           6           1  -1.4490471815178692E-015
           6           2   4.7284543886462148E-017
           6           3   8.2457290977797340E-017
           6           4   2.7813918834432680E-018
           6           5  -3.3453393180307295E-030
           6           6   1.4284271836232748E-030
           6           7   1.7163121703635216E-030
           6           8   6.3868827058511278E-030
           6           9  -3.9635042035690264E-030
           6          10  -5.9380970920709996E-030
           6          11  -7.7518669782617472E-030
           6          12   3.4774663629289052E-030
           6          13   4.4893847177036805E-030
           7           1  -1.5582028330790084E-015
           7           2  -1.4876968029722197E-016
           7           3  -1.8267959133669647E-016
           7           4  -5.9830643939624247E-018
           7           5  -4.5222941187365135E-030
           7           6   1.7163121703635216E-030
           7           7   2.3343448494929293E-030
           7           8   8.0833556838744856E-030
           7           9  -5.7469595128329254E-030
           7          10  -7.1740246473576952E-030
           7          11  -1.1184853180436073E-029
           7          12   4.5606372322238634E-030
           7          13   6.1916376648943015E-030
           8           1  -5.4839801659794730E-015
           8           2   1.0792995354375093E-016
           8           3   2.2133325254144169E-016
           8           4   7.1520824629382969E-018
           8           5  -1.6577303179616818E-029
           8           6   6.3868827058511278E-030
           8           7   8.0833556838744856E-030
           8           8   3.0368237277419860E-029
           8           9  -1.9217405478211326E-029
           8          10  -2.7165131470412464E-029
           8          11  -3.7377356751301529E-029
           8          12   1.6396016592318224E-029
           8          13   2.1325297002966196E-029
           9           1   3.3501460389696819E-015
           9           2   6.1014918677011908E-016
           9           3   7.8730157208104476E-016
           9           4   2.5916331598911652E-017
           9           5   1.1112084230679747E-029
           9           6  -3.9635042035690264E-030
           9           7  -5.7469595128329254E-030
           9           8  -1.9217405478211326E-029
           9           9   1.4560656067004152E-029
           9          10   1.6625157052923412E-029
           9          11   2.8276931077840359E-029
           9          12  -1.1035757995926386E-029
           9          13  -1.5342988950096868E-029
          10           1   5.6629103720717541E-015
          10           2  -2.6255717136449763E-016
          10           3  -4.3065964555079175E-016
          10           4  -1.4281604754763647E-017
          10           5   1.4380373796028285E-029
          10           6  -5.9380970920709996E-030
          10           7  -7.1740246473576952E-030
          10           8  -2.7165131470412464E-029
          10           9   1.6625157052923412E-029
          10          10   2.4948902849539178E-029
          10          11   3.2449483233404730E-029
          10          12  -1.4637703613824107E-029
          10          13  -1.8802032234060760E-029
          11           1   6.6648235349848186E-015
          11           2   1.1732738756380774E-015
          11           3   1.5117381433869336E-015
          11           4   4.9715544009239173E-017
          11           5   2.1540763910801863E-029
          11           6  -7.7518669782617472E-030
          11           7  -1.1184853180436073E-029
          11           8  -3.7377356751301529E-029
          11           9   2.8276931077840359E-029
          11          10   3.2449483233404730E-029
          11          11   5.4935606398757186E-029
          11          12  -2.1477860721905089E-029
          11          13  -2.9840947552791071E-029
          12           1  -3.1066589847733083E-015
          12           2  -1.2685341826253268E-016
          12           3  -1.3213520982911899E-016
          12           4  -4.3384865738660934E-018
          12           5  -9.0471537498941259E-030
          12           6   3.4774663629289052E-030
          12           7   4.5606372322238634E-030
          12           8   1.6396016592318224E-029
          12           9  -1.1035757995926386E-029
          12          10  -1.4637703613824107E-029
          12          11  -2.1477860721905089E-029
          12          12   9.0649886663873279E-030
          12          13   1.2061682376151354E-029
          13           1  -3.9864927000352125E-015
          13           2  -4.4477700750292366E-016
          13           3  -5.5433357860344643E-016
          13           4  -1.8199676091555181E-017
          13           5  -1.2025353562596685E-029
          13           6   4.4893847177036805E-030
          13           7   6.1916376648943015E-030
          13           8   2.1325297002966196E-029
          13           9  -1.5342988950096868E-029
          13          10  -1.8802032234060760E-029
          13          11  -2.9840947552791071E-029
          13          12   1.2061682376151354E-029
          13          13   1.6448899471217273E-029
