           1           1   2.1409165106135379     
           1           2 -0.55948989674452310     
           1           3   3.6778664569221187E-002
           1           4   6.6964162987290701E-002
           1           5   1.6373990153043278E-003
           1           6  -1.0999950160549969E-014
           1           7  -2.0677140274209392E-014
           1           8   5.6224006489650065E-015
           1           9  -4.5408391221911961E-015
           1          10  -1.7181250360252327E-015
           1          11   1.0902817012835758E-016
           1          12   7.1077261231769093E-016
           1          13  -2.7733901200404400E-015
           1          14   2.9316497205412902E-017
           2           1 -0.55948989674452310     
           2           2   2.2293564239583490     
           2           3 -0.14125415167499872     
           2           4 -0.29905612597892295     
           2           5  -3.1582084628461026E-003
           2           6   2.7667998928325241E-014
           2           7   4.3528503877169898E-014
           2           8  -1.9444074107983549E-014
           2           9   9.7913159966171781E-016
           2          10   1.4862311462020528E-014
           2          11  -5.0696668781913825E-015
           2          12  -5.9851968499507073E-015
           2          13   5.2331241288066516E-015
           2          14   4.5303586638399761E-016
           3           1   3.6778664569221187E-002
           3           2 -0.14125415167499872     
           3           3  0.33284009498749906     
           3           4  0.51966769969726667     
           3           5   1.6604317207340985E-002
           3           6  -4.8688305724913563E-014
           3           7  -8.5201472949291490E-014
           3           8   3.1014750736544687E-014
           3           9  -3.6009720016584730E-015
           3          10  -3.1457883465106995E-015
           3          11   5.3470811035776245E-015
           3          12  -2.1604544522109426E-015
           3          13  -6.0913490366847744E-016
           3          14   7.8937802353814606E-016
           4           1   6.6964162987290701E-002
           4           2 -0.29905612597892295     
           4           3  0.51966769969726667     
           4           4  0.81425710911229465     
           4           5   2.5779870376666202E-002
           4           6   1.0442702558408861E-013
           4           7   1.5842425196165256E-013
           4           8  -5.9876290848646696E-014
           4           9  -6.9100647916621789E-015
           4          10  -7.5584718962682749E-015
           4          11   9.2550094865741875E-015
           4          12  -2.1224647528935490E-015
           4          13   4.8472238462241141E-016
           4          14   6.0489650591779693E-016
           5           1   1.6373990153043278E-003
           5           2  -3.1582084628461026E-003
           5           3   1.6604317207340985E-002
           5           4   2.5779870376666202E-002
           5           5   8.3560783306314487E-004
           5           6  -3.9955098100514315E-014
           5           7  -4.9874033451993538E-014
           5           8   1.9564610720388896E-014
           5           9   9.4186548823299810E-017
           5          10   2.0394111027843695E-016
           5          11   1.2867990473116199E-016
           5          12  -3.2729793420475385E-016
           5          13  -2.7371961810528056E-016
           5          14   1.4031472028023322E-016
           6           1  -1.0999950160549969E-014
           6           2   2.7667998928325241E-014
           6           3  -4.8688305724913563E-014
           6           4   1.0442702558408861E-013
           6           5  -3.9955098100514315E-014
           6           6   2.0054103705495234     
           6           7   1.6694978732800741E-014
           6           8  -1.7624790515924110E-015
           6           9  -1.4761613146926499E-002
           6          10  -6.6682119895244923E-014
           6          11  -5.3279863160283345E-015
           6          12   1.1059466379410642E-002
           6          13   5.1059850791901346E-014
           6          14   1.4283929941627514E-014
           7           1  -2.0677140274209392E-014
           7           2   4.3528503877169898E-014
           7           3  -8.5201472949291490E-014
           7           4   1.5842425196165256E-013
           7           5  -4.9874033451993538E-014
           7           6   1.6694978732800741E-014
           7           7   2.0054103705495510     
           7           8  -1.0436096431476503E-014
           7           9  -4.1699066075096282E-014
           7          10  -1.4761613146984286E-002
           7          11   1.9708627091441487E-014
           7          12   7.1400893010553395E-014
           7          13   1.1059466379422140E-002
           7          14   1.7612864292026979E-014
           8           1   5.6224006489650065E-015
           8           2  -1.9444074107983549E-014
           8           3   3.1014750736544687E-014
           8           4  -5.9876290848646696E-014
           8           5   1.9564610720388896E-014
           8           6  -1.7624790515924110E-015
           8           7  -1.0436096431476503E-014
           8           8   2.0054103705495239     
           8           9   1.2270783347756404E-014
           8          10   3.1775363590336220E-014
           8          11  -1.4761613146909634E-002
           8          12  -2.4626351305401304E-014
           8          13  -2.1682308726234102E-014
           8          14   1.1059466379360460E-002
           9           1  -4.5408391221911961E-015
           9           2   9.7913159966171781E-016
           9           3  -3.6009720016584730E-015
           9           4  -6.9100647916621789E-015
           9           5   9.4186548823299810E-017
           9           6  -1.4761613146926499E-002
           9           7  -4.1699066075096282E-014
           9           8   1.2270783347756404E-014
           9           9   1.0865866953560337E-004
           9          10   7.9686911501892855E-016
           9          11  -5.1010865182182847E-017
           9          12  -8.1407559627505701E-005
           9          13  -6.0512711378213096E-016
           9          14  -3.7541347255113410E-017
          10           1  -1.7181250360252327E-015
          10           2   1.4862311462020528E-014
          10           3  -3.1457883465106995E-015
          10           4  -7.5584718962682749E-015
          10           5   2.0394111027843695E-016
          10           6  -6.6682119895244923E-014
          10           7  -1.4761613146984286E-002
          10           8   3.1775363590336220E-014
          10           9   7.9686911501892855E-016
          10          10   1.0865866953645262E-004
          10          11  -3.7839841665889046E-016
          10          12  -8.9262618970630705E-016
          10          13  -8.1407559627907927E-005
          10          14   4.5167184879333640E-017
          11           1   1.0902817012835758E-016
          11           2  -5.0696668781913825E-015
          11           3   5.3470811035776245E-015
          11           4   9.2550094865741875E-015
          11           5   1.2867990473116199E-016
          11           6  -5.3279863160283345E-015
          11           7   1.9708627091441487E-014
          11           8  -1.4761613146909634E-002
          11           9  -5.1010865182182847E-017
          11          10  -3.7839841665889046E-016
          11          11   1.0865866953535507E-004
          11          12   1.5181625623556429E-016
          11          13   2.6786739330553607E-016
          11          14  -8.1407559627043303E-005
          12           1   7.1077261231769093E-016
          12           2  -5.9851968499507073E-015
          12           3  -2.1604544522109426E-015
          12           4  -2.1224647528935490E-015
          12           5  -3.2729793420475385E-016
          12           6   1.1059466379410642E-002
          12           7   7.1400893010553395E-014
          12           8  -2.4626351305401304E-014
          12           9  -8.1407559627505701E-005
          12          10  -8.9262618970630705E-016
          12          11   1.5181625623556429E-016
          12          12   6.0990906598795301E-005
          12          13   6.7483792534100043E-016
          12          14  -5.6983294493443486E-017
          13           1  -2.7733901200404400E-015
          13           2   5.2331241288066516E-015
          13           3  -6.0913490366847744E-016
          13           4   4.8472238462241141E-016
          13           5  -2.7371961810528056E-016
          13           6   5.1059850791901346E-014
          13           7   1.1059466379422140E-002
          13           8  -2.1682308726234102E-014
          13           9  -6.0512711378213096E-016
          13          10  -8.1407559627907927E-005
          13          11   2.6786739330553607E-016
          13          12   6.7483792534100043E-016
          13          13   6.0990906598921305E-005
          13          14  -2.2127888714093738E-017
          14           1   2.9316497205412902E-017
          14           2   4.5303586638399761E-016
          14           3   7.8937802353814606E-016
          14           4   6.0489650591779693E-016
          14           5   1.4031472028023322E-016
          14           6   1.4283929941627514E-014
          14           7   1.7612864292026979E-014
          14           8   1.1059466379360460E-002
          14           9  -3.7541347255113410E-017
          14          10   4.5167184879333640E-017
          14          11  -8.1407559627043303E-005
          14          12  -5.6983294493443486E-017
          14          13  -2.2127888714093738E-017
          14          14   6.0990906598241802E-005
