           1           1   2.1525502655330455     
           1           2 -0.54486874702160992     
           1           3  0.29070247236969948     
           1           4 -0.18195110212599883     
           1           5   5.2673475853627402E-002
           1           6   3.0115454704141112E-015
           1           7  -4.6777993101721252E-015
           1           8   6.9362067736122530E-015
           1           9  -1.8120152054780374E-016
           1          10   1.1496805818779856E-015
           1          11  -7.8209087369855552E-016
           1          12  -5.9361529852720362E-016
           1          13  -1.1400815979477388E-015
           1          14   3.7696020876241517E-016
           2           1 -0.54486874702160992     
           2           2   2.1163618350011459     
           2           3 -0.18418775603576443     
           2           4  0.16933802153996350     
           2           5  -5.3102243033869401E-002
           2           6  -8.7768837556889565E-015
           2           7   1.4277279936691897E-014
           2           8  -3.0880907491762154E-014
           2           9  -4.1238333777272420E-016
           2          10  -6.8720342347639245E-016
           2          11   6.3235737330642825E-015
           2          12  -3.3140090674827162E-016
           2          13   1.3937803760399254E-015
           2          14  -1.9617963125327440E-015
           3           1  0.29070247236969948     
           3           2 -0.18418775603576443     
           3           3   4.8796161524432202     
           3           4  -2.7364573925061491     
           3           5  0.76828262879854470     
           3           6   5.4971271288056583E-015
           3           7  -4.1714478818881906E-015
           3           8   6.7144198589775227E-017
           3           9  -4.0559459660489604E-014
           3          10   3.1604562099364432E-014
           3          11   3.2067348355018375E-014
           3          12   6.6493246373008987E-015
           3          13   2.2420430757553255E-015
           3          14  -5.3040771750066348E-015
           4           1 -0.18195110212599883     
           4           2  0.16933802153996350     
           4           3  -2.7364573925061491     
           4           4   1.5366581272002846     
           4           5 -0.43160350790865071     
           4           6  -3.1065427183448441E-015
           4           7   2.3923947305571091E-015
           4           8  -3.8661162773556441E-016
           4           9   2.2638458016486213E-014
           4          10  -1.7636720421408803E-014
           4          11  -1.7857782093178102E-014
           4          12  -3.7110181430044561E-015
           4          13  -1.2407192296672848E-015
           4          14   2.9551691873691844E-015
           5           1   5.2673475853627402E-002
           5           2  -5.3102243033869401E-002
           5           3  0.76828262879854470     
           5           4 -0.43160350790865071     
           5           5  0.12123978223766735     
           5           6   4.2695967209827179E-016
           5           7   4.7466055399099435E-016
           5           8  -9.5083654604993611E-016
           5           9  -6.2661768561266844E-015
           5          10   4.7365546341762722E-015
           5          11   5.1997442586424954E-015
           5          12   1.0052111382348774E-015
           5          13   4.3748245134623074E-016
           5          14  -9.1371583522277131E-016
           6           1   3.0115454704141112E-015
           6           2  -8.7768837556889565E-015
           6           3   5.4971271288056583E-015
           6           4  -3.1065427183448441E-015
           6           5   4.2695967209827179E-016
           6           6   2.1205028731465840     
           6           7   1.6653345369377272E-016
           6           8  -5.5511151231262215E-017
           6           9 -0.38286497985424656     
           6          10   3.0531133177194226E-016
           6          11  -6.2450045135162492E-016
           6          12  0.16682372451407340     
           6          13  -4.8572257327350401E-016
           6          14   6.6613381477508959E-016
           7           1  -4.6777993101721252E-015
           7           2   1.4277279936691897E-014
           7           3  -4.1714478818881906E-015
           7           4   2.3923947305571091E-015
           7           5   4.7466055399099435E-016
           7           6   1.6653345369377272E-016
           7           7   2.1205028731465849     
           7           8  -5.5511151231257709E-016
           7           9  -1.7347234759767988E-015
           7          10 -0.38286497985424839     
           7          11   2.4147350785597088E-015
           7          12   2.3037127760971986E-015
           7          13  0.16682372451407512     
           7          14  -2.2759572004815697E-015
           8           1   6.9362067736122530E-015
           8           2  -3.0880907491762154E-014
           8           3   6.7144198589775227E-017
           8           4  -3.8661162773556441E-016
           8           5  -9.5083654604993611E-016
           8           6  -5.5511151231262215E-017
           8           7  -5.5511151231257709E-016
           8           8   2.1205028731465880     
           8           9   2.3592239273289315E-016
           8          10   1.2490009027032644E-015
           8          11 -0.38286497985424972     
           8          12  -1.7347234759768148E-015
           8          13  -2.1371793224034295E-015
           8          14  0.16682372451407607     
           9           1  -1.8120152054780374E-016
           9           2  -4.1238333777272420E-016
           9           3  -4.0559459660489604E-014
           9           4   2.2638458016486213E-014
           9           5  -6.2661768561266844E-015
           9           6 -0.38286497985424656     
           9           7  -1.7347234759767988E-015
           9           8   2.3592239273289315E-016
           9           9   6.9127750146019060E-002
           9          10   2.4633073358844549E-016
           9          11   7.1123662514772546E-017
           9          12  -3.0120667476632033E-002
           9          13  -4.5970172113406589E-017
           9          14  -1.0148132334459609E-016
          10           1   1.1496805818779856E-015
          10           2  -6.8720342347639245E-016
          10           3   3.1604562099364432E-014
          10           4  -1.7636720421408803E-014
          10           5   4.7365546341762722E-015
          10           6   3.0531133177194226E-016
          10           7 -0.38286497985424839     
          10           8   1.2490009027032644E-015
          10           9   2.4633073358844549E-016
          10          10   6.9127750146019698E-002
          10          11  -6.4531713306315856E-016
          10          12  -3.8684333514278563E-016
          10          13  -3.0120667476632473E-002
          10          14   5.0306980803323767E-016
          11           1  -7.8209087369855552E-016
          11           2   6.3235737330642825E-015
          11           3   3.2067348355018375E-014
          11           4  -1.7857782093178102E-014
          11           5   5.1997442586424954E-015
          11           6  -6.2450045135162492E-016
          11           7   2.4147350785597088E-015
          11           8 -0.38286497985424972     
          11           9   7.1123662514772546E-017
          11          10  -6.4531713306315856E-016
          11          11   6.9127750146020073E-002
          11          12   2.6454533008650790E-016
          11          13   5.6898930012041008E-016
          11          14  -3.0120667476632702E-002
          12           1  -5.9361529852720362E-016
          12           2  -3.3140090674827162E-016
          12           3   6.6493246373008987E-015
          12           4  -3.7110181430044561E-015
          12           5   1.0052111382348774E-015
          12           6  0.16682372451407340     
          12           7   2.3037127760971986E-015
          12           8  -1.7347234759768148E-015
          12           9  -3.0120667476632033E-002
          12          10  -3.8684333514278563E-016
          12          11   2.6454533008650790E-016
          12          12   1.3124318487458915E-002
          12          13   1.4224732503010161E-016
          12          14  -8.4567769453876988E-017
          13           1  -1.1400815979477388E-015
          13           2   1.3937803760399254E-015
          13           3   2.2420430757553255E-015
          13           4  -1.2407192296672848E-015
          13           5   4.3748245134623074E-016
          13           6  -4.8572257327350401E-016
          13           7  0.16682372451407512     
          13           8  -2.1371793224034295E-015
          13           9  -4.5970172113406589E-017
          13          10  -3.0120667476632473E-002
          13          11   5.6898930012041008E-016
          13          12   1.4224732503010161E-016
          13          13   1.3124318487459177E-002
          13          14  -3.4260788650542236E-016
          14           1   3.7696020876241517E-016
          14           2  -1.9617963125327440E-015
          14           3  -5.3040771750066348E-015
          14           4   2.9551691873691844E-015
          14           5  -9.1371583522277131E-016
          14           6   6.6613381477508959E-016
          14           7  -2.2759572004815697E-015
          14           8  0.16682372451407607     
          14           9  -1.0148132334459609E-016
          14          10   5.0306980803323767E-016
          14          11  -3.0120667476632702E-002
          14          12  -8.4567769453876988E-017
          14          13  -3.4260788650542236E-016
          14          14   1.3124318487459305E-002
