           1           1   2.0003233399763651     
           1           2   1.9681454566575123E-003
           1           3   1.3082824498874612E-002
           1           4   5.5387382805085743E-003
           1           5  -6.0164227900043315E-003
           1           6  -9.0338945039881503E-004
           1           7  -1.4980845959234895E-014
           1           8   2.9795506144848908E-014
           1           9   2.7693966876873953E-015
           1          10   5.5746347158809868E-015
           1          11   1.0590705349262091E-015
           1          12  -5.5831063501007691E-015
           1          13  -2.1742090738384170E-015
           1          14  -2.2377392677737344E-015
           1          15   5.8596377768429711E-015
           1          16   3.8103732369265157E-015
           1          17  -4.7034027865865698E-015
           1          18   2.9811836178426041E-015
           1          19  -7.8298235042277174E-004
           1          20   2.0120404291279925E-014
           1          21  -8.2198979645873986E-004
           1          22  -2.3390730760667489E-011
           1          23   2.0267289120603640E-012
           1          24  -9.2835611926807542E-004
           1          25  -2.3399710240982283E-003
           1          26  -8.5982910186328589E-014
           1          27  -2.1914541622139287E-003
           1          28   1.1737392631402481E-012
           1          29  -1.3970205911921679E-013
           1          30  -2.3107116552239415E-003
           1          31   5.1819015786514736E-004
           1          32  -5.4755390349789087E-014
           1          33   6.1008015051736901E-004
           1          34   7.3541377232465588E-012
           1          35  -5.6616880921809339E-013
           1          36   5.7092736355250705E-004
           1          37   4.4369982493873314E-016
           1          38  -1.5470429926932475E-015
           1          39  -8.8990004689126830E-016
           1          40  -1.5626747639173548E-015
           1          41   1.2162937843050238E-015
           1          42   1.5202306508808667E-015
           1          43  -1.1081311496687767E-015
           1          44  -1.0874367831150965E-015
           1          45   1.0261191320960886E-015
           1          46   2.3476771222668522E-015
           1          47  -2.8183200954496531E-015
           1          48  -3.4454613569350671E-016
           1          49   1.4055811461479504E-015
           1          50   1.2663347241120668E-015
           1          51  -4.7451636540191944E-015
           1          52   1.5345554441339312E-015
           1          53  -3.2592942753272007E-015
           1          54  -8.1631860676451744E-018
           1          55   5.3275550804084040E-016
           1          56  -6.4707270659933753E-015
           2           1   1.9681454566575123E-003
           2           2   2.0140655012050743     
           2           3  0.11367734851843747     
           2           4   4.8506240982093919E-002
           2           5   3.2716805750334699E-002
           2           6   6.8743097013448766E-004
           2           7  -1.6393105590415519E-013
           2           8   3.3397589762069657E-013
           2           9   7.0070728967352316E-014
           2          10   2.6795370310669111E-014
           2          11  -3.9127070598892891E-015
           2          12  -3.2837162343208523E-014
           2          13   1.5519460613252731E-015
           2          14  -1.1192038062325352E-014
           2          15   7.3331989613327429E-015
           2          16   1.1556894252209794E-014
           2          17  -2.8907530655677919E-014
           2          18  -1.2047965563587431E-015
           2          19  -5.5678373683254847E-003
           2          20   9.7617590248170102E-013
           2          21  -7.2200357158892017E-003
           2          22  -3.2327276747622764E-010
           2          23   4.3763855185242279E-012
           2          24  -6.5754772014824155E-003
           2          25  -3.8213970327700006E-002
           2          26  -8.5677522073764461E-013
           2          27  -3.6766863983746755E-002
           2          28   6.9143067208837035E-011
           2          29  -1.8081380537621893E-011
           2          30  -3.7205110453188861E-002
           2          31  -1.8123498072890751E-002
           2          32  -3.2055264292322868E-013
           2          33  -1.7575913520751461E-002
           2          34   3.7805456736872494E-011
           2          35  -2.8601029682381822E-012
           2          36  -1.7853941969250161E-002
           2          37   3.2379002918741694E-017
           2          38   1.0865008153834277E-015
           2          39  -1.8006166278488610E-015
           2          40   8.5820638537194466E-015
           2          41   1.9699545984572491E-015
           2          42   2.2841313269766611E-015
           2          43   8.6026130548381043E-017
           2          44  -1.8026311712635750E-015
           2          45   3.6795455250539830E-015
           2          46  -1.1837167359604504E-015
           2          47  -1.3421754915346662E-014
           2          48   1.8221750929219472E-015
           2          49  -3.5299380927465094E-015
           2          50  -1.1060084874419938E-014
           2          51  -9.3020485664934936E-015
           2          52   4.5823305127011863E-015
           2          53  -9.0701821679289638E-015
           2          54   3.0849003817517477E-015
           2          55   3.8709392183129932E-015
           2          56  -2.3321268336266268E-014
           3           1   1.3082824498874612E-002
           3           2  0.11367734851843747     
           3           3   2.5850173425481495     
           3           4  0.23304035196556239     
           3           5 -0.16189230661940726     
           3           6  -1.9037065477110988E-002
           3           7  -4.8846919049110365E-013
           3           8   1.1579605865003674E-012
           3           9   1.5006531636575532E-013
           3          10   1.4046082197501561E-013
           3          11   6.5946026430071928E-015
           3          12  -1.0674025528550983E-013
           3          13   2.4772645977150926E-014
           3          14  -7.5524747926430964E-014
           3          15   3.8882966391686356E-014
           3          16   6.1144138293742448E-014
           3          17  -1.6537060110798624E-013
           3          18  -2.3060653046117192E-015
           3          19  -4.9629441431945635E-002
           3          20   1.3836785210991062E-011
           3          21  -7.3239940180007415E-002
           3          22  -3.6192728619287172E-009
           3          23   6.7221617173036191E-011
           3          24  -5.9182976793445842E-002
           3          25 -0.11525514476738441     
           3          26  -5.4979836271017048E-012
           3          27 -0.10597529537397578     
           3          28   6.4010189661559722E-010
           3          29  -1.6366999735273151E-010
           3          30 -0.10601142255218721     
           3          31  -1.3758183250071146E-002
           3          32  -1.6615241852962070E-012
           3          33  -1.0930593542922359E-002
           3          34   1.9886268509304344E-010
           3          35  -2.9098965706507374E-011
           3          36  -1.2242946043501530E-002
           3          37   7.2944404015390335E-016
           3          38  -1.9398672644297863E-015
           3          39  -4.0647981423040849E-015
           3          40   9.7787592876940473E-015
           3          41  -2.6209497169584373E-015
           3          42   8.7555169076683982E-015
           3          43  -6.1159071909947198E-015
           3          44  -3.0831745610923822E-015
           3          45   1.2040447247956672E-014
           3          46  -7.5054359916441098E-015
           3          47  -6.6222181934611262E-014
           3          48   1.9310786007967437E-014
           3          49  -4.3079183649393427E-014
           3          50  -6.5924994819326267E-014
           3          51  -4.2880550058382174E-014
           3          52   4.0740097509500129E-014
           3          53  -5.6309721935191045E-014
           3          54  -1.1496098201761611E-015
           3          55   2.9193010379447826E-014
           3          56  -1.4151404985574540E-013
           4           1   5.5387382805085743E-003
           4           2   4.8506240982093919E-002
           4           3  0.23304035196556239     
           4           4   3.1178924699822488E-002
           4           5   4.1470214604553544E-002
           4           6   9.8902305924166555E-003
           4           7  -3.2150666241690718E-013
           4           8   7.6420287912628705E-013
           4           9   8.9274935098143696E-014
           4          10   7.3243025021949698E-014
           4          11  -4.4585607092961393E-014
           4          12  -1.4084010409566913E-013
           4          13  -7.3119108572417802E-015
           4          14   2.3076788909263655E-014
           4          15  -2.2447522443852831E-014
           4          16  -2.1269172094671104E-014
           4          17   6.1402009311612471E-014
           4          18   4.1711579374166352E-015
           4          19   4.9878025026921582E-004
           4          20  -4.6615441923271764E-012
           4          21   8.2828272396141718E-003
           4          22  -5.3614203186019607E-011
           4          23   1.0537788533429742E-009
           4          24  -2.7571116642140396E-002
           4          25  -1.5182066445401593E-003
           4          26  -1.0835331268002941E-012
           4          27   2.9731950795254265E-004
           4          28   4.8633008921744775E-011
           4          29   3.2034848749471449E-010
           4          30  -9.2847006622203444E-003
           4          31   5.2576578308113900E-003
           4          32   7.4570900746210181E-013
           4          33   3.9869350357033557E-003
           4          34  -1.5063905726355096E-010
           4          35   2.9365426730014873E-011
           4          36   3.9191184055985583E-003
           4          37   1.0847399771640892E-015
           4          38   2.1467704775245102E-015
           4          39   1.7209111074318470E-016
           4          40   9.5735201983622902E-016
           4          41  -4.1503835293909776E-015
           4          42  -2.5411907041546539E-015
           4          43  -1.6321302606546346E-015
           4          44   2.5629001296589004E-015
           4          45  -4.0563430686889915E-015
           4          46   1.3092452090557558E-015
           4          47   2.3728355337741453E-014
           4          48  -9.2539841980787440E-015
           4          49   1.7208445357215740E-014
           4          50   2.4564320284844767E-014
           4          51   1.3248798830853745E-014
           4          52  -1.5422177374848206E-014
           4          53   2.3185221300313193E-014
           4          54   1.7173155576436475E-015
           4          55  -1.1001418435867564E-014
           4          56   5.0304603627691500E-014
           5           1  -6.0164227900043315E-003
           5           2   3.2716805750334699E-002
           5           3 -0.16189230661940726     
           5           4   4.1470214604553544E-002
           5           5  0.35277414958805253     
           5           6   7.3321029185937525E-002
           5           7  -6.7205089083115665E-014
           5           8   2.0893924981311223E-013
           5           9   5.3931105543305368E-014
           5          10  -2.3344022476478581E-014
           5          11  -5.8638369901420237E-014
           5          12   2.3289063365381485E-014
           5          13  -7.4210008123281925E-014
           5          14   2.1259288017140223E-013
           5          15  -1.4537394367948209E-013
           5          16  -1.7760643993043332E-013
           5          17   4.7220064466255532E-013
           5          18   1.3536420530645396E-014
           5          19   2.2499907246108881E-003
           5          20  -6.6244410425861258E-012
           5          21   1.3766235945438542E-002
           5          22   1.9790306122606957E-009
           5          23   1.1526720541239556E-009
           5          24  -1.8602611911176972E-002
           5          25   5.7849612531207927E-002
           5          26   7.4896425649977379E-012
           5          27   4.5320841626130461E-002
           5          28   6.9491914677410816E-011
           5          29   4.0570720739274301E-010
           5          30   4.6368271593819968E-002
           5          31   4.3542980619458861E-002
           5          32   6.7562393959874954E-012
           5          33   3.2053239030650292E-002
           5          34  -9.8781113334210931E-010
           5          35   9.9030765747547329E-011
           5          36   3.6128754952870101E-002
           5          37   6.7728956027167692E-015
           5          38   8.6210633905020751E-015
           5          39   5.6349959419127788E-015
           5          40  -1.3646835434237260E-014
           5          41  -3.4154889620053325E-015
           5          42  -2.0330083926183146E-014
           5          43   6.4722002389014115E-015
           5          44   1.3470887185170169E-014
           5          45  -3.9872583782910187E-014
           5          46   9.2194710246114865E-015
           5          47   1.7981245300444451E-013
           5          48  -6.5686963087756238E-014
           5          49   1.2919570349932272E-013
           5          50   1.9318125723837767E-013
           5          51   1.2023823754959564E-013
           5          52  -1.1588661977273311E-013
           5          53   1.7842906314379781E-013
           5          54   1.2469460502529945E-014
           5          55  -8.2657311272283100E-014
           5          56   4.0503106448212341E-013
           6           1  -9.0338945039881503E-004
           6           2   6.8743097013448766E-004
           6           3  -1.9037065477110988E-002
           6           4   9.8902305924166555E-003
           6           5   7.3321029185937525E-002
           6           6   1.5365097538816232E-002
           6           7  -6.0351058750041355E-015
           6           8   1.3132587811724012E-014
           6           9  -1.3260213576703720E-015
           6          10   2.3271031843489418E-016
           6          11  -1.3463782307245671E-014
           6          12   2.0480558076297647E-014
           6          13  -1.5407505118365567E-014
           6          14   4.4865804165739853E-014
           6          15  -3.0230243651360135E-014
           6          16  -3.7362554692497424E-014
           6          17   9.8289185692990594E-014
           6          18   2.3871984821040227E-015
           6          19  -1.0867738761017007E-004
           6          20   2.7417032511028459E-013
           6          21  -4.6903227579145801E-004
           6          22   3.3219758399843570E-010
           6          23   7.9983487647447534E-011
           6          24  -1.0025707426091009E-003
           6          25   1.1602878847188032E-002
           6          26   2.0617112443064476E-012
           6          27   8.1561548310342506E-003
           6          28  -1.9798804044498743E-012
           6          29   3.8998363858384004E-011
           6          30   1.0268365543109349E-002
           6          31   9.1972718402163096E-003
           6          32   1.4573812790824749E-012
           6          33   6.7195944489196807E-003
           6          34  -2.0857615153147492E-010
           6          35   2.1718146442750125E-011
           6          36   7.6898974251759086E-003
           6          37   1.5118469815983419E-015
           6          38   1.6764367961045978E-015
           6          39   1.1569269554402146E-015
           6          40  -3.0453927603767922E-015
           6          41  -3.0431718460677547E-016
           6          42  -4.2107556408854023E-015
           6          43   1.5901019792354431E-015
           6          44   2.9913495510884542E-015
           6          45  -8.4925885085846838E-015
           6          46   1.7345955043188003E-015
           6          47   3.7144593915896844E-014
           6          48  -1.3590537975917409E-014
           6          49   2.6800283062171771E-014
           6          50   4.0490700319588082E-014
           6          51   2.5504075595515411E-014
           6          52  -2.4042820926846986E-014
           6          53   3.7327044181435237E-014
           6          54   2.6506218550235839E-015
           6          55  -1.7118912062170372E-014
           6          56   8.4927536437057201E-014
           7           1  -1.4980845959234895E-014
           7           2  -1.6393105590415519E-013
           7           3  -4.8846919049110365E-013
           7           4  -3.2150666241690718E-013
           7           5  -6.7205089083115665E-014
           7           6  -6.0351058750041355E-015
           7           7   1.9984207149445181     
           7           8  -1.7042042525879523E-012
           7           9  -6.0737585565343146E-012
           7          10  -1.4019218693802425E-002
           7          11   2.7516702414226821E-013
           7          12  -7.0521539519399860E-011
           7          13  -2.0300424990167530E-003
           7          14   1.1028051944931913E-014
           7          15   2.7475898376670343E-013
           7          16  -5.2224650154511639E-004
           7          17   6.4105082303209367E-015
           7          18  -1.1515582521287927E-012
           7          19   1.5255434802073449E-013
           7          20   2.7584633714004080E-016
           7          21   1.5254432570884163E-013
           7          22   1.9381576278360176E-015
           7          23   1.9188407737017480E-015
           7          24   1.5288857258697855E-013
           7          25   1.2455818956144303E-013
           7          26   7.7252624834705847E-016
           7          27   1.2744146161918527E-013
           7          28   3.8701809612545846E-015
           7          29   5.0134878458194195E-016
           7          30   1.2655163207311684E-013
           7          31   2.2358153140817077E-014
           7          32  -4.8083170086919974E-016
           7          33   2.1605295835995424E-014
           7          34  -1.0613768466589817E-015
           7          35   7.6352031437816814E-017
           7          36   2.1563960926778081E-014
           7          37   8.1530870201521194E-003
           7          38   1.6064221621615739E-013
           7          39   3.5115172625913679E-003
           7          40   4.9665635628590182E-014
           7          41  -1.3819915343885222E-010
           7          42   2.6116921884113841E-011
           7          43   2.6117731193063229E-010
           7          44   3.4908276285362484E-003
           7          45  -4.2385243167619178E-013
           7          46  -4.6074636109760990E-011
           7          47   1.3043926675402888E-003
           7          48  -1.1706464970777330E-014
           7          49   5.9210838052574746E-004
           7          50  -5.1982115721877868E-015
           7          51  -1.7707373272243301E-012
           7          52   6.5494178116453509E-013
           7          53   8.7587623311398364E-012
           7          54   6.0996691032043490E-004
           7          55  -1.0878468551733443E-014
           7          56  -1.3178701055899331E-012
           8           1   2.9795506144848908E-014
           8           2   3.3397589762069657E-013
           8           3   1.1579605865003674E-012
           8           4   7.6420287912628705E-013
           8           5   2.0893924981311223E-013
           8           6   1.3132587811724012E-014
           8           7  -1.7042042525879523E-012
           8           8   1.9983743393513993     
           8           9  -8.9495345510109471E-012
           8          10   2.8063281300137091E-013
           8          11  -1.4605761992765755E-002
           8          12   5.9521324270763108E-012
           8          13  -1.1996394740319755E-014
           8          14  -2.0421642588647950E-003
           8          15   9.4434717936925877E-013
           8          16  -7.4566042111399858E-015
           8          17  -5.3261797435916148E-004
           8          18   2.7836620031009386E-013
           8          19  -3.7030525305288953E-013
           8          20   5.6154304322095565E-015
           8          21  -3.5855625780020316E-013
           8          22   5.3228150978281082E-015
           8          23   6.4927374029627639E-015
           8          24  -3.6118041625958447E-013
           8          25  -3.2580180400313670E-013
           8          26   2.9395845693849357E-015
           8          27  -3.0921242722805080E-013
           8          28   4.6249945020745561E-015
           8          29   5.2993600423162599E-015
           8          30  -3.1788387529833252E-013
           8          31  -6.0953654078192152E-014
           8          32  -1.4404381788734893E-014
           8          33  -7.0903256181205212E-014
           8          34  -8.3967409541728366E-015
           8          35   6.7173634104486703E-015
           8          36  -5.8560378412810091E-014
           8          37   5.2826427311320997E-014
           8          38   3.6236116820786315E-003
           8          39   1.5067561657414579E-013
           8          40   7.8017227929078050E-003
           8          41   2.1888369717585421E-011
           8          42   2.9188762140911914E-010
           8          43  -1.0490100370003490E-011
           8          44  -4.3096627320162463E-013
           8          45   4.3361114436254603E-003
           8          46  -1.3290768565172101E-011
           8          47   1.9702791769272873E-014
           8          48   5.8635820554513596E-004
           8          49  -6.0575997190055869E-015
           8          50   1.3305403671709896E-003
           8          51   6.6427655250404848E-013
           8          52   1.2870049740876086E-011
           8          53  -9.3450419786419372E-013
           8          54   2.9688621260812533E-015
           8          55   6.2994812989882387E-004
           8          56  -9.7298130860278854E-013
           9           1   2.7693966876873953E-015
           9           2   7.0070728967352316E-014
           9           3   1.5006531636575532E-013
           9           4   8.9274935098143696E-014
           9           5   5.3931105543305368E-014
           9           6  -1.3260213576703720E-015
           9           7  -6.0737585565343146E-012
           9           8  -8.9495345510109471E-012
           9           9   1.9983756109404736     
           9          10  -7.0364496853583042E-011
           9          11   6.1193860438920119E-012
           9          12  -1.4541902242693562E-002
           9          13   2.4669156505441787E-013
           9          14   1.1502513064563872E-012
           9          15  -2.0788241224611818E-003
           9          16  -1.1415770530745156E-012
           9          17   2.9959225191854307E-013
           9          18  -5.3909113114163185E-004
           9          19  -4.8088386780531828E-014
           9          20   3.6880613606058704E-015
           9          21  -5.4697163375652170E-014
           9          22  -2.1010001832295478E-017
           9          23   5.9009970293926544E-015
           9          24  -4.8833395335805642E-014
           9          25  -4.4212290290682249E-014
           9          26  -3.8707285062489516E-016
           9          27  -5.0797175989379887E-014
           9          28  -1.9779413469344188E-015
           9          29   1.6822528420885210E-015
           9          30  -3.9199794654761322E-014
           9          31  -1.6619569450191182E-014
           9          32   2.3125842494753336E-015
           9          33  -9.6127161821201958E-015
           9          34  -4.2578657855380953E-015
           9          35   1.1865051208490866E-015
           9          36  -1.7156781000868714E-014
           9          37  -7.7209080218338390E-011
           9          38   2.0786365745310494E-011
           9          39   2.5844547554701090E-010
           9          40  -9.7048447133713806E-012
           9          41   3.5747446073312256E-003
           9          42  -4.4008409865949538E-013
           9          43   4.3099639308598493E-003
           9          44  -9.3521207054431983E-011
           9          45  -1.4142473518682687E-011
           9          46   7.8666819266031019E-003
           9          47  -2.1559823962290347E-012
           9          48   3.7244158251827945E-013
           9          49   7.8850711183605866E-012
           9          50  -8.0977907860467568E-013
           9          51   6.0516857270957302E-004
           9          52  -1.9369212719232707E-014
           9          53   6.3018600662165204E-004
           9          54   1.2554502832248560E-013
           9          55  -1.0429361198837181E-012
           9          56   1.3474700479069468E-003
          10           1   5.5746347158809868E-015
          10           2   2.6795370310669111E-014
          10           3   1.4046082197501561E-013
          10           4   7.3243025021949698E-014
          10           5  -2.3344022476478581E-014
          10           6   2.3271031843489418E-016
          10           7  -1.4019218693802425E-002
          10           8   2.8063281300137091E-013
          10           9  -7.0364496853583042E-011
          10          10   1.8871556862173571     
          10          11   3.4165877967418236E-012
          10          12  -8.7780955156315459E-010
          10          13   4.2587797222550100E-002
          10          14  -6.1212748362552016E-012
          10          15   1.5094970713781342E-009
          10          16  -2.0256855453305647E-003
          10          17  -7.2618024820494616E-013
          10          18   1.7593669223732126E-010
          10          19  -2.1524055957291640E-014
          10          20   8.9180679454274440E-015
          10          21  -1.7039487372859581E-014
          10          22   1.2703420226345447E-014
          10          23   2.4671339099426952E-014
          10          24  -1.4836866674530448E-014
          10          25  -3.9926122375418006E-014
          10          26   2.7589050966829796E-014
          10          27  -5.8226869402739629E-014
          10          28   1.8526506310215725E-014
          10          29  -1.7386241194836723E-014
          10          30  -4.7699713583156520E-015
          10          31   1.6113831822287048E-014
          10          32  -2.8449886190114124E-014
          10          33  -3.2089517969796230E-014
          10          34   1.8378282972014837E-014
          10          35   1.5851327176571498E-014
          10          36  -5.8108681530736238E-015
          10          37   4.1043914546517388E-002
          10          38   8.1437390498737795E-012
          10          39   9.9047343439728087E-003
          10          40  -1.0964276404381959E-012
          10          41  -3.6591034617657907E-009
          10          42   5.0506257999931357E-010
          10          43   4.1641505202958202E-009
          10          44   9.9026708996887060E-003
          10          45  -7.2385940841573200E-012
          10          46  -3.6604220779832586E-010
          10          47  -5.5335463766279583E-003
          10          48   1.7963535815616120E-012
          10          49  -2.8357044456117208E-003
          10          50   3.1427171971257030E-012
          10          51  -9.5490751806078122E-010
          10          52   1.2586624010441018E-010
          10          53   9.9363227989241796E-010
          10          54  -1.8746697146622346E-003
          10          55  -4.3438466680173549E-013
          10          56  -9.6151879163582286E-010
          11           1   1.0590705349262091E-015
          11           2  -3.9127070598892891E-015
          11           3   6.5946026430071928E-015
          11           4  -4.4585607092961393E-014
          11           5  -5.8638369901420237E-014
          11           6  -1.3463782307245671E-014
          11           7   2.7516702414226821E-013
          11           8  -1.4605761992765755E-002
          11           9   6.1193860438920119E-012
          11          10   3.4165877967418236E-012
          11          11   1.8795619206388998     
          11          12   6.4433177458560416E-011
          11          13  -6.0841520641243877E-012
          11          14   5.4457806438310753E-002
          11          15  -1.2555398747042974E-010
          11          16  -7.6377358266183608E-013
          11          17  -5.3188486296421771E-004
          11          18  -1.5335582320385021E-011
          11          19  -9.4823775963388955E-015
          11          20  -4.0000093016126362E-015
          11          21  -2.4051978272126252E-015
          11          22   3.1164178250263474E-015
          11          23   7.3405789333569449E-014
          11          24   5.8450674965373856E-015
          11          25  -2.3481372249293284E-015
          11          26  -3.2670102296480554E-015
          11          27   5.7154232061219175E-015
          11          28   1.2563193987501570E-015
          11          29   3.1602790387122390E-014
          11          30  -3.5000332875598927E-015
          11          31  -8.7302829435912173E-015
          11          32   1.8149159505102335E-016
          11          33  -5.9553744066471814E-015
          11          34  -6.8966635298273464E-016
          11          35   7.7585661450933428E-015
          11          36  -6.6707535449541521E-015
          11          37  -1.1044290367880053E-012
          11          38   1.9333444812774624E-002
          11          39   8.1425120330721573E-012
          11          40   2.4304106087533688E-002
          11          41   3.3298993683174383E-010
          11          42   3.6583855476754170E-009
          11          43  -6.5119664126320396E-012
          11          44  -7.2380870977148625E-012
          11          45   2.4008105410260154E-002
          11          46  -2.4324016066350067E-010
          11          47   3.1557705069325432E-012
          11          48  -5.2314521510779177E-003
          11          49   1.8072036088807279E-012
          11          50  -1.2545126993280956E-002
          11          51   1.4573326080857599E-010
          11          52   1.5863226180290747E-009
          11          53  -3.1998138653953112E-011
          11          54  -4.6319592418596709E-013
          11          55  -9.7681362880181919E-004
          11          56  -3.7183072233239695E-012
          12           1  -5.5831063501007691E-015
          12           2  -3.2837162343208523E-014
          12           3  -1.0674025528550983E-013
          12           4  -1.4084010409566913E-013
          12           5   2.3289063365381485E-014
          12           6   2.0480558076297647E-014
          12           7  -7.0521539519399860E-011
          12           8   5.9521324270763108E-012
          12           9  -1.4541902242693562E-002
          12          10  -8.7780955156315459E-010
          12          11   6.4433177458560416E-011
          12          12   1.8810230375875339     
          12          13   1.5120535779452174E-009
          12          14  -1.1603577289774359E-010
          12          15   5.2762794514941397E-002
          12          16   1.7627666696038622E-010
          12          17  -1.4168431409983229E-011
          12          18  -7.8845462023420499E-004
          12          19  -3.4632046778064515E-015
          12          20  -5.2465628835817717E-015
          12          21  -2.0339666198496089E-014
          12          22   6.1262784947516935E-015
          12          23   6.6858446397960215E-014
          12          24   7.3474588429577319E-014
          12          25   3.3324135633195567E-014
          12          26  -1.2879298038290985E-015
          12          27   3.0036732260964722E-014
          12          28   8.9140292351410621E-015
          12          29   2.9967351015489014E-014
          12          30   5.0317763413921450E-014
          12          31  -5.1374416967833903E-015
          12          32  -2.6065822843135745E-015
          12          33  -2.5046540726879712E-014
          12          34   2.3558119312119372E-015
          12          35   1.6687176475469700E-015
          12          36  -2.0230272596284529E-014
          12          37  -8.6347849299921266E-010
          12          38   3.0488581257949178E-010
          12          39   4.1247944990879089E-009
          12          40  -1.8450104608402173E-010
          12          41   1.8611140226359749E-002
          12          42  -2.8062459240140102E-012
          12          43   2.3322835547414683E-002
          12          44  -2.9467858693380581E-009
          12          45  -5.5755496963586891E-011
          12          46   2.4868980182343198E-002
          12          47  -1.1191422572257488E-009
          12          48   1.3190680141053514E-010
          12          49   9.6917985586062893E-010
          12          50   1.7159655332179110E-011
          12          51  -4.2360932517933802E-003
          12          52  -1.9166206780977598E-012
          12          53  -1.0112658033546462E-003
          12          54  -7.2582494909675786E-010
          12          55  -5.3303111448278751E-011
          12          56  -1.1839267153726246E-002
          13           1  -2.1742090738384170E-015
          13           2   1.5519460613252731E-015
          13           3   2.4772645977150926E-014
          13           4  -7.3119108572417802E-015
          13           5  -7.4210008123281925E-014
          13           6  -1.5407505118365567E-014
          13           7  -2.0300424990167530E-003
          13           8  -1.1996394740319755E-014
          13           9   2.4669156505441787E-013
          13          10   4.2587797222550100E-002
          13          11  -6.0841520641243877E-012
          13          12   1.5120535779452174E-009
          13          13   1.0525095914020975E-003
          13          14  -3.3522327757021095E-013
          13          15   7.6066901096049644E-011
          13          16  -3.1908754316774076E-005
          13          17  -1.7909035099201641E-014
          13          18   2.9243222957811950E-012
          13          19   3.0804897347409635E-014
          13          20  -5.3383975879706183E-014
          13          21  -1.3901397302144118E-014
          13          22  -1.7168825778994974E-013
          13          23  -8.8684404780021671E-014
          13          24  -1.7111726894153427E-014
          13          25  -4.1593729738760166E-015
          13          26  -1.4930084128023977E-014
          13          27  -1.4144546753351441E-014
          13          28  -6.2126635456817034E-014
          13          29  -3.9022478766499465E-014
          13          30  -1.5454151793676674E-014
          13          31  -8.5847222575155678E-015
          13          32  -1.5522766923008496E-015
          13          33  -7.9810592265542032E-015
          13          34  -7.7339320043014876E-015
          13          35  -8.7617366020614688E-015
          13          36  -8.1363722689531300E-015
          13          37   7.9538638751994661E-004
          13          38   1.2269893557713818E-013
          13          39   1.4109595068030254E-004
          13          40  -1.4761772127282514E-013
          13          41  -8.7350747747860027E-011
          13          42   1.5458703366402924E-011
          13          43   1.4881368672841840E-010
          13          44   4.9017633573786724E-004
          13          45  -1.9696023776091804E-013
          13          46  -1.4906618104919268E-012
          13          47  -1.8502888256655793E-004
          13          48   6.2897041326504440E-014
          13          49  -9.3839087761209331E-005
          13          50   1.1750042553760827E-013
          13          51  -2.8957808638627319E-011
          13          52   3.6721132323276461E-012
          13          53   3.0031757960067545E-011
          13          54  -1.5694114129779082E-005
          13          55   2.6145548815414718E-015
          13          56  -3.2562429947875468E-011
          14           1  -2.2377392677737344E-015
          14           2  -1.1192038062325352E-014
          14           3  -7.5524747926430964E-014
          14           4   2.3076788909263655E-014
          14           5   2.1259288017140223E-013
          14           6   4.4865804165739853E-014
          14           7   1.1028051944931913E-014
          14           8  -2.0421642588647950E-003
          14           9   1.1502513064563872E-012
          14          10  -6.1212748362552016E-012
          14          11   5.4457806438310753E-002
          14          12  -1.1603577289774359E-010
          14          13  -3.3522327757021095E-013
          14          14   1.7043907619543252E-003
          14          15  -8.9028423967948066E-012
          14          16  -1.9009374037251667E-014
          14          17   5.1680238049050707E-006
          14          18  -6.2071929853140343E-013
          14          19   4.0188231544183112E-014
          14          20   2.6381246718433291E-014
          14          21  -9.3238792806685418E-014
          14          22  -1.0014665915744557E-014
          14          23  -2.0608599389511988E-013
          14          24   5.0233673360627358E-014
          14          25   4.7419589714695680E-014
          14          26   7.6509433941328531E-015
          14          27  -2.7075525793203245E-015
          14          28  -3.6555516123129959E-015
          14          29  -8.9453219146063057E-014
          14          30   4.7967638038627059E-014
          14          31   2.7996202829941909E-014
          14          32   3.7294632403123650E-016
          14          33   1.8448703669011634E-014
          14          34  -5.0585796687945191E-016
          14          35  -2.1629441838438344E-014
          14          36   2.4193339188395689E-014
          14          37  -2.1621791132195833E-013
          14          38   5.4448776782013871E-004
          14          39   2.1411687511446297E-013
          14          40   6.0388796271569959E-004
          14          41   1.1564101941951404E-011
          14          42   1.7043303920342677E-010
          14          43  -4.7565583982077165E-012
          14          44  -1.9808559927571497E-013
          14          45   8.7334917341053131E-004
          14          46  -8.9491470907371613E-012
          14          47   1.1461023729431245E-013
          14          48  -1.8248876151477603E-004
          14          49   6.8165314761587232E-014
          14          50  -4.4092851253322565E-004
          14          51   5.5415049916931516E-012
          14          52   5.9431663313712570E-011
          14          53  -1.2610405392673594E-012
          14          54   1.6791972143754768E-015
          14          55  -1.9281537170416984E-005
          14          56   1.2664343473521456E-012
