           1           1   2.2004728915559784     
           1           2 -0.80040105137477968     
           1           3 -0.24698938213232116     
           1           4 -0.16261125947419786     
           1           5  -1.5086326850494236E-014
           1           6   2.2789687582219892E-014
           1           7   1.2860571964712243E-014
           1           8  -1.3814064963988307E-016
           1           9  -7.6520886800641442E-015
           1          10  -7.4738989181869630E-015
           1          11   6.0411841295474728E-016
           1          12  -1.4573626144640412E-015
           1          13   9.4053681019726591E-015
           1          14  0.23034432484549044     
           1          15  -1.5859131827566991E-015
           1          16  0.23034432484549502     
           1          17   1.1637621678223574E-015
           1          18   1.2078717543930210E-015
           1          19  0.23034432484549600     
           1          20   9.4787826771065259E-002
           1          21   2.6033480308494107E-015
           1          22   9.4787826771061789E-002
           1          23   2.0092400814944681E-015
           1          24  -5.9199346764847103E-015
           1          25   9.4787826771064607E-002
           2           1 -0.80040105137477968     
           2           2   3.4349230685401957     
           2           3  0.68842353085819308     
           2           4  0.42635481030483230     
           2           5   3.5509488740663746E-014
           2           6  -6.8081485781074131E-014
           2           7  -6.4373796118936022E-014
           2           8   1.5107359892391806E-014
           2           9   1.5261120834922263E-014
           2          10   3.4225115515723811E-014
           2          11  -6.0324700206252188E-015
           2          12  -1.3537716866968194E-014
           2          13  -3.7177333704266396E-014
           2          14 -0.70297688223820742     
           2          15  -3.1440386454691079E-015
           2          16 -0.70297688223819899     
           2          17  -3.2291019166509991E-015
           2          18  -6.6286045090980966E-015
           2          19 -0.70297688223821697     
           2          20 -0.25002129016980290     
           2          21  -2.5982814835120802E-014
           2          22 -0.25002129016980756     
           2          23   1.5797442577378580E-014
           2          24   6.3453356261793761E-015
           2          25 -0.25002129016981411     
           3           1 -0.24698938213232116     
           3           2  0.68842353085819308     
           3           3  0.14169462574765815     
           3           4   8.8169023911701352E-002
           3           5   6.6170060051752278E-015
           3           6  -1.4610702459380391E-014
           3           7  -1.3978081874683613E-014
           3           8   3.0172268985492234E-015
           3           9   3.3483429284459438E-015
           3          10   7.0365416729971826E-015
           3          11  -1.2163832266382861E-015
           3          12  -2.5502181666073102E-015
           3          13  -7.5445958319657226E-015
           3          14 -0.14375009800698629     
           3          15  -5.3045850448106710E-016
           3          16 -0.14375009800698485     
           3          17  -6.6485446310315687E-016
           3          18  -1.3140233130549968E-015
           3          19 -0.14375009800698835     
           3          20  -5.1679224570791625E-002
           3          21  -5.0590942912577061E-015
           3          22  -5.1679224570792381E-002
           3          23   2.9214967902764189E-015
           3          24   1.4626447737903729E-015
           3          25  -5.1679224570793734E-002
           4           1 -0.16261125947419786     
           4           2  0.42635481030483230     
           4           3   8.8169023911701352E-002
           4           4   5.4907874366184724E-002
           4           5   6.6978101655836394E-015
           4           6  -5.1443138797112125E-015
           4           7  -6.8473671632318554E-015
           4           8   1.4157793786837231E-015
           4           9   1.4235620278692118E-015
           4          10   4.0494258663042355E-015
           4          11  -6.1404493163756294E-016
           4          12  -1.3495607480201741E-015
           4          13  -4.5811439200848327E-015
           4          14  -8.9346058490452129E-002
           4          15  -3.1741946279105175E-016
           4          16  -8.9346058490451283E-002
           4          17  -4.1372798304806219E-016
           4          18  -8.1218891640849131E-016
           4          19  -8.9346058490453420E-002
           4          20  -3.2180951567292428E-002
           4          21  -3.1166720120665401E-015
           4          22  -3.2180951567292872E-002
           4          23   1.7820896001379645E-015
           4          24   9.2711729481110653E-016
           4          25  -3.2180951567293718E-002
           5           1  -1.5086326850494236E-014
           5           2   3.5509488740663746E-014
           5           3   6.6170060051752278E-015
           5           4   6.6978101655836394E-015
           5           5   1.1514794833296336     
           5           6   9.1593399531545951E-016
           5           7   5.5511151231005983E-017
           5           8 -0.19585883162799833     
           5           9   2.0816681711728706E-016
           5          10   4.1633363423581033E-017
           5          11   6.0754293886990648E-002
           5          12  -1.1102230246256318E-016
           5          13  -3.2612801348379248E-016
           5          14  -7.7281426840490657E-015
           5          15  -5.3980264263038434E-016
           5          16  -6.4942872009043965E-015
           5          17   2.8794558217421867E-016
           5          18   7.5902361816828815E-016
           5          19  -7.2974388039353225E-015
           5          20  -4.3045099282986371E-015
           5          21  -6.6000241484576843E-017
           5          22  -2.1245515053671373E-015
           5          23  -2.2918231460022525E-016
           5          24   7.5223283466579354E-016
           5          25  -3.4582597925178704E-015
           6           1   2.2789687582219892E-014
           6           2  -6.8081485781074131E-014
           6           3  -1.4610702459380391E-014
           6           4  -5.1443138797112125E-015
           6           5   9.1593399531545951E-016
           6           6   1.1514794833296325     
           6           7   4.9960036108194670E-016
           6           8  -2.2343238370582865E-015
           6           9 -0.19585883162799811     
           6          10  -5.5511151231598479E-017
           6          11   6.9735883734273976E-016
           6          12   6.0754293886988900E-002
           6          13   1.0061396160702948E-016
           6          14   1.3490771020304574E-014
           6          15  -1.2400225877411596E-015
           6          16   1.3723472121794379E-014
           6          17   7.6778492051003716E-016
           6          18   4.7379739342095932E-016
           6          19   1.4197591236357315E-014
           6          20   3.7915235112682090E-015
           6          21   7.4135103867321959E-016
           6          22   3.5709708223539589E-015
           6          23   5.0928831123192739E-017
           6          24  -3.5751276511251845E-016
           6          25   4.2243728716594020E-015
           7           1   1.2860571964712243E-014
           7           2  -6.4373796118936022E-014
           7           3  -1.3978081874683613E-014
           7           4  -6.8473671632318554E-015
           7           5   5.5511151231005983E-017
           7           6   4.9960036108194670E-016
           7           7   1.1514794833296307     
           7           8  -9.1593399531590502E-016
           7           9  -3.6082248300331442E-016
           7          10 -0.19585883162799672     
           7          11   7.5633943552594686E-016
           7          12   3.9898639947479185E-016
           7          13   6.0754293886988775E-002
           7          14   1.2314710177893490E-014
           7          15  -3.9240590925780105E-016
           7          16   1.3826882711103574E-014
           7          17  -9.5401763875088086E-016
           7          18  -2.6805479242649464E-016
           7          19   1.3483191023326211E-014
           7          20   4.4472490543491503E-015
           7          21   3.9103135959938726E-016
           7          22   4.6714247881314500E-015
           7          23  -2.1160304811161564E-016
           7          24  -1.8330234856037373E-016
           7          25   4.3491941609942219E-015
           8           1  -1.3814064963988307E-016
           8           2   1.5107359892391806E-014
           8           3   3.0172268985492234E-015
           8           4   1.4157793786837231E-015
           8           5 -0.19585883162799833     
           8           6  -2.2343238370582865E-015
           8           7  -9.1593399531590502E-016
           8           8   3.3314255687613585E-002
           8           9   3.1745439610378903E-016
           8          10   1.4745149545810986E-016
           8          11  -1.0333892344032005E-002
           8          12  -9.0639301619824483E-017
           8          13   7.8062556418078742E-018
           8          14  -2.9399493105098283E-015
           8          15   9.1816759591368952E-017
           8          16  -3.1498197396621191E-015
           8          17  -4.8977585891527941E-017
           8          18  -1.2910475712747695E-016
           8          19  -3.0132091123196369E-015
           8          20  -7.6677276046004921E-016
           8          21   1.1226192364943738E-017
           8          22  -1.1375688674635375E-015
           8          23   3.8982353587163198E-017
           8          24  -1.2794969102167042E-016
           8          25  -9.1071415521236215E-016
           9           1  -7.6520886800641442E-015
           9           2   1.5261120834922263E-014
           9           3   3.3483429284459438E-015
           9           4   1.4235620278692118E-015
           9           5   2.0816681711728706E-016
           9           6 -0.19585883162799811     
           9           7  -3.6082248300331442E-016
           9           8   3.1745439610378903E-016
           9           9   3.3314255687613543E-002
           9          10   5.7245874707310389E-017
           9          11  -9.9312918999685826E-017
           9          12  -1.0333892344031707E-002
           9          13  -3.1225022567666665E-017
           9          14  -3.1444156803855754E-015
           9          15   2.1091941171633041E-016
           9          16  -3.1839965556996126E-015
           9          17  -1.3059499509089145E-016
           9          18  -8.0589715446334464E-017
           9          19  -3.2646409937249420E-015
           9          20  -9.6576452462589269E-016
           9          21  -1.2609877150472843E-016
           9          22  -9.2825001169835762E-016
           9          23  -8.6626479276163467E-018
           9          24   6.0810490747583075E-017
           9          25  -1.0393892580445119E-015
          10           1  -7.4738989181869630E-015
          10           2   3.4225115515723811E-014
          10           3   7.0365416729971826E-015
          10           4   4.0494258663042355E-015
          10           5   4.1633363423581033E-017
          10           6  -5.5511151231598479E-017
          10           7 -0.19585883162799672     
          10           8   1.4745149545810986E-016
          10           9   5.7245874707310389E-017
          10          10   3.3314255687613127E-002
          10          11  -1.2620113287734454E-016
          10          12  -6.6786853825174767E-017
          10          13  -1.0333892344031629E-002
          10          14  -6.8535945564751227E-015
          10          15   6.6745577340980243E-017
          10          16  -7.1108048236680670E-015
          10          17   1.6227191433573538E-016
          10          18   4.5594297785553727E-017
          10          19  -7.0523452042108989E-015
          10          20  -2.4481406392727734E-015
          10          21  -6.6511775789340492E-017
          10          22  -2.4862714075006412E-015
          10          23   3.5992239872434940E-017
          10          24   3.1178483284772872E-017
          10          25  -2.4314621685524066E-015
          11           1   6.0411841295474728E-016
          11           2  -6.0324700206252188E-015
          11           3  -1.2163832266382861E-015
          11           4  -6.1404493163756294E-016
          11           5   6.0754293886990648E-002
          11           6   6.9735883734273976E-016
          11           7   7.5633943552594686E-016
          11           8  -1.0333892344032005E-002
          11           9  -9.9312918999685826E-017
          11          10  -1.2620113287734454E-016
          11          11   3.2055145394632996E-003
          11          12   2.8406096919133861E-017
          11          13   2.2551405187733026E-017
          11          14   1.1956531187947823E-015
          11          15  -2.8481035803174997E-017
          11          16   1.2607537304185883E-015
          11          17   1.5192568149191544E-017
          11          18   4.0047560232716611E-017
          11          19   1.2183778920013861E-015
          11          20   3.4032987004157980E-016
          11          21  -3.4823009230707582E-018
          11          22   4.5534871024292146E-016
          11          23  -1.2092104024905411E-017
          11          24   3.9689265306371667E-017
          11          25   3.8497967075057172E-016
          12           1  -1.4573626144640412E-015
          12           2  -1.3537716866968194E-014
          12           3  -2.5502181666073102E-015
          12           4  -1.3495607480201741E-015
          12           5  -1.1102230246256318E-016
          12           6   6.0754293886988900E-002
          12           7   3.9898639947479185E-016
          12           8  -9.0639301619824483E-017
          12           9  -1.0333892344031707E-002
          12          10  -6.6786853825174767E-017
          12          11   2.8406096919133861E-017
          12          12   3.2055145394631183E-003
          12          13   2.4936649967239134E-017
          12          14   2.5827842427461390E-015
          12          15  -6.5426000039765643E-017
          12          16   2.5950620048012738E-015
          12          17   4.0509823560026941E-017
          12          18   2.4998470662780179E-017
          12          19   2.6200774500963762E-015
          12          20   8.3369355393051592E-016
          12          21   3.9115120615814083E-017
          12          22   8.2205676571689764E-016
          12          23   2.6871040414574344E-018
          12          24  -1.8863067830959175E-017
          12          25   8.5653152684342107E-016
          13           1   9.4053681019726591E-015
          13           2  -3.7177333704266396E-014
          13           3  -7.5445958319657226E-015
          13           4  -4.5811439200848327E-015
          13           5  -3.2612801348379248E-016
          13           6   1.0061396160702948E-016
          13           7   6.0754293886988775E-002
          13           8   7.8062556418078742E-018
          13           9  -3.1225022567666665E-017
          13          10  -1.0333892344031629E-002
          13          11   2.2551405187733026E-017
          13          12   2.4936649967239134E-017
          13          13   3.2055145394631109E-003
          13          14   7.5914498291698059E-015
          13          15  -2.0704097883765963E-017
          13          16   7.6712349888886122E-015
          13          17  -5.0335823466351030E-017
          13          18  -1.4143091451120844E-017
          13          19   7.6531011479406560E-015
          13          20   2.7089989999690236E-015
          13          21   2.0631573974489817E-017
          13          22   2.7208269470664474E-015
          13          23  -1.1164587783499019E-017
          13          24  -9.6713879108678101E-018
          13          25   2.7038254333583604E-015
          14           1  0.23034432484549044     
          14           2 -0.70297688223820742     
          14           3 -0.14375009800698629     
          14           4  -8.9346058490452129E-002
          14           5  -7.7281426840490657E-015
          14           6   1.3490771020304574E-014
          14           7   1.2314710177893490E-014
          14           8  -2.9399493105098283E-015
          14           9  -3.1444156803855754E-015
          14          10  -6.8535945564751227E-015
          14          11   1.1956531187947823E-015
          14          12   2.5827842427461390E-015
          14          13   7.5914498291698059E-015
          14          14  0.14606656508430746     
          14          15   5.6684572031402039E-016
          14          16  0.14606656508430593     
          14          17   6.7444367754081083E-016
          14          18   1.3454577847014331E-015
          14          19  0.14606656508430951     
          14          20   5.2375127444989643E-002
          14          21   5.2035144733735747E-015
          14          22   5.2375127444990462E-002
          14          23  -3.0450399064144535E-015
          14          24  -1.4453436517021012E-015
          14          25   5.2375127444991829E-002
          15           1  -1.5859131827566991E-015
          15           2  -3.1440386454691079E-015
          15           3  -5.3045850448106710E-016
          15           4  -3.1741946279105175E-016
          15           5  -5.3980264263038434E-016
          15           6  -1.2400225877411596E-015
          15           7  -3.9240590925780105E-016
          15           8   9.1816759591368952E-017
          15           9   2.1091941171633041E-016
          15          10   6.6745577340980243E-017
          15          11  -2.8481035803174997E-017
          15          12  -6.5426000039765643E-017
          15          13  -2.0704097883765963E-017
          15          14   5.6684572031402039E-016
          15          15   7.2691021174910399E-030
          15          16   5.6684572031400363E-016
          15          17   1.8454267815514549E-030
          15          18   5.6801983286825955E-030
          15          19   5.6684572031402394E-016
          15          20   1.8679608112910151E-016
          15          21   2.6854841461870033E-029
          15          22   1.8679608112911024E-016
          15          23  -2.0885819081858008E-029
          15          24  -6.0014288356631089E-031
          15          25   1.8679608112911467E-016
          16           1  0.23034432484549502     
          16           2 -0.70297688223819899     
          16           3 -0.14375009800698485     
          16           4  -8.9346058490451283E-002
          16           5  -6.4942872009043965E-015
          16           6   1.3723472121794379E-014
          16           7   1.3826882711103574E-014
          16           8  -3.1498197396621191E-015
          16           9  -3.1839965556996126E-015
          16          10  -7.1108048236680670E-015
          16          11   1.2607537304185883E-015
          16          12   2.5950620048012738E-015
          16          13   7.6712349888886122E-015
          16          14  0.14606656508430593     
          16          15   5.6684572031400363E-016
          16          16  0.14606656508430441     
          16          17   6.7444367754080334E-016
          16          18   1.3454577847014161E-015
          16          19  0.14606656508430799     
          16          20   5.2375127444989143E-002
          16          21   5.2035144733734998E-015
          16          22   5.2375127444989962E-002
          16          23  -3.0450399064143963E-015
          16          24  -1.4453436517020996E-015
          16          25   5.2375127444991336E-002
          17           1   1.1637621678223574E-015
          17           2  -3.2291019166509991E-015
          17           3  -6.6485446310315687E-016
          17           4  -4.1372798304806219E-016
          17           5   2.8794558217421867E-016
          17           6   7.6778492051003716E-016
          17           7  -9.5401763875088086E-016
          17           8  -4.8977585891527941E-017
          17           9  -1.3059499509089145E-016
          17          10   1.6227191433573538E-016
          17          11   1.5192568149191544E-017
          17          12   4.0509823560026941E-017
          17          13  -5.0335823466351030E-017
          17          14   6.7444367754081083E-016
          17          15   1.8454267815514549E-030
          17          16   6.7444367754080334E-016
          17          17   4.4939871622363390E-030
          17          18   6.8904606185965801E-030
          17          19   6.7444367754082010E-016
          17          20   2.4250029848652563E-016
          17          21   2.3874919095190119E-029
          17          22   2.4250029848652937E-016
          17          23  -1.3536729168566621E-029
          17          24  -6.7706066237938126E-030
          17          25   2.4250029848653608E-016
          18           1   1.2078717543930210E-015
          18           2  -6.6286045090980966E-015
          18           3  -1.3140233130549968E-015
          18           4  -8.1218891640849131E-016
          18           5   7.5902361816828815E-016
          18           6   4.7379739342095932E-016
          18           7  -2.6805479242649464E-016
          18           8  -1.2910475712747695E-016
          18           9  -8.0589715446334464E-017
          18          10   4.5594297785553727E-017
          18          11   4.0047560232716611E-017
          18          12   2.4998470662780179E-017
          18          13  -1.4143091451120844E-017
          18          14   1.3454577847014331E-015
          18          15   5.6801983286825955E-030
          18          16   1.3454577847014161E-015
          18          17   6.8904606185965801E-030
          18          18   1.3605645657372924E-029
          18          19   1.3454577847014512E-015
          18          20   4.7637589257609314E-016
          18          21   5.0888309758629943E-029
          18          22   4.7637589257610438E-016
          18          23  -3.1517627152833351E-029
          18          24  -1.1111054294662795E-029
          18          25   4.7637589257611612E-016
          19           1  0.23034432484549600     
          19           2 -0.70297688223821697     
          19           3 -0.14375009800698835     
          19           4  -8.9346058490453420E-002
          19           5  -7.2974388039353225E-015
          19           6   1.4197591236357315E-014
          19           7   1.3483191023326211E-014
          19           8  -3.0132091123196369E-015
          19           9  -3.2646409937249420E-015
          19          10  -7.0523452042108989E-015
          19          11   1.2183778920013861E-015
          19          12   2.6200774500963762E-015
          19          13   7.6531011479406560E-015
          19          14  0.14606656508430951     
          19          15   5.6684572031402394E-016
          19          16  0.14606656508430799     
          19          17   6.7444367754082010E-016
          19          18   1.3454577847014512E-015
          19          19  0.14606656508431157     
          19          20   5.2375127444990399E-002
          19          21   5.2035144733736418E-015
          19          22   5.2375127444991211E-002
          19          23  -3.0450399064144878E-015
          19          24  -1.4453436517021262E-015
          19          25   5.2375127444992585E-002
          20           1   9.4787826771065259E-002
          20           2 -0.25002129016980290     
          20           3  -5.1679224570791625E-002
          20           4  -3.2180951567292428E-002
          20           5  -4.3045099282986371E-015
          20           6   3.7915235112682090E-015
          20           7   4.4472490543491503E-015
          20           8  -7.6677276046004921E-016
          20           9  -9.6576452462589269E-016
          20          10  -2.4481406392727734E-015
          20          11   3.4032987004157980E-016
          20          12   8.3369355393051592E-016
          20          13   2.7089989999690236E-015
          20          14   5.2375127444989643E-002
          20          15   1.8679608112910151E-016
          20          16   5.2375127444989143E-002
          20          17   2.4250029848652563E-016
          20          18   4.7637589257609314E-016
          20          19   5.2375127444990399E-002
          20          20   1.8861086751177737E-002
          20          21   1.8286431788889485E-015
          20          22   1.8861086751178001E-002
          20          23  -1.0466564467214398E-015
          20          24  -5.4241937821301800E-016
          20          25   1.8861086751178494E-002
          21           1   2.6033480308494107E-015
          21           2  -2.5982814835120802E-014
          21           3  -5.0590942912577061E-015
          21           4  -3.1166720120665401E-015
          21           5  -6.6000241484576843E-017
          21           6   7.4135103867321959E-016
          21           7   3.9103135959938726E-016
          21           8   1.1226192364943738E-017
          21           9  -1.2609877150472843E-016
          21          10  -6.6511775789340492E-017
          21          11  -3.4823009230707582E-018
          21          12   3.9115120615814083E-017
          21          13   2.0631573974489817E-017
          21          14   5.2035144733735747E-015
          21          15   2.6854841461870033E-029
          21          16   5.2035144733734998E-015
          21          17   2.3874919095190119E-029
          21          18   5.0888309758629943E-029
          21          19   5.2035144733736418E-015
          21          20   1.8286431788889485E-015
          21          21   2.0306974164672282E-028
          21          22   1.8286431788889919E-015
          21          23  -1.2927361854706437E-028
          21          24  -4.0722902713789943E-029
          21          25   1.8286431788890392E-015
          22           1   9.4787826771061789E-002
          22           2 -0.25002129016980756     
          22           3  -5.1679224570792381E-002
          22           4  -3.2180951567292872E-002
          22           5  -2.1245515053671373E-015
          22           6   3.5709708223539589E-015
          22           7   4.6714247881314500E-015
          22           8  -1.1375688674635375E-015
          22           9  -9.2825001169835762E-016
          22          10  -2.4862714075006412E-015
          22          11   4.5534871024292146E-016
          22          12   8.2205676571689764E-016
          22          13   2.7208269470664474E-015
          22          14   5.2375127444990462E-002
          22          15   1.8679608112911024E-016
          22          16   5.2375127444989962E-002
          22          17   2.4250029848652937E-016
          22          18   4.7637589257610438E-016
          22          19   5.2375127444991211E-002
          22          20   1.8861086751178001E-002
          22          21   1.8286431788889919E-015
          22          22   1.8861086751178258E-002
          22          23  -1.0466564467214751E-015
          22          24  -5.4241937821301534E-016
          22          25   1.8861086751178754E-002
          23           1   2.0092400814944681E-015
          23           2   1.5797442577378580E-014
          23           3   2.9214967902764189E-015
          23           4   1.7820896001379645E-015
          23           5  -2.2918231460022525E-016
          23           6   5.0928831123192739E-017
          23           7  -2.1160304811161564E-016
          23           8   3.8982353587163198E-017
          23           9  -8.6626479276163467E-018
          23          10   3.5992239872434940E-017
          23          11  -1.2092104024905411E-017
          23          12   2.6871040414574344E-018
          23          13  -1.1164587783499019E-017
          23          14  -3.0450399064144535E-015
          23          15  -2.0885819081858008E-029
          23          16  -3.0450399064143963E-015
          23          17  -1.3536729168566621E-029
          23          18  -3.1517627152833351E-029
          23          19  -3.0450399064144878E-015
          23          20  -1.0466564467214398E-015
          23          21  -1.2927361854706437E-028
          23          22  -1.0466564467214751E-015
          23          23   8.8817972216221863E-029
          23          24   1.6501996541722052E-029
          23          25  -1.0466564467215008E-015
          24           1  -5.9199346764847103E-015
          24           2   6.3453356261793761E-015
          24           3   1.4626447737903729E-015
          24           4   9.2711729481110653E-016
          24           5   7.5223283466579354E-016
          24           6  -3.5751276511251845E-016
          24           7  -1.8330234856037373E-016
          24           8  -1.2794969102167042E-016
          24           9   6.0810490747583075E-017
          24          10   3.1178483284772872E-017
          24          11   3.9689265306371667E-017
          24          12  -1.8863067830959175E-017
          24          13  -9.6713879108678101E-018
          24          14  -1.4453436517021012E-015
          24          15  -6.0014288356631089E-031
          24          16  -1.4453436517020996E-015
          24          17  -6.7706066237938126E-030
          24          18  -1.1111054294662795E-029
          24          19  -1.4453436517021262E-015
          24          20  -5.4241937821301800E-016
          24          21  -4.0722902713789943E-029
          24          22  -5.4241937821301534E-016
          24          23   1.6501996541722052E-029
          24          24   2.2147760471848656E-029
          24          25  -5.4241937821303122E-016
          25           1   9.4787826771064607E-002
          25           2 -0.25002129016981411     
          25           3  -5.1679224570793734E-002
          25           4  -3.2180951567293718E-002
          25           5  -3.4582597925178704E-015
          25           6   4.2243728716594020E-015
          25           7   4.3491941609942219E-015
          25           8  -9.1071415521236215E-016
          25           9  -1.0393892580445119E-015
          25          10  -2.4314621685524066E-015
          25          11   3.8497967075057172E-016
          25          12   8.5653152684342107E-016
          25          13   2.7038254333583604E-015
          25          14   5.2375127444991829E-002
          25          15   1.8679608112911467E-016
          25          16   5.2375127444991336E-002
          25          17   2.4250029848653608E-016
          25          18   4.7637589257611612E-016
          25          19   5.2375127444992585E-002
          25          20   1.8861086751178494E-002
          25          21   1.8286431788890392E-015
          25          22   1.8861086751178754E-002
          25          23  -1.0466564467215008E-015
          25          24  -5.4241937821303122E-016
          25          25   1.8861086751179250E-002
