           1           1   2.1340992090739186     
           1           2 -0.53604391841498178     
           1           3  0.15959398933866412     
           1           4 -0.10601892956333497     
           1           5   3.1106386924626927E-002
           1           6  -3.8638306301003417E-015
           1           7  -1.2206749418257710E-014
           1           8   1.0066709006150737E-014
           1           9   3.7107277501934846E-015
           1          10   3.1347069674132799E-015
           1          11  -4.5665279611018620E-015
           1          12  -1.7029042448239284E-015
           1          13  -3.7938007411968315E-015
           1          14   3.7528267048487964E-015
           2           1 -0.53604391841498178     
           2           2   2.1596736623314738     
           2           3 -0.43477157294558788     
           2           4  0.30055331565643506     
           2           5  -8.9059451910658588E-002
           2           6   6.3332656114625328E-015
           2           7   3.7956179251284923E-014
           2           8  -4.6921295634537502E-014
           2           9  -5.3228480625890216E-016
           2          10  -7.6248880551417452E-015
           2          11   6.3030158945379590E-015
           2          12   5.1244764824042860E-016
           2          13   4.2533085723395878E-015
           2          14  -2.8718136891678667E-015
           3           1  0.15959398933866412     
           3           2 -0.43477157294558788     
           3           3   2.6845772713369387     
           3           4  -1.5930099867621850     
           3           5  0.45831062834454361     
           3           6   1.2524111741592868E-015
           3           7  -9.3979135296453769E-015
           3           8   3.8138587340847780E-015
           3           9  -2.2518516535853870E-014
           3          10   1.0640177399020191E-014
           3          11   2.0335873379626679E-014
           3          12   5.4186314507937126E-016
           3          13   5.8392027056333774E-015
           3          14  -1.5647829455786660E-014
           4           1 -0.10601892956333497     
           4           2  0.30055331565643506     
           4           3  -1.5930099867621850     
           4           4  0.94614886955079525     
           4           5 -0.27226076291124285     
           4           6  -5.6073428426301761E-016
           4           7   5.1570309085574210E-015
           4           8  -6.2302787163166942E-016
           4           9   1.3267743619406143E-014
           4          10  -6.2513100157019681E-015
           4          11  -1.2276918189742822E-014
           4          12  -3.0512255711287011E-016
           4          13  -3.4410672575032941E-015
           4          14   9.3587383140137123E-015
           5           1   3.1106386924626927E-002
           5           2  -8.9059451910658588E-002
           5           3  0.45831062834454361     
           5           4 -0.27226076291124285     
           5           5   7.8348091641621639E-002
           5           6   1.4798262539428149E-015
           5           7   7.5961196653580680E-015
           5           8  -2.5027009834746381E-015
           5           9  -4.0209822503914143E-015
           5          10   3.6843950034713718E-016
           5          11   3.9517421695105830E-015
           5          12   1.8213911022068315E-016
           5          13   1.6375879525217215E-015
           5          14  -2.8821976163918214E-015
           6           1  -3.8638306301003417E-015
           6           2   6.3332656114625328E-015
           6           3   1.2524111741592868E-015
           6           4  -5.6073428426301761E-016
           6           5   1.4798262539428149E-015
           6           6   2.0810318155315706     
           6           7   2.5673907444456873E-016
           6           8   4.0245584642661634E-016
           6           9 -0.32780667626472126     
           6          10  -1.0633854907737733E-015
           6          11  -1.0894063429134120E-015
           6          12  0.14914995174346568     
           6          13  -2.6020852139644735E-017
           6          14  -8.6736173799012702E-018
           7           1  -1.2206749418257710E-014
           7           2   3.7956179251284923E-014
           7           3  -9.3979135296453769E-015
           7           4   5.1570309085574210E-015
           7           5   7.5961196653580680E-015
           7           6   2.5673907444456873E-016
           7           7   2.0810318155315679     
           7           8  -1.1102230246251691E-016
           7           9  -1.0338951916821875E-015
           7          10 -0.32780667626472931     
           7          11  -4.0245584642661830E-015
           7          12  -6.5468463983364700E-015
           7          13  0.14914995174346657     
           7          14  -3.4694469519543562E-017
           8           1   1.0066709006150737E-014
           8           2  -4.6921295634537502E-014
           8           3   3.8138587340847780E-015
           8           4  -6.2302787163166942E-016
           8           5  -2.5027009834746381E-015
           8           6   4.0245584642661634E-016
           8           7  -1.1102230246251691E-016
           8           8   2.0810318155315706     
           8           9  -2.6471880243405840E-015
           8          10   3.7470027081098939E-015
           8          11 -0.32780667626471616     
           8          12   3.4174052476743092E-015
           8          13  -7.1470607210245162E-016
           8          14  0.14914995174346338     
           9           1   3.7107277501934846E-015
           9           2  -5.3228480625890216E-016
           9           3  -2.2518516535853870E-014
           9           4   1.3267743619406143E-014
           9           5  -4.0209822503914143E-015
           9           6 -0.32780667626472126     
           9           7  -1.0338951916821875E-015
           9           8  -2.6471880243405840E-015
           9           9   5.1636508486668842E-002
           9          10   3.2417644957308990E-016
           9          11   5.7766291750009168E-016
           9          12  -2.3494282778939730E-002
           9          13  -6.7871055997652506E-017
           9          14  -1.8366384801890433E-016
          10           1   3.1347069674132799E-015
          10           2  -7.6248880551417452E-015
          10           3   1.0640177399020191E-014
          10           4  -6.2513100157019681E-015
          10           5   3.6843950034713718E-016
          10           6  -1.0633854907737733E-015
          10           7 -0.32780667626472931     
          10           8   3.7470027081098939E-015
          10           9   3.2417644957308990E-016
          10          10   5.1636508486671444E-002
          10          11   4.5102810375467877E-017
          10          12   9.5756735873919988E-016
          10          13  -2.3494282778940480E-002
          10          14   2.7235158572830507E-016
          11           1  -4.5665279611018620E-015
          11           2   6.3030158945379590E-015
          11           3   2.0335873379626679E-014
          11           4  -1.2276918189742822E-014
          11           5   3.9517421695105830E-015
          11           6  -1.0894063429134120E-015
          11           7  -4.0245584642661830E-015
          11           8 -0.32780667626471616     
          11           9   5.7766291750009168E-016
          11          10   4.5102810375467877E-017
          11          11   5.1636508486667218E-002
          11          12  -6.1192370615081328E-016
          11          13  -1.7867651802555517E-016
          11          14  -2.3494282778938998E-002
          12           1  -1.7029042448239284E-015
          12           2   5.1244764824042860E-016
          12           3   5.4186314507937126E-016
          12           4  -3.0512255711287011E-016
          12           5   1.8213911022068315E-016
          12           6  0.14914995174346568     
          12           7  -6.5468463983364700E-015
          12           8   3.4174052476743092E-015
          12           9  -2.3494282778939730E-002
          12          10   9.5756735873919988E-016
          12          11  -6.1192370615081328E-016
          12          12   1.0689749161473434E-002
          12          13  -4.7227846633468396E-016
          12          14   2.4199392489876045E-016
          13           1  -3.7938007411968315E-015
          13           2   4.2533085723395878E-015
          13           3   5.8392027056333774E-015
          13           4  -3.4410672575032941E-015
          13           5   1.6375879525217215E-015
          13           6  -2.6020852139644735E-017
          13           7  0.14914995174346657     
          13           8  -7.1470607210245162E-016
          13           9  -6.7871055997652506E-017
          13          10  -2.3494282778940480E-002
          13          11  -1.7867651802555517E-016
          13          12  -4.7227846633468396E-016
          13          13   1.0689749161473576E-002
          13          14  -5.2909066017334981E-017
          14           1   3.7528267048487964E-015
          14           2  -2.8718136891678667E-015
          14           3  -1.5647829455786660E-014
          14           4   9.3587383140137123E-015
          14           5  -2.8821976163918214E-015
          14           6  -8.6736173799012702E-018
          14           7  -3.4694469519543562E-017
          14           8  0.14914995174346338     
          14           9  -1.8366384801890433E-016
          14          10   2.7235158572830507E-016
          14          11  -2.3494282778938998E-002
          14          12   2.4199392489876045E-016
          14          13  -5.2909066017334981E-017
          14          14   1.0689749161473101E-002
