           1           1   1.9815807229185283     
           1           2   7.2716961395362517E-003
           1           3 -0.14656192214831995     
           1           4 -0.22282930581968707     
           1           5 -0.19076817157425480     
           1           6  -1.3559655584023970E-002
           1           7   5.6710044341456719E-013
           1           8  -5.2416118020601944E-013
           1           9  -4.4678865710670758E-013
           1          10  -3.1763285444923928E-014
           1          11   1.4490060366019279E-013
           1          12   1.0864572039887198E-013
           1          13  -9.4522273528843988E-015
           1          14  -3.1466381121230642E-016
           1          15  -1.6195920199124317E-015
           1          16  -2.7957762645688916E-015
           1          17  -6.9722948264356206E-015
           1          18  -3.3683526581931030E-015
           1          19   6.8631982018755644E-002
           1          20  -3.2147793877358894E-015
           1          21   6.8631982018687171E-002
           1          22   1.0898244916150441E-014
           1          23  -7.1389924144662670E-015
           1          24   6.8631982018742474E-002
           1          25  0.12018056752217650     
           1          26  -5.3558686126533946E-015
           1          27  0.12018056752218650     
           1          28   3.2960949955423791E-015
           1          29   4.6670984554918705E-015
           1          30  0.12018056752218029     
           1          31   6.0810869339275389E-002
           1          32   4.3018145999164923E-015
           1          33   6.0810869339270691E-002
           1          34  -3.3607645441645109E-015
           1          35  -6.8431432884304646E-015
           1          36   6.0810869339272093E-002
           1          37   1.0545584656091642E-014
           1          38  -3.4000507771275009E-014
           1          39   5.8416683404689064E-015
           1          40  -6.2935873131578023E-014
           1          41  -2.6388362257603971E-014
           1          42   3.0532483646452587E-015
           1          43  -2.2311327044348582E-014
           1          44   6.4182432086623760E-015
           1          45  -3.4519566638991126E-014
           1          46  -5.1229303610196550E-014
           1          47   5.3294348584593044E-015
           1          48  -2.2034947920586385E-016
           1          49  -8.1947278369897073E-016
           1          50   2.1558733708557857E-015
           1          51   4.2249968461474349E-015
           1          52   2.0287895055964172E-015
           1          53   4.0233979965540547E-017
           1          54   5.1379558821527331E-015
           1          55   6.4925296509062701E-015
           1          56   3.6996191836569778E-015
           2           1   7.2716961395362517E-003
           2           2   4.9265190860768078     
           2           3   6.1992543938928399     
           2           4   3.0171195870487959     
           2           5  -1.4288954162468483     
           2           6   8.5074333916322908E-003
           2           7   1.6248112320092096E-011
           2           8  -1.5009545081732001E-011
           2           9  -1.2658980235497702E-011
           2          10  -2.7815745440352216E-012
           2          11   4.0281555167467831E-012
           2          12   3.0573330176813551E-012
           2          13  -8.3737297139756017E-014
           2          14  -1.5672028724747305E-013
           2          15  -1.4819994976217350E-014
           2          16  -2.3955096152894159E-015
           2          17  -6.1037153313606856E-014
           2          18   1.4589726476403024E-014
           2          19  -1.7156041222356637     
           2          20  -1.1078605911860609E-013
           2          21  -1.7156041222364093     
           2          22   1.5785053723584695E-013
           2          23  -9.6691278822229443E-014
           2          24  -1.7156041222358205     
           2          25 -0.77717654383508994     
           2          26  -1.1002011105804527E-015
           2          27 -0.77717654383494406     
           2          28  -6.8590570995611658E-015
           2          29   6.4034924581144643E-014
           2          30 -0.77717654383508528     
           2          31  0.31690189552516779     
           2          32  -4.6725762450873831E-016
           2          33  0.31690189552515613     
           2          34  -2.0028341007805924E-014
           2          35  -5.6684800071214107E-014
           2          36  0.31690189552518899     
           2          37   1.1836847975096082E-012
           2          38  -8.6526974290231563E-013
           2          39   5.4705459415575259E-013
           2          40  -1.7613750609206282E-012
           2          41  -6.0913009194374077E-013
           2          42   6.8200401775616533E-015
           2          43  -6.7064352133829506E-013
           2          44   5.4827988571419188E-013
           2          45  -8.1783997252876900E-013
           2          46  -1.3823680891660274E-012
           2          47   9.2491765710010253E-014
           2          48   2.3461666633680468E-014
           2          49   1.4795183445966849E-014
           2          50   6.8853240165312797E-014
           2          51  -9.1276047946066339E-015
           2          52   2.7254421412182287E-014
           2          53  -2.2327192929375844E-014
           2          54   1.8825732721900144E-014
           2          55   7.2511265933354744E-014
           2          56  -1.4063270583252781E-014
           3           1 -0.14656192214831995     
           3           2   6.1992543938928399     
           3           3   12.331331927871860     
           3           4   2.8881170538037391     
           3           5  -7.8105990084703771     
           3           6 -0.27309096284252760     
           3           7   1.3421827032902667E-011
           3           8  -1.2188596412287561E-011
           3           9  -1.0443201180621463E-011
           3          10   6.0535313744065356E-013
           3          11   3.3324518989490112E-012
           3          12   2.0209374023385072E-012
           3          13  -2.7569731159558825E-013
           3          14  -1.2952812287667625E-013
           3          15   2.1276892530364679E-014
           3          16  -3.4817251755465829E-014
           3          17  -5.4494107517700838E-014
           3          18   1.2883804909022178E-014
           3          19  -2.8875862325193546     
           3          20  -2.8715273574753846E-013
           3          21  -2.8875862325216177     
           3          22   4.8039878648514507E-013
           3          23  -2.9869662441397586E-013
           3          24  -2.8875862325196593     
           3          25  0.64820901506256767     
           3          26   3.6214130519864794E-014
           3          27  0.64820901506305950     
           3          28  -7.6232266931306973E-014
           3          29   1.1023695429334637E-013
           3          30  0.64820901506260142     
           3          31   2.1353170564661221     
           3          32  -1.5029610860079698E-014
           3          33   2.1353170564659782     
           3          34   3.3805026193589589E-015
           3          35  -6.8129096775529706E-014
           3          36   2.1353170564661181     
           3          37  -4.8126408721970992E-013
           3          38  -7.6423031175749316E-013
           3          39  -1.9823905766147851E-013
           3          40  -1.5538815200754145E-012
           3          41  -4.1592066371563015E-013
           3          42   8.1840194314574932E-015
           3          43  -4.7322941864320763E-013
           3          44  -1.9451580566079332E-013
           3          45  -7.1585949955457097E-013
           3          46  -9.6949320243580211E-013
           3          47   1.7802101360636309E-013
           3          48   2.6445802331682287E-014
           3          49   5.5806248208787044E-014
           3          50   5.6464075617045320E-014
           3          51  -1.2029261668487724E-014
           3          52   2.1414408162323762E-014
           3          53  -2.6548153373227218E-014
           3          54   5.3995463964967375E-014
           3          55   5.8271822231800707E-014
           3          56  -2.2968209335268084E-014
           4           1 -0.22282930581968707     
           4           2   3.0171195870487959     
           4           3   2.8881170538037391     
           4           4   2.0637340544332252     
           4           5  0.38224777697429790     
           4           6   6.5167780373698192E-002
           4           7   1.1390314683615765E-011
           4           8  -1.0329295768518820E-011
           4           9  -8.7858929779533526E-012
           4          10   9.0463674875973901E-014
           4          11   3.0753915127151441E-012
           4          12   2.2614829103867287E-012
           4          13  -2.0564452097997811E-013
           4          14  -1.2761818092210203E-013
           4          15  -1.9150870361584812E-014
           4          16  -1.4456660668684473E-014
           4          17  -4.2656300203299876E-014
           4          18   1.0283157967667915E-014
           4          19 -0.91057888636371886     
           4          20  -2.1079343493309424E-013
           4          21 -0.91057888636536199     
           4          22   2.9082251921301360E-013
           4          23  -2.0448414667513922E-013
           4          24 -0.91057888636371087     
           4          25 -0.82521919999482929     
           4          26   3.2211967766864991E-014
           4          27 -0.82521919999446725     
           4          28  -4.8974110114054693E-014
           4          29   7.4462906860885407E-014
           4          30 -0.82521919999485083     
           4          31 -0.16983151206296737     
           4          32  -1.0518969223482258E-014
           4          33 -0.16983151206305389     
           4          34   7.3678219186123715E-016
           4          35  -4.7760877369321057E-014
           4          36 -0.16983151206294178     
           4          37  -1.9786060437472415E-013
           4          38  -6.8007728859552339E-013
           4          39  -7.6711230835596523E-014
           4          40  -1.4032018594350973E-012
           4          41  -4.5100076528499831E-013
           4          42   3.8602665963502401E-015
           4          43  -4.9333828984109321E-013
           4          44  -7.6483237734416803E-014
           4          45  -6.4863394393387551E-013
           4          46  -1.0190778521492920E-012
           4          47   1.2662845330104503E-013
           4          48   1.8337840293752753E-014
           4          49   3.8799409884937633E-014
           4          50   5.5475943218112845E-014
           4          51  -5.6247876404024469E-015
           4          52   1.9071939923068649E-014
           4          53  -1.3592310501707568E-014
           4          54   4.1900343679947069E-014
           4          55   5.3637320775667859E-014
           4          56  -7.1058790534053244E-015
           5           1 -0.19076817157425480     
           5           2  -1.4288954162468483     
           5           3  -7.8105990084703771     
           5           4  0.38224777697429790     
           5           5   8.4728832367417120     
           5           6  0.37882941185668234     
           5           7   4.6427859281378454E-012
           5           8  -4.4909554547628861E-012
           5           9  -3.4902281961185228E-012
           5          10  -1.9718346212214437E-012
           5          11   1.4953165676295172E-012
           5          12   1.8482544505667533E-012
           5          13   5.6994731619041018E-014
           5          14  -6.8234733613072179E-014
           5          15  -7.5269097064363372E-014
           5          16   2.3014912571037231E-014
           5          17  -1.2679409666876395E-014
           5          18   5.6229058643636208E-016
           5          19   1.4555304633479671     
           5          20   4.0709161028885881E-014
           5          21   1.4555304633486834     
           5          22  -5.6705228933388111E-014
           5          23   1.0210677939979818E-013
           5          24   1.4555304633486341     
           5          25  -1.9681467727912518     
           5          26  -5.3132904864417040E-015
           5          27  -1.9681467727914130     
           5          28   7.1666746610306595E-015
           5          29  -2.1489899807164634E-014
           5          30  -1.9681467727914006     
           5          31  -2.4205239520782191     
           5          32   4.7823064420838022E-015
           5          33  -2.4205239520781339     
           5          34  -4.9509262692567826E-015
           5          35   1.6317912662649339E-015
           5          36  -2.4205239520781490     
           5          37   9.4359739212620290E-013
           5          38  -2.8125152109073717E-013
           5          39   4.2367719253724908E-013
           5          40  -5.9740271870868289E-013
           5          41  -3.4227757713611885E-013
           5          42  -2.0559871638950451E-015
           5          43  -3.5207811531129768E-013
           5          44   4.2029684531898874E-013
           5          45  -2.7979998271213288E-013
           5          46  -7.4247431484074002E-013
           5          47  -2.3965740381325227E-014
           5          48   1.6419161135493005E-015
           5          49  -1.5218710605543691E-014
           5          50   2.9469651056349224E-014
           5          51   7.9944541317770611E-015
           5          52   8.8804941661906665E-015
           5          53   9.8670597665705478E-015
           5          54  -8.3968882953346823E-015
           5          55   2.5967200829985800E-014
           5          56   2.2597975646307796E-014
           6           1  -1.3559655584023970E-002
           6           2   8.5074333916322908E-003
           6           3 -0.27309096284252760     
           6           4   6.5167780373698192E-002
           6           5  0.37882941185668234     
           6           6   1.8067220824239852E-002
           6           7   4.5932701064600463E-013
           6           8  -4.3396272505417362E-013
           6           9  -3.6429476422981695E-013
           6          10  -1.1995865277877852E-013
           6          11   1.3107847866762600E-013
           6          12   1.2712103656774335E-013
           6          13   2.8458907043204770E-016
           6          14  -5.6702569437133076E-015
           6          15  -3.1082796905353701E-015
           6          16   9.3973770600969047E-016
           6          17  -1.5419956276779866E-015
           6          18   3.4781733319015339E-016
           6          19   4.2143508289354883E-002
           6          20  -4.4074386921691954E-015
           6          21   4.2143508289375298E-002
           6          22   7.8634038904736053E-015
           6          23   1.2570557889076629E-015
           6          24   4.2143508289352843E-002
           6          25 -0.10529796207210432     
           6          26   8.0794408417606646E-016
           6          27 -0.10529796207210923     
           6          28  -1.6433215727637148E-015
           6          29   4.4278016519768035E-016
           6          30 -0.10529796207210411     
           6          31 -0.10964795291222537     
           6          32  -1.2800491131130195E-016
           6          33 -0.10964795291222168     
           6          34   5.6262182650924255E-017
           6          35  -9.3413689236221676E-016
           6          36 -0.10964795291222398     
           6          37   5.6523038519629384E-014
           6          38  -2.6284101627110631E-014
           6          39   2.5628157783162544E-014
           6          40  -5.4637923985736009E-014
           6          41  -2.4402082603736909E-014
           6          42   9.4572039354519387E-019
           6          43  -2.5824500961253687E-014
           6          44   2.5485959184605382E-014
           6          45  -2.5482053995304036E-014
           6          46  -5.3815145957408372E-014
           6          47   7.7975786993666972E-016
           6          48   4.5425888597733004E-016
           6          49  -2.6664135055857661E-016
           6          50   2.4818429842398548E-015
           6          51   8.3875616569673329E-017
           6          52   8.3569494696911069E-016
           6          53  -2.1566558282270344E-017
           6          54   1.0399423011976866E-016
           6          55   2.3453675106557092E-015
           6          56   5.2219785562336309E-016
           7           1   5.6710044341456719E-013
           7           2   1.6248112320092096E-011
           7           3   1.3421827032902667E-011
           7           4   1.1390314683615765E-011
           7           5   4.6427859281378454E-012
           7           6   4.5932701064600463E-013
           7           7   2.0115631308604289     
           7           8   4.1636056139671548E-003
           7           9   4.7122017087172595E-004
           7          10  0.25827039273761221     
           7          11   2.4555811390774753E-002
           7          12   2.7791281673290734E-003
           7          13  -4.9269666905873311E-002
           7          14  -3.5597012948331751E-004
           7          15  -4.0287270414255586E-005
           7          16  -8.4357701645697489E-003
           7          17   1.3560625163854328E-004
           7          18   1.5347371248718437E-005
           7          19  -4.5211861440911878E-012
           7          20   1.0455969436217529E-014
           7          21  -4.5239557134596592E-012
           7          22  -1.2107442999568365E-014
           7          23  -2.4094015364009055E-015
           7          24  -4.5270837394747805E-012
           7          25  -5.0996638010188331E-012
           7          26  -9.4071863948443092E-015
           7          27  -5.1030683721937916E-012
           7          28  -3.5018497996949892E-015
           7          29   7.7810947000275639E-015
           7          30  -5.1053857209311885E-012
           7          31  -1.6484855965090287E-012
           7          32   3.1427274693688893E-015
           7          33  -1.6688996893362962E-012
           7          34   4.3985930151501634E-015
           7          35  -1.4637814585690483E-014
           7          36  -1.6577477406025515E-012
           7          37 -0.13786925357754423     
           7          38  -1.4668370268813034E-002
           7          39  -6.1657004601309025E-002
           7          40  -3.2799473040147874E-002
           7          41  -1.6601072688944409E-003
           7          42   6.9853009647611471E-015
           7          43  -1.6601072688714879E-003
           7          44  -6.1657004601299366E-002
           7          45  -1.4668370268818967E-002
           7          46  -3.7121127031675724E-003
           7          47   2.6125539193947018E-002
           7          48  -4.2433878080941710E-005
           7          49   1.1683696317288184E-002
           7          50  -9.4885035920079611E-005
           7          51  -4.8024959945638434E-006
           7          52  -1.2548564582736194E-015
           7          53  -4.8024959967363660E-006
           7          54   1.1683696317304870E-002
           7          55  -4.2433878073656027E-005
           7          56  -1.0738707486979125E-005
           8           1  -5.2416118020601944E-013
           8           2  -1.5009545081732001E-011
           8           3  -1.2188596412287561E-011
           8           4  -1.0329295768518820E-011
           8           5  -4.4909554547628861E-012
           8           6  -4.3396272505417362E-013
           8           7   4.1636056139671548E-003
           8           8   1.9975871984662537     
           8           9   1.2974056667315462E-004
           8          10   2.4555811390760060E-002
           8          11  0.17584415170978784     
           8          12   7.6517450986847706E-004
           8          13  -3.5597012948871938E-004
           8          14  -4.8074785611791099E-002
           8          15  -1.1092252879647272E-005
           8          16   1.3560625164916613E-004
           8          17  -8.8909582829910898E-003
           8          18   4.2255759897904959E-006
           8          19   4.1337943952904092E-012
           8          20  -7.3896508656634836E-016
           8          21   4.1449230267501548E-012
           8          22   1.0133501882270814E-014
           8          23  -7.0862430207484517E-016
           8          24   4.1252365007520400E-012
           8          25   4.6882428530949922E-012
           8          26   5.5474064839857921E-015
           8          27   4.6869149448743397E-012
           8          28   1.0022796516037592E-014
           8          29  -3.3680370596579779E-015
           8          30   4.6865679391234715E-012
           8          31   1.5796201504533267E-012
           8          32   1.2121027991204797E-015
           8          33   1.5937710433872385E-012
           8          34  -5.5073510323028826E-015
           8          35   1.0313337845682513E-014
           8          36   1.5868771367223357E-012
           8          37  -3.2799473040158185E-002
           8          38  -1.2419836094779677E-002
           8          39  -1.4668370268800373E-002
           8          40  -2.7771597777338335E-002
           8          41  -4.5707563281040513E-004
           8          42   1.4917782316512656E-015
           8          43  -4.5707563282892076E-004
           8          44  -1.4668370268806562E-002
           8          45  -1.2419836094769668E-002
           8          46  -1.0220521858318938E-003
           8          47  -9.4885035926076835E-005
           8          48   1.1826133681973281E-002
           8          49  -4.2433878060289251E-005
           8          50   2.6444038823891940E-002
           8          51  -1.3222662887775789E-006
           8          52   1.6403032037529822E-015
           8          53  -1.3222662969618124E-006
           8          54  -4.2433878079958738E-005
           8          55   1.1826133681975744E-002
           8          56  -2.9566773338580133E-006
           9           1  -4.4678865710670758E-013
           9           2  -1.2658980235497702E-011
           9           3  -1.0443201180621463E-011
           9           4  -8.7858929779533526E-012
           9           5  -3.4902281961185228E-012
           9           6  -3.6429476422981695E-013
           9           7   4.7122017087172595E-004
           9           8   1.2974056667315462E-004
           9           9   1.9964555207165948     
           9          10   2.7791281673460676E-003
           9          11   7.6517450986715487E-004
           9          12  0.16916982470763642     
           9          13  -4.0287270400547841E-005
           9          14  -1.1092252870437919E-005
           9          15  -4.7978032097543588E-002
           9          16   1.5347371244773195E-005
           9          17   4.2255759950546269E-006
           9          18  -8.9278163795552326E-003
           9          19   3.5088444656560018E-012
           9          20   5.1895922358167933E-015
           9          21   3.5261417295844906E-012
           9          22  -6.4089809144640882E-015
           9          23  -4.0845132827772763E-015
           9          24   3.5056597908536637E-012
           9          25   3.9167238765014549E-012
           9          26  -2.8156796078735403E-015
           9          27   3.9123850042716944E-012
           9          28  -1.4029389460302382E-015
           9          29   2.0475207250735759E-015
           9          30   3.9205421993649893E-012
           9          31   1.2584906489531316E-012
           9          32  -1.9335105981072174E-015
           9          33   1.2525996405007592E-012
           9          34   3.5629261690120886E-015
           9          35  -3.5305469390849930E-015
           9          36   1.2552980523064362E-012
           9          37  -3.7121127031658117E-003
           9          38  -4.5707563282402055E-004
           9          39  -1.6601072688836537E-003
           9          40  -1.0220521858495645E-003
           9          41  -8.4329387284221326E-003
           9          42  -2.5209294224696900E-016
           9          43  -8.4329387284163906E-003
           9          44  -1.6601072688865611E-003
           9          45  -4.5707563282504821E-004
           9          46  -1.8856624246835096E-002
           9          47  -1.0738707505948008E-005
           9          48  -1.3222662991597786E-006
           9          49  -4.8024959979271063E-006
           9          50  -2.9566773295294064E-006
           9          51   1.1837667309340919E-002
           9          52  -1.6095365751648001E-015
           9          53   1.1837667309344414E-002
           9          54  -4.8024959899768314E-006
           9          55  -1.3222662995584771E-006
           9          56   2.6469828798718523E-002
          10           1  -3.1763285444923928E-014
          10           2  -2.7815745440352216E-012
          10           3   6.0535313744065356E-013
          10           4   9.0463674875973901E-014
          10           5  -1.9718346212214437E-012
          10           6  -1.1995865277877852E-013
          10           7  0.25827039273761221     
          10           8   2.4555811390760060E-002
          10           9   2.7791281673460676E-003
          10          10   5.8869402430620008     
          10          11  0.14482348449044208     
          10          12   1.6390540660072662E-002
          10          13 -0.45042943050400019     
          10          14  -2.0994148272068854E-003
          10          15  -2.3760334322471777E-004
          10          16  -4.9919420696207112E-002
          10          17   7.9976872156351441E-004
          10          18   9.0514613662183969E-005
          10          19  -2.3412189110392995E-014
          10          20   2.5981668842891364E-014
          10          21   1.0716445487721352E-014
          10          22  -8.2407790623348815E-015
          10          23   2.1954954023370848E-014
          10          24   6.4633007968642879E-015
          10          25   4.0447628186742766E-013
          10          26   2.8726475303431101E-016
          10          27   3.8164983632499428E-013
          10          28   3.7512682195805542E-015
          10          29  -9.0274937700202426E-015
          10          30   3.8913724874405753E-013
          10          31   5.8141505776878018E-013
          10          32  -1.4705523344556353E-016
          10          33   5.8327347853512597E-013
          10          34   4.3892936854200488E-015
          10          35   6.8570215058092270E-015
          10          36   5.8141117474289659E-013
          10          37  -2.6495408326094507     
          10          38  -8.6510050933363974E-002
          10          39  -1.1849106821752615     
          10          40 -0.19344235462383211     
          10          41  -9.7908603174085597E-003
          10          42   2.3149007699234899E-014
          10          43  -9.7908603173977333E-003
          10          44  -1.1849106821752557     
          10          45  -8.6510050933333388E-002
          10          46  -2.1893029227958345E-002
          10          47  0.20118578238781706     
          10          48  -2.5026345028519674E-004
          10          49   8.9973017105131059E-002
          10          50  -5.5960608710871578E-004
          10          51  -2.8323812746125883E-005
          10          52   8.2936019248264042E-016
          10          53  -2.8323812745285365E-005
          10          54   8.9973017105128172E-002
          10          55  -2.5026345027682703E-004
          10          56  -6.3333970685436217E-005
          11           1   1.4490060366019279E-013
          11           2   4.0281555167467831E-012
          11           3   3.3324518989490112E-012
          11           4   3.0753915127151441E-012
          11           5   1.4953165676295172E-012
          11           6   1.3107847866762600E-013
          11           7   2.4555811390774753E-002
          11           8  0.17584415170978784     
          11           9   7.6517450986715487E-004
          11          10  0.14482348449044208     
          11          11   5.4008127334008105     
          11          12   4.5127907605184911E-003
          11          13  -2.0994148271861017E-003
          11          14 -0.44338234621880401     
          11          15  -6.5419084953335360E-005
          11          16   7.9976872155375562E-004
          11          17  -5.2603996186723290E-002
          11          18   2.4921295810332854E-005
          11          19  -1.1454292495104041E-012
          11          20  -2.3767931044377928E-014
          11          21  -1.0998410142288346E-012
          11          22   4.3170309689526204E-015
          11          23  -8.0646548869118136E-015
          11          24  -1.2310763960380201E-012
          11          25  -1.4281875464505038E-012
          11          26   6.5274528231300284E-015
          11          27  -1.4457211498662547E-012
          11          28  -1.6697108251577114E-015
          11          29   5.8585902343151090E-015
          11          30  -1.4151685090115005E-012
          11          31  -5.0845203442142802E-013
          11          32  -3.2070084903810690E-015
          11          33  -5.1002669523285929E-013
          11          34   2.5218510598044859E-015
          11          35  -6.6112429850816707E-015
          11          36  -5.2112000904436778E-013
          11          37 -0.19344235462387582     
          11          38 -0.89452327871753878     
          11          39  -8.6510050933331070E-002
          11          40  -2.0002148586683433     
          11          41  -2.6957075360847416E-003
          11          42   8.3165697541609133E-015
          11          43  -2.6957075360730955E-003
          11          44  -8.6510050933323479E-002
          11          45 -0.89452327871753468     
          11          46  -6.0277852981526318E-003
          11          47  -5.5960608711425747E-004
          11          48   9.0813073869918132E-002
          11          49  -2.5026345028648120E-004
          11          50  0.20306420641884793     
          11          51  -7.7983663381741976E-006
          11          52  -1.8070163137737944E-015
          11          53  -7.7983663335537092E-006
          11          54  -2.5026345028083586E-004
          11          55   9.0813073869922295E-002
          11          56  -1.7437677236729169E-005
          12           1   1.0864572039887198E-013
          12           2   3.0573330176813551E-012
          12           3   2.0209374023385072E-012
          12           4   2.2614829103867287E-012
          12           5   1.8482544505667533E-012
          12           6   1.2712103656774335E-013
          12           7   2.7791281673290734E-003
          12           8   7.6517450986847706E-004
          12           9  0.16916982470763642     
          12          10   1.6390540660072662E-002
          12          11   4.5127907605184911E-003
          12          12   5.3614493713965476     
          12          13  -2.3760334317271330E-004
          12          14  -6.5419084961458772E-005
          12          15 -0.44281172035568450     
          12          16   9.0514613648776522E-005
          12          17   2.4921295819445478E-005
          12          18  -5.2821375196877143E-002
          12          19  -8.2459972618285029E-013
          12          20   1.9579908636234320E-014
          12          21  -6.7690209747299279E-013
          12          22  -2.3951104759125227E-014
          12          23  -3.9520938759215550E-014
          12          24  -8.9417999140518644E-013
          12          25  -1.2059521627785932E-012
          12          26   2.8876464522722252E-015
          12          27  -1.2456125624560015E-012
          12          28   5.5319759204658606E-015
          12          29   1.2005068352349372E-015
          12          30  -1.1875186695361104E-012
          12          31  -5.6733488555609260E-013
          12          32  -1.1016461368032323E-014
          12          33  -5.9459428717504166E-013
          12          34   3.5959759652502768E-015
          12          35  -3.8590369034594945E-015
          12          36  -5.8895406854111403E-013
          12          37  -2.1893029227928643E-002
          12          38  -2.6957075360908881E-003
          12          39  -9.7908603174277423E-003
          12          40  -6.0277852981667039E-003
          12          41 -0.87100964442075812     
          12          42   9.3020106727724230E-015
          12          43 -0.87100964442075024     
          12          44  -9.7908603174543442E-003
          12          45  -2.6957075360870874E-003
          12          46  -1.9476367739827061     
          12          47  -6.3333970699429689E-005
          12          48  -7.7983663377465155E-006
          12          49  -2.8323812756624395E-005
          12          50  -1.7437677238482724E-005
          12          51   9.0881096061398270E-002
          12          52  -1.2180906624935539E-014
          12          53   9.0881096061385808E-002
          12          54  -2.8323812732928510E-005
          12          55  -7.7983663323728368E-006
          12          56  0.20321630866293242     
          13           1  -9.4522273528843988E-015
          13           2  -8.3737297139756017E-014
          13           3  -2.7569731159558825E-013
          13           4  -2.0564452097997811E-013
          13           5   5.6994731619041018E-014
          13           6   2.8458907043204770E-016
          13           7  -4.9269666905873311E-002
          13           8  -3.5597012948871938E-004
          13           9  -4.0287270400547841E-005
          13          10 -0.45042943050400019     
          13          11  -2.0994148271861017E-003
          13          12  -2.3760334317271330E-004
          13          13   3.7266361842259420E-002
          13          14   3.0433894283145086E-005
          13          15   3.4443859947678373E-006
          13          16   4.4451276486365170E-003
          13          17  -1.1593743365282923E-005
          13          18  -1.3121333368421175E-006
          13          19   9.4839677834427989E-014
          13          20  -5.8148198738244222E-015
          13          21   7.8439740792179739E-014
          13          22   8.2661462453698538E-016
          13          23  -3.4740723020822240E-015
          13          24   6.5056477398015579E-014
          13          25   5.7859442999993006E-014
          13          26   9.6493824320187418E-016
          13          27   6.2406598823738582E-014
          13          28  -3.0196638840450615E-016
          13          29   1.3505478383843669E-015
          13          30   6.5567407930501838E-014
          13          31  -1.0984874547143903E-014
          13          32  -1.8518496679626002E-016
          13          33  -1.1715873022232143E-014
          13          34  -3.5226531419519174E-016
          13          35  -4.5965385875790693E-016
          13          36  -1.2835122264202764E-014
          13          37  0.17027126417773483     
          13          38   1.2540817138113642E-003
          13          39   7.6147624263249294E-002
          13          40   2.8042119614200629E-003
          13          41   1.4193193454187561E-004
          13          42  -5.4111202895214369E-016
          13          43   1.4193193454129784E-004
          13          44   7.6147624263250113E-002
          13          45   1.2540817138104292E-003
          13          46   3.1736945381364440E-004
          13          47  -1.7098680387472871E-002
          13          48   3.6279115925951441E-006
          13          49  -7.6467623343862094E-003
          13          50   8.1122569365097231E-006
          13          51   4.1059247122085160E-007
          13          52  -2.9055951971837335E-017
          13          53   4.1059247131353283E-007
          13          54  -7.6467623343867367E-003
          13          55   3.6279115921870991E-006
          13          56   9.1811267750379273E-007
          14           1  -3.1466381121230642E-016
          14           2  -1.5672028724747305E-013
          14           3  -1.2952812287667625E-013
          14           4  -1.2761818092210203E-013
          14           5  -6.8234733613072179E-014
          14           6  -5.6702569437133076E-015
          14           7  -3.5597012948331751E-004
          14           8  -4.8074785611791099E-002
          14           9  -1.1092252870437919E-005
          14          10  -2.0994148272068854E-003
          14          11 -0.44338234621880401     
          14          12  -6.5419084961458772E-005
          14          13   3.0433894283145086E-005
          14          14   3.7164204700492892E-002
          14          15   9.4833926649906897E-007
          14          16  -1.1593743364382239E-005
          14          17   4.4840442484489901E-003
          14          18  -3.6126832680388702E-007
          14          19   3.0276892269385601E-014
          14          20   5.3021736253160911E-015
          14          21   2.0556797597087868E-014
          14          22   1.4446265572313785E-015
          14          23  -8.9840759929859377E-016
          14          24   8.7918371163774834E-014
          14          25   6.4015897135262119E-014
          14          26  -1.3913364330987670E-015
          14          27   6.6664407761381824E-014
          14          28  -5.0568575865934343E-016
          14          29   3.4098804732739023E-017
          14          30   5.1394451998050607E-014
          14          31   2.1571395793492918E-014
          14          32   5.1601700470589352E-016
          14          33   2.1055816374739411E-014
          14          34   5.4575751122237454E-017
          14          35   2.4582264660108199E-016
          14          36   2.6154461818969589E-014
          14          37   2.8042119614475800E-003
          14          38   7.1938060996696446E-002
          14          39   1.2540817138234099E-003
          14          40  0.16085839455813736     
          14          41   3.9077974067723994E-005
          14          42  -3.0105341689636764E-016
          14          43   3.9077974067278400E-005
          14          44   1.2540817138232995E-003
          14          45   7.1938060996696349E-002
          14          46   8.7381006438747141E-005
          14          47   8.1122569363727630E-006
          14          48  -7.6589401081358956E-003
          14          49   3.6279115922980465E-006
          14          50  -1.7125910717391418E-002
          14          51   1.1304800425631221E-007
          14          52   1.2510086722420024E-016
          14          53   1.1304800405147402E-007
          14          54   3.6279115920382221E-006
          14          55  -7.6589401081361679E-003
          14          56   2.5278302222267789E-007
