           1           1   2.0772124682701758     
           1           2 -0.15898141660099899     
           1           3 -0.24166913075227509     
           1           4  -2.3693151967004632E-002
           1           5   1.5917812213587113E-015
           1           6  -6.5136388264736354E-016
           1           7   1.7972657961066674E-015
           1           8  -5.2807113317491353E-015
           1           9  -7.4308418134892106E-016
           1          10   7.4749042072182880E-015
           1          11   3.4651504920620452E-015
           1          12  -5.5386289962324719E-016
           1          13  -7.8946284611753946E-015
           1          14  -1.2948396460408372E-002
           1          15   5.6845387485905479E-007
           1          16  -1.2949887611242997E-002
           1          17  -1.5921471351991196E-006
           1          18   5.3007918319560900E-006
           1          19  -1.2961106177776377E-002
           1          20   5.5800703355395886E-003
           1          21   1.3373609937484957E-004
           1          22   5.2292578866556172E-003
           1          23  -3.7457312995839242E-004
           1          24   1.2470795850818965E-003
           1          25   2.5899455455437878E-003
           2           1 -0.15898141660099899     
           2           2  0.46897997950553932     
           2           3  0.51932992134899636     
           2           4   4.0978784386596780E-002
           2           5   3.0244815581222842E-015
           2           6  -1.7432747614753907E-015
           2           7  -7.1821214852371219E-015
           2           8   1.7036470300915167E-015
           2           9   1.7642236423065236E-015
           2          10  -2.5303193147872850E-015
           2          11   4.1828009115420881E-015
           2          12  -9.1320927497351383E-016
           2          13   5.7464604222347355E-015
           2          14   1.4895592991021138E-002
           2          15  -3.8041602520600196E-005
           2          16   1.4995382560196613E-002
           2          17   1.0654836047809630E-004
           2          18  -3.5473522937751883E-004
           2          19   1.5746142238981312E-002
           2          20  -7.0353080769305692E-003
           2          21  -2.7264349906654144E-004
           2          22  -6.3201179822076998E-003
           2          23   7.6363023360193343E-004
           2          24  -2.5423811766478689E-003
           2          25  -9.3943651199947676E-004
           3           1 -0.24166913075227509     
           3           2  0.51932992134899636     
           3           3  0.58263722291640585     
           3           4   4.5516640345038384E-002
           3           5  -4.6656455457851742E-015
           3           6   5.7633410598694428E-015
           3           7  -1.2798498056441435E-014
           3           8  -2.5649615143393096E-015
           3           9   6.6944175932862108E-015
           3          10  -5.6987990183193464E-015
           3          11   5.0106430478213894E-015
           3          12  -1.1516826227981793E-015
           3          13   7.2666093759923153E-015
           3          14   1.5713983269020550E-002
           3          15  -1.6702399822621672E-004
           3          16   1.6152115516895712E-002
           3          17   4.6780713724035774E-004
           3          18  -1.5574868669180394E-003
           3          19   1.9448372113613055E-002
           3          20  -7.6280111791079165E-003
           3          21  -3.6056592774530032E-004
           3          22  -6.6821856563963932E-003
           3          23   1.0098867003107833E-003
           3          24  -3.3622515511291711E-003
           3          25   4.3366494284031911E-004
           4           1  -2.3693151967004632E-002
           4           2   4.0978784386596780E-002
           4           3   4.5516640345038384E-002
           4           4   3.6351844813411107E-003
           4           5   1.3601844889844497E-014
           4           6  -1.1565548699372783E-014
           4           7   1.5752342533074994E-014
           4           8   8.1348687120436055E-015
           4           9  -7.2782817804401782E-015
           4          10   1.1512224469290491E-014
           4          11   3.7919521211066535E-016
           4          12  -4.1941958608545835E-016
           4          13   1.5644628383720828E-015
           4          14   1.3724077636638663E-003
           4          15   8.8251823028661464E-007
           4          16   1.3700927688119252E-003
           4          17  -2.4717904685422226E-006
           4          18   8.2294195330075690E-006
           4          19   1.3526760707969225E-003
           4          20  -6.3968703051763595E-004
           4          21  -2.2152014563878346E-005
           4          22  -5.8157854288279928E-004
           4          23   6.2044200995355387E-005
           4          24  -2.0656595534028225E-004
           4          25  -1.4440349671568408E-004
           5           1   1.5917812213587113E-015
           5           2   3.0244815581222842E-015
           5           3  -4.6656455457851742E-015
           5           4   1.3601844889844497E-014
           5           5  0.53810505956724830     
           5           6  -1.3909915886548130E-002
           5           7   3.8959419000875455E-002
           5           8  0.31205237953169679     
           5           9  -1.0830746099411056E-002
           5          10   3.0335163693354442E-002
           5          11  -2.5246937563783833E-003
           5          12  -1.3293181820310728E-003
           5          13   3.7232046880566988E-003
           5          14  -1.1610556982719601E-015
           5          15   2.6799505146805498E-016
           5          16   1.5257004924067149E-015
           5          17   1.0659619578557332E-015
           5          18  -9.0602348071947511E-016
           5          19   6.5318042090115296E-017
           5          20  -6.0426237571018423E-015
           5          21   3.2483301982403357E-016
           5          22  -4.5691502589092275E-015
           5          23   1.5780363957310380E-015
           5          24  -1.6654407551961656E-015
           5          25  -7.3376435493669581E-015
           6           1  -6.5136388264736354E-016
           6           2  -1.7432747614753907E-015
           6           3   5.7633410598694428E-015
           6           4  -1.1565548699372783E-014
           6           5  -1.3909915886548130E-002
           6           6  0.58023784932794586     
           6           7 -0.12970897322103137     
           6           8  -1.0830746099414547E-002
           6           9  0.34485844047991265     
           6          10 -0.10099593464345709     
           6          11  -1.3293181820318257E-003
           6          12   1.5017780027311157E-003
           6          13  -1.2395797205537490E-002
           6          14   4.0140831459693917E-016
           6          15   1.1945790314588801E-017
           6          16  -1.2647330154375255E-015
           6          17   2.1179214201673195E-016
           6          18   1.6558722655339669E-016
           6          19   1.2176900899714301E-017
           6          20   2.1574032751765129E-015
           6          21   1.1885135546821666E-015
           6          22   2.3905815594416553E-015
           6          23   8.5839680142793427E-016
           6          24   2.6133121455351767E-016
           6          25   3.9016286373830578E-015
           7           1   1.7972657961066674E-015
           7           2  -7.1821214852371219E-015
           7           3  -1.2798498056441435E-014
           7           4   1.5752342533074994E-014
           7           5   3.8959419000875455E-002
           7           6 -0.12970897322103137     
           7           7  0.89722087639375836     
           7           8   3.0335163693353949E-002
           7           9 -0.10099593464346318     
           7          10  0.59167249111670606     
           7          11   3.7232046880554107E-003
           7          12  -1.2395797205535318E-002
           7          13   3.1794649987834517E-002
           7          14  -1.6921289043329932E-016
           7          15   9.6763889592013750E-016
           7          16   4.1828808762584391E-016
           7          17  -6.9835119604786798E-016
           7          18  -1.9908409022463305E-016
           7          19  -2.9474189824265191E-015
           7          20  -5.5252349612078951E-015
           7          21  -6.5155095371838791E-016
           7          22  -5.1777695171151576E-015
           7          23  -4.9791492664419689E-016
           7          24  -1.5566496311577487E-015
           7          25  -5.8632251009475376E-015
           8           1  -5.2807113317491353E-015
           8           2   1.7036470300915167E-015
           8           3  -2.5649615143393096E-015
           8           4   8.1348687120436055E-015
           8           5  0.31205237953169679     
           8           6  -1.0830746099414547E-002
           8           7   3.0335163693353949E-002
           8           8  0.18105334758341676     
           8           9  -8.1829581821686870E-003
           8          10   2.2919139057783772E-002
           8          11  -1.4184018501510836E-003
           8          12  -9.0787299460730190E-004
           8          13   2.5428050525247558E-003
           8          14  -6.5113511402146139E-016
           8          15   1.6925408156071076E-016
           8          16   9.2224881307907219E-016
           8          17   6.1025388421574486E-016
           8          18  -5.3222481181123698E-016
           8          19   4.5653612051988761E-017
           8          20  -3.5679901554019252E-015
           8          21   1.6961917681565299E-016
           8          22  -2.7175907132698469E-015
           8          23   9.1172236680210119E-016
           8          24  -9.8413761840277054E-016
           8          25  -4.3197581863148128E-015
           9           1  -7.4308418134892106E-016
           9           2   1.7642236423065236E-015
           9           3   6.6944175932862108E-015
           9           4  -7.2782817804401782E-015
           9           5  -1.0830746099411056E-002
           9           6  0.34485844047991265     
           9           7 -0.10099593464346318     
           9           8  -8.1829581821686870E-003
           9           9  0.20583932468943486     
           9          10  -7.6305501225048894E-002
           9          11  -9.0787299460782036E-004
           9          12   1.3315229030471988E-003
           9          13  -8.4658509013544880E-003
           9          14   3.0145437038473052E-016
           9          15  -4.6432065459012395E-017
           9          16  -7.1163842262357531E-016
           9          17   1.5974598099033343E-016
           9          18   6.8387969316821061E-017
           9          19   2.4920748541238174E-016
           9          20   1.4415375620370422E-015
           9          21   7.4390269255385073E-016
           9          22   1.5934785200221799E-015
           9          23   5.1146725004099780E-016
           9          24   1.8127411848904403E-016
           9          25   2.5543662631684516E-015
          10           1   7.4749042072182880E-015
          10           2  -2.5303193147872850E-015
          10           3  -5.6987990183193464E-015
          10           4   1.1512224469290491E-014
          10           5   3.0335163693354442E-002
          10           6 -0.10099593464345709     
          10           7  0.59167249111670606     
          10           8   2.2919139057783772E-002
          10           9  -7.6305501225048894E-002
          10          10  0.39231484877572503     
          10          11   2.5428050525241022E-003
          10          12  -8.4658509013529806E-003
          10          13   2.2020384889683886E-002
          10          14  -2.2726972988333304E-016
          10          15   6.8513361610026039E-016
          10          16   3.1378257428109796E-016
          10          17  -4.4128775252158859E-016
          10          18  -2.6135996766183676E-016
          10          19  -1.7837681006213334E-015
          10          20  -3.8199353207538548E-015
          10          21  -5.5110636679659360E-016
          10          22  -3.6249142242500907E-015
          10          23  -2.8526766224262035E-016
          10          24  -1.1336538041638744E-015
          10          25  -3.9496645867924059E-015
          11           1   3.4651504920620452E-015
          11           2   4.1828009115420881E-015
          11           3   5.0106430478213894E-015
          11           4   3.7919521211066535E-016
          11           5  -2.5246937563783833E-003
          11           6  -1.3293181820318257E-003
          11           7   3.7232046880554107E-003
          11           8  -1.4184018501510836E-003
          11           9  -9.0787299460782036E-004
          11          10   2.5428050525241022E-003
          11          11   3.4760294036905710E-005
          11          12  -6.2417182411621583E-005
          11          13   1.7482040741743739E-004
          11          14   1.3723043469448554E-017
          11          15  -6.3876780119468557E-018
          11          16   4.0275115090507808E-017
          11          17   2.4699880637079198E-017
          11          18  -1.1123725284336774E-016
          11          19   2.6943650763795598E-016
          11          20  -3.3279050204893056E-017
          11          21  -1.8596704978077014E-017
          11          22  -2.1841012135428685E-017
          11          23   1.2531585205300112E-017
          11          24  -7.3633752454022342E-017
          11          25   1.4563195263706084E-016
          12           1  -5.5386289962324719E-016
          12           2  -9.1320927497351383E-016
          12           3  -1.1516826227981793E-015
          12           4  -4.1941958608545835E-016
          12           5  -1.3293181820310728E-003
          12           6   1.5017780027311157E-003
          12           7  -1.2395797205535318E-002
          12           8  -9.0787299460730190E-004
          12           9   1.3315229030471988E-003
          12          10  -8.4658509013529806E-003
          12          11  -6.2417182411621583E-005
          12          12   2.2382038940035214E-004
          12          13  -5.8203577275408669E-004
          12          14   1.9130816126354654E-017
          12          15  -1.9896977277113319E-017
          12          16  -1.4141771196662296E-017
          12          17  -1.4052278192505440E-018
          12          18   4.8283789413764256E-017
          12          19  -4.2810350345445060E-017
          12          20   1.0505177850158318E-016
          12          21   2.5899135792045809E-017
          12          22   1.0069407761005690E-016
          12          23  -9.1386679234277209E-018
          12          24   5.4163894347751200E-017
          12          25   5.0763282644823829E-017
          13           1  -7.8946284611753946E-015
          13           2   5.7464604222347355E-015
          13           3   7.2666093759923153E-015
          13           4   1.5644628383720828E-015
          13           5   3.7232046880566988E-003
          13           6  -1.2395797205537490E-002
          13           7   3.1794649987834517E-002
          13           8   2.5428050525247558E-003
          13           9  -8.4658509013544880E-003
          13          10   2.2020384889683886E-002
          13          11   1.7482040741743739E-004
          13          12  -5.8203577275408669E-004
          13          13   1.6462004802038088E-003
          13          14   1.6460496816234433E-017
          13          15   4.2437793850036119E-017
          13          16   1.5247198980828854E-016
          13          17   2.6380798769571190E-017
          13          18  -2.0949426456267822E-016
          13          19   3.8570797973619424E-016
          13          20  -3.3858451803376695E-016
          13          21  -9.2573982099957780E-017
          13          22  -3.1776447343725569E-016
          13          23   3.0205139883435628E-017
          13          24  -1.9729059810926682E-016
          13          25  -9.1302576337747160E-017
          14           1  -1.2948396460408372E-002
          14           2   1.4895592991021138E-002
          14           3   1.5713983269020550E-002
          14           4   1.3724077636638663E-003
          14           5  -1.1610556982719601E-015
          14           6   4.0140831459693917E-016
          14           7  -1.6921289043329932E-016
          14           8  -6.5113511402146139E-016
          14           9   3.0145437038473052E-016
          14          10  -2.2726972988333304E-016
          14          11   1.3723043469448554E-017
          14          12   1.9130816126354654E-017
          14          13   1.6460496816234433E-017
          14          14   7.0497386931206310E-004
          14          15   2.2797615762513954E-005
          14          16   6.4517186034128014E-004
          14          17  -6.3852425273916707E-005
          14          18   2.1258614046027521E-004
          14          19   1.9525572766101437E-004
          14          20  -2.8577986543856934E-004
          14          21   2.1778607830000882E-006
          14          22  -2.9149276328912442E-004
          14          23  -6.0998349281734216E-006
          14          24   2.0308396419826520E-005
          14          25  -3.3447334122489313E-004
          15           1   5.6845387485905479E-007
          15           2  -3.8041602520600196E-005
          15           3  -1.6702399822621672E-004
          15           4   8.8251823028661464E-007
          15           5   2.6799505146805498E-016
          15           6   1.1945790314588801E-017
          15           7   9.6763889592013750E-016
          15           8   1.6925408156071076E-016
          15           9  -4.6432065459012395E-017
          15          10   6.8513361610026039E-016
          15          11  -6.3876780119468557E-018
          15          12  -1.9896977277113319E-017
          15          13   4.2437793850036119E-017
          15          14   2.2797615762513954E-005
          15          15   2.8978302120690619E-006
          15          16   1.5196116108202742E-005
          15          17  -8.1163525607417940E-006
          15          18   2.7022059978128919E-005
          15          19  -4.1993222275227943E-005
          15          20  -5.5989930693435196E-006
          15          21   1.3459059306460352E-006
          15          22  -9.1295323755589814E-006
          15          23  -3.7696642823086456E-006
          15          24   1.2550476777778865E-005
          15          25  -3.5691292060022713E-005
          16           1  -1.2949887611242997E-002
          16           2   1.4995382560196613E-002
          16           3   1.6152115516895712E-002
          16           4   1.3700927688119252E-003
          16           5   1.5257004924067149E-015
          16           6  -1.2647330154375255E-015
          16           7   4.1828808762584391E-016
          16           8   9.2224881307907219E-016
          16           9  -7.1163842262357531E-016
          16          10   3.1378257428109796E-016
          16          11   4.0275115090507808E-017
          16          12  -1.4141771196662296E-017
          16          13   1.5247198980828854E-016
          16          14   6.4517186034128014E-004
          16          15   1.5196116108202742E-005
          16          16   6.0530987296107772E-004
          16          17  -4.2561857273145119E-005
          16          18   1.4170269852257047E-004
          16          19   3.0541106501618363E-004
          16          20  -2.7109275792485364E-004
          16          21  -1.3526785232467194E-006
          16          22  -2.6754445296098918E-004
          16          23   3.7886332158498649E-006
          16          24  -1.2613630719779941E-005
          16          25  -2.4084903462258454E-004
          17           1  -1.5921471351991196E-006
          17           2   1.0654836047809630E-004
          17           3   4.6780713724035774E-004
          17           4  -2.4717904685422226E-006
          17           5   1.0659619578557332E-015
          17           6   2.1179214201673195E-016
          17           7  -6.9835119604786798E-016
          17           8   6.1025388421574486E-016
          17           9   1.5974598099033343E-016
          17          10  -4.4128775252158859E-016
          17          11   2.4699880637079198E-017
          17          12  -1.4052278192505440E-018
          17          13   2.6380798769571190E-017
          17          14  -6.3852425273916707E-005
          17          15  -8.1163525607417940E-006
          17          16  -4.2561857273145119E-005
          17          17   2.2732587511821391E-005
          17          18  -7.5684408557328582E-005
          17          19   1.1761620668045975E-004
          17          20   1.5681871748924926E-005
          17          21  -3.7696642823393010E-006
          17          22   2.5570339892940837E-005
          17          23   1.0558218429580837E-005
          17          24  -3.5151850480971201E-005
          17          25   9.9965521962270913E-005
          18           1   5.3007918319560900E-006
          18           2  -3.5473522937751883E-004
          18           3  -1.5574868669180394E-003
          18           4   8.2294195330075690E-006
          18           5  -9.0602348071947511E-016
          18           6   1.6558722655339669E-016
          18           7  -1.9908409022463305E-016
          18           8  -5.3222481181123698E-016
          18           9   6.8387969316821061E-017
          18          10  -2.6135996766183676E-016
          18          11  -1.1123725284336774E-016
          18          12   4.8283789413764256E-017
          18          13  -2.0949426456267822E-016
          18          14   2.1258614046027521E-004
          18          15   2.7022059978128919E-005
          18          16   1.4170269852257047E-004
          18          17  -7.5684408557328582E-005
          18          18   2.5197878137250737E-004
          18          19  -3.9158380165618618E-004
          18          20  -5.2210210904274422E-005
          18          21   1.2550476777888651E-005
          18          22  -8.5132238043876573E-005
          18          23  -3.5151850480992844E-005
          18          24   1.1703230052291801E-004
          18          25  -3.3281875201867332E-004
          19           1  -1.2961106177776377E-002
          19           2   1.5746142238981312E-002
          19           3   1.9448372113613055E-002
          19           4   1.3526760707969225E-003
          19           5   6.5318042090115296E-017
          19           6   1.2176900899714301E-017
          19           7  -2.9474189824265191E-015
          19           8   4.5653612051988761E-017
          19           9   2.4920748541238174E-016
          19          10  -1.7837681006213334E-015
          19          11   2.6943650763795598E-016
          19          12  -4.2810350345445060E-017
          19          13   3.8570797973619424E-016
          19          14   1.9525572766101437E-004
          19          15  -4.1993222275227943E-005
          19          16   3.0541106501618363E-004
          19          17   1.1761620668045975E-004
          19          18  -3.9158380165618618E-004
          19          19   1.1341568585088949E-003
          19          20  -1.6059535613930303E-004
          19          21  -2.7914438207924188E-005
          19          22  -8.7371054901323167E-005
          19          23   7.8183815285173607E-005
          19          24  -2.6030014469440315E-004
          19          25   4.6352673261917341E-004
          20           1   5.5800703355395886E-003
          20           2  -7.0353080769305692E-003
          20           3  -7.6280111791079165E-003
          20           4  -6.3968703051763595E-004
          20           5  -6.0426237571018423E-015
          20           6   2.1574032751765129E-015
          20           7  -5.5252349612078951E-015
          20           8  -3.5679901554019252E-015
          20           9   1.4415375620370422E-015
          20          10  -3.8199353207538548E-015
          20          11  -3.3279050204893056E-017
          20          12   1.0505177850158318E-016
          20          13  -3.3858451803376695E-016
          20          14  -2.8577986543856934E-004
          20          15  -5.5989930693435196E-006
          20          16  -2.7109275792485364E-004
          20          17   1.5681871748924926E-005
          20          18  -5.2210210904274422E-005
          20          19  -1.6059535613930303E-004
          20          20   1.2405295995754440E-004
          20          21   1.3575245704413437E-006
          20          22   1.2049194299061789E-004
          20          23  -3.8022062083930515E-006
          20          24   1.2658819764549753E-005
          20          25   9.3700886807711683E-005
          21           1   1.3373609937484957E-004
          21           2  -2.7264349906654144E-004
          21           3  -3.6056592774530032E-004
          21           4  -2.2152014563878346E-005
          21           5   3.2483301982403357E-016
          21           6   1.1885135546821666E-015
          21           7  -6.5155095371838791E-016
          21           8   1.6961917681565299E-016
          21           9   7.4390269255385073E-016
          21          10  -5.5110636679659360E-016
          21          11  -1.8596704978077014E-017
          21          12   2.5899135792045809E-017
          21          13  -9.2573982099957780E-017
          21          14   2.1778607830000882E-006
          21          15   1.3459059306460352E-006
          21          16  -1.3526785232467194E-006
          21          17  -3.7696642823393010E-006
          21          18   1.2550476777888651E-005
          21          19  -2.7914438207924188E-005
          21          20   1.3575245704413437E-006
          21          21   7.6556465650229354E-007
          21          22  -6.5068124073815671E-007
          21          23  -2.1442224717921673E-006
          21          24   7.1388358016151745E-006
          21          25  -1.5759273874055930E-005
          22           1   5.2292578866556172E-003
          22           2  -6.3201179822076998E-003
          22           3  -6.6821856563963932E-003
          22           4  -5.8157854288279928E-004
          22           5  -4.5691502589092275E-015
          22           6   2.3905815594416553E-015
          22           7  -5.1777695171151576E-015
          22           8  -2.7175907132698469E-015
          22           9   1.5934785200221799E-015
          22          10  -3.6249142242500907E-015
          22          11  -2.1841012135428685E-017
          22          12   1.0069407761005690E-016
          22          13  -3.1776447343725569E-016
          22          14  -2.9149276328912442E-004
          22          15  -9.1295323755589814E-006
          22          16  -2.6754445296098918E-004
          22          17   2.5570339892940837E-005
          22          18  -8.5132238043876573E-005
          22          19  -8.7371054901323167E-005
          22          20   1.2049194299061789E-004
          22          21  -6.5068124073815671E-007
          22          22   1.2219879013654182E-004
          22          23   1.8224526518893814E-006
          22          24  -6.0675561464794089E-006
          22          25   1.3504013242876252E-004
          23           1  -3.7457312995839242E-004
          23           2   7.6363023360193343E-004
          23           3   1.0098867003107833E-003
          23           4   6.2044200995355387E-005
          23           5   1.5780363957310380E-015
          23           6   8.5839680142793427E-016
          23           7  -4.9791492664419689E-016
          23           8   9.1172236680210119E-016
          23           9   5.1146725004099780E-016
          23          10  -2.8526766224262035E-016
          23          11   1.2531585205300112E-017
          23          12  -9.1386679234277209E-018
          23          13   3.0205139883435628E-017
          23          14  -6.0998349281734216E-006
          23          15  -3.7696642823086456E-006
          23          16   3.7886332158498649E-006
          23          17   1.0558218429580837E-005
          23          18  -3.5151850480992844E-005
          23          19   7.8183815285173607E-005
          23          20  -3.8022062083930515E-006
          23          21  -2.1442224717921673E-006
          23          22   1.8224526518893814E-006
          23          23   6.0056194724876742E-006
          23          24  -1.9994721566945600E-005
          23          25   4.4139170862895913E-005
          24           1   1.2470795850818965E-003
          24           2  -2.5423811766478689E-003
          24           3  -3.3622515511291711E-003
          24           4  -2.0656595534028225E-004
          24           5  -1.6654407551961656E-015
          24           6   2.6133121455351767E-016
          24           7  -1.5566496311577487E-015
          24           8  -9.8413761840277054E-016
          24           9   1.8127411848904403E-016
          24          10  -1.1336538041638744E-015
          24          11  -7.3633752454022342E-017
          24          12   5.4163894347751200E-017
          24          13  -1.9729059810926682E-016
          24          14   2.0308396419826520E-005
          24          15   1.2550476777778865E-005
          24          16  -1.2613630719779941E-005
          24          17  -3.5151850480971201E-005
          24          18   1.1703230052291801E-004
          24          19  -2.6030014469440315E-004
          24          20   1.2658819764549753E-005
          24          21   7.1388358016151745E-006
          24          22  -6.0675561464794089E-006
          24          23  -1.9994721566945600E-005
          24          24   6.6569134519952719E-005
          24          25  -1.4695410450874050E-004
          25           1   2.5899455455437878E-003
          25           2  -9.3943651199947676E-004
          25           3   4.3366494284031911E-004
          25           4  -1.4440349671568408E-004
          25           5  -7.3376435493669581E-015
          25           6   3.9016286373830578E-015
          25           7  -5.8632251009475376E-015
          25           8  -4.3197581863148128E-015
          25           9   2.5543662631684516E-015
          25          10  -3.9496645867924059E-015
          25          11   1.4563195263706084E-016
          25          12   5.0763282644823829E-017
          25          13  -9.1302576337747160E-017
          25          14  -3.3447334122489313E-004
          25          15  -3.5691292060022713E-005
          25          16  -2.4084903462258454E-004
          25          17   9.9965521962270913E-005
          25          18  -3.3281875201867332E-004
          25          19   4.6352673261917341E-004
          25          20   9.3700886807711683E-005
          25          21  -1.5759273874055930E-005
          25          22   1.3504013242876252E-004
          25          23   4.4139170862895913E-005
          25          24  -1.4695410450874050E-004
          25          25   4.4605298697764935E-004
