           1           1   2.1987609376145554     
           1           2 -0.65941019496977582     
           1           3 -0.30137358476316589     
           1           4 -0.21105702734221399     
           1           5  -4.7128183694953754E-015
           1           6  -1.7474564129134781E-014
           1           7   1.3491857757065878E-015
           1           8   4.8949926752128361E-015
           1           9   2.0514464231615372E-016
           1          10   8.5062927970137843E-015
           1          11  -3.9421540521534045E-015
           1          12  -1.0406436742298667E-015
           1          13  -5.7263824714866393E-015
           1          14  0.20051636602248435     
           1          15  -7.7934441614199444E-016
           1          16  0.20051636602248935     
           1          17  -5.1859110546965683E-016
           1          18  -2.4482606464020854E-015
           1          19  0.20051636602249900     
           1          20  0.10989752743132669     
           1          21  -1.9085110982715724E-015
           1          22  0.10989752743132773     
           1          23   3.5151564041099432E-015
           1          24   4.3057509577676720E-015
           1          25  0.10989752743132589     
           2           1 -0.65941019496977582     
           2           2   2.5458749466159114     
           2           3  0.78902915464963319     
           2           4  0.51725256151947663     
           2           5   1.5814615059180219E-014
           2           6   4.4338302663691821E-014
           2           7  -1.8562067876507364E-014
           2           8   6.8018386974538066E-015
           2           9   2.2063105460898761E-015
           2          10  -1.1830151662097131E-014
           2          11  -3.7224243921614689E-015
           2          12   6.3346452587468674E-015
           2          13   1.5840842888483532E-014
           2          14 -0.53806789841447200     
           2          15  -1.8904339379862270E-015
           2          16 -0.53806789841446534     
           2          17   1.1098727864588473E-014
           2          18  -1.6773377259249214E-014
           2          19 -0.53806789841447944     
           2          20 -0.27096222797381464     
           2          21   6.1177637231759039E-015
           2          22 -0.27096222797382302     
           2          23  -5.0648686336308302E-015
           2          24   3.5807403456710743E-015
           2          25 -0.27096222797381114     
           3           1 -0.30137358476316589     
           3           2  0.78902915464963319     
           3           3  0.24917972219188203     
           3           4  0.16399646438771751     
           3           5   6.9828831032718738E-015
           3           6   1.4824523606651871E-014
           3           7  -5.9359374039078485E-015
           3           8   1.4621270393736422E-015
           3           9   5.1952764246823899E-016
           3          10  -3.8711486458005700E-015
           3          11  -8.1947291020908793E-016
           3          12   1.9731783210226605E-015
           3          13   4.9702201410787780E-015
           3          14 -0.16968555044374989     
           3          15  -5.2519084728178432E-016
           3          16 -0.16968555044374814     
           3          17   3.3270658861169961E-015
           3          18  -4.8735554109954568E-015
           3          19 -0.16968555044375280     
           3          20  -8.5877596026141395E-002
           3          21   1.9115406791843125E-015
           3          22  -8.5877596026143962E-002
           3          23  -1.6751202031873864E-015
           3          24   8.5943319975378533E-016
           3          25  -8.5877596026140327E-002
           4           1 -0.21105702734221399     
           4           2  0.51725256151947663     
           4           3  0.16399646438771751     
           4           4  0.10802156549006724     
           4           5   6.6651057386239544E-015
           4           6   5.6731039666558355E-015
           4           7  -2.1556406431612161E-015
           4           8   5.8172264978702533E-016
           4           9   9.8739190848928730E-016
           4          10  -2.8473019476037809E-015
           4          11  -4.0354805496492466E-016
           4          12   1.0914431126367519E-015
           4          13   3.3521074162400700E-015
           4          14 -0.11164509956876763     
           4          15  -3.3585065668326687E-016
           4          16 -0.11164509956876656     
           4          17   2.1654044141947963E-015
           4          18  -3.1497022330397630E-015
           4          19 -0.11164509956876963     
           4          20  -5.6561730273525040E-002
           4          21   1.2552762235821235E-015
           4          22  -5.6561730273526713E-002
           4          23  -1.1127907514032636E-015
           4          24   5.2859552424602131E-016
           4          25  -5.6561730273524340E-002
           5           1  -4.7128183694953754E-015
           5           2   1.5814615059180219E-014
           5           3   6.9828831032718738E-015
           5           4   6.6651057386239544E-015
           5           5   1.9083244457735282     
           5           6  -2.6246941060437866E-002
           5           7 -0.52917749193250274     
           5           8 -0.30457107082124374     
           5           9   4.1890460305439850E-003
           5          10   8.4457417987458344E-002
           5          11   9.2539109517149221E-002
           5          12  -1.2727754751877280E-003
           5          13  -2.5661052547121237E-002
           5          14  -4.0790483597124351E-015
           5          15  -8.0975328791791405E-016
           5          16  -3.9936273264190502E-015
           5          17  -9.9559995134688105E-016
           5          18   2.5270853542114137E-016
           5          19  -2.7610109351194155E-015
           5          20  -1.9559106624524109E-015
           5          21  -6.1989107995047482E-016
           5          22  -3.4651971282758870E-015
           5          23  -9.4170660755104255E-019
           5          24   6.1662951146363518E-016
           5          25  -3.5218207948839025E-015
           6           1  -1.7474564129134781E-014
           6           2   4.4338302663691821E-014
           6           3   1.4824523606651871E-014
           6           4   5.6731039666558355E-015
           6           5  -2.6246941060437866E-002
           6           6   1.1367582416610857     
           6           7   1.7980640775814367E-002
           6           8   4.1890460305457440E-003
           6           9 -0.18142809819073905     
           6          10  -2.8697337223082017E-003
           6          11  -1.2727754751882343E-003
           6          12   5.5124062185849906E-002
           6          13   8.7192326735945557E-004
           6          14  -9.4317004663001529E-015
           6          15  -2.3597247816157663E-016
           6          16  -9.4833691855287729E-015
           6          17  -3.8116677861472931E-016
           6          18  -4.2626075991951090E-016
           6          19  -9.1426450632029075E-015
           6          20  -3.6564599319732617E-015
           6          21   1.1984568635254480E-016
           6          22  -4.0809336206543372E-015
           6          23  -2.4683995285197015E-016
           6          24   1.9190121407866309E-016
           6          25  -3.6150044875716768E-015
           7           1   1.3491857757065878E-015
           7           2  -1.8562067876507364E-014
           7           3  -5.9359374039078485E-015
           7           4  -2.1556406431612161E-015
           7           5 -0.52917749193250274     
           7           6   1.7980640775814367E-002
           7           7   1.4983829557625599     
           7           8   8.4457417987460981E-002
           7           9  -2.8697337223095166E-003
           7          10 -0.23914387427548511     
           7          11  -2.5661052547122455E-002
           7          12   8.7192326736011531E-004
           7          13   7.2660089194493779E-002
           7          14   4.0628981628734000E-015
           7          15   7.5604851907614113E-016
           7          16   3.7411951880790245E-015
           7          17   9.9433451594167165E-016
           7          18   1.3653508956219762E-016
           7          19   3.9288297469704393E-015
           7          20   8.3718921141293453E-016
           7          21   7.1852655018834024E-016
           7          22   1.5788081806559986E-015
           7          23   8.9793220243842970E-017
           7          24  -3.6238957451966431E-016
           7          25   1.7179288624442046E-015
           8           1   4.8949926752128361E-015
           8           2   6.8018386974538066E-015
           8           3   1.4621270393736422E-015
           8           4   5.8172264978702533E-016
           8           5 -0.30457107082124374     
           8           6   4.1890460305457440E-003
           8           7   8.4457417987460981E-002
           8           8   4.8609940194733442E-002
           8           9  -6.6857721079253811E-004
           8          10  -1.3479514079594124E-002
           8          11  -1.4769362589734034E-002
           8          12   2.0313662608659717E-004
           8          13   4.0955374595691525E-003
           8          14  -1.1222334623403906E-015
           8          15   1.2923768101822564E-016
           8          16  -1.1358667706797337E-015
           8          17   1.5889905092552416E-016
           8          18  -4.0332611893909974E-017
           8          19  -1.3325939545930713E-015
           8          20  -5.5196718838674404E-016
           8          21   9.8935424964681930E-017
           8          22  -3.1108309968270304E-016
           8          23   1.5029760294405584E-019
           8          24  -9.8414874379642388E-017
           8          25  -3.0204588863040242E-016
           9           1   2.0514464231615372E-016
           9           2   2.2063105460898761E-015
           9           3   5.1952764246823899E-016
           9           4   9.8739190848928730E-016
           9           5   4.1890460305439850E-003
           9           6 -0.18142809819073905     
           9           7  -2.8697337223095166E-003
           9           8  -6.6857721079253811E-004
           9           9   2.8956161131508295E-002
           9          10   4.5801324544751654E-004
           9          11   2.0313662608659246E-004
           9          12  -8.7978722303457962E-003
           9          13  -1.3916009083354808E-004
           9          14  -4.6200180205676399E-016
           9          15   3.7661515324176328E-017
           9          16  -4.5375540706962189E-016
           9          17   6.0834715072357560E-017
           9          18   6.8031773310444824E-017
           9          19  -5.0813542144367269E-016
           9          20  -4.0792075877484314E-016
           9          21  -1.9127527872160759E-017
           9          22  -3.4017420436513149E-016
           9          23   3.9395978460612010E-017
           9          24  -3.0627684088655782E-017
           9          25  -4.1453710177705109E-016
          10           1   8.5062927970137843E-015
          10           2  -1.1830151662097131E-014
          10           3  -3.8711486458005700E-015
          10           4  -2.8473019476037809E-015
          10           5   8.4457417987458344E-002
          10           6  -2.8697337223082017E-003
          10           7 -0.23914387427548511     
          10           8  -1.3479514079594124E-002
          10           9   4.5801324544751654E-004
          10          10   3.8167674280827554E-002
          10          11   4.0955374595692210E-003
          10          12  -1.3916009083358985E-004
          10          13  -1.1596645015446282E-002
          10          14   2.6254297299088493E-015
          10          15  -1.2066632985696499E-016
          10          16   2.6767739443250423E-015
          10          17  -1.5869708578418942E-016
          10          18  -2.1791178394522007E-017
          10          19   2.6468272239699080E-015
          10          20   1.5365640403098365E-015
          10          21  -1.1467777467773181E-016
          10          22   1.4182006854286080E-015
          10          23  -1.4331115079859027E-017
          10          24   5.7837848805187316E-017
          10          25   1.3959968431419438E-015
          11           1  -3.9421540521534045E-015
          11           2  -3.7224243921614689E-015
          11           3  -8.1947291020908793E-016
          11           4  -4.0354805496492466E-016
          11           5   9.2539109517149221E-002
          11           6  -1.2727754751882343E-003
          11           7  -2.5661052547122455E-002
          11           8  -1.4769362589734034E-002
          11           9   2.0313662608659246E-004
          11          10   4.0955374595692210E-003
          11          11   4.4874375576925427E-003
          11          12  -6.1719855525631576E-005
          11          13  -1.2443643727578267E-003
          11          14   6.0396697604509415E-016
          11          15  -3.9266828215954343E-017
          11          16   6.0810924146146992E-016
          11          17  -4.8278966994871008E-017
          11          18   1.2254427116487525E-017
          11          19   6.6788168921256172E-016
          11          20   2.8746077798711352E-016
          11          21  -3.0059966303585277E-017
          11          22   2.1427195212320638E-016
          11          23  -4.5665552875534722E-020
          11          24   2.9901805229809096E-017
          11          25   2.1152613827737269E-016
          12           1  -1.0406436742298667E-015
          12           2   6.3346452587468674E-015
          12           3   1.9731783210226605E-015
          12           4   1.0914431126367519E-015
          12           5  -1.2727754751877280E-003
          12           6   5.5124062185849906E-002
          12           7   8.7192326736011531E-004
          12           8   2.0313662608659717E-004
          12           9  -8.7978722303457962E-003
          12          10  -1.3916009083358985E-004
          12          11  -6.1719855525631576E-005
          12          12   2.6730945248562344E-003
          12          13   4.2281595725218508E-005
          12          14  -1.3149164183077600E-015
          12          15  -1.1442856610676002E-017
          12          16  -1.3174219551822007E-015
          12          17  -1.8483667359924726E-017
          12          18  -2.0670379836340708E-017
          12          19  -1.3008994466848424E-015
          12          20  -6.0524152139114040E-016
          12          21   5.8115972465361859E-018
          12          22  -6.2582524196917453E-016
          12          23  -1.1969845840826864E-017
          12          24   9.3057380810927791E-018
          12          25  -6.0323125006748401E-016
          13           1  -5.7263824714866393E-015
          13           2   1.5840842888483532E-014
          13           3   4.9702201410787780E-015
          13           4   3.3521074162400700E-015
          13           5  -2.5661052547121237E-002
          13           6   8.7192326735945557E-004
          13           7   7.2660089194493779E-002
          13           8   4.0955374595691525E-003
          13           9  -1.3916009083354808E-004
          13          10  -1.1596645015446282E-002
          13          11  -1.2443643727578267E-003
          13          12   4.2281595725218508E-005
          13          13   3.5234574321922566E-003
          13          14  -3.3850595470593134E-015
          13          15   3.6662558540291684E-017
          13          16  -3.4006596756864703E-015
          13          17   4.8217603076527108E-017
          13          18   6.6209053883430986E-018
          13          19  -3.3915608376808445E-015
          13          20  -1.7696828294570849E-015
          13          21   3.4843030631503233E-017
          13          22  -1.7337199934903451E-015
          13          23   4.3542829734111048E-018
          13          24  -1.7573116876735486E-017
          13          25  -1.7269737066957909E-015
          14           1  0.20051636602248435     
          14           2 -0.53806789841447200     
          14           3 -0.16968555044374989     
          14           4 -0.11164509956876763     
          14           5  -4.0790483597124351E-015
          14           6  -9.4317004663001529E-015
          14           7   4.0628981628734000E-015
          14           8  -1.1222334623403906E-015
          14           9  -4.6200180205676399E-016
          14          10   2.6254297299088493E-015
          14          11   6.0396697604509415E-016
          14          12  -1.3149164183077600E-015
          14          13  -3.3850595470593134E-015
          14          14  0.11556398717575078     
          14          15   3.6127643788647008E-016
          14          16  0.11556398717574959     
          14          17  -2.2746587373945305E-015
          14          18   3.3402081928556822E-015
          14          19  0.11556398717575274     
          14          20   5.8465135199628926E-002
          14          21  -1.3027507491512598E-015
          14          22   5.8465135199630668E-002
          14          23   1.1368921321753090E-015
          14          24  -5.9898500925330352E-016
          14          25   5.8465135199628190E-002
          15           1  -7.7934441614199444E-016
          15           2  -1.8904339379862270E-015
          15           3  -5.2519084728178432E-016
          15           4  -3.3585065668326687E-016
          15           5  -8.0975328791791405E-016
          15           6  -2.3597247816157663E-016
          15           7   7.5604851907614113E-016
          15           8   1.2923768101822564E-016
          15           9   3.7661515324176328E-017
          15          10  -1.2066632985696499E-016
          15          11  -3.9266828215954343E-017
          15          12  -1.1442856610676002E-017
          15          13   3.6662558540291684E-017
          15          14   3.6127643788647008E-016
          15          15   2.8059862296676797E-030
          15          16   3.6127643788646086E-016
          15          17  -8.9221674313040092E-030
          15          18   1.6773444389510272E-029
          15          19   3.6127643788646712E-016
          15          20   1.7635082017292403E-016
          15          21  -3.8857036308341644E-030
          15          22   1.7635082017293191E-016
          15          23   2.4725654947633336E-030
          15          24  -6.3150866114313648E-030
          15          25   1.7635082017292225E-016
          16           1  0.20051636602248935     
          16           2 -0.53806789841446534     
          16           3 -0.16968555044374814     
          16           4 -0.11164509956876656     
          16           5  -3.9936273264190502E-015
          16           6  -9.4833691855287729E-015
          16           7   3.7411951880790245E-015
          16           8  -1.1358667706797337E-015
          16           9  -4.5375540706962189E-016
          16          10   2.6767739443250423E-015
          16          11   6.0810924146146992E-016
          16          12  -1.3174219551822007E-015
          16          13  -3.4006596756864703E-015
          16          14  0.11556398717574959     
          16          15   3.6127643788646086E-016
          16          16  0.11556398717574841     
          16          17  -2.2746587373944946E-015
          16          18   3.3402081928556164E-015
          16          19  0.11556398717575156     
          16          20   5.8465135199628350E-002
          16          21  -1.3027507491512448E-015
          16          22   5.8465135199630106E-002
          16          23   1.1368921321753031E-015
          16          24  -5.9898500925327670E-016
          16          25   5.8465135199627621E-002
          17           1  -5.1859110546965683E-016
          17           2   1.1098727864588473E-014
          17           3   3.3270658861169961E-015
          17           4   2.1654044141947963E-015
          17           5  -9.9559995134688105E-016
          17           6  -3.8116677861472931E-016
          17           7   9.9433451594167165E-016
          17           8   1.5889905092552416E-016
          17           9   6.0834715072357560E-017
          17          10  -1.5869708578418942E-016
          17          11  -4.8278966994871008E-017
          17          12  -1.8483667359924726E-017
          17          13   4.8217603076527108E-017
          17          14  -2.2746587373945305E-015
          17          15  -8.9221674313040092E-030
          17          16  -2.2746587373944946E-015
          17          17   5.2164467060539282E-029
          17          18  -8.0887752519326735E-029
          17          19  -2.2746587373945494E-015
          17          20  -1.1351168976347055E-015
          17          21   2.6870168386743525E-029
          17          22  -1.1351168976347425E-015
          17          23  -1.9385127785225550E-029
          17          24   2.1195605094141286E-029
          17          25  -1.1351168976346893E-015
          18           1  -2.4482606464020854E-015
          18           2  -1.6773377259249214E-014
          18           3  -4.8735554109954568E-015
          18           4  -3.1497022330397630E-015
          18           5   2.5270853542114137E-016
          18           6  -4.2626075991951090E-016
          18           7   1.3653508956219762E-016
          18           8  -4.0332611893909974E-017
          18           9   6.8031773310444824E-017
          18          10  -2.1791178394522007E-017
          18          11   1.2254427116487525E-017
          18          12  -2.0670379836340708E-017
          18          13   6.6209053883430986E-018
          18          14   3.3402081928556822E-015
          18          15   1.6773444389510272E-029
          18          16   3.3402081928556164E-015
          18          17  -8.0887752519326735E-029
          18          18   1.3348677644438812E-028
          18          19   3.3402081928556897E-015
          18          20   1.6521940168992595E-015
          18          21  -3.9260036189603601E-029
          18          22   1.6521940168993193E-015
          18          23   2.6095639771409201E-029
          18          24  -4.1143370909648066E-029
          18          25   1.6521940168992363E-015
          19           1  0.20051636602249900     
          19           2 -0.53806789841447944     
          19           3 -0.16968555044375280     
          19           4 -0.11164509956876963     
          19           5  -2.7610109351194155E-015
          19           6  -9.1426450632029075E-015
          19           7   3.9288297469704393E-015
          19           8  -1.3325939545930713E-015
          19           9  -5.0813542144367269E-016
          19          10   2.6468272239699080E-015
          19          11   6.6788168921256172E-016
          19          12  -1.3008994466848424E-015
          19          13  -3.3915608376808445E-015
          19          14  0.11556398717575274     
          19          15   3.6127643788646712E-016
          19          16  0.11556398717575156     
          19          17  -2.2746587373945494E-015
          19          18   3.3402081928556897E-015
          19          19  0.11556398717575471     
          19          20   5.8465135199629967E-002
          19          21  -1.3027507491512799E-015
          19          22   5.8465135199631722E-002
          19          23   1.1368921321753374E-015
          19          24  -5.9898500925328064E-016
          19          25   5.8465135199629231E-002
          20           1  0.10989752743132669     
          20           2 -0.27096222797381464     
          20           3  -8.5877596026141395E-002
          20           4  -5.6561730273525040E-002
          20           5  -1.9559106624524109E-015
          20           6  -3.6564599319732617E-015
          20           7   8.3718921141293453E-016
          20           8  -5.5196718838674404E-016
          20           9  -4.0792075877484314E-016
          20          10   1.5365640403098365E-015
          20          11   2.8746077798711352E-016
          20          12  -6.0524152139114040E-016
          20          13  -1.7696828294570849E-015
          20          14   5.8465135199628926E-002
          20          15   1.7635082017292403E-016
          20          16   5.8465135199628350E-002
          20          17  -1.1351168976347055E-015
          20          18   1.6521940168992595E-015
          20          19   5.8465135199629967E-002
          20          20   2.9616791776112306E-002
          20          21  -6.5746902989365858E-016
          20          22   2.9616791776113188E-002
          20          23   5.8221237192911617E-016
          20          24  -2.7861893388346853E-016
          20          25   2.9616791776111939E-002
          21           1  -1.9085110982715724E-015
          21           2   6.1177637231759039E-015
          21           3   1.9115406791843125E-015
          21           4   1.2552762235821235E-015
          21           5  -6.1989107995047482E-016
          21           6   1.1984568635254480E-016
          21           7   7.1852655018834024E-016
          21           8   9.8935424964681930E-017
          21           9  -1.9127527872160759E-017
          21          10  -1.1467777467773181E-016
          21          11  -3.0059966303585277E-017
          21          12   5.8115972465361859E-018
          21          13   3.4843030631503233E-017
          21          14  -1.3027507491512598E-015
          21          15  -3.8857036308341644E-030
          21          16  -1.3027507491512448E-015
          21          17   2.6870168386743525E-029
          21          18  -3.9260036189603601E-029
          21          19  -1.3027507491512799E-015
          21          20  -6.5746902989365858E-016
          21          21   1.5185299694325310E-029
          21          22  -6.5746902989367791E-016
          21          23  -1.2509675352627427E-029
          21          24   7.5099205577914344E-030
          21          25  -6.5746902989364951E-016
          22           1  0.10989752743132773     
          22           2 -0.27096222797382302     
          22           3  -8.5877596026143962E-002
          22           4  -5.6561730273526713E-002
          22           5  -3.4651971282758870E-015
          22           6  -4.0809336206543372E-015
          22           7   1.5788081806559986E-015
          22           8  -3.1108309968270304E-016
          22           9  -3.4017420436513149E-016
          22          10   1.4182006854286080E-015
          22          11   2.1427195212320638E-016
          22          12  -6.2582524196917453E-016
          22          13  -1.7337199934903451E-015
          22          14   5.8465135199630668E-002
          22          15   1.7635082017293191E-016
          22          16   5.8465135199630106E-002
          22          17  -1.1351168976347425E-015
          22          18   1.6521940168993193E-015
          22          19   5.8465135199631722E-002
          22          20   2.9616791776113188E-002
          22          21  -6.5746902989367791E-016
          22          22   2.9616791776114062E-002
          22          23   5.8221237192913165E-016
          22          24  -2.7861893388348402E-016
          22          25   2.9616791776112816E-002
          23           1   3.5151564041099432E-015
          23           2  -5.0648686336308302E-015
          23           3  -1.6751202031873864E-015
          23           4  -1.1127907514032636E-015
          23           5  -9.4170660755104255E-019
          23           6  -2.4683995285197015E-016
          23           7   8.9793220243842970E-017
          23           8   1.5029760294405584E-019
          23           9   3.9395978460612010E-017
          23          10  -1.4331115079859027E-017
          23          11  -4.5665552875534722E-020
          23          12  -1.1969845840826864E-017
          23          13   4.3542829734111048E-018
          23          14   1.1368921321753090E-015
          23          15   2.4725654947633336E-030
          23          16   1.1368921321753031E-015
          23          17  -1.9385127785225550E-029
          23          18   2.6095639771409201E-029
          23          19   1.1368921321753374E-015
          23          20   5.8221237192911617E-016
          23          21  -1.2509675352627427E-029
          23          22   5.8221237192913165E-016
          23          23   1.2529914031822082E-029
          23          24  -1.4949903433441378E-030
          23          25   5.8221237192910917E-016
          24           1   4.3057509577676720E-015
          24           2   3.5807403456710743E-015
          24           3   8.5943319975378533E-016
          24           4   5.2859552424602131E-016
          24           5   6.1662951146363518E-016
          24           6   1.9190121407866309E-016
          24           7  -3.6238957451966431E-016
          24           8  -9.8414874379642388E-017
          24           9  -3.0627684088655782E-017
          24          10   5.7837848805187316E-017
          24          11   2.9901805229809096E-017
          24          12   9.3057380810927791E-018
          24          13  -1.7573116876735486E-017
          24          14  -5.9898500925330352E-016
          24          15  -6.3150866114313648E-030
          24          16  -5.9898500925327670E-016
          24          17   2.1195605094141286E-029
          24          18  -4.1143370909648066E-029
          24          19  -5.9898500925328064E-016
          24          20  -2.7861893388346853E-016
          24          21   7.5099205577914344E-030
          24          22  -2.7861893388348402E-016
          24          23  -1.4949903433441378E-030
          24          24   1.8802862721324666E-029
          24          25  -2.7861893388346400E-016
          25           1  0.10989752743132589     
          25           2 -0.27096222797381114     
          25           3  -8.5877596026140327E-002
          25           4  -5.6561730273524340E-002
          25           5  -3.5218207948839025E-015
          25           6  -3.6150044875716768E-015
          25           7   1.7179288624442046E-015
          25           8  -3.0204588863040242E-016
          25           9  -4.1453710177705109E-016
          25          10   1.3959968431419438E-015
          25          11   2.1152613827737269E-016
          25          12  -6.0323125006748401E-016
          25          13  -1.7269737066957909E-015
          25          14   5.8465135199628190E-002
          25          15   1.7635082017292225E-016
          25          16   5.8465135199627621E-002
          25          17  -1.1351168976346893E-015
          25          18   1.6521940168992363E-015
          25          19   5.8465135199629231E-002
          25          20   2.9616791776111939E-002
          25          21  -6.5746902989364951E-016
          25          22   2.9616791776112816E-002
          25          23   5.8221237192910917E-016
          25          24  -2.7861893388346400E-016
          25          25   2.9616791776111571E-002
