           1           1   2.1712521223881929     
           1           2 -0.62424397088733163     
           1           3   7.4759293322091747E-002
           1           4   9.9357314563381469E-002
           1           5   2.0126434318839766E-002
           1           6  -9.0333715873370336E-015
           1           7   1.0167620159185573E-015
           1           8   3.2285170690824688E-015
           1           9   7.1103176213002060E-016
           1          10  -6.5248511868545064E-015
           1          11   2.6077479555549319E-015
           1          12  -3.7751537013025789E-015
           1          13   1.0273690446412390E-014
           1          14  -4.7478052692277046E-017
           1          15   3.3050109360565528E-015
           1          16  -4.9831591776569100E-015
           1          17   4.5022364303356104E-016
           1          18  -1.0995730956668257E-002
           1          19  -2.5615316843928427E-015
           1          20  -1.0995730956668922E-002
           1          21  -1.0108570320615560E-015
           1          22   2.5844733945633301E-015
           1          23  -1.0995730956667735E-002
           1          24  -8.3640579661474444E-003
           1          25  -9.0900141882027757E-016
           1          26  -8.3640579661473802E-003
           1          27  -2.2964905529667278E-015
           1          28  -1.3519003695087436E-015
           1          29  -8.3640579661521108E-003
           2           1 -0.62424397088733163     
           2           2   2.2984897290130251     
           2           3 -0.20900148176242286     
           2           4 -0.33421833946871493     
           2           5  -6.3729396046128511E-002
           2           6   3.8703544969859809E-014
           2           7  -9.6489055190264289E-015
           2           8  -6.8976264429131110E-015
           2           9  -4.4977418065582307E-015
           2          10   1.6500395784544259E-014
           2          11  -9.2999299686045828E-015
           2          12   7.1866291713985604E-015
           2          13  -2.3183079567582209E-014
           2          14   7.9659316716354271E-015
           2          15  -1.2758647288911338E-014
           2          16   1.1867539445541887E-014
           2          17  -8.4382717762125134E-015
           2          18   1.9792715120533773E-002
           2          19   6.6012072204754926E-015
           2          20   1.9792715120538006E-002
           2          21   6.1346409814769555E-015
           2          22  -5.7669748525615345E-015
           2          23   1.9792715120539355E-002
           2          24   2.5913480509391892E-002
           2          25   3.6391714255337189E-015
           2          26   2.5913480509397513E-002
           2          27   2.1082246551752487E-015
           2          28  -7.4940537822558817E-016
           2          29   2.5913480509401378E-002
           3           1   7.4759293322091747E-002
           3           2 -0.20900148176242286     
           3           3  0.40018457438957722     
           3           4  0.50097094221218574     
           3           5   4.4207311148989237E-002
           3           6   1.1120395388344157E-015
           3           7   4.8497828765286404E-015
           3           8  -6.7362186673804452E-016
           3           9  -4.6254884412189664E-016
           3          10   3.9010834343774010E-015
           3          11   1.0990476452825802E-015
           3          12  -2.7248895379006985E-016
           3          13   1.4086904315509944E-015
           3          14   1.4642612274167519E-015
           3          15  -3.6586715202968250E-016
           3          16  -3.0169446394960356E-016
           3          17  -2.4226944139877916E-016
           3          18   1.5227290440022429E-002
           3          19  -1.7463170342654519E-016
           3          20   1.5227290440021841E-002
           3          21   2.0714144084721707E-016
           3          22  -6.6135838357361209E-018
           3          23   1.5227290440021924E-002
           3          24  -8.0946445712738110E-003
           3          25   5.3414206491321533E-017
           3          26  -8.0946445712735474E-003
           3          27   1.2935508822763829E-016
           3          28   6.9806713560541921E-017
           3          29  -8.0946445712731345E-003
           4           1   9.9357314563381469E-002
           4           2 -0.33421833946871493     
           4           3  0.50097094221218574     
           4           4  0.63040157471211034     
           4           5   5.6515063760223958E-002
           4           6  -2.2338194922944061E-015
           4           7  -2.9390923137517631E-015
           4           8   7.7378404937782440E-015
           4           9  -7.5096809388548745E-016
           4          10   3.2291697988755423E-015
           4          11  -1.1459288528715419E-015
           4          12  -9.1679888613880496E-016
           4          13   1.5445963396995505E-015
           4          14  -1.2853158732384374E-015
           4          15  -1.8223221018660120E-017
           4          16  -7.5112375368292195E-016
           4          17  -6.8946885348873375E-017
           4          18   1.8614298603052384E-002
           4          19  -4.1927970053333415E-016
           4          20   1.8614298603051457E-002
           4          21   4.4410954300577523E-017
           4          22   1.7908909844970442E-016
           4          23   1.8614298603051572E-002
           4          24  -1.0970176716593560E-002
           4          25  -4.5887800297319352E-017
           4          26  -1.0970176716593422E-002
           4          27   1.0004047145564859E-016
           4          28   1.1376619463468721E-016
           4          29  -1.0970176716593026E-002
           5           1   2.0126434318839766E-002
           5           2  -6.3729396046128511E-002
           5           3   4.4207311148989237E-002
           5           4   5.6515063760223958E-002
           5           5   5.6761223914538472E-003
           5           6   1.6227652270269203E-015
           5           7  -3.4747067044802801E-014
           5           8  -8.2813151572457366E-015
           5           9  -2.3984903735883291E-015
           5          10  -6.1221805545439433E-015
           5          11   2.8678297105188099E-016
           5          12  -2.4826073073134115E-015
           5          13  -5.0899072154854749E-015
           5          14   8.6712769600133583E-017
           5          15   1.4625021268036836E-016
           5          16  -3.4016436128289263E-016
           5          17   1.3782735643197608E-016
           5          18   1.0685152104900173E-003
           5          19  -1.4737365106760377E-016
           5          20   1.0685152104898820E-003
           5          21  -7.5487061753325213E-017
           5          22   1.0401221702903257E-016
           5          23   1.0685152104898646E-003
           5          24  -1.2707869706687107E-003
           5          25  -5.6586723966734477E-017
           5          26  -1.2707869706687996E-003
           5          27  -2.7541596477164844E-017
           5          28   2.0057962511503173E-017
           5          29  -1.2707869706688065E-003
           6           1  -9.0333715873370336E-015
           6           2   3.8703544969859809E-014
           6           3   1.1120395388344157E-015
           6           4  -2.2338194922944061E-015
           6           5   1.6227652270269203E-015
           6           6   2.0502237495387483     
           6           7   3.8580250105724182E-015
           6           8  -6.9388939039071963E-017
           6           9 -0.12854064706187107     
           6          10  -2.1360951202309393E-015
           6          11  -1.0042964723733245E-015
           6          12 -0.13651086347224886     
           6          13   1.0449561714238979E-015
           6          14  -4.7467811067425716E-016
           6          15  -3.4700808163945240E-003
           6          16   1.0303982161594371E-015
           6          17   2.1214617790341746E-016
           6          18  -1.7433447688597867E-015
           6          19  -5.6076045874946237E-016
           6          20  -1.4911457855379418E-015
           6          21  -4.2307568983325911E-017
           6          22  -6.6602913821013461E-016
           6          23   5.6398272698307655E-017
           6          24   1.4827871909626409E-015
           6          25   5.2514865850312628E-016
           6          26  -9.9795529261593456E-016
           6          27  -2.1141319565808274E-016
           6          28   1.1759818725539812E-015
           6          29   9.1489463099884712E-016
           7           1   1.0167620159185573E-015
           7           2  -9.6489055190264289E-015
           7           3   4.8497828765286404E-015
           7           4  -2.9390923137517631E-015
           7           5  -3.4747067044802801E-014
           7           6   3.8580250105724182E-015
           7           7   2.0502237495387470     
           7           8   5.0480453150925008E-016
           7           9  -8.7724966180147103E-015
           7          10 -0.12854064706187346     
           7          11   1.6054865770165387E-015
           7          12   3.3583619690530021E-015
           7          13 -0.13651086347225536     
           7          14   2.9991742596380414E-017
           7          15   5.0214455159334098E-015
           7          16  -3.4700808163883939E-003
           7          17  -2.8296321449156059E-015
           7          18   3.8630398495314353E-015
           7          19   3.0366736850485463E-015
           7          20   3.8855531951957168E-015
           7          21  -4.0594730257948712E-015
           7          22   7.7283456529897823E-017
           7          23   4.7710648798105588E-015
           7          24   1.3307914496112516E-014
           7          25   2.5129419409204814E-015
           7          26   1.5065883291463861E-014
           7          27  -2.2775957443179424E-016
           7          28  -2.9773732733050561E-016
           7          29   9.8193549399507471E-015
           8           1   3.2285170690824688E-015
           8           2  -6.8976264429131110E-015
           8           3  -6.7362186673804452E-016
           8           4   7.7378404937782440E-015
           8           5  -8.2813151572457366E-015
           8           6  -6.9388939039071963E-017
           8           7   5.0480453150925008E-016
           8           8   2.0502237495387474     
           8           9   2.4346301884248233E-015
           8          10  -1.2117043479697982E-015
           8          11 -0.12854064706186988     
           8          12  -2.9997405011632661E-015
           8          13  -8.4079878476250228E-017
           8          14 -0.13651086347224589     
           8          15  -1.4965818569221555E-015
           8          16   7.6648350210220490E-016
           8          17  -3.4700808163926305E-003
           8          18  -1.1718575180333249E-015
           8          19   1.9034588900549171E-017
           8          20  -2.5114675010661722E-015
           8          21   1.1700449608842893E-015
           8          22   5.4374196792302782E-016
           8          23  -1.6867751816879044E-015
           8          24   1.9291881422990566E-016
           8          25   1.9037143724623216E-015
           8          26   2.0351811401824835E-015
           8          27  -2.8038823006881089E-016
           8          28  -4.7785488324008600E-016
           8          29   3.2123192028942149E-015
           9           1   7.1103176213002060E-016
           9           2  -4.4977418065582307E-015
           9           3  -4.6254884412189664E-016
           9           4  -7.5096809388548745E-016
           9           5  -2.3984903735883291E-015
           9           6 -0.12854064706187107     
           9           7  -8.7724966180147103E-015
           9           8   2.4346301884248233E-015
           9           9  0.34263271090341585     
           9          10  -2.8108110728276858E-016
           9          11   1.8893904215960286E-015
           9          12  0.32441014984408828     
           9          13  -4.0353567446802838E-016
           9          14   1.3468522365739844E-015
           9          15   6.4522019639998663E-003
           9          16  -1.1876704961580610E-015
           9          17  -1.7273639607314163E-015
           9          18  -8.0004084481891957E-016
           9          19   2.7128164551290355E-016
           9          20  -6.6366740652078170E-017
           9          21   4.4618600689926288E-016
           9          22  -3.2739181168972852E-016
           9          23  -7.0964129360339286E-016
           9          24   3.0228300311056598E-015
           9          25  -8.6708358662584482E-017
           9          26   5.3441766502246700E-016
           9          27   1.6276175732023359E-015
           9          28   5.0840893757590657E-016
           9          29   9.0440571062905851E-017
          10           1  -6.5248511868545064E-015
          10           2   1.6500395784544259E-014
          10           3   3.9010834343774010E-015
          10           4   3.2291697988755423E-015
          10           5  -6.1221805545439433E-015
          10           6  -2.1360951202309393E-015
          10           7 -0.12854064706187346     
          10           8  -1.2117043479697982E-015
          10           9  -2.8108110728276858E-016
          10          10  0.34263271090341801     
          10          11   4.2062300907932110E-016
          10          12   1.2365774340699745E-015
          10          13  0.32441014984408711     
          10          14  -1.5571716059469163E-016
          10          15  -5.2138420883502110E-016
          10          16   6.4522019640006712E-003
          10          17  -2.3685042320568165E-016
          10          18  -1.1588981464770743E-015
          10          19   8.7766949560834174E-016
          10          20   8.8203788220131480E-016
          10          21  -8.1570366720362439E-017
          10          22   4.0085048348535729E-016
          10          23  -6.6250408234046488E-016
          10          24   1.9037207060291984E-015
          10          25   7.1307086210504410E-017
          10          26   2.2872096140476564E-015
          10          27   8.0405231875749654E-016
          10          28   2.8632627249341290E-016
          10          29   1.3871315801320997E-015
          11           1   2.6077479555549319E-015
          11           2  -9.2999299686045828E-015
          11           3   1.0990476452825802E-015
          11           4  -1.1459288528715419E-015
          11           5   2.8678297105188099E-016
          11           6  -1.0042964723733245E-015
          11           7   1.6054865770165387E-015
          11           8 -0.12854064706186988     
          11           9   1.8893904215960286E-015
          11          10   4.2062300907932110E-016
          11          11  0.34263271090341585     
          11          12  -1.6655626468808963E-015
          11          13  -2.5821359998706293E-016
          11          14  0.32441014984408573     
          11          15   2.9774023166677066E-015
          11          16   7.1995127068876043E-016
          11          17   6.4522019640041945E-003
          11          18   1.1363955388399484E-016
          11          19  -2.2026980318250137E-016
          11          20  -3.2835240669825508E-016
          11          21   6.0959709557357289E-016
          11          22   5.4579071997576886E-016
          11          23  -4.4213558285031950E-016
          11          24  -1.3530961614328798E-015
          11          25  -5.7292443293045905E-016
          11          26  -3.1361031918590499E-016
          11          27  -7.7738843876604021E-017
          11          28  -2.9506637335140855E-016
          11          29  -8.1376889928319494E-016
          12           1  -3.7751537013025789E-015
          12           2   7.1866291713985604E-015
          12           3  -2.7248895379006985E-016
          12           4  -9.1679888613880496E-016
          12           5  -2.4826073073134115E-015
          12           6 -0.13651086347224886     
          12           7   3.3583619690530021E-015
          12           8  -2.9997405011632661E-015
          12           9  0.32441014984408828     
          12          10   1.2365774340699745E-015
          12          11  -1.6655626468808963E-015
          12          12  0.30727236054913803     
          12          13   9.1593782278384561E-016
          12          14  -1.9671735044209257E-015
          12          15   6.1158979120868404E-003
          12          16  -1.1113847422547357E-015
          12          17  -1.6925559131357718E-015
          12          18  -6.0878196381382944E-016
          12          19   2.6243182464487126E-016
          12          20   8.2627183713808479E-017
          12          21   4.2196114877420151E-016
          12          22  -3.0476800593224795E-016
          12          23  -5.3786571641062370E-016
          12          24   2.9785131524956768E-015
          12          25  -8.3108421198480822E-017
          12          26   6.4609209804996526E-016
          12          27   1.5379612539797694E-015
          12          28   4.7154795374427348E-016
          12          29   2.1786005918742282E-016
          13           1   1.0273690446412390E-014
          13           2  -2.3183079567582209E-014
          13           3   1.4086904315509944E-015
          13           4   1.5445963396995505E-015
          13           5  -5.0899072154854749E-015
          13           6   1.0449561714238979E-015
          13           7 -0.13651086347225536     
          13           8  -8.4079878476250228E-017
          13           9  -4.0353567446802838E-016
          13          10  0.32441014984408711     
          13          11  -2.5821359998706293E-016
          13          12   9.1593782278384561E-016
          13          13  0.30727236054913404     
          13          14  -7.8924764325420160E-016
          13          15  -5.3594615555612758E-016
          13          16   6.1158979120875135E-003
          13          17  -2.2087066316866102E-016
          13          18  -1.7353453772929470E-015
          13          19   8.1317835504443982E-016
          13          20   1.9468999063761799E-016
          13          21  -5.3181401258444247E-017
          13          22   3.8097500869142337E-016
          13          23  -1.2690917563263621E-015
          13          24   1.3763169233198925E-015
          13          25   5.6395672395801105E-017
          13          26   1.7219450247974519E-015
          13          27   7.6250103567558617E-016
          13          28   2.6857436975216495E-016
          13          29   9.0976728827792363E-016
          14           1  -4.7478052692277046E-017
          14           2   7.9659316716354271E-015
          14           3   1.4642612274167519E-015
          14           4  -1.2853158732384374E-015
          14           5   8.6712769600133583E-017
          14           6  -4.7467811067425716E-016
          14           7   2.9991742596380414E-017
          14           8 -0.13651086347224589     
          14           9   1.3468522365739844E-015
          14          10  -1.5571716059469163E-016
          14          11  0.32441014984408573     
          14          12  -1.9671735044209257E-015
          14          13  -7.8924764325420160E-016
          14          14  0.30727236054913332     
          14          15   2.8170512609682779E-015
          14          16   6.6517346304700363E-016
          14          17   6.1158979120908624E-003
          14          18   3.0617056012252223E-016
          14          19  -2.1085473931093601E-016
          14          20  -1.0010676064999636E-016
          14          21   5.6544201668078630E-016
          14          22   5.1086955058199282E-016
          14          23  -2.1432604756524165E-016
          14          24  -1.0994621476035961E-015
          14          25  -5.5639706429771960E-016
          14          26  -1.3325459509400989E-016
          14          27  -6.9985246850399875E-017
          14          28  -2.7420325148949901E-016
          14          29  -6.1698924444540971E-016
          15           1   3.3050109360565528E-015
          15           2  -1.2758647288911338E-014
          15           3  -3.6586715202968250E-016
          15           4  -1.8223221018660120E-017
          15           5   1.4625021268036836E-016
          15           6  -3.4700808163945240E-003
          15           7   5.0214455159334098E-015
          15           8  -1.4965818569221555E-015
          15           9   6.4522019639998663E-003
          15          10  -5.2138420883502110E-016
          15          11   2.9774023166677066E-015
          15          12   6.1158979120868404E-003
          15          13  -5.3594615555612758E-016
          15          14   2.8170512609682779E-015
          15          15   1.2218929221253149E-004
          15          16  -3.4586709754307144E-017
          15          17   2.2794309824803315E-017
          15          18  -1.7356229503801633E-016
          15          19   5.0235123151946099E-018
          15          20  -1.6012058298577433E-016
          15          21   8.2725064349472453E-018
          15          22  -5.6588208755576236E-018
          15          23  -1.7265504094186073E-016
          15          24  -6.4837962419897418E-017
          15          25  -2.2836240667728314E-018
          15          26  -1.0966879222164357E-016
          15          27   3.0461801883114576E-017
          15          28   8.8148140456515142E-018
          15          29  -1.1969782329268614E-016
          16           1  -4.9831591776569100E-015
          16           2   1.1867539445541887E-014
          16           3  -3.0169446394960356E-016
          16           4  -7.5112375368292195E-016
          16           5  -3.4016436128289263E-016
          16           6   1.0303982161594371E-015
          16           7  -3.4700808163883939E-003
          16           8   7.6648350210220490E-016
          16           9  -1.1876704961580610E-015
          16          10   6.4522019640006712E-003
          16          11   7.1995127068876043E-016
          16          12  -1.1113847422547357E-015
          16          13   6.1158979120875135E-003
          16          14   6.6517346304700363E-016
          16          15  -3.4586709754307144E-017
          16          16   1.2218929221254982E-004
          16          17   1.0969216460466848E-017
          16          18   1.1791864571358602E-016
          16          19   1.3706944846417478E-017
          16          20   1.5542070883706373E-016
          16          21   1.5326652514138057E-018
          16          22   6.9627319331810459E-018
          16          23   1.2604349402208625E-016
          16          24   1.4069009317760579E-016
          16          25  -1.1317494779221306E-018
          16          26   1.4742176161120838E-016
          16          27   1.4840380113914883E-017
          16          28   6.0780722855247340E-018
          16          29   1.3358888000930976E-016
          17           1   4.5022364303356104E-016
          17           2  -8.4382717762125134E-015
          17           3  -2.4226944139877916E-016
          17           4  -6.8946885348873375E-017
          17           5   1.3782735643197608E-016
          17           6   2.1214617790341746E-016
          17           7  -2.8296321449156059E-015
          17           8  -3.4700808163926305E-003
          17           9  -1.7273639607314163E-015
          17          10  -2.3685042320568165E-016
          17          11   6.4522019640041945E-003
          17          12  -1.6925559131357718E-015
          17          13  -2.2087066316866102E-016
          17          14   6.1158979120908624E-003
          17          15   2.2794309824803315E-017
          17          16   1.0969216460466848E-017
          17          17   1.2218929221269136E-004
          17          18  -1.1537175955930820E-016
          17          19  -3.7014247325585189E-018
          17          20  -1.2306601092059109E-016
          17          21   1.0953464565271170E-017
          17          22   9.9389488462387417E-018
          17          23  -1.2551363832713252E-016
          17          24  -1.0263993280632168E-016
          17          25  -1.1457448693167811E-017
          17          26  -8.4013799282866620E-017
          17          27  -1.4999852034054973E-018
          17          28  -5.3698705095857231E-018
          17          29  -9.3524796066521777E-017
          18           1  -1.0995730956668257E-002
          18           2   1.9792715120533773E-002
          18           3   1.5227290440022429E-002
          18           4   1.8614298603052384E-002
          18           5   1.0685152104900173E-003
          18           6  -1.7433447688597867E-015
          18           7   3.8630398495314353E-015
          18           8  -1.1718575180333249E-015
          18           9  -8.0004084481891957E-016
          18          10  -1.1588981464770743E-015
          18          11   1.1363955388399484E-016
          18          12  -6.0878196381382944E-016
          18          13  -1.7353453772929470E-015
          18          14   3.0617056012252223E-016
          18          15  -1.7356229503801633E-016
          18          16   1.1791864571358602E-016
          18          17  -1.1537175955930820E-016
          18          18   1.1946452442387191E-003
          18          19   9.0306845059097363E-017
          18          20   1.1946452442387280E-003
          18          21   6.0623209441127635E-017
          18          22  -7.1963661385409721E-017
          18          23   1.1946452442387632E-003
          18          24  -9.8978097620482227E-005
          18          25   4.3196736595414765E-017
          18          26  -9.8978097620385327E-005
          18          27   3.8445882589278282E-017
          18          28  -3.3221192712781244E-018
          18          29  -9.8978097620342853E-005
          19           1  -2.5615316843928427E-015
          19           2   6.6012072204754926E-015
          19           3  -1.7463170342654519E-016
          19           4  -4.1927970053333415E-016
          19           5  -1.4737365106760377E-016
          19           6  -5.6076045874946237E-016
          19           7   3.0366736850485463E-015
          19           8   1.9034588900549171E-017
          19           9   2.7128164551290355E-016
          19          10   8.7766949560834174E-016
          19          11  -2.2026980318250137E-016
          19          12   2.6243182464487126E-016
          19          13   8.1317835504443982E-016
          19          14  -2.1085473931093601E-016
          19          15   5.0235123151946099E-018
          19          16   1.3706944846417478E-017
          19          17  -3.7014247325585189E-018
          19          18   9.0306845059097363E-017
          19          19   5.6913083352565849E-029
          19          20   9.0306845059147406E-017
          19          21  -5.0862800332230282E-029
          19          22  -7.1444915943934051E-030
          19          23   9.0306845059102330E-017
          19          24   6.9682107520698695E-017
          19          25   2.4233584734864340E-031
          19          26   6.9682107520744412E-017
          19          27   1.6754172185302750E-029
          19          28   1.3169123518238436E-031
          19          29   6.9682107520673809E-017
          20           1  -1.0995730956668922E-002
          20           2   1.9792715120538006E-002
          20           3   1.5227290440021841E-002
          20           4   1.8614298603051457E-002
          20           5   1.0685152104898820E-003
          20           6  -1.4911457855379418E-015
          20           7   3.8855531951957168E-015
          20           8  -2.5114675010661722E-015
          20           9  -6.6366740652078170E-017
          20          10   8.8203788220131480E-016
          20          11  -3.2835240669825508E-016
          20          12   8.2627183713808479E-017
          20          13   1.9468999063761799E-016
          20          14  -1.0010676064999636E-016
          20          15  -1.6012058298577433E-016
          20          16   1.5542070883706373E-016
          20          17  -1.2306601092059109E-016
          20          18   1.1946452442387280E-003
          20          19   9.0306845059147406E-017
          20          20   1.1946452442387369E-003
          20          21   6.0623209441027523E-017
          20          22  -7.1963661385402572E-017
          20          23   1.1946452442387718E-003
          20          24  -9.8978097620418002E-005
          20          25   4.3196736595377677E-017
          20          26  -9.8978097620321101E-005
          20          27   3.8445882589295982E-017
          20          28  -3.3221192712656320E-018
          20          29  -9.8978097620278641E-005
          21           1  -1.0108570320615560E-015
          21           2   6.1346409814769555E-015
          21           3   2.0714144084721707E-016
          21           4   4.4410954300577523E-017
          21           5  -7.5487061753325213E-017
          21           6  -4.2307568983325911E-017
          21           7  -4.0594730257948712E-015
          21           8   1.1700449608842893E-015
          21           9   4.4618600689926288E-016
          21          10  -8.1570366720362439E-017
          21          11   6.0959709557357289E-016
          21          12   4.2196114877420151E-016
          21          13  -5.3181401258444247E-017
          21          14   5.6544201668078630E-016
          21          15   8.2725064349472453E-018
          21          16   1.5326652514138057E-018
          21          17   1.0953464565271170E-017
          21          18   6.0623209441127635E-017
          21          19  -5.0862800332230282E-029
          21          20   6.0623209441027523E-017
          21          21   2.2624524099243211E-028
          21          22  -4.3960039146737151E-029
          21          23   6.0623209441187711E-017
          21          24   4.8481518453127999E-017
          21          25   8.6077533242164351E-029
          21          26   4.8481518453034999E-017
          21          27  -6.1276585789919693E-030
          21          28  -1.9553673112672496E-029
          21          29   4.8481518453326619E-017
          22           1   2.5844733945633301E-015
          22           2  -5.7669748525615345E-015
          22           3  -6.6135838357361209E-018
          22           4   1.7908909844970442E-016
          22           5   1.0401221702903257E-016
          22           6  -6.6602913821013461E-016
          22           7   7.7283456529897823E-017
          22           8   5.4374196792302782E-016
          22           9  -3.2739181168972852E-016
          22          10   4.0085048348535729E-016
          22          11   5.4579071997576886E-016
          22          12  -3.0476800593224795E-016
          22          13   3.8097500869142337E-016
          22          14   5.1086955058199282E-016
          22          15  -5.6588208755576236E-018
          22          16   6.9627319331810459E-018
          22          17   9.9389488462387417E-018
          22          18  -7.1963661385409721E-017
          22          19  -7.1444915943934051E-030
          22          20  -7.1963661385402572E-017
          22          21  -4.3960039146737151E-029
          22          22   2.3952946935325261E-029
          22          23  -7.1963661385426780E-017
          22          24  -5.6914719916890679E-017
          22          25  -1.7387430273486629E-029
          22          26  -5.6914719916884442E-017
          22          27  -6.3397739805789827E-030
          22          28   4.8741437768862828E-031
          22          29  -5.6914719916938750E-017
          23           1  -1.0995730956667735E-002
          23           2   1.9792715120539355E-002
          23           3   1.5227290440021924E-002
          23           4   1.8614298603051572E-002
          23           5   1.0685152104898646E-003
          23           6   5.6398272698307655E-017
          23           7   4.7710648798105588E-015
          23           8  -1.6867751816879044E-015
          23           9  -7.0964129360339286E-016
          23          10  -6.6250408234046488E-016
          23          11  -4.4213558285031950E-016
          23          12  -5.3786571641062370E-016
          23          13  -1.2690917563263621E-015
          23          14  -2.1432604756524165E-016
          23          15  -1.7265504094186073E-016
          23          16   1.2604349402208625E-016
          23          17  -1.2551363832713252E-016
          23          18   1.1946452442387632E-003
          23          19   9.0306845059102330E-017
          23          20   1.1946452442387718E-003
          23          21   6.0623209441187711E-017
          23          22  -7.1963661385426780E-017
          23          23   1.1946452442388072E-003
          23          24  -9.8978097620425551E-005
          23          25   4.3196736595455564E-017
          23          26  -9.8978097620328623E-005
          23          27   3.8445882589280217E-017
          23          28  -3.3221192712876385E-018
          23          29  -9.8978097620286190E-005
          24           1  -8.3640579661474444E-003
          24           2   2.5913480509391892E-002
          24           3  -8.0946445712738110E-003
          24           4  -1.0970176716593560E-002
          24           5  -1.2707869706687107E-003
          24           6   1.4827871909626409E-015
          24           7   1.3307914496112516E-014
          24           8   1.9291881422990566E-016
          24           9   3.0228300311056598E-015
          24          10   1.9037207060291984E-015
          24          11  -1.3530961614328798E-015
          24          12   2.9785131524956768E-015
          24          13   1.3763169233198925E-015
          24          14  -1.0994621476035961E-015
          24          15  -6.4837962419897418E-017
          24          16   1.4069009317760579E-016
          24          17  -1.0263993280632168E-016
          24          18  -9.8978097620482227E-005
          24          19   6.9682107520698695E-017
          24          20  -9.8978097620418002E-005
          24          21   4.8481518453127999E-017
          24          22  -5.6914719916890679E-017
          24          23  -9.8978097620425551E-005
          24          24   4.0012014673892137E-004
          24          25   2.9321196776379951E-017
          24          26   4.0012014673897585E-004
          24          27   2.0745547512403582E-017
          24          28  -5.3305330074019531E-018
          24          29   4.0012014673899840E-004
          25           1  -9.0900141882027757E-016
          25           2   3.6391714255337189E-015
          25           3   5.3414206491321533E-017
          25           4  -4.5887800297319352E-017
          25           5  -5.6586723966734477E-017
          25           6   5.2514865850312628E-016
          25           7   2.5129419409204814E-015
          25           8   1.9037143724623216E-015
          25           9  -8.6708358662584482E-017
          25          10   7.1307086210504410E-017
          25          11  -5.7292443293045905E-016
          25          12  -8.3108421198480822E-017
          25          13   5.6395672395801105E-017
          25          14  -5.5639706429771960E-016
          25          15  -2.2836240667728314E-018
          25          16  -1.1317494779221306E-018
          25          17  -1.1457448693167811E-017
          25          18   4.3196736595414765E-017
          25          19   2.4233584734864340E-031
          25          20   4.3196736595377677E-017
          25          21   8.6077533242164351E-029
          25          22  -1.7387430273486629E-029
          25          23   4.3196736595455564E-017
          25          24   2.9321196776379951E-017
          25          25   6.3772582606227995E-029
          25          26   2.9321196776337069E-017
          25          27  -6.9566593438606714E-032
          25          28  -1.6014763080751786E-029
          25          29   2.9321196776463269E-017
          26           1  -8.3640579661473802E-003
          26           2   2.5913480509397513E-002
          26           3  -8.0946445712735474E-003
          26           4  -1.0970176716593422E-002
          26           5  -1.2707869706687996E-003
          26           6  -9.9795529261593456E-016
          26           7   1.5065883291463861E-014
          26           8   2.0351811401824835E-015
          26           9   5.3441766502246700E-016
          26          10   2.2872096140476564E-015
          26          11  -3.1361031918590499E-016
          26          12   6.4609209804996526E-016
          26          13   1.7219450247974519E-015
          26          14  -1.3325459509400989E-016
          26          15  -1.0966879222164357E-016
          26          16   1.4742176161120838E-016
          26          17  -8.4013799282866620E-017
          26          18  -9.8978097620385327E-005
          26          19   6.9682107520744412E-017
          26          20  -9.8978097620321101E-005
          26          21   4.8481518453034999E-017
          26          22  -5.6914719916884442E-017
          26          23  -9.8978097620328623E-005
          26          24   4.0012014673897585E-004
          26          25   2.9321196776337069E-017
          26          26   4.0012014673903028E-004
          26          27   2.0745547512400331E-017
          26          28  -5.3305330073983816E-018
          26          29   4.0012014673905289E-004
          27           1  -2.2964905529667278E-015
          27           2   2.1082246551752487E-015
          27           3   1.2935508822763829E-016
          27           4   1.0004047145564859E-016
          27           5  -2.7541596477164844E-017
          27           6  -2.1141319565808274E-016
          27           7  -2.2775957443179424E-016
          27           8  -2.8038823006881089E-016
          27           9   1.6276175732023359E-015
          27          10   8.0405231875749654E-016
          27          11  -7.7738843876604021E-017
          27          12   1.5379612539797694E-015
          27          13   7.6250103567558617E-016
          27          14  -6.9985246850399875E-017
          27          15   3.0461801883114576E-017
          27          16   1.4840380113914883E-017
          27          17  -1.4999852034054973E-018
          27          18   3.8445882589278282E-017
          27          19   1.6754172185302750E-029
          27          20   3.8445882589295982E-017
          27          21  -6.1276585789919693E-030
          27          22  -6.3397739805789827E-030
          27          23   3.8445882589280217E-017
          27          24   2.0745547512403582E-017
          27          25  -6.9566593438606714E-032
          27          26   2.0745547512400331E-017
          27          27   1.6038282209568771E-029
          27          28   4.2994705850667659E-030
          27          29   2.0745547512389922E-017
          28           1  -1.3519003695087436E-015
