           1           1   2.1784408390421350     
           1           2 -0.63974508610020486     
           1           3   7.5066934776821678E-002
           1           4  0.10392320466198940     
           1           5   2.3934458270746306E-002
           1           6  -1.9708238994296725E-015
           1           7  -1.5695233072940966E-015
           1           8  -1.6700060036296405E-014
           1           9  -3.8796233130613514E-015
           1          10  -2.2524856003404933E-015
           1          11  -7.2606479012547418E-016
           1          12   5.7752164648862067E-015
           1          13  -4.2603512590804419E-016
           1          14   1.4556612116728358E-015
           1          15  -4.8875094119266891E-015
           1          16  -2.0580183708792307E-016
           1          17   1.5457603653252754E-016
           1          18  -9.1806247515150256E-003
           1          19   2.4576837527634217E-005
           1          20  -9.1914414091088265E-003
           1          21  -1.5644575005716987E-004
           1          22  -1.2166436786857919E-004
           1          23  -8.5372882234285227E-003
           1          24  -9.7853972359912833E-003
           1          25   6.1303528868139989E-005
           1          26  -9.8123778953264663E-003
           1          27  -3.9023232925322951E-004
           1          28  -3.0347497228545975E-004
           1          29  -8.1806830666057012E-003
           2           1 -0.63974508610020486     
           2           2   2.3101917154363649     
           2           3 -0.20302304737014273     
           2           4 -0.32292058350027697     
           2           5  -7.0546083524994474E-002
           2           6  -5.3056601605278713E-016
           2           7   7.7794009169635545E-015
           2           8   6.2350324867922778E-014
           2           9   6.0423262413765903E-015
           2          10   1.1180870234548378E-014
           2          11  -7.0679244478547502E-015
           2          12  -1.2427041251446995E-014
           2          13  -3.8937272839685770E-015
           2          14  -3.0924361265128681E-015
           2          15   1.3157416514317711E-014
           2          16   3.7708935919214508E-015
           2          17  -5.8355649966876508E-015
           2          18   1.6242883972550869E-002
           2          19  -9.1567355683911061E-005
           2          20   1.6283184224018865E-002
           2          21   5.8287904712172505E-004
           2          22   4.5329202478998788E-004
           2          23   1.3845967582431768E-002
           2          24   2.8312903333602896E-002
           2          25  -1.9457254023650246E-004
           2          26   2.8398537807214502E-002
           2          27   1.2385664739070199E-003
           2          28   9.6320550135195753E-004
           2          29   2.3219667787993212E-002
           3           1   7.5066934776821678E-002
           3           2 -0.20302304737014273     
           3           3  0.44342535790140458     
           3           4  0.50981859939745511     
           3           5   4.4229929973508664E-002
           3           6   2.5599383379974212E-015
           3           7  -1.8895315230553059E-015
           3           8   3.1327040044229079E-015
           3           9  -5.2251039264198318E-015
           3          10  -1.5746967966856440E-015
           3          11  -6.2492246465080648E-015
           3          12   9.1098903590426318E-016
           3          13   4.2147223246860471E-015
           3          14   3.8671424914356554E-015
           3          15  -5.8711447447285838E-015
           3          16  -2.7441002069592517E-015
           3          17  -3.8309010209452169E-015
           3          18   1.3336397306132425E-002
           3          19   1.1417396343830306E-004
           3          20   1.3286147526537577E-002
           3          21  -7.2678314802574612E-004
           3          22  -5.6520303202408761E-004
           3          23   1.6325076429420653E-002
           3          24  -1.0727854469922870E-002
           3          25   3.8788523770231901E-004
           3          26  -1.0898568940278753E-002
           3          27  -2.4691133216697926E-003
           3          28  -1.9201743184649406E-003
           3          29  -5.7436170148715462E-004
           4           1  0.10392320466198940     
           4           2 -0.32292058350027697     
           4           3  0.50981859939745511     
           4           4  0.58998323354843596     
           4           5   5.2976641665507321E-002
           4           6   7.5970521505889031E-014
           4           7  -3.9862831681970077E-014
           4           8  -2.9948148694280881E-014
           4           9  -1.0869486903005508E-014
           4          10  -5.4265671549502567E-015
           4          11  -2.7622040957967454E-015
           4          12  -1.9767243514922680E-015
           4          13   2.3549355327329585E-015
           4          14   7.8596146179786172E-015
           4          15  -7.3596777187106204E-015
           4          16  -3.3037886181397246E-015
           4          17  -3.8446944683057805E-015
           4          18   1.4016206052920234E-002
           4          19   1.6951778513315792E-004
           4          20   1.3941598576021490E-002
           4          21  -1.0790785027834579E-003
           4          22  -8.3917526600956437E-004
           4          23   1.8453594842733585E-002
           4          24  -1.3398623023355913E-002
           4          25   4.6378333557690177E-004
           4          26  -1.3602741455297008E-002
           4          27  -2.9522485027412637E-003
           4          28  -2.2958977649740935E-003
           4          29  -1.2583807914050612E-003
           5           1   2.3934458270746306E-002
           5           2  -7.0546083524994474E-002
           5           3   4.4229929973508664E-002
           5           4   5.2976641665507321E-002
           5           5   5.6116360297184011E-003
           5           6  -1.2029052046994016E-013
           5           7   5.4584938534535715E-014
           5           8   8.9948634336648844E-014
           5           9   1.8807771124336351E-014
           5          10   4.8694259442881436E-015
           5          11  -2.2342774614223826E-015
           5          12   1.5111344269016553E-014
           5          13   4.9204982491356693E-015
           5          14  -1.5442494924207340E-015
           5          15  -7.3014366757074465E-016
           5          16  -3.5812229980528504E-016
           5          17  -1.0970787330811598E-015
           5          18   5.8681328675522779E-004
           5          19   3.1621385484167970E-005
           5          20   5.7289621141819495E-004
           5          21  -2.0128836202404230E-004
           5          22  -1.5653746628795648E-004
           5          23   1.4145516939886784E-003
           5          24  -1.6695024625971084E-003
           5          25   4.8083588473637529E-005
           5          26  -1.6906648156366424E-003
           5          27  -3.0607978163232067E-004
           5          28  -2.3803141432722543E-004
           5          29  -4.1084056883427113E-004
           6           1  -1.9708238994296725E-015
           6           2  -5.3056601605278713E-016
           6           3   2.5599383379974212E-015
           6           4   7.5970521505889031E-014
           6           5  -1.2029052046994016E-013
           6           6   2.0739078489236320     
           6           7   1.9336853845673165E-003
           6           8  -1.2309023066683480E-002
           6           9 -0.18102471986571497     
           6          10  -4.4192434730532075E-003
           6          11   2.8131034312321463E-002
           6          12 -0.13703312592546169     
           6          13  -3.9745819156880025E-003
           6          14   2.5300506960145783E-002
           6          15  -9.9572544569156290E-004
           6          16  -4.9400892887174156E-004
           6          17   3.1446518422312110E-003
           6          18   3.1950268070237540E-015
           6          19  -9.8643765893408824E-015
           6          20   9.6353174060322910E-015
           6          21  -5.0480990435366996E-015
           6          22   4.9019585886782209E-015
           6          23  -1.3003561894204558E-015
           6          24   1.9124223922447499E-014
           6          25  -1.1548326591716907E-014
           6          26   3.7331788783979873E-014
           6          27  -3.3441760980391897E-015
           6          28   5.7052476390189582E-015
           6          29   3.6158433376364641E-014
           7           1  -1.5695233072940966E-015
           7           2   7.7794009169635545E-015
           7           3  -1.8895315230553059E-015
           7           4  -3.9862831681970077E-014
           7           5   5.4584938534535715E-014
           7           6   1.9336853845673165E-003
           7           7   2.0729251459658959     
           7           8  -9.5724525144139806E-003
           7           9  -4.4192434730406542E-003
           7          10 -0.17877885106971325     
           7          11   2.1876877486389643E-002
           7          12  -3.9745819156956422E-003
           7          13 -0.13501323506496618     
           7          14   1.9675639543236798E-002
           7          15  -4.9400892887090477E-004
           7          16  -7.4466907256174372E-004
           7          17   2.4455255475947465E-003
           7          18   4.3120138795683508E-015
           7          19   2.7610692448248534E-015
           7          20  -4.8747960574849365E-015
           7          21   2.7474047640575735E-015
           7          22  -5.1896683447719301E-015
           7          23  -1.1575946766982395E-015
           7          24  -3.7068420385233129E-015
           7          25   1.0426709520025364E-014
           7          26  -1.4590497504329710E-014
           7          27   3.9547681965795998E-015
           7          28   4.5189248732510768E-015
           7          29  -1.5276136756063124E-014
           8           1  -1.6700060036296405E-014
           8           2   6.2350324867922778E-014
           8           3   3.1327040044229079E-015
           8           4  -2.9948148694280881E-014
           8           5   8.9948634336648844E-014
           8           6  -1.2309023066683480E-002
           8           7  -9.5724525144139806E-003
           8           8   2.1323555448539295     
           8           9   2.8131034312375111E-002
           8          10   2.1876877486362450E-002
           8          11 -0.31460105074900774     
           8          12   2.5300506960077143E-002
           8          13   1.9675639543268945E-002
           8          14 -0.25716908863838955     
           8          15   3.1446518422592207E-003
           8          16   2.4455255475988227E-003
           8          17  -1.5927670369236528E-002
           8          18  -2.5832403592410210E-014
           8          19   9.3499436403299836E-015
           8          20  -3.0260531351292018E-015
           8          21  -2.2203747062894880E-015
           8          22   4.6312839095190109E-016
           8          23  -5.5961270788458368E-015
           8          24  -2.7324944628269399E-014
           8          25  -1.0979095602365583E-015
           8          26  -4.3313779379925915E-014
           8          27  -8.3060638499843695E-015
           8          28  -2.0804715109063797E-014
           8          29  -3.3396607771787204E-014
           9           1  -3.8796233130613514E-015
           9           2   6.0423262413765903E-015
           9           3  -5.2251039264198318E-015
           9           4  -1.0869486903005508E-014
           9           5   1.8807771124336351E-014
           9           6 -0.18102471986571497     
           9           7  -4.4192434730406542E-003
           9           8   2.8131034312375111E-002
           9           9  0.43988572511816337     
           9          10   9.8759251325740791E-003
           9          11  -6.2865961213870794E-002
           9          12  0.34204769215314762     
           9          13   9.4362481986626414E-003
           9          14  -6.0067163865413727E-002
           9          15  -1.9520024230087461E-003
           9          16   1.1099723020429942E-003
           9          17  -7.0656140819397089E-003
           9          18  -1.4617119094813116E-015
           9          19   3.2202829731227787E-016
           9          20  -1.7265059418433702E-016
           9          21   5.0375317822975883E-016
           9          22   1.6951681919011765E-015
           9          23   4.3908739334467885E-015
           9          24  -7.6403954682035626E-015
           9          25  -2.1837053386524029E-015
           9          26   4.5696890790398652E-016
           9          27   2.0520954320737824E-015
           9          28  -1.4410144594840391E-015
           9          29  -4.7332484861214419E-015
          10           1  -2.2524856003404933E-015
          10           2   1.1180870234548378E-014
          10           3  -1.5746967966856440E-015
          10           4  -5.4265671549502567E-015
          10           5   4.8694259442881436E-015
          10           6  -4.4192434730532075E-003
          10           7 -0.17877885106971325     
          10           8   2.1876877486362450E-002
          10           9   9.8759251325740791E-003
          10          10  0.43486675926531437     
          10          11  -4.8889454837261974E-002
          10          12   9.4362481986447269E-003
          10          13  0.33725217103972116     
          10          14  -4.6712892609909656E-002
          10          15   1.1099723020463591E-003
          10          16  -2.5160926734642953E-003
          10          17  -5.4947703636028817E-003
          10          18  -4.7138996978653972E-016
          10          19  -9.5156957683012819E-016
          10          20  -5.6808494699365055E-016
          10          21   5.8415819828338043E-016
          10          22  -1.9527637192293483E-015
          10          23  -3.6331820837427929E-016
          10          24  -1.9609637024355070E-015
          10          25  -5.5202342873075694E-016
          10          26  -2.3507012324885989E-015
          10          27   7.3709314878984175E-016
          10          28  -1.2479252389340211E-016
          10          29  -1.4443414017484982E-015
          11           1  -7.2606479012547418E-016
          11           2  -7.0679244478547502E-015
          11           3  -6.2492246465080648E-015
          11           4  -2.7622040957967454E-015
          11           5  -2.2342774614223826E-015
          11           6   2.8131034312321463E-002
          11           7   2.1876877486389643E-002
          11           8 -0.31460105074900774     
          11           9  -6.2865961213870794E-002
          11          10  -4.8889454837261974E-002
          11          11  0.73839605869396452     
          11          12  -6.0067163865336053E-002
          11          13  -4.6712892609922563E-002
          11          14  0.62726832309864600     
          11          15  -7.0656140819402363E-003
          11          16  -5.4947703636074614E-003
          11          17   3.1598090119856891E-002
          11          18   4.4331468559485410E-015
          11          19   1.0762631379296717E-015
          11          20   2.9041103160263555E-015
          11          21  -8.8440510838409920E-016
          11          22   6.7049383888660337E-017
          11          23  -3.6687394005412578E-015
          11          24   3.2504220799173882E-015
          11          25   1.8731383070169353E-015
          11          26   4.6357718875417600E-015
          11          27  -4.9160598481714603E-017
          11          28  -1.6593583153396769E-015
          11          29  -1.0911992939810522E-015
          12           1   5.7752164648862067E-015
          12           2  -1.2427041251446995E-014
          12           3   9.1098903590426318E-016
          12           4  -1.9767243514922680E-015
          12           5   1.5111344269016553E-014
          12           6 -0.13703312592546169     
          12           7  -3.9745819156956422E-003
          12           8   2.5300506960077143E-002
          12           9  0.34204769215314762     
          12          10   9.4362481986447269E-003
          12          11  -6.0067163865336053E-002
          12          12  0.26617351548001633     
          12          13   8.8432962246369311E-003
          12          14  -5.6292682457288190E-002
          12          15  -1.3953013782435327E-003
          12          16   9.4757169640537783E-004
          12          17  -6.0318405328169270E-003
          12          18  -1.1723363830255296E-015
          12          19   1.9923147898868033E-016
          12          20  -1.3086575886389179E-016
          12          21   3.8927804578418374E-016
          12          22   1.3213604396209570E-015
          12          23   3.4545995779709530E-015
          12          24  -6.2013105496058414E-015
          12          25  -1.7706324444661763E-015
          12          26   1.3723847304256701E-016
          12          27   1.5557511835410227E-015
          12          28  -1.0842285912636125E-015
          12          29  -3.7306229266213357E-015
          13           1  -4.2603512590804419E-016
          13           2  -3.8937272839685770E-015
          13           3   4.2147223246860471E-015
          13           4   2.3549355327329585E-015
          13           5   4.9204982491356693E-015
          13           6  -3.9745819156880025E-003
          13           7 -0.13501323506496618     
          13           8   1.9675639543268945E-002
          13           9   9.4362481986626414E-003
          13          10  0.33725217103972116     
          13          11  -4.6712892609922563E-002
          13          12   8.8432962246369311E-003
          13          13  0.26167933380265768     
          13          14  -4.3777562667148114E-002
          13          15   9.4757169640875122E-004
          13          16  -1.8768593005134490E-003
          13          17  -4.6908277487795217E-003
          13          18  -5.3847782637178013E-016
          13          19  -7.2151045275571595E-016
          13          20  -6.3416235287256954E-016
          13          21   3.4741347578411115E-016
          13          22  -1.6301641281577188E-015
          13          23   1.4226482803214342E-016
          13          24  -1.9016356029320917E-015
          13          25  -4.0847569486047789E-016
          13          26  -2.2330785040196043E-015
          13          27   5.0153543909142225E-016
          13          28  -1.2528366517281380E-016
          13          29  -1.1426021082967105E-015
          14           1   1.4556612116728358E-015
          14           2  -3.0924361265128681E-015
          14           3   3.8671424914356554E-015
          14           4   7.8596146179786172E-015
          14           5  -1.5442494924207340E-015
          14           6   2.5300506960145783E-002
          14           7   1.9675639543236798E-002
          14           8 -0.25716908863838955     
          14           9  -6.0067163865413727E-002
          14          10  -4.6712892609909656E-002
          14          11  0.62726832309864600     
          14          12  -5.6292682457288190E-002
          14          13  -4.3777562667148114E-002
          14          14  0.53347154280282072     
          14          15  -6.0318405328207486E-003
          14          16  -4.6908277487816095E-003
          14          17   2.7246060254740623E-002
          14          18   4.0440739146163315E-015
          14          19   9.4514323334562420E-016
          14          20   2.8123972522950664E-015
          14          21  -7.2859470538558852E-016
          14          22   1.1709930540170148E-016
          14          23  -2.8837634022771956E-015
          14          24   2.7410720242753443E-015
          14          25   1.6511862362202682E-015
          14          26   3.6754940716103469E-015
          14          27  -1.1272568156377322E-016
          14          28  -1.5275827228016286E-015
          14          29  -8.4353534668511846E-016
          15           1  -4.8875094119266891E-015
          15           2   1.3157416514317711E-014
          15           3  -5.8711447447285838E-015
          15           4  -7.3596777187106204E-015
          15           5  -7.3014366757074465E-016
          15           6  -9.9572544569156290E-004
          15           7  -4.9400892887090477E-004
          15           8   3.1446518422592207E-003
          15           9  -1.9520024230087461E-003
          15          10   1.1099723020463591E-003
          15          11  -7.0656140819402363E-003
          15          12  -1.3953013782435327E-003
          15          13   9.4757169640875122E-004
          15          14  -6.0318405328207486E-003
          15          15   9.5399897299093927E-005
          15          16   5.2095178362014491E-005
          15          17  -3.3161586569024779E-004
          15          18   8.7675246271437808E-017
          15          19  -1.7968719007475018E-017
          15          20   1.0195509066012430E-016
          15          21   1.2860793806724809E-016
          15          22   6.6749117546577761E-017
          15          23  -3.6344227537186931E-016
          15          24   2.8055596405036515E-016
          15          25  -8.1150977252760115E-018
          15          26   2.0493490217264054E-016
          15          27   7.1065833115092474E-017
          15          28   8.6053593781169356E-017
          15          29  -7.6142257072717734E-017
          16           1  -2.0580183708792307E-016
          16           2   3.7708935919214508E-015
          16           3  -2.7441002069592517E-015
          16           4  -3.3037886181397246E-015
          16           5  -3.5812229980528504E-016
          16           6  -4.9400892887174156E-004
          16           7  -7.4466907256174372E-004
          16           8   2.4455255475988227E-003
          16           9   1.1099723020429942E-003
          16          10  -2.5160926734642953E-003
          16          11  -5.4947703636074614E-003
          16          12   9.4757169640537783E-004
          16          13  -1.8768593005134490E-003
          16          14  -4.6908277487816095E-003
          16          15   5.2095178362014491E-005
          16          16   6.8925018461416838E-005
          16          17  -2.5789025692101104E-004
          16          18   4.8131901893041269E-017
          16          19  -1.3977796254382637E-017
          16          20   8.3792278080579130E-017
          16          21   8.0313958569371419E-017
          16          22   8.1243293308556347E-017
          16          23  -2.2131320040216835E-016
          16          24   1.0356484351882061E-016
          16          25  -3.6894804946962445E-017
          16          26   1.2825959004038969E-016
          16          27   4.0242135523342835E-017
          16          28   4.7307044697243006E-017
          16          29  -7.0161352335276592E-017
          17           1   1.5457603653252754E-016
          17           2  -5.8355649966876508E-015
          17           3  -3.8309010209452169E-015
          17           4  -3.8446944683057805E-015
          17           5  -1.0970787330811598E-015
          17           6   3.1446518422312110E-003
          17           7   2.4455255475947465E-003
          17           8  -1.5927670369236528E-002
          17           9  -7.0656140819397089E-003
          17          10  -5.4947703636028817E-003
          17          11   3.1598090119856891E-002
          17          12  -6.0318405328169270E-003
          17          13  -4.6908277487795217E-003
          17          14   2.7246060254740623E-002
          17          15  -3.3161586569024779E-004
          17          16  -2.5789025692101104E-004
          17          17   1.6700320316842467E-003
          17          18   1.7920695201496758E-016
          17          19   5.7985832663482257E-018
          17          20   5.4308477546750108E-017
          17          21   5.0561709184949229E-017
          17          22   9.1650595528186736E-017
          17          23  -5.1694193581315656E-016
          17          24   4.0639748699239253E-016
          17          25   1.1159183223058159E-016
          17          26   3.8296155304938268E-016
          17          27   6.8802531288233565E-017
          17          28   1.0182801847796336E-017
          17          29   3.8268886139998974E-017
          18           1  -9.1806247515150256E-003
          18           2   1.6242883972550869E-002
          18           3   1.3336397306132425E-002
          18           4   1.4016206052920234E-002
          18           5   5.8681328675522779E-004
          18           6   3.1950268070237540E-015
          18           7   4.3120138795683508E-015
          18           8  -2.5832403592410210E-014
          18           9  -1.4617119094813116E-015
          18          10  -4.7138996978653972E-016
          18          11   4.4331468559485410E-015
          18          12  -1.1723363830255296E-015
          18          13  -5.3847782637178013E-016
          18          14   4.0440739146163315E-015
          18          15   8.7675246271437808E-017
          18          16   4.8131901893041269E-017
          18          17   1.7920695201496758E-016
          18          18   1.6063672191861992E-003
          18          19  -7.8744606039200883E-005
          18          20   1.6410239743460250E-003
          18          21   5.0125484778390755E-004
          18          22   3.8981470687115551E-004
          18          23  -4.5489397422882516E-004
          18          24   1.9657237701159775E-004
          18          25  -2.6684088239845769E-005
          18          26   2.0831646920173140E-004
          18          27   1.6985961657236517E-004
          18          28   1.3209603245956754E-004
          18          29  -5.0192467995920065E-004
          19           1   2.4576837527634217E-005
          19           2  -9.1567355683911061E-005
          19           3   1.1417396343830306E-004
          19           4   1.6951778513315792E-004
          19           5   3.1621385484167970E-005
          19           6  -9.8643765893408824E-015
          19           7   2.7610692448248534E-015
          19           8   9.3499436403299836E-015
          19           9   3.2202829731227787E-016
          19          10  -9.5156957683012819E-016
          19          11   1.0762631379296717E-015
          19          12   1.9923147898868033E-016
          19          13  -7.2151045275571595E-016
          19          14   9.4514323334562420E-016
          19          15  -1.7968719007475018E-017
          19          16  -1.3977796254382637E-017
          19          17   5.7985832663482257E-018
          19          18  -7.8744606039200883E-005
          19          19   6.9631359114428557E-006
          19          20  -8.1809193044847376E-005
          19          21  -4.4324377337818704E-005
          19          22  -3.4470078913974314E-005
          19          23   1.0352618761507630E-004
          19          24  -2.6798172106558321E-005
          19          25   3.3394531564138623E-006
          19          26  -2.8267918622952445E-005
          19          27  -2.1257545980551815E-005
          19          28  -1.6531519030391001E-005
          19          29   6.0617151237927339E-005
          20           1  -9.1914414091088265E-003
          20           2   1.6283184224018865E-002
          20           3   1.3286147526537577E-002
          20           4   1.3941598576021490E-002
          20           5   5.7289621141819495E-004
          20           6   9.6353174060322910E-015
          20           7  -4.8747960574849365E-015
          20           8  -3.0260531351292018E-015
          20           9  -1.7265059418433702E-016
          20          10  -5.6808494699365055E-016
          20          11   2.9041103160263555E-015
          20          12  -1.3086575886389179E-016
          20          13  -6.3416235287256954E-016
          20          14   2.8123972522950664E-015
          20          15   1.0195509066012430E-016
          20          16   8.3792278080579130E-017
          20          17   5.4308477546750108E-017
          20          18   1.6410239743460250E-003
          20          19  -8.1809193044847376E-005
          20          20   1.6770295030519400E-003
          20          21   5.2076271213560366E-004
          20          22   4.0498553755245493E-004
          20          23  -5.0045749809928843E-004
          20          24   2.0836667932852421E-004
          20          25  -2.8153834756263658E-005
          20          26   2.2075763036689139E-004
          20          27   1.7921540109430180E-004
          20          28   1.3937181725665247E-004
          20          29  -5.2860325357417391E-004
          21           1  -1.5644575005716987E-004
          21           2   5.8287904712172505E-004
          21           3  -7.2678314802574612E-004
          21           4  -1.0790785027834579E-003
          21           5  -2.0128836202404230E-004
          21           6  -5.0480990435366996E-015
          21           7   2.7474047640575735E-015
          21           8  -2.2203747062894880E-015
          21           9   5.0375317822975883E-016
          21          10   5.8415819828338043E-016
          21          11  -8.8440510838409920E-016
          21          12   3.8927804578418374E-016
          21          13   3.4741347578411115E-016
          21          14  -7.2859470538558852E-016
          21          15   1.2860793806724809E-016
          21          16   8.0313958569371419E-017
          21          17   5.0561709184949229E-017
          21          18   5.0125484778390755E-004
          21          19  -4.4324377337818704E-005
          21          20   5.2076271213560366E-004
          21          21   2.8215023394225749E-004
          21          22   2.1942193920652502E-004
          21          23  -6.5900391182456108E-004
          21          24   1.7058582620317945E-004
          21          25  -2.1257545980655353E-005
          21          26   1.7994161072501031E-004
          21          27   1.3531654434187042E-004
          21          28   1.0523265620410574E-004
          21          29  -3.8586313965228471E-004
          22           1  -1.2166436786857919E-004
          22           2   4.5329202478998788E-004
          22           3  -5.6520303202408761E-004
          22           4  -8.3917526600956437E-004
          22           5  -1.5653746628795648E-004
          22           6   4.9019585886782209E-015
          22           7  -5.1896683447719301E-015
          22           8   4.6312839095190109E-016
          22           9   1.6951681919011765E-015
          22          10  -1.9527637192293483E-015
          22          11   6.7049383888660337E-017
          22          12   1.3213604396209570E-015
          22          13  -1.6301641281577188E-015
          22          14   1.1709930540170148E-016
          22          15   6.6749117546577761E-017
          22          16   8.1243293308556347E-017
          22          17   9.1650595528186736E-017
          22          18   3.8981470687115551E-004
          22          19  -3.4470078913974314E-005
          22          20   4.0498553755245493E-004
          22          21   2.1942193920652502E-004
          22          22   1.7063954451657527E-004
          22          23  -5.1249263293685985E-004
          22          24   1.3266078947873027E-004
          22          25  -1.6531519030364669E-005
          22          26   1.3993657427568593E-004
          22          27   1.0523265620342557E-004
          22          28   8.1837087885737434E-005
          22          29  -3.0007715105483405E-004
          23           1  -8.5372882234285227E-003
          23           2   1.3845967582431768E-002
          23           3   1.6325076429420653E-002
          23           4   1.8453594842733585E-002
          23           5   1.4145516939886784E-003
          23           6  -1.3003561894204558E-015
          23           7  -1.1575946766982395E-015
          23           8  -5.5961270788458368E-015
          23           9   4.3908739334467885E-015
          23          10  -3.6331820837427929E-016
          23          11  -3.6687394005412578E-015
          23          12   3.4545995779709530E-015
          23          13   1.4226482803214342E-016
          23          14  -2.8837634022771956E-015
          23          15  -3.6344227537186931E-016
          23          16  -2.2131320040216835E-016
          23          17  -5.1694193581315656E-016
          23          18  -4.5489397422882516E-004
          23          19   1.0352618761507630E-004
          23          20  -5.0045749809928843E-004
          23          21  -6.5900391182456108E-004
          23          22  -5.1249263293685985E-004
          23          23   2.2550632376674303E-003
          23          24  -5.0491100066092144E-004
          23          25   6.0731235104769378E-005
          23          26  -5.3163978440212212E-004
          23          27  -3.8658934928121296E-004
          23          28  -3.0064190807532705E-004
          23          29   1.0848224991454884E-003
          24           1  -9.7853972359912833E-003
          24           2   2.8312903333602896E-002
          24           3  -1.0727854469922870E-002
          24           4  -1.3398623023355913E-002
          24           5  -1.6695024625971084E-003
          24           6   1.9124223922447499E-014
          24           7  -3.7068420385233129E-015
          24           8  -2.7324944628269399E-014
          24           9  -7.6403954682035626E-015
          24          10  -1.9609637024355070E-015
          24          11   3.2504220799173882E-015
          24          12  -6.2013105496058414E-015
          24          13  -1.9016356029320917E-015
          24          14   2.7410720242753443E-015
          24          15   2.8055596405036515E-016
          24          16   1.0356484351882061E-016
          24          17   4.0639748699239253E-016
          24          18   1.9657237701159775E-004
          24          19  -2.6798172106558321E-005
          24          20   2.0836667932852421E-004
          24          21   1.7058582620317945E-004
          24          22   1.3266078947873027E-004
          24          23  -5.0491100066092144E-004
          24          24   5.8849710876289236E-004
          24          25  -2.0586543331334835E-005
          24          26   5.9755757433275483E-004
          24          27   1.3104522535555335E-004
          24          28   1.0191094676636640E-004
          24          29   4.9612669435040481E-005
          25           1   6.1303528868139989E-005
          25           2  -1.9457254023650246E-004
          25           3   3.8788523770231901E-004
          25           4   4.6378333557690177E-004
          25           5   4.8083588473637529E-005
          25           6  -1.1548326591716907E-014
          25           7   1.0426709520025364E-014
          25           8  -1.0979095602365583E-015
          25           9  -2.1837053386524029E-015
          25          10  -5.5202342873075694E-016
          25          11   1.8731383070169353E-015
          25          12  -1.7706324444661763E-015
          25          13  -4.0847569486047789E-016
          25          14   1.6511862362202682E-015
          25          15  -8.1150977252760115E-018
          25          16  -3.6894804946962445E-017
          25          17   1.1159183223058159E-016
          25          18  -2.6684088239845769E-005
          25          19   3.3394531564138623E-006
          25          20  -2.8153834756263658E-005
          25          21  -2.1257545980655353E-005
          25          22  -1.6531519030364669E-005
          25          23   6.0731235104769378E-005
          25          24  -2.0586543331334835E-005
          25          25   1.8532182179370037E-006
          25          26  -2.1402174182362421E-005
          25          27  -1.1796803139489913E-005
          25          28  -9.1741104912449128E-006
          25          29   2.7924294270212113E-005
          26           1  -9.8123778953264663E-003
          26           2   2.8398537807214502E-002
          26           3  -1.0898568940278753E-002
          26           4  -1.3602741455297008E-002
          26           5  -1.6906648156366424E-003
          26           6   3.7331788783979873E-014
          26           7  -1.4590497504329710E-014
          26           8  -4.3313779379925915E-014
          26           9   4.5696890790398652E-016
          26          10  -2.3507012324885989E-015
          26          11   4.6357718875417600E-015
          26          12   1.3723847304256701E-016
          26          13  -2.2330785040196043E-015
          26          14   3.6754940716103469E-015
          26          15   2.0493490217264054E-016
          26          16   1.2825959004038969E-016
          26          17   3.8296155304938268E-016
          26          18   2.0831646920173140E-004
          26          19  -2.8267918622952445E-005
          26          20   2.2075763036689139E-004
          26          21   1.7994161072501031E-004
          26          22   1.3993657427568593E-004
          26          23  -5.3163978440212212E-004
          26          24   5.9755757433275483E-004
          26          25  -2.1402174182362421E-005
          26          26   6.0697701202943384E-004
          26          27   1.3623718628651057E-004
          26          28   1.0594861889529944E-004
          26          29   3.7322742820081764E-005
          27           1  -3.9023232925322951E-004
          27           2   1.2385664739070199E-003
          27           3  -2.4691133216697926E-003
          27           4  -2.9522485027412637E-003
          27           5  -3.0607978163232067E-004
          27           6  -3.3441760980391897E-015
          27           7   3.9547681965795998E-015
          27           8  -8.3060638499843695E-015
          27           9   2.0520954320737824E-015
          27          10   7.3709314878984175E-016
          27          11  -4.9160598481714603E-017
          27          12   1.5557511835410227E-015
          27          13   5.0153543909142225E-016
          27          14  -1.1272568156377322E-016
          27          15   7.1065833115092474E-017
          27          16   4.0242135523342835E-017
          27          17   6.8802531288233565E-017
          27          18   1.6985961657236517E-004
          27          19  -2.1257545980551815E-005
          27          20   1.7921540109430180E-004
          27          21   1.3531654434187042E-004
          27          22   1.0523265620342557E-004
          27          23  -3.8658934928121296E-004
          27          24   1.3104522535555335E-004
          27          25  -1.1796803139489913E-005
          27          26   1.3623718628651057E-004
          27          27   7.5093457945172025E-005
          27          28   5.8398506121756795E-005
          27          29  -1.7775424347023146E-004
          28           1  -3.0347497228545975E-004
