           1           1   2.0133516466008876     
           1           2  0.20329339347504399     
           1           3  0.81658949685986093     
           1           4  0.30016000118975383     
           1           5  0.11447235516940786     
           1           6  -1.1016236429526940E-003
           1           7   1.2423820583681881E-014
           1           8  -3.5613524763940438E-014
           1           9   9.0989016157644079E-015
           1          10   2.5424917831697219E-014
           1          11   3.8006943268416822E-014
           1          12   5.3747310519679211E-015
           1          13  -5.6058758693151601E-015
           1          14  -3.0212387547292755E-015
           1          15   2.3576604480775977E-015
           1          16  -1.9097338627042468E-015
           1          17   2.2079539176312487E-015
           1          18  -1.6873389321737030E-015
           1          19 -0.26538833045993787     
           1          20   9.0241267625445947E-015
           1          21 -0.26538833045994614     
           1          22  -1.6137482575137259E-014
           1          23  -1.1755163961717502E-015
           1          24 -0.26538833045993904     
           1          25 -0.10088523924427392     
           1          26   2.7339458227938820E-015
           1          27 -0.10088523924428230     
           1          28  -9.9247623248149490E-017
           1          29   2.2404340177833802E-015
           1          30 -0.10088523924427872     
           1          31  -4.5324002951338364E-003
           1          32  -1.8982494369991598E-015
           1          33  -4.5324002951334322E-003
           1          34   1.4813429525970961E-015
           1          35  -1.4391790996312348E-015
           1          36  -4.5324002951359493E-003
           1          37  -5.7476165831705471E-015
           1          38  -8.4592329749595183E-015
           1          39  -6.0612667801786918E-015
           1          40  -1.5151924641295487E-014
           1          41  -2.7447917065152021E-015
           1          42   1.4977387857121907E-015
           1          43  -1.0186131894357555E-017
           1          44  -5.8513697301904400E-015
           1          45  -4.6334013484485517E-015
           1          46   9.1271583821383661E-016
           1          47   1.6433763596773840E-015
           1          48   3.1069650759715518E-015
           1          49   2.7352333695535539E-015
           1          50  -2.8003605684321688E-015
           1          51   1.9477878241176453E-015
           1          52  -4.3410743313473695E-016
           1          53  -3.0649769083175120E-016
           1          54   1.4479073943091483E-015
           1          55   3.1620356675677387E-015
           1          56  -3.9409735661213137E-015
           2           1  0.20329339347504399     
           2           2   5.3081104436970765     
           2           3   12.992565078370799     
           2           4   4.8032743677862895     
           2           5   2.7770908839764603     
           2           6  0.63495895053085760     
           2           7   1.0965707441959637E-012
           2           8  -5.6865902370126590E-012
           2           9   2.4835785374247320E-012
           2          10  -1.2083537884553952E-013
           2          11   2.5531009294451719E-012
           2          12  -7.4986436166363941E-013
           2          13  -2.0242090603973297E-014
           2          14  -2.3986481366303932E-013
           2          15   5.5796211374858252E-014
           2          16  -3.9609540668588622E-015
           2          17  -3.9270430533375683E-014
           2          18   1.8610074876107673E-014
           2          19  -4.4017480815195107     
           2          20   1.3566754462498519E-013
           2          21  -4.4017480815195658     
           2          22  -2.5786759678069436E-013
           2          23   6.6154378542646772E-015
           2          24  -4.4017480815194663     
           2          25  -2.0064789346018888     
           2          26  -2.9359265629494904E-014
           2          27  -2.0064789346018870     
           2          28   7.8293161110469777E-014
           2          29   1.8086697615203041E-014
           2          30  -2.0064789346019141     
           2          31 -0.38877107298136665     
           2          32   5.3680002773289576E-015
           2          33 -0.38877107298133817     
           2          34  -3.3976225124799451E-014
           2          35  -7.1743675579319794E-015
           2          36 -0.38877107298133207     
           2          37   9.5025829628915860E-014
           2          38  -5.3310011349840082E-013
           2          39   2.7233372218757951E-014
           2          40  -1.1555110785093723E-012
           2          41   1.7637323097621229E-013
           2          42   1.1138495965599896E-014
           2          43   1.4374019824539706E-013
           2          44   4.0898497324313309E-014
           2          45  -5.1971958793383795E-013
           2          46   3.6981144753360025E-013
           2          47   3.5245498341099417E-015
           2          48   6.5733730690147104E-014
           2          49   5.1017840798967230E-015
           2          50   9.3852481752726002E-014
           2          51  -1.1911714440888299E-014
           2          52  -4.4441409039472552E-015
           2          53  -1.6888334909809152E-014
           2          54   2.0751160794279249E-014
           2          55   5.8611976602897044E-014
           2          56  -3.3318764474674613E-014
           3           1  0.81658949685986093     
           3           2   12.992565078370799     
           3           3   50.700993271931075     
           3           4   18.901757015167167     
           3           5   9.9659809518820879     
           3           6   1.8548459437027507     
           3           7  -8.1181768044442862E-013
           3           8   5.3134133380511862E-012
           3           9  -2.7770781584232390E-012
           3          10   1.0607247456481627E-012
           3          11  -7.3243430956987344E-013
           3          12   1.4772539354985887E-012
           3          13  -8.7075324491084798E-014
           3          14  -1.5721089374265307E-014
           3          15  -1.7483361987017937E-013
           3          16  -1.2245157665342979E-014
           3          17  -2.0632295394136466E-014
           3          18  -4.2021935005188703E-014
           3          19  -17.090088052252526     
           3          20   4.4234328960168397E-013
           3          21  -17.090088052252689     
           3          22  -8.5353167859711632E-013
           3          23  -5.5501124987496324E-014
           3          24  -17.090088052252355     
           3          25  -7.4824933592594878     
           3          26  -1.3122602149526514E-013
           3          27  -7.4824933592595375     
           3          28   3.0745159051363039E-013
           3          29  -1.2571084586471756E-014
           3          30  -7.4824933592595801     
           3          31  -1.2165697078803177     
           3          32   5.2181373364091680E-014
           3          33  -1.2165697078802387     
           3          34  -1.2931340664694146E-013
           3          35   1.6052788183720490E-014
           3          36  -1.2165697078802618     
           3          37  -4.6832087544539987E-013
           3          38   1.9119853075192003E-013
           3          39  -1.8802908032660045E-013
           3          40   4.4589126503587065E-013
           3          41  -3.2210404164678871E-013
           3          42   8.8290854481571303E-015
           3          43  -2.4619110896130621E-013
           3          44  -1.9857495320705679E-013
           3          45   1.5617606549494233E-013
           3          46  -6.4677993208604762E-013
           3          47   5.2217457916288801E-014
           3          48  -3.9102023179842094E-015
           3          49   2.6578301907553611E-015
           3          50   5.4903609854804418E-014
           3          51   4.5166998431344608E-014
           3          52  -1.2958461283656112E-015
           3          53   4.6191655386951498E-014
           3          54   7.8566450517821556E-015
           3          55   2.2772392754606418E-014
           3          56   9.7032187942225672E-014
           4           1  0.30016000118975383     
           4           2   4.8032743677862895     
           4           3   18.901757015167167     
           4           4   7.0475712201463994     
           4           5   3.7109363482108861     
           4           6  0.68830456673101625     
           4           7  -2.4997959270073409E-013
           4           8   2.0958004565221066E-012
           4           9  -1.1495431266586271E-012
           4          10   9.0580144523815170E-013
           4          11  -8.3601627604510204E-014
           4          12   6.1027653418397603E-013
           4          13  -1.0053159138926805E-013
           4          14  -3.3130050293991323E-014
           4          15  -7.1249841723821529E-014
           4          16  -1.4212760957129674E-014
           4          17  -1.1476326053191082E-014
           4          18  -1.6763737535356022E-014
           4          19  -6.3708948425837431     
           4          20   2.3198672160333794E-013
           4          21  -6.3708948425838718     
           4          22  -4.2517435016925636E-013
           4          23  -9.5301078524281353E-015
           4          24  -6.3708948425836827     
           4          25  -2.7877584575310377     
           4          26  -6.6852499492753178E-014
           4          27  -2.7877584575310399     
           4          28   1.4309845230680673E-013
           4          29  -8.1871851150404391E-015
           4          30  -2.7877584575310710     
           4          31 -0.45200505908335814     
           4          32   2.5322831093206965E-014
           4          33 -0.45200505908333433     
           4          34  -5.7294890870140404E-014
           4          35   7.1970518023278979E-015
           4          36 -0.45200505908333782     
           4          37  -3.8015214332779889E-013
           4          38   3.8500455111813801E-014
           4          39  -1.6159433722584047E-013
           4          40   9.2274983969294889E-014
           4          41  -1.3248497886282254E-013
           4          42   3.1070086523155464E-015
           4          43  -1.0312181447580143E-013
           4          44  -1.6586158532055031E-013
           4          45   2.4976830856994176E-014
           4          46  -2.6798157664138476E-013
           4          47   5.3101669261865752E-014
           4          48   4.1700939175243336E-015
           4          49   1.5846964357215435E-014
           4          50   3.4497001602530730E-014
           4          51   1.8152206871152364E-014
           4          52  -3.9807610111520099E-016
           4          53   1.8646371084584852E-014
           4          54   1.7495259269726042E-014
           4          55   1.4403973422550928E-014
           4          56   3.9245667050052575E-014
           5           1  0.11447235516940786     
           5           2   2.7770908839764603     
           5           3   9.9659809518820879     
           5           4   3.7109363482108861     
           5           5   1.9851632211821508     
           5           6  0.38329696937633612     
           5           7   1.2407483505464124E-014
           5           8   2.7577772197748215E-013
           5           9  -2.6085586718856714E-013
           5          10   3.4869788485203958E-014
           5          11   9.5193767264284096E-013
           5          12   2.4558903573311729E-013
           5          13  -7.6660852370444256E-017
           5          14  -1.3461376782569708E-013
           5          15  -3.2763504013513980E-014
           5          16  -1.4501168302646990E-016
           5          17  -2.2735583963270623E-014
           5          18  -6.1808224809148172E-015
           5          19  -3.3620271894212888     
           5          20   2.7919458436537051E-013
           5          21  -3.3620271894214069     
           5          22  -4.0192560789028580E-013
           5          23   4.4846806630906920E-014
           5          24  -3.3620271894212319     
           5          25  -1.4812700514125485     
           5          26  -7.5529633111583331E-014
           5          27  -1.4812700514125345     
           5          28   1.2116602988255782E-013
           5          29  -1.4223567990302261E-014
           5          30  -1.4812700514125727     
           5          31 -0.24815837887773479     
           5          32   2.5431328917109013E-014
           5          33 -0.24815837887772535     
           5          34  -4.4985597166676562E-014
           5          35   6.4275950840081106E-015
           5          36 -0.24815837887771941     
           5          37  -1.5038193214693028E-014
           5          38  -1.6997882660253241E-013
           5          39  -4.7692877599009848E-015
           5          40  -3.7296525448701029E-013
           5          41  -4.9788591588320892E-014
           5          42   2.7054723471635304E-015
           5          43  -4.0773732475519128E-014
           5          44  -5.0054402237792254E-015
           5          45  -1.7444204740767819E-013
           5          46  -1.0191581378099926E-013
           5          47   1.0046530612406371E-015
           5          48   2.9678180529920322E-014
           5          49  -2.6760192103391942E-015
           5          50   7.1288025273064619E-014
           5          51   8.2477913824496336E-015
           5          52  -7.0896731912175992E-016
           5          53   7.9100023003350899E-015
           5          54  -8.8084121972910498E-018
           5          55   3.3357630868122752E-014
           5          56   1.7211118671623992E-014
           6           1  -1.1016236429526940E-003
           6           2  0.63495895053085760     
           6           3   1.8548459437027507     
           6           4  0.68830456673101625     
           6           5  0.38329696937633612     
           6           6   8.1202358263629107E-002
           6           7   2.0953949415788263E-014
           6           8  -1.5219326334035282E-013
           6           9   2.3506556302763217E-013
           6          10  -5.9247949745015097E-013
           6          11   6.1504430794270762E-013
           6          12  -6.0162278629751560E-014
           6          13   7.7545950173564815E-014
           6          14  -7.9268930565296806E-014
           6          15   3.3911435104734202E-015
           6          16   1.0899296166750591E-014
           6          17  -1.2216287413657508E-014
           6          18   9.8940023303707743E-016
           6          19 -0.62716986871401670     
           6          20   1.4475208770151441E-013
           6          21 -0.62716986871401670     
           6          22  -1.4163785263083402E-013
           6          23   4.8530422163159699E-014
           6          24 -0.62716986871397662     
           6          25 -0.28121744397446968     
           6          26  -3.8009822724824750E-014
           6          27 -0.28121744397447213     
           6          28   3.9613883448231230E-014
           6          29  -1.1684001590281659E-014
           6          30 -0.28121744397448212     
           6          31  -5.0946671208606284E-002
           6          32   1.2005742447658622E-014
           6          33  -5.0946671208602107E-002
           6          34  -1.3906994098130666E-014
           6          35   3.8275480929298365E-015
           6          36  -5.0946671208599706E-002
           6          37   2.4120234456353346E-013
           6          38  -1.1364098950696180E-013
           6          39   1.0703755253508072E-013
           6          40  -2.5092342469941190E-013
           6          41   1.4150261891815860E-014
           6          42   1.0180463343754104E-015
           6          43   1.2704451330905619E-014
           6          44   1.0796574567638741E-013
           6          45  -1.1318656840076927E-013
           6          46   3.0739864114257266E-014
           6          47  -3.8384137942274222E-014
           6          48   1.8436929354535711E-014
           6          49  -1.7246676427176420E-014
           6          50   3.8119454702591761E-014
           6          51  -5.7883935491546140E-016
           6          52  -3.7268180648156701E-016
           6          53  -9.2919329117785198E-016
           6          54  -1.5881124640609250E-014
           6          55   1.8293188842724013E-014
           6          56  -1.7708363315657231E-015
           7           1   1.2423820583681881E-014
           7           2   1.0965707441959637E-012
           7           3  -8.1181768044442862E-013
           7           4  -2.4997959270073409E-013
           7           5   1.2407483505464124E-014
           7           6   2.0953949415788263E-014
           7           7   2.0007159459466264     
           7           8  -2.6367796834847460E-015
           7           9   3.6793484925469309E-015
           7          10  0.29074204200528497     
           7          11  -2.6922908347160027E-014
           7          12   9.8532293435491036E-015
           7          13  -7.2786674057598838E-002
           7          14  -7.7715611723759380E-016
           7          15   1.5298526334639373E-014
           7          16  -1.2844565568307221E-002
           7          17   1.7543258512553475E-014
           7          18  -4.2151612061891544E-015
           7          19   2.5351526970345062E-013
           7          20  -1.4121459025088547E-014
           7          21   2.2621026476301884E-013
           7          22  -2.0316787320159482E-014
           7          23  -6.3041155133675340E-015
           7          24   2.4964778604412646E-013
           7          25   3.3733714012543285E-014
           7          26  -6.0422233293118616E-015
           7          27   5.6418841365607786E-014
           7          28   8.1986022296478067E-015
           7          29  -1.2731258317967264E-015
           7          30   2.0955253966963558E-014
           7          31  -3.5274044368139940E-015
           7          32   1.8746457422622612E-015
           7          33  -1.0284637039753208E-014
           7          34  -1.1674803213493174E-014
           7          35  -2.0035599513628169E-015
           7          36  -4.9065998407889245E-015
           7          37  -7.0073389176998235E-002
           7          38   8.5070839261902730E-015
           7          39  -3.1337772322724472E-002
           7          40   2.0206059048177814E-014
           7          41  -7.6674777638176262E-015
           7          42   1.1576086441746684E-014
           7          43   6.2484739604682714E-015
           7          44  -3.1337772322718921E-002
           7          45   1.0463852007092116E-014
           7          46  -1.8464396678297488E-014
           7          47   3.9260610467564419E-002
           7          48   5.5858095926451985E-016
           7          49   1.7557878768704162E-002
           7          50  -1.5508427875232687E-014
           7          51  -1.9684774643646692E-015
           7          52  -1.0690684240257586E-014
           7          53   1.5252556162526274E-015
           7          54   1.7557878768728608E-002
           7          55  -8.5487172896137243E-015
           7          56  -1.3337421445047642E-014
           8           1  -3.5613524763940438E-014
           8           2  -5.6865902370126590E-012
           8           3   5.3134133380511862E-012
           8           4   2.0958004565221066E-012
           8           5   2.7577772197748215E-013
           8           6  -1.5219326334035282E-013
           8           7  -2.6367796834847460E-015
           8           8   2.0007159459466335     
           8           9  -5.2943760486812153E-015
           8          10  -1.4988010832439607E-014
           8          11  0.29074204200533199     
           8          12  -3.3861802251067342E-015
           8          13  -9.1038288019262836E-015
           8          14  -7.2786674057622874E-002
           8          15   1.3219460248681258E-014
           8          16   3.9777209304148187E-015
           8          17  -1.2844565568323085E-002
           8          18  -4.8006303793313173E-015
           8          19  -1.7155287948170416E-012
           8          20  -1.9983403622271557E-016
           8          21  -1.7342503526985511E-012
           8          22  -5.7400190071637535E-016
           8          23   6.2773677117313123E-016
           8          24  -1.7345368962596759E-012
           8          25  -5.0683545274248560E-013
           8          26  -1.5780477144029605E-014
           8          27  -5.0462984009746895E-013
           8          28   1.3429663208701880E-014
           8          29  -1.1787684007710091E-015
           8          30  -4.9259297939631503E-013
           8          31   8.6181775496646689E-014
           8          32   1.2276531952009150E-014
           8          33   7.6475725275571706E-014
           8          34  -1.8765361167567922E-014
           8          35  -7.5454146848126467E-015
           8          36   5.2383783196307589E-014
           8          37   2.4896751327219135E-014
           8          38  -3.1337772322729072E-002
           8          39   8.0074835651089321E-015
           8          40  -7.0073389177032805E-002
           8          41  -3.8163916471489764E-015
           8          42  -2.5473598669742298E-015
           8          43   1.0109968417992829E-014
           8          44  -6.5780714209040509E-015
           8          45  -3.1337772322737212E-002
           8          46  -1.8041124150158360E-016
           8          47   3.8580250105724221E-015
           8          48   1.7557878768736199E-002
           8          49  -3.4520997171938338E-016
           8          50   3.9260610467588733E-002
           8          51   1.2375083596749554E-015
           8          52  -2.5592334786568331E-015
           8          53  -9.5665662891430969E-015
           8          54   4.7739590058881715E-015
           8          55   1.7557878768719979E-002
           8          56  -9.7053441672212415E-015
           9           1   9.0989016157644079E-015
           9           2   2.4835785374247320E-012
           9           3  -2.7770781584232390E-012
           9           4  -1.1495431266586271E-012
           9           5  -2.6085586718856714E-013
           9           6   2.3506556302763217E-013
           9           7   3.6793484925469309E-015
           9           8  -5.2943760486812153E-015
           9           9   2.0007159459466308     
           9          10   9.1732177409662063E-015
           9          11  -2.1795065752172585E-014
           9          12  0.29074204200535736     
           9          13  -4.2270006939127023E-014
           9          14   2.2727479620510170E-014
           9          15  -7.2786674057636627E-002
           9          16   1.6150275561343849E-015
           9          17  -1.2581515690390743E-014
           9          18  -1.2844565568313458E-002
           9          19   9.2931435925962567E-013
           9          20   7.8653311456804739E-015
           9          21   9.1657810825969269E-013
           9          22   6.1920155913862116E-015
           9          23  -4.2591635607731016E-016
           9          24   9.1748834525334908E-013
           9          25   2.8827405384889760E-013
           9          26  -1.6798827913565452E-014
           9          27   2.6567302192905350E-013
           9          28   1.7041719195794982E-014
           9          29   2.4652844637080341E-015
           9          30   3.0575269639224361E-013
           9          31  -5.5672117578000804E-014
           9          32   1.3763512019517821E-014
           9          33  -6.9853607377785299E-014
           9          34  -1.9685863666708775E-014
           9          35  -1.3696809889156693E-014
           9          36  -9.6113842340486563E-014
           9          37   1.0318135235109701E-014
           9          38  -2.5847379792054355E-015
           9          39   3.8580250105722754E-015
           9          40   6.5780714209039768E-015
           9          41  -3.1337772322739550E-002
           9          42  -1.2249227032670703E-014
           9          43  -3.1337772322729385E-002
           9          44  -1.9609314172441998E-014
           9          45  -2.1805474093027826E-015
           9          46  -7.0073389177034220E-002
           9          47   1.9460127953507888E-014
           9          48   2.6829666960326174E-015
           9          49   1.8688609687567206E-014
           9          50   1.0681559803326606E-015
           9          51   1.7557878768730960E-002
           9          52   1.0931418536086689E-014
           9          53   1.7557878768719368E-002
           9          54   1.1236671315639798E-014
           9          55  -1.3443890098385818E-014
           9          56   3.9260610467584653E-002
          10           1   2.5424917831697219E-014
          10           2  -1.2083537884553952E-013
          10           3   1.0607247456481627E-012
          10           4   9.0580144523815170E-013
          10           5   3.4869788485203958E-014
          10           6  -5.9247949745015097E-013
          10           7  0.29074204200528497     
          10           8  -1.4988010832439607E-014
          10           9   9.1732177409662063E-015
          10          10   6.9462126133485951     
          10          11  -1.0613732115416486E-013
          10          12   4.3742787170236942E-014
          10          13 -0.92698246799730355     
          10          14   3.9135361618036869E-014
          10          15   9.9545371945452467E-014
          10          16 -0.13069573265601184     
          10          17   8.3863471722622914E-014
          10          18  -3.9447611843712656E-014
          10          19  -3.0516145235095273E-013
          10          20  -9.1532908891425756E-014
          10          21  -4.9248581850005187E-013
          10          22  -1.1956069063028786E-013
          10          23  -3.4321632891749044E-014
          10          24  -3.4119485548774444E-013
          10          25  -2.0112532613649007E-013
          10          26  -5.5997680976932687E-014
          10          27  -6.7286353141222198E-014
          10          28   7.9955606353668448E-014
          10          29  -1.4146929123763610E-014
          10          30  -2.6814104895755604E-013
          10          31   3.1048595441471615E-013
          10          32   3.1173973396564529E-014
          10          33   2.5261360736456734E-013
          10          34  -1.0124990599671593E-013
          10          35  -2.5655738198520171E-014
          10          36   2.6302636302724026E-013
          10          37  -2.8006611114261912     
          10          38   4.2632564145606074E-014
          10          39  -1.2524937254178856     
          10          40   8.7707618945387140E-014
          10          41  -6.1617377866697172E-014
          10          42   6.2471969233487331E-014
          10          43   6.8903216465797516E-014
          10          44  -1.2524937254178703     
          10          45   5.3734794391857690E-014
          10          46  -9.8143715376866287E-014
          10          47  0.45410143804122949     
          10          48   1.1629586182948442E-014
          10          49  0.20308033682801047     
          10          50  -1.1013412404281573E-013
          10          51   4.3159920082303891E-015
          10          52  -6.2576484819894894E-014
          10          53  -9.9538433051547929E-015
          10          54  0.20308033682814702     
          10          55  -6.5183969333304655E-014
          10          56  -8.5417783957097704E-014
          11           1   3.8006943268416822E-014
          11           2   2.5531009294451719E-012
          11           3  -7.3243430956987344E-013
          11           4  -8.3601627604510204E-014
          11           5   9.5193767264284096E-013
          11           6   6.1504430794270762E-013
          11           7  -2.6922908347160027E-014
          11           8  0.29074204200533199     
          11           9  -2.1795065752172585E-014
          11          10  -1.0613732115416486E-013
          11          11   6.9462126133487052     
          11          12   3.7525538232330405E-014
          11          13   1.1629586182948515E-013
          11          14 -0.92698246799749906     
          11          15   3.8281877667856147E-014
          11          16   3.8552494530108561E-014
          11          17 -0.13069573265601489     
          11          18  -1.6858910101280609E-014
          11          19   3.0060936777533855E-014
          11          20  -3.8508073551765672E-014
          11          21  -5.5719680089855330E-014
          11          22  -5.2036216667373736E-014
          11          23  -1.4855012129230658E-014
          11          24   4.0400459122835295E-014
          11          25  -4.0774540260265112E-013
          11          26  -1.7192009873373018E-014
          11          27  -3.3123404752424692E-013
          11          28   3.1553115497528770E-014
          11          29  -2.4372347147563058E-015
          11          30  -4.4924393841647185E-013
          11          31  -2.7299339052446986E-013
          11          32   1.7004490169734056E-015
          11          33  -3.0028885351026287E-013
          11          34  -3.7019419003252518E-014
          11          35  -1.0705078597410074E-014
          11          36  -2.8149662890828918E-013
          11          37   1.0724754417879007E-013
          11          38  -1.2524937254178863     
          11          39  -2.1094237467879008E-015
          11          40  -2.8006611114263209     
          11          41  -2.4355517602714409E-014
          11          42   2.7140422650929634E-014
          11          43   2.6909030559352165E-014
          11          44   3.4861002973229903E-014
          11          45  -1.2524937254178732     
          11          46  -5.2347015611076156E-014
          11          47  -8.3655304905505520E-014
          11          48  0.20308033682818144     
          11          49  -7.8631545719076712E-014
          11          50  0.45410143804129072     
          11          51   2.3037127760972061E-015
          11          52  -2.6376343345824295E-014
          11          53   1.0477729794900041E-015
          11          54  -1.2267964422107988E-014
          11          55  0.20308033682815035     
          11          56  -3.2779334802057747E-014
          12           1   5.3747310519679211E-015
          12           2  -7.4986436166363941E-013
          12           3   1.4772539354985887E-012
          12           4   6.1027653418397603E-013
          12           5   2.4558903573311729E-013
          12           6  -6.0162278629751560E-014
          12           7   9.8532293435491036E-015
          12           8  -3.3861802251067342E-015
          12           9  0.29074204200535736     
          12          10   4.3742787170236942E-014
          12          11   3.7525538232330405E-014
          12          12   6.9462126133488002     
          12          13  -1.8859913630820964E-014
          12          14   9.4785290727375043E-015
          12          15 -0.92698246799752493     
          12          16   3.4226094181020933E-015
          12          17   1.7678566943679931E-014
          12          18 -0.13069573265607032     
          12          19  -4.9674475922944992E-013
          12          20   1.3388316133454575E-014
          12          21  -5.1183954486723778E-013
          12          22  -1.4584285962729867E-014
          12          23  -2.1972443550050352E-014
          12          24  -4.9356865094791618E-013
          12          25  -2.0055758762415159E-013
          12          26  -1.1678598370756835E-014
          12          27  -2.0447030268786949E-013
          12          28   2.0333770138996263E-015
          12          29   2.5839804415473473E-017
          12          30  -1.9024659981972524E-013
          12          31   5.7355067459234057E-015
          12          32   1.8409205579601519E-015
          12          33   7.8101077351040261E-015
          12          34   3.1172919760457119E-015
          12          35   1.1417721690130580E-014
          12          36   1.1945412093227329E-014
          12          37  -4.8683279629815475E-014
          12          38  -2.3980817331903378E-014
          12          39   1.0644263248592754E-014
          12          40  -8.2989171090735626E-015
          12          41  -1.2524937254179160     
          12          42   9.2112276413145649E-015
          12          43  -1.2524937254179278     
          12          44  -6.3699046037879984E-015
          12          45  -2.0969337377607165E-014
          12          46  -2.8006611114264013     
          12          47   1.4231671396914155E-014
          12          48  -8.1618739544709500E-015
          12          49  -7.8860529217901075E-015
          12          50  -1.2545520178264670E-014
          12          51  0.20308033682816876     
          12          52   2.6518304224269790E-015
          12          53  0.20308033682817217     
          12          54  -6.2658211952280190E-015
          12          55  -5.4053983511441727E-015
          12          56  0.45410143804136971     
          13           1  -5.6058758693151601E-015
          13           2  -2.0242090603973297E-014
          13           3  -8.7075324491084798E-014
          13           4  -1.0053159138926805E-013
          13           5  -7.6660852370444256E-017
          13           6   7.7545950173564815E-014
          13           7  -7.2786674057598838E-002
          13           8  -9.1038288019262836E-015
          13           9  -4.2270006939127023E-014
          13          10 -0.92698246799730355     
          13          11   1.1629586182948515E-013
          13          12  -1.8859913630820964E-014
          13          13  0.12428807239373069     
          13          14  -1.8485213360008863E-014
          13          15  -1.1065801053255925E-014
          13          16   1.7567574237902589E-002
          13          17  -1.3287981825982364E-014
          13          18   5.7005181824942836E-015
          13          19   2.4435543154406600E-014
          13          20   9.1624153539206193E-015
          13          21   4.7147239560173201E-014
          13          22   1.7161912802040312E-014
          13          23   2.9089379456435826E-015
          13          24   2.7719744653131290E-014
          13          25   2.1093245054845666E-014
          13          26   8.3886617274781369E-015
          13          27   3.6319501867681601E-015
          13          28  -1.1002541843710655E-014
          13          29   2.3628234667798380E-015
          13          30   3.0620221577778215E-014
          13          31  -4.0931034695347856E-014
          13          32  -4.4424139347175977E-015
          13          33  -3.3354865764188119E-014
          13          34   1.3718774329741177E-014
          13          35   3.2916247244022852E-015
          13          36  -3.4739914157940191E-014
          13          37  0.37294653684213019     
          13          38  -2.4313884239290941E-014
          13          39  0.16678676167043610     
          13          40  -5.3373971908854357E-014
          13          41   1.0200174038743831E-014
          13          42  -8.4901365501848689E-015
          13          43  -7.3586969850934059E-015
          13          44  0.16678676167043396     
          13          45  -2.5812685322534927E-014
          13          46   1.7576218258597476E-014
          13          47  -6.0946676329895526E-002
          13          48   1.3496148643099587E-015
          13          49  -2.7256182255249950E-002
          13          50   2.1375262670986242E-014
          13          51  -1.0998146837693227E-015
          13          52   8.4888769283706352E-015
          13          53   7.3465539207616222E-016
          13          54  -2.7256182255268491E-002
          13          55   1.1700709845463599E-014
          13          56   1.0312063702944073E-014
          14           1  -3.0212387547292755E-015
          14           2  -2.3986481366303932E-013
          14           3  -1.5721089374265307E-014
          14           4  -3.3130050293991323E-014
          14           5  -1.3461376782569708E-013
          14           6  -7.9268930565296806E-014
          14           7  -7.7715611723759380E-016
          14           8  -7.2786674057622874E-002
          14           9   2.2727479620510170E-014
          14          10   3.9135361618036869E-014
          14          11 -0.92698246799749906     
          14          12   9.4785290727375043E-015
          14          13  -1.8485213360008863E-014
          14          14  0.12428807239378120     
          14          15  -7.5547207378790012E-015
          14          16  -5.6326471264966879E-015
          14          17   1.7567574237906690E-002
          14          18   1.9780184434825448E-015
          14          19   3.2474790382965579E-014
          14          20   1.0145509422200914E-015
          14          21   4.5532610573660780E-014
          14          22   1.1547373953917092E-014
          14          23   7.1184538513865588E-016
          14          24   3.0792488689475974E-014
          14          25   6.5793614949522093E-014
          14          26   3.6343226998778013E-015
          14          27   5.5243213175628384E-014
          14          28  -5.6403731957526703E-015
          14          29   6.7349341913047077E-016
          14          30   7.1226142894043343E-014
          14          31   3.4995179078561452E-014
          14          32  -7.8154791230237016E-016
          14          33   3.8898225732157654E-014
          14          34   5.6252959561482471E-015
          14          35   1.4444911653321662E-015
          14          36   3.6647950176805770E-014
          14          37  -2.4785729024756648E-014
          14          38  0.16678676167046863     
          14          39  -4.3576253716537426E-015
          14          40  0.37294653684222029     
          14          41   9.1419927183976866E-016
          14          42  -3.5589769426543369E-015
          14          43  -6.1287780406261147E-015
          14          44  -9.0483176506950558E-015
          14          45  0.16678676167046699     
          14          46   1.6098233857063705E-015
          14          47   1.2604500776447487E-014
          14          48  -2.7256182255278504E-002
          14          49   1.1142128886199026E-014
          14          50  -6.0946676329915933E-002
          14          51   1.8084492237057351E-016
          14          52   3.5448339961108263E-015
          14          53   5.3104222408340796E-016
          14          54   2.2464669013899687E-015
          14          55  -2.7256182255274097E-002
          14          56   5.6504280421254628E-015
