           1           1   1.9976330282933596     
           1           2  -1.6823399179365591E-002
           1           3  -2.6455293578116042E-002
           1           4   2.6784390841809091E-003
           1           5  -1.0976509092549828E-002
           1           6  -1.1127110177674721E-002
           1           7   9.2331519781817078E-013
           1           8   1.3460682131321642E-012
           1           9   4.7065657354947851E-012
           1          10  -6.2321544596218121E-011
           1          11   5.7042285176179853E-011
           1          12  -3.5564264861461217E-011
           1          13  -6.0042681882221621E-011
           1          14   5.5084201063737556E-011
           1          15   9.2505784700540135E-011
           1          16  -6.5978215143476647E-011
           1          17   6.5576481445914482E-011
           1          18   9.9581774486407374E-011
           1          19  -1.7003110341704997E-012
           1          20   2.8203712804591412E-012
           1          21   1.2534054455169931E-012
           1          22   1.7363447875182760E-002
           1          23   3.7738889895420040E-004
           1          24   1.7380780227690143E-002
           1          25   1.4800168062974140E-006
           1          26   1.5198402612476183E-006
           1          27   1.7045175985942271E-002
           1          28   7.3450053167925513E-003
           1          29  -4.1166191458677747E-005
           1          30   7.3431145103244220E-003
           1          31  -1.6144870156044380E-007
           1          32  -1.6578164508748779E-007
           1          33   7.3797228477014117E-003
           1          34   4.1114844260637445E-003
           1          35   5.0482224201837917E-005
           1          36   4.1138030480634101E-003
           1          37   1.9802071358443581E-007
           1          38   2.0333959904319531E-007
           1          39   4.0689101722395319E-003
           2           1  -1.6823399179365591E-002
           2           2   2.0116634009630658     
           2           3   3.0797122449621357E-002
           2           4   6.9521764714354992E-003
           2           5  0.12021864541213741     
           2           6   5.4992853118924240E-002
           2           7   1.2455417521379789E-010
           2           8  -9.5298907811080297E-011
           2           9   2.6968939158844863E-010
           2          10  -4.6142093432336633E-010
           2          11   4.1857725198416627E-010
           2          12  -2.1567161898980342E-010
           2          13  -4.2041128625686334E-010
           2          14   3.9015540004592218E-010
           2          15   6.5799640323224536E-010
           2          16  -4.5323246241276238E-010
           2          17   4.5368588041725995E-010
           2          18   7.0673536982884489E-010
           2          19  -1.2877646545523255E-011
           2          20   2.1779685289455151E-011
           2          21   9.5781242627360470E-012
           2          22  -1.8341248253875560E-002
           2          23   2.9988325610788721E-003
           2          24  -1.8203520885288274E-002
           2          25   1.1760396217792926E-005
           2          26   1.2076805830154106E-005
           2          27  -2.0870321413626679E-002
           2          28  -3.3031143286731471E-002
           2          29  -3.4769270836985879E-004
           2          30  -3.3047112739894469E-002
           2          31  -1.3636143617288336E-006
           2          32  -1.4002244033923722E-006
           2          33  -3.2737916232704022E-002
           2          34  -1.8540275777990195E-002
           2          35   3.3414353416395191E-004
           2          36  -1.8524928859150490E-002
           2          37   1.3106863447893231E-006
           2          38   1.3458933029835431E-006
           2          39  -1.8822076245305408E-002
           3           1  -2.6455293578116042E-002
           3           2   3.0797122449621357E-002
           3           3   2.1554051244348496     
           3           4  0.10167864217758518     
           3           5  0.17572530848118750     
           3           6  -1.8990887262107334E-002
           3           7  -2.7453997917329851E-011
           3           8   8.0906198612774736E-011
           3           9   8.0096883112847369E-011
           3          10  -2.0346914036910873E-009
           3          11   1.9008984753751614E-009
           3          12  -2.4700553797554339E-009
           3          13  -1.6686796206199308E-009
           3          14   1.5452291938831528E-009
           3          15   2.4440102701059617E-009
           3          16  -1.8678002699824516E-009
           3          17   1.8187990037546378E-009
           3          18   2.7529153627762775E-009
           3          19  -3.8615974136212356E-011
           3          20   6.8492229232427892E-011
           3          21   1.6768230164190909E-011
           3          22  -5.0954009387117929E-002
           3          23   8.1698738499687076E-003
           3          24  -5.0578791938805170E-002
           3          25   3.2039302355408745E-005
           3          26   3.2901560111349936E-005
           3          27  -5.7844093491006082E-002
           3          28  -1.6513819189792577E-002
           3          29  -7.4902614608375476E-004
           3          30  -1.6548220505950281E-002
           3          31  -2.9368736593560520E-006
           3          32  -3.0157027425920428E-006
           3          33  -1.5882126539171679E-002
           3          34   1.0582541887225377E-002
           3          35   1.3099358835091742E-003
           3          36   1.0642705555324676E-002
           3          37   5.1381770033370368E-006
           3          38   5.2762075126274419E-006
           3          39   9.4778051713230310E-003
           4           1   2.6784390841809091E-003
           4           2   6.9521764714354992E-003
           4           3  0.10167864217758518     
           4           4  0.66963004002446136     
           4           5  0.51932056437913743     
           4           6 -0.18792209109655134     
           4           7  -1.1080594696767342E-010
           4           8   1.1804627853135958E-010
           4           9  -3.7288860424665889E-011
           4          10  -1.0500976559539617E-009
           4          11   9.3627817529829170E-010
           4          12  -4.6827426029694029E-010
           4          13  -3.7780909305079637E-009
           4          14   3.4860082920557317E-009
           4          15   4.7488783417284190E-009
           4          16  -4.0447845876908576E-009
           4          17   3.9885420455216150E-009
           4          18   4.7716917737465338E-009
           4          19  -1.2670512577801780E-010
           4          20   1.7709591777013330E-010
           4          21   6.0207453640493446E-011
           4          22  -2.5165880787638970E-003
           4          23   1.6270127592968176E-003
           4          24  -2.4418704248228133E-003
           4          25   6.3774253824175822E-006
           4          26   6.5492806893194270E-006
           4          27  -3.8887362593332114E-003
           4          28   9.3737642683728320E-002
           4          29   2.4030265849724758E-003
           4          30   9.3848001629458638E-002
           4          31   9.4291723050903827E-006
           4          32   9.6831282802291264E-006
           4          33   9.1711041259859599E-002
           4          34   8.1680185084785986E-002
           4          35   6.5759632753024941E-003
           4          36   8.1982215721858154E-002
           4          37   2.5795321053294132E-005
           4          38   2.6488207694989880E-005
           4          39   7.6134337318997325E-002
           5           1  -1.0976509092549828E-002
           5           2  0.12021864541213741     
           5           3  0.17572530848118750     
           5           4  0.51932056437913743     
           5           5  0.41765352468469741     
           5           6 -0.13940680140153749     
           5           7   4.5456220289042363E-010
           5           8  -4.4584957593215101E-010
           5           9   3.3271047339207946E-010
           5          10  -1.8589463282126745E-009
           5          11   1.9573600006320888E-009
           5          12  -9.8018139733384213E-009
           5          13   5.2154185755211268E-009
           5          14  -4.3713143524010473E-009
           5          15  -8.1672609001654610E-009
           5          16   6.0617719989837284E-009
           5          17  -4.9418745363574113E-009
           5          18  -9.6794467881612591E-009
           5          19   1.9625982001609999E-011
           5          20   7.4816909145608473E-011
           5          21  -8.1841974423774981E-011
           5          22  -9.3714495361633676E-003
           5          23  -1.4014389162878921E-002
           5          24  -1.0015101369345070E-002
           5          25  -5.4968581059763123E-005
           5          26  -5.6447413032798423E-005
           5          27   2.4476154223756295E-003
           5          28   6.8928578312976371E-002
           5          29   4.7543678255275029E-003
           5          30   6.9146934582920969E-002
           5          31   1.8651772551102106E-005
           5          32   1.9153399542292152E-005
           5          33   6.4918970731868975E-002
           5          34   6.1565294364995110E-002
           5          35   5.4020862586423588E-003
           5          36   6.1813409297186414E-002
           5          37   2.1190743184779412E-005
           5          38   2.1759955504328321E-005
           5          39   5.7009437327493084E-002
           6           1  -1.1127110177674721E-002
           6           2   5.4992853118924240E-002
           6           3  -1.8990887262107334E-002
           6           4 -0.18792209109655134     
           6           5 -0.13940680140153749     
           6           6   5.6176129957210524E-002
           6           7   1.9579985092196142E-011
           6           8  -2.2542999568362859E-011
           6           9  -1.0035098967064107E-010
           6          10   9.0851833305992212E-009
           6          11  -8.9871870447555531E-009
           6          12   2.3420924025637418E-008
           6          13  -1.2001606017736209E-008
           6          14   1.0237957998659691E-008
           6          15   1.6435619400456634E-008
           6          16  -1.3681350781089622E-008
           6          17   1.1353233215666160E-008
           6          18   1.8763192376525146E-008
           6          19  -1.2252624608461921E-010
           6          20  -9.6750026387123141E-011
           6          21   1.4680219411980603E-010
           6          22  -3.2516516826515498E-003
           6          23  -1.2581584147521870E-002
           6          24  -3.8294792033051880E-003
           6          25  -4.9338331681140297E-005
           6          26  -5.0666798287869516E-005
           6          27   7.3590620627687845E-003
           6          28  -2.7711627117813289E-002
           6          29   1.2822048413676686E-003
           6          30  -2.7652734043839118E-002
           6          31   5.0286362098807914E-006
           6          32   5.1635857594501553E-006
           6          33  -2.8792975269286203E-002
           6          34  -2.3882459894793512E-002
           6          35  -1.6638431581283736E-003
           6          36  -2.3958879277465837E-002
           6          37  -6.5265597105528881E-006
           6          38  -6.7018694918456139E-006
           6          39  -2.2479255432769064E-002
           7           1   9.2331519781817078E-013
           7           2   1.2455417521379789E-010
           7           3  -2.7453997917329851E-011
           7           4  -1.1080594696767342E-010
           7           5   4.5456220289042363E-010
           7           6   1.9579985092196142E-011
           7           7   2.0000337304693225     
           7           8   1.0789033985026205E-006
           7           9   5.5577952602854625E-009
           7          10   6.8568723766158034E-005
           7          11  -2.2574008137131212E-005
           7          12  -8.8506448561510908E-008
           7          13   8.9446555332220782E-004
           7          14  -1.8828889580130954E-004
           7          15  -7.3849107867604752E-007
           7          16  -1.0162856304288571E-003
           7          17  -2.8415639994713035E-004
           7          18  -1.1148294120712705E-006
           7          19   2.1776862752932009E-004
           7          20  -1.6689424789096787E-005
           7          21  -6.5436986595541700E-008
           7          22  -1.4226505926486226E-010
           7          23   7.0556961957821921E-013
           7          24  -3.6916474467370811E-011
           7          25   1.9044292027602127E-011
           7          26   3.1440949534523138E-011
           7          27  -8.5322640734965918E-011
           7          28  -1.4693344524493932E-010
           7          29   1.7891080577997499E-011
           7          30  -1.8191158965960370E-010
           7          31   6.1536171591413637E-012
           7          32  -2.2837061391043303E-011
           7          33  -1.3394108859218857E-010
           7          34  -2.6439533730191757E-011
           7          35   2.1426624963649355E-011
           7          36   2.9097584551051910E-011
           7          37   4.0675450782768824E-012
           7          38  -5.4215953543265884E-012
           7          39  -4.6040020757437886E-012
           8           1   1.3460682131321642E-012
           8           2  -9.5298907811080297E-011
           8           3   8.0906198612774736E-011
           8           4   1.1804627853135958E-010
           8           5  -4.4584957593215101E-010
           8           6  -2.2542999568362859E-011
           8           7   1.0789033985026205E-006
           8           8   2.0000337937927251     
           8           9   5.7212126994586520E-009
           8          10  -2.2574031093169378E-005
           8          11   6.7371793097984004E-005
           8          12  -9.1089438963244005E-008
           8          13  -1.8828887903399631E-004
           8          14   8.8447934830548848E-004
           8          15  -7.5821169419741433E-007
           8          16  -2.8415646812617404E-004
           8          17  -1.0313557115467784E-003
           8          18  -1.1447866339509158E-006
           8          19  -1.6689390065440118E-005
           8          20   2.1688349290566330E-004
           8          21  -6.7184332387019969E-008
           8          22   2.1588826017648213E-011
           8          23  -7.3427627122706307E-012
           8          24   1.0986135088785202E-010
           8          25   3.3135798582537247E-011
           8          26   1.2602202913632759E-011
           8          27   5.2544762980737972E-011
           8          28   1.3999141019847100E-010
           8          29  -1.2028137018701489E-011
           8          30   1.8163252210333119E-010
           8          31  -5.4542727401567558E-012
           8          32   2.1995853166499207E-011
           8          33   1.2993177066298974E-010
           8          34   3.0745161258089930E-011
           8          35  -2.2829359546079707E-011
           8          36  -3.1304126651478553E-011
           8          37  -5.9166718800562525E-012
           8          38   4.1019818710985147E-012
           8          39   6.4674007080276126E-012
           9           1   4.7065657354947851E-012
           9           2   2.6968939158844863E-010
           9           3   8.0096883112847369E-011
           9           4  -3.7288860424665889E-011
           9           5   3.3271047339207946E-010
           9           6  -1.0035098967064107E-010
           9           7   5.5577952602854625E-009
           9           8   5.7212126994586520E-009
           9           9   2.0000326827929880     
           9          10  -8.8585445783431276E-008
           9          11  -9.0979714930893225E-008
           9          12   9.0551853106802697E-005
           9          13  -7.3846487027709078E-007
           9          14  -7.5835347329797752E-007
           9          15   1.0778244633401889E-003
           9          16  -1.1147862259767071E-006
           9          17  -1.1448433718099121E-006
           9          18  -7.3956881778986633E-004
           9          19  -6.5483235514727255E-008
           9          20  -6.7189570125200400E-008
           9          21   2.3402108084824268E-004
           9          22  -3.0647698278215137E-011
           9          23   3.0310966599006639E-011
           9          24  -1.8284105262650210E-010
           9          25  -3.6572902811434290E-011
           9          26  -3.5149896978021599E-011
           9          27  -1.0605255621375808E-010
           9          28  -8.4750005864552685E-011
           9          29   4.3309240712935503E-011
           9          30  -1.3962291367962863E-010
           9          31  -1.2810258658823477E-011
           9          32  -6.3310149246058122E-012
           9          33  -7.7451301004773720E-011
           9          34   1.5898196880092281E-011
           9          35   2.9113908454919478E-011
           9          36   1.0854943992166158E-010
           9          37   7.4764779421823085E-012
           9          38  -3.4247188305759245E-011
           9          39   3.9383489783294482E-011
          10           1  -6.2321544596218121E-011
          10           2  -4.6142093432336633E-010
          10           3  -2.0346914036910873E-009
          10           4  -1.0500976559539617E-009
          10           5  -1.8589463282126745E-009
          10           6   9.0851833305992212E-009
          10           7   6.8568723766158034E-005
          10           8  -2.2574031093169378E-005
          10           9  -8.8585445783431276E-008
          10          10   1.9981907190430017     
          10          11  -9.3338424752232424E-004
          10          12  -3.5702399408479462E-006
          10          13  -1.2882119140958858E-002
          10          14  -3.2738802098860233E-003
          10          15  -1.2841611924135045E-005
          10          16  -8.6111706256505015E-003
          10          17  -1.7849070479637795E-004
          10          18  -7.0243603903923140E-007
          10          19   3.3847755250020293E-003
          10          20  -3.0057971907052782E-004
          10          21  -1.1788630532644286E-006
          10          22  -2.2609255422370201E-010
          10          23   3.5378832517818666E-010
          10          24   8.1506572594582896E-010
          10          25   7.4791520560144493E-012
          10          26   2.5081033086192944E-010
          10          27  -1.8986077825439671E-010
          10          28  -3.8920470007383596E-010
          10          29  -9.3465163505779722E-011
          10          30  -8.7462804142130419E-010
          10          31   1.5218193152216008E-010
          10          32   1.5460503102363886E-010
          10          33  -9.5025147446055681E-010
          10          34  -2.9703622657855537E-009
          10          35   9.5776571035959398E-011
          10          36  -2.5993440971433858E-009
          10          37  -2.2850996065359205E-010
          10          38  -9.4390014955972367E-011
          10          39  -2.5778068464119131E-009
          11           1   5.7042285176179853E-011
          11           2   4.1857725198416627E-010
          11           3   1.9008984753751614E-009
          11           4   9.3627817529829170E-010
          11           5   1.9573600006320888E-009
          11           6  -8.9871870447555531E-009
          11           7  -2.2574008137131212E-005
          11           8   6.7371793097984004E-005
          11           9  -9.0979714930893225E-008
          11          10  -9.3338424752232424E-004
          11          11   1.9981410909019466     
          11          12  -3.6666660367381164E-006
          11          13  -3.2738803244647023E-003
          11          14  -1.3055742458196299E-002
          11          15  -1.3186692389793312E-005
          11          16  -1.7849127348265126E-004
          11          17  -8.6206478559741756E-003
          11          18  -7.2036368550001647E-007
          11          19  -3.0057987259010036E-004
          11          20   3.3688355127482173E-003
          11          21  -1.2100819247986866E-006
          11          22  -2.4308801900809645E-010
          11          23  -3.4822103885479754E-010
          11          24  -3.2822819058224811E-010
          11          25   3.4071941563098787E-010
          11          26   1.4426690000535486E-010
          11          27   2.2385335188353827E-010
          11          28   2.5006007309264609E-010
          11          29   1.6803330179242460E-010
          11          30   9.4792897192548375E-010
          11          31  -1.3700667312714005E-010
          11          32  -1.4727957720145810E-010
          11          33   8.9771459119926338E-010
          11          34   2.9646883631821983E-009
          11          35  -1.0845334342508871E-010
          11          36   2.5285244875400660E-009
          11          37   2.2571943369235477E-010
          11          38   8.8197748537780808E-011
          11          39   2.5361342686859498E-009
          12           1  -3.5564264861461217E-011
          12           2  -2.1567161898980342E-010
          12           3  -2.4700553797554339E-009
          12           4  -4.6827426029694029E-010
          12           5  -9.8018139733384213E-009
          12           6   2.3420924025637418E-008
          12           7  -8.8506448561510908E-008
          12           8  -9.1089438963244005E-008
          12           9   9.0551853106802697E-005
          12          10  -3.5702399408479462E-006
          12          11  -3.6666660367381164E-006
          12          12   1.9990996052930667     
          12          13  -1.2842072424139003E-005
          12          14  -1.3187727971970493E-005
          12          15  -9.6939509144793636E-003
          12          16  -7.0238084100954744E-007
          12          17  -7.2123585191565331E-007
          12          18  -8.4373585353430692E-003
          12          19  -1.1786838036399641E-006
          12          20  -1.2104343608072626E-006
          12          21   3.6774855175363279E-003
          12          22   7.3209513624808787E-010
          12          23   1.0260973603723829E-009
          12          24   3.0482801036688624E-010
          12          25  -1.1837005149929467E-009
          12          26  -4.9599422734611124E-010
          12          27  -8.1554868604540066E-010
          12          28   6.6363936202899777E-010
          12          29  -2.3765211176642697E-010
          12          30  -1.3111743683324336E-009
          12          31   1.8136693636803556E-010
          12          32   2.0735265165231597E-010
          12          33  -9.2202403594836130E-010
          12          34  -7.4940472363772702E-009
          12          35   9.4719289299611597E-011
          12          36  -6.3325822223080101E-009
          12          37  -4.7805060257937073E-010
          12          38  -1.6731352244047545E-010
          12          39  -6.4203836729082737E-009
          13           1  -6.0042681882221621E-011
          13           2  -4.2041128625686334E-010
          13           3  -1.6686796206199308E-009
          13           4  -3.7780909305079637E-009
          13           5   5.2154185755211268E-009
          13           6  -1.2001606017736209E-008
          13           7   8.9446555332220782E-004
          13           8  -1.8828887903399631E-004
          13           9  -7.3846487027709078E-007
          13          10  -1.2882119140958858E-002
          13          11  -3.2738803244647023E-003
          13          12  -1.2842072424139003E-005
          13          13  0.37835995559967223     
          13          14  0.10714839333792420     
          13          15   4.2030868531373175E-004
          13          16  0.44621103708201648     
          13          17  0.14080594950295675     
          13          18   5.5233746861666150E-004
          13          19   2.1527812345089201E-002
          13          20   1.9942190235782108E-002
          13          21   7.8227984239637188E-005
          13          22  -1.1626401678735477E-009
          13          23   4.7466015421121345E-010
          13          24   8.5301959298010060E-010
          13          25   6.9713544280466680E-010
          13          26  -2.1590456789450154E-010
          13          27   3.8694388362535434E-010
          13          28   4.8724191301063271E-010
          13          29  -1.6128368356101808E-009
          13          30   8.5898506737106916E-010
          13          31  -1.4263666022313529E-009
          13          32   1.7056753460418837E-009
          13          33  -1.1201155624952405E-009
          13          34   3.7529865527380956E-009
          13          35   1.8172542880005423E-010
          13          36   3.9303275222488982E-009
          13          37   5.8083442191607403E-010
          13          38   1.5862369623035262E-009
          13          39   2.5995935829659416E-009
          14           1   5.5084201063737556E-011
          14           2   3.9015540004592218E-010
          14           3   1.5452291938831528E-009
          14           4   3.4860082920557317E-009
          14           5  -4.3713143524010473E-009
          14           6   1.0237957998659691E-008
          14           7  -1.8828889580130954E-004
          14           8   8.8447934830548848E-004
          14           9  -7.5835347329797752E-007
          14          10  -3.2738802098860233E-003
          14          11  -1.3055742458196299E-002
          14          12  -1.3187727971970493E-005
          14          13  0.10714839333792420     
          14          14  0.38404245498762019     
          14          15   4.3160290024189655E-004
          14          16  0.14080594818221337     
          14          17  0.45367856403092244     
          14          18   5.6718126217482779E-004
          14          19   1.9942192233985592E-002
          14          20   2.2585438518512448E-002
          14          21   8.0330730069972181E-005
          14          22  -8.5143642865017993E-010
          14          23  -5.2710602332827711E-010
          14          24   1.0065205528261400E-009
          14          25   2.6645414676504709E-011
          14          26   8.9799809476063233E-010
          14          27  -2.4322699904854033E-010
          14          28  -9.7393540295827459E-010
          14          29   1.7216963583096857E-009
          14          30   5.6618111378581074E-010
          14          31   1.8407058191066097E-009
          14          32  -1.6557915197455287E-009
          14          33   2.5020361773810441E-010
          14          34  -4.6692761615895075E-009
          14          35  -4.0657981060682418E-011
          14          36  -1.7070629767361378E-009
          14          37   8.3811634069090491E-010
          14          38  -8.2742857842821899E-010
          14          39  -2.5939909822630932E-009
          15           1   9.2505784700540135E-011
          15           2   6.5799640323224536E-010
          15           3   2.4440102701059617E-009
          15           4   4.7488783417284190E-009
          15           5  -8.1672609001654610E-009
          15           6   1.6435619400456634E-008
          15           7  -7.3849107867604752E-007
          15           8  -7.5821169419741433E-007
          15           9   1.0778244633401889E-003
          15          10  -1.2841611924135045E-005
          15          11  -1.3186692389793312E-005
          15          12  -9.6939509144793636E-003
          15          13   4.2030868531373175E-004
          15          14   4.3160290024189655E-004
          15          15  0.27401683996664444     
          15          16   5.5233860318321646E-004
          15          17   5.6717710404264167E-004
          15          18  0.30909158033099993     
          15          19   7.8229455571729320E-005
          15          20   8.0328557519911701E-005
          15          21   2.1077403896847496E-003
          15          22   1.1011167399767998E-009
          15          23   2.0214748957115540E-011
          15          24  -1.2728429346217740E-009
          15          25  -6.0632566757825614E-010
          15          26   1.0045716765799961E-009
          15          27  -6.0192274718984014E-011
          15          28   4.6188527237244692E-010
          15          29  -5.8804023212436650E-011
          15          30   7.9416811128944348E-011
          15          31   8.3373480157215835E-010
          15          32  -3.7033920333674338E-009
          15          33  -8.6571702836725946E-011
          15          34  -1.3104944926227782E-009
          15          35   3.5355026160243259E-010
          15          36  -6.2977428705020614E-009
          15          37   6.3812848283945017E-010
          15          38  -7.1213992639919871E-010
          15          39  -6.4524571004590213E-009
          16           1  -6.5978215143476647E-011
          16           2  -4.5323246241276238E-010
          16           3  -1.8678002699824516E-009
          16           4  -4.0447845876908576E-009
          16           5   6.0617719989837284E-009
          16           6  -1.3681350781089622E-008
          16           7  -1.0162856304288571E-003
          16           8  -2.8415646812617404E-004
          16           9  -1.1147862259767071E-006
          16          10  -8.6111706256505015E-003
          16          11  -1.7849127348265126E-004
          16          12  -7.0238084100954744E-007
          16          13  0.44621103708201648     
          16          14  0.14080594818221337     
          16          15   5.5233860318321646E-004
          16          16  0.52705834504133886     
          16          17  0.18319049614909386     
          16          18   7.1860118932230569E-004
          16          19   2.6164143683038311E-002
          16          20   2.4421971696066452E-002
          16          21   9.5800950698899661E-005
          16          22   1.4971334503922263E-009
          16          23   4.0480924238913092E-010
          16          24  -1.7750946135900619E-009
          16          25   3.4806083023537596E-010
          16          26  -3.3724072646353199E-010
          16          27   3.6115424838367088E-010
          16          28   5.0486210465304614E-010
          16          29  -1.8210065564563064E-009
          16          30   1.1001960692272771E-009
          16          31  -1.5625565886282690E-009
          16          32   1.9635785184231692E-009
          16          33  -1.2379685866515834E-009
          16          34   4.2083405400849803E-009
          16          35   2.0905926430837980E-010
          16          36   4.5455274979758383E-009
          16          37   7.1927453559800358E-010
          16          38   1.8459703578890503E-009
          16          39   2.9633013816768831E-009
          17           1   6.5576481445914482E-011
          17           2   4.5368588041725995E-010
          17           3   1.8187990037546378E-009
          17           4   3.9885420455216150E-009
          17           5  -4.9418745363574113E-009
          17           6   1.1353233215666160E-008
          17           7  -2.8415639994713035E-004
          17           8  -1.0313557115467784E-003
          17           9  -1.1448433718099121E-006
          17          10  -1.7849070479637795E-004
          17          11  -8.6206478559741756E-003
          17          12  -7.2123585191565331E-007
          17          13  0.14080594950295675     
          17          14  0.45367856403092244     
          17          15   5.6717710404264167E-004
          17          16  0.18319049614909386     
          17          17  0.53677373764190339     
          17          18   7.3790894190185633E-004
          17          19   2.4421974784533718E-002
          17          20   2.7459353839439933E-002
          17          21   9.8375949450042180E-005
          17          22   7.6298905942159367E-010
          17          23  -4.1638935451387978E-010
          17          24  -7.7154573370850741E-010
          17          25  -5.2959478489636827E-010
          17          26   3.8340249584977995E-010
          17          27  -1.0987685026818714E-010
          17          28  -1.1560432172813972E-009
          17          29   1.8768949280131783E-009
          17          30   7.5308901672769264E-010
          17          31   2.1232710498787161E-009
          17          32  -1.8288055585492450E-009
          17          33   3.4622479323138345E-010
          17          34  -5.2959581446575885E-009
          17          35  -4.9629545439059459E-011
          17          36  -1.8031840735507775E-009
          17          37   1.0115705673620035E-009
          17          38  -8.7753671792552245E-010
          17          39  -2.8829424960637307E-009
          18           1   9.9581774486407374E-011
          18           2   7.0673536982884489E-010
          18           3   2.7529153627762775E-009
          18           4   4.7716917737465338E-009
          18           5  -9.6794467881612591E-009
          18           6   1.8763192376525146E-008
          18           7  -1.1148294120712705E-006
          18           8  -1.1447866339509158E-006
          18           9  -7.3956881778986633E-004
          18          10  -7.0243603903923140E-007
          18          11  -7.2036368550001647E-007
          18          12  -8.4373585353430692E-003
          18          13   5.5233746861666150E-004
          18          14   5.6718126217482779E-004
          18          15  0.30909158033099993     
          18          16   7.1860118932230569E-004
          18          17   7.3790894190185633E-004
          18          18  0.34866404460288797     
          18          19   9.5802766803277723E-005
          18          20   9.8373696354698393E-005
          18          21   2.3815779055157897E-003
          18          22  -1.6535395528454042E-009
          18          23  -8.3398448048169793E-012
          18          24   1.1061518917883267E-009
          18          25  -2.9002779047200255E-010
          18          26   7.5462918326924926E-010
          18          27   2.8941027614117405E-010
          18          28   4.4785577909942108E-010
          18          29  -6.3345360069819010E-011
          18          30  -3.7225161620604948E-012
          18          31   9.3835937238176373E-010
          18          32  -4.1755824444722883E-009
          18          33  -1.8851013096996340E-010
          18          34  -1.5849734555195786E-009
          18          35   3.9375745168964612E-010
          18          36  -7.1763915592762680E-009
          18          37   7.2126697660945648E-010
          18          38  -8.0561082717582346E-010
          18          39  -7.3594052747814147E-009
          19           1  -1.7003110341704997E-012
          19           2  -1.2877646545523255E-011
          19           3  -3.8615974136212356E-011
          19           4  -1.2670512577801780E-010
          19           5   1.9625982001609999E-011
          19           6  -1.2252624608461921E-010
          19           7   2.1776862752932009E-004
          19           8  -1.6689390065440118E-005
          19           9  -6.5483235514727255E-008
          19          10   3.3847755250020293E-003
          19          11  -3.0057987259010036E-004
          19          12  -1.1786838036399641E-006
          19          13   2.1527812345089201E-002
          19          14   1.9942192233985592E-002
          19          15   7.8229455571729320E-005
          19          16   2.6164143683038311E-002
          19          17   2.4421974784533718E-002
          19          18   9.5802766803277723E-005
          19          19   1.9642653088735823E-003
          19          20   1.9930705840452661E-003
          19          21   7.8182626308425245E-006
          19          22  -7.3487571068229235E-010
          19          23  -6.7596810288018323E-012
          19          24   7.1046313003068347E-010
          19          25   4.2525098787114675E-010
          19          26   4.5780544456290196E-010
          19          27   2.9275358621825113E-011
          19          28  -7.5662894404554137E-011
          19          29   1.7223634207236458E-011
          19          30   7.7826462239968098E-011
          19          31   3.1726809833353018E-011
          19          32   4.8897628052643598E-011
          19          33  -5.7815305406350025E-011
          19          34  -5.5574539179528370E-011
          19          35   7.6993311239547482E-012
          19          36   1.1608747289998286E-010
          19          37   7.0624226853106270E-011
          19          38   6.9951383913576220E-011
          19          39   7.8658767193386254E-012
          20           1   2.8203712804591412E-012
          20           2   2.1779685289455151E-011
          20           3   6.8492229232427892E-011
          20           4   1.7709591777013330E-010
          20           5   7.4816909145608473E-011
          20           6  -9.6750026387123141E-011
          20           7  -1.6689424789096787E-005
          20           8   2.1688349290566330E-004
          20           9  -6.7189570125200400E-008
          20          10  -3.0057971907052782E-004
          20          11   3.3688355127482173E-003
          20          12  -1.2104343608072626E-006
          20          13   1.9942190235782108E-002
          20          14   2.2585438518512448E-002
          20          15   8.0328557519911701E-005
          20          16   2.4421971696066452E-002
          20          17   2.7459353839439933E-002
          20          18   9.8373696354698393E-005
          20          19   1.9930705840452661E-003
          20          20   2.0699665990843523E-003
          20          21   8.0283145391632819E-006
          20          22   1.3501524805651602E-009
          20          23   5.2362599332152528E-011
          20          24  -1.3897563283694725E-009
          20          25  -1.8385933188373713E-010
          20          26  -1.6488185944098846E-010
          20          27   2.7664451992609945E-011
          20          28  -5.3545240060709917E-011
          20          29  -9.3882961395353119E-012
          20          30   1.2482938405898160E-010
          20          31   5.8631024740433476E-011
          20          32   2.4661942022371828E-011
          20          33   3.9992627196852462E-011
          20          34  -6.1786181870357437E-011
          20          35   1.3008872468651217E-012
          20          36   1.1016193648345459E-010
          20          37   7.1749143480615240E-011
          20          38   4.9437510326447672E-011
          20          39   1.9302369273687716E-011
          21           1   1.2534054455169931E-012
          21           2   9.5781242627360470E-012
          21           3   1.6768230164190909E-011
          21           4   6.0207453640493446E-011
