           1           1   2.0520272664956098     
           1           2  0.55222150093503808     
           1           3   1.3760747612620630     
           1           4  0.65715889251989790     
           1           5  -2.2076030001800180     
           1           6  -1.5170031600740979     
           1           7   1.2819960802821933E-013
           1           8  -4.9893719396960647E-014
           1           9  -6.2088791610785553E-014
           1          10  -6.8691494836047136E-014
           1          11  -1.7621329930822558E-013
           1          12  -7.6671782501216519E-014
           1          13   2.0214123158730766E-014
           1          14   5.1989777461939260E-014
           1          15   2.1292868065247453E-014
           1          16  -6.8671976776555650E-015
           1          17  -2.2071804004912891E-014
           1          18  -1.0650999237179981E-014
           1          19   2.5392673040845857E-015
           1          20   7.1200728212569174E-015
           1          21   3.0236047940969314E-015
           1          22 -0.15454563085671685     
           1          23  -4.1220092578620401E-014
           1          24 -0.15454563085669359     
           1          25   1.0618104564555390E-014
           1          26  -1.3003002661976212E-014
           1          27 -0.15454563085670836     
           1          28  0.89852682271736750     
           1          29   5.7684297110300494E-015
           1          30  0.89852682271736584     
           1          31  -3.7679088951161262E-015
           1          32  -1.3930632941449638E-016
           1          33  0.89852682271736672     
           1          34  0.54226011462769008     
           1          35  -2.7362442022393532E-016
           1          36  0.54226011462768742     
           1          37   1.0890418386937547E-015
           1          38   6.5817049841884843E-016
           1          39  0.54226011462768842     
           2           1  0.55222150093503808     
           2           2   9.8624656475965686     
           2           3   15.271621801709781     
           2           4   5.0582392897411603     
           2           5  -13.576978609331032     
           2           6  -9.3723795227566065     
           2           7   4.7275165336699244E-012
           2           8  -1.3434217951493313E-012
           2           9  -1.4280068173790926E-012
           2          10  -9.0674613464126465E-013
           2          11  -1.4178230192138331E-012
           2          12  -5.7690233238897502E-013
           2          13   3.2583411891207377E-013
           2          14   3.9905069417705784E-013
           2          15   1.2552827279460692E-013
           2          16  -1.5474573232771716E-013
           2          17  -1.7497328813913954E-013
           2          18  -5.4128710797737999E-014
           2          19   4.9007463544450315E-014
           2          20   5.8608110056375814E-014
           2          21   1.6435393415290232E-014
           2          22  -4.6246595926401675     
           2          23  -5.9120245480855978E-013
           2          24  -4.6246595926398291     
           2          25   1.2200577071100081E-013
           2          26  -1.8065452208505776E-013
           2          27  -4.6246595926400929     
           2          28   5.4442539251668389     
           2          29   9.3688522588633597E-014
           2          30   5.4442539251668123     
           2          31  -3.6622229604829774E-014
           2          32   2.9568441677261160E-014
           2          33   5.4442539251668407     
           2          34   3.3560001857705410     
           2          35  -2.4410581510015340E-014
           2          36   3.3560001857705379     
           2          37   1.8691671112395213E-014
           2          38  -1.9721481929666987E-014
           2          39   3.3560001857705473     
           3           1   1.3760747612620630     
           3           2   15.271621801709781     
           3           3   38.259134310789108     
           3           4   15.766416629527541     
           3           5  -49.338829084703320     
           3           6  -34.157428330480982     
           3           7   1.5886493870186339E-012
           3           8  -1.1195933628216262E-012
           3           9  -1.1638808567394813E-012
           3          10  -2.4768853444447658E-012
           3          11  -6.9080909560960400E-012
           3          12  -3.1748818804183305E-012
           3          13   7.1588516921064946E-013
           3          14   2.0051475162686292E-012
           3          15   8.6644251277033117E-013
           3          16  -3.1211525258575485E-013
           3          17  -8.7546174669553188E-013
           3          18  -3.8073026007958479E-013
           3          19   1.0399110396823798E-013
           3          20   2.7988580209171069E-013
           3          21   1.2136269537731568E-013
           3          22  -6.0629427650420586     
           3          23  -9.1901710985544381E-013
           3          24  -6.0629427650414662     
           3          25   2.3393511626245880E-013
           3          26  -2.7605737732356290E-013
           3          27  -6.0629427650418251     
           3          28   19.986480947329071     
           3          29   1.2964803288418921E-013
           3          30   19.986480947329039     
           3          31  -7.7353781919186634E-014
           3          32   5.2643687221041157E-014
           3          33   19.986480947329071     
           3          34   12.217207216972943     
           3          35  -2.2225870384655427E-014
           3          36   12.217207216972925     
           3          37   5.3757239228740810E-014
           3          38  -3.9424835440004390E-014
           3          39   12.217207216972964     
           4           1  0.65715889251989790     
           4           2   5.0582392897411603     
           4           3   15.766416629527541     
           4           4   6.9064267153403289     
           4           5  -22.357931177876104     
           4           6  -15.486757471385129     
           4           7  -7.8425135676090872E-013
           4           8  -2.2074620666359057E-014
           4           9   3.4921166501492657E-014
           4          10  -6.1596434119598314E-013
           4          11  -2.1217178790667628E-012
           4          12  -1.0106960311429482E-012
           4          13   1.6276473041310533E-013
           4          14   6.3310165935538844E-013
           4          15   2.9725248121841854E-013
           4          16  -6.6375104696195335E-014
           4          17  -2.7743539064497355E-013
           4          18  -1.3132330939472453E-013
           4          19   2.3826454480127198E-014
           4          20   8.8470129194581033E-014
           4          21   4.2218625497997354E-014
           4          22  -1.7731390114658276     
           4          23  -7.0954927441703056E-014
           4          24  -1.7731390114658054     
           4          25   3.8893477285813417E-014
           4          26  -3.2349118724984588E-014
           4          27  -1.7731390114656873     
           4          28   9.0753145374886053     
           4          29   2.7255185845635390E-016
           4          30   9.0753145374886284     
           4          31  -2.1926824847023555E-014
           4          32   8.9665941828669979E-015
           4          33   9.0753145374885964     
           4          34   5.5379582997581052     
           4          35   1.0291090430213574E-014
           4          36   5.5379582997580847     
           4          37   2.0075029901934410E-014
           4          38  -1.1276424447503191E-014
           4          39   5.5379582997581176     
           5           1  -2.2076030001800180     
           5           2  -13.576978609331032     
           5           3  -49.338829084703320     
           5           4  -22.357931177876104     
           5           5   73.753776857392822     
           5           6   51.123395390606596     
           5           7   4.4265144324774312E-012
           5           8  -6.3468809285620459E-013
           5           9  -1.1220238541197273E-012
           5          10   1.0448572301616683E-012
           5          11   4.4789825941495868E-012
           5          12   2.2808296246458220E-012
           5          13  -2.2124460520066253E-013
           5          14  -1.3192285820586614E-012
           5          15  -6.5847488277900743E-013
           5          16   7.7246264401281441E-014
           5          17   5.8702290198325762E-013
           5          18   2.9933566369622255E-013
           5          19  -3.5783082869563408E-014
           5          20  -1.8784470932818920E-013
           5          21  -9.8527223781758114E-014
           5          22   4.0068850374658886     
           5          23  -3.4464166835911620E-013
           5          24   4.0068850374663381     
           5          25   2.8386536918858971E-014
           5          26  -6.2802134053341767E-014
           5          27   4.0068850374656941     
           5          28  -29.968419768078959     
           5          29   9.7713360640831947E-014
           5          30  -29.968419768079116     
           5          31   4.2812013161188069E-014
           5          32  -1.8656114669731294E-015
           5          33  -29.968419768078974     
           5          34  -18.279420407815614     
           5          35  -6.8185524190196569E-014
           5          36  -18.279420407815522     
           5          37  -5.6564345768732388E-014
           5          38   2.4615716970176806E-014
           5          39  -18.279420407815639     
           6           1  -1.5170031600740979     
           6           2  -9.3723795227566065     
           6           3  -34.157428330480982     
           6           4  -15.486757471385129     
           6           5   51.123395390606596     
           6           6   35.442108143152055     
           6           7   2.8037953095256386E-012
           6           8  -1.2604864982265097E-013
           6           9  -4.6289082405506450E-014
           6          10   1.5316757731917313E-012
           6          11   5.5515869369188628E-012
           6          12   2.6109540994923198E-012
           6          13  -4.2767367632268284E-013
           6          14  -1.6980203815169044E-012
           6          15  -8.7286320598523577E-013
           6          16   1.6982367500923074E-013
           6          17   7.3758830412867888E-013
           6          18   3.7469183458077010E-013
           6          19  -6.1257514549008822E-014
           6          20  -2.3322257197872434E-013
           6          21  -1.1934770086711359E-013
           6          22   2.7087046907526178     
           6          23  -1.3086391428604917E-012
           6          24   2.7087046907527719     
           6          25   1.0952476442032619E-013
           6          26  -4.4082500612161726E-013
           6          27   2.7087046907522976     
           6          28  -20.773424140394784     
           6          29   2.4782238429190310E-013
           6          30  -20.773424140394866     
           6          31   1.4500882427049823E-014
           6          32   6.5591461746041242E-014
           6          33  -20.773424140394766     
           6          34  -12.672502446623563     
           6          35  -1.1263095812018794E-013
           6          36  -12.672502446623509     
           6          37  -3.3772118240864378E-014
           6          38  -7.3724848608988456E-015
           6          39  -12.672502446623591     
           7           1   1.2819960802821933E-013
           7           2   4.7275165336699244E-012
           7           3   1.5886493870186339E-012
           7           4  -7.8425135676090872E-013
           7           5   4.4265144324774312E-012
           7           6   2.8037953095256386E-012
           7           7   2.0006743578443560     
           7           8   5.9201597754578848E-006
           7           9  -7.7577606777781726E-006
           7          10   7.3490635465575035E-003
           7          11   5.7656581648831329E-004
           7          12  -7.5553022158270024E-004
           7          13   3.9290807621116017E-002
           7          14   1.5861651902092744E-003
           7          15  -2.0785063969115999E-003
           7          16  -2.1900244424019007E-002
           7          17  -5.4505237046172561E-004
           7          18   7.1423509082956004E-004
           7          19   7.2562532001273546E-003
           7          20   1.5193728600676809E-004
           7          21  -1.9909819159548078E-004
           7          22  -2.1347075769577153E-012
           7          23  -9.0668646093109970E-015
           7          24  -1.9292366763106302E-012
           7          25  -6.8915942856904623E-014
           7          26   2.0628773680216206E-013
           7          27  -2.1436957964581268E-012
           7          28  -1.7701305695259014E-012
           7          29   1.5311625031776120E-014
           7          30  -1.8297285169649445E-012
           7          31  -4.5584384712738828E-015
           7          32  -1.9745062017696703E-014
           7          33  -1.7932760210154023E-012
           7          34  -1.0234266603119139E-012
           7          35  -4.1706265137772951E-015
           7          36  -1.0022420139268049E-012
           7          37  -1.3615668669200430E-014
           7          38   1.1594177651184990E-014
           7          39  -9.9378818141591061E-013
           8           1  -4.9893719396960647E-014
           8           2  -1.3434217951493313E-012
           8           3  -1.1195933628216262E-012
           8           4  -2.2074620666359057E-014
           8           5  -6.3468809285620459E-013
           8           6  -1.2604864982265097E-013
           8           7   5.9201597754578848E-006
           8           8   2.0006658528374182     
           8           9  -3.9792462929049740E-006
           8          10   5.7656581644461441E-004
           8          11   6.5207588268218711E-003
           8          12  -3.8753977495784801E-004
           8          13   1.5861651901807033E-003
           8          14   3.7012094461104789E-002
           8          15  -1.0661438528200931E-003
           8          16  -5.4505237047350525E-004
           8          17  -2.1117212481867098E-002
           8          18   3.6635795430974818E-004
           8          19   1.5193728599451861E-004
           8          20   7.0379773891955672E-003
           8          21  -1.0212492657038455E-004
           8          22   3.7712229717198624E-013
           8          23  -4.3494748162430098E-014
           8          24   9.5329767792921200E-013
           8          25  -1.8054736793162941E-013
           8          26   4.7584670587158623E-013
           8          27   3.2926885478964152E-013
           8          28   2.2621135885887808E-013
           8          29   3.1708853316909460E-014
           8          30   1.6015645478281686E-013
           8          31   2.4235900958794645E-014
           8          32  -5.9550486857583258E-014
           8          33   2.4812277173683988E-013
           8          34   9.9730181877435477E-014
           8          35   1.1033864462579988E-014
           8          36   1.1156953898539786E-013
           8          37  -1.2936714380014592E-014
           8          38   1.1696210034040520E-014
           8          39   4.4574655610790596E-014
           9           1  -6.2088791610785553E-014
           9           2  -1.4280068173790926E-012
           9           3  -1.1638808567394813E-012
           9           4   3.4921166501492657E-014
           9           5  -1.1220238541197273E-012
           9           6  -4.6289082405506450E-014
           9           7  -7.7577606777781726E-006
           9           8  -3.9792462929049740E-006
           9           9   2.0006680305586375     
           9          10  -7.5553022165404920E-004
           9          11  -3.8753977507904761E-004
           9          12   6.7328476337960314E-003
           9          13  -2.0785063969467740E-003
           9          14  -1.0661438527623415E-003
           9          15   3.7595562772030862E-002
           9          16   7.1423509086337674E-004
           9          17   3.6635795426646640E-004
           9          18  -2.1317709118597969E-002
           9          19  -1.9909819161559908E-004
           9          20  -1.0212492651244767E-004
           9          21   7.0938672751728370E-003
           9          22   6.8553456420493376E-013
           9          23  -4.5550930908915477E-014
           9          24   8.8555116666806199E-013
           9          25  -7.8058639149483749E-014
           9          26   1.8843780803018133E-013
           9          27   6.3528164592511912E-013
           9          28   3.6811799443759187E-013
           9          29   2.7567595222747543E-014
           9          30   3.4495620264666464E-013
           9          31   1.8401352543548405E-014
           9          32  -1.9857092437322309E-014
           9          33   3.7368630691220290E-013
           9          34   8.2552797682146686E-014
           9          35  -2.7165256660038136E-015
           9          36   8.6665383353680829E-014
           9          37  -1.2728910878507532E-014
           9          38  -1.0436303063947599E-014
           9          39   3.0346752729795604E-014
          10           1  -6.8691494836047136E-014
          10           2  -9.0674613464126465E-013
          10           3  -2.4768853444447658E-012
          10           4  -6.1596434119598314E-013
          10           5   1.0448572301616683E-012
          10           6   1.5316757731917313E-012
          10           7   7.3490635465575035E-003
          10           8   5.7656581644461441E-004
          10           9  -7.5553022165404920E-004
          10          10   2.0079289709576509     
          10          11   5.6151886760960362E-002
          10          12  -7.3581274227745380E-002
          10          13  0.32510316162971886     
          10          14  0.15447701825016505     
          10          15 -0.20242624954159502     
          10          16  -6.8249620235239256E-002
          10          17  -5.3082784505907296E-002
          10          18   6.9559531278333614E-002
          10          19   1.1383067068640812E-002
          10          20   1.4797209680096110E-002
          10          21  -1.9390221880103697E-002
          10          22  -3.2351505429411210E-013
          10          23   2.9113490347882327E-013
          10          24   1.7727590952218262E-012
          10          25  -6.8869672839812380E-013
          10          26   1.8790617506832173E-012
          10          27  -4.5420889643223442E-013
          10          28  -4.9446093653292775E-013
          10          29   3.7768364205776851E-014
          10          30  -7.6778576606769751E-013
          10          31   9.1310778798033543E-014
          10          32  -2.3928146674810832E-013
          10          33  -4.5431748153966638E-013
          10          34  -3.8943872954246160E-013
          10          35   6.4636618108176123E-014
          10          36  -3.2683422040711075E-013
          10          37  -6.6383918795556724E-014
          10          38   5.5902895297674659E-014
          10          39  -5.4185896176851908E-013
          11           1  -1.7621329930822558E-013
          11           2  -1.4178230192138331E-012
          11           3  -6.9080909560960400E-012
          11           4  -2.1217178790667628E-012
          11           5   4.4789825941495868E-012
          11           6   5.5515869369188628E-012
          11           7   5.7656581648831329E-004
          11           8   6.5207588268218711E-003
          11           9  -3.8753977507904761E-004
          11          10   5.6151886760960362E-002
          11          11   1.9272601704349932     
          11          12  -3.7742594064635128E-002
          11          13  0.15447701824948426     
          11          14  0.10317872614955592     
          11          15 -0.10383201221637396     
          11          16  -5.3082784505595948E-002
          11          17   8.0100533304808541E-003
          11          18   3.5679691333683893E-002
          11          19   1.4797209679756524E-002
          11          20  -9.8748678794476942E-003
          11          21  -9.9459717292309079E-003
          11          22  -1.3698891947843266E-012
          11          23  -4.0143383669242886E-013
          11          24   4.3630800158283232E-012
          11          25  -1.8224454411771272E-012
          11          26   4.8415875596828736E-012
          11          27  -1.8252193037087287E-012
          11          28  -2.0485222188708093E-012
          11          29   3.1674309982793037E-013
          11          30  -2.8085920922448330E-012
          11          31   2.1819160316169308E-013
          11          32  -5.9719585811837639E-013
          11          33  -1.9193871087913336E-012
          11          34  -1.5285027087534907E-012
          11          35   1.0855121467379470E-013
          11          36  -1.3635827805975548E-012
          11          37  -1.6554840837338662E-013
          11          38   1.3248316252839744E-013
          11          39  -1.9652404718889774E-012
          12           1  -7.6671782501216519E-014
          12           2  -5.7690233238897502E-013
          12           3  -3.1748818804183305E-012
          12           4  -1.0106960311429482E-012
          12           5   2.2808296246458220E-012
          12           6   2.6109540994923198E-012
          12           7  -7.5553022158270024E-004
          12           8  -3.8753977495784801E-004
          12           9   6.7328476337960314E-003
          12          10  -7.3581274227745380E-002
          12          11  -3.7742594064635128E-002
          12          12   1.9479155515564806     
          12          13 -0.20242624954180627     
          12          14 -0.10383201221607490     
          12          15  0.16000284855318250     
          12          16   6.9559531278377648E-002
          12          17   3.5679691333394742E-002
          12          18  -1.1516363468802970E-002
          12          19  -1.9390221880134791E-002
          12          20  -9.9459717288604872E-003
          12          21  -4.4317381271721037E-003
          12          22  -6.7244581514569825E-013
          12          23  -2.7599297139368985E-013
          12          24   1.9243496086106216E-012
          12          25  -7.9627750461675984E-013
          12          26   2.2194156331627671E-012
          12          27  -9.3929099249648543E-013
          12          28  -1.0216034893247124E-012
          12          29   1.6307622555158787E-013
          12          30  -1.3688614784714568E-012
          12          31   9.1460105452607565E-014
          12          32  -2.7208043578656421E-013
          12          33  -9.5740486516884081E-013
          12          34  -7.2825321207567481E-013
          12          35   4.4245112514039213E-014
          12          36  -6.5158204064839552E-013
          12          37  -7.0967497138945948E-014
          12          38   6.1946707747473195E-014
          12          39  -9.2844822947748981E-013
          13           1   2.0214123158730766E-014
          13           2   3.2583411891207377E-013
          13           3   7.1588516921064946E-013
          13           4   1.6276473041310533E-013
          13           5  -2.2124460520066253E-013
          13           6  -4.2767367632268284E-013
          13           7   3.9290807621116017E-002
          13           8   1.5861651901807033E-003
          13           9  -2.0785063969467740E-003
          13          10  0.32510316162971886     
          13          11  0.15447701824948426     
          13          12 -0.20242624954180627     
          13          13   2.3916342350962143     
          13          14  0.42497501943139221     
          13          15 -0.55688606827727205     
          13          16 -0.83448519364771601     
          13          17 -0.14603374425782195     
          13          18  0.19136220708773607     
          13          19  0.23483771150890773     
          13          20   4.0707961239632037E-002
          13          21  -5.3343597731067380E-002
          13          22   6.2291098948475799E-014
          13          23  -8.1564975357776405E-015
          13          24  -5.3120767000229852E-013
          13          25   1.8664477145632749E-013
          13          26  -5.1141440947074692E-013
          13          27   1.0937852544300411E-013
          13          28   1.1568910873655291E-013
          13          29  -2.1393888828506228E-014
          13          30   2.0287080539070589E-013
          13          31  -2.3296424665492106E-014
          13          32   6.5073686808386613E-014
          13          33   9.9273546771548420E-014
          13          34   1.0400204256402864E-013
          13          35  -1.4005538466942860E-014
          13          36   8.3413972025619286E-014
          13          37   1.7308209211627799E-014
          13          38  -1.4315621039623441E-014
          13          39   1.5250590105845116E-013
          14           1   5.1989777461939260E-014
          14           2   3.9905069417705784E-013
          14           3   2.0051475162686292E-012
          14           4   6.3310165935538844E-013
          14           5  -1.3192285820586614E-012
          14           6  -1.6980203815169044E-012
          14           7   1.5861651902092744E-003
          14           8   3.7012094461104789E-002
          14           9  -1.0661438527623415E-003
          14          10  0.15447701825016505     
          14          11  0.10317872614955592     
          14          12 -0.10383201221607490     
          14          13  0.42497501943139221     
          14          14   1.7811075538502590     
          14          15 -0.28564774171070334     
          14          16 -0.14603374425783361     
          14          17 -0.62469051594886527     
          14          18   9.8156850058169098E-002
          14          19   4.0707961239705021E-002
          14          20  0.17635592942868875     
          14          21  -2.7361931092464865E-002
          14          22   3.9080619606478957E-013
          14          23   1.5742458857075120E-013
          14          24  -1.2457381249913070E-012
          14          25   5.1532010680703317E-013
          14          26  -1.3682520467609941E-012
          14          27   5.2896167219204813E-013
          14          28   6.0893571548825275E-013
          14          29  -9.5470112278183772E-014
          14          30   8.4090461878813777E-013
          14          31  -6.3845889687225886E-014
          14          32   1.6539955930748709E-013
          14          33   5.7019048298809276E-013
          14          34   4.7260869389855788E-013
          14          35  -2.9045293695850085E-014
          14          36   4.2075572560964289E-013
          14          37   4.7178193732925250E-014
          14          38  -3.5610438543074752E-014
          14          39   6.0096793791053345E-013
          15           1   2.1292868065247453E-014
          15           2   1.2552827279460692E-013
          15           3   8.6644251277033117E-013
          15           4   2.9725248121841854E-013
          15           5  -6.5847488277900743E-013
          15           6  -8.7286320598523577E-013
          15           7  -2.0785063969115999E-003
          15           8  -1.0661438528200931E-003
          15           9   3.7595562772030862E-002
          15          10 -0.20242624954159502     
          15          11 -0.10383201221637396     
          15          12  0.16000284855318250     
          15          13 -0.55688606827727205     
          15          14 -0.28564774171070334     
          15          15   1.9374339303984023     
          15          16  0.19136220708774210     
          15          17   9.8156850058213257E-002
          15          18 -0.67840879361177664     
          15          19  -5.3343597731060746E-002
          15          20  -2.7361931092558051E-002
          15          21  0.19133028741750319     
          15          22   2.2002031538083527E-013
          15          23   1.4251300909499571E-013
          15          24  -5.1828775359171043E-013
          15          25   2.1942205214618377E-013
          15          26  -6.1429453070868147E-013
          15          27   3.0393109098793773E-013
          15          28   3.0885062464246501E-013
          15          29  -5.3390049113267291E-014
          15          30   4.2165579299034860E-013
          15          31  -2.5856988178627697E-014
          15          32   6.9014506343591217E-014
          15          33   2.8731326421299127E-013
          15          34   2.4776166113792625E-013
          15          35  -9.1963704719339476E-015
          15          36   2.2075417902800436E-013
          15          37   2.2442617952126927E-014
          15          38  -1.1846730743612497E-014
          15          39   3.0967331368845773E-013
          16           1  -6.8671976776555650E-015
          16           2  -1.5474573232771716E-013
          16           3  -3.1211525258575485E-013
          16           4  -6.6375104696195335E-014
          16           5   7.7246264401281441E-014
          16           6   1.6982367500923074E-013
          16           7  -2.1900244424019007E-002
          16           8  -5.4505237047350525E-004
          16           9   7.1423509086337674E-004
          16          10  -6.8249620235239256E-002
          16          11  -5.3082784505595948E-002
          16          12   6.9559531278377648E-002
          16          13 -0.83448519364771601     
          16          14 -0.14603374425783361     
          16          15  0.19136220708774210     
          16          16  0.29224085148487994     
          16          17   5.0181430641486349E-002
          16          18  -6.5757605347844889E-002
          16          19  -8.2425881433025233E-002
          16          20  -1.3988436329459125E-002
          16          21   1.8330407559654181E-002
          16          22  -1.6796712702125684E-014
          16          23  -3.8085237251513151E-014
          16          24   2.3317179711307846E-013
          16          25  -7.3206881809595121E-014
          16          26   2.0435882245573436E-013
          16          27  -4.2183726019858331E-014
          16          28  -4.2862142936186434E-014
          16          29   1.6358492981837215E-014
          16          30  -7.8528739488410911E-014
          16          31   8.9653590757126273E-015
          16          32  -2.5295144844949948E-014
          16          33  -3.5082312884803457E-014
          16          34  -3.9530196285306919E-014
          16          35   3.5204333504655006E-015
          16          36  -3.1316710675994851E-014
          16          37  -7.0717312050166071E-015
          16          38   5.1752043385059331E-015
          16          39  -6.0589340183843607E-014
          17           1  -2.2071804004912891E-014
          17           2  -1.7497328813913954E-013
          17           3  -8.7546174669553188E-013
          17           4  -2.7743539064497355E-013
          17           5   5.8702290198325762E-013
          17           6   7.3758830412867888E-013
          17           7  -5.4505237046172561E-004
          17           8  -2.1117212481867098E-002
          17           9   3.6635795426646640E-004
          17          10  -5.3082784505907296E-002
          17          11   8.0100533304808541E-003
          17          12   3.5679691333394742E-002
          17          13 -0.14603374425782195     
          17          14 -0.62469051594886527     
          17          15   9.8156850058213257E-002
          17          16   5.0181430641486349E-002
          17          17  0.22014931455000694     
          17          18  -3.3729540992147998E-002
          17          19  -1.3988436329489082E-002
          17          20  -6.2329844683678533E-002
          17          21   9.4023532321982576E-003
          17          22  -1.6767135357053744E-013
          17          23  -4.0903667457984947E-014
          17          24   5.4026083484830063E-013
          17          25  -2.2541256677998992E-013
          17          26   5.9676172492241714E-013
          17          27  -2.2468916272418780E-013
          17          28  -2.6903014998438490E-013
          17          29   3.6798537745091655E-014
          17          30  -3.6829171403348715E-013
          17          31   2.7870508135802722E-014
          17          32  -7.2674762147217230E-014
          17          33  -2.5282919680739463E-013
          17          34  -2.0618552849510773E-013
          17          35   1.4115878891669046E-014
          17          36  -1.8404483362332502E-013
          17          37  -2.0535436981231665E-014
          17          38   1.5883272013624185E-014
          17          39  -2.6107356784745281E-013
          18           1  -1.0650999237179981E-014
          18           2  -5.4128710797737999E-014
          18           3  -3.8073026007958479E-013
          18           4  -1.3132330939472453E-013
          18           5   2.9933566369622255E-013
          18           6   3.7469183458077010E-013
          18           7   7.1423509082956004E-004
          18           8   3.6635795430974818E-004
          18           9  -2.1317709118597969E-002
          18          10   6.9559531278333614E-002
          18          11   3.5679691333683893E-002
          18          12  -1.1516363468802970E-002
          18          13  0.19136220708773607     
          18          14   9.8156850058169098E-002
          18          15 -0.67840879361177664     
          18          16  -6.5757605347844889E-002
          18          17  -3.3729540992147998E-002
          18          18  0.23860847300291352     
          18          19   1.8330407559650728E-002
          18          20   9.4023532322324108E-003
          18          21  -6.7475468461505456E-002
          18          22  -9.0847992253899080E-014
          18          23  -9.4418688230455073E-014
          18          24   2.2324640486303443E-013
          18          25  -9.0735440222773525E-014
          18          26   2.5246117679230832E-013
          18          27  -1.3216413453414657E-013
          18          28  -1.3857135729074445E-013
          18          29   2.8838973077050937E-014
          18          30  -1.8538001834149089E-013
          18          31   1.0373196585895337E-014
          18          32  -2.8106772678571619E-014
          18          33  -1.2855263325281762E-013
          18          34  -1.0666022395468801E-013
          18          35   1.9389986574005775E-015
          18          36  -9.5694549143723163E-014
          18          37  -9.2051786148437934E-015
          18          38   4.7794620204535013E-015
          18          39  -1.3320131852457701E-013
          19           1   2.5392673040845857E-015
          19           2   4.9007463544450315E-014
          19           3   1.0399110396823798E-013
          19           4   2.3826454480127198E-014
          19           5  -3.5783082869563408E-014
          19           6  -6.1257514549008822E-014
          19           7   7.2562532001273546E-003
          19           8   1.5193728599451861E-004
          19           9  -1.9909819161559908E-004
          19          10   1.1383067068640812E-002
          19          11   1.4797209679756524E-002
          19          12  -1.9390221880134791E-002
          19          13  0.23483771150890773     
          19          14   4.0707961239705021E-002
          19          15  -5.3343597731060746E-002
          19          16  -8.2425881433025233E-002
          19          17  -1.3988436329489082E-002
          19          18   1.8330407559650728E-002
          19          19   2.3279694666769053E-002
          19          20   3.8993776869735331E-003
          19          21  -5.1097335361513768E-003
          19          22   4.0505232934614179E-015
          19          23   5.6192380332176149E-014
          19          24  -6.9421654010219334E-014
          19          25   1.7421433813334558E-014
          19          26  -4.7757674836148344E-014
          19          27   1.7821535043740442E-014
          19          28   1.8756100195566736E-014
          19          29  -1.2602599285522806E-014
          19          30   2.8982838924297203E-014
          19          31  -1.8949279667386508E-015
          19          32   5.1692656270751559E-015
          19          33   1.5361645690416205E-014
          19          34   1.5035933140471336E-014
          19          35   1.5917949799930778E-015
          19          36   1.2807449451728569E-014
          19          37   1.8906185159997019E-015
          19          38  -6.1739610553752592E-016
          19          39   2.1983619209332657E-014
          20           1   7.1200728212569174E-015
          20           2   5.8608110056375814E-014
          20           3   2.7988580209171069E-013
          20           4   8.8470129194581033E-014
          20           5  -1.8784470932818920E-013
          20           6  -2.3322257197872434E-013
          20           7   1.5193728600676809E-004
          20           8   7.0379773891955672E-003
          20           9  -1.0212492651244767E-004
          20          10   1.4797209680096110E-002
          20          11  -9.8748678794476942E-003
          20          12  -9.9459717288604872E-003
          20          13   4.0707961239632037E-002
          20          14  0.17635592942868875     
          20          15  -2.7361931092558051E-002
          20          16  -1.3988436329459125E-002
          20          17  -6.2329844683678533E-002
          20          18   9.4023532322324108E-003
          20          19   3.8993776869735331E-003
          20          20   1.7677779238111532E-002
          20          21  -2.6209738912211524E-003
          20          22   5.1690713433399521E-014
          20          23  -6.3835769600986552E-017
          20          24  -1.7201904692061135E-013
          20          25   7.1669412936642060E-014
          20          26  -1.9014395501011710E-013
          20          27   6.7957803732681506E-014
          20          28   8.5655539298926180E-014
          20          29  -9.4251513850370373E-015
          20          30   1.1688815067420260E-013
          20          31  -8.8674913366996645E-015
          20          32   2.3298349198909068E-014
          20          33   8.0849090459513879E-014
          20          34   6.5393728121640948E-014
          20          35  -5.2229300658476538E-015
          20          36   5.8418244681742599E-014
          20          37   6.5053994170159400E-015
          20          38  -5.1597421985450329E-015
          20          39   8.2518101850069664E-014
          21           1   3.0236047940969314E-015
          21           2   1.6435393415290232E-014
          21           3   1.2136269537731568E-013
          21           4   4.2218625497997354E-014
