           1           1   2.2629931793707310     
           1           2 -0.41312513803154538     
           1           3   2.2282712474612483     
           1           4 -0.17131816855177290     
           1           5   3.8516915719514114E-002
           1           6  -3.9264263985952814E-014
           1           7  -4.7208426335104529E-014
           1           8   7.7351771927562572E-015
           1           9   1.1075769933516377E-014
           1          10   1.3558389919393531E-014
           1          11   1.7798817536123208E-015
           1          12  -3.6868742726420473E-015
           1          13  -3.3552015971199694E-016
           1          14   1.5206021468005975E-016
           1          15  -8.3251374800445279E-016
           1          16  -8.5957337297041853E-016
           1          17  -4.6641279982742929E-016
           1          18 -0.82331509445187878     
           1          19  -1.0965207544616887E-016
           1          20 -0.82331509445188256     
           1          21  -1.2469976106808077E-015
           1          22   4.0128514973981248E-015
           1          23 -0.82331509445188278     
           1          24  -8.6295988175798862E-003
           1          25   2.5974112685253637E-015
           1          26  -8.6295988175787170E-003
           1          27   3.0971491465359887E-015
           1          28  -4.2233280682643911E-015
           1          29  -8.6295988175803858E-003
           2           1 -0.41312513803154538     
           2           2   2.3132633203110768     
           2           3   2.8199592735918753     
           2           4 -0.38420214129662072     
           2           5 -0.17559405277463563     
           2           6   1.2342897913101846E-013
           2           7   1.4785623819592409E-013
           2           8  -2.5103090180569271E-014
           2           9  -2.8847454461326364E-014
           2          10  -2.0202294069902235E-014
           2          11   1.5252272372799838E-015
           2          12   2.0795789810524409E-014
           2          13   6.5408087943428979E-015
           2          14  -5.2107321870192462E-015
           2          15  -6.4331405887433526E-015
           2          16   1.6089216490922700E-015
           2          17   2.5790895849086526E-015
           2          18 -0.86636432892806592     
           2          19   8.0295615938668510E-015
           2          20 -0.86636432892805693     
           2          21   2.5365477393494144E-015
           2          22   3.5389756811295019E-015
           2          23 -0.86636432892807980     
           2          24   9.8253676015314942E-002
           2          25  -2.3077014856252767E-016
           2          26   9.8253676015314401E-002
           2          27   1.8738202630102941E-015
           2          28   5.8652403484466001E-015
           2          29   9.8253676015315580E-002
           3           1   2.2282712474612483     
           3           2   2.8199592735918753     
           3           3   42.729418279321465     
           3           4  -4.0164323502161423     
           3           5 -0.24531049767883178     
           3           6  -1.7229242975794581E-013
           3           7  -1.9023048063425376E-013
           3           8   3.7097575931476634E-014
           3           9   2.7641043001691723E-014
           3          10   1.2990067326462977E-013
           3          11   3.2829626801531549E-015
           3          12  -1.0444103487335556E-014
           3          13  -6.4862982986086172E-014
           3          14  -1.7287855384183752E-014
           3          15   8.3362330641902670E-015
           3          16   3.2569671626569217E-014
           3          17  -1.5690736837115288E-015
           3          18  -15.029401719219987     
           3          19   2.8067071506713611E-014
           3          20  -15.029401719219910     
           3          21   2.0419335286306084E-014
           3          22   3.9710977708667467E-014
           3          23  -15.029401719220010     
           3          24  0.31311082301677318     
           3          25   1.5486637880081825E-014
           3          26  0.31311082301677351     
           3          27   2.0006381700077598E-014
           3          28  -6.8060604912031485E-015
           3          29  0.31311082301675386     
           4           1 -0.17131816855177290     
           4           2 -0.38420214129662072     
           4           3  -4.0164323502161423     
           4           4  0.38422731371167579     
           4           5   3.2017665153442058E-002
           4           6   1.0938478366736599E-014
           4           7   1.7639624622300952E-014
           4           8  -4.7785323161045153E-015
           4           9  -4.6638607275086594E-016
           4          10  -1.0344999067634314E-014
           4          11   8.3762118724055873E-015
           4          12  -2.5719862323329282E-016
           4          13   5.7351708882753287E-015
           4          14  -8.7214019435840027E-016
           4          15  -3.9846676502840199E-016
           4          16  -3.1350280102266377E-015
           4          17   7.8382098881727317E-016
           4          18   1.4056655159187763     
           4          19  -2.9840032723783369E-015
           4          20   1.4056655159187690     
           4          21  -1.9927001555396848E-015
           4          22  -3.7767523107776497E-015
           4          23   1.4056655159187792     
           4          24  -3.3792269020062160E-002
           4          25  -1.3805943912460242E-015
           4          26  -3.3792269020062153E-002
           4          27  -1.9041005547275545E-015
           4          28   2.7864442980942887E-016
           4          29  -3.3792269020060439E-002
           5           1   3.8516915719514114E-002
           5           2 -0.17559405277463563     
           5           3 -0.24531049767883178     
           5           4   3.2017665153442058E-002
           5           5   1.3397314710235197E-002
           5           6  -7.0422241350265890E-014
           5           7  -1.2949227074187468E-013
           5           8   3.1300216599410079E-014
           5           9   8.7058592815038410E-015
           5          10   1.7722330205256211E-014
           5          11  -3.7942945435626454E-014
           5          12  -5.6255688832585129E-015
           5          13  -9.4045543976401575E-015
           5          14   1.2779949815997851E-014
           5          15   1.8410648300227578E-015
           5          16   2.8197836959142018E-015
           5          17  -3.8166013554311609E-015
           5          18   7.6848166632276019E-002
           5          19  -6.2379421478258565E-016
           5          20   7.6848166632275255E-002
           5          21  -2.1565395825138404E-016
           5          22  -2.8659914464080049E-016
           5          23   7.6848166632277073E-002
           5          24  -7.6330968015250467E-003
           5          25   1.1787981545789315E-017
           5          26  -7.6330968015250016E-003
           5          27  -1.4606832419782384E-016
           5          28  -4.4440779298589243E-016
           5          29  -7.6330968015250744E-003
           6           1  -3.9264263985952814E-014
           6           2   1.2342897913101846E-013
           6           3  -1.7229242975794581E-013
           6           4   1.0938478366736599E-014
           6           5  -7.0422241350265890E-014
           6           6   2.2170190365102869     
           6           7  -1.5679251821559853E-002
           6           8   4.5051329485215411E-003
           6           9 -0.63227600063180223     
           6          10   9.3401257448939734E-002
           6          11  -2.6837063857098845E-002
           6          12  0.26638206124193664     
           6          13  -2.8581630482460235E-002
           6          14   8.2123845368609425E-003
           6          15  -8.3649282635398170E-002
           6          16   8.1891681844539262E-003
           6          17  -2.3530007572158023E-003
           6          18   7.6123795410601432E-014
           6          19  -4.1894887803873098E-015
           6          20   7.7953761527822777E-014
           6          21  -3.7377538819790743E-015
           6          22   2.7680490392046750E-015
           6          23   7.6728634706733339E-014
           6          24   3.2262631644083541E-014
           6          25  -7.4731390835964010E-015
           6          26   2.4804046028537090E-014
           6          27   2.6221086355694899E-015
           6          28   1.2143681039830993E-015
           6          29   2.7810087941856928E-014
           7           1  -4.7208426335104529E-014
           7           2   1.4785623819592409E-013
           7           3  -1.9023048063425376E-013
           7           4   1.7639624622300952E-014
           7           5  -1.2949227074187468E-013
           7           6  -1.5679251821559853E-002
           7           7   2.1920945107930110     
           7           8   9.3356428199706659E-003
           7           9   9.3401257448924871E-002
           7          10 -0.48380067350484668     
           7          11  -5.5612397096702508E-002
           7          12  -2.8581630482439096E-002
           7          13  0.22094726676900589     
           7          14   1.7017897054857675E-002
           7          15   8.1891681844613214E-003
           7          16  -7.0631369833223101E-002
           7          17  -4.8759437014367704E-003
           7          18   8.8105174109410628E-014
           7          19  -1.4434841736149567E-014
           7          20   9.2390614955275898E-014
           7          21  -6.1017044384541668E-015
           7          22   6.5598288834575996E-015
           7          23   9.2896272938115171E-014
           7          24   5.9202760671049424E-014
           7          25  -1.5415944036183356E-014
           7          26   4.4733993078379556E-014
           7          27   4.4276120615547658E-015
           7          28   1.6212168245820798E-015
           7          29   4.9054731738358147E-014
           8           1   7.7351771927562572E-015
           8           2  -2.5103090180569271E-014
           8           3   3.7097575931476634E-014
           8           4  -4.7785323161045153E-015
           8           5   3.1300216599410079E-014
           8           6   4.5051329485215411E-003
           8           7   9.3356428199706659E-003
           8           8   2.2219030081550866     
           8           9  -2.6837063857089616E-002
           8          10  -5.5612397096688554E-002
           8          11 -0.66136980549955615     
           8          12   8.2123845368631508E-003
           8          13   1.7017897054869884E-002
           8          14  0.27528502896175655     
           8          15  -2.3530007572222247E-003
           8          16  -4.8759437014476020E-003
           8          17  -8.6200148305685273E-002
           8          18  -1.5082314717408570E-014
           8          19   5.0945232453090434E-015
           8          20  -1.8822901755554110E-014
           8          21   3.9477841940131702E-015
           8          22  -4.3757271496201275E-015
           8          23  -1.8665280515866490E-014
           8          24  -1.4153009889025917E-014
           8          25   3.2744719743196928E-015
           8          26  -9.7591060269671872E-015
           8          27  -8.2184913668708090E-016
           8          28  -1.2314582392758317E-016
           8          29  -1.2697832145666517E-014
           9           1   1.1075769933516377E-014
           9           2  -2.8847454461326364E-014
           9           3   2.7641043001691723E-014
           9           4  -4.6638607275086594E-016
           9           5   8.7058592815038410E-015
           9           6 -0.63227600063180223     
           9           7   9.3401257448924871E-002
           9           8  -2.6837063857089616E-002
           9           9   1.3300650199425517     
           9          10 -0.55639101867389051     
           9          11  0.15986831125723056     
           9          12 -0.42113682381054035     
           9          13  0.17026068956502508     
           9          14  -4.8921150774729999E-002
           9          15  0.12208296618714268     
           9          16  -4.8782851031002862E-002
           9          17   1.4016818659701934E-002
           9          18  -9.7608717102975048E-015
           9          19  -5.2740947531194499E-015
           9          20  -1.4904656079759009E-014
           9          21  -6.1479674625290207E-016
           9          22   1.8006548046586134E-015
           9          23  -1.4997593815621671E-014
           9          24  -4.3569358557235023E-015
           9          25   1.4491960093570015E-015
           9          26  -3.3274553576306167E-015
           9          27  -1.2886573719423164E-016
           9          28  -7.1199026951682616E-016
           9          29  -3.4113297894561942E-015
          10           1   1.3558389919393531E-014
          10           2  -2.0202294069902235E-014
          10           3   1.2990067326462977E-013
          10           4  -1.0344999067634314E-014
          10           5   1.7722330205256211E-014
          10           6   9.3401257448939734E-002
          10           7 -0.48380067350484668     
          10           8  -5.5612397096688554E-002
          10           9 -0.55639101867389051     
          10          10  0.44559792855180130     
          10          11  0.33128288758252561     
          10          12  0.17026068956501972     
          10          13 -0.15048188542444135     
          10          14 -0.10137556320611670     
          10          15  -4.8782851031004916E-002
          10          16   4.4535297527831627E-002
          10          17   2.9045982432597553E-002
          10          18  -5.4643523449804132E-014
          10          19   2.5144042254569067E-015
          10          20  -4.9260839778732957E-014
          10          21  -2.7191529554628928E-015
          10          22   1.7260104877495555E-015
          10          23  -4.6914644037758186E-014
          10          24  -8.1573269223953163E-015
          10          25   3.5870721685710240E-015
          10          26  -6.5915098496675280E-015
          10          27  -1.4994031912210586E-015
          10          28  -7.8298119123600890E-016
          10          29  -6.4058590655012435E-015
          11           1   1.7798817536123208E-015
          11           2   1.5252272372799838E-015
          11           3   3.2829626801531549E-015
          11           4   8.3762118724055873E-015
          11           5  -3.7942945435626454E-014
          11           6  -2.6837063857098845E-002
          11           7  -5.5612397096702508E-002
          11           8 -0.66136980549955615     
          11           9  0.15986831125723056     
          11          10  0.33128288758252561     
          11          11   1.5033767308295372     
          11          12  -4.8921150774736633E-002
          11          13 -0.10137556320612634     
          11          14 -0.47417177659543336     
          11          15   1.4016818659706073E-002
          11          16   2.9045982432603722E-002
          11          17  0.13727846555784709     
          11          18  -1.2890596511009590E-014
          11          19  -1.2191312908101786E-014
          11          20   1.4138849688339937E-015
          11          21  -1.6591876259039437E-014
          11          22   1.5203376704994975E-014
          11          23   9.3350468308382861E-015
          11          24   1.5077145577021968E-014
          11          25   1.4562010757423233E-015
          11          26   9.2203939007215577E-015
          11          27  -1.4366054468576508E-015
          11          28  -2.4085276347675583E-015
          11          29   1.4186888975800698E-014
          12           1  -3.6868742726420473E-015
          12           2   2.0795789810524409E-014
          12           3  -1.0444103487335556E-014
          12           4  -2.5719862323329282E-016
          12           5  -5.6255688832585129E-015
          12           6  0.26638206124193664     
          12           7  -2.8581630482439096E-002
          12           8   8.2123845368631508E-003
          12           9 -0.42113682381054035     
          12          10  0.17026068956501972     
          12          11  -4.8921150774736633E-002
          12          12  0.13562975637562613     
          12          13  -5.2101312634860016E-002
          12          14   1.4970315094361027E-002
          12          15  -3.9539579368011751E-002
          12          16   1.4927994120541735E-002
          12          17  -4.2892734253635479E-003
          12          18   4.6618078501829016E-015
          12          19   1.4386591793623915E-015
          12          20   6.2692301368435162E-015
          12          21   5.5484600577389386E-017
          12          22  -4.4498203219041776E-016
          12          23   6.2548209785628311E-015
          12          24   2.7217440221824500E-015
          12          25  -6.9315272316113253E-016
          12          26   2.1550973799276677E-015
          12          27   1.2924235087675855E-016
          12          28   2.5568634045859831E-016
          12          29   2.2840920767011774E-015
          13           1  -3.3552015971199694E-016
          13           2   6.5408087943428979E-015
          13           3  -6.4862982986086172E-014
          13           4   5.7351708882753287E-015
          13           5  -9.4045543976401575E-015
          13           6  -2.8581630482460235E-002
          13           7  0.22094726676900589     
          13           8   1.7017897054869884E-002
          13           9  0.17026068956502508     
          13          10 -0.15048188542444135     
          13          11 -0.10137556320612634     
          13          12  -5.2101312634860016E-002
          13          13   5.2806894580284910E-002
          13          14   3.1021840247628451E-002
          13          15   1.4927994120543334E-002
          13          16  -1.5809290601735051E-002
          13          17  -8.8883336216579734E-003
          13          18   2.6018367751525478E-014
          13          19  -1.2533652295092841E-015
          13          20   2.4550422652777413E-014
          13          21   6.0559699267699837E-016
          13          22  -2.9162261263073009E-016
          13          23   2.3863530496034192E-014
          13          24   4.2172490349180167E-015
          13          25  -1.6092752884319451E-015
          13          26   3.2474890479199754E-015
          13          27   6.0304725357157555E-016
          13          28   2.9104929041148957E-016
          13          29   3.3409726160554468E-015
          14           1   1.5206021468005975E-016
          14           2  -5.2107321870192462E-015
          14           3  -1.7287855384183752E-014
          14           4  -8.7214019435840027E-016
          14           5   1.2779949815997851E-014
          14           6   8.2123845368609425E-003
          14           7   1.7017897054857675E-002
          14           8  0.27528502896175655     
          14           9  -4.8921150774729999E-002
          14          10 -0.10137556320611670     
          14          11 -0.47417177659543336     
          14          12   1.4970315094361027E-002
          14          13   3.1021840247628451E-002
          14          14  0.15185893213357546     
          14          15  -4.2892734253644092E-003
          14          16  -8.8883336216591981E-003
          14          17  -4.4189539763323515E-002
          14          18   9.3709096516225992E-015
          14          19   3.8359147472936639E-015
          14          20   4.9473557703461569E-015
          14          21   5.1174119862052557E-015
          14          22  -4.7153474368560415E-015
          14          23   2.5747744606139671E-015
          14          24  -5.2447733629174147E-015
          14          25  -3.2408354343630639E-016
          14          26  -3.3347635990740405E-015
          14          27   4.0290282138174488E-016
          14          28   7.1881509498834567E-016
          14          29  -4.9272529609540389E-015
          15           1  -8.3251374800445279E-016
          15           2  -6.4331405887433526E-015
          15           3   8.3362330641902670E-015
          15           4  -3.9846676502840199E-016
          15           5   1.8410648300227578E-015
          15           6  -8.3649282635398170E-002
          15           7   8.1891681844613214E-003
          15           8  -2.3530007572222247E-003
          15           9  0.12208296618714268     
          15          10  -4.8782851031004916E-002
          15          11   1.4016818659706073E-002
          15          12  -3.9539579368011751E-002
          15          13   1.4927994120543334E-002
          15          14  -4.2892734253644092E-003
          15          15   1.1548006402416475E-002
          15          16  -4.2771476800347163E-003
          15          17   1.2289565317475332E-003
          15          18  -3.2837188335447392E-015
          15          19  -3.9459015668742795E-016
          15          20  -3.7476293843772162E-015
          15          21  -2.5671961332032608E-018
          15          22   1.1683996074417844E-016
          15          23  -3.7391949058955707E-015
          15          24  -8.6277872619525278E-016
          15          25   2.2369260302253862E-016
          15          26  -6.7513844890720839E-016
          15          27  -4.6055369459399826E-017
          15          28  -7.7058586602299706E-017
          15          29  -7.2248152534468309E-016
          16           1  -8.5957337297041853E-016
          16           2   1.6089216490922700E-015
          16           3   3.2569671626569217E-014
          16           4  -3.1350280102266377E-015
          16           5   2.8197836959142018E-015
          16           6   8.1891681844539262E-003
          16           7  -7.0631369833223101E-002
          16           8  -4.8759437014476020E-003
          16           9  -4.8782851031002862E-002
          16          10   4.4535297527831627E-002
          16          11   2.9045982432603722E-002
          16          12   1.4927994120541735E-002
          16          13  -1.5809290601735051E-002
          16          14  -8.8883336216591981E-003
          16          15  -4.2771476800347163E-003
          16          16   4.7488377583483361E-003
          16          17   2.5466727292538772E-003
          16          18  -1.2256023031300419E-014
          16          19   4.0774411781288757E-016
          16          20  -1.1853438182904224E-014
          16          21  -1.5075445928242626E-016
          16          22   5.9783632595647924E-017
          16          23  -1.1659752607405449E-014
          16          24  -1.1955122756441629E-015
          16          25   5.1249897560954309E-016
          16          26  -8.6835594393995880E-016
          16          27  -1.8727686279760044E-016
          16          28  -8.8561351107103203E-017
          16          29  -9.1024414383730444E-016
          17           1  -4.6641279982742929E-016
          17           2   2.5790895849086526E-015
          17           3  -1.5690736837115288E-015
          17           4   7.8382098881727317E-016
          17           5  -3.8166013554311609E-015
          17           6  -2.3530007572158023E-003
          17           7  -4.8759437014367704E-003
          17           8  -8.6200148305685273E-002
          17           9   1.4016818659701934E-002
          17          10   2.9045982432597553E-002
          17          11  0.13727846555784709     
          17          12  -4.2892734253635479E-003
          17          13  -8.8883336216579734E-003
          17          14  -4.4189539763323515E-002
          17          15   1.2289565317475332E-003
          17          16   2.5466727292538772E-003
          17          17   1.2880306452674900E-002
          17          18  -2.9403416203894774E-016
          17          19  -1.1096389231801669E-015
          17          20   9.7804428596829563E-016
          17          21  -1.4702681408257408E-015
          17          22   1.3573633030751066E-015
          17          23   1.6526710352428890E-015
          17          24   1.5473728520229531E-015
          17          25   8.0643418386385502E-017
          17          26   9.8828251232603418E-016
          17          27  -1.1174992795375287E-016
          17          28  -2.0412329665000551E-016
          17          29   1.4518657779226011E-015
          18           1 -0.82331509445187878     
          18           2 -0.86636432892806592     
          18           3  -15.029401719219987     
          18           4   1.4056655159187763     
          18           5   7.6848166632276019E-002
          18           6   7.6123795410601432E-014
          18           7   8.8105174109410628E-014
          18           8  -1.5082314717408570E-014
          18           9  -9.7608717102975048E-015
          18          10  -5.4643523449804132E-014
          18          11  -1.2890596511009590E-014
          18          12   4.6618078501829016E-015
          18          13   2.6018367751525478E-014
          18          14   9.3709096516225992E-015
          18          15  -3.2837188335447392E-015
          18          16  -1.2256023031300419E-014
          18          17  -2.9403416203894774E-016
          18          18   5.2937829179721403     
          18          19  -9.5078391432722862E-015
          18          20   5.2937829179721128     
          18          21  -7.1055258168911860E-015
          18          22  -1.3920636014031902E-014
          18          23   5.2937829179721474     
          18          24 -0.10553895053195650     
          18          25  -5.5258519628131238E-015
          18          26 -0.10553895053195662     
          18          27  -7.0114263901788792E-015
          18          28   2.7736772293989837E-015
          18          29 -0.10553895053194956     
          19           1  -1.0965207544616887E-016
          19           2   8.0295615938668510E-015
          19           3   2.8067071506713611E-014
          19           4  -2.9840032723783369E-015
          19           5  -6.2379421478258565E-016
          19           6  -4.1894887803873098E-015
          19           7  -1.4434841736149567E-014
          19           8   5.0945232453090434E-015
          19           9  -5.2740947531194499E-015
          19          10   2.5144042254569067E-015
          19          11  -1.2191312908101786E-014
          19          12   1.4386591793623915E-015
          19          13  -1.2533652295092841E-015
          19          14   3.8359147472936639E-015
          19          15  -3.9459015668742795E-016
          19          16   4.0774411781288757E-016
          19          17  -1.1096389231801669E-015
          19          18  -9.5078391432722862E-015
          19          19   2.6426074340739814E-028
          19          20  -9.5078391432723556E-015
          19          21   2.0452197248125856E-028
          19          22  -1.5245707269768702E-028
          19          23  -9.5078391432725292E-015
          19          24   4.3086774342737083E-016
          19          25   1.1481119508383267E-028
          19          26   4.3086774342753156E-016
          19          27  -1.0796963709668147E-029
          19          28   2.1411995288373056E-029
          19          29   4.3086774342744843E-016
          20           1 -0.82331509445188256     
          20           2 -0.86636432892805693     
          20           3  -15.029401719219910     
          20           4   1.4056655159187690     
          20           5   7.6848166632275255E-002
          20           6   7.7953761527822777E-014
          20           7   9.2390614955275898E-014
          20           8  -1.8822901755554110E-014
          20           9  -1.4904656079759009E-014
          20          10  -4.9260839778732957E-014
          20          11   1.4138849688339937E-015
          20          12   6.2692301368435162E-015
          20          13   2.4550422652777413E-014
          20          14   4.9473557703461569E-015
          20          15  -3.7476293843772162E-015
          20          16  -1.1853438182904224E-014
          20          17   9.7804428596829563E-016
          20          18   5.2937829179721128     
          20          19  -9.5078391432723556E-015
          20          20   5.2937829179720870     
          20          21  -7.1055258168913264E-015
          20          22  -1.3920636014031675E-014
          20          23   5.2937829179721199     
          20          24 -0.10553895053195579     
          20          25  -5.5258519628131238E-015
          20          26 -0.10553895053195592     
          20          27  -7.0114263901788571E-015
          20          28   2.7736772293989719E-015
          20          29 -0.10553895053194884     
          21           1  -1.2469976106808077E-015
          21           2   2.5365477393494144E-015
          21           3   2.0419335286306084E-014
          21           4  -1.9927001555396848E-015
          21           5  -2.1565395825138404E-016
          21           6  -3.7377538819790743E-015
          21           7  -6.1017044384541668E-015
          21           8   3.9477841940131702E-015
          21           9  -6.1479674625290207E-016
          21          10  -2.7191529554628928E-015
          21          11  -1.6591876259039437E-014
          21          12   5.5484600577389386E-017
          21          13   6.0559699267699837E-016
          21          14   5.1174119862052557E-015
          21          15  -2.5671961332032608E-018
          21          16  -1.5075445928242626E-016
          21          17  -1.4702681408257408E-015
          21          18  -7.1055258168911860E-015
          21          19   2.0452197248125856E-028
          21          20  -7.1055258168913264E-015
          21          21   2.2980503349108765E-028
          21          22  -1.8199132428854875E-028
          21          23  -7.1055258168914763E-015
          21          24   1.9751966060974692E-016
          21          25   4.3454248933121411E-029
          21          26   1.9751966060986663E-016
          21          27   7.9621638768881693E-030
          21          28   2.4194993167914665E-029
          21          29   1.9751966060978545E-016
          22           1   4.0128514973981248E-015
          22           2   3.5389756811295019E-015
          22           3   3.9710977708667467E-014
          22           4  -3.7767523107776497E-015
          22           5  -2.8659914464080049E-016
          22           6   2.7680490392046750E-015
          22           7   6.5598288834575996E-015
          22           8  -4.3757271496201275E-015
          22           9   1.8006548046586134E-015
          22          10   1.7260104877495555E-015
          22          11   1.5203376704994975E-014
          22          12  -4.4498203219041776E-016
          22          13  -2.9162261263073009E-016
          22          14  -4.7153474368560415E-015
          22          15   1.1683996074417844E-016
          22          16   5.9783632595647924E-017
          22          17   1.3573633030751066E-015
          22          18  -1.3920636014031902E-014
          22          19  -1.5245707269768702E-028
          22          20  -1.3920636014031675E-014
          22          21  -1.8199132428854875E-028
          22          22   2.2424877890447141E-028
          22          23  -1.3920636014031686E-014
          22          24   3.1954279956568085E-016
          22          25  -2.5839859219573478E-029
          22          26   3.1954279956556636E-016
          22          27   2.3231415858461782E-029
          22          28  -2.5266856355503230E-029
          22          29   3.1954279956561759E-016
          23           1 -0.82331509445188278     
          23           2 -0.86636432892807980     
          23           3  -15.029401719220010     
          23           4   1.4056655159187792     
          23           5   7.6848166632277073E-002
          23           6   7.6728634706733339E-014
          23           7   9.2896272938115171E-014
          23           8  -1.8665280515866490E-014
          23           9  -1.4997593815621671E-014
          23          10  -4.6914644037758186E-014
          23          11   9.3350468308382861E-015
          23          12   6.2548209785628311E-015
          23          13   2.3863530496034192E-014
          23          14   2.5747744606139671E-015
          23          15  -3.7391949058955707E-015
          23          16  -1.1659752607405449E-014
          23          17   1.6526710352428890E-015
          23          18   5.2937829179721474     
          23          19  -9.5078391432725292E-015
          23          20   5.2937829179721199     
          23          21  -7.1055258168914763E-015
          23          22  -1.3920636014031686E-014
          23          23   5.2937829179721545     
          23          24 -0.10553895053195711     
          23          25  -5.5258519628131372E-015
          23          26 -0.10553895053195725     
          23          27  -7.0114263901789179E-015
          23          28   2.7736772293989237E-015
          23          29 -0.10553895053195018     
          24           1  -8.6295988175798862E-003
          24           2   9.8253676015314942E-002
          24           3  0.31311082301677318     
          24           4  -3.3792269020062160E-002
          24           5  -7.6330968015250467E-003
          24           6   3.2262631644083541E-014
          24           7   5.9202760671049424E-014
          24           8  -1.4153009889025917E-014
          24           9  -4.3569358557235023E-015
          24          10  -8.1573269223953163E-015
          24          11   1.5077145577021968E-014
          24          12   2.7217440221824500E-015
          24          13   4.2172490349180167E-015
          24          14  -5.2447733629174147E-015
          24          15  -8.6277872619525278E-016
          24          16  -1.1955122756441629E-015
          24          17   1.5473728520229531E-015
          24          18 -0.10553895053195650     
          24          19   4.3086774342737083E-016
          24          20 -0.10553895053195579     
          24          21   1.9751966060974692E-016
          24          22   3.1954279956568085E-016
          24          23 -0.10553895053195711     
          24          24   5.1347837068363017E-003
          24          25   6.4480665463980836E-017
          24          26   5.1347837068362809E-003
          24          27   1.6181248893445452E-016
          24          28   1.8544133639867806E-016
          24          29   5.1347837068362271E-003
          25           1   2.5974112685253637E-015
          25           2  -2.3077014856252767E-016
          25           3   1.5486637880081825E-014
          25           4  -1.3805943912460242E-015
          25           5   1.1787981545789315E-017
          25           6  -7.4731390835964010E-015
          25           7  -1.5415944036183356E-014
          25           8   3.2744719743196928E-015
          25           9   1.4491960093570015E-015
          25          10   3.5870721685710240E-015
          25          11   1.4562010757423233E-015
          25          12  -6.9315272316113253E-016
          25          13  -1.6092752884319451E-015
          25          14  -3.2408354343630639E-016
          25          15   2.2369260302253862E-016
          25          16   5.1249897560954309E-016
          25          17   8.0643418386385502E-017
          25          18  -5.5258519628131238E-015
          25          19   1.1481119508383267E-028
          25          20  -5.5258519628131238E-015
          25          21   4.3454248933121411E-029
          25          22  -2.5839859219573478E-029
          25          23  -5.5258519628131372E-015
          25          24   6.4480665463980836E-017
          25          25   1.4986362081304225E-028
          25          26   6.4480665464108829E-017
          25          27  -3.5418789180304361E-029
          25          28  -2.7168359527452632E-029
          25          29   6.4480665464061361E-017
          26           1  -8.6295988175787170E-003
          26           2   9.8253676015314401E-002
          26           3  0.31311082301677351     
          26           4  -3.3792269020062153E-002
          26           5  -7.6330968015250016E-003
          26           6   2.4804046028537090E-014
          26           7   4.4733993078379556E-014
          26           8  -9.7591060269671872E-015
          26           9  -3.3274553576306167E-015
          26          10  -6.5915098496675280E-015
          26          11   9.2203939007215577E-015
          26          12   2.1550973799276677E-015
          26          13   3.2474890479199754E-015
          26          14  -3.3347635990740405E-015
          26          15  -6.7513844890720839E-016
          26          16  -8.6835594393995880E-016
          26          17   9.8828251232603418E-016
          26          18 -0.10553895053195662     
          26          19   4.3086774342753156E-016
          26          20 -0.10553895053195592     
          26          21   1.9751966060986663E-016
          26          22   3.1954279956556636E-016
          26          23 -0.10553895053195725     
          26          24   5.1347837068362809E-003
          26          25   6.4480665464108829E-017
          26          26   5.1347837068362601E-003
          26          27   1.6181248893442158E-016
          26          28   1.8544133639866924E-016
          26          29   5.1347837068362072E-003
          27           1   3.0971491465359887E-015
          27           2   1.8738202630102941E-015
          27           3   2.0006381700077598E-014
          27           4  -1.9041005547275545E-015
          27           5  -1.4606832419782384E-016
          27           6   2.6221086355694899E-015
          27           7   4.4276120615547658E-015
          27           8  -8.2184913668708090E-016
          27           9  -1.2886573719423164E-016
          27          10  -1.4994031912210586E-015
          27          11  -1.4366054468576508E-015
          27          12   1.2924235087675855E-016
          27          13   6.0304725357157555E-016
          27          14   4.0290282138174488E-016
          27          15  -4.6055369459399826E-017
          27          16  -1.8727686279760044E-016
          27          17  -1.1174992795375287E-016
          27          18  -7.0114263901788792E-015
          27          19  -1.0796963709668147E-029
          27          20  -7.0114263901788571E-015
          27          21   7.9621638768881693E-030
          27          22   2.3231415858461782E-029
          27          23  -7.0114263901789179E-015
          27          24   1.6181248893445452E-016
          27          25  -3.5418789180304361E-029
          27          26   1.6181248893442158E-016
          27          27   2.6519901000802093E-029
          27          28   3.5636992032586249E-030
          27          29   1.6181248893442156E-016
          28           1  -4.2233280682643911E-015
