           1           1   2.0173790618408289     
           1           2  0.27338258398731691     
           1           3   1.0063102623524631     
           1           4  0.37551433979164589     
           1           5  -3.2516459428694730E-002
           1           6  -2.5259708699546926E-002
           1           7   1.8291158096170689E-014
           1           8  -7.2714785140508109E-014
           1           9  -5.0995264635681698E-014
           1          10  -3.6560535592206261E-013
           1          11  -3.8694176962623920E-013
           1          12  -1.4402169821454160E-013
           1          13   1.9790703142338524E-014
           1          14   5.3266233745423131E-014
           1          15   8.8259204172190330E-015
           1          16   7.9626439127890923E-015
           1          17   1.8070478806639364E-014
           1          18  -6.6031191442515596E-015
           1          19 -0.29849877844741157     
           1          20  -1.2363967125165543E-014
           1          21 -0.29849877844741263     
           1          22   3.2492935321451590E-014
           1          23  -2.8559126873547887E-014
           1          24 -0.29849877844737915     
           1          25  -9.6100643947236025E-002
           1          26   5.9740116196768281E-015
           1          27  -9.6100643947226408E-002
           1          28  -1.2229945502087126E-014
           1          29   5.4305631775413476E-015
           1          30  -9.6100643947235706E-002
           1          31   1.8217336349737982E-002
           1          32  -6.2268330289078738E-015
           1          33   1.8217336349740747E-002
           1          34   5.6860184242197491E-015
           1          35   6.7779847122994219E-015
           1          36   1.8217336349750306E-002
           1          37   1.4629786340044731E-013
           1          38   6.2839186810934529E-014
           1          39   6.0319629312676568E-014
           1          40   1.6882841747896842E-013
           1          41   2.1391349833363150E-014
           1          42   1.4798253755965673E-014
           1          43   1.9881209430650931E-014
           1          44   7.2540748756166474E-014
           1          45   5.9032833988973135E-014
           1          46   6.9945388310604141E-014
           1          47  -5.2238438965958129E-015
           1          48  -1.5123795761881794E-014
           1          49   2.3527883671735548E-016
           1          50  -2.6205657094551658E-014
           1          51  -8.7757149887071231E-015
           1          52   2.0728299454327977E-015
           1          53   4.4845769602246287E-015
           1          54  -7.5496295309278129E-015
           1          55  -2.2224604328942578E-014
           1          56  -1.3239666175452920E-015
           2           1  0.27338258398731691     
           2           2   6.4505306461840766     
           2           3   15.941669688592468     
           2           4   6.3330416132998071     
           2           5   1.0171963809001987     
           2           6   1.0902542485252659E-002
           2           7   8.7032941347966285E-012
           2           8  -2.9382084782479616E-012
           2           9  -4.9729706112820431E-012
           2          10  -8.7615778274351546E-012
           2          11  -5.4769939328192906E-012
           2          12  -7.9264463066154055E-013
           2          13   4.6031121560698012E-013
           2          14   7.5578297244608303E-013
           2          15   4.0678955450781528E-014
           2          16   1.4765667256466441E-013
           2          17   2.2757387785796927E-013
           2          18  -8.2286593300115098E-014
           2          19  -4.9447195022226280     
           2          20  -2.0352066789677247E-013
           2          21  -4.9447195022226964     
           2          22   4.9113972924633724E-013
           2          23  -4.8972013807267246E-013
           2          24  -4.9447195022221182     
           2          25  -2.1187319423238220     
           2          26   6.0063868510130785E-014
           2          27  -2.1187319423236852     
           2          28  -1.8867807287306637E-013
           2          29   1.0851053965729516E-013
           2          30  -2.1187319423238460     
           2          31 -0.11387492807043362     
           2          32  -1.0586971162965778E-013
           2          33 -0.11387492807048495     
           2          34   6.2296967166212987E-014
           2          35   1.0530333176211850E-013
           2          36 -0.11387492807027816     
           2          37   3.7052504911598417E-012
           2          38   8.7499362300689313E-013
           2          39   1.5698368113535223E-012
           2          40   2.3680295425175206E-012
           2          41   4.5623450794538848E-015
           2          42   2.6113133132354666E-013
           2          43   3.2767472217222515E-014
           2          44   1.7571386052985706E-012
           2          45   8.6404142657477088E-013
           2          46   4.0161647811279065E-013
           2          47  -1.5337277726463603E-013
           2          48  -2.0695156606272929E-013
           2          49  -1.1378251265074407E-014
           2          50  -3.6967213219806136E-013
           2          51  -1.4100364340155111E-013
           2          52   3.9893205094286326E-014
           2          53   6.1364200786994313E-014
           2          54  -1.5311814710266430E-013
           2          55  -2.7823106824555132E-013
           2          56   4.4614787264097708E-014
           3           1   1.0063102623524631     
           3           2   15.941669688592468     
           3           3   57.225763321315220     
           3           4   22.516851810582153     
           3           5   2.1642625202182808     
           3           6 -0.36175043615711860     
           3           7  -9.2117723656222140E-012
           3           8  -1.9963603827538638E-012
           3           9   1.9728454417129316E-012
           3          10  -1.6251342464894718E-011
           3          11  -2.0849105278992852E-011
           3          12  -9.2596078124767387E-012
           3          13   8.4029278352122444E-013
           3          14   2.6829203682229535E-012
           3          15   4.5335285534497708E-013
           3          16   4.0276913786231421E-013
           3          17   8.7843608849870993E-013
           3          18  -2.5780997090522946E-013
           3          19  -17.610130449624751     
           3          20  -6.0204639031342007E-013
           3          21  -17.610130449624883     
           3          22   1.5507710669522242E-012
           3          23  -1.6678409197824074E-012
           3          24  -17.610130449623018     
           3          25  -7.0508679458288777     
           3          26   2.2844768817320676E-013
           3          27  -7.0508679458284060     
           3          28  -5.7375983383527028E-013
           3          29   3.7794164935115405E-013
           3          30  -7.0508679458290029     
           3          31  -1.6933377777502420E-002
           3          32  -3.2545678645814832E-013
           3          33  -1.6933377777654968E-002
           3          34   1.7232515106444047E-013
           3          35   2.9293731606136375E-013
           3          36  -1.6933377776953598E-002
           3          37   6.2997960790610380E-012
           3          38   3.4306782498857682E-012
           3          39   2.5020055081219131E-012
           3          40   9.1381688720711705E-012
           3          41   1.4481671994488928E-012
           3          42   8.1770231181928545E-013
           3          43   1.4391707111621160E-012
           3          44   3.1691887068161902E-012
           3          45   3.3516899142367507E-012
           3          46   4.4367820722372305E-012
           3          47  -1.7732118841087517E-013
           3          48  -7.6387233555539571E-013
           3          49   8.0691731094952479E-014
           3          50  -1.2826471830734243E-012
           3          51  -5.1570025755698945E-013
           3          52   1.4608935081246329E-013
           3          53   2.5351219618187566E-013
           3          54  -3.8578036263925776E-013
           3          55  -1.0795288563480751E-012
           3          56  -3.2898239211583121E-014
           4           1  0.37551433979164589     
           4           2   6.3330416132998071     
           4           3   22.516851810582153     
           4           4   8.8618170989224581     
           4           5  0.86473430698344445     
           4           6 -0.13879503604663940     
           4           7  -3.2367650205240515E-012
           4           8  -9.4276915243316828E-013
           4           9   6.1814398066343474E-013
           4          10  -6.3901933800146171E-012
           4          11  -8.3585036767489188E-012
           4          12  -3.6254912472682922E-012
           4          13   3.2212584185691218E-013
           4          14   1.0755050008258349E-012
           4          15   1.7957750487312821E-013
           4          16   1.5747116574213194E-013
           4          17   3.4779154317231189E-013
           4          18  -1.0125425713008860E-013
           4          19  -6.9304123746178918     
           4          20  -2.5688709481721008E-013
           4          21  -6.9304123746177897     
           4          22   7.0160194406282368E-013
           4          23  -6.3487908397930141E-013
           4          24  -6.9304123746172053     
           4          25  -2.7792556206483585     
           4          26   9.4679146076398537E-014
           4          27  -2.7792556206482120     
           4          28  -2.4989326283582970E-013
           4          29   1.4307190558510535E-013
           4          30  -2.7792556206484083     
           4          31  -1.0127684989488288E-002
           4          32  -1.3009220661241082E-013
           4          33  -1.0127684989535857E-002
           4          34   7.5698978996196892E-014
           4          35   1.1780705294383083E-013
           4          36  -1.0127684989272249E-002
           4          37   2.4868136882685244E-012
           4          38   1.3755774904598395E-012
           4          39   9.8807025027881479E-013
           4          40   3.6531467440054905E-012
           4          41   5.6420551748379713E-013
           4          42   3.2274142539905069E-013
           4          43   5.6160142968972630E-013
           4          44   1.2506278403812864E-012
           4          45   1.3448539309080744E-012
           4          46   1.7349292599248007E-012
           4          47  -6.5527243561992079E-014
           4          48  -3.0462417835937308E-013
           4          49   3.4030130841043805E-014
           4          50  -5.1453212592220424E-013
           4          51  -2.0363201505724756E-013
           4          52   5.7463256448612597E-014
           4          53   9.8678036237706525E-014
           4          54  -1.4987282454094736E-013
           4          55  -4.2831108092294330E-013
           4          56  -1.3098172813308191E-014
           5           1  -3.2516459428694730E-002
           5           2   1.0171963809001987     
           5           3   2.1642625202182808     
           5           4  0.86473430698344445     
           5           5  0.16965024781732890     
           5           6   9.9817133062351897E-003
           5           7   2.0362930282001567E-012
           5           8  -7.2237314544460528E-013
           5           9  -1.0500365984079785E-012
           5          10  -1.2997061469444703E-012
           5          11  -9.7372844682207957E-013
           5          12   6.8848002768242894E-014
           5          13   5.6729813389274575E-014
           5          14   1.3369267386919689E-013
           5          15  -6.3600580952739467E-015
           5          16   1.9604437447219399E-014
           5          17   3.3839937568699031E-014
           5          18  -1.2610728157702497E-014
           5          19 -0.67442721215792611     
           5          20  -1.5977009672745624E-013
           5          21 -0.67442721215757040     
           5          22   1.3730998766607937E-013
           5          23  -7.5160768259934924E-014
           5          24 -0.67442721215775658     
           5          25 -0.29946622311475618     
           5          26   4.1509569437702338E-014
           5          27 -0.29946622311483251     
           5          28  -4.4876395703072975E-014
           5          29   1.6788024462141252E-014
           5          30 -0.29946622311478438     
           5          31  -2.3771074976823844E-002
           5          32  -2.6255855499524044E-014
           5          33  -2.3771074976800970E-002
           5          34   1.4937435325916133E-014
           5          35   1.5330212052445529E-014
           5          36  -2.3771074976794419E-002
           5          37   5.6784775912720273E-013
           5          38   1.5610081358129760E-013
           5          39   2.4214091915297695E-013
           5          40   4.0502756888715159E-013
           5          41  -3.6230741933133101E-014
           5          42   3.7780014267162439E-014
           5          43  -3.0196589385969997E-014
           5          44   2.6765364355941641E-013
           5          45   1.5547419204530076E-013
           5          46  -2.3869017762088137E-014
           5          47  -1.7714096985031202E-014
           5          48  -3.4293023437012757E-014
           5          49   7.4201899444523018E-016
           5          50  -6.5835496324476871E-014
           5          51  -1.7718045144089323E-014
           5          52   5.3766340774129039E-015
           5          53   8.9275252096109577E-015
           5          54  -1.9343944412488305E-014
           5          55  -4.2746031579474157E-014
           5          56   1.2653068331595354E-014
           6           1  -2.5259708699546926E-002
           6           2   1.0902542485252659E-002
           6           3 -0.36175043615711860     
           6           4 -0.13879503604663940     
           6           5   9.9817133062351897E-003
           6           6   8.6643413928295301E-003
           6           7   6.8941503650490159E-013
           6           8  -1.4328329226943143E-013
           6           9  -3.2288992199157572E-013
           6          10  -6.8839972046795499E-014
           6          11   1.6500817146269494E-014
           6          12   1.8354537653184236E-013
           6          13   1.8669857917937439E-016
           6          14  -1.4371531051427991E-015
           6          15  -1.0393036855134370E-014
           6          16  -1.5092796757795660E-015
           6          17  -4.5252781220745484E-015
           6          18   7.1474057283936298E-016
           6          19  0.10905353507942393     
           6          20  -5.6730295627335203E-014
           6          21  0.10905353507950596     
           6          22  -2.6058247998942937E-014
           6          23  -1.2586524751462910E-014
           6          24  0.10905353507945585     
           6          25   3.5730611952052072E-002
           6          26   1.3545924687661617E-014
           6          27   3.5730611952027855E-002
           6          28   7.1059420866740623E-015
           6          29   3.4432874674747451E-015
           6          30   3.5730611952042669E-002
           6          31  -6.1270257287938971E-003
           6          32  -3.6739307234450250E-015
           6          33  -6.1270257287865462E-003
           6          34  -1.9481295625327129E-015
           6          35  -2.3654635246414349E-015
           6          36  -6.1270257287937818E-003
           6          37   4.3595119069483891E-014
           6          38  -2.8885998434629736E-015
           6          39   2.1521657028189942E-014
           6          40  -1.5598357250666185E-014
           6          41  -3.5881237643705884E-014
           6          42  -3.3212426224305150E-015
           6          43  -3.4106131606429111E-014
           6          44   1.7379604658102849E-014
           6          45  -1.7530676315104256E-015
           6          46  -8.4624592222574874E-014
           6          47  -1.2892462933578216E-015
           6          48   1.9395226815229669E-015
           6          49  -8.8355339245782267E-016
           6          50   2.3418598516832211E-016
           6          51   3.9870427862690268E-015
           6          52  -9.6353970922256843E-016
           6          53  -1.5348335250311315E-015
           6          54   1.4064071966985201E-015
           6          55   4.8742817610171916E-015
           6          56   4.5035716536155756E-015
           7           1   1.8291158096170689E-014
           7           2   8.7032941347966285E-012
           7           3  -9.2117723656222140E-012
           7           4  -3.2367650205240515E-012
           7           5   2.0362930282001567E-012
           7           6   6.8941503650490159E-013
           7           7   1.9986136845364257     
           7           8  -9.8532293421402245E-016
           7           9  -1.5756168071011771E-015
           7          10  0.24196695596732698     
           7          11   1.3405943023290829E-014
           7          12   7.8062556815989643E-017
           7          13  -6.2565782864977562E-002
           7          14  -5.4817261842103865E-015
           7          15  -2.7246000594755618E-015
           7          16  -1.1227952715304784E-002
           7          17  -2.8926513962327844E-015
           7          18  -1.9411013594964950E-015
           7          19   2.6059372728478846E-012
           7          20  -1.8809297570092433E-016
           7          21   2.6070373691138977E-012
           7          22   6.3046409570161428E-015
           7          23   1.3640021172357341E-015
           7          24   2.6007535558095740E-012
           7          25   2.3009522378417725E-013
           7          26  -2.9901070840905725E-015
           7          27   2.3727793213233508E-013
           7          28  -2.7265195394421257E-016
           7          29  -9.8343950137560909E-016
           7          30   2.3110831565951899E-013
           7          31  -6.1677087475826435E-013
           7          32   4.3552699449132488E-016
           7          33  -6.2252388107477562E-013
           7          34   8.2389235107955490E-016
           7          35   1.0056944169419531E-015
           7          36  -6.1946150450216548E-013
           7          37  -4.8480734175519791E-002
           7          38  -6.5711325271538966E-015
           7          39  -2.1681243443118989E-002
           7          40  -1.5404344470828445E-015
           7          41   3.9994591839145320E-015
           7          42  -1.4189717929753951E-015
           7          43  -1.1548379440819829E-015
           7          44  -2.1681243443112730E-002
           7          45  -2.7616797739053715E-015
           7          46   1.9493955059380492E-015
           7          47   3.3972830806278193E-002
           7          48  -1.1778772401527645E-015
           7          49   1.5193111814186705E-002
           7          50   4.6837533851966542E-015
           7          51   2.7964826635168803E-015
           7          52   1.9474485875528347E-015
           7          53   5.5707662873810653E-016
           7          54   1.5193111814191274E-002
           7          55   1.2810932870593911E-015
           7          56  -2.4771309135870215E-016
           8           1  -7.2714785140508109E-014
           8           2  -2.9382084782479616E-012
           8           3  -1.9963603827538638E-012
           8           4  -9.4276915243316828E-013
           8           5  -7.2237314544460528E-013
           8           6  -1.4328329226943143E-013
           8           7  -9.8532293421402245E-016
           8           8   1.9986136845364286     
           8           9   2.2417370694774575E-015
           8          10   6.3837824014331379E-016
           8          11  0.24196695596733686     
           8          12   5.6816530650999256E-015
           8          13   2.8414770535960172E-015
           8          14  -6.2565782864971817E-002
           8          15   1.6345567477463925E-015
           8          16  -7.7602854698041295E-015
           8          17  -1.1227952715299507E-002
           8          18   3.0666539864272201E-015
           8          19   6.9126371617082768E-013
           8          20  -2.1041701330260681E-015
           8          21   6.9648043914751369E-013
           8          22   1.2161700509441727E-014
           8          23   3.3906013809380874E-015
           8          24   6.9751806568370744E-013
           8          25   5.0849894775037863E-013
           8          26   8.0629248956125540E-015
           8          27   5.0037782269780377E-013
           8          28  -4.6494661388447646E-015
           8          29  -8.8823027389313407E-016
           8          30   5.0274982625908385E-013
           8          31   1.6167938207561526E-013
           8          32  -1.3463667232854452E-015
           8          33   1.6514816121624877E-013
           8          34  -3.3662944929082841E-015
           8          35   1.6043234227836578E-015
           8          36   1.5615619982535255E-013
           8          37  -1.1157741397873278E-014
           8          38  -2.1681243443107984E-002
           8          39   1.1927958620657602E-014
           8          40  -4.8480734175533773E-002
           8          41  -3.1409607988048863E-015
           8          42   6.2176578548948189E-016
           8          43   2.1596223073133636E-015
           8          44  -6.4739880125377794E-015
           8          45  -2.1681243443113105E-002
           8          46  -1.0943882519155777E-014
           8          47  -4.7357950892718031E-016
           8          48   1.5193111814186120E-002
           8          49   3.6108269152438638E-015
           8          50   3.3972830806271198E-002
           8          51  -3.1587959244565781E-015
           8          52  -2.9231745106250016E-015
           8          53   2.4739460695803730E-016
           8          54  -3.3939864807268616E-015
           8          55   1.5193111814187543E-002
           8          56   2.7689235995199219E-015
           9           1  -5.0995264635681698E-014
           9           2  -4.9729706112820431E-012
           9           3   1.9728454417129316E-012
           9           4   6.1814398066343474E-013
           9           5  -1.0500365984079785E-012
           9           6  -3.2288992199157572E-013
           9           7  -1.5756168071011771E-015
           9           8   2.2417370694774575E-015
           9           9   1.9986136845364211     
           9          10  -2.8783399270716475E-015
           9          11   1.8594067258561051E-014
           9          12  0.24196695596734830     
           9          13  -1.2033017811573336E-015
           9          14   2.4403900124091191E-015
           9          15  -6.2565782864984959E-002
           9          16  -5.8427655075342284E-015
           9          17  -3.3462544801240486E-015
           9          18  -1.1227952715306837E-002
           9          19  -4.9469908163044086E-013
           9          20  -5.0035384909500957E-015
           9          21  -4.9985522833285844E-013
           9          22   2.5022356991747980E-015
           9          23   7.6189036785454187E-016
           9          24  -4.9551361134153571E-013
           9          25   1.7642138909321091E-013
           9          26  -2.1804039069738412E-016
           9          27   1.8027379022864186E-013
           9          28   1.0873237551375322E-015
           9          29  -2.2699449559067911E-015
           9          30   1.6697157470191397E-013
           9          31   2.9891494171922617E-013
           9          32   1.5196970739356081E-015
           9          33   2.9507245275613528E-013
           9          34  -2.4020102155300586E-015
           9          35   6.4454814540013704E-015
           9          36   2.9919664502473895E-013
           9          37  -1.2017296881586878E-015
           9          38  -1.7512846642324662E-015
           9          39   5.9978064181182782E-015
           9          40  -1.5736056121537668E-014
           9          41  -2.1681243443111828E-002
           9          42  -1.3354740325065610E-015
           9          43  -2.1681243443121109E-002
           9          44  -7.8123813842567572E-015
           9          45   6.3841618622856949E-015
           9          46  -4.8480734175537193E-002
           9          47  -3.9946344842990765E-015
           9          48  -4.6921661163531424E-015
           9          49   1.7431124902855747E-015
           9          50   4.8749795435830357E-016
           9          51   1.5193111814188148E-002
           9          52   3.8994414624936752E-015
           9          53   1.5193111814193852E-002
           9          54   5.9957870916533484E-015
           9          55   1.8006497443507839E-015
           9          56   3.3972830806280670E-002
          10           1  -3.6560535592206261E-013
          10           2  -8.7615778274351546E-012
          10           3  -1.6251342464894718E-011
          10           4  -6.3901933800146171E-012
          10           5  -1.2997061469444703E-012
          10           6  -6.8839972046795499E-014
          10           7  0.24196695596732698     
          10           8   6.3837824014331379E-016
          10           9  -2.8783399270716475E-015
          10          10   6.3473648164112744     
          10          11   2.5091040363111352E-014
          10          12  -6.8209327047668077E-015
          10          13 -0.70047549948952803     
          10          14  -3.2335245593071367E-014
          10          15  -2.6418103815786587E-014
          10          16  -9.1531273398194821E-002
          10          17  -2.2423035650765481E-014
          10          18  -1.8335701880332850E-014
          10          19   5.0255470362216001E-012
          10          20   7.3175481058467454E-015
          10          21   5.0556273882359804E-012
          10          22   2.9639079801697391E-014
          10          23  -7.2708794654828306E-015
          10          24   5.0171577729991979E-012
          10          25   2.2276757417798345E-012
          10          26  -1.4940819183973705E-014
          10          27   2.2225920184433998E-012
          10          28   2.7493168919877938E-015
          10          29  -1.1551647054360252E-014
          10          30   2.2237759536733654E-012
          10          31   1.7904025748441036E-013
          10          32  -7.2007333567876897E-015
          10          33   1.8163453048399642E-013
          10          34  -3.5166276891599051E-016
          10          35  -1.8498545926400404E-015
          10          36   1.9030302718485136E-013
          10          37  -2.4916202446089795     
          10          38  -3.9634961980192517E-014
          10          39  -1.1142864482121255     
          10          40   1.6431300761549473E-014
          10          41   2.2466837417835135E-014
          10          42  -9.0587451270889258E-016
          10          43  -1.0809061979224025E-014
          10          44  -1.1142864482120607     
          10          45  -1.0214051827601594E-014
          10          46   2.6228151593697134E-014
          10          47  0.33283659417639044     
          10          48   6.3976601796503152E-015
          10          49  0.14884904999557122     
          10          50   3.1641356202231019E-014
          10          51   2.3333277584561156E-014
          10          52   1.1776608741419646E-014
          10          53   9.9172514817488791E-015
          10          54  0.14884904999559495     
          10          55   2.7339241984920065E-015
          10          56   5.0335170059806538E-015
          11           1  -3.8694176962623920E-013
          11           2  -5.4769939328192906E-012
          11           3  -2.0849105278992852E-011
          11           4  -8.3585036767489188E-012
          11           5  -9.7372844682207957E-013
          11           6   1.6500817146269494E-014
          11           7   1.3405943023290829E-014
          11           8  0.24196695596733686     
          11           9   1.8594067258561051E-014
          11          10   2.5091040363111352E-014
          11          11   6.3473648164112895     
          11          12   2.3043199295860257E-014
          11          13   1.1934897514358903E-014
          11          14 -0.70047549948947352     
          11          15   2.4460359952660731E-014
          11          16  -4.3885034495407678E-014
          11          17  -9.1531273398160834E-002
          11          18   2.8346533562357785E-014
          11          19   6.4968863449745919E-012
          11          20   9.8474752365716915E-015
          11          21   6.4958558234097596E-012
          11          22   7.4225367574714462E-014
          11          23   2.8846475868613848E-014
          11          24   6.5125257531856093E-012
          11          25   2.6655510495446713E-012
          11          26   3.5717293305968247E-014
          11          27   2.6660576356661809E-012
          11          28  -4.4044853195170510E-014
          11          29   1.5475111405149656E-014
          11          30   2.7039176078161438E-012
          11          31   1.0442116618641163E-013
          11          32   5.6681546954317842E-015
          11          33   8.2563752122030329E-014
          11          34  -6.6587795131013875E-015
          11          35   5.5333165815696190E-015
          11          36   2.6541978096095562E-014
          11          37  -7.1609385090935077E-014
          11          38  -1.1142864482120409     
          11          39   7.2164496599571904E-014
          11          40  -2.4916202446090470     
          11          41  -3.1238900355792194E-014
          11          42   1.2317258187204884E-014
          11          43   2.1180214699751212E-014
          11          44  -5.4567461661613089E-014
          11          45  -1.1142864482120827     
          11          46  -7.1052105172974822E-014
          11          47   3.4555691642428904E-015
          11          48  0.14884904999557766     
          11          49   2.0795865029997537E-014
          11          50  0.33283659417632738     
          11          51  -2.8986822707586361E-014
          11          52  -2.0630226655753994E-014
          11          53  -5.5142251442901220E-015
          11          54  -2.4334700920857004E-014
          11          55  0.14884904999557266     
          11          56   1.9529950573415393E-014
          12           1  -1.4402169821454160E-013
          12           2  -7.9264463066154055E-013
          12           3  -9.2596078124767387E-012
          12           4  -3.6254912472682922E-012
          12           5   6.8848002768242894E-014
          12           6   1.8354537653184236E-013
          12           7   7.8062556815989643E-017
          12           8   5.6816530650999256E-015
          12           9  0.24196695596734830     
          12          10  -6.8209327047668077E-015
          12          11   2.3043199295860257E-014
          12          12   6.3473648164114103     
          12          13   2.0109781893741333E-015
          12          14   2.2159032421118489E-014
          12          15 -0.70047549948953447     
          12          16  -9.1636225518005055E-015
          12          17   1.5951798801023609E-014
          12          18  -9.1531273398218038E-002
          12          19   2.8311163801752713E-012
          12          20  -3.7166378643133628E-015
          12          21   2.8178557397763871E-012
          12          22   6.1815493203083095E-014
          12          23   1.7225455490616494E-014
          12          24   2.8109492762465053E-012
          12          25   9.9608570789997389E-013
          12          26   1.4333499680552021E-014
          12          27   9.9128849922199266E-013
          12          28  -2.9775545770478958E-014
          12          29  -7.5051781735696415E-017
          12          30   1.0082907527426146E-012
          12          31  -1.0557685914331596E-013
          12          32  -3.6198527091464093E-015
          12          33  -1.1498316055527795E-013
          12          34   2.7646133579261781E-015
          12          35   5.1913734511869114E-015
          12          36  -1.2778818842610273E-013
          12          37  -1.3497883367676385E-014
          12          38   1.0091103299747301E-014
          12          39   2.2353646710989038E-014
          12          40  -1.8598404068016961E-014
          12          41  -1.1142864482121271     
          12          42   4.7003030491046789E-015
          12          43  -1.1142864482121080     
          12          44  -1.2200310207087387E-014
          12          45   8.6085652061140683E-017
          12          46  -2.4916202446091162     
          12          47   1.7967398402836749E-015
          12          48  -4.8090600511198110E-015
          12          49   5.6955850626042042E-015
          12          50  -2.2387744869590424E-014
          12          51  0.14884904999558471     
          12          52  -7.4332966345248471E-015
          12          53  0.14884904999558893     
          12          54  -2.8957955824302393E-015
          12          55  -3.9582323962183452E-015
          12          56  0.33283659417641692     
          13           1   1.9790703142338524E-014
          13           2   4.6031121560698012E-013
          13           3   8.4029278352122444E-013
          13           4   3.2212584185691218E-013
          13           5   5.6729813389274575E-014
          13           6   1.8669857917937439E-016
          13           7  -6.2565782864977562E-002
          13           8   2.8414770535960172E-015
          13           9  -1.2033017811573336E-015
          13          10 -0.70047549948952803     
          13          11   1.1934897514358903E-014
          13          12   2.0109781893741333E-015
          13          13   7.7948813479819148E-002
          13          14   1.9498291870448195E-015
          13          15   2.8347821052419739E-015
          13          16   1.0240614397741460E-002
          13          17   2.2863655413528871E-015
          13          18   2.0336447911897525E-015
          13          19  -2.5025982216079391E-013
          13          20   6.6786899808349379E-015
          13          21  -2.5609716790157802E-013
          13          22   1.6969056090023890E-014
          13          23   5.8718811057853087E-015
          13          24  -2.6536303949359739E-013
          13          25  -1.1086217117518365E-013
          13          26  -2.4923954075852503E-016
          13          27  -1.0978013909351225E-013
          13          28  -5.5763495998766672E-015
          13          29  -3.9437760661312909E-017
          13          30  -1.0626786091771783E-013
          13          31  -5.7744693332433356E-015
          13          32   1.4064201489730749E-015
          13          33  -6.1656339967892202E-015
          13          34   1.7220056823151686E-015
          13          35   6.1063317744823509E-016
          13          36  -8.3072654683852299E-015
          13          37  0.27412918582026014     
          13          38   1.8596235663062537E-015
          13          39  0.12259429882216123     
          13          40  -7.5911499307151800E-015
          13          41  -2.7740396784990581E-015
          13          42   1.2492701658854766E-016
          13          43   9.6548203462092836E-016
          13          44  0.12259429882215400     
          13          45  -1.4294121441472553E-015
          13          46  -3.4459197647370985E-015
          13          47  -3.7114519418739951E-002
          13          48  -3.1745439611722096E-016
          13          49  -1.6598117674506301E-002
          13          50  -2.7443325390179314E-015
          13          51  -2.5871571053123027E-015
          13          52  -1.3266439901674806E-015
          13          53  -1.0754540162015287E-015
          13          54  -1.6598117674508979E-002
          13          55   3.9031278190597304E-017
          13          56  -4.9808247803979005E-016
          14           1   5.3266233745423131E-014
          14           2   7.5578297244608303E-013
          14           3   2.6829203682229535E-012
          14           4   1.0755050008258349E-012
          14           5   1.3369267386919689E-013
          14           6  -1.4371531051427991E-015
          14           7  -5.4817261842103865E-015
          14           8  -6.2565782864971817E-002
          14           9   2.4403900124091191E-015
          14          10  -3.2335245593071367E-014
          14          11 -0.70047549948947352     
          14          12   2.2159032421118489E-014
          14          13   1.9498291870448195E-015
          14          14   7.7948813479806783E-002
          14          15  -5.5148892180196405E-015
          14          16   5.3897858398791027E-015
          14          17   1.0240614397736806E-002
          14          18  -3.5356290242660702E-015
          14          19  -8.4677459922454591E-013
          14          20  -7.8444304527401402E-015
          14          21  -8.3749955472605913E-013
          14          22  -3.2580991291901705E-014
          14          23  -6.6835226967451675E-015
          14          24  -8.2523705296564297E-013
          14          25  -3.4317202388634166E-013
          14          26  -2.2961386070487161E-015
          14          27  -3.4548462238402814E-013
          14          28   1.1203579695277426E-014
          14          29  -7.8301815126531415E-016
          14          30  -3.5334313608979194E-013
          14          31  -1.5447578637784929E-014
          14          32  -1.1655098246812220E-015
          14          33  -1.2339920407434121E-014
          14          34  -1.2320992907057538E-015
          14          35  -9.2464915831529080E-016
          14          36  -4.8554715547090221E-015
          14          37   1.9581558597168905E-014
          14          38  0.12259429882214193     
          14          39  -2.9767854846365821E-015
          14          40  0.27412918582024570     
          14          41  -8.3003807814769348E-016
          14          42  -1.3620385413707827E-015
          14          43  -6.6732643715950885E-015
          14          44   1.1254885912306811E-014
          14          45  0.12259429882214656     
          14          46  -1.6505351771119411E-015
          14          47  -1.9480944635343813E-015
          14          48  -1.6598117674505652E-002
          14          49  -3.0513785942415262E-015
          14          50  -3.7114519418729910E-002
          14          51   3.8347688739500088E-015
          14          52   2.3152070809357651E-015
          14          53   1.1993817126639398E-015
          14          54   2.0226875729699526E-015
          14          55  -1.6598117674505124E-002
          14          56  -8.5248783943459634E-016
