           1           1   2.0003026558708505     
           1           2  -2.0063724557846773E-005
           1           3   1.0525596940116002E-002
           1           4   4.6272140736242336E-003
           1           5  -1.0887169283070898E-003
           1           6  -5.4469041274562893E-004
           1           7  -2.5264418991448449E-011
           1           8  -1.7834548134441513E-012
           1           9  -1.5863948621106805E-013
           1          10  -3.4339050111096106E-012
           1          11  -5.5091796959609502E-012
           1          12  -8.8652006257411474E-013
           1          13   1.0758654815481697E-011
           1          14   1.0204220380999535E-011
           1          15   1.3914332719391342E-012
           1          16   1.0855292156652348E-011
           1          17   9.7477143867257618E-012
           1          18   9.3060154478816354E-013
           1          19  -1.7591280165009993E-003
           1          20   3.2552031648258371E-012
           1          21  -1.7591280156559353E-003
           1          22  -5.6611009529259894E-010
           1          23  -2.8434900163392552E-010
           1          24  -1.5833443056617437E-003
           1          25  -2.9309598887456026E-003
           1          26  -1.2407479974558931E-012
           1          27  -2.9309598884464309E-003
           1          28  -8.0955914813965031E-010
           1          29  -4.5100993926497529E-010
           1          30  -2.5878722240724149E-003
           1          31  -4.9370751589449522E-004
           1          32  -1.4419503587709602E-013
           1          33  -4.9370751615605011E-004
           1          34  -5.0786766146915822E-010
           1          35  -2.7789261891348048E-010
           1          36  -2.8127670897030381E-004
           1          37  -2.1924633538666744E-013
           1          38  -1.1449336756519219E-013
           1          39  -1.2481286610303617E-013
           1          40  -1.9352083977281000E-013
           1          41  -1.9321383641275689E-014
           1          42   1.2551459088053270E-014
           1          43   1.6470009627559231E-014
           1          44  -7.6651542219932294E-014
           1          45  -8.6050881751899385E-014
           1          46  -7.2805593377184438E-014
           1          47   2.5363379915863721E-012
           1          48   1.0444061288259720E-012
           1          49   1.1964264195419668E-012
           1          50   2.3048420374803977E-012
           1          51   1.5081098655036347E-013
           1          52  -2.5292488568585828E-014
           1          53   3.7168769108016263E-013
           1          54   9.9739540306538690E-013
           1          55   6.4164976763483883E-013
           1          56  -1.8406098752113561E-013
           2           1  -2.0063724557846773E-005
           2           2   1.9531456682230184     
           2           3  -9.1660286413565561E-003
           2           4  -1.9149778946602854E-002
           2           5   2.0556846636556544E-002
           2           6   2.9043155345428681E-003
           2           7  -2.9246460250766282E-010
           2           8   7.5374553560055861E-011
           2           9  -2.1053554924584551E-012
           2          10  -4.4778385437026295E-011
           2          11  -7.6691098542742936E-011
           2          12  -2.1313492215163127E-011
           2          13   7.1764561456271956E-011
           2          14   7.1840439842206099E-011
           2          15   1.2003804346944055E-011
           2          16   7.5503779881717226E-011
           2          17   6.8542567848496119E-011
           2          18   7.0783342957582310E-012
           2          19   2.4769595268541243E-002
           2          20  -2.2023920915384917E-011
           2          21   2.4769595272968049E-002
           2          22   8.3354265577116255E-009
           2          23   4.7597608808986022E-009
           2          24   2.0925208675998379E-002
           2          25  -1.2271500226170422E-002
           2          26  -5.8436023476327980E-011
           2          27  -1.2271500224403702E-002
           2          28  -1.5893973540873888E-009
           2          29  -1.0883901474756584E-009
           2          30  -1.1256440076555695E-002
           2          31  -1.1958325311912901E-002
           2          32   1.7862343103656638E-012
           2          33  -1.1958325313585764E-002
           2          34  -3.0766235938438319E-009
           2          35  -1.6672762287955562E-009
           2          36  -1.0706442972715845E-002
           2          37  -9.6944445314216521E-013
           2          38   2.5082971291798798E-012
           2          39   2.2637612081260700E-012
           2          40   4.0256836136207840E-012
           2          41   2.6754810069698238E-013
           2          42   1.9090810693110484E-012
           2          43   2.5883718343104659E-012
           2          44  -2.1096673922716943E-012
           2          45  -3.8322793549353508E-013
           2          46   1.5451450912739063E-012
           2          47   1.7896735871381248E-011
           2          48   7.0098494851714262E-012
           2          49   8.5030695091066553E-012
           2          50   1.5559881813735391E-011
           2          51   7.4219806411337620E-013
           2          52  -8.2405235336598484E-014
           2          53   2.2948968265770162E-012
           2          54   5.2602246056179791E-012
           2          55   2.7629501938521850E-012
           2          56  -1.6946036743609446E-012
           3           1   1.0525596940116002E-002
           3           2  -9.1660286413565561E-003
           3           3   2.4156296880538912     
           3           4  0.15683776134213862     
           3           5  -3.0249616463454518E-002
           3           6  -5.5508544497630766E-003
           3           7  -1.0809117774039456E-009
           3           8  -1.0220983219702815E-010
           3           9  -8.5353267392694907E-012
           3          10  -2.0004844096018686E-010
           3          11  -3.0083027530813116E-010
           3          12  -6.9120154848117809E-011
           3          13   5.8516464347643277E-010
           3          14   5.8550735849165012E-010
           3          15   1.1458595396158399E-010
           3          16   5.0925755406930324E-010
           3          17   4.6249503987702072E-010
           3          18   5.0422169241656018E-011
           3          19  -4.2080604752993495E-002
           3          20   5.7078249613044800E-010
           3          21  -4.2080604670226444E-002
           3          22   3.8193130418979320E-008
           3          23   2.3525407082624978E-008
           3          24  -6.7260540144019942E-002
           3          25 -0.11428547844430367     
           3          26  -1.9489037314683869E-010
           3          27 -0.11428547844484012     
           3          28  -4.5725860969055167E-008
           3          29  -2.5737552457429381E-008
           3          30  -9.4102543253986481E-002
           3          31  -3.7195746200192906E-002
           3          32   2.6737473868751034E-011
           3          33  -3.7195746207565369E-002
           3          34  -1.9557561481962605E-008
           3          35  -1.0620986625293135E-008
           3          36  -2.9392319322322440E-002
           3          37   1.3296617723129745E-012
           3          38   1.8407995383552409E-011
           3          39   3.4161472216409685E-011
           3          40   3.7041335574741637E-011
           3          41  -1.6420292117936136E-012
           3          42   2.2866844366937570E-011
           3          43   2.7392154123390795E-011
           3          44  -1.6492236425851046E-011
           3          45  -8.7831917863294915E-012
           3          46   2.0598995156740975E-012
           3          47   6.0598516948193245E-011
           3          48   1.8499844029494929E-011
           3          49   3.2578809544485250E-011
           3          50   4.3496157002292069E-011
           3          51  -4.0111333462479257E-012
           3          52  -2.9818572989213024E-013
           3          53   9.8836774206072912E-012
           3          54   3.2273970734843449E-011
           3          55   6.5399598424694627E-012
           3          56  -3.5639913502349772E-011
           4           1   4.6272140736242336E-003
           4           2  -1.9149778946602854E-002
           4           3  0.15683776134213862     
           4           4   6.0736074058632128E-002
           4           5  0.10023736635794306     
           4           6   1.4478933059296073E-002
           4           7  -6.1604768629724490E-010
           4           8  -3.2125803371574517E-011
           4           9   1.2817159990976748E-012
           4          10   2.5895983716952253E-010
           4          11   2.4900912913490014E-010
           4          12   1.2096239320989506E-010
           4          13   1.0223988434362495E-010
           4          14  -9.0212551758700343E-011
           4          15  -1.0808715095403722E-010
           4          16  -1.4864747769514099E-010
           4          17  -1.7098157705725906E-010
           4          18  -4.0280254225988212E-011
           4          19  -7.8338620266835995E-002
           4          20   4.7881796233842352E-009
           4          21  -7.8338620385679472E-002
           4          22  -6.0225908762358848E-007
           4          23  -3.0940615193784883E-007
           4          24  0.14598134544888941     
           4          25  -2.5418375484192041E-002
           4          26   1.8337215650646688E-009
           4          27  -2.5418375545026392E-002
           4          28  -2.2721261250440034E-007
           4          29  -1.1621671550329186E-007
           4          30   5.8801100377334652E-002
           4          31   2.4611083993691186E-003
           4          32   1.7237335432897038E-010
           4          33   2.4611083983629000E-003
           4          34  -1.1824831655974163E-008
           4          35  -5.6799386749690818E-009
           4          36   6.4773149303650988E-003
           4          37   2.7546707951021441E-012
           4          38   8.1676207859959687E-012
           4          39   1.2800887587830557E-011
           4          40   6.4100629312007813E-012
           4          41   5.0997166517561570E-012
           4          42  -2.4475226578466498E-013
           4          43   8.1523531399138284E-012
           4          44   9.5267495407938200E-012
           4          45   2.2281590998472862E-012
           4          46  -7.2399308405481879E-012
           4          47  -1.1731749808120262E-010
           4          48  -3.1052155814052218E-011
           4          49  -5.3376523590035036E-011
           4          50  -7.3812758619443175E-011
           4          51   5.3886899157847533E-012
           4          52  -4.6479784410679011E-012
           4          53   4.4762055744033457E-012
           4          54   6.6532123400693894E-011
           4          55   6.3550745710206960E-011
           4          56   5.3230829934810333E-013
           5           1  -1.0887169283070898E-003
           5           2   2.0556846636556544E-002
           5           3  -3.0249616463454518E-002
           5           4  0.10023736635794306     
           5           5  0.35508063625138675     
           5           6   6.8593088958413054E-002
           5           7  -3.8711322873274388E-010
           5           8  -8.5582749604933758E-011
           5           9   1.0433430602834912E-011
           5          10   4.9731100976571026E-010
           5          11   5.5875073677740861E-010
           5          12   1.2867589431077050E-010
           5          13  -1.0641965003145013E-009
           5          14  -1.2422304838226266E-009
           5          15  -2.8858632172037156E-010
           5          16  -1.3891341051305208E-009
           5          17  -1.2933017145117392E-009
           5          18  -1.5266175775906112E-010
           5          19  -8.9597443209455535E-002
           5          20   5.6122148229792560E-009
           5          21  -8.9597443511488531E-002
           5          22  -6.7354188489110258E-007
           5          23  -3.4407688213129769E-007
           5          24  0.16423569719289444     
           5          25   2.3976495177415652E-002
           5          26   2.3871402737813237E-009
           5          27   2.3976495049310403E-002
           5          28  -1.9133817999886628E-007
           5          29  -9.3637818299750384E-008
           5          30   9.0529240436583155E-002
           5          31   4.7375407024981969E-002
           5          32   2.3388320811330530E-010
           5          33   4.7375407052979039E-002
           5          34   4.2219268885331683E-008
           5          35   2.4216929417194542E-008
           5          36   2.8479745604112504E-002
           5          37   1.8683493098701886E-011
           5          38   2.0543600717868079E-011
           5          39   2.6924984450069751E-011
           5          40   1.7933381011157497E-011
           5          41   5.5939143196103436E-012
           5          42  -2.0689429249730107E-012
           5          43   5.4999668629299338E-012
           5          44   1.9066832111849920E-011
           5          45   1.0054847408593857E-011
           5          46  -5.6026046483439746E-012
           5          47  -4.3280893721774566E-010
           5          48  -1.5633684083324303E-010
           5          49  -2.0076804024136986E-010
           5          50  -3.5336117300938559E-010
           5          51  -1.0728987143350691E-011
           5          52  -2.8459880031712644E-012
           5          53  -3.5672744786286120E-011
           5          54  -3.0226390288662219E-011
           5          55   5.1477862309467117E-012
           5          56   1.9610788609488760E-011
           6           1  -5.4469041274562893E-004
           6           2   2.9043155345428681E-003
           6           3  -5.5508544497630766E-003
           6           4   1.4478933059296073E-002
           6           5   6.8593088958413054E-002
           6           6   1.4414791425334422E-002
           6           7  -7.9329967199419829E-011
           6           8  -1.1855532068314832E-010
           6           9   1.8070188242955804E-012
           6          10   1.3888638550783001E-010
           6          11   1.3877407096515293E-010
           6          12   2.2415677463061126E-011
           6          13  -2.9169679076697924E-010
           6          14  -2.9325882950799249E-010
           6          15  -4.7228515122868766E-011
           6          16  -3.2021374260799261E-010
           6          17  -2.9060841089358940E-010
           6          18  -2.9576961384643030E-011
           6          19  -5.6750864658900741E-003
           6          20   3.4450438045709015E-010
           6          21  -5.6750864861820757E-003
           6          22  -3.4679463394838004E-008
           6          23  -1.7441265888572001E-008
           6          24   7.2415836710349162E-003
           6          25   1.0463541412196005E-002
           6          26   1.8750028848093567E-010
           6          27   1.0463541401357700E-002
           6          28   2.4629560605025968E-009
           6          29   2.2642879939372546E-009
           6          30   8.2679359853215506E-003
           6          31   1.1245431463238793E-002
           6          32   2.0825680336875885E-011
           6          33   1.1245431470784849E-002
           6          34   1.3513241440320574E-008
           6          35   7.4984006521160007E-009
           6          36   5.4755264344349035E-003
           6          37   5.6884374243858924E-012
           6          38   3.0805947694658501E-012
           6          39   4.0404975944573021E-012
           6          40   4.8044296448052768E-012
           6          41   4.9698850586646005E-013
           6          42  -1.0861473583259507E-013
           6          43   2.2827120938105026E-013
           6          44   2.9454463769947497E-012
           6          45   2.3432702009110127E-012
           6          46   5.8109098771451550E-013
           6          47  -8.4668785991221249E-011
           6          48  -3.3495840128676730E-011
           6          49  -3.9679146095097546E-011
           6          50  -7.4339174441079793E-011
           6          51  -4.2518949081881074E-012
           6          52   3.5133081830737183E-013
           6          53  -1.0339456732302876E-011
           6          54  -2.3172327462346750E-011
           6          55  -1.3564105795948047E-011
           6          56   4.2164262311394826E-012
           7           1  -2.5264418991448449E-011
           7           2  -2.9246460250766282E-010
           7           3  -1.0809117774039456E-009
           7           4  -6.1604768629724490E-010
           7           5  -3.8711322873274388E-010
           7           6  -7.9329967199419829E-011
           7           7   1.9979331107811684     
           7           8   3.1330087835795661E-012
           7           9  -6.4454949854081045E-009
           7          10  -1.7611804315762369E-002
           7          11   3.4846209831241142E-011
           7          12   2.0528627679242846E-009
           7          13  -1.0922154848728692E-003
           7          14  -7.2148670975569619E-012
           7          15  -5.2937658616860062E-010
           7          16  -3.7201747527570181E-004
           7          17  -7.9028480403736090E-012
           7          18  -1.3684621552627926E-011
           7          19   3.6399734621842411E-010
           7          20   3.7106029211980106E-011
           7          21   4.2777252277441730E-010
           7          22   4.5484145182680550E-012
           7          23   3.0857961901732614E-011
           7          24   3.9681877608789130E-010
           7          25   3.5499203874105320E-010
           7          26  -1.7963497339462640E-012
           7          27   3.2554676592662214E-010
           7          28  -2.0773597085335641E-011
           7          29  -8.4805621538116919E-013
           7          30   3.0854856867483006E-010
           7          31   1.4231299014499065E-010
           7          32  -1.1773403052137625E-011
           7          33   1.2484978345507747E-010
           7          34  -1.5713354205908723E-012
           7          35  -3.2799081276696534E-011
           7          36   7.9371566825608833E-011
           7          37   1.0236858480068570E-002
           7          38  -3.4334239664021399E-011
           7          39   3.5933515625164664E-003
           7          40  -2.0099966721547855E-011
           7          41  -4.4016193914255773E-010
           7          42  -1.0189152454875637E-009
           7          43  -1.9124694543978839E-009
           7          44   4.5167340375353244E-003
           7          45  -9.2317939128094621E-013
           7          46   4.2140096328642833E-010
           7          47   8.3891542398138621E-004
           7          48  -1.4977107070631557E-011
           7          49   3.6438643977650305E-004
           7          50   5.8761792648522899E-011
           7          51   1.0224146934888392E-010
           7          52   9.2094958766298789E-012
           7          53   7.4103615825856536E-011
           7          54   3.7828522591573432E-004
           7          55   8.3200724332012558E-012
           7          56   1.9752546540506771E-010
           8           1  -1.7834548134441513E-012
           8           2   7.5374553560055861E-011
           8           3  -1.0220983219702815E-010
           8           4  -3.2125803371574517E-011
           8           5  -8.5582749604933758E-011
           8           6  -1.1855532068314832E-010
           8           7   3.1330087835795661E-012
           8           8   1.9979331107880358     
           8           9  -3.3979666691484098E-008
           8          10   4.6446298500988789E-011
           8          11  -1.7611804319085260E-002
           8          12   1.0525015862318609E-009
           8          13  -3.4310339286044185E-011
           8          14  -1.0922154390174902E-003
           8          15  -2.1101607171170648E-010
           8          16   4.4533393504817795E-012
           8          17  -3.7201744252705958E-004
           8          18   2.4965600512882125E-011
           8          19   1.0829179662402300E-010
           8          20   2.1654561947854235E-011
           8          21   1.6464179281276013E-011
           8          22   3.0330299818431470E-011
           8          23  -1.7382378505406868E-011
           8          24   5.7668974627532806E-011
           8          25   5.5529404504541884E-011
           8          26  -2.9434025363423559E-011
           8          27   5.3545100316820993E-011
           8          28  -3.0634389998502030E-011
           8          29  -3.6427423797795147E-012
           8          30   9.0038170172471989E-011
           8          31   9.1507614328167011E-011
           8          32   1.7674815621844069E-011
           8          33   1.0478168235558529E-010
           8          34   6.0507420161048508E-012
           8          35  -3.0164060625878223E-011
           8          36   4.6716898803244798E-011
           8          37   1.6485855897846421E-011
           8          38   3.5933515643881771E-003
           8          39  -1.1512933744324995E-011
           8          40   1.0236858402032718E-002
           8          41  -1.1051289709041397E-009
           8          42  -1.6671675052063246E-009
           8          43  -8.8273831001444197E-011
           8          44   8.0514709202095862E-012
           8          45   4.5167340451108574E-003
           8          46   4.0553653908463901E-010
           8          47  -3.2598472887573152E-011
           8          48   3.6438644529168240E-004
           8          49   3.8503174650242727E-012
           8          50   8.3891544151441441E-004
           8          51   3.9292943668577390E-011
           8          52  -4.9288700306422513E-012
           8          53   4.9003362393779693E-011
           8          54   4.1669512357471038E-011
           8          55   3.7828517879844514E-004
           8          56   5.7390962038270734E-011
           9           1  -1.5863948621106805E-013
           9           2  -2.1053554924584551E-012
           9           3  -8.5353267392694907E-012
           9           4   1.2817159990976748E-012
           9           5   1.0433430602834912E-011
           9           6   1.8070188242955804E-012
           9           7  -6.4454949854081045E-009
           9           8  -3.3979666691484098E-008
           9           9   1.9978683781582460     
           9          10   2.1116524760857757E-009
           9          11   1.0783940139913796E-009
           9          12  -1.8521659814400272E-002
           9          13  -5.3087450332406131E-010
           9          14  -1.9856878608189313E-010
           9          15  -8.9430848953537753E-004
           9          16  -6.1622494585431891E-011
           9          17  -2.1735252436006309E-011
           9          18  -3.4990925083643233E-004
           9          19   1.5629014705286172E-012
           9          20   2.5011525769105255E-012
           9          21  -1.8813953733466079E-012
           9          22  -8.8968963645520215E-011
           9          23  -7.1798138559626405E-011
           9          24   4.7281790043400939E-012
           9          25  -6.6888501357289823E-013
           9          26  -4.4099837207035438E-013
           9          27  -2.5727073791582244E-012
           9          28  -2.6156371442179590E-011
           9          29  -1.9290191936714211E-011
           9          30   4.4551447387393111E-012
           9          31  -1.1113604641214510E-013
           9          32   1.2332488730256290E-013
           9          33  -8.3999711516486776E-014
           9          34  -1.5241924424159810E-012
           9          35  -1.5266007522207841E-012
           9          36  -8.0000464078304398E-013
           9          37  -1.0243387644333128E-009
           9          38  -1.0902242410501530E-009
           9          39  -1.9152071700834026E-009
           9          40  -3.2817678693296222E-010
           9          41   4.6782242975580771E-003
           9          42   2.0862457360111470E-011
           9          43   4.6782242979195084E-003
           9          44   1.4690094321501762E-009
           9          45   8.8161623080854605E-010
           9          46   9.7170339856165171E-003
           9          47   2.3608870042180060E-010
           9          48   2.9858004476961730E-011
           9          49   8.7973681973216590E-011
           9          50   8.8107196213890440E-011
           9          51   3.3501513707666862E-004
           9          52  -2.0338035684590607E-013
           9          53   3.3501513705458126E-004
           9          54   8.6904417200028714E-011
           9          55   2.7538730353497373E-011
           9          56   7.6106321743485178E-004
          10           1  -3.4339050111096106E-012
          10           2  -4.4778385437026295E-011
          10           3  -2.0004844096018686E-010
          10           4   2.5895983716952253E-010
          10           5   4.9731100976571026E-010
          10           6   1.3888638550783001E-010
          10           7  -1.7611804315762369E-002
          10           8   4.6446298500988789E-011
          10           9   2.1116524760857757E-009
          10          10   1.8660120822185313     
          10          11   1.2231653458259269E-010
          10          12   2.2346018297250321E-008
          10          13   5.1698438293186474E-002
          10          14  -2.3258882984097164E-010
          10          15  -4.1326348155392675E-008
          10          16  -3.4606379348952536E-004
          10          17  -3.7687988373127451E-011
          10          18  -4.1785781421652274E-009
          10          19  -1.0502153377100703E-010
          10          20   2.7201471235544939E-010
          10          21   9.0207004773935404E-010
          10          22  -2.6107095885553466E-010
          10          23   5.5124467226923887E-010
          10          24  -7.0436251993095192E-010
          10          25   7.1529299937650894E-011
          10          26   4.6556639217608113E-011
          10          27   1.5247201163595656E-010
          10          28   3.6719514119439330E-013
          10          29  -7.1762894425263004E-012
          10          30  -1.6350007897475618E-010
          10          31   8.3002632611695790E-011
          10          32  -1.6328339527857215E-011
          10          33   1.1331587461159921E-010
          10          34  -1.0581988166090829E-011
          10          35   1.4289308800343219E-011
          10          36   1.4652149530612105E-011
          10          37   4.9442009187755279E-002
          10          38   2.4408211210875753E-010
          10          39   6.6057970218613340E-003
          10          40  -3.6373610241825169E-010
          10          41   1.4828096636482821E-008
          10          42  -8.9807255474745420E-009
          10          43  -2.7588131673730874E-008
          10          44   1.4330761769528643E-002
          10          45   2.0530843017896474E-010
          10          46   1.0262175639751950E-008
          10          47  -8.6876513001329318E-003
          10          48   2.8477708092180991E-011
          10          49  -7.4707857426803623E-003
          10          50   6.8980509520870598E-011
          10          51   7.3775514598653779E-009
          10          52  -3.6269557767871944E-009
          10          53   1.7594834893394221E-009
          10          54  -4.1576318529687800E-003
          10          55   1.2233375727030235E-010
          10          56   1.7743743700727352E-008
          11           1  -5.5091796959609502E-012
          11           2  -7.6691098542742936E-011
          11           3  -3.0083027530813116E-010
          11           4   2.4900912913490014E-010
          11           5   5.5875073677740861E-010
          11           6   1.3877407096515293E-010
          11           7   3.4846209831241142E-011
          11           8  -1.7611804319085260E-002
          11           9   1.0783940139913796E-009
          11          10   1.2231653458259269E-010
          11          11   1.8660120823512463     
          11          12   1.1813325732537352E-008
          11          13  -9.9512896328779367E-011
          11          14   5.1698438137965610E-002
          11          15  -2.2686323871912607E-008
          11          16  -2.2310271451989284E-011
          11          17  -3.4606380879410631E-004
          11          18  -2.3269752674292111E-009
          11          19   4.7475416088071012E-010
          11          20   5.1821068825355267E-010
          11          21   1.1314047134110597E-010
          11          22   4.0125741051436878E-010
          11          23   1.4303800830774928E-010
          11          24  -4.0811935187665530E-010
          11          25   8.3429612630676024E-011
          11          26   2.1046749607730192E-011
          11          27   9.3778416752342818E-011
          11          28   7.5274547686273274E-011
          11          29  -3.4720339170674754E-011
          11          30  -1.3192869558072133E-010
          11          31   9.9295657209485069E-011
          11          32  -1.0204610952358656E-011
          11          33   5.3589882843967063E-011
          11          34   4.0235895258337718E-012
          11          35  -2.5836687810379093E-013
          11          36   1.5738635107387010E-011
          11          37  -2.3344496096052155E-010
          11          38   6.6057970178867512E-003
          11          39   8.2256945898606026E-011
          11          40   4.9442009173260942E-002
          11          41  -1.7254770880484754E-008
          11          42  -1.4808097390420250E-008
          11          43   1.1424991632822295E-008
          11          44   2.1532885987748301E-010
          11          45   1.4330761760066448E-002
          11          46   4.9411324465745965E-009
          11          47   3.7285430301896153E-011
          11          48  -7.4707857035745413E-003
          11          49  -3.4682710838558809E-011
          11          50  -8.6876512413554992E-003
          11          51   6.4188820776969673E-010
          11          52  -5.7516185906349250E-009
          11          53   4.2775651004546067E-009
          11          54   1.0954524150253092E-010
          11          55  -4.1576318367949148E-003
          11          56   9.9877822850553956E-009
          12           1  -8.8652006257411474E-013
          12           2  -2.1313492215163127E-011
          12           3  -6.9120154848117809E-011
          12           4   1.2096239320989506E-010
          12           5   1.2867589431077050E-010
          12           6   2.2415677463061126E-011
          12           7   2.0528627679242846E-009
          12           8   1.0525015862318609E-009
          12           9  -1.8521659814400272E-002
          12          10   2.2346018297250321E-008
          12          11   1.1813325732537352E-008
          12          12   1.8523225538580603     
          12          13  -4.0225761561689662E-008
          12          14  -2.2034383574305488E-008
          12          15   7.4584534249134388E-002
          12          16  -4.0361734085335604E-009
          12          17  -2.2451538823228180E-009
          12          18   2.1104445390597399E-003
          12          19  -2.3852528563050869E-011
          12          20   1.3756824875717189E-010
          12          21   1.4995917664012536E-010
          12          22  -1.2549089360332171E-009
          12          23  -1.0915585810789711E-009
          12          24  -5.1974347949523118E-011
          12          25  -3.2922246236697809E-011
          12          26  -1.6626554350717464E-011
          12          27  -2.1753623360017579E-011
          12          28  -1.8897333509318586E-010
          12          29  -1.2096669676994894E-010
          12          30   3.9876237043902018E-011
          12          31   3.9630865382202209E-012
          12          32   3.8574342982054548E-012
          12          33   5.7400072175650562E-012
          12          34  -3.9523442206333728E-011
          12          35  -4.0259366834585082E-011
          12          36  -2.3012366993523032E-012
          12          37  -1.0670653924912682E-008
          12          38  -1.7218486358942965E-008
          12          39  -2.7520187937269102E-008
          12          40  -5.5164436196037764E-009
          12          41   2.4596490755163902E-002
          12          42   5.5797945137571665E-010
          12          43   2.4596490764582028E-002
          12          44   4.3164723121105996E-008
          12          45   2.5577890512843143E-008
          12          46   2.8676688194333590E-002
          12          47   1.5071910023063816E-008
          12          48   4.9338429853513792E-010
          12          49   1.5583713018302809E-009
          12          50   8.5114849738465674E-009
          12          51  -8.0362367813939534E-003
          12          52   8.4977558569971489E-011
          12          53  -8.0362367836634314E-003
          12          54   1.0173710972260387E-008
          12          55   5.8286398955460168E-009
          12          56  -1.9624574347861787E-002
          13           1   1.0758654815481697E-011
          13           2   7.1764561456271956E-011
          13           3   5.8516464347643277E-010
          13           4   1.0223988434362495E-010
          13           5  -1.0641965003145013E-009
          13           6  -2.9169679076697924E-010
          13           7  -1.0922154848728692E-003
          13           8  -3.4310339286044185E-011
          13           9  -5.3087450332406131E-010
          13          10   5.1698438293186474E-002
          13          11  -9.9512896328779367E-011
          13          12  -4.0225761561689662E-008
          13          13   1.6263200611600838E-003
          13          14  -1.9768622397625507E-011
          13          15  -2.4760817866845740E-009
          13          16   2.1541174031978433E-005
          13          17  -2.6100647620618340E-012
          13          18  -9.0451651520427402E-011
          13          19   1.6345144719458434E-010
          13          20   2.0131646567399901E-011
          13          21  -1.3612533883020290E-009
          13          22   4.5914579231109494E-010
          13          23  -1.0979317325058384E-010
          13          24   1.3059923866901731E-009
          13          25  -3.1304327201194099E-010
          13          26   5.7316403785367834E-013
          13          27  -7.5170200556180033E-010
          13          28   1.4938336265655501E-010
          13          29  -4.2535051680805480E-011
          13          30   3.9277048600831943E-010
          13          31  -3.0440975371854449E-010
          13          32  -1.8923781733781525E-013
          13          33  -3.0878382954531385E-010
          13          34   5.4355149443981246E-012
          13          35  -1.0590399985752601E-012
          13          36  -9.0882082272007307E-011
          13          37   1.3002073442609698E-003
          13          38   5.3194508524429960E-012
          13          39   4.0575361232642390E-004
          13          40  -1.1878023204486770E-011
          13          41   1.3862888610117412E-013
          13          42   8.7786329531621905E-011
          13          43  -9.8131390224772124E-010
          13          44   3.1208827306484349E-004
          13          45   7.1537105540723141E-013
          13          46  -6.8578748601304968E-010
          13          47  -3.3547072792446998E-004
          13          48   2.9193528465165269E-012
          13          49  -2.0797444537208913E-004
          13          50   7.5034976580101419E-012
          13          51   4.0231743239847692E-010
          13          52  -2.9150333984899918E-011
          13          53   2.2131343244922375E-010
          13          54  -1.7792054616025277E-004
          13          55   5.2141283360094306E-012
          13          56   6.2263968128156194E-010
          14           1   1.0204220380999535E-011
          14           2   7.1840439842206099E-011
          14           3   5.8550735849165012E-010
          14           4  -9.0212551758700343E-011
          14           5  -1.2422304838226266E-009
          14           6  -2.9325882950799249E-010
          14           7  -7.2148670975569619E-012
          14           8  -1.0922154390174902E-003
          14           9  -1.9856878608189313E-010
          14          10  -2.3258882984097164E-010
          14          11   5.1698438137965610E-002
          14          12  -2.2034383574305488E-008
          14          13  -1.9768622397625507E-011
          14          14   1.6263200488282421E-003
          14          15  -1.3609693706697814E-009
          14          16  -2.2350399101228163E-012
          14          17   2.1541173120567987E-005
          14          18  -5.1860945919873792E-011
          14          19  -1.0501714541419205E-009
          14          20   2.7732709860105487E-011
          14          21   6.0539863776727775E-010
          14          22  -5.4047209318745053E-010
          14          23   1.0505617895476689E-009
          14          24   5.3078192017561652E-010
          14          25  -6.1337703178421360E-010
          14          26  -6.5227149154243050E-014
          14          27  -1.4319464802700062E-010
          14          28  -1.7581982974096571E-010
          14          29   3.3118811407245410E-010
          14          30   8.5589165754005425E-011
          14          31  -2.7361305954498251E-010
          14          32  -4.7182153594529090E-014
          14          33  -2.6920455200943596E-010
          14          34  -6.6170883029281150E-012
          14          35   1.3014227695302677E-011
          14          36  -1.0617031539592761E-010
          14          37  -1.2963738194355277E-011
          14          38   4.0575360957588707E-004
          14          39   1.5062241244551703E-012
          14          40   1.3002073402800501E-003
          14          41  -5.7182410916720728E-010
          14          42   1.2248686302425352E-010
          14          43   8.1416086337865169E-011
          14          44   6.7650057445683933E-013
          14          45   3.1208827217367582E-004
          14          46  -4.0751924871686950E-010
          14          47   6.9835941426703656E-012
          14          48  -2.0797444317390956E-004
          14          49   1.8763382041692789E-012
          14          50  -3.3547072391624063E-004
          14          51   1.1738111452701964E-010
          14          52  -4.0825832626852177E-011
          14          53   2.2640935721741841E-010
          14          54   5.4396555859617936E-012
          14          55  -1.7792054452151442E-004
          14          56   3.4908470333274227E-010
