           1           1   2.0148259353353013     
           1           2  0.26030406100825648     
           1           3  0.90820265609323336     
           1           4  0.30646368572711330     
           1           5 -0.16661441556995818     
           1           6  -3.4300140201882282E-002
           1           7  -9.3233740222853237E-014
           1           8  -7.4108094542450144E-014
           1           9   1.9757203586573057E-013
           1          10   5.8319330249585170E-014
           1          11   1.7037323725371945E-014
           1          12  -1.8324624111307079E-013
           1          13  -1.0743189644250309E-014
           1          14   4.0091425243527150E-015
           1          15   1.7083160497974736E-014
           1          16  -2.3118613984717392E-015
           1          17  -1.7146750173715628E-015
           1          18   3.7037321076619472E-016
           1          19 -0.25032730335331799     
           1          20  -1.4679182931809850E-014
           1          21 -0.25032730335332587     
           1          22  -8.0935002704123607E-015
           1          23   1.1169520876812556E-014
           1          24 -0.25032730335336228     
           1          25  -4.6953085859003582E-002
           1          26   1.7316287572844835E-015
           1          27  -4.6953085859000758E-002
           1          28   2.5035672074601076E-015
           1          29  -9.0236190335540170E-016
           1          30  -4.6953085858994159E-002
           1          31   4.6070239854567131E-002
           1          32  -1.4603321006687188E-015
           1          33   4.6070239854564862E-002
           1          34   1.2889562776542419E-016
           1          35  -6.0477724997011838E-016
           1          36   4.6070239854566507E-002
           1          37  -2.6746088803801486E-014
           1          38  -9.1208097518899727E-015
           1          39  -7.3345942012486484E-015
           1          40  -6.0356296354773625E-015
           1          41   3.4366603641639343E-014
           1          42   2.9182106558154586E-015
           1          43   3.5043943034058670E-014
           1          44  -1.2982412137921613E-014
           1          45  -4.6461078053523649E-015
           1          46   7.1900871903467428E-014
           1          47   6.1244197560003059E-015
           1          48  -5.2074954912262605E-016
           1          49   3.1691471733430935E-015
           1          50   1.9485207207599671E-015
           1          51  -3.9872563295607330E-015
           1          52  -1.2043950912958966E-015
           1          53  -1.7601338896586038E-015
           1          54   4.1360713114016117E-015
           1          55  -2.2649276042859231E-015
           1          56  -4.7142461761286165E-015
           2           1  0.26030406100825648     
           2           2   6.5266878894896827     
           2           3   15.229770143618184     
           2           4   5.9982087687829884     
           2           5 -0.45812380781527218     
           2           6 -0.15131311952196594     
           2           7  -9.9397382034137332E-012
           2           8  -6.4848070218021278E-012
           2           9   1.7667287514260574E-011
           2          10   3.6162289513079903E-012
           2          11   1.8813561494299471E-012
           2          12  -7.4758359779948533E-012
           2          13  -2.3239912713598153E-013
           2          14  -1.1628162565112235E-013
           2          15   5.7494538640275083E-013
           2          16  -4.1284942265011935E-014
           2          17  -5.6687670286044914E-014
           2          18  -5.1602740167704585E-014
           2          19  -4.4983970159018858     
           2          20  -2.5695741233752825E-013
           2          21  -4.4983970159019160     
           2          22  -7.6207676601356430E-014
           2          23   1.9864340652987081E-013
           2          24  -4.4983970159023698     
           2          25  -1.7224888867036730     
           2          26   8.9780188923529636E-014
           2          27  -1.7224888867037085     
           2          28  -1.0350956221790921E-014
           2          29  -8.3311106691307037E-014
           2          30  -1.7224888867036403     
           2          31  0.15784393011984088     
           2          32  -3.1613388476181812E-014
           2          33  0.15784393011991288     
           2          34  -5.5270557977898252E-014
           2          35   4.8235912287694225E-015
           2          36  0.15784393011988213     
           2          37  -1.6446699241722851E-012
           2          38  -3.7095395144507182E-013
           2          39  -7.6201228385177222E-013
           2          40  -8.2835148000904374E-013
           2          41   1.4889880575913763E-012
           2          42   9.1789375848122533E-014
           2          43   1.4488864941970605E-012
           2          44  -7.6958272165827211E-013
           2          45  -4.3070643100481491E-013
           2          46   3.2331366460324720E-012
           2          47   1.0813718762685382E-013
           2          48  -1.2764469390921387E-014
           2          49   9.3456651324946111E-014
           2          50   1.2695590704477452E-013
           2          51  -1.0982375328847485E-013
           2          52  -1.1831383090127146E-014
           2          53  -4.9064023567036320E-014
           2          54   1.7027152453166656E-014
           2          55   3.8412008849540228E-015
           2          56  -1.8849939373068655E-013
           3           1  0.90820265609323336     
           3           2   15.229770143618184     
           3           3   51.731285642060413     
           3           4   19.723462003492909     
           3           5  -3.7325328712329804     
           3           6 -0.90806892510878356     
           3           7   4.1792143078433774E-012
           3           8   2.2978737673808676E-012
           3           9  -6.1453345518113537E-012
           3          10   3.5652885087328380E-013
           3          11  -5.8477926483957549E-013
           3          12  -3.7983275080279064E-012
           3          13  -3.7340542555121178E-013
           3          14   2.5759212570453840E-013
           3          15   5.5773028024613075E-013
           3          16  -1.1015239282685309E-013
           3          17  -4.7195676956634315E-014
           3          18   6.9695355310210898E-014
           3          19  -15.067338219165427     
           3          20  -6.1214054294206796E-013
           3          21  -15.067338219165915     
           3          22  -3.0943033006263359E-013
           3          23   4.4457989126796748E-013
           3          24  -15.067338219167397     
           3          25  -5.0047620823658168     
           3          26   1.1405322900930570E-013
           3          27  -5.0047620823656915     
           3          28  -7.3168917790196306E-014
           3          29  -1.0635229168162778E-013
           3          30  -5.0047620823653061     
           3          31   1.1083392579021507     
           3          32  -2.6303236294074017E-014
           3          33   1.1083392579021227     
           3          34   1.0074337114789033E-013
           3          35   1.7809961126736389E-014
           3          36   1.1083392579019913     
           3          37  -7.5397329585365230E-014
           3          38  -1.7547557880353781E-013
           3          39   2.4853331249463872E-014
           3          40   2.8438920440660161E-013
           3          41   6.5213754342719345E-013
           3          42   1.6059032133046276E-013
           3          43   6.4572918791990013E-013
           3          44   8.8399642312013107E-015
           3          45   1.0643078910220388E-013
           3          46   1.1962385888715363E-012
           3          47   2.9531658707056467E-013
           3          48  -3.1076438224836442E-014
           3          49   1.9084109447903813E-013
           3          50   2.1392434355568070E-014
           3          51  -9.3513845303890090E-014
           3          52  -4.2624082410689251E-014
           3          53  -1.9076051582754129E-013
           3          54   7.8282395710715157E-014
           3          55  -9.7918122968782506E-014
           3          56  -1.4785866813211928E-013
           4           1  0.30646368572711330     
           4           2   5.9982087687829884     
           4           3   19.723462003492909     
           4           4   7.5386501727864674     
           4           5  -1.3610702155008678     
           4           6 -0.33498509713034774     
           4           7   6.4905251757660996E-013
           4           8   2.3185490784375759E-013
           4           9  -4.7988270632593322E-013
           4          10   5.6878234520497881E-014
           4          11  -2.2955409962187023E-013
           4          12  -2.0981674737935982E-012
           4          13  -1.1665412401203625E-013
           4          14   9.8745144518658576E-014
           4          15   2.5559302563940108E-013
           4          16  -3.8395776247397877E-014
           4          17  -1.9736632691905823E-014
           4          18   2.0326462571062038E-014
           4          19  -5.7508271123565269     
           4          20  -2.8452766694852923E-013
           4          21  -5.7508271123567463     
           4          22  -1.4750880972227107E-013
           4          23   2.3797917148280717E-013
           4          24  -5.7508271123577517     
           4          25  -1.9322960096044377     
           4          26   5.9989897482338945E-014
           4          27  -1.9322960096043853     
           4          28  -1.9017587026525151E-014
           4          29  -6.1309239914596433E-014
           4          30  -1.9322960096041308     
           4          31  0.40626688850929848     
           4          32  -1.5861527293384411E-014
           4          33  0.40626688850929171     
           4          34   2.7939068220322448E-014
           4          35   1.1876776707334895E-014
           4          36  0.40626688850920628     
           4          37  -2.1206279053229923E-014
           4          38  -6.2257894862491407E-014
           4          39   8.6787789456999898E-015
           4          40   1.0020160477424714E-013
           4          41   3.7991599402832620E-013
           4          42   6.5397132524269021E-014
           4          43   3.7387608372504130E-013
           4          44   2.4108460549520412E-015
           4          45   3.1856323395548832E-014
           4          46   7.4783779989361552E-013
           4          47   9.7527970813891564E-014
           4          48  -1.6016993712284548E-014
           4          49   6.8639858110113129E-014
           4          50   1.0869893873849149E-014
           4          51  -4.4231181342537156E-014
           4          52  -1.6175039366017561E-014
           4          53  -7.3008499291497794E-014
           4          54   2.1610321026646915E-014
           4          55  -3.8090192520011185E-014
           4          56  -7.1955761208178225E-014
           5           1 -0.16661441556995818     
           5           2 -0.45812380781527218     
           5           3  -3.7325328712329804     
           5           4  -1.3610702155008678     
           5           5  0.47515228967804762     
           5           6  0.10279525419644411     
           5           7  -3.5423305695115220E-012
           5           8  -2.3540529839974388E-012
           5           9   6.6371929271588170E-012
           5          10   7.0039790140814587E-013
           5          11   3.8566317554235625E-013
           5          12  -1.7474531074211130E-012
           5          13   1.9718842482423372E-014
           5          14  -5.1136771469406448E-014
           5          15   8.9549619212159994E-014
           5          16   8.5992513030058898E-015
           5          17  -6.6303280919570741E-015
           5          18  -2.7592750196839182E-014
           5          19   1.0668350750227842     
           5          20  -2.0714918094577934E-014
           5          21   1.0668350750228810     
           5          22   2.4394343943497773E-014
           5          23   2.1343037187695609E-014
           5          24   1.0668350750225799     
           5          25  0.28100718596617213     
           5          26   1.9868085599048882E-014
           5          27  0.28100718596613372     
           5          28   9.2961882444938744E-015
           5          29  -1.6927757765561368E-014
           5          30  0.28100718596619445     
           5          31 -0.13408751970562127     
           5          32  -8.9038901354777906E-015
           5          33 -0.13408751970559193     
           5          34  -3.4033397490682990E-014
           5          35   1.2855247690675780E-015
           5          36 -0.13408751970561325     
           5          37  -3.5281998122284228E-013
           5          38  -3.5117252050576828E-014
           5          39  -1.7589952800893116E-013
           5          40  -1.8957650914450135E-013
           5          41   3.6536423357422312E-013
           5          42   2.3603352759520937E-015
           5          43   3.5380897658891197E-013
           5          44  -1.7537392409393070E-013
           5          45  -1.0017812506056714E-013
           5          46   8.2987685086783746E-013
           5          47  -2.8529660988516051E-014
           5          48  -4.5911651427826841E-015
           5          49  -8.2575578893568847E-015
           5          50   2.3456135631112125E-014
           5          51  -1.9115864062978264E-014
           5          52   3.3227975894316832E-015
           5          53   1.5725408145842250E-014
           5          54  -1.3851753820884047E-014
           5          55   1.1633146452547156E-014
           5          56  -3.5079676133322007E-014
           6           1  -3.4300140201882282E-002
           6           2 -0.15131311952196594     
           6           3 -0.90806892510878356     
           6           4 -0.33498509713034774     
           6           5  0.10279525419644411     
           6           6   2.2690188561182600E-002
           6           7  -6.3298732304272071E-013
           6           8  -4.5465062382393425E-013
           6           9   1.2554507601940677E-012
           6          10   1.8116516753690854E-013
           6          11   1.1791241888823695E-014
           6          12  -2.9649766293246790E-013
           6          13  -5.9630550212106262E-016
           6          14  -4.2872376132213674E-015
           6          15   1.2962898578107088E-014
           6          16   1.2836236023512886E-015
           6          17  -2.0069702604528540E-016
           6          18  -5.4451941131872951E-015
           6          19  0.26080783272995639     
           6          20  -6.7657337834912007E-016
           6          21  0.26080783272997499     
           6          22   5.6618093590277294E-015
           6          23  -1.6783426511370104E-015
           6          24  0.26080783272993047     
           6          25   7.3346397271284336E-002
           6          26   3.0023710692233689E-015
           6          27   7.3346397271277120E-002
           6          28   2.0484807619425577E-015
           6          29  -1.6827279369262112E-015
           6          30   7.3346397271285529E-002
           6          31  -2.9255631889457581E-002
           6          32  -1.4673689621651130E-015
           6          33  -2.9255631889452238E-002
           6          34  -6.6266761059407227E-015
           6          35  -1.3849342089662040E-016
           6          36  -2.9255631889455229E-002
           6          37  -8.4474325390854568E-014
           6          38   4.6950060876771498E-015
           6          39  -4.1321031637331976E-014
           6          40  -1.2648324093371253E-014
           6          41   6.3003060825879750E-014
           6          42  -2.9339305273182538E-016
           6          43   6.0939404928997763E-014
           6          44  -4.1153838120938142E-014
           6          45  -8.3513563591209352E-015
           6          46   1.4439049589088599E-013
           6          47  -3.7103350194396693E-015
           6          48  -1.9856781116252924E-015
           6          49  -1.1080028542047986E-015
           6          50   1.2582866263162203E-015
           6          51  -2.8589105009599464E-015
           6          52   7.9301048097760214E-016
           6          53   3.8864395996591192E-015
           6          54  -1.6158563911455821E-015
           6          55   1.2522087826349137E-015
           6          56  -5.2797882933478382E-015
           7           1  -9.3233740222853237E-014
           7           2  -9.9397382034137332E-012
           7           3   4.1792143078433774E-012
           7           4   6.4905251757660996E-013
           7           5  -3.5423305695115220E-012
           7           6  -6.3298732304272071E-013
           7           7   1.9975382224824727     
           7           8  -2.8310687127908210E-015
           7           9   8.3960616237175448E-015
           7          10  0.21142267859745639     
           7          11  -2.7089441800834218E-014
           7          12   1.0227929614285726E-014
           7          13  -5.6597671982260227E-002
           7          14  -1.5119849816612784E-014
           7          15  -3.2107996816845647E-014
           7          16  -1.0325174429459526E-002
           7          17   6.8669028796530952E-015
           7          18  -8.5020965961962134E-015
           7          19  -9.3517092790486088E-013
           7          20   4.2145581793834807E-015
           7          21  -9.2303331050731004E-013
           7          22  -2.5804774129343256E-014
           7          23   2.3987742563489078E-014
           7          24  -9.2762638737984019E-013
           7          25   8.7443019562023108E-013
           7          26  -8.4443290072578799E-015
           7          27   8.5381730973411801E-013
           7          28   3.8227212263649055E-014
           7          29  -1.0485337192052725E-014
           7          30   8.5372484043896836E-013
           7          31   9.0440389173047679E-013
           7          32   4.8029918465576935E-015
           7          33   9.1510213235014640E-013
           7          34  -6.1188856602874991E-015
           7          35  -3.0428349972583559E-014
           7          36   9.3758879408725397E-013
           7          37  -3.5658786933148057E-002
           7          38   3.1474822748115962E-014
           7          39  -1.5947094315504257E-002
           7          40  -1.4349632593287349E-014
           7          41   6.4358240960085182E-016
           7          42  -1.1339883311854804E-014
           7          43  -3.0062757838546091E-015
           7          44  -1.5947094315504395E-002
           7          45  -3.1086244689541878E-015
           7          46   2.3453461395468452E-015
           7          47   3.0949545807356350E-002
           7          48  -6.9302202865274224E-015
           7          49   1.3841057659572120E-002
           7          50   1.1147333056628651E-014
           7          51   1.5884212348214579E-014
           7          52   1.1116023987054588E-014
           7          53   1.0774367509289368E-014
           7          54   1.3841057659559121E-002
           7          55   2.3181109809477177E-014
           7          56   3.0132146777714716E-014
           8           1  -7.4108094542450144E-014
           8           2  -6.4848070218021278E-012
           8           3   2.2978737673808676E-012
           8           4   2.3185490784375759E-013
           8           5  -2.3540529839974388E-012
           8           6  -4.5465062382393425E-013
           8           7  -2.8310687127908210E-015
           8           8   1.9975382224824656     
           8           9  -1.2888995426538870E-015
           8          10  -2.2926105458486088E-014
           8          11  0.21142267859741382     
           8          12  -1.0685896612241949E-015
           8          13  -1.0644263248597134E-014
           8          14  -5.6597671982267866E-002
           8          15   1.8154748537838058E-014
           8          16  -8.0022793946817053E-015
           8          17  -1.0325174429492386E-002
           8          18   7.2815017904145430E-016
           8          19  -4.4723127255656172E-013
           8          20   2.0642836673014597E-015
           8          21  -4.5227604007798058E-013
           8          22   1.3956452004935296E-014
           8          23  -7.8342115004262678E-015
           8          24  -4.4133920845238470E-013
           8          25   6.2955364046089417E-013
           8          26   7.9052666915976656E-015
           8          27   6.2359692937944609E-013
           8          28  -1.1126029722179018E-014
           8          29   1.5211907234246628E-015
           8          30   6.1207327947447682E-013
           8          31   6.3569842242619522E-013
           8          32  -6.2486869735871272E-015
           8          33   6.3601349953645274E-013
           8          34  -2.4583730558037163E-015
           8          35   1.4707190555910421E-014
           8          36   6.3036839168526667E-013
           8          37   3.7136960173702361E-014
           8          38  -1.5947094315530375E-002
           8          39  -1.7499890425657883E-014
           8          40  -3.5658786933087883E-002
           8          41  -3.5336317205606437E-015
           8          42   6.7436502895310393E-015
           8          43  -3.1728092375575440E-015
           8          44  -5.1902926401265614E-015
           8          45  -1.5947094315518537E-002
           8          46  -4.8468173918711842E-015
           8          47   1.2836953722437576E-016
           8          48   1.3841057659598260E-002
           8          49   6.6327152103985462E-015
           8          50   3.0949545807343683E-002
           8          51  -8.6601732729456948E-015
           8          52  -6.1924120546701650E-015
           8          53  -2.8974218857510478E-015
           8          54   9.9104752182561837E-015
           8          55   1.3841057659583780E-002
           8          56  -1.1267028976470104E-014
           9           1   1.9757203586573057E-013
           9           2   1.7667287514260574E-011
           9           3  -6.1453345518113537E-012
           9           4  -4.7988270632593322E-013
           9           5   6.6371929271588170E-012
           9           6   1.2554507601940677E-012
           9           7   8.3960616237175448E-015
           9           8  -1.2888995426538870E-015
           9           9   1.9975382224824547     
           9          10   5.6926685587583159E-014
           9          11  -1.4224732503028183E-014
           9          12  0.21142267859741506     
           9          13   1.4764231504049185E-014
           9          14  -2.2557476719865402E-014
           9          15  -5.6597671982284242E-002
           9          16   2.2095606594387735E-014
           9          17   8.1748843805509685E-016
           9          18  -1.0325174429493109E-002
           9          19   1.1559544711814662E-012
           9          20   1.1639826197208013E-016
           9          21   1.1680655201666550E-012
           9          22  -1.7484796970880411E-014
           9          23   2.8901386352624376E-014
           9          24   1.1560141913265573E-012
           9          25  -1.8089295293268620E-012
           9          26  -1.2844421930879538E-014
           9          27  -1.8149676746783723E-012
           9          28   2.2253524149558750E-014
           9          29  -1.4922765932622268E-014
           9          30  -1.7962829452702850E-012
           9          31  -1.7805533188156452E-012
           9          32  -1.6622210042433196E-016
           9          33  -1.7787322873736152E-012
           9          34  -2.8562934662139543E-015
           9          35  -1.9227515961760463E-014
           9          36  -1.7724828537117207E-012
           9          37  -4.0072112295036325E-014
           9          38   2.2712734470971107E-014
           9          39   5.9709182043240290E-015
           9          40  -2.4483887139929915E-014
           9          41  -1.5947094315520639E-002
           9          42  -1.0759451616566627E-014
           9          43  -1.5947094315519141E-002
           9          44   2.2221807727383863E-015
           9          45   5.7315263646308842E-015
           9          46  -3.5658786933098541E-002
           9          47  -1.9689111452979229E-016
           9          48   4.4597572163019481E-015
           9          49  -1.4051476995850415E-014
           9          50   1.2579347286044236E-014
           9          51   1.3841057659607850E-002
           9          52   1.1001225294581946E-014
           9          53   1.3841057659594201E-002
           9          54  -2.6676143932704431E-014
           9          55   1.4450246554887636E-014
           9          56   3.0949545807362196E-002
          10           1   5.8319330249585170E-014
          10           2   3.6162289513079903E-012
          10           3   3.5652885087328380E-013
          10           4   5.6878234520497881E-014
          10           5   7.0039790140814587E-013
          10           6   1.8116516753690854E-013
          10           7  0.21142267859745639     
          10           8  -2.2926105458486088E-014
          10           9   5.6926685587583159E-014
          10          10   5.9660458148321176     
          10          11   9.7699626168391695E-015
          10          12  -4.4408920990176850E-015
          10          13 -0.57416458432666651     
          10          14   2.1815882433891820E-014
          10          15   2.1448121057041052E-014
          10          16  -7.1361815818799842E-002
          10          17  -1.1206313654817881E-014
          10          18  -1.4795456526601868E-014
          10          19  -1.7804506807465869E-013
          10          20   1.8511195323305423E-014
          10          21  -7.2013252930580583E-014
          10          22   3.4446519360209291E-014
          10          23  -1.9662267346341177E-014
          10          24  -1.2265048927978674E-013
          10          25  -1.9367099475981811E-013
          10          26  -1.3874712993671990E-014
          10          27  -2.7382120837323140E-013
          10          28  -4.1688199644108966E-015
          10          29   7.9671548457091623E-015
          10          30  -2.2044739559179230E-013
          10          31  -2.3366707045813764E-013
          10          32   2.0971059241573553E-014
          10          33  -1.8309312827851876E-013
          10          34  -1.2449691443473276E-014
          10          35  -4.5221326735243216E-015
          10          36  -2.0854718100573700E-013
          10          37  -2.2933680191007242     
          10          38  -3.4972025276201002E-015
          10          39  -1.0256253576266876     
          10          40  -6.4392935428765134E-015
          10          41  -2.4910629114932312E-014
          10          42   6.4173967763466853E-015
          10          43   5.2735593678974721E-016
          10          44  -1.0256253576267003     
          10          45  -1.9650947535891638E-014
          10          46   5.1070259134599680E-015
          10          47  0.26760875928153816     
          10          48  -1.6375789613221602E-014
          10          49  0.11967827542558816     
          10          50  -2.0067281170087846E-014
          10          51   1.1508155539619227E-014
          10          52  -1.3765335495523736E-015
          10          53   1.1043249648050204E-014
          10          54  0.11967827542559974     
          10          55  -1.3773704399262162E-014
          10          56  -4.1043557441781129E-015
          11           1   1.7037323725371945E-014
          11           2   1.8813561494299471E-012
          11           3  -5.8477926483957549E-013
          11           4  -2.2955409962187023E-013
          11           5   3.8566317554235625E-013
          11           6   1.1791241888823695E-014
          11           7  -2.7089441800834218E-014
          11           8  0.21142267859741382     
          11           9  -1.4224732503028183E-014
          11          10   9.7699626168391695E-015
          11          11   5.9660458148322189     
          11          12   1.9595436384501645E-014
          11          13   1.2601031329475215E-014
          11          14 -0.57416458432663509     
          11          15   9.4646512849458331E-015
          11          16   3.3237301799711522E-014
          11          17  -7.1361815818783925E-002
          11          18   1.1362438767659233E-015
          11          19   1.1044376978075508E-013
          11          20   1.6119560904097916E-014
          11          21   1.6382909746260858E-013
          11          22  -3.1064198725348032E-014
          11          23   6.7277774729834169E-014
          11          24   1.3598949575545372E-013
          11          25   4.7773809896801541E-015
          11          26   1.3274818405425845E-014
          11          27  -2.5172492576525463E-014
          11          28   4.2468301602083354E-014
          11          29  -2.9904340719973247E-014
          11          30  -5.7540894462499711E-014
          11          31  -1.0824726359940839E-013
          11          32  -2.4706562198161588E-014
          11          33  -7.6802643245813181E-014
          11          34  -2.3895402953044265E-014
          11          35  -4.3367367847590957E-016
          11          36  -7.9964093225195626E-014
          11          37   3.3972824553476110E-014
          11          38  -1.0256253576267067     
          11          39  -2.2926105458532214E-014
          11          40  -2.2933680191008232     
          11          41  -5.6482596377562706E-015
          11          42   4.4226269612525395E-015
          11          43  -1.2684298056318653E-014
          11          44   6.1062266352057535E-016
          11          45  -1.0256253576266949     
          11          46  -3.1391556021229127E-014
          11          47  -7.1470607210121264E-015
          11          48  0.11967827542558993     
          11          49  -1.5050460877567546E-014
          11          50  0.26760875928154354     
          11          51  -8.2156503822289778E-015
          11          52  -7.3588600343892598E-015
          11          53  -1.9097570747033298E-014
          11          54  -1.5390466678862206E-014
          11          55  0.11967827542558310     
          11          56   2.1298934838038877E-014
          12           1  -1.8324624111307079E-013
          12           2  -7.4758359779948533E-012
          12           3  -3.7983275080279064E-012
          12           4  -2.0981674737935982E-012
          12           5  -1.7474531074211130E-012
          12           6  -2.9649766293246790E-013
          12           7   1.0227929614285726E-014
          12           8  -1.0685896612241949E-015
          12           9  0.21142267859741506     
          12          10  -4.4408920990176850E-015
          12          11   1.9595436384501645E-014
          12          12   5.9660458148321789     
          12          13  -2.8831104170658273E-014
          12          14   1.2725931419758718E-014
          12          15 -0.57416458432659490     
          12          16  -1.9101907555703099E-014
          12          17  -6.3638330716135142E-015
          12          18  -7.1361815818776500E-002
          12          19   1.3190817076721598E-012
          12          20   1.3186522157959788E-014
          12          21   1.3327053007610393E-012
          12          22   3.1277843908089939E-014
          12          23  -2.6057945440147620E-014
          12          24   1.3301087668684882E-012
          12          25   1.1605313684141967E-012
          12          26  -2.9729577577968855E-015
          12          27   1.1648988845789490E-012
          12          28  -2.2892815556139298E-014
          12          29   1.2613793914123633E-014
          12          30   1.1616372506076214E-012
          12          31   4.4944705617089276E-013
          12          32   8.2130906415829372E-015
          12          33   4.3853305393394204E-013
          12          34  -7.2166508081556705E-016
          12          35  -2.4377093977695846E-015
          12          36   4.5825816024358706E-013
          12          37   1.9706458689108992E-015
          12          38  -2.8949065367052167E-014
          12          39  -5.8564264548122135E-015
          12          40   1.5043521983719408E-014
          12          41  -1.0256253576266967     
          12          42  -4.7340114012895909E-017
          12          43  -1.0256253576266858     
          12          44  -3.3584246494039199E-015
          12          45   7.6327832943232705E-015
          12          46  -2.2933680191007912     
          12          47   1.7128659601748665E-014
          12          48   4.6837533851427316E-016
          12          49   9.6277152916439943E-015
          12          50  -1.9709928134059854E-014
          12          51  0.11967827542556772     
          12          52   3.1679655117629650E-015
          12          53  0.11967827542556372     
          12          54   2.0521778720790621E-014
          12          55  -1.4033912920592325E-015
          12          56  0.26760875928150052     
          13           1  -1.0743189644250309E-014
          13           2  -2.3239912713598153E-013
          13           3  -3.7340542555121178E-013
          13           4  -1.1665412401203625E-013
          13           5   1.9718842482423372E-014
          13           6  -5.9630550212106262E-016
          13           7  -5.6597671982260227E-002
          13           8  -1.0644263248597134E-014
          13           9   1.4764231504049185E-014
          13          10 -0.57416458432666651     
          13          11   1.2601031329475215E-014
          13          12  -2.8831104170658273E-014
          13          13   5.5917202391337517E-002
          13          14  -2.8206603719394006E-015
          13          15   9.4195484744599711E-016
          13          16   7.0097862895513990E-003
          13          17   8.4177456671888476E-016
          13          18   1.8330606130206010E-015
          13          19   1.0941712352342816E-013
          13          20  -2.6832464197336792E-015
          13          21   9.8355177979253937E-014
          13          22  -3.0081305392724530E-015
          13          23   1.6240684116947531E-015
          13          24   1.0764041399974215E-013
          13          25   2.7070713942852691E-014
          13          26   1.6936988661622383E-015
          13          27   3.5287879753851647E-014
          13          28  -2.5054492295151817E-016
          13          29  -6.1690338377921981E-016
          13          30   2.9074650002916790E-014
          13          31  -6.8684077531522832E-016
          13          32  -2.1609184841848904E-015
          13          33  -5.7741394929912104E-015
          13          34   1.2863453808093268E-015
          13          35   1.0014695557766436E-015
          13          36  -3.3923539686213615E-015
          13          37  0.21987991015790434     
          13          38  -2.6298407895733359E-015
          13          39   9.8333285199926956E-002
          13          40  -4.4408920984931825E-015
          13          41   7.5842110369566488E-015
          13          42  -4.0689236624147154E-016
          13          43   5.2215176626765003E-015
          13          44   9.8333285199928192E-002
          13          45  -4.5102810375008411E-016
          13          46   1.1129985821840020E-014
          13          47  -2.6145349449326429E-002
          13          48   1.8899812270768102E-015
          13          49  -1.1692555732836476E-002
          13          50   2.1545265571614558E-015
          13          51  -1.8693813857978975E-015
          13          52  -7.0901983078368007E-017
          13          53  -1.7319045503256664E-015
          13          54  -1.1692555732837343E-002
          13          55   1.0920084281283299E-015
          13          56  -1.2294852635960554E-015
          14           1   4.0091425243527150E-015
          14           2  -1.1628162565112235E-013
          14           3   2.5759212570453840E-013
          14           4   9.8745144518658576E-014
          14           5  -5.1136771469406448E-014
          14           6  -4.2872376132213674E-015
          14           7  -1.5119849816612784E-014
          14           8  -5.6597671982267866E-002
          14           9  -2.2557476719865402E-014
          14          10   2.1815882433891820E-014
          14          11 -0.57416458432663509     
          14          12   1.2725931419758718E-014
          14          13  -2.8206603719394006E-015
          14          14   5.5917202391331022E-002
          14          15  -2.1926904736338338E-015
          14          16  -3.2252846227101113E-015
          14          17   7.0097862895500476E-003
          14          18  -2.0046898169251549E-016
          14          19  -6.5309734330110949E-014
          14          20   3.7784090227076577E-015
          14          21  -7.3323174813293234E-014
          14          22   1.7572648857618917E-015
          14          23  -8.4491485948227026E-015
          14          24  -7.7381830961240751E-014
          14          25  -2.1166772777017465E-014
          14          26  -2.7798471017791087E-015
          14          27  -1.7429262187860928E-014
          14          28  -3.6125597959256909E-015
          14          29   3.3822247478575002E-015
          14          30  -1.2461340009763469E-014
          14          31   1.4734135537048456E-014
          14          32   2.9155692041980025E-015
          14          33   1.1475945618739290E-014
          14          34   2.2503363587143643E-015
          14          35  -4.0389612767125601E-016
          14          36   1.1345444740046918E-014
          14          37  -1.2906342661270324E-014
          14          38   9.8333285199922210E-002
          14          39  -1.5196177649569566E-015
          14          40  0.21987991015789693     
          14          41  -2.1510571102099195E-015
          14          42  -5.4561515269547033E-016
          14          43  -1.4866580189108357E-015
          14          44  -3.9829251008439789E-015
          14          45   9.8333285199920892E-002
          14          46  -3.0773994463803188E-015
          14          47   1.4797191250088996E-015
          14          48  -1.1692555732836375E-002
          14          49   1.6757428777940078E-015
          14          50  -2.6145349449325051E-002
          14          51   1.1175955993979187E-015
          14          52   8.1625767904195150E-016
          14          53   2.0526115529493014E-015
          14          54   1.6488546639161587E-015
          14          55  -1.1692555732835459E-002
          14          56  -1.4402541659299614E-015
