           1           1   2.0002063169525348     
           1           2   3.8372058399665067E-003
           1           3   1.3103586896644970E-002
           1           4   5.2064532870296481E-003
           1           5  -1.8041039531205463E-002
           1           6  -2.8720702460802985E-004
           1           7  -1.0979938266392004E-011
           1           8  -6.5574296342739170E-011
           1           9   2.5698090099550523E-011
           1          10   3.4150073426252053E-011
           1          11  -1.4702891784350205E-010
           1          12  -2.6558517032480601E-010
           1          13   2.4829461425127484E-011
           1          14  -2.6378353174983328E-011
           1          15   5.3327123722264680E-011
           1          16   3.5960592714711841E-011
           1          17  -3.6344247427900456E-011
           1          18   4.3398057379116245E-011
           1          19   9.9437018239429287E-004
           1          20   3.3027212156887296E-010
           1          21   9.9436837139484568E-004
           1          22   2.2005300674613991E-010
           1          23   8.3543686070623309E-010
           1          24   9.9436815636612429E-004
           1          25  -9.0429917236298728E-004
           1          26   7.5674305023246754E-011
           1          27  -9.0429955246576553E-004
           1          28   4.3537669446145205E-011
           1          29   1.7798087849383411E-010
           1          30  -9.0429960369988664E-004
           1          31   3.6561934901107864E-003
           1          32   2.3785405539043317E-012
           1          33   3.6561934875002523E-003
           1          34  -3.4289298549426230E-012
           1          35   3.8214225467159524E-012
           1          36   3.6561934925964969E-003
           1          37  -6.1211327410569919E-013
           1          38  -2.3595625350630099E-012
           1          39  -6.0773551354564286E-013
           1          40  -2.7477909381442054E-012
           1          41  -2.6713884339702437E-012
           1          42   3.4715962781367262E-013
           1          43  -1.0737385603492292E-012
           1          44   1.3053576706406397E-012
           1          45   1.6158127258988494E-012
           1          46  -3.5720487813981536E-012
           1          47   3.2310358651244029E-012
           1          48  -3.6786036326759984E-012
           1          49   1.8353640824538896E-012
           1          50  -5.0471616363557780E-012
           1          51  -3.0469384494807667E-012
           1          52   1.1893977152222521E-012
           1          53  -4.7364755081079200E-013
           1          54   4.9061906263695749E-012
           1          55   1.7006829579459709E-012
           1          56  -5.0972358992785671E-013
           2           1   3.8372058399665067E-003
           2           2   2.0812592315398781     
           2           3  0.22651353605102648     
           2           4  0.11965227675567272     
           2           5  -4.8041507603982583E-002
           2           6   1.5779389771450019E-003
           2           7  -8.2460443977954774E-011
           2           8  -5.6966260805050830E-010
           2           9   2.7832597555586741E-010
           2          10   3.5746094434423137E-010
           2          11  -1.0485991494091865E-009
           2          12  -2.7244926717212641E-009
           2          13   1.9753541166880354E-010
           2          14  -1.9989289081622964E-010
           2          15   4.2021699608924464E-010
           2          16   2.8074971343351427E-010
           2          17  -2.8334746996247491E-010
           2          18   3.3904908720782482E-010
           2          19  -3.1578690677163790E-002
           2          20   2.3342865196234856E-009
           2          21  -3.1578700595311114E-002
           2          22   1.6320903138383491E-009
           2          23   4.6786954980437631E-009
           2          24  -3.1578703198533134E-002
           2          25  -5.2455535689304528E-002
           2          26   5.4163438644898232E-010
           2          27  -5.2455537760166801E-002
           2          28   3.3578622326869523E-010
           2          29   9.9455525100982340E-010
           2          30  -5.2455538377847645E-002
           2          31  -2.6380439848883268E-003
           2          32   1.7994888796435732E-011
           2          33  -2.6380439948263121E-003
           2          34  -3.0626378743636293E-011
           2          35   2.6408368781001863E-011
           2          36  -2.6380439537491930E-003
           2          37  -3.4661111348568160E-011
           2          38  -1.7322686779558013E-011
           2          39  -3.2069263519576809E-011
           2          40  -1.3487911188082363E-013
           2          41  -4.5825412579479983E-012
           2          42  -7.5549664957613990E-012
           2          43   2.5121913574949891E-011
           2          44  -2.7301278718876637E-012
           2          45   5.8534253310916160E-011
           2          46   2.7358580986000965E-011
           2          47   2.4138294407605335E-011
           2          48  -2.8197951158978094E-011
           2          49   1.3873619788777772E-011
           2          50  -3.9885223713181468E-011
           2          51  -2.5203190251304418E-011
           2          52   8.1726525307603288E-012
           2          53  -5.2476227378015681E-012
           2          54   3.5355420321490247E-011
           2          55   1.1899694894244872E-011
           2          56  -8.9753760866825026E-012
           3           1   1.3103586896644970E-002
           3           2  0.22651353605102648     
           3           3   2.6430756207071338     
           3           4  0.22581043897448158     
           3           5 -0.50728901076636146     
           3           6   9.6987653225390647E-004
           3           7  -3.3827770290536218E-010
           3           8  -2.0964852646713706E-009
           3           9   8.0188781746081817E-010
           3          10   4.7119054926975345E-010
           3          11  -3.3872555454021120E-009
           3          12  -6.2037615467374208E-009
           3          13   8.6937262114892115E-010
           3          14  -7.2558401392161093E-010
           3          15   2.7983270424094124E-009
           3          16   1.3706244433384380E-009
           3          17  -1.3844107561974030E-009
           3          18   1.7598110048666674E-009
           3          19  -6.0750483776629602E-002
           3          20   1.4474038043934591E-008
           3          21  -6.0750537902754281E-002
           3          22   7.2694428325977049E-009
           3          23   2.3127835068180846E-008
           3          24  -6.0750553434544358E-002
           3          25  -7.1846623717522096E-002
           3          26   3.7332045154448253E-009
           3          27  -7.1846634724207631E-002
           3          28   1.3380603647502319E-009
           3          29   4.8623687149133477E-009
           3          30  -7.1846639139846805E-002
           3          31   7.4183709982113724E-002
           3          32   2.6354710117935776E-011
           3          33   7.4183709886902149E-002
           3          34  -1.4702358726891291E-010
           3          35   1.5818836131656815E-010
           3          36   7.4183710232560457E-002
           3          37  -1.1459300985544857E-010
           3          38  -2.3694241421975911E-010
           3          39  -2.5778481092441945E-010
           3          40  -1.2850877896065710E-010
           3          41  -3.0104565666230897E-010
           3          42  -1.3966723453561070E-010
           3          43   1.3551915631693947E-010
           3          44  -4.4635661269855225E-011
           3          45   6.2983386648955649E-010
           3          46  -3.6742432968425504E-012
           3          47   2.5623156192688929E-010
           3          48  -1.8114801977170530E-010
           3          49   1.1682143613030891E-010
           3          50  -3.2802995719547803E-010
           3          51  -2.4941725239898239E-010
           3          52  -7.2318675989412664E-012
           3          53  -1.2719039464117490E-010
           3          54   1.4783972841134381E-010
           3          55   3.6629241194762339E-012
           3          56  -3.3899564793362428E-010
           4           1   5.2064532870296481E-003
           4           2  0.11965227675567272     
           4           3  0.22581043897448158     
           4           4  0.14686834685493003     
           4           5  0.29403037683644417     
           4           6   2.3507398077468343E-002
           4           7  -2.2010169461418667E-010
           4           8  -1.7527493757701029E-009
           4           9   7.6707090771996622E-010
           4          10   1.1469764433722040E-009
           4          11  -6.3641805097848919E-009
           4          12  -4.5901749707261935E-009
           4          13  -1.7199755866321992E-009
           4          14   1.8148656962204284E-009
           4          15  -3.5483142838293294E-009
           4          16  -2.4962159594436363E-009
           4          17   2.5665993107637857E-009
           4          18  -2.8748633307641593E-009
           4          19  -7.3534288331332824E-003
           4          20   2.9131793439868543E-008
           4          21  -7.3534976298006965E-003
           4          22   7.7788839673041121E-009
           4          23   3.0601770426560556E-008
           4          24  -7.3535364011231980E-003
           4          25   1.5326619842753832E-002
           4          26   5.9684299767422254E-009
           4          27   1.5326605163500149E-002
           4          28   1.8278204395954833E-009
           4          29   6.3812146950677271E-009
           4          30   1.5326596960615757E-002
           4          31   8.3468188353645022E-003
           4          32  -6.6291511762409641E-011
           4          33   8.3468185269256461E-003
           4          34   2.8612764494146526E-010
           4          35  -3.3306103600864196E-011
           4          36   8.3468181140017514E-003
           4          37   1.1712002046896929E-010
           4          38  -9.9629195192812721E-012
           4          39   7.8585812561562006E-012
           4          40  -9.4624318163769047E-011
           4          41  -4.6386022190224708E-011
           4          42  -7.1388811474000512E-011
           4          43  -9.0456389237911200E-012
           4          44  -8.5920416529826637E-011
           4          45  -3.8991937977767718E-011
           4          46  -4.3919271015003649E-011
           4          47  -1.4803974941745739E-010
           4          48   2.0266270451611129E-010
           4          49  -9.8461736482118093E-011
           4          50   2.1605200515582432E-010
           4          51   1.1105407450784532E-010
           4          52  -1.0444295389240439E-010
           4          53  -5.6241557563859754E-011
           4          54  -3.4643978962704493E-010
           4          55  -1.7610085044069071E-010
           4          56  -1.9570461340505396E-010
           5           1  -1.8041039531205463E-002
           5           2  -4.8041507603982583E-002
           5           3 -0.50728901076636146     
           5           4  0.29403037683644417     
           5           5   1.0265859856495381     
           5           6   6.4075272892241297E-002
           5           7   2.0630132209032500E-010
           5           8   9.5233395799264588E-010
           5           9  -6.4268305677587919E-011
           5          10  -8.1157571779992060E-010
           5          11   9.2291297042397435E-009
           5          12   7.9956877352124689E-009
           5          13  -5.1512124644982891E-009
           5          14   5.5105363008150160E-009
           5          15  -1.0846567706374149E-008
           5          16  -7.4663699771376090E-009
           5          17   7.5995514291569332E-009
           5          18  -8.7419886769293251E-009
           5          19   9.2780005892522735E-003
           5          20   2.3361288287384547E-012
           5          21   9.2781671504958332E-003
           5          22  -9.5416269890430421E-009
           5          23  -7.8019128489974275E-008
           5          24   9.2781200132386332E-003
           5          25   7.9164393744756451E-002
           5          26  -8.3991056776791795E-010
           5          27   7.9164428537424836E-002
           5          28  -1.4404611929729584E-009
           5          29  -1.6788250403026546E-008
           5          30   7.9164419056789614E-002
           5          31  -7.5292563576282263E-003
           5          32  -3.7690800503510270E-010
           5          33  -7.5292563512894938E-003
           5          34   7.8473533888262648E-010
           5          35  -5.3370216236908336E-010
           5          36  -7.5292575076222716E-003
           5          37   3.3521649994152823E-010
           5          38   2.0393744816538897E-010
           5          39   1.1543908105490173E-010
           5          40   8.4977550963762550E-011
           5          41   8.3310219096561198E-011
           5          42  -1.3742263576656009E-010
           5          43   6.9393288090085698E-013
           5          44  -2.3516828475473778E-010
           5          45  -2.4630084471968980E-010
           5          46   6.7665537912937179E-011
           5          47  -5.3072488000535706E-010
           5          48   6.8134239353858327E-010
           5          49  -3.2746619129040764E-010
           5          50   8.3582620490192279E-010
           5          51   4.4190957880240415E-010
           5          52  -2.8553552246388068E-010
           5          53  -7.1977786694492255E-011
           5          54  -1.0257161887750938E-009
           5          55  -4.4324347094283841E-010
           5          56  -3.3114438717001295E-010
           6           1  -2.8720702460802985E-004
           6           2   1.5779389771450019E-003
           6           3   9.6987653225390647E-004
           6           4   2.3507398077468343E-002
           6           5   6.4075272892241297E-002
           6           6   4.4463276233120009E-003
           6           7  -5.7530119860533082E-012
           6           8  -1.0330265139271690E-010
           6           9   3.9310687523747907E-011
           6          10  -1.7042861511977610E-010
           6          11  -1.1788024612759975E-009
           6          12   1.1290476724711604E-009
           6          13  -3.3969102766267413E-010
           6          14   3.5126143945840110E-010
           6          15  -6.9981372991591808E-010
           6          16  -4.9222042135897833E-010
           6          17   5.0634095719189456E-010
           6          18  -5.7643387711827000E-010
           6          19  -2.0969062755693167E-004
           6          20  -4.2708574606452792E-009
           6          21  -2.0967521578840476E-004
           6          22  -1.2738119486763343E-008
           6          23  -1.2630022509521038E-008
           6          24  -2.0966780570194225E-004
           6          25   4.4545657786779214E-003
           6          26  -9.5366714805993224E-010
           6          27   4.4545690156325771E-003
           6          28  -2.6608804920693999E-009
           6          29  -2.6937460135279625E-009
           6          30   4.4545706054451538E-003
           6          31   4.8464500577447673E-004
           6          32  -3.6698927501290445E-011
           6          33   4.8464501642023986E-004
           6          34   2.1870823185042644E-011
           6          35  -5.2408456919025698E-011
           6          36   4.8464497154580562E-004
           6          37   2.0216115714147243E-011
           6          38   1.9338160808340169E-012
           6          39   3.8397749478566126E-012
           6          40  -1.5840708457880938E-011
           6          41   4.9971923383331669E-012
           6          42  -1.1406904133102563E-011
           6          43   5.2348960607259605E-012
           6          44  -1.7471323234855207E-011
           6          45  -1.7381421346849008E-011
           6          46   1.2088591189408484E-011
           6          47  -3.2949631587322766E-011
           6          48   4.1198076307143042E-011
           6          49  -2.0937357703235482E-011
           6          50   4.5688517511123343E-011
           6          51   2.8653268015562678E-011
           6          52  -1.9847498118968377E-011
           6          53  -5.1858947838357589E-012
           6          54  -6.8713136416891030E-011
           6          55  -3.4032103152640172E-011
           6          56  -2.4078225078659330E-011
           7           1  -1.0979938266392004E-011
           7           2  -8.2460443977954774E-011
           7           3  -3.3827770290536218E-010
           7           4  -2.2010169461418667E-010
           7           5   2.0630132209032500E-010
           7           6  -5.7530119860533082E-012
           7           7   1.9989681371632204     
           7           8  -4.4640160933362475E-012
           7           9   1.2138153752905180E-012
           7          10  -8.5470224974563414E-003
           7          11   2.8598818057702762E-013
           7          12   2.2625000473599290E-011
           7          13  -2.7943421291060813E-003
           7          14   7.7191170427869247E-012
           7          15  -2.7710821420606781E-011
           7          16  -6.0921977067172526E-004
           7          17   1.2159921392323121E-011
           7          18   2.6887661808235109E-012
           7          19  -1.5766736064868539E-010
           7          20  -3.8031777797866219E-012
           7          21   5.5631642689697027E-011
           7          22  -1.0484800576516625E-010
           7          23  -4.9929737823271653E-011
           7          24   3.8412668628452703E-010
           7          25   1.2966646404257225E-011
           7          26   3.4117712550329057E-011
           7          27   9.7074343747818721E-011
           7          28   2.2753017025876887E-011
           7          29  -1.4054033819452259E-011
           7          30   1.6817521566256437E-010
           7          31  -1.0302617094740380E-011
           7          32   3.1911235954191924E-012
           7          33  -1.6873075522536895E-011
           7          34  -7.0808887617219488E-012
           7          35   1.1905120337396290E-012
           7          36  -2.2518872123310501E-011
           7          37   5.3660804290352627E-003
           7          38   1.5406321382552991E-011
           7          39   2.3997840564161477E-003
           7          40   8.8369445946597340E-013
           7          41  -2.1522403524609507E-013
           7          42   4.1582745043076957E-012
           7          43  -1.5320995851165888E-011
           7          44   2.3997840872217882E-003
           7          45   2.0404966316871395E-011
           7          46   1.3285751338643933E-011
           7          47   1.6546348204483068E-003
           7          48  -2.6643963245845891E-012
           7          49   7.3997519861167813E-004
           7          50  -5.3707133407641986E-012
           7          51   1.1842979375562295E-011
           7          52  -5.4689420436003862E-012
           7          53   2.2947996624184856E-012
           7          54   7.3997519110201152E-004
           7          55  -5.3377073631284339E-012
           7          56   8.3384828701801747E-012
           8           1  -6.5574296342739170E-011
           8           2  -5.6966260805050830E-010
           8           3  -2.0964852646713706E-009
           8           4  -1.7527493757701029E-009
           8           5   9.5233395799264588E-010
           8           6  -1.0330265139271690E-010
           8           7  -4.4640160933362475E-012
           8           8   1.9989681371600554     
           8           9   2.7870239313804530E-012
           8          10  -1.5512174581474878E-010
           8          11  -8.5470224380598085E-003
           8          12   1.2410331845630026E-010
           8          13   2.1411534256176228E-010
           8          14  -2.7943421898996130E-003
           8          15   5.1807786948240112E-011
           8          16   6.4071786551036190E-011
           8          17  -6.0921974896691869E-004
           8          18   3.0105150952176985E-012
           8          19  -1.7839043013111856E-012
           8          20  -9.6290738772282765E-011
           8          21   6.9705316594168683E-010
           8          22   1.2686921061246569E-010
           8          23  -5.0872154091899240E-011
           8          24   8.8974388503443688E-010
           8          25   2.6692252267680429E-010
           8          26  -5.0044246300599035E-011
           8          27   5.0567075110665082E-010
           8          28  -3.3710132236035617E-011
           8          29   1.1506515329154687E-011
           8          30   5.0028356965221929E-010
           8          31  -1.9234722923591766E-010
           8          32   7.8437093168841565E-012
           8          33  -2.6273421944980621E-010
           8          34   7.8888227949454518E-012
           8          35   5.2051544951306615E-011
           8          36  -2.0083067625130085E-010
           8          37  -2.7504486809800976E-011
           8          38   2.3997840408227283E-003
           8          39  -4.7839414872921733E-011
           8          40   5.3660804388639309E-003
           8          41   4.1925695706629583E-013
           8          42  -2.8336915873101756E-011
           8          43  -6.9845889957088431E-011
           8          44   4.1442730519555562E-011
           8          45   2.3997841470642890E-003
           8          46   3.1802427805390609E-012
           8          47  -1.5695542598862009E-010
           8          48   7.3997521796234276E-004
           8          49  -5.7228584635674849E-011
           8          50   1.6546348425012587E-003
           8          51  -6.1178718855569967E-011
           8          52  -4.7428249241940463E-011
           8          53  -2.9466797144871639E-011
           8          54  -7.7486486049888875E-011
           8          55   7.3997514745347101E-004
           8          56   6.1423173064930932E-012
           9           1   2.5698090099550523E-011
           9           2   2.7832597555586741E-010
           9           3   8.0188781746081817E-010
           9           4   7.6707090771996622E-010
           9           5  -6.4268305677587919E-011
           9           6   3.9310687523747907E-011
           9           7   1.2138153752905180E-012
           9           8   2.7870239313804530E-012
           9           9   1.9989681371655919     
           9          10   3.4479956617772642E-011
           9          11   1.2251471680052801E-011
           9          12  -8.5470223482472726E-003
           9          13  -4.6811150228663090E-011
           9          14   1.8268301684071976E-011
           9          15  -2.7943421665698517E-003
           9          16  -2.2913003986791164E-011
           9          17  -9.0335736632451843E-013
           9          18  -6.0921977127996300E-004
           9          19   1.5677147203685564E-010
           9          20  -5.1987119218226515E-011
           9          21  -3.7661284475956720E-010
           9          22   1.0036996720547629E-010
           9          23   2.9293428110365372E-010
           9          24  -4.7538408124650912E-010
           9          25  -1.2747131777488031E-010
           9          26  -1.7632631744714659E-011
           9          27  -2.5117615949285103E-010
           9          28  -1.7001948546847112E-011
           9          29   7.8552154909690527E-011
           9          30  -1.2956286286663881E-010
           9          31   7.1515763035552202E-011
           9          32   5.6904149549433622E-013
           9          33   7.1128095290641343E-011
           9          34   3.2304136702848914E-012
           9          35  -1.8760914777366064E-011
           9          36   2.9653028749088577E-011
           9          37   3.8851871991097246E-012
           9          38   3.0951185422592517E-012
           9          39  -1.0732323752569380E-011
           9          40  -8.5845535850581805E-012
           9          41   2.3997840847695077E-003
           9          42   5.9913819760092999E-012
           9          43   2.3997841176762146E-003
           9          44   1.1885888879102685E-011
           9          45  -1.4600881752642093E-011
           9          46   5.3660803805717170E-003
           9          47   4.1843082314153021E-011
           9          48  -2.2227420057835211E-012
           9          49   1.3418547129202739E-011
           9          50  -5.5207937278802010E-012
           9          51   7.3997522128883353E-004
           9          52   1.0974062379560129E-011
           9          53   7.3997519832731673E-004
           9          54   6.4585848133483978E-012
           9          55   6.4941432453528548E-012
           9          56   1.6546348393979456E-003
          10           1   3.4150073426252053E-011
          10           2   3.5746094434423137E-010
          10           3   4.7119054926975345E-010
          10           4   1.1469764433722040E-009
          10           5  -8.1157571779992060E-010
          10           6  -1.7042861511977610E-010
          10           7  -8.5470224974563414E-003
          10           8  -1.5512174581474878E-010
          10           9   3.4479956617772642E-011
          10          10   1.9351998229249752     
          10          11  -3.5908641587888483E-010
          10          12   5.3560221367853744E-010
          10          13   1.4887911680925292E-002
          10          14   9.3161133403264092E-010
          10          15  -4.3437056174691781E-010
          10          16  -5.8464962253683105E-003
          10          17   3.9104280006563188E-011
          10          18  -2.6398046132517440E-010
          10          19  -7.1150931860415384E-009
          10          20  -9.1093759599084398E-010
          10          21   2.2297433407202545E-010
          10          22  -2.1361108611963163E-009
          10          23   3.3582300415021088E-009
          10          24   6.2594498051599620E-009
          10          25  -8.0417820081350303E-010
          10          26   5.9570442967619209E-010
          10          27   1.0050847324762322E-009
          10          28  -3.1799823607888380E-010
          10          29   4.4045562074274566E-010
          10          30   1.7276049621664996E-009
          10          31   1.2129807002022017E-009
          10          32  -2.5811905278017280E-010
          10          33   4.2851337617935239E-010
          10          34   2.8808321198446402E-010
          10          35   3.6516111833623801E-010
          10          36   8.4927768055328766E-010
          10          37   2.1391092541631268E-002
          10          38  -6.3057849357126498E-011
          10          39   9.5663865502992156E-003
          10          40   1.3217626066168606E-010
          10          41  -5.7759715832028369E-013
          10          42  -3.9840860062484494E-011
          10          43  -7.5977004260889749E-011
          10          44   9.5663871059813842E-003
          10          45   9.2497876055282088E-011
          10          46   2.8071274202688585E-010
          10          47   7.3236850162361408E-003
          10          48   2.5716294453721453E-010
          10          49   3.2752517358110534E-003
          10          50  -2.4497317737259891E-010
          10          51   6.0291762285857683E-010
          10          52  -2.5956888035401550E-011
          10          53   7.1405156358194587E-011
          10          54   3.2752513727388887E-003
          10          55  -4.7376456360701099E-010
          10          56  -4.4312573101757826E-011
          11           1  -1.4702891784350205E-010
          11           2  -1.0485991494091865E-009
          11           3  -3.3872555454021120E-009
          11           4  -6.3641805097848919E-009
          11           5   9.2291297042397435E-009
          11           6  -1.1788024612759975E-009
          11           7   2.8598818057702762E-013
          11           8  -8.5470224380598085E-003
          11           9   1.2251471680052801E-011
          11          10  -3.5908641587888483E-010
          11          11   1.9351998233524057     
          11          12   1.1661528452052925E-010
          11          13   7.2060111644559084E-010
          11          14   1.4887912371580027E-002
          11          15   7.6844561310905041E-012
          11          16   2.6979238620473664E-010
          11          17  -5.8464961099222454E-003
          11          18   9.9491942237750321E-010
          11          19  -6.1947589641450924E-009
          11          20  -2.3320975767076787E-009
          11          21   3.4042793188112774E-010
          11          22   1.0118777398983965E-010
          11          23  -7.5056429323555566E-010
          11          24   5.9582996122326859E-009
          11          25  -6.0914540046990176E-011
          11          26  -1.6899681109114330E-010
          11          27   7.3173888699437846E-010
          11          28   6.4185847307610344E-010
          11          29  -4.1340320384586658E-010
          11          30  -9.3464636604126624E-010
          11          31  -3.1621666012764135E-009
          11          32   5.2009675296119005E-010
          11          33  -2.6453580264694816E-009
          11          34   4.0654796835611674E-010
          11          35  -3.8136509730327657E-010
          11          36  -2.6422059805193598E-009
          11          37   5.8422135322426061E-011
          11          38   9.5663867438398244E-003
          11          39  -2.2132088384184858E-010
          11          40   2.1391091809990839E-002
          11          41  -2.4621075286734069E-010
          11          42  -1.3157210784533451E-010
          11          43   4.2546601984150270E-011
          11          44  -1.9251201529959153E-010
          11          45   9.5663872887081450E-003
          11          46   1.6191685388324927E-010
          11          47  -8.6952011291503172E-010
          11          48   3.2752517069661122E-003
          11          49   3.4752825837972962E-010
          11          50   7.3236837109926303E-003
          11          51  -8.0355470646454680E-010
          11          52   1.7225149162390890E-010
          11          53   1.5103466846873836E-010
          11          54  -4.5207535341619732E-010
          11          55   3.2752515856228352E-003
          11          56   2.1021268945840451E-011
          12           1  -2.6558517032480601E-010
          12           2  -2.7244926717212641E-009
          12           3  -6.2037615467374208E-009
          12           4  -4.5901749707261935E-009
          12           5   7.9956877352124689E-009
          12           6   1.1290476724711604E-009
          12           7   2.2625000473599290E-011
          12           8   1.2410331845630026E-010
          12           9  -8.5470223482472726E-003
          12          10   5.3560221367853744E-010
          12          11   1.1661528452052925E-010
          12          12   1.9351998253846490     
          12          13  -1.5285382564378814E-009
          12          14  -6.1334660350384123E-010
          12          15   1.4887912139907859E-002
          12          16  -1.4024346205750655E-010
          12          17   1.7793697705987227E-009
          12          18  -5.8464956709422698E-003
          12          19   5.8818341018566327E-009
          12          20   4.5525014547826749E-010
          12          21  -9.5228591200821710E-010
          12          22   1.9429992632991884E-009
          12          23   5.2297117378002782E-009
          12          24   5.9551229796681534E-010
          12          25   2.7062612558378943E-009
          12          26  -7.1372447515077028E-010
          12          27   1.5616543754882810E-009
          12          28  -8.1732151712512124E-010
          12          29   1.4486269848964739E-009
          12          30   9.4423859955936731E-010
          12          31  -1.6936547705646736E-009
          12          32   5.0981267156927342E-010
          12          33  -1.0823852337420403E-009
          12          34  -7.2946619794336848E-011
          12          35  -4.6156736931404885E-010
          12          36  -2.1616432259619062E-009
          12          37  -5.4663518142905317E-010
          12          38   1.2294134592017441E-011
          12          39   1.8998186605047524E-010
          12          40  -4.9162277018658820E-011
          12          41   9.5663863783068005E-003
          12          42   5.1391015882214995E-011
          12          43   9.5663867341480788E-003
          12          44   4.2140727747562523E-010
          12          45   1.3014147469819267E-011
          12          46   2.1391091127662555E-002
          12          47  -1.0523283439046826E-009
          12          48  -8.8513840385578849E-010
          12          49   4.0085462744315212E-010
          12          50  -6.0556433100729204E-010
          12          51   3.2752512185478385E-003
          12          52  -5.7107839626951022E-010
          12          53   3.2752517557590056E-003
          12          54   1.1210767563019259E-010
          12          55  -6.7086433537982115E-011
          12          56   7.3236853929501567E-003
          13           1   2.4829461425127484E-011
          13           2   1.9753541166880354E-010
          13           3   8.6937262114892115E-010
          13           4  -1.7199755866321992E-009
          13           5  -5.1512124644982891E-009
          13           6  -3.3969102766267413E-010
          13           7  -2.7943421291060813E-003
          13           8   2.1411534256176228E-010
          13           9  -4.6811150228663090E-011
          13          10   1.4887911680925292E-002
          13          11   7.2060111644559084E-010
          13          12  -1.5285382564378814E-009
          13          13   1.1826052051864182E-004
          13          14   1.2398038378044002E-011
          13          15  -1.4996981681917366E-011
          13          16  -4.4111515726678714E-005
          13          17  -1.9889179613021084E-012
          13          18   2.6342278631935337E-012
          13          19   1.4845008964935386E-008
          13          20   9.5618713888706143E-010
          13          21   1.3726694922101563E-010
          13          22   8.1838841774007277E-009
          13          23  -2.8798612567726356E-009
          13          24  -1.5012635394596978E-008
          13          25   2.7758320387661988E-009
          13          26   2.0862485344898741E-010
          13          27  -3.3758615342061795E-010
          13          28   1.7344446155085997E-009
          13          29  -6.1210531282509886E-010
          13          30  -3.5509663825177213E-009
          13          31   3.6027616055176641E-011
          13          32   3.7743700115307356E-013
          13          33  -6.1940434812185456E-012
          13          34   2.2329633743808426E-011
          13          35  -4.3182676263831932E-012
          13          36  -4.0206609558783416E-011
          13          37   1.5711252035994708E-004
          13          38   3.3370142000077913E-012
          13          39   7.0262848629683926E-005
          13          40   9.6076144261692632E-012
          13          41  -7.6462334175668082E-012
          13          42  -3.1166172111343726E-013
          13          43  -8.2052846144929929E-012
          13          44   7.0262852860451653E-005
          13          45   4.5261273058357526E-012
          13          46  -1.4948134657903415E-011
          13          47   5.4039926714747396E-005
          13          48   3.2857285785303927E-012
          13          49   2.4167391660512041E-005
          13          50   1.0431681729784435E-012
          13          51   2.0056861357886840E-012
          13          52  -1.9210488265540185E-013
          13          53  -2.0669775041841783E-012
          13          54   2.4167388878806107E-005
          13          55  -2.3291779272690117E-012
          13          56  -6.1943224500350809E-012
          14           1  -2.6378353174983328E-011
          14           2  -1.9989289081622964E-010
          14           3  -7.2558401392161093E-010
          14           4   1.8148656962204284E-009
          14           5   5.5105363008150160E-009
          14           6   3.5126143945840110E-010
          14           7   7.7191170427869247E-012
          14           8  -2.7943421898996130E-003
          14           9   1.8268301684071976E-011
          14          10   9.3161133403264092E-010
          14          11   1.4887912371580027E-002
          14          12  -6.1334660350384123E-010
          14          13   1.2398038378044002E-011
          14          14   1.1826053128602079E-004
          14          15  -4.7842358229879432E-012
          14          16  -8.5843086440428842E-013
          14          17  -4.4111516921872797E-005
          14          18   9.4720706854037523E-012
          14          19   1.6328113420435966E-008
          14          20   4.9621557202561833E-009
          14          21  -7.7954483374342773E-009
          14          22  -4.7805134198148149E-009
          14          23   6.5775034857156942E-009
          14          24  -8.5222773920485767E-009
          14          25   3.8615598347507546E-009
          14          26   1.0536023242414726E-009
          14          27  -1.2529200477040691E-009
          14          28  -1.0077490738063011E-009
          14          29   1.3912063336250419E-009
          14          30  -1.4288269325738855E-009
          14          31   3.2578750380260661E-011
          14          32   1.6198062220651009E-011
          14          33  -2.2628087321967689E-011
          14          34  -8.6071833620532954E-012
          14          35   1.3135734358371692E-011
          14          36  -2.4592246316035216E-011
          14          37   1.0845066352876237E-011
          14          38   7.0262853466118442E-005
          14          39   2.9965151367975882E-012
          14          40   1.5711252216186284E-004
          14          41  -4.9098928578072637E-012
          14          42  -9.7306526333714324E-013
          14          43  -2.5943032727032489E-012
          14          44   3.0960761204327219E-012
          14          45   7.0262857510913472E-005
          14          46  -5.5053795357918965E-012
          14          47  -2.9269614615705082E-012
          14          48   2.4167392553765536E-005
          14          49   4.3337439970088931E-012
          14          50   5.4039919203683075E-005
          14          51  -7.1283298871100584E-012
          14          52   1.3889352835869636E-012
          14          53   1.6627950064364420E-013
          14          54  -1.7856108769968457E-012
          14          55   2.4167391715853308E-005
          14          56  -2.1604757373479939E-012
