           1           1   1.9828587698891724     
           1           2   2.3055536820264899E-002
           1           3  -9.3519138489919912E-002
           1           4 -0.20841622966917767     
           1           5 -0.26473962305625093     
           1           6  -8.5344121516322639E-003
           1           7   1.6639513409485388E-013
           1           8  -3.5588738500195067E-013
           1           9   1.3696450781142309E-013
           1          10  -5.3714850494877194E-014
           1          11   1.2639114237099451E-013
           1          12  -2.9879029620357546E-014
           1          13   4.7304474966411618E-015
           1          14  -1.8907800203027336E-015
           1          15   2.4080685167013035E-015
           1          16   9.5957006739826191E-016
           1          17   1.1728369503269041E-015
           1          18   2.8178534581120152E-015
           1          19   5.7574630393736996E-002
           1          20  -2.8896599074407365E-015
           1          21   5.7574630393808925E-002
           1          22  -4.1500692636663921E-014
           1          23  -3.0496086420696486E-014
           1          24   5.7574630393718747E-002
           1          25  0.12621519644678658     
           1          26  -9.0258897032724507E-016
           1          27  0.12621519644676868     
           1          28   9.4570999511465318E-015
           1          29   8.8743977480205062E-015
           1          30  0.12621519644679055     
           1          31   8.6687921456804998E-002
           1          32   2.4704366842495998E-015
           1          33   8.6687921456811243E-002
           1          34  -2.1157667827660692E-015
           1          35  -3.0142128783040816E-015
           1          36   8.6687921456803402E-002
           1          37   3.0291762411736055E-014
           1          38  -2.6767448848846524E-014
           1          39   1.1921404148058524E-014
           1          40  -5.7667873899249171E-014
           1          41   1.3184477787993485E-016
           1          42   4.1299100932913779E-016
           1          43   3.9830863080611665E-015
           1          44   1.1180705218084894E-014
           1          45  -2.6612753227779635E-014
           1          46   4.5969085400931837E-015
           1          47  -3.9047484182380448E-016
           1          48  -5.0343354114360636E-016
           1          49   5.7147177975224408E-017
           1          50  -5.6729343740854722E-016
           1          51  -2.5293541948846295E-015
           1          52   1.0280450809240416E-016
           1          53  -9.7964317818586200E-016
           1          54  -3.3275334376842018E-015
           1          55   4.8237726512326490E-016
           1          56  -2.3458348911290907E-015
           2           1   2.3055536820264899E-002
           2           2   4.8584508028898057     
           2           3   6.1392483971561997     
           2           4   3.2389982475163301     
           2           5  -3.0798447885235301     
           2           6   7.6403416584123890E-002
           2           7   4.4684479409669478E-012
           2           8  -9.6185108389181091E-012
           2           9   3.9195943927187560E-012
           2          10  -1.2777979993479389E-012
           2          11   2.7997889541852923E-012
           2          12  -9.5808868047701250E-013
           2          13   4.7203179473860698E-014
           2          14  -1.0467142977399153E-013
           2          15   2.4922826689393186E-014
           2          16  -4.4951902650393392E-015
           2          17   1.1078286858803861E-014
           2          18  -3.2002040102601646E-015
           2          19  -1.5298961842749268     
           2          20  -1.0906954886568626E-014
           2          21  -1.5298961842741878     
           2          22  -4.4998715275115622E-013
           2          23  -3.4786773388339780E-013
           2          24  -1.5298961842750756     
           2          25 -0.59680720999823067     
           2          26  -2.0349864596455749E-015
           2          27 -0.59680720999840298     
           2          28   1.0337717912300805E-013
           2          29   8.7056658799533252E-014
           2          30 -0.59680720999819992     
           2          31  0.76903451414879676     
           2          32   2.0281453869138737E-015
           2          33  0.76903451414884005     
           2          34  -3.1888914256597163E-014
           2          35  -2.3842642519800282E-014
           2          36  0.76903451414878521     
           2          37   6.0340246110605763E-013
           2          38  -5.6899812003336872E-013
           2          39   2.6627073548843070E-013
           2          40  -1.2541799626642279E-012
           2          41   1.5357971215103265E-013
           2          42   3.8048181146989678E-017
           2          43   1.4798768915280681E-013
           2          44   2.7686253583632016E-013
           2          45  -5.6058325826381087E-013
           2          46   3.4513823205420921E-013
           2          47  -8.6392671578976740E-015
           2          48   1.2872480673762965E-014
           2          49  -3.1017882299523060E-015
           2          50   2.5578425703943408E-014
           2          51   4.4670568432799237E-016
           2          52  -6.6097489644013255E-015
           2          53  -2.3132453660092417E-015
           2          54  -1.0848514675985772E-014
           2          55   6.4364617945381071E-015
           2          56  -4.8868159624287843E-015
           3           1  -9.3519138489919912E-002
           3           2   6.1392483971561997     
           3           3   12.697651790452555     
           3           4   3.5155231041979094     
           3           5  -13.039821263095288     
           3           6   7.0146660310340392E-003
           3           7   3.9732857959117910E-012
           3           8  -8.5490626195791718E-012
           3           9   3.1679927990979269E-012
           3          10  -1.4476976188915020E-012
           3          11   3.2935423876425052E-012
           3          12  -7.6094889949894744E-013
           3          13   7.8288776375382863E-014
           3          14  -1.5983284408495669E-013
           3          15   3.3245626104567788E-014
           3          16  -6.2372432216462586E-015
           3          17   5.3760325718936293E-015
           3          18   2.9023104930997295E-015
           3          19  -2.5199611136308233     
           3          20  -1.2538460173275272E-013
           3          21  -2.5199611136285323     
           3          22  -1.3519344992065890E-012
           3          23  -8.8989518974645364E-013
           3          24  -2.5199611136313393     
           3          25   1.2162346174117900     
           3          26   2.0870435467495325E-014
           3          27   1.2162346174112548     
           3          28   3.0309754503480005E-013
           3          29   2.2362874391934598E-013
           3          30   1.2162346174119056     
           3          31   3.6882560863553353     
           3          32  -7.2511504108277141E-015
           3          33   3.6882560863554792     
           3          34  -9.2772108149247489E-014
           3          35  -6.9483876940419532E-014
           3          36   3.6882560863552873     
           3          37   7.4742887906006693E-013
           3          38  -6.7944965610078387E-013
           3          39   3.2190426502018982E-013
           3          40  -1.5026525517638246E-012
           3          41   3.0373278180263632E-014
           3          42   2.2693165220503444E-015
           3          43   3.8367491323423702E-014
           3          44   3.4898281921890196E-013
           3          45  -6.6375028070107412E-013
           3          46   8.7003573271391415E-014
           3          47  -1.7041948578132891E-014
           3          48   2.5368865807394100E-014
           3          49  -5.1858433704961099E-015
           3          50   5.6383424335455392E-014
           3          51   8.7322388842076585E-016
           3          52  -9.1419061955418537E-015
           3          53  -9.0956342424216616E-015
           3          54  -1.7646865350254755E-014
           3          55   1.4136887218399044E-014
           3          56  -1.3132807931368943E-014
           4           1 -0.20841622966917767     
           4           2   3.2389982475163301     
           4           3   3.5155231041979094     
           4           4   2.2554709582821761     
           4           5 -0.92668190345187995     
           4           6   6.2737316429051018E-002
           4           7   3.4637724126977984E-012
           4           8  -7.4397743785787230E-012
           4           9   2.8513025574722509E-012
           4          10  -1.1047578521131615E-012
           4          11   2.6844678109940100E-012
           4          12  -5.7053829629185305E-013
           4          13   4.1738870142258230E-014
           4          14  -1.2714710924627884E-013
           4          15   1.1814894972068164E-014
           4          16  -2.3499858625598419E-015
           4          17   1.9111084362442343E-015
           4          18  -2.9940358412678040E-015
           4          19 -0.95741141762346005     
           4          20   4.0385800092400475E-014
           4          21 -0.95741141762075355     
           4          22  -1.0763438391052492E-012
           4          23  -1.2025322328617911E-012
           4          24 -0.95741141762321413     
           4          25 -0.64956538593261093     
           4          26  -1.1640068602720792E-014
           4          27 -0.64956538593321811     
           4          28   2.4261267056186066E-013
           4          29   2.7304226645739013E-013
           4          30 -0.64956538593266799     
           4          31  0.17710973019750653     
           4          32   4.6199697774476422E-015
           4          33  0.17710973019769155     
           4          34  -7.6285880312408690E-014
           4          35  -8.3151212968123122E-014
           4          36  0.17710973019752424     
           4          37   5.7835067966291934E-013
           4          38  -5.5040693724838333E-013
           4          39   2.5739262687169483E-013
           4          40  -1.2181550677411544E-012
           4          41   3.8390838308311443E-014
           4          42  -2.9052430105620828E-016
           4          43   3.2391227553878112E-014
           4          44   2.6290761426546608E-013
           4          45  -5.4541800785917827E-013
           4          46   8.4450396932099025E-014
           4          47  -9.7609111845911540E-015
           4          48   1.9495625413373001E-014
           4          49  -4.0613195355980169E-015
           4          50   4.0943302491915402E-014
           4          51   9.2055661874999954E-016
           4          52  -4.3280293603649022E-015
           4          53  -3.3055682011827685E-016
           4          54  -8.5028863523015580E-015
           4          55   1.5454134988624976E-014
           4          56  -1.3501849663162843E-015
           5           1 -0.26473962305625093     
           5           2  -3.0798447885235301     
           5           3  -13.039821263095288     
           5           4 -0.92668190345187995     
           5           5   19.008244769424493     
           5           6  0.12004432979733093     
           5           7   1.0636921005026931E-012
           5           8  -2.1240709008419600E-012
           5           9   7.8438965655532018E-013
           5          10   1.1838375438618022E-013
           5          11  -7.1751725947279239E-013
           5          12  -2.6438838055465904E-013
           5          13  -4.0104786677481044E-014
           5          14   8.2985267267024969E-014
           5          15  -1.9055181896148957E-014
           5          16   6.0048908601969378E-015
           5          17   6.2998867560970946E-015
           5          18  -1.1919446234367582E-014
           5          19   2.0442781668603924     
           5          20   5.7086536553139179E-013
           5          21   2.0442781668599785     
           5          22   6.3966123303694572E-013
           5          23  -5.1943142416230591E-013
           5          24   2.0442781668625356     
           5          25  -3.3134145248483611     
           5          26  -1.2155028141078117E-013
           5          27  -3.3134145248482354     
           5          28  -1.4008690344856494E-013
           5          29   8.5398178084659133E-014
           5          30  -3.3134145248488442     
           5          31  -5.5543052680528797     
           5          32   4.1392622140882526E-014
           5          33  -5.5543052680528948     
           5          34   4.0069537349685190E-014
           5          35  -2.2467687126372063E-014
           5          36  -5.5543052680527101     
           5          37  -2.4391034843715312E-013
           5          38   1.9254259805942461E-013
           5          39  -9.1870044651790639E-014
           5          40   4.3019577537470717E-013
           5          41   2.4587502439333710E-013
           5          42  -4.2503317038640926E-015
           5          43   2.2050527704146765E-013
           5          44  -1.2383581519692397E-013
           5          45   1.7776852426871273E-013
           5          46   5.1625151032852206E-013
           5          47   6.1580025497190225E-015
           5          48  -1.8838572236591149E-014
           5          49  -5.2040342353754961E-016
           5          50  -4.7118132414138811E-014
           5          51  -8.6719134201498145E-017
           5          52   5.6247647507626205E-015
           5          53   1.3327326477749307E-014
           5          54   1.0161754274508301E-014
           5          55  -9.2457512672948332E-015
           5          56   1.6941363833503193E-014
           6           1  -8.5344121516322639E-003
           6           2   7.6403416584123890E-002
           6           3   7.0146660310340392E-003
           6           4   6.2737316429051018E-002
           6           5  0.12004432979733093     
           6           6   2.8865951293089182E-003
           6           7   1.1455354335291575E-013
           6           8  -2.5228004796740907E-013
           6           9   9.5702474225018719E-014
           6          10  -3.5313762753208445E-014
           6          11   7.3991116799981619E-014
           6          12  -1.7437111783645729E-014
           6          13   1.1571418506424706E-015
           6          14  -2.8492143260176298E-015
           6          15   2.8447400791486553E-017
           6          16  -5.1558048938858066E-018
           6          17   1.7515031068847667E-016
           6          18  -2.0600430706921926E-016
           6          19  -1.3707222745552104E-002
           6          20   1.2514117178389733E-014
           6          21  -1.3707222745388490E-002
           6          22  -8.0289411084734244E-015
           6          23  -1.9918761990260339E-014
           6          24  -1.3707222745458615E-002
           6          25  -4.6095462033731854E-002
           6          26  -2.8298842777500990E-015
           6          27  -4.6095462033768228E-002
           6          28   1.8832142134743956E-015
           6          29   4.3470159953176634E-015
           6          30  -4.6095462033752831E-002
           6          31  -3.7984364521370051E-002
           6          32   9.4520883896103039E-016
           6          33  -3.7984364521358588E-002
           6          34  -6.2101099398478337E-016
           6          35  -1.2462532979342161E-015
           6          36  -3.7984364521363306E-002
           6          37   1.7253669992309570E-014
           6          38  -1.5231376763189952E-014
           6          39   7.8118920365891237E-015
           6          40  -3.3670303642482835E-014
           6          41   2.3402835936360847E-015
           6          42  -4.2287265261041400E-017
           6          43   1.9555116476826901E-015
           6          44   7.7327948092889562E-015
           6          45  -1.5192214569347864E-014
           6          46   4.9272079935138123E-015
           6          47  -3.3500310398067718E-016
           6          48   3.5748700175808008E-016
           6          49  -1.6601935297927037E-016
           6          50   6.7803103815800516E-016
           6          51   6.4883360794741819E-017
           6          52  -9.0275724575719645E-017
           6          53   1.3107202572150501E-016
           6          54  -2.2023761142040467E-016
           6          55   3.0716883428229961E-016
           6          56   1.7345620227210687E-016
           7           1   1.6639513409485388E-013
           7           2   4.4684479409669478E-012
           7           3   3.9732857959117910E-012
           7           4   3.4637724126977984E-012
           7           5   1.0636921005026931E-012
           7           6   1.1455354335291575E-013
           7           7   2.0041713310392972     
           7           8  -6.6509158886346497E-003
           7           9  -1.2873529515213271E-002
           7          10  0.22262767416319842     
           7          11  -3.9250576223641080E-002
           7          12  -7.5973514018979255E-002
           7          13  -5.1107713832160249E-002
           7          14   1.8877953816505862E-003
           7          15   3.6540214868916753E-003
           7          16  -9.0560001183184070E-003
           7          17   1.6947084005817360E-005
           7          18   3.2802818412822750E-005
           7          19  -1.2907880430283044E-012
           7          20  -3.4296565939537078E-016
           7          21  -1.3036308190985210E-012
           7          22  -1.0435346771876852E-014
           7          23  -7.7002624884462719E-015
           7          24  -1.2896537133354112E-012
           7          25  -1.4682359132564551E-012
           7          26  -2.5056063121688299E-015
           7          27  -1.4772941303076715E-012
           7          28   5.1794337581546358E-015
           7          29  -1.4522485915781422E-015
           7          30  -1.4762123874281502E-012
           7          31  -4.6344283497006306E-013
           7          32   4.6120174246531434E-015
           7          33  -4.5384750103840328E-013
           7          34   3.2956259205364988E-016
           7          35   2.0095846601726503E-015
           7          36  -4.5813416538718807E-013
           7          37  -7.9672353288022052E-002
           7          38   2.2736268226971192E-002
           7          39  -3.5630559575880710E-002
           7          40   5.0839841310169089E-002
           7          41   4.4008377941730167E-002
           7          42  -7.9368801061191077E-016
           7          43   4.4008377941723006E-002
           7          44  -3.5630559575873751E-002
           7          45   2.2736268226965870E-002
           7          46   9.8405724657206969E-002
           7          47   2.7566977602363665E-002
           7          48  -2.5406101945488001E-004
           7          49   1.2328327170617057E-002
           7          50  -5.6809770993394740E-004
           7          51  -4.9176114800488521E-004
           7          52  -1.0611990401394954E-015
           7          53  -4.9176114800187059E-004
           7          54   1.2328327170617907E-002
           7          55  -2.5406101946015460E-004
           7          56  -1.0996113556398393E-003
           8           1  -3.5588738500195067E-013
           8           2  -9.6185108389181091E-012
           8           3  -8.5490626195791718E-012
           8           4  -7.4397743785787230E-012
           8           5  -2.1240709008419600E-012
           8           6  -2.5228004796740907E-013
           8           7  -6.6509158886346497E-003
           8           8   2.0024953788082973     
           8           9   1.1353319006131676E-002
           8          10  -3.9250576223664554E-002
           8          11  0.21273699265539295     
           8          12   6.7001946875167237E-002
           8          13   1.8877953816753290E-003
           8          14  -5.0632011698098806E-002
           8          15  -3.2225250695238641E-003
           8          16   1.6947084004705998E-005
           8          17  -9.0517296533541639E-003
           8          18  -2.8929196253778294E-005
           8          19   2.7693840183040614E-012
           8          20  -7.7886204030905818E-015
           8          21   2.7753819574174196E-012
           8          22   9.5840662844281021E-015
           8          23   2.5867965036276562E-014
           8          24   2.7693407973194461E-012
           8          25   3.1305537176048393E-012
           8          26  -2.8694157140024171E-015
           8          27   3.1390123665358386E-012
           8          28  -8.1138845428801951E-015
           8          29  -1.0537114393323433E-015
           8          30   3.1325553069676632E-012
           8          31   9.4963272354780448E-013
           8          32  -3.3248969738380243E-015
           8          33   9.3666435932585723E-013
           8          34  -1.4862004809842484E-015
           8          35   1.8934236940822093E-015
           8          36   9.3846481415455406E-013
           8          37   5.0839841310179337E-002
           8          38  -2.9901288585629810E-002
           8          39   2.2736268226966436E-002
           8          40  -6.6861313892308705E-002
           8          41  -3.8811512656603868E-002
           8          42   3.0292427479645931E-016
           8          43  -3.8811512656593078E-002
           8          44   2.2736268226973215E-002
           8          45  -2.9901288585623000E-002
           8          46  -8.6785180609749296E-002
           8          47  -5.6809770994971929E-004
           8          48   1.2264306795145695E-002
           8          49  -2.5406101945770984E-004
           8          50   2.7423823690865216E-002
           8          51   4.3369001341475935E-004
           8          52  -1.5148941795968255E-015
           8          53   4.3369001341503349E-004
           8          54  -2.5406101945854413E-004
           8          55   1.2264306795155449E-002
           8          56   9.6976035117096098E-004
           9           1   1.3696450781142309E-013
           9           2   3.9195943927187560E-012
           9           3   3.1679927990979269E-012
           9           4   2.8513025574722509E-012
           9           5   7.8438965655532018E-013
           9           6   9.5702474225018719E-014
           9           7  -1.2873529515213271E-002
           9           8   1.1353319006131676E-002
           9           9   2.0186053696840149     
           9          10  -7.5973514018982460E-002
           9          11   6.7001946875172996E-002
           9          12  0.30781057882271645     
           9          13   3.6540214868827289E-003
           9          14  -3.2225250695082880E-003
           9          15  -5.5204670093300601E-002
           9          16   3.2802818410472532E-005
           9          17  -2.8929196243501809E-005
           9          18  -9.0927792431148464E-003
           9          19  -1.0445073828556548E-012
           9          20   8.1052924711417704E-015
           9          21  -9.8569657961210461E-013
           9          22   1.2326674926979561E-014
           9          23  -7.2667839784161237E-015
           9          24  -1.0340942938402386E-012
           9          25  -1.1906645312808849E-012
           9          26  -1.1676411703537102E-015
           9          27  -1.2046229605023761E-012
           9          28  -9.7868585445963076E-016
           9          29   2.0394526382174070E-015
           9          30  -1.1966523652958583E-012
           9          31  -3.5476387361239767E-013
           9          32   2.1683294424733747E-015
           9          33  -3.4864429575824869E-013
           9          34  -9.0730620619001348E-016
           9          35  -1.5906118513750426E-015
           9          36  -3.5180273417624723E-013
           9          37   9.8405724657208316E-002
           9          38  -3.8811512656602314E-002
           9          39   4.4008377941731847E-002
           9          40  -8.6785180609751975E-002
           9          41  -8.4973564316889516E-002
           9          42   1.9026590445901495E-015
           9          43  -8.4973564316895997E-002
           9          44   4.4008377941725060E-002
           9          45  -3.8811512656604326E-002
           9          46 -0.19000666610302513     
           9          47  -1.0996113556294841E-003
           9          48   4.3369001340914557E-004
           9          49  -4.9176114800120858E-004
           9          50   9.6976035115108657E-004
           9          51   1.2879698836474563E-002
           9          52  -4.2817447796117952E-016
           9          53   1.2879698836477931E-002
           9          54  -4.9176114800191721E-004
           9          55   4.3369001341142608E-004
           9          56   2.8799882128084660E-002
          10           1  -5.3714850494877194E-014
          10           2  -1.2777979993479389E-012
          10           3  -1.4476976188915020E-012
          10           4  -1.1047578521131615E-012
          10           5   1.1838375438618022E-013
          10           6  -3.5313762753208445E-014
          10           7  0.22262767416319842     
          10           8  -3.9250576223664554E-002
          10           9  -7.5973514018982460E-002
          10          10   5.7035943878808073     
          10          11 -0.23163843291432984     
          10          12 -0.44835993311479544     
          10          13 -0.52362314977118996     
          10          14   1.1140880107847053E-002
          10          15   2.1564315546213127E-002
          10          16  -6.5345473175407828E-002
          10          17   1.0001371596149969E-004
          10          18   1.9358680006024425E-004
          10          19   5.8128612884535388E-013
          10          20  -1.0670868630221289E-013
          10          21   2.9217826116939828E-013
          10          22  -3.5436577348255208E-014
          10          23   2.8592692347801213E-013
          10          24   4.3931589051226144E-013
          10          25   3.4614246294090790E-013
          10          26   2.3704269887001797E-014
          10          27   4.1420746321949624E-013
          10          28   1.1164452048811578E-014
          10          29  -6.4169590112622444E-014
          10          30   3.8247209097097706E-013
          10          31   2.1772698191077382E-014
          10          32  -9.3270604859411975E-015
          10          33   5.0179343066507253E-015
          10          34  -3.2895543512724989E-015
          10          35   2.0072470730411165E-014
          10          36   1.0678930892758116E-014
          10          37  -2.3039998837302940     
          10          38  0.13417875733609366     
          10          39  -1.0303800720345295     
          10          40  0.30003282253994179     
          10          41  0.25971674004063727     
          10          42  -2.7385720593571378E-015
          10          43  0.25971674004067485     
          10          44  -1.0303800720345102     
          10          45  0.13417875733609783     
          10          46  0.58074428562555203     
          10          47  0.24440414840242208     
          10          48  -1.4993485975025337E-003
          10          49  0.10930085796215044     
          10          50  -3.3526453859876962E-003
          10          51  -2.9021429148659785E-003
          10          52  -9.2761173897268871E-016
          10          53  -2.9021429148704098E-003
          10          54  0.10930085796215509     
          10          55  -1.4993485975057755E-003
          10          56  -6.4893888380540563E-003
          11           1   1.2639114237099451E-013
          11           2   2.7997889541852923E-012
          11           3   3.2935423876425052E-012
          11           4   2.6844678109940100E-012
          11           5  -7.1751725947279239E-013
          11           6   7.3991116799981619E-014
          11           7  -3.9250576223641080E-002
          11           8  0.21273699265539295     
          11           9   6.7001946875172996E-002
          11          10 -0.23163843291432984     
          11          11   5.6452242393289840     
          11          12  0.39541396508272492     
          11          13   1.1140880107842409E-002
          11          14 -0.52081577960074266     
          11          15  -1.9017826716103890E-002
          11          16   1.0001371596250543E-004
          11          17  -6.5320270900531094E-002
          11          18  -1.7072650463544029E-004
          11          19  -8.5034420359487624E-013
          11          20  -7.7517700898905605E-014
          11          21  -9.1996111209340729E-013
          11          22   2.6206979630712820E-014
          11          23   2.3100347107892935E-013
          11          24  -1.0140746973554941E-012
          11          25  -8.6645497931381389E-013
          11          26   1.9886921198897715E-014
          11          27  -8.4977804832688315E-013
          11          28  -6.7395904948060880E-015
          11          29  -5.4636013901640373E-014
          11          30  -8.2944227512964809E-013
          11          31   1.0878774078107408E-013
          11          32  -5.8824890111312408E-015
          11          33   1.0312709516470521E-013
          11          34   2.7493788667931494E-015
          11          35   1.9265250087916171E-014
          11          36   9.8258561860250018E-014
          11          37  0.30003282253994745     
          11          38 -0.99656861035404232     
          11          39  0.13417875733610518     
          11          40  -2.2283951569941336     
          11          41 -0.22904728632728349     
          11          42   7.2096303935303769E-015
          11          43 -0.22904728632732088     
          11          44  0.13417875733608534     
          11          45 -0.99656861035405198     
          11          46 -0.51216530228971624     
          11          47  -3.3526453859838629E-003
          11          48  0.10892303982866652     
          11          49  -1.4993485975009150E-003
          11          50  0.24355932137281522     
          11          51   2.5594344017994481E-003
          11          52  -7.2844863679758035E-015
          11          53   2.5594344018051427E-003
          11          54  -1.4993485975063187E-003
          11          55  0.10892303982866504     
          11          56   5.7230693063764042E-003
          12           1  -2.9879029620357546E-014
          12           2  -9.5808868047701250E-013
          12           3  -7.6094889949894744E-013
          12           4  -5.7053829629185305E-013
          12           5  -2.6438838055465904E-013
          12           6  -1.7437111783645729E-014
          12           7  -7.5973514018979255E-002
          12           8   6.7001946875167237E-002
          12           9  0.30781057882271645     
          12          10 -0.44835993311479544     
          12          11  0.39541396508272492     
          12          12   6.2063038114060216     
          12          13   2.1564315546209700E-002
          12          14  -1.9017826716101974E-002
          12          15 -0.54780145794792823     
          12          16   1.9358680006229128E-004
          12          17  -1.7072650463568692E-004
          12          18  -6.5562526264845003E-002
          12          19  -6.3062014553340249E-014
          12          20   1.3388721619768460E-013
          12          21   5.3187631903383821E-013
          12          22   8.6398447685716305E-014
          12          23  -2.4231837207019846E-013
          12          24   2.3133634037006652E-013
          12          25   3.3028256743232269E-013
          12          26  -2.9511737911902660E-014
          12          27   1.9181774795959766E-013
          12          28  -2.2816105911572746E-014
          12          29   5.2963628551142770E-014
          12          30   2.5772338864751607E-013
          12          31   8.1491410854723332E-014
          12          32   1.0171609872849200E-014
          12          33   1.2228582131713366E-013
          12          34   7.6150638006423730E-015
          12          35  -1.6246963596107039E-014
          12          36   1.0374660125238623E-013
          12          37  0.58074428562553337     
          12          38 -0.22904728632731269     
          12          39  0.25971674004068257     
          12          40 -0.51216530228969959     
          12          41  -1.3215792694262953     
          12          42   8.9250261574255056E-016
          12          43  -1.3215792694263584     
          12          44  0.25971674004064160     
          12          45 -0.22904728632730501     
          12          46  -2.9551410840918089     
          12          47  -6.4893888380554007E-003
          12          48   2.5594344018013779E-003
          12          49  -2.9021429148644727E-003
          12          50   5.7230693063754024E-003
          12          51  0.11255479410578430     
          12          52   6.0127967159786127E-016
          12          53  0.11255479410579408     
          12          54  -2.9021429148644961E-003
          12          55   2.5594344018011932E-003
          12          56  0.25168017081403332     
          13           1   4.7304474966411618E-015
          13           2   4.7203179473860698E-014
          13           3   7.8288776375382863E-014
          13           4   4.1738870142258230E-014
          13           5  -4.0104786677481044E-014
          13           6   1.1571418506424706E-015
          13           7  -5.1107713832160249E-002
          13           8   1.8877953816753290E-003
          13           9   3.6540214868827289E-003
          13          10 -0.52362314977118996     
          13          11   1.1140880107842409E-002
          13          12   2.1564315546209700E-002
          13          13   4.9119760394406131E-002
          13          14  -5.3583167532155450E-004
          13          15  -1.0371571378961460E-003
          13          16   6.2435380541118989E-003
          13          17  -4.8102588359341615E-006
          13          18  -9.3107490962561291E-006
          13          19   4.2436712127084481E-014
          13          20  -5.2838674849704249E-014
          13          21  -6.9012253742231355E-014
          13          22  -5.4142888921108159E-015
          13          23   1.3281702802267359E-013
          13          24  -3.4805033068092836E-014
          13          25  -2.1409094408053752E-014
          13          26   1.1845894823728271E-014
          13          27   3.3833034155463770E-015
          13          28   9.5954587736238019E-016
          13          29  -2.9600306706004538E-014
          13          30  -4.3596942647420990E-015
          13          31   1.4509791781219966E-014
          13          32  -3.6525481128023157E-015
          13          33   6.2159089604700687E-015
          13          34  -3.3744121232503691E-016
          13          35   9.3105231801760460E-015
          13          36   9.0424714603171522E-015
          13          37  0.20010945545197470     
          13          38  -6.4534603765602702E-003
          13          39   8.9491669066217347E-002
          13          40  -1.4430376092089740E-002
          13          41  -1.2491334129616777E-002
          13          42   2.1314249574445676E-016
          13          43  -1.2491334129618503E-002
          13          44   8.9491669066216431E-002
          13          45  -6.4534603765606614E-003
          13          46  -2.7931472243487954E-002
          13          47  -2.3087668617154007E-002
          13          48   7.2112657448295014E-005
          13          49  -1.0325119293988777E-002
          13          50   1.6124880409287278E-004
          13          51   1.3958144105707669E-004
          13          52   1.6423161093088029E-016
          13          53   1.3958144105722322E-004
          13          54  -1.0325119293989131E-002
          13          55   7.2112657448650578E-005
          13          56   3.1211359060041735E-004
          14           1  -1.8907800203027336E-015
          14           2  -1.0467142977399153E-013
          14           3  -1.5983284408495669E-013
          14           4  -1.2714710924627884E-013
          14           5   8.2985267267024969E-014
          14           6  -2.8492143260176298E-015
          14           7   1.8877953816505862E-003
          14           8  -5.0632011698098806E-002
          14           9  -3.2225250695082880E-003
          14          10   1.1140880107847053E-002
          14          11 -0.52081577960074266     
          14          12  -1.9017826716101974E-002
          14          13  -5.3583167532155450E-004
          14          14   4.8984737142462001E-002
          14          15   9.1468123268770676E-004
          14          16  -4.8102588359556905E-006
          14          17   6.2423259257127451E-003
          14          18   8.2112605212226044E-006
          14          19   2.2516393266899648E-013
          14          20  -1.4043382488967744E-013
          14          21  -5.1312505163666715E-014
          14          22   1.3416476577948223E-014
          14          23   4.0731282137973967E-013
          14          24  -5.2738741278130555E-014
          14          25  -1.0234677325550905E-014
          14          26   3.1213033139704796E-014
          14          27   5.1231802424258985E-014
          14          28  -2.9053311876830974E-015
          14          29  -9.0764365498307429E-014
          14          30   5.1677742566622276E-014
          14          31  -6.7033181201923738E-015
          14          32  -9.7673779459575037E-015
          14          33  -2.5909687113776234E-014
          14          34   9.0632855466703516E-016
          14          35   2.8366889232646196E-014
          14          36  -2.6118718616394559E-014
          14          37  -1.4430376092088798E-002
          14          38   8.7865473291559262E-002
          14          39  -6.4534603765601991E-003
          14          40  0.19647317115511892     
          14          41   1.1016256343536125E-002
          14          42  -6.2927656056736461E-016
          14          43   1.1016256343537974E-002
          14          44  -6.4534603765593630E-003
          14          45   8.7865473291560151E-002
          14          46   2.4633098041712542E-002
          14          47   1.6124880409270901E-004
          14          48  -1.0306947756240211E-002
          14          49   7.2112657448206949E-005
          14          50  -2.3047035823492174E-002
          14          51  -1.2309853531471631E-004
          14          52   6.5151293947731632E-016
          14          53  -1.2309853531505940E-004
          14          54   7.2112657448641782E-005
          14          55  -1.0306947756240199E-002
          14          56  -2.7525669289453524E-004
