           1           1   2.5638462331384813     
           1           2  0.10849818040804780     
           1           3  -2.1990626557810176     
           1           4   1.5049309304652387     
           1           5  0.84180886406188749     
           1           6  -3.5305597167387072E-013
           1           7   9.3320185276690315E-013
           1           8  -2.2540862372983751E-012
           1           9   3.8583646173240113E-014
           1          10  -3.8547381267505745E-014
           1          11   2.1042364814576951E-013
           1          12  -2.5835547581339054E-014
           1          13   8.5691174130339059E-014
           1          14  -1.4217612384278471E-013
           1          15  -2.9637617122511651E-014
           1          16   1.9306044686820362E-013
           1          17  -2.3714966498950134E-013
           1          18   1.4360940676156550E-015
           1          19  -1.9114821153093602E-014
           1          20   2.5930826444117853E-014
           1          21  0.38693394080637644     
           1          22   2.1642932719216953E-014
           1          23  0.38693394080636923     
           1          24  -2.8672732399255290E-014
           1          25   1.7676937774556887E-016
           1          26  0.38693394080642513     
           1          27 -0.40717390637794776     
           1          28   6.8764984629971460E-015
           1          29 -0.40717390637793571     
           1          30  -3.1883025892922062E-014
           1          31   3.2189351352348225E-015
           1          32 -0.40717390637791961     
           1          33 -0.42068815497772005     
           1          34   3.5225692643642630E-015
           1          35 -0.42068815497773615     
           1          36   1.6701208389016508E-014
           1          37  -4.1726227403637420E-015
           1          38 -0.42068815497773526     
           1          39   2.6036366995155239E-014
           1          40  -6.0770140199988271E-014
           1          41   8.6165751908481850E-015
           1          42  -1.3177304014201406E-013
           1          43   8.1291854321602707E-014
           1          44  -4.6534575279414802E-016
           1          45   7.5123200683193370E-014
           1          46   6.9232610329945501E-015
           1          47  -5.9194918894230327E-014
           1          48   1.7331101612413242E-013
           2           1  0.10849818040804780     
           2           2  0.19621162344562615     
           2           3  -1.3398670890446320     
           2           4   1.3248387166395581     
           2           5  0.69368293202510711     
           2           6  -2.1558251577283626E-013
           2           7   5.4352527916776487E-013
           2           8  -1.3708622545229502E-012
           2           9   2.4914973396749696E-014
           2          10  -1.6745277405090989E-016
           2          11   1.3448594157439563E-013
           2          12  -6.4077507479027872E-015
           2          13   5.8534594526322541E-014
           2          14  -7.4531211540075685E-014
           2          15  -5.1896680956210706E-014
           2          16   2.5387182305560869E-014
           2          17  -1.3751601140125282E-013
           2          18   7.4952969097132987E-015
           2          19   1.6304801965931271E-015
           2          20   1.5529249153637008E-014
           2          21  0.21778986619106147     
           2          22   1.8342897217448091E-014
           2          23  0.21778986619104979     
           2          24  -3.3117645852235065E-014
           2          25  -1.8579084526129350E-015
           2          26  0.21778986619110752     
           2          27 -0.36779177623307296     
           2          28   6.3753916554131392E-015
           2          29 -0.36779177623306192     
           2          30  -2.0471634638387520E-014
           2          31   4.6104519215702334E-017
           2          32 -0.36779177623305215     
           2          33 -0.34989049806291123     
           2          34   8.7411846749854906E-016
           2          35 -0.34989049806292083     
           2          36   8.4359582511012311E-015
           2          37  -3.7453419864756752E-016
           2          38 -0.34989049806291905     
           2          39   2.8100827291973480E-014
           2          40  -1.4819232424067811E-014
           2          41   1.2313552408906313E-014
           2          42  -2.8867771263953747E-014
           2          43   4.4498533533434609E-014
           2          44  -7.1524437443071376E-017
           2          45   4.4437665772949551E-014
           2          46   1.3219752597391084E-014
           2          47  -1.1700967973683095E-014
           2          48   1.0053506873204618E-013
           3           1  -2.1990626557810176     
           3           2  -1.3398670890446320     
           3           3   10.627645615397659     
           3           4  -11.991795830092073     
           3           5  -6.2116543175713499     
           3           6   1.3630685164690518E-012
           3           7  -3.2553391685264616E-012
           3           8   8.3462029421222980E-012
           3           9  -2.2249830400278665E-013
           3          10  -1.5134141795891337E-013
           3          11  -9.2186439342990734E-013
           3          12   3.6438732611068843E-014
           3          13  -4.2891661405574904E-013
           3          14   3.8872304045785072E-013
           3          15   4.0035397463380151E-013
           3          16  -9.3216139136441408E-014
           3          17   8.2073958383022519E-013
           3          18  -5.1187595242411773E-014
           3          19  -2.1631553904588532E-014
           3          20  -9.6717442088654849E-014
           3          21  -1.7848207006990302     
           3          22  -1.8347680775715704E-013
           3          23  -1.7848207006989110     
           3          24   3.2380108717210858E-013
           3          25   2.6268392662709141E-014
           3          26  -1.7848207006994601     
           3          27   3.3342533278872692     
           3          28  -6.2514308964898533E-014
           3          29   3.3342533278871755     
           3          30   1.7635883791353813E-013
           3          31  -3.5752874046125599E-016
           3          32   3.3342533278870805     
           3          33   3.1381380629596198     
           3          34  -6.8121958187214889E-015
           3          35   3.1381380629596993     
           3          36  -6.3525242127082305E-014
           3          37   3.2709673783293638E-015
           3          38   3.1381380629596727     
           3          39  -2.2535385421178196E-013
           3          40   8.2498273171539940E-014
           3          41  -9.3149829811597693E-014
           3          42   1.4915224482663275E-013
           3          43  -2.5677665680742520E-013
           3          44  -1.7765472083346631E-015
           3          45  -2.6100392034161928E-013
           3          46  -1.0307769758944133E-013
           3          47   6.3393224381482237E-014
           3          48  -5.9442128627083722E-013
           4           1   1.5049309304652387     
           4           2   1.3248387166395581     
           4           3  -11.991795830092073     
           4           4   19.082307362667017     
           4           5   9.6169931790778893     
           4           6  -5.2798217404366287E-013
           4           7   4.2383189239588732E-013
           4           8  -2.1916178128878482E-012
           4           9   2.9278219793971463E-013
           4          10   6.7811519346005501E-013
           4          11   6.6054808065366877E-013
           4          12   1.5330409088052066E-014
           4          13   3.8328237601809527E-013
           4          14   1.8674885232184030E-013
           4          15  -5.3270965243124251E-013
           4          16  -5.2962453286169429E-013
           4          17  -1.2863297290142656E-013
           4          18   5.6177272276163308E-014
           4          19   9.5436444885631007E-014
           4          20   3.2277942508124255E-014
           4          21   2.1176730983909602     
           4          22   3.3179857487315177E-013
           4          23   2.1176730983907257     
           4          24  -5.9027781482140336E-013
           4          25  -6.8835493994440188E-014
           4          26   2.1176730983916823     
           4          27  -5.3392889872667109     
           4          28   1.1163157930196270E-013
           4          29  -5.3392889872665759     
           4          30  -2.4212058485951258E-013
           4          31  -5.9123403354249681E-015
           4          32  -5.3392889872664204     
           4          33  -4.8784756818183501     
           4          34   3.1626919785584732E-015
           4          35  -4.8784756818184514     
           4          36   5.6345384820204841E-014
           4          37   2.5795909787343425E-015
           4          38  -4.8784756818183830     
           4          39   3.0343319413978617E-013
           4          40   8.7436134578176623E-014
           4          41   1.1635962225787139E-013
           4          42   2.4529789764896017E-013
           4          43  -2.5312117505680753E-015
           4          44   9.3550936716299165E-015
           4          45   2.7759062636413426E-014
           4          46   1.4170769351233791E-013
           4          47   1.0010672994090173E-013
           4          48   7.1750972997042887E-014
           5           1  0.84180886406188749     
           5           2  0.69368293202510711     
           5           3  -6.2116543175713499     
           5           4   9.6169931790778893     
           5           5   4.8559768035626298     
           5           6  -3.5575295245641770E-013
           5           7   2.7573587336415824E-013
           5           8  -1.4277453435604702E-012
           5           9   1.6744886088617934E-013
           5          10   3.1445974140542583E-013
           5          11   3.5609275417575003E-013
           5          12   1.0820776753015808E-014
           5          13   1.8513812717559382E-013
           5          14   7.0576466985815422E-014
           5          15  -2.7365567864824530E-013
           5          16  -2.5936795243432495E-013
           5          17  -9.8032136497828894E-014
           5          18   2.9351108381934131E-014
           5          19   4.7669309620616960E-014
           5          20   1.9645382336983448E-014
           5          21   1.0922200522873808     
           5          22   1.6590106065495086E-013
           5          23   1.0922200522872640     
           5          24  -2.9493130345927395E-013
           5          25  -3.3777665382648076E-014
           5          26   1.0922200522877434     
           5          27  -2.6896759116193736     
           5          28   5.5853367135208067E-014
           5          29  -2.6896759116193056     
           5          30  -1.2336193591736524E-013
           5          31  -2.7422372816365384E-015
           5          32  -2.6896759116192270     
           5          33  -2.4626138960344397     
           5          34   1.8665843983926577E-015
           5          35  -2.4626138960344912     
           5          36   2.9932079651573009E-014
           5          37   1.0152657563355293E-015
           5          38  -2.4626138960344575     
           5          39   1.5577773017783884E-013
           5          40   4.1849215892758773E-014
           5          41   6.0138810225554527E-014
           5          42   1.1887585717803122E-013
           5          43   1.0521851800640318E-014
           5          44   4.4952901163945835E-015
           5          45   2.4962192093115884E-014
           5          46   7.2577389475504529E-014
           5          47   4.8809731601949162E-014
           5          48   6.0972797986534326E-014
           6           1  -3.5305597167387072E-013
           6           2  -2.1558251577283626E-013
           6           3   1.3630685164690518E-012
           6           4  -5.2798217404366287E-013
           6           5  -3.5575295245641770E-013
           6           6   3.0807471914160596     
           6           7   5.5511151231334139E-016
           6           8   6.6960326173369438E-016
           6           9  -1.4270016771748977     
           6          10  -1.7708057242773531E-014
           6          11   8.8991314317532028E-015
           6          12 -0.41709553512770325     
           6          13   3.2751579226435634E-015
           6          14  -4.9630438647743428E-015
           6          15  0.20006133059729164     
           6          16   7.2494094061082052E-014
           6          17  -1.0012823903339005E-014
           6          18  -2.5054943646209828E-002
           6          19  -1.3593943679059539E-014
           6          20   2.3714889644044838E-015
           6          21  -2.1160616737189050E-013
           6          22   7.1676067570240438E-015
           6          23  -1.7539923514011203E-013
           6          24   1.8047812179961906E-015
           6          25  -5.2528792529908072E-015
           6          26  -1.7179966538153894E-013
           6          27   1.4587601199990561E-013
           6          28   2.0167073306731461E-015
           6          29   1.6000122132182438E-013
           6          30  -1.9339888076564176E-015
           6          31  -2.8153633421523686E-015
           6          32   1.6258177395219947E-013
           6          33   1.7473595108983232E-013
           6          34  -1.3893834464129245E-015
           6          35   1.6680623538819585E-013
           6          36   3.9333896335988030E-015
           6          37   4.9967118945942355E-015
           6          38   1.6609821657239150E-013
           6          39 -0.11868481342769860     
           6          40  -1.4450246554889179E-014
           6          41  -5.3077462144242631E-002
           6          42  -4.1685405127728777E-014
           6          43   6.3942991526688260E-015
           6          44   4.6031141218547299E-016
           6          45   3.7372448885627171E-016
           6          46  -5.3077462144235837E-002
           6          47  -1.6649875922427928E-014
           6          48   4.3285687534321463E-015
           7           1   9.3320185276690315E-013
           7           2   5.4352527916776487E-013
           7           3  -3.2553391685264616E-012
           7           4   4.2383189239588732E-013
           7           5   2.7573587336415824E-013
           7           6   5.5511151231334139E-016
           7           7   3.0807471914160578     
           7           8  -4.3715031594605575E-015
           7           9  -4.9960036108143972E-015
           7          10  -1.4270016771748977     
           7          11   6.8972605404826128E-015
           7          12   9.0483176506947008E-015
           7          13 -0.41709553512770764     
           7          14   2.4494295480785476E-015
           7          15   3.1804420208559968E-014
           7          16  0.20006133059733716     
           7          17   1.9439311271795968E-014
           7          18  -2.8369234045256908E-015
           7          19  -2.5054943646222530E-002
           7          20  -5.7191664598642776E-017
           7          21   4.2732879880178988E-013
           7          22   2.8406566519596544E-015
           7          23   4.9701586252311700E-013
           7          24   2.1035002630301428E-015
           7          25   6.0200085190032767E-015
           7          26   4.6560575680408171E-013
           7          27  -1.2220401143587290E-013
           7          28   3.1777061335805095E-015
           7          29  -8.7477710919981950E-014
           7          30  -9.3460353348818889E-016
           7          31   1.0461742068147545E-016
           7          32  -1.0342602827112073E-013
           7          33  -1.3364273099023314E-013
           7          34  -3.9301458737675951E-015
           7          35  -1.5075660281737036E-013
           7          36   2.3114742358326353E-015
           7          37  -7.0291330821336533E-017
           7          38  -1.3267615426393824E-013
           7          39  -2.2329360582774117E-014
           7          40  -5.3077462144258125E-002
           7          41  -9.6988389541865714E-015
           7          42 -0.11868481342772352     
           7          43  -4.3068847099812577E-015
           7          44  -6.9003076198809648E-016
           7          45  -6.1812534257742806E-015
           7          46  -1.0037110032002115E-014
           7          47  -5.3077462144244761E-002
           7          48  -1.7930969209434115E-014
           8           1  -2.2540862372983751E-012
           8           2  -1.3708622545229502E-012
           8           3   8.3462029421222980E-012
           8           4  -2.1916178128878482E-012
           8           5  -1.4277453435604702E-012
           8           6   6.6960326173369438E-016
           8           7  -4.3715031594605575E-015
           8           8   3.0807471914160698     
           8           9   3.3376079677689872E-015
           8          10  -2.4563684419861415E-015
           8          11  -1.4270016771748890     
           8          12  -2.6281060661076924E-015
           8          13  -9.5409791178732863E-015
           8          14 -0.41709553512772002     
           8          15  -4.0389133010288687E-014
           8          16   9.4160790276168385E-015
           8          17  0.20006133059718464     
           8          18   1.1166564092660380E-014
           8          19  -1.3089572828440841E-015
           8          20  -2.5054943646199573E-002
           8          21  -1.2452383724263846E-012
           8          22  -5.2141978107356426E-015
           8          23  -1.2437322214451516E-012
           8          24   2.3375080167672044E-014
           8          25  -2.3832409855436218E-014
           8          26  -1.2687922330761789E-012
           8          27   5.6565106580438311E-013
           8          28  -3.7398095696319794E-015
           8          29   5.6099435388309377E-013
           8          30   1.1297299156190902E-014
           8          31  -7.0032737709099195E-015
           8          32   5.5933880177603728E-013
           8          33   7.0523606498660709E-013
           8          34   1.1609124921381733E-015
           8          35   7.1023444400705227E-013
           8          36  -1.0184079183011197E-014
           8          37   5.7189237227744605E-015
           8          38   6.9571911068323984E-013
           8          39   1.8002960233681586E-014
           8          40   7.5993898673822959E-015
           8          41   9.8841291054619807E-015
           8          42   2.6220345339309745E-015
           8          43  -5.3077462144218379E-002
           8          44   1.7888693625907876E-015
           8          45  -5.3077462144218296E-002
           8          46   1.2223620553250634E-014
           8          47  -4.1147640850202965E-015
           8          48 -0.11868481342760252     
           9           1   3.8583646173240113E-014
           9           2   2.4914973396749696E-014
           9           3  -2.2249830400278665E-013
           9           4   2.9278219793971463E-013
           9           5   1.6744886088617934E-013
           9           6  -1.4270016771748977     
           9           7  -4.9960036108143972E-015
           9           8   3.3376079677689872E-015
           9           9   1.6188379645002759     
           9          10   1.1768364061030230E-014
           9          11  -9.5479180117641268E-015
           9          12  0.71208343609200186     
           9          13  -8.5487172896126909E-015
           9          14   7.7819695132392993E-015
           9          15   6.8626015502775806E-002
           9          16   2.0986684612349776E-014
           9          17   1.4693975203262911E-014
           9          18  -4.0756832982550388E-003
           9          19  -3.8016464976003778E-015
           9          20  -2.2539750014340893E-015
           9          21   6.3319122873608746E-014
           9          22  -9.4139806944305464E-015
           9          23   2.3178488026410438E-014
           9          24  -1.4552338679162733E-015
           9          25   2.7592337468818279E-015
           9          26   1.5205137064956325E-014
           9          27  -6.8667424084314573E-014
           9          28   1.5545462605913257E-015
           9          29  -8.9406379738150297E-014
           9          30   7.5504399979625725E-016
           9          31   4.0275560662674575E-015
           9          32  -9.4657261245510280E-014
           9          33  -8.7415224232040579E-014
           9          34  -1.0108420059535319E-016
           9          35  -8.1292089161116039E-014
           9          36  -3.7524293681832780E-015
           9          37  -5.1270570508832961E-015
           9          38  -7.7251933278239305E-014
           9          39  -8.0622624671528531E-002
           9          40  -9.3935276224106980E-015
           9          41  -3.6055533857998583E-002
           9          42  -6.8868521996183829E-015
           9          43  -7.4560583401844816E-015
           9          44  -4.1359769890759664E-016
           9          45  -2.0530452338193614E-015
           9          46  -3.6055533858005577E-002
           9          47  -4.0575182103057893E-015
           9          48  -8.1787875083632432E-015
          10           1  -3.8547381267505745E-014
          10           2  -1.6745277405090989E-016
          10           3  -1.5134141795891337E-013
          10           4   6.7811519346005501E-013
          10           5   3.1445974140542583E-013
          10           6  -1.7708057242773531E-014
          10           7  -1.4270016771748977     
          10           8  -2.4563684419861415E-015
          10           9   1.1768364061030230E-014
          10          10   1.6188379645002819     
          10          11   5.9119376061324666E-015
          10          12   5.8841820305143023E-015
          10          13  0.71208343609201452     
          10          14   4.3437475838480328E-015
          10          15  -5.2027826491499945E-014
          10          16   6.8626015502719101E-002
          10          17  -5.1121433475298125E-014
          10          18   8.4442002001864609E-015
          10          19  -4.0756832982419165E-003
          10          20   6.7195055943048836E-015
          10          21   7.5547363654737719E-014
          10          22   1.5500087530929977E-015
          10          23  -1.4326118301177162E-014
          10          24   3.7179334052364914E-016
          10          25  -4.9712881660548750E-015
          10          26   2.8984747153738467E-014
          10          27  -1.7874953918910918E-013
          10          28   2.4702464871715050E-015
          10          29  -2.0859073192187997E-013
          10          30   1.5367588604520123E-015
          10          31  -1.5725968123873871E-015
          10          32  -1.9575533538741585E-013
          10          33  -1.6625331646606638E-013
          10          34   5.0769397660484104E-018
          10          35  -1.5593476135344464E-013
          10          36   1.0190034137752333E-015
          10          37  -1.3693503231127269E-017
          10          38  -1.6177177198449515E-013
          10          39   3.0492969260722278E-014
          10          40  -3.6055533857993149E-002
          10          41   1.0958248197746219E-014
          10          42  -8.0622624671508492E-002
          10          43   1.2422788492338432E-014
          10          44  -4.5150990569317773E-016
          10          45   1.2646567820739686E-014
          10          46   1.1652137588137138E-014
          10          47  -3.6055533857995051E-002
          10          48   2.9417440705614240E-014
          11           1   2.1042364814576951E-013
          11           2   1.3448594157439563E-013
          11           3  -9.2186439342990734E-013
          11           4   6.6054808065366877E-013
          11           5   3.5609275417575003E-013
          11           6   8.8991314317532028E-015
          11           7   6.8972605404826128E-015
          11           8  -1.4270016771748890     
          11           9  -9.5479180117641268E-015
          11          10   5.9119376061324666E-015
          11          11   1.6188379645002875     
          11          12  -6.5086824818616520E-015
          11          13   7.5495165674520600E-015
          11          14  0.71208343609201985     
          11          15   9.2608212764900520E-015
          11          16  -2.2632069829348737E-014
          11          17   6.8626015502740945E-002
          11          18  -3.0323779511691674E-015
          11          19   5.1173800440257027E-015
          11          20  -4.0756832982459541E-003
          11          21   1.4325366863989859E-013
          11          22   3.4132188198633481E-015
          11          23   1.3982277745479952E-013
          11          24  -2.4505997429545759E-014
          11          25   1.9846452226029081E-014
          11          26   1.6463462115028428E-013
          11          27  -1.7879815527586064E-013
          11          28   2.4730383484512424E-015
          11          29  -1.8335542465874243E-013
          11          30  -8.6341001490725082E-015
          11          31   6.9390437191637508E-015
          11          32  -1.7385398527547600E-013
          11          33  -1.8059497289197452E-013
          11          34  -7.3997134735397428E-016
          11          35  -1.8004925787989063E-013
          11          36   2.7216930586631420E-015
          11          37  -3.8614890095960209E-015
          11          38  -1.7885860222557786E-013
          11          39  -1.8691645453582858E-015
          11          40   3.8909847566196260E-015
          11          41  -2.2653320191887194E-015
          11          42   9.9668537312341184E-015
          11          43  -3.6055533857993344E-002
          11          44  -2.3253255007414372E-015
          11          45  -3.6055533857989430E-002
          11          46  -3.3285006695273373E-015
          11          47   3.7856003054542803E-015
          11          48  -8.0622624671539855E-002
          12           1  -2.5835547581339054E-014
          12           2  -6.4077507479027872E-015
          12           3   3.6438732611068843E-014
          12           4   1.5330409088052066E-014
          12           5   1.0820776753015808E-014
          12           6 -0.41709553512770325     
          12           7   9.0483176506947008E-015
          12           8  -2.6281060661076924E-015
          12           9  0.71208343609200186     
          12          10   5.8841820305143023E-015
          12          11  -6.5086824818616520E-015
          12          12  0.33755874834803345     
          12          13  -2.0677903833640780E-015
          12          14   1.8396742462754037E-015
          12          15   6.0290170919616755E-002
          12          16   2.1671900385373448E-014
          12          17   5.7565714348121581E-015
          12          18  -5.1026124135522578E-003
          12          19  -3.8389430523359128E-015
          12          20  -8.3697697210440528E-016
          12          21   8.0087031600403885E-015
          12          22  -4.2716049912575746E-015
          12          23  -9.5529932910065881E-015
          12          24  -5.7980914358071824E-016
          12          25   8.8783025803804162E-016
          12          26  -1.3456419598470435E-014
          12          27   2.9751556314871669E-015
          12          28   1.0751271059616555E-015
          12          29  -6.6275367878772347E-015
          12          30   1.8557579112165316E-016
          12          31   1.8565232357016904E-015
          12          32  -9.1738861204476103E-015
          12          33  -7.2845714510262864E-015
          12          34  -2.1528260923152670E-016
          12          35  -4.8837266712454157E-015
          12          36  -1.5783101852275122E-015
          12          37  -2.2001185735723272E-015
          12          38  -2.7769041870303858E-015
          12          39  -5.7387046755119124E-002
          12          40  -7.3985956250400709E-015
          12          41  -2.5664267514481379E-002
          12          42  -9.9763947103400191E-015
          12          43  -2.9377542065671768E-015
          12          44  -1.7087075795339124E-016
          12          45  -7.0847190961087356E-016
          12          46  -2.5664267514484380E-002
          12          47  -4.7635506650312331E-015
          12          48  -3.1233696184966747E-015
          13           1   8.5691174130339059E-014
          13           2   5.8534594526322541E-014
          13           3  -4.2891661405574904E-013
          13           4   3.8328237601809527E-013
          13           5   1.8513812717559382E-013
          13           6   3.2751579226435634E-015
          13           7 -0.41709553512770764     
          13           8  -9.5409791178732863E-015
          13           9  -8.5487172896126909E-015
          13          10  0.71208343609201452     
          13          11   7.5495165674520600E-015
          13          12  -2.0677903833640780E-015
          13          13  0.33755874834804439     
          13          14   3.6810832160233834E-015
          13          15  -2.5094509803481498E-014
          13          16   6.0290170919592240E-002
          13          17  -2.5947560072791976E-014
          13          18   4.2797796556693820E-015
          13          19  -5.1026124135467015E-003
          13          20   3.6960994161117365E-015
          13          21   8.5483562160412109E-014
          13          22   1.1678646896563905E-015
          13          23   4.4848854930314429E-014
          13          24   4.4443659185995692E-016
          13          25  -1.9975084308712735E-015
          13          26   6.4682126565279604E-014
          13          27  -1.0175237060021778E-013
          13          28   1.7053150444234188E-015
          13          29  -1.1390574279976449E-013
          13          30   7.2450933798660957E-016
          13          31  -8.3981648856598345E-016
          13          32  -1.0879518254751044E-013
          13          33  -9.6877206868698852E-014
          13          34  -4.5132222161108008E-016
          13          35  -9.3264727440325016E-014
          13          36   8.1907018708441198E-016
          13          37  -1.5539177321125909E-017
          13          38  -9.4337800652464340E-014
          13          39   1.4635861966816880E-014
          13          40  -2.5664267514480622E-002
          13          41   5.1278425949876485E-015
          13          42  -5.7387046755112039E-002
          13          43   6.3651341142277637E-015
          13          44  -3.2431415824079160E-016
          13          45   6.2692906421801146E-015
          13          46   5.4643789493272042E-015
          13          47  -2.5664267514480109E-002
          13          48   1.4160547734398547E-014
          14           1  -1.4217612384278471E-013
          14           2  -7.4531211540075685E-014
          14           3   3.8872304045785072E-013
          14           4   1.8674885232184030E-013
          14           5   7.0576466985815422E-014
          14           6  -4.9630438647743428E-015
          14           7   2.4494295480785476E-015
          14           8 -0.41709553512772002     
          14           9   7.7819695132392993E-015
          14          10   4.3437475838480328E-015
          14          11  0.71208343609201985     
          14          12   1.8396742462754037E-015
          14          13   3.6810832160233834E-015
          14          14  0.33755874834804450     
          14          15   1.0540613520831166E-015
          14          16  -1.1044117009816754E-014
          14          17   6.0290170919584087E-002
          14          18  -4.0286242224056348E-016
          14          19   2.6098101544458198E-015
          14          20  -5.1026124135459729E-003
          14          21  -5.3770956031565883E-014
          14          22   1.2465746451458695E-015
          14          23  -5.5455516212249676E-014
          14          24  -1.0574674572761070E-014
          14          25   7.9976784695007115E-015
          14          26  -4.4909829180365530E-014
          14          27  -5.4351175030131899E-014
          14          28   9.0760683615648897E-016
          14          29  -5.7357945434064218E-014
          14          30  -3.3720026336159986E-015
          14          31   2.9498741404963343E-015
          14          32  -5.2402122959648350E-014
          14          33  -3.7881524881668638E-014
          14          34  -2.6672864754778835E-016
          14          35  -3.7008409749589820E-014
          14          36   2.9776374607859137E-016
          14          37  -1.4310966413195071E-015
          14          38  -3.8040450928978104E-014
          14          39   3.2092384305975001E-016
          14          40   2.9312489935340016E-015
          14          41  -4.2170043498673841E-016
          14          42   5.5797380604850325E-015
          14          43  -2.5664267514475370E-002
          14          44  -1.0529915793716893E-015
          14          45  -2.5664267514473232E-002
          14          46  -7.2646966567201257E-016
          14          47   1.5207019671305079E-015
          14          48  -5.7387046755113337E-002
          15           1  -2.9637617122511651E-014
          15           2  -5.1896680956210706E-014
          15           3   4.0035397463380151E-013
          15           4  -5.3270965243124251E-013
          15           5  -2.7365567864824530E-013
          15           6  0.20006133059729164     
          15           7   3.1804420208559968E-014
          15           8  -4.0389133010288687E-014
          15           9   6.8626015502775806E-002
          15          10  -5.2027826491499945E-014
          15          11   9.2608212764900520E-015
          15          12   6.0290170919616755E-002
          15          13  -2.5094509803481498E-014
          15          14   1.0540613520831166E-015
          15          15   4.0152505682033865E-002
          15          16   9.8825028022228809E-015
          15          17  -3.2106885509641493E-015
          15          18  -4.2676246319905365E-003
          15          19  -2.2525926436672831E-015
          15          20   4.4775855657723268E-016
          15          21  -6.4295080252813452E-014
          15          22  -5.6071268076759697E-016
          15          23  -6.5879080853033270E-014
          15          24   1.2922782814886004E-017
          15          25  -2.8620515062602552E-016
          15          26  -6.6707212411715693E-014
          15          27   1.5160010287569122E-013
          15          28   5.5003790211065340E-016
          15          29   1.5012686380703346E-013
          15          30  -1.4929784121786856E-016
          15          31   2.7578462858455582E-016
          15          32   1.4961151756360699E-013
          15          33   1.3791164102444155E-013
          15          34  -2.1561794665636690E-016
          15          35   1.3780926719106169E-013
          15          36  -6.9646670776902960E-017
          15          37  -1.4913337690151843E-016
          15          38   1.3838839388212202E-013
          15          39  -3.0540812816016803E-002
          15          40  -1.9044011159744749E-015
          15          41  -1.3658266708942168E-002
          15          42  -3.2189962501189353E-015
          15          43   9.6310356608410744E-016
          15          44  -3.8503688229901481E-018
          15          45   1.0115131930847338E-015
          15          46  -1.3658266708942371E-002
          15          47  -1.3197993045705388E-015
          15          48   2.1555023391200118E-015
          16           1   1.9306044686820362E-013
          16           2   2.5387182305560869E-014
          16           3  -9.3216139136441408E-014
          16           4  -5.2962453286169429E-013
          16           5  -2.5936795243432495E-013
          16           6   7.2494094061082052E-014
          16           7  0.20006133059733716     
          16           8   9.4160790276168385E-015
          16           9   2.0986684612349776E-014
          16          10   6.8626015502719101E-002
          16          11  -2.2632069829348737E-014
          16          12   2.1671900385373448E-014
          16          13   6.0290170919592240E-002
          16          14  -1.1044117009816754E-014
          16          15   9.8825028022228809E-015
          16          16   4.0152505682027627E-002
          16          17  -8.4831230581802698E-015
          16          18  -4.9155015995238745E-016
          16          19  -4.2676246319899129E-003
          16          20   1.3621983857738866E-015
          16          21   4.1676956735866060E-015
          16          22   6.6704778089494393E-016
          16          23  -1.0053212760617130E-015
          16          24   3.6327786835214441E-016
          16          25   2.3365183248675264E-017
          16          26   1.7981711223958183E-015
          16          27   1.5011821311235218E-013
          16          28   8.7018570655619530E-016
          16          29   1.5005691661266148E-013
          16          30   1.2518713442767500E-016
          16          31  -2.4985880466016681E-016
          16          32   1.4993866787797089E-013
          16          33   1.3157543700592929E-013
          16          34  -5.6091366052740707E-016
          16          35   1.3086676999563735E-013
          16          36   5.0199029273590574E-016
          16          37  -1.2353202757864960E-017
          16          38   1.3246825391247755E-013
          16          39  -8.6970361468194254E-015
          16          40  -1.3658266708941939E-002
          16          41  -4.2995121352121152E-015
          16          42  -3.0540812816013577E-002
          16          43   2.5479022103976118E-015
          16          44  -1.7466249451539868E-016
          16          45   2.3178887195035964E-015
          16          46  -4.2315326589982372E-015
          16          47  -1.3658266708940350E-002
          16          48   4.7876199532637474E-015
          17           1  -2.3714966498950134E-013
          17           2  -1.3751601140125282E-013
          17           3   8.2073958383022519E-013
          17           4  -1.2863297290142656E-013
          17           5  -9.8032136497828894E-014
          17           6  -1.0012823903339005E-014
          17           7   1.9439311271795968E-014
          17           8  0.20006133059718464     
          17           9   1.4693975203262911E-014
          17          10  -5.1121433475298125E-014
          17          11   6.8626015502740945E-002
          17          12   5.7565714348121581E-015
          17          13  -2.5947560072791976E-014
          17          14   6.0290170919584087E-002
          17          15  -3.2106885509641493E-015
          17          16  -8.4831230581802698E-015
