           1           1   2.1955378249325612     
           1           2   7.4021631758489873E-002
           1           3 -0.62675339880263281     
           1           4  0.16470164414868738     
           1           5  0.10305507671546371     
           1           6  -8.7508055377115618E-016
           1           7  -3.9014341134842109E-015
           1           8   8.8913422186218934E-016
           1           9   2.1001896460716186E-016
           1          10  -1.0403303746403555E-014
           1          11   1.0837081237037483E-014
           1          12  -1.2925958678439027E-014
           1          13  -3.6931361747043213E-016
           1          14  -1.0460392648013591E-014
           1          15   4.5377950190039793E-014
           1          16   6.4405113924714936E-014
           1          17  -8.9386669618867418E-015
           1          18  -7.5950650070502730E-015
           1          19  -7.0151950243100901E-015
           1          20   5.2989578394768740E-015
           1          21  -2.9855516169151435E-003
           1          22   1.0027423604534331E-015
           1          23  -2.9855516169139049E-003
           1          24  -5.1624695671607501E-016
           1          25  -9.6551314637871627E-016
           1          26  -2.9855516169123922E-003
           1          27  -1.3339022686262655E-002
           1          28   2.8431056356683239E-015
           1          29  -1.3339022686260534E-002
           1          30  -2.0970346628510234E-016
           1          31  -1.1759529240114697E-015
           1          32  -1.3339022686269283E-002
           1          33  -6.3849511746394850E-003
           1          34  -9.2118405766796759E-017
           1          35  -6.3849511746392595E-003
           1          36  -2.8769803128378451E-015
           1          37   2.9989123090040048E-015
           1          38  -6.3849511746356322E-003
           1          39  -1.9553966644389085E-014
           1          40  -1.7994633522690489E-014
           1          41  -5.4654747946775917E-015
           1          42  -3.2757678197214418E-014
           1          43  -2.9020294100802323E-015
           1          44   6.6863227733469535E-016
           1          45   9.7315761605341355E-016
           1          46  -1.0450144677459279E-014
           1          47  -1.7126624575371059E-014
           1          48   1.0995540888343033E-014
           2           1   7.4021631758489873E-002
           2           2   9.7822607860100330E-002
           2           3 -0.42895922135701614     
           2           4  0.10180533531877649     
           2           5   7.0877816445214098E-002
           2           6   6.8671846164658269E-016
           2           7   2.2697031661215673E-016
           2           8   2.0912455254932406E-015
           2           9  -9.9178906314370721E-017
           2          10  -2.8383934373512825E-015
           2          11   5.4492696330028215E-016
           2          12  -1.9220967395414718E-015
           2          13  -1.3242792926006853E-016
           2          14  -9.1085856983205155E-016
           2          15   2.2616656386228799E-015
           2          16   1.1079173182164237E-014
           2          17   2.3598543699235577E-015
           2          18  -2.7464132451254468E-015
           2          19  -3.5190037121365035E-015
           2          20  -9.8559599589168460E-016
           2          21   3.2592045186511504E-005
           2          22  -5.1798154115543708E-017
           2          23   3.2592045188073731E-005
           2          24   9.3848887235780595E-017
           2          25   8.1430675132671453E-017
           2          26   3.2592045186104223E-005
           2          27  -2.8321377680571859E-004
           2          28  -8.4093148216832439E-016
           2          29  -2.8321377680064051E-004
           2          30   2.1629086405066534E-017
           2          31   2.6683953566662760E-017
           2          32  -2.8321377680234569E-004
           2          33   9.6878590292468858E-004
           2          34   5.3883301689437311E-016
           2          35   9.6878590292434228E-004
           2          36  -3.9379994074623419E-016
           2          37  -4.4924937619297213E-016
           2          38   9.6878590292447542E-004
           2          39  -1.0648462006541205E-015
           2          40  -2.3541888917849926E-015
           2          41  -1.1572817172681749E-015
           2          42  -6.7778414115928769E-015
           2          43  -3.0291466461139674E-016
           2          44  -1.7528453305406768E-016
           2          45  -6.4522520406759837E-016
           2          46  -8.6022656484472289E-016
           2          47  -3.2289858010007253E-015
           2          48  -1.0957960920266220E-015
           3           1 -0.62675339880263281     
           3           2 -0.42895922135701614     
           3           3   2.0172203064475358     
           3           4 -0.74794482784272320     
           3           5 -0.51651855770416044     
           3           6  -5.2201867739592384E-015
           3           7   5.5861594212358233E-015
           3           8  -1.4776624572243105E-014
           3           9  -9.6225532154244162E-016
           3          10   1.5363252788059232E-014
           3          11  -6.5678447965111472E-015
           3          12   7.1263697259572179E-016
           3          13  -1.4327753224717295E-014
           3          14   1.9276375385101845E-015
           3          15  -2.0264297129152140E-014
           3          16  -7.3091744931004965E-014
           3          17  -1.0364834488356626E-014
           3          18   3.7494768773427158E-015
           3          19  -1.9088832962978101E-016
           3          20   2.1036515413093993E-016
           3          21   2.9150118339473505E-004
           3          22   1.4202526707301959E-016
           3          23   2.9150118338470792E-004
           3          24  -1.5502261274698084E-016
           3          25  -1.1628756369439525E-016
           3          26   2.9150118339638499E-004
           3          27   9.5827703081098874E-004
           3          28   3.1171971592626596E-015
           3          29   9.5827703077479287E-004
           3          30   1.2618598722518804E-016
           3          31   1.4058685667026324E-016
           3          32   9.5827703078633746E-004
           3          33  -4.4705793812172450E-003
           3          34  -2.1723024501044923E-015
           3          35  -4.4705793812134780E-003
           3          36   1.8672476746928323E-015
           3          37   1.2036167807685050E-015
           3          38  -4.4705793812164990E-003
           3          39   3.9593155034487940E-015
           3          40   1.0076673795807315E-014
           3          41   4.1310140604931644E-015
           3          42   2.8126692278060505E-014
           3          43   1.1693076767439039E-015
           3          44   7.0096209112098838E-016
           3          45   2.2337381678322286E-015
           3          46   3.3570446629042283E-015
           3          47   1.3615691601649963E-014
           3          48   2.1509686422825558E-015
           4           1  0.16470164414868738     
           4           2  0.10180533531877649     
           4           3 -0.74794482784272320     
           4           4   1.0034051838009348     
           4           5  0.69016645212418948     
           4           6   9.1280662399245241E-016
           4           7  -3.5745601998489939E-014
           4           8  -2.9750563990317810E-015
           4           9   2.7142889949211553E-016
           4          10  -1.7912935948972230E-014
           4          11  -2.3762955147934877E-015
           4          12   4.4161385563405009E-014
           4          13   8.9223558300081427E-014
           4          14   3.5930554662159468E-014
           4          15   5.3163578450180815E-014
           4          16   1.5279329006133433E-013
           4          17   6.2735293662014862E-014
           4          18   4.6263542549073396E-014
           4          19   9.8072186391309633E-014
           4          20   4.2414648281131096E-014
           4          21  -1.1814344248088304E-004
           4          22  -2.0300362909117725E-016
           4          23  -1.1814344246945907E-004
           4          24  -4.6298646125234400E-016
           4          25  -2.5328785776796768E-016
           4          26  -1.1814344248209678E-004
           4          27   5.7746114826981504E-003
           4          28  -4.8852941149412827E-016
           4          29   5.7746114827471745E-003
           4          30  -5.7134940293162595E-016
           4          31  -2.9534456631746619E-016
           4          32   5.7746114827357774E-003
           4          33   4.5118070301185600E-003
           4          34   1.6954088286531057E-016
           4          35   4.5118070301110522E-003
           4          36   1.7643747406941059E-016
           4          37   5.8071980641734336E-016
           4          38   4.5118070301173336E-003
           4          39   8.3365897393973159E-015
           4          40   4.5436629211257641E-015
           4          41   3.4539380035211231E-015
           4          42   8.3972527955814481E-015
           4          43   1.1689395976930318E-015
           4          44  -2.9021328112877445E-016
           4          45   5.2687857203877823E-016
           4          46   4.1898386021381685E-015
           4          47   3.9461943412508450E-015
           4          48   2.2418212458837447E-015
           5           1  0.10305507671546371     
           5           2   7.0877816445214098E-002
           5           3 -0.51651855770416044     
           5           4  0.69016645212418948     
           5           5  0.47477620770817897     
           5           6   2.2660474284591617E-014
           5           7   3.4647103385640378E-014
           5           8   5.3818181290017111E-014
           5           9   1.1996128645599113E-014
           5          10   1.9234581374321472E-014
           5          11   2.7200141059766122E-014
           5          12  -2.8786520636049616E-014
           5          13  -8.1515429646977051E-014
           5          14  -4.6762666837139711E-014
           5          15  -8.3581509694523322E-014
           5          16  -1.8557131508912289E-013
           5          17  -1.0631793874002552E-013
           5          18  -3.8941756065918563E-014
           5          19  -1.0395705102793175E-013
           5          20  -5.9302717459019298E-014
           5          21  -6.5660350555742927E-005
           5          22  -1.4528299926082433E-016
           5          23  -6.5660350547876755E-005
           5          24  -3.1438264606487240E-016
           5          25  -1.6814091124356863E-016
           5          26  -6.5660350556596329E-005
           5          27   4.0328959021290745E-003
           5          28  -3.6115872331986710E-016
           5          29   4.0328959021628252E-003
           5          30  -3.9138447793922074E-016
           5          31  -1.9671966294015996E-016
           5          32   4.0328959021550146E-003
           5          33   3.1460903491209533E-003
           5          34   1.2404894887835734E-016
           5          35   3.1460903491157878E-003
           5          36   1.3066955883625202E-016
           5          37   3.7810097637239058E-016
           5          38   3.1460903491200881E-003
           5          39   6.3908206784151609E-015
           5          40   3.7808418921703478E-015
           5          41   2.6440713234820681E-015
           5          42   7.1850751537860311E-015
           5          43   1.0091122949043892E-015
           5          44  -2.0515890178468372E-016
           5          45   5.4374234143113292E-016
           5          46   3.1789758953485615E-015
           5          47   3.3543919256232428E-015
           5          48   1.9067058009819837E-015
           6           1  -8.7508055377115618E-016
           6           2   6.8671846164658269E-016
           6           3  -5.2201867739592384E-015
           6           4   9.1280662399245241E-016
           6           5   2.2660474284591617E-014
           6           6   1.0837332715619197     
           6           7   4.5193883357885767E-015
           6           8  -4.8225312632155237E-016
           6           9  0.54198193372861703     
           6          10  -1.1457848558826811E-015
           6          11  -5.2692225582795515E-016
           6          12  -3.0202242324935274E-002
           6          13  -7.9979425859910691E-015
           6          14  -2.1141075001729348E-014
           6          15 -0.23095916661917915     
           6          16   2.8466812240779404E-014
           6          17   8.5598195198599569E-014
           6          18 -0.14429443530812541     
           6          19   2.2204460492503131E-016
           6          20  -2.5613192122797557E-014
           6          21   2.2236820201898732E-015
           6          22   1.5639575167554501E-015
           6          23   1.4863535314586146E-015
           6          24   2.1134631586183252E-015
           6          25   3.8347635735585464E-016
           6          26   4.3881947901805523E-016
           6          27  -1.5408615379088308E-015
           6          28  -5.6672752133836936E-015
           6          29  -2.8982548122969681E-015
           6          30   1.9718979256432332E-015
           6          31  -5.2126540155991675E-015
           6          32  -1.3113151394856140E-015
           6          33  -1.0340354123814189E-014
           6          34   2.3135235503643909E-015
           6          35  -4.4645181779851015E-015
           6          36   5.8421485004625186E-015
           6          37  -9.7104885097771488E-016
           6          38  -5.1591455855324608E-015
           6          39  -9.2354983827257625E-003
           6          40  -2.6647046656898266E-015
           6          41  -4.1302404379701188E-003
           6          42  -1.5165074599733652E-014
           6          43  -1.7235802493359084E-014
           6          44   1.7008272234946477E-015
           6          45  -1.1486291925195610E-014
           6          46  -4.1302404379708058E-003
           6          47  -6.7885523320331681E-015
           6          48  -3.4003351620948835E-014
           7           1  -3.9014341134842109E-015
           7           2   2.2697031661215673E-016
           7           3   5.5861594212358233E-015
           7           4  -3.5745601998489939E-014
           7           5   3.4647103385640378E-014
           7           6   4.5193883357885767E-015
           7           7   1.0837332715619286     
           7           8   2.0816681711721685E-015
           7           9   1.1282207806884159E-015
           7          10  0.54198193372862180     
           7          11   3.5995512126518747E-016
           7          12   1.1188966420050406E-015
           7          13  -3.0202242324955410E-002
           7          14  -1.3501352813527490E-014
           7          15  -2.8348851044412982E-014
           7          16 -0.23095916661914653     
           7          17   4.0859676753157714E-014
           7          18   6.7194513841961623E-015
           7          19 -0.14429443530814029     
           7          20  -1.2750217548429532E-014
           7          21  -2.5017699627863822E-017
           7          22   2.0169668962740812E-015
           7          23   1.3806310993788404E-015
           7          24   1.3678982713302815E-015
           7          25  -5.6005301832170311E-016
           7          26   1.2384858552981087E-015
           7          27   3.7043995743724313E-015
           7          28  -5.7516015190739739E-015
           7          29   6.0371021871217414E-015
           7          30   4.1523897274832888E-015
           7          31  -7.9475830784025755E-015
           7          32   6.7908308797443394E-015
           7          33  -1.1106324392615940E-014
           7          34   7.5592133700952559E-015
           7          35  -5.3077021233334298E-016
           7          36   9.8107920812896478E-015
           7          37  -3.0421781048303338E-015
           7          38   1.8543361071200274E-015
           7          39   5.1917563130554623E-015
           7          40  -4.1302404379769207E-003
           7          41   4.6729621853893594E-015
           7          42  -9.2354983827448549E-003
           7          43  -1.0164178526617107E-014
           7          44   4.5576823459849211E-016
           7          45  -4.1414015771422397E-015
           7          46   3.6090328994634394E-015
           7          47  -4.1302404379773353E-003
           7          48  -1.7368281834441446E-014
           8           1   8.8913422186218934E-016
           8           2   2.0912455254932406E-015
           8           3  -1.4776624572243105E-014
           8           4  -2.9750563990317810E-015
           8           5   5.3818181290017111E-014
           8           6  -4.8225312632155237E-016
           8           7   2.0816681711721685E-015
           8           8   1.0837332715619199     
           8           9   2.5869063835504136E-015
           8          10   1.3903808659954109E-015
           8          11  0.54198193372862347     
           8          12  -2.4520316332932168E-015
           8          13  -6.2727600891321345E-015
           8          14  -3.0202242324952062E-002
           8          15  -1.0741407763248390E-014
           8          16  -2.8727020762175925E-015
           8          17 -0.23095916661914284     
           8          18   2.8900493109773606E-015
           8          19  -5.4956039718945249E-015
           8          20 -0.14429443530814112     
           8          21   1.7092482719526104E-015
           8          22   3.7544624347129235E-015
           8          23  -1.4685861234588316E-015
           8          24   9.6641600654777543E-016
           8          25   5.4751343846815446E-016
           8          26   8.5826239764826210E-016
           8          27  -1.1171257771145770E-014
           8          28   4.2176876000616169E-015
           8          29  -7.3864910932823347E-015
           8          30   3.7097290324365884E-016
           8          31  -5.5304989996708230E-015
           8          32  -2.4856627010742327E-015
           8          33  -1.0560239724103475E-014
           8          34   3.6503280135543263E-015
           8          35  -1.7727088743299345E-014
           8          36   2.6847007659573382E-015
           8          37  -2.2394963705818315E-016
           8          38  -1.8162666101784032E-014
           8          39   1.0993471215824113E-015
           8          40   3.1233492897055071E-015
           8          41   5.8890202827080462E-015
           8          42  -7.7683085658586393E-016
           8          43  -4.1302404379772936E-003
           8          44   9.6194655124534396E-016
           8          45  -4.1302404379726498E-003
           8          46   2.0175647177239631E-015
           8          47   3.2190098026366187E-015
           8          48  -9.2354983827355238E-003
           9           1   2.1001896460716186E-016
           9           2  -9.9178906314370721E-017
           9           3  -9.6225532154244162E-016
           9           4   2.7142889949211553E-016
           9           5   1.1996128645599113E-014
           9           6  0.54198193372861703     
           9           7   1.1282207806884159E-015
           9           8   2.5869063835504136E-015
           9           9  0.27107756227099356     
           9          10  -1.0948273537758624E-015
           9          11   1.1815635275747027E-015
           9          12  -1.7223118542529642E-002
           9          13  -8.0495506094013791E-015
           9          14  -1.1560630924778437E-014
           9          15 -0.11967284608198282     
           9          16   6.2675559187042040E-015
           9          17   4.2117351273240899E-014
           9          18  -7.4615676244423057E-002
           9          19  -4.2969100499945512E-015
           9          20  -1.4158813010922700E-014
           9          21   1.1394384702780032E-015
           9          22   7.8927413243422867E-016
           9          23   7.6986951954062974E-016
           9          24   1.0739007494062183E-015
           9          25   1.9491092403314523E-016
           9          26   2.5318874313621258E-016
           9          27  -6.2446114910226257E-016
           9          28  -2.9117193283953583E-015
           9          29  -1.3189451369790512E-015
           9          30   1.0359324356772341E-015
           9          31  -2.6913474036331860E-015
           9          32  -5.0308560303007672E-016
           9          33  -5.3421843366888814E-015
           9          34   1.1549083032014022E-015
           9          35  -2.3170643263158005E-015
           9          36   3.0123846461228916E-015
           9          37  -4.9181105295734212E-016
           9          38  -2.6318596738493980E-015
           9          39  -4.5911117806819567E-003
           9          40  -1.2285501392247933E-015
           9          41  -2.0532076067795845E-003
           9          42  -7.4722857973863119E-015
           9          43  -8.8416331412355040E-015
           9          44   8.6580539767635242E-016
           9          45  -5.8581967537574622E-015
           9          46  -2.0532076067799445E-003
           9          47  -3.3087817425184185E-015
           9          48  -1.7417694348452473E-014
          10           1  -1.0403303746403555E-014
          10           2  -2.8383934373512825E-015
          10           3   1.5363252788059232E-014
          10           4  -1.7912935948972230E-014
          10           5   1.9234581374321472E-014
          10           6  -1.1457848558826811E-015
          10           7  0.54198193372862180     
          10           8   1.3903808659954109E-015
          10           9  -1.0948273537758624E-015
          10          10  0.27107756227099611     
          10          11   3.6038880213418167E-016
          10          12   1.3257624165152748E-015
          10          13  -1.7223118542534006E-002
          10          14  -6.3525573690270676E-015
          10          15  -1.2110104585794090E-014
          10          16 -0.11967284608195450     
          10          17   2.2473342631279536E-014
          10          18   4.7249530676918283E-015
          10          19  -7.4615676244423890E-002
          10          20  -5.7818333454306980E-015
          10          21   1.7055130612077092E-017
          10          22   1.0351054435606641E-015
          10          23   7.3743927050766270E-016
          10          24   7.1660786671279956E-016
          10          25  -2.8377180135914871E-016
          10          26   6.8025134305495883E-016
          10          27   2.1216823414249673E-015
          10          28  -2.9170210134877190E-015
          10          29   3.2976808865126544E-015
          10          30   2.1530584141599351E-015
          10          31  -4.1063804010861536E-015
          10          32   3.7169290294916474E-015
          10          33  -5.9131098638430830E-015
          10          34   3.8619178749486237E-015
          10          35  -4.2252186040525902E-016
          10          36   5.0676395829584427E-015
          10          37  -1.5335895162275246E-015
          10          38   8.3883849991312542E-016
          10          39   2.6274047228245362E-015
          10          40  -2.0532076067830991E-003
          10          41   2.4035161271733323E-015
          10          42  -4.5911117806918707E-003
          10          43  -5.2634559579746443E-015
          10          44   2.2198028790871027E-016
          10          45  -2.1106773555497338E-015
          10          46   1.8502587699822937E-015
          10          47  -2.0532076067833359E-003
          10          48  -8.9957745029109470E-015
          11           1   1.0837081237037483E-014
          11           2   5.4492696330028215E-016
          11           3  -6.5678447965111472E-015
          11           4  -2.3762955147934877E-015
          11           5   2.7200141059766122E-014
          11           6  -5.2692225582795515E-016
          11           7   3.5995512126518747E-016
          11           8  0.54198193372862347     
          11           9   1.1815635275747027E-015
          11          10   3.6038880213418167E-016
          11          11  0.27107756227099977     
          11          12  -2.8831104170734534E-015
          11          13  -4.4296163959067769E-015
          11          14  -1.7223118542533451E-002
          11          15  -8.3544282603043030E-015
          11          16  -3.5908775952719907E-015
          11          17 -0.11967284608195475     
          11          18  -3.8944542035679319E-016
          11          19  -4.1217029789208937E-015
          11          20  -7.4615676244426402E-002
          11          21   8.5258541659628839E-016
          11          22   1.8901380817463368E-015
          11          23  -7.3755253115114573E-016
          11          24   4.8231402166849161E-016
          11          25   2.7778151494711637E-016
          11          26   4.3626418050971177E-016
          11          27  -5.5758245091028671E-015
          11          28   2.1001498719454289E-015
          11          29  -3.7080916625896998E-015
          11          30   1.6914396564460600E-016
          11          31  -2.8379571969707416E-015
          11          32  -1.2163244471402838E-015
          11          33  -5.4786359776636158E-015
          11          34   1.8797552550817142E-015
          11          35  -9.1041743380535328E-015
          11          36   1.4094260489751806E-015
          11          37  -1.1573927103602179E-016
          11          38  -9.2316321755616872E-015
          11          39   5.4254154337532445E-016
          11          40   1.5720491043907242E-015
          11          41   2.9542459380497640E-015
          11          42  -4.4631860056723593E-016
          11          43  -2.0532076067835358E-003
          11          44   4.9700946432046147E-016
          11          45  -2.0532076067811622E-003
          11          46   9.7766067431396403E-016
          11          47   1.6010379599775554E-015
          11          48  -4.5911117806875582E-003
          12           1  -1.2925958678439027E-014
          12           2  -1.9220967395414718E-015
          12           3   7.1263697259572179E-016
          12           4   4.4161385563405009E-014
          12           5  -2.8786520636049616E-014
          12           6  -3.0202242324935274E-002
          12           7   1.1188966420050406E-015
          12           8  -2.4520316332932168E-015
          12           9  -1.7223118542529642E-002
          12          10   1.3257624165152748E-015
          12          11  -2.8831104170734534E-015
          12          12  0.15599551555011773     
          12          13   5.9370910965306223E-015
          12          14   2.9252641975396898E-014
          12          15  0.31170044376302719     
          12          16   2.3670301829703533E-014
          12          17  -6.9343836228696887E-014
          12          18  0.18365684055604081     
          12          19  -5.6673415960162288E-015
          12          20   2.8534466456342500E-014
          12          21  -2.1640623551572317E-015
          12          22  -5.6565270567233978E-016
          12          23  -2.0830271800445189E-015
          12          24  -1.2997130153824479E-015
          12          25  -2.4003272809357610E-016
          12          26  -2.5809124766856367E-015
          12          27  -1.0457565219392707E-014
          12          28   5.8314759420196825E-015
          12          29  -9.2741448234061716E-015
          12          30  -3.6997985980602283E-015
          12          31   6.3305844066928123E-015
          12          32  -1.0945674283946103E-014
          12          33   1.2534002245460951E-014
          12          34   8.9157244994290773E-017
          12          35   6.0303344383635620E-015
          12          36  -6.8038289662180243E-015
          12          37   4.7978733676947214E-016
          12          38   3.6630051452798386E-015
          12          39  -1.7651672668626288E-003
          12          40  -5.5318400413780638E-015
          12          41  -7.8940680007621100E-004
          12          42  -3.2631571598475129E-015
          12          43   1.6170045310332989E-014
          12          44  -1.1612455021793790E-015
          12          45   8.0959985080970159E-015
          12          46  -7.8940680007495267E-004
          12          47  -4.1072864781586255E-015
          12          48   2.9895851690487502E-014
          13           1  -3.6931361747043213E-016
          13           2  -1.3242792926006853E-016
          13           3  -1.4327753224717295E-014
          13           4   8.9223558300081427E-014
          13           5  -8.1515429646977051E-014
          13           6  -7.9979425859910691E-015
          13           7  -3.0202242324955410E-002
          13           8  -6.2727600891321345E-015
          13           9  -8.0495506094013791E-015
          13          10  -1.7223118542534006E-002
          13          11  -4.4296163959067769E-015
          13          12   5.9370910965306223E-015
          13          13  0.15599551555013969     
          13          14   2.6159630017730251E-014
          13          15   1.2803993976184813E-014
          13          16  0.31170044376300676     
          13          17  -4.5026482542454005E-014
          13          18  -2.0261570199409107E-015
          13          19  0.18365684055606260     
          13          20   1.8970935933282362E-014
          13          21  -1.6058551523238392E-015
          13          22  -1.9899785881603514E-015
          13          23  -2.9199729607073821E-015
          13          24  -2.4190254169401437E-015
          13          25   2.8550532527728474E-016
          13          26  -3.9338430424551618E-015
          13          27  -1.3951856790407172E-014
          13          28   3.1340233528093532E-015
          13          29  -1.4705152883225090E-014
          13          30  -5.7120111013227747E-015
          13          31   9.8688782267871713E-015
          13          32  -1.7823950696669579E-014
          13          33   2.7353933857577033E-014
          13          34  -6.1792295674874600E-015
          13          35   1.2289936728824680E-014
          13          36  -1.2077873445365734E-014
          13          37   9.7644668471544281E-016
          13          38   7.2035913649060432E-015
          13          39  -9.2178191078359784E-016
          13          40  -7.8940680007036834E-004
          13          41  -4.3413149052214106E-015
          13          42  -1.7651672668412373E-003
          13          43   1.3086218577946368E-014
          13          44   4.2318024147295276E-016
          13          45   2.6123919108674010E-015
          13          46  -2.7572040516617852E-015
          13          47  -7.8940680006817120E-004
          13          48   2.2263468195740654E-014
          14           1  -1.0460392648013591E-014
          14           2  -9.1085856983205155E-016
          14           3   1.9276375385101845E-015
          14           4   3.5930554662159468E-014
          14           5  -4.6762666837139711E-014
          14           6  -2.1141075001729348E-014
          14           7  -1.3501352813527490E-014
          14           8  -3.0202242324952062E-002
          14           9  -1.1560630924778437E-014
          14          10  -6.3525573690270676E-015
          14          11  -1.7223118542533451E-002
          14          12   2.9252641975396898E-014
          14          13   2.6159630017730251E-014
          14          14  0.15599551555015151     
          14          15   4.3819115003174147E-014
          14          16   3.2654434711787417E-014
          14          17  0.31170044376295658     
          14          18   3.1735031269519709E-014
          14          19   2.7450264283856995E-014
          14          20  0.18365684055609127     
          14          21  -9.9281794116326988E-016
          14          22  -1.0205523153146675E-015
          14          23  -8.3960774608966822E-016
          14          24   4.6054410724103879E-017
          14          25  -3.0573573480848567E-016
          14          26  -1.6473527002428662E-015
          14          27  -5.3266849209952150E-015
          14          28   5.5190157865788971E-016
          14          29  -3.5975450895088003E-015
          14          30   1.1892428129797614E-015
          14          31   5.4352931955271155E-015
          14          32  -6.7241590614449654E-015
          14          33   1.1691923331343630E-014
          14          34  -4.0708768092493343E-015
          14          35   1.4919697652263965E-014
          14          36  -4.9656983679198792E-015
          14          37   2.8010617404954452E-016
          14          38   8.3137911302882675E-015
          14          39   2.0748512500126659E-015
          14          40  -1.6778028619213181E-016
          14          41  -1.2590297727987920E-016
          14          42   5.7115634921264813E-015
          14          43  -7.8940680005332717E-004
          14          44  -1.1935997935636901E-015
          14          45  -7.8940680005719875E-004
          14          46   2.9460856226359161E-015
          14          47   1.2130460481582506E-015
          14          48  -1.7651672668185570E-003
          15           1   4.5377950190039793E-014
          15           2   2.2616656386228799E-015
          15           3  -2.0264297129152140E-014
          15           4   5.3163578450180815E-014
          15           5  -8.3581509694523322E-014
          15           6 -0.23095916661917915     
          15           7  -2.8348851044412982E-014
          15           8  -1.0741407763248390E-014
          15           9 -0.11967284608198282     
          15          10  -1.2110104585794090E-014
          15          11  -8.3544282603043030E-015
          15          12  0.31170044376302719     
          15          13   1.2803993976184813E-014
          15          14   4.3819115003174147E-014
          15          15  0.64982505654088252     
          15          16   4.6480180815322569E-014
          15          17  -1.8261087086912653E-013
          15          18  0.38418273036659079     
          15          19  -8.3301421316406277E-015
          15          20   4.1001924078187812E-014
          15          21  -4.6992064741535001E-015
          15          22  -1.3604659273775778E-015
          15          23  -4.4230643283528590E-015
          15          24  -2.8917007104828364E-015
          15          25  -5.3296026186408289E-016
          15          26  -5.2368430784618928E-015
          15          27  -2.1069593582533193E-014
          15          28   1.2370413753742468E-014
          15          29  -1.8526368318773175E-014
          15          30  -7.5914433926299861E-015
          15          31   1.3280451412670523E-014
          15          32  -2.2066278231398572E-014
          15          33   2.5957332279520203E-014
          15          34  -1.9077831592879519E-016
          15          35   1.2231370186685834E-014
          15          36  -1.4311194254360282E-014
          15          37   1.0976761933664008E-015
          15          38   7.6836147492863358E-015
          15          39  -2.0111307659496746E-003
          15          40  -1.0342631427944643E-014
          15          41  -8.9940502086872877E-004
          15          42  -3.7527625321512326E-015
          15          43   3.4665988883717663E-014
          15          44  -2.5539529748790281E-015
          15          45   1.7870335202938015E-014
          15          46  -8.9940502086614446E-004
          15          47  -6.8870893688531554E-015
          15          48   6.4477896221000475E-014
          16           1   6.4405113924714936E-014
          16           2   1.1079173182164237E-014
          16           3  -7.3091744931004965E-014
          16           4   1.5279329006133433E-013
          16           5  -1.8557131508912289E-013
          16           6   2.8466812240779404E-014
          16           7 -0.23095916661914653     
          16           8  -2.8727020762175925E-015
          16           9   6.2675559187042040E-015
          16          10 -0.11967284608195450     
          16          11  -3.5908775952719907E-015
          16          12   2.3670301829703533E-014
          16          13  0.31170044376300676     
          16          14   3.2654434711787417E-014
          16          15   4.6480180815322569E-014
          16          16  0.64982505654069422     
          16          17  -1.3786194408282881E-013
          16          18   4.4981379732078608E-015
          16          19  0.38418273036655126     
          16          20   1.4072076837123859E-014
          16          21  -3.2290481004003164E-015
          16          22  -4.2345190715177307E-015
          16          23  -6.0370556055779340E-015
          16          24  -4.9759295193439072E-015
          16          25   6.5037642363433424E-016
          16          26  -8.0093374157252335E-015
          16          27  -2.8726846376649276E-014
          16          28   7.0765491162170841E-015
          16          29  -3.0578178269726230E-014
          16          30  -1.1895592232802326E-014
          16          31   2.0674910227951823E-014
          16          32  -3.6833689967243350E-014
          16          33   5.5322690283480959E-014
          16          34  -1.3354079250985774E-014
          16          35   2.4010456253225944E-014
          16          36  -2.5316006705714659E-014
          16          37   2.4026760417508742E-015
          16          38   1.3625594906074622E-014
          16          39  -3.1930702656599030E-015
          16          40  -8.9940502085605954E-004
          16          41  -9.5304691330629077E-015
          16          42  -2.0111307659043485E-003
          16          43   2.7439164764116175E-014
          16          44   7.6046397304199893E-016
          16          45   5.8786797044879657E-015
          16          46  -6.2454110893311876E-015
          16          47  -8.9940502085167145E-004
          16          48   4.6738654613243114E-014
          17           1  -8.9386669618867418E-015
          17           2   2.3598543699235577E-015
          17           3  -1.0364834488356626E-014
          17           4   6.2735293662014862E-014
          17           5  -1.0631793874002552E-013
          17           6   8.5598195198599569E-014
          17           7   4.0859676753157714E-014
          17           8 -0.23095916661914284     
          17           9   4.2117351273240899E-014
          17          10   2.2473342631279536E-014
          17          11 -0.11967284608195475     
          17          12  -6.9343836228696887E-014
          17          13  -4.5026482542454005E-014
          17          14  0.31170044376295658     
          17          15  -1.8261087086912653E-013
          17          16  -1.3786194408282881E-013
