           1           1   2.2339768278301473     
           1           2 -0.79245520343399090     
           1           3  0.13723646102301995     
           1           4  0.19944352370342561     
           1           5  -6.3826959448132853E-002
           1           6 -0.13818717600923086     
           1           7   1.1489491469062388E-010
           1           8  -6.2407295824189595E-011
           1           9   3.3328071310650064E-011
           1          10  -3.1877511282348754E-010
           1          11   2.1226386174169845E-010
           1          12  -7.3672373354551669E-011
           1          13   1.6855405106068432E-010
           1          14   5.4247221312712482E-011
           1          15   1.0386591607372378E-010
           1          16   4.3193772092582463E-010
           1          17  -1.0701641812614355E-010
           1          18  -1.8457036865161496E-010
           1          19   2.2080627978984979E-010
           1          20  -8.2892665807593200E-011
           1          21   1.6613759929476764E-010
           1          22  -3.3845031825487063E-003
           1          23  -8.5875569854546707E-011
           1          24  -3.3845031945493875E-003
           1          25   1.7142562117184995E-011
           1          26  -3.9005872695086355E-011
           1          27  -3.3845030309637429E-003
           1          28   8.6114743887876159E-003
           1          29  -5.7326252351172284E-012
           1          30   8.6114743648436458E-003
           1          31  -1.5452846720902458E-011
           1          32  -8.8149439163971421E-012
           1          33   8.6114744067497702E-003
           1          34   1.8630649719905797E-002
           1          35   4.8982365818336317E-011
           1          36   1.8630649642454263E-002
           1          37   1.1651206170458587E-010
           1          38   2.0014931795636539E-011
           1          39   1.8630649555253200E-002
           1          40   2.6107596004505025E-002
           1          41  -2.2257451912021773E-011
           1          42   2.6107596025821883E-002
           1          43  -7.5302553313552887E-011
           1          44  -2.7874974639504513E-011
           1          45   2.6107596155428750E-002
           1          46   2.0183753433718367E-011
           1          47   4.4121795883072833E-011
           1          48   4.0740435181027435E-011
           1          49   2.0182845798452251E-011
           1          50   5.4979017691387310E-011
           1          51  -4.0877397259667183E-011
           1          52   5.0420474487724127E-011
           1          53   5.3104197312845946E-011
           1          54  -1.6328727340670237E-011
           1          55   9.0947916059760225E-011
           2           1 -0.79245520343399090     
           2           2   2.6758355786864749     
           2           3 -0.56535009386087309     
           2           4 -0.65042928285816948     
           2           5  0.16190645351297439     
           2           6  0.38637141640038764     
           2           7  -4.1302185728877818E-010
           2           8   3.4749734537657005E-010
           2           9  -2.6803568368117347E-010
           2          10   1.2030748477509598E-009
           2          11  -9.0779563972256303E-010
           2          12   7.0970767931167326E-010
           2          13  -5.3458788612899886E-010
           2          14  -1.7406626886284618E-010
           2          15  -2.2862726858272260E-010
           2          16  -2.2741177000963348E-009
           2          17   1.7853852811110211E-010
           2          18  -3.6975869510685090E-010
           2          19  -1.1355990316693532E-009
           2          20   2.1893674855400280E-010
           2          21  -1.0448815364450371E-009
           2          22  -8.9083769536255318E-003
           2          23   1.7586464137361637E-010
           2          24  -8.9083770209965815E-003
           2          25   3.1846206288264694E-011
           2          26   6.3242537646736141E-012
           2          27  -8.9083773567092579E-003
           2          28  -1.8228301246082601E-002
           2          29  -1.4942594852511646E-011
           2          30  -1.8228301180430589E-002
           2          31   7.0163924493512481E-011
           2          32  -5.2839888615608537E-013
           2          33  -1.8228301256452712E-002
           2          34  -3.7119592118100113E-002
           2          35  -1.6902041454492647E-010
           2          36  -3.7119591858861156E-002
           2          37  -4.0881227175552080E-010
           2          38  -6.9747198835233438E-011
           2          39  -3.7119591538219678E-002
           2          40  -6.5314786184109186E-002
           2          41   7.5723671326597328E-011
           2          42  -6.5314786274975944E-002
           2          43   2.6693376808358219E-010
           2          44   9.4666047517822864E-011
           2          45  -6.5314786693354360E-002
           2          46   8.6969520220736344E-011
           2          47  -1.3442991786489932E-010
           2          48  -7.5281735829238842E-011
           2          49  -1.8242075403192719E-011
           2          50  -9.3225864059126290E-011
           2          51   1.4764441607933850E-010
           2          52  -7.5733445508843823E-011
           2          53  -1.2074568053660179E-010
           2          54   8.3511933665988601E-011
           2          55  -9.2645239559516685E-011
           3           1  0.13723646102301995     
           3           2 -0.56535009386087309     
           3           3  0.82571945743115649     
           3           4  0.80037156314825098     
           3           5 -0.29883404763986710     
           3           6 -0.54232977157785700     
           3           7   2.8872150892760549E-010
           3           8  -2.6448166670219933E-010
           3           9  -2.9291869942971988E-010
           3          10  -1.5508606254363840E-009
           3          11   1.1915675105259815E-009
           3          12   5.7416861012363797E-010
           3          13   3.5228326699186003E-010
           3          14   1.1041435780965223E-010
           3          15   2.5792264949501631E-010
           3          16   3.4388450273807152E-009
           3          17  -2.5410209954874741E-010
           3          18  -1.6544713889670704E-009
           3          19   6.2595154914161149E-010
           3          20  -6.1390051797410126E-010
           3          21   1.3991000260429729E-011
           3          22   1.9271473296500412E-002
           3          23  -7.3085663841159683E-010
           3          24   1.9271473010986633E-002
           3          25   2.2471117384071917E-010
           3          26  -5.9081117690191603E-010
           3          27   1.9271474534620511E-002
           3          28   2.5238741850924881E-002
           3          29  -1.2084052604119605E-010
           3          30   2.5238741682116317E-002
           3          31  -9.4168289688022297E-011
           3          32  -1.5230761904607773E-010
           3          33   2.5238742165923346E-002
           3          34   3.9252149878645400E-002
           3          35   3.4637670130691247E-010
           3          36   3.9252149318897325E-002
           3          37   7.7983625875947419E-010
           3          38   1.4343336686099111E-010
           3          39   3.9252148734429060E-002
           3          40   7.5463553094109515E-002
           3          41  -1.5480263373795149E-010
           3          42   7.5463553201361902E-002
           3          43  -4.9063523606247704E-010
           3          44  -1.9268835616979784E-010
           3          45   7.5463554146136091E-002
           3          46  -5.4058839898134569E-010
           3          47   1.7949518625810227E-010
           3          48  -4.1479858732680039E-011
           3          49  -9.8376822331700474E-011
           3          50   2.1674085895589091E-010
           3          51  -2.5733423847939894E-010
           3          52   1.8920388890135839E-010
           3          53   3.5409162566543037E-011
           3          54  -2.0294154262195570E-010
           3          55   2.8111829512829821E-010
           4           1  0.19944352370342561     
           4           2 -0.65042928285816948     
           4           3  0.80037156314825098     
           4           4  0.90357808593904632     
           4           5 -0.60181975661134879     
           4           6 -0.95742382952589566     
           4           7   2.9423795191375541E-009
           4           8   2.4811160854965636E-009
           4           9   1.9685310368466859E-009
           4          10  -1.0027589271387623E-008
           4          11  -9.0254870618900830E-009
           4          12  -6.6183961048938278E-009
           4          13  -1.7756333402487460E-009
           4          14  -6.6924394377786593E-010
           4          15  -1.4203036130340978E-009
           4          16   3.0127216615186019E-008
           4          17   3.4468741354156115E-009
           4          18   1.8656289271078980E-008
           4          19   1.2704405499481705E-008
           4          20   1.1899594181569731E-009
           4          21   1.1602198809663623E-008
           4          22   1.8011185405635781E-002
           4          23   8.4330588489483497E-010
           4          24   1.8011187607219155E-002
           4          25  -1.9806699444538565E-009
           4          26   9.1621511516553913E-010
           4          27   1.8011188502354027E-002
           4          28   3.7568618591390920E-002
           4          29   1.2607166320107607E-010
           4          30   3.7568618935012052E-002
           4          31  -7.3696207058222826E-010
           4          32   8.0354154304773087E-011
           4          33   3.7568619642417284E-002
           4          34   6.4564543502362653E-002
           4          35   7.8194447082370009E-010
           4          36   6.4564542312585529E-002
           4          37   1.6764110055713484E-009
           4          38   3.3611240454600239E-010
           4          39   6.4564540803269344E-002
           4          40  0.12061195783131426     
           4          41  -3.0148388202118713E-010
           4          42  0.12061195823867447     
           4          43  -1.0358608647227917E-009
           4          44  -3.5538260311833718E-010
           4          45  0.12061195986636059     
           4          46  -5.8214638673757438E-009
           4          47   1.1320792065918106E-010
           4          48  -2.2033464042961217E-009
           4          49  -7.9731559564416671E-010
           4          50  -1.4052541471983016E-009
           4          51  -5.2023438524098301E-010
           4          52  -1.4702859865180827E-009
           4          53  -2.0357297488325246E-009
           4          54  -6.6768552721598183E-010
           4          55  -3.5732986675096269E-009
           5           1  -6.3826959448132853E-002
           5           2  0.16190645351297439     
           5           3 -0.29883404763986710     
           5           4 -0.60181975661134879     
           5           5  0.91213630775363697     
           5           6   1.2981665618020042     
           5           7  -6.4346809061172010E-009
           5           8  -6.0328395399411739E-009
           5           9  -2.5945150037371262E-009
           5          10   1.9374381008167576E-008
           5          11   1.8783741142385783E-008
           5          12   8.0879191680615293E-009
           5          13   4.3935742754417896E-009
           5          14   1.3568448209440689E-009
           5          15   2.1881883312927438E-009
           5          16  -5.6371179291012691E-008
           5          17  -4.5854479022675633E-009
           5          18  -2.6776394730329443E-008
           5          19  -2.4141846633496083E-008
           5          20  -1.5363264422140414E-009
           5          21  -1.6397212244988139E-008
           5          22  -5.9851151051161545E-003
           5          23  -8.1089811893342511E-010
           5          24  -5.9851183004682512E-003
           5          25   2.9485418305772309E-009
           5          26  -1.2482824046710526E-009
           5          27  -5.9851211222861529E-003
           5          28  -4.2302531735317749E-002
           5          29   3.3250920987282922E-011
           5          30  -4.2302532309721683E-002
           5          31   1.1422423385600285E-009
           5          32  -3.4138556840453648E-011
           5          33  -4.2302533954331770E-002
           5          34  -8.0775709018996902E-002
           5          35  -1.2340009306118859E-009
           5          36  -8.0775707101630470E-002
           5          37  -2.5555704786771105E-009
           5          38  -5.2776570438359486E-010
           5          39  -8.0775704822506317E-002
           5          40 -0.14672022528153855     
           5          41   4.7284819457076605E-010
           5          42 -0.14672022582577465     
           5          43   1.5434999529354866E-009
           5          44   5.4439543024362187E-010
           5          45 -0.14672022847400515     
           5          46   1.1268633066164707E-008
           5          47  -2.1084330308344341E-010
           5          48   4.4670198293311951E-009
           5          49   1.0593155577173383E-009
           5          50   2.0907693452573099E-009
           5          51   7.4315503865346626E-010
           5          52   2.1798637805232731E-009
           5          53   4.2284850337796282E-009
           5          54   9.1246226382451765E-010
           5          55   5.2996334298345899E-009
           6           1 -0.13818717600923086     
           6           2  0.38637141640038764     
           6           3 -0.54232977157785700     
           6           4 -0.95742382952589566     
           6           5   1.2981665618020042     
           6           6   1.8687749902137574     
           6           7  -6.3847685974328132E-009
           6           8  -9.3395102266685732E-009
           6           9  -4.3891543759103243E-009
           6          10   1.8850989054685937E-008
           6          11   2.9140982645398607E-008
           6          12   1.3798191229991079E-008
           6          13   4.0660112545907789E-009
           6          14   2.2146116256708478E-009
           6          15   3.6053875754694309E-009
           6          16  -5.2572883197319160E-008
           6          17  -9.4180407488764895E-009
           6          18  -4.4995933869021463E-008
           6          19  -1.9365027703450424E-008
           6          20  -3.8164047300509133E-009
           6          21  -2.7158621198701747E-008
           6          22  -1.1146459941034571E-002
           6          23  -1.4897204064803282E-009
           6          24  -1.1146465021235504E-002
           6          25   4.5023578424430387E-009
           6          26  -1.9659540943492111E-009
           6          27  -1.1146468064797660E-002
           6          28  -6.2137461080649853E-002
           6          29  -3.9675666358573882E-011
           6          30  -6.2137461998838669E-002
           6          31   1.6852854098364148E-009
           6          32  -9.6269229146124811E-011
           6          33  -6.2137464101271592E-002
           6          34 -0.11746635189192393     
           6          35  -1.7472739269190883E-009
           6          36 -0.11746634917713614     
           6          37  -3.6321491075687537E-009
           6          38  -7.4782158249735899E-010
           6          39 -0.11746634594189551     
           6          40 -0.21387870295135980     
           6          41   6.6668258712275437E-010
           6          42 -0.21387870373709666     
           6          43   2.2033885609905285E-009
           6          44   7.7150082455045022E-010
           6          45 -0.21387870748087479     
           6          46   1.0975875959483187E-008
           6          47  -7.8767136723137348E-011
           6          48   4.0902917179430241E-009
           6          49   2.0074589523068687E-009
           6          50   3.5205949523644673E-009
           6          51   1.0622168170097185E-009
           6          52   3.6481103132508319E-009
           6          53   3.7495693227237835E-009
           6          54   1.5257489380647699E-009
           6          55   8.7634544899495055E-009
           7           1   1.1489491469062388E-010
           7           2  -4.1302185728877818E-010
           7           3   2.8872150892760549E-010
           7           4   2.9423795191375541E-009
           7           5  -6.4346809061172010E-009
           7           6  -6.3847685974328132E-009
           7           7   2.3057675704467346     
           7           8  -1.0344373998856562E-010
           7           9  -3.6955897117833256E-010
           7          10 -0.81719556863609411     
           7          11   4.0688607093462134E-010
           7          12   1.1636454528178090E-009
           7          13 -0.10349515110080068     
           7          14  -4.7870995543041723E-010
           7          15   2.0048976721411764E-010
           7          16  0.16176809395048933     
           7          17  -6.3212685017191687E-010
           7          18  -4.5218305293293873E-009
           7          19   4.0502920182442358E-002
           7          20   1.8749092993879193E-009
           7          21   2.2415837352118317E-009
           7          22   6.7229624721223235E-011
           7          23   3.8376555004064893E-010
           7          24   3.1883145029875481E-010
           7          25   1.0322848176672453E-010
           7          26  -5.5844725274805718E-010
           7          27   5.7636801029147795E-010
           7          28   1.7651771808872672E-009
           7          29  -3.1102766286446001E-010
           7          30   8.1987835350992851E-010
           7          31   5.3500391995751577E-011
           7          32  -9.9093028606020286E-011
           7          33   1.1217607684173156E-009
           7          34   8.7732075424250882E-010
           7          35   2.8489642722831116E-013
           7          36   1.2941572751138256E-009
           7          37  -5.4628963775909000E-010
           7          38   4.1289814070005058E-010
           7          39   1.1856688254489398E-009
           7          40   4.4901279629743910E-009
           7          41  -1.9281757256704929E-009
           7          42   3.7750399719451176E-009
           7          43  -9.6943218991667734E-010
           7          44   2.1796872785858986E-009
           7          45   1.8453756094381617E-009
           7          46  -4.9912540371240391E-002
           7          47  -1.3246158448215359E-010
           7          48  -2.2321566786748182E-002
           7          49  -6.0053219720813398E-010
           7          50   2.7872417597456014E-010
           7          51  -1.6589337583234416E-010
           7          52  -3.7882613810954002E-010
           7          53  -2.2321566171200274E-002
           7          54  -6.4533994906888265E-010
           7          55   7.3943370555054925E-010
           8           1  -6.2407295824189595E-011
           8           2   3.4749734537657005E-010
           8           3  -2.6448166670219933E-010
           8           4   2.4811160854965636E-009
           8           5  -6.0328395399411739E-009
           8           6  -9.3395102266685732E-009
           8           7  -1.0344373998856562E-010
           8           8   2.3057675711089596     
           8           9  -1.8163799613135456E-010
           8          10   3.8064766962219754E-010
           8          11 -0.81719557065891357     
           8          12   6.1043274229283044E-010
           8          13  -3.4545815882342541E-009
           8          14 -0.10349514877095686     
           8          15  -2.2083696478223765E-009
           8          16   8.7328373580013741E-009
           8          17  0.16176809309830981     
           8          18   3.4204548754986828E-009
           8          19  -3.7961306632879281E-010
           8          20   4.0502919987546897E-002
           8          21   6.0900228899722056E-010
           8          22   9.8023025479545962E-011
           8          23   7.8084708578022724E-010
           8          24   6.6092311409050928E-010
           8          25  -5.5906372179314803E-010
           8          26   4.9084245718961337E-010
           8          27  -5.3529551110413697E-010
           8          28   2.0319756837067837E-009
           8          29   2.6072552348000347E-010
           8          30   2.2797214404897503E-009
           8          31   4.1113111182882674E-010
           8          32  -6.9233220886390563E-011
           8          33   2.4064280515084661E-009
           8          34   2.1024939236577144E-009
           8          35  -1.0145481036495819E-009
           8          36   2.3832979604895133E-009
           8          37  -3.3430374321601576E-010
           8          38  -6.7174214600381577E-010
           8          39   1.5531890178010949E-009
           8          40   1.8408344244926086E-009
           8          41   5.7937049696988102E-011
           8          42   2.7956976310095832E-009
           8          43   1.1361169712888356E-009
           8          44   1.0698158879511067E-009
           8          45   3.5203115291349897E-009
           8          46  -4.2052305542373883E-009
           8          47  -2.2321565549546528E-002
           8          48  -2.0204040946362381E-009
           8          49  -4.9912539200079070E-002
           8          50  -3.8736453765933328E-010
           8          51  -3.5869460785835292E-010
           8          52  -8.5482786039074132E-010
           8          53  -2.2471163872749282E-009
           8          54  -2.2321565722272098E-002
           8          55  -1.1155302468922589E-009
           9           1   3.3328071310650064E-011
           9           2  -2.6803568368117347E-010
           9           3  -2.9291869942971988E-010
           9           4   1.9685310368466859E-009
           9           5  -2.5945150037371262E-009
           9           6  -4.3891543759103243E-009
           9           7  -3.6955897117833256E-010
           9           8  -1.8163799613135456E-010
           9           9   2.3057675713569017     
           9          10   1.2069066131564649E-009
           9          11   3.8997628377457806E-010
           9          12 -0.81719557152892897     
           9          13   8.2799837251831902E-010
           9          14   1.8473074221907630E-009
           9          15 -0.10349515149789068     
           9          16  -6.7981130039995154E-009
           9          17  -5.2380905958712358E-009
           9          18  0.16176810460253979     
           9          19   9.9128334391629189E-010
           9          20   1.8410824011008307E-010
           9          21   4.0502916655366039E-002
           9          22  -1.1521926464007098E-010
           9          23  -1.1305246031537909E-009
           9          24   1.3004113949161806E-011
           9          25   8.1436637646307285E-010
           9          26  -3.0829248394249527E-010
           9          27   6.7454984512975480E-010
           9          28   2.7533909886824448E-010
           9          29  -1.0999386294961913E-010
           9          30   1.2266214348399928E-009
           9          31  -6.2136083638185765E-010
           9          32  -2.3417599191142273E-010
           9          33   4.7382126437905699E-010
           9          34   1.8766708914618952E-009
           9          35   7.4465315289476930E-010
           9          36  -3.2484087259622468E-010
           9          37   1.8600505321446461E-010
           9          38   2.3793388387183459E-010
           9          39   1.2744820090614296E-009
           9          40   7.7310575006436936E-010
           9          41   3.8705519100803604E-010
           9          42   2.7025422676181934E-009
           9          43  -1.7422594987524685E-009
           9          44   7.5265720444097885E-010
           9          45   1.1748233982648695E-009
           9          46   2.1420690708360683E-009
           9          47   7.4439591190831913E-010
           9          48   7.8444561682878045E-010
           9          49   2.9447224635968116E-009
           9          50  -2.2321567503054026E-002
           9          51   2.0589444123766501E-010
           9          52  -2.2321567592105331E-002
           9          53   1.1170584742140359E-009
           9          54   4.2880310659484582E-010
           9          55  -4.9912541798967883E-002
          10           1  -3.1877511282348754E-010
          10           2   1.2030748477509598E-009
          10           3  -1.5508606254363840E-009
          10           4  -1.0027589271387623E-008
          10           5   1.9374381008167576E-008
          10           6   1.8850989054685937E-008
          10           7 -0.81719556863609411     
          10           8   3.8064766962219754E-010
          10           9   1.2069066131564649E-009
          10          10   2.2049261280455927     
          10          11  -1.3830493371057230E-009
          10          12  -3.7739010454078410E-009
          10          13  0.15314817528050489     
          10          14   1.4509129066788294E-009
          10          15  -1.5037425452428789E-009
          10          16 -0.22892406656549982     
          10          17   2.1281456789730293E-009
          10          18   1.6708488047689957E-008
          10          19 -0.14567049878022634     
          10          20  -5.8748984332724827E-009
          10          21  -6.9281869033323352E-009
          10          22   6.3757380195672022E-010
          10          23  -1.3790711165517600E-009
          10          24  -1.9962406486053507E-010
          10          25  -1.9769089263923048E-010
          10          26   1.8605177489344989E-009
          10          27  -1.1534798246234874E-009
          10          28  -5.3681870739335600E-009
          10          29   9.1075485099396564E-010
          10          30  -2.3190951540235600E-009
          10          31  -1.7690900886062772E-010
          10          32   2.5205288487059256E-010
          10          33  -3.2277965737536300E-009
          10          34  -2.3203087515838658E-009
          10          35  -5.7990909987729958E-011
          10          36  -3.6097368840145451E-009
          10          37   1.7765263542796794E-009
          10          38  -1.2818252142233343E-009
          10          39  -3.4067678299730755E-009
          10          40  -1.3862078200601286E-008
          10          41   6.1571149814460903E-009
          10          42  -1.1643349879262140E-008
          10          43   3.0874538984047294E-009
          10          44  -6.9650589891880939E-009
          10          45  -5.4722812093695819E-009
          10          46   3.1428750347594285E-002
          10          47   3.3153247243853877E-010
          10          48   1.4055364959732116E-002
          10          49   1.8608411572744678E-009
          10          50  -1.2686455306562666E-009
          10          51   4.2767606201459884E-010
          10          52   7.2097593501891402E-010
          10          53   1.4055362935522052E-002
          10          54   2.0381613923207000E-009
          10          55  -3.2924965506351830E-009
          11           1   2.1226386174169845E-010
          11           2  -9.0779563972256303E-010
          11           3   1.1915675105259815E-009
          11           4  -9.0254870618900830E-009
          11           5   1.8783741142385783E-008
          11           6   2.9140982645398607E-008
          11           7   4.0688607093462134E-010
          11           8 -0.81719557065891357     
          11           9   3.8997628377457806E-010
          11          10  -1.3830493371057230E-009
          11          11   2.2049261343115818     
          11          12  -1.3188563922082552E-009
          11          13   6.6683571450185391E-009
          11          14  0.15314816908226359     
          11          15   4.1265044380415652E-009
          11          16  -1.4795425000612955E-008
          11          17 -0.22892406692472381     
          11          18  -4.5666915915099156E-009
          11          19   1.1399655066824371E-009
          11          20 -0.14567049771060381     
          11          21  -2.0189370869455819E-009
          11          22  -2.0775774068439583E-010
          11          23  -2.4963001678127209E-009
          11          24  -1.8269716430765852E-009
          11          25   1.5741136687517316E-009
          11          26  -1.2216957699942449E-009
          11          27   1.5175062974377393E-009
          11          28  -6.0797077603200344E-009
          11          29  -9.3020700953905252E-010
          11          30  -6.9679723329758060E-009
          11          31  -6.3040222269168188E-010
          11          32   1.0221277573803741E-010
          11          33  -7.1070208439730161E-009
          11          34  -6.8345116823924080E-009
          11          35   2.9815573606747035E-009
          11          36  -7.1508056086710406E-009
          11          37   1.8458115836590875E-010
          11          38   1.8312776207873823E-009
          11          39  -5.4590216204211377E-009
          11          40  -5.6468828061999676E-009
          11          41  -9.2846353298439013E-011
          11          42  -8.9895899650717839E-009
          11          43  -3.3135588665715729E-009
          11          44  -3.1174528393674712E-009
          11          45  -1.0759653991146483E-008
          11          46   7.6954608664725302E-009
          11          47   1.4055361620740201E-002
          11          48   3.5999290252935413E-009
          11          49   3.1428747608242200E-002
          11          50   1.1267382847778807E-010
          11          51   7.9897617888536917E-010
          11          52   1.2011026095532012E-009
          11          53   4.2901684600184176E-009
          11          54   1.4055362012721093E-002
          11          55   7.1398423856613206E-010
          12           1  -7.3672373354551669E-011
          12           2   7.0970767931167326E-010
          12           3   5.7416861012363797E-010
          12           4  -6.6183961048938278E-009
          12           5   8.0879191680615293E-009
          12           6   1.3798191229991079E-008
          12           7   1.1636454528178090E-009
          12           8   6.1043274229283044E-010
          12           9 -0.81719557152892897     
          12          10  -3.7739010454078410E-009
          12          11  -1.3188563922082552E-009
          12          12   2.2049261371184619     
          12          13  -2.8162039454616006E-009
          12          14  -6.1993026653008233E-009
          12          15  0.15314817841457687     
          12          16   2.1797141334034489E-008
          12          17   1.7554855826407782E-008
          12          18 -0.22892410442746428     
          12          19  -3.0497223184015654E-009
          12          20  -6.8904275477327072E-010
          12          21 -0.14567048738958677     
          12          22   7.6861748965569792E-010
          12          23   3.6897633132035733E-009
          12          24   3.5256539444599342E-010
          12          25  -2.6263867264282235E-009
          12          26   1.0476372878565739E-009
          12          27  -1.6688152591951719E-009
          12          28  -7.3106112732080152E-010
          12          29   3.2686052673287882E-010
          12          30  -3.8494999171065781E-009
          12          31   1.6281037324615485E-009
          12          32   5.8232489377226462E-010
          12          33  -1.7586040638434707E-009
          12          34  -6.0025052920765101E-009
          12          35  -2.3077863976836180E-009
          12          36   1.0880623819001512E-009
          12          37  -2.8997049008725871E-010
          12          38  -5.6691537597907146E-010
          12          39  -3.7663963675979708E-009
          12          40  -2.3399543756021471E-009
          12          41  -1.2863799874861957E-009
          12          42  -8.5551933663470517E-009
          12          43   5.4458184053968535E-009
          12          44  -2.5363911116283906E-009
          12          45  -3.7852645558490533E-009
          12          46  -6.8614729908682838E-009
          12          47  -2.6022659834382244E-009
          12          48  -2.4810643484887988E-009
          12          49  -9.7169297611614824E-009
          12          50   1.4055368009912247E-002
          12          51  -6.2390447533026020E-010
          12          52   1.4055368296810880E-002
          12          53  -3.5620247401397663E-009
          12          54  -1.5458466306319377E-009
          12          55   3.1428756634314395E-002
          13           1   1.6855405106068432E-010
          13           2  -5.3458788612899886E-010
          13           3   3.5228326699186003E-010
          13           4  -1.7756333402487460E-009
          13           5   4.3935742754417896E-009
          13           6   4.0660112545907789E-009
          13           7 -0.10349515110080068     
          13           8  -3.4545815882342541E-009
          13           9   8.2799837251831902E-010
          13          10  0.15314817528050489     
          13          11   6.6683571450185391E-009
          13          12  -2.8162039454616006E-009
          13          13   1.4326119372313609E-002
          13          14   5.3531986937230724E-010
          13          15  -1.2319032043564830E-009
          13          16  -6.2517885196152700E-002
          13          17   5.8993129073258606E-009
          13          18   1.2066453574416299E-008
          13          19  -3.3980622512900557E-002
          13          20   1.6748775904361204E-009
          13          21   2.4574895620423317E-009
          13          22   1.4254552189721007E-010
          13          23   1.7153012600477301E-009
          13          24   1.0968898384884995E-010
          13          25  -1.5730459962715949E-009
          13          26  -1.2052309580953531E-009
          13          27  -3.1309928011603347E-010
          13          28  -1.0242614740604610E-009
          13          29   6.8919546986126086E-010
          13          30  -5.2342764687286210E-010
          13          31  -2.7476499353460447E-010
          13          32  -3.1059084780842449E-010
          13          33  -7.3014259489167129E-010
          13          34  -4.7140134997079625E-010
          13          35  -1.0441680045143971E-010
          13          36  -5.6091983996600730E-010
          13          37   3.6788692829748113E-010
          13          38  -3.0764730822966875E-010
          13          39  -5.7795899092031752E-010
          13          40  -3.0552030718234417E-009
          13          41   1.5004928403664856E-009
          13          42  -2.6007972359202741E-009
          13          43   7.2327775325437101E-010
          13          44  -1.6664352315177678E-009
          13          45  -1.1649043716355220E-009
          13          46   1.1326448205704422E-002
          13          47  -3.9067158283117621E-010
          13          48   5.0653417723244727E-003
          13          49  -5.1867512730214302E-010
          13          50  -1.0074243687494380E-009
          13          51   3.6915201904925834E-011
          13          52  -6.1615274928367920E-010
          13          53   5.0653412761783182E-003
          13          54   5.8681353163466486E-011
          13          55  -2.4332189365680543E-009
          14           1   5.4247221312712482E-011
          14           2  -1.7406626886284618E-010
          14           3   1.1041435780965223E-010
          14           4  -6.6924394377786593E-010
          14           5   1.3568448209440689E-009
          14           6   2.2146116256708478E-009
          14           7  -4.7870995543041723E-010
          14           8 -0.10349514877095686     
          14           9   1.8473074221907630E-009
          14          10   1.4509129066788294E-009
          14          11  0.15314816908226359     
          14          12  -6.1993026653008233E-009
          14          13   5.3531986937230724E-010
          14          14   1.4326118934695219E-002
          14          15  -1.6468765833896088E-009
          14          16  -6.5721895797371472E-009
          14          17  -6.2517890218660110E-002
          14          18   2.1445399748355077E-008
          14          19  -3.9724882574101371E-009
          14          20  -3.3980622535443678E-002
          14          21   1.0735883684697091E-008
          14          22   3.1522722497065339E-010
          14          23   4.8155740853400432E-009
          14          24  -6.1775517384313048E-010
          14          25  -1.1621803625518985E-009
          14          26  -1.5825100397191105E-009
          14          27   2.8153136959369701E-010
          14          28  -2.9145638924824176E-010
          14          29   9.5869404713518938E-010
          14          30  -6.0841831716801805E-010
          14          31  -2.7904045273183412E-010
          14          32  -3.1723913809015383E-010
          14          33  -5.0153772957513866E-010
          14          34  -4.4490073383176667E-010
          14          35   3.7349105700908984E-010
          14          36  -5.3715987636515086E-010
          14          37  -1.0257250971700130E-010
          14          38   2.4368119677757901E-010
          14          39  -4.0264193464005774E-010
          14          40  -3.5528979379325749E-011
          14          41   1.6606503398419001E-010
          14          42  -7.8852125159886492E-010
          14          43  -6.5677638396024049E-010
          14          44  -4.8411815322150795E-010
          14          45  -1.1045634358826344E-009
          14          46   1.2459645283149634E-009
          14          47   5.0653418549815813E-003
          14          48   5.5014426048407900E-010
          14          49   1.1326449080606543E-002
          14          50  -1.8920794454469115E-009
          14          51  -6.6630500727594424E-013
          14          52  -1.8367509453869808E-009
          14          53   5.5992145539003824E-010
          14          54   5.0653417922138363E-003
          14          55  -4.2443527541503214E-009
          15           1   1.0386591607372378E-010
          15           2  -2.2862726858272260E-010
          15           3   2.5792264949501631E-010
          15           4  -1.4203036130340978E-009
          15           5   2.1881883312927438E-009
          15           6   3.6053875754694309E-009
          15           7   2.0048976721411764E-010
          15           8  -2.2083696478223765E-009
          15           9 -0.10349515149789068     
          15          10  -1.5037425452428789E-009
          15          11   4.1265044380415652E-009
          15          12  0.15314817841457687     
          15          13  -1.2319032043564830E-009
          15          14  -1.6468765833896088E-009
