           1           1   2.6386284716026256     
           1           2  -1.3180861453979935     
           1           3 -0.82023460041163321     
           1           4  -8.5227465576735018     
           1           5  0.61669131345739947     
           1           6   2.3901155235751252     
           1           7  -1.8008347557218918E-013
           1           8  -4.6513059941567874E-014
           1           9  -1.4252063473355227E-013
           1          10   2.2930291605208683E-013
           1          11  -3.7572816901682407E-013
           1          12   2.5541980819869630E-014
           1          13  -3.9223269694098086E-013
           1          14   4.7644568025968708E-013
           1          15  -1.6773934381290089E-013
           1          16   8.0164250480046376E-013
           1          17  -9.4413708187769073E-013
           1          18   4.0743022397688491E-013
           1          19  -5.4978069108655439E-014
           1          20   4.8784409915837619E-014
           1          21  -2.2979122930000201E-014
           1          22   3.9611426109210988     
           1          23   6.7049689483174172E-015
           1          24   3.9611426109209935     
           1          25   4.9128634440300546E-015
           1          26   1.2310749620247116E-014
           1          27   3.9611426109210290     
           1          28  -8.4243952364125435E-003
           1          29  -1.8345738631066825E-014
           1          30  -8.4243952362414720E-003
           1          31  -1.3955667274459557E-014
           1          32  -6.2635753735667825E-015
           1          33  -8.4243952363378394E-003
           1          34 -0.57405494775533095     
           1          35   7.2780294896548841E-015
           1          36 -0.57405494775549204     
           1          37   1.9991230271015159E-014
           1          38   8.4870644081524739E-015
           1          39 -0.57405494775537602     
           1          40 -0.62088419703303732     
           1          41   1.3278739172669278E-015
           1          42 -0.62088419703299302     
           1          43  -7.5203970903801050E-015
           1          44  -1.1835531238016295E-014
           1          45 -0.62088419703304587     
           1          46  -3.4977700892436715E-013
           1          47   1.7928123569760326E-013
           1          48  -1.5157349559283214E-013
           1          49   4.1552527019569506E-013
           1          50  -7.9252106608421534E-014
           1          51   9.7074907945543269E-015
           1          52  -8.2915403958644234E-014
           1          53  -1.5911370096440074E-013
           1          54   1.9562017771868590E-013
           1          55  -1.8416115505835374E-013
           2           1  -1.3180861453979935     
           2           2   3.8337738340634182     
           2           3   2.4245695747265676     
           2           4   7.7908128416905136     
           2           5  0.87554784789844287     
           2           6   5.6193923048182270E-002
           2           7   1.5946177207211379E-013
           2           8   7.7280767550473536E-013
           2           9   4.1895586437537637E-013
           2          10   8.3840128236097907E-013
           2          11  -8.1583654381453272E-013
           2          12  -3.6735392671447353E-014
           2          13  -5.6715657685066045E-012
           2          14   6.7929459893093216E-012
           2          15   1.7552360810243681E-013
           2          16   1.2922583219196740E-011
           2          17  -1.5711134005805669E-011
           2          18  -4.7826342827538691E-013
           2          19  -6.2528842703182171E-013
           2          20   7.6189153554262943E-013
           2          21   1.9644704431584417E-014
           2          22  -5.3336075886734831     
           2          23   9.5482403739468485E-014
           2          24  -5.3336075886732406     
           2          25  -6.5433419012434103E-014
           2          26  -1.0767974022947847E-013
           2          27  -5.3336075886734333     
           2          28 -0.28509129984709214     
           2          29  -7.0142633000215533E-014
           2          30 -0.28509129984716547     
           2          31   4.4920502213539003E-014
           2          32   7.0430686944056249E-014
           2          33 -0.28509129984702619     
           2          34 -0.13254885878575534     
           2          35   5.9041786051186105E-014
           2          36 -0.13254885878572598     
           2          37  -3.2743880787033793E-014
           2          38  -5.5969977366426173E-014
           2          39 -0.13254885878583106     
           2          40  -2.8880118581999292E-002
           2          41  -1.3744084513314950E-014
           2          42  -2.8880118582012781E-002
           2          43   1.1021763893701442E-014
           2          44   1.3546283831341220E-014
           2          45  -2.8880118581973202E-002
           2          46  -5.9383696279097928E-012
           2          47   3.2395564828295642E-012
           2          48  -2.6663042308756615E-012
           2          49   7.2395677042566503E-012
           2          50   9.6496959783403001E-014
           2          51   5.1028106619804760E-015
           2          52   1.0610873921953188E-013
           2          53  -2.6647781336700673E-012
           2          54   3.2401531459837298E-012
           2          55   2.2599670730368271E-013
           3           1 -0.82023460041163321     
           3           2   2.4245695747265676     
           3           3   1.7998647484454569     
           3           4  -1.5621338544585841     
           3           5   1.7958279821884502     
           3           6   3.0361858352111222     
           3           7  -1.2869365655136722E-012
           3           8   2.3920860557028545E-012
           3           9   2.8083366630567041E-013
           3          10   5.2512476191293628E-012
           3          11  -5.8420110799322602E-012
           3          12  -5.7907141115646788E-014
           3          13  -2.2367248833196507E-011
           3          14   2.5774945164352642E-011
           3          15   5.1037992597688410E-013
           3          16   4.8420812666455603E-011
           3          17  -5.6065744770405306E-011
           3          18  -1.1219145481996186E-012
           3          19  -2.4780804161791508E-012
           3          20   2.8576555839666880E-012
           3          21   4.9421784569278784E-014
           3          22  -1.1571675661527170     
           3          23   4.3430397484785607E-013
           3          24  -1.1571675661512093     
           3          25  -3.0442708152415300E-013
           3          26  -4.2730658164172664E-013
           3          27  -1.1571675661519309     
           3          28 -0.34711328116471474     
           3          29  -2.6734713704000653E-013
           3          30 -0.34711328116529971     
           3          31   1.7786646881690185E-013
           3          32   2.5548860980813917E-013
           3          33 -0.34711328116498152     
           3          34 -0.86792853647546453     
           3          35   1.9113450323455674E-013
           3          36 -0.86792853647510904     
           3          37  -1.2850408893897016E-013
           3          38  -2.0346129592244926E-013
           3          39 -0.86792853647530155     
           3          40 -0.80577985948591924     
           3          41  -4.1256762339064106E-014
           3          42 -0.80577985948600428     
           3          43   3.5233300433631170E-014
           3          44   5.1061619219025095E-014
           3          45 -0.80577985948596365     
           3          46  -2.1978775996763661E-011
           3          47   1.1390429345255098E-011
           3          48  -9.8375555841775239E-012
           3          49   2.5479931928255406E-011
           3          50   2.3413725083325727E-013
           3          51   1.2021635729824726E-014
           3          52   2.3537785892046418E-013
           3          53  -9.8361608526694189E-012
           3          54   1.1401658157185127E-011
           3          55   5.1515400102070823E-013
           4           1  -8.5227465576735018     
           4           2   7.7908128416905136     
           4           3  -1.5621338544585841     
           4           4   187.94424395773780     
           4           5  -30.538430956599463     
           4           6  -78.541741603484198     
           4           7   4.7789026714778190E-012
           4           8  -5.0560998673404414E-012
           4           9   6.9704035637898972E-013
           4          10  -1.5884079897370733E-011
           4          11   1.9906378446311790E-011
           4          12  -6.7061469906586085E-013
           4          13   7.2901048167847172E-011
           4          14  -8.6689104827993214E-011
           4          15   5.2058715979860354E-012
           4          16  -1.6377347787273431E-010
           4          17   1.9636686013010860E-010
           4          18  -1.0600976708366614E-011
           4          19   8.2411834469837330E-012
           4          20  -9.6043779643758739E-012
           4          21   7.0733963754915655E-013
           4          22  -70.240359879287524     
           4          23  -1.2395886172630841E-012
           4          24  -70.240359879283957     
           4          25   2.0061177339824530E-013
           4          26   9.4415811618056135E-013
           4          27  -70.240359879283417     
           4          28   3.7141490380850368     
           4          29   1.2793936831670353E-012
           4          30   3.7141490380786903     
           4          31  -3.1715487753730610E-013
           4          32  -9.9736929966778664E-013
           4          33   3.7141490380807407     
           4          34   20.251245669421262     
           4          35  -7.2580248111299197E-013
           4          36   20.251245669427167     
           4          37   2.0124157452669313E-013
           4          38   1.0878534095447753E-012
           4          39   20.251245669424595     
           4          40   20.580311279741885     
           4          41   4.3786054386740964E-014
           4          42   20.580311279740243     
           4          43  -7.9190379559188586E-014
           4          44  -2.7128939604005458E-013
           4          45   20.580311279741331     
           4          46   7.4819039059732755E-011
           4          47  -4.0090952219806065E-011
           4          48   3.3475087935351749E-011
           4          49  -8.9993669972075135E-011
           4          50   1.9176606879702951E-012
           4          51  -2.2878540724432951E-013
           4          52   2.0539895898361576E-012
           4          53   3.3483855782412544E-011
           4          54  -4.0391206637683228E-011
           4          55   4.6729430366744776E-012
           5           1  0.61669131345739947     
           5           2  0.87554784789844287     
           5           3   1.7958279821884502     
           5           4  -30.538430956599463     
           5           5   6.3705122615792780     
           5           6   14.942745833181345     
           5           7  -5.9282026284615703E-012
           5           8   7.8573431127037351E-012
           5           9  -1.0913187784943707E-014
           5          10   2.0901783332523732E-011
           5          11  -2.3176155438847450E-011
           5          12   6.4588787625676086E-013
           5          13  -9.1023504482174726E-011
           5          14   1.0436126118364476E-010
           5          15  -4.7561790490908424E-012
           5          16   1.9434700524049824E-010
           5          17  -2.2307888267399623E-010
           5          18   9.6623126145738247E-012
           5          19  -1.0058639977165240E-011
           5          20   1.1489210446627877E-011
           5          21  -5.4194210129607642E-013
           5          22   9.7116735574251543     
           5          23   1.7053043466847745E-012
           5          24   9.7116735574247173     
           5          25  -8.5580329446327327E-013
           5          26  -1.9378251751495631E-012
           5          27   9.7116735574225945     
           5          28 -0.88951311867610483     
           5          29  -1.0360173892482759E-012
           5          30 -0.88951311867497240     
           5          31   5.0189500384544731E-013
           5          32   1.1272835042712800E-012
           5          33 -0.88951311867427074     
           5          34  -3.9318657940211073     
           5          35   7.1402898961286784E-013
           5          36  -3.9318657940221939     
           5          37  -3.5740801192521959E-013
           5          38  -8.8582646806188494E-013
           5          39  -3.9318657940224937     
           5          40  -3.9244550721215794     
           5          41  -1.4825478373616735E-013
           5          42  -3.9244550721212810     
           5          43   9.6114608261575330E-014
           5          44   2.1787430882030737E-013
           5          45  -3.9244550721212850     
           5          46  -8.7964828102303017E-011
           5          47   4.5155109956895253E-011
           5          48  -3.9348952656120115E-011
           5          49   1.0103720339281651E-010
           5          50  -1.9003403212519580E-012
           5          51   4.7970685367798565E-014
           5          52  -1.9214313132612866E-012
           5          53  -3.9350235010984615E-011
           5          54   4.5213774810448738E-011
           5          55  -4.3196088259291182E-012
           6           1   2.3901155235751252     
           6           2   5.6193923048182270E-002
           6           3   3.0361858352111222     
           6           4  -78.541741603484198     
           6           5   14.942745833181345     
           6           6   36.199467026666518     
           6           7  -7.3065317389566071E-012
           6           8   9.4753533317874026E-012
           6           9  -1.0508119127972739E-013
           6          10   2.6581738101147634E-011
           6          11  -2.8655339899204177E-011
           6          12   9.4923037729001116E-013
           6          13  -1.1985014140153555E-010
           6          14   1.3423145018968790E-010
           6          15  -7.0273439529233069E-012
           6          16   2.5786745358273536E-010
           6          17  -2.8965452334427007E-010
           6          18   1.4263831475705757E-011
           6          19  -1.3277849247345695E-011
           6          20   1.4774182512797665E-011
           6          21  -8.2721232456419537E-013
           6          22   26.712928319477562     
           6          23   2.5817250470647865E-012
           6          24   26.712928319476418     
           6          25  -1.2488132657079866E-012
           6          26  -2.8338706200468335E-012
           6          27   26.712928319473392     
           6          28  -1.9948403121506866     
           6          29  -1.6772342627280366E-012
           6          30  -1.9948403121479450     
           6          31   7.7191412743347352E-013
           6          32   1.7402961824158062E-012
           6          33  -1.9948403121473832     
           6          34  -9.4561053397065056     
           6          35   1.1253503265430083E-012
           6          36  -9.4561053397091221     
           6          37  -5.4490186861790424E-013
           6          38  -1.4287537440864657E-012
           6          39  -9.4561053397090262     
           6          40  -9.4992785698285722     
           6          41  -2.1183499071005296E-013
           6          42  -9.4992785698278510     
           6          43   1.5161119067128150E-013
           6          44   3.5172847831321644E-013
           6          45  -9.4992785698280695     
           6          46  -1.1689839582870460E-010
           6          47   5.8726433095545438E-011
           6          48  -5.2296337162013936E-011
           6          49   1.3147853688046048E-010
           6          50  -2.7666907202394409E-012
           6          51   1.1243609152077741E-013
           6          52  -2.8220398059164241E-012
           6          53  -5.2299892524627017E-011
           6          54   5.8867353403114261E-011
           6          55  -6.3594771582620834E-012
           7           1  -1.8008347557218918E-013
           7           2   1.5946177207211379E-013
           7           3  -1.2869365655136722E-012
           7           4   4.7789026714778190E-012
           7           5  -5.9282026284615703E-012
           7           6  -7.3065317389566071E-012
           7           7   2.4926316224265217     
           7           8  -1.7445303387369956E-014
           7           9  -2.6094320389365534E-014
           7          10  -1.5302059928675216     
           7          11   1.7896939152559274E-013
           7          12   2.9188457206786665E-014
           7          13   3.9534719421641347     
           7          14  -2.7674708770291114E-012
           7          15  -9.9020271149275121E-013
           7          16  -8.9722957994722350     
           7          17   7.2670636869221655E-012
           7          18   2.9389320838069175E-012
           7          19  0.45669074516196595     
           7          20  -3.2899519290504436E-013
           7          21  -1.5449094911343411E-013
           7          22  -8.0169383811264850E-014
           7          23   3.2899387555891652E-013
           7          24   3.0799508255422016E-013
           7          25  -1.6451160471871475E-013
           7          26  -3.1501927491126013E-013
           7          27  -2.8777145403282550E-013
           7          28   1.3193593830267121E-012
           7          29  -8.7409445872729765E-014
           7          30   1.2462357058317096E-012
           7          31   1.7143930303598544E-013
           7          32   1.8192894344909479E-013
           7          33   1.3333030238171335E-012
           7          34   2.2863915029914490E-012
           7          35   1.0457052787118923E-013
           7          36   2.2947880106439507E-012
           7          37  -2.2551594388201898E-013
           7          38  -1.2973451023641445E-013
           7          39   2.3478930012953339E-012
           7          40   1.9451075568557874E-012
           7          41  -2.2011876720107350E-014
           7          42   2.0040881554466555E-012
           7          43   7.3252571829805085E-014
           7          44   2.7347786116015722E-014
           7          45   1.8984208346748365E-012
           7          46   4.0925645974535731     
           7          47  -1.5566731389159299E-012
           7          48   1.8302505284430175     
           7          49  -3.3800236914905197E-012
           7          50  -6.1568480348717263E-013
           7          51  -3.0987425946749534E-014
           7          52  -6.4555630806262416E-013
           7          53   1.8302505284429897     
           7          54  -1.5290741763041169E-012
           7          55  -1.4085356145332490E-012
           8           1  -4.6513059941567874E-014
           8           2   7.7280767550473536E-013
           8           3   2.3920860557028545E-012
           8           4  -5.0560998673404414E-012
           8           5   7.8573431127037351E-012
           8           6   9.4753533317874026E-012
           8           7  -1.7445303387369956E-014
           8           8   2.4926316224266083     
           8           9   3.1712805124984488E-014
           8          10   2.0845169462617587E-013
           8          11  -1.5302059928679013     
           8          12  -2.2774317154363402E-014
           8          13  -2.9125276680437129E-012
           8          14   3.9534719421666158     
           8          15   1.1976739044961054E-012
           8          16   8.0866408946716265E-012
           8          17  -8.9722957994782444     
           8          18  -3.6200764608196472E-012
           8          19  -3.6855097763238581E-013
           8          20  0.45669074516227459     
           8          21   1.9398848846719017E-013
           8          22  -6.0829954708119262E-013
           8          23  -7.7141270987854164E-013
           8          24  -1.4990140685027156E-012
           8          25   2.4883750342389801E-013
           8          26   4.8211394486206932E-013
           8          27  -4.3179080753472557E-013
           8          28  -1.7529882342216370E-012
           8          29   2.7370738552432723E-013
           8          30  -1.4861550801909564E-012
           8          31  -2.9344645434663101E-013
           8          32  -2.7377615810302651E-013
           8          33  -1.8302073995810413E-012
           8          34  -3.0139228102465501E-012
           8          35  -2.5418417377562544E-013
           8          36  -3.1192633905531133E-012
           8          37   3.5564277913153999E-013
           8          38   1.6634835187688402E-013
           8          39  -3.0606014976441946E-012
           8          40  -2.5019206025777887E-012
           8          41   6.2838378812471009E-014
           8          42  -2.5784109507058075E-012
           8          43  -1.2071342469745284E-013
           8          44  -1.4810173378178674E-014
           8          45  -2.4501986324509516E-012
           8          46  -3.9074975893838306E-012
           8          47   1.8302505284443180     
           8          48  -1.7199279652401052E-012
           8          49   4.0925645974562048     
           8          50   7.4842909647543719E-013
           8          51   4.6267442193335603E-014
           8          52   8.0277104408388665E-013
           8          53  -1.6593539151239912E-012
           8          54   1.8302505284442689     
           8          55   1.7459263201846716E-012
           9           1  -1.4252063473355227E-013
           9           2   4.1895586437537637E-013
           9           3   2.8083366630567041E-013
           9           4   6.9704035637898972E-013
           9           5  -1.0913187784943707E-014
           9           6  -1.0508119127972739E-013
           9           7  -2.6094320389365534E-014
           9           8   3.1712805124984488E-014
           9           9   2.4926316224262308     
           9          10   6.6655665362237589E-014
           9          11  -4.1956889351715740E-014
           9          12  -1.5302059928660516     
           9          13  -2.1895029192475801E-013
           9          14   1.1318723736053520E-013
           9          15   3.9534719421416789     
           9          16   5.4690627027120828E-013
           9          17  -4.1705527920043849E-013
           9          18  -8.9722957994113202     
           9          19  -1.4032015566850832E-014
           9          20  -1.7017637299332509E-015
           9          21  0.45669074515944263     
           9          22  -4.4381760563945938E-013
           9          23   2.7647387152520811E-014
           9          24  -4.5482627391502758E-013
           9          25  -1.7617101129970684E-014
           9          26   1.2092901412731149E-014
           9          27  -4.0903181569030533E-013
           9          28   2.0357105000772448E-014
           9          29  -9.4424892227543744E-015
           9          30   4.2795808395125472E-014
           9          31   2.7085115358407609E-014
           9          32   1.7834632418338640E-014
           9          33  -6.3091599010194805E-014
           9          34   3.4522766747733807E-015
           9          35  -1.1964077912250645E-014
           9          36  -5.3101556838174986E-015
           9          37  -1.9622804600698419E-014
           9          38  -8.7225086348330992E-015
           9          39   6.1233588816553071E-014
           9          40   3.4035827591227197E-014
           9          41   5.4788365497124574E-015
           9          42   2.9271137924984536E-014
           9          43   8.9742896459994365E-015
           9          44  -1.6575471741795271E-015
           9          45   2.4436071820321813E-014
           9          46  -2.5451862839531734E-013
           9          47   1.1627157570082107E-013
           9          48  -1.2350884204259676E-013
           9          49   2.0142568168956989E-013
           9          50   1.8302505284300772     
           9          51  -3.5619857916086192E-015
           9          52   1.8302505284300690     
           9          53  -1.2912674401954742E-013
           9          54   1.0932574290300993E-013
           9          55   4.0925645974245377     
          10           1   2.2930291605208683E-013
          10           2   8.3840128236097907E-013
          10           3   5.2512476191293628E-012
          10           4  -1.5884079897370733E-011
          10           5   2.0901783332523732E-011
          10           6   2.6581738101147634E-011
          10           7  -1.5302059928675216     
          10           8   2.0845169462617587E-013
          10           9   6.6655665362237589E-014
          10          10   4.7623635800496000     
          10          11  -1.4560509644778329E-012
          10          12   7.7375605922466904E-014
          10          13  -12.288912198831383     
          10          14   1.6977825829239844E-011
          10          15   5.8843555028609475E-013
          10          16   26.955659399182846     
          10          17  -4.4304273357637518E-011
          10          18  -2.5204421882918495E-012
          10          19  -1.3927155563767490     
          10          20   1.9611941871932299E-012
          10          21   2.4192019915103547E-013
          10          22  -5.9004523825125324E-013
          10          23  -1.2214530049840816E-012
          10          24  -2.0164504023341746E-012
          10          25   6.0649107329845261E-013
          10          26   1.1382787516171675E-012
          10          27   1.7411587378657220E-013
          10          28  -4.6644772868933486E-012
          10          29   2.7564374692545132E-013
          10          30  -4.4224769799072363E-012
          10          31  -5.5484050050623915E-013
          10          32  -5.8571499729906910E-013
          10          33  -4.6402569433698325E-012
          10          34  -8.2283113199200953E-012
          10          35  -3.8671611618194531E-013
          10          36  -8.2396673342169923E-012
          10          37   7.5709737603729214E-013
          10          38   4.1428664460470853E-013
          10          39  -8.4772335651565179E-012
          10          40  -7.0507168000522314E-012
          10          41   9.0756506989691911E-014
          10          42  -7.2863897428560513E-012
          10          43  -2.4480920692688430E-013
          10          44  -7.7624014945546287E-014
          10          45  -6.8785975174558838E-012
          10          46  -12.230627565061500     
          10          47   9.4217265825085661E-012
          10          48  -5.4697029285919330     
          10          49   2.0717545517676328E-011
          10          50   4.9001601387655282E-013
          10          51   1.2871939189382693E-013
          10          52   6.1239034676586010E-013
          10          53  -5.4697029285918095     
          10          54   9.3407075693955693E-012
          10          55   1.2266333782040606E-012
          11           1  -3.7572816901682407E-013
          11           2  -8.1583654381453272E-013
          11           3  -5.8420110799322602E-012
          11           4   1.9906378446311790E-011
          11           5  -2.3176155438847450E-011
          11           6  -2.8655339899204177E-011
          11           7   1.7896939152559274E-013
          11           8  -1.5302059928679013     
          11           9  -4.1956889351715740E-014
          11          10  -1.4560509644778329E-012
          11          11   4.7623635800514990     
          11          12  -3.3739677718357851E-013
          11          13   2.1806275752114963E-011
          11          14  -12.288912198851191     
          11          15   2.7945701308595814E-012
          11          16  -5.9583470969626765E-011
          11          17   26.955659399233667     
          11          18  -6.3547500595006578E-012
          11          19   2.5838392975772195E-012
          11          20  -1.3927155563790707     
          11          21   1.0017681129070688E-013
          11          22  -1.1654575153818788E-012
          11          23   2.8743299465094375E-012
          11          24   2.1705934688661342E-012
          11          25  -9.2820376632920179E-013
          11          26  -1.8092232226910769E-012
          11          27  -1.8371796047480581E-012
          11          28   5.0289738333542793E-012
          11          29  -1.0468513468651395E-012
          11          30   4.0227470667890235E-012
          11          31   1.1089459498854542E-012
          11          32   1.0557955992266995E-012
          11          33   5.3833832612289000E-012
          11          34   9.1275413103294931E-012
          11          35   9.8881734457451257E-013
          11          36   9.5236138665705395E-012
          11          37  -1.3353738950330813E-012
          11          38  -6.3614734999372037E-013
          11          39   9.2482326961067367E-012
          11          40   7.4926791683433426E-012
          11          41  -2.5020909997425530E-013
          11          42   7.7676063869589069E-012
          11          43   4.4810183657143204E-013
          11          44   6.1490244483047810E-014
          11          45   7.3212570395842182E-012
          11          46   2.8549412074870189E-011
          11          47  -5.4697029286028211     
          11          48   1.2706715833612440E-011
          11          49  -12.230627565084788     
          11          50   1.4509088375191819E-012
          11          51  -1.6936006615965510E-013
          11          52   1.2377598945789601E-012
          11          53   1.2418309544744239E-011
          11          54  -5.4697029286026506     
          11          55   2.9457269956622936E-012
          12           1   2.5541980819869630E-014
          12           2  -3.6735392671447353E-014
          12           3  -5.7907141115646788E-014
          12           4  -6.7061469906586085E-013
          12           5   6.4588787625676086E-013
          12           6   9.4923037729001116E-013
          12           7   2.9188457206786665E-014
          12           8  -2.2774317154363402E-014
          12           9  -1.5302059928660516     
          12          10   7.7375605922466904E-014
          12          11  -3.3739677718357851E-013
          12          12   4.7623635800429156     
          12          13  -1.2054073017520175E-012
          12          14   1.3617995620052332E-012
          12          15  -12.288912198747619     
          12          16   3.3186023373766121E-012
          12          17  -2.8677615837580619E-012
          12          18   26.955659398959082     
          12          19  -1.5754671872647649E-013
          12          20   1.9740112322530676E-013
          12          21  -1.3927155563673437     
          12          22   1.5130121125098960E-013
          12          23  -9.6510555288241184E-014
          12          24   1.7270932595860228E-013
          12          25   6.4974617174369015E-014
          12          26  -1.6047202409478477E-014
          12          27   7.0000943320102481E-014
          12          28  -2.2655951090885298E-013
          12          29   2.1416315402229390E-015
          12          30  -3.7759523777489008E-013
          12          31  -1.4872617712880641E-013
          12          32  -1.2208852412711841E-013
          12          33   1.2083321989817666E-013
          12          34  -2.1481967034567886E-013
          12          35   1.0565159106532753E-013
          12          36  -1.3389288286402069E-013
          12          37   1.1236533213208512E-013
          12          38   7.5052935452273825E-014
          12          39  -4.3673674360431413E-013
          12          40  -2.8454117206556349E-013
          12          41  -4.0002964971081971E-014
          12          42  -2.6087062893208386E-013
          12          43  -5.8209885807836355E-014
          12          44  -1.1047031669241044E-014
          12          45  -2.5630932629039101E-013
          12          46  -1.6082031539799318E-012
          12          47   4.8702708532745155E-013
          12          48  -6.7839137085635392E-013
          12          49   1.3383738561856517E-012
          12          50  -5.4697029285445478     
          12          51   6.6508185628640129E-015
          12          52  -5.4697029285444794     
          12          53  -6.3760975665961577E-013
          12          54   5.2162441033233319E-013
          12          55  -12.230627564955189     
          13           1  -3.9223269694098086E-013
          13           2  -5.6715657685066045E-012
          13           3  -2.2367248833196507E-011
          13           4   7.2901048167847172E-011
          13           5  -9.1023504482174726E-011
          13           6  -1.1985014140153555E-010
          13           7   3.9534719421641347     
          13           8  -2.9125276680437129E-012
          13           9  -2.1895029192475801E-013
          13          10  -12.288912198831383     
          13          11   2.1806275752114963E-011
          13          12  -1.2054073017520175E-012
          13          13   46.473441073740887     
          13          14  -1.3450599748582560E-010
          13          15   5.6307181139915841E-012
          13          16  -98.659834781713869     
          13          17   3.1965964250591607E-010
          13          18  -8.8318241608934434E-012
          13          19   5.1428750505456495     
          13          20  -1.5121761807145300E-011
          13          21   1.4264284198265204E-013
          13          22   3.0527650771131210E-012
          13          23   1.5607334763265856E-012
          13          24   5.4439558177698867E-012
          13          25  -9.9432956813368685E-013
          13          26  -2.1336236725957297E-012
          13          27   1.7830051709062380E-012
          13          28   2.0820102317098731E-011
          13          29   9.1634377563734697E-013
          13          30   2.1022055562743152E-011
          13          31   3.4639012048632205E-013
          13          32   6.5237562471824614E-013
          13          33   1.9083695607180333E-011
          13          34   3.5954779360577763E-011
          13          35  -9.3702844500039023E-014
          13          36   3.5451774547839045E-011
          13          37  -1.0237240618684669E-012
          13          38  -7.2009223573807712E-013
          13          39   3.7604141010759498E-011
          13          40   3.2215661551263833E-011
          13          41   6.0803432504600107E-015
          13          42   3.2899520035043201E-011
          13          43   3.6944801992811681E-013
          13          44   2.0018621439591918E-013
          13          45   3.1539388439723175E-011
          13          46   44.577844193902962     
          13          47  -6.6058755254090602E-011
          13          48   19.935817981591793     
          13          49  -1.4775419603097230E-010
          13          50   1.7953694086970013E-012
          13          51  -3.9668121392296611E-013
          13          52   1.5685369669782821E-012
          13          53   19.935817981591686     
          13          54  -6.6033160276564328E-011
          13          55   3.8951619707462678E-012
          14           1   4.7644568025968708E-013
          14           2   6.7929459893093216E-012
          14           3   2.5774945164352642E-011
          14           4  -8.6689104827993214E-011
          14           5   1.0436126118364476E-010
          14           6   1.3423145018968790E-010
          14           7  -2.7674708770291114E-012
          14           8   3.9534719421666158     
          14           9   1.1318723736053520E-013
          14          10   1.6977825829239844E-011
          14          11  -12.288912198851191     
          14          12   1.3617995620052332E-012
          14          13  -1.3450599748582560E-010
          14          14   46.473441073890868     
          14          15  -1.5652368290375520E-011
          14          16   3.3675311671144772E-010
          14          17  -98.659834782075194     
          14          18   4.0561332070865707E-011
          14          19  -1.5516582593453082E-011
          14          20   5.1428750505627159     
          14          21  -1.4243051182916503E-012
          14          22  -7.1853693631485792E-013
          14          23  -4.7561894283950932E-012
          14          24  -6.5444081397097384E-012
          14          25   1.7246048166389433E-012
          14          26   3.3311342254848355E-012
          14          27   4.7040392799446726E-013
          14          28  -2.2932379442589890E-011
          14          29   1.0571238975624604E-012
          14          30  -2.1622763351153874E-011
          14          31  -2.1556876162029074E-012
          14          32  -2.2956771211596586E-012
          14          33  -2.3938651446389830E-011
          14          34  -4.1476884955729164E-011
          14          35  -8.8574465536127176E-013
          14          36  -4.1659150410217272E-011
          14          37   2.4641839931495830E-012
          14          38   1.3382261251258541E-012
          14          39  -4.1628584249194550E-011
          14          40  -3.5729617418923263E-011
          14          41   1.6137878391292983E-013
          14          42  -3.6403155983722111E-011
          14          43  -8.0632347588882872E-013
          14          44  -1.5967402420719246E-013
          14          45  -3.5442907743415328E-011
          14          46  -1.5782465872388487E-010
          14          47   19.935817981667171     
          14          48  -7.0426608555358674E-011
          14          49   44.577844194069513     
          14          50  -8.8800078401619070E-012
          14          51   3.8448150187472403E-013
          14          52  -8.3805185013830588E-012
          14          53  -6.9862864191667898E-011
          14          54   19.935817981666911     
          14          55  -1.9057200262295902E-011
          15           1  -1.6773934381290089E-013
          15           2   1.7552360810243681E-013
          15           3   5.1037992597688410E-013
          15           4   5.2058715979860354E-012
          15           5  -4.7561790490908424E-012
          15           6  -7.0273439529233069E-012
          15           7  -9.9020271149275121E-013
          15           8   1.1976739044961054E-012
          15           9   3.9534719421416789     
          15          10   5.8843555028609475E-013
          15          11   2.7945701308595814E-012
          15          12  -12.288912198747619     
          15          13   5.6307181139915841E-012
          15          14  -1.5652368290375520E-011
