           1           1  0.71995658208860380     
           1           2  0.84672784107604881     
           1           3  -1.8030384339319654     
           1           4   1.5241427010606385     
           1           5  -6.6571300596698857E-002
           1           6   4.4021087924102346E-014
           1           7  -3.8216573495268329E-015
           1           8   1.1009349006988814E-014
           1           9   1.4525040258289651E-014
           1          10   1.7061275176957660E-014
           1          11   7.5410974949506306E-015
           1          12  -3.7545002872149523E-015
           1          13  -4.9103396387108326E-015
           1          14  -3.6429962332813736E-015
           1          15  0.16279249233116413     
           1          16  -5.3928992383467352E-016
           1          17  0.16279249233115844     
           1          18  -8.9956351593646440E-016
           1          19   8.8417289282662431E-016
           1          20  0.16279249233116402     
           1          21 -0.33941171664347630     
           1          22   7.4653629566915637E-016
           1          23 -0.33941171664347441     
           1          24   1.1595893203997713E-015
           1          25  -1.6368220960643123E-015
           1          26 -0.33941171664348008     
           1          27  -1.2933970625660438E-014
           1          28  -3.7340114457613011E-015
           1          29  -6.4177003341323627E-015
           1          30  -6.4502820787965414E-015
           1          31  -2.3939957800942229E-015
           1          32   5.0496358278779743E-016
           1          33  -2.5592289224907145E-015
           1          34  -6.2008923196514324E-015
           1          35  -3.0072172560570978E-015
           1          36  -3.6732246791872730E-015
           2           1  0.84672784107604881     
           2           2   1.0678847264012283     
           2           3  -3.3141999618028701     
           2           4   2.8821924264338383     
           2           5 -0.12133959977922280     
           2           6   8.6962906913967666E-014
           2           7  -9.2128036418447002E-015
           2           8   2.2796217418232836E-014
           2           9   3.0957964079415835E-014
           2          10   9.8295188194400498E-015
           2          11   1.0824828916683163E-014
           2          12  -7.8387308911485382E-015
           2          13  -2.1198157419177909E-015
           2          14  -5.0249001491221249E-015
           2          15  0.26957371202253533     
           2          16  -1.5068639584234732E-015
           2          17  0.26957371202252878     
           2          18   6.1456957648823582E-016
           2          19   1.5796223575500364E-015
           2          20  0.26957371202253660     
           2          21 -0.64738164058605230     
           2          22   1.4623010218122343E-015
           2          23 -0.64738164058605463     
           2          24   1.2015216967992927E-015
           2          25  -2.7422987405751978E-015
           2          26 -0.64738164058606351     
           2          27  -2.7571632250295650E-014
           2          28  -2.0920639774131602E-015
           2          29  -1.3130342400852672E-014
           2          30  -1.5903271252118374E-015
           2          31  -4.0740877649586427E-015
           2          32   4.9006128185319370E-016
           2          33  -3.4949095424209726E-015
           2          34  -1.2604356220914105E-014
           2          35  -4.4414803642669783E-016
           2          36  -6.5445690822372173E-015
           3           1  -1.8030384339319654     
           3           2  -3.3141999618028701     
           3           3   24.287898794610179     
           3           4  -21.866701385378498     
           3           5  0.87974969820551308     
           3           6  -7.1905532746482788E-013
           3           7   2.4694002319261281E-013
           3           8  -3.0072272418490586E-013
           3           9  -2.7077920165477570E-013
           3          10   1.5490111511158263E-013
           3          11  -7.0685979370267426E-014
           3          12   6.6840083009337854E-014
           3          13  -5.2769514669414538E-014
           3          14   2.4513046158333413E-014
           3          15  -1.7016340670329706     
           3          16   1.5804807797874466E-014
           3          17  -1.7016340670329584     
           3          18  -2.5451389885258506E-014
           3          19  -1.1155070324144176E-014
           3          20  -1.7016340670329937     
           3          21   4.9613581924560846     
           3          22  -1.1548324614467082E-014
           3          23   4.9613581924561538     
           3          24  -2.1648617270504032E-016
           3          25   1.7636556364809943E-014
           3          26   4.9613581924562071     
           3          27   2.4329150464906415E-013
           3          28  -4.5674013199062107E-014
           3          29   1.1129973117614916E-013
           3          30  -1.2103294167469394E-013
           3          31   3.8546161154549994E-014
           3          32   4.5503965319831847E-016
           3          33   2.6147407984346438E-014
           3          34   1.0626781045418682E-013
           3          35  -6.0632065914747748E-014
           3          36   7.2217535443378694E-014
           4           1   1.5241427010606385     
           4           2   2.8821924264338383     
           4           3  -21.866701385378498     
           4           4   19.703641653562713     
           4           5 -0.79183621767350099     
           4           6   6.7974727156218552E-013
           4           7  -4.1401158468412233E-013
           4           8   4.0342295574879201E-013
           4           9   2.5015915564949700E-013
           4          10  -1.7766311526178588E-013
           4          11   8.6312113848594354E-014
           4          12  -6.1255720106673795E-014
           4          13   5.4377109859993516E-014
           4          14  -2.5474912907370176E-014
           4          15   1.5258327458096514     
           4          16  -1.4336525217605848E-014
           4          17   1.5258327458096415     
           4          18   2.3386036817770236E-014
           4          19   1.0033565643567886E-014
           4          20   1.5258327458096728     
           4          21  -4.4716625295624839     
           4          22   1.0415841238752879E-014
           4          23  -4.4716625295625470     
           4          24   1.4485233267951021E-018
           4          25  -1.5822999570590759E-014
           4          26  -4.4716625295625940     
           4          27  -2.2722954347060265E-013
           4          28   6.2456317203282078E-014
           4          29  -1.0379192553379441E-013
           4          30   1.5659104478128136E-013
           4          31  -4.8692994546737061E-014
           4          32  -5.0082088773970836E-016
           4          33  -3.7346571016035667E-014
           4          34  -9.9235106776734320E-014
           4          35   7.5988142371564587E-014
           4          36  -9.6408305021381676E-014
           5           1  -6.6571300596698857E-002
           5           2 -0.12133959977922280     
           5           3  0.87974969820551308     
           5           4 -0.79183621767350099     
           5           5   3.1868773413504151E-002
           5           6  -2.5405325079423858E-014
           5           7   5.1031037059557647E-015
           5           8  -8.2353747768430318E-015
           5           9  -9.6867524541633998E-015
           5          10   4.8773354864016438E-015
           5          11  -2.1009778432514950E-015
           5          12   2.4008555063166697E-015
           5          13  -1.7841749193372605E-015
           5          14   8.1705004668030629E-016
           5          15  -6.1714663499671411E-002
           5          16   5.7111221193967005E-016
           5          17  -6.1714663499670967E-002
           5          18  -9.1588753377503433E-016
           5          19  -4.0417666841107691E-016
           5          20  -6.1714663499672251E-002
           5          21  0.17964674009121306     
           5          22  -4.1806176393267525E-016
           5          23  0.17964674009121556     
           5          24  -1.0303974267922283E-017
           5          25   6.3953193096402196E-016
           5          26  0.17964674009121750     
           5          27   8.6539334763185297E-015
           5          28  -1.2337270247283520E-015
           5          29   3.9615478990667383E-015
           5          30  -3.4444555471747672E-015
           5          31   1.1151158996067637E-015
           5          32   1.5322183253200525E-017
           5          33   6.6834951223704287E-016
           5          34   3.7796205591331598E-015
           5          35  -1.7747074411917800E-015
           5          36   1.9859179957902100E-015
           6           1   4.4021087924102346E-014
           6           2   8.6962906913967666E-014
           6           3  -7.1905532746482788E-013
           6           4   6.7974727156218552E-013
           6           5  -2.5405325079423858E-014
           6           6   2.3493529087593858E-002
           6           7 -0.14439264017927450     
           6           8   9.9778241633887099E-002
           6           9   4.1431546000280407E-003
           6          10  -2.5464076901282443E-002
           6          11   1.7596193371666510E-002
           6          12  -6.6726195829940169E-004
           6          13   4.1010320540107188E-003
           6          14  -2.8338962894875110E-003
           6          15   4.6914076275975759E-014
           6          16  -1.3154646204102338E-016
           6          17   4.7011036523716560E-014
           6          18   1.5252690197160112E-017
           6          19  -2.1602534189290293E-016
           6          20   4.6537351238425320E-014
           6          21  -1.5586722467877759E-013
           6          22   3.6702859905418538E-016
           6          23  -1.5642921523309019E-013
           6          24   1.8910098566000132E-016
           6          25   2.1389256734152185E-016
           6          26  -1.5646761750833029E-013
           6          27  -5.5883160410709941E-003
           6          28   1.5360054444737911E-002
           6          29  -2.4991709095175804E-003
           6          30   3.4346125876531741E-002
           6          31  -1.0614109015486201E-002
           6          32   8.7864339395313943E-018
           6          33  -1.0614109015486347E-002
           6          34  -2.4991709095175249E-003
           6          35   1.5360054444738229E-002
           6          36  -2.3733869279220991E-002
           7           1  -3.8216573495268329E-015
           7           2  -9.2128036418447002E-015
           7           3   2.4694002319261281E-013
           7           4  -4.1401158468412233E-013
           7           5   5.1031037059557647E-015
           7           6 -0.14439264017927450     
           7           7  0.88744583498744001     
           7           8 -0.61324306315352806     
           7           9  -2.5464076901280268E-002
           7          10  0.15650374534176983     
           7          11 -0.10814726082943699     
           7          12   4.1010320540102070E-003
           7          13  -2.5205189204679342E-002
           7          14   1.7417296724885525E-002
           7          15   1.3107107443691213E-015
           7          16   8.0849245294149843E-016
           7          17   7.1478724085578671E-016
           7          18  -9.3743949624833481E-017
           7          19   1.3277047201079428E-015
           7          20   3.6260854414113918E-015
           7          21   1.0353706050893029E-013
           7          22  -2.2557798039236649E-015
           7          23   1.0699108819417800E-013
           7          24  -1.1622260103259905E-015
           7          25  -1.3145965596775881E-015
           7          26   1.0722711088323082E-013
           7          27   3.4346125876530610E-002
           7          28  -9.4403816740512375E-002
           7          29   1.5360054444738199E-002
           7          30 -0.21109335156721817     
           7          31   6.5234951214971221E-002
           7          32  -5.4001950475905439E-017
           7          33   6.5234951214972123E-002
           7          34   1.5360054444737859E-002
           7          35  -9.4403816740514318E-002
           7          36  0.14586978542556109     
           8           1   1.1009349006988814E-014
           8           2   2.2796217418232836E-014
           8           3  -3.0072272418490586E-013
           8           4   4.0342295574879201E-013
           8           5  -8.2353747768430318E-015
           8           6   9.9778241633887099E-002
           8           7 -0.61324306315352806     
           8           8  0.42376338890727283     
           8           9   1.7596193371665458E-002
           8          10 -0.10814726082943976     
           8          11   7.4731949701072331E-002
           8          12  -2.8338962894874794E-003
           8          13   1.7417296724887506E-002
           8          14  -1.2035705137512849E-002
           8          15   8.1277943284522505E-015
           8          16  -5.5868467553904018E-016
           8          17   8.5395895505289017E-015
           8          18   6.4778969660703803E-017
           8          19  -9.1747087813405853E-016
           8          20   6.5278234732367774E-015
           8          21  -9.8181984631144879E-014
           8          22   1.5587895759042544E-015
           8          23  -1.0056878778510718E-013
           8          24   8.0312173492718055E-016
           8          25   9.0841287353509317E-016
           8          26  -1.0073188424812768E-013
           8          27  -2.3733869279220159E-002
           8          28   6.5234951214972428E-002
           8          29  -1.0614109015486595E-002
           8          30  0.14586978542556078     
           8          31  -4.5078673796813871E-002
           8          32   3.7316442559646304E-017
           8          33  -4.5078673796814496E-002
           8          34  -1.0614109015486361E-002
           8          35   6.5234951214973774E-002
           8          36 -0.10079897894521639     
           9           1   1.4525040258289651E-014
           9           2   3.0957964079415835E-014
           9           3  -2.7077920165477570E-013
           9           4   2.5015915564949700E-013
           9           5  -9.6867524541633998E-015
           9           6   4.1431546000280407E-003
           9           7  -2.5464076901280268E-002
           9           8   1.7596193371665458E-002
           9           9   7.3065778988471157E-004
           9          10  -4.4906666408295378E-003
           9          11   3.1031416880361769E-003
           9          12  -1.1767365565404819E-004
           9          13   7.2322935205206950E-004
           9          14  -4.9976614428663029E-004
           9          15   1.8115934937409721E-014
           9          16  -2.3198614703347664E-017
           9          17   1.8133034169072554E-014
           9          18   2.6898578464535842E-018
           9          19  -3.8096719554036671E-017
           9          20   1.8049498342615902E-014
           9          21  -5.7090739365635653E-014
           9          22   6.4726598666601701E-017
           9          23  -5.7189848092196139E-014
           9          24   3.3348528255835689E-017
           9          25   3.7720598339497514E-017
           9          26  -5.7196620449074773E-014
           9          27  -9.8551636178832898E-004
           9          28   2.7087918546474434E-003
           9          29  -4.4073631557941894E-004
           9          30   6.0570427238894105E-003
           9          31  -1.8718300868613622E-003
           9          32   1.5495140835817354E-018
           9          33  -1.8718300868613880E-003
           9          34  -4.4073631557940918E-004
           9          35   2.7087918546474994E-003
           9          36  -4.1855393165514260E-003
          10           1   1.7061275176957660E-014
          10           2   9.8295188194400498E-015
          10           3   1.5490111511158263E-013
          10           4  -1.7766311526178588E-013
          10           5   4.8773354864016438E-015
          10           6  -2.5464076901282443E-002
          10           7  0.15650374534176983     
          10           8 -0.10814726082943976     
          10           9  -4.4906666408295378E-003
          10          10   2.7599906766533195E-002
          10          11  -1.9072095108204224E-002
          10          12   7.2322935205204099E-004
          10          13  -4.4450110159524178E-003
          10          14   3.0715927256699622E-003
          10          15  -5.9523943645383528E-015
          10          16   1.4258007866787630E-016
          10          17  -6.0574872688714763E-015
          10          18  -1.6532027805209812E-017
          10          19   2.3414472547244188E-016
          10          20  -5.5440710644896867E-015
          10          21   4.2287467218298939E-014
          10          22  -3.9781356119094829E-016
          10          23   4.2896595401613517E-014
          10          24  -2.0496205670081284E-016
          10          25  -2.3183306190828076E-016
          10          26   4.2938218713556915E-014
          10          27   6.0570427238897289E-003
          10          28  -1.6648397357859435E-002
          10          29   2.7087918546477257E-003
          10          30  -3.7226948208601576E-002
          10          31   1.1504380087011316E-002
          10          32  -9.5234065810185730E-018
          10          33   1.1504380087011476E-002
          10          34   2.7087918546476659E-003
          10          35  -1.6648397357859779E-002
          10          36   2.5724575913552768E-002
          11           1   7.5410974949506306E-015
          11           2   1.0824828916683163E-014
          11           3  -7.0685979370267426E-014
          11           4   8.6312113848594354E-014
          11           5  -2.1009778432514950E-015
          11           6   1.7596193371666510E-002
          11           7 -0.10814726082943699     
          11           8   7.4731949701072331E-002
          11           9   3.1031416880361769E-003
          11          10  -1.9072095108204224E-002
          11          11   1.3179204368090596E-002
          11          12  -4.9976614428665458E-004
          11          13   3.0715927256702328E-003
          11          14  -2.1225328437949709E-003
          11          15   2.9370061082404772E-015
          11          16  -9.8525724883426352E-017
          11          17   3.0096274356815072E-015
          11          18   1.1423966366829081E-017
          11          19  -1.6179875211426690E-016
          11          20   2.6548464299741064E-015
          11          21  -2.0709150086760790E-014
          11          22   2.7489723565177142E-016
          11          23  -2.1130070010278069E-014
          11          24   1.4163293637325716E-016
          11          25   1.6020134572710752E-016
          11          26  -2.1158832562659774E-014
          11          27  -4.1855393165515292E-003
          11          28   1.1504380087011233E-002
          11          29  -1.8718300868615437E-003
          11          30   2.5724575913552050E-002
          11          31  -7.9497598682638920E-003
          11          32   6.5808670153952316E-018
          11          33  -7.9497598682640013E-003
          11          34  -1.8718300868615023E-003
          11          35   1.1504380087011471E-002
          11          36  -1.7776203470238193E-002
          12           1  -3.7545002872149523E-015
          12           2  -7.8387308911485382E-015
          12           3   6.6840083009337854E-014
          12           4  -6.1255720106673795E-014
          12           5   2.4008555063166697E-015
          12           6  -6.6726195829940169E-004
          12           7   4.1010320540102070E-003
          12           8  -2.8338962894874794E-003
          12           9  -1.1767365565404819E-004
          12          10   7.2322935205204099E-004
          12          11  -4.9976614428665458E-004
          12          12   1.8951538499538067E-005
          12          13  -1.1647729335193170E-004
          12          14   8.0488171048741773E-005
          12          15  -4.5259151262922757E-015
          12          16   3.7361755887043911E-018
          12          17  -4.5286689860697124E-015
          12          18  -4.3320609234964102E-019
          12          19   6.1355402219829041E-018
          12          20  -4.5152154018976144E-015
          12          21   1.3955200721291224E-014
          12          22  -1.0424326666470471E-017
          12          23   1.3971162346997674E-014
          12          24  -5.3708360943710866E-018
          12          25  -6.0749652730792976E-018
          12          26   1.3972253046367983E-014
          12          27   1.5871905371296825E-004
          12          28  -4.3625544592163867E-004
          12          29   7.0981318685331180E-005
          12          30  -9.7549683263526701E-004
          12          31   3.0146135733250180E-004
          12          32  -2.4955182744406224E-019
          12          33   3.0146135733250597E-004
          12          34   7.0981318685329608E-005
          12          35  -4.3625544592164767E-004
          12          36   6.7408808758484225E-004
          13           1  -4.9103396387108326E-015
          13           2  -2.1198157419177909E-015
          13           3  -5.2769514669414538E-014
          13           4   5.4377109859993516E-014
          13           5  -1.7841749193372605E-015
          13           6   4.1010320540107188E-003
          13           7  -2.5205189204679342E-002
          13           8   1.7417296724887506E-002
          13           9   7.2322935205206950E-004
          13          10  -4.4450110159524178E-003
          13          11   3.0715927256702328E-003
          13          12  -1.1647729335193170E-004
          13          13   7.1587643752102966E-004
          13          14  -4.9468513128014715E-004
          13          15   2.6448256975845616E-015
          13          16  -2.2962759464940969E-017
          13          17   2.6617510851016740E-015
          13          18   2.6625106502408533E-018
          13          19  -3.7709398544557051E-017
          13          20   2.5790645491090145E-015
          13          21  -1.2702312250257526E-014
          13          22   6.4068537504394131E-017
          13          23  -1.2800413360086167E-014
          13          24   3.3009481067953398E-017
          13          25   3.7337101272144439E-017
          13          26  -1.2807116863894177E-014
          13          27  -9.7549683263535667E-004
          13          28   2.6812521607272695E-003
          13          29  -4.3625544592170134E-004
          13          30   5.9954620962043639E-003
          13          31  -1.8527996000506862E-003
          13          32   1.5337605130329547E-018
          13          33  -1.8527996000507118E-003
          13          34  -4.3625544592169169E-004
          13          35   2.6812521607273250E-003
          13          36  -4.1429858543978407E-003
          14           1  -3.6429962332813736E-015
          14           2  -5.0249001491221249E-015
          14           3   2.4513046158333413E-014
          14           4  -2.5474912907370176E-014
          14           5   8.1705004668030629E-016
          14           6  -2.8338962894875110E-003
          14           7   1.7417296724885525E-002
          14           8  -1.2035705137512849E-002
          14           9  -4.9976614428663029E-004
          14          10   3.0715927256699622E-003
          14          11  -2.1225328437949709E-003
          14          12   8.0488171048741773E-005
          14          13  -4.9468513128014715E-004
          14          14   3.4183745445940549E-004
          14          15  -1.4833011621332365E-015
          14          16   1.5867732313962866E-017
          14          17  -1.4949969480356494E-015
          14          18  -1.8398488363077857E-018
          14          19   2.6057958876408744E-017
          14          20  -1.4378588753617435E-015
          14          21   5.9454441749732259E-015
          14          22  -4.4272658276103778E-017
          14          23   6.0132340306671311E-015
          14          24  -2.2810220618724237E-017
          14          25  -2.5800693913593694E-017
          14          26   6.0178662876985038E-015
          14          27   6.7408808758482610E-004
          14          28  -1.8527996000505097E-003
          14          29   3.0146135733251638E-004
          14          30  -4.1429858543973611E-003
          14          31   1.2803220854156875E-003
          14          32  -1.0598596084189439E-018
          14          33   1.2803220854157053E-003
          14          34   3.0146135733250971E-004
          14          35  -1.8527996000505481E-003
          14          36   2.8628872160838272E-003
          15           1  0.16279249233116413     
          15           2  0.26957371202253533     
          15           3  -1.7016340670329706     
          15           4   1.5258327458096514     
          15           5  -6.1714663499671411E-002
          15           6   4.6914076275975759E-014
          15           7   1.3107107443691213E-015
          15           8   8.1277943284522505E-015
          15           9   1.8115934937409721E-014
          15          10  -5.9523943645383528E-015
          15          11   2.9370061082404772E-015
          15          12  -4.5259151262922757E-015
          15          13   2.6448256975845616E-015
          15          14  -1.4833011621332365E-015
          15          15  0.12148745430634166     
          15          16  -1.0678505567025806E-015
          15          17  0.12148745430634050     
          15          18   1.6096083003601101E-015
          15          19   7.8502372957232044E-016
          15          20  0.12148745430634315     
          15          21 -0.34579935510739607     
          15          22   8.0219467090858009E-016
          15          23 -0.34579935510740045     
          15          24   8.6321479064925619E-017
          15          25  -1.2560161418965306E-015
          15          26 -0.34579935510740434     
          15          27  -1.6040851754531646E-014
          15          28   8.7284388796439777E-016
          15          29  -7.3764757446866190E-015
          15          30   3.3069433858734980E-015
          15          31  -1.3697490333996225E-015
          15          32   1.6422618170820296E-018
          15          33  -5.6863477026470816E-016
          15          34  -7.0336875454772661E-015
          15          35   1.8969485961306125E-015
          15          36  -2.0438188218995108E-015
          16           1  -5.3928992383467352E-016
          16           2  -1.5068639584234732E-015
          16           3   1.5804807797874466E-014
          16           4  -1.4336525217605848E-014
          16           5   5.7111221193967005E-016
          16           6  -1.3154646204102338E-016
          16           7   8.0849245294149843E-016
          16           8  -5.5868467553904018E-016
          16           9  -2.3198614703347664E-017
          16          10   1.4258007866787630E-016
          16          11  -9.8525724883426352E-017
          16          12   3.7361755887043911E-018
          16          13  -2.2962759464940969E-017
          16          14   1.5867732313962866E-017
          16          15  -1.0678505567025806E-015
          16          16   1.1706990345927325E-029
          16          17  -1.0678505567025785E-015
          16          18  -1.9664190897030539E-029
          16          19  -5.9886848779661917E-030
          16          20  -1.0678505567025954E-015
          16          21   3.2597545708477424E-015
          16          22  -9.6897210620648442E-030
          16          23   3.2597545708477976E-015
          16          24   3.7255838708633464E-032
          16          25   9.9246365788590652E-030
          16          26   3.2597545708478304E-015
          16          27   3.1290454543049465E-017
          16          28  -8.6004993605805057E-017
          16          29   1.3993516681027015E-017
          16          30  -1.9231301210702651E-016
          16          31   5.9431194159662413E-017
          16          32   8.2967429711391030E-031
          16          33   5.9431194159653995E-017
          16          34   1.3993516681023259E-017
          16          35  -8.6004993605816989E-017
          16          36   1.3289219012498789E-016
          17           1  0.16279249233115844     
          17           2  0.26957371202252878     
          17           3  -1.7016340670329584     
          17           4   1.5258327458096415     
          17           5  -6.1714663499670967E-002
          17           6   4.7011036523716560E-014
          17           7   7.1478724085578671E-016
          17           8   8.5395895505289017E-015
          17           9   1.8133034169072554E-014
          17          10  -6.0574872688714763E-015
          17          11   3.0096274356815072E-015
          17          12  -4.5286689860697124E-015
          17          13   2.6617510851016740E-015
          17          14  -1.4949969480356494E-015
          17          15  0.12148745430634050     
          17          16  -1.0678505567025785E-015
          17          17  0.12148745430633935     
          17          18   1.6096083003601202E-015
          17          19   7.8502372957231334E-016
          17          20  0.12148745430634202     
          17          21 -0.34579935510739385     
          17          22   8.0219467090857673E-016
          17          23 -0.34579935510739823     
          17          24   8.6321479064916979E-017
          17          25  -1.2560161418965182E-015
          17          26 -0.34579935510740212     
          17          27  -1.6063915318365567E-014
          17          28   9.3623643655623941E-016
          17          29  -7.3867900839938271E-015
          17          30   3.4486934337918010E-015
          17          31  -1.4135545696328099E-015
          17          32   1.6422618170779058E-018
          17          33  -6.1244030649789381E-016
          17          34  -7.0440018847844727E-015
          17          35   1.9603411447224507E-015
          17          36  -2.1417709787077621E-015
          18           1  -8.9956351593646440E-016
          18           2   6.1456957648823582E-016
          18           3  -2.5451389885258506E-014
          18           4   2.3386036817770236E-014
          18           5  -9.1588753377503433E-016
          18           6   1.5252690197160112E-017
          18           7  -9.3743949624833481E-017
          18           8   6.4778969660703803E-017
          18           9   2.6898578464535842E-018
          18          10  -1.6532027805209812E-017
          18          11   1.1423966366829081E-017
          18          12  -4.3320609234964102E-019
          18          13   2.6625106502408533E-018
          18          14  -1.8398488363077857E-018
          18          15   1.6096083003601101E-015
          18          16  -1.9664190897030539E-029
          18          17   1.6096083003601202E-015
          18          18   3.9951805596804351E-029
          18          19   1.1282414068748216E-029
          18          20   1.6096083003601427E-015
          18          21  -5.3365483002450200E-015
          18          22   1.2866901338368631E-029
          18          23  -5.3365483002451249E-015
          18          24  -5.0917838017147229E-030
          18          25  -1.6783899054195942E-029
          18          26  -5.3365483002451738E-015
          18          27  -3.6280991664802691E-018
          18          28   9.9721991946488404E-018
          18          29  -1.6225352730726101E-018
          18          30   2.2298515284420908E-017
          18          31  -6.8909918097454572E-018
          18          32  -3.0347366715909418E-030
          18          33  -6.8909918097273935E-018
          18          34  -1.6225352730665551E-018
          18          35   9.9721991946665466E-018
          18          36  -1.5408726118973863E-017
          19           1   8.8417289282662431E-016
          19           2   1.5796223575500364E-015
          19           3  -1.1155070324144176E-014
          19           4   1.0033565643567886E-014
          19           5  -4.0417666841107691E-016
          19           6  -2.1602534189290293E-016
          19           7   1.3277047201079428E-015
          19           8  -9.1747087813405853E-016
          19           9  -3.8096719554036671E-017
          19          10   2.3414472547244188E-016
          19          11  -1.6179875211426690E-016
          19          12   6.1355402219829041E-018
          19          13  -3.7709398544557051E-017
          19          14   2.6057958876408744E-017
          19          15   7.8502372957232044E-016
          19          16  -5.9886848779661917E-030
          19          17   7.8502372957231334E-016
          19          18   1.1282414068748216E-029
          19          19   7.1150951182063108E-030
          19          20   7.8502372957233425E-016
          19          21  -2.2759135075102987E-015
          19          22   1.9185136439482379E-030
          19          23  -2.2759135075103247E-015
          19          24  -1.5299898971120090E-030
          19          25  -1.0098303470815390E-029
          19          26  -2.2759135075103488E-015
          19          27   5.1385123064149327E-017
          19          28  -1.4123723177353132E-016
          19          29   2.2980125640726048E-017
          19          30  -3.1581605119950027E-016
          19          31   9.7597790455961901E-017
          19          32  -2.3825133212563346E-031
          19          33   9.7597790455968816E-017
          19          34   2.2980125640727833E-017
          19          35  -1.4123723177352738E-016
          19          36   2.1823529391332185E-016
          20           1  0.16279249233116402     
          20           2  0.26957371202253660     
          20           3  -1.7016340670329937     
          20           4   1.5258327458096728     
          20           5  -6.1714663499672251E-002
          20           6   4.6537351238425320E-014
          20           7   3.6260854414113918E-015
          20           8   6.5278234732367774E-015
          20           9   1.8049498342615902E-014
          20          10  -5.5440710644896867E-015
          20          11   2.6548464299741064E-015
          20          12  -4.5152154018976144E-015
          20          13   2.5790645491090145E-015
          20          14  -1.4378588753617435E-015
          20          15  0.12148745430634315     
          20          16  -1.0678505567025954E-015
          20          17  0.12148745430634202     
          20          18   1.6096083003601427E-015
          20          19   7.8502372957233425E-016
          20          20  0.12148745430634467     
          20          21 -0.34579935510740090     
          20          22   8.0219467090858561E-016
          20          23 -0.34579935510740534     
          20          24   8.6321479064919235E-017
          20          25  -1.2560161418965500E-015
          20          26 -0.34579935510740917     
          20          27  -1.5951241608581880E-014
          20          28   6.2654129690174454E-016
          20          29  -7.3364008691231492E-015
          20          30   2.7561940492230899E-015
          20          31  -1.1995489496862840E-015
          20          32   1.6422618170797749E-018
          20          33  -3.9843468655135225E-016
          20          34  -6.9936126699137901E-015
          20          35   1.6506460050679695E-015
          20          36  -1.6632398649403122E-015
          21           1 -0.33941171664347630     
          21           2 -0.64738164058605230     
          21           3   4.9613581924560846     
          21           4  -4.4716625295624839     
          21           5  0.17964674009121306     
          21           6  -1.5586722467877759E-013
          21           7   1.0353706050893029E-013
          21           8  -9.8181984631144879E-014
          21           9  -5.7090739365635653E-014
          21          10   4.2287467218298939E-014
          21          11  -2.0709150086760790E-014
          21          12   1.3955200721291224E-014
          21          13  -1.2702312250257526E-014
          21          14   5.9454441749732259E-015
          21          15 -0.34579935510739607     
          21          16   3.2597545708477424E-015
          21          17 -0.34579935510739385     
          21          18  -5.3365483002450200E-015
          21          19  -2.2759135075102987E-015
          21          20 -0.34579935510740090     
          21          21   1.0148957768136759     
          21          22  -2.3644708478681391E-015
          21          23   1.0148957768136904     
          21          24   1.2163045438185666E-017
          21          25   3.5865183542542764E-015
          21          26   1.0148957768137012     
          21          27   5.1977817036977361E-014
          21          28  -1.5253129195792588E-014
          21          29   2.3733049536585899E-014
          21          30  -3.7943896032953824E-014
          21          31   1.1747255655693486E-014
          21          32   1.1951695835852726E-016
          21          33   9.1609942907822201E-015
          21          34   2.2697436040691712E-014
          21          35  -1.8327569594303952E-014
          21          36   2.3444773467481050E-014
          22           1   7.4653629566915637E-016
          22           2   1.4623010218122343E-015
          22           3  -1.1548324614467082E-014
          22           4   1.0415841238752879E-014
          22           5  -4.1806176393267525E-016
          22           6   3.6702859905418538E-016
          22           7  -2.2557798039236649E-015
          22           8   1.5587895759042544E-015
          22           9   6.4726598666601701E-017
          22          10  -3.9781356119094829E-016
          22          11   2.7489723565177142E-016
          22          12  -1.0424326666470471E-017
          22          13   6.4068537504394131E-017
          22          14  -4.4272658276103778E-017
          22          15   8.0219467090858009E-016
          22          16  -9.6897210620648442E-030
          22          17   8.0219467090857673E-016
          22          18   1.2866901338368631E-029
          22          19   1.9185136439482379E-030
          22          20   8.0219467090858561E-016
          22          21  -2.3644708478681391E-015
          22          22   1.1245809000081247E-029
          22          23  -2.3644708478681817E-015
          22          24   2.8410624211992759E-030
          22          25  -4.9823194238372406E-030
          22          26  -2.3644708478682073E-015
          22          27  -8.7303691155971980E-017
          22          28   2.3996306571158986E-016
