           1           1  0.93836668388084654     
           1           2  0.72274710909614981     
           1           3 -0.62557376317840485     
           1           4 -0.61542268608847672     
           1           5  0.13695929715659921     
           1           6   2.1602190276113379E-015
           1           7   1.7630748676274906E-015
           1           8  -1.3049057234175773E-015
           1           9   6.5006140309254725E-015
           1          10   8.9015481243460501E-016
           1          11  -5.9618883650364886E-015
           1          12   6.7710742934787358E-016
           1          13  -6.9529501133377800E-016
           1          14  -9.6421175728534979E-016
           1          15  0.27227775215407424     
           1          16   2.4112832342743570E-015
           1          17  0.27227775215407535     
           1          18   7.8145861878954898E-016
           1          19   1.4559526217469345E-015
           1          20  0.27227775215407202     
           2           1  0.72274710909614981     
           2           2  0.55860991357045064     
           2           3 -0.54506241628027552     
           2           4 -0.52701003625647469     
           2           5  0.11720476800952839     
           2           6   1.8457353908330473E-015
           2           7   1.4282143528939615E-015
           2           8  -1.1081879373971128E-015
           2           9   5.7127301205253206E-015
           2          10   6.6907333326548837E-016
           2          11  -5.1063137113628314E-015
           2          12   4.8751561438323056E-016
           2          13  -6.6619958807642001E-016
           2          14  -6.8306288626030930E-016
           2          15  0.23383448480622826     
           2          16   2.1346610923876280E-015
           2          17  0.23383448480622915     
           2          18   6.5883798749222345E-016
           2          19   1.3446130755746313E-015
           2          20  0.23383448480622646     
           3           1 -0.62557376317840485     
           3           2 -0.54506241628027552     
           3           3   2.4814254069583419     
           3           4   2.1405580996749607     
           3           5 -0.47380049287136505     
           3           6  -7.3784021592250764E-015
           3           7  -3.4691906847970653E-015
           3           8   4.2366380920761514E-015
           3           9  -2.7376954029141035E-014
           3          10  -5.3454175221585862E-017
           3          11   2.0766631432598614E-014
           3          12   6.5874107715355619E-016
           3          13   4.7294817325439456E-015
           3          14  -1.3026259416552017E-015
           3          15 -0.96899261878308562     
           3          16  -1.0665208353177235E-014
           3          17 -0.96899261878308796     
           3          18  -2.3800079113004382E-015
           3          19  -8.2577374926375166E-015
           3          20 -0.96899261878307996     
           4           1 -0.61542268608847672     
           4           2 -0.52701003625647469     
           4           3   2.1405580996749607     
           4           4   1.8538714861908907     
           4           5 -0.41041575728259400     
           4           6  -6.3939818975027317E-015
           4           7  -3.0788860664598614E-015
           4           8   3.6776526376725973E-015
           4           9  -2.3577303902570375E-014
           4          10  -1.3121500412222816E-016
           4          11   1.7984501887884800E-014
           4          12   4.8639986212143689E-016
           4          13   4.0315562263617312E-015
           4          14  -9.9820744098690579E-016
           4          15 -0.83860183163894164     
           4          16  -9.1732220573140478E-015
           4          17 -0.83860183163894364     
           4          18  -2.0706865942192872E-015
           4          19  -7.0626384865506593E-015
           4          20 -0.83860183163893653     
           5           1  0.13695929715659921     
           5           2  0.11720476800952839     
           5           3 -0.47380049287136505     
           5           4 -0.41041575728259400     
           5           5   9.0859796191707060E-002
           5           6   1.4155559916885124E-015
           5           7   6.8233512127175447E-016
           5           8  -8.1425190555655411E-016
           5           9   5.2183238243615308E-015
           5          10   2.9873541459892451E-017
           5          11  -3.9814560613714762E-015
           5          12  -1.0686374574005572E-016
           5          13  -8.9189182557819604E-016
           5          14   2.1972405731204803E-016
           5          15  0.18564629417361503     
           5          16   2.0301784753164134E-015
           5          17  0.18564629417361547     
           5          18   4.5850658580783306E-016
           5          19   1.5626828896426526E-015
           5          20  0.18564629417361392     
           6           1   2.1602190276113379E-015
           6           2   1.8457353908330473E-015
           6           3  -7.3784021592250764E-015
           6           4  -6.3939818975027317E-015
           6           5   1.4155559916885124E-015
           6           6   2.2054700944686073E-029
           6           7   1.0657031355601595E-029
           6           8  -1.2688491490086377E-029
           6           9   8.1249863381102593E-029
           6          10   4.9596114217388814E-031
           6          11  -6.2027916150687697E-029
           6          12  -1.6345967465510768E-030
           6          13  -1.3871825329352240E-029
           6          14   3.3763861369249136E-030
           6          15   2.8920150577312204E-015
           6          16   3.1605840938483667E-029
           6          17   2.8920150577312279E-015
           6          18   7.1465969325664892E-030
           6          19   2.4313404958800003E-029
           6          20   2.8920150577312030E-015
           7           1   1.7630748676274906E-015
           7           2   1.4282143528939615E-015
           7           3  -3.4691906847970653E-015
           7           4  -3.0788860664598614E-015
           7           5   6.8233512127175447E-016
           7           6   1.0657031355601595E-029
           7           7   5.8613502124661645E-030
           7           8  -6.1926403242426945E-030
           7           9   3.7818125436237096E-029
           7          10   1.0724986991689831E-030
           7          11  -2.9859993511702490E-029
           7          12   3.8676083381258315E-032
           7          13  -6.0464482911783220E-030
           7          14   3.5001108885457246E-031
           7          15   1.3865718758137686E-015
           7          16   1.4594876173232164E-029
           7          17   1.3865718758137724E-015
           7          18   3.5339173766584582E-030
           7          19   1.0832556289860382E-029
           7          20   1.3865718758137597E-015
           8           1  -1.3049057234175773E-015
           8           2  -1.1081879373971128E-015
           8           3   4.2366380920761514E-015
           8           4   3.6776526376725973E-015
           8           5  -8.1425190555655411E-016
           8           6  -1.2688491490086377E-029
           8           7  -6.1926403242426945E-030
           8           8   7.3052364962394195E-030
           8           9  -4.6620069086247708E-029
           8          10  -3.5723390173598977E-031
           8          11   3.5676138868633606E-029
           8          12   8.6888956367361134E-031
           8          13   7.9240484383448292E-030
           8          14  -1.8318710621540189E-030
           8          15  -1.6628926993366577E-015
           8          16  -1.8124970559652012E-029
           8          17  -1.6628926993366618E-015
           8          18  -4.1185334796043297E-030
           8          19  -1.3908899142206220E-029
           8          20  -1.6628926993366476E-015
           9           1   6.5006140309254725E-015
           9           2   5.7127301205253206E-015
           9           3  -2.7376954029141035E-014
           9           4  -2.3577303902570375E-014
           9           5   5.2183238243615308E-015
           9           6   8.1249863381102593E-029
           9           7   3.7818125436237096E-029
           9           8  -4.6620069086247708E-029
           9           9   3.0224934982700844E-028
           9          10   1.3921382834192354E-031
           9          11  -2.2873972977734183E-028
           9          12  -7.7010440856120339E-030
           9          13  -5.2434627259562316E-029
           9          14   1.5035832524203162E-029
           9          15   1.0676270950030549E-014
           9          16   1.1780919184831898E-028
           9          17   1.0676270950030574E-014
           9          18   2.6164789831854411E-029
           9          19   9.1427206367828081E-029
           9          20   1.0676270950030486E-014
          10           1   8.9015481243460501E-016
          10           2   6.6907333326548837E-016
          10           3  -5.3454175221585862E-017
          10           4  -1.3121500412222816E-016
          10           5   2.9873541459892451E-017
          10           6   4.9596114217388814E-031
          10           7   1.0724986991689831E-030
          10           8  -3.5723390173598977E-031
          10           9   1.3921382834192354E-031
          10          10   9.8566190961014512E-031
          10          11  -1.2632836162580270E-030
          10          12   9.3269824098596683E-031
          10          13   4.5627181449872641E-031
          10          14  -1.4235370509558813E-030
          10          15   5.2309018489340485E-017
          10          16  -8.1821974515798363E-032
          10          17   5.2309018489341083E-017
          10          18   2.5504059747782846E-031
          10          19  -5.2493735842494809E-031
          10          20   5.2309018489339499E-017
          11           1  -5.9618883650364886E-015
          11           2  -5.1063137113628314E-015
          11           3   2.0766631432598614E-014
          11           4   1.7984501887884800E-014
          11           5  -3.9814560613714762E-015
          11           6  -6.2027916150687697E-029
          11           7  -2.9859993511702490E-029
          11           8   3.5676138868633606E-029
          11           9  -2.2873972977734183E-028
          11          10  -1.2632836162580270E-030
          11          11   1.7446866571211283E-028
          11          12   4.7281383954070615E-030
          11          13   3.9117654766646916E-029
          11          14  -9.6984135847947317E-030
          11          15  -8.1353887301587433E-015
          11          16  -8.8997113417208208E-029
          11          17  -8.1353887301587654E-015
          11          18  -2.0086765285260850E-029
          11          19  -6.8525134525557895E-029
          11          20  -8.1353887301586960E-015
          12           1   6.7710742934787358E-016
          12           2   4.8751561438323056E-016
          12           3   6.5874107715355619E-016
          12           4   4.8639986212143689E-016
          12           5  -1.0686374574005572E-016
          12           6  -1.6345967465510768E-030
          12           7   3.8676083381258315E-032
          12           8   8.6888956367361134E-031
          12           9  -7.7010440856120339E-030
          12          10   9.3269824098596683E-031
          12          11   4.7281383954070615E-030
          12          12   1.0855797835805719E-030
          12          13   1.7923538579030815E-030
          12          14  -1.7419335467462443E-030
          12          15  -2.2700333502983046E-016
          12          16  -3.1309430182444494E-030
          12          17  -2.2700333502983051E-016
          12          18  -4.3583360729344655E-031
          12          19  -2.8681376206413784E-030
          12          20  -2.2700333502982977E-016
          13           1  -6.9529501133377800E-016
          13           2  -6.6619958807642001E-016
          13           3   4.7294817325439456E-015
          13           4   4.0315562263617312E-015
          13           5  -8.9189182557819604E-016
          13           6  -1.3871825329352240E-029
          13           7  -6.0464482911783220E-030
          13           8   7.9240484383448292E-030
          13           9  -5.2434627259562316E-029
          13          10   4.5627181449872641E-031
          13          11   3.9117654766646916E-029
          13          12   1.7923538579030815E-030
          13          13   9.3306090498529588E-030
          13          14  -3.3057056398098589E-030
          13          15  -1.8290332580387745E-015
          13          16  -2.0504031644036730E-029
          13          17  -1.8290332580387789E-015
          13          18  -4.4206597910037416E-030
          13          19  -1.6137319446568824E-029
          13          20  -1.8290332580387639E-015
          14           1  -9.6421175728534979E-016
          14           2  -6.8306288626030930E-016
          14           3  -1.3026259416552017E-015
          14           4  -9.9820744098690579E-016
          14           5   2.1972405731204803E-016
          14           6   3.3763861369249136E-030
          14           7   3.5001108885457246E-031
          14           8  -1.8318710621540189E-030
          14           9   1.5035832524203162E-029
          14          10  -1.4235370509558813E-030
          14          11  -9.6984135847947317E-030
          14          12  -1.7419335467462443E-030
          14          13  -3.3057056398098589E-030
          14          14   2.8241028850855985E-030
          14          15   4.6232405755419351E-016
          14          16   6.0580968399955561E-030
          14          17   4.6232405755419390E-016
          14          18   9.4893921595738249E-031
          14          19   5.3711729401848964E-030
          14          20   4.6232405755419183E-016
          15           1  0.27227775215407424     
          15           2  0.23383448480622826     
          15           3 -0.96899261878308562     
          15           4 -0.83860183163894164     
          15           5  0.18564629417361503     
          15           6   2.8920150577312204E-015
          15           7   1.3865718758137686E-015
          15           8  -1.6628926993366577E-015
          15           9   1.0676270950030549E-014
          15          10   5.2309018489340485E-017
          15          11  -8.1353887301587433E-015
          15          12  -2.2700333502983046E-016
          15          13  -1.8290332580387745E-015
          15          14   4.6232405755419351E-016
          15          15  0.37939377675019198     
          15          16   4.1547983160494192E-015
          15          17  0.37939377675019287     
          15          18   9.3589562766655130E-016
          15          19   3.2021921448761150E-015
          15          20  0.37939377675018970     
          16           1   2.4112832342743570E-015
          16           2   2.1346610923876280E-015
          16           3  -1.0665208353177235E-014
          16           4  -9.1732220573140478E-015
          16           5   2.0301784753164134E-015
          16           6   3.1605840938483667E-029
          16           7   1.4594876173232164E-029
          16           8  -1.8124970559652012E-029
          16           9   1.1780919184831898E-028
          16          10  -8.1821974515798363E-032
          16          11  -8.8997113417208208E-029
          16          12  -3.1309430182444494E-030
          16          13  -2.0504031644036730E-029
          16          14   6.0580968399955561E-030
          16          15   4.1547983160494192E-015
          16          16   4.5937848327207548E-029
          16          17   4.1547983160494287E-015
          16          18   1.0164826603871917E-029
          16          19   3.5714318481205290E-029
          16          20   4.1547983160493947E-015
          17           1  0.27227775215407535     
          17           2  0.23383448480622915     
          17           3 -0.96899261878308796     
          17           4 -0.83860183163894364     
          17           5  0.18564629417361547     
          17           6   2.8920150577312279E-015
          17           7   1.3865718758137724E-015
          17           8  -1.6628926993366618E-015
          17           9   1.0676270950030574E-014
          17          10   5.2309018489341083E-017
          17          11  -8.1353887301587654E-015
          17          12  -2.2700333502983051E-016
          17          13  -1.8290332580387789E-015
          17          14   4.6232405755419390E-016
          17          15  0.37939377675019287     
          17          16   4.1547983160494287E-015
          17          17  0.37939377675019387     
          17          18   9.3589562766655366E-016
          17          19   3.2021921448761225E-015
          17          20  0.37939377675019065     
          18           1   7.8145861878954898E-016
          18           2   6.5883798749222345E-016
          18           3  -2.3800079113004382E-015
          18           4  -2.0706865942192872E-015
          18           5   4.5850658580783306E-016
          18           6   7.1465969325664892E-030
          18           7   3.5339173766584582E-030
          18           8  -4.1185334796043297E-030
          18           9   2.6164789831854411E-029
          18          10   2.5504059747782846E-031
          18          11  -2.0086765285260850E-029
          18          12  -4.3583360729344655E-031
          18          13  -4.4206597910037416E-030
          18          14   9.4893921595738249E-031
          18          15   9.3589562766655130E-016
          18          16   1.0164826603871917E-029
          18          17   9.3589562766655366E-016
          18          18   2.3249113771464840E-030
          18          19   7.7747699763235871E-030
          18          20   9.3589562766654558E-016
          19           1   1.4559526217469345E-015
          19           2   1.3446130755746313E-015
          19           3  -8.2577374926375166E-015
          19           4  -7.0626384865506593E-015
          19           5   1.5626828896426526E-015
          19           6   2.4313404958800003E-029
          19           7   1.0832556289860382E-029
          19           8  -1.3908899142206220E-029
          19           9   9.1427206367828081E-029
          19          10  -5.2493735842494809E-031
          19          11  -6.8525134525557895E-029
          19          12  -2.8681376206413784E-030
          19          13  -1.6137319446568824E-029
          19          14   5.3711729401848964E-030
          19          15   3.2021921448761150E-015
          19          16   3.5714318481205290E-029
          19          17   3.2021921448761225E-015
          19          18   7.7747699763235871E-030
          19          19   2.7981997426526030E-029
          19          20   3.2021921448760965E-015
          20           1  0.27227775215407202     
          20           2  0.23383448480622646     
          20           3 -0.96899261878307996     
          20           4 -0.83860183163893653     
          20           5  0.18564629417361392     
          20           6   2.8920150577312030E-015
          20           7   1.3865718758137597E-015
          20           8  -1.6628926993366476E-015
          20           9   1.0676270950030486E-014
          20          10   5.2309018489339499E-017
          20          11  -8.1353887301586960E-015
          20          12  -2.2700333502982977E-016
          20          13  -1.8290332580387639E-015
          20          14   4.6232405755419183E-016
          20          15  0.37939377675018970     
          20          16   4.1547983160493947E-015
          20          17  0.37939377675019065     
          20          18   9.3589562766654558E-016
          20          19   3.2021921448760965E-015
          20          20  0.37939377675018743     
