           1           1   2.6270151194373357     
           1           2  -1.3365436798723522     
           1           3 -0.65884484089269080     
           1           4  -7.1494835679969198     
           1           5  -1.0528430909020368     
           1           6   3.2666268347091965     
           1           7  -6.2284892759986201E-014
           1           8  -1.8672107351362207E-013
           1           9  -1.3807971140723185E-013
           1          10   5.1901950003054382E-014
           1          11  -7.5662792317702817E-015
           1          12   5.1217145149793066E-014
           1          13  -3.3380591797422128E-014
           1          14   2.3144298969735375E-014
           1          15  -6.7231847999018950E-014
           1          16  -1.9796860372875316E-013
           1          17   2.9444835319147171E-014
           1          18  -2.9459142113924286E-014
           1          19   3.9158738043646305E-014
           1          20  -9.7308311865185566E-015
           1          21  -2.0572541070467699E-015
           1          22   3.4559337922580777     
           1          23  -1.7383119860933457E-014
           1          24   3.4559337922580609     
           1          25   1.6553933149446787E-014
           1          26  -1.1604449785631984E-014
           1          27   3.4559337922582163     
           1          28  0.33594467893189661     
           1          29   2.1319019445842027E-014
           1          30  0.33594467893182167     
           1          31   3.8105336230320817E-014
           1          32  -5.4171942826663617E-015
           1          33  0.33594467893182023     
           1          34 -0.50511522973592726     
           1          35  -2.1099935500336126E-014
           1          36 -0.50511522973585776     
           1          37  -4.0338979205557609E-014
           1          38  -3.6683905934042909E-015
           1          39 -0.50511522973586676     
           1          40 -0.76892302198531348     
           1          41  -2.9930886444176827E-015
           1          42 -0.76892302198532358     
           1          43   1.0190358595430694E-014
           1          44   9.2312752207261398E-015
           1          45 -0.76892302198532447     
           1          46   1.2037345225148856E-013
           1          47   2.6115399087360191E-015
           1          48   5.6239908081638786E-014
           1          49  -4.2193373347287973E-014
           1          50   2.4870352683147579E-014
           1          51  -5.5500934541805269E-015
           1          52   1.6185090283039518E-014
           1          53   5.4960837217502439E-014
           1          54  -1.1434925793319930E-014
           1          55   3.8274056611581449E-014
           2           1  -1.3365436798723522     
           2           2   3.9676131869867008     
           2           3   2.3345127217970734     
           2           4   7.0304811910663165     
           2           5   1.1693835826351582     
           2           6  -1.9444070894366936     
           2           7   5.4918596548858187E-014
           2           8   7.5100290654064987E-013
           2           9   4.6813316747803468E-013
           2          10   2.4633035820889359E-014
           2          11  -3.8264936132444955E-013
           2          12  -8.5791832999508935E-014
           2          13   2.6696871529996547E-013
           2          14   3.8430146430662711E-013
           2          15   8.3455776678707835E-014
           2          16   4.9901718294933939E-013
           2          17   4.3044887066301087E-013
           2          18   8.7235290011602886E-014
           2          19  -8.9780362626455998E-014
           2          20  -6.4283440889429643E-014
           2          21  -2.9494326639502058E-015
           2          22  -4.8598459190272916     
           2          23  -3.1357847173714878E-014
           2          24  -4.8598459190271210     
           2          25   5.7099092976381514E-014
           2          26  -7.0232532299687696E-014
           2          27  -4.8598459190272614     
           2          28 -0.35794011733370246     
           2          29  -6.2768639916668813E-015
           2          30 -0.35794011733374964     
           2          31  -7.1205803005176062E-014
           2          32   2.6511035859741511E-014
           2          33 -0.35794011733373599     
           2          34  0.21628979214849509     
           2          35   1.5039447095770819E-014
           2          36  0.21628979214851446     
           2          37   6.0745013453112176E-014
           2          38  -2.3604534926654479E-015
           2          39  0.21628979214852928     
           2          40  0.45459428399862739     
           2          41  -1.7581822599654294E-015
           2          42  0.45459428399861201     
           2          43  -1.6107950375663203E-014
           2          44  -1.1223688733862905E-014
           2          45  0.45459428399860946     
           2          46  -3.6309168551766306E-013
           2          47  -1.7665738453657326E-013
           2          48  -1.4893688120949838E-013
           2          49  -3.5447464881798219E-013
           2          50  -3.9052983246868146E-014
           2          51  -1.8140458235823782E-015
           2          52  -3.3757347206410193E-014
           2          53  -1.5563556273260685E-013
           2          54  -1.6583760194759731E-013
           2          55  -7.6704198428550573E-014
           3           1 -0.65884484089269080     
           3           2   2.3345127217970734     
           3           3   1.9823325338554389     
           3           4  -4.1705089113975262     
           3           5 -0.36494422942158200     
           3           6   3.8587036772757006     
           3           7  -8.9293651430452443E-013
           3           8   1.0316443584446807E-012
           3           9   5.2282879132864314E-013
           3          10   5.2113621114253358E-013
           3          11  -1.5226934466115956E-012
           3          12   2.7743968082054524E-014
           3          13   1.0481164893971508E-012
           3          14   1.4142387595708286E-012
           3          15   2.9025831100165148E-013
           3          16   8.4629186638121785E-013
           3          17   1.6114856291131178E-012
           3          18   2.7644925332730167E-013
           3          19  -1.0778532597262308E-013
           3          20  -2.5020550057550402E-013
           3          21  -3.5481341668855663E-014
           3          22  0.12724478599842293     
           3          23  -1.1127689395261518E-013
           3          24  0.12724478599895317     
           3          25   1.9513357147304201E-013
           3          26  -3.4292396044826824E-013
           3          27  0.12724478599930578     
           3          28  0.14086487378243884     
           3          29   6.7360543845169657E-014
           3          30  0.14086487378207432     
           3          31  -8.5833528663495529E-014
           3          32   1.3542566124145180E-013
           3          33  0.14086487378197934     
           3          34 -0.73060998033166658     
           3          35  -3.5040797798918336E-014
           3          36 -0.73060998033136948     
           3          37   5.1829572430120489E-014
           3          38  -8.2171223604640306E-014
           3          39 -0.73060998033134317     
           3          40 -0.91397304593099549     
           3          41   8.7779702357248907E-015
           3          42 -0.91397304593108741     
           3          43  -1.4712887545381362E-014
           3          44   1.8235021733594610E-014
           3          45 -0.91397304593107509     
           3          46  -8.0393276297211401E-013
           3          47  -5.9078862288483128E-013
           3          48  -3.4440482621850544E-013
           3          49  -1.3910117199311272E-012
           3          50  -1.1179380808442891E-013
           3          51  -3.7116950086868369E-015
           3          52  -1.1020587247375499E-013
           3          53  -3.4509926932913729E-013
           3          54  -5.9880598121699058E-013
           3          55  -2.4409282590428374E-013
           4           1  -7.1494835679969198     
           4           2   7.0304811910663165     
           4           3  -4.1705089113975262     
           4           4   130.20244791627761     
           4           5   17.055162966821548     
           4           6  -74.007523072085391     
           4           7   7.9290292794959122E-013
           4           8  -1.0876713950967732E-013
           4           9   1.3384451898377437E-012
           4          10  -2.0980790207747490E-012
           4          11   3.5469195002871727E-012
           4          12  -1.0097839057292504E-012
           4          13  -9.5472435020830601E-013
           4          14  -4.4694203738142446E-012
           4          15   1.3524678264192139E-012
           4          16   2.2056178382001191E-012
           4          17  -5.0781266205126885E-012
           4          18   1.3302968910042581E-012
           4          19  -6.6946521777254801E-013
           4          20   8.5218088299639811E-013
           4          21  -1.6810507002004350E-013
           4          22  -51.259990372877198     
           4          23   1.0934450016337458E-012
           4          24  -51.259990372878306     
           4          25  -1.4719086084449094E-012
           4          26   1.5014182240128737E-012
           4          27  -51.259990372883124     
           4          28  -5.6295915735761284     
           4          29  -9.2112658209909159E-013
           4          30  -5.6295915735738111     
           4          31   1.2176045882677016E-013
           4          32  -3.2743383654806208E-013
           4          33  -5.6295915735731157     
           4          34   12.463457337233418     
           4          35   5.8981051487591766E-013
           4          36   12.463457337231091     
           4          37   1.4559074601527189E-013
           4          38   2.1776644686566232E-013
           4          39   12.463457337231384     
           4          40   17.468521204855463     
           4          41  -1.1807266774027111E-013
           4          42   17.468521204856174     
           4          43  -2.2492258157230998E-014
           4          44  -1.4108979498045369E-013
           4          45   17.468521204855858     
           4          46  -7.7606434094557501E-013
           4          47   1.5230533733920477E-012
           4          48  -4.3020494563022440E-013
           4          49   4.7777306947892578E-012
           4          50  -5.5529974127815413E-013
           4          51   4.0613377497866577E-014
           4          52  -5.1537104029705070E-013
           4          53  -4.8017837986196029E-013
           4          54   1.7484261014866465E-012
           4          55  -1.1982904956016355E-012
           5           1  -1.0528430909020368     
           5           2   1.1693835826351582     
           5           3 -0.36494422942158200     
           5           4   17.055162966821548     
           5           5   2.2561170923288478     
           5           6  -9.5388321731984949     
           5           7  -5.4805386444419461E-013
           5           8   7.1623140391531531E-013
           5           9  -5.4610335510120959E-014
           5          10   6.6340522183656252E-013
           5          11  -2.0238307443301809E-012
           5          12  -9.0056269231904842E-015
           5          13   1.1793614729020472E-012
           5          14   2.4281260737936050E-012
           5          15   2.9197142467623152E-013
           5          16   1.3355030389950030E-012
           5          17   2.5683110641195100E-012
           5          18   2.5078652236802372E-013
           5          19  -2.3479287567046992E-013
           5          20  -3.7617650840092649E-013
           5          21  -3.1417927650073774E-014
           5          22  -6.8244335428573777     
           5          23  -3.8793516661274145E-013
           5          24  -6.8244335428567098     
           5          25   6.5895419205502699E-013
           5          26  -6.4854897308745292E-013
           5          27  -6.8244335428556520     
           5          28 -0.74251816902333689     
           5          29   1.4784536345348193E-013
           5          30 -0.74251816902344803     
           5          31  -4.1599428152728885E-013
           5          32   3.8396311913929172E-013
           5          33 -0.74251816902420753     
           5          34   1.5978117245645966     
           5          35  -1.1062933514184919E-013
           5          36   1.5978117245645858     
           5          37   3.2262752329197649E-013
           5          38  -2.7085589902378756E-013
           5          39   1.5978117245652199     
           5          40   2.2510903214550861     
           5          41   3.2400036885495558E-014
           5          42   2.2510903214551030     
           5          43  -7.9842662960139146E-014
           5          44   5.6812675468770247E-014
           5          45   2.2510903214549125     
           5          46  -1.0780600496321526E-012
           5          47  -1.0433859219376515E-012
           5          48  -4.9167587552274354E-013
           5          49  -2.1557479381212914E-012
           5          50  -1.0709604135505111E-013
           5          51   5.1989558496373397E-015
           5          52  -1.0158451482585802E-013
           5          53  -4.9842923860588403E-013
           5          54  -1.0137625579931450E-012
           5          55  -2.3294901088803649E-013
           6           1   3.2666268347091965     
           6           2  -1.9444070894366936     
           6           3   3.8587036772757006     
           6           4  -74.007523072085391     
           6           5  -9.5388321731984949     
           6           6   43.284920106202534     
           6           7  -3.5501796789854935E-012
           6           8   3.5604581079339130E-012
           6           9  -1.6333709761106692E-012
           6          10   5.6327195858858920E-012
           6          11  -1.3306257457392192E-011
           6          12   1.2787763894753667E-012
           6          13   6.4483586761226410E-012
           6          14   1.5906396370631095E-011
           6          15  -1.6345967762067338E-013
           6          16   3.4808542880449372E-012
           6          17   1.7275678700871784E-011
           6          18  -3.5000232042778062E-013
           6          19  -2.8422910045397330E-013
           6          20  -2.6572012513592152E-012
           6          21   4.6645234534222356E-014
           6          22   28.000049980558437     
           6          23  -2.9037651338549578E-012
           6          24   28.000049980562636     
           6          25   4.4495598692337233E-012
           6          26  -4.4817766075401123E-012
           6          27   28.000049980572470     
           6          28   3.1654221596542906     
           6          29   1.6769760116640234E-012
           6          30   3.1654221596511363     
           6          31  -1.9028987321666843E-012
           6          32   2.0050728628965767E-012
           6          33   3.1654221596471728     
           6          34  -7.3560582327508941     
           6          35  -1.1380552620461228E-012
           6          36  -7.3560582327482615     
           6          37   1.2056287901857909E-012
           6          38  -1.3936122130508322E-012
           6          39  -7.3560582327459336     
           6          40  -10.219657067504402     
           6          41   2.7158598257645132E-013
           6          42  -10.219657067505150     
           6          43  -3.1414049117990722E-013
           6          44   3.9740323754768249E-013
           6          45  -10.219657067505590     
           6          46  -3.9765396503452911E-012
           6          47  -6.3894674692063773E-012
           6          48  -1.7208745586081725E-012
           6          49  -1.5087955858232134E-011
           6          50   1.3310847813009723E-013
           6          51  -2.4729803493561904E-014
           6          52   1.1277872145236263E-013
           6          53  -1.6942212221707028E-012
           6          54  -6.5178075697973788E-012
           6          55   2.7922752149465373E-013
           7           1  -6.2284892759986201E-014
           7           2   5.4918596548858187E-014
           7           3  -8.9293651430452443E-013
           7           4   7.9290292794959122E-013
           7           5  -5.4805386444419461E-013
           7           6  -3.5501796789854935E-012
           7           7   2.4784601319893111     
           7           8   5.9071576303900742E-004
           7           9  -1.1569022176070400E-003
           7          10  -1.4350359634044665     
           7          11  -3.2737440939637178E-003
           7          12   6.4115468711255794E-003
           7          13  0.90397021986098769     
           7          14   8.4096208248117255E-003
           7          15  -1.6470034474322257E-002
           7          16   1.1629512576516756     
           7          17   8.3810815413519826E-003
           7          18  -1.6414140993048512E-002
           7          19 -0.18103058625604732     
           7          20  -1.2458784814088108E-003
           7          21   2.4400222038952362E-003
           7          22  -8.6047106844575286E-014
           7          23   3.0872433011949492E-013
           7          24   4.8883123476135631E-013
           7          25  -1.5534714133825280E-013
           7          26  -2.2408809138034738E-014
           7          27   9.9209638184662291E-013
           7          28   4.5693738977644383E-013
           7          29  -1.9926481998484137E-013
           7          30   1.0675194947399650E-013
           7          31  -7.1677103952483432E-014
           7          32  -2.9179058608898244E-014
           7          33  -1.0690839821095776E-013
           7          34   5.7274858858434276E-013
           7          35   1.7301547947719566E-013
           7          36   8.8276418132148090E-013
           7          37   1.3058236871710350E-013
           7          38   4.4942032570140178E-014
           7          39   9.8320191839796860E-013
           7          40   8.6729892467185894E-013
           7          41  -5.6510303308725000E-014
           7          42   8.3522646658566067E-013
           7          43  -6.7337750481792451E-014
           7          44  -5.7088892594216643E-014
           7          45   8.1040415566963005E-013
           7          46 -0.95772388775791906     
           7          47  -3.2846610294454716E-003
           7          48 -0.42830714334041892     
           7          49  -7.3447253447873869E-003
           7          50   6.4329274193804858E-003
           7          51   6.7288433185453986E-014
           7          52   6.4329274194169913E-003
           7          53 -0.42830714334044040     
           7          54  -3.2846610293981661E-003
           7          55   1.4384463003993493E-002
           8           1  -1.8672107351362207E-013
           8           2   7.5100290654064987E-013
           8           3   1.0316443584446807E-012
           8           4  -1.0876713950967732E-013
           8           5   7.1623140391531531E-013
           8           6   3.5604581079339130E-012
           8           7   5.9071576303900742E-004
           8           8   2.4758631419728907     
           8           9   5.3369260672791749E-003
           8          10  -3.2737440939409656E-003
           8          11  -1.4206434564486790     
           8          12  -2.9577220189616418E-002
           8          13   8.4096208249404593E-003
           8          14  0.86699862930761462     
           8          15   7.5978207126496944E-002
           8          16   8.3810815413740414E-003
           8          17   1.1261051356217282     
           8          18   7.5720363920052339E-002
           8          19  -1.2458784813704114E-003
           8          20 -0.17555327520347697     
           8          21  -1.1256109553859086E-002
           8          22  -4.8061411032523792E-013
           8          23  -1.9938663760061079E-013
           8          24  -1.3602166260019408E-012
           8          25   3.7279953684455425E-014
           8          26  -3.2305733554049403E-014
           8          27  -8.0107261492609310E-013
           8          28  -4.2111799094400266E-013
           8          29   1.4987365443622070E-013
           8          30  -2.4184183767885001E-014
           8          31  -2.1122723511877498E-014
           8          32   8.5324844800371138E-014
           8          33  -2.9304513245258103E-013
           8          34  -6.5063425111342858E-013
           8          35  -1.2846970906491116E-013
           8          36  -9.7939725980801873E-013
           8          37  -3.4271213049754724E-014
           8          38  -5.5170292723256952E-014
           8          39  -7.5978742788569536E-013
           8          40  -8.7663120515706455E-013
           8          41   4.4320026368742544E-014
           8          42  -8.1428435050726924E-013
           8          43   2.1063519311255964E-014
           8          44   3.1195442168135323E-014
           8          45  -8.7241437961525243E-013
           8          46  -7.3447253448997883E-003
           8          47 -0.41386664177506027     
           8          48  -3.2846610294594487E-003
           8          49 -0.92543394462862039     
           8          50  -2.9675851174493745E-002
           8          51  -3.5084588959226469E-014
           8          52  -2.9675851174503318E-002
           8          53  -3.2846610294426058E-003
           8          54 -0.41386664177508070     
           8          55  -6.6357220516294599E-002
           9           1  -1.3807971140723185E-013
           9           2   4.6813316747803468E-013
           9           3   5.2282879132864314E-013
           9           4   1.3384451898377437E-012
           9           5  -5.4610335510120959E-014
           9           6  -1.6333709761106692E-012
           9           7  -1.1569022176070400E-003
           9           8   5.3369260672791749E-003
           9           9   2.4681359455417908     
           9          10   6.4115468711672553E-003
           9          11  -2.9577220189606672E-002
           9          12  -1.3778193686856053     
           9          13  -1.6470034474410027E-002
           9          14   7.5978207126498276E-002
           9          15  0.75699175952064146     
           9          16  -1.6414140992895829E-002
           9          17   7.5720363919661970E-002
           9          18   1.0164715903066406     
           9          19   2.4400222038422374E-003
           9          20  -1.1256109553736330E-002
           9          21 -0.15925584696942266     
           9          22  -1.2615712297847527E-012
           9          23   8.5177264522315001E-014
           9          24  -4.6792491384384669E-013
           9          25  -6.1413671681913495E-014
           9          26  -7.5618021921111104E-015
           9          27  -4.2028920929601129E-013
           9          28   5.2059556304716855E-013
           9          29  -1.3694893067046550E-014
           9          30  -1.3455697065062661E-013
           9          31  -1.0249873184690239E-013
           9          32  -5.3111174041305398E-014
           9          33  -8.7652637445432023E-014
           9          34   1.4815296023274844E-014
           9          35  -2.4982732702438408E-014
           9          36   4.5432340474332618E-013
           9          37   7.6918989151169555E-014
           9          38   7.1622173131755279E-014
           9          39   3.3194169339859775E-013
           9          40   4.8272358863690648E-013
           9          41   1.1965456509607486E-014
           9          42   3.5632591480025683E-013
           9          43  -1.4964898592042011E-014
           9          44  -5.5828102740725027E-015
           9          45   4.0618241274745632E-013
           9          46   1.4384463003909968E-002
           9          47  -2.9675851174403130E-002
           9          48   6.4329274193889886E-003
           9          49  -6.6357220516127621E-002
           9          50 -0.37089974877465892     
           9          51  -1.3522019380625950E-014
           9          52 -0.37089974877470144     
           9          53   6.4329274193822891E-003
           9          54  -2.9675851174371669E-002
           9          55 -0.82935705109778934     
          10           1   5.1901950003054382E-014
          10           2   2.4633035820889359E-014
          10           3   5.2113621114253358E-013
          10           4  -2.0980790207747490E-012
          10           5   6.6340522183656252E-013
          10           6   5.6327195858858920E-012
          10           7  -1.4350359634044665     
          10           8  -3.2737440939409656E-003
          10           9   6.4115468711672553E-003
          10          10   4.4162315291161658     
          10          11   1.8143075000459207E-002
          10          12  -3.5532763837056384E-002
          10          13  -3.4433212769393311     
          10          14  -4.6606080674827903E-002
          10          15   9.1276856759242506E-002
          10          16  -3.9659962165772944     
          10          17  -4.6447916093518497E-002
          10          18   9.0967095337968415E-002
          10          19  0.60566294846134849     
          10          20   6.9046529233107506E-003
          10          21  -1.3522592046860561E-002
          10          22   2.2552072990836322E-012
          10          23  -1.0639930419213990E-012
          10          24  -2.1725938934570054E-013
          10          25   6.4871159416323233E-013
          10          26   4.9700639813543704E-014
          10          27  -1.5945272390736888E-012
          10          28  -1.5531693233459118E-012
          10          29   6.5921741647940862E-013
          10          30   5.9885087592068488E-014
          10          31   2.0317987650268620E-013
          10          32   3.9485410588909795E-013
          10          33   7.2230206158348756E-013
          10          34  -2.8647534979483043E-013
          10          35  -4.4151812722697286E-013
          10          36  -1.5668527415115969E-012
          10          37  -3.8796073529740616E-013
          10          38  -3.5924607354611059E-013
          10          39  -1.7360399741695377E-012
          10          40  -1.5508263585827566E-012
          10          41   1.3682623507431616E-013
          10          42  -1.2664358484744609E-012
          10          43   1.6563008658929371E-013
          10          44   1.4373865792785240E-013
          10          45  -1.2833053243109846E-012
          10          46   3.3527691929356669     
          10          47   1.8203576607552896E-002
          10          48   1.4994039656540827     
          10          49   4.0704434727794642E-002
          10          50  -3.5651254738816043E-002
          10          51  -1.0262282802519029E-013
          10          52  -3.5651254738735781E-002
          10          53   1.4994039656541660     
          10          54   1.8203576607364248E-002
          10          55  -7.9718629078887771E-002
          11           1  -7.5662792317702817E-015
          11           2  -3.8264936132444955E-013
          11           3  -1.5226934466115956E-012
          11           4   3.5469195002871727E-012
          11           5  -2.0238307443301809E-012
          11           6  -1.3306257457392192E-011
          11           7  -3.2737440939637178E-003
          11           8  -1.4206434564486790     
          11           9  -2.9577220189606672E-002
          11          10   1.8143075000459207E-002
          11          11   4.3364683204928269     
          11          12  0.16391682086575213     
          11          13  -4.6606080675270882E-002
          11          14  -3.2384248888741105     
          11          15 -0.42107088115121449     
          11          16  -4.6447916094264900E-002
          11          17  -3.7617951745028972     
          11          18 -0.41964191526409650     
          11          19   6.9046529234335951E-003
          11          20  0.57530771531664782     
          11          21   6.2381308370209436E-002
          11          22  -8.8088254474741365E-013
          11          23   6.8564752097105688E-013
          11          24   2.4322927267962080E-012
          11          25  -2.0179376887160913E-013
          11          26   1.4219401890644606E-013
          11          27   2.8697095800391500E-013
          11          28   1.5781305133478011E-012
          11          29  -5.3138570659747853E-013
          11          30   8.8479831012398020E-014
          11          31   1.9086488790713528E-013
          11          32  -5.6715283605420126E-013
          11          33   1.0050347276602497E-012
          11          34   2.1847789513172489E-012
          11          35   3.6912369716989540E-013
          11          36   3.4104592254964719E-012
          11          37   7.0381111136872524E-014
          11          38   3.8437405060012072E-013
          11          39   2.5965210289570480E-012
          11          40   3.3709734362539462E-012
          11          41  -1.1371037422479463E-013
          11          42   3.0611622681859999E-012
          11          43  -4.7099349670143814E-014
          11          44  -1.0706335874786189E-013
          11          45   3.3237662652307764E-012
          11          46   4.0704434728396084E-002
          11          47   1.4193747711210409     
          11          48   1.8203576607790168E-002
          11          49   3.1738184737749924     
          11          50  0.16446343333886462     
          11          51   4.1413322366376671E-014
          11          52  0.16446343333877705     
          11          53   1.8203576607727270E-002
          11          54   1.4193747711211242     
          11          55  0.36775141675852774     
          12           1   5.1217145149793066E-014
          12           2  -8.5791832999508935E-014
          12           3   2.7743968082054524E-014
          12           4  -1.0097839057292504E-012
          12           5  -9.0056269231904842E-015
          12           6   1.2787763894753667E-012
          12           7   6.4115468711255794E-003
          12           8  -2.9577220189616418E-002
          12           9  -1.3778193686856053     
          12          10  -3.5532763837056384E-002
          12          11  0.16391682086575213     
          12          12   4.0991374192930419     
          12          13   9.1276856759436503E-002
          12          14 -0.42107088115122682     
          12          15  -2.6287673127648645     
          12          16   9.0967095337880610E-002
          12          17 -0.41964191526330319     
          12          18  -3.1542065609324244     
          12          19  -1.3522592046692473E-002
          12          20   6.2381308369967060E-002
          12          21  0.48498744156252793     
          12          22   2.1000768615262613E-012
          12          23  -3.1681166794433193E-013
          12          24  -3.5203590446515542E-013
          12          25   1.5412079754246938E-013
          12          26   2.2899125191645214E-014
          12          27  -6.7975926596883128E-013
          12          28  -1.3080505227661244E-012
          12          29   4.2665008352480369E-015
          12          30   8.3690094854472671E-013
          12          31   5.9803713257376828E-013
          12          32  -1.7993094774878713E-013
          12          33   6.0223421636893906E-013
          12          34   5.2609065766167541E-013
          12          35   2.2808795542132157E-014
          12          36  -8.9089417988445683E-013
          12          37  -4.1289826990730989E-013
          12          38  -1.2636955172346780E-014
          12          39  -5.3059937463891277E-013
          12          40  -4.5805691055651088E-013
          12          41   1.9083425775057860E-015
          12          42  -1.6561011952380523E-013
          12          43   1.3204416137783500E-013
          12          44   4.6720315332786364E-014
          12          45  -2.6625673284978614E-013
          12          46  -7.9718629078985373E-002
          12          47  0.16446343333867600     
          12          48  -3.5651254738863505E-002
          12          49  0.36775141675824236     
          12          50   1.1812524439400085     
          12          51  -7.6721778060140201E-014
          12          52   1.1812524439399748     
          12          53  -3.5651254738830226E-002
          12          54  0.16446343333857144     
          12          55   2.6413607632378051     
          13           1  -3.3380591797422128E-014
          13           2   2.6696871529996547E-013
          13           3   1.0481164893971508E-012
          13           4  -9.5472435020830601E-013
          13           5   1.1793614729020472E-012
          13           6   6.4483586761226410E-012
          13           7  0.90397021986098769     
          13           8   8.4096208249404593E-003
          13           9  -1.6470034474410027E-002
          13          10  -3.4433212769393311     
          13          11  -4.6606080675270882E-002
          13          12   9.1276856759436503E-002
          13          13   5.8770097486455111     
          13          14  0.11972208436712130     
          13          15 -0.23447274234182450     
          13          16   6.0593980131604157     
          13          17  0.11931578988752473     
          13          18 -0.23367702464847326     
          13          19 -0.90685458717127587     
          13          20  -1.7736729367730287E-002
          13          21   3.4736945961315852E-002
          13          22  -1.5630530625560682E-012
          13          23   3.9511282303082994E-013
          13          24  -6.9451025440395439E-013
          13          25  -2.3396578458635419E-013
          13          26  -1.4098655580092141E-014
          13          27  -3.0698255424057087E-013
          13          28  -1.9638049658087085E-013
          13          29  -3.1080620850453316E-013
          13          30  -6.5244738894016589E-013
          13          31  -3.3133188273337050E-013
          13          32  -1.0788992396168078E-013
          13          33  -8.6113405283226006E-013
          13          34  -1.5334437807078230E-012
          13          35   2.0861329785924195E-013
          13          36  -1.2042043059286609E-012
          13          37   3.3949397853985261E-013
          13          38   9.9821274958038079E-014
          13          39  -1.1390305424085283E-012
          13          40  -1.5380482584874354E-012
          13          41  -6.0667702368369422E-014
          13          42  -1.5925414245250453E-012
          13          43  -1.2119006645107532E-013
          13          44  -4.7563903518540449E-014
          13          45  -1.6026132079447739E-012
          13          46  -5.2635989032139712     
          13          47  -4.6761497702429648E-002
          13          48  -2.3539529907759031     
          13          49 -0.10456188759216317     
          13          50   9.1581237164815282E-002
          13          51   3.6801241691744298E-014
          13          52   9.1581237164793064E-002
          13          53  -2.3539529907759360     
          13          54  -4.6761497702348089E-002
          13          55  0.20478187176396587     
          14           1   2.3144298969735375E-014
          14           2   3.8430146430662711E-013
          14           3   1.4142387595708286E-012
          14           4  -4.4694203738142446E-012
          14           5   2.4281260737936050E-012
          14           6   1.5906396370631095E-011
          14           7   8.4096208248117255E-003
          14           8  0.86699862930761462     
          14           9   7.5978207126498276E-002
          14          10  -4.6606080674827903E-002
          14          11  -3.2384248888741105     
          14          12 -0.42107088115122682     
          14          13  0.11972208436712130     
          14          14   5.3506702173406495     
          14          15   1.0816503517882052     
          14          16  0.11931578988747681     
          14          17   5.5348446923708208     
          14          18   1.0779796124333909     
          14          19  -1.7736729367704273E-002
          14          20 -0.82887781394993265     
          14          21 -0.16024561935756540     
          14          22  -5.0592658071079072E-014
          14          23  -3.4391090662973953E-013
          14          24  -1.1455395273494974E-012
          14          25   1.9755124732601244E-013
          14          26  -1.4249220275518109E-013
          14          27  -2.8517671475361402E-013
          14          28  -8.7324490306131005E-013
          14          29   5.2202331548234308E-013
          14          30  -1.2912093388020079E-012
          14          31  -7.8313153605873956E-013
          14          32   7.6611535865316376E-013
          14          33  -1.1675352915141732E-012
          14          34  -3.2032848653432460E-012
          14          35  -3.8380964118809487E-013
          14          36  -3.1930433930698104E-012
          14          37   3.1117962378402014E-013
          14          38  -4.0864067609955492E-013
          14          39  -3.2577113984699104E-012
          14          40  -3.9198276621652258E-012
          14          41   1.0844684225132609E-013
          14          42  -3.8637474453445872E-012
          14          43  -7.1715133471471399E-014
          14          44   7.1532865141944420E-014
          14          45  -3.8979884754811125E-012
          14          46 -0.10456188759219523     
          14          47  -2.1483733359121508     
          14          48  -4.6761497702408110E-002
          14          49  -4.8039088201476243     
          14          50 -0.42247502377951890     
          14          51   2.3637887331637622E-014
          14          52 -0.42247502377937790     
          14          53  -4.6761497702356290E-002
          14          54  -2.1483733359121553     
          14          55 -0.94468287196678191     
          15           1  -6.7231847999018950E-014
          15           2   8.3455776678707835E-014
          15           3   2.9025831100165148E-013
          15           4   1.3524678264192139E-012
          15           5   2.9197142467623152E-013
          15           6  -1.6345967762067338E-013
          15           7  -1.6470034474322257E-002
          15           8   7.5978207126496944E-002
          15           9  0.75699175952064146     
          15          10   9.1276856759242506E-002
          15          11 -0.42107088115121449     
          15          12  -2.6287673127648645     
          15          13 -0.23447274234182450     
          15          14   1.0816503517882052     
