           1           1   2.2386007894103845     
           1           2 -0.80497794687793411     
           1           3  0.14366236469125032     
           1           4  0.19080252096476219     
           1           5   9.8719882999887560E-003
           1           6 -0.17204512899399360     
           1           7  -1.6930062185150147E-010
           1           8   4.1039084809643844E-010
           1           9   1.5328023323350710E-010
           1          10   1.0758261374611508E-010
           1          11  -5.5080125206977142E-010
           1          12  -1.5787143665614791E-010
           1          13  -1.0943105973668294E-011
           1          14   4.5221556032709022E-011
           1          15   5.6930877427426220E-011
           1          16   9.6188494319485499E-011
           1          17   4.9273424899938456E-010
           1          18   4.5965697773965578E-011
           1          19  -1.7029560439126932E-011
           1          20  -5.2695134973167617E-011
           1          21  -1.7095454268973454E-011
           1          22  -4.3986153371140743E-003
           1          23   4.8213079905193323E-005
           1          24  -4.2804508320303039E-003
           1          25  -3.0324545294410773E-004
           1          26   9.6338175466281260E-005
           1          27  -4.7919420788242670E-003
           1          28  -5.5175351447244586E-003
           1          29  -3.8421274691057122E-005
           1          30  -5.6117033719270022E-003
           1          31   2.4166231332357999E-004
           1          32  -7.6772223362558500E-005
           1          33  -5.2040861245644839E-003
           1          34   1.1084031739671030E-002
           1          35   4.9818651582054618E-005
           1          36   1.1206128439942903E-002
           1          37  -3.1333827631943232E-004
           1          38   9.9546302522480996E-005
           1          39   1.0677612692470808E-002
           1          40   2.9980312014821944E-002
           1          41  -6.8712583514118537E-005
           1          42   2.9811915979295216E-002
           1          43   4.3216143708749909E-004
           1          44  -1.3730019949745204E-004
           1          45   3.0540855285749766E-002
           1          46  -1.5776744317437422E-010
           1          47  -1.7163508173857593E-010
           1          48  -8.4033344493397530E-011
           1          49  -4.1795492237280169E-010
           1          50  -2.3757747435982863E-011
           1          51   1.3770887155686606E-011
           1          52  -8.4421661569167586E-012
           1          53  -7.8146609032893209E-011
           1          54  -1.7749881493735831E-010
           1          55  -2.6307004099500806E-011
           2           1 -0.80497794687793411     
           2           2   2.7075935871198746     
           2           3 -0.58712134520975046     
           2           4 -0.62562519480696133     
           2           5  -5.6666449980285929E-002
           2           6  0.46910687536286433     
           2           7   6.6925702090518766E-010
           2           8  -1.2986267382760539E-009
           2           9  -6.0411564809023946E-010
           2          10  -5.6746439157017320E-010
           2          11   2.0458018930637918E-009
           2          12   7.4675106329951355E-010
           2          13   4.5375737910431395E-011
           2          14  -1.7542831111975910E-010
           2          15  -2.6357920762062751E-010
           2          16  -2.7033285877425508E-010
           2          17  -1.7056550136830529E-009
           2          18  -2.7099306903515920E-010
           2          19   1.3132710310630500E-010
           2          20   2.4895839302275991E-010
           2          21   1.7610466412082856E-011
           2          22  -4.6311545297474613E-003
           2          23  -9.0299148430383148E-005
           2          24  -4.8524611726399325E-003
           2          25   5.6794308579215496E-004
           2          26  -1.8043384246192555E-004
           2          27  -3.8944967403688980E-003
           2          28   2.1753777485721069E-002
           2          29   1.5939367680706251E-004
           2          30   2.2144443420634950E-002
           2          31  -1.0025582377710866E-003
           2          32   3.1849558059043881E-004
           2          33   2.0453406375288020E-002
           2          34  -1.1504579855644625E-002
           2          35  -1.8460655139149071E-004
           2          36  -1.1957015374298122E-002
           2          37   1.1610926439058586E-003
           2          38  -3.6887610642424108E-004
           2          39  -9.9985699381946111E-003
           2          40  -7.4491595570285021E-002
           2          41   2.3156341595516387E-004
           2          42  -7.3924095774143633E-002
           2          43  -1.4563971509821694E-003
           2          44   4.6270568097387955E-004
           2          45  -7.6380643276838717E-002
           2          46   5.8091234156557455E-010
           2          47   6.1301282740348277E-010
           2          48   3.1132501851119344E-010
           2          49   1.5249014319979226E-009
           2          50   9.4876037446133885E-011
           2          51  -4.9027325373773759E-011
           2          52   4.1029626823409855E-011
           2          53   2.8467198820228339E-010
           2          54   6.3475470254383045E-010
           2          55   1.1152738527316864E-010
           3           1  0.14366236469125032     
           3           2 -0.58712134520975046     
           3           3  0.84750129215556147     
           3           4  0.76998597178791472     
           3           5  -3.2608876306298815E-002
           3           6 -0.74719595713534637     
           3           7  -7.2422968975617730E-010
           3           8  -8.9576336603364449E-010
           3           9   5.7644100245378174E-011
           3          10   1.1868076543576367E-009
           3          11  -1.0901121457790255E-009
           3          12  -6.8637412655627875E-010
           3          13  -4.0096269728780015E-010
           3          14  -8.5381822879503879E-010
           3          15   2.0018672098755168E-010
           3          16   1.3062043367518679E-010
           3          17   1.0779764358584064E-009
           3          18   1.0051521526297903E-011
           3          19   9.6724468408080790E-011
           3          20  -1.3488563427661632E-011
           3          21  -1.7690325829901536E-010
           3          22   1.6242952096938209E-002
           3          23   4.4499206190419928E-004
           3          24   1.7333657408999090E-002
           3          25  -2.7990193610714573E-003
           3          26   8.8916686729962702E-004
           3          27   1.2612501613921048E-002
           3          28  -2.5001435314504571E-002
           3          29  -1.4676989074924920E-004
           3          30  -2.5361109716163014E-002
           3          31   9.2306155476081083E-004
           3          32  -2.9327487556321215E-004
           3          33  -2.3804149287480366E-002
           3          34   1.3292043176291020E-002
           3          35   2.5317713628978018E-004
           3          36   1.3912517756827256E-002
           3          37  -1.5923443522757362E-003
           3          38   5.0589320653025502E-004
           3          39   1.1226664872942098E-002
           3          40  0.10491470601219122     
           3          41  -4.4887209070818067E-004
           3          42  0.10381465080243853     
           3          43   2.8231219697252242E-003
           3          44  -8.9692853410290238E-004
           3          45  0.10857649530009551     
           3          46  -5.2770592163383283E-010
           3          47  -4.4993332968050750E-010
           3          48  -3.0426143200570283E-010
           3          49  -1.1109944451489475E-009
           3          50  -1.0674811378944831E-010
           3          51   7.8079116033315317E-011
           3          52  -2.6298067589336942E-012
           3          53  -2.9101041527663551E-010
           3          54  -4.9606436744350006E-010
           3          55  -6.7520627810416191E-011
           4           1  0.19080252096476219     
           4           2 -0.62562519480696133     
           4           3  0.76998597178791472     
           4           4  0.76183923360270156     
           4           5 -0.13024805123040550     
           4           6  -1.0417196196360079     
           4           7  -3.0110344693843451E-009
           4           8   4.3567022583338016E-009
           4           9   2.3921328691445437E-009
           4          10   3.7079075719202005E-009
           4          11  -1.6123124924224811E-008
           4          12  -4.8566095002525445E-009
           4          13  -2.8291968612038768E-009
           4          14  -2.9521758287620277E-009
           4          15   1.1657211644700553E-009
           4          16  -3.4224272147307439E-009
           4          17  -4.2522696388518859E-010
           4          18   1.7350176347472057E-009
           4          19  -1.4417613382188028E-009
           4          20  -1.1515270420703232E-010
           4          21   7.4747976963528314E-010
           4          22   1.2572070246557470E-002
           4          23   1.2624451110729133E-004
           4          24   1.2881548276377804E-002
           4          25  -7.9416378815920117E-004
           4          26   2.5225179261333195E-004
           4          27   1.1542024038103164E-002
           4          28  -3.1872634148214583E-002
           4          29  -2.2415514973676235E-004
           4          30  -3.2421950395769873E-002
           4          31   1.4097540639099561E-003
           4          32  -4.4790607893031956E-004
           4          33  -3.0044069799135240E-002
           4          34   2.3940798385021084E-002
           4          35   3.3182453369117186E-004
           4          36   2.4754025188673659E-002
           4          37  -2.0870059165609941E-003
           4          38   6.6304422596802446E-004
           4          39   2.1233813412474819E-002
           4          40  0.14095976593550535     
           4          41  -6.2098812121638713E-004
           4          42  0.13943790448674331     
           4          43   3.9056227381641939E-003
           4          44  -1.2408478982635458E-003
           4          45  0.14602563560085624     
           4          46  -4.0944270864710843E-010
           4          47  -2.5528834356495354E-010
           4          48  -2.0562904355001719E-010
           4          49  -5.2156234246118522E-010
           4          50  -2.1809954495121252E-010
           4          51   9.4732114260868090E-011
           4          52   7.2003145466301870E-011
           4          53  -2.8960540134328504E-010
           4          54  -4.0965209768497027E-010
           4          55   1.9350216149035272E-010
           5           1   9.8719882999887560E-003
           5           2  -5.6666449980285929E-002
           5           3  -3.2608876306298815E-002
           5           4 -0.13024805123040550     
           5           5  0.18924691061380461     
           5           6  0.68074962631355396     
           5           7   7.1983831628069821E-010
           5           8  -5.5575367441933662E-009
           5           9  -1.3031750532176260E-009
           5          10  -1.4126167030632920E-009
           5          11   1.1151485914910454E-008
           5          12   2.5315341415124812E-009
           5          13   2.4845065603667894E-009
           5          14   2.6925590499113785E-009
           5          15  -6.8233323416216158E-010
           5          16   2.9546385614836736E-009
           5          17   1.2794641569766602E-009
           5          18  -1.0198540919175409E-009
           5          19   8.8610440722850258E-010
           5          20  -4.8996276844027958E-010
           5          21  -5.5291018032438568E-010
           5          22   1.0435626562897609E-003
           5          23  -2.8648504381192827E-004
           5          24   3.4144394508177009E-004
           5          25   1.8018587413351794E-003
           5          26  -5.7244659715687560E-004
           5          27   3.3806867734707188E-003
           5          28   1.6624355433988068E-002
           5          29   2.0761460726767491E-005
           5          30   1.6675194513358367E-002
           5          31  -1.3050051186383211E-004
           5          32   4.1488590948106191E-005
           5          33   1.6455065119413893E-002
           5          34  -2.1226587101762492E-002
           5          35  -1.4525520770864852E-004
           5          36  -2.1582583109987681E-002
           5          37   9.1359639980788648E-004
           5          38  -2.9024494354381019E-004
           5          39  -2.0041595406207147E-002
           5          40  -8.5011400935133291E-002
           5          41   4.3755456138549521E-004
           5          42  -8.3939082672784410E-002
           5          43  -2.7519399183770121E-003
           5          44   8.7431412509363332E-004
           5          45  -8.8580862705084765E-002
           5          46  -1.5228915806461386E-010
           5          47  -2.6636212477550241E-010
           5          48  -9.6403134998026029E-011
           5          49  -8.6765369315718151E-010
           5          50   8.6426071607311203E-011
           5          51  -5.5071020498168533E-011
           5          52  -1.3284135667161134E-010
           5          53   1.3589594485356606E-011
           5          54  -1.5302606523798639E-010
           5          55  -3.2726167972562347E-010
           6           1 -0.17204512899399360     
           6           2  0.46910687536286433     
           6           3 -0.74719595713534637     
           6           4  -1.0417196196360079     
           6           5  0.68074962631355396     
           6           6   2.9431145508824810     
           6           7   5.5420897672974655E-009
           6           8  -3.0265714884197281E-008
           6           9  -8.0869428492429054E-009
           6          10  -7.0001756112120076E-009
           6          11   6.8625702189784177E-008
           6          12   1.5144236028592926E-008
           6          13   1.0850749606747240E-008
           6          14   1.1125071066423490E-008
           6          15  -3.3884479158237790E-009
           6          16   1.3379311149127813E-008
           6          17   3.9129891329300055E-009
           6          18  -5.2914662726817041E-009
           6          19   4.7449526880971773E-009
           6          20  -1.5069479282289556E-009
           6          21  -2.7095338473969650E-009
           6          22  -7.1354471704504754E-003
           6          23  -1.0029496620314023E-003
           6          24  -9.5935553915642204E-003
           6          25   6.3082278634969315E-003
           6          26  -2.0040595525668801E-003
           6          27   1.0466870488753735E-003
           6          28   7.7544138554898126E-002
           6          29   2.4679360475299836E-004
           6          30   7.8148812371984372E-002
           6          31  -1.5519097242653096E-003
           6          32   4.9315193205313611E-004
           6          33   7.5531123256239396E-002
           6          34  -8.4794785232155501E-002
           6          35  -7.2373037013069054E-004
           6          36  -8.6568510365973517E-002
           6          37   4.5519409033021735E-003
           6          38  -1.4461393754499445E-003
           6          39  -7.8890626714275727E-002
           6          40 -0.37710002083316924     
           6          41   1.8447666289444602E-003
           6          42 -0.37257903639400575     
           6          43  -1.1602410841276400E-002
           6          44   3.6861814384497515E-003
           6          45 -0.39214917213701944     
           6          46  -1.0049736000995221E-010
           6          47  -5.9537215601519656E-010
           6          48  -1.2345650103797413E-010
           6          49  -2.1736896371408364E-009
           6          50   4.9825021007522196E-010
           6          51  -2.5884509618220571E-010
           6          52  -4.5934313475014962E-010
           6          53   3.0811147147158561E-010
           6          54  -1.0903509602189783E-010
           6          55  -1.2077906214594577E-009
           7           1  -1.6930062185150147E-010
           7           2   6.6925702090518766E-010
           7           3  -7.2422968975617730E-010
           7           4  -3.0110344693843451E-009
           7           5   7.1983831628069821E-010
           7           6   5.5420897672974655E-009
           7           7   2.3418755819800059     
           7           8   7.5311497030965732E-004
           7           9  -4.7368112014271385E-003
           7          10 -0.91861355770977582     
           7          11  -2.4698760683705100E-003
           7          12   1.5534480252701722E-002
           7          13   2.5190875929928414E-002
           7          14   2.2491081831394685E-003
           7          15  -1.4146030699461335E-002
           7          16   9.7176980163645066E-002
           7          17   3.5814324712590767E-003
           7          18  -2.2525628184774792E-002
           7          19   6.0319194750446434E-002
           7          20   2.3309850336159553E-003
           7          21  -1.4660351914753560E-002
           7          22   7.0918323713081071E-010
           7          23  -3.4422364542739366E-010
           7          24   7.0102260734133415E-010
           7          25   9.1240089249205381E-011
           7          26   2.9162925405653211E-010
           7          27   1.1074424017218050E-009
           7          28  -3.3045729083804826E-010
           7          29  -2.5616262194057384E-010
           7          30   2.0663577229593388E-010
           7          31   3.8970277507436448E-011
           7          32  -1.5745441625162327E-009
           7          33  -7.8742832950289603E-010
           7          34  -7.0857934118927231E-010
           7          35   9.8885749400469156E-010
           7          36  -4.3862407480897663E-010
           7          37  -5.2691883564329170E-011
           7          38   1.6078590158831114E-009
           7          39  -6.7196787566006082E-010
           7          40  -1.6363982765335932E-009
           7          41   5.7916144808731166E-010
           7          42  -1.5551321284980108E-009
           7          43  -2.1112826904534726E-011
           7          44  -1.0743077612928262E-009
           7          45  -1.9026432627782883E-009
           7          46   1.0592900047103910E-002
           7          47  -2.6476554132357763E-004
           7          48   4.3988286524473978E-003
           7          49  -3.4655179919833778E-005
           7          50   1.6654637133557621E-003
           7          51  -3.1428281219332348E-004
           7          52   1.0716878981054497E-004
           7          53   6.0674133499400724E-003
           7          54  -1.0419381100825037E-004
           7          55   6.2716529686303649E-004
           8           1   4.1039084809643844E-010
           8           2  -1.2986267382760539E-009
           8           3  -8.9576336603364449E-010
           8           4   4.3567022583338016E-009
           8           5  -5.5575367441933662E-009
           8           6  -3.0265714884197281E-008
           8           7   7.5311497030965732E-004
           8           8   2.3440069022523931     
           8           9   1.5048493825027202E-003
           8          10  -2.4698759529480285E-003
           8          11 -0.92560321991100214     
           8          12  -4.9352469802337968E-003
           8          13   2.2491056192991445E-003
           8          14   3.1555826652269123E-002
           8          15   4.4941083757674642E-003
           8          16   3.5814379140821292E-003
           8          17  0.10731226275745792     
           8          18   7.1563400649143419E-003
           8          19   2.3309838627297227E-003
           8          20   6.6915456029164044E-002
           8          21   4.6577335651333497E-003
           8          22   2.4202934154014090E-009
           8          23  -3.5668069064873881E-010
           8          24   9.2140029839494777E-010
           8          25   1.0091923836722307E-010
           8          26   1.9356914978276964E-009
           8          27   3.6124713656220384E-009
           8          28   3.4608132871265372E-009
           8          29  -8.8465508197558433E-010
           8          30   5.2583454763711159E-009
           8          31   7.7032460219661999E-010
           8          32  -2.9145564908866824E-009
           8          33   2.7479018326459519E-009
           8          34   4.8571976972731365E-009
           8          35   1.0706323599360639E-009
           8          36   6.3175512516515198E-009
           8          37  -1.7554776748763137E-009
           8          38   1.8904065585351693E-009
           8          39   5.0204570547759900E-009
           8          40   8.3326753844942910E-009
           8          41  -3.2820930256238125E-010
           8          42   7.6892687625009017E-009
           8          43   9.5195499931833589E-011
           8          44   3.9501408086797379E-010
           8          45   6.5750985435475182E-009
           8          46  -4.9667739274974405E-005
           8          47   4.6790458397676336E-003
           8          48  -2.4462590064920240E-004
           8          49   9.7271079084339691E-003
           8          50  -7.4219954849161045E-005
           8          51   8.4296390646863687E-004
           8          52  -4.8879554171925267E-004
           8          53  -1.0419504652388722E-004
           8          54   5.7724265960195859E-003
           8          55  -1.9908566649278221E-004
           9           1   1.5328023323350710E-010
           9           2  -6.0411564809023946E-010
           9           3   5.7644100245378174E-011
           9           4   2.3921328691445437E-009
           9           5  -1.3031750532176260E-009
           9           6  -8.0869428492429054E-009
           9           7  -4.7368112014271385E-003
           9           8   1.5048493825027202E-003
           9           9   2.3347812257640759     
           9          10   1.5534480171614245E-002
           9          11  -4.9352467532749536E-003
           9          12 -0.89534727747468734     
           9          13  -1.4146030079802602E-002
           9          14   4.4941089399787668E-003
           9          15   4.0041294372652018E-003
           9          16  -2.2525628945515512E-002
           9          17   7.1563365878814728E-003
           9          18   6.3439904437563713E-002
           9          19  -1.4660351822350868E-002
           9          20   4.6577350759393699E-003
           9          21   3.8361952042275473E-002
           9          22  -1.2201572336562358E-010
           9          23  -3.7328041855444950E-011
           9          24   2.5022960918371800E-010
           9          25  -2.0794877162181709E-010
           9          26  -2.5005878453221280E-010
           9          27  -4.5233811312025456E-011
           9          28   7.8446710326733962E-010
           9          29  -6.6997369817224396E-012
           9          30   6.5294591520756206E-010
           9          31   1.0213832922934881E-010
           9          32   3.7183480081178138E-010
           9          33   9.0408785042628863E-010
           9          34   1.4484901921507459E-009
           9          35   4.2568874017564919E-012
           9          36   1.1693054835763895E-009
           9          37   8.8663153483694572E-012
           9          38   3.1482620565084089E-010
           9          39   1.2204925161730043E-009
           9          40   2.4559959131163806E-009
           9          41  -1.9364155711886601E-010
           9          42   1.9865825260600555E-009
           9          43   2.3215378298038521E-010
           9          44   1.1404103403746930E-009
           9          45   2.1971369322667494E-009
           9          46   3.1285858703790706E-004
           9          47  -7.4220529925876432E-005
           9          48   1.0716889323697117E-004
           9          49  -6.9230865086565818E-005
           9          50   5.1344836248331032E-003
           9          51  -2.3470348375995856E-004
           9          52   4.5592772113549340E-003
           9          53   2.0871501775100590E-003
           9          54  -6.6301380222522695E-004
           9          55   1.4086623470595002E-002
          10           1   1.0758261374611508E-010
          10           2  -5.6746439157017320E-010
          10           3   1.1868076543576367E-009
          10           4   3.7079075719202005E-009
          10           5  -1.4126167030632920E-009
          10           6  -7.0001756112120076E-009
          10           7 -0.91861355770977582     
          10           8  -2.4698759529480285E-003
          10           9   1.5534480171614245E-002
          10          10   2.4871691690167088     
          10          11   8.0781117244562075E-003
          10          12  -5.0807766149629209E-002
          10          13 -0.13726567095996020     
          10          14  -7.2602104488582713E-003
          10          15   4.5663548389320616E-002
          10          16 -0.35834564349067771     
          10          17  -1.1632556845482873E-002
          10          18   7.3163128555573081E-002
          10          19 -0.19292289483399716     
          10          20  -7.7159248824836338E-003
          10          21   4.8528224804701425E-002
          10          22   1.4383041279956127E-010
          10          23   1.7669192536048255E-009
          10          24  -4.1757762931487205E-010
          10          25  -1.8311047819714568E-010
          10          26  -7.4225319577214111E-010
          10          27  -1.5964710741399395E-009
          10          28  -1.3189688587612924E-010
          10          29  -8.6128882606943376E-010
          10          30  -6.6703988846624494E-010
          10          31  -4.2812990908948457E-010
          10          32   3.8765338626975723E-009
          10          33   1.6148644016906274E-009
          10          34   4.7592971990602982E-010
          10          35  -1.6351919443619924E-009
          10          36  -8.6091273083624366E-010
          10          37   5.1278135155917081E-010
          10          38  -3.8793250696667250E-009
          10          39   3.8363622297135668E-010
          10          40   2.4653819266266985E-009
          10          41  -2.5429373266691275E-009
          10          42   2.6120321662870750E-009
          10          43  -2.8322737181742399E-010
          10          44   2.8561377856739140E-009
          10          45   3.2545517533835416E-009
          10          46  -1.2773299017877539E-003
          10          47   8.2559074149163476E-004
          10          48   5.7658658418766918E-004
          10          49  -4.1641546181900248E-005
          10          50  -5.1930597654122716E-003
          10          51   1.0615240466946615E-003
          10          52   8.5559536086560477E-005
          10          53  -5.0592382219754942E-003
          10          54   2.7220285052181024E-004
          10          55  -1.0793541076422595E-003
          11           1  -5.5080125206977142E-010
          11           2   2.0458018930637918E-009
          11           3  -1.0901121457790255E-009
          11           4  -1.6123124924224811E-008
          11           5   1.1151485914910454E-008
          11           6   6.8625702189784177E-008
          11           7  -2.4698760683705100E-003
          11           8 -0.92560321991100214     
          11           9  -4.9352467532749536E-003
          11          10   8.0781117244562075E-003
          11          11   2.5100298454831522     
          11          12   1.6141493527487203E-002
          11          13  -7.2602037909089128E-003
          11          14 -0.15781173927349618     
          11          15  -1.4507175635415171E-002
          11          16  -1.1632569170955825E-002
          11          17 -0.39126490705275163     
          11          18  -2.3243933741804633E-002
          11          19  -7.7159229756856417E-003
          11          20 -0.21475765408773961     
          11          21  -1.5417824103165492E-002
          11          22  -1.6980322532010433E-009
          11          23   1.0697863687749931E-009
          11          24   3.9040228949239901E-009
          11          25  -5.9298038600019920E-010
          11          26  -5.4212406360908149E-009
          11          27  -5.0478756133751465E-009
          11          28  -6.7628236678786412E-009
          11          29   1.4353031092431562E-009
          11          30  -1.4227587973384601E-008
          11          31  -2.1361780720012769E-009
          11          32   7.3730495643004053E-009
          11          33  -5.2755825200076822E-009
          11          34  -1.1278787081566093E-008
          11          35  -2.5978568740975462E-009
          11          36  -1.3138538619555553E-008
          11          37   4.8719399789787917E-009
          11          38  -4.8671852029545197E-009
          11          39  -1.1612782360207421E-008
          11          40  -1.8852276798669958E-008
          11          41   9.4816850148136631E-010
          11          42  -1.8271394009856084E-008
          11          43   5.4487120633644624E-011
          11          44  -7.6928631574190859E-010
          11          45  -1.4347106841044252E-008
          11          46   7.5829618181402791E-006
          11          47  -5.7690654403743746E-004
          11          48   7.5955256398636687E-004
          11          49   1.2068944083909222E-003
          11          50   1.0461510169147811E-004
          11          51  -2.8616396628770267E-003
          11          52   1.5176970963947508E-003
          11          53   2.7220676304788355E-004
          11          54  -4.2886430326976492E-003
          11          55   3.4253947908275480E-004
          12           1  -1.5787143665614791E-010
          12           2   7.4675106329951355E-010
          12           3  -6.8637412655627875E-010
          12           4  -4.8566095002525445E-009
          12           5   2.5315341415124812E-009
          12           6   1.5144236028592926E-008
          12           7   1.5534480252701722E-002
          12           8  -4.9352469802337968E-003
          12           9 -0.89534727747468734     
          12          10  -5.0807766149629209E-002
          12          11   1.6141493527487203E-002
          12          12   2.4110733909494528     
          12          13   4.5663547005829558E-002
          12          14  -1.4507176730134835E-002
          12          15  -6.8874496848520775E-002
          12          16   7.3163128084770657E-002
          12          17  -2.3243925015604096E-002
          12          18 -0.24876765050370295     
          12          19   4.8528225259865915E-002
          12          20  -1.5417826543650764E-002
          12          21 -0.12024078272790008     
          12          22   4.9732791998207315E-010
          12          23  -2.4645386802700899E-011
          12          24  -6.8942948625161262E-010
          12          25   7.9132780255846024E-010
          12          26   1.4838948856558993E-009
          12          27   5.7805034576901748E-010
          12          28  -1.4704999376680426E-009
          12          29  -4.1891759133001373E-011
          12          30  -1.2176004396724699E-009
          12          31  -6.1554173272278790E-010
          12          32  -2.3269239308194382E-009
          12          33  -2.0113064475209503E-009
          12          34  -2.7115954759713894E-009
          12          35  -1.6350227695176415E-010
          12          36  -1.6157989566637209E-009
          12          37   1.5373522503923055E-011
          12          38  -4.5681843970374626E-010
          12          39  -1.9758549093278948E-009
          12          40  -5.0931546724543010E-009
          12          41   7.9282126202665463E-010
          12          42  -3.8616917573100716E-009
          12          43  -6.3014331652413326E-010
          12          44  -3.6278857847619446E-009
          12          45  -4.3889234993620527E-009
          12          46  -4.8769510468887368E-005
          12          47   1.0461603317514766E-004
          12          48   8.5559699155318518E-005
          12          49  -8.3244609160113307E-005
          12          50  -1.2192248170747632E-003
          12          51   7.8509596079044219E-004
          12          52   7.0486997759289021E-004
          12          53  -6.5757316125857343E-003
          12          54   2.0889438518205137E-003
          12          55  -1.1552873359605375E-002
          13           1  -1.0943105973668294E-011
          13           2   4.5375737910431395E-011
          13           3  -4.0096269728780015E-010
          13           4  -2.8291968612038768E-009
          13           5   2.4845065603667894E-009
          13           6   1.0850749606747240E-008
          13           7   2.5190875929928414E-002
          13           8   2.2491056192991445E-003
          13           9  -1.4146030079802602E-002
          13          10 -0.13726567095996020     
          13          11  -7.2602037909089128E-003
          13          12   4.5663547005829558E-002
          13          13  0.18709769730700138     
          13          14   6.1511265540027081E-003
          13          15  -3.8687022984172030E-002
          13          16  0.31872426342446569     
          13          17   1.0113262507784354E-002
          13          18  -6.3606645373063361E-002
          13          19  0.17383481241743001     
          13          20   7.0385512612878461E-003
          13          21  -4.4268338567097089E-002
          13          22  -7.8958370513076406E-010
          13          23  -1.7742000684898116E-009
          13          24   3.1104937709226670E-010
          13          25  -5.3990545846706389E-011
          13          26   7.1513000868370546E-010
          13          27   4.4862074938619531E-010
          13          28  -3.9363222805745755E-010
          13          29   1.0313651144073116E-009
          13          30  -4.6851304581117093E-010
          13          31   1.1689484791034210E-010
          13          32   1.2163293714994097E-010
          13          33  -5.4150441566958499E-010
          13          34  -8.6749512315329886E-010
          13          35   7.6128918853057762E-010
          13          36  -1.4778333939069209E-009
          13          37   1.9639663278023037E-010
          13          38  -2.7063244386994417E-010
          13          39  -1.1161842879435542E-009
          13          40  -3.4099522838946224E-009
          13          41   2.2953691184517676E-009
          13          42  -2.5083948831219121E-009
          13          43   9.9644325758296540E-011
          13          44  -6.2898509325948335E-010
          13          45  -3.6095634900988887E-009
          13          46  -1.0461049089336358E-003
          13          47  -6.4619887469490208E-004
          13          48  -1.6059117448587578E-003
          13          49   4.1759880997136925E-004
          13          50   4.0643024873918930E-003
          13          51  -1.0369248674498069E-003
          13          52  -1.1476004251376906E-003
          13          53   3.8993009796884689E-003
          13          54  -6.5531543904337713E-005
          13          55  -1.4638313063351711E-003
          14           1   4.5221556032709022E-011
          14           2  -1.7542831111975910E-010
          14           3  -8.5381822879503879E-010
          14           4  -2.9521758287620277E-009
          14           5   2.6925590499113785E-009
          14           6   1.1125071066423490E-008
          14           7   2.2491081831394685E-003
          14           8   3.1555826652269123E-002
          14           9   4.4941089399787668E-003
          14          10  -7.2602104488582713E-003
          14          11 -0.15781173927349618     
          14          12  -1.4507176730134835E-002
          14          13   6.1511265540027081E-003
          14          14  0.20450457216503540     
          14          15   1.2291066390725885E-002
          14          16   1.0113261711765371E-002
          14          17  0.34734351110394579     
          14          18   2.0208127019602437E-002
          14          19   7.0385528234011216E-003
          14          20  0.19375293863730200     
          14          21   1.4064305080064187E-002
          14          22   7.0678570682279970E-010
          14          23  -7.6924106238893182E-010
          14          24  -3.2191982898692788E-009
          14          25   9.8261479447080266E-010
          14          26   2.1435979918119258E-009
          14          27   2.8722068213086000E-009
          14          28  -2.1110564912917425E-010
          14          29   6.8266062417834843E-011
          14          30   6.8578239184120859E-010
          14          31  -2.0955454065934713E-011
          14          32   4.0738252432143109E-010
          14          33  -1.0707291510932681E-010
          14          34  -1.4989039759325253E-009
          14          35   2.1707508924608250E-010
          14          36  -1.0236640756364038E-010
          14          37   2.6379298410344061E-011
          14          38  -2.6233633288636624E-010
          14          39  -1.4779217876668963E-009
          14          40  -2.2360686728716342E-009
          14          41   1.8093830063857702E-010
          14          42  -1.6862318441927966E-009
          14          43  -9.3364137332809936E-010
          14          44  -8.4059747609477384E-011
          14          45  -3.0740130330670181E-009
          14          46   3.7489624470560338E-004
          14          47   2.0106857750206607E-005
          14          48  -5.8890698983951086E-004
          14          49  -2.4393808989772478E-003
          14          50   2.5012406431244546E-004
          14          51   2.8477684608607000E-003
          14          52  -1.1767395209363596E-003
          14          53  -6.5534233831148874E-005
          14          54   3.7138463198433409E-003
          14          55   4.6507611235786545E-004
          15           1   5.6930877427426220E-011
          15           2  -2.6357920762062751E-010
          15           3   2.0018672098755168E-010
          15           4   1.1657211644700553E-009
          15           5  -6.8233323416216158E-010
          15           6  -3.3884479158237790E-009
          15           7  -1.4146030699461335E-002
          15           8   4.4941083757674642E-003
          15           9   4.0041294372652018E-003
          15          10   4.5663548389320616E-002
          15          11  -1.4507175635415171E-002
          15          12  -6.8874496848520775E-002
          15          13  -3.8687022984172030E-002
          15          14   1.2291066390725885E-002
