           1           1  0.61455528927243896     
           1           2  0.83247670348605807     
           1           3  -1.5468509740327392     
           1           4   1.3016719093825220     
           1           5  -4.4439235866115437E-002
           1           6   6.8184285380348463E-014
           1           7  -1.7989994548884507E-015
           1           8  -1.2731413971537669E-014
           1           9   3.1869498197338727E-014
           1          10  -2.5906514045808686E-014
           1          11  -5.2886838552053404E-015
           1          12  -9.6697695925551933E-015
           1          13   9.7725239274320138E-015
           1          14   3.9450078205702796E-015
           1          15  0.12228638449083372     
           1          16   2.3388085264387104E-015
           1          17  0.12228638449083742     
           1          18   2.2461573608913520E-015
           1          19  -3.5987400961559579E-015
           1          20  0.12228638449083318     
           1          21 -0.29694165913334647     
           1          22  -2.1191337116952064E-015
           1          23 -0.29694165913335419     
           1          24   2.1979997986719265E-016
           1          25   6.2236720722210511E-016
           1          26 -0.29694165913334430     
           1          27  -1.9423807887215291E-014
           1          28   4.3340952707142071E-015
           1          29  -1.2449081239955036E-014
           1          30   1.1491564639869152E-014
           1          31  -8.3514416924508973E-016
           1          32   3.2322211513843586E-017
           1          33   1.2526133112623173E-015
           1          34  -8.1488392979861480E-015
           1          35   4.8225839788222240E-015
           1          36  -9.7757808750364902E-016
           2           1  0.83247670348605807     
           2           2   1.2047638609751496     
           2           3  -3.2118868993094223     
           2           4   2.7401668681702613     
           2           5  -9.0131883263637191E-002
           2           6   1.5298927579796711E-013
           2           7  -5.5398493041466154E-015
           2           8  -2.6398116440588776E-014
           2           9   4.2586180405308016E-014
           2          10  -3.4575913011403205E-014
           2          11  -1.3215914793994772E-014
           2          12  -1.1333499373439831E-014
           2          13   1.3101841138978424E-014
           2          14   8.0016446306525169E-015
           2          15  0.22687002558725367     
           2          16   4.2170243714327584E-015
           2          17  0.22687002558725589     
           2          18   1.9127843290144921E-015
           2          19  -8.5519017249484366E-015
           2          20  0.22687002558725056     
           2          21 -0.62963679985670418     
           2          22  -3.3689656716035743E-015
           2          23 -0.62963679985671384     
           2          24   2.8406415474225651E-015
           2          25   2.2115868323691488E-015
           2          26 -0.62963679985669707     
           2          27  -3.0653117243863469E-014
           2          28   5.7056590761624180E-015
           2          29  -2.1725480918087305E-014
           2          30   1.4362326222653642E-014
           2          31   5.9886135342665162E-016
           2          32   5.1243046068060457E-017
           2          33   1.4921070421404081E-015
           2          34  -1.3185547347797520E-014
           2          35   6.6058818174625512E-015
           2          36  -1.3277450774179031E-015
           3           1  -1.5468509740327392     
           3           2  -3.2118868993094223     
           3           3   20.064296092935216     
           3           4  -17.425311135351830     
           3           5  0.54540229945494179     
           3           6  -1.1270842711945109E-012
           3           7   5.6131159790903975E-015
           3           8   1.4156425078155685E-013
           3           9  -8.5046681726307125E-014
           3          10   5.0186448843142053E-014
           3          11   9.7006126970629085E-014
           3          12   6.3770372336929771E-016
           3          13  -2.1571370230955018E-014
           3          14  -4.7867474989810639E-014
           3          15  -1.1944729282307618     
           3          16  -2.1077907048044704E-014
           3          17  -1.1944729282307309     
           3          18   1.0710384466089813E-014
           3          19   6.2313595566112540E-014
           3          20  -1.1944729282307267     
           3          21   4.0408867433709652     
           3          22   1.2552155635027940E-014
           3          23   4.0408867433709741     
           3          24  -3.7382618742121272E-014
           3          25  -2.1387201970255633E-014
           3          26   4.0408867433709013     
           3          27   1.2714886066046552E-013
           3          28  -4.6177167008162401E-015
           3          29   1.0862860857569256E-013
           3          30  -2.7703528658988952E-015
           3          31  -2.0909195447717940E-014
           3          32  -1.8939151722167129E-016
           3          33   1.8584418396706844E-015
           3          34   5.8485394342801811E-014
           3          35  -9.3017315518226753E-015
           3          36   7.0883863477969267E-015
           4           1   1.3016719093825220     
           4           2   2.7401668681702613     
           4           3  -17.425311135351830     
           4           4   15.136937782134499     
           4           5 -0.47346600561889507     
           4           6   1.0596256905899535E-012
           4           7   3.0331449960160593E-014
           4           8  -8.4583032637255030E-014
           4           9   8.5332236167516269E-014
           4          10  -3.5702033325197661E-014
           4          11  -7.7869321270642263E-014
           4          12  -1.6510785560911111E-015
           4          13   1.7205774551767751E-014
           4          14   4.0629898875456816E-014
           4          15   1.0348240436313971     
           4          16   1.8245469326205183E-014
           4          17   1.0348240436313696     
           4          18  -9.5604797731644046E-015
           4          19  -5.4219254414898367E-014
           4          20   1.0348240436313663     
           4          21  -3.5106324873111996     
           4          22  -1.0804211957140809E-014
           4          23  -3.5106324873112067     
           4          24   3.2690097539071128E-014
           4          25   1.8660696480096822E-014
           4          26  -3.5106324873111441     
           4          27  -1.2535358669225618E-013
           4          28   5.5690603512112479E-016
           4          29  -1.0103639387984724E-013
           4          30  -5.5169240685414654E-015
           4          31   1.4969898152696181E-014
           4          32   1.6298859019553068E-016
           4          33  -5.1269537630755197E-015
           4          34  -5.7524939034314646E-014
           4          35   4.6141182454961269E-015
           4          36  -1.3711985681222215E-014
           5           1  -4.4439235866115437E-002
           5           2  -9.0131883263637191E-002
           5           3  0.54540229945494179     
           5           4 -0.47346600561889507     
           5           5   1.4837070344248445E-002
           5           6  -2.6159991736900724E-014
           5           7   1.0299679614492324E-015
           5           8   7.5762391184788154E-015
           5           9  -1.6805648180478132E-015
           5          10   1.6201747712644939E-015
           5          11   3.2651263311320857E-015
           5          12  -4.1873149045463023E-017
           5          13  -6.4649969542402714E-016
           5          14  -1.3919817474070302E-015
           5          15  -3.2614850346891294E-002
           5          16  -5.7640172311502154E-016
           5          17  -3.2614850346890475E-002
           5          18   2.7630465808019499E-016
           5          19   1.6880335682939618E-015
           5          20  -3.2614850346890344E-002
           5          21  0.10977187867176069     
           5          22   3.4676160882754625E-016
           5          23  0.10977187867176096     
           5          24  -1.0033068678747388E-015
           5          25  -5.7640607329848673E-016
           5          26  0.10977187867175896     
           5          27   2.6310138477522811E-015
           5          28  -2.2211209393222104E-016
           5          29   2.5826610006398781E-015
           5          30  -3.0279252686890691E-016
           5          31  -8.8706743126663038E-016
           5          32  -5.2337461304762125E-018
           5          33  -2.8673732114182951E-016
           5          34   1.2175337997973424E-015
           5          35  -3.5005144105402070E-016
           5          36  -5.4428996533688366E-016
           6           1   6.8184285380348463E-014
           6           2   1.5298927579796711E-013
           6           3  -1.1270842711945109E-012
           6           4   1.0596256905899535E-012
           6           5  -2.6159991736900724E-014
           6           6  0.87124529153128782     
           6           7  0.46086450916888372     
           6           8  0.30838725866550382     
           6           9  0.14963861189551084     
           6          10   7.9154660684274181E-002
           6          11   5.2966302098304517E-002
           6          12  -2.0984567973741923E-002
           6          13  -1.1100252378225178E-002
           6          14  -7.4277283959007000E-003
           6          15   5.7005641997519206E-014
           6          16   2.8131477181173606E-015
           6          17   6.1419711361560499E-014
           6          18   7.6498426869924299E-016
           6          19  -3.3328133921633214E-016
           6          20   6.0078024483905881E-014
           6          21  -2.5268503935209795E-013
           6          22  -2.2654649147807573E-015
           6          23  -2.5019152948563889E-013
           6          24  -1.6377680379813319E-015
           6          25  -1.8850741110008295E-015
           6          26  -2.4762110717838204E-013
           6          27 -0.17312026862888988     
           6          28  -4.0953944349813344E-002
           6          29  -7.7421737787443934E-002
           6          30  -9.1575803512932152E-002
           6          31  -2.7404311632406274E-002
           6          32  -1.1628735431092630E-015
           6          33  -2.7404311632404782E-002
           6          34  -7.7421737787445252E-002
           6          35  -4.0953944349814621E-002
           6          36  -6.1277903686650363E-002
           7           1  -1.7989994548884507E-015
           7           2  -5.5398493041466154E-015
           7           3   5.6131159790903975E-015
           7           4   3.0331449960160593E-014
           7           5   1.0299679614492324E-015
           7           6  0.46086450916888372     
           7           7  0.62239895477141072     
           7           8 -0.40268616970073834     
           7           9   7.9154660684277844E-002
           7          10  0.10689861574289436     
           7          11  -6.9162381764646730E-002
           7          12  -1.1100252378225730E-002
           7          13  -1.4990925403144759E-002
           7          14   9.6989853285978488E-003
           7          15  -5.7299928285654582E-015
           7          16   1.6468921523599244E-015
           7          17  -2.8961252753688446E-015
           7          18  -4.3526150197294288E-018
           7          19  -4.0083389675666212E-016
           7          20  -3.4635597313574019E-015
           7          21  -1.0048666655594135E-014
           7          22  -1.5752636375453816E-015
           7          23  -7.3503492089708175E-015
           7          24  -9.6919215209411044E-016
           7          25  -1.1629628768805087E-015
           7          26  -7.5934682507261285E-015
           7          27  -9.1575803512932652E-002
           7          28  -5.5308429375608620E-002
           7          29  -4.0953944349816376E-002
           7          30 -0.12367340781261180     
           7          31   3.5784024710659175E-002
           7          32  -3.4827281318214373E-016
           7          33   3.5784024710661069E-002
           7          34  -4.0953944349816807E-002
           7          35  -5.5308429375608856E-002
           7          36   8.0015511761565974E-002
           8           1  -1.2731413971537669E-014
           8           2  -2.6398116440588776E-014
           8           3   1.4156425078155685E-013
           8           4  -8.4583032637255030E-014
           8           5   7.5762391184788154E-015
           8           6  0.30838725866550382     
           8           7 -0.40268616970073834     
           8           8  0.95472974320732140     
           8           9   5.2966302098306835E-002
           8          10  -6.9162381764654057E-002
           8          11  0.16397728044854953     
           8          12  -7.4277283959038060E-003
           8          13   9.6989853285993910E-003
           8          14  -2.2995350893289374E-002
           8          15  -1.0844117119199793E-014
           8          16   7.5840683111376176E-016
           8          17  -1.0027351272162114E-014
           8          18   8.8201055288744135E-016
           8          19   2.1758756786216508E-016
           8          20  -1.0714885675059038E-014
           8          21   1.6328159077773666E-014
           8          22  -2.3864132002586983E-016
           8          23   1.5149462111110711E-014
           8          24  -4.2599157927165341E-016
           8          25  -4.1944972877493436E-016
           8          26   1.8454573254109096E-014
           8          27  -6.1277903686649926E-002
           8          28   3.5784024710660160E-002
           8          29  -2.7404311632406156E-002
           8          30   8.0015511761568375E-002
           8          31  -8.4840442243948544E-002
           8          32  -8.1040958344460992E-016
           8          33  -8.4840442243949668E-002
           8          34  -2.7404311632407023E-002
           8          35   3.5784024710659057E-002
           8          36 -0.18970899609861541     
           9           1   3.1869498197338727E-014
           9           2   4.2586180405308016E-014
           9           3  -8.5046681726307125E-014
           9           4   8.5332236167516269E-014
           9           5  -1.6805648180478132E-015
           9           6  0.14963861189551084     
           9           7   7.9154660684277844E-002
           9           8   5.2966302098306835E-002
           9           9   2.5700815129410883E-002
           9          10   1.3595015852580862E-002
           9          11   9.0970981424752205E-003
           9          12  -3.6041533347040962E-003
           9          13  -1.9064967968411863E-003
           9          14  -1.2757313898891518E-003
           9          15   5.0689026211142024E-015
           9          16   4.8316533092095721E-016
           9          17   5.8270303480201077E-015
           9          18   1.3138800886840160E-016
           9          19  -5.7241924238119573E-017
           9          20   5.5965921879263301E-015
           9          21  -2.0700863891531277E-014
           9          22  -3.8909940569084263E-016
           9          23  -2.0272597180891628E-014
           9          24  -2.8129085826097519E-016
           9          25  -3.2376631016817253E-016
           9          26  -1.9831120561411685E-014
           9          27  -2.9733849858831318E-002
           9          28  -7.0339449104863802E-003
           9          29  -1.3297381903423789E-002
           9          30  -1.5728378969837267E-002
           9          31  -4.7067607624236146E-003
           9          32  -1.9972651157178542E-016
           9          33  -4.7067607624233570E-003
           9          34  -1.3297381903424013E-002
           9          35  -7.0339449104866005E-003
           9          36  -1.0524637018608233E-002
          10           1  -2.5906514045808686E-014
          10           2  -3.4575913011403205E-014
          10           3   5.0186448843142053E-014
          10           4  -3.5702033325197661E-014
          10           5   1.6201747712644939E-015
          10           6   7.9154660684274181E-002
          10           7  0.10689861574289436     
          10           8  -6.9162381764654057E-002
          10           9   1.3595015852580862E-002
          10          10   1.8360111243991253E-002
          10          11  -1.1878816337084831E-002
          10          12  -1.9064967968411926E-003
          10          13  -2.5747298609936145E-003
          10          14   1.6658255895025669E-003
          10          15  -5.2437885918134155E-015
          10          16   2.8285794829090894E-016
          10          17  -4.7570645761110719E-015
          10          18  -7.4757278587583723E-019
          10          19  -6.8844249138869550E-017
          10          20  -4.8545228983091785E-015
          10          21   7.5451409788036459E-015
          10          22  -2.7055556728160712E-016
          10          23   8.0085839162762402E-015
          10          24  -1.6646123624318305E-016
          10          25  -1.9974185487595454E-016
          10          26   7.9668275977197973E-015
          10          27  -1.5728378969836622E-002
          10          28  -9.4993645054202401E-003
          10          29  -7.0339449104865762E-003
          10          30  -2.1241224777169131E-002
          10          31   6.1459979615234514E-003
          10          32  -5.9816748316555122E-017
          10          33   6.1459979615237758E-003
          10          34  -7.0339449104866482E-003
          10          35  -9.4993645054202817E-003
          10          36   1.3742869231541541E-002
          11           1  -5.2886838552053404E-015
          11           2  -1.3215914793994772E-014
          11           3   9.7006126970629085E-014
          11           4  -7.7869321270642263E-014
          11           5   3.2651263311320857E-015
          11           6   5.2966302098304517E-002
          11           7  -6.9162381764646730E-002
          11           8  0.16397728044854953     
          11           9   9.0970981424752205E-003
          11          10  -1.1878816337084831E-002
          11          11   2.8163518204610247E-002
          11          12  -1.2757313898896293E-003
          11          13   1.6658255895026551E-003
          11          14  -3.9495104549423241E-003
          11          15  -6.0374728148677224E-015
          11          16   1.3025831710426995E-016
          11          17  -5.8971911871992279E-015
          11          18   1.5148757312576077E-016
          11          19   3.7371222475807996E-017
          11          20  -6.0152769831053288E-015
          11          21   1.7518068287372102E-014
          11          22  -4.0987258372202145E-017
          11          23   1.7315624062248211E-014
          11          24  -7.3165145592335094E-017
          11          25  -7.2041566002144917E-017
          11          26   1.7883285372335999E-014
          11          27  -1.0524637018607693E-002
          11          28   6.1459979615229700E-003
          11          29  -4.7067607624233882E-003
          11          30   1.3742869231540498E-002
          11          31  -1.4571563408592709E-002
          11          32  -1.3918992310459105E-016
          11          33  -1.4571563408592902E-002
          11          34  -4.7067607624235357E-003
          11          35   6.1459979615227801E-003
          11          36  -3.2583006320062127E-002
          12           1  -9.6697695925551933E-015
          12           2  -1.1333499373439831E-014
          12           3   6.3770372336929771E-016
          12           4  -1.6510785560911111E-015
          12           5  -4.1873149045463023E-017
          12           6  -2.0984567973741923E-002
          12           7  -1.1100252378225730E-002
          12           8  -7.4277283959038060E-003
          12           9  -3.6041533347040962E-003
          12          10  -1.9064967968411926E-003
          12          11  -1.2757313898896293E-003
          12          12   5.0542837628498260E-004
          12          13   2.6735754307161797E-004
          12          14   1.7890216788474632E-004
          12          15  -4.0893301486925446E-016
          12          16  -6.7756681252467369E-017
          12          17  -5.1524904264127041E-016
          12          18  -1.8425194995563891E-017
          12          19   8.0273201876118631E-018
          12          20  -4.8293355151912955E-016
          12          21   4.5063312521204977E-016
          12          22   5.4565347966235146E-017
          12          23   3.9057515096024904E-016
          12          24   3.9446818309831619E-017
          12          25   4.5403362523032477E-017
          12          26   3.2866468538625533E-016
          12          27   4.1697258854510996E-003
          12          28   9.8640513452979322E-004
          12          29   1.8647581054818205E-003
          12          30   2.2056689341635894E-003
          12          31   6.6005250853442719E-004
          12          32   2.8008643659185922E-017
          12          33   6.6005250853439119E-004
          12          34   1.8647581054818520E-003
          12          35   9.8640513452982379E-004
          12          36   1.4759222778022805E-003
          13           1   9.7725239274320138E-015
          13           2   1.3101841138978424E-014
          13           3  -2.1571370230955018E-014
          13           4   1.7205774551767751E-014
          13           5  -6.4649969542402714E-016
          13           6  -1.1100252378225178E-002
          13           7  -1.4990925403144759E-002
          13           8   9.6989853285993910E-003
          13           9  -1.9064967968411863E-003
          13          10  -2.5747298609936145E-003
          13          11   1.6658255895026551E-003
          13          12   2.6735754307161797E-004
          13          13   3.6106719447365871E-004
          13          14  -2.3360702075832631E-004
          13          15   1.9065892655044768E-015
          13          16  -3.9666579151139319E-017
          13          17   1.8383335321574985E-015
          13          18   1.0483585583699813E-019
          13          19   9.6543720056672228E-018
          13          20   1.8520005981698080E-015
          13          21  -3.8372503527715639E-015
          13          22   3.7941354977659382E-017
          13          23  -3.9022412645433646E-015
          13          24   2.3343688388242218E-017
          13          25   2.8010795327164896E-017
          13          26  -3.8963855679821839E-015
          13          27   2.2056689341634918E-003
          13          28   1.3321432058628099E-003
          13          29   9.8640513452981750E-004
          13          30   2.9787627640738522E-003
          13          31  -8.6188391055210629E-004
          13          32   8.3884005947153793E-018
          13          33  -8.6188391055215172E-004
          13          34   9.8640513452982748E-004
          13          35   1.3321432058628156E-003
          13          36  -1.9272310127078532E-003
          14           1   3.9450078205702796E-015
          14           2   8.0016446306525169E-015
          14           3  -4.7867474989810639E-014
          14           4   4.0629898875456816E-014
          14           5  -1.3919817474070302E-015
          14           6  -7.4277283959007000E-003
          14           7   9.6989853285978488E-003
          14           8  -2.2995350893289374E-002
          14           9  -1.2757313898891518E-003
          14          10   1.6658255895025669E-003
          14          11  -3.9495104549423241E-003
          14          12   1.7890216788474632E-004
          14          13  -2.3360702075832631E-004
          14          14   5.5385952565916612E-004
          14          15   2.9207204580968622E-015
          14          16  -1.8266772691812750E-017
          14          17   2.9010480666332328E-015
          14          18  -2.1243857017710463E-017
          14          19  -5.2407526933547698E-018
          14          20   2.9176078260398047E-015
          14          21  -9.3407253684565793E-015
          14          22   5.7478474203265249E-018
          14          23  -9.3123356062876563E-015
          14          24   1.0260312840057118E-017
          14          25   1.0102747676965434E-017
          14          26  -9.3919415796169140E-015
          14          27   1.4759222778016527E-003
          14          28  -8.6188391055199310E-004
          14          29   6.6005250853414844E-004
          14          30  -1.9272310127076049E-003
          14          31   2.0434429253114810E-003
          14          32   1.9519296294245573E-017
          14          33   2.0434429253115079E-003
          14          34   6.6005250853416915E-004
          14          35  -8.6188391055196643E-004
          14          36   4.5692772891375369E-003
          15           1  0.12228638449083372     
          15           2  0.22687002558725367     
          15           3  -1.1944729282307618     
          15           4   1.0348240436313971     
          15           5  -3.2614850346891294E-002
          15           6   5.7005641997519206E-014
          15           7  -5.7299928285654582E-015
          15           8  -1.0844117119199793E-014
          15           9   5.0689026211142024E-015
          15          10  -5.2437885918134155E-015
          15          11  -6.0374728148677224E-015
          15          12  -4.0893301486925446E-016
          15          13   1.9065892655044768E-015
          15          14   2.9207204580968622E-015
          15          15   7.2950918868962294E-002
          15          16   1.2983371649299537E-015
          15          17   7.2950918868960810E-002
          15          18  -4.5031938065040724E-016
          15          19  -3.6361808494607612E-015
          15          20   7.2950918868960324E-002
          15          21 -0.23967360770943838     
          15          22  -8.1746160529114971E-016
          15          23 -0.23967360770943932     
          15          24   2.0631556256994603E-015
          15          25   1.2106437789447972E-015
          15          26 -0.23967360770943474     
          15          27  -6.3773546523304656E-015
          15          28   9.8953909381733743E-016
          15          29  -5.9198564582845215E-015
          15          30   1.9081746087618563E-015
          15          31   1.3004569152451360E-015
          15          32   1.2355374359106286E-017
          15          33   1.7935955834072082E-016
          15          34  -2.9082278398419737E-015
          15          35   1.2761552896444486E-015
          15          36   9.8724366128352479E-018
          16           1   2.3388085264387104E-015
          16           2   4.2170243714327584E-015
          16           3  -2.1077907048044704E-014
          16           4   1.8245469326205183E-014
          16           5  -5.7640172311502154E-016
          16           6   2.8131477181173606E-015
          16           7   1.6468921523599244E-015
          16           8   7.5840683111376176E-016
          16           9   4.8316533092095721E-016
          16          10   2.8285794829090894E-016
          16          11   1.3025831710426995E-016
          16          12  -6.7756681252467369E-017
          16          13  -3.9666579151139319E-017
          16          14  -1.8266772691812750E-017
          16          15   1.2983371649299537E-015
          16          16   3.2321388359081064E-029
          16          17   1.2983371649299442E-015
          16          18  -4.5258841572348252E-030
          16          19  -6.4894819618401045E-029
          16          20   1.2983371649299299E-015
          16          21  -4.2239991524325372E-015
          16          22  -2.2318684453549810E-029
          16          23  -4.2239991524325482E-015
          16          24   3.0103128376853712E-029
          16          25   1.4832088862442638E-029
          16          26  -4.2239991524324583E-015
          16          27  -5.5898481562773990E-016
          16          28  -1.4634828288149404E-016
          16          29  -2.4998560922681529E-016
          16          30  -3.2724470891341422E-016
          16          31  -6.7394539041345504E-017
          16          32  -3.4183462083277706E-030
          16          33  -6.7394539041358595E-017
          16          34  -2.4998560922676613E-016
          16          35  -1.4634828288149288E-016
          16          36  -1.5069877060876656E-016
          17           1  0.12228638449083742     
          17           2  0.22687002558725589     
          17           3  -1.1944729282307309     
          17           4   1.0348240436313696     
          17           5  -3.2614850346890475E-002
          17           6   6.1419711361560499E-014
          17           7  -2.8961252753688446E-015
          17           8  -1.0027351272162114E-014
          17           9   5.8270303480201077E-015
          17          10  -4.7570645761110719E-015
          17          11  -5.8971911871992279E-015
          17          12  -5.1524904264127041E-016
          17          13   1.8383335321574985E-015
          17          14   2.9010480666332328E-015
          17          15   7.2950918868960810E-002
          17          16   1.2983371649299442E-015
          17          17   7.2950918868959339E-002
          17          18  -4.5031938065034946E-016
          17          19  -3.6361808494606516E-015
          17          20   7.2950918868958839E-002
          17          21 -0.23967360770943191     
          17          22  -8.1746160529115641E-016
          17          23 -0.23967360770943288     
          17          24   2.0631556256993617E-015
          17          25   1.2106437789447416E-015
          17          26 -0.23967360770942833     
          17          27  -7.2544496351986875E-015
          17          28   7.3771225152558422E-016
          17          29  -6.3121052591679079E-015
          17          30   1.3450726708383865E-015
          17          31   1.2278764010572298E-015
          17          32   1.2355374359100672E-017
          17          33   1.0677904415290642E-016
          17          34  -3.3004766407254390E-015
          17          35   1.0243284473526841E-015
          17          36  -1.5242252695307293E-016
          18           1   2.2461573608913520E-015
          18           2   1.9127843290144921E-015
          18           3   1.0710384466089813E-014
          18           4  -9.5604797731644046E-015
          18           5   2.7630465808019499E-016
          18           6   7.6498426869924299E-016
          18           7  -4.3526150197294288E-018
          18           8   8.8201055288744135E-016
          18           9   1.3138800886840160E-016
          18          10  -7.4757278587583723E-019
          18          11   1.5148757312576077E-016
          18          12  -1.8425194995563891E-017
          18          13   1.0483585583699813E-019
          18          14  -2.1243857017710463E-017
          18          15  -4.5031938065040724E-016
          18          16  -4.5258841572348252E-030
          18          17  -4.5031938065034946E-016
          18          18   2.5882586804195932E-029
          18          19   4.0688475190140696E-029
          18          20  -4.5031938065037302E-016
          18          21   2.2475213482946259E-015
          18          22  -2.0228193251292444E-030
          18          23   2.2475213482945881E-015
          18          24  -3.7792907957435281E-029
          18          25  -1.9258806839320156E-029
          18          26   2.2475213482945794E-015
          18          27  -1.5200573636552139E-016
          18          28   3.8678776464504617E-019
          18          29  -6.7979031896613691E-017
          18          30   8.6488373462653679E-019
          18          31  -7.8378374511969611E-017
          18          32  -1.3005120010975122E-030
          18          33  -7.8378374511933484E-017
          18          34  -6.7979031896639193E-017
          18          35   3.8678776464173810E-019
          18          36  -1.7525937337464317E-016
          19           1  -3.5987400961559579E-015
          19           2  -8.5519017249484366E-015
          19           3   6.2313595566112540E-014
          19           4  -5.4219254414898367E-014
          19           5   1.6880335682939618E-015
          19           6  -3.3328133921633214E-016
          19           7  -4.0083389675666212E-016
          19           8   2.1758756786216508E-016
          19           9  -5.7241924238119573E-017
          19          10  -6.8844249138869550E-017
          19          11   3.7371222475807996E-017
          19          12   8.0273201876118631E-018
          19          13   9.6543720056672228E-018
          19          14  -5.2407526933547698E-018
          19          15  -3.6361808494607612E-015
          19          16  -6.4894819618401045E-029
          19          17  -3.6361808494606516E-015
          19          18   4.0688475190140696E-029
          19          19   1.9672081046309623E-028
          19          20  -3.6361808494606476E-015
          19          21   1.2585266935960519E-014
          19          22   3.7271325678400676E-029
          19          23   1.2585266935960527E-014
          19          24  -1.2188995872177407E-028
          19          25  -6.8100604382539398E-029
          19          26   1.2585266935960314E-014
          19          27   6.6224466903491256E-017
          19          28   3.5619425611432534E-017
          19          29   2.9616481954139635E-017
          19          30   7.9647456986692633E-017
          19          31  -1.9335550835806681E-017
          19          32  -2.5848744871505697E-031
          19          33  -1.9335550835727847E-017
          19          34   2.9616481953985302E-017
          19          35   3.5619425611418526E-017
          19          36  -4.3235606051086896E-017
          20           1  0.12228638449083318     
          20           2  0.22687002558725056     
          20           3  -1.1944729282307267     
          20           4   1.0348240436313663     
          20           5  -3.2614850346890344E-002
          20           6   6.0078024483905881E-014
          20           7  -3.4635597313574019E-015
          20           8  -1.0714885675059038E-014
          20           9   5.5965921879263301E-015
          20          10  -4.8545228983091785E-015
          20          11  -6.0152769831053288E-015
          20          12  -4.8293355151912955E-016
          20          13   1.8520005981698080E-015
          20          14   2.9176078260398047E-015
          20          15   7.2950918868960324E-002
          20          16   1.2983371649299299E-015
          20          17   7.2950918868958839E-002
          20          18  -4.5031938065037302E-016
          20          19  -3.6361808494606476E-015
          20          20   7.2950918868958353E-002
          20          21 -0.23967360770943122     
          20          22  -8.1746160529114133E-016
          20          23 -0.23967360770943213     
          20          24   2.0631556256993770E-015
          20          25   1.2106437789447479E-015
          20          26 -0.23967360770942758     
          20          27  -6.9878505557738126E-015
          20          28   7.8813635377336891E-016
          20          29  -6.1928785263013223E-015
          20          30   1.4578243911688241E-015
          20          31   1.2889729817542618E-015
          20          32   1.2355374359102382E-017
          20          33   1.6787562484991083E-016
          20          34  -3.1812499078588652E-015
          20          35   1.0747525496004689E-015
          20          36  -1.5806419321733260E-017
          21           1 -0.29694165913334647     
          21           2 -0.62963679985670418     
          21           3   4.0408867433709652     
          21           4  -3.5106324873111996     
          21           5  0.10977187867176069     
          21           6  -2.5268503935209795E-013
          21           7  -1.0048666655594135E-014
          21           8   1.6328159077773666E-014
          21           9  -2.0700863891531277E-014
          21          10   7.5451409788036459E-015
          21          11   1.7518068287372102E-014
          21          12   4.5063312521204977E-016
          21          13  -3.8372503527715639E-015
          21          14  -9.3407253684565793E-015
          21          15 -0.23967360770943838     
          21          16  -4.2239991524325372E-015
          21          17 -0.23967360770943191     
          21          18   2.2475213482946259E-015
          21          19   1.2585266935960519E-014
          21          20 -0.23967360770943122     
          21          21  0.81425173918291838     
          21          22   2.4940492214798633E-015
          21          23  0.81425173918291993     
          21          24  -7.6071592773836376E-015
          21          25  -4.3375510595481991E-015
          21          26  0.81425173918290550     
          21          27   3.0319955292918234E-014
          21          28   1.7702101749017003E-016
          21          29   2.3991716400868720E-014
          21          30   1.9876032128070491E-015
          21          31  -3.2053137248281152E-015
          21          32  -3.7620878342858247E-017
          21          33   1.4932153541720478E-015
          21          34   1.3905826595038964E-014
          21          35  -7.6257307198226292E-016
          21          36   3.8249470294309352E-015
          22           1  -2.1191337116952064E-015
          22           2  -3.3689656716035743E-015
          22           3   1.2552155635027940E-014
          22           4  -1.0804211957140809E-014
          22           5   3.4676160882754625E-016
          22           6  -2.2654649147807573E-015
          22           7  -1.5752636375453816E-015
          22           8  -2.3864132002586983E-016
          22           9  -3.8909940569084263E-016
          22          10  -2.7055556728160712E-016
          22          11  -4.0987258372202145E-017
          22          12   5.4565347966235146E-017
          22          13   3.7941354977659382E-017
          22          14   5.7478474203265249E-018
          22          15  -8.1746160529114971E-016
          22          16  -2.2318684453549810E-029
          22          17  -8.1746160529115641E-016
          22          18  -2.0228193251292444E-030
          22          19   3.7271325678400676E-029
          22          20  -8.1746160529114133E-016
          22          21   2.4940492214798633E-015
          22          22   1.6795302213253335E-029
          22          23   2.4940492214798775E-015
          22          24  -1.2836591869447194E-029
          22          25  -5.9267727194879908E-030
          22          26   2.4940492214798168E-015
          22          27   4.5015783548949933E-016
          22          28   1.3998313618173034E-016
