           1           1  0.46069555270608264     
           1           2  0.62673797349870752     
           1           3  -6.2581954923349919E-002
           1           4 -0.14285180786205243     
           1           5  -4.0452399104360263E-002
           1           6   2.3228185901517008E-013
           1           7  -1.7355467354748511E-013
           1           8  -1.9842056807139264E-013
           1           9   1.7983825444600367E-013
           1          10  -1.4430432887874057E-013
           1          11  -1.5893996782046751E-013
           1          12  -8.0389712211998556E-014
           1          13   1.0134573972053611E-013
           1          14   1.8916751713674390E-014
           1          15   1.4071937094318652E-003
           1          16  -2.1812582518205290E-005
           1          17   1.4133133776588907E-003
           1          18  -8.4499480665859578E-006
           1          19  -7.1913605742661706E-006
           1          20   1.4269773403726566E-003
           1          21   6.6249233329843931E-003
           1          22   1.7271481586531934E-004
           1          23   6.5764670107186507E-003
           1          24   6.6907828982033465E-005
           1          25   5.6942186479971802E-005
           1          26   6.4682737088482189E-003
           1          27  -4.2391007746696074E-014
           1          28   3.5512436009548955E-014
           1          29  -1.8825739800604776E-014
           1          30   5.7697657497768109E-014
           1          31   2.1560031701643313E-014
           1          32   4.4634483547166718E-015
           1          33   1.4987751305877735E-014
           1          34  -3.0388201087132892E-014
           1          35   2.9214767893153419E-014
           1          36   5.4586364067824161E-014
           2           1  0.62673797349870752     
           2           2  0.87052228076903493     
           2           3 -0.16425253051629660     
           2           4 -0.27922484319963414     
           2           5  -9.0632102029935296E-002
           2           6   4.8845808137034501E-013
           2           7  -3.3826295016777933E-013
           2           8  -4.3287114904145919E-013
           2           9   3.7117494723369993E-013
           2          10  -2.6702432044112545E-013
           2          11  -3.6982687597364143E-013
           2          12  -1.5991518417750607E-013
           2          13   2.0833441086096845E-013
           2          14   1.3389862997942934E-014
           2          15   7.8086017696642846E-004
           2          16   1.3881021180319939E-004
           2          17   7.4191599110880560E-004
           2          18   5.3773562455217291E-005
           2          19   4.5764216536224069E-005
           2          20   6.5496136453512270E-004
           2          21   5.7246292746346303E-003
           2          22   5.1045765898179076E-004
           2          23   5.5814168676215472E-003
           2          24   1.9774570100934783E-004
           2          25   1.6829229919081840E-004
           2          26   5.2616521681525825E-003
           2          27  -5.5632523041363984E-014
           2          28   5.5347303969166272E-014
           2          29  -2.4237058819073621E-014
           2          30   7.8375784733827764E-014
           2          31   3.1677992950784974E-014
           2          32   1.2052023024869813E-014
           2          33   1.8204324673174436E-014
           2          34  -4.5654970757385350E-014
           2          35   4.5056434420013512E-014
           2          36   8.7924207399724125E-014
           3           1  -6.2581954923349919E-002
           3           2 -0.16425253051629660     
           3           3  0.35837965137145017     
           3           4  0.39459080976813077     
           3           5  0.16246791647171588     
           3           6  -1.2425487807990845E-012
           3           7   1.0206730027497164E-012
           3           8   6.9887982955772402E-013
           3           9  -1.0211785827146544E-012
           3          10   8.6582357703456399E-013
           3          11   6.5244438199705062E-013
           3          12   1.0951851732423696E-014
           3          13  -5.1644267899665302E-014
           3          14   2.4431646552228202E-014
           3          15   4.7772111595869521E-003
           3          16  -8.2787047217460375E-004
           3          17   5.0094760316400843E-003
           3          18  -3.2070793502461626E-004
           3          19  -2.7293981474363154E-004
           3          20   5.5280770512032779E-003
           3          21   1.3578263665797011E-002
           3          22  -1.4033063591473820E-003
           3          23   1.3971970987974529E-002
           3          24  -5.4362547757631037E-004
           3          25  -4.6265470962209964E-004
           3          26   1.4851040697208245E-002
           3          27  -3.6390107467453940E-015
           3          28  -3.4656993711223903E-014
           3          29  -5.7981362898333025E-015
           3          30  -6.4593151940891886E-015
           3          31  -1.2422337584507014E-014
           3          32  -2.7356620654955685E-014
           3          33   7.5398999746899226E-015
           3          34   2.2748128763263893E-014
           3          35  -2.6558613557919713E-014
           3          36  -6.8073510118809590E-014
           4           1 -0.14285180786205243     
           4           2 -0.27922484319963414     
           4           3  0.39459080976813077     
           4           4  0.44783724602224245     
           4           5  0.17938776304680071     
           4           6  -1.6388743815043507E-012
           4           7   8.5429742698309083E-013
           4           8   2.2854150808919786E-012
           4           9  -1.3732419762511527E-012
           4          10   6.8005562984947996E-013
           4          11   2.1950806101240092E-012
           4          12  -8.6003220993635489E-014
           4          13  -2.3230372659723301E-013
           4          14   7.7443950024405887E-013
           4          15   4.8555053783151973E-003
           4          16  -1.1576113553053878E-003
           4          17   5.1802813709598602E-003
           4          18  -4.4844592846699188E-004
           4          19  -3.8165176025510366E-004
           4          20   5.9054411987745914E-003
           4          21   1.3034205822943595E-002
           4          22  -2.2118881229347999E-003
           4          23   1.3654766445949894E-002
           4          24  -8.5686116460117036E-004
           4          25  -7.2923523139724637E-004
           4          26   1.5040354152099745E-002
           4          27   3.2913294642298263E-015
           4          28  -4.4040784096552938E-014
           4          29  -1.9128991209525521E-015
           4          30  -1.7050834541350453E-014
           4          31  -1.7626035400083509E-014
           4          32  -3.3653095681133162E-014
           4          33   7.2369890514995491E-015
           4          34   2.8310080333008966E-014
           4          35  -3.6812589788584536E-014
           4          36  -7.9901045581144237E-014
           5           1  -4.0452399104360263E-002
           5           2  -9.0632102029935296E-002
           5           3  0.16246791647171588     
           5           4  0.17938776304680071     
           5           5   8.0469679414613332E-002
           5           6   2.8611822562944929E-012
           5           7  -2.4223202346254248E-012
           5           8  -2.6077774381748022E-012
           5           9   2.8459513188233805E-012
           5          10  -2.4083749512827065E-012
           5          11  -2.5565408403013744E-012
           5          12   1.6597690917203134E-012
           5          13  -1.4141558760360091E-012
           5          14  -1.4279263022032019E-012
           5          15   2.4759565840309469E-003
           5          16   8.2671263081970968E-004
           5          17   2.2440165531566808E-003
           5          18   3.2025936837679037E-004
           5          19   2.7255804814034132E-004
           5          20   1.7261409873476881E-003
           5          21   7.3511197489601063E-003
           5          22   2.0088397278910227E-003
           5          23   6.7875255034143571E-003
           5          24   7.7820240882561223E-004
           5          25   6.6229235819285697E-004
           5          26   5.5291324966029159E-003
           5          27   1.5553952097925967E-015
           5          28  -2.1956638599764450E-014
           5          29   9.7347627671216887E-015
           5          30  -8.4710234403347116E-015
           5          31  -1.0058591392766854E-014
           5          32  -2.5211244280493247E-015
           5          33  -2.0239421989165286E-016
           5          34   1.5972892698269624E-014
           5          35  -1.0535667526180335E-014
           5          36  -3.4412954987610144E-014
           6           1   2.3228185901517008E-013
           6           2   4.8845808137034501E-013
           6           3  -1.2425487807990845E-012
           6           4  -1.6388743815043507E-012
           6           5   2.8611822562944929E-012
           6           6  0.10234745847681509     
           6           7 -0.10456721242839094     
           6           8  -4.0508186856835805E-002
           6           9  0.10038330733177896     
           6          10 -0.10256046225897451     
           6          11  -3.9730794327672500E-002
           6          12   5.2192750505523695E-002
           6          13  -5.3324728923431042E-002
           6          14  -2.0657412580458986E-002
           6          15   4.6187681273187912E-014
           6          16  -8.7938830698409695E-014
           6          17  -9.6956321637145735E-014
           6          18   6.6772131251973978E-014
           6          19   7.6020551048149844E-014
           6          20  -2.8126824023913312E-014
           6          21  -3.3777255616168135E-013
           6          22  -3.3919472804722083E-013
           6          23  -6.0893442875721665E-013
           6          24  -1.2729332542526343E-014
           6          25  -5.7803132606139558E-013
           6          26  -1.7738838672185015E-013
           6          27  -9.1392803936912479E-005
           6          28  -3.1444337886719345E-004
           6          29   3.8075281677999058E-004
           6          30  -3.8438684021750564E-005
           6          31  -1.2181188966165865E-004
           6          32   9.4989752338334624E-005
           6          33   1.1332352777646749E-004
           6          34   2.0026716809009023E-004
           6          35  -1.0233141891275143E-004
           6          36  -1.2890451869750663E-004
           7           1  -1.7355467354748511E-013
           7           2  -3.3826295016777933E-013
           7           3   1.0206730027497164E-012
           7           4   8.5429742698309083E-013
           7           5  -2.4223202346254248E-012
           7           6 -0.10456721242839094     
           7           7  0.13622298201345509     
           7           8  -3.4474658609484080E-002
           7           9 -0.10256046192630451     
           7          10  0.13360872578006064     
           7          11  -3.3813055549810865E-002
           7          12  -5.3324728629612385E-002
           7          13   6.9467793885598469E-002
           7          14  -1.7580575500841918E-002
           7          15  -8.3468017006994830E-014
           7          16   6.9012450464204065E-014
           7          17   9.2978750753661587E-014
           7          18  -8.7081680222768015E-014
           7          19  -6.3585186895586572E-014
           7          20   9.5549509520454479E-014
           7          21   5.0098682219989977E-013
           7          22   3.8827812074294064E-013
           7          23   6.6213151042454446E-013
           7          24  -2.1224253121629149E-013
           7          25   7.1813056839881459E-013
           7          26   3.1098962236522412E-013
           7          27   9.3374958065864358E-005
           7          28   3.0952721617723717E-004
           7          29  -4.9128994408754784E-004
           7          30   5.0075262136878519E-005
           7          31   1.5474881551075587E-004
           7          32   3.2507557602490120E-005
           7          33  -1.6197287628401093E-004
           7          34  -1.0233143653261522E-004
           7          35   2.3341837124173846E-004
           7          36  -1.0970470793182849E-004
           8           1  -1.9842056807139264E-013
           8           2  -4.3287114904145919E-013
           8           3   6.9887982955772402E-013
           8           4   2.2854150808919786E-012
           8           5  -2.6077774381748022E-012
           8           6  -4.0508186856835805E-002
           8           7  -3.4474658609484080E-002
           8           8  0.21186023334041953     
           8           9  -3.9730793911945471E-002
           8          10  -3.3813055305459749E-002
           8          11  0.20779442415312160     
           8          12  -2.0657412213392151E-002
           8          13  -1.7580575286785600E-002
           8          14  0.10803949931574565     
           8          15   7.0267809073108596E-014
           8          16   9.2277992780611586E-014
           8          17   4.7933634931745608E-014
           8          18   2.3691268506148533E-014
           8          19  -6.5227256352140925E-014
           8          20  -1.6978686254143010E-013
           8          21  -2.8226307304336506E-013
           8          22   3.4222057253267852E-014
           8          23   1.2208226486153129E-013
           8          24   5.8946674618611945E-013
           8          25  -9.7975192852803759E-014
           8          26  -2.8524832636675603E-013
           8          27   3.6172462654003824E-005
           8          28   1.5474878689917092E-004
           8          29   1.1332348724751192E-004
           8          30  -1.2672771673474269E-005
           8          31  -2.9991067542389360E-005
           8          32  -3.7203378344727696E-004
           8          33   7.4385720855073915E-005
           8          34  -3.4328589139288749E-004
           8          35  -2.9215486849183339E-004
           8          36   6.7417829141610164E-004
           9           1   1.7983825444600367E-013
           9           2   3.7117494723369993E-013
           9           3  -1.0211785827146544E-012
           9           4  -1.3732419762511527E-012
           9           5   2.8459513188233805E-012
           9           6  0.10038330733177896     
           9           7 -0.10256046192630451     
           9           8  -3.9730793911945471E-002
           9           9   9.8456850231890200E-002
           9          10 -0.10059222332104395     
           9          11  -3.8968320329160033E-002
           9          12   5.1191118885220856E-002
           9          13  -5.2301373475240234E-002
           9          14  -2.0260976006872187E-002
           9          15   4.5167163390595646E-014
           9          16  -9.5968299393955953E-014
           9          17  -9.2503559782008676E-014
           9          18   6.1726407478851825E-014
           9          19   7.1358017663656243E-014
           9          20  -1.8907907634512683E-014
           9          21  -3.3556844842604146E-013
           9          22  -3.5416372235916835E-013
           9          23  -5.9550051067835859E-013
           9          24  -2.0805572565486913E-014
           9          25  -5.7401954071769497E-013
           9          26  -1.5878155571214123E-013
           9          27  -8.9638883681614562E-005
           9          28  -3.0840889271208425E-004
           9          29   3.7344578537026028E-004
           9          30  -3.7701006821901588E-005
           9          31  -1.1947419637749826E-004
           9          32   9.3166803166382735E-005
           9          33   1.1114873471458920E-004
           9          34   1.9642383889922029E-004
           9          35  -1.0036757542629515E-004
           9          36  -1.2643071102613174E-004
          10           1  -1.4430432887874057E-013
          10           2  -2.6702432044112545E-013
          10           3   8.6582357703456399E-013
          10           4   6.8005562984947996E-013
          10           5  -2.4083749512827065E-012
          10           6 -0.10256046225897451     
          10           7  0.13360872578006064     
          10           8  -3.3813055305459749E-002
          10           9 -0.10059222332104395     
          10          10  0.13104463975695549     
          10          11  -3.3164149072612031E-002
          10          12  -5.2301373356707495E-002
          10          13   6.8134636950539992E-002
          10          14  -1.7243186609779592E-002
          10          15  -8.2120145871060035E-014
          10          16   7.3319634011801763E-014
          10          17   8.9360445196330881E-014
          10          18  -8.3228874381132343E-014
          10          19  -6.0508245808983061E-014
          10          20   8.8354077614552043E-014
          10          21   4.9291976478060485E-013
          10          22   3.9326440455174065E-013
          10          23   6.4748243041159355E-013
          10          24  -2.0335114291904350E-013
          10          25   7.0844950296091379E-013
          10          26   2.9528796917665181E-013
          10          27   9.1582998535086503E-005
          10          28   3.0358707699586348E-004
          10          29  -4.8186159520964013E-004
          10          30   4.9114267418914803E-005
          10          31   1.5177902986731728E-004
          10          32   3.1883705042068591E-005
          10          33  -1.5886445366289557E-004
          10          34  -1.0036759297788524E-004
          10          35   2.2893883772673960E-004
          10          36  -1.0759936446615735E-004
          11           1  -1.5893996782046751E-013
          11           2  -3.6982687597364143E-013
          11           3   6.5244438199705062E-013
          11           4   2.1950806101240092E-012
          11           5  -2.5565408403013744E-012
          11           6  -3.9730794327672500E-002
          11           7  -3.3813055549810865E-002
          11           8  0.20779442415312160     
          11           9  -3.8968320329160033E-002
          11          10  -3.3164149072612031E-002
          11          11  0.20380664189936790     
          11          12  -2.0260975858852431E-002
          11          13  -1.7243186524439666E-002
          11          14  0.10596611356522961     
          11          15   6.9522971256982741E-014
          11          16   9.3701752677445833E-014
          11          17   4.6721126013858287E-014
          11          18   2.4474188159569931E-014
          11          19  -6.2922233781630743E-014
          11          20  -1.6882232533271218E-013
          11          21  -2.7357980954727937E-013
          11          22   4.0709762715744862E-014
          11          23   1.2100130906298167E-013
          11          24   5.8092197702357200E-013
          11          25  -9.3739501081672544E-014
          11          26  -2.8298769008017567E-013
          11          27   3.5478276998939995E-005
          11          28   1.5177900327034802E-004
          11          29   1.1114869658552044E-004
          11          30  -1.2429568554084911E-005
          11          31  -2.9415509070779958E-005
          11          32  -3.6489408407108651E-004
          11          33   7.2958184707146227E-005
          11          34  -3.3669789271438170E-004
          11          35  -2.8654812520434675E-004
          11          36   6.6124013757808511E-004
          12           1  -8.0389712211998556E-014
          12           2  -1.5991518417750607E-013
          12           3   1.0951851732423696E-014
          12           4  -8.6003220993635489E-014
          12           5   1.6597690917203134E-012
          12           6   5.2192750505523695E-002
          12           7  -5.3324728629612385E-002
          12           8  -2.0657412213392151E-002
          12           9   5.1191118885220856E-002
          12          10  -5.2301373356707495E-002
          12          11  -2.0260975858852431E-002
          12          12   2.6616031759586236E-002
          12          13  -2.7193291597372250E-002
          12          14  -1.0534381320121791E-002
          12          15   2.6604509017574989E-014
          12          16  -6.3614176148998393E-014
          12          17  -4.1126873695679745E-014
          12          18   2.6779900440554954E-014
          12          19   3.2579174656861121E-014
          12          20   5.7307192868825451E-015
          12          21  -1.7087366806368731E-013
          12          22  -2.1406984788892616E-013
          12          23  -2.9762484879715355E-013
          12          24  -2.2411269763427914E-014
          12          25  -3.0831949307012105E-013
          12          26  -5.1811913937473116E-014
          12          27  -4.6606353346429929E-005
          12          28  -1.6035244116111201E-004
          12          29   1.9416737000989235E-004
          12          30  -1.9602056387827502E-005
          12          31  -6.2118763678382783E-005
          12          32   4.8440639665574907E-005
          12          33   5.7790068565502187E-005
          12          34   1.0212754107397052E-004
          12          35  -5.2184571877240916E-005
          12          36  -6.5735694078688614E-005
          13           1   1.0134573972053611E-013
          13           2   2.0833441086096845E-013
          13           3  -5.1644267899665302E-014
          13           4  -2.3230372659723301E-013
          13           5  -1.4141558760360091E-012
          13           6  -5.3324728923431042E-002
          13           7   6.9467793885598469E-002
          13           8  -1.7580575286785600E-002
          13           9  -5.2301373475240234E-002
          13          10   6.8134636950539992E-002
          13          11  -1.7243186524439666E-002
          13          12  -2.7193291597372250E-002
          13          13   3.5425552399486734E-002
          13          14  -8.9653282626718112E-003
          13          15  -4.5249073324649609E-014
          13          16   5.1776560096295798E-014
          13          17   4.0078564543122199E-014
          13          18  -3.7983713867995184E-014
          13          19  -2.6958376190662583E-014
          13          20   3.1001356597944654E-014
          13          21   2.5448815488011878E-013
          13          22   2.3435328286374999E-013
          13          23   3.2646715453235653E-013
          13          24  -9.4153509616892157E-014
          13          25   3.7819899123652842E-013
          13          26   1.2463046430561167E-013
          13          27   4.7617166140952533E-005
          13          28   1.5784541373230603E-004
          13          29  -2.5053649592923641E-004
          13          30   2.5536204959515669E-005
          13          31   7.8915162955615594E-005
          13          32   1.6577438852090725E-005
          13          33  -8.2599119502921000E-005
          13          34  -5.2184581448633280E-005
          13          35   1.1903321276987371E-004
          13          36  -5.5944625846990943E-005
          14           1   1.8916751713674390E-014
          14           2   1.3389862997942934E-014
          14           3   2.4431646552228202E-014
          14           4   7.7443950024405887E-013
          14           5  -1.4279263022032019E-012
          14           6  -2.0657412580458986E-002
          14           7  -1.7580575500841918E-002
          14           8  0.10803949931574565     
          14           9  -2.0260976006872187E-002
          14          10  -1.7243186609779592E-002
          14          11  0.10596611356522961     
          14          12  -1.0534381320121791E-002
          14          13  -8.9653282626718112E-003
          14          14   5.5095443011437824E-002
          14          15   3.4641633854453674E-014
          14          16   5.7779369039095998E-014
          14          17   2.0244154661876278E-014
          14          18   1.6234949017534206E-014
          14          19  -2.9728265900720466E-014
          14          20  -9.7500135924812217E-014
          14          21  -1.4293801029371650E-013
          14          22   4.1014784948483720E-014
          14          23   5.6649743359974181E-014
          14          24   3.0973044480849976E-013
          14          25  -4.2194613805683046E-014
          14          26  -1.6583166383334473E-013
          14          27   1.8446381906350422E-005
          14          28   7.8915147325510175E-005
          14          29   5.7790046441282827E-005
          14          30  -6.4625620150201845E-006
          14          31  -1.5294139153516834E-005
          14          32  -1.8972103950002853E-004
          14          33   3.7933480386053254E-005
          14          34  -1.7506086572564763E-004
          14          35  -1.4898626881444318E-004
          14          36   3.4380158987696240E-004
          15           1   1.4071937094318652E-003
          15           2   7.8086017696642846E-004
          15           3   4.7772111595869521E-003
          15           4   4.8555053783151973E-003
          15           5   2.4759565840309469E-003
          15           6   4.6187681273187912E-014
          15           7  -8.3468017006994830E-014
          15           8   7.0267809073108596E-014
          15           9   4.5167163390595646E-014
          15          10  -8.2120145871060035E-014
          15          11   6.9522971256982741E-014
          15          12   2.6604509017574989E-014
          15          13  -4.5249073324649609E-014
          15          14   3.4641633854453674E-014
          15          15   9.8685808641284760E-005
          15          16   5.6474920608365468E-005
          15          17   8.2841373287433098E-005
          15          18   2.1877762657728793E-005
          15          19   1.8619159730925768E-005
          15          20   4.7463925443656010E-005
          15          21   3.0182498306170514E-004
          15          22   1.2760447299376874E-004
          15          23   2.6602464518036097E-004
          15          24   4.9432569321336152E-005
          15          25   4.2069791433132490E-005
          15          26   1.8608966306157455E-004
          15          27   3.6245236021537418E-017
          15          28  -2.3919256518889504E-016
          15          29   2.7520763605100266E-016
          15          30  -7.6224704479898902E-017
          15          31  -2.3869682655131385E-016
          15          32  -2.2813535602297909E-016
          15          33  -5.7087954613741584E-017
          15          34  -1.8053131484611444E-017
          15          35  -3.1582680217991543E-016
          15          36  -1.6810958079597546E-016
          16           1  -2.1812582518205290E-005
          16           2   1.3881021180319939E-004
          16           3  -8.2787047217460375E-004
          16           4  -1.1576113553053878E-003
          16           5   8.2671263081970968E-004
          16           6  -8.7938830698409695E-014
          16           7   6.9012450464204065E-014
          16           8   9.2277992780611586E-014
          16           9  -9.5968299393955953E-014
          16          10   7.3319634011801763E-014
          16          11   9.3701752677445833E-014
          16          12  -6.3614176148998393E-014
          16          13   5.1776560096295798E-014
          16          14   5.7779369039095998E-014
          16          15   5.6474920608365468E-005
          16          16   2.2288392363564439E-004
          16          17  -6.0567285611664451E-006
          16          18   8.6342780061000990E-005
          16          19   7.3482377916429472E-005
          16          20  -1.4567737117671540E-004
          16          21   2.3042016807692527E-004
          16          22   4.9082953029611044E-004
          16          23   9.2714479665289944E-005
          16          24   1.9014196270893856E-004
          16          25   1.6182109989271040E-004
          16          26  -2.1475474012130631E-004
          16          27   1.0476319548514664E-015
          16          28   1.3368861628366953E-015
          16          29  -1.6242784006339326E-017
          16          30  -5.2632200023779253E-016
          16          31   2.2080822983422005E-017
          16          32   6.1990837430941908E-016
          16          33  -1.1988775031941447E-015
          16          34  -1.0122830862204741E-015
          16          35   5.8329157721226355E-016
          16          36   1.7143658888333891E-015
          17           1   1.4133133776588907E-003
          17           2   7.4191599110880560E-004
          17           3   5.0094760316400843E-003
          17           4   5.1802813709598602E-003
          17           5   2.2440165531566808E-003
          17           6  -9.6956321637145735E-014
          17           7   9.2978750753661587E-014
          17           8   4.7933634931745608E-014
          17           9  -9.2503559782008676E-014
          17          10   8.9360445196330881E-014
          17          11   4.6721126013858287E-014
          17          12  -4.1126873695679745E-014
          17          13   4.0078564543122199E-014
          17          14   2.0244154661876278E-014
          17          15   8.2841373287433098E-005
          17          16  -6.0567285611664451E-006
          17          17   8.4540631009684880E-005
          17          18  -2.3463103172370701E-006
          17          19  -1.9968371568743563E-006
          17          20   8.8334734431007016E-005
          17          21   2.3717898746179850E-004
          17          22  -1.0101196852936394E-005
          17          23   2.4001294701766411E-004
          17          24  -3.9130929190865093E-006
          17          25  -3.3302539606579743E-006
          17          26   2.4634061262998250E-004
          17          27  -1.0782140790032580E-016
          17          28  -1.0840794909916496E-016
          17          29  -4.2930041855428520E-016
          17          30   1.4341747110560802E-016
          17          31  -2.0055780120766539E-017
          17          32  -4.5044481658363117E-016
          17          33   5.5174514206800057E-017
          17          34   2.2335167287535258E-017
          17          35  -2.0489368204610000E-016
          17          36  -6.3777408515741548E-016
          18           1  -8.4499480665859578E-006
          18           2   5.3773562455217291E-005
          18           3  -3.2070793502461626E-004
          18           4  -4.4844592846699188E-004
          18           5   3.2025936837679037E-004
          18           6   6.6772131251973978E-014
          18           7  -8.7081680222768015E-014
          18           8   2.3691268506148533E-014
          18           9   6.1726407478851825E-014
          18          10  -8.3228874381132343E-014
          18          11   2.4474188159569931E-014
          18          12   2.6779900440554954E-014
          18          13  -3.7983713867995184E-014
          18          14   1.6234949017534206E-014
          18          15   2.1877762657728793E-005
          18          16   8.6342780061000990E-005
          18          17  -2.3463103172370701E-006
          18          18   3.3448243135065435E-005
          18          19   2.8466264822085012E-005
          18          20  -5.6433811293920587E-005
          18          21   8.9262237461287274E-005
          18          22   1.9014196039833319E-004
          18          23   3.5916568677271465E-005
          18          24   7.3658904592910633E-005
          18          25   6.2687713897026473E-005
          18          26  -8.3193624584938322E-005
          18          27   3.1579559344216920E-016
          18          28   2.1239630117485339E-016
          18          29   4.0640244165614722E-016
          18          30  -2.4572999116111485E-016
          18          31  -1.2258602025887266E-016
          18          32   2.8616416077098476E-016
          18          33  -3.3581840523665471E-016
          18          34  -2.3238738176864685E-016
          18          35   7.7820258798483000E-017
          18          36   6.2576140053850454E-016
          19           1  -7.1913605742661706E-006
          19           2   4.5764216536224069E-005
          19           3  -2.7293981474363154E-004
          19           4  -3.8165176025510366E-004
          19           5   2.7255804814034132E-004
          19           6   7.6020551048149844E-014
          19           7  -6.3585186895586572E-014
          19           8  -6.5227256352140925E-014
          19           9   7.1358017663656243E-014
          19          10  -6.0508245808983061E-014
          19          11  -6.2922233781630743E-014
          19          12   3.2579174656861121E-014
          19          13  -2.6958376190662583E-014
          19          14  -2.9728265900720466E-014
          19          15   1.8619159730925768E-005
          19          16   7.3482377916429472E-005
          19          17  -1.9968371568743563E-006
          19          18   2.8466264822085012E-005
          19          19   2.4226331698467224E-005
          19          20  -4.8028227210749681E-005
          19          21   7.5966993836159349E-005
          19          22   1.6182109704855467E-004
          19          23   3.0566943119663466E-005
          19          24   6.2687713557013001E-005
          19          25   5.3350636613987894E-005
          19          26  -7.0802276504334448E-005
          19          27   2.5161966689797843E-016
          19          28   1.0975645554497719E-016
          19          29   3.1239187859460282E-016
          19          30  -2.0526018625462142E-016
          19          31  -9.6105057202427147E-017
          19          32   3.9421160179255048E-016
          19          33  -3.1191508186509974E-016
          19          34  -5.5333356760045349E-017
          19          35   1.7918729495964028E-016
          19          36   2.6083071495940266E-016
          20           1   1.4269773403726566E-003
          20           2   6.5496136453512270E-004
          20           3   5.5280770512032779E-003
          20           4   5.9054411987745914E-003
          20           5   1.7261409873476881E-003
          20           6  -2.8126824023913312E-014
          20           7   9.5549509520454479E-014
          20           8  -1.6978686254143010E-013
          20           9  -1.8907907634512683E-014
          20          10   8.8354077614552043E-014
          20          11  -1.6882232533271218E-013
          20          12   5.7307192868825451E-015
          20          13   3.1001356597944654E-014
          20          14  -9.7500135924812217E-014
          20          15   4.7463925443656010E-005
          20          16  -1.4567737117671540E-004
          20          17   8.8334734431007016E-005
          20          18  -5.6433811293920587E-005
          20          19  -4.8028227210749681E-005
          20          20   1.7959106270191595E-004
          20          21   9.2837436642843240E-005
          20          22  -3.1757036439521483E-004
          20          23   1.8193404090188837E-004
          20          24  -1.2302326738984938E-004
          20          25  -1.0469945814193671E-004
          20          26   3.8086891373669305E-004
          20          27  -7.7635830744550092E-016
          20          28  -1.0119884567189042E-015
          20          29  -5.7627217426062434E-016
          20          30   4.8995680218312745E-016
          20          31   1.1446012752567873E-017
          20          32  -5.6220137559752831E-016
          20          33   7.2734094599135206E-016
          20          34   8.9161745923051800E-016
          20          35  -3.2161169391358979E-016
          20          36  -2.2205792657759272E-015
          21           1   6.6249233329843931E-003
          21           2   5.7246292746346303E-003
          21           3   1.3578263665797011E-002
          21           4   1.3034205822943595E-002
          21           5   7.3511197489601063E-003
          21           6  -3.3777255616168135E-013
          21           7   5.0098682219989977E-013
          21           8  -2.8226307304336506E-013
          21           9  -3.3556844842604146E-013
          21          10   4.9291976478060485E-013
          21          11  -2.7357980954727937E-013
          21          12  -1.7087366806368731E-013
          21          13   2.5448815488011878E-013
          21          14  -1.4293801029371650E-013
          21          15   3.0182498306170514E-004
          21          16   2.3042016807692527E-004
          21          17   2.3717898746179850E-004
          21          18   8.9262237461287274E-005
          21          19   7.5966993836159349E-005
          21          20   9.2837436642843240E-005
          21          21   1.0260007294607735E-003
          21          22   5.3979875296062112E-004
          21          23   8.7455637292446829E-004
          21          24   2.0911210014503166E-004
          21          25   1.7796571307015135E-004
          21          26   5.3641146347977722E-004
          21          27   2.4991050814270368E-016
          21          28   1.3877476830783446E-015
          21          29  -2.0753233741866345E-015
          21          30   5.5103722756742600E-016
          21          31   4.0835018563301974E-016
          21          32   3.0044201988567477E-016
          21          33  -1.2613505509813364E-015
          21          34  -5.7803343742568922E-016
          21          35   1.2338936345111164E-015
          21          36  -1.0331499408079504E-015
          22           1   1.7271481586531934E-004
          22           2   5.1045765898179076E-004
          22           3  -1.4033063591473820E-003
          22           4  -2.2118881229347999E-003
          22           5   2.0088397278910227E-003
          22           6  -3.3919472804722083E-013
          22           7   3.8827812074294064E-013
          22           8   3.4222057253267852E-014
          22           9  -3.5416372235916835E-013
          22          10   3.9326440455174065E-013
          22          11   4.0709762715744862E-014
          22          12  -2.1406984788892616E-013
          22          13   2.3435328286374999E-013
          22          14   4.1014784948483720E-014
          22          15   1.2760447299376874E-004
          22          16   4.9082953029611044E-004
          22          17  -1.0101196852936394E-005
          22          18   1.9014196039833319E-004
          22          19   1.6182109704855467E-004
          22          20  -3.1757036439521483E-004
          22          21   5.3979875296062112E-004
          22          22   1.0880004755124111E-003
          22          23   2.3455254156375474E-004
          22          24   4.2147942016538382E-004
          22          25   3.5870179512030944E-004
          22          26  -4.4700110757428529E-004
          22          27   2.3096881054745490E-015
          22          28   3.4090530896965188E-015
