           1           1   2.1844570625680362     
           1           2   8.5880568118441719E-002
           1           3 -0.59931024140070588     
           1           4  0.15947959733861003     
           1           5   9.7517776873158379E-002
           1           6  -4.5679230534745374E-012
           1           7   5.3587554337868362E-012
           1           8   2.3525428567253831E-012
           1           9   1.3803468004324751E-012
           1          10  -9.0653868884723143E-012
           1          11  -2.0977177771919155E-012
           1          12  -2.3069375552870538E-012
           1          13   5.2573397849602786E-012
           1          14   8.4892385537697790E-013
           1          15  -8.5616004702109309E-014
           1          16  -1.0120819409069132E-012
           1          17  -1.7327297889511756E-012
           1          18  -7.8909030540859596E-013
           1          19   4.6082588943486332E-013
           1          20  -2.0399025114241786E-012
           1          21  -2.6881796224310509E-003
           1          22   1.1260980385103307E-005
           1          23  -2.7131271389729730E-003
           1          24   6.3476723633243361E-005
           1          25  -1.8424957050560951E-004
           1          26  -3.5842665971786130E-003
           1          27  -1.3915143862491803E-002
           1          28   1.9823160071372386E-006
           1          29  -1.3919535476429316E-002
           1          30   1.1174053721252461E-005
           1          31  -3.2434168919000662E-005
           1          32  -1.4072885442438270E-002
           1          33  -5.7865316732603478E-003
           1          34   1.2547622168556502E-005
           1          35  -5.8143296148976779E-003
           1          36   7.0729378367001040E-005
           1          37  -2.0530141237184323E-004
           1          38  -6.7850031709434516E-003
           1          39   1.0083006420635466E-012
           1          40  -1.1540103742353039E-012
           1          41   1.4358888191646570E-013
           1          42  -2.4204074500227627E-012
           1          43  -3.0607134439815614E-013
           1          44   1.5021219542965382E-013
           1          45  -3.3151319297165136E-013
           1          46  -1.1395498752413269E-013
           1          47   3.8696374717542392E-013
           1          48  -1.2562658041579965E-013
           2           1   8.5880568118441719E-002
           2           2  0.11565880651890735     
           2           3 -0.45352990980233071     
           2           4  0.10674607903486441     
           2           5   7.3802364884837407E-002
           2           6  -1.5952212723833901E-012
           2           7   3.0825425356070595E-012
           2           8   1.5740371603392605E-012
           2           9   9.1677126483087810E-013
           2          10  -4.1461653611400093E-012
           2          11  -9.2487035588947353E-013
           2          12  -1.5022262950747312E-012
           2          13   3.4096362533158608E-012
           2          14   4.4602412659152358E-013
           2          15   8.6878148991690534E-013
           2          16  -3.9668694947721096E-012
           2          17  -2.2405782963611569E-012
           2          18  -7.3824600009572932E-013
           2          19   5.0436316742374604E-013
           2          20  -1.7749864892757016E-012
           2          21   2.4674109748270618E-004
           2          22   8.7564116566350296E-006
           2          23   2.2734218913070213E-004
           2          24   4.9358784549510851E-005
           2          25  -1.4327038850907721E-004
           2          26  -4.5004601039011971E-004
           2          27  -3.7541979965569929E-004
           2          28   1.8190577607846068E-006
           2          29  -3.7944973189631397E-004
           2          30   1.0253789482835333E-005
           2          31  -2.9762980001879144E-005
           2          32  -5.2017022606551779E-004
           2          33   1.3782504355919455E-003
           2          34   1.1462457034028935E-005
           2          35   1.3528565639023648E-003
           2          36   6.4612437620436468E-005
           2          37  -1.8754617744849342E-004
           2          38   4.6613049632013813E-004
           2          39   3.1093669443300077E-013
           2          40  -2.4089421912412894E-013
           2          41  -1.4268219511045029E-013
           2          42  -3.9718360322182783E-013
           2          43  -8.7508425370999186E-014
           2          44   1.3687173035441259E-013
           2          45  -9.5207389280577770E-014
           2          46  -3.6119227249735769E-013
           2          47   1.1528356426705675E-012
           2          48   2.9177047579929926E-013
           3           1 -0.59931024140070588     
           3           2 -0.45352990980233071     
           3           3   1.8995238274640287     
           3           4 -0.70783422892253056     
           3           5 -0.48758482008827803     
           3           6   6.3529237201224218E-012
           3           7  -1.5250023378990462E-011
           3           8  -9.7190265889094112E-012
           3           9  -4.3295333155557097E-012
           3          10   1.7302363999807363E-011
           3          11   2.5631060528444816E-012
           3          12   9.7129231724364376E-012
           3          13  -2.0686075166517035E-011
           3          14  -2.0384907813995803E-012
           3          15  -5.2163615320408142E-012
           3          16   2.7281995474165033E-011
           3          17   1.6197293075933352E-011
           3          18   6.2684180285845582E-012
           3          19  -6.0129874434259929E-012
           3          20   1.1991112107812657E-011
           3          21  -6.6399493810780606E-004
           3          22  -3.5876880165073197E-005
           3          23  -5.8451348362404320E-004
           3          24  -2.0223343018413589E-004
           3          25   5.8700923829429911E-004
           3          26   2.1908899520649314E-003
           3          27   9.2048189623458992E-004
           3          28  -6.1794690893104281E-006
           3          29   9.3417186897165909E-004
           3          30  -3.4832822316791098E-005
           3          31   1.0110687479742081E-004
           3          32   1.4122086848637992E-003
           3          33  -6.6986394010969804E-003
           3          34  -8.3529430512095014E-005
           3          35  -6.5135887128327094E-003
           3          36  -4.7084495298365336E-004
           3          37   1.3666899375485804E-003
           3          38  -5.1822318023770492E-005
           3          39  -1.5546030460711352E-012
           3          40   1.0805510679516341E-012
           3          41   1.2903787917718621E-012
           3          42   1.1178208428303691E-012
           3          43   6.4003201230609178E-013
           3          44  -8.2970536228904376E-013
           3          45   2.4583947749017734E-013
           3          46   2.6412989066082339E-012
           3          47  -8.3419423113483320E-012
           3          48  -2.1143246118225573E-012
           4           1  0.15947959733861003     
           4           2  0.10674607903486441     
           4           3 -0.70783422892253056     
           4           4  0.98249450538244498     
           4           5  0.67700120904262406     
           4           6   1.0065644681601229E-011
           4           7   4.7678243127957626E-011
           4           8   1.2930031827947340E-011
           4           9   8.0515471208574370E-012
           4          10   1.3078964021137910E-011
           4          11   3.3527611093694184E-012
           4          12   2.0112884638835677E-012
           4          13  -1.7588447922357393E-011
           4          14   1.6917303304477500E-012
           4          15   3.5896370904953399E-011
           4          16  -1.3432088826322017E-010
           4          17  -2.7039978131739044E-011
           4          18   8.8307837131047254E-012
           4          19  -4.8988407364242987E-011
           4          20  -1.5092951646695077E-011
           4          21   2.4643383176116949E-004
           4          22   9.8550018261944484E-006
           4          23   2.2460110363710698E-004
           4          24   5.5551387585225291E-005
           4          25  -1.6124526784537247E-004
           4          26  -5.3777298019185428E-004
           4          27   6.0004312586834745E-003
           4          28  -1.2163707117614556E-005
           4          29   6.0273786591958523E-003
           4          30  -6.8565362220923427E-005
           4          31   1.9901999271988366E-004
           4          32   6.9683542413406328E-003
           4          33   7.5869911189440477E-003
           4          34   1.1579380333696406E-004
           4          35   7.3304620983239725E-003
           4          36   6.5271519538131974E-004
           4          37  -1.8945924593893214E-003
           4          38  -1.6272492526563341E-003
           4          39   8.3809227889053599E-013
           4          40   3.9942783050699209E-015
           4          41  -2.4100154100679400E-012
           4          42   2.4449553344762944E-012
           4          43  -3.6512727589305433E-013
           4          44   1.0322450401870394E-012
           4          45   6.6086637230492209E-013
           4          46  -4.9388773758870528E-012
           4          47   1.2864328423500199E-011
           4          48   3.3992162969720537E-012
           5           1   9.7517776873158379E-002
           5           2   7.3802364884837407E-002
           5           3 -0.48758482008827803     
           5           4  0.67700120904262406     
           5           5  0.46973187648672199     
           5           6   1.9653593685825916E-011
           5           7  -5.6463533394411156E-011
           5           8   6.6683527848454990E-012
           5           9   1.2098095403408632E-011
           5          10  -3.6073027863114347E-011
           5          11   1.2135740048327073E-012
           5          12  -3.7468263253386844E-011
           5          13   1.0887394991740038E-010
           5          14  -4.1303782300706339E-013
           5          15  -5.6683264810044696E-011
           5          16   1.6827512989990381E-010
           5          17  -1.4040044490275704E-011
           5          18  -5.0558801523335270E-011
           5          19   1.4068336118828142E-010
           5          20  -1.6450684855929943E-011
           5          21   2.9233925170403248E-004
           5          22   1.0833712790578622E-005
           5          23   2.6833829546005179E-004
           5          24   6.1068255437444422E-005
           5          25  -1.7725868001421531E-004
           5          26  -5.6974789560957284E-004
           5          27   4.7969552173021445E-003
           5          28   2.2187786565899012E-005
           5          29   4.7478004945507987E-003
           5          30   1.2506965653529575E-004
           5          31  -3.6303114679417771E-004
           5          32   3.0313749443072347E-003
           5          33   5.7568678143461406E-003
           5          34   1.2314771829474998E-004
           5          35   5.4840469979804832E-003
           5          36   6.9416823820497137E-004
           5          37  -2.0149151638553528E-003
           5          38  -4.0425546975523148E-003
           5          39   7.3379190022831410E-013
           5          40  -9.4773420994611242E-013
           5          41  -2.2223539858346508E-012
           5          42  -3.8056885638557665E-013
           5          43  -1.8438556836542351E-012
           5          44   7.1016429746690188E-013
           5          45  -2.3177447119934246E-013
           5          46  -1.6619300272851749E-012
           5          47   1.0019830475441163E-011
           5          48   2.4557396692443788E-012
           6           1  -4.5679230534745374E-012
           6           2  -1.5952212723833901E-012
           6           3   6.3529237201224218E-012
           6           4   1.0065644681601229E-011
           6           5   1.9653593685825916E-011
           6           6   1.0901887084400097     
           6           7   4.7914224815106057E-004
           6           8   2.7008646134112115E-003
           6           9  0.53869870222922023     
           6          10   2.0166740583169246E-004
           6          11   1.1367737221777423E-003
           6          12  -2.5095912679931533E-002
           6          13  -5.6428781060991785E-004
           6          14  -3.1808196476778737E-003
           6          15 -0.21231290822134369     
           6          16  -1.0648764940712277E-003
           6          17  -6.0025752903603759E-003
           6          18 -0.14440124158599804     
           6          19  -8.4494810373136886E-004
           6          20  -4.7628668382233346E-003
           6          21  -1.1001432450711103E-011
           6          22   2.1516213193975261E-011
           6          23   3.4279821438785360E-012
           6          24   6.2738692788531929E-012
           6          25  -1.2713431078184509E-012
           6          26   4.4860720831687394E-012
           6          27  -7.1251633079978302E-012
           6          28   8.1223241660004285E-012
           6          29  -3.9907798659181902E-012
           6          30   1.2983275636144522E-012
           6          31  -4.3862420369872866E-012
           6          32  -3.8532989932681517E-012
           6          33  -1.0332935621199708E-011
           6          34   1.3441807074152519E-011
           6          35   4.4012659325728986E-013
           6          36   3.6867213931403122E-012
           6          37  -5.4278938846872996E-012
           6          38  -7.4711280756060427E-012
           6          39  -1.0025900676445567E-002
           6          40   4.3338154893397205E-005
           6          41  -4.5651771025853570E-003
           6          42  -4.4524351337357064E-005
           6          43   2.4429175078990930E-004
           6          44  -6.0142207339720357E-004
           6          45  -1.0878031034029853E-004
           6          46  -7.4087254341062584E-003
           6          47   9.0409677216003444E-006
           6          48  -1.3191266033132687E-004
           7           1   5.3587554337868362E-012
           7           2   3.0825425356070595E-012
           7           3  -1.5250023378990462E-011
           7           4   4.7678243127957626E-011
           7           5  -5.6463533394411156E-011
           7           6   4.7914224815106057E-004
           7           7   1.0889630060319977     
           7           8  -7.8396181394908872E-003
           7           9   2.0166740338612831E-004
           7          10  0.53818281323110617     
           7          11  -3.2996365749724749E-003
           7          12  -5.6428780368982141E-004
           7          13  -2.3652398477471893E-002
           7          14   9.2327484789710805E-003
           7          15  -1.0648765906694085E-003
           7          16 -0.20958882930269135     
           7          17   1.7423266903334067E-002
           7          18  -8.4494806700077807E-004
           7          19 -0.14223976546742562     
           7          20   1.3824849648137485E-002
           7          21  -1.7049176217323839E-011
           7          22  -2.3610215932087063E-012
           7          23   3.2141106439346329E-011
           7          24  -5.3679313958293365E-012
           7          25   1.0911683347925959E-011
           7          26  -1.4435947678034880E-011
           7          27  -1.5992032229010681E-012
           7          28  -2.9028554200746263E-012
           7          29  -4.3779093967260130E-012
           7          30  -3.4080676692273189E-012
           7          31   3.5121726014295202E-012
           7          32  -7.0986500629087079E-012
           7          33   5.9976895271138538E-012
           7          34   9.3793948320481439E-012
           7          35   3.4731006126417003E-011
           7          36  -5.3690969040231355E-012
           7          37   5.7076555630261998E-012
           7          38  -1.3757046440495575E-012
           7          39  -4.5129209378322820E-005
           7          40  -4.4323016037377469E-003
           7          41   4.4149738326302264E-005
           7          42  -1.0093675025118863E-002
           7          43   3.2902782372516655E-004
           7          44   2.1248125594462312E-004
           7          45  -7.2236779445883944E-004
           7          46   9.0409904787025366E-006
           7          47  -7.4318533130436452E-003
           7          48   3.8289384383867551E-004
           8           1   2.3525428567253831E-012
           8           2   1.5740371603392605E-012
           8           3  -9.7190265889094112E-012
           8           4   1.2930031827947340E-011
           8           5   6.6683527848454990E-012
           8           6   2.7008646134112115E-003
           8           7  -7.8396181394908872E-003
           8           8   1.0461628369077927     
           8           9   1.1367737105449083E-003
           8          10  -3.2996365573754573E-003
           8          11  0.52016854426001857     
           8          12  -3.1808196936574384E-003
           8          13   9.2327484886273684E-003
           8          14   2.6753528799380186E-002
           8          15  -6.0025753345452756E-003
           8          16   1.7423267007364816E-002
           8          17 -0.11446700073508291     
           8          18  -4.7628666710075067E-003
           8          19   1.3824849441885041E-002
           8          20  -6.6763391979052553E-002
           8          21  -1.8811712512354759E-012
           8          22  -8.0261312125688458E-013
           8          23  -4.6401325457051185E-012
           8          24  -4.8587972417990740E-012
           8          25   1.5737465880986216E-011
           8          26   7.3339000798837863E-012
           8          27  -2.1440657092417296E-012
           8          28   1.2081546215962121E-012
           8          29  -3.7765715287209625E-012
           8          30   3.8226346605338285E-012
           8          31  -1.2280748412784250E-011
           8          32  -2.1997513307986845E-012
           8          33   3.5687539493171939E-012
           8          34  -8.5286617993986485E-013
           8          35  -5.7239961817041095E-012
           8          36   7.6481554625181901E-012
           8          37  -2.6793336109340231E-011
           8          38  -2.4858448232824105E-012
           8          39  -2.5438792995713784E-004
           8          40   3.2902782441540917E-004
           8          41  -1.0878031270427693E-004
           8          42   7.2849711636115860E-004
           8          43  -2.6359836038809116E-003
           8          44   7.0417890589975329E-005
           8          45  -2.7919870054838041E-003
           8          46   4.0860960890717668E-004
           8          47  -1.1860433168675250E-003
           8          48  -1.4401124609917415E-002
           9           1   1.3803468004324751E-012
           9           2   9.1677126483087810E-013
           9           3  -4.3295333155557097E-012
           9           4   8.0515471208574370E-012
           9           5   1.2098095403408632E-011
           9           6  0.53869870222922023     
           9           7   2.0166740338612831E-004
           9           8   1.1367737105449083E-003
           9           9  0.26622124762345656     
           9          10   8.2052549330823661E-005
           9          11   4.6251981638799165E-004
           9          12  -1.4536584597595244E-002
           9          13  -2.8650498719014639E-004
           9          14  -1.6149926957741082E-003
           9          15 -0.10922121081181230     
           9          16  -5.3342712074745668E-004
           9          17  -3.0068617905537349E-003
           9          18  -7.4044246248743742E-002
           9          19  -4.2679341121325959E-004
           9          20  -2.4057811026335133E-003
           9          21  -5.4523792608318613E-012
           9          22   1.0672232235367360E-011
           9          23   1.7009566424770754E-012
           9          24   3.1165001548019563E-012
           9          25  -6.4312315002683711E-013
           9          26   2.2262718718533385E-012
           9          27  -3.5839918313554639E-012
           9          28   4.0378428534861060E-012
           9          29  -2.0067246325064532E-012
           9          30   6.5318168405249186E-013
           9          31  -2.1857161856672339E-012
           9          32  -1.7914416741593378E-012
           9          33  -5.4071100899144675E-012
           9          34   6.8328713197403621E-012
           9          35   1.5323487084946672E-013
           9          36   1.8718918504968026E-012
           9          37  -2.8025565832109342E-012
           9          38  -3.5368111818336210E-012
           9          39  -4.8961397952926727E-003
           9          40   2.2320102116994412E-005
           9          41  -2.2317787952015906E-003
           9          42  -2.3256262082374468E-005
           9          43   1.2581561971548833E-004
           9          44  -3.1125927491998449E-004
           9          45  -5.6721227957221223E-005
           9          46  -3.7034254647095280E-003
           9          47   5.5392885316915495E-006
           9          48  -6.5541905325021020E-005
          10           1  -9.0653868884723143E-012
          10           2  -4.1461653611400093E-012
          10           3   1.7302363999807363E-011
          10           4   1.3078964021137910E-011
          10           5  -3.6073027863114347E-011
          10           6   2.0166740583169246E-004
          10           7  0.53818281323110617     
          10           8  -3.2996365573754573E-003
          10           9   8.2052549330823661E-005
          10          10  0.26601134753914046     
          10          11  -1.3425251003626318E-003
          10          12  -2.8650498449434708E-004
          10          13  -1.3803671337198006E-002
          10          14   4.6877292809764434E-003
          10          15  -5.3342716989961993E-004
          10          16 -0.10785664169971040     
          10          17   8.7278131421977562E-003
          10          18  -4.2679339344028032E-004
          10          19  -7.2952458764265288E-002
          10          20   6.9830971872590283E-003
          10          21  -8.4137349229920546E-012
          10          22  -1.1657059182226422E-012
          10          23   1.5922774519682805E-011
          10          24  -2.6534663201358919E-012
          10          25   5.3921804774296464E-012
          10          26  -7.1694821036659953E-012
          10          27  -5.9622132796876093E-013
          10          28  -1.3752383800465697E-012
          10          29  -1.9972624325881576E-012
          10          30  -1.6871861931435694E-012
          10          31   1.6158630026808250E-012
          10          32  -3.9065725517810263E-012
          10          33   3.3218277612737287E-012
          10          34   4.7477691028577389E-012
          10          35   1.7610448581330260E-011
          10          36  -2.6818551066410943E-012
          10          37   2.7888223303691699E-012
          10          38  -1.1338657597717995E-012
          10          39  -2.3589265449223048E-005
          10          40  -2.1627499921101426E-003
          10          41   2.2766912873183189E-005
          10          42  -4.9306565527438371E-003
          10          43   1.7195130351223170E-004
          10          44   1.1014164317881603E-004
          10          45  -3.7250696339682693E-004
          10          46   5.5392999805696432E-006
          10          47  -3.7175956266374088E-003
          10          48   1.9024399522284195E-004
          11           1  -2.0977177771919155E-012
          11           2  -9.2487035588947353E-013
          11           3   2.5631060528444816E-012
          11           4   3.3527611093694184E-012
          11           5   1.2135740048327073E-012
          11           6   1.1367737221777423E-003
          11           7  -3.2996365749724749E-003
          11           8  0.52016854426001857     
          11           9   4.6251981638799165E-004
          11          10  -1.3425251003626318E-003
          11          11  0.25868187215521188     
          11          12  -1.6149927277067534E-003
          11          13   4.6877292948789596E-003
          11          14   1.1788853127350216E-002
          11          15  -3.0068618288831579E-003
          11          16   8.7278132106023351E-003
          11          17  -6.0207395055551199E-002
          11          18  -2.4057810265982267E-003
          11          19   6.9830970929868289E-003
          11          20  -3.4828438349570598E-002
          11          21  -9.1977394387034678E-013
          11          22  -3.9117997881541181E-013
          11          23  -2.3072919264503556E-012
          11          24  -2.3870454080013861E-012
          11          25   7.7114876470085136E-012
          11          26   3.6220197732934483E-012
          11          27  -9.4395767511616699E-013
          11          28   6.1341932186384209E-013
          11          29  -1.8665281104262916E-012
          11          30   2.0486667755842918E-012
          11          31  -6.5830823211510797E-012
          11          32  -1.2303776503636229E-012
          11          33   1.9038896789935449E-012
          11          34  -4.3344364483168335E-013
          11          35  -2.8250460581926837E-012
          11          36   3.9837760371288935E-012
          11          37  -1.4000712033274284E-011
          11          38  -1.4383283183726524E-012
          11          39  -1.3296984714662637E-004
          11          40   1.7195130443086330E-004
          11          41  -5.6721229551490353E-005
          11          42   3.8051357030316355E-004
          11          43  -1.2239867663286948E-003
          11          44   3.7554927658157145E-005
          11          45  -1.3071857433669890E-003
          11          46   2.1627971714652044E-004
          11          47  -6.2778042376018556E-004
          11          48  -7.2044624672773089E-003
          12           1  -2.3069375552870538E-012
          12           2  -1.5022262950747312E-012
          12           3   9.7129231724364376E-012
          12           4   2.0112884638835677E-012
          12           5  -3.7468263253386844E-011
          12           6  -2.5095912679931533E-002
          12           7  -5.6428780368982141E-004
          12           8  -3.1808196936574384E-003
          12           9  -1.4536584597595244E-002
          12          10  -2.8650498449434708E-004
          12          11  -1.6149927277067534E-003
          12          12  0.14451344411924824     
          12          13   7.1160631630162036E-004
          12          14   4.0112355808495821E-003
          12          15  0.29506942075785714     
          12          16   1.3915303518087750E-003
          12          17   7.8438819747282916E-003
          12          18  0.18500704870874618     
          12          19   1.1076599713723857E-003
          12          20   6.2437408384979076E-003
          12          21   1.4728707251464008E-012
          12          22  -4.2896617442073195E-012
          12          23  -1.1529492054669059E-012
          12          24  -1.3669537516731829E-012
          12          25   1.1511750401144414E-012
          12          26  -4.1981712987264733E-013
          12          27   2.6282449824735063E-012
          12          28  -5.3897514802364957E-012
          12          29  -1.6721956962686408E-012
          12          30  -1.6586093624495727E-012
          12          31   3.8178396829387226E-012
          12          32   1.0321035891213977E-013
          12          33   2.2502590491962402E-011
          12          34  -1.8289593521662868E-011
          12          35   2.3668883873268039E-012
          12          36  -3.8257824760719571E-012
          12          37   1.0986245305888164E-011
          12          38   4.3682449191656391E-012
          12          39  -3.3993098339828885E-003
          12          40  -5.8697306375208105E-005
          12          41  -1.4045228462619239E-003
          12          42   6.9821351111981525E-005
          12          43  -3.3086932321921422E-004
          12          44   8.5423669397333775E-004
          12          45   1.7179849492975267E-004
          12          46   2.6343433957938664E-003
          12          47  -4.0255802786063374E-006
          12          48   2.4860983605744154E-004
          13           1   5.2573397849602786E-012
          13           2   3.4096362533158608E-012
          13           3  -2.0686075166517035E-011
          13           4  -1.7588447922357393E-011
          13           5   1.0887394991740038E-010
          13           6  -5.6428781060991785E-004
          13           7  -2.3652398477471893E-002
          13           8   9.2327484886273684E-003
          13           9  -2.8650498719014639E-004
          13          10  -1.3803671337198006E-002
          13          11   4.6877292948789596E-003
          13          12   7.1160631630162036E-004
          13          13  0.14269307200794545     
          13          14  -1.1643139999677339E-002
          13          15   1.3915303513384152E-003
          13          16  0.29150972317756263     
          13          17  -2.2767902012560123E-002
          13          18   1.1076599438554560E-003
          13          19  0.18217352498413891     
          13          20  -1.8123281611902308E-002
          13          21   1.3924739873677570E-012
          13          22   3.5770200861344416E-013
          13          23  -3.9345340728034402E-012
          13          24   2.4974819304316648E-013
          13          25  -9.6756752217331652E-013
          13          26   1.7415491905953152E-012
          13          27  -1.7169897608005593E-013
          13          28  -2.3536679553330011E-012
          13          29  -5.2817619783362200E-012
          13          30   2.9356490430774129E-012
          13          31  -9.5869521044122622E-013
          13          32   2.2858438526820274E-012
          13          33  -1.8690248895953407E-011
          13          34  -6.9009415171077687E-012
          13          35  -3.6996150512130163E-011
          13          36   5.2542088313820169E-012
          13          37  -9.0221650130926835E-012
          13          38  -1.3473247075223642E-011
          13          39   7.0557839635602157E-005
          13          40  -1.6006799932792568E-003
          13          41  -5.9685400475223725E-005
          13          42  -3.3197954110016259E-003
          13          43  -5.1483478590629678E-004
          13          44  -3.0072868097621649E-004
          13          45   9.7655898363644268E-004
          13          46  -4.0255932515628138E-006
          13          47   2.6446413441652550E-003
          13          48  -7.2162276929065223E-004
          14           1   8.4892385537697790E-013
          14           2   4.4602412659152358E-013
          14           3  -2.0384907813995803E-012
          14           4   1.6917303304477500E-012
          14           5  -4.1303782300706339E-013
          14           6  -3.1808196476778737E-003
          14           7   9.2327484789710805E-003
          14           8   2.6753528799380186E-002
          14           9  -1.6149926957741082E-003
          14          10   4.6877292809764434E-003
          14          11   1.1788853127350216E-002
          14          12   4.0112355808495821E-003
          14          13  -1.1643139999677339E-002
          14          14   7.9127682400669724E-002
          14          15   7.8438819351856134E-003
          14          16  -2.2767901998309054E-002
          14          17  0.16720901309019659     
          14          18   6.2437406018306888E-003
          14          19  -1.8123281335419600E-002
          14          20   8.3229984791286959E-002
          14          21  -4.0583002299757927E-013
          14          22  -3.5355838284066260E-013
          14          23   1.0152051345649652E-012
          14          24  -6.0110165435633112E-013
          14          25   2.1038874796596817E-012
          14          26  -7.0124767768222052E-013
          14          27  -3.3610270060762112E-012
          14          28  -8.3848508892596122E-013
          14          29   2.2189668981856371E-012
          14          30  -6.6579901145930081E-012
          14          31   2.1123313012431911E-011
          14          32   1.9278621984256967E-012
          14          33  -4.6935840283194901E-012
          14          34   4.0709107994749311E-013
          14          35   2.9784110565433147E-012
          14          36  -8.9531398459926107E-012
          14          37   3.3268581688144858E-011
          14          38   3.1687886750276139E-012
          14          39   3.9772573169765470E-004
          14          40  -5.1483479133336151E-004
          14          41   1.7179850441960886E-004
          14          42  -1.1424011496092229E-003
          14          43  -4.4114059030102128E-003
          14          44  -9.3191130820221446E-005
          14          45  -4.2049507880603625E-003
          14          46  -5.3092932898018974E-004
          14          47   1.5410924589291278E-003
          14          48   1.8197727643331414E-003
          15           1  -8.5616004702109309E-014
          15           2   8.6878148991690534E-013
          15           3  -5.2163615320408142E-012
          15           4   3.5896370904953399E-011
          15           5  -5.6683264810044696E-011
          15           6 -0.21231290822134369     
          15           7  -1.0648765906694085E-003
          15           8  -6.0025753345452756E-003
          15           9 -0.10922121081181230     
          15          10  -5.3342716989961993E-004
          15          11  -3.0068618288831579E-003
          15          12  0.29506942075785714     
          15          13   1.3915303513384152E-003
          15          14   7.8438819351856134E-003
          15          15  0.62647215170337367     
          15          16   2.6641618147906221E-003
          15          17   1.5017545414878925E-002
          15          18  0.39428340112858379     
          15          19   2.2084034383050496E-003
          15          20   1.2448493928905510E-002
          15          21   4.4214115211793973E-012
          15          22  -1.1704654501353816E-011
          15          23  -2.8453285059030265E-012
          15          24  -3.7665457609435881E-012
          15          25   2.6084225230562235E-012
          15          26  -1.3010122622222499E-012
          15          27   5.4394950483637337E-012
          15          28  -1.1016501022781104E-011
          15          29  -2.7247380048131455E-012
          15          30  -3.7021452062634342E-012
          15          31   8.8111602447389430E-012
          15          32   2.8939227180618815E-012
          15          33   4.5643760389051615E-011
          15          34  -3.7121649383316096E-011
          15          35   5.1140896006516707E-012
          15          36  -8.7065966359895958E-012
          15          37   2.3692070012032751E-011
          15          38   1.2464905888561740E-011
          15          39  -5.4602043706765465E-003
          15          40  -1.2164813101557457E-004
          15          41  -2.1915844773574720E-003
          15          42   1.6221606838818611E-004
          15          43  -6.8571520604060942E-004
          15          44   1.8479032385609298E-003
          15          45   3.9708205846203544E-004
          15          46   6.5453780674269452E-003
          15          47  -2.6568322597609901E-005
          15          48   5.0679801381392834E-004
          16           1  -1.0120819409069132E-012
          16           2  -3.9668694947721096E-012
          16           3   2.7281995474165033E-011
          16           4  -1.3432088826322017E-010
          16           5   1.6827512989990381E-010
          16           6  -1.0648764940712277E-003
          16           7 -0.20958882930269135     
          16           8   1.7423267007364816E-002
          16           9  -5.3342712074745668E-004
          16          10 -0.10785664169971040     
          16          11   8.7278132106023351E-003
          16          12   1.3915303518087750E-003
          16          13  0.29150972317756263     
          16          14  -2.2767901998309054E-002
          16          15   2.6641618147906221E-003
          16          16  0.61965691305544035     
          16          17  -4.3590408263084475E-002
          16          18   2.2084033508583470E-003
          16          19  0.38863404645418531     
          16          20  -3.6133397135865823E-002
          16          21   5.3972438157554989E-012
          16          22   1.0609221037674748E-012
          16          23  -1.2424275996525966E-011
          16          24   1.3765664736100381E-012
          16          25  -3.7331487541986644E-012
          16          26   5.2697521247446668E-012
          16          27  -3.3873646170432274E-013
          16          28  -4.5423996616124238E-012
          16          29  -8.3881872555613566E-012
          16          30   6.7202169469433371E-012
          16          31  -2.9047307278191534E-012
          16          32   1.6973488686105047E-012
          16          33  -3.9593778390381659E-011
          16          34  -1.5452026332115377E-011
          16          35  -7.7423642114854285E-011
          16          36   1.1792002768909874E-011
          16          37  -1.9626556274394657E-011
          16          38  -3.1835919907275684E-011
          16          39   1.6428682401753623E-004
          16          40  -2.6291018233074457E-003
          16          41  -1.2442634246014121E-004
          16          42  -5.3171182157602005E-003
          16          43  -1.1980394251952778E-003
          16          44  -6.5471328250589315E-004
          16          45   2.0358356044287134E-003
          16          46  -2.6568347820907798E-005
          16          47   6.6133430175645703E-003
          16          48  -1.4710479568278050E-003
          17           1  -1.7327297889511756E-012
          17           2  -2.2405782963611569E-012
          17           3   1.6197293075933352E-011
          17           4  -2.7039978131739044E-011
          17           5  -1.4040044490275704E-011
          17           6  -6.0025752903603759E-003
          17           7   1.7423266903334067E-002
          17           8 -0.11446700073508291     
          17           9  -3.0068617905537349E-003
          17          10   8.7278131421977562E-003
          17          11  -6.0207395055551199E-002
          17          12   7.8438819747282916E-003
          17          13  -2.2767902012560123E-002
          17          14  0.16720901309019659     
          17          15   1.5017545414878925E-002
          17          16  -4.3590408263084475E-002
