           1           1   2.5209652528822781     
           1           2   6.5116950196771606E-002
           1           3  -1.8098100287635268     
           1           4  0.73141967673317265     
           1           5  0.46107578115037967     
           1           6   5.6720621722042552E-013
           1           7   5.8618861852467969E-015
           1           8   4.5189052747560782E-014
           1           9  -7.2124049919691034E-014
           1          10   5.1568289733386641E-014
           1          11  -7.3804087963318745E-014
           1          12   3.6401516455304507E-014
           1          13  -1.0889173828692274E-014
           1          14  -2.4183157395092008E-014
           1          15   1.8343975950626228E-013
           1          16  -2.2427483658997453E-014
           1          17  -7.1612700378072068E-014
           1          18  -1.8636244562166367E-014
           1          19   1.1817211166306976E-015
           1          20   1.4263429752276851E-014
           1          21  0.35479760171615882     
           1          22  -6.7809440752504903E-015
           1          23  0.35479760171616215     
           1          24   1.1295153223142271E-014
           1          25   1.6461791796446594E-014
           1          26  0.35479760171611435     
           1          27 -0.19279221171166414     
           1          28  -1.0963016321277028E-014
           1          29 -0.19279221171167132     
           1          30   7.7422129484275284E-015
           1          31   3.1521701032383711E-015
           1          32 -0.19279221171167976     
           1          33 -0.22417324634535973     
           1          34   1.0336404939697198E-014
           1          35 -0.22417324634535107     
           1          36   4.6395649998650376E-016
           1          37  -5.0283258955336188E-015
           1          38 -0.22417324634536129     
           1          39  -1.0711572107408081E-013
           1          40   5.9968641561276651E-015
           1          41  -5.4879726368147470E-014
           1          42   2.4171662362245881E-014
           1          43   2.0943456891488272E-014
           1          44  -4.5745032535635118E-015
           1          45   1.9599100016034668E-014
           1          46  -5.5107906784274067E-014
           1          47  -2.6988423634947799E-015
           1          48   3.5764865882288244E-014
           2           1   6.5116950196771606E-002
           2           2  0.17788938462478604     
           2           3  -1.0045952629945369     
           2           4  0.66984700422963006     
           2           5  0.36621122614553880     
           2           6   3.5037851262567856E-013
           2           7  -7.9885962980810386E-016
           2           8   4.3979196177057898E-014
           2           9  -2.9057389478762272E-014
           2          10   1.9952302086023456E-014
           2          11  -8.5636966487021599E-014
           2          12   2.4872113666412474E-014
           2          13   1.0324057578449351E-014
           2          14  -2.8382224714893601E-014
           2          15   5.2490477222237107E-014
           2          16   2.9982919413950474E-015
           2          17  -8.0569291763175341E-015
           2          18  -5.0521348257950750E-015
           2          19   1.8520675602026305E-015
           2          20   1.2176394182210837E-016
           2          21  0.17946219262463550     
           2          22  -1.4702921946539453E-015
           2          23  0.17946219262463003     
           2          24   1.5542590258401424E-014
           2          25   1.3458995879894486E-014
           2          26  0.17946219262459603     
           2          27 -0.18814183211667579     
           2          28  -2.2492984141875975E-015
           2          29 -0.18814183211667213     
           2          30   5.7515719744086755E-015
           2          31   3.5263381874506965E-015
           2          32 -0.18814183211668670     
           2          33 -0.18130949122594300     
           2          34   1.5427262002831825E-015
           2          35 -0.18130949122594286     
           2          36  -1.1811111822440219E-015
           2          37  -7.4516917259607792E-016
           2          38 -0.18130949122594125     
           2          39  -3.6293283718055702E-014
           2          40   3.7106163913282745E-016
           2          41  -1.6649233460160902E-014
           2          42  -6.0496344171970175E-015
           2          43   2.5787168523338702E-015
           2          44   6.8743473654411904E-016
           2          45   2.2322972239725269E-015
           2          46  -1.5402985353780019E-014
           2          47  -2.4064236430889966E-015
           2          48   5.9406704498912787E-015
           3           1  -1.8098100287635268     
           3           2  -1.0045952629945369     
           3           3   6.8783410806236560     
           3           4  -5.5292423856535668     
           3           5  -2.9480933462391743     
           3           6  -2.0343943940684537E-012
           3           7  -1.1481912318997898E-013
           3           8  -4.2943043921805572E-013
           3           9   1.8094128908859915E-013
           3          10  -1.0148577778949365E-013
           3          11   6.8268117314839956E-013
           3          12  -1.4035367833325979E-013
           3          13  -3.9594534280439726E-014
           3          14   2.0924231988936299E-013
           3          15  -3.8660573334869723E-013
           3          16  -1.7629779628412540E-014
           3          17   8.6881561775572317E-014
           3          18   3.7513271538269400E-014
           3          19  -6.9561602646783725E-015
           3          20  -9.3294498911772875E-015
           3          21  -1.2824101878436596     
           3          22   1.6496619723167487E-014
           3          23  -1.2824101878436263     
           3          24  -1.2689219812471661E-013
           3          25  -1.2213745042542692E-013
           3          26  -1.2824101878433170     
           3          27   1.5634508836420757     
           3          28   1.8652893025185771E-014
           3          29   1.5634508836420502     
           3          30  -5.3445307219287581E-014
           3          31  -3.1504826134807936E-014
           3          32   1.5634508836421825     
           3          33   1.4647002467880963     
           3          34  -1.0539631859034237E-014
           3          35   1.4647002467880923     
           3          36   1.2144519948351040E-014
           3          37   1.0001427117621733E-014
           3          38   1.4647002467880774     
           3          39   2.5585664104016324E-013
           3          40  -7.4058566010387577E-015
           3          41   1.2008322485169607E-013
           3          42   2.7798774064939925E-014
           3          43  -2.4989820822691341E-014
           3          44  -5.2596074039641546E-019
           3          45  -2.1786191229309280E-014
           3          46   1.1209465480138362E-013
           3          47   1.9478473073580673E-014
           3          48  -5.5084133710919496E-014
           4           1  0.73141967673317265     
           4           2  0.66984700422963006     
           4           3  -5.5292423856535668     
           4           4   8.3867060418803039     
           4           5   4.1634321936366669     
           4           6   4.4495071021426323E-013
           4           7   1.4076259826207055E-013
           4           8   8.2390403746450581E-013
           4           9  -5.1334647464086994E-014
           4          10   2.3979074949298065E-014
           4          11  -1.1615642649584169E-012
           4          12   1.5849369674020740E-014
           4          13  -2.7554659886074867E-015
           4          14  -3.2917025819280032E-013
           4          15   1.7991505018970666E-013
           4          16   2.3358927291547146E-014
           4          17  -7.2621343903196173E-014
           4          18  -1.6399347141894534E-014
           4          19  -3.8102682364680857E-015
           4          20   6.8583872957235703E-015
           4          21   1.1335120235465732     
           4          22  -2.4814645307017095E-014
           4          23   1.1335120235465308     
           4          24   2.0087064573972041E-013
           4          25   2.0830332379560628E-013
           4          26   1.1335120235460152     
           4          27  -2.4229670948178397     
           4          28  -1.0817465387001201E-014
           4          29  -2.4229670948177890     
           4          30   9.2470872158298247E-014
           4          31   5.5037633410169138E-014
           4          32  -2.4229670948180346     
           4          33  -2.0899530636996317     
           4          34  -7.3093541838280520E-015
           4          35  -2.0899530636996362     
           4          36  -2.7861768800848825E-014
           4          37  -1.5726733205800877E-014
           4          38  -2.0899530636995864     
           4          39  -1.2040431988546477E-013
           4          40   2.1694036589053904E-014
           4          41  -5.4221858969286699E-014
           4          42  -2.6688283779833715E-014
           4          43   1.6948913421399840E-014
           4          44  -2.6601067892907828E-015
           4          45   1.3265175256928246E-014
           4          46  -4.4364142337665788E-014
           4          47  -1.6889413605817492E-014
           4          48   5.4683888034233049E-014
           5           1  0.46107578115037967     
           5           2  0.36621122614553880     
           5           3  -2.9480933462391743     
           5           4   4.1634321936366669     
           5           5   2.0797442739704999     
           5           6   2.3548159577026579E-013
           5           7   1.3633805433046170E-014
           5           8   3.7989160772364188E-013
           5           9   2.1008060757237048E-014
           5          10   9.4439442066183826E-014
           5          11  -5.1931278484083862E-013
           5          12   2.8829117851642384E-014
           5          13   2.6477275230119009E-014
           5          14  -1.4389783077757343E-013
           5          15   9.9695033896921406E-014
           5          16   1.4162808548356076E-014
           5          17  -3.4247211554007998E-014
           5          18  -9.0897031274487895E-015
           5          19  -1.4411286497180466E-015
           5          20   3.4279584568322632E-015
           5          21  0.59661925294111584     
           5          22  -1.2362049263211015E-014
           5          23  0.59661925294109464     
           5          24   9.9340530009098623E-014
           5          25   1.0248800157566592E-013
           5          26  0.59661925294084039     
           5          27  -1.2006689239884842     
           5          28  -6.1344593312961150E-015
           5          29  -1.2006689239884598     
           5          30   4.5453940978287003E-014
           5          31   2.7024381475688946E-014
           5          32  -1.2006689239885804     
           5          33  -1.0430247627640996     
           5          34  -2.6278114125131106E-015
           5          35  -1.0430247627641014     
           5          36  -1.3437703279623241E-014
           5          37  -7.8131346662810044E-015
           5          38  -1.0430247627640779     
           5          39  -6.7156421885252787E-014
           5          40   9.0612195405642385E-015
           5          41  -3.0595738592522193E-014
           5          42  -1.6625699571550734E-014
           5          43   7.6112306209836128E-015
           5          44  -1.2487872416926113E-015
           5          45   5.7284365839739257E-015
           5          46  -2.5621349748951292E-014
           5          47  -1.0219790876015447E-014
           5          48   2.4548129539984538E-014
           6           1   5.6720621722042552E-013
           6           2   3.5037851262567856E-013
           6           3  -2.0343943940684537E-012
           6           4   4.4495071021426323E-013
           6           5   2.3548159577026579E-013
           6           6   3.1515349655485165     
           6           7   6.1989055923781020E-015
           6           8   5.5233595475108393E-015
           6           9  -1.5981525079399388     
           6          10  -1.5999737477802345E-014
           6          11   7.1193051454063330E-015
           6          12 -0.32002305982925239     
           6          13   5.6872265414918154E-015
           6          14  -1.5640266859403378E-014
           6          15  0.27858979776930304     
           6          16   5.5011692748195897E-014
           6          17  -8.3093254499308434E-015
           6          18  -3.0244319994002979E-002
           6          19  -4.7157872646128513E-015
           6          20   8.5815415103860243E-015
           6          21   2.8899637844829601E-013
           6          22   1.3934451717712089E-014
           6          23   3.4268619542331630E-013
           6          24   3.9989487609920178E-014
           6          25  -1.2534865504512955E-013
           6          26   3.3494998392802368E-013
           6          27  -1.5175719753560505E-013
           6          28  -9.3813981033539898E-015
           6          29  -1.1807678379933788E-013
           6          30   2.2556290908853316E-014
           6          31  -4.0330233629930606E-014
           6          32  -1.0141632354045615E-013
           6          33  -1.0841691248593036E-013
           6          34   3.3380106336243396E-015
           6          35  -1.0736556740588267E-013
           6          36   2.5833342540713035E-016
           6          37   1.9903245648753906E-014
           6          38  -1.3577537737793200E-013
           6          39 -0.16698485630506585     
           6          40  -1.5293621855054399E-014
           6          41  -7.4677897982225058E-002
           6          42  -3.9071265999644808E-014
           6          43  -2.5248900192846237E-015
           6          44  -9.8040421682124706E-016
           6          45  -1.3567705986490018E-015
           6          46  -7.4677897982226904E-002
           6          47  -9.3949270796629682E-015
           6          48   7.0507835681082105E-015
           7           1   5.8618861852467969E-015
           7           2  -7.9885962980810386E-016
           7           3  -1.1481912318997898E-013
           7           4   1.4076259826207055E-013
           7           5   1.3633805433046170E-014
           7           6   6.1989055923781020E-015
           7           7   3.1515349655485241     
           7           8  -1.2358441093402157E-014
           7           9   5.4627865276214718E-016
           7          10  -1.5981525079399714     
           7          11   1.8466836133186174E-014
           7          12   1.5441809580972190E-014
           7          13 -0.32002305982930079     
           7          14  -4.1962689833349269E-015
           7          15  -1.3229526557633253E-013
           7          16  0.27858979776965487     
           7          17   3.8681944881378941E-015
           7          18   2.2223634486162784E-014
           7          19  -3.0244319994059840E-002
           7          20  -1.9685517915059257E-015
           7          21  -5.3657102078364331E-015
           7          22   2.6246009100601695E-015
           7          23  -3.0772625764246430E-014
           7          24   2.4613028166921232E-014
           7          25  -3.2743691789510150E-014
           7          26  -3.5225898894221432E-014
           7          27  -6.5106756495414812E-014
           7          28  -2.8349413990854123E-016
           7          29  -6.8844977762954202E-014
           7          30   8.4424840286256725E-015
           7          31  -1.1425057933873878E-014
           7          32  -5.9511371150495466E-014
           7          33  -6.4487602661722176E-015
           7          34  -2.5414998841372232E-015
           7          35  -7.8551173260492815E-015
           7          36  -2.5570865786789441E-015
           7          37   7.2978278409701468E-015
           7          38  -1.8827130061159167E-014
           7          39   6.4404714797820389E-014
           7          40  -7.4677897982313418E-002
           7          41   2.7278878072529811E-014
           7          42 -0.16698485630524318     
           7          43  -1.0788599356870262E-015
           7          44  -1.4311213267805183E-015
           7          45  -3.3140528285489371E-015
           7          46   2.9477398462181947E-014
           7          47  -7.4677897982304939E-002
           7          48   3.4576867465137533E-015
           8           1   4.5189052747560782E-014
           8           2   4.3979196177057898E-014
           8           3  -4.2943043921805572E-013
           8           4   8.2390403746450581E-013
           8           5   3.7989160772364188E-013
           8           6   5.5233595475108393E-015
           8           7  -1.2358441093402157E-014
           8           8   3.1515349655485085     
           8           9  -1.4599432773821755E-014
           8          10   2.5568089312422526E-014
           8          11  -1.5981525079399306     
           8          12  -1.9644008641961692E-014
           8          13   2.4743526455193521E-015
           8          14 -0.32002305982923662     
           8          15   1.7435488816608401E-013
           8          16  -1.2800532491342564E-013
           8          17  0.27858979776914267     
           8          18  -2.0269376455051012E-014
           8          19   2.1727097287386071E-014
           8          20  -3.0244319994000110E-002
           8          21   2.0836458708135109E-013
           8          22   1.8186605755836927E-014
           8          23   9.9648204943686020E-014
           8          24  -5.8445469898545370E-014
           8          25   1.2074910108610546E-013
           8          26   2.0896282329900727E-015
           8          27  -1.7890945517309448E-013
           8          28   1.6081764169764492E-014
           8          29  -2.3496061121391877E-013
           8          30  -2.6904738502888098E-014
           8          31   3.9244207461193693E-014
           8          32  -2.5720087971334466E-013
           8          33  -2.1092755734698315E-013
           8          34  -6.3819442780911654E-015
           8          35  -2.0125572572816683E-013
           8          36   8.3572785825698338E-015
           8          37  -2.2902074241772578E-014
           8          38  -1.8346121696116892E-013
           8          39  -9.0701751664923386E-014
           8          40   2.6460111567636950E-014
           8          41  -4.6014624402457319E-014
           8          42   6.4679042829050823E-014
           8          43  -7.4677897982174682E-002
           8          44   3.1800928043871851E-015
           8          45  -7.4677897982201202E-002
           8          46  -3.5513909521500699E-014
           8          47   3.0481548715492473E-014
           8          48 -0.16698485630496965     
           9           1  -7.2124049919691034E-014
           9           2  -2.9057389478762272E-014
           9           3   1.8094128908859915E-013
           9           4  -5.1334647464086994E-014
           9           5   2.1008060757237048E-014
           9           6  -1.5981525079399388     
           9           7   5.4627865276214718E-016
           9           8  -1.4599432773821755E-014
           9           9   1.9291743901412797     
           9          10   9.4269684831389790E-015
           9          11  -2.2204460492468815E-015
           9          12  0.62056866318321235     
           9          13  -4.3555213418208353E-015
           9          14   2.7311486405773992E-014
           9          15   3.8729991122794558E-002
           9          16  -9.2696403506150369E-014
           9          17  -2.7722615869582678E-014
           9          18  -5.1873342155512410E-004
           9          19   1.1988607814349190E-014
           9          20  -7.6431374250456295E-015
           9          21   2.6215644512852979E-014
           9          22  -1.8956311052612993E-014
           9          23  -3.7325779576019209E-014
           9          24  -5.7575763932450760E-014
           9          25   1.6753581924081039E-013
           9          26  -4.8772513539274414E-014
           9          27   5.4425510090857151E-014
           9          28   7.0014706920556276E-015
           9          29   1.5422281912223464E-014
           9          30  -2.9115353773360713E-014
           9          31   5.3001324283101343E-014
           9          32  -3.2164781112154541E-015
           9          33  -2.0442456331791816E-014
           9          34  -8.5855730240140529E-016
           9          35  -1.6897604167930852E-014
           9          36   5.3187388898082054E-015
           9          37  -2.6879035372812406E-014
           9          38   1.3479083338655794E-014
           9          39  -5.5896398457246081E-002
           9          40   2.5669616746120408E-014
           9          41  -2.4997629329574354E-002
           9          42   5.9323914612779284E-014
           9          43   1.9467500528281247E-014
           9          44   2.9401105612391848E-015
           9          45   7.2667566408677316E-015
           9          46  -2.4997629329565188E-002
           9          47   1.6716631541911973E-014
           9          48   1.4011361515464011E-014
          10           1   5.1568289733386641E-014
          10           2   1.9952302086023456E-014
          10           3  -1.0148577778949365E-013
          10           4   2.3979074949298065E-014
          10           5   9.4439442066183826E-014
          10           6  -1.5999737477802345E-014
          10           7  -1.5981525079399714     
          10           8   2.5568089312422526E-014
          10           9   9.4269684831389790E-015
          10          10   1.9291743901413447     
          10          11  -2.2912119250485751E-014
          10          12  -9.9241954579465436E-015
          10          13  0.62056866318326676     
          10          14  -1.9306117034887414E-015
          10          15   1.1118683300092983E-013
          10          16   3.8729991122429711E-002
          10          17  -2.0230214733768685E-014
          10          18  -2.1324411584011170E-014
          10          19  -5.1873342149849448E-004
          10          20   2.0133601520530827E-015
          10          21   3.4718017990263531E-014
          10          22  -2.2002819603382280E-015
          10          23   6.2991443622680140E-014
          10          24  -3.0407267541863235E-014
          10          25   4.3755675333165379E-014
          10          26   6.8004906598783735E-014
          10          27   1.0885079482798349E-014
          10          28  -1.2463388757703296E-015
          10          29   1.8761664175225941E-014
          10          30  -1.4775354110197739E-014
          10          31   1.5244026936862098E-014
          10          32   1.2191427091548329E-014
          10          33  -4.1537128940170465E-014
          10          34   2.1919646253512721E-015
          10          35  -4.5033066554177766E-014
          10          36   4.6414197720384281E-015
          10          37  -8.8808074341111396E-015
          10          38  -3.3330700250161540E-014
          10          39  -5.3685514438504474E-014
          10          40  -2.4997629329478559E-002
          10          41  -2.0756720567023647E-014
          10          42  -5.5896398457061583E-002
          10          43   7.1453954542499382E-015
          10          44   3.6377315245349943E-016
          10          45   6.8565038561604059E-015
          10          46  -2.2498476057588631E-014
          10          47  -2.4997629329487913E-002
          10          48   1.0219061179401758E-014
          11           1  -7.3804087963318745E-014
          11           2  -8.5636966487021599E-014
          11           3   6.8268117314839956E-013
          11           4  -1.1615642649584169E-012
          11           5  -5.1931278484083862E-013
          11           6   7.1193051454063330E-015
          11           7   1.8466836133186174E-014
          11           8  -1.5981525079399306     
          11           9  -2.2204460492468815E-015
          11          10  -2.2912119250485751E-014
          11          11   1.9291743901413378     
          11          12   1.1102230246252752E-014
          11          13   2.3012516371656252E-014
          11          14  0.62056866318322279     
          11          15  -1.5478503895272091E-013
          11          16   2.3465692550960741E-016
          11          17   3.8729991122658465E-002
          11          18   1.5469233966697339E-014
          11          19   7.1152069882519111E-016
          11          20  -5.1873342150876318E-004
          11          21  -3.0005083628333197E-013
          11          22  -2.3198382353892786E-014
          11          23  -1.4481292758331730E-013
          11          24   8.2316620576666914E-014
          11          25  -1.6927036762444680E-013
          11          26  -2.3519792459188218E-014
          11          27   2.5213512629127325E-013
          11          28  -2.8351102975965296E-014
          11          29   3.2673436027422889E-013
          11          30   3.4906033454826799E-014
          11          31  -5.1704317282851349E-014
          11          32   3.6536660688350498E-013
          11          33   2.8752963463909203E-013
          11          34   9.3198360080913017E-015
          11          35   2.8222039869519176E-013
          11          36  -4.3748665614074105E-015
          11          37   2.8098782911208492E-014
          11          38   2.5150757096904802E-013
          11          39   7.4502036484514099E-014
          11          40  -3.7432418818250867E-016
          11          41   4.7933879088191209E-014
          11          42  -1.0521765343761689E-014
          11          43  -2.4997629329553236E-002
          11          44  -3.9946570626077437E-015
          11          45  -2.4997629329528544E-002
          11          46   3.3540011046273615E-014
          11          47   1.7480896558845364E-015
          11          48  -5.5896398457173736E-002
          12           1   3.6401516455304507E-014
          12           2   2.4872113666412474E-014
          12           3  -1.4035367833325979E-013
          12           4   1.5849369674020740E-014
          12           5   2.8829117851642384E-014
          12           6 -0.32002305982925239     
          12           7   1.5441809580972190E-014
          12           8  -1.9644008641961692E-014
          12           9  0.62056866318321235     
          12          10  -9.9241954579465436E-015
          12          11   1.1102230246252752E-014
          12          12  0.22022853835098805     
          12          13  -4.5850562590931534E-015
          12          14   1.2627052181633499E-014
          12          15   4.5447377848534448E-002
          12          16  -3.1599621512077550E-014
          12          17  -1.2849530467428280E-014
          12          18  -3.4239812276349903E-003
          12          19   4.3373838947965019E-015
          12          20  -2.1398627227804810E-015
          12          21   4.0984253148540959E-014
          12          22  -6.2856477849720446E-015
          12          23   2.0656148107737457E-014
          12          24  -1.9339095095523361E-014
          12          25   5.5319352720968444E-014
          12          26   1.5145633056791650E-014
          12          27   9.2424324202933373E-015
          12          28   1.8719248342584358E-015
          12          29  -3.1585256427336141E-015
          12          30  -9.5316959392265840E-015
          12          31   1.7429036829827561E-014
          12          32  -9.0246309709767864E-015
          12          33  -1.7458966910549395E-014
          12          34   2.7460473884109324E-018
          12          35  -1.5895214667453739E-014
          12          36   2.2062024912355603E-015
          12          37  -8.8973221901690241E-015
          12          38  -6.4683799453988832E-015
          12          39  -4.0628687342455609E-002
          12          40   8.8100510413402426E-015
          12          41  -1.8169701346866952E-002
          12          42   1.9972975168731078E-014
          12          43   7.8174229242724156E-015
          12          44   1.1002846429063085E-015
          12          45   2.9440425791674452E-015
          12          46  -1.8169701346863396E-002
          12          47   5.7697625435976582E-015
          12          48   6.7374491402591929E-015
          13           1  -1.0889173828692274E-014
          13           2   1.0324057578449351E-014
          13           3  -3.9594534280439726E-014
          13           4  -2.7554659886074867E-015
          13           5   2.6477275230119009E-014
          13           6   5.6872265414918154E-015
          13           7 -0.32002305982930079     
          13           8   2.4743526455193521E-015
          13           9  -4.3555213418208353E-015
          13          10  0.62056866318326676     
          13          11   2.3012516371656252E-014
          13          12  -4.5850562590931534E-015
          13          13  0.22022853835101430     
          13          14   1.0521545115195946E-014
          13          15   3.2135797338156923E-014
          13          16   4.5447377848421303E-002
          13          17  -4.1171578001261811E-015
          13          18  -6.4529228621214042E-015
          13          19  -3.4239812276176730E-003
          13          20   2.9651444462847087E-016
          13          21   9.9866776053283520E-015
          13          22  -6.2263211745204666E-016
          13          23   1.8870792595398021E-014
          13          24  -9.8425220484769992E-015
          13          25   1.4447219012924388E-014
          13          26   2.0451640695081921E-014
          13          27   5.4634759951705353E-015
          13          28  -5.4065377681379576E-016
          13          29   8.2931026391542166E-015
          13          30  -5.1561215295213314E-015
          13          31   5.0314049467411000E-015
          13          32   6.5927538707942013E-015
          13          33  -1.0843433417274610E-014
          13          34   6.2804906483209815E-016
          13          35  -1.2424845149382611E-014
          13          36   1.6297902795762408E-015
          13          37  -2.8630209553473027E-015
          13          38  -8.7961416898366236E-015
          13          39  -1.5466060028365234E-014
          13          40  -1.8169701346836990E-002
          13          41  -5.7463865253657243E-015
          13          42  -4.0628687342398627E-002
          13          43   1.4522515405946041E-015
          13          44  -2.9470727303439013E-018
          13          45   1.0958395581477473E-015
          13          46  -6.2252934744988367E-015
          13          47  -1.8169701346839921E-002
          13          48   1.5104088227531970E-015
          14           1  -2.4183157395092008E-014
          14           2  -2.8382224714893601E-014
          14           3   2.0924231988936299E-013
          14           4  -3.2917025819280032E-013
          14           5  -1.4389783077757343E-013
          14           6  -1.5640266859403378E-014
          14           7  -4.1962689833349269E-015
          14           8 -0.32002305982923662     
          14           9   2.7311486405773992E-014
          14          10  -1.9306117034887414E-015
          14          11  0.62056866318322279     
          14          12   1.2627052181633499E-014
          14          13   1.0521545115195946E-014
          14          14  0.22022853835098966     
          14          15  -4.3356811196825842E-014
          14          16  -1.4509331338122470E-014
          14          17   4.5447377848461631E-002
          14          18   4.0839320857368818E-015
          14          19   2.7067120206292414E-015
          14          20  -3.4239812276157158E-003
          14          21  -9.5104220777503975E-014
          14          22  -7.5718583231681280E-015
          14          23  -4.3056497043674623E-014
          14          24   2.7514209825740437E-014
          14          25  -5.6518296867669990E-014
          14          26  -3.7291415501611826E-015
          14          27   6.7048870373861142E-014
          14          28  -9.9061240837833794E-015
          14          29   9.1655965026399550E-014
          14          30   1.1442054437376472E-014
          14          31  -1.7013049566827829E-014
          14          32   1.0511972346627236E-013
          14          33   8.1017008258017268E-014
          14          34   3.1401177948775702E-015
          14          35   7.9869131111048319E-014
          14          36  -9.0470705544895672E-016
          14          37   9.0785503049269759E-015
          14          38   6.9177416111170153E-014
          14          39   1.9382282237523117E-014
          14          40   2.9355210042014273E-015
          14          41   1.4075979964944698E-014
          14          42   3.1825704452456220E-015
          14          43  -1.8169701346852848E-002
          14          44  -1.2986962237846628E-015
          14          45  -1.8169701346845549E-002
          14          46   9.2944315438491817E-015
          14          47   4.2318049800861370E-015
          14          48  -4.0628687342415530E-002
          15           1   1.8343975950626228E-013
          15           2   5.2490477222237107E-014
          15           3  -3.8660573334869723E-013
          15           4   1.7991505018970666E-013
          15           5   9.9695033896921406E-014
          15           6  0.27858979776930304     
          15           7  -1.3229526557633253E-013
          15           8   1.7435488816608401E-013
          15           9   3.8729991122794558E-002
          15          10   1.1118683300092983E-013
          15          11  -1.5478503895272091E-013
          15          12   4.5447377848534448E-002
          15          13   3.2135797338156923E-014
          15          14  -4.3356811196825842E-014
          15          15   5.3588983998988322E-002
          15          16  -1.0161222626476550E-014
          15          17  -1.0389096267301899E-015
          15          18  -5.2246884612651709E-003
          15          19   1.7740971920705945E-015
          15          20  -5.1488930577921639E-016
          15          21   6.9557797761244306E-014
          15          22  -6.8131112221824592E-016
          15          23   6.8460853495309667E-014
          15          24  -2.4659997209035284E-015
          15          25   5.6481257914454027E-015
          15          26   6.5304024154216354E-014
          15          27  -4.9381897893879597E-014
          15          28  -4.6822179048802379E-016
          15          29  -4.9932098682562639E-014
          15          30  -8.5025245539239688E-016
          15          31   1.6720598640984705E-015
          15          32  -5.0098922987349051E-014
          15          33  -4.9943729559332066E-014
          15          34   4.2928787492670867E-016
          15          35  -4.9194653310243815E-014
          15          36   8.9968654383779713E-016
          15          37  -9.4142471299475577E-016
          15          38  -4.9136493694706481E-014
          15          39  -3.7379318205273473E-002
          15          40   2.1786640083838156E-015
          15          41  -1.6716539291917933E-002
          15          42   4.3556446446633842E-015
          15          43   2.2759300954272063E-015
          15          44   3.0639812835768000E-016
          15          45   5.1133684959838748E-016
          15          46  -1.6716539291916768E-002
          15          47   1.7421249954535630E-015
          15          48   2.4968091830169340E-015
          16           1  -2.2427483658997453E-014
          16           2   2.9982919413950474E-015
          16           3  -1.7629779628412540E-014
          16           4   2.3358927291547146E-014
          16           5   1.4162808548356076E-014
          16           6   5.5011692748195897E-014
          16           7  0.27858979776965487     
          16           8  -1.2800532491342564E-013
          16           9  -9.2696403506150369E-014
          16          10   3.8729991122429711E-002
          16          11   2.3465692550960741E-016
          16          12  -3.1599621512077550E-014
          16          13   4.5447377848421303E-002
          16          14  -1.4509331338122470E-014
          16          15  -1.0161222626476550E-014
          16          16   5.3588983998990404E-002
          16          17  -2.4572816070277732E-014
          16          18   7.3443169762311523E-016
          16          19  -5.2246884612664546E-003
          16          20   2.1600407879719393E-015
          16          21   1.0690621790952630E-015
          16          22   9.2135186575526542E-017
          16          23   1.2992733154900910E-015
          16          24  -7.0849399710622565E-016
          16          25   1.4740914519892567E-015
          16          26   1.3489166975390885E-015
          16          27  -8.2575963167153297E-015
          16          28  -2.4872408370671134E-016
          16          29  -7.6257319132896050E-015
          16          30  -9.4218345654485908E-016
          16          31   5.1058470553081863E-016
          16          32  -7.0962497210652811E-015
          16          33  -6.1833821865860738E-015
          16          34  -7.9347100483264328E-017
          16          35  -6.9849366108160593E-015
          16          36   3.1211485692008189E-016
          16          37  -1.8834470657645649E-016
          16          38  -6.9671836631337782E-015
          16          39   7.5602922823779668E-015
          16          40  -1.6716539291915328E-002
          16          41   3.6451197025510598E-015
          16          42  -3.7379318205269005E-002
          16          43   7.7091375970205261E-015
          16          44  -1.8474576864675775E-016
          16          45   7.2806279435786475E-015
          16          46   3.7403813820780340E-015
          16          47  -1.6716539291915394E-002
          16          48   1.7305912892710987E-014
          17           1  -7.1612700378072068E-014
          17           2  -8.0569291763175341E-015
          17           3   8.6881561775572317E-014
          17           4  -7.2621343903196173E-014
          17           5  -3.4247211554007998E-014
          17           6  -8.3093254499308434E-015
          17           7   3.8681944881378941E-015
          17           8  0.27858979776914267     
          17           9  -2.7722615869582678E-014
          17          10  -2.0230214733768685E-014
          17          11   3.8729991122658465E-002
          17          12  -1.2849530467428280E-014
          17          13  -4.1171578001261811E-015
          17          14   4.5447377848461631E-002
          17          15  -1.0389096267301899E-015
          17          16  -2.4572816070277732E-014
