           1           1   2.3894578950417995     
           1           2  -1.0739501699693184     
           1           3  -1.0151080845343130     
           1           4  -3.4068452604309289     
           1           5 -0.47813071009772778     
           1           6  0.38211293375778688     
           1           7   1.6872533363690689E-013
           1           8   4.7237286473768539E-013
           1           9  -5.1899774877924371E-013
           1          10  -1.3226548264311189E-013
           1          11  -3.4976937350806902E-013
           1          12   3.2711302934847115E-013
           1          13   9.2326694227390334E-015
           1          14   8.7086052693368701E-014
           1          15  -4.3423283000431288E-014
           1          16  -9.5866152608414452E-015
           1          17   1.9997387213088152E-015
           1          18   3.5333380064795151E-014
           1          19  -2.5002554021264051E-015
           1          20   3.0623301599287518E-015
           1          21  -1.4159577804246579E-014
           1          22   1.8849429840359193     
           1          23  -5.2647513559470243E-015
           1          24   1.8849429840358147     
           1          25  -3.1803660383430300E-015
           1          26   9.5196613578937669E-016
           1          27   1.8849429840358070     
           1          28  0.55577813388777575     
           1          29   1.2966298354873475E-014
           1          30  0.55577813388778852     
           1          31   3.4841783610561929E-015
           1          32   5.7834586450281132E-015
           1          33  0.55577813388780495     
           1          34   2.6388501939418274E-002
           1          35  -1.0106001948226129E-014
           1          36   2.6388501939426420E-002
           1          37  -8.0134152774201401E-015
           1          38  -7.4126735388130025E-015
           1          39   2.6388501939432627E-002
           1          40  -7.8979797979267449E-002
           1          41   3.7189403889713747E-015
           1          42  -7.8979797979277844E-002
           1          43  -1.2458718359707615E-015
           1          44   8.1144040731970327E-015
           1          45  -7.8979797979281327E-002
           1          46   8.0061830813945496E-014
           1          47   5.9027246711748003E-014
           1          48   3.1756175245082356E-014
           1          49   1.5734568519637819E-013
           1          50  -6.0566877313594918E-014
           1          51   9.6753003166624498E-016
           1          52  -7.3934109622649584E-014
           1          53   2.3307189954778301E-014
           1          54   6.4066108219525000E-014
           1          55  -1.5339403239708897E-013
           1          56   1.1724776371291694E-014
           1          57  -8.2347120083314950E-015
           1          58  -4.8325272629238886E-015
           1          59  -4.3575542828603651E-014
           1          60  -3.0813788325805153E-015
           1          61  -6.6980321781346004E-015
           1          62  -3.3856224486423443E-015
           1          63   7.0124331857363658E-015
           1          64  -1.1248161781462776E-014
           1          65  -9.4991763424132933E-015
           2           1  -1.0739501699693184     
           2           2   3.0935489746642184     
           2           3   2.3008860072349089     
           2           4   6.9392331373632157     
           2           5  0.98497413819704671     
           2           6 -0.78153612470508538     
           2           7  -5.3976327639055158E-013
           2           8  -1.5201092045411061E-012
           2           9   1.7084933188866009E-012
           2          10   3.6455167988587033E-013
           2          11   9.8234241430206952E-013
           2          12  -1.0005832961240446E-012
           2          13   1.9635122889158110E-014
           2          14  -1.9855958458677422E-013
           2          15   1.1702258665841089E-013
           2          16   2.8925515512896505E-014
           2          17   3.1115810237994250E-014
           2          18  -4.4697382811255025E-014
           2          19  -9.5825807530856810E-015
           2          20  -8.4801220811788823E-015
           2          21   1.1908895659629182E-014
           2          22  -3.8908777132224412     
           2          23  -1.4857605282891246E-015
           2          24  -3.8908777132222734     
           2          25   3.0963050500362268E-014
           2          26   2.7196628011905178E-014
           2          27  -3.8908777132222641     
           2          28  -1.1340772676368771     
           2          29  -2.7465070842603117E-014
           2          30  -1.1340772676369013     
           2          31   1.8793351681907463E-015
           2          32  -1.4994254780747735E-014
           2          33  -1.1340772676369231     
           2          34  -5.6250763731984163E-002
           2          35   1.8288988728662639E-014
           2          36  -5.6250763732004820E-002
           2          37   6.9308871579093662E-016
           2          38   6.4967517708105926E-016
           2          39  -5.6250763732000775E-002
           2          40  0.16122293127394077     
           2          41  -1.2174394269793353E-014
           2          42  0.16122293127397566     
           2          43   3.2934324559885207E-015
           2          44  -5.4398322655197547E-015
           2          45  0.16122293127397447     
           2          46  -1.9549373288198978E-013
           2          47  -1.9603595092884716E-013
           2          48  -7.3256364499091500E-014
           2          49  -4.2979609566732122E-013
           2          50   2.0767449376969182E-013
           2          51   2.0780320862509626E-015
           2          52   2.1656192456157349E-013
           2          53  -8.1311373271816750E-014
           2          54  -1.9070743319341943E-013
           2          55   4.5381568896715806E-013
           2          56  -4.5141253410739305E-014
           2          57   1.5042564504129817E-014
           2          58  -1.8487047045807547E-014
           2          59   5.2199764554087745E-014
           2          60   1.9420337601195336E-015
           2          61   3.1820787346760460E-015
           2          62  -3.2479590954560406E-016
           2          63  -1.5598273848169083E-014
           2          64   1.5834193100443999E-014
           2          65   1.0386178582938365E-014
           3           1  -1.0151080845343130     
           3           2   2.3008860072349089     
           3           3   2.6763682193315459     
           3           4   1.1915773758046835     
           3           5   8.5258457288224787E-002
           3           6 -0.14826027880414328     
           3           7  -6.8560075670437950E-013
           3           8  -1.1256915074393279E-012
           3           9   1.4985164977809064E-012
           3          10   2.9270231679199637E-013
           3          11   7.6379565739456236E-013
           3          12  -1.0147572758564648E-012
           3          13   3.7984862560392254E-014
           3          14  -2.0161086346947373E-013
           3          15   1.8161153963289245E-013
           3          16   3.2298462871489918E-014
           3          17  -3.9468885035385760E-015
           3          18  -5.1983769284341215E-014
           3          19  -5.9498998883090892E-015
           3          20  -4.4077326189302248E-015
           3          21   2.3450878219658278E-014
           3          22  -1.3742861593215792     
           3          23  -8.7108371761344418E-017
           3          24  -1.3742861593218278     
           3          25   4.5674964956805374E-013
           3          26   1.4903947079802446E-013
           3          27  -1.3742861593217568     
           3          28 -0.16093466243837051     
           3          29   4.0167769336972849E-015
           3          30 -0.16093466243826571     
           3          31  -1.3320693164395362E-013
           3          32  -4.1952368607381223E-014
           3          33 -0.16093466243830901     
           3          34   1.4469525479500757E-002
           3          35  -3.5294385013378847E-015
           3          36   1.4469525479444524E-002
           3          37   5.7808852815469373E-014
           3          38   8.4968353566742195E-015
           3          39   1.4469525479461004E-002
           3          40   3.6131121167699710E-002
           3          41   4.2952804379392095E-015
           3          42   3.6131121167719514E-002
           3          43  -1.4550133843926981E-014
           3          44   4.1802455250154499E-016
           3          45   3.6131121167723004E-002
           3          46  -1.4808741943645979E-013
           3          47  -1.3704524742952571E-013
           3          48  -7.0928907234416627E-014
           3          49  -3.2274766298825908E-013
           3          50   2.0398943037146113E-013
           3          51  -1.7052611071283256E-015
           3          52   2.0539527277545419E-013
           3          53  -8.4035995655910399E-014
           3          54  -1.4508165071337494E-013
           3          55   4.3539772793098727E-013
           3          56  -4.8555383758921332E-014
           3          57   3.1906060236951964E-014
           3          58  -2.2021517402437358E-014
           3          59   8.0309708210461112E-014
           3          60  -2.1329067827293060E-014
           3          61  -9.3440382351716315E-015
           3          62  -6.1229455082177801E-015
           3          63  -2.3175577777846662E-014
           3          64   3.1477967559540961E-014
           3          65  -2.0955941400589230E-014
           4           1  -3.4068452604309289     
           4           2   6.9392331373632157     
           4           3   1.1915773758046835     
           4           4   33.704839582810799     
           4           5   5.1419923262902305     
           4           6  -3.7336619939689735     
           4           7  -1.4259311177800534E-012
           4           8  -2.8295083798058127E-012
           4           9   2.8890738991053252E-012
           4          10   1.2627211645552239E-012
           4          11   4.0132038542593118E-012
           4          12  -2.0884662087474743E-012
           4          13  -8.2600633817084319E-014
           4          14  -1.1256883913683080E-012
           4          15   2.7339706020473793E-013
           4          16   4.6832355125009550E-014
           4          17   1.5503119891529301E-013
           4          18  -3.6321470077645740E-014
           4          19  -2.9217496889761147E-014
           4          20  -2.2249927496309065E-014
           4          21  -2.7137516845379025E-014
           4          22  -15.817715465370094     
           4          23   1.2079938266500088E-013
           4          24  -15.817715465368353     
           4          25   4.6376584452619417E-013
           4          26   7.0573730167331339E-014
           4          27  -15.817715465367298     
           4          28  -5.6537338454641617     
           4          29  -2.0699823857560424E-013
           4          30  -5.6537338454646653     
           4          31  -8.9583556271319291E-014
           4          32  -7.1159940704502096E-014
           4          33  -5.6537338454649895     
           4          34 -0.37647933005128986     
           4          35   1.3275365219943114E-013
           4          36 -0.37647933005119366     
           4          37   1.9866046291993245E-014
           4          38   3.9212346606987122E-014
           4          39 -0.37647933005110235     
           4          40  0.74635611174747640     
           4          41  -8.9053047307631819E-014
           4          42  0.74635611174759031     
           4          43  -1.3026477674188589E-015
           4          44  -5.8354705913565038E-014
           4          45  0.74635611174752559     
           4          46  -7.2428220446913404E-013
           4          47  -7.1367888567916404E-013
           4          48  -2.2698185606378984E-013
           4          49  -1.5057036572509710E-012
           4          50   3.8582962818170102E-013
           4          51   1.7112379447708250E-014
           4          52   4.3815377004332749E-013
           4          53  -2.0346320020267281E-013
           4          54  -6.5639421594651022E-013
           4          55   9.1556585180188284E-013
           4          56  -6.2085002119451951E-014
           4          57   1.0744143573618456E-013
           4          58  -8.0486387811330188E-015
           4          59   3.2079552265453018E-013
           4          60   3.4235122734300081E-014
           4          61   6.3191864907777823E-014
           4          62  -4.2919387918818001E-014
           4          63   4.0359380061234891E-016
           4          64   1.1624539891657291E-013
           4          65  -5.6750358155223679E-015
           5           1 -0.47813071009772778     
           5           2  0.98497413819704671     
           5           3   8.5258457288224787E-002
           5           4   5.1419923262902305     
           5           5  0.78804152787181836     
           5           6 -0.56901362705439251     
           5           7  -2.3744758489621091E-013
           5           8  -9.2387875551047305E-013
           5           9   3.2225499509851344E-013
           5          10  -4.1280676706517454E-013
           5          11   2.7870274891963171E-012
           5          12   1.2067359027931563E-013
           5          13   2.4259371294261453E-013
           5          14  -1.0107282643244988E-012
           5          15  -1.2469161231734557E-013
           5          16   9.4136441020548199E-015
           5          17   2.6315581757663620E-014
           5          18  -3.8184242258331249E-015
           5          19  -5.1291070805412572E-015
           5          20  -4.3403131838761358E-015
           5          21  -5.1033554691150481E-015
           5          22  -2.3832278062541152     
           5          23   3.1754926280800707E-014
           5          24  -2.3832278062536427     
           5          25   4.7754234439471998E-013
           5          26  -2.4262151028006372E-013
           5          27  -2.3832278062538967     
           5          28 -0.86397016328830900     
           5          29  -3.5892617102972464E-014
           5          30 -0.86397016328844789     
           5          31  -1.3366211590821350E-013
           5          32   6.3785844614986813E-014
           5          33 -0.86397016328837417     
           5          34  -5.8464733768236590E-002
           5          35   2.2049087881734549E-014
           5          36  -5.8464733768197531E-002
           5          37   4.8932424015248181E-014
           5          38  -2.2487819627129477E-014
           5          39  -5.8464733768231039E-002
           5          40  0.11350543644467752     
           5          41  -1.4347503191410852E-014
           5          42  0.11350543644468726     
           5          43  -1.4950425650480775E-014
           5          44  -2.7639528058703121E-018
           5          45  0.11350543644469210     
           5          46   7.2314860331175867E-014
           5          47  -4.2458232007372437E-013
           5          48   4.7440345692890087E-014
           5          49  -9.3478912612754370E-013
           5          50  -5.8456699551712666E-015
           5          51   2.7050121357796219E-015
           5          52   2.1114017979147523E-015
           5          53   5.1484287521905550E-014
           5          54  -4.1543671322096941E-013
           5          55  -4.2871018626961375E-015
           5          56  -1.0795159516898851E-013
           5          57   1.5597614630674588E-013
           5          58  -4.5275405641862612E-014
           5          59   3.6076182943488207E-013
           5          60   3.3018037532040915E-014
           5          61   1.0043257616626158E-014
           5          62   2.0580023152535367E-014
           5          63  -4.3870787383100249E-014
           5          64   1.5733432137463900E-013
           5          65   6.0195458724279913E-014
           6           1  0.38211293375778688     
           6           2 -0.78153612470508538     
           6           3 -0.14826027880414328     
           6           4  -3.7336619939689735     
           6           5 -0.56901362705439251     
           6           6  0.41369811121254429     
           6           7   3.5811055931206306E-012
           6           8   1.7605745409876320E-012
           6           9  -4.4147342655525550E-013
           6          10  -4.6234004351554839E-012
           6          11  -9.1941927426142848E-012
           6          12   9.6692994462728034E-013
           6          13   1.3907762374827479E-012
           6          14   3.5858979971455762E-012
           6          15  -3.2115384696685269E-013
           6          16  -5.9959235793873791E-014
           6          17  -1.1836534044446098E-014
           6          18   3.7285070319256900E-015
           6          19   1.9411053171395310E-014
           6          20   2.8062106992614583E-015
           6          21   2.8775560944284345E-015
           6          22   1.7572391167055441     
           6          23  -2.5351171205374088E-013
           6          24   1.7572391167068699     
           6          25  -5.7597331564789692E-013
           6          26  -1.2894404732233591E-012
           6          27   1.7572391167027515     
           6          28  0.62605448930991614     
           6          29   9.3727111714614495E-014
           6          30  0.62605448930952357     
           6          31   1.6471997953144223E-013
           6          32   3.8604005743914925E-013
           6          33  0.62605448931074037     
           6          34   4.1534121426985496E-002
           6          35  -4.1932994861892280E-014
           6          36   4.1534121427147519E-002
           6          37  -6.1826571570611914E-014
           6          38  -1.4985315670600799E-013
           6          39   4.1534121426682835E-002
           6          40  -8.2737840508828112E-002
           6          41   1.8500548215573331E-014
           6          42  -8.2737840508895655E-002
           6          43   1.9096854800647734E-014
           6          44   5.2737959376343083E-014
           6          45  -8.2737840508743887E-002
           6          46   1.7361033895303750E-012
           6          47   1.3271801466175649E-012
           6          48   7.6572073187271535E-013
           6          49   2.9577882270826354E-012
           6          50  -1.4772789948564552E-013
           6          51  -1.8822491456919102E-015
           6          52  -1.5351757579486672E-013
           6          53   7.6320649225317632E-013
           6          54   1.3208931154700544E-012
           6          55  -3.3603235055660296E-013
           6          56  -4.4891199174472693E-013
           6          57  -5.9536717543568750E-013
           6          58  -2.0293356865817489E-013
           6          59  -1.3402351955994563E-012
           6          60   4.5281168781039749E-014
           6          61  -6.9266545264918770E-015
           6          62   5.3718190952625875E-014
           6          63  -2.0386653723410830E-013
           6          64  -5.9633677491285737E-013
           6          65   1.1017787774125800E-013
           7           1   1.6872533363690689E-013
           7           2  -5.3976327639055158E-013
           7           3  -6.8560075670437950E-013
           7           4  -1.4259311177800534E-012
           7           5  -2.3744758489621091E-013
           7           6   3.5811055931206306E-012
           7           7   3.2199128300170337     
           7           8  -3.0808688933348843E-015
           7           9  -6.4392935428281751E-015
           7          10  -4.5357184367336991     
           7          11   7.1054273576027831E-015
           7          12   1.1546319456112978E-014
           7          13   1.4335348870525413     
           7          14   1.4432899320124378E-014
           7          15   9.1759932985265818E-014
           7          16  -5.0100439856649893E-002
           7          17   1.4882301120610576E-015
           7          18   1.4855412906744270E-014
           7          19   1.4902634487378630E-002
           7          20  -3.4542681215386617E-015
           7          21  -4.6521217867546357E-015
           7          22   7.5842942125287395E-013
           7          23   9.2225574487640295E-015
           7          24   6.9761639270075931E-013
           7          25   1.8124851384053450E-015
           7          26  -3.9782428652777019E-016
           7          27   7.3492584270939195E-013
           7          28   3.3552775978697580E-014
           7          29   4.3206680962838250E-015
           7          30   5.0341201290382080E-014
           7          31   5.6556909151524482E-016
           7          32  -7.4352683335800600E-015
           7          33   3.4978831935057854E-014
           7          34  -5.6254266978963605E-013
           7          35   4.3989814362163037E-015
           7          36  -5.6132325613369776E-013
           7          37   3.7540306759500740E-015
           7          38   8.0349350049619300E-015
           7          39  -5.5305551201410672E-013
           7          40  -1.0488773797374701E-012
           7          41   3.3251131534562961E-016
           7          42  -1.0501790636146365E-012
           7          43  -2.9166847433326102E-015
           7          44   4.0026719268658805E-015
           7          45  -1.0568696050053869E-012
           7          46   1.6547310086964497     
           7          47  -1.1962653090335749E-014
           7          48  0.74001820398440510     
           7          49  -2.8310687127942427E-015
           7          50  -6.8001160258305479E-015
           7          51  -8.9907636879065394E-015
           7          52  -9.9642516460126085E-015
           7          53  0.74001820398440665     
           7          54  -8.6874951676920282E-015
           7          55  -2.2259971643738390E-014
           7          56 -0.48057920147174316     
           7          57   3.6082248300415046E-016
           7          58 -0.21492155261266865     
           7          59  -9.6311847386214139E-015
           7          60  -2.8269053764517951E-014
           7          61   5.6193963759060450E-015
           7          62  -2.2162827129078889E-014
           7          63 -0.21492155261267321     
           7          64  -6.3282712403624772E-015
           7          65  -5.1930681976840498E-014
           8           1   4.7237286473768539E-013
           8           2  -1.5201092045411061E-012
           8           3  -1.1256915074393279E-012
           8           4  -2.8295083798058127E-012
           8           5  -9.2387875551047305E-013
           8           6   1.7605745409876320E-012
           8           7  -3.0808688933348843E-015
           8           8   3.2199128300170878     
           8           9  -1.9428902930939348E-015
           8          10   5.5511151231261535E-015
           8          11  -4.5357184367338519     
           8          12   7.8825834748381839E-015
           8          13   1.8646195698579504E-013
           8          14   1.4335348870520781     
           8          15   2.6589841439772490E-014
           8          16   4.7511311291464959E-014
           8          17  -5.0100439856804256E-002
           8          18  -3.0897322460948638E-015
           8          19  -8.1793838195565325E-015
           8          20   1.4902634487428809E-002
           8          21   3.3250312225785127E-015
           8          22   1.5468396694112694E-012
           8          23  -2.8422000966529465E-014
           8          24   1.6271100520790445E-012
           8          25   4.2391832476517741E-016
           8          26   2.6671189213898371E-014
           8          27   1.5916741851207222E-012
           8          28   4.5350255898802038E-013
           8          29   1.0553826299472260E-014
           8          30   4.3198913093922375E-013
           8          31  -1.2614799355353063E-014
           8          32   2.2644544672336055E-015
           8          33   4.6273268288047489E-013
           8          34  -5.0064477152450429E-014
           8          35  -4.3987969128279955E-015
           8          36  -5.4193900664465396E-014
           8          37   8.5771014618202281E-015
           8          38  -7.1780607776023042E-015
           8          39  -5.2820213352429575E-014
           8          40  -4.8822025709348690E-013
           8          41   6.0829478882004998E-015
           8          42  -4.7857764705740890E-013
           8          43   4.3449651060357209E-015
           8          44   4.4464679890788955E-015
           8          45  -4.7621927096000490E-013
           8          46  -4.4686476741162765E-014
           8          47  0.74001820398449336     
           8          48  -2.7228219678932046E-014
           8          49   1.6547310086966573     
           8          50  -9.7144514654700472E-015
           8          51   1.0464280350786699E-014
           8          52   1.4793721803130265E-014
           8          53  -2.5202062658991164E-014
           8          54  0.74001820398448837     
           8          55  -2.2426505097427925E-014
           8          56  -1.2512213487525519E-013
           8          57 -0.21492155261252180     
           8          58  -4.5977111007289295E-014
           8          59 -0.48057920147142308     
           8          60   6.6197047843275322E-015
           8          61  -5.7956816639401591E-015
           8          62  -2.5118795932144132E-014
           8          63  -5.1070259132757258E-014
           8          64 -0.21492155261253429     
           8          65  -1.6014967130217905E-014
           9           1  -5.1899774877924371E-013
           9           2   1.7084933188866009E-012
           9           3   1.4985164977809064E-012
           9           4   2.8890738991053252E-012
           9           5   3.2225499509851344E-013
           9           6  -4.4147342655525550E-013
           9           7  -6.4392935428281751E-015
           9           8  -1.9428902930939348E-015
           9           9   3.2199128300170670     
           9          10   4.3298697960496752E-015
           9          11   7.9936057772989135E-015
           9          12  -4.5357184367337391     
           9          13   5.2235993308610308E-014
           9          14   4.8738790781048102E-014
           9          15   1.4335348870520099     
           9          16   6.5494620360776772E-015
           9          17   7.2820032339189795E-015
           9          18  -5.0100439856842545E-002
           9          19  -3.8102116947660354E-015
           9          20  -2.8029336664214113E-016
           9          21   1.4902634487449627E-002
           9          22  -1.7766572413561585E-012
           9          23   1.6568451974087043E-014
           9          24  -1.7872345556606524E-012
           9          25   3.3264121883379484E-014
           9          26   3.9124593533739311E-015
           9          27  -1.7656148747038295E-012
           9          28  -4.6006058667839619E-013
           9          29  -3.7516922244861230E-015
           9          30  -4.5151117495163940E-013
           9          31  -1.4879853376266132E-014
           9          32  -6.1263513489067875E-015
           9          33  -4.4310378567268524E-013
           9          34   3.4260901194023229E-014
           9          35  -9.1819562431982138E-015
           9          36   1.9651457201878495E-014
           9          37   2.6240108568488833E-016
           9          38   3.0585508135887537E-015
           9          39   2.0890773496004031E-014
           9          40   9.7076015377286125E-014
           9          41   2.3650168066844260E-015
           9          42   1.1218131331288733E-013
           9          43   7.1166893944907345E-015
           9          44   3.7506303909572753E-016
           9          45   1.1284165686361852E-013
           9          46  -1.8096635301395741E-014
           9          47  -1.1990408665952061E-014
           9          48  -6.0229599085930188E-015
           9          49  -1.3211653993039363E-014
           9          50  0.74001820398447127     
           9          51  -7.1984354195940059E-015
           9          52  0.74001820398449247     
           9          53  -1.0769163338865317E-014
           9          54  -9.0205620750792549E-015
           9          55   1.6547310086965885     
           9          56  -2.2787327580430502E-014
           9          57  -6.5086824818662669E-015
           9          58  -1.5876189252139022E-014
           9          59  -3.3778535524222906E-014
           9          60 -0.21492155261250673     
           9          61   1.7243304346512285E-015
           9          62 -0.21492155261251530     
           9          63  -1.9123591599167807E-014
           9          64  -4.6143644460994957E-015
           9          65 -0.48057920147138089     
          10           1  -1.3226548264311189E-013
          10           2   3.6455167988587033E-013
          10           3   2.9270231679199637E-013
          10           4   1.2627211645552239E-012
          10           5  -4.1280676706517454E-013
          10           6  -4.6234004351554839E-012
          10           7  -4.5357184367336991     
          10           8   5.5511151231261535E-015
          10           9   4.3298697960496752E-015
          10          10   16.365133408709120     
          10          11  -3.0198066269813276E-014
          10          12   3.9079850466747589E-014
          10          13  -6.2061627557159209     
          10          14  -1.1501910535115251E-013
          10          15  -2.5335289421944366E-013
          10          16   2.9425570380613369E-002
          10          17  -2.7460130523620583E-014
          10          18  -4.9609296705331261E-014
          10          19  -1.1561798282385577E-002
          10          20   2.2880352126829720E-014
          10          21   1.4749269514055917E-014
          10          22  -5.9549222340605678E-013
          10          23  -4.9895890291966132E-014
          10          24  -2.9633314524863878E-013
          10          25   1.9463668799438980E-014
          10          26   2.1413499245855189E-014
          10          27  -4.7215644456139203E-013
          10          28   1.6196120172768854E-013
          10          29   3.1468178016959178E-015
          10          30   6.4714148594657759E-014
          10          31  -2.9980192147180990E-014
          10          32   2.2956476576462073E-014
          10          33   1.3856548283694356E-013
          10          34   9.5425934687778420E-013
          10          35  -2.7017192372355984E-014
          10          36   9.4457467127117557E-013
          10          37   2.8405446099600057E-015
          10          38  -3.4083606048840025E-014
          10          39   9.2920828536890128E-013
          10          40   1.3680719643022597E-012
          10          41   9.2405931506508031E-015
          10          42   1.3831279493973832E-012
          10          43   1.5053711177186102E-014
          10          44  -7.5809409252352426E-015
          10          45   1.4089266660096543E-012
          10          46  -5.3742572826397730     
          10          47   2.9087843245177524E-014
          10          48  -2.4034409225111677     
          10          49   4.4186876380081628E-014
          10          50  -4.3298697960306432E-015
          10          51   3.2766218076749314E-014
          10          52   2.3425705819600219E-014
          10          53  -2.4034409225111650     
          10          54   2.7866597918092272E-014
          10          55   1.3988810110297447E-014
          10          56   2.2948651590804641     
          10          57   3.2751579226437113E-014
          10          58   1.0262948989799447     
          10          59   7.6938455606513958E-014
          10          60   9.1038288019262357E-014
          10          61  -1.7911182345027734E-014
          10          62   3.6193270602776127E-014
          10          63   1.0262948989799543     
          10          64   4.8738790781039696E-014
          10          65   1.3722356584366326E-013
          11           1  -3.4976937350806902E-013
          11           2   9.8234241430206952E-013
          11           3   7.6379565739456236E-013
          11           4   4.0132038542593118E-012
          11           5   2.7870274891963171E-012
          11           6  -9.1941927426142848E-012
          11           7   7.1054273576027831E-015
          11           8  -4.5357184367338519     
          11           9   7.9936057772989135E-015
          11          10  -3.0198066269813276E-014
          11          11   16.365133408709482     
          11          12  -5.5955240441096909E-014
          11          13  -4.9560355819266816E-013
          11          14  -6.2061627557142209     
          11          15  -1.9317880628479917E-014
          11          16  -1.2911546831695421E-013
          11          17   2.9425570381198876E-002
          11          18  -3.1016096808944722E-014
          11          19   3.7733054528144269E-014
          11          20  -1.1561798282600372E-002
          11          21   1.1477364197932026E-014
          11          22  -1.5373957272465265E-012
          11          23   1.4072868196547146E-013
          11          24  -1.9381486019089186E-012
          11          25   3.8714016598413950E-014
          11          26  -8.4709795616716163E-014
          11          27  -1.7949450451473438E-012
          11          28  -5.0284218552740280E-013
          11          29  -2.1641852566850507E-014
          11          30  -3.8326302472500511E-013
          11          31   3.2560903008445151E-014
          11          32  -3.8402220726009400E-014
          11          33  -4.8034772077008145E-013
          11          34   7.6177550975350606E-013
          11          35  -7.2001736604235116E-015
          11          36   7.5080153818757386E-013
          11          37  -3.5362440279906324E-014
          11          38   3.8806514448940347E-014
          11          39   7.4868839682839415E-013
          11          40   2.6427695165377923E-012
          11          41   5.6955360551626262E-015
          11          42   2.6183971279074055E-012
          11          43  -4.5168111070295153E-017
          11          44  -8.9633389456315853E-015
          11          45   2.6114410358501643E-012
          11          46   1.5765166949677692E-013
          11          47  -2.4034409225114586     
          11          48   5.0515147620445998E-014
          11          49  -5.3742572826404356     
          11          50   4.3631764867767125E-014
          11          51  -7.0365583106517238E-014
          11          52  -4.3076653355457872E-014
          11          53   5.3512749786934041E-014
          11          54  -2.4034409225114368     
          11          55   8.6819440525682660E-014
          11          56   3.2529534621517071E-013
          11          57   1.0262948989794309     
          11          58   1.4604983888943889E-013
          11          59   2.2948651590792823     
          11          60  -4.1522341120981107E-014
          11          61   3.5267764156955504E-014
          11          62   7.5772721430667111E-014
          11          63   1.3405943022348785E-013
          11          64   1.0262948989794598     
          11          65   4.4741987892394686E-014
          12           1   3.2711302934847115E-013
          12           2  -1.0005832961240446E-012
          12           3  -1.0147572758564648E-012
          12           4  -2.0884662087474743E-012
          12           5   1.2067359027931563E-013
          12           6   9.6692994462728034E-013
          12           7   1.1546319456112978E-014
          12           8   7.8825834748381839E-015
          12           9  -4.5357184367337391     
          12          10   3.9079850466747589E-014
          12          11  -5.5955240441096909E-014
          12          12   16.365133408709028     
          12          13  -2.4447111002244286E-013
          12          14  -2.6201263381155562E-013
          12          15  -6.2061627557137946     
          12          16  -4.6149282312280467E-014
          12          17  -5.6295029401972672E-014
          12          18   2.9425570381415328E-002
          12          19   2.3871529752918007E-014
          12          20   8.2045915200684881E-015
          12          21  -1.1561798282688643E-002
          12          22   1.2367056056541399E-012
          12          23  -8.2964309552911505E-014
          12          24   1.2723512207997094E-012
          12          25  -1.6793855351271674E-013
          12          26  -3.0801888736176798E-014
          12          27   1.1513471243699740E-012
          12          28   2.7174961421141584E-013
          12          29   4.4325257069262102E-014
          12          30   2.5194954244886958E-013
          12          31   6.2881645754142878E-014
          12          32   1.5617818288552712E-014
          12          33   2.1879529413306452E-013
          12          34  -2.6590674152994267E-013
          12          35   2.4680440969647786E-014
          12          36  -2.3195262766870583E-013
          12          37   4.5542734058490667E-015
          12          38  -5.9103307471999364E-015
          12          39  -2.2708874334213612E-013
          12          40  -2.5219719322275361E-013
          12          41   2.0808741760994712E-015
          12          42  -3.0752389003492100E-013
          12          43  -2.2168158495262113E-014
          12          44  -5.2434384242959520E-015
          12          45  -3.1201345869654264E-013
          12          46   8.1490370007514990E-014
          12          47   7.1276318180936918E-014
          12          48   2.9976021664956137E-015
          12          49   7.4829031859735601E-014
          12          50  -2.4034409225113915     
          12          51   4.0864566620997673E-014
          12          52  -2.4034409225114661     
          12          53   3.0975222387048361E-014
          12          54   3.4749980670766731E-014
          12          55  -5.3742572826402419     
          12          56   1.0602629885169828E-013
          12          57   5.3013149425857687E-014
          12          58   9.4924068605447249E-014
          12          59   1.7308376953907455E-013
          12          60   1.0262948989792775     
          12          61  -1.2877363705977792E-014
          12          62   1.0262948989793030     
          12          63   9.4924068605448335E-014
          12          64   4.6740389336725029E-014
          12          65   2.2948651590790452     
          13           1   9.2326694227390334E-015
          13           2   1.9635122889158110E-014
          13           3   3.7984862560392254E-014
          13           4  -8.2600633817084319E-014
