           1           1   2.4461633318110336     
           1           2  -1.4776216382071552     
           1           3  -1.9846723002633442     
           1           4  -3.5393700456310055     
           1           5  0.30607185052548286     
           1           6   8.0514635599152964E-003
           1           7   5.6753809164139245E-013
           1           8   6.4916094457730449E-015
           1           9  -1.8711475013538308E-013
           1          10  -6.5979593467614691E-013
           1          11   1.2737021727582922E-012
           1          12   1.5345975721361381E-012
           1          13   5.0854987287680490E-013
           1          14  -1.4459786482160672E-012
           1          15  -1.6917283443444841E-012
           1          16  -1.3508114094849448E-013
           1          17   3.0408884625591363E-013
           1          18   3.5888240500096531E-013
           1          19   4.2075690573544403E-014
           1          20  -8.7622165533709315E-014
           1          21  -9.9259586722203228E-014
           1          22   2.3282732011346505     
           1          23  -4.0338773639774406E-014
           1          24   2.3282732011346470     
           1          25  -1.4213569556546966E-015
           1          26  -7.8612547505375113E-015
           1          27   2.3282732011346581     
           1          28  0.63873100415433670     
           1          29   1.6607694698044764E-014
           1          30  0.63873100415434680     
           1          31  -1.3432166035174495E-015
           1          32   1.9886882940664832E-015
           1          33  0.63873100415433814     
           1          34 -0.14465615073001498     
           1          35  -9.9445533546240711E-015
           1          36 -0.14465615073002577     
           1          37  -2.4821696576014932E-015
           1          38  -2.6613745838851575E-017
           1          39 -0.14465615073001520     
           1          40  -2.6820105755928008E-002
           1          41   2.9531562471813305E-015
           1          42  -2.6820105755920011E-002
           1          43   2.5124050454991236E-015
           1          44  -2.9877018156089471E-015
           1          45  -2.6820105755922530E-002
           1          46   2.0332203060259821E-013
           1          47  -1.0152367667141651E-013
           1          48   9.2298709274303213E-014
           1          49  -2.3114633914061519E-013
           1          50  -1.3730679300082358E-013
           1          51   1.4336473553330741E-015
           1          52  -1.3524611714162763E-013
           1          53   9.3905919931180157E-014
           1          54  -1.0864717431691702E-013
           1          55  -2.9846581045377685E-013
           1          56  -1.6392420602475048E-013
           1          57   2.5019508567336981E-013
           1          58  -7.3190948163475123E-014
           1          59   5.6409894237244377E-013
           1          60   2.9211006464390704E-013
           1          61  -1.3537960932743659E-015
           1          62   2.9065356291536908E-013
           1          63  -7.2090368857407272E-014
           1          64   2.5385998248744966E-013
           1          65   6.5057010495483558E-013
           2           1  -1.4776216382071552     
           2           2   4.6724688922110911     
           2           3   5.1413406151491543     
           2           4   9.7155842074354339     
           2           5 -0.84466717952271864     
           2           6  -2.1009220262987738E-002
           2           7  -1.8872949265115572E-012
           2           8  -3.9196535205646222E-013
           2           9   2.6629555156548742E-013
           2          10   1.7486951350827949E-012
           2          11  -2.5381816855365432E-012
           2          12  -3.2447758590290131E-012
           2          13  -1.0926017338596587E-012
           2          14   2.8700403138999813E-012
           2          15   3.5881713755924112E-012
           2          16   3.2706671269199371E-013
           2          17  -6.0324764735316899E-013
           2          18  -7.6159342219799651E-013
           2          19  -1.0246582699679217E-013
           2          20   1.7196012845027374E-013
           2          21   2.1050093890405806E-013
           2          22  -6.2469072919564450     
           2          23  -3.2928974833313549E-015
           2          24  -6.2469072919565782     
           2          25   1.2428724796635640E-014
           2          26   8.1422417751401178E-014
           2          27  -6.2469072919564850     
           2          28  -1.7572659512507620     
           2          29  -9.5259849958040032E-015
           2          30  -1.7572659512507383     
           2          31  -1.6022375584192541E-015
           2          32  -1.9669109590342117E-014
           2          33  -1.7572659512507478     
           2          34  0.39955073034800487     
           2          35   9.9200349404058960E-015
           2          36  0.39955073034801775     
           2          37   6.2331145467150601E-015
           2          38   3.5397091214536504E-015
           2          39  0.39955073034800515     
           2          40   7.3421957802552867E-002
           2          41  -5.1021429915076569E-017
           2          42   7.3421957802535062E-002
           2          43  -6.1800259536370656E-015
           2          44   4.5991162825683611E-015
           2          45   7.3421957802543611E-002
           2          46  -5.8842202791468881E-013
           2          47   1.9767366438757539E-013
           2          48  -2.6969094698833498E-013
           2          49   4.3230183555176028E-013
           2          50   2.8477090855541969E-013
           2          51  -1.0602820744035598E-015
           2          52   2.8046597214446339E-013
           2          53  -2.6175884472191241E-013
           2          54   1.9755699539590496E-013
           2          55   6.2513915060924802E-013
           2          56   2.9547342481467742E-013
           2          57  -4.9969730749515849E-013
           2          58   1.3086869099865837E-013
           2          59  -1.1146178633304814E-012
           2          60  -6.1669492207307420E-013
           2          61   4.3957768173948590E-015
           2          62  -6.1298144573309333E-013
           2          63   1.2680585605544140E-013
           2          64  -5.0584869410152830E-013
           2          65  -1.3849523519230299E-012
           3           1  -1.9846723002633442     
           3           2   5.1413406151491543     
           3           3   5.7225510477556032     
           3           4   10.840531054195882     
           3           5 -0.94217258443019314     
           3           6  -2.3519774034680186E-002
           3           7  -1.7968774341020148E-012
           3           8  -5.5292026134466373E-013
           3           9   6.9179328573532848E-014
           3          10   1.3819397334198839E-012
           3          11  -1.5284736480274032E-012
           3          12  -1.9308720490584845E-012
           3          13  -6.6120253917296077E-013
           3          14   1.7651977478398636E-012
           3          15   2.1492027093159743E-012
           3          16   2.3900300470302823E-013
           3          17  -3.6655127214318829E-013
           3          18  -4.5304919543439212E-013
           3          19  -7.8439670063842527E-014
           3          20   1.0591957155092099E-013
           3          21   1.2316018626831048E-013
           3          22  -6.9673356375993860     
           3          23  -4.1034499730822171E-013
           3          24  -6.9673356376003488     
           3          25   4.4752159648479114E-014
           3          26   4.5738842126054782E-013
           3          27  -6.9673356375996871     
           3          28  -1.9605461289216737     
           3          29   9.6043198435631729E-014
           3          30  -1.9605461289214339     
           3          31  -9.6761806958460060E-015
           3          32  -1.1858712632844596E-013
           3          33  -1.9605461289215913     
           3          34  0.44566263340190282     
           3          35  -2.7922931039267772E-014
           3          36  0.44566263340183848     
           3          37   9.9937815739556951E-015
           3          38   3.9665152333870199E-014
           3          39  0.44566263340187817     
           3          40   8.1937540220386115E-002
           3          41   1.1937990180112665E-014
           3          42   8.1937540220390931E-002
           3          43  -7.8642159433934845E-015
           3          44  -5.8710915537927456E-015
           3          45   8.1937540220383201E-002
           3          46  -5.1848071066646495E-013
           3          47   1.1149909798821341E-013
           3          48  -2.3824044944838767E-013
           3          49   2.3005795351521555E-013
           3          50   1.6998642569701543E-013
           3          51  -1.8878336512350500E-015
           3          52   1.5925747807582504E-013
           3          53  -2.2724458603606295E-013
           3          54   1.0188628825953574E-013
           3          55   3.6260320237858655E-013
           3          56   1.2504398391404681E-013
           3          57  -3.0909093352325265E-013
           3          58   5.4671348575774346E-014
           3          59  -6.9075132613461919E-013
           3          60  -3.6938506803417897E-013
           3          61   4.7633755623229008E-015
           3          62  -3.6625430008245607E-013
           3          63   5.0743678130095697E-014
           3          64  -3.1804531466702702E-013
           3          65  -8.3245479418841470E-013
           4           1  -3.5393700456310055     
           4           2   9.7155842074354339     
           4           3   10.840531054195882     
           4           4   37.964998598478743     
           4           5  -3.3003552281425037     
           4           6  -8.3759951624194265E-002
           4           7  -3.3686543393606494E-012
           4           8   3.9095921022123468E-012
           4           9   5.2449704025435726E-012
           4          10   7.3238214016751468E-012
           4          11  -2.6606382113319047E-011
           4          12  -3.0293878028195636E-011
           4          13  -7.3164523322858134E-012
           4          14   2.9228241456970208E-011
           4          15   3.3063421173479269E-011
           4          16   1.6510168049869822E-012
           4          17  -6.2620852573558180E-012
           4          18  -7.0875137217992982E-012
           4          19  -4.7795804572374997E-013
           4          20   1.7798919008580435E-012
           4          21   1.9885607129008617E-012
           4          22  -21.070422308947343     
           4          23   5.6678513770379811E-013
           4          24  -21.070422308946927     
           4          25  -6.1803973808234354E-014
           4          26   1.3346303543978524E-013
           4          27  -21.070422308947354     
           4          28  -6.8855381296979337     
           4          29  -1.9272337131494328E-013
           4          30  -6.8855381296981113     
           4          31   3.4573268994987505E-014
           4          32  -3.5344710258561192E-014
           4          33  -6.8855381296979372     
           4          34   1.5642882110100544     
           4          35   9.1845371161331031E-014
           4          36   1.5642882110101719     
           4          37   1.3927638128400133E-015
           4          38   1.0484038152445346E-014
           4          39   1.5642882110100789     
           4          40  0.28720573793461984     
           4          41  -1.6636040565061804E-014
           4          42  0.28720573793455256     
           4          43  -1.2961456984809900E-014
           4          44   1.2751618033437580E-014
           4          45  0.28720573793458420     
           4          46  -1.7362613589413148E-012
           4          47   2.3326632362566701E-012
           4          48  -7.8728055113129678E-013
           4          49   5.2691990692513812E-012
           4          50   2.7317957602658253E-012
           4          51  -2.5337109193080275E-015
           4          52   2.7897894461566528E-012
           4          53  -8.1381773425648675E-013
           4          54   2.4402810134103070E-012
           4          55   6.1201396884773874E-012
           4          56   2.7199890874965898E-012
           4          57  -5.0285613192057356E-012
           4          58   1.2089182385262723E-012
           4          59  -1.1219762837835419E-011
           4          60  -5.6604029439096724E-012
           4          61   1.4552267994342271E-014
           4          62  -5.6491571505396991E-012
           4          63   1.1953795353528629E-012
           4          64  -5.0446451918959290E-012
           4          65  -1.2684712928057603E-011
           5           1  0.30607185052548286     
           5           2 -0.84466717952271864     
           5           3 -0.94217258443019314     
           5           4  -3.3003552281425037     
           5           5  0.28690626871622998     
           5           6   7.2810717241436956E-003
           5           7   2.7757088700754406E-013
           5           8   6.2901125719030845E-014
           5           9   4.8426892368631438E-014
           5          10  -5.5461384877847017E-014
           5          11  -2.3120048020519368E-013
           5          12   1.7821667387632681E-013
           5          13  -1.6258046431640188E-014
           5          14   2.4078178743692478E-013
           5          15  -2.1511171270181496E-013
           5          16  -5.4641949290964908E-015
           5          17  -5.1556230102027199E-014
           5          18   4.3906532818231136E-014
           5          19   2.8202896064044572E-015
           5          20   1.3111513595806134E-014
           5          21  -1.1472393784239590E-014
           5          22   1.8315975177375823     
           5          23   5.2645479732194328E-013
           5          24   1.8315975177354262     
           5          25   2.2195842783625368E-013
           5          26   1.1247028277298517E-013
           5          27   1.8315975177365362     
           5          28  0.59857176408330448     
           5          29  -1.3484149204022311E-013
           5          30  0.59857176408387813     
           5          31  -6.0033527875392686E-014
           5          32  -2.9597091342117459E-014
           5          33  0.59857176408358037     
           5          34 -0.13598674418505907     
           5          35   4.7791405452833647E-014
           5          36 -0.13598674418527462     
           5          37   2.0861333576447966E-014
           5          38   1.1108689394103873E-014
           5          39 -0.13598674418516260     
           5          40  -2.4967176425887836E-002
           5          41  -1.5959627825654470E-014
           5          42  -2.4967176425817899E-002
           5          43  -5.4211017893993047E-015
           5          44  -4.8585924334191167E-015
           5          45  -2.4967176425853107E-002
           5          46   4.7125373899465380E-014
           5          47   1.5210352139803153E-014
           5          48   2.0513350033286518E-014
           5          49   5.1415751515269610E-014
           5          50  -1.5851840267891768E-014
           5          51   1.3516856798802137E-015
           5          52  -7.6269248226862793E-015
           5          53   1.5938521396883445E-014
           5          54   3.0112690634902001E-014
           5          55  -2.7881429890945854E-014
           5          56   1.6946970096591316E-014
           5          57  -4.1864884616678724E-014
           5          58   7.9807237585467827E-015
           5          59  -9.2070366909796099E-014
           5          60   3.6682057350361903E-014
           5          61  -1.0764378729062237E-015
           5          62   3.7916630970840658E-014
           5          63   8.0110924073136740E-015
           5          64  -3.6424378926280139E-014
           5          65   8.5863607687035888E-014
           6           1   8.0514635599152964E-003
           6           2  -2.1009220262987738E-002
           6           3  -2.3519774034680186E-002
           6           4  -8.3759951624194265E-002
           6           5   7.2810717241436956E-003
           6           6   1.8494133236887764E-004
           6           7   2.0786517667577267E-013
           6           8   2.0731634473477400E-013
           6           9   3.3103480423640783E-013
           6          10  -2.9961412702563580E-013
           6          11  -1.3905188966282521E-012
           6          12  -1.4897061800088403E-012
           6          13   2.9208785907035701E-013
           6          14   1.5229382015917755E-012
           6          15   1.6078278658599499E-012
           6          16  -6.6160067746682204E-014
           6          17  -3.2597569362379460E-013
           6          18  -3.4655633781921416E-013
           6          19   1.8976276138167246E-014
           6          20   9.1745488937180253E-014
           6          21   9.7816591080661263E-014
           6          22   4.6345255956606463E-002
           6          23   2.1808039703312028E-013
           6          24   4.6345255955645266E-002
           6          25   8.3152378665550907E-014
           6          26   4.3825136770148297E-014
           6          27   4.6345255956108590E-002
           6          28   1.5191747180809508E-002
           6          29  -5.7325889459904439E-014
           6          30   1.5191747181062755E-002
           6          31  -2.1935805591937529E-014
           6          32  -1.1538646869708519E-014
           6          33   1.5191747180940617E-002
           6          34  -3.4511702084298016E-003
           6          35   2.1044853681138511E-014
           6          36  -3.4511702085230885E-003
           6          37   8.0395984059853474E-015
           6          38   4.2501632834472226E-015
           6          39  -3.4511702084780898E-003
           6          40  -6.3367175901332066E-004
           6          41  -6.5934963052943936E-015
           6          42  -6.3367175898414359E-004
           6          43  -2.4812990562580703E-015
           6          44  -1.3615149312175622E-015
           6          45  -6.3367175899819073E-004
           6          46   8.1077495197051569E-014
           6          47   1.1772582459023476E-013
           6          48   3.5338563033288028E-014
           6          49   2.7695921563391866E-013
           6          50   1.3565328886242782E-013
           6          51   7.1720188990138209E-016
           6          52   1.4385891729408234E-013
           6          53   3.1078216511918004E-014
           6          54   1.3272181712091666E-013
           6          55   3.0869511596267871E-013
           6          56  -1.0648137433922618E-013
           6          57  -2.6255739691120678E-013
           6          58  -4.7760608008054801E-014
           6          59  -5.8484239303332669E-013
           6          60  -2.7501755870504305E-013
           6          61   8.6680860020756511E-017
           6          62  -2.7365228285546887E-013
           6          63  -4.8451544655151782E-014
           6          64  -2.5998120338316321E-013
           6          65  -6.1399849620561626E-013
           7           1   5.6753809164139245E-013
           7           2  -1.8872949265115572E-012
           7           3  -1.7968774341020148E-012
           7           4  -3.3686543393606494E-012
           7           5   2.7757088700754406E-013
           7           6   2.0786517667577267E-013
           7           7   3.2267176876309858     
           7           8  -5.6205040621718443E-015
           7           9  -5.3290705181802252E-015
           7          10  -5.0988082259706653     
           7          11  -1.3539169785301421E-013
           7          12   1.7413848141233711E-013
           7          13   5.0451097706991979     
           7          14   9.5840002600772576E-013
           7          15  -7.7032824563600391E-013
           7          16  -1.1338749562065369     
           7          17  -7.8527462310530019E-014
           7          18   8.3363871361510670E-014
           7          19  0.32424642648876473     
           7          20   1.1195905313956022E-014
           7          21  -5.9126314955187106E-014
           7          22   2.2320421499121455E-012
           7          23   1.8132765055829188E-013
           7          24   1.9382741456209114E-012
           7          25   1.0049909995902920E-013
           7          26  -1.2720917851806334E-013
           7          27   2.0439103769428499E-012
           7          28   5.9093367455380097E-013
           7          29  -3.9495888195784060E-014
           7          30   6.9953376996441312E-013
           7          31   7.1023740686016229E-015
           7          32   5.0549374911768996E-014
           7          33   6.4650083816637456E-013
           7          34  -1.7708117459505355E-013
           7          35   1.2107688300236473E-014
           7          36  -1.9848630582352906E-013
           7          37   1.3533170512698421E-014
           7          38  -2.9080428158678374E-015
           7          39  -1.8349973329687493E-013
           7          40  -8.7728521010332301E-014
           7          41   1.9385745156938736E-015
           7          42  -6.0767207260444113E-014
           7          43  -9.4281721683520316E-015
           7          44   1.3539460462153986E-014
           7          45  -7.7995768949368326E-014
           7          46   1.2971658763385996     
           7          47  -3.1893773673486091E-014
           7          48  0.58011021551722453     
           7          49  -9.5049680619375860E-014
           7          50   4.3609950595929635E-014
           7          51   5.4314917846483120E-014
           7          52  -3.1164935941831168E-014
           7          53  0.58011021551728215     
           7          54  -3.9438444295203460E-014
           7          55   1.4407420679541311E-014
           7          56  -1.8587386520745330     
           7          57  -2.2239793140748149E-013
           7          58 -0.83125319568901668     
           7          59  -5.2895781424111406E-013
           7          60   1.9378745280574475E-013
           7          61  -4.9077033170465075E-014
           7          62   1.8130262149062470E-013
           7          63 -0.83125319568901679     
           7          64  -2.0733993446778566E-013
           7          65   3.7014985446399903E-013
           8           1   6.4916094457730449E-015
           8           2  -3.9196535205646222E-013
           8           3  -5.5292026134466373E-013
           8           4   3.9095921022123468E-012
           8           5   6.2901125719030845E-014
           8           6   2.0731634473477400E-013
           8           7  -5.6205040621718443E-015
           8           8   3.2267176876309445     
           8           9  -7.2164496600669569E-015
           8          10  -1.5776269179919754E-013
           8          11  -5.0988082259704424     
           8          12  -2.5024426975049059E-013
           8          13   2.7919333511760761E-012
           8          14   5.0451097706985388     
           8          15   4.9960036108129601E-013
           8          16  -3.4180991370646240E-013
           8          17  -1.1338749562064354     
           8          18  -2.8721469647052345E-013
           8          19   7.3652889343020398E-014
           8          20  0.32424642648875174     
           8          21   1.7737200597167561E-013
           8          22  -2.0795850573536369E-012
           8          23   4.1351162417114064E-013
           8          24  -5.5251719483975043E-013
           8          25  -5.1197176972475612E-013
           8          26   4.5964157392210929E-014
           8          27  -1.6866213802257631E-012
           8          28  -6.3687829056751512E-013
           8          29  -3.3966871516488480E-015
           8          30  -1.0678033912578184E-012
           8          31   5.7083516468533086E-014
           8          32  -2.0601717016963389E-014
           8          33  -7.5372079224532787E-013
           8          34   4.6843876981819825E-015
           8          35   5.8503758375467595E-015
           8          36  -5.7976968711630425E-014
           8          37   3.5693907294110570E-015
           8          38  -7.4019561112394156E-014
           8          39   1.4344389480158480E-013
           8          40  -9.0664980960288964E-014
           8          41   4.3880683110827651E-014
           8          42  -9.3114121996494475E-014
           8          43  -3.1952286195025636E-014
           8          44   9.8683787720976567E-015
           8          45  -2.3293258484531456E-013
           8          46  -3.7038076398539178E-013
           8          47  0.58011021551727837     
           8          48  -8.6881066930059310E-014
           8          49   1.2971658763384624     
           8          50   3.2526455710046452E-014
           8          51  -2.7286255846219668E-013
           8          52   5.5731809105650023E-014
           8          53  -1.4876320804989291E-013
           8          54  0.58011021551734543     
           8          55  -1.1587524311130823E-014
           8          56  -1.4173109909369164E-012
           8          57 -0.83125319568883160     
           8          58  -7.6031467473027065E-013
           8          59  -1.8587386520741411     
           8          60  -4.9521414579053324E-014
           8          61   1.2436500297786272E-013
           8          62  -4.5925905879185654E-014
           8          63  -6.0934406226867198E-013
           8          64 -0.83125319568893175     
           8          65  -1.8599714546442200E-013
           9           1  -1.8711475013538308E-013
           9           2   2.6629555156548742E-013
           9           3   6.9179328573532848E-014
           9           4   5.2449704025435726E-012
           9           5   4.8426892368631438E-014
           9           6   3.3103480423640783E-013
           9           7  -5.3290705181802252E-015
           9           8  -7.2164496600669569E-015
           9           9   3.2267176876308268     
           9          10  -5.1847415250105718E-014
           9          11   8.1934459217348846E-014
           9          12  -5.0988082259701590     
           9          13   1.0428324870305315E-012
           9          14  -9.9875663295276699E-013
           9          15   5.0451097706989136     
           9          16  -1.6792123247457835E-013
           9          17   1.5065726444162748E-013
           9          18  -1.1338749562067010     
           9          19   3.2741170885593603E-014
           9          20  -3.6803893266322993E-014
           9          21  0.32424642648891516     
           9          22  -2.9964970082706472E-012
           9          23   6.4400622452954450E-013
           9          24  -1.2284887856337909E-012
           9          25  -5.4437106936908172E-013
           9          26  -5.4051904480433752E-014
           9          27  -2.5155345125021654E-012
           9          28  -8.7693398907174289E-013
           9          29  -4.1070530976541878E-014
           9          30  -1.3463220550839163E-012
           9          31   6.7520874782249689E-014
           9          32   2.3043546423520671E-014
           9          33  -1.0125660441151004E-012
           9          34   1.0757765440507360E-016
           9          35   1.4824802273458772E-014
           9          36  -7.9382035298963646E-014
           9          37   1.5547148663968020E-014
           9          38  -9.3614119830550931E-014
           9          39   1.6909540240189498E-013
           9          40  -1.3654333347878391E-013
           9          41   4.9616027097927410E-014
           9          42  -1.2269557715298770E-013
           9          43  -4.7608014638500725E-014
           9          44   2.6039745882065468E-014
           9          45  -2.8871594305673231E-013
           9          46  -2.3374181846886639E-013
           9          47   1.3855269828776079E-013
           9          48   3.5773007900433861E-014
           9          49   2.1239870260482544E-014
           9          50  0.58011021551720743     
           9          51  -3.0960750791079420E-013
           9          52  0.58011021551722453     
           9          53  -4.2755949034154272E-014
           9          54   1.7601169993903150E-013
           9          55   1.2971658763383842     
           9          56  -4.5612903713657776E-013
           9          57   2.9065119915426938E-013
           9          58  -3.6994199914415577E-013
           9          59   5.9317016728199502E-013
           9          60 -0.83125319568889222     
           9          61   1.3073587126611522E-013
           9          62 -0.83125319568890632     
           9          63  -1.8826584081062640E-013
           9          64   1.2449069884058322E-013
           9          65  -1.8587386520744262     
          10           1  -6.5979593467614691E-013
          10           2   1.7486951350827949E-012
          10           3   1.3819397334198839E-012
          10           4   7.3238214016751468E-012
          10           5  -5.5461384877847017E-014
          10           6  -2.9961412702563580E-013
          10           7  -5.0988082259706653     
          10           8  -1.5776269179919754E-013
          10           9  -5.1847415250105718E-014
          10          10   19.435307431111557     
          10          11   1.4432899320004509E-014
          10          12  -2.5668356329269450E-013
          10          13  -20.806852560999008     
          10          14  -3.1086244689537634E-013
          10          15   1.1401990462891629E-012
          10          16   4.5019207248048954     
          10          17  -2.6256774532318095E-014
          10          18  -3.3112401709428613E-013
          10          19  -1.2720292050513531     
          10          20   3.5110803153671680E-015
          10          21   1.9623191960246176E-013
          10          22  -4.5044239307513288E-012
          10          23  -1.0308116678685636E-012
          10          24  -2.8796993454109683E-012
          10          25  -5.1349407388893972E-013
          10          26   5.2823714287579111E-013
          10          27  -3.4028868435991496E-012
          10          28  -1.2205522929468848E-012
          10          29   3.4335776335703432E-013
          10          30  -1.6559557209382109E-012
          10          31   6.1007123639256001E-014
          10          32  -1.5295887264103467E-013
          10          33  -1.4859640527559982E-012
          10          34   1.2569984426623999E-013
          10          35  -1.3795343177526731E-013
          10          36   1.2404365895351756E-013
          10          37  -1.1316136378924095E-014
          10          38  -5.8012286188661111E-015
          10          39   2.7646073667898178E-013
          10          40   1.0129942112231527E-013
          10          41   7.8784609648289139E-014
          10          42   7.1081241335293813E-014
          10          43  -2.3307984008055570E-014
          10          44  -3.1062854508339159E-014
          10          45  -1.2614568660907326E-014
          10          46  -4.1349207238778760     
          10          47   1.1740701687589873E-013
          10          48  -1.8491927640325323     
          10          49  -3.4903078428697494E-014
          10          50  -2.4830838197925025E-014
          10          51  -2.9773914337970784E-013
          10          52   1.3561317712239758E-014
          10          53  -1.8491927640326187     
          10          54   3.5624417574377132E-014
          10          55  -6.8635236807220233E-014
          10          56   7.9177656757484121     
          10          57   1.4913699984352493E-013
          10          58   3.5409324561775026     
          10          59   2.5773154853280883E-013
          10          60  -2.4429289515349075E-013
          10          61   1.6001917445643259E-013
          10          62  -1.9083186095205936E-013
          10          63   3.5409324561775839     
          10          64   3.9371070591392671E-015
          10          65  -5.0702390951078538E-013
          11           1   1.2737021727582922E-012
          11           2  -2.5381816855365432E-012
          11           3  -1.5284736480274032E-012
          11           4  -2.6606382113319047E-011
          11           5  -2.3120048020519368E-013
          11           6  -1.3905188966282521E-012
          11           7  -1.3539169785301421E-013
          11           8  -5.0988082259704424     
          11           9   8.1934459217348846E-014
          11          10   1.4432899320004509E-014
          11          11   19.435307431111795     
          11          12   1.7639223415243813E-012
          11          13  -5.2109427883805225E-012
          11          14  -20.806852561002117     
          11          15  -6.4375171859864398E-012
          11          16   7.0365935300740160E-013
          11          17   4.5019207248052684     
          11          18   2.0521362387171260E-012
          11          19  -1.6486811915682706E-013
          11          20  -1.2720292050514708     
          11          21  -1.0897949209720508E-012
          11          22   1.5207344904344702E-011
          11          23  -2.2474270172721109E-012
          11          24   7.0465774616530387E-012
          11          25   2.7943330995185539E-012
          11          26  -2.9245639592837235E-014
          11          27   1.3216922724675835E-011
          11          28   4.5298769693120569E-012
          11          29  -6.2652687784339334E-016
          11          30   6.7897976604719041E-012
          11          31  -3.3098729585454931E-013
          11          32   4.7772436921193002E-014
          11          33   5.1078296310126473E-012
          11          34  -9.9142765492088954E-014
          11          35  -9.9664763548796467E-015
          11          36   2.3201969767406711E-013
          11          37  -1.7666002719731193E-014
          11          38   4.0675302868568299E-013
          11          39  -8.5575729015814665E-013
          11          40   6.0219035955135344E-013
          11          41  -2.4373198529864949E-013
          11          42   5.8216353529540134E-013
          11          43   1.8212555016547753E-013
          11          44  -6.0205580154580516E-014
          11          45   1.3483043623439239E-012
          11          46   1.0059643700182965E-012
          11          47  -1.8491927640326546     
          11          48  -2.5392776597573740E-014
          11          49  -4.1349207238767010     
          11          50  -1.8021209918275302E-014
          11          51   1.4651310107587521E-012
          11          52  -2.8337500402203031E-013
          11          53   4.1181269489670515E-013
          11          54  -1.8491927640332193     
          11          55   3.3864788385364576E-013
          11          56   2.4552438201523279E-012
          11          57   3.5409324561781510     
          11          58   1.8357447181035682E-012
          11          59   7.9177656757495285     
          11          60   1.0984343680984615E-012
          11          61  -6.6269910324472832E-013
          11          62   1.1281199922159926E-012
          11          63   9.8285857896978122E-013
          11          64   3.5409324561786972     
          11          65   2.9303667263274325E-012
          12           1   1.5345975721361381E-012
          12           2  -3.2447758590290131E-012
          12           3  -1.9308720490584845E-012
          12           4  -3.0293878028195636E-011
          12           5   1.7821667387632681E-013
          12           6  -1.4897061800088403E-012
          12           7   1.7413848141233711E-013
          12           8  -2.5024426975049059E-013
          12           9  -5.0988082259701590     
          12          10  -2.5668356329269450E-013
          12          11   1.7639223415243813E-012
          12          12   19.435307431112463     
          12          13  -3.8289371673279483E-012
          12          14   1.8545165403337064E-012
          12          15  -20.806852561007087     
          12          16   6.6024963274471651E-013
          12          17  -9.9031893796524962E-014
          12          18   4.5019207248072028     
          12          19  -1.5742962489188976E-013
          12          20  -1.4988010832445763E-014
          12          21  -1.2720292050525313     
          12          22   1.7478625406032301E-011
          12          23  -3.5240904880193059E-012
          12          24   8.0349513296650351E-012
          12          25   2.9075954537938987E-012
          12          26   2.3922174977067191E-013
          12          27   1.4984399981411326E-011
          12          28   5.0874064585428265E-012
          12          29   2.6118931292432253E-013
          12          30   7.6638205789283214E-012
          12          31  -3.2548441236161523E-013
          12          32  -8.4548081828266301E-014
          12          33   5.8011805136761099E-012
          12          34  -2.2584741673113265E-013
          12          35  -1.0202665794207051E-013
          12          36   1.2774802161081526E-013
          12          37  -3.4241619285792681E-014
          12          38   4.5502239672879934E-013
          12          39  -1.1244578139349667E-012
          12          40   6.0092553377946327E-013
          12          41  -2.4867026272676844E-013
          12          42   5.5564628901674959E-013
          12          43   2.1530404193454294E-013
          12          44  -1.0249526051476698E-013
          12          45   1.4076081157306165E-012
          12          46   1.1146406441019946E-012
          12          47  -8.2297959677464120E-013
          12          48  -1.6743787260689609E-013
          12          49  -4.3774546029620403E-013
          12          50  -1.8491927640324546     
          12          51   1.6546352930193703E-012
          12          52  -1.8491927640326433     
          12          53   3.1955100309779186E-013
          12          54  -1.0662918963217453E-012
          12          55  -4.1349207238766663     
          12          56   1.6398692217147871E-012
          12          57  -8.3151446598406213E-013
          12          58   1.5582091515198571E-012
          12          59  -1.7133119473168852E-012
          12          60   3.5409324561790667     
          12          61  -7.2907505812446703E-013
          12          62   3.5409324561791404     
          12          63   5.9342872754937781E-013
          12          64  -2.7262574904650508E-014
          12          65   7.9177656757522286     
          13           1   5.0854987287680490E-013
          13           2  -1.0926017338596587E-012
          13           3  -6.6120253917296077E-013
          13           4  -7.3164523322858134E-012
