           1           1   2.6374542557334433     
           1           2  -1.2986084030405227     
           1           3  -1.0170922699941463     
           1           4  -8.6645982417077185     
           1           5 -0.30745591200065481     
           1           6 -0.13032622418856193     
           1           7  -1.7110825446848382E-012
           1           8   1.9792274898771224E-012
           1           9   3.1159209330859230E-013
           1          10   2.7778663876697508E-013
           1          11  -3.8179176449196223E-013
           1          12   1.6767129252679658E-014
           1          13  -2.4623578254819455E-013
           1          14   3.3145930029797817E-013
           1          15  -5.9302371784732644E-014
           1          16   3.7112741701802787E-013
           1          17  -4.8425810736757080E-013
           1          18   3.3334595752789920E-014
           1          19   8.3303855158043589E-015
           1          20  -1.5720371497478098E-014
           1          21  -3.8520657346475057E-015
           1          22   4.4995817699326475     
           1          23  -2.1206922511175074E-014
           1          24   4.4995817699326102     
           1          25   3.0407749629631862E-015
           1          26  -1.8799378086979757E-014
           1          27   4.4995817699326448     
           1          28   8.7525760546442011E-002
           1          29   2.2629577722258465E-014
           1          30   8.7525760546456180E-002
           1          31   6.0839997158449500E-015
           1          32   1.9514268418786857E-014
           1          33   8.7525760546351777E-002
           1          34   6.8743726520547610E-002
           1          35  -3.1626767146230068E-014
           1          36   6.8743726520525961E-002
           1          37  -8.7138082789078132E-015
           1          38  -2.8759917601100061E-014
           1          39   6.8743726520661130E-002
           1          40   4.8046153027541144E-002
           1          41   1.5150133675660001E-014
           1          42   4.8046153027547778E-002
           1          43   6.9596612840159265E-015
           1          44   1.5279017517862009E-014
           1          45   4.8046153027496472E-002
           1          46  -2.0115067771308601E-013
           1          47   1.2557369574866647E-013
           1          48  -9.4351668296137878E-014
           1          49   2.6579623926073258E-013
           1          50  -1.6270842934589127E-014
           1          51  -5.3942870312484095E-015
           1          52  -7.6482153588485679E-015
           1          53  -8.7364390071981864E-014
           1          54   1.1341357074634857E-013
           1          55  -1.0091775608915764E-014
           2           1  -1.2986084030405227     
           2           2   3.6750443202534835     
           2           3   2.4327486269520762     
           2           4   8.2305371516986483     
           2           5   3.5515818945280557     
           2           6  0.97550798016274354     
           2           7   5.4469039962716442E-012
           2           8  -6.2340726574337512E-012
           2           9  -1.0212712881505873E-012
           2          10  -9.6470309050494571E-013
           2          11   1.0900522272356764E-012
           2          12   1.2136621706427407E-013
           2          13   7.7749248539233549E-013
           2          14  -8.6342907214982425E-013
           2          15  -1.5133208235915940E-013
           2          16  -1.1103866389119773E-012
           2          17   1.2674236548588793E-012
           2          18   2.0671211857208281E-013
           2          19  -1.3957154834962807E-014
           2          20   1.2025994438535100E-014
           2          21   5.3051573942420988E-015
           2          22  -5.9824432020445775     
           2          23   1.4298476182163407E-015
           2          24  -5.9824432020443536     
           2          25  -3.9587694001916675E-015
           2          26   1.6332574195482308E-013
           2          27  -5.9824432020442941     
           2          28 -0.49976618081809893     
           2          29  -5.8814288455256893E-014
           2          30 -0.49976618081834923     
           2          31  -1.6772169065780203E-014
           2          32  -1.1835278798775296E-013
           2          33 -0.49976618081825941     
           2          34 -0.91961249205659412     
           2          35   6.3297110083828697E-014
           2          36 -0.91961249205632756     
           2          37   2.4176796930644877E-014
           2          38   8.9290434529807088E-014
           2          39 -0.91961249205646201     
           2          40 -0.36919481916125796     
           2          41  -2.8346296288743527E-014
           2          42 -0.36919481916133973     
           2          43  -1.4589818731060782E-014
           2          44  -1.8598838075017335E-014
           2          45 -0.36919481916128966     
           2          46   5.9015424588986019E-013
           2          47  -2.9881209130973612E-013
           2          48   2.6468689320205477E-013
           2          49  -6.7652119574118884E-013
           2          50  -5.0547916871413930E-014
           2          51  -1.0455189119032542E-015
           2          52  -5.4711956324932970E-014
           2          53   2.6612935410798140E-013
           2          54  -3.0527259856665519E-013
           2          55  -1.0777866001738809E-013
           3           1  -1.0170922699941463     
           3           2   2.4327486269520762     
           3           3   1.6370390922405624     
           3           4   4.3039495012979572     
           3           5   2.6247192195961357     
           3           6  0.71312160625434029     
           3           7   4.0290856198569634E-012
           3           8  -4.8134820047143941E-012
           3           9  -7.8907225229894038E-013
           3          10  -8.6629188926708217E-013
           3          11   9.1723884473313342E-013
           3          12   7.0734295581537804E-014
           3          13   6.3980020157157114E-013
           3          14  -6.3932706375391492E-013
           3          15  -1.4615331919763465E-013
           3          16  -9.1379657861580441E-013
           3          17   1.0084208883616673E-012
           3          18   1.7865762652136600E-013
           3          19  -1.1092210094859913E-014
           3          20   1.2106988950254754E-014
           3          21   3.1811708120775242E-015
           3          22  -3.5187102787415867     
           3          23  -1.6573721568204241E-013
           3          24  -3.5187102787398903     
           3          25  -2.5759045688322426E-014
           3          26   8.4466179609622590E-013
           3          27  -3.5187102787400271     
           3          28 -0.36055646895300464     
           3          29   5.5798155190104128E-014
           3          30 -0.36055646895408067     
           3          31   6.4717857583789951E-015
           3          32  -5.2235176551178218E-013
           3          33 -0.36055646895393978     
           3          34 -0.68174408438397327     
           3          35  -3.1505506638139712E-014
           3          36 -0.68174408438311240     
           3          37   8.4623216349167680E-016
           3          38   3.9663804946876829E-013
           3          39 -0.68174408438324974     
           3          40 -0.27009927293932084     
           3          41  -2.4553109263802201E-015
           3          42 -0.27009927293951830     
           3          43  -5.7907476274995785E-015
           3          44  -8.3764982563141560E-014
           3          45 -0.27009927293948011     
           3          46   4.8590656524338432E-013
           3          47  -2.3790480605644536E-013
           3          48   2.1633456298643885E-013
           3          49  -5.4231501373021569E-013
           3          50  -4.5130962626772105E-014
           3          51  -1.5188542693237473E-015
           3          52  -4.6117366065326674E-014
           3          53   2.1957678723683693E-013
           3          54  -2.4519949008944580E-013
           3          55  -9.1872576715430003E-014
           4           1  -8.6645982417077185     
           4           2   8.2305371516986483     
           4           3   4.3039495012979572     
           4           4   193.14741352447663     
           4           5  -29.574106371107266     
           4           6  -6.8632812480780370     
           4           7   8.9087943978663879E-012
           4           8  -1.0832862967231222E-011
           4           9  -1.4240074068163772E-012
           4          10  -5.7239842040076156E-013
           4          11   2.2123926670435060E-012
           4          12  -1.5358857036865681E-012
           4          13   1.1176026186070994E-012
           4          14  -8.3840782044513553E-013
           4          15   3.0509742014648035E-012
           4          16  -2.0225802558119707E-012
           4          17  -1.2008493253268003E-012
           4          18  -2.7315973574026294E-012
           4          19  -1.3678769192320935E-013
           4          20  -1.6518250598814381E-014
           4          21   8.3209412586593118E-014
           4          22  -82.421091893166960     
           4          23   3.6836597178805321E-013
           4          24  -82.421091893164984     
           4          25  -1.1585473587804545E-013
           4          26  -4.2726592819970760E-013
           4          27  -82.421091893168111     
           4          28   2.8185346030721101     
           4          29   3.0646629452757844E-013
           4          30   2.8185346030691463     
           4          31  -3.6061864404767613E-013
           4          32   3.6757552129857176E-013
           4          33   2.8185346030741680     
           4          34   7.9840725734806774     
           4          35  -1.0957521500491092E-014
           4          36   7.9840725734840827     
           4          37   4.7817384023924269E-013
           4          38   4.1394966600087857E-014
           4          39   7.9840725734783460     
           4          40   2.6316632622281091     
           4          41  -1.1132097323760876E-013
           4          42   2.6316632622269451     
           4          43  -2.0299284094821588E-013
           4          44  -2.3511369121140068E-013
           4          45   2.6316632622289267     
           4          46   1.1783517769969270E-012
           4          47   7.2416022736191861E-014
           4          48   7.2091265824165717E-013
           4          49   8.1609953267585819E-013
           4          50   9.1780123304113672E-013
           4          51   1.4012493512709775E-013
           4          52   6.5564075100295755E-013
           4          53   4.1471361749463854E-013
           4          54   5.1207417284543790E-013
           4          55   1.2114852058631707E-012
           5           1 -0.30745591200065481     
           5           2   3.5515818945280557     
           5           3   2.6247192195961357     
           5           4  -29.574106371107266     
           5           5   13.220055721117843     
           5           6   3.3010334239429300     
           5           7   4.0411124846597640E-012
           5           8  -4.9679297523147911E-012
           5           9  -7.9317149695935233E-013
           5          10  -1.8678669184010924E-012
           5          11   1.0500956447983113E-012
           5          12   9.9277564082537650E-014
           5          13   1.0025426643930495E-012
           5          14  -7.1838854866551200E-013
           5          15  -8.1444203074514626E-013
           5          16  -1.2756600546572517E-012
           5          17   1.7628021667835941E-012
           5          18   7.1071267097621711E-013
           5          19   1.2796051262623288E-014
           5          20   8.8343189681269481E-015
           5          21  -1.4402220184982952E-014
           5          22   7.9140838483391294     
           5          23  -3.0356238605402254E-013
           5          24   7.9140838483395148     
           5          25   1.6645493596088470E-013
           5          26   2.8547229936241980E-012
           5          27   7.9140838483439664     
           5          28  -1.5325857314429843     
           5          29  -6.1088315128173844E-014
           5          30  -1.5325857314430473     
           5          31  -3.4521100485403651E-014
           5          32  -1.7935755387316170E-012
           5          33  -1.5325857314462219     
           5          34  -3.5033397926223802     
           5          35   2.9180734188110915E-014
           5          36  -3.5033397926224472     
           5          37  -3.0231635979362430E-015
           5          38   1.2924463409440654E-012
           5          39  -3.5033397926196939     
           5          40  -1.2584407383852074     
           5          41  -1.0726704870395930E-014
           5          42  -1.2584407383851428     
           5          43   5.0872564883588747E-015
           5          44  -2.1963247574775599E-013
           5          45  -1.2584407383858685     
           5          46   6.4608528805138397E-013
           5          47  -3.5268691069679051E-013
           5          48   2.4074452546985548E-013
           5          49  -9.7858969229609194E-013
           5          50  -2.3940197731192755E-013
           5          51  -3.6626311024317653E-014
           5          52  -1.8273172080462758E-013
           5          53   3.2406281716183856E-013
           5          54  -4.8370438938039333E-013
           5          55  -3.0899761652411214E-013
           6           1 -0.13032622418856193     
           6           2  0.97550798016274354     
           6           3  0.71312160625434029     
           6           4  -6.8632812480780370     
           6           5   3.3010334239429300     
           6           6  0.82726168838044534     
           6           7   4.0844743710701578E-012
           6           8  -3.5979016291396831E-012
           6           9  -7.1434458217070269E-013
           6          10  -2.1155474438745498E-012
           6          11  -2.7807022580655635E-013
           6          12   7.0077063098528874E-014
           6          13   1.2282264358848263E-012
           6          14   1.7826184117649240E-013
           6          15  -3.2921786934820604E-013
           6          16  -1.6978114907469429E-012
           6          17   1.2111649183746940E-013
           6          18   3.2242768313620787E-013
           6          19  -1.6408794927246633E-014
           6          20   1.6021172787916069E-015
           6          21  -1.6219304202145947E-015
           6          22   1.7155734218472871     
           6          23   1.6344411571803442E-014
           6          24   1.7155734218473868     
           6          25   1.8989362562310846E-013
           6          26   9.7224800181529923E-013
           6          27   1.7155734218485192     
           6          28 -0.38558633898916456     
           6          29  -7.0367094158888741E-014
           6          30 -0.38558633898918676     
           6          31  -9.8808886814062142E-014
           6          32  -6.0363803285934341E-013
           6          33 -0.38558633898998429     
           6          34 -0.87406750030335612     
           6          35   5.0155154706911232E-014
           6          36 -0.87406750030336477     
           6          37   6.8750892510113258E-014
           6          38   4.4244895331053554E-013
           6          39 -0.87406750030267855     
           6          40 -0.31528231555447134     
           6          41  -1.2346217148705050E-014
           6          42 -0.31528231555445801     
           6          43  -1.4042530489759735E-014
           6          44  -8.1171999332282068E-014
           6          45 -0.31528231555463715     
           6          46   9.0037501869957328E-013
           6          47  -1.4977337823724477E-014
           6          48   3.9106513172239261E-013
           6          49  -7.9512068335684284E-014
           6          50  -9.3645346809351248E-014
           6          51  -8.8459564702234895E-015
           6          52  -8.0122126633777729E-014
           6          53   4.1118702033893457E-013
           6          54  -4.6721205574729276E-014
           6          55  -1.5474242130337298E-013
           7           1  -1.7110825446848382E-012
           7           2   5.4469039962716442E-012
           7           3   4.0290856198569634E-012
           7           4   8.9087943978663879E-012
           7           5   4.0411124846597640E-012
           7           6   4.0844743710701578E-012
           7           7   2.5584155475067156     
           7           8  -3.2177433419065212E-003
           7           9   1.0720656118640693E-003
           7          10  -1.5800193737720840     
           7          11   2.0289551684301785E-002
           7          12  -6.7599333844961286E-003
           7          13  0.95078655719462546     
           7          14  -4.4007396613870313E-002
           7          15   1.4662081950232780E-002
           7          16  -1.3134451837600469     
           7          17   4.2597902098626267E-002
           7          18  -1.4192476254847040E-002
           7          19  -1.7994915779449606E-002
           7          20   3.1479892321485133E-004
           7          21  -1.0488254162782113E-004
           7          22  -7.2058281636955704E-012
           7          23  -1.4289222980579572E-013
           7          24  -6.7683736770057065E-012
           7          25   7.7584075052431609E-014
           7          26  -4.0491628707917204E-014
           7          27  -6.5859615800031172E-012
           7          28  -5.9578292619734130E-013
           7          29  -5.3010384347327893E-013
           7          30  -7.5762742660760654E-013
           7          31  -5.6353748603866297E-013
           7          32  -1.4465218017994534E-013
           7          33  -1.1062653555136504E-012
           7          34  -1.2128124814468641E-012
           7          35   8.0455188093666810E-013
           7          36  -1.4544702226707035E-012
           7          37   4.7009200039791832E-013
           7          38   2.6408132213431595E-013
           7          39  -1.0419589465767083E-012
           7          40  -1.5265920591795381E-012
           7          41  -4.1102816860058224E-013
           7          42  -1.2596696910004149E-012
           7          43  -8.5423907068510298E-014
           7          44  -1.2408319842423733E-013
           7          45  -1.5049622444673408E-012
           7          46  0.70281557121512284     
           7          47  -9.9899678869847606E-003
           7          48  0.31430867857645145     
           7          49  -2.2338247287909844E-002
           7          50   3.3283888415132552E-003
           7          51   5.0219333958481423E-014
           7          52   3.3283888416644888E-003
           7          53  0.31430867857659212     
           7          54  -9.9899678868429903E-003
           7          55   7.4425037054602020E-003
           8           1   1.9792274898771224E-012
           8           2  -6.2340726574337512E-012
           8           3  -4.8134820047143941E-012
           8           4  -1.0832862967231222E-011
           8           5  -4.9679297523147911E-012
           8           6  -3.5979016291396831E-012
           8           7  -3.2177433419065212E-003
           8           8   2.5795572656090178     
           8           9  -7.2034053001291528E-003
           8          10   2.0289551683855624E-002
           8          11  -1.7133289440361139     
           8          12   4.5421231157710046E-002
           8          13  -4.4007396613130106E-002
           8          14   1.2399308035710697     
           8          15  -9.8517215429668140E-002
           8          16   4.2597902097953576E-002
           8          17  -1.5933285499055703     
           8          18   9.5361848707975858E-002
           8          19   3.1479892277744081E-004
           8          20  -2.0063256657844197E-002
           8          21   7.0472501670735058E-004
           8          22   8.5080568209681409E-012
           8          23   1.3567781571823789E-013
           8          24   8.1810083057793832E-012
           8          25  -3.5142247729189682E-014
           8          26   3.3832670822625760E-014
           8          27   7.9204216701433403E-012
           8          28   7.4515260455115449E-013
           8          29   6.0076398108391869E-013
           8          30   7.9048589249475448E-013
           8          31   5.9382943607905111E-013
           8          32   1.7472975548346680E-013
           8          33   1.1750819992033647E-012
           8          34   1.2622863334541518E-012
           8          35  -9.0682958345629743E-013
           8          36   1.6672692437963651E-012
           8          37  -5.0250586138933946E-013
           8          38  -3.0622241577638346E-013
           8          39   1.2336143225203323E-012
           8          40   1.4568478807580117E-012
           8          41   4.6124717985041976E-013
           8          42   1.1038080156771912E-012
           8          43   9.5161217122881353E-014
           8          44   1.4368688638838314E-013
           8          45   1.3657156421349493E-012
           8          46  -2.2338247287438492E-002
           8          47  0.37994632038771675     
           8          48  -9.9899678865562492E-003
           8          49  0.84958580018735064     
           8          50  -2.2364054549242781E-002
           8          51  -5.1019967435994265E-014
           8          52  -2.2364054549403066E-002
           8          53  -9.9899678867419947E-003
           8          54  0.37994632038756093     
           8          55  -5.0007546224914531E-002
           9           1   3.1159209330859230E-013
           9           2  -1.0212712881505873E-012
           9           3  -7.8907225229894038E-013
           9           4  -1.4240074068163772E-012
           9           5  -7.9317149695935233E-013
           9           6  -7.1434458217070269E-013
           9           7   1.0720656118640693E-003
           9           8  -7.2034053001291528E-003
           9           9   2.5603366395183267     
           9          10  -6.7599333843916115E-003
           9          11   4.5421231157488640E-002
           9          12  -1.5921328618655703     
           9          13   1.4662081950424066E-002
           9          14  -9.8517215429717531E-002
           9          15  0.97706033017934113     
           9          16  -1.4192476255117459E-002
           9          17   9.5361848708135064E-002
           9          18  -1.3388774450501653     
           9          19  -1.0488254165130058E-004
           9          20   7.0472501664910236E-004
           9          21  -1.8182860445200084E-002
           9          22   1.3225144082414962E-012
           9          23   5.5653896162773673E-014
           9          24   1.1228515370923606E-012
           9          25   1.8302901955474223E-014
           9          26   2.1260366632438591E-014
           9          27   1.1287402607112369E-012
           9          28   7.0909112069905073E-014
           9          29   9.0117837917933623E-014
           9          30   1.7891957415348229E-013
           9          31   9.6070582453596431E-014
           9          32   2.9356609263763228E-014
           9          33   2.1062867256336785E-013
           9          34   2.5452247121184492E-013
           9          35  -1.5300257406322182E-013
           9          36   2.5078508596378593E-013
           9          37  -8.7505453601976477E-014
           9          38  -5.7160443693689351E-014
           9          39   1.9590939191769844E-013
           9          40   2.7583184513478739E-013
           9          41   8.3218598289010474E-014
           9          42   2.2287577912685703E-013
           9          43   2.1897222183442991E-014
           9          44   2.5687290199323818E-014
           9          45   2.6872076726264896E-013
           9          46   7.4425037055287210E-003
           9          47  -2.2364054549330836E-002
           9          48   3.3283888416740567E-003
           9          49  -5.0007546224907509E-002
           9          50  0.32027299749980709     
           9          51  -6.5918070255261835E-015
           9          52  0.32027299749978444     
           9          53   3.3283888416459346E-003
           9          54  -2.2364054549361436E-002
           9          55  0.71615219376713446     
          10           1   2.7778663876697508E-013
          10           2  -9.6470309050494571E-013
          10           3  -8.6629188926708217E-013
          10           4  -5.7239842040076156E-013
          10           5  -1.8678669184010924E-012
          10           6  -2.1155474438745498E-012
          10           7  -1.5800193737720840     
          10           8   2.0289551683855624E-002
          10           9  -6.7599333843916115E-003
          10          10   4.2952836260719360     
          10          11 -0.12793621610020570     
          10          12   4.2624909201929136E-002
          10          13  -2.2739030321956033     
          10          14  0.27748961095082086     
          10          15  -9.2452081449550028E-002
          10          16   3.0313398738912483     
          10          17 -0.26860201216735946     
          10          18   8.9490972369439536E-002
          10          19   3.7934574419625222E-002
          10          20  -1.9849715591365356E-003
          10          21   6.6133918177697980E-004
          10          22   1.4394272956800526E-012
          10          23   1.1952366606002438E-013
          10          24   8.6261883346994793E-013
          10          25  -5.4921348818146342E-014
          10          26   3.5903269136808804E-014
          10          27   9.7847885642624847E-013
          10          28   2.2429015913938210E-013
          10          29   5.7635935730094176E-014
          10          30   5.2872875650221021E-013
          10          31   1.2065910339058884E-013
          10          32   7.8786524697862580E-015
          10          33   5.3155799868011940E-013
          10          34   7.1489316255348765E-013
          10          35  -1.1634612479136569E-013
          10          36   5.4505963842250954E-013
          10          37  -8.5906469824673759E-014
          10          38  -3.4569236569436717E-014
          10          39   5.1819876410689047E-013
          10          40   6.8685718370296135E-013
          10          41   6.5166464700216776E-014
          10          42   6.9993495479219904E-013
          10          43   2.8390454443345630E-015
          10          44   2.0236893050013688E-014
          10          45   7.3525100324394659E-013
          10          46  -1.6162286522627192     
          10          47   6.2991963070761048E-002
          10          48 -0.72279942672845365     
          10          49  0.14085431146230745     
          10          50  -2.0987229325527591E-002
          10          51  -1.4893333557617375E-014
          10          52  -2.0987229325563801E-002
          10          53 -0.72279942672847763     
          10          54   6.2991963070732349E-002
          10          55  -4.6928871431321115E-002
          11           1  -3.8179176449196223E-013
          11           2   1.0900522272356764E-012
          11           3   9.1723884473313342E-013
          11           4   2.2123926670435060E-012
          11           5   1.0500956447983113E-012
          11           6  -2.7807022580655635E-013
          11           7   2.0289551684301785E-002
          11           8  -1.7133289440361139     
          11           9   4.5421231157488640E-002
          11          10 -0.12793621610020570     
          11          11   5.1358700646011179     
          11          12 -0.28640457588171725     
          11          13  0.27748961095073821     
          11          14  -4.0971084614955782     
          11          15  0.62120247697256326     
          11          16 -0.26860201216727853     
          11          17   4.7961506184324021     
          11          18 -0.60130624244438535     
          11          19  -1.9849715590723070E-003
          11          20   5.0976543490784766E-002
          11          21  -4.4436591518131289E-003
          11          22  -1.6190117632178354E-012
          11          23   5.5411456620178034E-015
          11          24  -1.6019226278551431E-012
          11          25  -9.0850913672498184E-014
          11          26  -6.0954240416555863E-015
          11          27  -1.5450634671705863E-012
          11          28  -1.3496722559618994E-013
          11          29  -1.1744485536433284E-013
          11          30  -1.0672613346473061E-013
          11          31  -3.6697118379693760E-014
          11          32  -4.4662056403443275E-014
          11          33  -1.0825678144164677E-013
          11          34  -1.2163606278436984E-013
          11          35   1.7176433194665757E-013
          11          36  -2.2945711578428635E-013
          11          37   4.3425830568060812E-014
          11          38   7.3572266541474950E-014
          11          39  -2.4965151548278392E-013
          11          40   1.3329934540125518E-015
          11          41  -8.3469966907040059E-014
          11          42   8.8326525828775565E-014
          11          43  -1.5497729312762456E-014
          11          44  -3.1785390766863582E-014
          11          45   7.6505489727331223E-014
          11          46  0.14085431146224084     
          11          47  -1.1366790263262332     
          11          48   6.2991963070673992E-002
          11          49  -2.5416915714636419     
          11          50  0.14101703971844282     
          11          51   4.6361986755656828E-015
          11          52  0.14101703971843607     
          11          53   6.2991963070752929E-002
          11          54  -1.1366790263262045     
          11          55  0.31532368679623068     
          12           1   1.6767129252679658E-014
          12           2   1.2136621706427407E-013
          12           3   7.0734295581537804E-014
          12           4  -1.5358857036865681E-012
          12           5   9.9277564082537650E-014
          12           6   7.0077063098528874E-014
          12           7  -6.7599333844961286E-003
          12           8   4.5421231157710046E-002
          12           9  -1.5921328618655703     
          12          10   4.2624909201929136E-002
          12          11 -0.28640457588171725     
          12          12   4.3716654926880381     
          12          13  -9.2452081449641732E-002
          12          14  0.62120247697261477     
          12          15  -2.4395728878242875     
          12          16   8.9490972369565103E-002
          12          17 -0.60130624244451780     
          12          18   3.1917035589492659     
          12          19   6.6133918176307263E-004
          12          20  -4.4436591518083194E-003
          12          21   3.9119663657788802E-002
          12          22   3.4317665278578743E-013
          12          23  -1.1546575775757336E-013
          12          24   8.4031721310729234E-013
          12          25  -1.0779895009542221E-013
          12          26  -5.1415387767541871E-014
          12          27   6.6157187618489175E-013
          12          28   1.7100292721247918E-013
          12          29   5.9969096950281367E-014
          12          30  -1.6847406091226562E-013
          12          31   6.5648786211549808E-014
          12          32  -9.9339452325850180E-015
          12          33  -1.4763339152189239E-014
          12          34  -1.5877987543770692E-013
          12          35  -2.4146540835533843E-014
          12          36   8.4762977814619647E-014
          12          37  -3.4887445085386610E-014
          12          38   2.5023545643395828E-014
          12          39  -2.7770873918682216E-014
          12          40  -2.1349323944429940E-014
          12          41  -8.6766331768680701E-015
          12          42  -3.9943343466288552E-014
          12          43  -1.1407046694441178E-014
          12          44  -9.5449424342948881E-015
          12          45  -2.7139995873150452E-014
          12          46  -4.6928871431363976E-002
          12          47  0.14101703971847379     
          12          48  -2.0987229325570012E-002
          12          49  0.31532368679630568     
          12          50 -0.76040757137918313     
          12          51  -9.0271605081406663E-015
          12          52 -0.76040757137920356     
          12          53  -2.0987229325568287E-002
          12          54  0.14101703971847551     
          12          55  -1.7003230202093880     
          13           1  -2.4623578254819455E-013
          13           2   7.7749248539233549E-013
          13           3   6.3980020157157114E-013
          13           4   1.1176026186070994E-012
          13           5   1.0025426643930495E-012
          13           6   1.2282264358848263E-012
          13           7  0.95078655719462546     
          13           8  -4.4007396613130106E-002
          13           9   1.4662081950424066E-002
          13          10  -2.2739030321956033     
          13          11  0.27748961095073821     
          13          12  -9.2452081449641732E-002
          13          13   1.2626010261261993     
          13          14 -0.60186619967967814     
          13          15  0.20052564391104660     
          13          16  -1.6609568540686670     
          13          17  0.58258927869604837     
          13          18 -0.19410309186390756     
          13          19  -2.0540769407826204E-002
          13          20   4.3053406023510774E-003
          13          21  -1.4344237921944507E-003
          13          22  -1.2899154521217217E-012
          13          23  -1.1200498894866258E-013
          13          24  -8.3710377367298570E-013
          13          25   1.5594973628974085E-014
          13          26   2.0925314987587226E-014
          13          27  -9.2489562223102252E-013
          13          28  -7.8719027758134239E-014
          13          29  -3.4320064771606864E-014
          13          30  -3.2449046689662094E-013
          13          31  -8.3300093097229528E-014
          13          32  -3.8617228426187662E-014
          13          33  -3.2066267116379309E-013
          13          34  -4.1664946733243452E-013
          13          35   8.7251062651047743E-014
          13          36  -2.8118953540782099E-013
          13          37   6.2668357714148519E-014
          13          38   5.4270968472168689E-014
          13          39  -2.6545801897666367E-013
          13          40  -4.0106711848674586E-013
          13          41  -5.3446490648377983E-014
          13          42  -4.0535501645765104E-013
          13          43  -4.7772484714175037E-015
          13          44  -2.2735678765521630E-014
          13          45  -4.3205005766824038E-013
          13          46  0.88514944222500747     
          13          47 -0.13662757785361118     
          13          48  0.39585086461222074     
          13          49 -0.30550855168175695     
          13          50   4.5520637376999379E-002
          13          51   1.0100207785979237E-014
          13          52   4.5520637377024407E-002
          13          53  0.39585086461224606     
          13          54 -0.13662757785358781     
          13          55  0.10178723955413412     
          14           1   3.3145930029797817E-013
          14           2  -8.6342907214982425E-013
          14           3  -6.3932706375391492E-013
          14           4  -8.3840782044513553E-013
          14           5  -7.1838854866551200E-013
          14           6   1.7826184117649240E-013
          14           7  -4.4007396613870313E-002
          14           8   1.2399308035710697     
          14           9  -9.8517215429717531E-002
          14          10  0.27748961095082086     
          14          11  -4.0971084614955782     
          14          12  0.62120247697261477     
          14          13 -0.60186619967967814     
          14          14   5.2170760034351344     
          14          15  -1.3473685474783532     
          14          16  0.58258927869605559     
          14          17  -5.4887756049446681     
          14          18   1.3042142433500641     
          14          19   4.3053406022910464E-003
          14          20  -4.8828388300166101E-002
          14          21   9.6381563158671885E-003
          14          22   9.5861402476098155E-013
          14          23   5.9938509188702980E-014
          14          24   7.6955685702536571E-013
          14          25   3.5153006709900190E-014
          14          26  -3.9473277138567850E-015
          14          27   6.2456134762440320E-013
          14          28  -1.4790468389586768E-015
          14          29   5.7793827511922674E-014
          14          30   9.0038741695685029E-014
          14          31   4.9544153696558550E-014
          14          32   4.5197806920825397E-014
          14          33   1.6203052615135036E-013
          14          34   1.5066967556397988E-013
          14          35  -1.1569837688498990E-013
          14          36   1.4150216604835347E-013
          14          37  -4.6816229953303764E-014
          14          38  -7.2244035407521532E-014
          14          39   1.0619478436478786E-013
          14          40  -9.4009480711416436E-015
          14          41   6.4936964357650087E-014
          14          42  -5.5639398660237802E-014
          14          43   1.2849377799490494E-014
          14          44   3.1922186511058933E-014
          14          45  -3.6432910513375981E-014
          14          46 -0.30550855168173713     
          14          47   1.2935426408242878     
          14          48 -0.13662757785354809     
          14          49   2.8924492766776204     
          14          50 -0.30586150412843099     
          14          51  -2.6721996486855262E-015
          14          52 -0.30586150412842195     
          14          53 -0.13662757785363053     
          14          54   1.2935426408242618     
          14          55 -0.68392711493149938     
          15           1  -5.9302371784732644E-014
          15           2  -1.5133208235915940E-013
          15           3  -1.4615331919763465E-013
          15           4   3.0509742014648035E-012
          15           5  -8.1444203074514626E-013
          15           6  -3.2921786934820604E-013
          15           7   1.4662081950232780E-002
          15           8  -9.8517215429668140E-002
          15           9  0.97706033017934113     
          15          10  -9.2452081449550028E-002
          15          11  0.62120247697256326     
          15          12  -2.4395728878242875     
          15          13  0.20052564391104660     
          15          14  -1.3473685474783532     
