           1           1   2.6413028073087252     
           1           2  -1.3055357225363200     
           1           3 -0.90090712054838118     
           1           4  -8.7967932651374898     
           1           5  0.63014179913632351     
           1           6   1.2133381876559213     
           1           7   1.5265883078779842E-012
           1           8  -2.6040610221047316E-012
           1           9   2.6514473561045935E-013
           1          10  -2.4785703374264872E-013
           1          11   7.2269543935457320E-013
           1          12  -5.9849708209642418E-014
           1          13   2.3358731948928569E-013
           1          14  -1.1192452828114058E-012
           1          15   1.1173437925758975E-013
           1          16  -2.9247960042537637E-013
           1          17   1.4836328862456055E-012
           1          18  -8.4121589014275615E-014
           1          19  -2.1343255589678949E-014
           1          20   1.0624869360797934E-013
           1          21  -2.5042204873545556E-015
           1          22   4.2338858679968698     
           1          23   1.8863855289199148E-014
           1          24   4.2338858679965963     
           1          25  -4.8186102951311311E-015
           1          26   2.2993386748980021E-014
           1          27   4.2338858679966682     
           1          28  -1.7370795352296686E-002
           1          29  -1.6188294954956792E-013
           1          30  -1.7370795351521473E-002
           1          31  -1.2706798238425804E-014
           1          32   1.2238288504744221E-014
           1          33  -1.7370795351816071E-002
           1          34 -0.37588955265091023     
           1          35   1.3591910544346864E-013
           1          36 -0.37588955265169932     
           1          37   3.3565605534798410E-014
           1          38  -1.2095288442414103E-016
           1          39 -0.37588955265139862     
           1          40 -0.32140030159091060     
           1          41  -2.4016890096376408E-014
           1          42 -0.32140030159064387     
           1          43  -1.9355114864986486E-014
           1          44  -6.6355001009412797E-015
           1          45 -0.32140030159075739     
           1          46   1.6515699668204791E-013
           1          47  -3.6223879307171280E-013
           1          48   5.9296805525060023E-014
           1          49  -8.0440900683683692E-013
           1          50   1.4677849615740125E-014
           1          51   1.8764152961285893E-015
           1          52   2.7662955596807578E-014
           1          53   6.6385498588085100E-014
           1          54  -3.6241006601023343E-013
           1          55   4.3239460836367797E-014
           2           1  -1.3055357225363200     
           2           2   3.7467117167326069     
           2           3   2.4102495646375512     
           2           4   8.0544839945875797     
           2           5   1.5025096199968704     
           2           6  0.99766143136587615     
           2           7  -4.7472901488199664E-012
           2           8   7.3835250395837949E-012
           2           9  -8.3031909302386600E-013
           2          10   3.6752370816116264E-013
           2          11   9.4167110520723039E-014
           2          12   9.7362188545702961E-014
           2          13  -2.1629966926603868E-013
           2          14   2.1884734792701524E-013
           2          15  -8.4475010609970576E-014
           2          16   3.7756795819646282E-013
           2          17  -3.3795223591137648E-013
           2          18   1.0691571700347418E-013
           2          19   3.3668587273593489E-014
           2          20  -2.5170052491611394E-015
           2          21   5.8646989558937149E-015
           2          22  -5.6034061311643084     
           2          23   2.0012710501264092E-013
           2          24  -5.6034061311643502     
           2          25   4.7918844744623573E-014
           2          26   7.5524103158824802E-014
           2          27  -5.6034061311645091     
           2          28 -0.34786460530123064     
           2          29  -3.0867245424458723E-014
           2          30 -0.34786460530153507     
           2          31  -1.1400662349188274E-014
           2          32  -7.0967319319179126E-014
           2          33 -0.34786460530121444     
           2          34 -0.44678816265016513     
           2          35  -7.8049477833446083E-016
           2          36 -0.44678816264977622     
           2          37  -6.7019954868320439E-015
           2          38   5.6661205261171379E-014
           2          39 -0.44678816265011267     
           2          40 -0.28338093624891253     
           2          41  -2.4786339536270624E-015
           2          42 -0.28338093624905564     
           2          43   1.8074099357505119E-014
           2          44  -5.5077276905746778E-015
           2          45 -0.28338093624893868     
           2          46  -1.9933926675310216E-013
           2          47   7.0358775216345888E-014
           2          48  -9.9584093764259052E-014
           2          49   1.7752404688611494E-013
           2          50  -2.3109300086099976E-014
           2          51   2.1877395591627765E-016
           2          52  -2.1937236996188150E-014
           2          53  -9.3817434614861078E-014
           2          54   7.0948287944860916E-014
           2          55  -5.6835169522534136E-014
           3           1 -0.90090712054838118     
           3           2   2.4102495646375512     
           3           3   1.6689600267146445     
           3           4  0.97080344480394132     
           3           5   1.9507753276449284     
           3           6   1.9103650506690519     
           3           7   1.7924496706582256E-012
           3           8  -5.9241923281974131E-012
           3           9   4.9320936635343937E-013
           3          10  -2.4669063501348336E-012
           3          11   7.0292922868849269E-012
           3          12  -2.8141925141432430E-015
           3          13   2.3303623218917710E-012
           3          14  -4.2472003969184559E-012
           3          15  -6.7209479236551451E-014
           3          16  -2.1958405698669020E-012
           3          17   4.9757986271030541E-012
           3          18   2.6521015915139951E-014
           3          19  -1.0162384712668076E-013
           3          20   3.0388579265223507E-013
           3          21   1.3095010471088827E-016
           3          22  -2.0974907501931139     
           3          23   3.4965268854997171E-013
           3          24  -2.0974907501931992     
           3          25   2.6957610492470360E-013
           3          26   7.4612415258048890E-013
           3          27  -2.0974907501941491     
           3          28 -0.35357352381830054     
           3          29  -2.1822542871478019E-013
           3          30 -0.35357352381810353     
           3          31  -1.3836332918068288E-013
           3          32  -4.0598395348674320E-013
           3          33 -0.35357352381757223     
           3          34 -0.72507243124469234     
           3          35   1.4835398697188145E-013
           3          36 -0.72507243124484833     
           3          37   1.0108702976756237E-013
           3          38   3.0085234878062432E-013
           3          39 -0.72507243124525544     
           3          40 -0.52482342798185466     
           3          41  -3.0585211744825033E-014
           3          42 -0.52482342798180526     
           3          43  -1.5738062821497740E-014
           3          44  -6.7937354725161178E-014
           3          45 -0.52482342798170456     
           3          46   1.1407824238438435E-012
           3          47  -1.1765905496542252E-012
           3          48   4.9154448107883107E-013
           3          49  -2.6196002613606932E-012
           3          50  -5.1487157996077465E-015
           3          51   2.0208935501646547E-015
           3          52   3.7571808371384835E-015
           3          53   4.9816515460965199E-013
           3          54  -1.1772386794039645E-012
           3          55  -1.4799489526405804E-014
           4           1  -8.7967932651374898     
           4           2   8.0544839945875797     
           4           3  0.97080344480394132     
           4           4   198.05507369556142     
           4           5  -37.819555109752294     
           4           6  -51.121760109391715     
           4           7  -3.3736872767399078E-012
           4           8   1.2341178478041930E-011
           4           9  -1.1961738104472946E-013
           4          10   3.7374203974282125E-012
           4          11  -2.3410441564321981E-011
           4          12   6.1698515727496837E-013
           4          13  -5.0163571630259813E-012
           4          14   3.2570709362472767E-011
           4          15  -2.1808559035957623E-012
           4          16   5.9040409514995057E-012
           4          17  -4.3548147853843517E-011
           4          18   1.1700888734230436E-012
           4          19   3.3135337021665274E-013
           4          20  -3.4041495226205773E-012
           4          21   2.6359775164842013E-014
           4          22  -77.580729347179357     
           4          23  -3.5222902620555008E-012
           4          24  -77.580729347166823     
           4          25  -3.8817098864798605E-013
           4          26  -9.5777308997193519E-013
           4          27  -77.580729347168685     
           4          28   4.6067516114310632     
           4          29   5.5461435814704245E-012
           4          30   4.6067516114082814     
           4          31   4.5677226529668107E-013
           4          32   6.4067054549513930E-014
           4          33   4.6067516114150306     
           4          34   17.379172363271358     
           4          35  -4.3127239106307439E-012
           4          36   17.379172363293392     
           4          37  -8.4930230891712660E-013
           4          38  -2.5878152085549773E-013
           4          39   17.379172363286482     
           4          40   13.767464095495885     
           4          41   7.5428253239108974E-013
           4          42   13.767464095488632     
           4          43   3.5445908695648808E-013
           4          44   1.6640757970497935E-013
           4          45   13.767464095491192     
           4          46  -3.4878494900872461E-012
           4          47   1.0651486657592483E-011
           4          48  -1.0725991236259528E-012
           4          49   2.3880754532310882E-011
           4          50  -1.9396791827298971E-013
           4          51  -7.6595957335200717E-014
           4          52  -5.4437074732367213E-013
           4          53  -1.2002185330947205E-012
           4          54   1.0689875040045645E-011
           4          55  -4.8120260583268082E-013
           5           1  0.63014179913632351     
           5           2   1.5025096199968704     
           5           3   1.9507753276449284     
           5           4  -37.819555109752294     
           5           5   10.378932433171514     
           5           6   12.950018329879637     
           5           7   4.2597614303656860E-013
           5           8  -1.3450609415159342E-011
           5           9  -3.5703157635440349E-013
           5          10  -6.8239953226995902E-012
           5          11   2.9985328143399943E-011
           5          12   4.4222002213101515E-013
           5          13   6.6234797756559827E-012
           5          14  -2.0106678593098642E-011
           5          15  -5.8790118045310218E-013
           5          16  -6.1972757692046511E-012
           5          17   2.4044910907687503E-011
           5          18   5.7904369214634694E-013
           5          19  -2.8787119540699190E-013
           5          20   1.5411249529976648E-012
           5          21   3.1211426176515304E-014
           5          22   12.101668859534927     
           5          23   5.3296095039237895E-012
           5          24   12.101668859523942     
           5          25   1.0058348857975831E-012
           5          26   1.8492314651607026E-012
           5          27   12.101668859523684     
           5          28  -1.4288303282922592     
           5          29  -3.6124516015539833E-012
           5          30  -1.4288303282829546     
           5          31  -5.7320243116657765E-013
           5          32  -9.1638493372290248E-013
           5          33  -1.4288303282839163     
           5          34  -4.5187124920242043     
           5          35   2.6519765046603499E-012
           5          36  -4.5187124920320523     
           5          37   5.1763642419663724E-013
           5          38   7.1946977164010871E-013
           5          39  -4.5187124920309891     
           5          40  -3.5021835967827752     
           5          41  -5.6830325080983907E-013
           5          42  -3.5021835967804873     
           5          43  -1.3462307585384888E-013
           5          44  -1.8299281157432852E-013
           5          45  -3.5021835967809190     
           5          46   3.2781858146279538E-012
           5          47  -5.7168320280757240E-012
           5          48   1.3355678974006234E-012
           5          49  -1.2772006216108053E-011
           5          50  -1.4449451452192126E-013
           5          51   1.9131820679023242E-014
           5          52  -5.7827061985057463E-014
           5          53   1.3752939487979165E-012
           5          54  -5.7273053655632678E-012
           5          55  -3.2171452179819805E-013
           6           1   1.2133381876559213     
           6           2  0.99766143136587615     
           6           3   1.9103650506690519     
           6           4  -51.121760109391715     
           6           5   12.950018329879637     
           6           6   16.414922247084412     
           6           7   3.6855363374470908E-013
           6           8  -1.2854507109737598E-011
           6           9  -3.5194906986632143E-013
           6          10  -6.4785779230902198E-012
           6          11   2.9038387998980265E-011
           6          12   3.3892274271036685E-013
           6          13   6.4878968733290322E-012
           6          14  -2.1026158877132605E-011
           6          15  -3.1101666370894548E-013
           6          16  -6.1499054585780429E-012
           6          17   2.5566013743837443E-011
           6          18   4.0229072559409547E-013
           6          19  -2.8841396023563149E-013
           6          20   1.6973122118284522E-012
           6          21   2.5190267067119644E-014
           6          22   17.287682253606082     
           6          23   5.2145404724370095E-012
           6          24   17.287682253594831     
           6          25   9.8051480536173765E-013
           6          26   1.8510548832027126E-012
           6          27   17.287682253594703     
           6          28  -1.7437013433663715     
           6          29  -3.7997940726326687E-012
           6          30  -1.7437013433558375     
           6          31  -5.7668215162407185E-013
           6          32  -8.8775500833801267E-013
           6          33  -1.7437013433572526     
           6          34  -5.6977161082760288     
           6          35   2.8082515627616411E-012
           6          36  -5.6977161082851424     
           6          37   5.5516933031132506E-013
           6          38   7.1328398389932949E-013
           6          39  -5.6977161082836147     
           6          40  -4.4354583499491724     
           6          41  -5.8735096963805893E-013
           6          42  -4.4354583499464475     
           6          43  -1.5372859358242049E-013
           6          44  -1.8856989838453794E-013
           6          45  -4.4354583499470506     
           6          46   3.2847512574365452E-012
           6          47  -6.1071193577569265E-012
           6          48   1.3054820226626832E-012
           6          49  -1.3648784048865225E-011
           6          50  -1.0929509071102129E-013
           6          51   2.4307710753561054E-014
           6          52   1.0587431927455055E-015
           6          53   1.3538878165210319E-012
           6          54  -6.1201752445369583E-012
           6          55  -2.3983419458507432E-013
           7           1   1.5265883078779842E-012
           7           2  -4.7472901488199664E-012
           7           3   1.7924496706582256E-012
           7           4  -3.3736872767399078E-012
           7           5   4.2597614303656860E-013
           7           6   3.6855363374470908E-013
           7           7   2.6018547780486414     
           7           8   4.2831438860779659E-003
           7           9  -1.6906640045049589E-004
           7          10  -1.7773226843317929     
           7          11  -2.6812577900540552E-002
           7          12   1.0583595020971276E-003
           7          13   1.2728440032738444     
           7          14   5.5062013442364569E-002
           7          15  -2.1734353675863178E-003
           7          16  -1.3170860013401346     
           7          17  -4.1882230385051809E-002
           7          18   1.6531963691846449E-003
           7          19  -6.7867121477211786E-002
           7          20  -1.8290339542457543E-003
           7          21   7.2196543709881694E-005
           7          22   8.7734972021455956E-013
           7          23   6.5738258635631421E-013
           7          24   1.7907637337460025E-013
           7          25  -1.1737492960907448E-014
           7          26   8.0038620251080963E-013
           7          27   6.7007650177376796E-013
           7          28   1.6229584399792724E-012
           7          29  -1.5863778476774320E-013
           7          30   1.1545506046755618E-012
           7          31   6.0348732170903301E-013
           7          32   2.9694433122220001E-013
           7          33  -3.7400206998020362E-013
           7          34  -1.7944814398434833E-012
           7          35  -2.7170010073511527E-013
           7          36  -7.7016904303088479E-013
           7          37  -1.3210473385960056E-013
           7          38  -6.5553586000466315E-013
           7          39  -1.2049786879943344E-014
           7          40   2.4202113150258635E-013
           7          41   4.3576229804303978E-013
           7          42  -1.8269128503893857E-013
           7          43  -2.2586643104204406E-013
           7          44   2.0080329305359074E-013
           7          45   4.7746097447921149E-014
           7          46  0.68159694943988658     
           7          47   9.4728951674368060E-003
           7          48  0.30481942244070942     
           7          49   2.1182037537361274E-002
           7          50  -3.7391886093693019E-004
           7          51  -1.2090766505515251E-014
           7          52  -3.7391886048655212E-004
           7          53  0.30481942244144822     
           7          54   9.4728951674632900E-003
           7          55  -8.3610799254582320E-004
           8           1  -2.6040610221047316E-012
           8           2   7.3835250395837949E-012
           8           3  -5.9241923281974131E-012
           8           4   1.2341178478041930E-011
           8           5  -1.3450609415159342E-011
           8           6  -1.2854507109737598E-011
           8           7   4.2831438860779659E-003
           8           8   2.5763967848598766     
           8           9   1.0325724405418177E-003
           8          10  -2.6812577900173482E-002
           8          11  -1.6179550693861431     
           8          12  -6.4639269037349741E-003
           8          13   5.5062013440734088E-002
           8          14  0.94556843174625960     
           8          15   1.3274248800090312E-002
           8          16  -4.1882230382477570E-002
           8          17  -1.0681479398829954     
           8          18  -1.0096890969525950E-002
           8          19  -1.8290339539972634E-003
           8          20  -5.6995776692046890E-002
           8          21  -4.4094013665013415E-004
           8          22  -4.5029757316533396E-014
           8          23  -1.0493978497792824E-012
           8          24   1.0120549086533922E-012
           8          25  -7.1942984163739248E-015
           8          26  -1.2303880943055759E-012
           8          27   2.0675916699146432E-013
           8          28  -5.3424774557005168E-015
           8          29   2.2603353985838191E-013
           8          30   9.3274455445453332E-013
           8          31  -9.7045595830590670E-013
           8          32  -5.6772568603446575E-013
           8          33   3.4846576502599630E-012
           8          34   7.4201340339205041E-012
           8          35   4.9596575729201476E-013
           8          36   5.5455812057572027E-012
           8          37   1.7356933841256066E-013
           8          38   1.1546170549560434E-012
           8          39   4.3471031251477007E-012
           8          40   3.0136789888648811E-012
           8          41  -7.4129883721579239E-013
           8          42   3.7849931604296011E-012
           8          43   3.8692649604589729E-013
           8          44  -3.4751690673993321E-013
           8          45   3.3597132950821810E-012
           8          46   2.1182037536190964E-002
           8          47  0.24851477634960237     
           8          48   9.4728951667469533E-003
           8          49  0.55569593333212142     
           8          50   2.2837081206287329E-003
           8          51   2.8886627363439540E-014
           8          52   2.2837081198870102E-003
           8          53   9.4728951654694925E-003
           8          54  0.24851477634955876     
           8          55   5.1065266009333735E-003
           9           1   2.6514473561045935E-013
           9           2  -8.3031909302386600E-013
           9           3   4.9320936635343937E-013
           9           4  -1.1961738104472946E-013
           9           5  -3.5703157635440349E-013
           9           6  -3.5194906986632143E-013
           9           7  -1.6906640045049589E-004
           9           8   1.0325724405418177E-003
           9           9   2.6025153127302403     
           9          10   1.0583595020565435E-003
           9          11  -6.4639269037331049E-003
           9          12  -1.7814576464238701     
           9          13  -2.1734353682859408E-003
           9          14   1.3274248801582324E-002
           9          15   1.2813355156948356     
           9          16   1.6531963711102081E-003
           9          17  -1.0096890973303170E-002
           9          18  -1.3235449638311989     
           9          19   7.2196544156688552E-005
           9          20  -4.4094013744195399E-004
           9          21  -6.8149190068082621E-002
           9          22  -2.5462423461453573E-014
           9          23   1.1711749575443182E-013
           9          24  -2.0322972036213965E-013
           9          25   1.4061640371791303E-014
           9          26   2.0679572660906586E-013
           9          27  -1.3173249273653970E-013
           9          28   4.7875286991356039E-013
           9          29  -1.8410308597907381E-014
           9          30   3.7525653917167353E-013
           9          31   1.3232288519720810E-013
           9          32   6.2199572835598103E-014
           9          33   3.1652454987007154E-014
           9          34  -2.6259692138684767E-013
           9          35  -7.2981952618979278E-014
           9          36  -2.2980722181002194E-014
           9          37  -2.6249948002804462E-014
           9          38  -1.5107011413209126E-013
           9          39   1.3637555979278627E-013
           9          40   1.7788270714034461E-013
           9          41   9.9516985283813014E-014
           9          42   8.0376415840472429E-014
           9          43  -5.1063688734545905E-014
           9          44   4.7332551489615836E-014
           9          45   1.4246332454095642E-013
           9          46  -8.3610799296944158E-004
           9          47   2.2837081222227434E-003
           9          48  -3.7391886178708575E-004
           9          49   5.1065266018745148E-003
           9          50  0.30628030630506348     
           9          51  -4.9607618350867000E-015
           9          52  0.30628030630516800     
           9          53  -3.7391886161432914E-004
           9          54   2.2837081222276089E-003
           9          55  0.68486358506724154     
          10           1  -2.4785703374264872E-013
          10           2   3.6752370816116264E-013
          10           3  -2.4669063501348336E-012
          10           4   3.7374203974282125E-012
          10           5  -6.8239953226995902E-012
          10           6  -6.4785779230902198E-012
          10           7  -1.7773226843317929     
          10           8  -2.6812577900173482E-002
          10           9   1.0583595020565435E-003
          10          10   5.3564498995921159     
          10          11  0.16784734597035214     
          10          12  -6.6253544942952939E-003
          10          13  -4.2953262377533399     
          10          14 -0.34468945337851808     
          10          15   1.3605754716234994E-002
          10          16   3.9973331789205324     
          10          17  0.26218371242356997     
          10          18  -1.0349046792004817E-002
          10          19  0.19363878976500071     
          10          20   1.1449794049471159E-002
          10          21  -4.5195200439581291E-004
          10          22   9.7168249229100949E-013
          10          23  -3.1583644057371607E-013
          10          24   1.1977700547204187E-012
          10          25   6.9923053867450264E-014
          10          26  -2.2992902294365955E-013
          10          27   1.1149086925596447E-012
          10          28   1.2563919059613838E-012
          10          29   1.5555135933109607E-013
          10          30   1.1941997159640855E-012
          10          31  -2.5090372073960530E-013
          10          32  -2.9722392233927611E-014
          10          33   1.3108531894661878E-012
          10          34   2.5725490600122760E-012
          10          35  -5.9188857837761972E-014
          10          36   2.5628759960462792E-012
          10          37   1.5171829680896082E-013
          10          38   9.2167968479748132E-014
          10          39   2.4442518756426047E-012
          10          40   1.7723396265158689E-012
          10          41  -7.3231847427545959E-014
          10          42   1.7877450054683261E-012
          10          43   1.8470104650300936E-014
          10          44  -2.7864052098373334E-014
          10          45   1.7498412444262741E-012
          10          46  -2.0504144447744435     
          10          47  -5.9300538665730838E-002
          10          48 -0.91697321611261307     
          10          49 -0.13260003555871294     
          10          50   2.3407405584219333E-003
          10          51  -1.5177895130000691E-014
          10          52   2.3407405583160444E-003
          10          53 -0.91697321611268401     
          10          54  -5.9300538665709834E-002
          10          55   5.2340550065018013E-003
          11           1   7.2269543935457320E-013
          11           2   9.4167110520723039E-014
          11           3   7.0292922868849269E-012
          11           4  -2.3410441564321981E-011
          11           5   2.9985328143399943E-011
          11           6   2.9038387998980265E-011
          11           7  -2.6812577900540552E-002
          11           8  -1.6179550693861431     
          11           9  -6.4639269037331049E-003
          11          10  0.16784734597035214     
          11          11   4.3588050143412342     
          11          12   4.0464329068310503E-002
          11          13 -0.34468945337826157     
          11          14  -2.2465737348456125     
          11          15  -8.3097098659528038E-002
          11          16  0.26218371242316535     
          11          17   2.4389752663575028     
          11          18   6.3206766567693362E-002
          11          19   1.1449794049442717E-002
          11          20  0.12558392476497693     
          11          21   2.7602952640280410E-003
          11          22  -2.8454748206329635E-014
          11          23   1.6236872459552162E-013
          11          24  -1.6312812084403489E-013
          11          25   1.2242667247802052E-014
          11          26   1.2937210470493687E-013
          11          27  -1.6403228952589264E-013
          11          28  -5.9348649232171427E-012
          11          29  -2.5723598421325692E-014
          11          30  -6.1565577727670830E-012
          11          31   1.5357879543366298E-013
          11          32   1.3890417315919455E-013
          11          33  -6.3559285560748208E-012
          11          34  -1.0801982275102314E-011
          11          35  -1.0084324877641434E-013
          11          36  -1.0419372183055681E-011
          11          37  -2.5404093301551966E-014
          11          38  -2.3496473090187929E-013
          11          39  -1.0496150765495179E-011
          11          40  -8.0610711485046953E-012
          11          41   1.2938358427473790E-013
          11          42  -8.2131764054833511E-012
          11          43  -6.3212812799855621E-014
          11          44   7.1495808769692565E-014
          11          45  -8.0402415948064684E-012
          11          46 -0.13260003555856845     
          11          47 -0.56450485415876761     
          11          48  -5.9300538665598194E-002
          11          49  -1.2622712275277972     
          11          50  -1.4296064656718349E-002
          11          51  -7.1856570650298117E-015
          11          52  -1.4296064656613160E-002
          11          53  -5.9300538665369718E-002
          11          54 -0.56450485415875007     
          11          55  -3.1966972383606365E-002
          12           1  -5.9849708209642418E-014
          12           2   9.7362188545702961E-014
          12           3  -2.8141925141432430E-015
          12           4   6.1698515727496837E-013
          12           5   4.4222002213101515E-013
          12           6   3.3892274271036685E-013
          12           7   1.0583595020971276E-003
          12           8  -6.4639269037349741E-003
          12           9  -1.7814576464238701     
          12          10  -6.6253544942952939E-003
          12          11   4.0464329068310503E-002
          12          12   5.3823348561000843     
          12          13   1.3605754716440962E-002
          12          14  -8.3097098659742602E-002
          12          15  -4.3484832981634707     
          12          16  -1.0349046792426658E-002
          12          17   6.3206766568255829E-002
          12          18   4.0377664306586887     
          12          19  -4.5195200451238573E-004
          12          20   2.7602952641531914E-003
          12          21  0.19540454554314721     
          12          22  -3.6967837924169339E-013
          12          23   6.3088756385381924E-014
          12          24  -2.4171594354674928E-013
          12          25  -3.2398091607686941E-014
          12          26  -1.1525983142727712E-013
          12          27  -1.6936514993395280E-013
          12          28  -1.2751475193993515E-013
          12          29  -3.3139522686205674E-014
          12          30  -1.8902262687186629E-013
          12          31   4.0548973527017478E-015
          12          32   2.1461222183063221E-014
          12          33  -1.6584869953121417E-013
          12          34  -1.0666094547736177E-013
          12          35   3.5823111915846837E-014
          12          36  -8.5476785974717668E-014
          12          37  -1.7698648006859152E-014
          12          38   4.8807341168010878E-015
          12          39  -9.1183110243352966E-014
          12          40  -9.7203308396647533E-014
          12          41  -2.1865475032279538E-014
          12          42  -9.7738708619826884E-014
          12          43   1.2810317206377433E-014
          12          44  -3.6023062935666877E-015
          12          45  -1.1555859328869119E-013
          12          46   5.2340550066446367E-003
          12          47  -1.4296064656991233E-002
          12          48   2.3407405585708693E-003
          12          49  -3.1966972383707076E-002
          12          50 -0.92611838224790954     
          12          51   2.1655310578652352E-015
          12          52 -0.92611838224792342     
          12          53   2.3407405585461802E-003
          12          54  -1.4296064656984069E-002
          12          55  -2.0708636579183946     
          13           1   2.3358731948928569E-013
          13           2  -2.1629966926603868E-013
          13           3   2.3303623218917710E-012
          13           4  -5.0163571630259813E-012
          13           5   6.6234797756559827E-012
          13           6   6.4878968733290322E-012
          13           7   1.2728440032738444     
          13           8   5.5062013440734088E-002
          13           9  -2.1734353682859408E-003
          13          10  -4.2953262377533399     
          13          11 -0.34468945337826157     
          13          12   1.3605754716440962E-002
          13          13   5.4419038082513911     
          13          14  0.70785044936819530     
          13          15  -2.7940627412804387E-002
          13          16  -4.5128148934355723     
          13          17 -0.53841757221467024     
          13          18   2.1252688037412225E-002
          13          19 -0.20691034254869345     
          13          20  -2.3513170431055750E-002
          13          21   9.2812363801681602E-004
          13          22  -4.7111400004979289E-013
          13          23   3.8390575254587073E-013
          13          24  -5.8929733190056624E-013
          13          25  -9.1844981544706230E-014
          13          26  -6.0401973958519508E-014
          13          27  -4.0480865296790374E-013
          13          28  -1.1915211807212394E-012
          13          29  -2.4686192154785443E-013
          13          30  -1.1985627380757170E-012
          13          31   3.6872971864157318E-013
          13          32   1.7970786067879136E-013
          13          33  -1.2109691718089175E-012
          13          34  -2.5438327586473672E-012
          13          35   1.6720949438499808E-013
          13          36  -2.5463520827599618E-012
          13          37  -2.5254736972960128E-013
          13          38  -1.5375529433042503E-013
          13          39  -2.4140155787155197E-012
          13          40  -1.7589527120703595E-012
          13          41   4.7880259943772706E-014
          13          42  -1.7685288095343447E-012
          13          43   2.0849028149793458E-014
          13          44   2.9986362480857857E-014
          13          45  -1.7362356208536051E-012
          13          46   2.2971821103747532     
          13          47  0.12177893037012247     
          13          48   1.0273310710988648     
          13          49  0.27230596653458339     
          13          50  -4.8069189235553349E-003
          13          51   7.6216556371615050E-016
          13          52  -4.8069189234610683E-003
          13          53   1.0273310710989061     
          13          54  0.12177893037009407     
          13          55  -1.0748597475544687E-002
          14           1  -1.1192452828114058E-012
          14           2   2.1884734792701524E-013
          14           3  -4.2472003969184559E-012
          14           4   3.2570709362472767E-011
          14           5  -2.0106678593098642E-011
          14           6  -2.1026158877132605E-011
          14           7   5.5062013442364569E-002
          14           8  0.94556843174625960     
          14           9   1.3274248801582324E-002
          14          10 -0.34468945337851808     
          14          11  -2.2465737348456125     
          14          12  -8.3097098659742602E-002
          14          13  0.70785044936819530     
          14          14   1.2346083264375367     
          14          15  0.17064728279585925     
          14          16 -0.53841757221442699     
          14          17  -1.3125883188397096     
          14          18 -0.12980071678944755     
          14          19  -2.3513170431053314E-002
          14          20  -6.7153624436795081E-002
          14          21  -5.6685118268850988E-003
          14          22  -7.0617188530553003E-012
          14          23  -2.9872186978424484E-014
          14          24  -6.9931030399092458E-012
          14          25  -2.4835586574241319E-014
          14          26  -2.4047425795626349E-013
          14          27  -6.7617792976284876E-012
          14          28   3.4948346760203675E-012
          14          29  -4.3366213384150064E-014
          14          30   3.6933864515403386E-012
          14          31  -9.4245873940551417E-014
          14          32  -4.2524137878556187E-014
          14          33   3.8299650093568462E-012
          14          34   7.8089972586714131E-012
          14          35   1.3550781317146694E-013
          14          36   7.4724575137114311E-012
          14          37  -8.6376879988321700E-015
          14          38   1.4753966220208881E-013
          14          39   7.5407429320792465E-012
          14          40   5.7581084530475271E-012
          14          41  -1.1749872425127020E-013
          14          42   5.8887283730503268E-012
          14          43   6.2228696291608793E-014
          14          44  -4.9114559097570915E-014
          14          45   5.7555512040178161E-012
          14          46  0.27230596653451977     
          14          47  0.30350594111078827     
          14          48  0.12177893037001906     
          14          49  0.67865991589892560     
          14          50   2.9358240272157509E-002
          14          51   4.2460663179836414E-015
          14          52   2.9358240272063945E-002
          14          53  0.12177893036982435     
          14          54  0.30350594111077378     
          14          55   6.5647020948688475E-002
          15           1   1.1173437925758975E-013
          15           2  -8.4475010609970576E-014
          15           3  -6.7209479236551451E-014
          15           4  -2.1808559035957623E-012
          15           5  -5.8790118045310218E-013
          15           6  -3.1101666370894548E-013
          15           7  -2.1734353675863178E-003
          15           8   1.3274248800090312E-002
          15           9   1.2813355156948356     
          15          10   1.3605754716234994E-002
          15          11  -8.3097098659528038E-002
          15          12  -4.3484832981634707     
          15          13  -2.7940627412804387E-002
          15          14  0.17064728279585925     
