           1           1   5.6192870853883213E-002
           1           2  0.11900018220252150     
           1           3   9.1469396069298881E-002
           1           4  -2.3713135441237813E-016
           1           5  -9.6704086280833025E-017
           1           6  -1.1658697652989445E-016
           1           7  -3.8793245197644803E-017
           1           8   1.0611522939585406E-015
           1           9   3.4690123434184137E-016
           1          10   6.2585477095182098E-005
           1          11   2.3294053340558007E-017
           1          12   6.2585477094746208E-005
           1          13  -1.6057061087891907E-016
           1          14  -1.5888053714776236E-017
           1          15   6.2585477094843258E-005
           2           1  0.11900018220252150     
           2           2  0.25200782855632858     
           2           3  0.19370561839605618     
           2           4  -5.0217534630647264E-016
           2           5  -2.0479117212343390E-016
           2           6  -2.4689735973046088E-016
           2           7  -8.2152827869405896E-017
           2           8   2.2472124026915343E-015
           2           9   7.3463607510464078E-016
           2          10   1.3253786582508682E-004
           2          11   4.9330040441777826E-017
           2          12   1.3253786582416373E-004
           2          13  -3.4004192454675222E-016
           2          14  -3.3646283917725208E-017
           2          15   1.3253786582436924E-004
           3           1   9.1469396069298881E-002
           3           2  0.19370561839605618     
           3           3  0.14889167060066821     
           3           4  -3.8599668334432834E-016
           3           5  -1.5741257271837539E-016
           3           6  -1.8977746056905757E-016
           3           7  -6.3146706261432926E-017
           3           8   1.7273180385876524E-015
           3           9   5.6467743894864189E-016
           3          10   1.0187512589436675E-004
           3          11   3.7917496627058931E-017
           3          12   1.0187512589365722E-004
           3          13  -2.6137295675396429E-016
           3          14  -2.5862189561128895E-017
           3          15   1.0187512589381518E-004
           4           1  -2.3713135441237813E-016
           4           2  -5.0217534630647264E-016
           4           3  -3.8599668334432834E-016
           4           4   1.0006835100428581E-030
           4           5   4.0808683750317273E-031
           4           6   4.9199172833269641E-031
           4           7   1.6370572700741967E-031
           4           8  -4.4780143260255162E-030
           4           9  -1.4639074013624978E-030
           4          10  -2.6410786145303006E-019
           4          11  -9.8299843636107467E-032
           4          12  -2.6410786145119061E-019
           4          13   6.7760066104381533E-031
           4          14   6.7046862691144142E-032
           4          15  -2.6410786145160016E-019
           5           1  -9.6704086280833025E-017
           5           2  -2.0479117212343390E-016
           5           3  -1.5741257271837539E-016
           5           4   4.0808683750317273E-031
           5           5   1.6642111643891123E-031
           5           6   2.0063821026131551E-031
           5           7   6.6760520929094144E-032
           5           8  -1.8261704987258041E-030
           5           9  -5.9699329090965378E-031
           5          10  -1.0770532426928577E-019
           5          11  -4.0087472126724064E-032
           5          12  -1.0770532426853563E-019
           5          13   2.7633103581729540E-031
           5          14   2.7342253455307401E-032
           5          15  -1.0770532426870265E-019
           6           1  -1.1658697652989445E-016
           6           2  -2.4689735973046088E-016
           6           3  -1.8977746056905757E-016
           6           4   4.9199172833269641E-031
           6           5   2.0063821026131551E-031
           6           6   2.4189052614390219E-031
           6           7   8.0486849998049305E-032
           6           8  -2.2016411639135638E-030
           6           9  -7.1973838410159771E-031
           6          10  -1.2985012935504798E-019
           6          11  -4.8329676146348216E-032
           6          12  -1.2985012935414361E-019
           6          13   3.3314621156497955E-031
           6          14   3.2963970649709436E-032
           6          15  -1.2985012935434497E-019
           7           1  -3.8793245197644803E-017
           7           2  -8.2152827869405896E-017
           7           3  -6.3146706261432926E-017
           7           4   1.6370572700741967E-031
           7           5   6.6760520929094144E-032
           7           6   8.0486849998049305E-032
           7           7   2.6781259794997539E-032
           7           8  -7.3257586782883107E-031
           7           9  -2.3948633409710753E-031
           7          10  -4.3206437433641140E-020
           7          11  -1.6081255667414203E-032
           7          12  -4.3206437433340219E-020
           7          13   1.1085134083216286E-031
           7          14   1.0968458348984193E-032
           7          15  -4.3206437433407217E-020
           8           1   1.0611522939585406E-015
           8           2   2.2472124026915343E-015
           8           3   1.7273180385876524E-015
           8           4  -4.4780143260255162E-030
           8           5  -1.8261704987258041E-030
           8           6  -2.2016411639135638E-030
           8           7  -7.3257586782883107E-031
           8           8   2.0038915504094726E-029
           8           9   6.5509206951909205E-030
           8          10   1.1818709665276468E-018
           8          11   4.3988744056520402E-031
           8          12   1.1818709665194154E-018
           8          13  -3.0322329058351420E-030
           8          14  -3.0003173694063412E-031
           8          15   1.1818709665212479E-018
           9           1   3.4690123434184137E-016
           9           2   7.3463607510464078E-016
           9           3   5.6467743894864189E-016
           9           4  -1.4639074013624978E-030
           9           5  -5.9699329090965378E-031
           9           6  -7.1973838410159771E-031
           9           7  -2.3948633409710753E-031
           9           8   6.5509206951909205E-030
           9           9   2.1415611012438069E-030
           9          10   3.8636536852950933E-019
           9          11   1.4380357746227956E-031
           9          12   3.8636536852681842E-019
           9          13  -9.9126708186455344E-031
           9          14  -9.8083357571763488E-032
           9          15   3.8636536852741753E-019
          10           1   6.2585477095182098E-005
          10           2   1.3253786582508682E-004
          10           3   1.0187512589436675E-004
          10           4  -2.6410786145303006E-019
          10           5  -1.0770532426928577E-019
          10           6  -1.2985012935504798E-019
          10           7  -4.3206437433641140E-020
          10           8   1.1818709665276468E-018
          10           9   3.8636536852950933E-019
          10          10   6.9705318196265147E-008
          10          11   2.5944028479881395E-020
          10          12   6.9705318195779665E-008
          10          13  -1.7883742433187184E-019
          10          14  -1.7695508464743894E-020
          10          15   6.9705318195887754E-008
          11           1   2.3294053340558007E-017
          11           2   4.9330040441777826E-017
          11           3   3.7917496627058931E-017
          11           4  -9.8299843636107467E-032
          11           5  -4.0087472126724064E-032
          11           6  -4.8329676146348216E-032
          11           7  -1.6081255667414203E-032
          11           8   4.3988744056520402E-031
          11           9   1.4380357746227956E-031
          11          10   2.5944028479881395E-020
          11          11   9.6562591088058697E-033
          11          12   2.5944028479700700E-020
          11          13  -6.6562542861805890E-032
          11          14  -6.5861943888220613E-033
          11          15   2.5944028479740931E-020
          12           1   6.2585477094746208E-005
          12           2   1.3253786582416373E-004
          12           3   1.0187512589365722E-004
          12           4  -2.6410786145119061E-019
          12           5  -1.0770532426853563E-019
          12           6  -1.2985012935414361E-019
          12           7  -4.3206437433340219E-020
          12           8   1.1818709665194154E-018
          12           9   3.8636536852681842E-019
          12          10   6.9705318195779665E-008
          12          11   2.5944028479700700E-020
          12          12   6.9705318195294196E-008
          12          13  -1.7883742433062630E-019
          12          14  -1.7695508464620650E-020
          12          15   6.9705318195402272E-008
          13           1  -1.6057061087891907E-016
          13           2  -3.4004192454675222E-016
          13           3  -2.6137295675396429E-016
          13           4   6.7760066104381533E-031
          13           5   2.7633103581729540E-031
          13           6   3.3314621156497955E-031
          13           7   1.1085134083216286E-031
          13           8  -3.0322329058351420E-030
          13           9  -9.9126708186455344E-031
          13          10  -1.7883742433187184E-019
          13          11  -6.6562542861805890E-032
          13          12  -1.7883742433062630E-019
          13          13   4.5882904158913441E-031
          13          14   4.5399967146942833E-032
          13          15  -1.7883742433090361E-019
          14           1  -1.5888053714776236E-017
          14           2  -3.3646283917725208E-017
          14           3  -2.5862189561128895E-017
          14           4   6.7046862691144142E-032
          14           5   2.7342253455307401E-032
          14           6   3.2963970649709436E-032
          14           7   1.0968458348984193E-032
          14           8  -3.0003173694063412E-031
          14           9  -9.8083357571763488E-032
          14          10  -1.7695508464743894E-020
          14          11  -6.5861943888220613E-033
          14          12  -1.7695508464620650E-020
          14          13   4.5399967146942833E-032
          14          14   4.4922113251697426E-033
          14          15  -1.7695508464648088E-020
          15           1   6.2585477094843258E-005
          15           2   1.3253786582436924E-004
          15           3   1.0187512589381518E-004
          15           4  -2.6410786145160016E-019
          15           5  -1.0770532426870265E-019
          15           6  -1.2985012935434497E-019
          15           7  -4.3206437433407217E-020
          15           8   1.1818709665212479E-018
          15           9   3.8636536852741753E-019
          15          10   6.9705318195887754E-008
          15          11   2.5944028479740931E-020
          15          12   6.9705318195402272E-008
          15          13  -1.7883742433090361E-019
          15          14  -1.7695508464648088E-020
          15          15   6.9705318195510361E-008
