           1           1  0.21693463620534331     
           1           2  0.42281173127990751     
           1           3  0.10920887359046962     
           1           4   4.2375248228384532E-017
           1           5   2.1771048564101148E-030
           1           6   1.1588806058072964E-030
           1           7  -1.2945692816075956E-017
           1           8   2.9944646910771894E-030
           1           9  -5.4744562530377499E-030
           1          10  -5.3314858283041401E-003
           1          11   1.5315799838702104E-017
           1          12  -5.3314858283039571E-003
           1          13  -8.5524707541849598E-019
           1          14   1.5567898000534196E-018
           1          15  -5.3314858283039024E-003
           2           1  0.42281173127990751     
           2           2  0.82407200267777925     
           2           3  0.21285117822405947     
           2           4   8.2590555294727938E-017
           2           5   4.2432388373672813E-030
           2           6   2.2586910226003927E-030
           2           7  -2.5231520830089170E-017
           2           8   5.8362962339146967E-030
           2           9  -1.0669869812638034E-029
           2          10  -1.0391216417952726E-002
           2          11   2.9850926338975560E-017
           2          12  -1.0391216417952371E-002
           2          13  -1.6669006985472113E-018
           2          14   3.0342272774571098E-018
           2          15  -1.0391216417952263E-002
           3           1  0.10920887359046962     
           3           2  0.21285117822405947     
           3           3   5.4977749424992048E-002
           3           4   2.1332476952910076E-017
           3           5   1.0959945042240032E-030
           3           6   5.8340174625806753E-031
           3           7  -6.5170991365050945E-018
           3           8   1.5074684321475750E-030
           3           9  -2.7559416576919574E-030
           3          10  -2.6839677243679621E-003
           3          11   7.7102544700999418E-018
           3          12  -2.6839677243678702E-003
           3          13  -4.3054705962024158E-019
           3          14   7.8371653072511397E-019
           3          15  -2.6839677243678428E-003
           4           1   4.2375248228384532E-017
           4           2   8.2590555294727938E-017
           4           3   2.1332476952910076E-017
           4           4   8.2774318284402083E-033
           4           5   4.2526799926164918E-046
           4           6   2.2637165828909371E-046
           4           7  -2.5287660659700636E-033
           4           8   5.8492819226625301E-046
           4           9  -1.0693610144316483E-045
           4          10  -1.0414336749187934E-018
           4          11   2.9917344290144643E-033
           4          12  -1.0414336749187578E-018
           4          13  -1.6706095325023996E-034
           4          14   3.0409783965634844E-034
           4          15  -1.0414336749187470E-018
           5           1   2.1771048564101148E-030
           5           2   4.2432388373672813E-030
           5           3   1.0959945042240032E-030
           5           4   4.2526799926164918E-046
           5           5   2.1848910984034742E-059
           5           6   1.1630252499256810E-059
           5           7  -1.2991992054599483E-046
           5           8   3.0051741553717769E-059
           5           9  -5.4940352094865895E-059
           5          10  -5.3505534624243417E-032
           5          11   1.5370575576083272E-046
           5          12  -5.3505534624241578E-032
           5          13  -8.5830579841647864E-048
           5          14   1.5623575346897736E-047
           5          15  -5.3505534624241031E-032
           6           1   1.1588806058072964E-030
           6           2   2.2586910226003927E-030
           6           3   5.8340174625806753E-031
           6           4   2.2637165828909371E-046
           6           5   1.1630252499256810E-059
           6           6   6.1908244898479098E-060
           6           7  -6.9156832655751552E-047
           6           8   1.5996648188439984E-059
           6           9  -2.9244943499850691E-059
           6          10  -2.8481185091668331E-032
           6          11   8.1818116765354066E-047
           6          12  -2.8481185091667357E-032
           6          13  -4.5687920850856400E-048
           6          14   8.3164843482752670E-048
           6          15  -2.8481185091667066E-032
           7           1  -1.2945692816075956E-017
           7           2  -2.5231520830089170E-017
           7           3  -6.5170991365050945E-018
           7           4  -2.5287660659700636E-033
           7           5  -1.2991992054599483E-046
           7           6  -6.9156832655751552E-047
           7           7   7.7254128441511033E-034
           7           8  -1.7869631478569878E-046
           7           9   3.2669116479762616E-046
           7          10   3.1815932666997347E-019
           7          11  -9.1397871456849181E-034
           7          12   3.1815932666996254E-019
           7          13   5.1037336009981452E-035
           7          14  -9.2902280996820698E-035
           7          15   3.1815932666995927E-019
           8           1   2.9944646910771894E-030
           8           2   5.8362962339146967E-030
           8           3   1.5074684321475750E-030
           8           4   5.8492819226625301E-046
           8           5   3.0051741553717769E-059
           8           6   1.5996648188439984E-059
           8           7  -1.7869631478569878E-046
           8           8   4.1334196064570840E-059
           8           9  -7.5566844646472805E-059
           8          10  -7.3593347485199497E-032
           8          11   2.1141216836018332E-046
           8          12  -7.3593347485196979E-032
           8          13  -1.1805432337985667E-047
           8          14   2.1489201398325432E-047
           8          15  -7.3593347485196224E-032
           9           1  -5.4744562530377499E-030
           9           2  -1.0669869812638034E-029
           9           3  -2.7559416576919574E-030
           9           4  -1.0693610144316483E-045
           9           5  -5.4940352094865895E-059
           9           6  -2.9244943499850691E-059
           9           7   3.2669116479762616E-046
           9           8  -7.5566844646472805E-059
           9           9   1.3815069732827632E-058
           9          10   1.3454276569793258E-031
           9          11  -3.8650202505187638E-046
           9          12   1.3454276569792796E-031
           9          13   2.1582596406989577E-047
           9          14  -3.9286385081913036E-047
           9          15   1.3454276569792658E-031
          10           1  -5.3314858283041401E-003
          10           2  -1.0391216417952726E-002
          10           3  -2.6839677243679621E-003
          10           4  -1.0414336749187934E-018
          10           5  -5.3505534624243417E-032
          10           6  -2.8481185091668331E-032
          10           7   3.1815932666997347E-019
          10           8  -7.3593347485199497E-032
          10           9   1.3454276569793258E-031
          10          10   1.3102905849715000E-004
          10          11  -3.7640817168490417E-019
          10          12   1.3102905849714550E-004
          10          13   2.1018947190969419E-020
          10          14  -3.8260385256214818E-020
          10          15   1.3102905849714415E-004
          11           1   1.5315799838702104E-017
          11           2   2.9850926338975560E-017
          11           3   7.7102544700999418E-018
          11           4   2.9917344290144643E-033
          11           5   1.5370575576083272E-046
          11           6   8.1818116765354066E-047
          11           7  -9.1397871456849181E-034
          11           8   2.1141216836018332E-046
          11           9  -3.8650202505187638E-046
          11          10  -3.7640817168490417E-019
          11          11   1.0813106141204092E-033
          11          12  -3.7640817168489127E-019
          11          13  -6.0381289262384788E-035
          11          14   1.0991089936409128E-034
          11          15  -3.7640817168488742E-019
          12           1  -5.3314858283039571E-003
          12           2  -1.0391216417952371E-002
          12           3  -2.6839677243678702E-003
          12           4  -1.0414336749187578E-018
          12           5  -5.3505534624241578E-032
          12           6  -2.8481185091667357E-032
          12           7   3.1815932666996254E-019
          12           8  -7.3593347485196979E-032
          12           9   1.3454276569792796E-031
          12          10   1.3102905849714550E-004
          12          11  -3.7640817168489127E-019
          12          12   1.3102905849714100E-004
          12          13   2.1018947190968697E-020
          12          14  -3.8260385256213506E-020
          12          15   1.3102905849713968E-004
          13           1  -8.5524707541849598E-019
          13           2  -1.6669006985472113E-018
          13           3  -4.3054705962024158E-019
          13           4  -1.6706095325023996E-034
          13           5  -8.5830579841647864E-048
          13           6  -4.5687920850856400E-048
          13           7   5.1037336009981452E-035
          13           8  -1.1805432337985667E-047
          13           9   2.1582596406989577E-047
          13          10   2.1018947190969419E-020
          13          11  -6.0381289262384788E-035
          13          12   2.1018947190968697E-020
          13          13   3.3717417043515635E-036
          13          14  -6.1375165664035971E-036
          13          15   2.1018947190968483E-020
          14           1   1.5567898000534196E-018
          14           2   3.0342272774571098E-018
          14           3   7.8371653072511397E-019
          14           4   3.0409783965634844E-034
          14           5   1.5623575346897736E-047
          14           6   8.3164843482752670E-048
          14           7  -9.2902280996820698E-035
          14           8   2.1489201398325432E-047
          14           9  -3.9286385081913036E-047
          14          10  -3.8260385256214818E-020
          14          11   1.0991089936409128E-034
          14          12  -3.8260385256213506E-020
          14          13  -6.1375165664035971E-036
          14          14   1.1172003346004508E-035
          14          15  -3.8260385256213109E-020
          15           1  -5.3314858283039024E-003
          15           2  -1.0391216417952263E-002
          15           3  -2.6839677243678428E-003
          15           4  -1.0414336749187470E-018
          15           5  -5.3505534624241031E-032
          15           6  -2.8481185091667066E-032
          15           7   3.1815932666995927E-019
          15           8  -7.3593347485196224E-032
          15           9   1.3454276569792658E-031
          15          10   1.3102905849714415E-004
          15          11  -3.7640817168488742E-019
          15          12   1.3102905849713968E-004
          15          13   2.1018947190968483E-020
          15          14  -3.8260385256213109E-020
          15          15   1.3102905849713832E-004
