           1           1   2.1897159644111226     
           1           2 -0.68346181331390032     
           1           3   9.7336125321915906E-002
           1           4   9.6172430218388491E-002
           1           5   1.0236514409675197E-002
           1           6  -8.3821357732535174E-003
           1           7   1.3679653917727685E-009
           1           8   2.6036581380298217E-009
           1           9   6.9033172867868827E-011
           1          10  -6.2911062283689572E-010
           1          11  -4.1563169615314131E-010
           1          12  -2.3695012851527186E-009
           1          13  -4.4763003474078360E-010
           1          14  -2.4861694859884303E-010
           1          15  -6.1997204208162180E-010
           1          16  -1.9643642347874875E-010
           1          17  -5.0311303645536836E-010
           1          18   1.4061155650016643E-010
           1          19   3.2961698283885902E-003
           1          20  -8.5747272020066787E-009
           1          21   3.2961651758692057E-003
           1          22  -5.7660858168741811E-009
           1          23   7.9342079898945878E-009
           1          24   3.2961706316830806E-003
           1          25  -3.9307655489926674E-003
           1          26  -1.1601165407669498E-008
           1          27  -3.9307720561710720E-003
           1          28  -7.8918422193451173E-009
           1          29   1.0752124553935593E-008
           1          30  -3.9307645804190754E-003
           1          31  -6.6185992852009594E-003
           1          32  -2.9920001009555441E-008
           1          33  -6.6186157512580050E-003
           1          34  -2.0155593205732482E-008
           1          35   2.7737136582381254E-008
           1          36  -6.6185966021137348E-003
           2           1 -0.68346181331390032     
           2           2   2.4684548764845751     
           2           3 -0.44029177801966718     
           2           4 -0.39654717734798084     
           2           5  -6.1988079468443369E-002
           2           6   3.3159679891798445E-002
           2           7  -6.2008865009029609E-009
           2           8  -1.0282966545882360E-008
           2           9  -2.0366166133806863E-010
           2          10   3.8991384035897159E-009
           2          11   1.6196607904515064E-009
           2          12   9.7757323515025066E-009
           2          13   2.3371056268248542E-009
           2          14   1.0863505305651151E-009
           2          15   2.5405191914021805E-009
           2          16   7.5293636865776767E-010
           2          17   1.9354674676777072E-009
           2          18  -5.3383853313215347E-010
           2          19  -1.1029086785413619E-004
           2          20   3.3923172024746439E-008
           2          21  -1.1027248302804033E-004
           2          22   2.2802390605794026E-008
           2          23  -3.1386268587165952E-008
           2          24  -1.1029405700380411E-004
           2          25   1.9383354928894966E-002
           2          26   4.5214006957636742E-008
           2          27   1.9383380317191695E-002
           2          28   3.0767278715116714E-008
           2          29  -4.1906406840596895E-008
           2          30   1.9383351168503472E-002
           2          31   3.1622227261868557E-002
           2          32   1.1426776335588968E-007
           2          33   3.1622290140883275E-002
           2          34   7.6975632962191843E-008
           2          35  -1.0594250406983763E-007
           2          36   3.1622217015302836E-002
           3           1   9.7336125321915906E-002
           3           2 -0.44029177801966718     
           3           3  0.81293367340571898     
           3           4  0.61048417447516945     
           3           5  -5.4679879563390432E-002
           3           6  -6.3137438112725111E-002
           3           7  -1.6592051778507599E-009
           3           8  -2.4802291028885946E-010
           3           9   5.3480486304008909E-009
           3          10   1.2960729303383118E-009
           3          11  -6.4644577796110546E-010
           3          12  -1.1496875067362678E-008
           3          13  -1.2899450854691665E-009
           3          14  -1.9577086762670888E-009
           3          15  -2.4494488712568163E-009
           3          16  -1.5663012866168989E-009
           3          17  -3.8810955382323408E-009
           3          18   1.1696246214021332E-009
           3          19   1.3520818198932668E-003
           3          20  -6.4068092209838309E-008
           3          21   1.3520469749462121E-003
           3          22  -4.3081129487309693E-008
           3          23   5.9270782599284352E-008
           3          24   1.3520877745522354E-003
           3          25  -6.1784305771014798E-003
           3          26  -9.1070817958883112E-008
           3          27  -6.1784815070937849E-003
           3          28  -6.1900470897814229E-008
           3          29   8.4395951261538738E-008
           3          30  -6.1784228968036290E-003
           3          31  -1.6488997646009904E-002
           3          32  -2.5052098567419060E-007
           3          33  -1.6489135560416038E-002
           3          34  -1.6876946072026186E-007
           3          35   2.3218399885328588E-007
           3          36  -1.6488975181224986E-002
           4           1   9.6172430218388491E-002
           4           2 -0.39654717734798084     
           4           3  0.61048417447516945     
           4           4  0.49499665546453153     
           4           5 -0.20513926656366083     
           4           6 -0.11528279181235131     
           4           7  -1.4098969245657719E-008
           4           8  -3.8787695630981896E-008
           4           9  -2.3786089599858503E-008
           4          10   1.5913635212140678E-008
           4          11   4.6437487541093230E-008
           4          12   7.7300528247590159E-008
           4          13   4.0230799543456716E-009
           4          14   1.4179772109973972E-008
           4          15   2.8927900560274073E-008
           4          16  -2.9092587240008936E-009
           4          17  -6.6183802767022502E-009
           4          18   2.6409787334964950E-009
           4          19   4.2701220846688541E-004
           4          20  -9.1364296664914020E-008
           4          21   4.2696218977921878E-004
           4          22  -6.1569012298267582E-008
           4          23   8.4566220635245536E-008
           4          24   4.2702052671522549E-004
           4          25  -4.3883230318853168E-004
           4          26  -1.5142602673531379E-007
           4          27  -4.3891630964699915E-004
           4          28  -1.0267951006314399E-007
           4          29   1.4028939824118830E-007
           4          30  -4.3881917567646167E-004
           4          31  -4.0060955531290160E-003
           4          32  -4.8540803747136682E-007
           4          33  -4.0063629282452128E-003
           4          34  -3.2702215103183525E-007
           4          35   4.4959040035978954E-007
           4          36  -4.0060520068194386E-003
           5           1   1.0236514409675197E-002
           5           2  -6.1988079468443369E-002
           5           3  -5.4679879563390432E-002
           5           4 -0.20513926656366083     
           5           5  0.81208393962428016     
           5           6  0.33189554603743066     
           5           7   1.1008932533806476E-007
           5           8   2.2290728171902119E-007
           5           9   1.2265292822615347E-007
           5          10  -1.3406729737182083E-007
           5          11  -2.3369553796489863E-007
           5          12  -4.3511268997094232E-007
           5          13  -4.6253062764060522E-008
           5          14  -7.8134925427975239E-008
           5          15  -1.5562762988556675E-007
           5          16   8.2553429026954609E-009
           5          17   1.8081663462945316E-008
           5          18  -8.7660959898125277E-009
           5          19   2.6653524072133223E-003
           5          20   2.1393399140238132E-007
           5          21   2.6654704049068928E-003
           5          22   1.4451212262949039E-007
           5          23  -1.9812920925065757E-007
           5          24   2.6653333921899201E-003
           5          25  -2.2785283099531775E-002
           5          26   4.0743863334348199E-007
           5          27  -2.2785058559031401E-002
           5          28   2.7574197047426302E-007
           5          29  -3.7739075439299730E-007
           5          30  -2.2785319208291632E-002
           5          31  -4.3458332890702216E-002
           5          32   1.4550189703238216E-006
           5          33  -4.3457531137082041E-002
           5          34   9.8028389076000260E-007
           5          35  -1.3471151708290665E-006
           5          36  -4.3458463454473219E-002
           6           1  -8.3821357732535174E-003
           6           2   3.3159679891798445E-002
           6           3  -6.3137438112725111E-002
           6           4 -0.11528279181235131     
           6           5  0.33189554603743066     
           6           6  0.13829090371071112     
           6           7  -1.4833774229932639E-008
           6           8  -1.0457319576104123E-008
           6           9  -7.4123350999670730E-009
           6          10   3.1859551269182347E-008
           6          11   1.0602927994622379E-008
           6          12   2.4581860999938057E-008
           6          13   1.2285151810384138E-008
           6          14   6.5402664327967467E-009
           6          15   8.0672941330294160E-009
           6          16   3.8675568273239574E-009
           6          17   8.0595414865093990E-009
           6          18  -2.5704592165568790E-009
           6          19   1.0319182751919167E-003
           6          20   9.0329455611019985E-008
           6          21   1.0319680725926546E-003
           6          22   6.1007652269786169E-008
           6          23  -8.3653154794604815E-008
           6          24   1.0319102333146647E-003
           6          25  -8.7039557942793777E-003
           6          26   1.7040104032272377E-007
           6          27  -8.7038618481190249E-003
           6          28   1.1533580683450008E-007
           6          29  -1.5783641827295358E-007
           6          30  -8.7039708759609584E-003
           6          31  -1.6494014688098184E-002
           6          32   6.0466435828208399E-007
           6          33  -1.6493681508781687E-002
           6          34   4.0737733174544531E-007
           6          35  -5.5983491617675846E-007
           6          36  -1.6494068945908099E-002
           7           1   1.3679653917727685E-009
           7           2  -6.2008865009029609E-009
           7           3  -1.6592051778507599E-009
           7           4  -1.4098969245657719E-008
           7           5   1.1008932533806476E-007
           7           6  -1.4833774229932639E-008
           7           7   2.1741482068483799     
           7           8  -6.2319685491814418E-009
           7           9  -1.8415828040972715E-009
           7          10 -0.48336782487084096     
           7          11   1.8681744504723209E-008
           7          12   7.9988350565595312E-009
           7          13 -0.19482123950565183     
           7          14  -6.1377882827337235E-009
           7          15  -7.2538429628874545E-009
           7          16  -3.1725552523208652E-003
           7          17  -1.4873723270033312E-008
           7          18  -7.8955442729580732E-009
           7          19  -4.7222722801976295E-009
           7          20  -4.2717983299301643E-009
           7          21   4.3738421661883896E-009
           7          22  -2.0606823317021067E-009
           7          23  -3.5703075435086382E-010
           7          24  -1.9305498112902453E-010
           7          25  -1.1735947622158408E-008
           7          26  -2.3849973128972664E-009
           7          27  -1.2642300450772966E-008
           7          28   4.6405327328360651E-010
           7          29  -3.2158088357432269E-009
           7          30  -1.5655452797190576E-008
           7          31  -3.6920515968716553E-008
           7          32   4.0931322195541872E-009
           7          33  -1.9031487189628866E-008
           7          34  -2.7764603371529349E-009
           7          35  -2.3685082362819581E-009
           7          36  -2.7559600510435697E-008
           8           1   2.6036581380298217E-009
           8           2  -1.0282966545882360E-008
           8           3  -2.4802291028885946E-010
           8           4  -3.8787695630981896E-008
           8           5   2.2290728171902119E-007
           8           6  -1.0457319576104123E-008
           8           7  -6.2319685491814418E-009
           8           8   2.1741482024295742     
           8           9   2.3693134042371700E-009
           8          10   1.8053966203932354E-008
           8          11 -0.48336781496654035     
           8          12  -6.6459637197684011E-009
           8          13  -2.7836079992762842E-010
           8          14 -0.19482123843815813     
           8          15   6.1745566096883049E-010
           8          16  -2.0014962398636845E-008
           8          17  -3.1725639419359639E-003
           8          18   1.8434526649331027E-008
           8          19  -1.8788050453038799E-009
           8          20  -1.6584745923176938E-009
           8          21  -1.5862678744632821E-009
           8          22  -2.1932839410347970E-009
           8          23   9.6879167095859223E-010
           8          24  -8.2791522703539339E-010
           8          25  -2.8992904287482446E-008
           8          26   1.3088059799251454E-009
           8          27  -3.5089359607751542E-008
           8          28   2.6642268214717482E-009
           8          29   2.2290135026922208E-009
           8          30  -3.4139817217052508E-008
           8          31  -6.7927473391481084E-008
           8          32   1.2554589722392369E-009
           8          33  -5.7487438066653868E-008
           8          34  -3.0970292343780603E-009
           8          35  -3.1805649735395878E-009
           8          36  -6.3610998769485313E-008
           9           1   6.9033172867868827E-011
           9           2  -2.0366166133806863E-010
           9           3   5.3480486304008909E-009
           9           4  -2.3786089599858503E-008
           9           5   1.2265292822615347E-007
           9           6  -7.4123350999670730E-009
           9           7  -1.8415828040972715E-009
           9           8   2.3693134042371700E-009
           9           9   2.1741482073059291     
           9          10   4.4612365230161983E-009
           9          11  -7.7252972670756459E-009
           9          12 -0.48336782614911677     
           9          13   4.9134967023697106E-009
           9          14  -8.0087441308916310E-009
           9          15 -0.19482124031602555     
           9          16  -7.1959793145283277E-009
           9          17   2.0009909146605898E-008
           9          18  -3.1725492062260404E-003
           9          19   2.8193656777938536E-009
           9          20   2.2621584987456100E-010
           9          21   5.6205321915652733E-009
           9          22  -1.6017349941558213E-009
           9          23  -4.6956651788735055E-009
           9          24  -1.6677220173259782E-009
           9          25  -1.3580131237792926E-008
           9          26   5.9720861686156978E-009
           9          27  -1.8826389527566429E-008
           9          28   5.5864461866021617E-009
           9          29  -1.6006662729156038E-009
           9          30  -2.0129603233735573E-008
           9          31  -4.0131229694354326E-008
           9          32  -1.8569486857257378E-009
           9          33  -2.7280374294514842E-008
           9          34  -5.1245004155366604E-009
           9          35  -2.0692737360301811E-012
           9          36  -3.7050999636809106E-008
          10           1  -6.2911062283689572E-010
          10           2   3.8991384035897159E-009
          10           3   1.2960729303383118E-009
          10           4   1.5913635212140678E-008
          10           5  -1.3406729737182083E-007
          10           6   3.1859551269182347E-008
          10           7 -0.48336782487084096     
          10           8   1.8053966203932354E-008
          10           9   4.4612365230161983E-009
          10          10   1.3676674368400601     
          10          11  -5.2780399804990975E-008
          10          12  -1.9143085948899636E-008
          10          13  0.48853041717220930     
          10          14   1.3080106986801284E-008
          10          15   1.6052857150486327E-008
          10          16   1.2671374049313906E-002
          10          17   4.1853597034482631E-008
          10          18   2.3293812525410728E-008
          10          19   9.0285014412558986E-009
          10          20   1.0216375236924304E-008
          10          21  -1.3903949443179470E-008
          10          22   5.5101876354099795E-009
          10          23   1.7969986502508039E-009
          10          24  -4.8068292400267479E-010
          10          25   9.0023079172909673E-009
          10          26   4.4241405568035843E-009
          10          27   8.1143302051827019E-009
          10          28   6.3429961525867366E-010
          10          29   8.1877344485613087E-009
          10          30   1.3370524510785479E-008
          10          31   4.8807373181351717E-008
          10          32  -8.1961369035156318E-009
          10          33   7.2576064481145599E-009
          10          34   8.4414241989770825E-009
          10          35   4.6900958311956925E-009
          10          36   2.7600358258136074E-008
          11           1  -4.1563169615314131E-010
          11           2   1.6196607904515064E-009
          11           3  -6.4644577796110546E-010
          11           4   4.6437487541093230E-008
          11           5  -2.3369553796489863E-007
          11           6   1.0602927994622379E-008
          11           7   1.8681744504723209E-008
          11           8 -0.48336781496654035     
          11           9  -7.7252972670756459E-009
          11          10  -5.2780399804990975E-008
          11          11   1.3676674149670496     
          11          12   2.3074807610734619E-008
          11          13  -2.3244048680130050E-009
          11          14  0.48853041537194186     
          11          15  -9.0835535789854241E-009
          11          16   4.7128236557319482E-008
          11          17   1.2671404529421254E-002
          11          18  -4.2026085997646760E-008
          11          19  -3.4159733937374693E-009
          11          20  -7.2853049416709199E-010
          11          21  -1.2753157866217031E-009
          11          22   5.9512869761036590E-009
          11          23  -9.6667201602515317E-010
          11          24   9.4097330568193478E-011
          11          25   2.7119748784188165E-008
          11          26  -7.0178658413813238E-009
          11          27   3.7128819694600362E-008
          11          28  -1.7715865022109911E-009
          11          29  -3.1686651402582241E-009
          11          30   2.8661066934269584E-008
          11          31   6.8420922561730780E-008
          11          32   1.6008650822416486E-009
          11          33   5.2637573680919480E-008
          11          34   1.1435000785679955E-008
          11          35   2.7676587562730722E-009
          11          36   6.6576228430709696E-008
          12           1  -2.3695012851527186E-009
          12           2   9.7757323515025066E-009
          12           3  -1.1496875067362678E-008
          12           4   7.7300528247590159E-008
          12           5  -4.3511268997094232E-007
          12           6   2.4581860999938057E-008
          12           7   7.9988350565595312E-009
          12           8  -6.6459637197684011E-009
          12           9 -0.48336782614911677     
          12          10  -1.9143085948899636E-008
          12          11   2.3074807610734619E-008
          12          12   1.3676674392292867     
          12          13  -1.6297214408372721E-008
          12          14   2.3796783568511357E-008
          12          15  0.48853042153367865     
          12          16   1.9870749479912472E-008
          12          17  -5.4611934682310515E-008
          12          18   1.2671357816953404E-002
          12          19  -4.5442887179742735E-009
          12          20   8.8846284644965916E-010
          12          21  -1.3115692742729786E-008
          12          22   4.1867733909280888E-009
          12          23   1.2791432943128607E-008
          12          24   4.8274155342068905E-009
          12          25   5.1526283946637644E-008
          12          26  -1.4592636726344098E-008
          12          27   6.7851348631989991E-008
          12          28  -1.6003166697223442E-008
          12          29   4.2153101593109125E-009
          12          30   7.3267311401403296E-008
          12          31   1.4047778431457243E-007
          12          32   3.0770929933763751E-009
          12          33   1.0270063935400088E-007
          12          34   1.2677498818067972E-008
          12          35   1.1342202412644300E-009
          12          36   1.2997859809728380E-007
          13           1  -4.4763003474078360E-010
          13           2   2.3371056268248542E-009
          13           3  -1.2899450854691665E-009
          13           4   4.0230799543456716E-009
          13           5  -4.6253062764060522E-008
          13           6   1.2285151810384138E-008
          13           7 -0.19482123950565183     
          13           8  -2.7836079992762842E-010
          13           9   4.9134967023697106E-009
          13          10  0.48853041717220930     
          13          11  -2.3244048680130050E-009
          13          12  -1.6297214408372721E-008
          13          13  0.17475336985456619     
          13          14   1.0990139001636702E-008
          13          15   2.6755075492612099E-009
          13          16   4.5227190268104086E-003
          13          17   1.5663058650146982E-008
          13          18   8.6985930898734663E-009
          13          19   3.2337019534489725E-009
          13          20   3.6645544538479391E-009
          13          21  -4.9328299851177186E-009
          13          22   1.9527767447081813E-009
          13          23   6.3413610498458111E-010
          13          24  -1.6538859737901066E-010
          13          25   3.2560820503380667E-009
          13          26   1.5938360202302648E-009
          13          27   2.9461037706742374E-009
          13          28   2.1301994476245525E-010
          13          29   2.9115795558669818E-009
          13          30   4.8265731112820218E-009
          13          31   1.7483989144895487E-008
          13          32  -2.9274878736917472E-009
          13          33   2.6898510315386134E-009
          13          34   2.9977434535057241E-009
          13          35   1.6741683039098095E-009
          13          36   9.9312833648431356E-009
          14           1  -2.4861694859884303E-010
          14           2   1.0863505305651151E-009
          14           3  -1.9577086762670888E-009
          14           4   1.4179772109973972E-008
          14           5  -7.8134925427975239E-008
          14           6   6.5402664327967467E-009
          14           7  -6.1377882827337235E-009
          14           8 -0.19482123843815813     
          14           9  -8.0087441308916310E-009
          14          10   1.3080106986801284E-008
          14          11  0.48853041537194186     
          14          12   2.3796783568511357E-008
          14          13   1.0990139001636702E-008
          14          14  0.17475337166555602     
          14          15   1.9006319481887781E-009
          14          16   1.7651971866471250E-008
          14          17   4.5227303295871466E-003
          14          18  -1.5543171817282940E-008
          14          19  -1.1728420084946679E-009
          14          20  -2.2952410111653874E-010
          14          21  -3.7030176700629158E-010
          14          22   2.1138041828504560E-009
          14          23  -3.5387951122185620E-010
          14          24   4.9146030590056962E-011
          14          25   9.6724754491021491E-009
          14          26  -2.4740731719772228E-009
          14          27   1.3281625278128472E-008
          14          28  -6.5237453194126614E-010
          14          29  -1.1407054746468479E-009
          14          30   1.0271343066501946E-008
          14          31   2.4479442376318268E-008
          14          32   5.4730521759167404E-010
          14          33   1.8813509651090379E-008
          14          34   4.0519461066824214E-009
          14          35   1.0080314767414633E-009
          14          36   2.3783472401333644E-008
          15           1  -6.1997204208162180E-010
          15           2   2.5405191914021805E-009
          15           3  -2.4494488712568163E-009
          15           4   2.8927900560274073E-008
          15           5  -1.5562762988556675E-007
          15           6   8.0672941330294160E-009
          15           7  -7.2538429628874545E-009
          15           8   6.1745566096883049E-010
          15           9 -0.19482124031602555     
          15          10   1.6052857150486327E-008
          15          11  -9.0835535789854241E-009
          15          12  0.48853042153367865     
          15          13   2.6755075492612099E-009
          15          14   1.9006319481887781E-009
          15          15  0.17475337258785373     
          15          16   7.6552020917155691E-009
          15          17  -2.0156900065166616E-008
          15          18   4.5227132078661117E-003
          15          19  -1.6272387720877699E-009
          15          20   3.0855735533032902E-010
          15          21  -4.6674916590854757E-009
          15          22   1.4973393684250465E-009
          15          23   4.5746050473136253E-009
          15          24   1.7068740638234997E-009
          15          25   1.8278772560887107E-008
          15          26  -5.1935036193325880E-009
          15          27   2.4073833696082737E-008
          15          28  -5.6777347442383101E-009
          15          29   1.5131126741688958E-009
          15          30   2.5983383851523150E-008
          15          31   4.9835716687688830E-008
          15          32   1.1016791151265083E-009
          15          33   3.6420684147554030E-008
          15          34   4.5091231847347404E-009
          15          35   3.9549051296864766E-010
          15          36   4.6114080206160591E-008
          16           1  -1.9643642347874875E-010
          16           2   7.5293636865776767E-010
          16           3  -1.5663012866168989E-009
          16           4  -2.9092587240008936E-009
          16           5   8.2553429026954609E-009
          16           6   3.8675568273239574E-009
          16           7  -3.1725552523208652E-003
          16           8  -2.0014962398636845E-008
          16           9  -7.1959793145283277E-009
          16          10   1.2671374049313906E-002
          16          11   4.7128236557319482E-008
          16          12   1.9870749479912472E-008
          16          13   4.5227190268104086E-003
          16          14   1.7651971866471250E-008
          16          15   7.6552020917155691E-009
          16          16   1.4104815811343181E-004
          16          17   1.3250550810694043E-009
          16          18   8.0655919434390224E-010
          16          19   8.6692088855405647E-011
          16          20   1.1083987599846353E-010
          16          21  -5.0452332877035130E-011
          16          22   1.6186034119884911E-011
          16          23   7.0789716499648358E-012
          16          24   2.1169067396582511E-011
          16          25  -1.8300994023370495E-010
          16          26   4.9741097312587289E-011
          16          27  -2.0504492617161515E-010
          16          28  -6.0760645595591234E-012
          16          29   4.1021051387722795E-011
          16          30  -1.7748527039948338E-010
          16          31  -2.0816394219675240E-010
          16          32  -4.7303048547866156E-011
          16          33  -4.1867731473102643E-010
          16          34   4.6605246790000036E-011
          16          35   2.4293296587057219E-011
          16          36  -3.1386191251263470E-010
          17           1  -5.0311303645536836E-010
          17           2   1.9354674676777072E-009
          17           3  -3.8810955382323408E-009
          17           4  -6.6183802767022502E-009
          17           5   1.8081663462945316E-008
          17           6   8.0595414865093990E-009
          17           7  -1.4873723270033312E-008
          17           8  -3.1725639419359639E-003
          17           9   2.0009909146605898E-008
          17          10   4.1853597034482631E-008
          17          11   1.2671404529421254E-002
          17          12  -5.4611934682310515E-008
          17          13   1.5663058650146982E-008
          17          14   4.5227303295871466E-003
          17          15  -2.0156900065166616E-008
          17          16   1.3250550810694043E-009
          17          17   1.4104902633662941E-004
          17          18  -1.2992526135494333E-009
          17          19   7.0523215588104922E-012
          17          20   1.1922066532956572E-011
          17          21   1.3059847146393887E-010
          17          22   2.8042675831712464E-011
          17          23  -1.2016794627639743E-011
          17          24   2.7476766207559448E-011
          17          25  -3.9544501086590597E-010
          17          26  -2.4600497729597690E-011
          17          27  -2.9260043941378858E-010
          17          28  -8.9911838937891607E-012
          17          29  -2.1598185776315258E-011
          17          30  -3.8931111765529338E-010
          17          31  -6.2130130378187216E-010
          17          32   6.8097453927278161E-012
          17          33  -7.1121179877589390E-010
          17          34   6.0315598785599959E-011
          17          35   1.4044289435213803E-011
          17          36  -6.2895177895970670E-010
          18           1   1.4061155650016643E-010
          18           2  -5.3383853313215347E-010
          18           3   1.1696246214021332E-009
          18           4   2.6409787334964950E-009
          18           5  -8.7660959898125277E-009
          18           6  -2.5704592165568790E-009
          18           7  -7.8955442729580732E-009
          18           8   1.8434526649331027E-008
          18           9  -3.1725492062260404E-003
          18          10   2.3293812525410728E-008
          18          11  -4.2026085997646760E-008
          18          12   1.2671357816953404E-002
          18          13   8.6985930898734663E-009
          18          14  -1.5543171817282940E-008
          18          15   4.5227132078661117E-003
          18          16   8.0655919434390224E-010
          18          17  -1.2992526135494333E-009
          18          18   1.4104789983244125E-004
          18          19  -3.9501331055407096E-011
          18          20   2.6676069780938652E-012
          18          21  -7.9642679662835772E-011
          18          22   3.9708369360737704E-011
          18          23   1.2586354453607652E-010
          18          24  -8.4516545136447215E-012
          18          25   4.4455706094387036E-010
          18          26  -7.6430049099305227E-011
          18          27   5.3270042385857354E-010
          18          28  -6.9565495896607461E-011
          18          29   5.1833265769153616E-011
          18          30   5.4520639004564224E-010
          18          31   1.0590261868460015E-009
          18          32   1.5618068885105372E-011
          18          33   8.6158343541572499E-010
          18          34   6.2105127169748309E-011
          18          35  -1.5563462837063706E-013
          18          36   1.0065497659127558E-009
          19           1   3.2961698283885902E-003
          19           2  -1.1029086785413619E-004
          19           3   1.3520818198932668E-003
          19           4   4.2701220846688541E-004
          19           5   2.6653524072133223E-003
          19           6   1.0319182751919167E-003
          19           7  -4.7222722801976295E-009
          19           8  -1.8788050453038799E-009
          19           9   2.8193656777938536E-009
          19          10   9.0285014412558986E-009
          19          11  -3.4159733937374693E-009
          19          12  -4.5442887179742735E-009
          19          13   3.2337019534489725E-009
          19          14  -1.1728420084946679E-009
          19          15  -1.6272387720877699E-009
          19          16   8.6692088855405647E-011
          19          17   7.0523215588104922E-012
          19          18  -3.9501331055407096E-011
          19          19   1.7878299428866244E-005
          19          20   6.3693616427495081E-010
          19          21   1.7878652560957362E-005
          19          22   4.3084005856406268E-010
          19          23  -5.9012899618836228E-010
          19          24   1.7878243757308968E-005
          19          25  -8.1801740838833840E-005
          19          26   1.2375261362542788E-009
          19          27  -8.1801060893513835E-005
          19          28   8.3685081387283373E-010
          19          29  -1.1461774611928860E-009
          19          30  -8.1801851559093136E-005
          19          31  -1.6971046227114316E-004
          19          32   4.5631824550657214E-009
          19          33  -1.6970794743593459E-004
          19          34   3.0743690716681150E-009
          19          35  -4.2241871116705171E-009
          19          36  -1.6971087174694262E-004
          20           1  -8.5747272020066787E-009
          20           2   3.3923172024746439E-008
          20           3  -6.4068092209838309E-008
          20           4  -9.1364296664914020E-008
          20           5   2.1393399140238132E-007
          20           6   9.0329455611019985E-008
          20           7  -4.2717983299301643E-009
          20           8  -1.6584745923176938E-009
          20           9   2.2621584987456100E-010
          20          10   1.0216375236924304E-008
          20          11  -7.2853049416709199E-010
          20          12   8.8846284644965916E-010
          20          13   3.6645544538479391E-009
          20          14  -2.2952410111653874E-010
          20          15   3.0855735533032902E-010
          20          16   1.1083987599846353E-010
          20          17   1.1922066532956572E-011
          20          18   2.6676069780938652E-012
          20          19   6.3693616427495081E-010
          20          20   6.0954809348159084E-014
          20          21   6.3696971036908962E-010
          20          22   4.1093114910466697E-014
          20          23  -5.6343129992657845E-014
          20          24   6.3693071824999198E-010
          20          25  -5.3821730148257884E-009
          20          26   1.1164162384731359E-013
          20          27  -5.3821115005228466E-009
          20          28   7.5487129564273387E-014
          20          29  -1.0331515171474248E-013
          20          30  -5.3821828463593070E-009
          20          31  -1.0066862548137505E-008
          20          32   3.9405376136920545E-013
          20          33  -1.0066645589399486E-008
          20          34   2.6553069755246969E-013
          20          35  -3.6486238014747556E-013
          20          36  -1.0066898023192539E-008
          21           1   3.2961651758692057E-003
          21           2  -1.1027248302804033E-004
          21           3   1.3520469749462121E-003
          21           4   4.2696218977921878E-004
          21           5   2.6654704049068928E-003
          21           6   1.0319680725926546E-003
          21           7   4.3738421661883896E-009
          21           8  -1.5862678744632821E-009
          21           9   5.6205321915652733E-009
          21          10  -1.3903949443179470E-008
          21          11  -1.2753157866217031E-009
          21          12  -1.3115692742729786E-008
          21          13  -4.9328299851177186E-009
          21          14  -3.7030176700629158E-010
          21          15  -4.6674916590854757E-009
          21          16  -5.0452332877035130E-011
          21          17   1.3059847146393887E-010
          21          18  -7.9642679662835772E-011
          21          19   1.7878652560957362E-005
          21          20   6.3696971036908962E-010
          21          21   1.7879005712820089E-005
          21          22   4.3086240878158993E-010
          21          23  -5.9016025523251174E-010
          21          24   1.7878596886448762E-005
          21          25  -8.1804714061964863E-005
          21          26   1.2375879589739096E-009
          21          27  -8.1804034082928975E-005
          21          28   8.3689264888211494E-010
          21          29  -1.1462346550027756E-009
          21          30  -8.1804824788194765E-005
          21          31  -1.6971602665885279E-004
          21          32   4.5633998793273281E-009
          21          33  -1.6971351170193540E-004
          21          34   3.0745148442290262E-009
          21          35  -4.2243884836627090E-009
          21          36  -1.6971643615332205E-004
          22           1  -5.7660858168741811E-009
          22           2   2.2802390605794026E-008
          22           3  -4.3081129487309693E-008
          22           4  -6.1569012298267582E-008
          22           5   1.4451212262949039E-007
          22           6   6.1007652269786169E-008
          22           7  -2.0606823317021067E-009
          22           8  -2.1932839410347970E-009
          22           9  -1.6017349941558213E-009
          22          10   5.5101876354099795E-009
          22          11   5.9512869761036590E-009
          22          12   4.1867733909280888E-009
          22          13   1.9527767447081813E-009
          22          14   2.1138041828504560E-009
          22          15   1.4973393684250465E-009
          22          16   1.6186034119884911E-011
          22          17   2.8042675831712464E-011
          22          18   3.9708369360737704E-011
          22          19   4.3084005856406268E-010
          22          20   4.1093114910466697E-014
          22          21   4.3086240878158993E-010
          22          22   2.7912973338987793E-014
          22          23  -3.8007176845125252E-014
          22          24   4.3083640310810724E-010
          22          25  -3.6374563963088943E-009
          22          26   7.5239751202722842E-014
          22          27  -3.6374147753263095E-009
          22          28   5.0963731466494267E-014
