           1           1   2.2408181685349140     
           1           2 -0.81089193926472003     
           1           3  0.14638468568855315     
           1           4  0.18104607856227722     
           1           5   4.0410113713724008E-002
           1           6 -0.15616681065503207     
           1           7  -8.2761377076211101E-010
           1           8   7.8578752472205105E-010
           1           9   7.8052808240469027E-010
           1          10   3.6056986835489150E-009
           1          11  -1.8828766280260444E-009
           1          12  -1.3137757913780728E-009
           1          13  -2.9657795584101648E-009
           1          14   1.6610760355785355E-009
           1          15   9.7278852540388154E-010
           1          16  -4.9870289787028541E-009
           1          17   2.8772490343157365E-009
           1          18   1.7543799710359668E-009
           1          19  -2.5797931217055257E-009
           1          20   1.7060211538758505E-009
           1          21   1.0549887641227726E-009
           1          22  -4.8729542003290395E-003
           1          23  -1.3664371430722694E-011
           1          24  -4.8729542120400579E-003
           1          25   9.6914831922522233E-012
           1          26   4.9047933385991287E-011
           1          27  -4.8729542312530103E-003
           1          28  -1.2784188570691022E-002
           1          29  -5.6622741558444824E-012
           1          30  -1.2784188575447813E-002
           1          31  -1.5856877710381457E-011
           1          32   1.6332798393461612E-011
           1          33  -1.2784188586891808E-002
           1          34   2.9667238920662265E-003
           1          35  -2.7907231348541516E-011
           1          36   2.9667236485619811E-003
           1          37   7.6548943688477585E-011
           1          38  -9.5933563344192716E-011
           1          39   2.9667237195982353E-003
           1          40   2.4512233452435660E-002
           1          41   1.4903618087309647E-011
           1          42   2.4512233408913106E-002
           1          43   1.4748838628255271E-011
           1          44  -1.2448439322122177E-011
           1          45   2.4512233463636658E-002
           1          46  -6.6112896136747195E-011
           1          47  -2.4884241432983253E-011
           1          48   7.5792019570667471E-011
           1          49  -1.2878953455486764E-010
           1          50   1.1702062058590550E-011
           1          51  -8.2871042133685151E-012
           1          52  -1.8317101427322291E-011
           1          53   7.3289768934096597E-011
           1          54  -6.7776225192673845E-011
           1          55  -9.8997505047331528E-011
           2           1 -0.81089193926472003     
           2           2   2.7223803181462634     
           2           3 -0.59494305730467811     
           2           4 -0.59974722143142156     
           2           5 -0.14466408574286355     
           2           6  0.42148503648028468     
           2           7   1.2762352254932869E-009
           2           8  -1.8163847141859305E-009
           2           9  -2.1010601331766901E-009
           2          10  -7.0569988934124300E-009
           2          11   3.7879254201574923E-009
           2          12   2.9485234220403436E-009
           2          13   5.4758633111997848E-009
           2          14  -3.2748157884263564E-009
           2          15  -1.9372636435738951E-009
           2          16   9.4173899142104776E-009
           2          17  -5.8880631071900869E-009
           2          18  -3.7085543703525500E-009
           2          19   4.9534615696878743E-009
           2          20  -3.7842098017605175E-009
           2          21  -2.4343783064097091E-009
           2          22  -2.8378639498744316E-003
           2          23  -9.4882042553970368E-012
           2          24  -2.8378642629016595E-003
           2          25   2.1414956527475472E-011
           2          26  -1.9383934358994213E-010
           2          27  -2.8378640751362677E-003
           2          28   4.1097480207978737E-002
           2          29   5.0503428069872355E-012
           2          30   4.1097480122765345E-002
           2          31   6.6572640739065904E-011
           2          32  -6.8358475578850073E-011
           2          33   4.1097480196355257E-002
           2          34   1.1635835927182051E-002
           2          35   9.5286708269672487E-011
           2          36   1.1635836751453351E-002
           2          37  -2.5313347602549438E-010
           2          38   3.2002393437579953E-010
           2          39   1.1635836510790110E-002
           2          40  -5.9434938225201482E-002
           2          41  -5.0218316928189646E-011
           2          42  -5.9434938090750650E-002
           2          43  -4.7623087771074132E-011
           2          44   3.9498826994982162E-011
           2          45  -5.9434938267780707E-002
           2          46   2.0179452619523297E-010
           2          47   9.5354518333798328E-011
           2          48  -2.5186916870516229E-010
           2          49   4.5071032013535722E-010
           2          50  -3.7623800639861070E-011
           2          51   2.6978257651449573E-011
           2          52   5.8184135092349987E-011
           2          53  -2.4341626934480849E-010
           2          54   2.3406374633101643E-010
           2          55   3.1931733468053024E-010
           3           1  0.14638468568855315     
           3           2 -0.59494305730467811     
           3           3  0.85552138627954877     
           3           4  0.72758447389151448     
           3           5   8.9387979509418874E-002
           3           6 -0.71688283454812829     
           3           7  -9.5083626931029164E-009
           3           8   4.8422458044476627E-009
           3           9   3.4029671237582160E-009
           3          10   3.1386318549577723E-008
           3          11  -1.6278626450437791E-008
           3          12  -1.0953867427613816E-008
           3          13  -2.6428641687596643E-008
           3          14   1.4561041859144738E-008
           3          15   8.5690689266433065E-009
           3          16  -4.4063733217544975E-008
           3          17   2.4815038930763398E-008
           3          18   1.5035055689917464E-008
           3          19  -2.2788499029571140E-008
           3          20   1.4451991137772837E-008
           3          21   8.8397613564022631E-009
           3          22   1.3727906865973624E-002
           3          23  -1.3862793617738093E-009
           3          24   1.3727903215652319E-002
           3          25  -7.0301034400521339E-011
           3          26   3.0159148748360616E-010
           3          27   1.3727903302606780E-002
           3          28  -5.4364821970317834E-002
           3          29  -3.3336914711765994E-010
           3          30  -5.4364822873422675E-002
           3          31  -1.3081493484168109E-010
           3          32   6.9929856167102044E-011
           3          33  -5.4364822870478086E-002
           3          34  -1.8163071723262467E-002
           3          35  -1.4652267105918588E-010
           3          36  -1.8163073214312007E-002
           3          37   5.1666150994153059E-010
           3          38  -6.2298009524314102E-010
           3          39  -1.8163072761292712E-002
           3          40   8.8930577753783574E-002
           3          41   7.8303762666321065E-011
           3          42   8.8930577398538130E-002
           3          43   9.5820186158177072E-011
           3          44  -8.7785187073048432E-011
           3          45   8.8930577771364538E-002
           3          46  -6.0530287765608869E-010
           3          47  -4.5940347720781170E-011
           3          48   4.4799172013862873E-010
           3          49  -6.0147316173423803E-010
           3          50   1.4621386043453174E-010
           3          51  -5.6536037096484408E-011
           3          52  -6.4233604026982871E-011
           3          53   4.3208524049124948E-010
           3          54  -3.4026773687065856E-010
           3          55  -5.3756265406533191E-010
           4           1  0.18104607856227722     
           4           2 -0.59974722143142156     
           4           3  0.72758447389151448     
           4           4  0.64156869131515859     
           4           5   4.8089940056045069E-002
           4           6 -0.79752806608779347     
           4           7   3.2940245843507230E-008
           4           8  -1.4682975605786941E-008
           4           9  -8.1710684124317432E-009
           4          10  -1.0631024999843027E-007
           4          11   4.9273809763368562E-008
           4          12   2.8236755552490592E-008
           4          13   9.4578293767354469E-008
           4          14  -4.4906583321576259E-008
           4          15  -2.4898639944714872E-008
           4          16   1.5359419702446932E-007
           4          17  -7.2121728421874455E-008
           4          18  -3.9577800124656146E-008
           4          19   7.6805596679121540E-008
           4          20  -3.4100948305705863E-008
           4          21  -1.8531693857322672E-008
           4          22   1.0330077944623754E-002
           4          23  -2.6247699045261015E-008
           4          24   1.0330019247510060E-002
           4          25  -5.3773156756227215E-009
           4          26   3.9483488053962372E-009
           4          27   1.0330012801012438E-002
           4          28  -5.7527192661423997E-002
           4          29  -5.1272110597764762E-009
           4          30  -5.7527204255455953E-002
           4          31  -1.1557096337050532E-009
           4          32   7.5040319857124391E-010
           4          33  -5.7527205478792184E-002
           4          34  -1.5185776950438639E-002
           4          35  -4.4325132810444369E-011
           4          36  -1.5185778338740522E-002
           4          37   6.0973459143818222E-010
           4          38  -7.1459927423516044E-010
           4          39  -1.5185777809210533E-002
           4          40   9.6883455848741598E-002
           4          41  -1.4837354834088297E-010
           4          42   9.6883454909124894E-002
           4          43   5.9459526428687663E-011
           4          44  -6.8468932670367177E-011
           4          45   9.6883455275596012E-002
           4          46  -6.4887266412777013E-010
           4          47  -2.8558216760559473E-011
           4          48   5.3940503475931124E-010
           4          49  -6.3951215336822130E-010
           4          50   1.6336178964187521E-010
           4          51  -6.5094980562002894E-011
           4          52  -8.3785649994618349E-011
           4          53   5.2191097826223264E-010
           4          54  -3.6969106783272290E-010
           4          55  -6.4011153438993960E-010
           5           1   4.0410113713724008E-002
           5           2 -0.14466408574286355     
           5           3   8.9387979509418874E-002
           5           4   4.8089940056045069E-002
           5           5   6.4902616149779130E-002
           5           6  0.24777261324275671     
           5           7  -1.9017307036051214E-008
           5           8   9.9361082994923975E-009
           5           9   6.0149641879066655E-009
           5          10   6.2426575089360282E-008
           5          11  -3.2759630086722937E-008
           5          12  -1.9804372269566759E-008
           5          13  -5.5482756449650666E-008
           5          14   2.9395957662599639E-008
           5          15   1.7504796319986665E-008
           5          16  -9.0345611496160043E-008
           5          17   4.7595615563875873E-008
           5          18   2.8216464102031056E-008
           5          19  -4.5278441182955929E-008
           5          20   2.3089901019141606E-008
           5          21   1.3721958357744289E-008
           5          22   2.8786048134220358E-003
           5          23   3.4071304188601271E-009
           5          24   2.8786125125904007E-003
           5          25   5.7743488910755919E-010
           5          26  -5.9632598626415123E-010
           5          27   2.8786135543540578E-003
           5          28   1.2914760829518234E-002
           5          29   6.9616396507466379E-010
           5          30   1.2914762545444098E-002
           5          31   1.3869498271933488E-010
           5          32  -7.9871255666518549E-011
           5          33   1.2914762695659995E-002
           5          34  -2.0993404082588823E-003
           5          35   3.0327491977491084E-011
           5          36  -2.0993399420876878E-003
           5          37  -2.0424319909103030E-010
           5          38   2.3107304458307133E-010
           5          39  -2.0993400985796413E-003
           5          40  -2.6473703318227619E-002
           5          41  -8.8396918860121030E-013
           5          42  -2.6473703091326024E-002
           5          43  -3.4792539246418360E-011
           5          44   3.5933547646880039E-011
           5          45  -2.6473703238492397E-002
           5          46   2.9182076898853802E-010
           5          47  -4.8314296214246665E-011
           5          48  -1.7745947574667010E-010
           5          49   1.0564950617914706E-010
           5          50  -6.8392864682810539E-011
           5          51   2.3941925772189904E-011
           5          52   2.9307840351267514E-011
           5          53  -1.7213275739950077E-010
           5          54   8.0305836050742508E-011
           5          55   2.3090965456017713E-010
           6           1 -0.15616681065503207     
           6           2  0.42148503648028468     
           6           3 -0.71688283454812829     
           6           4 -0.79752806608779347     
           6           5  0.24777261324275671     
           6           6   2.5501127345663428     
           6           7  -1.3197023481991311E-007
           6           8   5.3617243230253113E-008
           6           9   3.0257920178781543E-008
           6          10   4.2408297056466408E-007
           6          11  -1.8480711791861305E-007
           6          12  -1.0854165435319025E-007
           6          13  -3.7397774468018184E-007
           6          14   1.7092318928731739E-007
           6          15   9.1844805519949580E-008
           6          16  -6.0815659697812649E-007
           6          17   2.7486617012370085E-007
           6          18   1.4654318214703403E-007
           6          19  -3.0419805283933237E-007
           6          20   1.3030298565874459E-007
           6          21   6.9003312767674145E-008
           6          22  -1.3438417638321730E-003
           6          23   1.2792391270096066E-007
           6          24  -1.3435536812272143E-003
           6          25   2.5674681019577483E-008
           6          26  -1.8831944233766477E-008
           6          27  -1.3435233123115019E-003
           6          28  0.15929316090615001     
           6          29   2.4925734281965644E-008
           6          30  0.15929321796980500     
           6          31   5.2717590989955539E-009
           6          32  -3.4294899652242760E-009
           6          33  0.15929322352708544     
           6          34   1.3649819580065276E-002
           6          35  -9.0804299621542807E-011
           6          36   1.3649823473774894E-002
           6          37  -2.0866889375065916E-009
           6          38   2.3711901882930663E-009
           6          39   1.3649821755844636E-002
           6          40 -0.29182294790201180     
           6          41   8.8736530928470467E-010
           6          42 -0.29182294375856810     
           6          43  -1.3831842240256345E-010
           6          44   2.0276680335611858E-010
           6          45 -0.29182294495731198     
           6          46   2.5562333883118013E-009
           6          47  -2.1862351696160054E-010
           6          48  -1.7600232863518618E-009
           6          49   1.5256526343076261E-009
           6          50  -6.2354386729927419E-010
           6          51   2.2666474513343141E-010
           6          52   2.7153672484716878E-010
           6          53  -1.7046878000194881E-009
           6          54   9.8526446255101941E-010
           6          55   2.1779348952838405E-009
           7           1  -8.2761377076211101E-010
           7           2   1.2762352254932869E-009
           7           3  -9.5083626931029164E-009
           7           4   3.2940245843507230E-008
           7           5  -1.9017307036051214E-008
           7           6  -1.3197023481991311E-007
           7           7   2.3554689088728891     
           7           8  -2.0698376992402123E-009
           7           9  -1.0112819431688791E-009
           7          10 -0.94859573389741136     
           7          11   5.9605946029633872E-009
           7          12   4.1295812932412579E-009
           7          13   4.1751254058613976E-002
           7          14  -8.3515457917349156E-010
           7          15  -1.5166553509610159E-008
           7          16  0.11636040366948489     
           7          17  -1.4411015351531442E-008
           7          18   3.3189026353575013E-008
           7          19   6.7064787037935031E-002
           7          20   8.5104719244055715E-009
           7          21  -3.1033436941746428E-008
           7          22   6.2880773715673254E-009
           7          23  -4.4400082761738860E-009
           7          24  -2.5996842194170983E-009
           7          25   4.0685889173339699E-010
           7          26  -9.3078841349855651E-009
           7          27  -1.8838123274368218E-009
           7          28   2.1966229560291770E-008
           7          29  -5.6709934538720634E-009
           7          30   2.0879489843237503E-008
           7          31   6.4865639120110872E-009
           7          32  -9.3981142270223694E-010
           7          33   1.4639790684513588E-008
           7          34   1.1026848919774191E-008
           7          35   9.6886574242408404E-009
           7          36   1.5136036868080398E-008
           7          37  -2.8079053448509643E-009
           7          38   6.8214266630294494E-009
           7          39   3.4727095754699306E-008
           7          40   3.0255514933888632E-008
           7          41  -9.4399214264041001E-009
           7          42   5.3537673218444368E-008
           7          43  -7.6784608972952698E-010
           7          44  -9.3374845372070208E-009
           7          45   3.7060456666586622E-008
           7          46   1.1725120513596005E-002
           7          47  -6.6695815420485255E-009
           7          48   5.2436245318946053E-003
           7          49   2.5221823805428653E-009
           7          50  -1.0206979710318795E-009
           7          51   7.2038716610002429E-011
           7          52  -4.6454354278453307E-009
           7          53   5.2436369335745895E-003
           7          54   6.8500118967265955E-010
           7          55   1.3544204542162712E-009
           8           1   7.8578752472205105E-010
           8           2  -1.8163847141859305E-009
           8           3   4.8422458044476627E-009
           8           4  -1.4682975605786941E-008
           8           5   9.9361082994923975E-009
           8           6   5.3617243230253113E-008
           8           7  -2.0698376992402123E-009
           8           8   2.3554689069596777     
           8           9   8.7728562934118182E-010
           8          10   6.8188554282200275E-009
           8          11 -0.94859572744873377     
           8          12  -3.3134531602849182E-009
           8          13  -2.0429841804392446E-008
           8          14   4.1751219642213580E-002
           8          15   9.6745170650655576E-009
           8          16   3.7245978790761969E-008
           8          17  0.11636048464073584     
           8          18  -1.6278636327804463E-008
           8          19  -1.4903235808633175E-008
           8          20   6.7064749634095672E-002
           8          21   1.6274032964974650E-008
           8          22  -2.8757972425687863E-009
           8          23   2.4513936799262676E-009
           8          24   1.1336576111735094E-009
           8          25  -1.0095136024130495E-009
           8          26   4.7814981807402036E-009
           8          27   1.2612346428576615E-009
           8          28  -1.1351763961926938E-008
           8          29   2.4632575397098389E-009
           8          30  -1.0677630441259613E-008
           8          31  -4.2186994880166797E-009
           8          32   5.2813086807361853E-010
           8          33  -6.7431085792989071E-009
           8          34  -1.8036251736382242E-009
           8          35  -4.8244332003725967E-009
           8          36  -3.8265568906770520E-009
           8          37   2.9588321801645792E-009
           8          38  -2.5043562498665839E-009
           8          39  -1.6784135806485983E-008
           8          40  -1.2642526073750195E-008
           8          41   4.3096790046974500E-009
           8          42  -2.1910468005202489E-008
           8          43  -5.9372367306869811E-010
           8          44   5.6753830939097281E-009
           8          45  -1.8541785817774572E-008
           8          46  -1.3819834970900856E-008
           8          47   5.2436264133453037E-003
           8          48  -1.2546773350291783E-009
           8          49   1.1725094373985997E-002
           8          50   4.2006318934729684E-010
           8          51  -2.3985057705700341E-010
           8          52   2.0448298993110047E-009
           8          53  -7.7805311730055809E-009
           8          54   5.2436217589150874E-003
           8          55  -1.5702819910660233E-009
           9           1   7.8052808240469027E-010
           9           2  -2.1010601331766901E-009
           9           3   3.4029671237582160E-009
           9           4  -8.1710684124317432E-009
           9           5   6.0149641879066655E-009
           9           6   3.0257920178781543E-008
           9           7  -1.0112819431688791E-009
           9           8   8.7728562934118182E-010
           9           9   2.3554689058407039     
           9          10   3.1974644043586409E-009
           9          11  -2.6319533687896302E-009
           9          12 -0.94859572472867826     
           9          13  -1.1714470365964402E-008
           9          14   1.2252214867669586E-011
           9          15   4.1751224578844663E-002
           9          16   2.3940229883570585E-008
           9          17   8.9498833743401063E-009
           9          18  0.11636046254976319     
           9          19  -7.6202739509104167E-009
           9          20  -6.2997396726299781E-009
           9          21   6.7064766017285823E-002
           9          22  -4.8648950096019548E-010
           9          23   8.3864102507328771E-010
           9          24   2.9013776944016466E-010
           9          25  -2.5634859732969867E-010
           9          26   2.7504129197662388E-009
           9          27  -3.6331033039538430E-010
           9          28  -6.6488649847771856E-009
           9          29   9.0159896418176773E-010
           9          30  -6.3330174216088313E-009
           9          31  -2.4288413963256551E-009
           9          32  -1.1327737046629090E-010
           9          33  -4.1281073545825807E-009
           9          34  -3.9708550358285288E-010
           9          35  -2.3289488609700295E-009
           9          36  -3.5331581338786226E-009
           9          37   1.2130907605689394E-009
           9          38  -4.5549719923771591E-010
           9          39  -8.7774301081447342E-009
           9          40  -6.5953097492047618E-009
           9          41   2.6792733824455274E-009
           9          42  -1.3908659355567331E-008
           9          43  -1.1484863661482639E-009
           9          44   4.1572064994793660E-009
           9          45  -9.9789757019373729E-009
           9          46  -8.6895070751391996E-009
           9          47   2.5331256515872584E-009
           9          48  -6.2138127404395268E-010
           9          49  -2.5143309807231992E-009
           9          50   5.2436226249489917E-003
           9          51  -1.1144396540087847E-010
           9          52   5.2436236190740206E-003
           9          53  -5.0571014511380982E-009
           9          54  -7.3007522952368218E-010
           9          55   1.1725095625402556E-002
          10           1   3.6056986835489150E-009
          10           2  -7.0569988934124300E-009
          10           3   3.1386318549577723E-008
          10           4  -1.0631024999843027E-007
          10           5   6.2426575089360282E-008
          10           6   4.2408297056466408E-007
          10           7 -0.94859573389741136     
          10           8   6.8188554282200275E-009
          10           9   3.1974644043586409E-009
          10          10   2.5539012843127677     
          10          11  -1.9669062739646748E-008
          10          12  -1.3137661097895048E-008
          10          13 -0.19137856516981677     
          10          14   2.3751804689720046E-009
          10          15   4.9357792551024682E-008
          10          16 -0.42657327872934081     
          10          17   4.9921016868903489E-008
          10          18  -1.0714960186480882E-007
          10          19 -0.21444854305382177     
          10          20  -2.8816264690395554E-008
          10          21   1.0079062831222507E-007
          10          22  -1.9751870455458154E-008
          10          23   1.3915121993669962E-008
          10          24   7.8626201809922055E-009
          10          25  -1.4318921200127221E-009
          10          26   3.0323849466293704E-008
          10          27   5.1698444939891682E-009
          10          28  -7.1440792820482551E-008
          10          29   1.7615657997049636E-008
          10          30  -6.8104164587460109E-008
          10          31  -2.1477786653895850E-008
          10          32   3.1579598130530967E-009
          10          33  -4.7566985642071981E-008
          10          34  -3.4972206421734988E-008
          10          35  -3.1612617742674266E-008
          10          36  -4.8409373844404171E-008
          10          37   9.1398714954533619E-009
          10          38  -2.2555524971380468E-008
          10          39  -1.1256511603286483E-007
          10          40  -9.6929480974599194E-008
          10          41   3.0779427390046815E-008
          10          42  -1.7360283191372101E-007
          10          43   2.8496814072735787E-009
          10          44   3.0330613455318366E-008
          10          45  -1.1915864572753495E-007
          10          46  -3.1359007971041757E-003
          10          47   2.1394980677973133E-008
          10          48  -1.4023885402540039E-003
          10          49  -1.0731654086862814E-008
          10          50   2.8045418281573013E-009
          10          51  -5.6545554578130635E-010
          10          52   1.3916973038978378E-008
          10          53  -1.4024291516143736E-003
          10          54  -2.6566291958315816E-009
          10          55  -5.0412823225454769E-009
          11           1  -1.8828766280260444E-009
          11           2   3.7879254201574923E-009
          11           3  -1.6278626450437791E-008
          11           4   4.9273809763368562E-008
          11           5  -3.2759630086722937E-008
          11           6  -1.8480711791861305E-007
          11           7   5.9605946029633872E-009
          11           8 -0.94859572744873377     
          11           9  -2.6319533687896302E-009
          11          10  -1.9669062739646748E-008
          11          11   2.5539012620730825     
          11          12   1.0005877331548119E-008
          11          13   6.5302817868484464E-008
          11          14 -0.19137845173941553     
          11          15  -3.1135317820479846E-008
          11          16  -1.2905478565666817E-007
          11          17 -0.42657353709587120     
          11          18   5.6383962200590165E-008
          11          19   4.8131592468581008E-008
          11          20 -0.21444842082595869     
          11          21  -5.2822936726093506E-008
          11          22   8.4721320987377063E-009
          11          23  -7.2659801269160284E-009
          11          24  -2.7715316188641760E-009
          11          25   3.2035467667218403E-009
          11          26  -1.5858969132738927E-008
          11          27  -3.1348098161627582E-009
          11          28   3.7687640318828248E-008
          11          29  -8.0486470242681902E-009
          11          30   3.4923623431015645E-008
          11          31   1.3812973717668695E-008
          11          32  -1.9906827438706620E-009
          11          33   2.2962079266610528E-008
          11          34   7.4665177624232148E-009
          11          35   1.5582788296890633E-008
          11          36   1.4824188343333631E-008
          11          37  -9.6802106402880838E-009
          11          38   8.3452432661238167E-009
          11          39   5.6652900074019489E-008
          11          40   4.3301081659896093E-008
          11          41  -1.3979468412168217E-008
          11          42   7.3936875121870815E-008
          11          43   1.8861978038242720E-009
          11          44  -1.8750149325751213E-008
          11          45   6.3333742086589207E-008
          11          46   4.6957886565073096E-008
          11          47  -1.4023961473009520E-003
          11          48   4.7001357988396271E-009
          11          49  -3.1358181076145174E-003
          11          50  -1.7555229372766241E-009
          11          51   6.9919479313863135E-010
          11          52  -7.5808669899422125E-009
          11          53   2.6425540636537822E-008
          11          54  -1.4023807419152302E-003
          11          55   4.1330644260619882E-009
          12           1  -1.3137757913780728E-009
          12           2   2.9485234220403436E-009
          12           3  -1.0953867427613816E-008
          12           4   2.8236755552490592E-008
          12           5  -1.9804372269566759E-008
          12           6  -1.0854165435319025E-007
          12           7   4.1295812932412579E-009
          12           8  -3.3134531602849182E-009
          12           9 -0.94859572472867826     
          12          10  -1.3137661097895048E-008
          12          11   1.0005877331548119E-008
          12          12   2.5539012560000671     
          12          13   4.1734516672414790E-008
          12          14  -1.5579649723096445E-009
          12          15 -0.19137847070809919     
          12          16  -8.0280106527774731E-008
          12          17  -3.0118330683615024E-008
          12          18 -0.42657346551249442     
          12          19   2.8594965988809617E-008
          12          20   1.9124804611497792E-008
          12          21 -0.21444847726890426     
          12          22   3.2106045472732730E-009
          12          23  -3.3479894247263210E-009
          12          24  -1.7141732828839495E-009
          12          25   8.9097367257516430E-010
          12          26  -9.2502546433934104E-009
          12          27   8.7150531209005257E-010
          12          28   2.2618005529516231E-008
          12          29  -3.8377106205749148E-009
          12          30   2.1231919172530710E-008
          12          31   8.5018807956551402E-009
          12          32  -3.1568469013791406E-010
          12          33   1.3633081440338738E-008
          12          34   2.6854235145338453E-009
          12          35   7.6650349477350817E-009
          12          36   1.2884201752981581E-008
          12          37  -4.6698405293303979E-009
          12          38   1.7879775022395579E-009
          12          39   3.0825948466809232E-008
          12          40   2.3966757680373343E-008
          12          41  -8.7755319921889699E-009
          12          42   4.8078898323193922E-008
          12          43   4.2353269068031068E-009
          12          44  -1.4099732861576661E-008
          12          45   3.5251267194089022E-008
          12          46   3.1296074654810647E-008
          12          47  -8.4922495286825466E-009
          12          48   3.3626700977545330E-009
          12          49   6.5713425887180569E-009
          12          50  -1.4023843295821968E-003
          12          51   1.6200941771184435E-010
          12          52  -1.4023884105241172E-003
          12          53   1.7979764990467333E-008
          12          54   2.1173307265665692E-009
          12          55  -3.1358231033635788E-003
          13           1  -2.9657795584101648E-009
          13           2   5.4758633111997848E-009
          13           3  -2.6428641687596643E-008
          13           4   9.4578293767354469E-008
          13           5  -5.5482756449650666E-008
          13           6  -3.7397774468018184E-007
          13           7   4.1751254058613976E-002
          13           8  -2.0429841804392446E-008
          13           9  -1.1714470365964402E-008
          13          10 -0.19137856516981677     
          13          11   6.5302817868484464E-008
          13          12   4.1734516672414790E-008
          13          13  0.23515683874613774     
          13          14  -4.4272617256285729E-008
          13          15  -7.1078431508608819E-008
          13          16  0.38055949853342530     
          13          17  -1.1585001873787304E-007
          13          18   5.1110771961959678E-008
          13          19  0.19194464681473566     
          13          20  -8.9787048802858482E-009
          13          21  -1.1161879508864159E-007
          13          22   1.3513243330544329E-008
          13          23  -9.5701059167687490E-009
          13          24  -5.6111940165318253E-009
          13          25   2.3853942975129536E-009
          13          26  -2.6921593779801994E-008
          13          27  -2.2239988142609968E-009
          13          28   6.2235422199125862E-008
          13          29  -1.4445993798521630E-008
          13          30   6.0155091507005557E-008
          13          31   1.9390154853542412E-008
          13          32  -2.8908474834327252E-009
          13          33   4.2706777085719038E-008
          13          34   3.0375643726998203E-008
          13          35   2.7597397817796960E-008
          13          36   4.2351023861377348E-008
          13          37  -8.4984756027072501E-009
          13          38   1.9954596316694521E-008
          13          39   9.9527453390462631E-008
          13          40   8.5319584598255637E-008
          13          41  -2.7207795042986107E-008
          13          42   1.5377525104442894E-007
          13          43  -2.1987382878257812E-009
          13          44  -2.6887952779602253E-008
          13          45   1.0513498325500499E-007
          13          46   1.3715439305315834E-005
          13          47  -1.8770820693483832E-008
          13          48   6.1084539342630258E-006
          13          49   1.0091069533439982E-008
          13          50  -2.2752356039912601E-009
          13          51   7.4552154532842863E-010
          13          52  -1.2133535986524506E-008
          13          53   6.1441403491916648E-006
          13          54   2.6136466825310350E-009
          13          55   5.1005264434562264E-009
          14           1   1.6610760355785355E-009
          14           2  -3.2748157884263564E-009
          14           3   1.4561041859144738E-008
          14           4  -4.4906583321576259E-008
          14           5   2.9395957662599639E-008
          14           6   1.7092318928731739E-007
          14           7  -8.3515457917349156E-010
          14           8   4.1751219642213580E-002
          14           9   1.2252214867669586E-011
          14          10   2.3751804689720046E-009
          14          11 -0.19137845173941553     
          14          12  -1.5579649723096445E-009
          14          13  -4.4272617256285729E-008
          14          14  0.23515665395693830     
          14          15   2.0598771122842807E-008
          14          16   1.3869348816641924E-007
          14          17  0.38055959438833631     
          14          18  -6.0398949203177565E-008
          14          19  -3.2103711827824455E-008
          14          20  0.19194446797058365     
          14          21   4.0689798450760373E-008
          14          22  -2.3526953252645809E-009
          14          23   2.8090947139664298E-009
          14          24  -4.9039957503505152E-010
          14          25  -2.6880650795300673E-009
          14          26   1.4652563190564718E-008
          14          27  -2.7004137009472478E-010
          14          28  -3.2676143343894143E-008
          14          29   5.8970325041527654E-009
          14          30  -3.0680505911721111E-008
          14          31  -1.1958500994418238E-008
          14          32   1.4480828272731011E-009
          14          33  -2.1412544131611713E-008
          14          34  -7.7259091367673427E-009
          14          35  -1.3329953435784383E-008
          14          36  -1.5417654087823978E-008
          14          37   8.1443379030149395E-009
          14          38  -7.1504587043399314E-009
          14          39  -5.1224441541066185E-008
          14          40  -3.9249931051613892E-008
          14          41   1.2229291830231236E-008
          14          42  -6.6925841455958092E-008
          14          43  -1.3282567509435440E-009
          14          44   1.6339734113088657E-008
          14          45  -5.8024272205732423E-008
          14          46  -4.2233710856390001E-008
          14          47   6.1144861337403289E-006
          14          48  -4.3148357849909929E-009
          14          49   1.3640222482884913E-005
          14          50   1.3976334041226906E-009
          14          51  -6.9768396786919786E-010
          14          52   6.8328352831125862E-009
          14          53  -2.3993188196940628E-008
          14          54   6.1002513168688041E-006
          14          55  -3.5116494580765388E-009
          15           1   9.7278852540388154E-010
          15           2  -1.9372636435738951E-009
          15           3   8.5690689266433065E-009
          15           4  -2.4898639944714872E-008
          15           5   1.7504796319986665E-008
          15           6   9.1844805519949580E-008
          15           7  -1.5166553509610159E-008
          15           8   9.6745170650655576E-009
          15           9   4.1751224578844663E-002
          15          10   4.9357792551024682E-008
          15          11  -3.1135317820479846E-008
          15          12 -0.19137847070809919     
          15          13  -7.1078431508608819E-008
          15          14   2.0598771122842807E-008
