           1           1   2.6208350440766992     
           1           2  -1.3422233370553083     
           1           3 -0.58278038810254662     
           1           4  -6.3778885213133965     
           1           5  -1.6768956252610967     
           1           6   2.6436791447335244     
           1           7  -4.1575981019029199E-013
           1           8   1.3620061549696307E-013
           1           9  -2.5764018417856571E-013
           1          10   4.1528887564014373E-014
           1          11   4.2692784672941244E-015
           1          12   7.8718077083384999E-014
           1          13   2.4787610981516256E-014
           1          14  -4.8923424626129525E-014
           1          15  -6.3670266574255345E-014
           1          16  -6.1123460711793465E-014
           1          17  -3.3230856864245846E-014
           1          18  -7.4851038112595209E-014
           1          19   2.0528949343360691E-014
           1          20   1.1050735269636071E-015
           1          21   9.9714039623900059E-015
           1          22   3.2436926160141821     
           1          23   3.8727546279090698E-014
           1          24   3.2436926160142274     
           1          25  -4.7994360674809122E-014
           1          26   2.5960747172152906E-014
           1          27   3.2436926160142052     
           1          28  0.49087618674155015     
           1          29  -2.7219244368049524E-014
           1          30  0.49087618674147232     
           1          31   9.7047781791187669E-014
           1          32  -5.7078523497212594E-014
           1          33  0.49087618674143396     
           1          34 -0.31423559709197801     
           1          35   3.3962139674011979E-014
           1          36 -0.31423559709193766     
           1          37  -9.5599045204168454E-014
           1          38   5.9050759993371587E-014
           1          39 -0.31423559709187282     
           1          40 -0.59763405970505201     
           1          41  -1.1931192747095205E-014
           1          42 -0.59763405970506178     
           1          43   3.0469295035806576E-014
           1          44  -2.0804768442037934E-014
           1          45 -0.59763405970508898     
           1          46   2.5267021886258594E-014
           1          47   2.2261940065378746E-014
           1          48   1.5650714287708994E-014
           1          49   2.4817773415173353E-014
           1          50   2.9038872887991183E-014
           1          51  -5.5282587527970253E-015
           1          52   2.9434147108386104E-014
           1          53   8.3850100811296553E-015
           1          54   9.1696334756448047E-015
           1          55   6.1610237919573621E-014
           2           1  -1.3422233370553083     
           2           2   4.0314107944987345     
           2           3   2.2862229772071481     
           2           4   6.3805084783945771     
           2           5   1.5712370736736119     
           2           6  -1.9452939103141069     
           2           7   1.3342679005038987E-012
           2           8  -1.9082254805284692E-013
           2           9   8.4572856915705046E-013
           2          10  -9.1621817036116084E-014
           2          11  -2.4319292226202861E-013
           2          12  -1.9421238360835190E-013
           2          13  -4.1068906857809800E-015
           2          14   2.6084124429101009E-013
           2          15   8.4469858846566982E-014
           2          16   1.2162684746237049E-013
           2          17   3.1972592667437013E-013
           2          18   1.4591448986746477E-013
           2          19  -2.5904771874092392E-014
           2          20  -4.4918482519452305E-014
           2          21  -1.7247405398972760E-014
           2          22  -4.6367800356541009     
           2          23  -1.7453634188059748E-013
           2          24  -4.6367800356541027     
           2          25   9.2985899977107177E-014
           2          26   6.1428937539043757E-014
           2          27  -4.6367800356540521     
           2          28 -0.46303324848529831     
           2          29   9.1777018062554305E-014
           2          30 -0.46303324848526728     
           2          31  -9.9929666644487426E-014
           2          32  -3.1630869326556108E-015
           2          33 -0.46303324848523486     
           2          34  0.17778111948214009     
           2          35  -6.7272479648010525E-014
           2          36  0.17778111948208591     
           2          37   1.2224736096557875E-013
           2          38  -1.9748575892964922E-015
           2          39  0.17778111948203484     
           2          40  0.43899346012741403     
           2          41   1.3831381355424703E-014
           2          42  0.43899346012743379     
           2          43  -5.1422104696916178E-014
           2          44   6.5775445932688897E-015
           2          45  0.43899346012745666     
           2          46  -6.2888374912945053E-014
           2          47  -1.1542308900699210E-013
           2          48  -3.9279368116888958E-014
           2          49  -2.5614430562712706E-013
           2          50  -4.5221920210619680E-014
           2          51  -1.6476379395079826E-015
           2          52  -5.0993718138715156E-014
           2          53  -3.6001517673351470E-014
           2          54  -1.1228101666733318E-013
           2          55  -1.1128434737668147E-013
           3           1 -0.58278038810254662     
           3           2   2.2862229772071481     
           3           3   2.1024719643890935     
           3           4  -4.9268395652340979     
           3           5  -1.4126884939179021     
           3           6   3.3507121743252317     
           3           7   6.3122129584409552E-013
           3           8   5.9769804008279760E-013
           3           9   5.1160446531026799E-013
           3          10   1.9815790977005699E-013
           3          11  -1.0851226998537999E-012
           3          12  -1.9815793488957779E-013
           3          13  -2.5935374431331302E-013
           3          14   1.1722518395000450E-012
           3          15   1.2290212702088163E-013
           3          16  -3.3699679135695886E-013
           3          17   1.4880185031440569E-012
           3          18   2.1584918126323733E-013
           3          19   5.3274164749161888E-014
           3          20  -2.1573845515966681E-013
           3          21  -2.9073711488086673E-014
           3          22  0.61347618398313797     
           3          23  -7.1905543143091593E-013
           3          24  0.61347618398302695     
           3          25   3.5595583701356141E-013
           3          26   1.9544783918295010E-013
           3          27  0.61347618398317438     
           3          28  0.41254135591208652     
           3          29   3.5450689188371665E-013
           3          30  0.41254135591204760     
           3          31  -9.1319278845126744E-014
           3          32  -1.5188115829339074E-013
           3          33  0.41254135591199237     
           3          34 -0.50722251155006826     
           3          35  -2.2781172504745328E-013
           3          36 -0.50722251155008524     
           3          37   7.1825434122414044E-014
           3          38   1.3527984142197988E-013
           3          39 -0.50722251155003140     
           3          40 -0.76020322545236296     
           3          41   4.0578363762618154E-014
           3          42 -0.76020322545236707     
           3          43  -3.2637020378833916E-014
           3          44  -3.2420727202206587E-014
           3          45 -0.76020322545237962     
           3          46   2.7286580356924327E-013
           3          47  -5.2456878197846173E-013
           3          48   1.1955208130902686E-013
           3          49  -1.1936592970107530E-012
           3          50  -7.0325589605593656E-014
           3          51  -1.5025714289061925E-014
           3          52  -7.2095018187714732E-014
           3          53   1.0162091838405732E-013
           3          54  -5.4642301973723081E-013
           3          55  -1.5585228615234057E-013
           4           1  -6.3778885213133965     
           4           2   6.3805084783945771     
           4           3  -4.9268395652340979     
           4           4   103.34502665051285     
           4           5   27.624313723116590     
           4           6  -51.489130064593937     
           4           7   1.5858223755706037E-012
           4           8  -2.3980445669687107E-012
           4           9   1.0378791434666257E-012
           4          10  -1.1832291813008637E-012
           4          11   2.2522282812938624E-012
           4          12  -8.9114719150213243E-013
           4          13   6.5552906815555683E-013
           4          14  -1.6308917092129191E-012
           4          15   8.9381565249596069E-013
           4          16   1.9334050321301065E-012
           4          17  -2.3089675227100415E-012
           4          18   7.6923922793800288E-013
           4          19  -4.0431144597234748E-013
           4          20   3.8409441716547849E-013
           4          21  -9.9606111522754132E-014
           4          22  -42.925116507371492     
           4          23  -4.0099320434120730E-013
           4          24  -42.925116507373538     
           4          25   1.1447350154603247E-012
           4          26  -1.4072168121221601E-012
           4          27  -42.925116507372763     
           4          28  -8.0991265225239992     
           4          29   2.8196676912318595E-013
           4          30  -8.0991265225217415     
           4          31  -1.9191509672482083E-012
           4          32   1.5076877039309748E-012
           4          33  -8.0991265225218445     
           4          34   6.8758371818869648     
           4          35  -4.3515515605493211E-013
           4          36   6.8758371818856325     
           4          37   1.6581723052663242E-012
           4          38  -1.4050202566554093E-012
           4          39   6.8758371818852977     
           4          40   11.663043363827018     
           4          41   2.6713125524430030E-013
           4          42   11.663043363827486     
           4          43  -4.2276888402566819E-013
           4          44   3.8710366244527293E-013
           4          45   11.663043363827640     
           4          46  -1.3105173063195981E-012
           4          47   7.2319910558257054E-013
           4          48  -6.4517742296642535E-013
           4          49   1.8717009011008412E-012
           4          50  -2.9933744209863776E-013
           4          51   1.4937719672222994E-013
           4          52  -3.2390564183061119E-013
           4          53  -4.2907149045274763E-013
           4          54   9.8475516378668870E-013
           4          55  -7.5245257883221536E-013
           5           1  -1.6768956252610967     
           5           2   1.5712370736736119     
           5           3  -1.4126884939179021     
           5           4   27.624313723116590     
           5           5   7.3916704309396284     
           5           6  -13.792020491420763     
           5           7   2.2824143155991910E-013
           5           8  -5.4280589950011517E-014
           5           9   2.7697565724212187E-013
           5          10   2.4011960895823882E-013
           5          11  -2.5160712202764484E-013
           5          12  -2.9439229424375148E-013
           5          13  -6.0713409965083901E-013
           5          14   6.3536768742178794E-013
           5          15   3.6385824178903166E-013
           5          16  -4.3320238967313355E-013
           5          17   7.1679531024403397E-013
           5          18   3.4827184960318903E-013
           5          19   2.5265068259771871E-014
           5          20  -8.5607262974385883E-014
           5          21  -4.6655463046914381E-014
           5          22  -11.370045913290829     
           5          23  -1.8258576991430411E-013
           5          24  -11.370045913291037     
           5          25   2.2656667226005589E-013
           5          26  -1.4222492374425434E-013
           5          27  -11.370045913290882     
           5          28  -2.1667314061376701     
           5          29   1.1299577440542269E-013
           5          30  -2.1667314061372318     
           5          31  -4.7565144195348743E-013
           5          32   2.8772874390935668E-013
           5          33  -2.1667314061372371     
           5          34   1.8432632349168716     
           5          35  -1.4350259698038208E-013
           5          36   1.8432632349166325     
           5          37   4.1568588829875947E-013
           5          38  -2.9632594462104652E-013
           5          39   1.8432632349165283     
           5          40   3.1240442509011057     
           5          41   7.9099021784466298E-014
           5          42   3.1240442509012007     
           5          43  -1.0509629729359049E-013
           5          44   8.3042685976853055E-014
           5          45   3.1240442509012460     
           5          46   4.1547531604465197E-013
           5          47  -2.8547234044358979E-013
           5          48   1.7054668768526384E-013
           5          49  -5.6937045577427410E-013
           5          50  -1.3249033329422039E-013
           5          51   4.0548415931465881E-014
           5          52  -1.3843405780403116E-013
           5          53   2.2895866065669778E-013
           5          54  -2.1458644277278472E-013
           5          55  -3.1819218106219449E-013
           6           1   2.6436791447335244     
           6           2  -1.9452939103141069     
           6           3   3.3507121743252317     
           6           4  -51.489130064593937     
           6           5  -13.792020491420763     
           6           6   26.189441315725599     
           6           7  -1.7792242396123977E-012
           6           8   9.7859290868007193E-012
           6           9   5.3023795049432160E-014
           6          10   5.4815607103474159E-012
           6          11  -1.2961196834114879E-011
           6          12  -5.0794507701013901E-013
           6          13  -6.6656038233968472E-012
           6          14   1.4062035063862497E-011
           6          15   1.1135235441500205E-012
           6          16  -8.7103525978073944E-012
           6          17   1.7933996972304455E-011
           6          18   1.4841022048048221E-012
           6          19   1.2910839250543660E-012
           6          20  -2.5716344506500773E-012
           6          21  -2.1131563046524905E-013
           6          22   20.888955820254388     
           6          23  -1.5210055681025380E-012
           6          24   20.888955820260293     
           6          25  -1.3496357818954249E-012
           6          26   4.3835964046382282E-012
           6          27   20.888955820259085     
           6          28   4.0449671434461640     
           6          29   7.1742334733061859E-013
           6          30   4.0449671434425989     
           6          31   1.3479479158621311E-012
           6          32  -2.5909724113469429E-012
           6          33   4.0449671434430723     
           6          34  -3.5358667090877773     
           6          35  -3.8088256971008705E-013
           6          36  -3.5358667090854237     
           6          37  -1.0899937798088006E-012
           6          38   1.9856451211385466E-012
           6          39  -3.5358667090855529     
           6          40  -5.9335827918003199     
           6          41   1.5603710425641859E-014
           6          42  -5.9335827918009798     
           6          43   2.7160538084621343E-013
           6          44  -5.1799405009859162E-013
           6          45  -5.9335827918009816     
           6          46   6.8958043957721941E-012
           6          47  -6.3580494349299264E-012
           6          48   3.1124571194264023E-012
           6          49  -1.4344998495292204E-011
           6          50  -5.2637510834189678E-013
           6          51  -7.6877745145499921E-014
           6          52  -5.1259718458386669E-013
           6          53   3.0027228057222581E-012
           6          54  -6.4898063731927999E-012
           6          55  -1.1358972815979875E-012
           7           1  -4.1575981019029199E-013
           7           2   1.3342679005038987E-012
           7           3   6.3122129584409552E-013
           7           4   1.5858223755706037E-012
           7           5   2.2824143155991910E-013
           7           6  -1.7792242396123977E-012
           7           7   2.4928633621991660     
           7           8  -1.4137996329210978E-014
           7           9  -1.9726408007070262E-014
           7          10  -1.4693701203733971     
           7          11   3.8719027983802334E-015
           7          12   8.5610338262931407E-014
           7          13  0.85384219925732707     
           7          14   5.1708637371916666E-014
           7          15  -6.5551730710211586E-014
           7          16   1.2935673720772147     
           7          17   3.3306690738754696E-016
           7          18  -7.2858385991025898E-014
           7          19 -0.18882167478563755     
           7          20  -1.3020834410681914E-014
           7          21  -1.8879862950793580E-014
           7          22  -7.7891906780624048E-013
           7          23   2.2741107610173137E-013
           7          24  -1.0631278769992668E-012
           7          25   8.9020276060991661E-015
           7          26   4.7677530101563211E-015
           7          27  -8.2028474845642022E-013
           7          28  -6.3832696900048066E-013
           7          29  -1.4470553087631696E-013
           7          30   7.4997647081892470E-013
           7          31  -9.6740905202516467E-015
           7          32  -4.6663001731136501E-013
           7          33  -6.0307726401949562E-014
           7          34   6.9104628726482226E-013
           7          35   1.6810475091469697E-013
           7          36  -1.0458962416115989E-013
           7          37  -5.8777555494549657E-014
           7          38   3.0559974444034415E-013
           7          39   3.1623087625745777E-013
           7          40   2.9338841006246894E-013
           7          41  -3.5849059938087140E-014
           7          42   4.9191508058902127E-013
           7          43   2.9779915287844726E-014
           7          44  -7.4064321734587275E-014
           7          45   4.1019038699265623E-013
           7          46 -0.99758049245295788     
           7          47  -3.1613600626201332E-014
           7          48 -0.44613155883053240     
           7          49  -5.3235194030776256E-014
           7          50   8.6448209701828205E-014
           7          51   2.0771053199152794E-014
           7          52   2.0199120154273942E-014
           7          53 -0.44613155883045730     
           7          54   4.7406523151494184E-014
           7          55   2.2506302377323095E-014
           8           1   1.3620061549696307E-013
           8           2  -1.9082254805284692E-013
           8           3   5.9769804008279760E-013
           8           4  -2.3980445669687107E-012
           8           5  -5.4280589950011517E-014
           8           6   9.7859290868007193E-012
           8           7  -1.4137996329210978E-014
           8           8   2.4928633621991825     
           8           9   1.4900407296902785E-014
           8          10   4.9543702473897611E-014
           8          11  -1.4693701203734824     
           8          12  -5.6409737991813813E-014
           8          13  -7.8714812445923599E-014
           8          14  0.85384219925740668     
           8          15   6.1659011230119631E-014
           8          16  -2.8921309791485328E-013
           8          17   1.2935673720776515     
           8          18   3.3292812950946882E-014
           8          19  -2.5951463200613034E-015
           8          20 -0.18882167478576134     
           8          21   8.3318768551166045E-015
           8          22  -2.9901584700971634E-013
           8          23   2.0513805649581626E-013
           8          24   1.8245022877605100E-013
           8          25   2.0777136446214355E-014
           8          26  -1.6644580652793204E-013
           8          27  -2.3583206408427089E-013
           8          28   7.5747305259201684E-013
           8          29  -9.4721762033692209E-014
           8          30  -1.7115194720830215E-012
           8          31   2.6722082461291718E-014
           8          32   8.0952523510191511E-013
           8          33  -1.7995133219523345E-013
           8          34  -2.5187401720531852E-012
           8          35  -2.4361173048725142E-014
           8          36  -9.9249671415389834E-013
           8          37   7.0734840898374254E-014
           8          38  -5.2710025998469461E-013
           8          39  -1.9086895505973764E-012
           8          40  -2.0846206229069027E-012
           8          41  -3.1158453184818336E-015
           8          42  -2.5132119128900737E-012
           8          43  -2.9054037906154411E-014
           8          44   1.3857326569938466E-013
           8          45  -2.2618356207996325E-012
           8          46   2.1896373603169650E-013
           8          47 -0.44613155883056721     
           8          48   1.6479873021779667E-013
           8          49 -0.99758049245314129     
           8          50  -1.0289338825408834E-013
           8          51  -2.9349109188303463E-014
           8          52   2.4265311981963578E-014
           8          53  -3.7192471324942744E-015
           8          54 -0.44613155883066874     
           8          55   1.1046719095020308E-014
           9           1  -2.5764018417856571E-013
           9           2   8.4572856915705046E-013
           9           3   5.1160446531026799E-013
           9           4   1.0378791434666257E-012
           9           5   2.7697565724212187E-013
           9           6   5.3023795049432160E-014
           9           7  -1.9726408007070262E-014
           9           8   1.4900407296902785E-014
           9           9   2.4928633621991358     
           9          10  -8.4810630740506099E-015
           9          11  -4.8121229223596629E-015
           9          12  -1.4693701203733445     
           9          13   6.8521577301083880E-015
           9          14  -2.0587698212892747E-014
           9          15  0.85384219925729765     
           9          16   6.7851974039356833E-014
           9          17   4.3964831775156199E-014
           9          18   1.2935673720770395     
           9          19  -1.4540452175637597E-014
           9          20  -6.4323546489220007E-015
           9          21 -0.18882167478566636     
           9          22  -7.4406044573232240E-013
           9          23   4.8663328940045698E-014
           9          24  -8.2562204192288731E-013
           9          25   1.0695597164855176E-014
           9          26   3.4230940129459361E-014
           9          27  -7.4677324171887034E-013
           9          28   5.2513237327636009E-014
           9          29  -4.5704736275915836E-014
           9          30  -2.5355558122053129E-013
           9          31   8.4924919810727638E-015
           9          32   7.0080991068363249E-014
           9          33  -8.4028619312111440E-014
           9          34  -1.3801586139813170E-013
           9          35   1.9652432656854819E-014
           9          36   7.1363254089847969E-014
           9          37  -3.9288351834908786E-015
           9          38  -3.4737819905753418E-014
           9          39  -5.6278308172283425E-014
           9          40   1.2656178042114843E-014
           9          41  -6.3477225947259845E-015
           9          42  -5.6454528178928851E-014
           9          43   4.4145574393455233E-015
           9          44   9.9812661762784711E-015
           9          45  -1.0515717396201646E-014
           9          46  -4.7781223422305175E-014
           9          47  -2.5916768731093498E-015
           9          48   4.6074255521943996E-015
           9          49  -1.6132928326584306E-014
           9          50 -0.44613155883045646     
           9          51  -6.9441452392455633E-016
           9          52 -0.44613155883042754     
           9          53  -3.4371810953004456E-014
           9          54  -1.7614382175068499E-014
           9          55 -0.99758049245281211     
          10           1   4.1528887564014373E-014
          10           2  -9.1621817036116084E-014
          10           3   1.9815790977005699E-013
          10           4  -1.1832291813008637E-012
          10           5   2.4011960895823882E-013
          10           6   5.4815607103474159E-012
          10           7  -1.4693701203733971     
          10           8   4.9543702473897611E-014
          10           9  -8.4810630740506099E-015
          10          10   4.5022968997084840     
          10          11   1.1102230246251565E-014
          10          12   7.5404960053759851E-014
          10          13  -3.2679686325905770     
          10          14  -4.4142467459096224E-013
          10          15  -6.7112981838590713E-014
          10          16  -4.3990186490302925     
          10          17   8.9173113337892573E-013
          10          18  -4.1458503297064908E-013
          10          19  0.63011438591002578     
          10          20  -1.6858736628933002E-013
          10          21   4.3173797870110775E-014
          10          22  -5.5506110111552433E-013
          10          23  -7.2553838707408381E-013
          10          24   5.9724032608682785E-013
          10          25  -1.7202477573536007E-013
          10          26  -1.5136910957812240E-013
          10          27  -3.5873186657107000E-013
          10          28   3.0621822759982510E-012
          10          29   1.9304262916342679E-013
          10          30  -4.2813700740688737E-012
          10          31   1.1628632393039057E-013
          10          32   2.3300255697502092E-012
          10          33   4.2930533027024859E-013
          10          34  -3.0719430773990799E-012
          10          35  -3.4139628845382974E-013
          10          36   1.3290618177840278E-012
          10          37   2.0614418509691942E-013
          10          38  -1.4474277226379709E-012
          10          39  -1.4820807591600625E-012
          10          40  -7.0418250010317893E-013
          10          41   5.2103049890349338E-014
          10          42  -1.9146495319578126E-012
          10          43  -5.9300134997284935E-014
          10          44   3.8498698455640790E-013
          10          45  -1.1151284302503765E-012
          10          46   3.4733157498349998     
          10          47  -4.5186077102243871E-014
          10          48   1.5533140247905353     
          10          49  -2.8721469647052800E-013
          10          50  -9.1877894181635611E-014
          10          51  -9.5912247941087480E-014
          10          52   2.7402385915920036E-013
          10          53   1.5533140247900459     
          10          54  -2.8638202920205913E-013
          10          55   3.7875258485087215E-013
          11           1   4.2692784672941244E-015
          11           2  -2.4319292226202861E-013
          11           3  -1.0851226998537999E-012
          11           4   2.2522282812938624E-012
          11           5  -2.5160712202764484E-013
          11           6  -1.2961196834114879E-011
          11           7   3.8719027983802334E-015
          11           8  -1.4693701203734824     
          11           9  -4.8121229223596629E-015
          11          10   1.1102230246251565E-014
          11          11   4.5022968997088340     
          11          12  -8.0629947163401994E-014
          11          13   2.9964919434632975E-013
          11          14  -3.2679686325905672     
          11          15   1.0547118733938987E-014
          11          16  -5.7620574978045624E-013
          11          17  -4.3990186490332857     
          11          18   5.5144777633131525E-013
          11          19   3.3129055054814671E-013
          11          20  0.63011438591069346     
          11          21  -3.9211689450979748E-014
          11          22   1.6318997216376760E-012
          11          23  -7.1481018195407395E-013
          11          24  -6.2001549283306781E-013
          11          25   8.5374378102826795E-014
          11          26   7.9539294811001417E-013
          11          27   1.1933029953001600E-012
          11          28  -5.3891010149926340E-012
          11          29   5.1595686834523339E-013
          11          30   7.7758766128434482E-012
          11          31  -2.0646430474037723E-013
          11          32  -4.0361990750928781E-012
          11          33  -7.3996609176873249E-013
          11          34   6.1501093105176899E-012
          11          35   4.3703187174388943E-016
          11          36  -1.9860402917347686E-012
          11          37  -3.0581071513471964E-013
          11          38   2.5022636945707637E-012
          11          39   3.2811551705419026E-012
          11          40   1.9577647203294836E-012
          11          41   6.0392032462175437E-014
          11          42   4.2484529085913937E-012
          11          43   7.8796807077605917E-014
          11          44  -6.6168328126639179E-013
          11          45   2.7149501696307641E-012
          11          46   5.8508753397745750E-014
          11          47   1.5533140247908459     
          11          48  -3.1541436129600697E-013
          11          49   3.4733157498364111     
          11          50   2.2687407508215074E-013
          11          51   1.7070970376864049E-013
          11          52  -4.3993975129552609E-013
          11          53   5.7698290589769385E-013
          11          54   1.5533140247912391     
          11          55  -5.1833537462186996E-013
          12           1   7.8718077083384999E-014
          12           2  -1.9421238360835190E-013
          12           3  -1.9815793488957779E-013
          12           4  -8.9114719150213243E-013
          12           5  -2.9439229424375148E-013
          12           6  -5.0794507701013901E-013
          12           7   8.5610338262931407E-014
          12           8  -5.6409737991813813E-014
          12           9  -1.4693701203733445     
          12          10   7.5404960053759851E-014
          12          11  -8.0629947163401994E-014
          12          12   4.5022968997084840     
          12          13  -1.2173595465014841E-013
          12          14   2.9937163859017346E-013
          12          15  -3.2679686325905672     
          12          16  -3.9906966620151252E-013
          12          17  -3.2307490016592055E-014
          12          18  -4.3990186490303902     
          12          19   9.4004665163183176E-014
          12          20   1.4176160245682468E-014
          12          21  0.63011438591017233     
          12          22   5.8250703279002008E-013
          12          23  -1.9420582359334196E-013
          12          24   6.8051348350112901E-013
          12          25  -4.3423490729632379E-014
          12          26  -5.4146254723203426E-014
          12          27   5.3446668525592579E-013
          12          28  -7.1873884406778000E-013
          12          29   1.3136332428702949E-013
          12          30   1.0799403412147013E-012
          12          31  -7.0522767069889567E-015
          12          32  -4.8711547707638203E-013
          12          33   5.9805216138815111E-014
          12          34   6.6989829940371782E-013
          12          35  -3.1984362782316500E-014
          12          36  -4.6239531435804561E-013
          12          37  -4.3471495699761419E-014
          12          38   2.7320933546372703E-013
          12          39   1.7445180809300305E-013
          12          40  -4.1933954191723296E-014
          12          41   2.4584173858058598E-014
          12          42   2.7844922194773398E-013
          12          43   6.7575992440552848E-015
          12          44  -6.4341299880340302E-014
          12          45   1.0228154856576278E-013
          12          46   2.4658053376924727E-013
          12          47  -6.9472205765919171E-014
          12          48   3.4361402612148595E-014
          12          49  -1.0366707492437399E-013
          12          50   1.5533140247904098     
          12          51   2.3962958058036576E-014
          12          52   1.5533140247902744     
          12          53   1.9607926393661046E-013
          12          54   1.5598633495983449E-014
          12          55   3.4733157498349225     
          13           1   2.4787610981516256E-014
          13           2  -4.1068906857809800E-015
          13           3  -2.5935374431331302E-013
          13           4   6.5552906815555683E-013
          13           5  -6.0713409965083901E-013
          13           6  -6.6656038233968472E-012
          13           7  0.85384219925732707     
          13           8  -7.8714812445923599E-014
          13           9   6.8521577301083880E-015
          13          10  -3.2679686325905770     
          13          11   2.9964919434632975E-013
          13          12  -1.2173595465014841E-013
          13          13   5.1584632687248515     
          13          14   6.7501559897209518E-014
          13          15   4.8294701571194310E-015
          13          16   6.1778821723742299     
          13          17  -3.0118130212031247E-012
          13          18   8.0196960183798183E-013
          13          19 -0.86769516342667496     
          13          20   5.1852966365117936E-013
          13          21  -6.7799932335077528E-014
          13          22   1.7911108333104111E-012
          13          23   2.4224204357130986E-013
          13          24  -1.1746239303229278E-012
          13          25   2.8000015044214839E-013
          13          26   8.0539050324135666E-013
          13          27   8.8108824453763773E-013
          13          28  -7.5327592925792386E-012
          13          29   2.8469199827048057E-013
          13          30   9.8993824773899372E-012
          13          31  -2.2338776961083546E-013
          13          32  -5.6456545287757823E-012
          13          33  -1.1668646954417286E-012
          13          34   6.2112953327055066E-012
          13          35   2.7746142950876237E-013
          13          36  -4.3846557714304091E-012
          13          37  -4.9310016857907854E-013
          13          38   3.5126586594297844E-012
          13          39   2.3261195002086283E-012
          13          40   1.4208090991075866E-013
          13          41   1.4536061065981998E-014
          13          42   3.0901650985406942E-012
          13          43   1.3116418840077703E-013
          13          44  -9.3352646448894461E-013
          13          45   1.1476640051012843E-012
          13          46  -4.9973714291896965     
          13          47   4.7151171855830398E-013
          13          48  -2.2348924448971457     
          13          49   1.4761525335416081E-012
          13          50   2.8185787037671162E-013
          13          51   2.2760866030581241E-013
          13          52  -5.9072191582743017E-013
          13          53  -2.2348924448959719     
          13          54   1.0247358517290195E-012
          13          55  -7.4140693584467954E-013
          14           1  -4.8923424626129525E-014
          14           2   2.6084124429101009E-013
          14           3   1.1722518395000450E-012
          14           4  -1.6308917092129191E-012
          14           5   6.3536768742178794E-013
          14           6   1.4062035063862497E-011
          14           7   5.1708637371916666E-014
          14           8  0.85384219925740668     
          14           9  -2.0587698212892747E-014
          14          10  -4.4142467459096224E-013
          14          11  -3.2679686325905672     
          14          12   2.9937163859017346E-013
          14          13   6.7501559897209518E-014
          14          14   5.1584632687228824     
          14          15  -2.3614443733777080E-013
          14          16   2.9110047705671604E-012
          14          17   6.1778821723789488     
          14          18  -1.5724088697766092E-012
          14          19  -1.0413891970983968E-012
          14          20 -0.86769516342789355     
          14          21   1.4495349365262200E-013
          14          22  -3.4949174324893336E-012
          14          23   2.2153345882592854E-013
          14          24   1.8260871317922101E-012
          14          25  -4.3927620546467587E-013
          14          26  -1.5084682360952281E-012
          14          27  -1.8622028176688415E-012
          14          28   1.3239871881554323E-011
          14          29  -5.1861485067114773E-013
          14          30  -1.7430380213185545E-011
          14          31   6.0581226655761324E-013
          14          32   9.2202857867024820E-012
          14          33   2.3105525720178701E-012
          14          34  -1.1355391406224627E-011
          14          35  -4.6254024758064707E-013
          14          36   7.5413463229432621E-012
          14          37   6.2908888767684506E-013
          14          38  -5.7031474868392533E-012
          14          39  -4.6709053752233801E-012
          14          40  -7.6501842317111134E-013
          14          41  -2.2004902523527778E-014
          14          42  -6.0781539718532036E-012
          14          43  -1.5269547841801312E-013
          14          44   1.5152367315598791E-012
          14          45  -2.5138902213024037E-012
          14          46  -1.2090328738167955E-012
          14          47  -2.2348924448970484     
          14          48   2.2271073873980640E-013
          14          49  -4.9973714291911655     
          14          50  -4.0972780723791402E-013
          14          51  -3.9565330158776033E-013
          14          52   1.1147471834505041E-012
          14          53  -1.8188783812433940E-012
          14          54  -2.2348924448979499     
          14          55   1.4290790772975015E-012
          15           1  -6.3670266574255345E-014
          15           2   8.4469858846566982E-014
          15           3   1.2290212702088163E-013
          15           4   8.9381565249596069E-013
          15           5   3.6385824178903166E-013
          15           6   1.1135235441500205E-012
          15           7  -6.5551730710211586E-014
          15           8   6.1659011230119631E-014
          15           9  0.85384219925729765     
          15          10  -6.7112981838590713E-014
          15          11   1.0547118733938987E-014
          15          12  -3.2679686325905672     
          15          13   4.8294701571194310E-015
          15          14  -2.3614443733777080E-013
