           1           1  0.17575649743933275     
           1           2  0.47767880705969096     
           1           3   1.0703625679093951E-002
           1           4 -0.18910723202669671     
           1           5   2.5616442858227482E-002
           1           6   2.8168479299501034E-015
           1           7   4.7367276298707794E-015
           1           8   4.0021178336300058E-015
           1           9   2.2623125074428438E-014
           1          10   3.3132706145518526E-014
           1          11   3.3166576807320677E-014
           1          12   8.1049662276074136E-015
           1          13   1.1609657878965111E-015
           1          14   3.3985465807942242E-016
           1          15   3.7844390671639236E-002
           1          16  -1.2049522155349023E-015
           1          17   3.7844390671634011E-002
           1          18  -2.8714704533803786E-015
           1          19  -1.4136871641886763E-015
           1          20   3.7844390671642851E-002
           2           1  0.47767880705969096     
           2           2   1.3247281145376701     
           2           3   1.5684205947469540E-002
           2           4 -0.86172998617116003     
           2           5  0.11123028660419869     
           2           6   1.2446177493879867E-014
           2           7   1.7800418841098108E-014
           2           8   1.6682641014591313E-014
           2           9   9.5740856835952053E-014
           2          10   1.3910405390164219E-013
           2          11   1.3431341928635013E-013
           2          12   3.1655027276749773E-014
           2          13   6.9330729730204923E-015
           2          14   4.1199334670548636E-015
           2          15  0.18172775344283185     
           2          16  -3.8257177907140506E-015
           2          17  0.18172775344280914     
           2          18  -1.3984341251444685E-014
           2          19  -5.8327624636330375E-015
           2          20  0.18172775344284159     
           3           1   1.0703625679093951E-002
           3           2   1.5684205947469540E-002
           3           3   7.4416752080146368E-003
           3           4  0.16461086409586281     
           3           5  -1.9512895505783980E-002
           3           6  -2.2545833421873683E-015
           3           7  -2.2066953868573089E-015
           3           8  -2.6964938505507033E-015
           3           9  -1.5970695518399519E-014
           3          10  -2.2826076173632875E-014
           3          11  -2.0351154366076186E-014
           3          12  -4.3820353883151246E-015
           3          13  -1.8425537311913761E-015
           3          14  -1.5980629609873103E-015
           3          15  -3.7640623994445302E-002
           3          16   2.0559593157973357E-016
           3          17  -3.7640623994441347E-002
           3          18   2.9550804781011244E-015
           3          19   9.2204412625505456E-016
           3          20  -3.7640623994445045E-002
           4           1 -0.18910723202669671     
           4           2 -0.86172998617116003     
           4           3  0.16461086409586281     
           4           4   4.7722103591480636     
           4           5 -0.57419324241832581     
           4           6  -6.5964494515567153E-014
           4           7  -6.9820931421189980E-014
           4           8  -8.0575362317647236E-014
           4           9  -4.7435939572039881E-013
           4          10  -6.8009798239280429E-013
           4          11  -6.1598860886835853E-013
           4          12  -1.3519419322835675E-013
           4          13  -5.0878924828467603E-014
           4          14  -4.2356214109618157E-014
           4          15  -1.0768993475858790     
           4          16   8.5331523107429175E-015
           4          17  -1.0768993475857624     
           4          18   8.4280410182700763E-014
           4          19   2.7672115713434627E-014
           4          20  -1.0768993475858817     
           5           1   2.5616442858227482E-002
           5           2  0.11123028660419869     
           5           3  -1.9512895505783980E-002
           5           4 -0.57419324241832581     
           5           5   6.9135753208465059E-002
           5           6   7.9403125034005311E-015
           5           7   8.4343866226332942E-015
           5           8   9.7086109706085648E-015
           5           9   5.7140107907927944E-014
           5          10   8.1934715009484974E-014
           5          11   7.4264865733967589E-014
           5          12   1.6313342562558004E-014
           5          13   6.1072103256263516E-015
           5          14   5.0735313072745479E-015
           5          15  0.12949055347962751     
           5          16  -1.0414594458879017E-015
           5          17  0.12949055347961347     
           5          18  -1.0132666673208223E-014
           5          19  -3.3349101811540108E-015
           5          20  0.12949055347962796     
           6           1   2.8168479299501034E-015
           6           2   1.2446177493879867E-014
           6           3  -2.2545833421873683E-015
           6           4  -6.5964494515567153E-014
           6           5   7.9403125034005311E-015
           6           6   9.1204739186861134E-028
           6           7   9.6748418607569145E-028
           6           8   1.1147390543081355E-027
           6           9   6.5615071521530571E-027
           6          10   9.4081971865994775E-027
           6          11   8.5251411583263916E-027
           6          12   1.8720522959879930E-027
           6          13   7.0224932592359608E-028
           6          14   5.8386019851099176E-028
           6          15   1.4879756916282564E-014
           6          16  -1.1899578862970096E-028
           6          17   1.4879756916280955E-014
           6          18  -1.1644122072882578E-027
           6          19  -3.8288378788999264E-028
           6          20   1.4879756916282611E-014
           7           1   4.7367276298707794E-015
           7           2   1.7800418841098108E-014
           7           3  -2.2066953868573089E-015
           7           4  -6.9820931421189980E-014
           7           5   8.4343866226332942E-015
           7           6   9.6748418607569145E-028
           7           7   1.0445946995511569E-027
           7           8   1.1883500519080899E-027
           7           9   6.9850161101662230E-027
           7          10   1.0022715011657500E-026
           7          11   9.1148869719670830E-027
           7          12   2.0101584622319161E-027
           7          13   7.3438358299507948E-028
           7          14   6.0403083102932044E-028
           7          15   1.5699282469120187E-014
           7          16  -1.3499452678016270E-028
           7          17   1.5699282469118480E-014
           7          18  -1.2276015722039833E-027
           7          19  -4.0857614823302821E-028
           7          20   1.5699282469120278E-014
           8           1   4.0021178336300058E-015
           8           2   1.6682641014591313E-014
           8           3  -2.6964938505507033E-015
           8           4  -8.0575362317647236E-014
           8           5   9.7086109706085648E-015
           8           6   1.1147390543081355E-027
           8           7   1.1883500519080899E-027
           8           8   1.3643487654810458E-027
           8           9   8.0276177866881978E-027
           8          10   1.1512700834669734E-026
           8          11   1.0442639783231036E-026
           8          12   2.2958708757558259E-027
           8          13   8.5494162409704674E-028
           8          14   7.0871714598658777E-028
           8          15   1.8159450285279612E-014
           8          16  -1.4824468248974845E-028
           8          17   1.8159450285277643E-014
           8          18  -1.4207625035886105E-027
           8          19  -4.6874898836819861E-028
           8          20   1.8159450285279685E-014
           9           1   2.2623125074428438E-014
           9           2   9.5740856835952053E-014
           9           3  -1.5970695518399519E-014
           9           4  -4.7435939572039881E-013
           9           5   5.7140107907927944E-014
           9           6   6.5615071521530571E-027
           9           7   6.9850161101662230E-027
           9           8   8.0276177866881978E-027
           9           9   4.7238478916010942E-026
           9          10   6.7742554424088873E-026
           9          11   6.1428592427756792E-026
           9          12   1.3500824217191564E-026
           9          13   5.0379383530824965E-027
           9          14   4.1797871769397060E-027
           9          15   1.0693436383771133E-013
           9          16  -8.6790708000289078E-028
           9          17   1.0693436383769975E-013
           9          18  -8.3668550362259119E-027
           9          19  -2.7578286992320598E-027
           9          20   1.0693436383771170E-013
          10           1   3.3132706145518526E-014
          10           2   1.3910405390164219E-013
          10           3  -2.2826076173632875E-014
          10           4  -6.8009798239280429E-013
          10           5   8.1934715009484974E-014
          10           6   9.4081971865994775E-027
          10           7   1.0022715011657500E-026
          10           8   1.1512700834669734E-026
          10           9   6.7742554424088873E-026
          10          10   9.7149402755970499E-026
          10          11   8.8107628176144991E-026
          10          12   1.9367775439660603E-026
          10          13   7.2194418178167363E-027
          10          14   5.9870905556667807E-027
          10          15   1.5329378702505592E-013
          10          16  -1.2479279214871559E-027
          10          17   1.5329378702503931E-013
          10          18  -1.1993776123531424E-026
          10          19  -3.9552654615977615E-027
          10          20   1.5329378702505647E-013
          11           1   3.3166576807320677E-014
          11           2   1.3431341928635013E-013
          11           3  -2.0351154366076186E-014
          11           4  -6.1598860886835853E-013
          11           5   7.4264865733967589E-014
          11           6   8.5251411583263916E-027
          11           7   9.1148869719670830E-027
          11           8   1.0442639783231036E-026
          11           9   6.1428592427756792E-026
          11          10   8.8107628176144991E-026
          11          11   7.9966477672797896E-026
          11          12   1.7593628312324362E-026
          11          13   6.5228556249352954E-027
          11          14   5.3976020906851206E-027
          11          15   1.3875294358113093E-013
          11          16  -1.1465561249030551E-027
          11          17   1.3875294358111586E-013
          11          18  -1.0854397395712051E-026
          11          19  -3.5883730688712856E-027
          11          20   1.3875294358113151E-013
          12           1   8.1049662276074136E-015
          12           2   3.1655027276749773E-014
          12           3  -4.3820353883151246E-015
          12           4  -1.3519419322835675E-013
          12           5   1.6313342562558004E-014
          12           6   1.8720522959879930E-027
          12           7   2.0101584622319161E-027
          12           8   2.2958708757558259E-027
          12           9   1.3500824217191564E-026
          12          10   1.9367775439660603E-026
          12          11   1.7593628312324362E-026
          12          12   3.8748479986965097E-027
          12          13   1.4274079430076735E-027
          12          14   1.1780706132775601E-027
          12          15   3.0429122502769785E-014
          12          16  -2.5589433645900121E-028
          12          17   3.0429122502766472E-014
          12          18  -2.3799724474091266E-027
          12          19  -7.8911499949526984E-028
          12          20   3.0429122502769924E-014
          13           1   1.1609657878965111E-015
          13           2   6.9330729730204923E-015
          13           3  -1.8425537311913761E-015
          13           4  -5.0878924828467603E-014
          13           5   6.1072103256263516E-015
          13           6   7.0224932592359608E-028
          13           7   7.3438358299507948E-028
          13           8   8.5494162409704674E-028
          13           9   5.0379383530824965E-027
          13          10   7.2194418178167363E-027
          13          11   6.5228556249352954E-027
          13          12   1.4274079430076735E-027
          13          13   5.4679228826610951E-028
          13          14   4.5838421419590755E-028
          13          15   1.1505910122779773E-014
          13          16  -8.6570615239780860E-029
          13          17   1.1505910122778536E-014
          13          18  -9.0093575988191974E-028
          13          19  -2.9341445725356162E-028
          13          20   1.1505910122779790E-014
          14           1   3.3985465807942242E-016
          14           2   4.1199334670548636E-015
          14           3  -1.5980629609873103E-015
          14           4  -4.2356214109618157E-014
          14           5   5.0735313072745479E-015
          14           6   5.8386019851099176E-028
          14           7   6.0403083102932044E-028
          14           8   7.0871714598658777E-028
          14           9   4.1797871769397060E-027
          14          10   5.9870905556667807E-027
          14          11   5.3976020906851206E-027
          14          12   1.1780706132775601E-027
          14          13   4.5838421419590755E-028
          14          14   3.8658554543747174E-028
          14          15   9.5965455562613990E-015
          14          16  -6.8841055939922277E-029
          14          17   9.5965455562603734E-015
          14          18  -7.5176431428979338E-028
          14          19  -2.4308365788162050E-028
          14          20   9.5965455562613990E-015
          15           1   3.7844390671639236E-002
          15           2  0.18172775344283185     
          15           3  -3.7640623994445302E-002
          15           4  -1.0768993475858790     
          15           5  0.12949055347962751     
          15           6   1.4879756916282564E-014
          15           7   1.5699282469120187E-014
          15           8   1.8159450285279612E-014
          15           9   1.0693436383771133E-013
          15          10   1.5329378702505592E-013
          15          11   1.3875294358113093E-013
          15          12   3.0429122502769785E-014
          15          13   1.1505910122779773E-014
          15          14   9.5965455562613990E-015
          15          15  0.24315226387247305     
          15          16  -1.9007153209388288E-015
          15          17  0.24315226387244679     
          15          18  -1.9032200289265929E-014
          15          19  -6.2354007082376778E-015
          15          20  0.24315226387247360     
          16           1  -1.2049522155349023E-015
          16           2  -3.8257177907140506E-015
          16           3   2.0559593157973357E-016
          16           4   8.5331523107429175E-015
          16           5  -1.0414594458879017E-015
          16           6  -1.1899578862970096E-028
          16           7  -1.3499452678016270E-028
          16           8  -1.4824468248974845E-028
          16           9  -8.6790708000289078E-028
          16          10  -1.2479279214871559E-027
          16          11  -1.1465561249030551E-027
          16          12  -2.5589433645900121E-028
          16          13  -8.6570615239780860E-029
          16          14  -6.8841055939922277E-029
          16          15  -1.9007153209388288E-015
          16          16   1.9723467685840268E-029
          16          17  -1.9007153209386174E-015
          16          18   1.4828874150765402E-028
          16          19   5.1114005098150049E-029
          16          20  -1.9007153209388521E-015
          17           1   3.7844390671634011E-002
          17           2  0.18172775344280914     
          17           3  -3.7640623994441347E-002
          17           4  -1.0768993475857624     
          17           5  0.12949055347961347     
          17           6   1.4879756916280955E-014
          17           7   1.5699282469118480E-014
          17           8   1.8159450285277643E-014
          17           9   1.0693436383769975E-013
          17          10   1.5329378702503931E-013
          17          11   1.3875294358111586E-013
          17          12   3.0429122502766472E-014
          17          13   1.1505910122778536E-014
          17          14   9.5965455562603734E-015
          17          15  0.24315226387244679     
          17          16  -1.9007153209386174E-015
          17          17  0.24315226387242053     
          17          18  -1.9032200289263872E-014
          17          19  -6.2354007082370018E-015
          17          20  0.24315226387244740     
          18           1  -2.8714704533803786E-015
          18           2  -1.3984341251444685E-014
          18           3   2.9550804781011244E-015
          18           4   8.4280410182700763E-014
          18           5  -1.0132666673208223E-014
          18           6  -1.1644122072882578E-027
          18           7  -1.2276015722039833E-027
          18           8  -1.4207625035886105E-027
          18           9  -8.3668550362259119E-027
          18          10  -1.1993776123531424E-026
          18          11  -1.0854397395712051E-026
          18          12  -2.3799724474091266E-027
          18          13  -9.0093575988191974E-028
          18          14  -7.5176431428979338E-028
          18          15  -1.9032200289265929E-014
          18          16   1.4828874150765402E-028
          18          17  -1.9032200289263872E-014
          18          18   1.4897514074600018E-027
          18          19   4.8782537426130896E-028
          18          20  -1.9032200289265967E-014
          19           1  -1.4136871641886763E-015
          19           2  -5.8327624636330375E-015
          19           3   9.2204412625505456E-016
          19           4   2.7672115713434627E-014
          19           5  -3.3349101811540108E-015
          19           6  -3.8288378788999264E-028
          19           7  -4.0857614823302821E-028
          19           8  -4.6874898836819861E-028
          19           9  -2.7578286992320598E-027
          19          10  -3.9552654615977615E-027
          19          11  -3.5883730688712856E-027
          19          12  -7.8911499949526984E-028
          19          13  -2.9341445725356162E-028
          19          14  -2.4308365788162050E-028
          19          15  -6.2354007082376778E-015
          19          16   5.1114005098150049E-029
          19          17  -6.2354007082370018E-015
          19          18   4.8782537426130896E-028
          19          19   1.6105710312899295E-028
          19          20  -6.2354007082377007E-015
          20           1   3.7844390671642851E-002
          20           2  0.18172775344284159     
          20           3  -3.7640623994445045E-002
          20           4  -1.0768993475858817     
          20           5  0.12949055347962796     
          20           6   1.4879756916282611E-014
          20           7   1.5699282469120278E-014
          20           8   1.8159450285279685E-014
          20           9   1.0693436383771170E-013
          20          10   1.5329378702505647E-013
          20          11   1.3875294358113151E-013
          20          12   3.0429122502769924E-014
          20          13   1.1505910122779790E-014
          20          14   9.5965455562613990E-015
          20          15  0.24315226387247360     
          20          16  -1.9007153209388521E-015
          20          17  0.24315226387244740     
          20          18  -1.9032200289265967E-014
          20          19  -6.2354007082377007E-015
          20          20  0.24315226387247424     
