           1           1  0.11829821565253157     
           1           2  0.32277652327886952     
           1           3  0.10930964516805711     
           1           4  -1.4943699436585354E-002
           1           5  -2.2406273928812732E-002
           1           6  -1.0685898847451421E-016
           1           7  -9.5397020613403647E-017
           1           8  -7.4186981862960335E-017
           1           9  -3.1897791040828343E-016
           1          10   4.2893474544590943E-016
           1          11   1.7380799856448173E-017
           1          12  -3.5838511706129200E-016
           1          13  -1.4902172395859902E-016
           1          14   3.3404832263453764E-016
           1          15  -8.5299879073371461E-004
           1          16   1.6169309440531157E-016
           1          17  -8.5299879073365867E-004
           1          18  -4.2907332109028040E-017
           1          19   4.1604789698027002E-018
           1          20  -8.5299879073339954E-004
           2           1  0.32277652327886952     
           2           2  0.88149590542671730     
           2           3  0.30115014773138177     
           2           4  -5.6617955748950802E-002
           2           5  -7.6691646197809618E-002
           2           6  -2.9017413760701828E-016
           2           7  -2.5909741504968910E-016
           2           8  -2.0181595477302828E-016
           2           9  -8.7796692215758931E-016
           2          10   1.1726202615196469E-015
           2          11   4.9997407442556256E-017
           2          12  -1.0349976364833169E-015
           2          13  -3.9684577315265061E-016
           2          14   9.1919663761139174E-016
           2          15  -2.1464259297137118E-003
           2          16   4.3969327242472576E-016
           2          17  -2.1464259297135557E-003
           2          18  -1.1904665448741844E-016
           2          19  -1.2907975176536622E-018
           2          20  -2.1464259297128987E-003
           3           1  0.10930964516805711     
           3           2  0.30115014773138177     
           3           3  0.11151805300366752     
           3           4  -7.1152508464247533E-002
           3           5  -7.7001704236972321E-002
           3           6  -9.4948492917330673E-017
           3           7  -8.3844574643311956E-017
           3           8  -6.6569775924257657E-017
           3           9  -3.2485641902421088E-016
           3          10   4.0747271475116748E-016
           3          11   2.6706078184714118E-017
           3          12  -5.3715418814765086E-016
           3          13  -1.0569397478549748E-016
           3          14   3.4166239919499138E-016
           3          15  -1.3134802401566054E-004
           3          16   1.4328613415214592E-016
           3          17  -1.3134802401559105E-004
           3          18  -4.7617221645098068E-017
           3          19  -4.2467764957217354E-017
           3          20  -1.3134802401553960E-004
           4           1  -1.4943699436585354E-002
           4           2  -5.6617955748950802E-002
           4           3  -7.1152508464247533E-002
           4           4  0.31549133433788240     
           4           5  0.31074157094439608     
           4           6  -1.5971139974068107E-017
           4           7  -1.1589932325402031E-017
           4           8  -2.8841633765654733E-018
           4           9   1.8754792864776026E-016
           4          10  -9.4602668866377715E-017
           4          11  -5.1053971089807179E-017
           4          12   1.1776242596276019E-015
           4          13  -1.7955999416576500E-016
           4          14  -1.8773604449421443E-016
           4          15  -3.4715488423193159E-003
           4          16   7.8243348653906201E-018
           4          17  -3.4715488423193767E-003
           4          18   4.3197515822957817E-017
           4          19   2.4884122203705781E-016
           4          20  -3.4715488423184221E-003
           5           1  -2.2406273928812732E-002
           5           2  -7.6691646197809618E-002
           5           3  -7.7001704236972321E-002
           5           4  0.31074157094439608     
           5           5  0.30656694833486886     
           5           6  -9.0036311087692239E-018
           5           7  -5.1465520923620515E-018
           5           8   1.9678931911024334E-018
           5           9   2.0438147585145811E-016
           5          10  -1.2020573778667709E-016
           5          11  -5.0933106538068470E-017
           5          12   1.1798820792904369E-015
           5          13  -1.6738267997532823E-016
           5          14  -2.0493483405514119E-016
           5          15  -3.3523167996615784E-003
           5          16  -3.0729240264144742E-018
           5          17  -3.3523167996616404E-003
           5          18   4.5013460327731871E-017
           5          19   2.4391451986420729E-016
           5          20  -3.3523167996607219E-003
           6           1  -1.0685898847451421E-016
           6           2  -2.9017413760701828E-016
           6           3  -9.4948492917330673E-017
           6           4  -1.5971139974068107E-017
           6           5  -9.0036311087692239E-018
           6           6   1.8958289809176128E-031
           6           7   8.9460845417146995E-032
           6           8   8.2898367130182788E-032
           6           9   4.5451438956586561E-031
           6          10  -5.9494303862602337E-031
           6          11  -1.0785277924429778E-031
           6          12   1.5757065918787890E-031
           6          13   3.9462887352520630E-031
           6          14  -6.4881397555687481E-031
           6          15   9.7453518548257775E-019
           6          16  -9.4712946893286575E-032
           6          17   9.7453518548208625E-019
           6          18   9.5241306079600696E-032
           6          19   1.3155711506096214E-032
           6          20   9.7453518548218890E-019
           7           1  -9.5397020613403647E-017
           7           2  -2.5909741504968910E-016
           7           3  -8.3844574643311956E-017
           7           4  -1.1589932325402031E-017
           7           5  -5.1465520923620515E-018
           7           6   8.9460845417146995E-032
           7           7   7.8723978104156284E-032
           7           8   6.0923216819548790E-032
           7           9   2.4825658181071270E-031
           7          10  -3.4534780690165336E-031
           7          11  -1.1476225310372791E-032
           7          12   2.0293844015991189E-031
           7          13   1.3798034560013056E-031
           7          14  -2.6267225955311502E-031
           7          15   9.5612615408156490E-019
           7          16  -1.3188257402564069E-031
           7          17   9.5612615408151849E-019
           7          18   3.2462602551530004E-032
           7          19  -2.1676515124696281E-032
           7          20   9.5612615408124019E-019
           8           1  -7.4186981862960335E-017
           8           2  -2.0181595477302828E-016
           8           3  -6.6569775924257657E-017
           8           4  -2.8841633765654733E-018
           8           5   1.9678931911024334E-018
           8           6   8.2898367130182788E-032
           8           7   6.0923216819548790E-032
           8           8   4.9407224092830531E-032
           8           9   2.2369093883433833E-031
           8          10  -3.0189130058981480E-031
           8          11  -2.4777449310750711E-032
           8          12   1.7074727404816995E-031
           8          13   1.4059550847808515E-031
           8          14  -2.6266765236997392E-031
           8          15   6.5321583844813368E-019
           8          16  -9.3692900450727009E-032
           8          17   6.5321583844802795E-019
           8          18   3.5228034585650499E-032
           8          19  -5.7703629219810419E-033
           8          20   6.5321583844789699E-019
           9           1  -3.1897791040828343E-016
           9           2  -8.7796692215758931E-016
           9           3  -3.2485641902421088E-016
           9           4   1.8754792864776026E-016
           9           5   2.0438147585145811E-016
           9           6   4.5451438956586561E-031
           9           7   2.4825658181071270E-031
           9           8   2.2369093883433833E-031
           9           9   1.2889577409064779E-030
           9          10  -1.5972863610999771E-030
           9          11  -2.6291291870068170E-031
           9          12   1.3787814170148515E-030
           9          13   7.9046428563176540E-031
           9          14  -1.6891253801908304E-030
           9          15   3.5519699575560166E-019
           9          16  -3.1493703063587401E-031
           9          17   3.5519699575453489E-019
           9          18   2.5326232557414491E-031
           9          19   1.8640814221551835E-031
           9          20   3.5519699575515677E-019
          10           1   4.2893474544590943E-016
          10           2   1.1726202615196469E-015
          10           3   4.0747271475116748E-016
          10           4  -9.4602668866377715E-017
          10           5  -1.2020573778667709E-016
          10           6  -5.9494303862602337E-031
          10           7  -3.4534780690165336E-031
          10           8  -3.0189130058981480E-031
          10           9  -1.5972863610999771E-030
          10          10   2.0549025572977404E-030
          10          11   2.9570997151295288E-031
          10          12  -1.3055800317030792E-030
          10          13  -1.0796109560371198E-030
          10          14   2.0741589453186035E-030
          10          15  -2.3218780628710986E-018
          10          16   4.5627336290295666E-031
          10          17  -2.3218780628698444E-018
          10          18  -3.0092995866308775E-031
          10          19  -1.1147145590524526E-031
          10          20  -2.3218780628700377E-018
          11           1   1.7380799856448173E-017
          11           2   4.9997407442556256E-017
          11           3   2.6706078184714118E-017
          11           4  -5.1053971089807179E-017
          11           5  -5.0933106538068470E-017
          11           6  -1.0785277924429778E-031
          11           7  -1.1476225310372791E-032
          11           8  -2.4777449310750711E-032
          11           9  -2.6291291870068170E-031
          11          10   2.9570997151295288E-031
          11          11   1.1382757922884656E-031
          11          12  -1.6504887710949521E-031
          11          13  -2.4962217275207329E-031
          11          14   4.5829410372848977E-031
          11          15   5.7411294327516694E-019
          11          16  -3.8505474403604294E-032
          11          17   5.7411294327566162E-019
          11          18  -7.6515573810724509E-032
          11          19  -8.1471651051778095E-032
          11          20   5.7411294327508567E-019
          12           1  -3.5838511706129200E-016
          12           2  -1.0349976364833169E-015
          12           3  -5.3715418814765086E-016
          12           4   1.1776242596276019E-015
          12           5   1.1798820792904369E-015
          12           6   1.5757065918787890E-031
          12           7   2.0293844015991189E-031
          12           8   1.7074727404816995E-031
          12           9   1.3787814170148515E-030
          12          10  -1.3055800317030792E-030
          12          11  -1.6504887710949521E-031
          12          12   5.2139409452956508E-030
          12          13  -4.2459716323815743E-031
          12          14  -1.2987749973913694E-030
          12          15  -1.0252314980516713E-017
          12          16  -4.2358216257913450E-031
          12          17  -1.0252314980516781E-017
          12          18   2.2666504778893987E-031
          12          19   8.6110234839246479E-031
          12          20  -1.0252314980514286E-017
          13           1  -1.4902172395859902E-016
          13           2  -3.9684577315265061E-016
          13           3  -1.0569397478549748E-016
          13           4  -1.7955999416576500E-016
          13           5  -1.6738267997532823E-016
          13           6   3.9462887352520630E-031
          13           7   1.3798034560013056E-031
          13           8   1.4059550847808515E-031
          13           9   7.9046428563176540E-031
          13          10  -1.0796109560371198E-030
          13          11  -2.4962217275207329E-031
          13          12  -4.2459716323815743E-031
          13          13   9.5851273447423025E-031
          13          14  -1.2931495999372849E-030
          13          15   2.9850116520250895E-018
          13          16  -7.7195713293018622E-032
          13          17   2.9850116520238607E-018
          13          18   1.9064517756309078E-031
          13          19  -5.5125489674696283E-032
          13          20   2.9850116520240587E-018
          14           1   3.3404832263453764E-016
          14           2   9.1919663761139174E-016
          14           3   3.4166239919499138E-016
          14           4  -1.8773604449421443E-016
          14           5  -2.0493483405514119E-016
          14           6  -6.4881397555687481E-031
          14           7  -2.6267225955311502E-031
          14           8  -2.6266765236997392E-031
          14           9  -1.6891253801908304E-030
          14          10   2.0741589453186035E-030
          14          11   4.5829410372848977E-031
          14          12  -1.2987749973913694E-030
          14          13  -1.2931495999372849E-030
          14          14   2.4521726089696080E-030
          14          15  -2.1885275044359675E-019
          14          16   2.2772138896363930E-031
          14          17  -2.1885275044163114E-019
          14          18  -3.7855453518179822E-031
          14          19  -2.6518606070472080E-031
          14          20  -2.1885275044307367E-019
          15           1  -8.5299879073371461E-004
          15           2  -2.1464259297137118E-003
          15           3  -1.3134802401566054E-004
          15           4  -3.4715488423193159E-003
          15           5  -3.3523167996615784E-003
          15           6   9.7453518548257775E-019
          15           7   9.5612615408156490E-019
          15           8   6.5321583844813368E-019
          15           9   3.5519699575560166E-019
          15          10  -2.3218780628710986E-018
          15          11   5.7411294327516694E-019
          15          12  -1.0252314980516713E-017
          15          13   2.9850116520250895E-018
          15          14  -2.1885275044359675E-019
          15          15   4.7196780730612952E-005
          15          16  -1.5674743290693610E-018
          15          17   4.7196780730613826E-005
          15          18  -2.0977263720525902E-019
          15          19  -2.9352727773477972E-018
          15          20   4.7196780730600050E-005
          16           1   1.6169309440531157E-016
          16           2   4.3969327242472576E-016
          16           3   1.4328613415214592E-016
          16           4   7.8243348653906201E-018
          16           5  -3.0729240264144742E-018
          16           6  -9.4712946893286575E-032
          16           7  -1.3188257402564069E-031
          16           8  -9.3692900450727009E-032
          16           9  -3.1493703063587401E-031
          16          10   4.5627336290295666E-031
          16          11  -3.8505474403604294E-032
          16          12  -4.2358216257913450E-031
          16          13  -7.7195713293018622E-032
          16          14   2.2772138896363930E-031
          16          15  -1.5674743290693610E-018
          16          16   2.5584716039999006E-031
          16          17  -1.5674743290695561E-018
          16          18  -1.9339183481729998E-032
          16          19   5.2280849284736457E-032
          16          20  -1.5674743290688561E-018
          17           1  -8.5299879073365867E-004
          17           2  -2.1464259297135557E-003
          17           3  -1.3134802401559105E-004
          17           4  -3.4715488423193767E-003
          17           5  -3.3523167996616404E-003
          17           6   9.7453518548208625E-019
          17           7   9.5612615408151849E-019
          17           8   6.5321583844802795E-019
          17           9   3.5519699575453489E-019
          17          10  -2.3218780628698444E-018
          17          11   5.7411294327566162E-019
          17          12  -1.0252314980516781E-017
          17          13   2.9850116520238607E-018
          17          14  -2.1885275044163114E-019
          17          15   4.7196780730613826E-005
          17          16  -1.5674743290695561E-018
          17          17   4.7196780730614686E-005
          17          18  -2.0977263720558248E-019
          17          19  -2.9352727773480372E-018
          17          20   4.7196780730600924E-005
          18           1  -4.2907332109028040E-017
          18           2  -1.1904665448741844E-016
          18           3  -4.7617221645098068E-017
          18           4   4.3197515822957817E-017
          18           5   4.5013460327731871E-017
          18           6   9.5241306079600696E-032
          18           7   3.2462602551530004E-032
          18           8   3.5228034585650499E-032
          18           9   2.5326232557414491E-031
          18          10  -3.0092995866308775E-031
          18          11  -7.6515573810724509E-032
          18          12   2.2666504778893987E-031
          18          13   1.9064517756309078E-031
          18          14  -3.7855453518179822E-031
          18          15  -2.0977263720525902E-019
          18          16  -1.9339183481729998E-032
          18          17  -2.0977263720558248E-019
          18          18   6.0029912441547547E-032
          18          19   5.5357466241489981E-032
          18          20  -2.0977263720527187E-019
          19           1   4.1604789698027002E-018
          19           2  -1.2907975176536622E-018
          19           3  -4.2467764957217354E-017
          19           4   2.4884122203705781E-016
          19           5   2.4391451986420729E-016
          19           6   1.3155711506096214E-032
          19           7  -2.1676515124696281E-032
          19           8  -5.7703629219810419E-033
          19           9   1.8640814221551835E-031
          19          10  -1.1147145590524526E-031
          19          11  -8.1471651051778095E-032
          19          12   8.6110234839246479E-031
          19          13  -5.5125489674696283E-032
          19          14  -2.6518606070472080E-031
          19          15  -2.9352727773477972E-018
          19          16   5.2280849284736457E-032
          19          17  -2.9352727773480372E-018
          19          18   5.5357466241489981E-032
          19          19   2.1646435430604298E-031
          19          20  -2.9352727773470515E-018
          20           1  -8.5299879073339954E-004
          20           2  -2.1464259297128987E-003
          20           3  -1.3134802401553960E-004
          20           4  -3.4715488423184221E-003
          20           5  -3.3523167996607219E-003
          20           6   9.7453518548218890E-019
          20           7   9.5612615408124019E-019
          20           8   6.5321583844789699E-019
          20           9   3.5519699575515677E-019
          20          10  -2.3218780628700377E-018
          20          11   5.7411294327508567E-019
          20          12  -1.0252314980514286E-017
          20          13   2.9850116520240587E-018
          20          14  -2.1885275044307367E-019
          20          15   4.7196780730600050E-005
          20          16  -1.5674743290688561E-018
          20          17   4.7196780730600924E-005
          20          18  -2.0977263720527187E-019
          20          19  -2.9352727773470515E-018
          20          20   4.7196780730587154E-005
