           1           1   2.1765476219511335     
           1           2  0.50116765386690898     
           1           3 -0.36318942397252502     
           1           4   4.0592496697494401E-002
           1           5   8.3728859992857702E-002
           1           6   3.3628787167142108E-014
           1           7  -9.0489910137718108E-015
           1           8   5.6062364595535103E-015
           1           9  -9.1148752306733365E-015
           1          10   5.7536128376135667E-015
           1          11  -1.3421209233823203E-015
           1          12   3.0179014697800783E-015
           1          13  -4.3741008823237141E-015
           1          14   6.7328862821771324E-016
           1          15  -3.0898979938999547E-015
           1          16   9.9351975294691067E-016
           1          17  -1.4616687321839218E-015
           1          18  0.11894064365757769     
           1          19  -7.4894157586262592E-016
           1          20  0.11894064365757484     
           1          21   5.1064818483901958E-016
           1          22   1.8539329474381584E-015
           1          23  0.11894064365757850     
           1          24  -1.9598272059582127E-002
           1          25   1.1275410166982927E-016
           1          26  -1.9598272059586534E-002
           1          27   1.6449566239640777E-015
           1          28  -1.4445292481819258E-015
           1          29  -1.9598272059584965E-002
           1          30  -3.6974049311842290E-002
           1          31  -6.2353335735263436E-017
           1          32  -3.6974049311841943E-002
           1          33  -1.5306650315637578E-015
           1          34   2.0549879483514005E-015
           1          35  -3.6974049311842297E-002
           2           1  0.50116765386690898     
           2           2   6.8805340590224002     
           2           3   2.8007370409746373     
           2           4   1.9485123789900176     
           2           5   3.3372072376456590     
           2           6   1.1963513458056640E-013
           2           7  -5.1149695449921718E-015
           2           8   3.1555879009276541E-014
           2           9  -3.4916269966083936E-015
           2          10  -4.1755539175804070E-014
           2          11  -7.2479017491071970E-015
           2          12  -3.7359638846490880E-015
           2          13   1.1107397614473709E-015
           2          14   4.8419718802628371E-015
           2          15  -2.9634208415521282E-016
           2          16  -3.0719562787188759E-015
           2          17  -5.0076616369159486E-016
           2          18  0.78545130758775117     
           2          19   5.9857722878145170E-014
           2          20  0.78545130758777404     
           2          21  -3.1412470894026974E-014
           2          22   1.1192743945207695E-015
           2          23  0.78545130758775161     
           2          24 -0.78028097939182617     
           2          25   2.2577967085639097E-014
           2          26 -0.78028097939182384     
           2          27  -1.3879207121449670E-015
           2          28   5.3526508342242978E-015
           2          29 -0.78028097939185992     
           2          30  -1.5078723737136399     
           2          31  -4.3441260372088995E-015
           2          32  -1.5078723737136439     
           2          33  -4.6069059130521207E-018
           2          34   3.0201506342282758E-015
           2          35  -1.5078723737136335     
           3           1 -0.36318942397252502     
           3           2   2.8007370409746373     
           3           3   3.0084031396935984     
           3           4   1.2358414759387033     
           3           5   2.0895479344568111     
           3           6  -5.1140823374824230E-014
           3           7   2.9504858891136100E-014
           3           8  -1.2104644866740432E-014
           3           9   3.3170784916517668E-014
           3          10  -4.4627113062629583E-014
           3          11   7.6972395082035725E-015
           3          12  -1.7119749458969374E-014
           3          13   1.1153765530175817E-014
           3          14  -5.3160067232134951E-015
           3          15   6.0935875064737706E-015
           3          16  -2.2413037264867146E-015
           3          17   6.9681506735205459E-015
           3          18  0.25679286612754976     
           3          19   4.3568066134343516E-014
           3          20  0.25679286612757080     
           3          21  -2.1203947937578367E-014
           3          22  -2.6136783592595087E-015
           3          23  0.25679286612754182     
           3          24 -0.48605395930416945     
           3          25   1.1546606379754785E-014
           3          26 -0.48605395930416151     
           3          27  -7.7110961720362150E-015
           3          28   2.6566078128803990E-015
           3          29 -0.48605395930418832     
           3          30 -0.94590909230270770     
           3          31  -1.9203706774620266E-015
           3          32 -0.94590909230271580     
           3          33   1.2253095828540590E-015
           3          34   1.4377274508425560E-015
           3          35 -0.94590909230271036     
           4           1   4.0592496697494401E-002
           4           2   1.9485123789900176     
           4           3   1.2358414759387033     
           4           4  0.65725225275078014     
           4           5   1.1193587708253856     
           4           6   2.2407006045719373E-014
           4           7   2.0594408807685557E-015
           4           8  -3.6969776201335762E-015
           4           9   3.7404009444688872E-015
           4          10  -1.7228311995933647E-014
           4          11   2.4043748229198389E-015
           4          12  -3.1939173389000476E-015
           4          13   2.3146874042606577E-015
           4          14  -1.2456142410542749E-015
           4          15   8.9710887684903149E-016
           4          16  -9.3598502100866512E-016
           4          17   1.8256540512465372E-015
           4          18  0.20823951046272110     
           4          19   2.1513326168355762E-014
           4          20  0.20823951046273037     
           4          21  -1.0886129123549623E-014
           4          22  -3.9615492977806650E-016
           4          23  0.20823951046271927     
           4          24 -0.26111331354827139     
           4          25   6.9384686462336786E-015
           4          26 -0.26111331354826911     
           4          27  -2.0933917746224606E-015
           4          28   1.6006599074003415E-015
           4          29 -0.26111331354828216     
           4          30 -0.50618244539233181     
           4          31  -1.2627647856048042E-015
           4          32 -0.50618244539233459     
           4          33   2.7001927953086327E-016
           4          34   9.3654297124327682E-016
           4          35 -0.50618244539233126     
           5           1   8.3728859992857702E-002
           5           2   3.3372072376456590     
           5           3   2.0895479344568111     
           5           4   1.1193587708253856     
           5           5   1.9067168988153633     
           5           6  -1.8529224302950373E-014
           5           7   2.4238658989194355E-014
           5           8   1.9853808046781964E-014
           5           9   2.2519641665654921E-014
           5          10  -3.5131864416262566E-014
           5          11  -3.3854415266509807E-015
           5          12  -1.2779125496132890E-014
           5          13   6.5379794167384363E-015
           5          14   1.3017689024786511E-015
           5          15   3.6839388285206056E-015
           5          16  -2.3990651150056272E-015
           5          17   2.0325684596775587E-015
           5          18  0.35769223450272714     
           5          19   3.6569718412710956E-014
           5          20  0.35769223450274279     
           5          21  -1.8521913503412816E-014
           5          22  -6.3146231379720789E-016
           5          23  0.35769223450272414     
           5          24 -0.44480914716174530     
           5          25   1.1846855438597700E-014
           5          26 -0.44480914716174141     
           5          27  -3.4830859931632110E-015
           5          28   2.7293784632863236E-015
           5          29 -0.44480914716176367     
           5          30 -0.86220887747034258     
           5          31  -2.1598945935095452E-015
           5          32 -0.86220887747034725     
           5          33   4.4115637385250465E-016
           5          34   1.6067694738313371E-015
           5          35 -0.86220887747034169     
           6           1   3.3628787167142108E-014
           6           2   1.1963513458056640E-013
           6           3  -5.1140823374824230E-014
           6           4   2.2407006045719373E-014
           6           5  -1.8529224302950373E-014
           6           6   2.5248165652841976     
           6           7  -6.8833827526760131E-015
           6           8  -2.3314683517128236E-015
           6           9 -0.71888045288870683     
           6          10   1.9817480989559167E-014
           6          11  -6.0229599085914861E-015
           6          12  0.32592753628121174     
           6          13  -6.7446048745978489E-015
           6          14   7.8478890053190832E-015
           6          15  -9.6996570510224672E-002
           6          16  -5.9188765000328595E-015
           6          17   1.3808398868775235E-015
           6          18   1.5524356377832063E-014
           6          19   1.1728158717521649E-015
           6          20   7.0972242806325629E-015
           6          21   1.1369466455856703E-015
           6          22  -4.2625669373442066E-015
           6          23   1.1171437804834409E-014
           6          24   3.6230687107634132E-015
           6          25  -1.6446923988508127E-015
           6          26  -1.0251624798333346E-015
           6          27   1.0257000155805540E-015
           6          28   4.0288466878029867E-015
           6          29  -1.0864916137851628E-014
           6          30   6.7847786501351248E-015
           6          31  -3.0707938697239701E-015
           6          32  -2.0286090003923071E-015
           6          33   1.0450022285465680E-015
           6          34   4.0266614159926256E-015
           6          35  -1.4705757942788552E-015
           7           1  -9.0489910137718108E-015
           7           2  -5.1149695449921718E-015
           7           3   2.9504858891136100E-014
           7           4   2.0594408807685557E-015
           7           5   2.4238658989194355E-014
           7           6  -6.8833827526760131E-015
           7           7   2.5248165652841874     
           7           8   5.5511151231249741E-017
           7           9   6.4392935428260215E-015
           7          10 -0.71888045288870295     
           7          11   2.4424906541753641E-015
           7          12  -8.1323836553793363E-015
           7          13  0.32592753628120813     
           7          14  -2.8588242884097919E-015
           7          15   5.8633653488016293E-015
           7          16  -9.6996570510220634E-002
           7          17   4.0835390624494284E-015
           7          18  -3.9483756489392500E-015
           7          19  -2.5173011013371223E-015
           7          20  -5.4830730224954964E-015
           7          21   2.8249715538343207E-015
           7          22  -1.4258330101661993E-016
           7          23  -4.8240575646344381E-015
           7          24  -3.9716489735578675E-015
           7          25  -3.1708235997973324E-017
           7          26  -4.8065212770119420E-015
           7          27  -3.1799819120745729E-015
           7          28   2.5006964094170401E-015
           7          29  -2.4294211939694350E-015
           7          30  -8.3799525063513278E-015
           7          31  -1.4743679316744057E-015
           7          32  -9.1493367498290541E-015
           7          33   3.0260121031093320E-015
           7          34   4.1716982298215786E-016
           7          35  -1.1035716983989589E-014
           8           1   5.6062364595535103E-015
           8           2   3.1555879009276541E-014
           8           3  -1.2104644866740432E-014
           8           4  -3.6969776201335762E-015
           8           5   1.9853808046781964E-014
           8           6  -2.3314683517128236E-015
           8           7   5.5511151231249741E-017
           8           8   2.5248165652841950     
           8           9   4.6074255521943862E-015
           8          10  -5.3290705182007285E-015
           8          11 -0.71888045288870339     
           8          12   5.1417203827952641E-015
           8          13   6.9527716917150389E-015
           8          14  0.32592753628121451     
           8          15  -5.2544774087337511E-015
           8          16   5.3082538364890415E-016
           8          17  -9.6996570510224589E-002
           8          18   5.0608928120541476E-015
           8          19   3.4007521744028734E-016
           8          20   8.3682297551124276E-015
           8          21  -3.3304696805285242E-016
           8          22   9.5878126868473669E-016
           8          23   6.1469567486859745E-015
           8          24  -3.3327932921813074E-015
           8          25   6.6134980628306611E-016
           8          26  -1.7863855131278448E-015
           8          27  -1.1132062130594628E-015
           8          28  -8.8638651827718688E-016
           8          29   1.2917652297852913E-015
           8          30  -8.6592149720122726E-015
           8          31   1.5484989465912066E-015
           8          32  -4.5317451331542757E-015
           8          33  -5.2911563219960148E-016
           8          34  -2.5924851271837584E-015
           8          35  -4.0969440645930984E-015
           9           1  -9.1148752306733365E-015
           9           2  -3.4916269966083936E-015
           9           3   3.3170784916517668E-014
           9           4   3.7404009444688872E-015
           9           5   2.2519641665654921E-014
           9           6 -0.71888045288870683     
           9           7   6.4392935428260215E-015
           9           8   4.6074255521943862E-015
           9           9  0.20468382244129546     
           9          10  -6.8972605404841069E-015
           9          11   5.7592819402433161E-016
           9          12  -9.2799983219519308E-002
           9          13   2.4980018054066622E-015
           9          14  -1.7173762412170611E-015
           9          15   2.7617427537430975E-002
           9          16   1.5144135945277358E-015
           9          17  -5.4903998014662000E-016
           9          18  -1.1356477283106968E-015
           9          19  -3.3393095428480575E-016
           9          20   1.2637743215466881E-015
           9          21  -3.2371805965132912E-016
           9          22   1.2136628428851824E-015
           9          23   1.0374055762282789E-016
           9          24  -5.0551023707205669E-015
           9          25   4.6828638278348547E-016
           9          26  -3.7316309592235637E-015
           9          27  -2.9204327231812108E-016
           9          28  -1.1471166544809554E-015
           9          29  -9.2999908495201782E-016
           9          30  -9.7290635836229917E-015
           9          31   8.7433428556680018E-016
           9          32  -7.2196646067584524E-015
           9          33  -2.9753911062552110E-016
           9          34  -1.1464944511849720E-015
           9          35  -7.3785510658594913E-015
          10           1   5.7536128376135667E-015
          10           2  -4.1755539175804070E-014
          10           3  -4.4627113062629583E-014
          10           4  -1.7228311995933647E-014
          10           5  -3.5131864416262566E-014
          10           6   1.9817480989559167E-014
          10           7 -0.71888045288870295     
          10           8  -5.3290705182007285E-015
          10           9  -6.8972605404841069E-015
          10          10  0.20468382244129413     
          10          11   8.2572837456490486E-016
          10          12   4.6143644460984915E-015
          10          13  -9.2799983219518156E-002
          10          14   1.2490009027036874E-016
          10          15  -2.3557544803765640E-015
          10          16   2.7617427537429788E-002
          10          17  -9.5843472047725475E-016
          10          18  -3.1665349219042811E-015
          10          19   7.1674060629484169E-016
          10          20  -2.7295669622837350E-015
          10          21  -8.0434232646473597E-016
          10          22   4.0597146508992439E-017
          10          23  -2.9172056752583341E-015
          10          24   7.7067024176653172E-015
          10          25   9.0281533191336631E-018
          10          26   7.9444121142283383E-015
          10          27   9.0542293985344176E-016
          10          28  -7.1201282186476472E-016
          10          29   7.2675903570539344E-015
          10          30   1.5159370796750570E-014
          10          31   4.1979061014572672E-016
          10          32   1.5378434352100184E-014
          10          33  -8.6158376059493740E-016
          10          34  -1.1877901761276033E-016
          10          35   1.5915535500634824E-014
          11           1  -1.3421209233823203E-015
          11           2  -7.2479017491071970E-015
          11           3   7.6972395082035725E-015
          11           4   2.4043748229198389E-015
          11           5  -3.3854415266509807E-015
          11           6  -6.0229599085914861E-015
          11           7   2.4424906541753641E-015
          11           8 -0.71888045288870339     
          11           9   5.7592819402433161E-016
          11          10   8.2572837456490486E-016
          11          11  0.20468382244129374     
          11          12  -2.3175905639050324E-015
          11          13  -1.6653345369377246E-015
          11          14  -9.2799983219519766E-002
          11          15   1.7512033489985927E-015
          11          16  -2.4372864837474426E-016
          11          17   2.7617427537430853E-002
          11          18  -1.3359801154437674E-015
          11          19  -9.6828193260076547E-017
          11          20  -2.2776643202182778E-015
          11          21   9.4827069229100227E-017
          11          22  -2.7298977760615708E-016
          11          23  -1.6452105543466071E-015
          11          24   4.2398466945232295E-016
          11          25  -1.8830336223062474E-016
          11          26  -1.6317544911267826E-017
          11          27   3.1695854566471322E-016
          11          28   2.5237712333442457E-016
          11          29  -8.9274652218868334E-016
          11          30   1.4378137000196999E-015
          11          31  -4.4089762374394609E-016
          11          32   2.6261648853091356E-016
          11          33   1.5065287931653433E-016
          11          34   7.3814743928824408E-016
          11          35   1.3881740016087776E-016
          12           1   3.0179014697800783E-015
          12           2  -3.7359638846490880E-015
          12           3  -1.7119749458969374E-014
          12           4  -3.1939173389000476E-015
          12           5  -1.2779125496132890E-014
          12           6  0.32592753628121174     
          12           7  -8.1323836553793363E-015
          12           8   5.1417203827952641E-015
          12           9  -9.2799983219519308E-002
          12          10   4.6143644460984915E-015
          12          11  -2.3175905639050324E-015
          12          12   4.2073852162952410E-002
          12          13  -1.8041124150159137E-015
          12          14   1.7121720707891212E-015
          12          15  -1.2521247558658131E-002
          12          16  -4.8658993501148483E-016
          12          17  -3.0574501264113812E-017
          12          18  -1.1035137106836503E-016
          12          19   1.5139832051449857E-016
          12          20  -1.1982064018545566E-015
          12          21   1.4676797680050230E-016
          12          22  -5.5025302005096679E-016
          12          23  -6.7226784675899314E-016
          12          24   2.8924356335250247E-015
          12          25  -2.1231266812355757E-016
          12          26   2.2923973729846284E-015
          12          27   1.3240719489821392E-016
          12          28   5.2008216876637958E-016
          12          29   1.0221876035035514E-015
          12          30   5.5716132318982920E-015
          12          31  -3.9640752288627104E-016
          12          32   4.4338966299382428E-015
          12          33   1.3489890966403438E-016
          12          34   5.1980007292344621E-016
          12          35   4.5059329079524150E-015
          13           1  -4.3741008823237141E-015
          13           2   1.1107397614473709E-015
          13           3   1.1153765530175817E-014
          13           4   2.3146874042606577E-015
          13           5   6.5379794167384363E-015
          13           6  -6.7446048745978489E-015
          13           7  0.32592753628120813     
          13           8   6.9527716917150389E-015
          13           9   2.4980018054066622E-015
          13          10  -9.2799983219518156E-002
          13          11  -1.6653345369377246E-015
          13          12  -1.8041124150159137E-015
          13          13   4.2073852162951633E-002
          13          14   5.2735593669694216E-016
          13          15   9.8185348740288406E-016
          13          16  -1.2521247558657519E-002
          13          17   2.6020852139653393E-016
          13          18  -5.5930358903764332E-016
          13          19  -3.2495736811843445E-016
          13          20  -7.5741704439828346E-016
          13          21   3.6467442081360689E-016
          13          22  -1.8406019928007988E-017
          13          23  -6.7234500886706842E-016
          13          24  -1.3013744186839766E-015
          13          25  -4.0932031976857356E-018
          13          26  -1.4091477423842150E-015
          13          27  -4.1050256255138645E-016
          13          28   3.2281387523960591E-016
          13          29  -1.1022888662928977E-015
          13          30  -2.6285922022202758E-015
          13          31  -1.9032555241831887E-016
          13          32  -2.7279116990812416E-015
          13          33   3.9062666297602244E-016
          13          34   5.3852281581532315E-017
          13          35  -2.9714237508727308E-015
          14           1   6.7328862821771324E-016
          14           2   4.8419718802628371E-015
          14           3  -5.3160067232134951E-015
          14           4  -1.2456142410542749E-015
          14           5   1.3017689024786511E-015
          14           6   7.8478890053190832E-015
          14           7  -2.8588242884097919E-015
          14           8  0.32592753628121451     
          14           9  -1.7173762412170611E-015
          14          10   1.2490009027036874E-016
          14          11  -9.2799983219519766E-002
          14          12   1.7121720707891212E-015
          14          13   5.2735593669694216E-016
          14          14   4.2073852162953174E-002
          14          15  -9.8987658347926969E-016
          14          16   1.7824283715661893E-016
          14          17  -1.2521247558658240E-002
          14          18   8.4893787708393537E-016
          14          19   4.3900170529046672E-017
          14          20   1.2758806484220086E-015
          14          21  -4.2992896694314114E-017
          14          22   1.2376868127043540E-016
          14          23   9.8913742582638446E-016
          14          24  -1.4131987451138815E-016
          14          25   8.5373375612979292E-017
          14          26   5.8305272298514194E-017
          14          27  -1.4370333408934788E-016
          14          28  -1.1442327259224922E-016
          14          29   4.5566249093150849E-016
          14          30  -5.4433487315467884E-016
          14          31   1.9989509477085415E-016
          14          32  -1.1521482213323970E-017
          14          33  -6.8303320241914971E-017
          14          34  -3.3466284322067416E-016
          14          35   4.4606809638500281E-017
          15           1  -3.0898979938999547E-015
          15           2  -2.9634208415521282E-016
          15           3   6.0935875064737706E-015
          15           4   8.9710887684903149E-016
          15           5   3.6839388285206056E-015
          15           6  -9.6996570510224672E-002
          15           7   5.8633653488016293E-015
          15           8  -5.2544774087337511E-015
          15           9   2.7617427537430975E-002
          15          10  -2.3557544803765640E-015
          15          11   1.7512033489985927E-015
          15          12  -1.2521247558658131E-002
          15          13   9.8185348740288406E-016
          15          14  -9.8987658347926969E-016
          15          15   3.7263438540874631E-003
          15          16   1.2359904766331640E-017
          15          17   1.5200514458247507E-016
          15          18  -2.1577063668936558E-016
          15          19  -4.5056389031959468E-017
          15          20   1.0797680853267160E-016
          15          21  -4.3678391131975188E-017
          15          22   1.6375620319415368E-016
          15          23  -4.8543369926136666E-017
          15          24  -8.3143056396368238E-016
          15          25   6.3184599002679392E-017
          15          26  -6.5285819137002790E-016
          15          27  -3.9404598833672228E-017
          15          28  -1.5477730826134232E-016
          15          29  -2.7484167618383216E-016
          15          30  -1.6060394528556071E-015
          15          31   1.1797153036877957E-016
          15          32  -1.2674531220969403E-015
          15          33  -4.0146137243488764E-017
          15          34  -1.5469335607481970E-016
          15          35  -1.2888912368368635E-015
          16           1   9.9351975294691067E-016
          16           2  -3.0719562787188759E-015
          16           3  -2.2413037264867146E-015
          16           4  -9.3598502100866512E-016
          16           5  -2.3990651150056272E-015
          16           6  -5.9188765000328595E-015
          16           7  -9.6996570510220634E-002
          16           8   5.3082538364890415E-016
          16           9   1.5144135945277358E-015
          16          10   2.7617427537429788E-002
          16          11  -2.4372864837474426E-016
          16          12  -4.8658993501148483E-016
          16          13  -1.2521247558657519E-002
          16          14   1.7824283715661893E-016
          16          15   1.2359904766331640E-017
          16          16   3.7263438540871673E-003
          16          17  -1.7726705520138355E-016
          16          18  -2.0831363150310362E-016
          16          19   9.6707846870351505E-017
          16          20  -1.4935474155726229E-016
          16          21  -1.0852770703363466E-016
          16          22   5.4776617837611270E-018
          16          23  -1.7467231916059100E-016
          16          24   4.9644596192111419E-016
          16          25   1.2181439994509461E-018
          16          26   5.2851948019665834E-016
          16          27   1.2216623734051011E-016
          16          28  -9.6069939866466051E-017
          16          29   4.3719777430131210E-016
          16          30   9.8512042277596272E-016
          16          31   5.6641197229547322E-017
          16          32   1.0146780682889541E-015
          16          33  -1.1625113695774410E-016
          16          34  -1.6026527513335646E-017
          16          35   1.0871476551522783E-015
          17           1  -1.4616687321839218E-015
          17           2  -5.0076616369159486E-016
          17           3   6.9681506735205459E-015
          17           4   1.8256540512465372E-015
          17           5   2.0325684596775587E-015
          17           6   1.3808398868775235E-015
          17           7   4.0835390624494284E-015
          17           8  -9.6996570510224589E-002
          17           9  -5.4903998014662000E-016
          17          10  -9.5843472047725475E-016
          17          11   2.7617427537430853E-002
          17          12  -3.0574501264113812E-017
          17          13   2.6020852139653393E-016
          17          14  -1.2521247558658240E-002
          17          15   1.5200514458247507E-016
          17          16  -1.7726705520138355E-016
          17          17   3.7263438540874601E-003
          17          18  -3.0973350810183773E-016
          17          19  -1.3064762906189658E-017
          17          20  -4.3679237859931742E-016
          17          21   1.2794756721763322E-017
          17          22  -3.6833762979301673E-017
          17          23  -3.5145712424752858E-016
          17          24  -5.1697494142724511E-016
          17          25  -2.5407256906925189E-017
          17          26  -5.7638371323304429E-016
          17          27   4.2766348423896680E-017
          17          28   3.4052553996027692E-017
          17          29  -6.9463787461707397E-016
          17          30  -9.3616158246267674E-016
          17          31  -5.9489108762698683E-017
          17          32  -1.0947277233690847E-015
          17          33   2.0327180371203304E-017
          17          34   9.9596212213259992E-017
          17          35  -1.1114315952798201E-015
          18           1  0.11894064365757769     
          18           2  0.78545130758775117     
          18           3  0.25679286612754976     
          18           4  0.20823951046272110     
          18           5  0.35769223450272714     
          18           6   1.5524356377832063E-014
          18           7  -3.9483756489392500E-015
          18           8   5.0608928120541476E-015
          18           9  -1.1356477283106968E-015
          18          10  -3.1665349219042811E-015
          18          11  -1.3359801154437674E-015
          18          12  -1.1035137106836503E-016
          18          13  -5.5930358903764332E-016
          18          14   8.4893787708393537E-016
          18          15  -2.1577063668936558E-016
          18          16  -2.0831363150310362E-016
          18          17  -3.0973350810183773E-016
          18          18   9.2706386008488836E-002
          18          19   6.2019449871732122E-015
          18          20   9.2706386008491029E-002
          18          21  -3.2971356296860114E-015
          18          22   2.4935525374459329E-016
          18          23   9.2706386008489128E-002
          18          24  -8.3701396350723392E-002
          18          25   2.4803568389969027E-015
          18          26  -8.3701396350723420E-002
          18          27   7.3075031581764923E-017
          18          28   5.5834873436243761E-016
          18          29  -8.3701396350727111E-002
          18          30 -0.16155175756312706     
          18          31  -4.8628062624884616E-016
          18          32 -0.16155175756312734     
          18          33  -6.6937027774143551E-017
          18          34   3.7886795120569595E-016
          18          35 -0.16155175756312617     
          19           1  -7.4894157586262592E-016
          19           2   5.9857722878145170E-014
          19           3   4.3568066134343516E-014
          19           4   2.1513326168355762E-014
          19           5   3.6569718412710956E-014
          19           6   1.1728158717521649E-015
          19           7  -2.5173011013371223E-015
          19           8   3.4007521744028734E-016
          19           9  -3.3393095428480575E-016
          19          10   7.1674060629484169E-016
          19          11  -9.6828193260076547E-017
          19          12   1.5139832051449857E-016
          19          13  -3.2495736811843445E-016
          19          14   4.3900170529046672E-017
          19          15  -4.5056389031959468E-017
          19          16   9.6707846870351505E-017
          19          17  -1.3064762906189658E-017
          19          18   6.2019449871732122E-015
          19          19   7.2146660474680614E-028
          19          20   6.2019449871735294E-015
          19          21  -3.6203310238370039E-028
          19          22  -2.3209525952163004E-029
          19          23   6.2019449871731302E-015
          19          24  -8.5244053389812824E-015
          19          25   2.1969320869240092E-028
          19          26  -8.5244053389811925E-015
          19          27  -8.2179872477213002E-029
          19          28   5.0116721482778078E-029
          19          29  -8.5244053389816374E-015
          19          30  -1.6541662320737420E-014
          19          31  -3.9026906883568513E-029
          19          32  -1.6541662320737524E-014
          19          33   9.5459911408792646E-030
          19          34   3.0216124720296572E-029
          19          35  -1.6541662320737420E-014
          20           1  0.11894064365757484     
          20           2  0.78545130758777404     
          20           3  0.25679286612757080     
          20           4  0.20823951046273037     
          20           5  0.35769223450274279     
          20           6   7.0972242806325629E-015
          20           7  -5.4830730224954964E-015
          20           8   8.3682297551124276E-015
          20           9   1.2637743215466881E-015
          20          10  -2.7295669622837350E-015
          20          11  -2.2776643202182778E-015
          20          12  -1.1982064018545566E-015
          20          13  -7.5741704439828346E-016
          20          14   1.2758806484220086E-015
          20          15   1.0797680853267160E-016
          20          16  -1.4935474155726229E-016
          20          17  -4.3679237859931742E-016
          20          18   9.2706386008491029E-002
          20          19   6.2019449871735294E-015
          20          20   9.2706386008493222E-002
          20          21  -3.2971356296861751E-015
          20          22   2.4935525374459294E-016
          20          23   9.2706386008491320E-002
          20          24  -8.3701396350727042E-002
          20          25   2.4803568389969998E-015
          20          26  -8.3701396350727070E-002
          20          27   7.3075031581712563E-017
          20          28   5.5834873436244313E-016
          20          29  -8.3701396350730761E-002
          20          30 -0.16155175756313417     
          20          31  -4.8628062624884853E-016
          20          32 -0.16155175756313445     
          20          33  -6.6937027774141283E-017
          20          34   3.7886795120568934E-016
          20          35 -0.16155175756313328     
          21           1   5.1064818483901958E-016
          21           2  -3.1412470894026974E-014
          21           3  -2.1203947937578367E-014
          21           4  -1.0886129123549623E-014
          21           5  -1.8521913503412816E-014
          21           6   1.1369466455856703E-015
          21           7   2.8249715538343207E-015
          21           8  -3.3304696805285242E-016
          21           9  -3.2371805965132912E-016
          21          10  -8.0434232646473597E-016
          21          11   9.4827069229100227E-017
          21          12   1.4676797680050230E-016
          21          13   3.6467442081360689E-016
          21          14  -4.2992896694314114E-017
          21          15  -4.3678391131975188E-017
          21          16  -1.0852770703363466E-016
          21          17   1.2794756721763322E-017
          21          18  -3.2971356296860114E-015
          21          19  -3.6203310238370039E-028
          21          20  -3.2971356296861751E-015
          21          21   1.8508037227025563E-028
          21          22   6.6164347539193740E-030
          21          23  -3.2971356296859803E-015
          21          24   4.3194457123486594E-015
          21          25  -1.1465727993976063E-028
          21          26   4.3194457123486136E-015
          21          27   3.5529985035893972E-029
          21          28  -2.2069437066261386E-029
          21          29   4.3194457123488306E-015
          21          30   8.3769140584807674E-015
          21          31   1.7306901307963735E-029
          21          32   8.3769140584808100E-015
          21          33  -1.7248040440617952E-030
          21          34  -1.1870269662009566E-029
          21          35   8.3769140584807548E-015
          22           1   1.8539329474381584E-015
          22           2   1.1192743945207695E-015
          22           3  -2.6136783592595087E-015
          22           4  -3.9615492977806650E-016
          22           5  -6.3146231379720789E-016
          22           6  -4.2625669373442066E-015
          22           7  -1.4258330101661993E-016
          22           8   9.5878126868473669E-016
          22           9   1.2136628428851824E-015
          22          10   4.0597146508992439E-017
          22          11  -2.7298977760615708E-016
          22          12  -5.5025302005096679E-016
          22          13  -1.8406019928007988E-017
          22          14   1.2376868127043540E-016
          22          15   1.6375620319415368E-016
          22          16   5.4776617837611270E-018
          22          17  -3.6833762979301673E-017
          22          18   2.4935525374459329E-016
          22          19  -2.3209525952163004E-029
          22          20   2.4935525374459294E-016
          22          21   6.6164347539193740E-030
          22          22   1.3151809622912443E-029
          22          23   2.4935525374461389E-016
          22          24   1.4383894672891928E-016
          22          25   2.4829468758112766E-030
          22          26   1.4383894672891559E-016
          22          27   9.3580334858246734E-030
          22          28  -7.9154493878824772E-030
          22          29   1.4383894672894758E-016
          22          30   2.8836970102612053E-016
          22          31   5.4875961373531149E-030
          22          32   2.8836970102614656E-016
          22          33  -4.6473813088177712E-030
          22          34  -6.8462140340243153E-030
          22          35   2.8836970102614538E-016
          23           1  0.11894064365757850     
          23           2  0.78545130758775161     
          23           3  0.25679286612754182     
          23           4  0.20823951046271927     
          23           5  0.35769223450272414     
          23           6   1.1171437804834409E-014
          23           7  -4.8240575646344381E-015
          23           8   6.1469567486859745E-015
          23           9   1.0374055762282789E-016
          23          10  -2.9172056752583341E-015
          23          11  -1.6452105543466071E-015
          23          12  -6.7226784675899314E-016
          23          13  -6.7234500886706842E-016
          23          14   9.8913742582638446E-016
