           1           1  0.42577517479512228     
           1           2  0.62064109988812377     
           1           3  -5.6785681627595910E-002
           1           4 -0.14339811717259088     
           1           5  -4.4327960143438261E-002
           1           6   6.4111975039577428E-016
           1           7   3.3739886137099163E-015
           1           8   1.3111888481649961E-015
           1           9  -4.5684677922496880E-015
           1          10   1.2977032070503071E-016
           1          11   2.8930373504499756E-015
           1          12   1.5366048636167871E-015
           1          13  -2.6728742595886114E-016
           1          14   8.4598573597996122E-016
           1          15   1.5380717332588961E-003
           1          16  -6.8889592658871208E-016
           1          17   1.5380717332594404E-003
           1          18   8.9091023455380299E-016
           1          19   2.7738727463627167E-016
           1          20   1.5380717332632067E-003
           1          21   7.1315803287089205E-003
           1          22  -2.3450928568763395E-016
           1          23   7.1315803287076759E-003
           1          24  -2.8074648991386534E-015
           1          25   1.1861241213884951E-015
           1          26   7.1315803287099935E-003
           1          27   1.8825955934140751E-015
           1          28  -3.2232247537782922E-015
           1          29   1.1843608953714364E-015
           1          30  -9.7442329045728350E-016
           1          31  -9.0058414451182977E-016
           1          32  -3.5859855025121208E-018
           1          33  -6.1791396955588028E-016
           1          34   3.1273944380583756E-015
           1          35   4.7325164903603076E-017
           1          36  -6.2588979292856637E-016
           2           1  0.62064109988812377     
           2           2  0.92252119023153822     
           2           3 -0.15791680109136549     
           2           4 -0.29572874107321390     
           2           5 -0.10392699964981149     
           2           6   7.8896596912576306E-016
           2           7   3.5765703255258535E-015
           2           8   2.4411102392634369E-015
           2           9  -6.7529796336682296E-015
           2          10  -3.7834421523454943E-016
           2          11   4.7858686316256799E-015
           2          12   2.0193419820573325E-015
           2          13  -1.0454899302526792E-015
           2          14   1.3335729479098808E-015
           2          15   1.0937508349836015E-003
           2          16  -1.0126962912750463E-015
           2          17   1.0937508349842535E-003
           2          18   1.2926209095397990E-015
           2          19   4.0381738827261648E-016
           2          20   1.0937508349891584E-003
           2          21   7.7221778450644787E-003
           2          22  -2.5172153318539726E-016
           2          23   7.7221778450638316E-003
           2          24  -3.9937759237541866E-015
           2          25   1.6715320486982643E-015
           2          26   7.7221778450676237E-003
           2          27   2.7029200264369560E-015
           2          28  -4.5867438976247920E-015
           2          29   1.7073295758765500E-015
           2          30  -1.4647060939595617E-015
           2          31  -1.3134747093048234E-015
           2          32  -2.6469817006029535E-017
           2          33  -8.6185972498358441E-016
           2          34   4.4355106815652862E-015
           2          35  -1.2590472889073335E-017
           2          36  -9.6604127358099738E-016
           3           1  -5.6785681627595910E-002
           3           2 -0.15791680109136549     
           3           3  0.32463876856648760     
           3           4  0.38434016176578983     
           3           5  0.17066212225680241     
           3           6  -1.3754998649114149E-015
           3           7   9.7703101534627601E-015
           3           8  -3.7478854096226652E-015
           3           9  -5.8620341193118604E-016
           3          10   6.4085716916602584E-015
           3          11  -3.9912676218293459E-015
           3          12  -2.1577391832924204E-016
           3          13   4.9450157270729947E-015
           3          14  -1.1524973387031998E-015
           3          15   4.6178136636556818E-003
           3          16   1.6306652744718112E-016
           3          17   4.6178136636560495E-003
           3          18  -9.0548634671223987E-017
           3          19  -6.8806864991044617E-017
           3          20   4.6178136636581294E-003
           3          21   1.0362516427216084E-002
           3          22  -4.7202317483710461E-016
           3          23   1.0362516427211310E-002
           3          24   2.5649049662641816E-018
           3          25   6.1093597522862104E-017
           3          26   1.0362516427209178E-002
           3          27  -1.9688692856049277E-016
           3          28   9.1376719349661607E-018
           3          29  -1.4328767931842741E-016
           3          30   4.0516051283753491E-016
           3          31   1.1643154462459300E-016
           3          32   9.6754642194960501E-017
           3          33  -8.8994037727748968E-017
           3          34   7.7086328467237869E-017
           3          35   3.5462384199683358E-016
           3          36   3.5811548054320751E-016
           4           1 -0.14339811717259088     
           4           2 -0.29572874107321390     
           4           3  0.38434016176578983     
           4           4  0.47164963462006787     
           4           5  0.20267207634834683     
           4           6   2.5686902350741698E-015
           4           7   1.0074500639259702E-015
           4           8  -4.7978664801645302E-015
           4           9   3.6544224395378067E-015
           4          10  -1.1458156774844501E-015
           4          11  -5.4552008940931995E-015
           4          12   1.6211054015746792E-015
           4          13   1.2201848723566594E-015
           4          14  -1.6588005524410239E-015
           4          15   5.1758413397385902E-003
           4          16   2.2288442697440690E-016
           4          17   5.1758413397392814E-003
           4          18  -2.8185670794858941E-016
           4          19  -3.9924914374224654E-017
           4          20   5.1758413397407334E-003
           4          21   1.0332094809369176E-002
           4          22  -1.8305133455455763E-016
           4          23   1.0332094809363708E-002
           4          24   4.0899351026259136E-016
           4          25  -7.7970031107729658E-017
           4          26   1.0332094809361092E-002
           4          27  -2.5143218395815380E-016
           4          28   4.8517630406300295E-016
           4          29  -2.2146766261147313E-016
           4          30   4.2346832444123470E-016
           4          31   3.0927893304732773E-016
           4          32   1.0487747428041583E-016
           4          33   7.8318101533563749E-018
           4          34  -4.1915570357819909E-016
           4          35   3.6974149874263657E-016
           4          36   4.0485764377541731E-016
           5           1  -4.4327960143438261E-002
           5           2 -0.10392699964981149     
           5           3  0.17066212225680241     
           5           4  0.20267207634834683     
           5           5  0.10277136524480697     
           5           6   2.6361942131968549E-015
           5           7  -7.7437469590329774E-015
           5           8   9.8091215950274627E-015
           5           9   2.8845898113563803E-015
           5          10  -8.1435146805187695E-015
           5          11   8.7977664739435764E-015
           5          12   1.4050101426138028E-015
           5          13  -3.4601181842543062E-015
           5          14   5.0183903122349508E-015
           5          15   2.1710791528627743E-003
           5          16   8.1344761815691994E-017
           5          17   2.1710791528631469E-003
           5          18  -6.3398366538234851E-017
           5          19  -2.4365564653797908E-017
           5          20   2.1710791528639093E-003
           5          21   5.6109278378917715E-003
           5          22  -1.4120671925407446E-016
           5          23   5.6109278378898972E-003
           5          24   5.1015389455886105E-017
           5          25  -1.3325856800287538E-017
           5          26   5.6109278378886074E-003
           5          27  -9.7962388294129912E-017
           5          28   4.0026309328546970E-017
           5          29  -4.1618922012177102E-017
           5          30   1.5378620917154015E-016
           5          31   1.1557539392864572E-016
           5          32   2.1752553247594598E-017
           5          33   3.4960609900556188E-017
           5          34  -4.5034989205548237E-017
           5          35   1.3515767315338685E-016
           5          36   1.6994542510648712E-016
           6           1   6.4111975039577428E-016
           6           2   7.8896596912576306E-016
           6           3  -1.3754998649114149E-015
           6           4   2.5686902350741698E-015
           6           5   2.6361942131968549E-015
           6           6  0.23903784015847065     
           6           7   2.4563684419831498E-015
           6           8  -1.6835491334354727E-015
           6           9  0.22392954677297700     
           6          10   8.6562701451242644E-016
           6          11  -1.7607443281164464E-015
           6          12  0.11667084550773761     
           6          13   2.2065682614425014E-015
           6          14   4.7444687067966443E-016
           6          15  -2.2671712193618320E-016
           6          16   4.4076555263187301E-016
           6          17  -5.8511812852473795E-017
           6          18  -5.5619788864756057E-017
           6          19  -1.3789650007164523E-016
           6          20   3.0985577297049986E-016
           6          21  -4.2492879302826776E-016
           6          22   1.4357614231142834E-015
           6          23   2.2178653249428414E-016
           6          24   2.8683411060285753E-016
           6          25   8.9346006300418656E-016
           6          26   6.4002101077656386E-016
           6          27   4.4579911269335463E-004
           6          28  -1.9292022406675602E-017
           6          29   1.9936773638737254E-004
           6          30   1.1235146656334631E-015
           6          31   9.9340024053983900E-017
           6          32   1.2127097188786125E-017
           6          33  -3.6033120389376853E-016
           6          34   1.9936773638755851E-004
           6          35   3.9513578769644763E-016
           6          36  -7.1865663376848554E-017
           7           1   3.3739886137099163E-015
           7           2   3.5765703255258535E-015
           7           3   9.7703101534627601E-015
           7           4   1.0074500639259702E-015
           7           5  -7.7437469590329774E-015
           7           6   2.4563684419831498E-015
           7           7  0.23903784015847288     
           7           8   4.1633363423442670E-016
           7           9  -1.8471335572201067E-014
           7          10  0.22392954677298460     
           7          11   1.3183898417423700E-015
           7          12   1.2337353361147050E-014
           7          13  0.11667084550773379     
           7          14  -3.8372083288607020E-015
           7          15   1.0206198380422857E-015
           7          16  -1.4054958297433451E-015
           7          17  -3.4111623598983668E-016
           7          18   2.3586278064409669E-016
           7          19   9.6695712750384625E-016
           7          20  -1.4655621947568256E-015
           7          21   1.1996205165560600E-016
           7          22  -3.5530903864781891E-015
           7          23  -2.6684658405592485E-015
           7          24  -1.0587553001130484E-015
           7          25  -3.0712155428104363E-015
           7          26  -1.9770139168617743E-015
           7          27   6.5591961387074464E-015
           7          28   1.9936773638793491E-004
           7          29   1.2089938425385901E-015
           7          30   4.4579911268920788E-004
           7          31   3.5555054993946338E-016
           7          32  -6.3999939411808088E-016
           7          33   1.4106554466208884E-015
           7          34   1.1015138318614930E-015
           7          35   1.9936773638531708E-004
           7          36   7.0727928722091537E-016
           8           1   1.3111888481649961E-015
           8           2   2.4411102392634369E-015
           8           3  -3.7478854096226652E-015
           8           4  -4.7978664801645302E-015
           8           5   9.8091215950274627E-015
           8           6  -1.6835491334354727E-015
           8           7   4.1633363423442670E-016
           8           8  0.23903784015847393     
           8           9   6.8148611753748756E-015
           8          10  -5.2319260035460470E-015
           8          11  0.22392954677297550     
           8          12  -5.0363359316296510E-015
           8          13   3.4139358007223595E-015
           8          14  0.11667084550774140     
           8          15  -5.1619330777337433E-016
           8          16   8.3941319864258138E-016
           8          17   2.4640327891399069E-016
           8          18  -3.8622580034815423E-016
           8          19  -6.6727599903728322E-016
           8          20   8.0049864277086076E-016
           8          21   2.7770373748464144E-016
           8          22   1.7021449776706320E-015
           8          23   9.5064545969381178E-017
           8          24   4.4577278870925320E-016
           8          25   1.3323109980477655E-015
           8          26   1.1349765272857448E-015
           8          27  -2.4076979288339118E-015
           8          28  -2.2844139774270846E-016
           8          29   2.3007108913330384E-017
           8          30   2.5496911439798400E-015
           8          31   1.9936773638714106E-004
           8          32   5.1490559070867588E-016
           8          33   1.9936773638675145E-004
           8          34  -3.1418400189439679E-016
           8          35   1.3183356316337489E-015
           8          36   4.4579911269414951E-004
           9           1  -4.5684677922496880E-015
           9           2  -6.7529796336682296E-015
           9           3  -5.8620341193118604E-016
           9           4   3.6544224395378067E-015
           9           5   2.8845898113563803E-015
           9           6  0.22392954677297700     
           9           7  -1.8471335572201067E-014
           9           8   6.8148611753748756E-015
           9           9  0.20977616717381448     
           9          10  -1.8651746813702712E-014
           9          11   6.1938301709751747E-015
           9          12  0.10929671025661619     
           9          13  -8.0708009719821124E-015
           9          14   4.5341334853343835E-015
           9          15  -2.5386244296411488E-016
           9          16   4.1290713791843930E-016
           9          17  -9.6288484786765754E-017
           9          18  -5.2104361819227431E-017
           9          19  -1.2918080560878355E-016
           9          20   2.4879657155636887E-016
           9          21  -4.3934235483261212E-016
           9          22   1.3450146827758783E-015
           9          23   1.6649758096776148E-016
           9          24   2.6870487260002945E-016
           9          25   8.3698926845938941E-016
           9          26   5.5829771229621104E-016
           9          27   4.1762255378076244E-004
           9          28  -3.5394118733909116E-017
           9          29   1.8676677642661774E-004
           9          30   1.0137595244600957E-015
           9          31   1.0005407282852962E-016
           9          32   1.1360608744518125E-017
           9          33  -3.3057070129198070E-016
           9          34   1.8676677642679197E-004
           9          35   3.5284173857415000E-016
           9          36  -5.1691032639111338E-017
          10           1   1.2977032070503071E-016
          10           2  -3.7834421523454943E-016
          10           3   6.4085716916602584E-015
          10           4  -1.1458156774844501E-015
          10           5  -8.1435146805187695E-015
          10           6   8.6562701451242644E-016
          10           7  0.22392954677298460     
          10           8  -5.2319260035460470E-015
          10           9  -1.8651746813702712E-014
          10          10  0.20977616717382680     
          10          11  -4.0106806764583717E-015
          10          12   1.0852430065710918E-014
          10          13  0.10929671025661532     
          10          14  -6.3352101342673035E-015
          10          15   9.1875128936607232E-016
          10          16  -1.3166620144204040E-015
          10          17  -3.5691678762231971E-016
          10          18   2.2095516565591928E-016
          10          19   9.0584097968464513E-016
          10          20  -1.4102925784615824E-015
          10          21  -8.9553486968906097E-017
          10          22  -3.3285186954501392E-015
          10          23  -2.7017398826410239E-015
          10          24  -9.9183708462490935E-016
          10          25  -2.8771005631901283E-015
          10          26  -2.0539909078919167E-015
          10          27   6.1419443207582213E-015
          10          28   1.8676677642714921E-004
          10          29   1.1313785195158020E-015
          10          30   4.1762255377688804E-004
          10          31   3.2839128551869775E-016
          10          32  -5.9954848221870850E-016
          10          33   1.3168041960651090E-015
          10          34   1.0306951012074765E-015
          10          35   1.8676677642469688E-004
          10          36   6.5212050169570300E-016
          11           1   2.8930373504499756E-015
          11           2   4.7858686316256799E-015
          11           3  -3.9912676218293459E-015
          11           4  -5.4552008940931995E-015
          11           5   8.7977664739435764E-015
          11           6  -1.7607443281164464E-015
          11           7   1.3183898417423700E-015
          11           8  0.22392954677297550     
          11           9   6.1938301709751747E-015
          11          10  -4.0106806764583717E-015
          11          11  0.20977616717380881     
          11          12  -4.8108218797526692E-015
          11          13   3.6498581934552053E-015
          11          14  0.10929671025661751     
          11          15  -4.8575653849119728E-016
          11          16   7.8635841506377695E-016
          11          17   2.2864042859276141E-016
          11          18  -3.6181454938955505E-016
          11          19  -6.2510107997060620E-016
          11          20   7.4771441125266888E-016
          11          21   2.8656489477738653E-016
          11          22   1.5945615687414883E-015
          11          23   1.1546934207375102E-016
          11          24   4.1759789359378380E-016
          11          25   1.2481028014463830E-015
          11          26   1.0896540925114960E-015
          11          27  -2.2558554145773177E-015
          11          28  -2.1324901480075422E-016
          11          29   2.1396052247651882E-017
          11          30   2.3902863195701591E-015
          11          31   1.8676677642639713E-004
          11          32   4.8236118382689076E-016
          11          33   1.8676677642603210E-004
          11          34  -2.9448794477189328E-016
          11          35   1.2357736361989776E-015
          11          36   4.1762255378149845E-004
          12           1   1.5366048636167871E-015
          12           2   2.0193419820573325E-015
          12           3  -2.1577391832924204E-016
          12           4   1.6211054015746792E-015
          12           5   1.4050101426138028E-015
          12           6  0.11667084550773761     
          12           7   1.2337353361147050E-014
          12           8  -5.0363359316296510E-015
          12           9  0.10929671025661619     
          12          10   1.0852430065710918E-014
          12          11  -4.8108218797526692E-015
          12          12   5.6945319546337171E-002
          12          13   6.5125856096859328E-015
          12          14  -1.8290490649830416E-015
          12          15  -9.3211321737273685E-017
          12          16   2.1513116777717604E-016
          12          17  -1.1112790322077570E-017
          12          18  -2.7147198910039136E-017
          12          19  -6.7305248596776535E-017
          12          20   1.6868199726095054E-016
          12          21  -1.7282116318854625E-016
          12          22   7.0077398235793347E-016
          12          23   1.4283105229947622E-016
          12          24   1.3999950042341894E-016
          12          25   4.3608468395192085E-016
          12          26   3.4696513487542918E-016
          12          27   2.1758797423057199E-004
          12          28  -1.2705494210540483E-019
          12          29   9.7308452736428531E-005
          12          30   5.6914176605088558E-016
          12          31   4.4967708620308007E-017
          12          32   5.9190573409754140E-018
          12          33  -1.7939395493193690E-016
          12          34   9.7308452736519306E-005
          12          35   2.0215203615876342E-016
          12          36  -4.2939488228117408E-017
          13           1  -2.6728742595886114E-016
          13           2  -1.0454899302526792E-015
          13           3   4.9450157270729947E-015
          13           4   1.2201848723566594E-015
          13           5  -3.4601181842543062E-015
          13           6   2.2065682614425014E-015
          13           7  0.11667084550773379     
          13           8   3.4139358007223595E-015
          13           9  -8.0708009719821124E-015
          13          10  0.10929671025661532     
          13          11   3.6498581934552053E-015
          13          12   6.5125856096859328E-015
          13          13   5.6945319546332918E-002
          13          14  -3.0878077872387137E-016
          13          15   4.9721149097087160E-016
          13          16  -6.8600179245694089E-016
          13          17  -1.6743180989886114E-016
          13          18   1.1512114577050177E-016
          13          19   4.7195751752446488E-016
          13          20  -7.1625730401365676E-016
          13          21   1.0868547226686006E-017
          13          22  -1.7342110323661365E-015
          13          23  -1.3501219955525400E-015
          13          24  -5.1676285214127055E-016
          13          25  -1.4990150257324478E-015
          13          26  -1.0126345060728122E-015
          13          27   3.2033312227829519E-015
          13          28   9.7308452736698931E-005
          13          29   5.9093084158607394E-016
          13          30   2.1758797422853881E-004
          13          31   1.7620995808320540E-016
          13          32  -3.1237426838650173E-016
          13          33   6.9119243748666416E-016
          13          34   5.3847409116261611E-016
          13          35   9.7308452735421226E-005
          13          36   3.5120018872236308E-016
          14           1   8.4598573597996122E-016
          14           2   1.3335729479098808E-015
          14           3  -1.1524973387031998E-015
          14           4  -1.6588005524410239E-015
          14           5   5.0183903122349508E-015
          14           6   4.7444687067966443E-016
          14           7  -3.8372083288607020E-015
          14           8  0.11667084550774140     
          14           9   4.5341334853343835E-015
          14          10  -6.3352101342673035E-015
          14          11  0.10929671025661751     
          14          12  -1.8290490649830416E-015
          14          13  -3.0878077872387137E-016
          14          14   5.6945319546340085E-002
          14          15  -2.4252841150094189E-016
          14          16   4.0970520630150895E-016
          14          17   1.2968373905709957E-016
          14          18  -1.8851111879880621E-016
          14          19  -3.2568757709279219E-016
          14          20   4.0012951680614348E-016
          14          21   1.6708871973810420E-016
          14          22   8.3079186788979727E-016
          14          23   7.7945223115143601E-017
          14          24   2.1757512588206748E-016
          14          25   6.5028135511288199E-016
          14          26   5.8551092916975846E-016
          14          27  -1.1727552319562033E-015
          14          28  -1.1487799643841915E-016
          14          29   1.2304424108290981E-017
          14          30   1.2369256010072428E-015
          14          31   9.7308452736317386E-005
          14          32   2.5131782727295277E-016
          14          33   9.7308452736127204E-005
          14          34  -1.5227577160911411E-016
          14          35   6.4007908131755184E-016
          14          36   2.1758797423096401E-004
          15           1   1.5380717332588961E-003
          15           2   1.0937508349836015E-003
          15           3   4.6178136636556818E-003
          15           4   5.1758413397385902E-003
          15           5   2.1710791528627743E-003
          15           6  -2.2671712193618320E-016
          15           7   1.0206198380422857E-015
          15           8  -5.1619330777337433E-016
          15           9  -2.5386244296411488E-016
          15          10   9.1875128936607232E-016
          15          11  -4.8575653849119728E-016
          15          12  -9.3211321737273685E-017
          15          13   4.9721149097087160E-016
          15          14  -2.4252841150094189E-016
          15          15   8.6528149790207170E-005
          15          16  -5.5078138640352025E-018
          15          17   8.6528149790231755E-005
          15          18   2.8809285760425117E-018
          15          19   4.6139668043118953E-018
          15          20   8.6528149790273916E-005
          15          21   1.8086666273886646E-004
          15          22   5.7947645046049853E-018
          15          23   1.8086666273877392E-004
          15          24  -2.0569987515576641E-017
          15          25   1.0878271962175250E-017
          15          26   1.8086666273876771E-004
          15          27   2.1480623405526668E-017
          15          28  -2.1964871869771903E-017
          15          29   1.1238857269160651E-017
          15          30  -6.8778019540788855E-018
          15          31  -3.2982704763306062E-018
          15          32   1.2944407210279924E-018
          15          33  -5.6692886823575841E-018
          15          34   2.1384552848014594E-017
          15          35   5.5728877175430453E-018
          15          36  -4.2894902403804567E-018
          16           1  -6.8889592658871208E-016
          16           2  -1.0126962912750463E-015
          16           3   1.6306652744718112E-016
          16           4   2.2288442697440690E-016
          16           5   8.1344761815691994E-017
          16           6   4.4076555263187301E-016
          16           7  -1.4054958297433451E-015
          16           8   8.3941319864258138E-016
          16           9   4.1290713791843930E-016
          16          10  -1.3166620144204040E-015
          16          11   7.8635841506377695E-016
          16          12   2.1513116777717604E-016
          16          13  -6.8600179245694089E-016
          16          14   4.0970520630150895E-016
          16          15  -5.5078138640352025E-018
          16          16   1.7100005946997947E-029
          16          17  -5.5078138640416366E-018
          16          18  -3.8247423924165780E-030
          16          19  -1.2588306816555945E-029
          16          20  -5.5078138640259380E-018
          16          21  -1.0413787530169697E-018
          16          22   1.6025536689327569E-029
          16          23  -1.0413787529958754E-018
          16          24   1.7598466099535800E-029
          16          25   1.9744928637675267E-029
          16          26  -1.0413787530096681E-018
          16          27   8.2201584537283533E-019
          16          28  -1.1722433648607078E-018
          16          29   3.6761723768789852E-019
          16          30  -2.6212117435776195E-018
          16          31   7.0010634799777366E-019
          16          32   6.1654380689730848E-030
          16          33   7.0010634798907501E-019
          16          34   3.6761723768898137E-019
          16          35  -1.1722433648479772E-018
          16          36   1.5654829331250516E-018
          17           1   1.5380717332594404E-003
          17           2   1.0937508349842535E-003
          17           3   4.6178136636560495E-003
          17           4   5.1758413397392814E-003
          17           5   2.1710791528631469E-003
          17           6  -5.8511812852473795E-017
          17           7  -3.4111623598983668E-016
          17           8   2.4640327891399069E-016
          17           9  -9.6288484786765754E-017
          17          10  -3.5691678762231971E-016
          17          11   2.2864042859276141E-016
          17          12  -1.1112790322077570E-017
          17          13  -1.6743180989886114E-016
          17          14   1.2968373905709957E-016
          17          15   8.6528149790231755E-005
          17          16  -5.5078138640416366E-018
          17          17   8.6528149790256352E-005
          17          18   2.8809285760392727E-018
          17          19   4.6139668043206791E-018
          17          20   8.6528149790298514E-005
          17          21   1.8086666273886136E-004
          17          22   5.7947645046887278E-018
          17          23   1.8086666273876877E-004
          17          24  -2.0569987515593530E-017
          17          25   1.0878271962210976E-017
          17          26   1.8086666273876259E-004
          17          27   2.1794321761792248E-017
          17          28  -2.3100617735212932E-017
          17          29   1.1379147658765793E-017
          17          30  -9.4174029357685944E-018
          17          31  -2.6622324533822385E-018
          17          32   1.2944407210309510E-018
          17          33  -5.0332506594173207E-018
          17          34   2.1524843237604150E-017
          17          35   4.4371418521432347E-018
          17          36  -2.8672682128688509E-018
          18           1   8.9091023455380299E-016
          18           2   1.2926209095397990E-015
          18           3  -9.0548634671223987E-017
          18           4  -2.8185670794858941E-016
          18           5  -6.3398366538234851E-017
          18           6  -5.5619788864756057E-017
          18           7   2.3586278064409669E-016
          18           8  -3.8622580034815423E-016
          18           9  -5.2104361819227431E-017
          18          10   2.2095516565591928E-016
          18          11  -3.6181454938955505E-016
          18          12  -2.7147198910039136E-017
          18          13   1.1512114577050177E-016
          18          14  -1.8851111879880621E-016
          18          15   2.8809285760425117E-018
          18          16  -3.8247423924165780E-030
          18          17   2.8809285760392727E-018
          18          18   2.8148540483430377E-030
          18          19   2.1887622945574016E-030
          18          20   2.8809285760465281E-018
          18          21   1.7615481667630282E-017
          18          22  -8.7155237132317086E-030
          18          23   1.7615481667625851E-017
          18          24  -7.2031675300996883E-030
          18          25  -3.2428664441700820E-030
          18          26   1.7615481667628042E-017
          18          27  -1.0372940328033821E-019
          18          28   1.9671960156013691E-019
          18          29  -4.6389272076240058E-020
          18          30   4.3987771248497889E-019
          18          31  -3.2212876212008435E-019
          18          32  -1.4381312528215027E-030
          18          33  -3.2212876211765123E-019
          18          34  -4.6389272071264984E-020
          18          35   1.9671960156144390E-019
          18          36  -7.2030068118353169E-019
          19           1   2.7738727463627167E-016
          19           2   4.0381738827261648E-016
          19           3  -6.8806864991044617E-017
          19           4  -3.9924914374224654E-017
          19           5  -2.4365564653797908E-017
          19           6  -1.3789650007164523E-016
          19           7   9.6695712750384625E-016
          19           8  -6.6727599903728322E-016
          19           9  -1.2918080560878355E-016
          19          10   9.0584097968464513E-016
          19          11  -6.2510107997060620E-016
          19          12  -6.7305248596776535E-017
          19          13   4.7195751752446488E-016
          19          14  -3.2568757709279219E-016
          19          15   4.6139668043118953E-018
          19          16  -1.2588306816555945E-029
          19          17   4.6139668043206791E-018
          19          18   2.1887622945574016E-030
          19          19   9.7963748181852071E-030
          19          20   4.6139668043049250E-018
          19          21  -4.4960949701851111E-018
          19          22  -6.6314880774075447E-030
          19          23  -4.4960949701999993E-018
          19          24  -1.2180954208002075E-029
          19          25  -1.3194715143958194E-029
          19          26  -4.4960949701888289E-018
          19          27  -2.5717324639218594E-019
          19          28   8.0648341520039644E-019
          19          29  -1.1501155237109257E-019
          19          30   1.8033489139621387E-018
          19          31  -5.5653659431084070E-019
          19          32  -4.5651309967061062E-030
          19          33  -5.5653659430524665E-019
          19          34  -1.1501155237368956E-019
          19          35   8.0648341519095159E-019
          19          36  -1.2444517072962056E-018
          20           1   1.5380717332632067E-003
          20           2   1.0937508349891584E-003
          20           3   4.6178136636581294E-003
          20           4   5.1758413397407334E-003
          20           5   2.1710791528639093E-003
          20           6   3.0985577297049986E-016
          20           7  -1.4655621947568256E-015
          20           8   8.0049864277086076E-016
          20           9   2.4879657155636887E-016
          20          10  -1.4102925784615824E-015
          20          11   7.4771441125266888E-016
          20          12   1.6868199726095054E-016
          20          13  -7.1625730401365676E-016
          20          14   4.0012951680614348E-016
          20          15   8.6528149790273916E-005
          20          16  -5.5078138640259380E-018
          20          17   8.6528149790298514E-005
          20          18   2.8809285760465281E-018
          20          19   4.6139668043049250E-018
          20          20   8.6528149790340663E-005
          20          21   1.8086666273903630E-004
          20          22   5.7947645046636538E-018
          20          23   1.8086666273894371E-004
          20          24  -2.0569987515600183E-017
          20          25   1.0878271962233951E-017
          20          26   1.8086666273893753E-004
          20          27   2.2481317355384590E-017
          20          28  -2.4038453541231939E-017
          20          29   1.1686381909591433E-017
          20          30  -1.1514464264411217E-017
          20          31  -2.2000933277993154E-018
          20          32   1.2944407210377892E-018
          20          33  -4.5711115338394982E-018
          20          34   2.1832077488464207E-017
          20          35   3.4993060461646761E-018
          20          36  -1.8338953318472050E-018
          21           1   7.1315803287089205E-003
          21           2   7.7221778450644787E-003
          21           3   1.0362516427216084E-002
          21           4   1.0332094809369176E-002
          21           5   5.6109278378917715E-003
          21           6  -4.2492879302826776E-016
          21           7   1.1996205165560600E-016
          21           8   2.7770373748464144E-016
          21           9  -4.3934235483261212E-016
          21          10  -8.9553486968906097E-017
          21          11   2.8656489477738653E-016
          21          12  -1.7282116318854625E-016
          21          13   1.0868547226686006E-017
          21          14   1.6708871973810420E-016
          21          15   1.8086666273886646E-004
          21          16  -1.0413787530169697E-018
          21          17   1.8086666273886136E-004
          21          18   1.7615481667630282E-017
          21          19  -4.4960949701851111E-018
          21          20   1.8086666273903630E-004
          21          21   5.6191899226836492E-004
          21          22  -4.9616331404788574E-017
          21          23   5.6191899226819947E-004
          21          24  -5.1197217953321983E-017
          21          25   2.1120051203009422E-017
          21          26   5.6191899226814581E-004
          21          27   4.7946563560914809E-018
          21          28  -6.0615989317266124E-017
          21          29   6.8768350103363460E-018
          21          30   1.0596625702657905E-017
          21          31  -1.5561433823252035E-017
          21          32   3.4072480861627079E-018
          21          33  -1.4769740500227037E-017
          21          34   6.4393814929814516E-017
          21          35   1.4660202988111264E-017
          21          36   1.0141278996776520E-017
          22           1  -2.3450928568763395E-016
          22           2  -2.5172153318539726E-016
          22           3  -4.7202317483710461E-016
          22           4  -1.8305133455455763E-016
          22           5  -1.4120671925407446E-016
          22           6   1.4357614231142834E-015
          22           7  -3.5530903864781891E-015
          22           8   1.7021449776706320E-015
          22           9   1.3450146827758783E-015
          22          10  -3.3285186954501392E-015
          22          11   1.5945615687414883E-015
          22          12   7.0077398235793347E-016
          22          13  -1.7342110323661365E-015
          22          14   8.3079186788979727E-016
          22          15   5.7947645046049853E-018
          22          16   1.6025536689327569E-029
          22          17   5.7947645046887278E-018
          22          18  -8.7155237132317086E-030
          22          19  -6.6314880774075447E-030
          22          20   5.7947645046636538E-018
          22          21  -4.9616331404788574E-017
          22          22   1.2246129225969986E-028
          22          23  -4.9616331404747331E-017
          22          24   5.9619541471455899E-030
          22          25   6.9160015655168022E-029
          22          26  -4.9616331404711235E-017
          22          27   2.6776562573639428E-018
          22          28  -2.9634286649688342E-018
