           1           1  0.55096730044776665     
           1           2  0.81528275473018497     
           1           3  -1.4255117225818561     
           1           4   1.2557405227781016     
           1           5  -4.2549069608363368E-002
           1           6  -9.1061800557584274E-015
           1           7   2.6259963231318728E-014
           1           8  -4.0663562597650156E-015
           1           9   9.4164299524420206E-016
           1          10   6.1254387261328735E-015
           1          11   1.3746527010675152E-014
           1          12  -1.0118015297656479E-015
           1          13  -1.4750096633333648E-015
           1          14  -6.2164599758698959E-015
           1          15   9.7135021483691297E-002
           1          16   3.1873449175562329E-015
           1          17   9.7135021483696099E-002
           1          18   1.9999949471815699E-015
           1          19  -1.0092620026502100E-015
           1          20   9.7135021483693601E-002
           1          21 -0.29312955796963197     
           1          22  -2.7427064337791764E-015
           1          23 -0.29312955796963364     
           1          24  -1.7339549606858921E-015
           1          25   9.5027081406974367E-016
           1          26 -0.29312955796963519     
           1          27   1.1941358744920318E-015
           1          28  -2.4571436481168980E-015
           1          29  -1.2044846686311231E-015
           1          30  -4.5744283428219526E-015
           1          31  -1.6574468149610408E-015
           1          32  -1.3086828661310247E-015
           1          33  -2.7581831578058690E-015
           1          34   7.3254616803928606E-016
           1          35  -2.0979972927977933E-015
           1          36  -6.7475163417066086E-015
           2           1  0.81528275473018497     
           2           2   1.2837360732266980     
           2           3  -3.1768807128397181     
           2           4   2.8042069544204691     
           2           5  -9.2292251089421254E-002
           2           6  -2.0106328935946713E-014
           2           7   6.6504267386454844E-014
           2           8  -9.9650492687535168E-015
           2           9  -2.4355405973567232E-015
           2          10   1.5025645656334045E-014
           2          11   1.6892335763466448E-014
           2          12  -9.4552372942622986E-016
           2          13  -2.8455115819863163E-015
           2          14  -7.7075026562340169E-015
           2          15  0.19188957757797223     
           2          16   6.1324375916730947E-015
           2          17  0.19188957757797878     
           2          18   3.1592342665456695E-015
           2          19  -1.5538271690550152E-015
           2          20  0.19188957757797354     
           2          21 -0.65884111175390292     
           2          22  -5.2369135056119852E-015
           2          23 -0.65884111175390270     
           2          24  -2.0481680647759018E-015
           2          25   1.8938786471574495E-015
           2          26 -0.65884111175390592     
           2          27   3.5384150569079501E-015
           2          28  -5.3394361113128623E-015
           2          29  -8.4971394584243032E-016
           2          30  -1.1817661908661442E-014
           2          31  -2.1370389532537466E-015
           2          32  -1.7551414771132673E-015
           2          33  -3.2192270752286050E-015
           2          34   1.6192863267385569E-015
           2          35  -5.4880546107408260E-015
           2          36  -8.0701080503174030E-015
           3           1  -1.4255117225818561     
           3           2  -3.1768807128397181     
           3           3   18.423224989780223     
           3           4  -16.307467485948109     
           3           5  0.51494958097981591     
           3           6   1.8970501602741469E-013
           3           7  -5.1326340803299763E-013
           3           8   9.6498050611600556E-014
           3           9   6.2863759550220682E-014
           3          10  -1.0876860600599119E-013
           3          11   1.7291541076253916E-014
           3          12  -6.6338941377693777E-015
           3          13   1.4364188844140104E-014
           3          14  -5.1899912249449938E-015
           3          15 -0.91602225818325289     
           3          16  -2.7792278200255696E-014
           3          17 -0.91602225818325778     
           3          18  -7.9321934742144801E-015
           3          19   3.4448553553216831E-015
           3          20 -0.91602225818323013     
           3          21   3.8653492853502680     
           3          22   2.3362520163343592E-014
           3          23   3.8653492853502356     
           3          24  -2.6585164942362331E-015
           3          25  -9.1909144428679899E-015
           3          26   3.8653492853502516     
           3          27  -4.0506138587901502E-014
           3          28   3.4822847398491062E-014
           3          29  -1.5554762763494807E-014
           3          30   9.2595784228266110E-014
           3          31  -2.5138846799956081E-015
           3          32   8.8265648550383192E-016
           3          33  -7.2108400198667758E-015
           3          34  -1.5082665088129543E-014
           3          35   4.3280597419604322E-014
           3          36  -1.4438148844478472E-014
           4           1   1.2557405227781016     
           4           2   2.8042069544204691     
           4           3  -16.307467485948109     
           4           4   14.434770930944321     
           4           5 -0.45577460300038719     
           4           6  -2.6330519640229048E-013
           4           7   5.4662621141788913E-013
           4           8  -1.2968229213396229E-013
           4           9  -7.1627476703781203E-014
           4          10   1.1168025625540355E-013
           4          11  -2.2891685997138764E-014
           4          12   7.9841857616181478E-015
           4          13  -1.4730792515378102E-014
           4          14   5.6552207010995927E-015
           4          15  0.81046330500520947     
           4          16   2.4586295373955868E-014
           4          17  0.81046330500521346     
           4          18   7.0021735230837513E-015
           4          19  -3.0390233614178229E-015
           4          20  0.81046330500518904     
           4          21  -3.4215272962302414     
           4          22  -2.0666660724438012E-014
           4          23  -3.4215272962302126     
           4          24   2.3798936812007854E-015
           4          25   8.1321228876277378E-015
           4          26  -3.4215272962302272     
           4          27   5.2444169425003157E-014
           4          28  -3.7986506179370330E-014
           4          29   2.1208816367990281E-014
           4          30  -9.8006710228207895E-014
           4          31   5.6873098516158078E-015
           4          32  -7.6422511401758999E-016
           4          33   9.8650023486006400E-015
           4          34   2.0763782690625337E-014
           4          35  -4.5486897313838050E-014
           4          36   2.0572819884157289E-014
           5           1  -4.2549069608363368E-002
           5           2  -9.2292251089421254E-002
           5           3  0.51494958097981591     
           5           4 -0.45577460300038719     
           5           5   1.4410009670359816E-002
           5           6   1.6777491583203832E-015
           5           7  -1.3682801267932956E-014
           5           8   2.1820226834347179E-015
           5           9   1.1223719368164021E-015
           5          10  -2.9292154797167641E-015
           5          11   3.0825784532972877E-016
           5          12  -9.7286502746687270E-017
           5          13   3.9098072226084682E-016
           5          14  -9.3604099693657253E-017
           5          15  -2.5764981784507136E-002
           5          16  -7.8318858288500876E-016
           5          17  -2.5764981784507295E-002
           5          18  -2.3022112508572750E-016
           5          19   1.0084566500474121E-016
           5          20  -2.5764981784506525E-002
           5          21  0.10800425534588581     
           5          22   6.5874666401502375E-016
           5          23  0.10800425534588493     
           5          24  -6.2404526870749358E-017
           5          25  -2.5836374771523240E-016
           5          26  0.10800425534588540     
           5          27  -4.9631590449263602E-016
           5          28   9.2673374838621491E-016
           5          29  -1.4094685177967728E-016
           5          30   2.4713061959125316E-015
           5          31  -2.0481291412780096E-017
           5          32   3.2283651511698448E-017
           5          33  -1.4278061054206840E-016
           5          34  -1.3986320578023854E-016
           5          35   1.1569168184430375E-015
           5          36  -2.6938852759658600E-016
           6           1  -9.1061800557584274E-015
           6           2  -2.0106328935946713E-014
           6           3   1.8970501602741469E-013
           6           4  -2.6330519640229048E-013
           6           5   1.6777491583203832E-015
           6           6   1.1676100867053802     
           6           7  -2.6645352590978194E-015
           6           8  -1.6653345369370087E-015
           6           9  0.19482586418213241     
           6          10  -1.2330414467242561E-014
           6          11   5.3429483060085769E-015
           6          12  -2.5618165178708314E-002
           6          13   4.9422271830578508E-015
           6          14  -3.9378222904668423E-016
           6          15  -3.3742635196888834E-015
           6          16  -6.3307400680687508E-016
           6          17  -3.8010443425909947E-016
           6          18   1.3773534641246117E-015
           6          19   6.8540111334818142E-016
           6          20  -4.8832277513324506E-015
           6          21   6.5549776713161319E-014
           6          22   2.0876080943649590E-015
           6          23   6.6337315622315829E-014
           6          24  -3.9164185674524977E-015
           6          25  -4.3831763599992480E-016
           6          26   6.9714752578664351E-014
           6          27 -0.20291020546306421     
           6          28   2.7373936450912430E-015
           6          29  -9.0744202548772634E-002
           6          30   6.9041994343872229E-015
           6          31   2.2794266474334452E-015
           6          32   2.6799881123987556E-015
           6          33  -2.1441182163073706E-015
           6          34  -9.0744202548768443E-002
           6          35   2.6610658121481988E-015
           6          36  -4.9960036108141126E-016
           7           1   2.6259963231318728E-014
           7           2   6.6504267386454844E-014
           7           3  -5.1326340803299763E-013
           7           4   5.4662621141788913E-013
           7           5  -1.3682801267932956E-014
           7           6  -2.6645352590978194E-015
           7           7   1.1676100867053865     
           7           8   8.6042284408556276E-016
           7           9  -4.1772141301520687E-015
           7          10  0.19482586418213638     
           7          11   2.2343238370582045E-015
           7          12   3.7851666245813702E-015
           7          13  -2.5618165178714746E-002
           7          14  -1.4311468676803886E-016
           7          15   2.0623577176485285E-014
           7          16   1.6405874503703938E-015
           7          17   1.9059228292957652E-014
           7          18   1.6545461001682255E-016
           7          19   1.3072633410689401E-015
           7          20   1.9897383785284728E-014
           7          21  -1.3447446533603443E-013
           7          22  -1.0235442006207735E-015
           7          23  -1.3212725298527377E-013
           7          24   1.6599602893847471E-016
           7          25  -5.1112761911183375E-016
           7          26  -1.3499107477194415E-013
           7          27   4.6282422339057592E-015
           7          28  -9.0744202548772357E-002
           7          29   6.4184768611124024E-016
           7          30 -0.20291020546306737     
           7          31  -1.3756357164497313E-015
           7          32  -8.4740358802718842E-016
           7          33   1.2854300956987470E-015
           7          34   1.6896206656012149E-015
           7          35  -9.0744202548772829E-002
           7          36  -2.1545265571633585E-015
           8           1  -4.0663562597650156E-015
           8           2  -9.9650492687535168E-015
           8           3   9.6498050611600556E-014
           8           4  -1.2968229213396229E-013
           8           5   2.1820226834347179E-015
           8           6  -1.6653345369370087E-015
           8           7   8.6042284408556276E-016
           8           8   1.1676100867053729     
           8           9   1.9151347174784159E-015
           8          10  -5.5129512066540492E-015
           8          11  0.19482586418214529     
           8          12  -4.7704895589362757E-016
           8          13   3.0279598273174860E-015
           8          14  -2.5618165178711284E-002
           8          15  -1.7885913521525942E-015
           8          16   1.8014690735081948E-017
           8          17  -1.2037473009884107E-015
           8          18   5.9017545253501348E-016
           8          19  -6.5431054858875582E-016
           8          20  -2.0549632285306755E-015
           8          21   3.2019393617148600E-014
           8          22   1.4172085054032232E-015
           8          23   3.1696601825656110E-014
           8          24  -1.2684651296569236E-015
           8          25   3.6208647868919926E-016
           8          26   3.4767005076414125E-014
           8          27  -2.4980018054067048E-015
           8          28   9.7317987002292212E-016
           8          29  -5.1347814888918440E-016
           8          30   2.0226875729887614E-015
           8          31  -9.0744202548771316E-002
           8          32   1.3131353863656142E-015
           8          33  -9.0744202548773828E-002
           8          34  -1.8041124150164340E-016
           8          35   1.0980799602932258E-015
           8          36 -0.20291020546306499     
           9           1   9.4164299524420206E-016
           9           2  -2.4355405973567232E-015
           9           3   6.2863759550220682E-014
           9           4  -7.1627476703781203E-014
           9           5   1.1223719368164021E-015
           9           6  0.19482586418213241     
           9           7  -4.1772141301520687E-015
           9           8   1.9151347174784159E-015
           9           9   3.2508384251302133E-002
           9          10  -2.6792804086461584E-015
           9          11   1.2542050731312980E-015
           9          12  -4.2746129264656183E-003
           9          13   9.0617617576337908E-016
           9          14  -1.1362438767650897E-016
           9          15  -1.8242771292719321E-015
           9          16  -1.0563388572247242E-016
           9          17  -1.3246757315453225E-015
           9          18   2.2982336482679306E-016
           9          19   1.1436511703683175E-016
           9          20  -2.0760608915031385E-015
           9          21   1.7551528010482725E-014
           9          22   3.4833550659530693E-016
           9          23   1.7682935704112618E-014
           9          24  -6.5348838674039843E-016
           9          25  -7.3137097043179891E-017
           9          26   1.8246490336976415E-014
           9          27  -3.3857326671665321E-002
           9          28   7.4679845640800697E-016
           9          29  -1.5141456794852154E-002
           9          30   1.8006429680639116E-015
           9          31   2.1163626406916048E-016
           9          32   4.4717924754247951E-016
           9          33  -5.2735593669696435E-016
           9          34  -1.5141456794851453E-002
           9          35   7.3422171120717709E-016
           9          36  -4.6490589156182029E-016
          10           1   6.1254387261328735E-015
          10           2   1.5025645656334045E-014
          10           3  -1.0876860600599119E-013
          10           4   1.1168025625540355E-013
          10           5  -2.9292154797167641E-015
          10           6  -1.2330414467242561E-014
          10           7  0.19482586418213638     
          10           8  -5.5129512066540492E-015
          10           9  -2.6792804086461584E-015
          10          10   3.2508384251303285E-002
          10          11  -5.7202506620332985E-016
          10          12   8.9229838795556463E-016
          10          13  -4.2746129264667554E-003
          10          14   1.0034291106354222E-016
          10          15   4.5883584982572112E-015
          10          16   2.7374623722780246E-016
          10          17   4.3273333267672664E-015
          10          18   2.7607535894447195E-017
          10          19   2.1812822023148318E-016
          10          20   4.4671868360602595E-015
          10          21  -2.7290911817645483E-014
          10          22  -1.7078722228008581E-016
          10          23  -2.6899259090538347E-014
          10          24   2.7697876334772755E-017
          10          25  -8.5286073865453571E-017
          10          26  -2.7377112580161844E-014
          10          27   2.8397423301739500E-015
          10          28  -1.5141456794852334E-002
          10          29   1.0312931064681704E-015
          10          30  -3.3857326671666355E-002
          10          31   2.1076890233115332E-016
          10          32  -1.4139663422600923E-016
          10          33   6.5507495261572541E-016
          10          34   1.2060664966728306E-015
          10          35  -1.5141456794852414E-002
          10          36   6.2450045135161062E-016
          11           1   1.3746527010675152E-014
          11           2   1.6892335763466448E-014
          11           3   1.7291541076253916E-014
          11           4  -2.2891685997138764E-014
          11           5   3.0825784532972877E-016
          11           6   5.3429483060085769E-015
          11           7   2.2343238370582045E-015
          11           8  0.19482586418214529     
          11           9   1.2542050731312980E-015
          11          10  -5.7202506620332985E-016
          11          11   3.2508384251306643E-002
          11          12  -2.0252896582031392E-016
          11          13   4.5953909080796745E-016
          11          14  -4.2746129264664232E-003
          11          15   5.0738897950866324E-016
          11          16   3.0059073062458999E-018
          11          17   6.0497527905969139E-016
          11          18   9.8475890083927615E-017
          11          19  -1.0917738680385883E-016
          11          20   4.6294252293901650E-016
          11          21   5.7885624730544378E-015
          11          22   2.3647352394028817E-016
          11          23   5.7347018645819380E-015
          11          24  -2.1165440234226299E-016
          11          25   6.0417267649982823E-017
          11          26   6.2470252622022118E-015
          11          27  -1.3947176746853671E-015
          11          28  -2.1684043451382427E-019
          11          29  -5.2215176626905118E-016
          11          30  -2.6454533008657096E-017
          11          31  -1.5141456794853030E-002
          11          32   2.1910802188997947E-016
          11          33  -1.5141456794853448E-002
          11          34  -4.6577325329977340E-016
          11          35   2.0599841277220421E-017
          11          36  -3.3857326671667902E-002
          12           1  -1.0118015297656479E-015
          12           2  -9.4552372942622986E-016
          12           3  -6.6338941377693777E-015
          12           4   7.9841857616181478E-015
          12           5  -9.7286502746687270E-017
          12           6  -2.5618165178708314E-002
          12           7   3.7851666245813702E-015
          12           8  -4.7704895589362757E-016
          12           9  -4.2746129264656183E-003
          12          10   8.9229838795556463E-016
          12          11  -2.0252896582031392E-016
          12          12   5.6208009385686560E-004
          12          13  -1.9016906105395578E-016
          12          14   1.9840899756494006E-017
          12          15   1.1333794151616508E-016
          12          16   1.3890077399463345E-017
          12          17   4.7644040020051250E-017
          12          18  -3.0220078564906594E-017
          12          19  -1.5038169963880592E-017
          12          20   1.4644565048094782E-016
          12          21  -1.9757344943771417E-015
          12          22  -4.5803551715418987E-017
          12          23  -1.9930136375509369E-015
          12          24   8.5928906329569525E-017
          12          25   9.6169892052489901E-018
          12          26  -2.0671169181011815E-015
          12          27   4.4519889123825840E-003
          12          28  -3.4960099051794839E-016
          12          29   1.9909899686325733E-003
          12          30  -7.9905700112181292E-016
          12          31  -1.0408340855857716E-017
          12          32  -5.8800775123595901E-017
          12          33   8.6736173798845199E-017
          12          34   1.9909899686324814E-003
          12          35  -3.4802889736784520E-016
          12          36   9.9746599868678031E-017
          13           1  -1.4750096633333648E-015
          13           2  -2.8455115819863163E-015
          13           3   1.4364188844140104E-014
          13           4  -1.4730792515378102E-014
          13           5   3.9098072226084682E-016
          13           6   4.9422271830578508E-015
          13           7  -2.5618165178714746E-002
          13           8   3.0279598273174860E-015
          13           9   9.0617617576337908E-016
          13          10  -4.2746129264667554E-003
          13          11   4.5953909080796745E-016
          13          12  -1.9016906105395578E-016
          13          13   5.6208009385714478E-004
          13          14  -6.3703653897097673E-017
          13          15  -6.4602410143546164E-016
          13          16  -3.5995612552746242E-017
          13          17  -6.1170121526681173E-016
          13          18  -3.6301874891697041E-018
          13          19  -2.8682253249521194E-017
          13          20  -6.3009092095057077E-016
          13          21   3.5925615509596239E-015
          13          22   2.2457260945070500E-017
          13          23   3.5410621040158483E-015
          13          24  -3.6420665912332831E-018
          13          25   1.1214490113522657E-017
          13          26   3.6038963158890667E-015
          13          27  -9.4997794353178814E-016
          13          28   1.9909899686330564E-003
          13          29  -3.9361959872085578E-016
          13          30   4.4519889123837480E-003
          13          31  -2.0662182902142013E-016
          13          32   1.8592615238868787E-017
          13          33  -2.6511453622701363E-016
          13          34  -4.1649626456030101E-016
          13          35   1.9909899686330669E-003
          13          36  -4.8230733643016620E-016
          14           1  -6.2164599758698959E-015
          14           2  -7.7075026562340169E-015
          14           3  -5.1899912249449938E-015
          14           4   5.6552207010995927E-015
          14           5  -9.3604099693657253E-017
          14           6  -3.9378222904668423E-016
          14           7  -1.4311468676803886E-016
          14           8  -2.5618165178711284E-002
          14           9  -1.1362438767650897E-016
          14          10   1.0034291106354222E-016
          14          11  -4.2746129264664232E-003
          14          12   1.9840899756494006E-017
          14          13  -6.3703653897097673E-017
          14          14   5.6208009385699950E-004
          14          15  -1.9786564561457542E-016
          14          16  -3.9525465578106265E-019
          14          17  -2.1069752474715825E-016
          14          18  -1.2948853730912347E-017
          14          19   1.4356021674349721E-017
          14          20  -1.9202126416768514E-016
          14          21  -1.4356424226819280E-015
          14          22  -3.1094525473420915E-017
          14          23  -1.4285601496465876E-015
          14          24   2.7830993912287147E-017
          14          25  -7.9444253913683249E-018
          14          26  -1.4959269003613902E-015
          14          27   1.2945373939476770E-016
          14          28  -1.1736488517153228E-017
          14          29   4.4560709289164851E-017
          14          30  -2.2768245622205817E-017
          14          31   1.9909899686327880E-003
          14          32  -2.8811089945982461E-017
          14          33   1.9909899686328426E-003
          14          34   3.7296554733497408E-017
          14          35  -1.4365678785438228E-017
          14          36   4.4519889123831452E-003
          15           1   9.7135021483691297E-002
          15           2  0.19188957757797223     
          15           3 -0.91602225818325289     
          15           4  0.81046330500520947     
          15           5  -2.5764981784507136E-002
          15           6  -3.3742635196888834E-015
          15           7   2.0623577176485285E-014
          15           8  -1.7885913521525942E-015
          15           9  -1.8242771292719321E-015
          15          10   4.5883584982572112E-015
          15          11   5.0738897950866324E-016
          15          12   1.1333794151616508E-016
          15          13  -6.4602410143546164E-016
          15          14  -1.9786564561457542E-016
          15          15   4.7110119152912973E-002
          15          16   1.4436447067874936E-015
          15          17   4.7110119152913479E-002
          15          18   4.7699561182067525E-016
          15          19  -2.1553630016184172E-016
          15          20   4.7110119152912085E-002
          15          21 -0.19183443714897067     
          15          22  -1.2173218013507073E-015
          15          23 -0.19183443714896925     
          15          24   1.6610004819018572E-017
          15          25   4.7122970895255879E-016
          15          26 -0.19183443714897011     
          15          27   9.0332439872381697E-016
          15          28  -1.3990533499715343E-015
          15          29   1.8490043190620342E-016
          15          30  -3.7380241217781264E-015
          15          31  -2.0349354629350827E-016
          15          32  -1.1779481011942805E-016
          15          33  -5.7198058146910540E-017
          15          34   2.7902140985773593E-016
          15          35  -1.7591881777516001E-015
          15          36  -2.3850639129709703E-016
          16           1   3.1873449175562329E-015
          16           2   6.1324375916730947E-015
          16           3  -2.7792278200255696E-014
          16           4   2.4586295373955868E-014
          16           5  -7.8318858288500876E-016
          16           6  -6.3307400680687508E-016
          16           7   1.6405874503703938E-015
          16           8   1.8014690735081948E-017
          16           9  -1.0563388572247242E-016
          16          10   2.7374623722780246E-016
          16          11   3.0059073062458999E-018
          16          12   1.3890077399463345E-017
          16          13  -3.5995612552746242E-017
          16          14  -3.9525465578106265E-019
          16          15   1.4436447067874936E-015
          16          16   4.7014438481736573E-029
          16          17   1.4436447067875074E-015
          16          18   1.4722691753409021E-029
          16          19  -5.4892415119409629E-030
          16          20   1.4436447067874684E-015
          16          21  -5.8170443189782709E-015
          16          22  -3.9991718586700049E-029
          16          23  -5.8170443189782291E-015
          16          24   1.7835862239809712E-030
          16          25   1.3952623868048778E-029
          16          26  -5.8170443189782590E-015
          16          27   1.1001718660806580E-016
          16          28  -1.2750300942967447E-016
          16          29   4.9201181589773707E-017
          16          30  -2.8510539642057042E-016
          16          31  -1.4000639113585472E-018
          16          32  -6.8736635983836541E-030
          16          33  -1.4000639113487922E-018
          16          34   4.9201181589776850E-017
          16          35  -1.2750300942968544E-016
          16          36  -3.1306380786330873E-018
          17           1   9.7135021483696099E-002
          17           2  0.19188957757797878     
          17           3 -0.91602225818325778     
          17           4  0.81046330500521346     
          17           5  -2.5764981784507295E-002
          17           6  -3.8010443425909947E-016
          17           7   1.9059228292957652E-014
          17           8  -1.2037473009884107E-015
          17           9  -1.3246757315453225E-015
          17          10   4.3273333267672664E-015
          17          11   6.0497527905969139E-016
          17          12   4.7644040020051250E-017
          17          13  -6.1170121526681173E-016
          17          14  -2.1069752474715825E-016
          17          15   4.7110119152913479E-002
          17          16   1.4436447067875074E-015
          17          17   4.7110119152913972E-002
          17          18   4.7699561182069497E-016
          17          19  -2.1553630016185042E-016
          17          20   4.7110119152912584E-002
          17          21 -0.19183443714897158     
          17          22  -1.2173218013507152E-015
          17          23 -0.19183443714897019     
          17          24   1.6610004818988863E-017
          17          25   4.7122970895256333E-016
          17          26 -0.19183443714897103     
          17          27   3.8299193317620209E-016
          17          28  -1.2774754417638981E-015
          17          29  -4.7799320866718747E-017
          17          30  -3.4661676544635999E-015
          17          31  -2.4894639707184337E-016
          17          32  -1.1779481011943212E-016
          17          33  -1.0265090892527559E-016
          17          34   4.6321657084843044E-017
          17          35  -1.6376102695439553E-015
          17          36  -3.4014205540866088E-016
          18           1   1.9999949471815699E-015
          18           2   3.1592342665456695E-015
          18           3  -7.9321934742144801E-015
          18           4   7.0021735230837513E-015
          18           5  -2.3022112508572750E-016
          18           6   1.3773534641246117E-015
          18           7   1.6545461001682255E-016
          18           8   5.9017545253501348E-016
          18           9   2.2982336482679306E-016
          18          10   2.7607535894447195E-017
          18          11   9.8475890083927615E-017
          18          12  -3.0220078564906594E-017
          18          13  -3.6301874891697041E-018
          18          14  -1.2948853730912347E-017
          18          15   4.7699561182067525E-016
          18          16   1.4722691753409021E-029
          18          17   4.7699561182069497E-016
          18          18   9.7225341297461162E-030
          18          19  -3.1565563632796352E-030
          18          20   4.7699561182067614E-016
          18          21  -1.6455088607982215E-015
          18          22  -9.9662451893715017E-030
          18          23  -1.6455088607982194E-015
          18          24  -1.0194652227010985E-029
          18          25   4.3029245961849262E-030
          18          26  -1.6455088607982219E-015
          18          27  -2.3935993495002164E-016
          18          28  -1.2858784636192844E-017
          18          29  -1.0704501712764164E-016
          18          30  -2.8753116554556496E-017
          18          31  -4.5867196090495357E-017
          18          32  -5.7693622170498502E-031
          18          33  -4.5867196090504047E-017
          18          34  -1.0704501712763036E-016
          18          35  -1.2858784636193391E-017
          18          36  -1.0256216839567595E-016
          19           1  -1.0092620026502100E-015
          19           2  -1.5538271690550152E-015
          19           3   3.4448553553216831E-015
          19           4  -3.0390233614178229E-015
          19           5   1.0084566500474121E-016
          19           6   6.8540111334818142E-016
          19           7   1.3072633410689401E-015
          19           8  -6.5431054858875582E-016
          19           9   1.1436511703683175E-016
          19          10   2.1812822023148318E-016
          19          11  -1.0917738680385883E-016
          19          12  -1.5038169963880592E-017
          19          13  -2.8682253249521194E-017
          19          14   1.4356021674349721E-017
          19          15  -2.1553630016184172E-016
          19          16  -5.4892415119409629E-030
          19          17  -2.1553630016185042E-016
          19          18  -3.1565563632796352E-030
          19          19   4.1285497634720060E-030
          19          20  -2.1553630016184583E-016
          19          21   7.1272334356130453E-016
          19          22   5.2296278090666960E-030
          19          23   7.1272334356130867E-016
          19          24   1.3697528164349918E-030
          19          25  -3.1540384080737136E-030
          19          26   7.1272334356130927E-016
          19          27  -1.1911072225019008E-016
          19          28  -1.0159776003757265E-016
          19          29  -5.3267934360103511E-017
          19          30  -2.2717949780572730E-016
          19          31   5.0851640994706464E-017
          19          32   2.1441936818280480E-030
          19          33   5.0851640994709842E-017
          19          34  -5.3267934360103302E-017
          19          35  -1.0159776003757343E-016
          19          36   1.1370772603158250E-016
          20           1   9.7135021483693601E-002
          20           2  0.19188957757797354     
          20           3 -0.91602225818323013     
          20           4  0.81046330500518904     
          20           5  -2.5764981784506525E-002
          20           6  -4.8832277513324506E-015
          20           7   1.9897383785284728E-014
          20           8  -2.0549632285306755E-015
          20           9  -2.0760608915031385E-015
          20          10   4.4671868360602595E-015
          20          11   4.6294252293901650E-016
          20          12   1.4644565048094782E-016
          20          13  -6.3009092095057077E-016
          20          14  -1.9202126416768514E-016
          20          15   4.7110119152912085E-002
          20          16   1.4436447067874684E-015
          20          17   4.7110119152912584E-002
          20          18   4.7699561182067614E-016
          20          19  -2.1553630016184583E-016
          20          20   4.7110119152911190E-002
          20          21 -0.19183443714896581     
          20          22  -1.2173218013506891E-015
          20          23 -0.19183443714896439     
          20          24   1.6610004819002693E-017
          20          25   4.7122970895255051E-016
          20          26 -0.19183443714896525     
          20          27   1.1655559825080415E-015
          20          28  -1.3426151254897598E-015
          20          29   3.0217396134398510E-016
          20          30  -3.6118244153074479E-015
          20          31  -1.8279168376374743E-016
          20          32  -1.1779481011944164E-016
          20          33  -3.6496195617164438E-017
          20          34   3.9629493929553032E-016
          20          35  -1.7027499532698055E-015
          20          36  -1.9221561941973383E-016
          21           1 -0.29312955796963197     
          21           2 -0.65884111175390292     
          21           3   3.8653492853502680     
          21           4  -3.4215272962302414     
          21           5  0.10800425534588581     
          21           6   6.5549776713161319E-014
          21           7  -1.3447446533603443E-013
          21           8   3.2019393617148600E-014
          21           9   1.7551528010482725E-014
          21          10  -2.7290911817645483E-014
          21          11   5.7885624730544378E-015
          21          12  -1.9757344943771417E-015
          21          13   3.5925615509596239E-015
          21          14  -1.4356424226819280E-015
          21          15 -0.19183443714897067     
          21          16  -5.8170443189782709E-015
          21          17 -0.19183443714897158     
          21          18  -1.6455088607982215E-015
          21          19   7.1272334356130453E-016
          21          20 -0.19183443714896581     
          21          21  0.81106362484087857     
          21          22   4.8890201903376229E-015
          21          23  0.81106362484087158     
          21          24  -5.8399082514770888E-016
          21          25  -1.9251007317328035E-015
          21          26  0.81106362484087502     
          21          27  -1.2986223802778952E-014
          21          28   9.3770695587586682E-015
          21          29  -5.2912945776301427E-015
          21          30   2.4085978226574060E-014
          21          31  -1.4638843866505570E-015
          21          32   1.6842696078670368E-016
          21          33  -2.4691314797219073E-015
          21          34  -5.1655749104102912E-015
          21          35   1.1165274269754865E-014
          21          36  -5.1735304738637873E-015
          22           1  -2.7427064337791764E-015
          22           2  -5.2369135056119852E-015
          22           3   2.3362520163343592E-014
          22           4  -2.0666660724438012E-014
          22           5   6.5874666401502375E-016
          22           6   2.0876080943649590E-015
          22           7  -1.0235442006207735E-015
          22           8   1.4172085054032232E-015
          22           9   3.4833550659530693E-016
          22          10  -1.7078722228008581E-016
          22          11   2.3647352394028817E-016
          22          12  -4.5803551715418987E-017
          22          13   2.2457260945070500E-017
          22          14  -3.1094525473420915E-017
          22          15  -1.2173218013507073E-015
          22          16  -3.9991718586700049E-029
          22          17  -1.2173218013507152E-015
          22          18  -9.9662451893715017E-030
          22          19   5.2296278090666960E-030
          22          20  -1.2173218013506891E-015
          22          21   4.8890201903376229E-015
          22          22   3.7959888797380093E-029
          22          23   4.8890201903375882E-015
          22          24  -7.9431060834446203E-030
          22          25  -1.2058504159252693E-029
          22          26   4.8890201903376221E-015
          22          27  -3.6278976361811081E-016
          22          28   7.9547704594461806E-017
