           1           1   2.1151590388471662     
           1           2  0.14564655419375089     
           1           3 -0.37131335594062864     
           1           4   3.1086049287658762E-002
           1           5   1.1688382862087282E-002
           1           6  -5.3207466270570749E-015
           1           7   1.7740431410497413E-014
           1           8   2.7744928518034916E-014
           1           9  -1.2261107286982268E-015
           1          10   4.4243134916894620E-015
           1          11   1.4017219892667428E-014
           1          12   1.0040942499887863E-016
           1          13  -1.2386630821350816E-015
           1          14  -1.5899852710327880E-015
           1          15  -1.7660328189759557E-016
           1          16   2.0487601593500236E-016
           1          17   1.0680941152010270E-015
           1          18  -1.4163944199086041E-003
           1          19   6.4048087680389439E-017
           1          20  -1.4163944199093634E-003
           1          21   1.0003494426880801E-016
           1          22  -2.3514951747667513E-016
           1          23  -1.4163944199087532E-003
           1          24   8.9712170419739253E-004
           1          25   1.4923915624466058E-016
           1          26   8.9712170419922526E-004
           1          27   5.0552699773964480E-016
           1          28   1.7783708473528225E-016
           1          29   8.9712170419864630E-004
           1          30  -2.8768853940088954E-004
           1          31   4.0718443783383137E-016
           1          32  -2.8768853940173153E-004
           1          33  -5.2945636570234849E-016
           1          34  -9.4310123387221211E-017
           1          35  -2.8768853939953559E-004
           2           1  0.14564655419375089     
           2           2  0.27268758137069249     
           2           3 -0.52844319252839456     
           2           4   5.0499081039996473E-002
           2           5   1.4094990525298841E-002
           2           6   3.8564936882629305E-015
           2           7  -9.4598727626954075E-015
           2           8  -4.7826636141966056E-014
           2           9   1.6331377267119259E-015
           2          10  -3.8903990659435436E-015
           2          11  -2.8640770981053142E-015
           2          12   2.5690627993518546E-016
           2          13  -1.4459344968191093E-015
           2          14  -3.1953624083639481E-015
           2          15  -4.3949793778361307E-016
           2          16   1.0747983738642587E-016
           2          17   1.5886482451812378E-015
           2          18  -7.8287621437659975E-005
           2          19  -8.2875501866249116E-017
           2          20  -7.8287621437551176E-005
           2          21  -6.9586655839205058E-017
           2          22  -5.9126928069738220E-018
           2          23  -7.8287621437677133E-005
           2          24  -1.1692993535052962E-003
           2          25   5.0547174566375268E-016
           2          26  -1.1692993535050516E-003
           2          27   2.1719707391140128E-016
           2          28  -1.1681721007943151E-015
           2          29  -1.1692993535051188E-003
           2          30  -2.7268658336798948E-003
           2          31   2.0200597824720524E-016
           2          32  -2.7268658336792794E-003
           2          33  -8.5193400839767489E-016
           2          34   4.2240860645006183E-016
           2          35  -2.7268658336780231E-003
           3           1 -0.37131335594062864     
           3           2 -0.52844319252839456     
           3           3   1.0540688970944041     
           3           4 -0.26128198425719906     
           3           5  -6.6272635020800094E-002
           3           6   2.2835708908950592E-014
           3           7  -7.8805669531903789E-014
           3           8  -1.8424671587186529E-013
           3           9   4.3752907220879010E-015
           3          10  -1.7386586068249574E-014
           3          11  -6.7466163910453039E-014
           3          12  -1.6402695396208835E-015
           3          13   5.4841167327774146E-015
           3          14   2.6838261019860954E-015
           3          15   3.4680965060708987E-016
           3          16   6.1855611485417132E-016
           3          17  -3.2276148923429487E-015
           3          18  -2.0967875850838792E-004
           3          19   1.5647257075827239E-016
           3          20  -2.0967875850866412E-004
           3          21   1.1801255793181832E-016
           3          22   4.8158475490017178E-017
           3          23  -2.0967875850853211E-004
           3          24   7.2072471840321350E-003
           3          25  -9.6646874965223376E-016
           3          26   7.2072471840317134E-003
           3          27  -5.8339517005102752E-016
           3          28   2.4086462863630555E-015
           3          29   7.2072471840315356E-003
           3          30   1.5377336726263900E-002
           3          31  -4.2530248001632121E-016
           3          32   1.5377336726263187E-002
           3          33   1.4568182885553988E-015
           3          34  -1.0969859508422613E-016
           3          35   1.5377336726259825E-002
           4           1   3.1086049287658762E-002
           4           2   5.0499081039996473E-002
           4           3 -0.26128198425719906     
           4           4   1.0306531977921503     
           4           5  0.24522570777394975     
           4           6   9.9732668864571289E-015
           4           7  -7.9591752368090531E-014
           4           8   1.5812485368125555E-013
           4           9   5.4847374830637635E-015
           4          10  -2.5270361786055003E-014
           4          11   4.3583119765037573E-014
           4          12   8.3447515973439892E-015
           4          13  -2.1129784644880274E-014
           4          14   1.2882555145542955E-014
           4          15   3.0505505489404400E-015
           4          16  -5.0624746099534150E-015
           4          17   1.2897823289081053E-015
           4          18   2.6214181917856389E-003
           4          19  -1.8492957033265903E-017
           4          20   2.6214181917862877E-003
           4          21   5.9099314441950664E-017
           4          22  -2.0360506842731220E-016
           4          23   2.6214181917868506E-003
           4          24  -3.1536954345973089E-002
           4          25   3.2461228141884695E-017
           4          26  -3.1536954345973825E-002
           4          27   9.2686200863003563E-016
           4          28  -1.3052222227197663E-015
           4          29  -3.1536954345971820E-002
           4          30  -6.3964225239751066E-002
           4          31   1.7177021404860245E-016
           4          32  -6.3964225239753675E-002
           4          33   1.1057758491544554E-015
           4          34  -4.2721389143354764E-015
           4          35  -6.3964225239748068E-002
           5           1   1.1688382862087282E-002
           5           2   1.4094990525298841E-002
           5           3  -6.6272635020800094E-002
           5           4  0.24522570777394975     
           5           5   5.8368295636762491E-002
           5           6   1.8334500184616607E-015
           5           7  -3.9490219151022333E-015
           5           8   2.6915577199213343E-015
           5           9   1.1581393061937943E-015
           5          10  -2.0634665675778198E-015
           5          11   1.2162283651792181E-015
           5          12   1.9217139784566562E-015
           5          13  -4.8409141228394615E-015
           5          14   2.6261702510614756E-015
           5          15   7.2679061776421092E-016
           5          16  -1.2121144545015441E-015
           5          17   3.4026413259728822E-016
           5          18   6.2000427589242019E-004
           5          19  -4.8518860371268752E-018
           5          20   6.2000427589257350E-004
           5          21   1.3802707233595384E-017
           5          22  -4.9572054523915668E-017
           5          23   6.2000427589270924E-004
           5          24  -7.4980331464550845E-003
           5          25   1.1142955459358808E-017
           5          26  -7.4980331464552562E-003
           5          27   2.2191549472874967E-016
           5          28  -3.1701613759508459E-016
           5          29  -7.4980331464547818E-003
           5          30  -1.5213719927111499E-002
           5          31   4.2914396326724200E-017
           5          32  -1.5213719927112115E-002
           5          33   2.5664013777991175E-016
           5          34  -1.0121384960221795E-015
           5          35  -1.5213719927110769E-002
           6           1  -5.3207466270570749E-015
           6           2   3.8564936882629305E-015
           6           3   2.2835708908950592E-014
           6           4   9.9732668864571289E-015
           6           5   1.8334500184616607E-015
           6           6   1.4885341064809792     
           6           7   2.3432644713494691E-014
           6           8   9.3564045400285080E-014
           6           9  0.39210654080289309     
           6          10   1.7185905476502234E-014
           6          11   2.3907958945912355E-014
           6          12   1.2583115520300302E-002
           6          13  -7.3840944209840287E-015
           6          14   1.0469273017954495E-014
           6          15  -5.4521007333127689E-004
           6          16  -2.0901461239412218E-015
           6          17  -1.0305002836298973E-017
           6          18   1.3010869808026026E-015
           6          19  -2.1180719676017758E-014
           6          20  -1.5744203738048576E-015
           6          21   2.4198413254181563E-017
           6          22   5.6184742864335496E-015
           6          23   8.9650294483210979E-015
           6          24   1.5027769597162288E-014
           6          25  -1.0229849636909773E-014
           6          26  -1.1067548557659358E-015
           6          27   5.4256224211781649E-015
           6          28  -2.0877794714281466E-014
           6          29  -1.4942081691822603E-014
           6          30  -3.4912234084313808E-014
           6          31  -1.9227647322472629E-014
           6          32  -9.2701217645689259E-015
           6          33  -1.6509866641586316E-014
           6          34  -1.1521161636018252E-014
           6          35  -2.4590102604807419E-014
           7           1   1.7740431410497413E-014
           7           2  -9.4598727626954075E-015
           7           3  -7.8805669531903789E-014
           7           4  -7.9591752368090531E-014
           7           5  -3.9490219151022333E-015
           7           6   2.3432644713494691E-014
           7           7   1.4885341064810698     
           7           8   7.6216810640516959E-014
           7           9  -1.5577816814271715E-014
           7          10  0.39210654080284579     
           7          11   3.1433189384699768E-015
           7          12  -9.3907520648528425E-014
           7          13   1.2583115520266530E-002
           7          14  -3.2142040765070698E-014
           7          15   2.7095494698294918E-014
           7          16  -5.4521007326685251E-004
           7          17  -3.1549368423745132E-014
           7          18   1.4135652207834780E-015
           7          19   4.3888802866220175E-014
           7          20  -8.6847333743167262E-015
           7          21   8.8450003052632854E-015
           7          22  -1.0703382242581026E-015
           7          23  -1.5903249643277751E-014
           7          24   2.3542593824477969E-014
           7          25  -1.0255938080477150E-014
           7          26   6.1113170289480980E-015
           7          27   2.6200943315613449E-014
           7          28   4.9636011076042868E-014
           7          29   8.4685934475965731E-014
           7          30   7.3337552126716196E-014
           7          31   8.3159639033362825E-014
           7          32   4.3391175067731435E-014
           7          33   4.0812043053462621E-014
           7          34   1.7913031746695539E-014
           7          35   4.2196535767648661E-014
           8           1   2.7744928518034916E-014
           8           2  -4.7826636141966056E-014
           8           3  -1.8424671587186529E-013
           8           4   1.5812485368125555E-013
           8           5   2.6915577199213343E-015
           8           6   9.3564045400285080E-014
           8           7   7.6216810640516959E-014
           8           8   1.4885341064811670     
           8           9  -6.2217592189384176E-014
           8          10  -8.4224294205625925E-014
           8          11  0.39210654080283780     
           8          12  -2.4634808082346643E-013
           8          13   4.6265508785170559E-014
           8          14   1.2583115520139205E-002
           8          15   6.9269254977691133E-014
           8          16   1.6547439145916280E-014
           8          17  -5.4521007345351711E-004
           8          18   2.2142163712561811E-014
           8          19   1.2811865422336137E-013
           8          20  -8.2929096897908905E-015
           8          21   3.5505212947941689E-014
           8          22   6.8996977213718048E-016
           8          23  -9.4262067402587269E-014
           8          24  -1.8025654437755728E-014
           8          25   5.1468377678756941E-015
           8          26  -6.4163809200700354E-014
           8          27  -1.9898033496136592E-015
           8          28   1.4862046324338101E-013
           8          29   8.0831098861041753E-014
           8          30  -1.5643188243421476E-014
           8          31   2.0995302791422678E-013
           8          32  -7.6670074893220124E-014
           8          33   2.4163797345321351E-013
           8          34   1.1455516860455059E-014
           8          35   5.9330074798288712E-014
           9           1  -1.2261107286982268E-015
           9           2   1.6331377267119259E-015
           9           3   4.3752907220879010E-015
           9           4   5.4847374830637635E-015
           9           5   1.1581393061937943E-015
           9           6  0.39210654080289309     
           9           7  -1.5577816814271715E-014
           9           8  -6.2217592189384176E-014
           9           9  0.10328806415318530     
           9          10  -1.2021633688519324E-015
           9          11  -1.6546659875604774E-014
           9          12   3.3158958496740721E-003
           9          13  -2.1208010933353574E-015
           9          14   2.2941717969793499E-015
           9          15  -1.4372523039695389E-004
           9          16  -5.3833073083629657E-016
           9          17  -5.4993614100461784E-018
           9          18   3.5124806610808372E-016
           9          19  -5.5744681250876570E-015
           9          20  -4.0886017564957846E-016
           9          21   4.7489234815064822E-018
           9          22   1.4802412765363407E-015
           9          23   2.3644419009147606E-015
           9          24   3.8752685787580283E-015
           9          25  -2.6962884216843878E-015
           9          26  -3.8347601291070978E-016
           9          27   1.4308432663687772E-015
           9          28  -5.4966099595722701E-015
           9          29  -4.0178692810283173E-015
           9          30  -9.3842533825529602E-015
           9          31  -5.0542340324130294E-015
           9          32  -2.6271124183585025E-015
           9          33  -4.3364869045458158E-015
           9          34  -3.0371288954027118E-015
           9          35  -6.6593885485660921E-015
          10           1   4.4243134916894620E-015
          10           2  -3.8903990659435436E-015
          10           3  -1.7386586068249574E-014
          10           4  -2.5270361786055003E-014
          10           5  -2.0634665675778198E-015
          10           6   1.7185905476502234E-014
          10           7  0.39210654080284579     
          10           8  -8.4224294205625925E-014
          10           9  -1.2021633688519324E-015
          10          10  0.10328806415315415     
          10          11  -2.6598515057152383E-014
          10          12  -2.4642953151167457E-014
          10          13   3.3158958496647484E-003
          10          14  -9.0813316068472378E-015
          10          15   7.1291370803440627E-015
          10          16  -1.4372523037999699E-004
          10          17  -8.2711700037868919E-015
          10          18   3.6279329812364239E-016
          10          19   1.1547425639254604E-014
          10          20  -2.2964255443680736E-015
          10          21   2.3265499353068988E-015
          10          22  -2.8617407114792251E-016
          10          23  -4.1933993714960629E-015
          10          24   6.3220742422445008E-015
          10          25  -2.6927512865186444E-015
          10          26   1.7431977390423572E-015
          10          27   6.8904909590477056E-015
          10          28   1.3059941379582959E-014
          10          29   2.2413359898166738E-014
          10          30   1.9588295630680043E-014
          10          31   2.1871109440773508E-014
          10          32   1.1697842610245555E-014
          10          33   1.0728808427499395E-014
          10          34   4.7176092289484136E-015
          10          35   1.1384994099338630E-014
          11           1   1.4017219892667428E-014
          11           2  -2.8640770981053142E-015
          11           3  -6.7466163910453039E-014
          11           4   4.3583119765037573E-014
          11           5   1.2162283651792181E-015
          11           6   2.3907958945912355E-014
          11           7   3.1433189384699768E-015
          11           8  0.39210654080283780     
          11           9  -1.6546659875604774E-014
          11          10  -2.6598515057152383E-014
          11          11  0.10328806415314321     
          11          12  -6.4850956636025581E-014
          11          13   1.2085872667239030E-014
          11          14   3.3158958496310375E-003
          11          15   1.8223262491839833E-014
          11          16   4.3657297828930662E-015
          11          17  -1.4372523042910400E-004
          11          18   5.8210423949796923E-015
          11          19   3.3702757897547649E-014
          11          20  -2.1894401036405362E-015
          11          21   9.3420549351109181E-015
          11          22   1.8221662239554066E-016
          11          23  -2.4801021108966387E-014
          11          24  -4.7968882765189722E-015
          11          25   1.3473070016886135E-015
          11          26  -1.6942383844960015E-014
          11          27  -5.2191953686391512E-016
          11          28   3.9097430236413214E-014
          11          29   2.1207313985975911E-014
          11          30  -4.2600650327597525E-015
          11          31   5.5240897577960882E-014
          11          32  -2.0300524022284538E-014
          11          33   6.3574928985659862E-014
          11          34   3.0121308773215271E-015
          11          35   1.5474879702601469E-014
          12           1   1.0040942499887863E-016
          12           2   2.5690627993518546E-016
          12           3  -1.6402695396208835E-015
          12           4   8.3447515973439892E-015
          12           5   1.9217139784566562E-015
          12           6   1.2583115520300302E-002
          12           7  -9.3907520648528425E-014
          12           8  -2.4634808082346643E-013
          12           9   3.3158958496740721E-003
          12          10  -2.4642953151167457E-014
          12          11  -6.4850956636025581E-014
          12          12   1.1547541333107109E-004
          12          13  -6.0917889588539980E-016
          12          14  -1.4973573155852776E-015
          12          15  -5.3722584509670440E-006
          12          16   3.1271834372768291E-017
          12          17  -3.6590605711513324E-017
          12          18   4.2943311875936572E-017
          12          19  -1.4404141754648401E-016
          12          20  -2.3405605964124641E-019
          12          21  -1.1377377448596194E-017
          12          22   4.9166197029126473E-017
          12          23   6.7641115150040713E-017
          12          24  -1.0013118100903689E-016
          12          25  -9.7612871582073042E-017
          12          26  -2.9795938695191303E-016
          12          27   5.7530653739709101E-017
          12          28  -1.5528813880485255E-016
          12          29  -3.4309013196131908E-016
          12          30  -8.8633629227546376E-016
          12          31  -8.6488288687086877E-017
          12          32  -6.5140817670371759E-016
          12          33  -5.0438040995292524E-017
          12          34  -1.1341538351886959E-016
          12          35  -7.5753276028716854E-016
          13           1  -1.2386630821350816E-015
          13           2  -1.4459344968191093E-015
          13           3   5.4841167327774146E-015
          13           4  -2.1129784644880274E-014
          13           5  -4.8409141228394615E-015
          13           6  -7.3840944209840287E-015
          13           7   1.2583115520266530E-002
          13           8   4.6265508785170559E-014
          13           9  -2.1208010933353574E-015
          13          10   3.3158958496647484E-003
          13          11   1.2085872667239030E-014
          13          12  -6.0917889588539980E-016
          13          13   1.1547541333082391E-004
          13          14  -1.2048196641969057E-017
          13          15   1.8103337396639610E-016
          13          16  -5.3722584506169111E-006
          13          17  -1.0403377772188236E-016
          13          18  -3.4001348957378314E-017
          13          19   2.7359216371846221E-016
          13          20  -1.1328160949612370E-016
          13          21   5.0674059754528379E-017
          13          22  -3.9174154622759721E-017
          13          23  -1.4214662222593899E-016
          13          24   7.5100797537882365E-016
          13          25  -2.3659723789998945E-017
          13          26   6.9510630466081184E-016
          13          27   1.4091753054642009E-016
          13          28   3.1218638287303232E-016
          13          29   1.1612366137488537E-015
          13          30   1.9171876598929598E-015
          13          31   4.5622398481236925E-016
          13          32   1.6494964578686950E-015
          13          33   1.8955440030233823E-016
          13          34   1.4427020470602363E-016
          13          35   1.6525152879816070E-015
          14           1  -1.5899852710327880E-015
          14           2  -3.1953624083639481E-015
          14           3   2.6838261019860954E-015
          14           4   1.2882555145542955E-014
          14           5   2.6261702510614756E-015
          14           6   1.0469273017954495E-014
          14           7  -3.2142040765070698E-014
          14           8   1.2583115520139205E-002
          14           9   2.2941717969793499E-015
          14          10  -9.0813316068472378E-015
          14          11   3.3158958496310375E-003
          14          12  -1.4973573155852776E-015
          14          13  -1.2048196641969057E-017
          14          14   1.1547541332922480E-004
          14          15   3.9901015610189193E-016
          14          16   1.9206302672396189E-016
          14          17  -5.3722584517609299E-006
          14          18   1.7838747690355212E-016
          14          19   7.5532148366120408E-016
          14          20  -3.1427669700422584E-017
          14          21   2.2422105100047425E-016
          14          22   9.1547721265603090E-018
          14          23  -5.1420927814417451E-016
          14          24  -4.6985695792634990E-016
          14          25  -1.6791409233901075E-017
          14          26  -8.0201396370725869E-016
          14          27  -9.2804910217927561E-019
          14          28   8.8679339126692909E-016
          14          29   1.0617578544214564E-016
          14          30  -1.0705285687406375E-015
          14          31   1.3152721946458002E-015
          14          32  -1.3361853902677875E-015
          14          33   1.4951091106998310E-015
          14          34   5.7949651542893378E-017
          14          35  -5.3904498553363627E-016
          15           1  -1.7660328189759557E-016
          15           2  -4.3949793778361307E-016
          15           3   3.4680965060708987E-016
          15           4   3.0505505489404400E-015
          15           5   7.2679061776421092E-016
          15           6  -5.4521007333127689E-004
          15           7   2.7095494698294918E-014
          15           8   6.9269254977691133E-014
          15           9  -1.4372523039695389E-004
          15          10   7.1291370803440627E-015
          15          11   1.8223262491839833E-014
          15          12  -5.3722584509670440E-006
          15          13   1.8103337396639610E-016
          15          14   3.9901015610189193E-016
          15          15   2.6369690974788845E-007
          15          16  -7.8653934722391811E-018
          15          17  -2.9261187432680489E-018
          15          18   6.8783912750988688E-018
          15          19   4.8230675086338020E-018
          15          20   9.5135847707790116E-018
          15          21   9.6212906772662126E-019
          15          22  -2.1980049840638792E-018
          15          23   7.4321664910330533E-018
          15          24  -1.0160098136602438E-016
          15          25   4.6805478734781242E-018
          15          26  -9.0540636152157542E-017
          15          27  -2.9652923558494486E-018
          15          28   5.8696869652150789E-018
          15          29  -9.1494643009191939E-017
          15          30  -1.7090614320885363E-016
          15          31   6.6678741963471451E-019
          15          32  -1.8182114747945851E-016
          15          33  -1.4249014481562632E-018
          15          34   5.5631964744601490E-018
          15          35  -1.7817001593255785E-016
          16           1   2.0487601593500236E-016
          16           2   1.0747983738642587E-016
          16           3   6.1855611485417132E-016
          16           4  -5.0624746099534150E-015
          16           5  -1.2121144545015441E-015
          16           6  -2.0901461239412218E-015
          16           7  -5.4521007326685251E-004
          16           8   1.6547439145916280E-014
          16           9  -5.3833073083629657E-016
          16          10  -1.4372523037999699E-004
          16          11   4.3657297828930662E-015
          16          12   3.1271834372768291E-017
          16          13  -5.3722584506169111E-006
          16          14   1.9206302672396189E-016
          16          15  -7.8653934722391811E-018
          16          16   2.6369690973308994E-007
          16          17  -1.2035985801549470E-017
          16          18  -1.4269260740402051E-017
          16          19  -7.9082693186322975E-018
          16          20  -1.1080613194840398E-017
          16          21  -1.2195617444685049E-018
          16          22   2.9177200579319763E-018
          16          23  -1.1132495893329455E-017
          16          24   1.5412032808355886E-016
          16          25  -1.5283801761527083E-018
          16          26   1.5283796180268606E-016
          16          27  -2.8420982888450276E-018
          16          28  -9.1758713129178937E-018
          16          29   1.4066535751318719E-016
          16          30   2.8748482649951306E-016
          16          31  -9.7720433152510713E-018
          16          32   2.9967267567929311E-016
          16          33  -1.9163861566564759E-018
          16          34  -5.9612009410517262E-018
          16          35   2.9901050694218428E-016
          17           1   1.0680941152010270E-015
          17           2   1.5886482451812378E-015
          17           3  -3.2276148923429487E-015
          17           4   1.2897823289081053E-015
          17           5   3.4026413259728822E-016
          17           6  -1.0305002836298973E-017
          17           7  -3.1549368423745132E-014
          17           8  -5.4521007345351711E-004
          17           9  -5.4993614100461784E-018
          17          10  -8.2711700037868919E-015
          17          11  -1.4372523042910400E-004
          17          12  -3.6590605711513324E-017
          17          13  -1.0403377772188236E-016
          17          14  -5.3722584517609299E-006
          17          15  -2.9261187432680489E-018
          17          16  -1.2035985801549470E-017
          17          17   2.6369690980099032E-007
          17          18  -2.7898296261423445E-018
          17          19  -1.9452125878942765E-017
          17          20   4.3785327648849533E-018
          17          21  -6.6399419654302939E-018
          17          22  -5.3124073105751425E-019
          17          23   1.5415020041067377E-017
          17          24  -3.6747775750463790E-017
          17          25   3.1701668207232471E-018
          17          26  -2.4699862384115670E-017
          17          27  -6.0356265936346662E-019
          17          28  -2.3453885022363221E-017
          17          29  -5.1189046348893136E-017
          17          30  -5.7807758838307191E-017
          17          31  -3.8374094997822076E-017
          17          32  -5.6433348159943309E-017
          17          33  -4.2601185678362577E-017
          17          34  -9.3560620265232492E-019
          17          35  -7.6692581827242593E-017
          18           1  -1.4163944199086041E-003
          18           2  -7.8287621437659975E-005
          18           3  -2.0967875850838792E-004
          18           4   2.6214181917856389E-003
          18           5   6.2000427589242019E-004
          18           6   1.3010869808026026E-015
          18           7   1.4135652207834780E-015
          18           8   2.2142163712561811E-014
          18           9   3.5124806610808372E-016
          18          10   3.6279329812364239E-016
          18          11   5.8210423949796923E-015
          18          12   4.2943311875936572E-017
          18          13  -3.4001348957378314E-017
          18          14   1.7838747690355212E-016
          18          15   6.8783912750988688E-018
          18          16  -1.4269260740402051E-017
          18          17  -2.7898296261423445E-018
          18          18   7.7764206180458031E-006
          18          19  -5.4617506450043526E-020
          18          20   7.7764206180479444E-006
          18          21   1.2660748572449752E-019
          18          22  -5.1537369803627412E-019
          18          23   7.7764206180493336E-006
          18          24  -8.1588859450268636E-005
          18          25  -2.7730453703849994E-019
          18          26  -8.1588859450271956E-005
          18          27   1.8577612657458411E-018
          18          28  -2.8748045597294027E-018
          18          29  -8.1588859450266535E-005
          18          30  -1.6395445050406359E-004
          18          31   1.0346379088893868E-019
          18          32  -1.6395445050407009E-004
          18          33   3.6827522940163870E-018
          18          34  -1.1154782282222375E-017
          18          35  -1.6395445050405757E-004
          19           1   6.4048087680389439E-017
          19           2  -8.2875501866249116E-017
          19           3   1.5647257075827239E-016
          19           4  -1.8492957033265903E-017
          19           5  -4.8518860371268752E-018
          19           6  -2.1180719676017758E-014
          19           7   4.3888802866220175E-014
          19           8   1.2811865422336137E-013
          19           9  -5.5744681250876570E-015
          19          10   1.1547425639254604E-014
          19          11   3.3702757897547649E-014
          19          12  -1.4404141754648401E-016
          19          13   2.7359216371846221E-016
          19          14   7.5532148366120408E-016
          19          15   4.8230675086338020E-018
          19          16  -7.9082693186322975E-018
          19          17  -1.9452125878942765E-017
          19          18  -5.4617506450043526E-020
          19          19   2.5593560084640607E-026
          19          20  -5.4617511172318366E-020
          19          21   6.2618921655223894E-027
          19          22   1.5699730864867077E-028
          19          23  -5.4617528139442254E-020
          19          24   5.4730467025229287E-019
          19          25   1.7389233138551825E-027
          19          26   5.4730466269969870E-019
          19          27   8.5881296388886179E-028
          19          28   2.9083178288666715E-026
          19          29   5.4730469151510931E-019
          19          30   1.1038471569465674E-018
          19          31   4.0266821861661683E-026
          19          32   1.1038471416658620E-018
          19          33   4.3947745330563266E-026
          19          34   3.0924403827556281E-027
          19          35   1.1038471661903221E-018
          20           1  -1.4163944199093634E-003
          20           2  -7.8287621437551176E-005
          20           3  -2.0967875850866412E-004
          20           4   2.6214181917862877E-003
          20           5   6.2000427589257350E-004
          20           6  -1.5744203738048576E-015
          20           7  -8.6847333743167262E-015
          20           8  -8.2929096897908905E-015
          20           9  -4.0886017564957846E-016
          20          10  -2.2964255443680736E-015
          20          11  -2.1894401036405362E-015
          20          12  -2.3405605964124641E-019
          20          13  -1.1328160949612370E-016
          20          14  -3.1427669700422584E-017
          20          15   9.5135847707790116E-018
          20          16  -1.1080613194840398E-017
          20          17   4.3785327648849533E-018
          20          18   7.7764206180479444E-006
          20          19  -5.4617511172318366E-020
          20          20   7.7764206180500857E-006
          20          21   1.2660748455060484E-019
          20          22  -5.1537369806003557E-019
          20          23   7.7764206180514766E-006
          20          24  -8.1588859450289073E-005
          20          25  -2.7730453730323052E-019
          20          26  -8.1588859450292366E-005
          20          27   1.8577612656037553E-018
          20          28  -2.8748045651082000E-018
          20          29  -8.1588859450286972E-005
          20          30  -1.6395445050410433E-004
          20          31   1.0346378335139062E-019
          20          32  -1.6395445050411078E-004
          20          33   3.6827522856884748E-018
          20          34  -1.1154782282732523E-017
          20          35  -1.6395445050409831E-004
          21           1   1.0003494426880801E-016
          21           2  -6.9586655839205058E-017
          21           3   1.1801255793181832E-016
          21           4   5.9099314441950664E-017
          21           5   1.3802707233595384E-017
          21           6   2.4198413254181563E-017
          21           7   8.8450003052632854E-015
          21           8   3.5505212947941689E-014
          21           9   4.7489234815064822E-018
          21          10   2.3265499353068988E-015
          21          11   9.3420549351109181E-015
          21          12  -1.1377377448596194E-017
          21          13   5.0674059754528379E-017
          21          14   2.2422105100047425E-016
          21          15   9.6212906772662126E-019
          21          16  -1.2195617444685049E-018
          21          17  -6.6399419654302939E-018
          21          18   1.2660748572449752E-019
          21          19   6.2618921655223894E-027
          21          20   1.2660748455060484E-019
          21          21   1.6109578264165083E-027
          21          22   5.9691096894686011E-029
          21          23   1.2660748036618428E-019
          21          24  -1.7287446960192374E-018
          21          25   4.1148979854224107E-028
          21          26  -1.7287446978699109E-018
          21          27   1.7397245996623142E-028
          21          28   7.1784709002049761E-027
          21          29  -1.7287446908651706E-018
          21          30  -3.6478226631495575E-018
          21          31   9.8892475339810686E-027
          21          32  -3.6478226668541823E-018
          21          33   1.0869478293864954E-026
          21          34   7.4257658846851005E-028
          21          35  -3.6478226607429293E-018
          22           1  -2.3514951747667513E-016
          22           2  -5.9126928069738220E-018
          22           3   4.8158475490017178E-017
          22           4  -2.0360506842731220E-016
          22           5  -4.9572054523915668E-017
          22           6   5.6184742864335496E-015
          22           7  -1.0703382242581026E-015
          22           8   6.8996977213718048E-016
          22           9   1.4802412765363407E-015
          22          10  -2.8617407114792251E-016
          22          11   1.8221662239554066E-016
          22          12   4.9166197029126473E-017
          22          13  -3.9174154622759721E-017
          22          14   9.1547721265603090E-018
          22          15  -2.1980049840638792E-018
          22          16   2.9177200579319763E-018
          22          17  -5.3124073105751425E-019
          22          18  -5.1537369803627412E-019
          22          19   1.5699730864867077E-028
          22          20  -5.1537369806003557E-019
          22          21   5.9691096894686011E-029
          22          22   1.2685029567238353E-028
          22          23  -5.1537369808278206E-019
          22          24   5.3965519672040336E-018
          22          25  -2.6035374144713818E-028
          22          26   5.3965519668419511E-018
          22          27   2.7719915502739335E-028
          22          28   1.7574347375481279E-028
          22          29   5.3965519673572067E-018
          22          30   1.2165469620361467E-017
          22          31   6.2720073491371303E-028
          22          32   1.2165469620596853E-017
          22          33   3.4836439925800249E-028
          22          34  -4.3439957006220309E-029
          22          35   1.2165469620434632E-017
          23           1  -1.4163944199087532E-003
          23           2  -7.8287621437677133E-005
          23           3  -2.0967875850853211E-004
          23           4   2.6214181917868506E-003
          23           5   6.2000427589270924E-004
          23           6   8.9650294483210979E-015
          23           7  -1.5903249643277751E-014
          23           8  -9.4262067402587269E-014
          23           9   2.3644419009147606E-015
          23          10  -4.1933993714960629E-015
          23          11  -2.4801021108966387E-014
          23          12   6.7641115150040713E-017
          23          13  -1.4214662222593899E-016
          23          14  -5.1420927814417451E-016
