           1           1   2.1943124418958693     
           1           2  0.61429325408934554     
           1           3 -0.34372928792989910     
           1           4 -0.19266159510649516     
           1           5   4.0822727410381746E-002
           1           6  -3.6663798080566727E-014
           1           7  -2.7073445652989178E-015
           1           8  -3.6893267619247442E-015
           1           9   4.0862928441639122E-015
           1          10  -1.3105706553741127E-015
           1          11   2.0175475712310248E-015
           1          12   6.3776755469122441E-016
           1          13   8.6138125150466656E-016
           1          14  -4.7537825695294942E-015
           1          15  -1.2318871392561611E-015
           1          16   5.2835549562574685E-016
           1          17   1.4766601785993773E-015
           1          18  0.16660553678391921     
           1          19   1.6686730599274361E-017
           1          20  0.16660553678392567     
           1          21   4.5935769634708276E-015
           1          22  -2.2103007544376198E-015
           1          23  0.16660553678392054     
           1          24   6.5150476439462812E-002
           1          25  -4.7569140160533450E-016
           1          26   6.5150476439468114E-002
           1          27  -1.2920260742065204E-015
           1          28   5.6934067114198054E-015
           1          29   6.5150476439470695E-002
           1          30   4.9640579195684389E-002
           1          31  -2.5729316661701754E-016
           1          32   4.9640579195672635E-002
           1          33   9.8490392682827426E-016
           1          34  -1.6983823237088013E-015
           1          35   4.9640579195677124E-002
           2           1  0.61429325408934554     
           2           2   2.1346976445340751     
           2           3 -0.89505757051280954     
           2           4 -0.43899920909055101     
           2           5   9.4023628249141372E-002
           2           6  -2.1509556500523667E-013
           2           7  -1.9638424095020434E-014
           2           8  -1.9789045516025585E-014
           2           9   5.0472071051015948E-014
           2          10  -4.8081655578504465E-015
           2          11   5.2737628491172033E-015
           2          12  -1.1950774419450244E-014
           2          13   3.8384178324382256E-015
           2          14  -1.3580237443681897E-015
           2          15   3.1653596166328631E-015
           2          16   1.2576338740556404E-015
           2          17   6.8501276438005666E-016
           2          18  0.38398502745044527     
           2          19   4.2707100244133158E-014
           2          20  0.38398502745027518     
           2          21   1.7233843014591518E-013
           2          22   7.2757149853763994E-015
           2          23  0.38398502745035978     
           2          24  0.15754163336102081     
           2          25   2.5241579891168997E-014
           2          26  0.15754163336093471     
           2          27   7.5345719809707555E-014
           2          28   1.5296182991038940E-015
           2          29  0.15754163336098698     
           2          30  0.11179678817338330     
           2          31  -3.5990955961091712E-015
           2          32  0.11179678817338969     
           2          33  -1.2305946230065994E-014
           2          34   1.9039041395692000E-015
           2          35  0.11179678817337656     
           3           1 -0.34372928792989910     
           3           2 -0.89505757051280954     
           3           3  0.37896846356845443     
           3           4  0.18690085576717433     
           3           5  -4.0011071426090339E-002
           3           6  -3.2302995005597021E-014
           3           7  -1.8095655655654250E-014
           3           8   1.5368603694923646E-014
           3           9   9.7578108368583841E-015
           3          10   8.5901045086323184E-015
           3          11  -4.0289594676762390E-015
           3          12  -6.2853313103105064E-015
           3          13  -3.9994641917607444E-015
           3          14   1.4113440900311942E-015
           3          15   3.2273797479765529E-015
           3          16   4.2882849789295078E-016
           3          17  -6.0494743191473795E-016
           3          18 -0.16339728614735918     
           3          19   2.9971358466828433E-014
           3          20 -0.16339728614749893     
           3          21   1.2818990140085791E-013
           3          22   4.1396648420427812E-015
           3          23 -0.16339728614743509     
           3          24  -6.6901892081220049E-002
           3          25   1.2339256897482252E-014
           3          26  -6.6901892081284761E-002
           3          27   6.4106008856958802E-014
           3          28   2.4770569211655544E-015
           3          29  -6.6901892081259365E-002
           3          30  -4.7621338322618806E-002
           3          31  -2.2515805279311433E-015
           3          32  -4.7621338322604484E-002
           3          33  -1.0660414583007887E-014
           3          34  -1.2538652948517977E-015
           3          35  -4.7621338322607037E-002
           4           1 -0.19266159510649516     
           4           2 -0.43899920909055101     
           4           3  0.18690085576717433     
           4           4   9.2460786823493568E-002
           4           5  -1.9788494807942033E-002
           4           6   1.8601227598988163E-013
           4           7   2.8097297566148359E-014
           4           8  -6.9719529615463901E-015
           4           9  -4.5830739101421302E-014
           4          10  -5.0766002825976713E-015
           4          11   1.6538880804247045E-015
           4          12   1.5387259752711070E-014
           4          13   1.4313973340739180E-015
           4          14  -5.8270374209495345E-016
           4          15  -5.8226888227011672E-015
           4          16  -1.1520466324661473E-015
           4          17   2.2051754437998617E-016
           4          18  -8.0810983274588938E-002
           4          19  -2.5113412261739815E-014
           4          20  -8.0810983274482023E-002
           4          21  -1.0411892436724061E-013
           4          22  -3.8307400610142499E-015
           4          23  -8.0810983274533094E-002
           4          24  -3.3049824965786526E-002
           4          25  -1.2920272023342696E-014
           4          26  -3.3049824965734637E-002
           4          27  -4.8211044625803083E-014
           4          28  -1.6685670283611138E-015
           4          29  -3.3049824965761490E-002
           4          30  -2.3565292113536338E-002
           4          31   2.0317739667805150E-015
           4          32  -2.3565292113543003E-002
           4          33   7.9042317045588460E-015
           4          34  -1.2278886317416874E-016
           4          35  -2.3565292113537847E-002
           5           1   4.0822727410381746E-002
           5           2   9.4023628249141372E-002
           5           3  -4.0011071426090339E-002
           5           4  -1.9788494807942033E-002
           5           5   4.2352357429053999E-003
           5           6  -4.2870705558359460E-015
           5           7   4.6712187278071927E-015
           5           8  -2.3926764208843778E-016
           5           9   8.9315204759442503E-016
           5          10  -1.5958180212151396E-015
           5          11   8.0411511301480639E-017
           5          12  -3.9183903297787152E-017
           5          13   6.7271118559892787E-016
           5          14  -3.2910748538547192E-017
           5          15  -5.9539806097905510E-017
           5          16  -1.4624086205109022E-016
           5          17   1.6160236982871479E-017
           5          18   1.7295607283505397E-002
           5          19   5.0407918659041214E-015
           5          20   1.7295607283483994E-002
           5          21   2.0881747073639588E-014
           5          22   7.7100106895242211E-016
           5          23   1.7295607283494233E-002
           5          24   7.0741882182540237E-003
           5          25   2.6064156913241411E-015
           5          26   7.0741882182436180E-003
           5          27   9.6494426267739971E-015
           5          28   3.3217667414682934E-016
           5          29   7.0741882182490372E-003
           5          30   5.0433301921719194E-003
           5          31  -4.0851902290687869E-016
           5          32   5.0433301921732334E-003
           5          33  -1.5814931736240337E-015
           5          34   3.0756500978456655E-017
           5          35   5.0433301921721831E-003
           6           1  -3.6663798080566727E-014
           6           2  -2.1509556500523667E-013
           6           3  -3.2302995005597021E-014
           6           4   1.8601227598988163E-013
           6           5  -4.2870705558359460E-015
           6           6   2.4681728451479401     
           6           7   1.5154544286133387E-014
           6           8  -6.5225602696727750E-016
           6           9 -0.61950877719354780     
           6          10  -2.7852720130283615E-014
           6          11  -7.3552275381417311E-016
           6          12  0.22609792716339749     
           6          13   1.8735013540549517E-014
           6          14   1.3973197598993217E-015
           6          15  -9.0728787106625533E-002
           6          16  -2.2719673364868243E-014
           6          17  -9.0613280767648550E-015
           6          18  -3.1249300387858931E-014
           6          19   3.2383853334651593E-014
           6          20  -4.2231208502594084E-014
           6          21  -4.4116956671578914E-015
           6          22   4.4701645773313645E-014
           6          23  -4.1736941141748544E-014
           6          24  -3.8310447435715650E-014
           6          25  -2.0213684982333453E-014
           6          26   5.8239416648120494E-015
           6          27   2.4126111795282877E-014
           6          28   1.4695110466028207E-014
           6          29  -1.5607151653138044E-014
           6          30  -6.2880066070979590E-014
           6          31   5.7992570381461343E-015
           6          32  -6.3808355314496358E-014
           6          33   3.7659645424217084E-015
           6          34  -1.2782237881233180E-014
           6          35  -7.0621061044713013E-014
           7           1  -2.7073445652989178E-015
           7           2  -1.9638424095020434E-014
           7           3  -1.8095655655654250E-014
           7           4   2.8097297566148359E-014
           7           5   4.6712187278071927E-015
           7           6   1.5154544286133387E-014
           7           7   2.4681728451479081     
           7           8  -8.6736173798840374E-016
           7           9  -1.6792123247455493E-014
           7          10 -0.61950877719349862     
           7          11  -2.1853178988617819E-015
           7          12   1.6125989432680399E-014
           7          13  0.22609792716333926     
           7          14   4.3648895262093923E-015
           7          15  -1.3651406394199483E-014
           7          16  -9.0728787106588049E-002
           7          17  -2.6881166563519354E-015
           7          18   1.7337352447666608E-016
           7          19   5.1830843147842456E-015
           7          20  -3.5052329420364975E-015
           7          21   5.1789832231842079E-016
           7          22   1.1432644104014600E-014
           7          23  -2.9602430330123399E-015
           7          24  -6.2921075992145943E-015
           7          25  -4.4492041399634393E-015
           7          26   4.4642460205344563E-015
           7          27   6.4148244767351906E-015
           7          28   5.4073742035140919E-016
           7          29  -2.8249627370142760E-016
           7          30  -1.0694606457813933E-014
           7          31   5.1149309898754029E-015
           7          32  -1.1085389539392046E-014
           7          33   1.2748252653223147E-015
           7          34  -3.2755256506317993E-015
           7          35  -1.3564525774288676E-014
           8           1  -3.6893267619247442E-015
           8           2  -1.9789045516025585E-014
           8           3   1.5368603694923646E-014
           8           4  -6.9719529615463901E-015
           8           5  -2.3926764208843778E-016
           8           6  -6.5225602696727750E-016
           8           7  -8.6736173798840374E-016
           8           8   2.4681728451478966     
           8           9   1.3114509478384610E-015
           8          10   2.3325525538853127E-015
           8          11 -0.61950877719348363     
           8          12  -3.8389430523366725E-015
           8          13   2.6548858597652563E-015
           8          14  0.22609792716333138     
           8          15   3.0357660829594120E-015
           8          16  -6.8749259757305984E-016
           8          17  -9.0728787106579986E-002
           8          18  -1.7600380580394853E-015
           8          19  -2.5662610779798241E-015
           8          20  -2.2495734096299921E-015
           8          21   1.6977098741845795E-015
           8          22   1.5263104042086404E-016
           8          23  -4.3847542655092398E-015
           8          24   2.2735791295087940E-015
           8          25   2.3660510900703124E-015
           8          26  -3.3364562053723637E-015
           8          27  -1.7954570215796115E-015
           8          28  -8.4237210738265303E-016
           8          29  -1.6110479424265797E-015
           8          30   1.3890904209158586E-015
           8          31  -2.1233035486607388E-015
           8          32   4.5421175210734048E-015
           8          33  -3.8203595108407951E-016
           8          34   1.0754240774041399E-015
           8          35   3.7297417268907902E-015
           9           1   4.0862928441639122E-015
           9           2   5.0472071051015948E-014
           9           3   9.7578108368583841E-015
           9           4  -4.5830739101421302E-014
           9           5   8.9315204759442503E-016
           9           6 -0.61950877719354780     
           9           7  -1.6792123247455493E-014
           9           8   1.3114509478384610E-015
           9           9  0.15549604873674913     
           9          10   1.0253950466498913E-014
           9          11  -1.0321604682060214E-016
           9          12  -5.6750340908396382E-002
           9          13  -5.8919882861552308E-015
           9          14  -2.4568021228522428E-016
           9          15   2.2772829734017393E-002
           9          16   6.1799523831673800E-015
           9          17   2.2321554327131621E-015
           9          18   5.7400153858809910E-015
           9          19  -8.7319921125386101E-015
           9          20   1.1156448922122842E-014
           9          21  -1.4235524014853024E-015
           9          22  -1.1309386362955532E-014
           9          23   9.7828484944050437E-015
           9          24   8.6687110776868021E-015
           9          25   4.7856015741191619E-015
           9          26  -1.1399091254796387E-015
           9          27  -7.2630991634551597E-015
           9          28  -3.7310715215872605E-015
           9          29   3.6431240469777098E-015
           9          30   1.5669918584000099E-014
           9          31  -1.4080895339909631E-015
           9          32   1.5693540674648987E-014
           9          33  -7.4603776444809338E-016
           9          34   3.2153589592814428E-015
           9          35   1.7501878602907493E-014
          10           1  -1.3105706553741127E-015
          10           2  -4.8081655578504465E-015
          10           3   8.5901045086323184E-015
          10           4  -5.0766002825976713E-015
          10           5  -1.5958180212151396E-015
          10           6  -2.7852720130283615E-014
          10           7 -0.61950877719349862     
          10           8   2.3325525538853127E-015
          10           9   1.0253950466498913E-014
          10          10  0.15549604873672646     
          10          11   1.7184604433901029E-017
          10          12  -6.2528107691584027E-015
          10          13  -5.6750340908377980E-002
          10          14  -9.0170384180188466E-016
          10          15   4.3110046782368627E-015
          10          16   2.2772829734006468E-002
          10          17   5.9689395353474017E-016
          10          18  -2.2735082790264715E-015
          10          19  -1.5238700198023742E-015
          10          20  -3.6792558186320382E-016
          10          21  -1.0645743259431687E-015
          10          22  -2.9025650808958090E-015
          10          23  -9.6613658038716798E-016
          10          24   6.2962434645508379E-016
          10          25   1.0103909936825824E-015
          10          26  -1.6015799222030837E-015
          10          27  -2.0559983092072214E-015
          10          28  -1.5146076196775980E-016
          10          29  -6.3029314848320414E-016
          10          30   2.2208443819227727E-015
          10          31  -1.2662952986350757E-015
          10          32   2.2416134262315893E-015
          10          33  -2.4641529600365395E-016
          10          34   8.2474973301320814E-016
          10          35   2.9001940379028207E-015
          11           1   2.0175475712310248E-015
          11           2   5.2737628491172033E-015
          11           3  -4.0289594676762390E-015
          11           4   1.6538880804247045E-015
          11           5   8.0411511301480639E-017
          11           6  -7.3552275381417311E-016
          11           7  -2.1853178988617819E-015
          11           8 -0.61950877719348363     
          11           9  -1.0321604682060214E-016
          11          10   1.7184604433901029E-017
          11          11  0.15549604873671968     
          11          12   8.8145636623070958E-016
          11          13  -8.8647080127846648E-016
          11          14  -5.6750340908374906E-002
          11          15  -7.2901754077925180E-016
          11          16   2.6088614775432958E-016
          11          17   2.2772829734004008E-002
          11          18  -9.9385297212886799E-016
          11          19  -3.1577042715899843E-017
          11          20   2.1063768602741433E-015
          11          21  -3.2589738767813496E-015
          11          22  -1.3828780888650493E-016
          11          23   1.2436788837149556E-015
          11          24  -1.2627368262157598E-015
          11          25  -9.1625189046731302E-016
          11          26   1.5658568222618277E-015
          11          27  -9.0087963653869610E-016
          11          28   1.6373575393010165E-016
          11          29   4.6550431163723603E-016
          11          30  -2.0436698998561325E-016
          11          31   5.8613430063507655E-016
          11          32  -1.2301324396680798E-015
          11          33   3.1887494854606273E-016
          11          34  -2.6206069587023815E-016
          11          35  -9.1613584571558864E-016
          12           1   6.3776755469122441E-016
          12           2  -1.1950774419450244E-014
          12           3  -6.2853313103105064E-015
          12           4   1.5387259752711070E-014
          12           5  -3.9183903297787152E-017
          12           6  0.22609792716339749     
          12           7   1.6125989432680399E-014
          12           8  -3.8389430523366725E-015
          12           9  -5.6750340908396382E-002
          12          10  -6.2528107691584027E-015
          12          11   8.8145636623070958E-016
          12          12   2.0711787980359577E-002
          12          13   3.0667742650924994E-015
          12          14  -2.1824989732132928E-016
          12          15  -8.3112455998306124E-003
          12          16  -2.6232271563286796E-015
          12          17  -6.9112467485088638E-016
          12          18  -1.0094629296191469E-015
          12          19   3.1487012336127753E-015
          12          20  -2.8181406343226118E-015
          12          21   3.5958268881247949E-016
          12          22   4.1218648281526434E-015
          12          23  -2.3958027219628771E-015
          12          24  -2.7245835432158380E-015
          12          25  -1.7647721006768995E-015
          12          26   9.3541201103386097E-016
          12          27   2.5744473603655238E-015
          12          28   1.3590105415887724E-015
          12          29  -8.4789814086662274E-016
          12          30  -5.3710539863849720E-015
          12          31   5.1690422293212460E-016
          12          32  -5.3929086492735740E-015
          12          33   2.8486753545123049E-016
          12          34  -1.1730434353818205E-015
          12          35  -6.0466690306825322E-015
          13           1   8.6138125150466656E-016
          13           2   3.8384178324382256E-015
          13           3  -3.9994641917607444E-015
          13           4   1.4313973340739180E-015
          13           5   6.7271118559892787E-016
          13           6   1.8735013540549517E-014
          13           7  0.22609792716333926     
          13           8   2.6548858597652563E-015
          13           9  -5.8919882861552308E-015
          13          10  -5.6750340908377980E-002
          13          11  -8.8647080127846648E-016
          13          12   3.0667742650924994E-015
          13          13   2.0711787980349169E-002
          13          14   6.5033156811112066E-016
          13          15  -1.8882465036007549E-015
          13          16  -8.3112455998251428E-003
          13          17  -3.4675495981517823E-016
          13          18   1.5186220038493650E-015
          13          19   6.9857717292213704E-016
          13          20   1.9560752206048969E-016
          13          21   9.8561926186808274E-016
          13          22   1.0804021279583266E-015
          13          23   7.0872535094803591E-016
          13          24   7.4573432286483279E-017
          13          25  -3.0080745730191196E-016
          13          26   5.8948179110112808E-016
          13          27   1.0352315759554953E-015
          13          28   6.5331225673267411E-017
          13          29   3.7564186240624377E-016
          13          30  -7.2847616535565159E-016
          13          31   4.5094076317357899E-016
          13          32  -6.8665952702018037E-016
          13          33   4.2933418057778293E-017
          13          34  -3.0266203296848078E-016
          13          35  -9.5022148912961231E-016
          14           1  -4.7537825695294942E-015
          14           2  -1.3580237443681897E-015
          14           3   1.4113440900311942E-015
          14           4  -5.8270374209495345E-016
          14           5  -3.2910748538547192E-017
          14           6   1.3973197598993217E-015
          14           7   4.3648895262093923E-015
          14           8  0.22609792716333138     
          14           9  -2.4568021228522428E-016
          14          10  -9.0170384180188466E-016
          14          11  -5.6750340908374906E-002
          14          12  -2.1824989732132928E-016
          14          13   6.5033156811112066E-016
          14          14   2.0711787980347826E-002
          14          15   2.2453826992174728E-016
          14          16  -2.2636786108781982E-016
          14          17  -8.3112455998241557E-003
          14          18   5.7365878444566622E-016
          14          19   1.1174896803568019E-016
          14          20  -9.9942951901490584E-016
          14          21   1.6095900257158347E-015
          14          22   6.5299204984283984E-017
          14          23  -4.7712435328314694E-016
          14          24   5.6908743418797677E-016
          14          25   3.8221481758922892E-016
          14          26  -6.7393897075721284E-016
          14          27   5.2925561142478342E-016
          14          28  -5.2682581690469574E-017
          14          29  -1.7337648835186102E-016
          14          30   5.0336383709829101E-017
          14          31  -2.2180651866389932E-016
          14          32   4.5946450683788050E-016
          14          33  -1.4945192712127108E-016
          14          34   9.4475253983539584E-017
          14          35   3.2853795667274670E-016
          15           1  -1.2318871392561611E-015
          15           2   3.1653596166328631E-015
          15           3   3.2273797479765529E-015
          15           4  -5.8226888227011672E-015
          15           5  -5.9539806097905510E-017
          15           6  -9.0728787106625533E-002
          15           7  -1.3651406394199483E-014
          15           8   3.0357660829594120E-015
          15           9   2.2772829734017393E-002
          15          10   4.3110046782368627E-015
          15          11  -7.2901754077925180E-016
          15          12  -8.3112455998306124E-003
          15          13  -1.8882465036007549E-015
          15          14   2.2453826992174728E-016
          15          15   3.3351443866752287E-003
          15          16   1.3164924879405242E-015
          15          17   2.2235631304962129E-016
          15          18   1.7126278664069052E-016
          15          19  -1.2307997584644770E-015
          15          20   7.5290320203033823E-016
          15          21  -7.1424352362827581E-018
          15          22  -1.6491853913362258E-015
          15          23   6.5114093416121051E-016
          15          24   1.0031111170678417E-015
          15          25   7.2377706942119740E-016
          15          26  -5.3434727690927304E-016
          15          27  -9.6764253201284528E-016
          15          28  -5.4303570297642656E-016
          15          29   2.1356700717547493E-016
          15          30   2.0597468054377983E-015
          15          31  -2.0999885158848830E-016
          15          32   2.0798630543420948E-015
          15          33  -1.2510760095641648E-016
          15          34   4.7033896004108945E-016
          15          35   2.3368746152661479E-015
          16           1   5.2835549562574685E-016
          16           2   1.2576338740556404E-015
          16           3   4.2882849789295078E-016
          16           4  -1.1520466324661473E-015
          16           5  -1.4624086205109022E-016
          16           6  -2.2719673364868243E-014
          16           7  -9.0728787106588049E-002
          16           8  -6.8749259757305984E-016
          16           9   6.1799523831673800E-015
          16          10   2.2772829734006468E-002
          16          11   2.6088614775432958E-016
          16          12  -2.6232271563286796E-015
          16          13  -8.3112455998251428E-003
          16          14  -2.2636786108781982E-016
          16          15   1.3164924879405242E-015
          16          16   3.3351443866725147E-003
          16          17   1.2524737377870590E-016
          16          18  -3.3181193314256469E-016
          16          19  -3.8159808768526963E-016
          16          20   6.4532421167778303E-016
          16          21  -8.2008775900749602E-016
          16          22  -4.4852905711624174E-016
          16          23   2.2979870970815770E-016
          16          24   6.8644346539282392E-017
          16          25   7.2391795388753687E-017
          16          26   7.4918028927099473E-017
          16          27  -6.1798231220711430E-016
          16          28  -3.3365094736781320E-017
          16          29   6.0718835897920288E-017
          16          30   4.5736691145414807E-016
          16          31  -1.7298239908742255E-016
          16          32   4.0546180290639595E-016
          16          33   1.6191734911465749E-017
          16          34   1.2263197226900774E-016
          16          35   5.2772425901727440E-016
          17           1   1.4766601785993773E-015
          17           2   6.8501276438005666E-016
          17           3  -6.0494743191473795E-016
          17           4   2.2051754437998617E-016
          17           5   1.6160236982871479E-017
          17           6  -9.0613280767648550E-015
          17           7  -2.6881166563519354E-015
          17           8  -9.0728787106579986E-002
          17           9   2.2321554327131621E-015
          17          10   5.9689395353474017E-016
          17          11   2.2772829734004008E-002
          17          12  -6.9112467485088638E-016
          17          13  -3.4675495981517823E-016
          17          14  -8.3112455998241557E-003
          17          15   2.2235631304962129E-016
          17          16   1.2524737377870590E-016
          17          17   3.3351443866719396E-003
          17          18  -3.7691354159712315E-016
          17          19  -1.1549869580962751E-016
          17          20   5.6566757869416514E-016
          17          21  -9.4211807760402962E-016
          17          22  -3.6657597153878756E-017
          17          23   2.0982751583086839E-016
          17          24  -2.9842016611792940E-016
          17          25  -1.8708509272407204E-016
          17          26   3.4891683823988944E-016
          17          27  -3.5370526357811682E-016
          17          28   1.6152839961479631E-017
          17          29   7.8276081245011147E-017
          17          30  -4.4440342726025931E-018
          17          31   9.4568323791266702E-017
          17          32  -1.9312536693175523E-016
          17          33   8.3288823119233460E-017
          17          34  -3.7088222987274489E-017
          17          35  -1.2907523256208615E-016
          18           1  0.16660553678391921     
          18           2  0.38398502745044527     
          18           3 -0.16339728614735918     
          18           4  -8.0810983274588938E-002
          18           5   1.7295607283505397E-002
          18           6  -3.1249300387858931E-014
          18           7   1.7337352447666608E-016
          18           8  -1.7600380580394853E-015
          18           9   5.7400153858809910E-015
          18          10  -2.2735082790264715E-015
          18          11  -9.9385297212886799E-016
          18          12  -1.0094629296191469E-015
          18          13   1.5186220038493650E-015
          18          14   5.7365878444566622E-016
          18          15   1.7126278664069052E-016
          18          16  -3.3181193314256469E-016
          18          17  -3.7691354159712315E-016
          18          18  0.20797624184349045     
          18          19   6.1108430335470545E-002
          18          20  -6.1285313213829296E-002
          18          21  0.25619290353351820     
          18          22   9.0416159684127435E-003
          18          23   6.5201448699451048E-002
          18          24   9.4416091692632070E-002
          18          25   2.9154497391375715E-002
          18          26  -3.4047121343941625E-002
          18          27  0.12222823097815856     
          18          28   4.3137054530406858E-003
          18          29   2.6299019933128345E-002
          18          30   9.7846191728545150E-003
          18          31  -4.8100746350655333E-003
          18          32   3.0979209985762542E-002
          18          33  -2.0165908045833156E-002
          18          34  -7.1169963605527767E-004
          18          35   2.1022960711960526E-002
          19           1   1.6686730599274361E-017
          19           2   4.2707100244133158E-014
          19           3   2.9971358466828433E-014
          19           4  -2.5113412261739815E-014
          19           5   5.0407918659041214E-015
          19           6   3.2383853334651593E-014
          19           7   5.1830843147842456E-015
          19           8  -2.5662610779798241E-015
          19           9  -8.7319921125386101E-015
          19          10  -1.5238700198023742E-015
          19          11  -3.1577042715899843E-017
          19          12   3.1487012336127753E-015
          19          13   6.9857717292213704E-016
          19          14   1.1174896803568019E-016
          19          15  -1.2307997584644770E-015
          19          16  -3.8159808768526963E-016
          19          17  -1.1549869580962751E-016
          19          18   6.1108430335470545E-002
          19          19   2.7188671152669600E-002
          19          20  -5.8692779322840422E-002
          19          21  0.11398663928334112     
          19          22   4.0228413969128777E-003
          19          23  -2.4156510126073553E-003
          19          24   2.9154497391379583E-002
          19          25   1.2971566080880778E-002
          19          26  -2.8002003524982357E-002
          19          27   5.4382401239797047E-002
          19          28   1.9192755953367326E-003
          19          29  -1.1524938663717858E-003
          19          30  -4.8100746350580358E-003
          19          31  -2.1401226762763270E-003
          19          32   4.6199296485425791E-003
          19          33  -8.9723175565661339E-003
          19          34  -3.1665299301526431E-004
          19          35   1.9014498653570082E-004
          20           1  0.16660553678392567     
          20           2  0.38398502745027518     
          20           3 -0.16339728614749893     
          20           4  -8.0810983274482023E-002
          20           5   1.7295607283483994E-002
          20           6  -4.2231208502594084E-014
          20           7  -3.5052329420364975E-015
          20           8  -2.2495734096299921E-015
          20           9   1.1156448922122842E-014
          20          10  -3.6792558186320382E-016
          20          11   2.1063768602741433E-015
          20          12  -2.8181406343226118E-015
          20          13   1.9560752206048969E-016
          20          14  -9.9942951901490584E-016
          20          15   7.5290320203033823E-016
          20          16   6.4532421167778303E-016
          20          17   5.6566757869416514E-016
          20          18  -6.1285313213829296E-002
          20          19  -5.8692779322840422E-002
          20          20  0.19733217940291703     
          20          21 -0.24606545232176544     
          20          22  -8.6841957458670630E-003
          20          23   7.5845511139934069E-002
          20          24  -3.4047121343962525E-002
          20          25  -2.8002003524986580E-002
          20          26   8.9337867805107773E-002
          20          27 -0.11739647947818950     
          20          28  -4.1431822226351807E-003
          20          29   3.1377243820565504E-002
          20          30   3.0979209985732708E-002
          20          31   4.6199296485351926E-003
          20          32   1.0622453404177060E-002
          20          33   1.9368738229425572E-002
          20          34   6.8356574459310876E-004
          20          35   2.0185126480581496E-002
          21           1   4.5935769634708276E-015
          21           2   1.7233843014591518E-013
          21           3   1.2818990140085791E-013
          21           4  -1.0411892436724061E-013
          21           5   2.0881747073639588E-014
          21           6  -4.4116956671578914E-015
          21           7   5.1789832231842079E-016
          21           8   1.6977098741845795E-015
          21           9  -1.4235524014853024E-015
          21          10  -1.0645743259431687E-015
          21          11  -3.2589738767813496E-015
          21          12   3.5958268881247949E-016
          21          13   9.8561926186808274E-016
          21          14   1.6095900257158347E-015
          21          15  -7.1424352362827581E-018
          21          16  -8.2008775900749602E-016
          21          17  -9.4211807760402962E-016
          21          18  0.25619290353351820     
          21          19  0.11398663928334112     
          21          20 -0.24606545232176544     
          21          21  0.47788116830545324     
          21          22   1.6865486681167798E-002
          21          23  -1.0127451211660412E-002
          21          24  0.12222823097818010     
          21          25   5.4382401239797283E-002
          21          26 -0.11739647947816750     
          21          27  0.22799448780246895     
          21          28   8.0464313148120564E-003
          21          29  -4.8317514999072246E-003
          21          30  -2.0165908045803184E-002
          21          31  -8.9723175565664150E-003
          21          32   1.9368738229456318E-002
          21          33  -3.7615826059063322E-002
          21          34  -1.3275459580258759E-003
          21          35   7.9716981643086012E-004
          22           1  -2.2103007544376198E-015
          22           2   7.2757149853763994E-015
          22           3   4.1396648420427812E-015
          22           4  -3.8307400610142499E-015
          22           5   7.7100106895242211E-016
          22           6   4.4701645773313645E-014
          22           7   1.1432644104014600E-014
          22           8   1.5263104042086404E-016
          22           9  -1.1309386362955532E-014
          22          10  -2.9025650808958090E-015
          22          11  -1.3828780888650493E-016
          22          12   4.1218648281526434E-015
          22          13   1.0804021279583266E-015
          22          14   6.5299204984283984E-017
          22          15  -1.6491853913362258E-015
          22          16  -4.4852905711624174E-016
          22          17  -3.6657597153878756E-017
          22          18   9.0416159684127435E-003
          22          19   4.0228413969128777E-003
          22          20  -8.6841957458670630E-003
          22          21   1.6865486681167798E-002
          22          22   5.9522044361211648E-004
          22          23  -3.5742022254200582E-004
          22          24   4.3137054530418143E-003
          22          25   1.9192755953368627E-003
          22          26  -4.1431822226345718E-003
          22          27   8.0464313148125681E-003
          22          28   2.8397641332489739E-004
          22          29  -1.7052323040334081E-004
          22          30  -7.1169963605416365E-004
          22          31  -3.1665299301510916E-004
          22          32   6.8356574459352260E-004
          22          33  -1.3275459580251838E-003
          22          34  -4.6852042220279428E-005
          22          35   2.8133891463721987E-005
          23           1  0.16660553678392054     
          23           2  0.38398502745035978     
          23           3 -0.16339728614743509     
          23           4  -8.0810983274533094E-002
          23           5   1.7295607283494233E-002
          23           6  -4.1736941141748544E-014
          23           7  -2.9602430330123399E-015
          23           8  -4.3847542655092398E-015
          23           9   9.7828484944050437E-015
          23          10  -9.6613658038716798E-016
          23          11   1.2436788837149556E-015
          23          12  -2.3958027219628771E-015
          23          13   7.0872535094803591E-016
          23          14  -4.7712435328314694E-016
