           1           1  0.45567849588284137     
           1           2  0.77384191663662039     
           1           3  -1.1397172814712160     
           1           4   1.0114231562310245     
           1           5  -3.2927960797092634E-002
           1           6   4.0869279436849153E-013
           1           7  -7.7623436502988001E-014
           1           8   1.4145811661570001E-012
           1           9   3.2458350885246255E-014
           1          10  -8.3703983482877372E-015
           1          11   1.7910847650752635E-013
           1          12  -5.6686424865695146E-015
           1          13  -1.9736189103415690E-015
           1          14  -3.5647370433697934E-014
           1          15   6.1437332515787382E-002
           1          16   1.7679653703342193E-015
           1          17   6.1437332515784912E-002
           1          18   5.1481911191928055E-015
           1          19   5.2961997177665656E-015
           1          20   6.1437332515780277E-002
           1          21 -0.24647776547345063     
           1          22  -1.8012699914151311E-015
           1          23 -0.24647776547344269     
           1          24  -4.0330404961752170E-015
           1          25  -8.1550388235989508E-016
           1          26 -0.24647776547345729     
           1          27  -5.6339148662067322E-014
           1          28   4.4695646545094712E-016
           1          29  -1.7467988056046705E-014
           1          30   1.6093262996441206E-014
           1          31  -9.0610271614856226E-014
           1          32   1.8360445986578873E-016
           1          33  -9.7217696147191246E-014
           1          34  -1.6804291175334344E-014
           1          35   7.7027799652266556E-015
           1          36  -2.0974331189290824E-013
           2           1  0.77384191663662039     
           2           2   1.3870022792733154     
           2           3  -2.8182864361924427     
           2           4   2.4507932972830941     
           2           5  -7.7961779016180968E-002
           2           6   1.1269580299459441E-012
           2           7  -2.1427052524863399E-013
           2           8   3.8231125248261270E-012
           2           9   1.0723631012643238E-013
           2          10  -2.2068031723900231E-014
           2          11   4.6941096223408876E-013
           2          12  -1.7816128255623627E-014
           2          13  -2.9403309231937357E-015
           2          14  -8.4402554184378875E-014
           2          15  0.13278796979294688     
           2          16   2.0750046727514044E-015
           2          17  0.13278796979294422     
           2          18   8.7671022948164467E-015
           2          19   8.5201818375784763E-015
           2          20  0.13278796979293522     
           2          21 -0.60192052239690230     
           2          22  -2.9414574976666334E-015
           2          23 -0.60192052239689176     
           2          24  -6.2200478965069556E-015
           2          25  -1.0003424323889372E-015
           2          26 -0.60192052239691451     
           2          27  -1.5898165514027510E-013
           2          28   7.0488410883817995E-015
           2          29  -5.9110475181188182E-014
           2          30   3.8740836155787813E-014
           2          31  -2.4524642036991907E-013
           2          32   4.4097504603063215E-016
           2          33  -2.5598502235638817E-013
           2          34  -5.7924297656011564E-014
           2          35   1.7551020808890208E-014
           2          36  -5.6031220697827358E-013
           3           1  -1.1397172814712160     
           3           2  -2.8182864361924427     
           3           3   13.548455925684539     
           3           4  -11.414437603144821     
           3           5  0.34947645924067139     
           3           6  -6.2298645750310202E-012
           3           7   1.0949108112645370E-012
           3           8  -2.0094688665179794E-011
           3           9  -7.0819354468942531E-013
           3          10   1.0450328184712059E-013
           3          11  -2.3724555273289048E-012
           3          12   1.1272110249936630E-013
           3          13   1.7433744865529182E-015
           3          14   3.6632046930042409E-013
           3          15 -0.49847229852358826     
           3          16   6.8162853662482913E-015
           3          17 -0.49847229852360064     
           3          18  -1.3171391622846860E-014
           3          19  -7.5034563420660714E-015
           3          20 -0.49847229852357555     
           3          21   2.8383051203812801     
           3          22   3.0814304966545754E-015
           3          23   2.8383051203812952     
           3          24   2.4656457889474774E-015
           3          25  -2.6204836729584844E-015
           3          26   2.8383051203813081     
           3          27   9.0251013897914579E-013
           3          28  -7.0981072474632793E-014
           3          29   3.9804036878481504E-013
           3          30  -1.6431491645639671E-013
           3          31   1.2911211467160256E-012
           3          32  -2.0245757741805560E-015
           3          33   1.3018032584163095E-012
           3          34   3.9566449048028461E-013
           3          35  -6.7076349667402375E-014
           3          36   2.9025942125406422E-012
           4           1   1.0114231562310245     
           4           2   2.4507932972830941     
           4           3  -11.414437603144821     
           4           4   9.6238409183297584     
           4           5 -0.29493286033534871     
           4           6   5.3179089391210875E-012
           4           7  -9.0101071489300536E-013
           4           8   1.5998017015039719E-011
           4           9   6.0289564418313931E-013
           4          10  -8.5697909471924079E-014
           4          11   1.8906365430781899E-012
           4          12  -9.5984825634851610E-014
           4          13  -2.0817814715246522E-015
           4          14  -2.9305948706483582E-013
           4          15  0.42273469355099369     
           4          16  -5.4093278008415886E-015
           4          17  0.42273469355100363     
           4          18   1.1671939819048724E-014
           4          19   6.9857106189360108E-015
           4          20  0.42273469355098214     
           4          21  -2.3923418125794389     
           4          22  -2.8156061695893505E-015
           4          23  -2.3923418125794504     
           4          24  -2.6219104288387797E-015
           4          25   2.0602508499640080E-015
           4          26  -2.3923418125794633     
           4          27  -7.6995902077908457E-013
           4          28   5.7761881689070045E-014
           4          29  -3.3860636198978125E-013
           4          30   1.3595620223450176E-013
           4          31  -1.0275218444950170E-012
           4          32   1.7075772648768706E-015
           4          33  -1.0373341434692800E-012
           4          34  -3.3653867549254510E-013
           4          35   5.5551917076855855E-014
           4          36  -2.3115465458843812E-012
           5           1  -3.2927960797092634E-002
           5           2  -7.7961779016180968E-002
           5           3  0.34947645924067139     
           5           4 -0.29493286033534871     
           5           5   9.0492132980376193E-003
           5           6  -8.0663733880772652E-014
           5           7   9.7290049095871899E-015
           5           8  -2.5255400971076688E-013
           5           9  -8.6974476496684329E-015
           5          10   5.2508399752717755E-016
           5          11  -2.9973728110972044E-014
           5          12   1.4332939470038551E-015
           5          13   3.9746204530725080E-016
           5          14   4.7055677862158793E-015
           5          15  -1.3049206401369237E-002
           5          16   1.5285574801876510E-016
           5          17  -1.3049206401369522E-002
           5          18  -3.7938208337902286E-016
           5          19  -2.3930913485115728E-016
           5          20  -1.3049206401368849E-002
           5          21   7.3288512185669924E-002
           5          22   9.4610765997210813E-017
           5          23   7.3288512185670243E-002
           5          24   1.0112731299786143E-016
           5          25  -5.7432253186710017E-017
           5          26   7.3288512185670701E-002
           5          27   1.1684542467917784E-014
           5          28  -5.8930688731952645E-016
           5          29   5.0104925691612951E-015
           5          30  -1.6055305744628604E-015
           5          31   1.6123855272753734E-014
           5          32  -5.2353447130856618E-017
           5          33   1.6455395773482790E-014
           5          34   4.9446579019888632E-015
           5          35  -5.6298359138506026E-016
           5          36   3.6512515341342280E-014
           6           1   4.0869279436849153E-013
           6           2   1.1269580299459441E-012
           6           3  -6.2298645750310202E-012
           6           4   5.3179089391210875E-012
           6           5  -8.0663733880772652E-014
           6           6   2.3904751242844271     
           6           7   1.3572476476042539E-014
           6           8   1.9317880628477724E-014
           6           9  0.28188722715168196     
           6          10   1.6156347093509993E-014
           6          11  -6.2033711500930622E-015
           6          12  -4.3533524033212936E-002
           6          13  -4.6505876406810476E-014
           6          14  -5.2230789138185685E-014
           6          15   2.0660626306840188E-013
           6          16   3.8534560523444386E-015
           6          17   2.4379583273721359E-013
           6          18  -2.2418555311253737E-014
           6          19   6.3277810964144562E-015
           6          20   2.1178539928777767E-013
           6          21  -1.3218948478344336E-012
           6          22  -1.4378473985462144E-014
           6          23  -1.4362707046075082E-012
           6          24   1.7939890688932548E-014
           6          25   1.4801210862316591E-014
           6          26  -1.3622909583175410E-012
           6          27 -0.34548463699431586     
           6          28  -2.3311647751045328E-014
           6          29 -0.15450542670018405     
           6          30  -1.1611371586450758E-014
           6          31  -2.8213542613286791E-014
           6          32   2.2422894301176129E-014
           6          33   1.8242352073372103E-014
           6          34 -0.15450542670025033     
           6          35   5.6200703812958608E-015
           6          36  -1.2267964422107980E-014
           7           1  -7.7623436502988001E-014
           7           2  -2.1427052524863399E-013
           7           3   1.0949108112645370E-012
           7           4  -9.0101071489300536E-013
           7           5   9.7290049095871899E-015
           7           6   1.3572476476042539E-014
           7           7   2.3904751242844400     
           7           8   4.6962433941644122E-014
           7           9  -7.4454331588924560E-015
           7          10  0.28188722715162207     
           7          11   4.2743586448068527E-015
           7          12   3.1680387480026440E-015
           7          13  -4.3533524033171095E-002
           7          14   1.1982602410309795E-014
           7          15  -4.1106555333644987E-014
           7          16  -8.7158997319323739E-016
           7          17  -5.3347877734823446E-014
           7          18   7.3059099185645781E-015
           7          19  -3.0047095281056164E-015
           7          20  -4.5796627465734529E-014
           7          21   2.2320870566526800E-013
           7          22   9.5932336722187463E-016
           7          23   2.4863608231814644E-013
           7          24  -6.8094305935395209E-015
           7          25  -3.8822342932437503E-015
           7          26   2.3192506902007233E-013
           7          27   6.2476065987304708E-015
           7          28 -0.15450542670021206     
           7          29  -9.4121758997811611E-015
           7          30 -0.34548463699429177     
           7          31   4.4200754167889045E-015
           7          32  -6.4792266191767660E-015
           7          33  -6.8625660709642489E-015
           7          34   5.6990002994528055E-015
           7          35 -0.15450542670021666     
           7          36  -2.7443325389953088E-015
           8           1   1.4145811661570001E-012
           8           2   3.8231125248261270E-012
           8           3  -2.0094688665179794E-011
           8           4   1.5998017015039719E-011
           8           5  -2.5255400971076688E-013
           8           6   1.9317880628477724E-014
           8           7   4.6962433941644122E-014
           8           8   2.3904751242846412     
           8           9   1.9019508190609713E-013
           8          10   7.6379874647258816E-014
           8          11  0.28188722715163700     
           8          12  -8.8104870621386056E-014
           8          13  -1.7047257702684782E-013
           8          14  -4.3533524033392841E-002
           8          15   6.7819438031411538E-013
           8          16   8.9619912667646654E-015
           8          17   8.1611974698649199E-013
           8          18  -8.8577089984255769E-014
           8          19   2.4140319250294014E-014
           8          20   6.8971062825817533E-013
           8          21  -3.9591151385092357E-012
           8          22  -5.8351808726323460E-014
           8          23  -4.3693683556952062E-012
           8          24   7.0128061978334959E-014
           8          25   6.0080747063086891E-014
           8          26  -4.0951051828900267E-012
           8          27  -9.3272611856320964E-014
           8          28  -8.7719762009719204E-014
           8          29   1.1483175521576072E-013
           8          30  -5.1941090317697558E-014
           8          31 -0.15450542670034367     
           8          32   8.7418083205539633E-014
           8          33 -0.15450542670015197     
           8          34  -1.2702339180492572E-013
           8          35   1.8662155154558491E-014
           8          36 -0.34548463699437570     
           9           1   3.2458350885246255E-014
           9           2   1.0723631012643238E-013
           9           3  -7.0819354468942531E-013
           9           4   6.0289564418313931E-013
           9           5  -8.6974476496684329E-015
           9           6  0.28188722715168196     
           9           7  -7.4454331588924560E-015
           9           8   1.9019508190609713E-013
           9           9   3.3240424894632567E-002
           9          10   8.3797985911404638E-016
           9          11   2.1426437013527533E-014
           9          12  -5.1335168700142424E-003
           9          13  -5.3193533562298501E-015
           9          14  -9.5810945982544027E-015
           9          15   2.2658063833743941E-014
           9          16   4.5440340730293646E-016
           9          17   2.7043495234570592E-014
           9          18  -2.6436185548447258E-015
           9          19   7.4617830119824218E-016
           9          20   2.3268792777581215E-014
           9          21  -1.5005081154308003E-013
           9          22  -1.6955240911191702E-015
           9          23  -1.6353812742911718E-013
           9          24   2.1154899251398213E-015
           9          25   1.7453736481470927E-015
           9          26  -1.5481436145671062E-013
           9          27  -4.0739895327287903E-002
           9          28  -2.1647180575845582E-015
           9          29  -1.8219435069603437E-002
           9          30  -6.2341624917916505E-017
           9          31  -1.5471998682237142E-014
           9          32   2.6441302128932773E-015
           9          33  -9.9946093068403741E-015
           9          34  -1.8219435069611253E-002
           9          35   1.2475914398790700E-015
           9          36  -2.8605590118857549E-014
          10           1  -8.3703983482877372E-015
          10           2  -2.2068031723900231E-014
          10           3   1.0450328184712059E-013
          10           4  -8.5697909471924079E-014
          10           5   5.2508399752717755E-016
          10           6   1.6156347093509993E-014
          10           7  0.28188722715162207     
          10           8   7.6379874647258816E-014
          10           9   8.3797985911404638E-016
          10          10   3.3240424894618252E-002
          10          11   8.8574980683375770E-015
          10          12   1.0850153241148686E-016
          10          13  -5.1335168700081908E-003
          10          14   1.2284010614260765E-016
          10          15  -4.0116686382324130E-015
          10          16  -1.0277876488235840E-016
          10          17  -5.4551776684130770E-015
          10          18   8.6152023413069096E-016
          10          19  -3.5431836485873996E-016
          10          20  -4.5647266537809639E-015
          10          21   2.1193037770052143E-014
          10          22   1.1312437480583939E-016
          10          23   2.4191459558914917E-014
          10          24  -8.0297489356372412E-016
          10          25  -4.5779696636605122E-016
          10          26   2.2220880089748722E-014
          10          27  -1.3665284182007298E-015
          10          28  -1.8219435069602764E-002
          10          29  -2.0506599890390831E-015
          10          30  -4.0739895327276177E-002
          10          31  -4.0570845294407576E-015
          10          32  -7.6403690931814389E-016
          10          33  -5.3878342759494657E-015
          10          34  -2.6817740736428952E-016
          10          35  -1.8219435069603312E-002
          10          36  -1.0561863883484790E-014
          11           1   1.7910847650752635E-013
          11           2   4.6941096223408876E-013
          11           3  -2.3724555273289048E-012
          11           4   1.8906365430781899E-012
          11           5  -2.9973728110972044E-014
          11           6  -6.2033711500930622E-015
          11           7   4.2743586448068527E-015
          11           8  0.28188722715163700     
          11           9   2.1426437013527533E-014
          11          10   8.8574980683375770E-015
          11          11   3.3240424894618981E-002
          11          12  -1.0234651667828665E-014
          11          13  -2.0079261604105669E-014
          11          14  -5.1335168700341787E-003
          11          15   8.0732623374176734E-014
          11          16   1.0568070097368725E-015
          11          17   9.6996921115732732E-014
          11          18  -1.0445099399348225E-014
          11          19   2.8466506875102360E-015
          11          20   8.2090630896264097E-014
          11          21  -4.6772256575873277E-013
          11          22  -6.8809038814274765E-015
          11          23  -5.1610003710229971E-013
          11          24   8.2695714905237679E-015
          11          25   7.0847820262845767E-015
          11          26  -4.8375864835223005E-013
          11          27  -9.7716973401773544E-015
          11          28  -1.0262624083878791E-014
          11          29   1.4091158795359604E-014
          11          30  -5.9414279052205643E-015
          11          31  -1.8219435069617720E-002
          11          32   1.0308428156136825E-014
          11          33  -1.8219435069595113E-002
          11          34  -1.4430297234913070E-014
          11          35   2.2824624135164839E-015
          11          36  -4.0739895327284802E-002
          12           1  -5.6686424865695146E-015
          12           2  -1.7816128255623627E-014
          12           3   1.1272110249936630E-013
          12           4  -9.5984825634851610E-014
          12           5   1.4332939470038551E-015
          12           6  -4.3533524033212936E-002
          12           7   3.1680387480026440E-015
          12           8  -8.8104870621386056E-014
          12           9  -5.1335168700142424E-003
          12          10   1.0850153241148686E-016
          12          11  -1.0234651667828665E-014
          12          12   7.9279959682393029E-004
          12          13   7.8472859178606302E-016
          12          14   2.5492574631108544E-015
          12          15  -3.6427702358095478E-015
          12          16  -7.0176225622362976E-017
          12          17  -4.3200385363775698E-015
          12          18   4.0826976466963666E-016
          12          19  -1.1523676094400025E-016
          12          20  -3.7370887454598290E-015
          12          21   2.3883178675537439E-014
          12          22   2.6184988768687634E-016
          12          23   2.5966105228130883E-014
          12          24  -3.2670771368092034E-016
          12          25  -2.6954845179302596E-016
          12          26   2.4618842070948427E-014
          12          27   6.2917047723724268E-003
          12          28   2.0380967963654073E-016
          12          29   2.8137359130761567E-003
          12          30  -2.8208230022641612E-016
          12          31   6.1854818142470513E-015
          12          32  -4.0834878307062100E-016
          12          33   5.3394788590566122E-015
          12          34   2.8137359130773637E-003
          12          35  -3.2313290498214853E-016
          12          36   1.2905908980398451E-014
          13           1  -1.9736189103415690E-015
          13           2  -2.9403309231937357E-015
          13           3   1.7433744865529182E-015
          13           4  -2.0817814715246522E-015
          13           5   3.9746204530725080E-016
          13           6  -4.6505876406810476E-014
          13           7  -4.3533524033171095E-002
          13           8  -1.7047257702684782E-013
          13           9  -5.3193533562298501E-015
          13          10  -5.1335168700081908E-003
          13          11  -2.0079261604105669E-014
          13          12   7.8472859178606302E-016
          13          13   7.9279959682240222E-004
          13          14   2.8707301835163845E-015
          13          15  -1.3390063112908858E-016
          13          16   1.5872737037889087E-017
          13          17   8.9029069126165916E-017
          13          18  -1.3304970287162070E-016
          13          19   5.4719496187677181E-017
          13          20  -4.8488586551271978E-017
          13          21   5.1105861265136024E-016
          13          22  -1.7470471216238607E-017
          13          23   4.7994470590862538E-017
          13          24   1.2400819710354567E-016
          13          25   7.0700313163494403E-017
          13          26   3.5232279912695784E-016
          13          27   6.5718372584122609E-015
          13          28   2.8137359130739471E-003
          13          29   3.1612760369517656E-015
          13          30   6.2917047723659051E-003
          13          31   1.0882435360834442E-014
          13          32   1.1799477219444116E-016
          13          33   1.1087945882629069E-014
          13          34   2.8860580917298984E-015
          13          35   2.8137359130740312E-003
          13          36   2.4563955470374710E-014
          14           1  -3.5647370433697934E-014
          14           2  -8.4402554184378875E-014
          14           3   3.6632046930042409E-013
          14           4  -2.9305948706483582E-013
          14           5   4.7055677862158793E-015
          14           6  -5.2230789138185685E-014
          14           7   1.1982602410309795E-014
          14           8  -4.3533524033392841E-002
          14           9  -9.5810945982544027E-015
          14          10   1.2284010614260765E-016
          14          11  -5.1335168700341787E-003
          14          12   2.5492574631108544E-015
          14          13   2.8707301835163845E-015
          14          14   7.9279959683041187E-004
          14          15  -1.2898655145821907E-014
          14          16  -1.6320900319591206E-016
          14          17  -1.5410447552214390E-014
          14          18   1.6130989343771293E-015
          14          19  -4.3962522662586291E-016
          14          20  -1.3108380338757017E-014
          14          21   7.2389487095262886E-014
          14          22   1.0626589843056353E-015
          14          23   7.9860708238169564E-014
          14          24  -1.2771191971568722E-015
          14          25  -1.0941451009654602E-015
          14          26   7.4866034876586259E-014
          14          27   9.1962028270220486E-015
          14          28   7.6777776844560996E-016
          14          29   1.2617944883386301E-015
          14          30  -9.0953720249808967E-016
          14          31   2.8137359130904400E-003
          14          32  -1.5919919799715916E-015
          14          33   2.8137359130869484E-003
          14          34   5.6663658140609918E-015
          14          35  -1.1696373036773622E-015
          14          36   6.2917047723989534E-003
          15           1   6.1437332515787382E-002
          15           2  0.13278796979294688     
          15           3 -0.49847229852358826     
          15           4  0.42273469355099369     
          15           5  -1.3049206401369237E-002
          15           6   2.0660626306840188E-013
          15           7  -4.1106555333644987E-014
          15           8   6.7819438031411538E-013
          15           9   2.2658063833743941E-014
          15          10  -4.0116686382324130E-015
          15          11   8.0732623374176734E-014
          15          12  -3.6427702358095478E-015
          15          13  -1.3390063112908858E-016
          15          14  -1.2898655145821907E-014
          15          15   1.9397076359173506E-002
          15          16  -1.2385760003704500E-016
          15          17   1.9397076359173770E-002
          15          18   7.0361946914423292E-016
          15          19   5.2895665400984776E-016
          15          20   1.9397076359172712E-002
          15          21 -0.10484463800414859     
          15          22  -1.9696669090357955E-016
          15          23 -0.10484463800414864     
          15          24  -2.9810392156290408E-016
          15          25   4.0253576155895036E-017
          15          26 -0.10484463800414984     
          15          27  -2.9780862802367475E-014
          15          28   2.4159838552345429E-015
          15          29  -1.2719816061121729E-014
          15          30   6.4009266525907512E-015
          15          31  -4.3542481333593832E-014
          15          32   7.5208490196372532E-017
          15          33  -4.4244972894917735E-014
          15          34  -1.2607258590921188E-014
          15          35   2.6834688609628702E-015
          15          36  -9.8252116657389279E-014
          16           1   1.7679653703342193E-015
          16           2   2.0750046727514044E-015
          16           3   6.8162853662482913E-015
          16           4  -5.4093278008415886E-015
          16           5   1.5285574801876510E-016
          16           6   3.8534560523444386E-015
          16           7  -8.7158997319323739E-016
          16           8   8.9619912667646654E-015
          16           9   4.5440340730293646E-016
          16          10  -1.0277876488235840E-016
          16          11   1.0568070097368725E-015
          16          12  -7.0176225622362976E-017
          16          13   1.5872737037889087E-017
          16          14  -1.6320900319591206E-016
          16          15  -1.2385760003704500E-016
          16          16   5.8793778135653813E-029
          16          17  -1.2385760003649258E-016
          16          18  -3.5121753428359788E-028
          16          19   1.2838068578711915E-028
          16          20  -1.2385760003702464E-016
          16          21   1.3777585474901217E-015
          16          22  -2.5077569613325061E-028
          16          23   1.3777585474884578E-015
          16          24   2.7066085863749978E-028
          16          25   2.4246074769605274E-028
          16          26   1.3777585474895300E-015
          16          27  -5.5692270205784178E-016
          16          28   5.6334148532602248E-017
          16          29  -2.4906340400213609E-016
          16          30   1.2596698557416938E-016
          16          31  -5.7924730974588777E-016
          16          32   3.6531017605729849E-028
          16          33  -5.7924730974512169E-016
          16          34  -2.4906340400315338E-016
          16          35   5.6334148533100735E-017
          16          36  -1.2952363603748612E-015
          17           1   6.1437332515784912E-002
          17           2  0.13278796979294422     
          17           3 -0.49847229852360064     
          17           4  0.42273469355100363     
          17           5  -1.3049206401369522E-002
          17           6   2.4379583273721359E-013
          17           7  -5.3347877734823446E-014
          17           8   8.1611974698649199E-013
          17           9   2.7043495234570592E-014
          17          10  -5.4551776684130770E-015
          17          11   9.6996921115732732E-014
          17          12  -4.3200385363775698E-015
          17          13   8.9029069126165916E-017
          17          14  -1.5410447552214390E-014
          17          15   1.9397076359173770E-002
          17          16  -1.2385760003649258E-016
          17          17   1.9397076359174037E-002
          17          18   7.0361946913870863E-016
          17          19   5.2895665401131573E-016
          17          20   1.9397076359172975E-002
          17          21 -0.10484463800415110     
          17          22  -1.9696669090716268E-016
          17          23 -0.10484463800415116     
          17          24  -2.9810392155850874E-016
          17          25   4.0253576159624216E-017
          17          26 -0.10484463800415236     
          17          27  -3.5155704333447190E-014
          17          28   3.2071867093210027E-015
          17          29  -1.5123518267468708E-014
          17          30   8.1701100183287703E-015
          17          31  -5.2457118182992190E-014
          17          32   7.5208490201800117E-017
          17          33  -5.3159609744304210E-014
          17          34  -1.5010960797283234E-014
          17          35   3.4746717150558650E-015
          17          36  -1.1818585064735592E-013
          18           1   5.1481911191928055E-015
          18           2   8.7671022948164467E-015
          18           3  -1.3171391622846860E-014
          18           4   1.1671939819048724E-014
          18           5  -3.7938208337902286E-016
          18           6  -2.2418555311253737E-014
          18           7   7.3059099185645781E-015
          18           8  -8.8577089984255769E-014
          18           9  -2.6436185548447258E-015
          18          10   8.6152023413069096E-016
          18          11  -1.0445099399348225E-014
          18          12   4.0826976466963666E-016
          18          13  -1.3304970287162070E-016
          18          14   1.6130989343771293E-015
          18          15   7.0361946914423292E-016
          18          16  -3.5121753428359788E-028
          18          17   7.0361946913870863E-016
          18          18   3.5728992352524643E-027
          18          19  -9.0334924735490187E-028
          18          20   7.0361946914366307E-016
          18          21  -2.8459448200920886E-015
          18          22   2.2796444177616235E-027
          18          23  -2.8459448200756472E-015
          18          24  -2.8329489754968819E-027
          18          25  -2.3860026798207978E-027
          18          26  -2.8459448200867193E-015
          18          27   3.2400531446534634E-015
          18          28  -4.7220852370557234E-016
          18          29   1.4489958164252778E-015
          18          30  -1.0558903585660548E-015
          18          31   5.7250715327934396E-015
          18          32  -3.4671781492450123E-027
          18          33   5.7250715327857900E-015
          18          34   1.4489958164349150E-015
          18          35  -4.7220852370971850E-016
          18          36   1.2801649123366899E-014
          19           1   5.2961997177665656E-015
          19           2   8.5201818375784763E-015
          19           3  -7.5034563420660714E-015
          19           4   6.9857106189360108E-015
          19           5  -2.3930913485115728E-016
          19           6   6.3277810964144562E-015
          19           7  -3.0047095281056164E-015
          19           8   2.4140319250294014E-014
          19           9   7.4617830119824218E-016
          19          10  -3.5431836485873996E-016
          19          11   2.8466506875102360E-015
          19          12  -1.1523676094400025E-016
          19          13   5.4719496187677181E-017
          19          14  -4.3962522662586291E-016
          19          15   5.2895665400984776E-016
          19          16   1.2838068578711915E-028
          19          17   5.2895665401131573E-016
          19          18  -9.0334924735490187E-028
          19          19   3.2894813359106788E-028
          19          20   5.2895665400989834E-016
          19          21  -1.6719500919710134E-015
          19          22  -6.5023506484415339E-028
          19          23  -1.6719500919753794E-015
          19          24   7.1327251692341107E-028
          19          25   6.3880774830542332E-028
          19          26  -1.6719500919725756E-015
          19          27  -9.1452579149125187E-016
          19          28   1.9420571376445032E-016
          19          29  -4.0898836738844354E-016
          19          30   4.3425717759794201E-016
          19          31  -1.5602799161382340E-015
          19          32   9.5158830159281448E-028
          19          33  -1.5602799161362405E-015
          19          34  -4.0898836739107311E-016
          19          35   1.9420571376570325E-016
          19          36  -3.4888919564106385E-015
          20           1   6.1437332515780277E-002
          20           2  0.13278796979293522     
          20           3 -0.49847229852357555     
          20           4  0.42273469355098214     
          20           5  -1.3049206401368849E-002
          20           6   2.1178539928777767E-013
          20           7  -4.5796627465734529E-014
          20           8   6.8971062825817533E-013
          20           9   2.3268792777581215E-014
          20          10  -4.5647266537809639E-015
          20          11   8.2090630896264097E-014
          20          12  -3.7370887454598290E-015
          20          13  -4.8488586551271978E-017
          20          14  -1.3108380338757017E-014
          20          15   1.9397076359172712E-002
          20          16  -1.2385760003702464E-016
          20          17   1.9397076359172975E-002
          20          18   7.0361946914366307E-016
          20          19   5.2895665400989834E-016
          20          20   1.9397076359171917E-002
          20          21 -0.10484463800414580     
          20          22  -1.9696669090386490E-016
          20          23 -0.10484463800414585     
          20          24  -2.9810392156244748E-016
          20          25   4.0253576156239091E-017
          20          26 -0.10484463800414706     
          20          27  -3.0529380106948077E-014
          20          28   2.7191209130774988E-015
          20          29  -1.3054563176196415E-014
          20          30   7.0787617204274304E-015
          20          31  -4.4286819889769605E-014
          20          32   7.5208490196852862E-017
          20          33  -4.4989311451092360E-014
          20          34  -1.2942005705997222E-014
          20          35   2.9866059188062868E-015
          20          36  -9.9916508267271126E-014
          21           1 -0.24647776547345063     
          21           2 -0.60192052239690230     
          21           3   2.8383051203812801     
          21           4  -2.3923418125794389     
          21           5   7.3288512185669924E-002
          21           6  -1.3218948478344336E-012
          21           7   2.2320870566526800E-013
          21           8  -3.9591151385092357E-012
          21           9  -1.5005081154308003E-013
          21          10   2.1193037770052143E-014
          21          11  -4.6772256575873277E-013
          21          12   2.3883178675537439E-014
          21          13   5.1105861265136024E-016
          21          14   7.2389487095262886E-014
          21          15 -0.10484463800414859     
          21          16   1.3777585474901217E-015
          21          17 -0.10484463800415110     
          21          18  -2.8459448200920886E-015
          21          19  -1.6719500919710134E-015
          21          20 -0.10484463800414580     
          21          21  0.59477015983392711     
          21          22   6.7860334111448475E-016
          21          23  0.59477015983393011     
          21          24   5.9856638705335656E-016
          21          25  -5.2675943780202645E-016
          21          26  0.59477015983393300     
          21          27   1.9143262405894662E-013
          21          28  -1.4373033235890634E-014
          21          29   8.4287822275520728E-014
          21          30  -3.3625043601927175E-014
          21          31   2.5428108906098264E-013
          21          32  -4.2441927671279253E-016
          21          33   2.5664132722691976E-013
          21          34   8.3780146891161962E-014
          21          35  -1.3717648111009590E-014
          21          36   5.7197429261696258E-013
          22           1  -1.8012699914151311E-015
          22           2  -2.9414574976666334E-015
          22           3   3.0814304966545754E-015
          22           4  -2.8156061695893505E-015
          22           5   9.4610765997210813E-017
          22           6  -1.4378473985462144E-014
          22           7   9.5932336722187463E-016
          22           8  -5.8351808726323460E-014
          22           9  -1.6955240911191702E-015
          22          10   1.1312437480583939E-016
          22          11  -6.8809038814274765E-015
          22          12   2.6184988768687634E-016
          22          13  -1.7470471216238607E-017
          22          14   1.0626589843056353E-015
          22          15  -1.9696669090357955E-016
          22          16  -2.5077569613325061E-028
          22          17  -1.9696669090716268E-016
          22          18   2.2796444177616235E-027
          22          19  -6.5023506484415339E-028
          22          20  -1.9696669090386490E-016
          22          21   6.7860334111448475E-016
          22          22   1.5185551528453742E-027
          22          23   6.7860334112516110E-016
          22          24  -1.8055177576961413E-027
          22          25  -1.5533207959013480E-027
          22          26   6.7860334111807535E-016
          22          27   2.0780562888692945E-015
          22          28  -6.2004688810621708E-017
