           1           1  0.37199446295526173     
           1           2  0.60875955913535651     
           1           3  -5.3454790431040740E-002
           1           4 -0.14329568902734682     
           1           5  -4.4805312200470626E-002
           1           6   1.3472298147291151E-016
           1           7   3.8064281457289916E-016
           1           8  -6.1835282785792667E-016
           1           9  -7.7137023857045487E-016
           1          10  -2.7520593880893956E-015
           1          11   4.2025149940165946E-015
           1          12   6.9341877358449785E-017
           1          13   1.4163317017056015E-015
           1          14  -2.3304583895414516E-015
           1          15   1.6591279393768621E-003
           1          16   3.0659752270325543E-016
           1          17   1.6591279393780903E-003
           1          18   1.0572589451892349E-015
           1          19  -5.3273571647720450E-016
           1          20   1.6591279393763990E-003
           1          21   6.1433000066437662E-003
           1          22  -2.3735102218096908E-016
           1          23   6.1433000066421287E-003
           1          24  -1.0579698748854757E-015
           1          25   1.8794025025984867E-016
           1          26   6.1433000066431469E-003
           1          27  -2.7158411082266815E-016
           1          28  -5.7516574898448108E-017
           1          29   4.9854507810363063E-016
           1          30   1.0448432199058371E-015
           1          31  -6.2518616390558783E-016
           1          32  -2.0112990289693062E-016
           1          33  -1.3698152182305541E-015
           1          34   5.0145874908231308E-016
           1          35   8.9140492288096336E-016
           1          36  -2.1855830852579920E-015
           2           1  0.60875955913535651     
           2           2   1.0145908390822871     
           2           3 -0.16043423559749898     
           2           4 -0.32694738907569321     
           2           5 -0.11364327860603185     
           2           6   3.3311222020800122E-016
           2           7   4.4569247053348987E-016
           2           8  -1.9460862538387730E-015
           2           9  -9.5783399679543568E-016
           2          10  -4.0279148686657084E-015
           2          11   5.7149637278877896E-015
           2          12  -6.5666139003764001E-017
           2          13   1.6605507520918004E-015
           2          14  -4.0967366574927691E-015
           2          15   1.5969535215532582E-003
           2          16   4.8351071125842258E-016
           2          17   1.5969535215548112E-003
           2          18   1.7698050555338979E-015
           2          19  -8.2928859551980389E-016
           2          20   1.5969535215519695E-003
           2          21   7.6324979542817077E-003
           2          22  -5.2807946467646624E-016
           2          23   7.6324979542775929E-003
           2          24  -1.6848999297986080E-015
           2          25   3.4382401085117865E-016
           2          26   7.6324979542792132E-003
           2          27  -4.8327396790280859E-016
           2          28  -8.4934337284337769E-017
           2          29   7.4760383462274764E-016
           2          30   1.4856460311591752E-015
           2          31  -9.8017644951257304E-016
           2          32  -3.2474217140736161E-016
           2          33  -2.1303679028125269E-015
           2          34   7.9344080140150131E-016
           2          35   1.3721291467042230E-015
           2          36  -3.4860573256183930E-015
           3           1  -5.3454790431040740E-002
           3           2 -0.16043423559749898     
           3           3  0.29741233673038869     
           3           4  0.38772539934932537     
           3           5  0.16656195181615535     
           3           6  -2.0898541548584443E-015
           3           7   7.6585539625890406E-015
           3           8   7.2359534660683572E-015
           3           9  -2.4544737166495416E-015
           3          10   4.3622095590989256E-015
           3          11   6.8837966675901145E-015
           3          12  -4.5535824638699545E-017
           3          13   5.6322932816392822E-015
           3          14   3.0406102501891636E-015
           3          15   4.2021286036423144E-003
           3          16   2.8332788201157692E-017
           3          17   4.2021286036439520E-003
           3          18  -3.0929703822627456E-016
           3          19  -9.2305217380003151E-017
           3          20   4.2021286036444897E-003
           3          21   8.7310929357036215E-003
           3          22   5.8873564924015672E-016
           3          23   8.7310929357095508E-003
           3          24  -3.2401453649319165E-017
           3          25  -1.7102252137425746E-016
           3          26   8.7310929357095907E-003
           3          27   1.9350608992450227E-016
           3          28  -2.8736145406204193E-017
           3          29   1.9952630985337806E-016
           3          30   7.3914073216138272E-016
           3          31  -8.0876404619628332E-017
           3          32   1.1421390756086846E-017
           3          33  -2.4541096395030229E-016
           3          34   3.6012434141093970E-017
           3          35   2.1544284483254045E-016
           3          36  -4.6264737760398852E-017
           4           1 -0.14329568902734682     
           4           2 -0.32694738907569321     
           4           3  0.38772539934932537     
           4           4  0.52041470284268909     
           4           5  0.22016076588393230     
           4           6   7.9246591333985089E-015
           4           7  -1.9234743444575635E-014
           4           8  -2.8184698335006423E-015
           4           9   5.9025261839221154E-015
           4          10  -1.8026433041353845E-014
           4          11  -2.2508352183630503E-015
           4          12   4.8064791316336238E-015
           4          13  -6.4330009914356653E-015
           4          14  -1.2482354557232422E-015
           4          15   4.9877437831169049E-003
           4          16  -2.6374984885043577E-017
           4          17   4.9877437831187298E-003
           4          18  -6.0667948388658034E-016
           4          19  -8.7545700472492773E-018
           4          20   4.9877437831197559E-003
           4          21   9.8158111442935188E-003
           4          22   7.9423118949620983E-016
           4          23   9.8158111443013632E-003
           4          24   1.7383863037511727E-016
           4          25  -2.5488660805606579E-016
           4          26   9.8158111443012071E-003
           4          27   2.9865656571591014E-016
           4          28  -2.2650204819489109E-017
           4          29   1.5080111849784835E-016
           4          30   7.2902803254118494E-016
           4          31   2.5378959263514980E-017
           4          32   5.5326050512319724E-017
           4          33  -3.1861290592195401E-017
           4          34  -5.6987751838894059E-017
           4          35   9.4016678332308656E-017
           4          36   3.8726798642707807E-016
           5           1  -4.4805312200470626E-002
           5           2 -0.11364327860603185     
           5           3  0.16656195181615535     
           5           4  0.22016076588393230     
           5           5   9.3890934510937621E-002
           5           6  -5.8401519026514551E-015
           5           7   7.2025680432945452E-015
           5           8  -2.2030712741453200E-015
           5           9  -5.2345005456546947E-015
           5          10   5.0181095202652118E-015
           5          11  -1.5708316112208601E-015
           5          12  -2.1815893564422493E-015
           5          13   4.4287003539359902E-015
           5          14  -1.0899510325737689E-015
           5          15   2.2542862661125802E-003
           5          16   3.0772530054006076E-018
           5          17   2.2542862661134346E-003
           5          18  -2.1431589275087318E-016
           5          19  -2.9155991789884259E-017
           5          20   2.2542862661138014E-003
           5          21   4.5732915913331978E-003
           5          22   3.3511164413670005E-016
           5          23   4.5732915913365407E-003
           5          24   2.5497798124175169E-017
           5          25  -1.0223090495247093E-016
           5          26   4.5732915913365216E-003
           5          27   1.1884036057918452E-016
           5          28  -1.3738587044717653E-017
           5          29   9.0154853828720118E-017
           5          30   3.6514187290479550E-016
           5          31  -1.8595948122474991E-017
           5          32   1.4562827302768755E-017
           5          33  -7.8977372548281020E-017
           5          34  -3.3390966908573313E-019
           5          35   8.2276293809351458E-017
           5          36   6.5108875709573770E-017
           6           1   1.3472298147291151E-016
           6           2   3.3311222020800122E-016
           6           3  -2.0898541548584443E-015
           6           4   7.9246591333985089E-015
           6           5  -5.8401519026514551E-015
           6           6  0.55087828066194944     
           6           7  -1.6653345369377348E-016
           6           8   5.8286708792820718E-016
           6           9  0.46023662703343482     
           6          10  -5.8373444966619559E-016
           6          11   1.9220736113823023E-015
           6          12  0.25351524472182146     
           6          13  -1.9715132304476413E-015
           6          14  -1.6375789613221059E-015
           6          15   1.0115153563583744E-016
           6          16  -1.4394244421023260E-016
           6          17   1.2171943587189844E-016
           6          18  -4.5623421955750302E-016
           6          19   5.0459639708541640E-017
           6          20   2.5800034110635576E-016
           6          21  -1.0872112593380356E-018
           6          22  -4.9410671181677492E-016
           6          23  -9.5922417717033549E-016
           6          24  -3.9338384453806568E-016
           6          25   9.8348613232963961E-017
           6          26  -1.1365051159004752E-015
           6          27  -8.8795188693172164E-005
           6          28  -1.3661540296380434E-016
           6          29  -3.9710415598885327E-005
           6          30  -1.6845748903346162E-016
           6          31  -2.8113023519370228E-018
           6          32  -1.6707084326536406E-016
           6          33   5.5159632558147292E-017
           6          34  -3.9710415598658628E-005
           6          35  -1.0384306295982502E-016
           6          36  -5.6284492312101003E-016
           7           1   3.8064281457289916E-016
           7           2   4.4569247053348987E-016
           7           3   7.6585539625890406E-015
           7           4  -1.9234743444575635E-014
           7           5   7.2025680432945452E-015
           7           6  -1.6653345369377348E-016
           7           7  0.55087828066195166     
           7           8  -2.3592239273284576E-016
           7           9   1.4641066137244252E-015
           7          10  0.46023662703343482     
           7          11  -1.6028844918025698E-015
           7          12  -7.0256300777060687E-017
           7          13  0.25351524472182047     
           7          14   6.1495947223377811E-016
           7          15   1.2270149361645712E-016
           7          16   9.1055148517211861E-017
           7          17  -1.3754280485812425E-016
           7          18   2.9575031856297850E-016
           7          19  -3.7077374543225626E-016
           7          20   3.8983879088719884E-016
           7          21   1.0983727624707033E-015
           7          22   1.0073348621789323E-015
           7          23   4.9255578411263994E-015
           7          24   4.4481362844792678E-016
           7          25   9.2690972949273873E-016
           7          26   5.8561776333320412E-015
           7          27   6.4884375473926552E-016
           7          28  -3.9710415598026924E-005
           7          29  -1.2192033424100789E-016
           7          30  -8.8795188691706323E-005
           7          31  -2.1981881409788382E-016
           7          32   1.2632474298911731E-016
           7          33  -1.1552258851127775E-017
           7          34   4.5853186275457728E-016
           7          35  -3.9710415598275823E-005
           7          36   3.0993486111450565E-016
           8           1  -6.1835282785792667E-016
           8           2  -1.9460862538387730E-015
           8           3   7.2359534660683572E-015
           8           4  -2.8184698335006423E-015
           8           5  -2.2030712741453200E-015
           8           6   5.8286708792820718E-016
           8           7  -2.3592239273284576E-016
           8           8  0.55087828066194977     
           8           9   5.4123372450476381E-016
           8          10  -1.7017637299332478E-015
           8          11  0.46023662703343815     
           8          12  -1.9706458687096529E-015
           8          13   2.1883536649447421E-015
           8          14  0.25351524472181786     
           8          15  -5.3074032644800725E-017
           8          16   1.2741424366813027E-016
           8          17  -4.3107340132256736E-016
           8          18  -8.2083968373081342E-017
           8          19   3.5906780636566100E-016
           8          20   1.5114205580193623E-016
           8          21   1.3357030563938705E-015
           8          22   1.3986294402854632E-016
           8          23   1.4929770102656783E-015
           8          24   6.7167277460628358E-017
           8          25   9.4096801063365592E-017
           8          26   2.2333575794140563E-015
           8          27   7.5137751652087220E-016
           8          28   3.5166796266748821E-016
           8          29   1.8802267956561508E-016
           8          30   5.7260274267337957E-017
           8          31  -3.9710415599028442E-005
           8          32   2.5170766455211222E-016
           8          33  -3.9710415599129341E-005
           8          34   4.0840540584813345E-016
           8          35   9.9562010213636015E-016
           8          36  -8.8795188694291250E-005
           9           1  -7.7137023857045487E-016
           9           2  -9.5783399679543568E-016
           9           3  -2.4544737166495416E-015
           9           4   5.9025261839221154E-015
           9           5  -5.2345005456546947E-015
           9           6  0.46023662703343482     
           9           7   1.4641066137244252E-015
           9           8   5.4123372450476381E-016
           9           9  0.38450917434849463     
           9          10   8.5174922670461228E-016
           9          11   1.6237011735142914E-015
           9          12  0.21180178132180771     
           9          13  -9.0986246314983532E-016
           9          14  -1.3530843112619095E-015
           9          15   6.7760199334113319E-017
           9          16  -1.2025824506608724E-016
           9          17   8.4944404842169605E-017
           9          18  -3.8116513786475536E-016
           9          19   4.2157234020441779E-017
           9          20   1.9880141912989020E-016
           9          21  -4.3227728266078828E-017
           9          22  -4.1280698279249448E-016
           9          23  -8.4371654329387467E-016
           9          24  -3.2865755316241966E-016
           9          25   8.2165116273881535E-017
           9          26  -9.9182664988753880E-016
           9          27  -7.4184805680794548E-005
           9          28  -1.1425299200246196E-016
           9          29  -3.3176453680236657E-005
           9          30  -1.4099869258672694E-016
           9          31  -2.3522104945251920E-018
           9          32  -1.3958110028038364E-016
           9          33   4.6081980462422956E-017
           9          34  -3.3176453680047261E-005
           9          35  -8.6873604894532365E-017
           9          36  -4.7023881099769738E-016
          10           1  -2.7520593880893956E-015
          10           2  -4.0279148686657084E-015
          10           3   4.3622095590989256E-015
          10           4  -1.8026433041353845E-014
          10           5   5.0181095202652118E-015
          10           6  -5.8373444966619559E-016
          10           7  0.46023662703343482     
          10           8  -1.7017637299332478E-015
          10           9   8.5174922670461228E-016
          10          10  0.38450917434849308     
          10          11  -2.5986157670132570E-015
          10          12  -2.6281060661048627E-016
          10          13  0.21180178132180610     
          10          14  -1.8041124150158794E-016
          10          15   5.0849711588545308E-017
          10          16   7.6073139912863840E-017
          10          17  -1.6657423130601814E-016
          10          18   2.4708804971435726E-016
          10          19  -3.0976680059599776E-016
          10          20   2.7403260505008888E-016
          10          21   7.8473229281381756E-016
          10          22   8.4158967711956334E-016
          10          23   3.9822000102753826E-015
          10          24   3.7162455966092192E-016
          10          25   7.7439736008037152E-016
          10          26   4.7596941696838181E-015
          10          27   5.4215540223049490E-016
          10          28  -3.3176453679519376E-005
          10          29  -1.0182664808932695E-016
          10          30  -7.4184805679569602E-005
          10          31  -1.8354261642846868E-016
          10          32   1.0553956916861605E-016
          10          33  -9.5448966452534902E-018
          10          34   3.8311755484521154E-016
          10          35  -3.3176453679727313E-005
          10          36   2.5918107043150160E-016
          11           1   4.2025149940165946E-015
          11           2   5.7149637278877896E-015
          11           3   6.8837966675901145E-015
          11           4  -2.2508352183630503E-015
          11           5  -1.5708316112208601E-015
          11           6   1.9220736113823023E-015
          11           7  -1.6028844918025698E-015
          11           8  0.46023662703343815     
          11           9   1.6237011735142914E-015
          11          10  -2.5986157670132570E-015
          11          11  0.38450917434849996     
          11          12  -9.8185348740287282E-016
          11          13   1.1874182193061245E-015
          11          14  0.21180178132180610     
          11          15  -4.9581606418102527E-020
          11          16   1.0644961903121037E-016
          11          17  -3.1585434703112682E-016
          11          18  -6.8578202823619697E-017
          11          19   2.9998701916948848E-016
          11          20   1.7056516544986978E-016
          11          21   1.2441826320260995E-015
          11          22   1.1685199613995317E-016
          11          23   1.3755821631849381E-015
          11          24   5.6116965650517497E-017
          11          25   7.8614987721183827E-017
          11          26   1.9941394993222081E-015
          11          27   6.2751758270977037E-016
          11          28   2.9390868011509906E-016
          11          29   1.5698315721348124E-016
          11          30   4.8064884591945273E-017
          11          31  -3.3176453680356448E-005
          11          32   2.1029146511966795E-016
          11          33  -3.3176453680440745E-005
          11          34   3.4110355599109576E-016
          11          35   8.3190430354162809E-016
          11          36  -7.4184805681729984E-005
          12           1   6.9341877358449785E-017
          12           2  -6.5666139003764001E-017
          12           3  -4.5535824638699545E-017
          12           4   4.8064791316336238E-015
          12           5  -2.1815893564422493E-015
          12           6  0.25351524472182146     
          12           7  -7.0256300777060687E-017
          12           8  -1.9706458687096529E-015
          12           9  0.21180178132180771     
          12          10  -2.6281060661048627E-016
          12          11  -9.8185348740287282E-016
          12          12  0.11666820344532436     
          12          13  -9.0574249489439040E-016
          12          14  -1.7832957333041577E-015
          12          15   6.0640440916888906E-017
          12          16  -6.6243177208312862E-017
          12          17   7.0108374197370616E-017
          12          18  -2.0995900838773776E-016
          12          19   2.3222711845502238E-017
          12          20   1.3282420713689032E-016
          12          21   3.0066981398898743E-017
          12          22  -2.2739215731457582E-016
          12          23  -4.1088769052374219E-016
          12          24  -1.8104147009222448E-016
          12          25   4.5254736650675155E-017
          12          26  -4.9246820192796473E-016
          12          27  -4.0863717222849313E-005
          12          28  -6.2873985125265833E-017
          12          29  -1.8274809904868775E-005
          12          30  -7.7529137420422924E-017
          12          31  -1.1316360175317453E-018
          12          32  -7.6886951819139869E-017
          12          33   2.5544396106821562E-017
          12          34  -1.8274809904764444E-005
          12          35  -4.7790234158798066E-017
          12          36  -2.5866522736662373E-016
          13           1   1.4163317017056015E-015
          13           2   1.6605507520918004E-015
          13           3   5.6322932816392822E-015
          13           4  -6.4330009914356653E-015
          13           5   4.4287003539359902E-015
          13           6  -1.9715132304476413E-015
          13           7  0.25351524472182047     
          13           8   2.1883536649447421E-015
          13           9  -9.0986246314983532E-016
          13          10  0.21180178132180610     
          13          11   1.1874182193061245E-015
          13          12  -9.0574249489439040E-016
          13          13  0.11666820344532303     
          13          14   1.3418086086680603E-015
          13          15   9.7040162113834594E-017
          13          16   4.1904808653773610E-017
          13          17  -2.2726183460121164E-017
          13          18   1.3610746505217491E-016
          13          19  -1.7063199929016458E-016
          13          20   2.1997926644511075E-016
          13          21   6.0178686471726617E-016
          13          22   4.6358642936315768E-016
          13          23   2.3631046533271889E-015
          13          24   2.0470721811830892E-016
          13          25   4.2657298762551783E-016
          13          26   2.7913720841833115E-015
          13          27   2.9890903324009642E-016
          13          28  -1.8274809904473587E-005
          13          29  -5.5970957772718904E-017
          13          30  -4.0863717222174397E-005
          13          31  -1.0132864565590063E-016
          13          32   5.8136417801794811E-017
          13          33  -5.4833736631691200E-018
          13          34   2.1115739928639617E-016
          13          35  -1.8274809904588133E-005
          13          36   1.4226447744728008E-016
          14           1  -2.3304583895414516E-015
          14           2  -4.0967366574927691E-015
          14           3   3.0406102501891636E-015
          14           4  -1.2482354557232422E-015
          14           5  -1.0899510325737689E-015
          14           6  -1.6375789613221059E-015
          14           7   6.1495947223377811E-016
          14           8  0.25351524472181786     
          14           9  -1.3530843112619095E-015
          14          10  -1.8041124150158794E-016
          14          11  0.21180178132180610     
          14          12  -1.7832957333041577E-015
          14          13   1.3418086086680603E-015
          14          14  0.11666820344532094     
          14          15  -4.2489530073495384E-017
          14          16   5.8636960310390421E-017
          14          17  -2.1645252004034016E-016
          14          18  -3.7776819684653593E-017
          14          19   1.6524517726394906E-016
          14          20   5.1493069490224612E-017
          14          21   5.6154605511832652E-016
          14          22   6.4375036424674146E-017
          14          23   6.3393982989399054E-016
          14          24   3.0917000266654747E-017
          14          25   4.3307666449555983E-017
          14          26   9.7466059669239106E-016
          14          27   3.4609003895158183E-016
          14          28   1.6178842806281409E-016
          14          29   8.6661211383008349E-017
          14          30   2.6239174881806902E-017
          14          31  -1.8274809904934352E-005
          14          32   1.1583563436753747E-016
          14          33  -1.8274809904980783E-005
          14          34   1.8808705406960641E-016
          14          35   4.5813979237911695E-016
          14          36  -4.0863717223363679E-005
          15           1   1.6591279393768621E-003
          15           2   1.5969535215532582E-003
          15           3   4.2021286036423144E-003
          15           4   4.9877437831169049E-003
          15           5   2.2542862661125802E-003
          15           6   1.0115153563583744E-016
          15           7   1.2270149361645712E-016
          15           8  -5.3074032644800725E-017
          15           9   6.7760199334113319E-017
          15          10   5.0849711588545308E-017
          15          11  -4.9581606418102527E-020
          15          12   6.0640440916888906E-017
          15          13   9.7040162113834594E-017
          15          14  -4.2489530073495384E-017
          15          15   7.5457503431977793E-005
          15          16   2.4769364955165554E-018
          15          17   7.5457503432011078E-005
          15          18   2.3035329194114481E-018
          15          19  -4.9640293531777239E-018
          15          20   7.5457503432008056E-005
          15          21   1.7474598084677074E-004
          15          22   7.4418862566285946E-018
          15          23   1.7474598084685070E-004
          15          24  -7.5452655242253407E-018
          15          25  -1.3689932913002276E-018
          15          26   1.7474598084685807E-004
          15          27   1.1350039742298882E-018
          15          28  -8.2380180467205830E-019
          15          29   6.3700214704805063E-018
          15          30   1.8289251346299045E-017
          15          31  -5.3933337642814443E-018
          15          32  -1.1649724630005368E-018
          15          33  -1.2876105548508308E-017
          15          34   3.8833754255956795E-018
          15          35   9.2407708152804395E-018
          15          36  -1.5244677860697110E-017
          16           1   3.0659752270325543E-016
          16           2   4.8351071125842258E-016
          16           3   2.8332788201157692E-017
          16           4  -2.6374984885043577E-017
          16           5   3.0772530054006076E-018
          16           6  -1.4394244421023260E-016
          16           7   9.1055148517211861E-017
          16           8   1.2741424366813027E-016
          16           9  -1.2025824506608724E-016
          16          10   7.6073139912863840E-017
          16          11   1.0644961903121037E-016
          16          12  -6.6243177208312862E-017
          16          13   4.1904808653773610E-017
          16          14   5.8636960310390421E-017
          16          15   2.4769364955165554E-018
          16          16   5.9162772446485164E-031
          16          17   2.4769364955183192E-018
          16          18   9.9178115308256515E-031
          16          19  -5.0597428977301138E-031
          16          20   2.4769364955160297E-018
          16          21   7.4653727762671432E-018
          16          22   7.6472164865117527E-031
          16          23   7.4653727762725512E-018
          16          24  -2.7117614243841200E-032
          16          25   8.8426806441686961E-031
          16          26   7.4653727762723801E-018
          16          27   2.3212965815381087E-020
          16          28  -6.5726877392950448E-021
          16          29   1.0381153904688542E-020
          16          30  -1.4696976578793932E-020
          16          31  -9.1904930506222630E-021
          16          32   1.9270971261563602E-031
          16          33  -9.1904930511413974E-021
          16          34   1.0381153905036824E-020
          16          35  -6.5726877384599330E-021
          16          36  -2.0550567207699965E-020
          17           1   1.6591279393780903E-003
          17           2   1.5969535215548112E-003
          17           3   4.2021286036439520E-003
          17           4   4.9877437831187298E-003
          17           5   2.2542862661134346E-003
          17           6   1.2171943587189844E-016
          17           7  -1.3754280485812425E-016
          17           8  -4.3107340132256736E-016
          17           9   8.4944404842169605E-017
          17          10  -1.6657423130601814E-016
          17          11  -3.1585434703112682E-016
          17          12   7.0108374197370616E-017
          17          13  -2.2726183460121164E-017
          17          14  -2.1645252004034016E-016
          17          15   7.5457503432011078E-005
          17          16   2.4769364955183192E-018
          17          17   7.5457503432044349E-005
          17          18   2.3035329194141401E-018
          17          19  -4.9640293531806651E-018
          17          20   7.5457503432041327E-005
          17          21   1.7474598084685119E-004
          17          22   7.4418862566270878E-018
          17          23   1.7474598084693115E-004
          17          24  -7.5452655242310292E-018
          17          25  -1.3689932913020287E-018
          17          26   1.7474598084693852E-004
          17          27   1.1316404985466891E-018
          17          28  -8.0502992351804835E-019
          17          29   6.3685172784302667E-018
          17          30   1.8331226548633722E-017
          17          31  -5.3660266058555446E-018
          17          32  -1.1649724630007698E-018
          17          33  -1.2848798390086647E-017
          17          34   3.8818712335429963E-018
          17          35   9.2595426964389633E-018
          17          36  -1.5183617198188970E-017
          18           1   1.0572589451892349E-015
          18           2   1.7698050555338979E-015
          18           3  -3.0929703822627456E-016
          18           4  -6.0667948388658034E-016
          18           5  -2.1431589275087318E-016
          18           6  -4.5623421955750302E-016
          18           7   2.9575031856297850E-016
          18           8  -8.2083968373081342E-017
          18           9  -3.8116513786475536E-016
          18          10   2.4708804971435726E-016
          18          11  -6.8578202823619697E-017
          18          12  -2.0995900838773776E-016
          18          13   1.3610746505217491E-016
          18          14  -3.7776819684653593E-017
          18          15   2.3035329194114481E-018
          18          16   9.9178115308256515E-031
          18          17   2.3035329194141401E-018
          18          18   4.0134708725838014E-030
          18          19  -1.8559779512310033E-030
          18          20   2.3035329194090819E-018
          18          21   1.2238179340792542E-017
          18          22   1.7326185748692304E-031
          18          23   1.2238179340789792E-017
          18          24  -2.6272842308647592E-030
          18          25   1.3185514828404515E-030
          18          26   1.2238179340792989E-017
          18          27   7.3523444304230774E-020
          18          28  -2.1341345451172761E-020
          18          29   3.2880683882518491E-020
          18          30  -4.7720699156257606E-020
          18          31   5.9307782185858176E-021
          18          32  -2.6931559972450817E-031
          18          33   5.9307782165764226E-021
          18          34   3.2880683882811293E-020
          18          35  -2.1341345449115789E-020
          18          36   1.3261623254620584E-020
          19           1  -5.3273571647720450E-016
          19           2  -8.2928859551980389E-016
          19           3  -9.2305217380003151E-017
          19           4  -8.7545700472492773E-018
          19           5  -2.9155991789884259E-017
          19           6   5.0459639708541640E-017
          19           7  -3.7077374543225626E-016
          19           8   3.5906780636566100E-016
          19           9   4.2157234020441779E-017
          19          10  -3.0976680059599776E-016
          19          11   2.9998701916948848E-016
          19          12   2.3222711845502238E-017
          19          13  -1.7063199929016458E-016
          19          14   1.6524517726394906E-016
          19          15  -4.9640293531777239E-018
          19          16  -5.0597428977301138E-031
          19          17  -4.9640293531806651E-018
          19          18  -1.8559779512310033E-030
          19          19   1.5802732238239822E-030
          19          20  -4.9640293531786013E-018
          19          21  -1.4400950875154146E-017
          19          22  -5.3500568387091545E-031
          19          23  -1.4400950875158426E-017
          19          24   1.3970870133878268E-030
          19          25  -9.2036751396584214E-031
          19          26  -1.4400950875160296E-017
          19          27  -8.1541033582092009E-021
          19          28   2.6737686934889036E-020
          19          29  -3.6466258819207456E-021
          19          30   5.9787285544688922E-020
          19          31  -2.5896172168115706E-020
          19          32   2.1748534780050038E-031
          19          33  -2.5896172167020514E-020
          19          34  -3.6466258817206972E-021
          19          35   2.6737686934352051E-020
          19          36  -5.7905601324220679E-020
          20           1   1.6591279393763990E-003
          20           2   1.5969535215519695E-003
          20           3   4.2021286036444897E-003
          20           4   4.9877437831197559E-003
          20           5   2.2542862661138014E-003
          20           6   2.5800034110635576E-016
          20           7   3.8983879088719884E-016
          20           8   1.5114205580193623E-016
          20           9   1.9880141912989020E-016
          20          10   2.7403260505008888E-016
          20          11   1.7056516544986978E-016
          20          12   1.3282420713689032E-016
          20          13   2.1997926644511075E-016
          20          14   5.1493069490224612E-017
          20          15   7.5457503432008056E-005
          20          16   2.4769364955160297E-018
          20          17   7.5457503432041327E-005
          20          18   2.3035329194090819E-018
          20          19  -4.9640293531786013E-018
          20          20   7.5457503432038318E-005
          20          21   1.7474598084683308E-004
          20          22   7.4418862566347021E-018
          20          23   1.7474598084691304E-004
          20          24  -7.5452655242268075E-018
          20          25  -1.3689932913019076E-018
          20          26   1.7474598084692042E-004
          20          27   1.1096906602158957E-018
          20          28  -8.4307554245544803E-019
          20          29   6.3587010123071925E-018
          20          30   1.8246153958441651E-017
          20          31  -5.4080714190183997E-018
          20          32  -1.1649724630010757E-018
          20          33  -1.2890843203247163E-017
          20          34   3.8720549674213881E-018
          20          35   9.2214970774986965E-018
          20          36  -1.5277632258518639E-017
          21           1   6.1433000066437662E-003
          21           2   7.6324979542817077E-003
          21           3   8.7310929357036215E-003
          21           4   9.8158111442935188E-003
          21           5   4.5732915913331978E-003
          21           6  -1.0872112593380356E-018
          21           7   1.0983727624707033E-015
          21           8   1.3357030563938705E-015
          21           9  -4.3227728266078828E-017
          21          10   7.8473229281381756E-016
          21          11   1.2441826320260995E-015
          21          12   3.0066981398898743E-017
          21          13   6.0178686471726617E-016
          21          14   5.6154605511832652E-016
          21          15   1.7474598084677074E-004
          21          16   7.4653727762671432E-018
          21          17   1.7474598084685119E-004
          21          18   1.2238179340792542E-017
          21          19  -1.4400950875154146E-017
          21          20   1.7474598084683308E-004
          21          21   4.2046156255033673E-004
          21          22   1.4483947038676085E-017
          21          23   4.2046156255049860E-004
          21          24  -2.3591592098081333E-017
          21          25  -1.6750578419403167E-018
          21          26   4.2046156255052159E-004
          21          27   6.3027402938419282E-019
          21          28  -2.2375521444574310E-018
          21          29   1.7226298235135360E-017
          21          30   4.6629187189228256E-017
          21          31  -1.6069134675936732E-017
          21          32  -3.9015750107016369E-018
          21          33  -3.7376470979586152E-017
          21          34   1.1862523692355214E-017
          21          35   2.6060325167744515E-017
          21          36  -4.8228924484101324E-017
          22           1  -2.3735102218096908E-016
          22           2  -5.2807946467646624E-016
          22           3   5.8873564924015672E-016
          22           4   7.9423118949620983E-016
          22           5   3.3511164413670005E-016
          22           6  -4.9410671181677492E-016
          22           7   1.0073348621789323E-015
          22           8   1.3986294402854632E-016
          22           9  -4.1280698279249448E-016
          22          10   8.4158967711956334E-016
          22          11   1.1685199613995317E-016
          22          12  -2.2739215731457582E-016
          22          13   4.6358642936315768E-016
          22          14   6.4375036424674146E-017
          22          15   7.4418862566285946E-018
          22          16   7.6472164865117527E-031
          22          17   7.4418862566270878E-018
          22          18   1.7326185748692304E-031
          22          19  -5.3500568387091545E-031
          22          20   7.4418862566347021E-018
          22          21   1.4483947038676085E-017
          22          22   1.0451902141561685E-029
          22          23   1.4483947038715547E-017
          22          24   5.2323507484779532E-030
          22          25   5.7202228584083008E-030
          22          26   1.4483947038714101E-017
          22          27   7.9706662493460264E-020
          22          28  -7.2690425389285452E-020
