           1           1  0.50828530103665936     
           1           2  0.79911036550868819     
           1           3  -1.2635416679318237     
           1           4   1.0714499705656890     
           1           5  -3.1575627051980769E-002
           1           6   7.6489089345896575E-015
           1           7   1.2485418885847395E-014
           1           8  -2.2987800102051363E-014
           1           9  -1.2673738399382717E-014
           1          10   5.4407539052100792E-015
           1          11   2.2981965515834284E-015
           1          12   3.5657654907524064E-015
           1          13  -4.3937442073915702E-015
           1          14  -1.7465381481448691E-015
           1          15   8.1887426962724066E-002
           1          16   2.1140334139930864E-015
           1          17   8.1887426962724066E-002
           1          18  -2.9428226721396451E-015
           1          19  -1.5041651779054836E-015
           1          20   8.1887426962722443E-002
           1          21 -0.25385277681959639     
           1          22  -1.7025362732518370E-015
           1          23 -0.25385277681959567     
           1          24   2.5952772330618543E-015
           1          25   1.6117580516712810E-015
           1          26 -0.25385277681960200     
           1          27   4.5251855158668095E-015
           1          28  -1.3465270911735552E-015
           1          29   1.5131305129212094E-015
           1          30  -1.3155869101903797E-015
           1          31   2.2951772199426526E-016
           1          32   1.8021802452626678E-015
           1          33   2.7665646512837541E-015
           1          34   2.3146036461331004E-015
           1          35  -1.4420901735237658E-015
           1          36   1.0632623244088701E-015
           2           1  0.79911036550868819     
           2           2   1.3326740480293555     
           2           3  -2.9552013803856272     
           2           4   2.4901165591487353     
           2           5  -7.1010402369128742E-002
           2           6   1.8189137174057729E-014
           2           7   3.9541634990357952E-014
           2           8  -5.9484992173130899E-014
           2           9  -2.2332048142083285E-014
           2          10   1.2096589639724466E-014
           2          11  -1.2964323621207583E-015
           2          12   6.3513392480524820E-015
           2          13  -7.8691702791943916E-015
           2          14  -1.4938020340888005E-015
           2          15  0.16890436473339060     
           2          16   3.1725763412219888E-015
           2          17  0.16890436473339082     
           2          18  -5.9685339215702261E-015
           2          19  -1.9716594826374581E-015
           2          20  0.16890436473338832     
           2          21 -0.59423827910645766     
           2          22  -3.0098711524540673E-015
           2          23 -0.59423827910645755     
           2          24   4.8996758635285684E-015
           2          25   2.5226115786633587E-015
           2          26 -0.59423827910646931     
           2          27   7.3319842939112320E-015
           2          28  -3.8399738357801906E-015
           2          29   2.8725152471821680E-015
           2          30  -5.6310588258109007E-015
           2          31   2.2894849059363386E-015
           2          32   2.7622767936104525E-015
           2          33   5.7142801979092167E-015
           2          34   4.9182584545855292E-015
           2          35  -3.7366625431131865E-015
           2          36   6.1107108349270739E-015
           3           1  -1.2635416679318237     
           3           2  -2.9552013803856272     
           3           3   15.433541821505589     
           3           4  -12.886533406791418     
           3           5  0.34964932825420275     
           3           6   2.3292414844346493E-014
           3           7  -3.2884511474432201E-013
           3           8   3.5683286321456742E-013
           3           9   8.0346106261577050E-014
           3          10  -6.5333593182043413E-014
           3          11   5.7112784465172583E-014
           3          12  -2.0810530952837797E-014
           3          13   2.4054602156485695E-014
           3          14  -1.1617787940143247E-014
           3          15 -0.71322580151512993     
           3          16  -3.3385868894299414E-015
           3          17 -0.71322580151513293     
           3          18   2.4344088273589744E-014
           3          19  -1.2496668230642204E-015
           3          20 -0.71322580151512971     
           3          21   3.1073029752926868     
           3          22   8.4604818027094637E-015
           3          23   3.1073029752926984     
           3          24  -1.6850295323489245E-014
           3          25  -3.8626975240849859E-015
           3          26   3.1073029752927375     
           3          27  -3.3687499290680964E-014
           3          28   2.8506423626418519E-014
           3          29  -1.8825054842432551E-014
           3          30   5.5847555491622800E-014
           3          31  -2.5296783387122908E-014
           3          32  -3.5783562416064378E-015
           3          33  -2.4448250708154826E-014
           3          34  -3.0787623889017456E-014
           3          35   2.5526477095491107E-014
           3          36  -5.9537965748269504E-014
           4           1   1.0714499705656890     
           4           2   2.4901165591487353     
           4           3  -12.886533406791418     
           4           4   10.760526523093015     
           4           5 -0.29206617942454649     
           4           6  -1.3838367918553712E-013
           4           7   3.5942453275621339E-013
           4           8  -3.0346808092569049E-013
           4           9  -8.5450896036296255E-014
           4          10   6.7526950149068581E-014
           4          11  -4.8281383907396755E-014
           4          12   1.9915074436146375E-014
           4          13  -2.1947001945270642E-014
           4          14   9.7102512604323267E-015
           4          15  0.59647527617399643     
           4          16   2.8623273919798143E-015
           4          17  0.59647527617399887     
           4          18  -2.0365115214756522E-014
           4          19   9.7823033149714131E-016
           4          20  0.59647527617399621     
           4          21  -2.5944805653324052     
           4          22  -7.1052310484546115E-015
           4          23  -2.5944805653324146     
           4          24   1.4118823371625757E-014
           4          25   3.2778159180040762E-015
           4          26  -2.5944805653324470     
           4          27   4.7680597218065809E-014
           4          28  -2.9999749870227811E-014
           4          29   2.4429301287463510E-014
           4          30  -6.0447033603346564E-014
           4          31   2.1469037135669566E-014
           4          32   3.0490733126044285E-015
           4          33   2.0866330826204569E-014
           4          34   3.4410458464007247E-014
           4          35  -2.7525366806240967E-014
           4          36   5.0500735530099805E-014
           5           1  -3.1575627051980769E-002
           5           2  -7.1010402369128742E-002
           5           3  0.34964932825420275     
           5           4 -0.29206617942454649     
           5           5   7.9428553636659831E-003
           5           6  -1.5730991524554653E-014
           5           7  -4.2445956729723399E-015
           5           8   1.0544491539295990E-014
           5           9  -5.9333020811584624E-016
           5          10  -1.0100989487757847E-015
           5          11   1.6235337008167908E-015
           5          12  -1.5082125866269299E-016
           5          13   4.9862385290656412E-016
           5          14  -2.9527555678256429E-016
           5          15  -1.6329446621898638E-002
           5          16  -8.9048634081726068E-017
           5          17  -1.6329446621898704E-002
           5          18   5.5843977657702929E-016
           5          19  -1.6605702310727972E-017
           5          20  -1.6329446621898620E-002
           5          21   7.0392493158812255E-002
           5          22   1.9903210006857518E-016
           5          23   7.0392493158812505E-002
           5          24  -3.9060472451933459E-016
           5          25  -9.6949919339666087E-017
           5          26   7.0392493158813421E-002
           5          27   1.8669742006026744E-015
           5          28   4.1226632998283050E-016
           5          29   7.5572634946786542E-016
           5          30   7.3535523492913579E-016
           5          31  -7.4263597893228949E-016
           5          32  -9.2065271591221709E-017
           5          33  -7.4240490433565053E-016
           5          34   4.8600874281374765E-016
           5          35   3.4722918639984129E-016
           5          36  -1.7301647400130762E-015
           6           1   7.6489089345896575E-015
           6           2   1.8189137174057729E-014
           6           3   2.3292414844346493E-014
           6           4  -1.3838367918553712E-013
           6           5  -1.5730991524554653E-014
           6           6   1.8619772995815365     
           6           7 -0.35428287017778254     
           6           8 -0.44884532975412744     
           6           9  0.28270599709096139     
           6          10  -5.3791145621586073E-002
           6          11  -6.8148664603093309E-002
           6          12  -3.8439282880646852E-002
           6          13   7.3139342083309395E-003
           6          14   9.2661132893255907E-003
           6          15   9.4517047405121783E-015
           6          16   3.8929731407008256E-016
           6          17   9.1284858953325239E-015
           6          18   2.7727113628435081E-015
           6          19   3.5905181278064959E-015
           6          20   7.5909599826086492E-015
           6          21   4.5403348800027305E-014
           6          22   5.8120496008759112E-016
           6          23   4.4685301121138014E-014
           6          24  -5.4014511018232808E-015
           6          25  -2.8278249869691859E-015
           6          26   4.6414959583065433E-014
           6          27 -0.30398887792494445     
           6          28   2.5867143037473693E-002
           6          29 -0.13594795908881169     
           6          30   5.7840690215494851E-002
           6          31   3.2771401960878653E-002
           6          32   4.1489657805940012E-016
           6          33   3.2771401960876981E-002
           6          34 -0.13594795908881219     
           6          35   2.5867143037469922E-002
           6          36   7.3279082502495596E-002
           7           1   1.2485418885847395E-014
           7           2   3.9541634990357952E-014
           7           3  -3.2884511474432201E-013
           7           4   3.5942453275621339E-013
           7           5  -4.2445956729723399E-015
           7           6 -0.35428287017778254     
           7           7   1.3461452633605948     
           7           8  0.22842970454931344     
           7           9  -5.3791145621574291E-002
           7          10  0.20438666947934389     
           7          11   3.4682725403967357E-002
           7          12   7.3139342083239937E-003
           7          13  -2.7790273591624007E-002
           7          14  -4.7157793134688809E-003
           7          15   1.2294970161121705E-014
           7          16  -1.8262403830977379E-015
           7          17   1.2545946102866208E-014
           7          18  -1.4282310499321305E-015
           7          19  -1.5613700723412484E-015
           7          20   1.1908890662315642E-014
           7          21  -9.1120865468651696E-014
           7          22   4.2682162419664935E-016
           7          23  -9.1578513315033530E-014
           7          24   3.3879483523939701E-015
           7          25   1.3972053609730100E-015
           7          26  -8.9600975100060808E-014
           7          27   5.7840690215491798E-002
           7          28  -9.8285677936065671E-002
           7          29   2.5867143037468166E-002
           7          30 -0.21977345707969345     
           7          31  -1.6678265699435448E-002
           7          32  -3.4556237103540006E-016
           7          33  -1.6678265699435764E-002
           7          34   2.5867143037467320E-002
           7          35  -9.8285677936066754E-002
           7          36  -3.7293735850743033E-002
           8           1  -2.2987800102051363E-014
           8           2  -5.9484992173130899E-014
           8           3   3.5683286321456742E-013
           8           4  -3.0346808092569049E-013
           8           5   1.0544491539295990E-014
           8           6 -0.44884532975412744     
           8           7  0.22842970454931344     
           8           8   1.4552413941261095     
           8           9  -6.8148664603095044E-002
           8          10   3.4682725403967461E-002
           8          11  0.22095085124125791     
           8          12   9.2661132893250009E-003
           8          13  -4.7157793134696216E-003
           8          14  -3.0042490647446577E-002
           8          15  -1.6187359626799928E-014
           8          16   2.6772018543050379E-016
           8          17  -1.4829319679496184E-014
           8          18  -1.4628813360094092E-015
           8          19  -1.0691410816287604E-015
           8          20  -1.4155695194846323E-014
           8          21   7.1411529582371304E-014
           8          22   1.0456373538167689E-016
           8          23   7.2943966963990395E-014
           8          24   1.4384725578587083E-015
           8          25   9.3910542926575334E-017
           8          26   7.2708509886980457E-014
           8          27   7.3279082502495374E-002
           8          28  -1.6678265699437648E-002
           8          29   3.2771401960879534E-002
           8          30  -3.7293735850741291E-002
           8          31 -0.10625107919278026     
           8          32   9.4448168376466025E-017
           8          33 -0.10625107919278091     
           8          34   3.2771401960877668E-002
           8          35  -1.6678265699435021E-002
           8          36 -0.23758463575777322     
           9           1  -1.2673738399382717E-014
           9           2  -2.2332048142083285E-014
           9           3   8.0346106261577050E-014
           9           4  -8.5450896036296255E-014
           9           5  -5.9333020811584624E-016
           9           6  0.28270599709096139     
           9           7  -5.3791145621574291E-002
           9           8  -6.8148664603095044E-002
           9           9   4.2923552724921307E-002
           9          10  -8.1671669472195060E-003
           9          11  -1.0347084350257326E-002
           9          12  -5.8362772718427141E-003
           9          13   1.1104824228998678E-003
           9          14   1.4068838525610721E-003
           9          15  -2.5525059445952860E-015
           9          16   5.9107425941043682E-017
           9          17  -2.6015806062067117E-015
           9          18   4.2098372018527543E-016
           9          19   5.4515219257661022E-016
           9          20  -2.8350248035701312E-015
           9          21   2.2347956109796346E-014
           9          22   8.8244968288720116E-017
           9          23   2.2238934165723865E-014
           9          24  -8.2010807533604388E-016
           9          25  -4.2935168045260703E-016
           9          26   2.2501550052725488E-014
           9          27  -4.6154955196096178E-002
           9          28   3.9274358854680426E-003
           9          29  -2.0641123463385563E-002
           9          30   8.7820136171776024E-003
           9          31   4.9757168734016304E-003
           9          32   6.2994189465245379E-017
           9          33   4.9757168734013771E-003
           9          34  -2.0641123463385640E-002
           9          35   3.9274358854674693E-003
           9          36   1.1126041165718916E-002
          10           1   5.4407539052100792E-015
          10           2   1.2096589639724466E-014
          10           3  -6.5333593182043413E-014
          10           4   6.7526950149068581E-014
          10           5  -1.0100989487757847E-015
          10           6  -5.3791145621586073E-002
          10           7  0.20438666947934389     
          10           8   3.4682725403967461E-002
          10           9  -8.1671669472195060E-003
          10          10   3.1032245774554643E-002
          10          11   5.2659151480333221E-003
          10          12   1.1104824228990564E-003
          10          13  -4.2194268463508992E-003
          10          14  -7.1600179721566291E-004
          10          15   2.7112020129114600E-015
          10          16  -2.7728002298814564E-016
          10          17   2.7493079575288665E-015
          10          18  -2.1684984190631415E-016
          10          19  -2.3706448152104751E-016
          10          20   2.6525831512900732E-015
          10          21  -1.6933416376314628E-014
          10          22   6.4804781924878013E-017
          10          23  -1.7002901536395245E-014
          10          24   5.1439580776389399E-016
          10          25   2.1213917849778384E-016
          10          26  -1.6702649802405348E-014
          10          27   8.7820136171790596E-003
          10          28  -1.4922819191683926E-002
          10          29   3.9274358854680643E-003
          10          30  -3.3368438128543627E-002
          10          31  -2.5322788496758451E-003
          10          32  -5.2467102946213572E-017
          10          33  -2.5322788496758932E-003
          10          34   3.9274358854679342E-003
          10          35  -1.4922819191684093E-002
          10          36  -5.6623476458605116E-003
          11           1   2.2981965515834284E-015
          11           2  -1.2964323621207583E-015
          11           3   5.7112784465172583E-014
          11           4  -4.8281383907396755E-014
          11           5   1.6235337008167908E-015
          11           6  -6.8148664603093309E-002
          11           7   3.4682725403967357E-002
          11           8  0.22095085124125791     
          11           9  -1.0347084350257326E-002
          11          10   5.2659151480333221E-003
          11          11   3.3547203138454600E-002
          11          12   1.4068838525609453E-003
          11          13  -7.1600179721577394E-004
          11          14  -4.5613833613817722E-003
          11          15  -2.2434648417097033E-015
          11          16   4.0648240975095768E-017
          11          17  -2.0372721896950328E-015
          11          18  -2.2211083175677832E-016
          11          19  -1.6232882945497127E-016
          11          20  -1.9349950665310853E-015
          11          21   1.1441364327808158E-014
          11          22   1.5876023342094613E-017
          11          23   1.1674035928072822E-014
          11          24   2.1840482096577611E-016
          11          25   1.4258537782074092E-017
          11          26   1.1638286229221367E-014
          11          27   1.1126041165718597E-002
          11          28  -2.5322788496761738E-003
          11          29   4.9757168734016338E-003
          11          30  -5.6623476458602315E-003
          11          31  -1.6132214550593438E-002
          11          32   1.4340166026902047E-017
          11          33  -1.6132214550593535E-002
          11          34   4.9757168734013528E-003
          11          35  -2.5322788496757744E-003
          11          36  -3.6072728362738608E-002
          12           1   3.5657654907524064E-015
          12           2   6.3513392480524820E-015
          12           3  -2.0810530952837797E-014
          12           4   1.9915074436146375E-014
          12           5  -1.5082125866269299E-016
          12           6  -3.8439282880646852E-002
          12           7   7.3139342083239937E-003
          12           8   9.2661132893250009E-003
          12           9  -5.8362772718427141E-003
          12          10   1.1104824228990564E-003
          12          11   1.4068838525609453E-003
          12          12   7.9355342769778323E-004
          12          13  -1.5099130696581275E-004
          12          14  -1.9129274562719516E-004
          12          15   8.6388033271411350E-016
          12          16  -8.0367841130799740E-018
          12          17   8.7055297078817151E-016
          12          18  -5.7240781854186276E-017
          12          19  -7.4123858563622199E-017
          12          20   9.0229417059161605E-016
          12          21  -5.0276297684624052E-015
          12          22  -1.1998589820344867E-017
          12          23  -5.0128061517315215E-015
          12          24   1.1150936529445552E-016
          12          25   5.8378565966149442E-017
          12          26  -5.0485138002189655E-015
          12          27   6.2756481906377122E-003
          12          28  -5.3400996282561178E-004
          12          29   2.8065551914278871E-003
          12          30  -1.1940825775400646E-003
          12          31  -6.7654379602401660E-004
          12          32  -8.5652638911330467E-018
          12          33  -6.7654379602398234E-004
          12          34   2.8065551914278975E-003
          12          35  -5.3400996282553382E-004
          12          36  -1.5127979176654746E-003
          13           1  -4.3937442073915702E-015
          13           2  -7.8691702791943916E-015
          13           3   2.4054602156485695E-014
          13           4  -2.1947001945270642E-014
          13           5   4.9862385290656412E-016
          13           6   7.3139342083309395E-003
          13           7  -2.7790273591624007E-002
          13           8  -4.7157793134696216E-003
          13           9   1.1104824228998678E-003
          13          10  -4.2194268463508992E-003
          13          11  -7.1600179721577394E-004
          13          12  -1.5099130696581275E-004
          13          13   5.7371171397156803E-004
          13          14   9.7354127289271385E-005
          13          15  -1.2097244073267838E-015
          13          16   3.7701518009755359E-017
          13          17  -1.2149056387108221E-015
          13          18   2.9484880057176993E-017
          13          19   3.2233446619158262E-017
          13          20  -1.2017540528695262E-015
          13          21   5.3536896096956572E-015
          13          22  -8.8114485368458080E-018
          13          23   5.3631374450858859E-015
          13          24  -6.9941940286840886E-017
          13          25  -2.8844375344916456E-017
          13          26   5.3223124839708495E-015
          13          27  -1.1940825775411360E-003
          13          28   2.0290424475904768E-003
          13          29  -5.3400996282600480E-004
          13          30   4.5370768420448472E-003
          13          31   3.4431170204034662E-004
          13          32   7.1339053038396470E-018
          13          33   3.4431170204035318E-004
          13          34  -5.3400996282598713E-004
          13          35   2.0290424475904994E-003
          13          36   7.6990437121091570E-004
          14           1  -1.7465381481448691E-015
          14           2  -1.4938020340888005E-015
          14           3  -1.1617787940143247E-014
          14           4   9.7102512604323267E-015
          14           5  -2.9527555678256429E-016
          14           6   9.2661132893255907E-003
          14           7  -4.7157793134688809E-003
          14           8  -3.0042490647446577E-002
          14           9   1.4068838525610721E-003
          14          10  -7.1600179721566291E-004
          14          11  -4.5613833613817722E-003
          14          12  -1.9129274562719516E-004
          14          13   9.7354127289271385E-005
          14          14   6.2020723705698906E-004
          14          15   3.8153086360322725E-016
          14          16  -5.5269051577326857E-018
          14          17   3.5349503217319271E-016
          14          18   3.0200212166022746E-017
          14          19   2.2071706505392604E-017
          14          20   3.3958850273989204E-016
          14          21  -2.3335958026213736E-015
          14          22  -2.1586487677855231E-018
          14          23  -2.3652319530847511E-015
          14          24  -2.9696309176278203E-017
          14          25  -1.9387206953898595E-018
          14          26  -2.3603710983409884E-015
          14          27  -1.5127979176655670E-003
          14          28   3.4431170204033800E-004
          14          29  -6.7654379602407819E-004
          14          30   7.6990437121075839E-004
          14          31   2.1934828584552952E-003
          14          32  -1.9498196152085299E-018
          14          33   2.1934828584553086E-003
          14          34  -6.7654379602403981E-004
          14          35   3.4431170204028352E-004
          14          36   4.9047767789866517E-003
          15           1   8.1887426962724066E-002
          15           2  0.16890436473339060     
          15           3 -0.71322580151512993     
          15           4  0.59647527617399643     
          15           5  -1.6329446621898638E-002
          15           6   9.4517047405121783E-015
          15           7   1.2294970161121705E-014
          15           8  -1.6187359626799928E-014
          15           9  -2.5525059445952860E-015
          15          10   2.7112020129114600E-015
          15          11  -2.2434648417097033E-015
          15          12   8.6388033271411350E-016
          15          13  -1.2097244073267838E-015
          15          14   3.8153086360322725E-016
          15          15   3.4323724583874497E-002
          15          16   2.6111444449100397E-016
          15          17   3.4323724583874615E-002
          15          18  -1.1801286421466171E-015
          15          19  -3.5484830560393430E-017
          15          20   3.4323724583874393E-002
          15          21 -0.14356545815881544     
          15          22  -4.4959228452795703E-016
          15          23 -0.14356545815881586     
          15          24   8.4925632425709023E-016
          15          25   2.5369405240213544E-016
          15          26 -0.14356545815881785     
          15          27   3.1064410689926408E-017
          15          28  -1.1093638770033105E-015
          15          29   1.4013437245531613E-016
          15          30  -2.0548945668824368E-015
          15          31   1.0664263092324675E-015
          15          32   2.5295648841878562E-016
          15          33   1.1784882125263419E-015
          15          34   6.8263226493865393E-016
          15          35  -9.9135788952337614E-016
          15          36   2.5397739979027146E-015
          16           1   2.1140334139930864E-015
          16           2   3.1725763412219888E-015
          16           3  -3.3385868894299414E-015
          16           4   2.8623273919798143E-015
          16           5  -8.9048634081726068E-017
          16           6   3.8929731407008256E-016
          16           7  -1.8262403830977379E-015
          16           8   2.6772018543050379E-016
          16           9   5.9107425941043682E-017
          16          10  -2.7728002298814564E-016
          16          11   4.0648240975095768E-017
          16          12  -8.0367841130799740E-018
          16          13   3.7701518009755359E-017
          16          14  -5.5269051577326857E-018
          16          15   2.6111444449100397E-016
          16          16   1.1807244052054680E-029
          16          17   2.6111444449100368E-016
          16          18  -8.0612835097256848E-030
          16          19  -5.1240326908462371E-030
          16          20   2.6111444449099786E-016
          16          21  -6.6970973151884482E-016
          16          22  -6.9593895068486866E-030
          16          23  -6.6970973151883851E-016
          16          24   4.7559614288532435E-030
          16          25   4.6710639544551551E-030
          16          26  -6.6970973151886395E-016
          16          27  -6.3557194660706257E-017
          16          28   1.3333871091956411E-016
          16          29  -2.8423641544106216E-017
          16          30   2.9815442164834593E-016
          16          31  -1.9546969141002290E-017
          16          32   8.1821459006558697E-030
          16          33  -1.9546969140990522E-017
          16          34  -2.8423641544104034E-017
          16          35   1.3333871091956569E-016
          16          36  -4.3708351753367762E-017
          17           1   8.1887426962724066E-002
          17           2  0.16890436473339082     
          17           3 -0.71322580151513293     
          17           4  0.59647527617399887     
          17           5  -1.6329446621898704E-002
          17           6   9.1284858953325239E-015
          17           7   1.2545946102866208E-014
          17           8  -1.4829319679496184E-014
          17           9  -2.6015806062067117E-015
          17          10   2.7493079575288665E-015
          17          11  -2.0372721896950328E-015
          17          12   8.7055297078817151E-016
          17          13  -1.2149056387108221E-015
          17          14   3.5349503217319271E-016
          17          15   3.4323724583874615E-002
          17          16   2.6111444449100368E-016
          17          17   3.4323724583874740E-002
          17          18  -1.1801286421466226E-015
          17          19  -3.5484830560393073E-017
          17          20   3.4323724583874511E-002
          17          21 -0.14356545815881602     
          17          22  -4.4959228452795782E-016
          17          23 -0.14356545815881649     
          17          24   8.4925632425709388E-016
          17          25   2.5369405240213539E-016
          17          26 -0.14356545815881847     
          17          27   8.3833547076524306E-017
          17          28  -1.1276883039811415E-015
          17          29   1.6373344767019632E-016
          17          30  -2.0958692312535931E-015
          17          31   9.6727216850341139E-016
          17          32   2.5295648841878552E-016
          17          33   1.0793340717972833E-015
          17          34   7.0623134015353451E-016
          17          35  -1.0096823165012043E-015
          17          36   2.3180585989819623E-015
          18           1  -2.9428226721396451E-015
          18           2  -5.9685339215702261E-015
          18           3   2.4344088273589744E-014
          18           4  -2.0365115214756522E-014
          18           5   5.5843977657702929E-016
          18           6   2.7727113628435081E-015
          18           7  -1.4282310499321305E-015
          18           8  -1.4628813360094092E-015
          18           9   4.2098372018527543E-016
          18          10  -2.1684984190631415E-016
          18          11  -2.2211083175677832E-016
          18          12  -5.7240781854186276E-017
          18          13   2.9484880057176993E-017
          18          14   3.0200212166022746E-017
          18          15  -1.1801286421466171E-015
          18          16  -8.0612835097256848E-030
          18          17  -1.1801286421466226E-015
          18          18   4.5752230047251953E-029
          18          19   7.8179148897392561E-030
          18          20  -1.1801286421466161E-015
          18          21   4.9000318476634355E-015
          18          22   1.6105140583592898E-029
          18          23   4.9000318476634474E-015
          18          24  -3.9070312849767998E-029
          18          25  -1.3591858347298984E-029
          18          26   4.9000318476635176E-015
          18          27  -4.5267652628744341E-016
          18          28   1.0427898148339490E-016
          18          29  -2.0244309691944174E-016
          18          30   2.3317489122128695E-016
          18          31   1.0680889185077260E-016
          18          32  -8.4963134003293940E-030
          18          33   1.0680889185076630E-016
          18          34  -2.0244309691945924E-016
          18          35   1.0427898148338565E-016
          18          36   2.3883194277974977E-016
          19           1  -1.5041651779054836E-015
          19           2  -1.9716594826374581E-015
          19           3  -1.2496668230642204E-015
          19           4   9.7823033149714131E-016
          19           5  -1.6605702310727972E-017
          19           6   3.5905181278064959E-015
          19           7  -1.5613700723412484E-015
          19           8  -1.0691410816287604E-015
          19           9   5.4515219257661022E-016
          19          10  -2.3706448152104751E-016
          19          11  -1.6232882945497127E-016
          19          12  -7.4123858563622199E-017
          19          13   3.2233446619158262E-017
          19          14   2.2071706505392604E-017
          19          15  -3.5484830560393430E-017
          19          16  -5.1240326908462371E-030
          19          17  -3.5484830560393073E-017
          19          18   7.8179148897392561E-030
          19          19   1.4011154004291667E-029
          19          20  -3.5484830560390324E-017
          19          21  -2.5375022995921721E-016
          19          22   4.0593952347500435E-030
          19          23  -2.5375022995922594E-016
          19          24  -1.5486537757219291E-029
          19          25  -1.0816974112973211E-029
          19          26  -2.5375022995921480E-016
          19          27  -5.8619274095682583E-016
          19          28   1.1399981877590990E-016
          19          29  -2.6215336333927234E-016
          19          30   2.5491134420557515E-016
          19          31   7.8060859312360276E-017
          19          32  -4.7337096948556599E-030
          19          33   7.8060859312347174E-017
          19          34  -2.6215336333927081E-016
          19          35   1.1399981877590532E-016
          19          36   1.7454938780448770E-016
          20           1   8.1887426962722443E-002
          20           2  0.16890436473338832     
          20           3 -0.71322580151512971     
          20           4  0.59647527617399621     
          20           5  -1.6329446621898620E-002
          20           6   7.5909599826086492E-015
          20           7   1.1908890662315642E-014
          20           8  -1.4155695194846323E-014
          20           9  -2.8350248035701312E-015
          20          10   2.6525831512900732E-015
          20          11  -1.9349950665310853E-015
          20          12   9.0229417059161605E-016
          20          13  -1.2017540528695262E-015
          20          14   3.3958850273989204E-016
          20          15   3.4323724583874393E-002
          20          16   2.6111444449099786E-016
          20          17   3.4323724583874511E-002
          20          18  -1.1801286421466161E-015
          20          19  -3.5484830560390324E-017
          20          20   3.4323724583874289E-002
          20          21 -0.14356545815881541     
          20          22  -4.4959228452795358E-016
          20          23 -0.14356545815881583     
          20          24   8.4925632425708905E-016
          20          25   2.5369405240213179E-016
          20          26 -0.14356545815881780     
          20          27   3.3485206222945673E-016
          20          28  -1.0811751767863446E-015
          20          29   2.7599234036880238E-016
          20          30  -1.9918627169999307E-015
          20          31   9.1808903726922670E-016
          20          32   2.5295648841877960E-016
          20          33   1.0301509405630915E-015
          20          34   8.1849023285213920E-016
          20          35  -9.6316918930640152E-016
          20          36   2.2080817741960303E-015
          21           1 -0.25385277681959639     
          21           2 -0.59423827910645766     
          21           3   3.1073029752926868     
          21           4  -2.5944805653324052     
          21           5   7.0392493158812255E-002
          21           6   4.5403348800027305E-014
          21           7  -9.1120865468651696E-014
          21           8   7.1411529582371304E-014
          21           9   2.2347956109796346E-014
          21          10  -1.6933416376314628E-014
          21          11   1.1441364327808158E-014
          21          12  -5.0276297684624052E-015
          21          13   5.3536896096956572E-015
          21          14  -2.3335958026213736E-015
          21          15 -0.14356545815881544     
          21          16  -6.6970973151884482E-016
          21          17 -0.14356545815881602     
          21          18   4.9000318476634355E-015
          21          19  -2.5375022995921721E-016
          21          20 -0.14356545815881541     
          21          21  0.62560772348193361     
          21          22   1.7020349630951491E-015
          21          23  0.62560772348193594     
          21          24  -3.3909176538410138E-015
          21          25  -7.7596063654186066E-016
          21          26  0.62560772348194382     
          21          27  -1.3424987371999296E-014
          21          28   7.5582016404631325E-015
          21          29  -6.7618579870261989E-015
          21          30   1.5312572206745115E-014
          21          31  -5.0634851641938234E-015
          21          32  -7.1842704263398789E-016
          21          33  -4.8891590845341012E-015
          21          34  -9.1705727334372292E-015
          21          35   6.9577816175583632E-015
          21          36  -1.1920381132173716E-014
          22           1  -1.7025362732518370E-015
          22           2  -3.0098711524540673E-015
          22           3   8.4604818027094637E-015
          22           4  -7.1052310484546115E-015
          22           5   1.9903210006857518E-016
          22           6   5.8120496008759112E-016
          22           7   4.2682162419664935E-016
          22           8   1.0456373538167689E-016
          22           9   8.8244968288720116E-017
          22          10   6.4804781924878013E-017
          22          11   1.5876023342094613E-017
          22          12  -1.1998589820344867E-017
          22          13  -8.8114485368458080E-018
          22          14  -2.1586487677855231E-018
          22          15  -4.4959228452795703E-016
          22          16  -6.9593895068486866E-030
          22          17  -4.4959228452795782E-016
          22          18   1.6105140583592898E-029
          22          19   4.0593952347500435E-030
          22          20  -4.4959228452795358E-016
          22          21   1.7020349630951491E-015
          22          22   7.5899549426528134E-030
          22          23   1.7020349630951510E-015
          22          24  -1.2981634489242328E-029
          22          25  -5.9656168778726950E-030
          22          26   1.7020349630951818E-015
          22          27  -9.4888290905153312E-017
          22          28  -3.1163392119514972E-017
