           1           1   2.1622664504742781     
           1           2  0.11341779672102070     
           1           3 -0.53416676647842498     
           1           4  0.14038738088852959     
           1           5   8.6821180527405201E-002
           1           6  -7.6605694881142586E-015
           1           7  -2.4807310867440115E-015
           1           8   9.3289429840144665E-015
           1           9   3.5728078001631524E-015
           1          10  -8.2681535450559454E-015
           1          11  -2.3964929613864513E-014
           1          12  -7.9845618803361401E-015
           1          13  -2.0087677841341986E-014
           1          14   5.7512991845134712E-015
           1          15  -7.0682735224217987E-014
           1          16   1.5525599619041610E-013
           1          17   8.0116945585724607E-014
           1          18   1.6233442984964478E-014
           1          19  -2.5750938751458819E-014
           1          20  -4.6379690331560109E-015
           1          21  -2.5380038312680093E-003
           1          22   2.5690662802747575E-015
           1          23  -2.5380038312723340E-003
           1          24   2.3724235077094494E-015
           1          25   5.9140179909586255E-015
           1          26  -2.5380038312659359E-003
           1          27  -1.3493326961745709E-002
           1          28  -1.7285352008463170E-014
           1          29  -1.3493326961730591E-002
           1          30  -8.0620264168227338E-015
           1          31  -2.1130754206634636E-014
           1          32  -1.3493326961736251E-002
           1          33  -6.3964216609746919E-003
           1          34   8.9517393153013882E-015
           1          35  -6.3964216609879495E-003
           1          36   1.0562958985060614E-014
           1          37   1.3184685550195869E-014
           1          38  -6.3964216609702102E-003
           1          39   3.0468124183035860E-014
           1          40  -4.0060731934468507E-014
           1          41   2.2476575357885020E-014
           1          42  -8.4086133656305837E-014
           1          43  -2.3738380529737632E-014
           1          44  -3.4463681413489486E-015
           1          45  -2.2129671382870793E-014
           1          46   1.8797064006478458E-014
           1          47  -2.4791014958043614E-014
           1          48  -2.8396849017955001E-014
           2           1  0.11341779672102070     
           2           2  0.16665339945288132     
           2           3 -0.50577973211230454     
           2           4  0.11397082987347895     
           2           5   8.2162309425252239E-002
           2           6  -1.2569638575990819E-014
           2           7  -3.2515574381044595E-015
           2           8   4.8702342362349423E-015
           2           9  -2.4093665175249897E-015
           2          10   1.9916168683632662E-015
           2          11  -4.8145026015918012E-016
           2          12  -5.1261388602194756E-015
           2          13  -3.3140732939861860E-015
           2          14  -1.1305236409563691E-014
           2          15  -1.5194367074275343E-014
           2          16   7.5775302224592161E-015
           2          17   5.8673871914713068E-014
           2          18   4.6432434895333882E-015
           2          19  -6.4938456180041082E-016
           2          20  -1.1717379184290560E-014
           2          21  -1.7058061475780980E-005
           2          22  -2.0337237864015778E-015
           2          23  -1.7058061474371815E-005
           2          24   1.1760541281312894E-015
           2          25  -4.7138221767961345E-016
           2          26  -1.7058061469854135E-005
           2          27  -6.2520915157370958E-004
           2          28  -2.5140395602266892E-015
           2          29  -6.2520915157166738E-004
           2          30  -4.5532940747379463E-015
           2          31   2.7420117371324301E-015
           2          32  -6.2520915156695457E-004
           2          33   3.8659729378394663E-004
           2          34   1.7347682609638339E-015
           2          35   3.8659729378198076E-004
           2          36   1.6466092409190820E-015
           2          37   6.1776558385000309E-015
           2          38   3.8659729378059254E-004
           2          39   6.2306739763908044E-015
           2          40  -3.0654148174341035E-015
           2          41   9.0298007965747849E-015
           2          42  -5.7465094655561608E-015
           2          43  -1.0312856584680238E-014
           2          44  -4.7831869107470455E-016
           2          45  -1.1631049632934061E-014
           2          46  -1.5040459682061386E-016
           2          47  -1.9200177835793952E-015
           2          48  -1.8932536788070917E-014
           3           1 -0.53416676647842498     
           3           2 -0.50577973211230454     
           3           3   1.6257551311096898     
           3           4 -0.59559543879719978     
           3           5 -0.43325437256465815     
           3           6   5.8928503209090820E-014
           3           7  -2.5039959683515288E-014
           3           8  -1.7285738307108573E-014
           3           9   1.8166751480753846E-014
           3          10  -2.1688180049360882E-014
           3          11   1.9050043006390913E-015
           3          12   1.7678086587127406E-014
           3          13   1.0682551276498281E-014
           3          14   2.8898945135152348E-014
           3          15   3.4174107637313342E-014
           3          16  -2.7803333967777738E-014
           3          17  -1.6819238490549843E-013
           3          18  -1.4536967754300875E-014
           3          19   8.2437317571909026E-015
           3          20   3.0073923285213928E-014
           3          21   3.7241251000495702E-005
           3          22   5.5001000624740693E-015
           3          23   3.7241250996554952E-005
           3          24  -3.3340154987909307E-015
           3          25   6.9160529610934794E-016
           3          26   3.7241250981558051E-005
           3          27  -2.0361437981672795E-004
           3          28   8.6805126347062288E-015
           3          29  -2.0361437982279254E-004
           3          30   1.3959428354269098E-014
           3          31  -5.7176014642083704E-015
           3          32  -2.0361437983759841E-004
           3          33   1.0152868416748312E-004
           3          34  -6.4044685332626798E-015
           3          35   1.0152868417475161E-004
           3          36  -5.2105716508863076E-015
           3          37  -1.7703578109106070E-014
           3          38   1.0152868417905025E-004
           3          39  -1.5232994100218640E-014
           3          40   1.1421095622357377E-014
           3          41  -2.5438874195433443E-014
           3          42   2.2689138146226678E-014
           3          43   2.9921872025709423E-014
           3          44   1.5095051309182965E-015
           3          45   3.3855062749923368E-014
           3          46   1.0375826021035017E-015
           3          47   7.1111612970262815E-015
           3          48   5.3421251923026938E-014
           4           1  0.14038738088852959     
           4           2  0.11397082987347895     
           4           3 -0.59559543879719978     
           4           4  0.89283067216969525     
           4           5  0.65303499167278778     
           4           6  -1.6069598167325560E-013
           4           7   2.1689366896239557E-014
           4           8   2.4710432277431309E-014
           4           9  -7.9586225483129527E-014
           4          10   1.1461673384719238E-014
           4          11   1.1752376435468665E-014
           4          12  -1.7468586508861132E-014
           4          13  -1.1486137474296813E-014
           4          14   9.4346214742958525E-015
           4          15   3.9010128766029041E-014
           4          16  -3.4709770397658927E-014
           4          17   1.7525981460581382E-015
           4          18  -1.8666894281170810E-015
           4          19  -2.2242103094713627E-014
           4          20   1.2211485150549375E-014
           4          21   7.4474707609701349E-004
           4          22  -2.2814933975919482E-016
           4          23   7.4474707609821272E-004
           4          24  -3.9620520409201120E-016
           4          25   3.9641321452682543E-016
           4          26   7.4474707610498703E-004
           4          27   1.0947994141668011E-002
           4          28  -9.3506693871507731E-016
           4          29   1.0947994141665101E-002
           4          30  -2.1637046524543186E-015
           4          31  -4.4487690225568239E-016
           4          32   1.0947994141672674E-002
           4          33  -1.0186931797717333E-004
           4          34   2.6514513190883611E-015
           4          35  -1.0186931798000440E-004
           4          36  -7.3591986766860222E-016
           4          37  -1.6370836746364930E-015
           4          38  -1.0186931798628063E-004
           4          39  -1.3754009505019739E-014
           4          40   2.0100417723843249E-015
           4          41  -4.2870592412703209E-015
           4          42   2.3403997499517935E-015
           4          43   1.8582674666492275E-015
           4          44   3.1177887931075627E-016
           4          45   5.6699826831659810E-016
           4          46  -6.5473947519180743E-015
           4          47   1.5213678858901636E-015
           4          48   4.1494796617088185E-015
           5           1   8.6821180527405201E-002
           5           2   8.2162309425252239E-002
           5           3 -0.43325437256465815     
           5           4  0.65303499167278778     
           5           5  0.49977003950256127     
           5           6   1.3170196008325808E-013
           5           7   1.2246379362922399E-013
           5           8  -2.0793163923399701E-014
           5           9   6.3404653961927069E-014
           5          10   5.9848725421534099E-014
           5          11  -9.7951741651629315E-015
           5          12   1.2825034155837047E-014
           5          13   1.6728575027010748E-014
           5          14  -2.2368944299671940E-015
           5          15   5.2111812947492345E-014
           5          16   1.8583770922335600E-014
           5          17  -1.9032395859436179E-014
           5          18   8.8360718245359223E-015
           5          19   1.0718983471369247E-014
           5          20  -1.2718390917001001E-015
           5          21   5.1388194125580908E-004
           5          22  -2.1154181617710240E-016
           5          23   5.1388194125709136E-004
           5          24  -3.6359314373368940E-016
           5          25   3.1349355018419468E-016
           5          26   5.1388194126101531E-004
           5          27   5.7710787695320117E-003
           5          28  -5.5685250293963584E-016
           5          29   5.7710787695299916E-003
           5          30  -1.7083169205318002E-015
           5          31  -2.5002254602032009E-016
           5          32   5.7710787695349590E-003
           5          33  -6.0811006596748537E-003
           5          34   2.4459430473078756E-015
           5          35  -6.0811006596755597E-003
           5          36  -6.6988537163594425E-016
           5          37  -1.5876668085307347E-015
           5          38  -6.0811006596806771E-003
           5          39  -1.4616839004291854E-014
           5          40   7.0609915753181390E-016
           5          41  -5.0016590526083760E-015
           5          42  -2.3900687369060477E-016
           5          43   2.4644953162647674E-015
           5          44   3.3289714408494720E-016
           5          45   1.2803516515153757E-015
           5          46  -6.9461843524124191E-015
           5          47   4.3491234500336032E-016
           5          48   5.3026971711730855E-015
           6           1  -7.6605694881142586E-015
           6           2  -1.2569638575990819E-014
           6           3   5.8928503209090820E-014
           6           4  -1.6069598167325560E-013
           6           5   1.3170196008325808E-013
           6           6   1.0636033164806116     
           6           7   4.1130293615409899E-015
           6           8   8.8123952579622648E-016
           6           9  0.51637381451911457     
           6          10   6.5928165704498396E-015
           6          11  -1.4375870285854294E-014
           6          12   3.9024405328282621E-002
           6          13  -7.7752040916756458E-014
           6          14   7.1427239123345019E-014
           6          15  -8.4109239381221598E-002
           6          16   1.9364327849547010E-013
           6          17  -1.2854734637857132E-013
           6          18  -6.8331364854197579E-002
           6          19  -4.9024613578765832E-014
           6          20   3.2207201315637127E-014
           6          21   6.0078313409709811E-016
           6          22  -1.2565403665009689E-014
           6          23   8.5228598748981910E-015
           6          24   1.1538097900444631E-014
           6          25   1.9660515519842867E-015
           6          26   1.0967477238354122E-014
           6          27   3.4825620617975263E-014
           6          28  -1.0407614994492549E-014
           6          29  -1.9772500588924101E-014
           6          30   1.8777891533673715E-014
           6          31   7.6211334081282139E-015
           6          32   4.6590447089476335E-014
           6          33  -2.8492046206854688E-014
           6          34   3.3050570585679423E-014
           6          35  -7.3396071876158650E-015
           6          36   6.5887710905292671E-015
           6          37   3.7582156607368739E-015
           6          38  -4.1372675814593607E-014
           6          39  -1.4571353359921338E-002
           6          40  -3.5113513659201796E-014
           6          41  -6.5165073557680222E-003
           6          42  -8.5998807901332976E-014
           6          43   8.0791628812373800E-015
           6          44   1.3024474812301104E-014
           6          45   1.0856455166276254E-014
           6          46  -6.5165073557512205E-003
           6          47  -4.4638121324269704E-014
           6          48   3.0050397933911713E-014
           7           1  -2.4807310867440115E-015
           7           2  -3.2515574381044595E-015
           7           3  -2.5039959683515288E-014
           7           4   2.1689366896239557E-014
           7           5   1.2246379362922399E-013
           7           6   4.1130293615409899E-015
           7           7   1.0636033164806049     
           7           8   2.3253968195468756E-015
           7           9   3.6602665343110440E-015
           7          10  0.51637381451908893     
           7          11  -5.3082538364891480E-016
           7          12  -4.4495657158805386E-015
           7          13   3.9024405328296999E-002
           7          14   1.7707189881033315E-014
           7          15   1.4435501405341335E-014
           7          16  -8.4109239381103637E-002
           7          17  -7.2050113271438030E-014
           7          18  -2.3754056447528006E-015
           7          19  -6.8331364854220741E-002
           7          20   2.1599462127729145E-014
           7          21  -1.0437677789294616E-014
           7          22  -9.9830725665023101E-015
           7          23  -3.9207999942535310E-015
           7          24   1.1208202529944181E-015
           7          25   5.5786770152544217E-016
           7          26   1.6499770451481510E-015
           7          27  -1.1490652324649588E-014
           7          28  -4.9387650239211740E-015
           7          29  -2.4492365591236054E-014
           7          30   1.0633453493783884E-014
           7          31   5.7966131175728655E-015
           7          32  -2.8265942091968223E-014
           7          33  -4.8565490645353216E-014
           7          34   1.6491130172538480E-014
           7          35  -3.7809860503612303E-014
           7          36   1.0758253260554860E-014
           7          37   5.3043533585345336E-015
           7          38  -3.2909770672249176E-014
           7          39  -1.3979811232245452E-014
           7          40  -6.5165073557914739E-003
           7          41  -4.7845841871785563E-015
           7          42  -1.4571353360002537E-002
           7          43   1.0090913564811432E-014
           7          44  -3.3753417980453839E-015
           7          45   1.6558748729828004E-014
           7          46  -1.0202342443094277E-016
           7          47  -6.5165073557862975E-003
           7          48   2.1414293949195768E-014
           8           1   9.3289429840144665E-015
           8           2   4.8702342362349423E-015
           8           3  -1.7285738307108573E-014
           8           4   2.4710432277431309E-014
           8           5  -2.0793163923399701E-014
           8           6   8.8123952579622648E-016
           8           7   2.3253968195468756E-015
           8           8   1.0636033164806165     
           8           9  -1.0562297564353709E-015
           8          10   5.6421881056142998E-016
           8          11  0.51637381451908015     
           8          12   4.0271605494801695E-015
           8          13   1.0532373584393216E-014
           8          14   3.9024405328285480E-002
           8          15  -2.1705727493161203E-015
           8          16  -2.5933682284984158E-014
           8          17  -8.4109239381045711E-002
           8          18  -3.3515399656958294E-016
           8          19   4.0105858087683431E-015
           8          20  -6.8331364854235493E-002
           8          21   5.1716458841829648E-016
           8          22   2.1815607208279061E-015
           8          23  -5.6136051639252845E-017
           8          24  -1.2599709343091946E-015
           8          25   8.5520417190182848E-017
           8          26  -1.4846041165655171E-015
           8          27  -7.9627078533967656E-015
           8          28   2.6603264701428069E-015
           8          29  -7.4744380845551357E-016
           8          30  -2.8778257424628739E-015
           8          31  -1.2090190483848517E-015
           8          32  -5.7138905629549603E-015
           8          33   4.0122884517325072E-015
           8          34  -5.0116412027773545E-015
           8          35   1.0530359886514949E-015
           8          36  -1.1041863512168840E-015
           8          37  -1.2521235010142395E-015
           8          38   6.0857014796817932E-015
           8          39   1.2596802941023295E-015
           8          40   6.0636717001682955E-015
           8          41   7.2775715575374943E-016
           8          42   1.2568288423886452E-014
           8          43  -6.5165073557992134E-003
           8          44  -8.1315298194837981E-016
           8          45  -6.5165073557997520E-003
           8          46  -3.2069345009403218E-016
           8          47   5.9769897364780778E-015
           8          48  -1.4571353360020880E-002
           9           1   3.5728078001631524E-015
           9           2  -2.4093665175249897E-015
           9           3   1.8166751480753846E-014
           9           4  -7.9586225483129527E-014
           9           5   6.3404653961927069E-014
           9           6  0.51637381451911457     
           9           7   3.6602665343110440E-015
           9           8  -1.0562297564353709E-015
           9           9  0.25076674513685648     
           9          10   4.0340994433840507E-015
           9          11  -7.7552981397888101E-015
           9          12   1.7384712426130315E-002
           9          13  -3.7652173046076579E-014
           9          14   3.4894830081011450E-014
           9          15  -4.4859842002449440E-002
           9          16   9.5731148702649157E-014
           9          17  -6.3375953790467664E-014
           9          18  -3.5670898862530886E-002
           9          19  -2.3481759071908272E-014
           9          20   1.5785726133372960E-014
           9          21   3.1047737433616581E-016
           9          22  -6.1391451692827460E-015
           9          23   4.1877221011027208E-015
           9          24   5.6443093040920910E-015
           9          25   9.5622058455309322E-016
           9          26   5.3734613380793967E-015
           9          27   1.6974253215358220E-014
           9          28  -5.1105150563147055E-015
           9          29  -9.7273615751311947E-015
           9          30   9.2021008390914800E-015
           9          31   3.7064650175947487E-015
           9          32   2.2762615743573365E-014
           9          33  -1.3807603436470891E-014
           9          34   1.6091184767833157E-014
           9          35  -3.4878006648397657E-015
           9          36   3.2232441883339533E-015
           9          37   1.8269690398300064E-015
           9          38  -2.0176478444954780E-014
           9          39  -6.9859912868955260E-003
           9          40  -1.7224828334494464E-014
           9          41  -3.1242302963964321E-003
           9          42  -4.2198395385634197E-014
           9          43   4.0170977980667687E-015
           9          44   6.3658904944828888E-015
           9          45   5.3711714438110760E-015
           9          46  -3.1242302963882121E-003
           9          47  -2.1908066723599912E-014
           9          48   1.4888304890152399E-014
          10           1  -8.2681535450559454E-015
          10           2   1.9916168683632662E-015
          10           3  -2.1688180049360882E-014
          10           4   1.1461673384719238E-014
          10           5   5.9848725421534099E-014
          10           6   6.5928165704498396E-015
          10           7  0.51637381451908893     
          10           8   5.6421881056142998E-016
          10           9   4.0340994433840507E-015
          10          10  0.25076674513683300     
          10          11  -5.6551985316844818E-016
          10          12  -2.1848842179928106E-015
          10          13   1.7384712426134673E-002
          10          14   8.9381627099705427E-015
          10          15   7.5401924287679447E-015
          10          16  -4.4859842002395983E-002
          10          17  -3.4533357076704853E-014
          10          18  -1.4935291501802478E-015
          10          19  -3.5670898862543571E-002
          10          20   1.0872708034468236E-014
          10          21  -5.0348512412962641E-015
          10          22  -4.8398817072563770E-015
          10          23  -1.8774690506692170E-015
          10          24   5.6055099782398618E-016
          10          25   2.6487284268058094E-016
          10          26   7.9328022907354854E-016
          10          27  -5.4859962008585105E-015
          10          28  -2.3965894362534210E-015
          10          29  -1.1948508852775142E-014
          10          30   5.1582752673463081E-015
          10          31   2.7579810418448030E-015
          10          32  -1.3518402981240458E-014
          10          33  -2.3317296990246993E-014
          10          34   8.0151775967756295E-015
          10          35  -1.8176573153150630E-014
          10          36   5.1863782971757896E-015
          10          37   2.5642425176884561E-015
          10          38  -1.5848789589860537E-014
          10          39  -7.0456336077885107E-015
          10          40  -3.1242302964075075E-003
          10          41  -2.5014712523585756E-015
          10          42  -6.9859912869343092E-003
          10          43   4.8902261363601134E-015
          10          44  -1.6113850408990579E-015
          10          45   7.9728433056980407E-015
          10          46  -1.8957274985913423E-016
          10          47  -3.1242302964050433E-003
          10          48   1.0421757857745407E-014
          11           1  -2.3964929613864513E-014
          11           2  -4.8145026015918012E-016
          11           3   1.9050043006390913E-015
          11           4   1.1752376435468665E-014
          11           5  -9.7951741651629315E-015
          11           6  -1.4375870285854294E-014
          11           7  -5.3082538364891480E-016
          11           8  0.51637381451908015     
          11           9  -7.7552981397888101E-015
          11          10  -5.6551985316844818E-016
          11          11  0.25076674513682162     
          11          12   5.8156604532122852E-016
          11          13   4.9220610226497033E-015
          11          14   1.7384712426129625E-002
          11          15  -1.8897643866422816E-015
          11          16  -1.2757644333311020E-014
          11          17  -4.4859842002362434E-002
          11          18  -5.8236564442343313E-016
          11          19   1.7286214506248064E-015
          11          20  -3.5670898862548199E-002
          11          21   2.8198649134339533E-016
          11          22   1.0607527736047062E-015
          11          23   5.4250498284114875E-018
          11          24  -6.2007884132107747E-016
          11          25   4.7820398339148158E-017
          11          26  -6.8436003521444457E-016
          11          27  -3.6984344799535980E-015
          11          28   1.2946457280990687E-015
          11          29  -1.4839656527249305E-016
          11          30  -1.3988739114682453E-015
          11          31  -5.7874198758516094E-016
          11          32  -2.5725606903525885E-015
          11          33   1.9038340017214598E-015
          11          34  -2.4314049519490555E-015
          11          35   4.8529449585151463E-016
          11          36  -5.0809768546071837E-016
          11          37  -6.5558183252471902E-016
          11          38   3.0305614856283157E-015
          11          39   8.0235026522075707E-016
          11          40   2.9598448258311118E-015
          11          41   4.4040969872719349E-016
          11          42   6.1026216632148427E-015
          11          43  -3.1242302964113768E-003
          11          44  -4.0069920695063729E-016
          11          45  -3.1242302964116465E-003
          11          46  -6.3100566438648272E-017
          11          47   2.9168562096920608E-015
          11          48  -6.9859912869435787E-003
          12           1  -7.9845618803361401E-015
          12           2  -5.1261388602194756E-015
          12           3   1.7678086587127406E-014
          12           4  -1.7468586508861132E-014
          12           5   1.2825034155837047E-014
          12           6   3.9024405328282621E-002
          12           7  -4.4495657158805386E-015
          12           8   4.0271605494801695E-015
          12           9   1.7384712426130315E-002
          12          10  -2.1848842179928106E-015
          12          11   5.8156604532122852E-016
          12          12   5.2163634425645609E-002
          12          13  -2.3474061236483404E-015
          12          14   2.8109025523858991E-015
          12          15  0.12766647219032992     
          12          16   1.9970299285770964E-014
          12          17   7.7493350278401682E-015
          12          18   7.8611121956118621E-002
          12          19  -7.7320555557115009E-017
          12          20   5.2288021460362963E-016
          12          21   2.0722427231908556E-017
          12          22  -6.1185982304604210E-016
          12          23   5.6176569911746802E-016
          12          24   5.7170535100863107E-016
          12          25   3.7455436698728665E-016
          12          26   9.4482011916814343E-016
          12          27   1.9685116343043554E-015
          12          28  -1.1771926048135070E-016
          12          29  -2.0400743900436943E-015
          12          30   5.3318605356949730E-016
          12          31   1.2601605091150017E-015
          12          32   2.5024069696815709E-015
          12          33  -5.2530265274853133E-015
          12          34   4.8774262967004022E-015
          12          35  -3.3075142785181855E-015
          12          36   1.3720734252920965E-016
          12          37   3.8087767368394307E-016
          12          38  -4.4790982563668373E-015
          12          39  -3.4193942786359391E-003
          12          40  -2.5147120713900429E-015
          12          41  -1.5291995759624509E-003
          12          42  -5.5185077427882906E-015
          12          43  -1.3428250482047769E-015
          12          44   1.2888885208228214E-015
          12          45  -1.3998269774231960E-015
          12          46  -1.5291995759614211E-003
          12          47  -2.6606321312794370E-015
          12          48  -3.8261494667013704E-015
          13           1  -2.0087677841341986E-014
          13           2  -3.3140732939861860E-015
          13           3   1.0682551276498281E-014
          13           4  -1.1486137474296813E-014
          13           5   1.6728575027010748E-014
          13           6  -7.7752040916756458E-014
          13           7   3.9024405328296999E-002
          13           8   1.0532373584393216E-014
          13           9  -3.7652173046076579E-014
          13          10   1.7384712426134673E-002
          13          11   4.9220610226497033E-015
          13          12  -2.3474061236483404E-015
          13          13   5.2163634425644180E-002
          13          14  -9.9939045754287791E-016
          13          15  -9.8154448978374442E-015
          13          16  0.12766647219035465     
          13          17   8.2976025139389727E-015
          13          18   5.3914782116885506E-015
          13          19   7.8611121956105381E-002
          13          20  -9.6833653563132233E-017
          13          21  -5.1510138971686636E-016
          13          22  -5.3791130405487813E-016
          13          23  -1.5075665350486983E-016
          13          24   9.3747188797471796E-017
          13          25   8.5433794529932883E-017
          13          26   2.4790406975290273E-016
          13          27  -9.5127062607946312E-016
          13          28  -5.2397480277884570E-016
          13          29  -1.2892723074166436E-016
          13          30   7.4600122396509364E-016
          13          31   1.5165921247960655E-015
          13          32  -2.3344925636056585E-015
          13          33  -7.1583085559648735E-015
          13          34   1.0961068375337007E-015
          13          35  -4.5248545148405958E-015
          13          36   6.5325286768941407E-016
          13          37  -2.1192843696723168E-016
          13          38  -5.5276912781865013E-015
          13          39   4.2878027517457708E-015
          13          40  -1.5291995759670071E-003
          13          41   2.5466689304240678E-015
          13          42  -3.4193942786509817E-003
          13          43  -1.0220536710795923E-015
          13          44   4.5070390346033885E-016
          13          45  -4.7582922844970740E-017
          13          46   2.4561109439672444E-015
          13          47  -1.5291995759669510E-003
          13          48  -3.4854931441064651E-015
          14           1   5.7512991845134712E-015
          14           2  -1.1305236409563691E-014
          14           3   2.8898945135152348E-014
          14           4   9.4346214742958525E-015
          14           5  -2.2368944299671940E-015
          14           6   7.1427239123345019E-014
          14           7   1.7707189881033315E-014
          14           8   3.9024405328285480E-002
          14           9   3.4894830081011450E-014
          14          10   8.9381627099705427E-015
          14          11   1.7384712426129625E-002
          14          12   2.8109025523858991E-015
          14          13  -9.9939045754287791E-016
          14          14   5.2163634425659702E-002
          14          15  -1.4922091340352258E-014
          14          16  -1.8277791931885410E-014
          14          17  0.12766647219033456     
          14          18  -4.9610075975644434E-015
          14          19  -2.3479736357231223E-015
          14          20   7.8611121956132415E-002
          14          21   1.5916841360201077E-016
          14          22   8.6624554409478456E-017
          14          23   2.9654195043876198E-017
          14          24  -2.2653224485020098E-016
          14          25   2.7198206916937275E-017
          14          26  -2.1781787397878006E-016
          14          27  -5.7613064752730961E-017
          14          28   1.7592458229644129E-016
          14          29  -1.4558310124141584E-016
          14          30  -3.5616948277602689E-016
          14          31  -4.2609101176811285E-016
          14          32  -1.6666103791547320E-015
          14          33   2.8311038728893572E-015
          14          34  -8.3637583647224436E-016
          14          35   1.7450962123813354E-015
          14          36  -8.5827777437318160E-016
          14          37   1.7681764115124019E-015
          14          38  -5.5521727648795454E-016
          14          39   1.3546564044119364E-015
          14          40   9.9466740182895204E-016
          14          41   8.2259774079189053E-016
          14          42   3.4066242123216770E-015
          14          43  -1.5291995759606487E-003
          14          44  -1.8553206653824978E-016
          14          45  -1.5291995759604752E-003
          14          46   2.6763530627800664E-016
          14          47   1.2726060168774031E-015
          14          48  -3.4193942786326496E-003
          15           1  -7.0682735224217987E-014
          15           2  -1.5194367074275343E-014
          15           3   3.4174107637313342E-014
          15           4   3.9010128766029041E-014
          15           5   5.2111812947492345E-014
          15           6  -8.4109239381221598E-002
          15           7   1.4435501405341335E-014
          15           8  -2.1705727493161203E-015
          15           9  -4.4859842002449440E-002
          15          10   7.5401924287679447E-015
          15          11  -1.8897643866422816E-015
          15          12  0.12766647219032992     
          15          13  -9.8154448978374442E-015
          15          14  -1.4922091340352258E-014
          15          15  0.34364348611194684     
          15          16  -3.1394557906042443E-014
          15          17   1.9363633960156315E-014
          15          18  0.21447196421934253     
          15          19  -2.2550665727936095E-014
          15          20  -1.8298191873386565E-014
          15          21  -8.4836046430303736E-017
          15          22   6.0677486239723697E-016
          15          23  -6.7652561885459810E-017
          15          24  -5.3204366075284447E-016
          15          25   6.2349043456508493E-016
          15          26   4.9477675692492919E-016
          15          27   1.7874334166730496E-016
          15          28   1.5059133715145380E-015
          15          29  -6.6122949808928875E-016
          15          30  -1.8898856133365424E-015
          15          31   1.9229347912052361E-015
          15          32  -4.9149816406477674E-016
          15          33  -8.6194780403496844E-015
          15          34   6.8250110458462701E-015
          15          35  -7.2819001134277681E-015
          15          36  -7.9136829308325061E-016
          15          37   3.2863921604941702E-016
          15          38  -4.3849086827093403E-015
          15          39  -6.2826593068479094E-003
          15          40  -8.2467127744585201E-017
          15          41  -2.8096905658282021E-003
          15          42   1.3858407693982430E-015
          15          43  -4.5516806198695616E-015
          15          44   1.0574110604591973E-015
          15          45  -5.1809142913305473E-015
          15          46  -2.8096905658284675E-003
          15          47   1.1975250164328726E-015
          15          48  -1.4384225418845717E-014
          16           1   1.5525599619041610E-013
          16           2   7.5775302224592161E-015
          16           3  -2.7803333967777738E-014
          16           4  -3.4709770397658927E-014
          16           5   1.8583770922335600E-014
          16           6   1.9364327849547010E-013
          16           7  -8.4109239381103637E-002
          16           8  -2.5933682284984158E-014
          16           9   9.5731148702649157E-014
          16          10  -4.4859842002395983E-002
          16          11  -1.2757644333311020E-014
          16          12   1.9970299285770964E-014
          16          13  0.12766647219035465     
          16          14  -1.8277791931885410E-014
          16          15  -3.1394557906042443E-014
          16          16  0.34364348611205570     
          16          17   1.0517587777266148E-014
          16          18   6.1851358012880869E-015
          16          19  0.21447196421935202     
          16          20  -1.7717022663001722E-014
          16          21   1.2884901866371372E-016
          16          22   3.4705666048277299E-016
          16          23  -6.3616087830097367E-017
          16          24   4.6230785526092584E-017
          16          25   1.2348889715117501E-016
          16          26  -2.2866553440610867E-018
          16          27  -1.9146576144422314E-015
          16          28  -4.9247205945008045E-016
          16          29   2.4671261357565770E-015
          16          30   7.5973007527907242E-017
          16          31   2.9028933156069949E-015
          16          32  -2.5704916244849075E-015
          16          33  -1.0435293287874280E-014
          16          34  -3.9566332128023526E-017
          16          35  -5.5151487974188549E-015
          16          36  -1.8323773254694611E-016
          16          37  -1.4662807117652117E-015
          16          38  -8.9469480339692620E-015
          16          39   7.4179892914017686E-015
          16          40  -2.8096905658370713E-003
          16          41   4.6857862642108699E-015
          16          42  -6.2826593068752538E-003
          16          43  -3.7869708047591536E-015
          16          44   1.7458120997941673E-015
          16          45  -2.3971040877626645E-015
          16          46   3.6379624627441457E-015
          16          47  -2.8096905658378233E-003
          16          48  -1.1361786552278936E-014
          17           1   8.0116945585724607E-014
          17           2   5.8673871914713068E-014
          17           3  -1.6819238490549843E-013
          17           4   1.7525981460581382E-015
          17           5  -1.9032395859436179E-014
          17           6  -1.2854734637857132E-013
          17           7  -7.2050113271438030E-014
          17           8  -8.4109239381045711E-002
          17           9  -6.3375953790467664E-014
          17          10  -3.4533357076704853E-014
          17          11  -4.4859842002362434E-002
          17          12   7.7493350278401682E-015
          17          13   8.2976025139389727E-015
          17          14  0.12766647219033456     
          17          15   1.9363633960156315E-014
          17          16   1.0517587777266148E-014
