           1           1   2.4996919315179902     
           1           2   7.0820673105213894E-002
           1           3  -1.7360724497664490     
           1           4  0.42292453562141469     
           1           5  0.32318819495908319     
           1           6  -1.7412176759821358E-012
           1           7   1.2162823163068468E-013
           1           8  -2.7001874835464682E-012
           1           9   8.8872214852677063E-013
           1          10  -7.3777416875434470E-013
           1          11   1.7932893909654291E-012
           1          12   3.5077082402812424E-014
           1          13  -2.0498419911375469E-013
           1          14   9.3797116373693196E-014
           1          15  -4.9361907621061825E-013
           1          16   2.3551868711293666E-013
           1          17  -3.6798090218778248E-013
           1          18   4.1186538652413847E-014
           1          19  -4.1509839906906110E-014
           1          20   3.0360969121340848E-014
           1          21  0.42480222094540265     
           1          22  -1.5508011863904262E-014
           1          23  0.42480222094537212     
           1          24   3.6233152753963773E-015
           1          25  -7.5685057312806892E-015
           1          26  0.42480222094537645     
           1          27 -0.10039449277282858     
           1          28  -1.3757802324569623E-015
           1          29 -0.10039449277280724     
           1          30   4.1001199330154461E-015
           1          31   1.4779385803433227E-015
           1          32 -0.10039449277282675     
           1          33 -0.15694250035080776     
           1          34   4.1854773374369184E-015
           1          35 -0.15694250035084087     
           1          36  -2.1328345140320676E-015
           1          37   6.8837202374901323E-015
           1          38 -0.15694250035082821     
           1          39   2.9993828765022043E-013
           1          40  -4.3966575151001589E-014
           1          41   1.2376946889421815E-013
           1          42  -9.3084686837890511E-014
           1          43   1.1010949477351519E-013
           1          44   1.5658334120843446E-016
           1          45   1.0906218815113654E-013
           1          46   1.3386334530203116E-013
           1          47  -4.7174908245828182E-014
           1          48   2.2758281023097081E-013
           2           1   7.0820673105213894E-002
           2           2  0.25207032217821168     
           2           3  -1.0807962389347894     
           2           4  0.53282659167689428     
           2           5  0.30982063805408422     
           2           6  -1.4987844628411710E-012
           2           7   2.1548741066380247E-013
           2           8  -2.4307262885903827E-012
           2           9   8.9716140055025473E-013
           2          10  -8.2841319890169956E-013
           2          11   1.8840636402056598E-012
           2          12   4.4736732457296143E-014
           2          13  -1.8647922222272051E-013
           2          14   1.4960874613533235E-013
           2          15  -3.1119511012363403E-013
           2          16   8.9496580454123931E-014
           2          17  -3.4249174939040837E-013
           2          18   2.1601477866568368E-014
           2          19  -2.0034897804611425E-014
           2          20   3.1146195974766822E-014
           2          21  0.25601409796572244     
           2          22  -1.2850553895720713E-014
           2          23  0.25601409796569452     
           2          24   2.5067926255984024E-015
           2          25  -7.0487799028055185E-015
           2          26  0.25601409796570140     
           2          27 -0.14777389711249619     
           2          28   4.3520523150184078E-016
           2          29 -0.14777389711248357     
           2          30   5.2086236003979180E-015
           2          31   4.3618853710330871E-015
           2          32 -0.14777389711249511     
           2          33 -0.15553771279632961     
           2          34   1.5811721520045577E-015
           2          35 -0.15553771279635073     
           2          36  -3.1437340341924971E-015
           2          37   2.0035635582372977E-015
           2          38 -0.15553771279634254     
           2          39   1.9723513709593660E-013
           2          40  -1.1440419124818413E-014
           2          41   7.7827780017346234E-014
           2          42  -2.4605929071482855E-014
           2          43   9.6215929498251780E-014
           2          44  -9.5630268678302948E-017
           2          45   9.7830566935829173E-014
           2          46   8.7027535320171951E-014
           2          47  -1.3476868220675377E-014
           2          48   2.0469749834156492E-013
           3           1  -1.7360724497664490     
           3           2  -1.0807962389347894     
           3           3   5.6918322866425521     
           3           4  -3.4157297958649333     
           3           5  -1.9025881754944833     
           3           6   7.5653941064668785E-012
           3           7  -2.3263034204962833E-012
           3           8   1.2999344332321556E-011
           3           9  -5.5500800732742150E-012
           3          10   5.5616666793775155E-012
           3          11  -1.2114402285571984E-011
           3          12  -4.2538892154035602E-013
           3          13   1.1065013647159435E-012
           3          14  -1.2442323067394538E-012
           3          15   1.3204858180775082E-012
           3          16  -6.1898194110123335E-013
           3          17   1.7299161015922461E-012
           3          18  -8.3294896131400024E-014
           3          19   1.1248781017556576E-013
           3          20  -1.6149122172697622E-013
           3          21  -1.4134948738602402     
           3          22   6.2828551425285868E-014
           3          23  -1.4134948738601041     
           3          24  -1.0824037228167469E-014
           3          25   3.5286126954418238E-014
           3          26  -1.4134948738601560     
           3          27  0.96416107049669164     
           3          28   6.1776672745459334E-016
           3          29  0.96416107049664701     
           3          30  -1.9540304479851833E-014
           3          31  -1.8964436937770794E-014
           3          32  0.96416107049668898     
           3          33  0.96091238332590845     
           3          34  -6.8795210086255835E-015
           3          35  0.96091238332599893     
           3          36   1.2352459886598976E-014
           3          37  -9.0629621849527950E-015
           3          38  0.96091238332596740     
           3          39  -8.3813491152466408E-013
           3          40   1.0131366179742930E-013
           3          41  -3.2879747391107744E-013
           3          42   2.2383020842304273E-013
           3          43  -4.6930744607617101E-013
           3          44   2.0393636835248114E-016
           3          45  -4.7578654346378072E-013
           3          46  -3.7123853355940002E-013
           3          47   1.1163332564664218E-013
           3          48  -1.0017749346220047E-012
           4           1  0.42292453562141469     
           4           2  0.53282659167689428     
           4           3  -3.4157297958649333     
           4           4   5.2697011557928786     
           4           5   2.5309772287818273     
           4           6  -4.6151112875696181E-012
           4           7   5.6492080231343543E-012
           4           8  -1.1003362183713486E-011
           4           9   7.4561570151016497E-012
           4          10  -9.0142855696803444E-012
           4          11   1.7724781960565317E-011
           4          12   1.0237983369499558E-012
           4          13  -1.3798914736350366E-012
           4          14   2.6956655813489992E-012
           4          15   4.0195640737586136E-013
           4          16   5.6097366699917104E-013
           4          17  -1.1498421892067090E-012
           4          18  -8.0905189253556929E-014
           4          19  -5.8661593040638740E-014
           4          20   1.2883651587970985E-013
           4          21   1.0531800574935768     
           4          22  -3.2096415210146946E-014
           4          23   1.0531800574935009     
           4          24  -1.1852148550849504E-015
           4          25  -2.3271712194005300E-014
           4          26   1.0531800574936052     
           4          27  -1.5720718924533519     
           4          28  -6.0848337855766321E-015
           4          29  -1.5720718924534056     
           4          30  -6.9377633285195467E-015
           4          31   9.7392992472338321E-015
           4          32  -1.5720718924533610     
           4          33  -1.3073474921751984     
           4          34  -4.9558801143966543E-015
           4          35  -1.3073474921751793     
           4          36   1.0296609306445738E-015
           4          37  -8.5022333656371309E-015
           4          38  -1.3073474921752009     
           4          39  -2.1840825941005971E-013
           4          40  -1.1215897958985830E-013
           4          41  -1.0870404101923955E-013
           4          42  -2.6648775852559212E-013
           4          43   2.3841120862993451E-013
           4          44   2.4121505151035694E-016
           4          45   2.4344671022894605E-013
           4          46  -9.4101917557157172E-014
           4          47  -1.1702994645444702E-013
           4          48   5.3563557393759525E-013
           5           1  0.32318819495908319     
           5           2  0.30982063805408422     
           5           3  -1.9025881754944833     
           5           4   2.5309772287818273     
           5           5   1.2353979830463537     
           5           6  -2.5512739284692530E-012
           5           7   2.6838916376035425E-012
           5           8  -5.7103393579164377E-012
           5           9   3.6301878451056413E-012
           5          10  -4.4264851431492438E-012
           5          11   8.5378077979122816E-012
           5          12   4.7367910056807097E-013
           5          13  -6.9692238345655112E-013
           5          14   1.2536705246285682E-012
           5          15   7.5894746860427953E-014
           5          16   2.9594252663270690E-013
           5          17  -6.2451192486271693E-013
           5          18  -2.8801417785553752E-014
           5          19  -3.4607190072383609E-014
           5          20   6.7544562441100960E-014
           5          21  0.56107592331525502     
           5          22  -1.8556723892476329E-014
           5          23  0.56107592331521194     
           5          24   2.9805107860293008E-016
           5          25  -1.2684400707211093E-014
           5          26  0.56107592331526079     
           5          27 -0.75090223385298616     
           5          28  -2.6840697398914866E-015
           5          29 -0.75090223385300614     
           5          30  -1.5500788630521312E-015
           5          31   5.6062355522593617E-015
           5          32 -0.75090223385299004     
           5          33 -0.63648019281167312     
           5          34  -1.6180113305979063E-015
           5          35 -0.63648019281167156     
           5          36  -4.6907729029529974E-016
           5          37  -2.9776782106187318E-015
           5          38 -0.63648019281167845     
           5          39  -3.2319682504520437E-014
           5          40  -5.7506134306640244E-014
           5          41  -2.2643668267067690E-014
           5          42  -1.3514796547981200E-013
           5          43   1.3777755485893325E-013
           5          44   9.0249947506558217E-017
           5          45   1.4042331233825407E-013
           5          46  -1.3172121913361453E-014
           5          47  -6.0384252700011169E-014
           5          48   3.0559362960228610E-013
           6           1  -1.7412176759821358E-012
           6           2  -1.4987844628411710E-012
           6           3   7.5653941064668785E-012
           6           4  -4.6151112875696181E-012
           6           5  -2.5512739284692530E-012
           6           6   2.9515027165952774     
           6           7  0.22671356870294390     
           6           8   4.9728170075667134E-002
           6           9  -1.4296307859216686     
           6          10 -0.36873977507819816     
           6          11  -8.0880709318185445E-002
           6          12  -2.4203767160215148E-002
           6          13  -5.6362819116386791E-002
           6          14  -1.2362823588377529E-002
           6          15  0.56739448047092433     
           6          16   2.3022642860985060E-002
           6          17   5.0498693408785626E-003
           6          18  -5.4880351907324466E-002
           6          19  -2.6361231629478195E-003
           6          20  -5.7821674164028650E-004
           6          21  -1.7795496100459355E-012
           6          22   4.3890005739876621E-014
           6          23  -1.9465758203061886E-012
           6          24   9.2407419998906669E-014
           6          25  -5.7760572643184280E-014
           6          26  -1.9016226871441545E-012
           6          27   1.3318756651216444E-012
           6          28  -1.3687026867834463E-015
           6          29   1.2862732847311922E-012
           6          30   4.9629485481875044E-014
           6          31  -1.2881778136479247E-014
           6          32   1.3078540598616788E-012
           6          33   1.3015010454312992E-012
           6          34  -4.6989738491943916E-015
           6          35   1.2885958537330049E-012
           6          36  -4.1601172404087200E-014
           6          37  -9.8460787476996574E-015
           6          38   1.2929683893464832E-012
           6          39 -0.35007148745042616     
           6          40  -4.7264374302400094E-003
           6          41 -0.15655672858472203     
           6          42  -1.0568635385454970E-002
           6          43  -1.0367137958216691E-003
           6          44  -1.7867191913964137E-015
           6          45  -1.0367137958417882E-003
           6          46 -0.15655672858471270     
           6          47  -4.7264374302490733E-003
           6          48  -2.3181625207030882E-003
           7           1   1.2162823163068468E-013
           7           2   2.1548741066380247E-013
           7           3  -2.3263034204962833E-012
           7           4   5.6492080231343543E-012
           7           5   2.6838916376035425E-012
           7           6  0.22671356870294390     
           7           7   3.0852241321094196     
           7           8   6.6511074234139225E-002
           7           9 -0.36873977507818151     
           7          10  -1.6471228617684115     
           7          11 -0.10817737418020859     
           7          12  -5.6362819116359569E-002
           7          13  -5.7447988040937668E-002
           7          14  -1.6535188730552212E-002
           7          15   2.3022642860585883E-002
           7          16  0.58097381941343262     
           7          17   6.7541643720260679E-003
           7          18  -2.6361231628784297E-003
           7          19  -5.6435204238536041E-002
           7          20  -7.7336078463519488E-004
           7          21   7.0134051777677972E-013
           7          22  -1.7070150902599797E-014
           7          23   9.0023799531772381E-013
           7          24  -1.0673431378530489E-013
           7          25   3.9348174001061957E-014
           7          26   8.8597298962736406E-013
           7          27  -1.7539352196785954E-012
           7          28   1.7252619742782118E-014
           7          29  -1.6981606861004935E-012
           7          30  -5.6997156221564981E-014
           7          31   9.3176120570626125E-015
           7          32  -1.7269584037506779E-012
           7          33  -1.4028004036597195E-012
           7          34  -3.7497041598141028E-015
           7          35  -1.3771281365759796E-012
           7          36   5.1811660230117359E-014
           7          37   1.9652235486669417E-014
           7          38  -1.3749376836689856E-012
           7          39  -1.0568635385204731E-002
           7          40 -0.15934450131106770     
           7          41  -4.7264374301551493E-003
           7          42 -0.35630513677231079     
           7          43  -1.3865973377302071E-003
           7          44  -9.9036782830001969E-016
           7          45  -1.3865973376966151E-003
           7          46  -4.7264374301665604E-003
           7          47 -0.15934450131105399     
           7          48  -3.1005259045394883E-003
           8           1  -2.7001874835464682E-012
           8           2  -2.4307262885903827E-012
           8           3   1.2999344332321556E-011
           8           4  -1.1003362183713486E-011
           8           5  -5.7103393579164377E-012
           8           6   4.9728170075667134E-002
           8           7   6.6511074234139225E-002
           8           8   2.7965851228080458     
           8           9  -8.0880709318204319E-002
           8          10 -0.10817737418021403     
           8          11  -1.1776640464998787     
           8          12  -1.2362823588284859E-002
           8          13  -1.6535188730678444E-002
           8          14   1.4309994351687852E-002
           8          15   5.0498693411416412E-003
           8          16   6.7541643722289222E-003
           8          17  0.55166268084815151     
           8          18  -5.7821674165834487E-004
           8          19  -7.7336078471605999E-004
           8          20  -5.3079039971486330E-002
           8          21  -3.1001838814858267E-012
           8          22   2.4238546405777869E-014
           8          23  -3.4494163888451592E-012
           8          24   2.1359634852382020E-013
           8          25  -1.2592122515701584E-013
           8          26  -3.4864099105781782E-012
           8          27   3.2918654120926943E-012
           8          28  -2.1312867240926105E-014
           8          29   3.1781749402014346E-012
           8          30   9.8042505073298016E-014
           8          31  -1.5070917137834632E-014
           8          32   3.2098081780127148E-012
           8          33   2.9297956239803700E-012
           8          34   6.9059184909568893E-015
           8          35   2.9038946758050490E-012
           8          36  -8.4922711567960986E-014
           8          37  -3.2760550989993166E-014
           8          38   2.9168511545979730E-012
           8          39  -2.3181625208985993E-003
           8          40  -1.3865973377203877E-003
           8          41  -1.0367137959115650E-003
           8          42  -3.1005259046440917E-003
           8          43 -0.15332706607236901     
           8          44  -1.4307736584158676E-015
           8          45 -0.15332706607242816     
           8          46  -1.0367137959020210E-003
           8          47  -1.3865973377421188E-003
           8          48 -0.34284974252851330     
           9           1   8.8872214852677063E-013
           9           2   8.9716140055025473E-013
           9           3  -5.5500800732742150E-012
           9           4   7.4561570151016497E-012
           9           5   3.6301878451056413E-012
           9           6  -1.4296307859216686     
           9           7 -0.36873977507818151     
           9           8  -8.0880709318204319E-002
           9           9   1.7944462284733125     
           9          10  0.59973923264767515     
           9          11  0.13154896168228558     
           9          12  0.24368763260561985     
           9          13   9.1671677891440775E-002
           9          14   2.0107595744668798E-002
           9          15 -0.18732655101958723     
           9          16  -3.7445328918229402E-002
           9          17  -8.2133932061521243E-003
           9          18   1.9860797331482515E-002
           9          19   4.2875398581137094E-003
           9          20   9.4044442279348460E-004
           9          21   1.4631278028937997E-012
           9          22  -7.4142029954280084E-014
           9          23   1.7290849462316836E-012
           9          24  -1.4653079519499397E-013
           9          25   9.7796663982933498E-014
           9          26   1.6617063251007105E-012
           9          27  -2.2648420461336393E-012
           9          28   5.1203474406458185E-015
           9          29  -2.1908441753750064E-012
           9          30  -7.9212796242464603E-014
           9          31   1.3877739874924043E-014
           9          32  -2.2267844718259695E-012
           9          33  -1.8889350383007720E-012
           9          34   2.4624464468902155E-015
           9          35  -1.8699317714982526E-012
           9          36   6.6867941292216630E-014
           9          37   2.0955765095344183E-014
           9          38  -1.8716325444218244E-012
           9          39  0.10010276206760173     
           9          40   7.6873452476971943E-003
           9          41   4.4767316143724090E-002
           9          42   1.7189426540431544E-002
           9          43   1.6861699724371386E-003
           9          44   2.8335793841245240E-015
           9          45   1.6861699724714508E-003
           9          46   4.4767316143716138E-002
           9          47   7.6873452477166770E-003
           9          48   3.7703906800476165E-003
          10           1  -7.3777416875434470E-013
          10           2  -8.2841319890169956E-013
          10           3   5.5616666793775155E-012
          10           4  -9.0142855696803444E-012
          10           5  -4.4264851431492438E-012
          10           6 -0.36873977507819816     
          10           7  -1.6471228617684115     
          10           8 -0.10817737418021403     
          10           9  0.59973923264767515     
          10          10   2.1481876458389957     
          10          11  0.17594580179731001     
          10          12   9.1671677891396935E-002
          10          13  0.29775791432865895     
          10          14   2.6893766474847512E-002
          10          15  -3.7445328917573774E-002
          10          16 -0.20941275616371341     
          10          17  -1.0985355069921881E-002
          10          18   4.2875398579973007E-003
          10          19   2.2389697132968858E-002
          10          20   1.2578377351204939E-003
          10          21  -1.5477469138633003E-012
          10          22   2.4396986960892989E-014
          10          23  -1.8593445907189890E-012
          10          24   1.7140932657877256E-013
          10          25  -6.2704323256916862E-014
          10          26  -1.8375014847429099E-012
          10          27   2.7584080633735458E-012
          10          28  -1.9838610467006980E-014
          10          29   2.6578312392512283E-012
          10          30   9.1859306461145086E-014
          10          31  -1.1323829538460990E-014
          10          32   2.7067902734179486E-012
          10          33   2.2960926070727057E-012
          10          34   4.0660824712646359E-015
          10          35   2.2714640226505821E-012
          10          36  -8.1702512354226312E-014
          10          37  -3.1323704345832766E-014
          10          38   2.2689531551415513E-012
          10          39   1.7189426540034008E-002
          10          40   4.9301507431673067E-002
          10          41   7.6873452475621573E-003
          10          42  0.11024152201035989     
          10          43   2.2552403606091753E-003
          10          44  -4.5085533008363054E-016
          10          45   2.2552403605590756E-003
          10          46   7.6873452475749700E-003
          10          47   4.9301507431660327E-002
          10          48   5.0428707518413137E-003
          11           1   1.7932893909654291E-012
          11           2   1.8840636402056598E-012
          11           3  -1.2114402285571984E-011
          11           4   1.7724781960565317E-011
          11           5   8.5378077979122816E-012
          11           6  -8.0880709318185445E-002
          11           7 -0.10817737418020859     
          11           8  -1.1776640464998787     
          11           9  0.13154896168228558     
          11          10  0.17594580179731001     
          11          11   1.3846332677707420     
          11          12   2.0107595744501036E-002
          11          13   2.6893766475081588E-002
          11          14  0.18104667186130080     
          11          15  -8.2133932064997472E-003
          11          16  -1.0985355070391138E-002
          11          17 -0.16173946204314271     
          11          18   9.4044442281593593E-004
          11          19   1.2578377352700362E-003
          11          20   1.6931041684835814E-002
          11          21   3.1590220771447598E-012
          11          22  -3.6285683880884455E-014
          11          23   3.7283357007258237E-012
          11          24  -3.4565480955169833E-013
          11          25   2.0693579898935104E-013
          11          26   3.7854731792956780E-012
          11          27  -5.4375618938326867E-012
          11          28   2.9896861338326874E-014
          11          29  -5.2551977509626548E-012
          11          30  -1.6071686270053039E-013
          11          31   2.2372760970820311E-014
          11          32  -5.3080069153608429E-012
          11          33  -4.4349750758086714E-012
          11          34  -6.3436943344080170E-015
          11          35  -4.3943081932488090E-012
          11          36   1.3516991299387862E-013
          11          37   5.8500449960239515E-014
          11          38  -4.4128484694079388E-012
          11          39   3.7703906803174718E-003
          11          40   2.2552403606203287E-003
          11          41   1.6861699725641867E-003
          11          42   5.0428707520949433E-003
          11          43   3.9514410306561928E-002
          11          44   6.6511625484808733E-015
          11          45   3.9514410306648200E-002
          11          46   1.6861699725526323E-003
          11          47   2.2552403606505953E-003
          11          48   8.8356907536442986E-002
          12           1   3.5077082402812424E-014
          12           2   4.4736732457296143E-014
          12           3  -4.2538892154035602E-013
          12           4   1.0237983369499558E-012
          12           5   4.7367910056807097E-013
          12           6  -2.4203767160215148E-002
          12           7  -5.6362819116359569E-002
          12           8  -1.2362823588284859E-002
          12           9  0.24368763260561985     
          12          10   9.1671677891396935E-002
          12          11   2.0107595744501036E-002
          12          12   4.9026724534242269E-002
          12          13   1.4012250774940550E-002
          12          14   3.0734975134506606E-003
          12          15   1.3766721585729801E-002
          12          16  -5.7236144381946691E-003
          12          17  -1.2554381894627337E-003
          12          18  -9.6489047846264205E-004
          12          19   6.5536144948360976E-004
          12          20   1.4374933889160833E-004
          12          21   1.2695581863034185E-013
          12          22  -1.1491721991210503E-014
          12          23   1.6727924772890978E-013
          12          24  -2.2180517927021586E-014
          12          25   1.5170502647507057E-014
          12          26   1.5731089695281508E-013
          12          27  -3.1752820142933319E-013
          12          28   9.4949998329071409E-016
          12          29  -3.0622737683366438E-013
          12          30  -1.2020981774334982E-014
          12          31   1.7134603672351314E-015
          12          32  -3.1176937235566992E-013
          12          33  -2.4885930433695608E-013
          12          34   7.7768066090001094E-017
          12          35  -2.4606911960071242E-013
          12          36   1.0175132388675725E-014
          12          37   3.4880061540262573E-015
          12          38  -2.4601716275467174E-013
          12          39  -1.1751093154573688E-002
          12          40   1.1750304115951528E-003
          12          41  -5.2552486207127344E-003
          12          42   2.6274478759675474E-003
          12          43   2.5773539926691801E-004
          12          44   4.2894383644348902E-016
          12          45   2.5773539927225440E-004
          12          46  -5.2552486207135315E-003
          12          47   1.1750304115984041E-003
          12          48   5.7631387297815673E-004
          13           1  -2.0498419911375469E-013
          13           2  -1.8647922222272051E-013
          13           3   1.1065013647159435E-012
          13           4  -1.3798914736350366E-012
          13           5  -6.9692238345655112E-013
          13           6  -5.6362819116386791E-002
          13           7  -5.7447988040937668E-002
          13           8  -1.6535188730678444E-002
          13           9   9.1671677891440775E-002
          13          10  0.29775791432865895     
          13          11   2.6893766475081588E-002
          13          12   1.4012250774940550E-002
          13          13   5.7291505592056889E-002
          13          14   4.1107810917991854E-003
          13          15  -5.7236144380961975E-003
          13          16   1.0390788557514389E-002
          13          17  -1.6791396604956066E-003
          13          18   6.5536144946586451E-004
          13          19  -5.7834166624349084E-004
          13          20   1.9226371965793052E-004
          13          21  -2.9312535101311316E-013
          13          22   3.5350528803986240E-015
          13          23  -3.4006783334198263E-013
          13          24   2.6074142929449009E-014
          13          25  -9.5099346707819752E-015
          13          26  -3.3680736052047924E-013
          13          27   4.1749092789377081E-013
          13          28  -2.5584097542368218E-015
          13          29   4.0154899287026481E-013
          13          30   1.3992271097539464E-014
          13          31  -1.5100398130451662E-015
          13          32   4.0915476358325547E-013
          13          33   3.5955599125034843E-013
          13          34   5.0433564556780770E-016
          13          35   3.5677872040508848E-013
          13          36  -1.2340464792720026E-014
          13          37  -4.7510258931643942E-015
          13          38   3.5645556119218170E-013
          13          39   2.6274478759081990E-003
          13          40  -4.5621858684045166E-003
          13          41   1.1750304115750736E-003
          13          42  -1.0201357727752771E-002
          13          43   3.4471926572652537E-004
          13          44  -1.8776145272504533E-016
          13          45   3.4471926571912927E-004
          13          46   1.1750304115767010E-003
          13          47  -4.5621858684059165E-003
          13          48   7.7081571130533950E-004
          14           1   9.3797116373693196E-014
          14           2   1.4960874613533235E-013
          14           3  -1.2442323067394538E-012
          14           4   2.6956655813489992E-012
          14           5   1.2536705246285682E-012
          14           6  -1.2362823588377529E-002
          14           7  -1.6535188730552212E-002
          14           8   1.4309994351687852E-002
          14           9   2.0107595744668798E-002
          14          10   2.6893766474847512E-002
          14          11  0.18104667186130080     
          14          12   3.0734975134506606E-003
          14          13   4.1107810917991854E-003
          14          14   3.9451893234993395E-002
          14          15  -1.2554381895200754E-003
          14          16  -1.6791396605650550E-003
          14          17   1.7677773674943723E-002
          14          18   1.4374933889568981E-004
          14          19   1.9226371968055658E-004
          14          20  -1.4127111333743858E-003
          14          21   3.5587061533618414E-013
          14          22  -5.3655070820838783E-015
          14          23   4.4296672356915228E-013
          14          24  -5.2733319581363377E-014
          14          25   3.1753477106311795E-014
          14          26   4.5152561340264897E-013
          14          27  -8.3617601284305185E-013
          14          28   4.2949759117503697E-015
          14          29  -8.0844809754567078E-013
          14          30  -2.4638329891984801E-014
          14          31   3.2964026684885914E-015
          14          32  -8.1659845987301604E-013
          14          33  -6.5519094504156599E-013
          14          34  -6.8784507084504055E-016
          14          35  -6.4905906542508748E-013
          14          36   2.0490825785614348E-014
          14          37   9.2426770064691180E-015
          14          38  -6.5174698230357213E-013
          14          39   5.7631387302035692E-004
          14          40   3.4471926572803436E-004
          14          41   2.5773539928689921E-004
          14          42   7.7081571134498953E-004
          14          43  -6.0581687327968935E-003
          14          44   1.2659156643735713E-015
          14          45  -6.0581687327842812E-003
          14          46   2.5773539928536165E-004
          14          47   3.4471926573236835E-004
          14          48  -1.3546477105674444E-002
          15           1  -4.9361907621061825E-013
          15           2  -3.1119511012363403E-013
          15           3   1.3204858180775082E-012
          15           4   4.0195640737586136E-013
          15           5   7.5894746860427953E-014
          15           6  0.56739448047092433     
          15           7   2.3022642860585883E-002
          15           8   5.0498693411416412E-003
          15           9 -0.18732655101958723     
          15          10  -3.7445328917573774E-002
          15          11  -8.2133932064997472E-003
          15          12   1.3766721585729801E-002
          15          13  -5.7236144380961975E-003
          15          14  -1.2554381895200754E-003
          15          15  0.11602395079241809     
          15          16   2.3379371923837162E-003
          15          17   5.1281155777268151E-004
          15          18  -1.1083915119475613E-002
          15          19  -2.6769691140945788E-004
          15          20  -5.8717603960493115E-005
          15          21  -2.4181121241281408E-013
          15          22   4.2380934826908696E-015
          15          23  -2.5922555387991515E-013
          15          24   9.6829614560342034E-015
          15          25  -5.5597103203147292E-015
          15          26  -2.5420513066118261E-013
          15          27  -1.4266044739631420E-013
          15          28   9.0830552400072611E-017
          15          29  -1.4730503645031385E-013
          15          30   5.1595470972400097E-015
          15          31  -1.8698581438325658E-015
          15          32  -1.4518023046482756E-013
          15          33  -4.7721575972291448E-014
          15          34  -8.8852647351979768E-016
          15          35  -4.9189831366612246E-014
          15          36  -4.2876708397072320E-015
          15          37  -6.0746924437918572E-016
          15          38  -4.8316132405367604E-014
          15          39  -7.2813305474136336E-002
          15          40  -4.7996721845972967E-004
          15          41  -3.2563100141325338E-002
          15          42  -1.0732393274508071E-003
          15          43  -1.0527773704996333E-004
          15          44  -1.8719279610027551E-016
          15          45  -1.0527773705188002E-004
          15          46  -3.2563100141323825E-002
          15          47  -4.7996721846027340E-004
          15          48  -2.3540817656420775E-004
          16           1   2.3551868711293666E-013
          16           2   8.9496580454123931E-014
          16           3  -6.1898194110123335E-013
          16           4   5.6097366699917104E-013
          16           5   2.9594252663270690E-013
          16           6   2.3022642860985060E-002
          16           7  0.58097381941343262     
          16           8   6.7541643722289222E-003
          16           9  -3.7445328918229402E-002
          16          10 -0.20941275616371341     
          16          11  -1.0985355070391138E-002
          16          12  -5.7236144381946691E-003
          16          13   1.0390788557514389E-002
          16          14  -1.6791396605650550E-003
          16          15   2.3379371923837162E-003
          16          16  0.11740292547205673     
          16          17   6.8588181578482668E-004
          16          18  -2.6769691140729999E-004
          16          19  -1.1241809550447759E-002
          16          20  -7.8534378201319848E-005
          16          21   1.4803998246045229E-013
          16          22  -2.0008190546665369E-015
          16          23   1.6918289742576577E-013
          16          24  -1.1012667426898817E-014
          16          25   4.0985212825757823E-015
          16          26   1.6762643419681962E-013
          16          27  -1.6909927644993734E-013
          16          28   2.4048833982919622E-015
          16          29  -1.6421851437596544E-013
          16          30  -5.8550582046050557E-015
          16          31   1.2503970075402821E-015
          16          32  -1.6697450058101574E-013
          16          33  -1.5248177747219320E-013
          16          34  -5.4218762335863316E-016
          16          35  -1.4851482343778457E-013
          16          36   5.4652775433417071E-015
          16          37   2.0464791693546122E-015
          16          38  -1.4820886277925449E-013
          16          39  -1.0732393274428043E-003
          16          40  -3.2846196985621440E-002
          16          41  -4.7996721845899588E-004
          16          42  -7.3446329262194521E-002
          16          43  -1.4080822546990395E-004
          16          44  -2.6428105962320417E-016
          16          45  -1.4080822546613320E-004
          16          46  -4.7996721846061102E-004
          16          47  -3.2846196985619289E-002
          16          48  -3.1485676393783689E-004
          17           1  -3.6798090218778248E-013
          17           2  -3.4249174939040837E-013
          17           3   1.7299161015922461E-012
          17           4  -1.1498421892067090E-012
          17           5  -6.2451192486271693E-013
          17           6   5.0498693408785626E-003
          17           7   6.7541643720260679E-003
          17           8  0.55166268084815151     
          17           9  -8.2133932061521243E-003
          17          10  -1.0985355069921881E-002
          17          11 -0.16173946204314271     
          17          12  -1.2554381894627337E-003
          17          13  -1.6791396604956066E-003
          17          14   1.7677773674943723E-002
          17          15   5.1281155777268151E-004
          17          16   6.8588181578482668E-004
