           1           1   2.1735386707162130     
           1           2   9.8703940982021066E-002
           1           3 -0.56901809768077660     
           1           4  0.15150435027550532     
           1           5   9.2057736967142950E-002
           1           6  -6.8923471058080181E-013
           1           7  -5.3895691900582418E-013
           1           8   2.3016766007566501E-012
           1           9  -5.1199443043609876E-013
           1          10   6.6301627986992620E-014
           1          11   1.0068117267772729E-012
           1          12   4.8284344399587283E-013
           1          13   4.0052091925958639E-013
           1          14  -1.4800904995232270E-012
           1          15   1.1804390713514176E-012
           1          16   4.2111103789329843E-013
           1          17  -5.0803646143118343E-012
           1          18   8.2973593159840150E-013
           1          19   2.3770719496147396E-013
           1          20  -2.4060366853478447E-012
           1          21  -3.0820754537117037E-003
           1          22   2.4724007827399300E-004
           1          23  -2.2179193402322821E-003
           1          24   2.8116239031200947E-005
           1          25   1.2005937303713824E-004
           1          26  -3.1203944740418243E-003
           1          27  -1.4183857658627558E-002
           1          28   8.4300541989867309E-005
           1          29  -1.3889209462202554E-002
           1          30   9.5866901970306041E-006
           1          31   4.0936221348328165E-005
           1          32  -1.4196923139501660E-002
           1          33  -6.5365255920230726E-003
           1          34   4.5949158928730398E-004
           1          35  -4.9305058018597747E-003
           1          36   5.2253567763307928E-005
           1          37   2.2312835544028144E-004
           1          38  -6.6077408646511501E-003
           1          39  -6.0396655798605877E-013
           1          40   2.2990668872565077E-013
           1          41  -1.9410896343268446E-013
           1          42   3.0115916971048076E-013
           1          43   1.7130331373749080E-013
           1          44  -1.1662943785697305E-013
           1          45   2.1205205054819114E-013
           1          46   1.7202340763902434E-013
           1          47  -9.6578064150879807E-014
           1          48   5.0789529238832560E-013
           2           1   9.8703940982021066E-002
           2           2  0.13790055716669269     
           2           3 -0.47902427183779578     
           2           4  0.11094680320597236     
           2           5   7.7394738204854541E-002
           2           6  -9.6540740339058782E-013
           2           7  -3.6372802573763970E-013
           2           8   1.2615535604904906E-012
           2           9  -4.7903299560233420E-013
           2          10   1.0027665865561509E-013
           2          11   4.9085870804059283E-013
           2          12   3.8606009914255624E-013
           2          13   4.3724033202041151E-013
           2          14  -1.5045960858305448E-012
           2          15   7.9221554250733751E-013
           2          16   4.9465825780836550E-013
           2          17  -4.7310341891524426E-012
           2          18   8.0771800243408899E-013
           2          19   2.5700744219031427E-013
           2          20  -2.3531935870977253E-012
           2          21  -2.5556320009431134E-004
           2          22   2.1659057610443546E-004
           2          23   5.0146646979893109E-004
           2          24   2.4630766040053503E-005
           2          25   1.0517602954841733E-004
           2          26  -2.8913194170778736E-004
           2          27  -6.3548940760972368E-004
           2          28   8.5532158714545880E-005
           2          29  -3.3653645840863518E-004
           2          30   9.7267499793162615E-006
           2          31   4.1534290733164132E-005
           2          32  -6.4874577388713108E-004
           2          33   4.2277466421841541E-004
           2          34   4.6168105637351038E-004
           2          35   2.0364471053793106E-003
           2          36   5.2502554924114913E-005
           2          37   2.2419155768882291E-004
           2          38   3.5122005263961116E-004
           2          39  -4.3658587800910950E-013
           2          40   2.2419763143090228E-013
           2          41  -1.2850762415010766E-013
           2          42   2.6712106285018329E-013
           2          43   1.2264652907415712E-013
           2          44  -1.0934961043219987E-013
           2          45   1.7419398400734923E-013
           2          46   2.3740954122697214E-013
           2          47  -1.1170180926369193E-013
           2          48   3.9180338786945943E-013
           3           1 -0.56901809768077660     
           3           2 -0.47902427183779578     
           3           3   1.7703888174906397     
           3           4 -0.65820423883508195     
           3           5 -0.46021221782638966     
           3           6   8.4742169410386811E-012
           3           7   2.0142618256431032E-012
           3           8  -1.2343125910350052E-011
           3           9   4.2955966883750760E-012
           3          10   2.5976163039130779E-015
           3          11  -5.8135475069131553E-012
           3          12  -2.1554041245034491E-012
           3          13  -3.2907930703093513E-012
           3          14   8.5336284928524771E-012
           3          15  -3.9629562520357139E-012
           3          16  -3.6961744802879558E-012
           3          17   2.8837237496313006E-011
           3          18  -4.9872352172924786E-012
           3          19  -1.8136951307141413E-012
           3          20   1.4468929735131038E-011
           3          21   1.1987060065357848E-003
           3          22  -8.2364287816088448E-004
           3          23  -1.6800992826035664E-003
           3          24  -9.3664993310019581E-005
           3          25  -3.9995963308978564E-004
           3          26   1.3263600122149200E-003
           3          27   1.3362305802723492E-003
           3          28  -4.2828027080532311E-004
           3          29  -1.6069941019202904E-004
           3          30  -4.8704194879281874E-005
           3          31  -2.0797227851549437E-004
           3          32   1.4026084109506638E-003
           3          33   3.5569965893036612E-004
           3          34  -2.9466614897287625E-003
           3          35  -9.9435022973305056E-003
           3          36  -3.3509552738527021E-004
           3          37  -1.4308939513050845E-003
           3          38   8.1239419919692385E-004
           3          39   1.9112561150202415E-012
           3          40  -1.3002832478590462E-012
           3          41   6.8968258632287597E-013
           3          42  -1.2539178134360729E-012
           3          43  -5.1915587176978885E-013
           3          44   4.9565751377536146E-013
           3          45  -9.4643894953967233E-013
           3          46  -1.5805365873143348E-012
           3          47   7.5878321345561167E-013
           3          48  -2.2444158676663664E-012
           4           1  0.15150435027550532     
           4           2  0.11094680320597236     
           4           3 -0.65820423883508195     
           4           4  0.94914574454853351     
           4           5  0.66540334106085008     
           4           6  -5.5711479849790651E-012
           4           7  -6.3616653629900238E-012
           4           8   1.5208575593334155E-012
           4           9  -2.6199698833935173E-012
           4          10  -3.0500708033457858E-012
           4          11   1.2438809582639123E-012
           4          12  -1.6142019382416639E-011
           4          13   1.4727100646476093E-011
           4          14  -5.2057300606499402E-012
           4          15  -4.2359452996949905E-011
           4          16   2.5908176923776940E-011
           4          17  -2.4306392878495834E-011
           4          18  -1.5600862468111564E-011
           4          19   1.5070743259067913E-011
           4          20  -1.2424155444793934E-011
           4          21  -2.2810175909905822E-004
           4          22   3.1661070248181918E-004
           4          23   8.7851933390061540E-004
           4          24   3.6005091208595979E-005
           4          25   1.5374563603264376E-004
           4          26  -2.7717232128638975E-004
           4          27   7.5212060094191841E-003
           4          28   1.6983202444064913E-005
           4          29   7.5805662787190838E-003
           4          30   1.9313204889930295E-006
           4          31   8.2471274003644186E-006
           4          32   7.5185739600822851E-003
           4          33  -1.5751484245625780E-003
           4          34   3.9554776131356939E-003
           4          35   1.2250078239687328E-002
           4          36   4.4981849967851097E-004
           4          37   1.9207733938632616E-003
           4          38  -2.1881964555538307E-003
           4          39  -1.4311618843912008E-012
           4          40   2.8112417121847737E-012
           4          41   5.9806351894174403E-013
           4          42   5.4581631561349700E-013
           4          43   4.0984116736378794E-013
           4          44  -3.9903504744434972E-013
           4          45   9.7043335315731069E-013
           4          46   2.8610648015785323E-012
           4          47  -1.5196836149847628E-012
           4          48   3.3052990880046072E-012
           5           1   9.2057736967142950E-002
           5           2   7.7394738204854541E-002
           5           3 -0.46021221782638966     
           5           4  0.66540334106085008     
           5           5  0.47930362865604753     
           5           6  -4.1611373764463788E-011
           5           7   9.6281662247456811E-012
           5           8   5.1244936761292680E-011
           5           9  -2.1532907008342669E-011
           5          10   5.2199916658476650E-012
           5          11   2.5764099913175105E-011
           5          12   4.1460311900278696E-011
           5          13  -1.3819007456360755E-011
           5          14  -2.3582349266549579E-011
           5          15   1.0074117968734366E-010
           5          16  -3.5618513472182091E-011
           5          17  -7.0901666575873605E-011
           5          18   5.3912665938750700E-011
           5          19  -2.2971639576099749E-011
           5          20  -3.5523812571980544E-011
           5          21  -3.5465272429188174E-004
           5          22   3.9205815691954992E-004
           5          23   1.0156730570429838E-003
           5          24   4.4585008867268994E-005
           5          25   1.9038279658622329E-004
           5          26  -4.1541667415494004E-004
           5          27   2.7478895896054477E-003
           5          28   1.3659713104689233E-003
           5          29   7.5222471719210947E-003
           5          30   1.5533879654430668E-004
           5          31   6.6331349407533838E-004
           5          32   2.5361817304668218E-003
           5          33  -6.3790926700689390E-003
           5          34   4.8524315175684811E-003
           5          35   1.0581176383689925E-002
           5          36   5.5182046852243131E-004
           5          37   2.3563327464980540E-003
           5          38  -7.1311569922923122E-003
           5          39  -1.2166598176557672E-012
           5          40  -7.6184796635365339E-013
           5          41  -3.6075736441238966E-012
           5          42   2.2455654313317448E-012
           5          43   3.2383496265186648E-013
           5          44  -4.1991014319711236E-013
           5          45   1.4744865459568584E-012
           5          46   1.3860842800626575E-012
           5          47  -4.1605833966994920E-013
           5          48   2.0299588389803287E-012
           6           1  -6.8923471058080181E-013
           6           2  -9.6540740339058782E-013
           6           3   8.4742169410386811E-012
           6           4  -5.5711479849790651E-012
           6           5  -4.1611373764463788E-011
           6           6   1.0583842676994197     
           6           7   8.9456846915936319E-003
           6           8   1.0173067346206642E-003
           6           9  0.51906895916811546     
           6          10   3.6103104567538451E-003
           6          11   4.1056591567021234E-004
           6          12   2.8217964770788473E-002
           6          13  -1.0706477205843707E-002
           6          14  -1.2175448845776497E-003
           6          15 -0.10437515363902850     
           6          16  -1.8604042897342910E-002
           6          17  -2.1156591208853878E-003
           6          18  -6.8345605712104823E-002
           6          19  -1.8509612258681925E-002
           6          20  -2.1049205736730072E-003
           6          21   5.3036933564660344E-012
           6          22  -1.2765219744137121E-012
           6          23   7.7399494933864693E-013
           6          24  -7.7489349637988014E-013
           6          25   2.4593239001299290E-012
           6          26  -6.2281280227857669E-012
           6          27   1.4884512855070941E-011
           6          28  -3.7407184062085541E-013
           6          29   4.4497194060767113E-012
           6          30  -3.6074778202565262E-012
           6          31   4.9702392892959444E-012
           6          32   3.4361845924784732E-012
           6          33   1.3827983577669660E-011
           6          34  -2.9494096723099645E-012
           6          35   1.3442393787882613E-011
           6          36  -3.3749206765375816E-012
           6          37   1.5581909792491107E-012
           6          38   6.7769301397793192E-012
           6          39  -1.4610178609215655E-002
           6          40   1.3825248887408958E-003
           6          41  -2.9378043140271429E-003
           6          42  -1.4826038526215943E-003
           6          43   1.5722127811067108E-004
           6          44   5.0040937178064679E-004
           6          45  -1.2631509394197827E-004
           6          46  -6.6993349608334184E-003
           6          47  -4.4787016938820079E-004
           6          48  -1.1241506795173047E-004
           7           1  -5.3895691900582418E-013
           7           2  -3.6372802573763970E-013
           7           3   2.0142618256431032E-012
           7           4  -6.3616653629900238E-012
           7           5   9.6281662247456811E-012
           7           6   8.9456846915936319E-003
           7           7   1.0944883469218174     
           7           8   4.3440091865744185E-003
           7           9   3.6103104508892810E-003
           7          10  0.53363988930424844     
           7          11   1.7531607296547293E-003
           7          12  -1.0706477239047578E-002
           7          13  -1.4992536035731058E-002
           7          14  -5.1990477124026803E-003
           7          15  -1.8604042674958878E-002
           7          16 -0.17945960986064607     
           7          17  -9.0340925140386490E-003
           7          18  -1.8509612645301213E-002
           7          19 -0.14304894894008222     
           7          20  -8.9882373436011992E-003
           7          21  -9.3174926848036045E-013
           7          22   1.7229955553186890E-012
           7          23  -8.9696104284202109E-013
           7          24   5.8630401357662558E-013
           7          25  -6.3664484305811529E-013
           7          26   1.5100665622587604E-012
           7          27  -3.6589147672884768E-012
           7          28   1.1476614107089932E-012
           7          29   1.2828477253940313E-013
           7          30   7.5088132169147857E-013
           7          31  -3.7315229950712976E-012
           7          32   1.0154314265373689E-012
           7          33  -4.4263847927794071E-012
           7          34   3.7272518921777380E-012
           7          35  -3.3805262643182579E-012
           7          36   1.5756658135260952E-012
           7          37  -4.9776389815112669E-012
           7          38   1.4613815753494916E-012
           7          39  -1.0095001990677458E-003
           7          40  -8.4607840750867917E-003
           7          41   7.4778957818658900E-004
           7          42  -1.2318356593681769E-002
           7          43  -2.3115261523944024E-004
           7          44   3.3839933521778094E-005
           7          45   3.6312536939215017E-004
           7          46  -4.4787019406394846E-004
           7          47  -8.5069038084028825E-003
           7          48  -4.8002439284749516E-004
           8           1   2.3016766007566501E-012
           8           2   1.2615535604904906E-012
           8           3  -1.2343125910350052E-011
           8           4   1.5208575593334155E-012
           8           5   5.1244936761292680E-011
           8           6   1.0173067346206642E-003
           8           7   4.3440091865744185E-003
           8           8   1.0567833147905137     
           8           9   4.1056591190728319E-004
           8          10   1.7531607284270213E-003
           8          11  0.51842284470046751     
           8          12  -1.2175448746493723E-003
           8          13  -5.1990476924210988E-003
           8          14   3.0134035443934240E-002
           8          15  -2.1156591430300025E-003
           8          16  -9.0340926958580314E-003
           8          17 -0.10104570572465990     
           8          18  -2.1049205708313706E-003
           8          19  -8.9882371196350584E-003
           8          20  -6.5033056906509581E-002
           8          21  -3.0097453767501950E-012
           8          22  -2.3689858646535793E-013
           8          23   8.6800911728827275E-013
           8          24  -2.9787304596358734E-012
           8          25  -4.2119314190982484E-013
           8          26  -1.0695824772726813E-013
           8          27   6.0955995309820261E-013
           8          28   1.7342813137618484E-012
           8          29  -3.6864871547658354E-012
           8          30  -2.8996622522253154E-013
           8          31  -4.2455001303713834E-014
           8          32  -6.6098908451123678E-012
           8          33  -7.4335366205809418E-012
           8          34  -2.0735771201244445E-012
           8          35  -1.3815761461179706E-011
           8          36  -5.2499820134625807E-012
           8          37   4.6082331016361505E-012
           8          38  -1.8882477947417475E-011
           8          39  -1.1480077740601131E-004
           8          40  -2.3115259743493113E-004
           8          41  -1.2631508420997886E-004
           8          42  -7.1994995237028951E-004
           8          43  -6.4544310405359375E-003
           8          44   1.0630006320235409E-003
           8          45  -2.7390201257852130E-003
           8          46   1.6042203930084376E-004
           8          47   6.8501940716190340E-004
           8          48  -1.4800226985758155E-002
           9           1  -5.1199443043609876E-013
           9           2  -4.7903299560233420E-013
           9           3   4.2955966883750760E-012
           9           4  -2.6199698833935173E-012
           9           5  -2.1532907008342669E-011
           9           6  0.51906895916811546     
           9           7   3.6103104508892810E-003
           9           8   4.1056591190728319E-004
           9           9  0.25462516584551964     
           9          10   1.3877827583155186E-003
           9          11   1.5781920160598659E-004
           9          12   1.2273585853045992E-002
           9          13  -5.3759418750218913E-003
           9          14  -6.1135426540480462E-004
           9          15  -5.4838737402422184E-002
           9          16  -9.1712289914061308E-003
           9          17  -1.0429557867130885E-003
           9          18  -3.5432308046877262E-002
           9          19  -9.2526061636249921E-003
           9          20  -1.0522101058355422E-003
           9          21   2.6009663561100773E-012
           9          22  -6.3310577793924595E-013
           9          23   3.8057453905876825E-013
           9          24  -3.8948827729749809E-013
           9          25   1.2099780409619237E-012
           9          26  -3.0692689112482803E-012
           9          27   7.3390533509676771E-012
           9          28  -2.7355520117715965E-013
           9          29   2.1811875558912612E-012
           9          30  -1.8333723256408626E-012
           9          31   2.5143493821340658E-012
           9          32   1.5657824219834090E-012
           9          33   7.1116230136746591E-012
           9          34  -1.4634054478723747E-012
           9          35   6.8121985742760316E-012
           9          36  -1.7396459600222048E-012
           9          37   8.3942914244362221E-013
           9          38   3.2963237150851995E-012
           9          39  -7.1425868935289707E-003
           9          40   7.3003723148976909E-004
           9          41  -1.3165390838907971E-003
           9          42  -7.6895189759980213E-004
           9          43   8.3020123176014908E-005
           9          44   2.6131150331093472E-004
           9          45  -6.6814470237478379E-005
           9          46  -3.2807933201165051E-003
           9          47  -2.2678860820034210E-004
           9          48  -5.6868061824306374E-005
          10           1   6.6301627986992620E-014
          10           2   1.0027665865561509E-013
          10           3   2.5976163039130779E-015
          10           4  -3.0500708033457858E-012
          10           5   5.2199916658476650E-012
          10           6   3.6103104567538451E-003
          10           7  0.53363988930424844     
          10           8   1.7531607284270213E-003
          10           9   1.3877827583155186E-003
          10          10  0.26022614912542552     
          10          11   6.7390507802559448E-004
          10          12  -5.3759419039065750E-003
          10          13  -9.4232931693747704E-003
          10          14  -2.6105485228537081E-003
          10          15  -9.1712289022138366E-003
          10          16  -9.1853097606520717E-002
          10          17  -4.4535336697701031E-003
          10          18  -9.2526063817195275E-003
          10          19  -7.2775100957879715E-002
          10          20  -4.4930503873550562E-003
          10          21  -4.6520892565879128E-013
          10          22   8.5225747586797682E-013
          10          23  -4.3660023618540211E-013
          10          24   2.8924509900717092E-013
          10          25  -3.3271647237909802E-013
          10          26   7.4776096269717321E-013
          10          27  -1.8322324540309585E-012
          10          28   6.1144777719973398E-013
          10          29   7.0483607153418143E-014
          10          30   3.8708997940865401E-013
          10          31  -1.9283751661202250E-012
          10          32   5.5065187428391095E-013
          10          33  -2.3122277924673614E-012
          10          34   1.8947590689224962E-012
          10          35  -1.7485013607792220E-012
          10          36   8.0401862107614725E-013
          10          37  -2.5859070315199589E-012
          10          38   7.6582951225339365E-013
          10          39  -5.1148583823445147E-004
          10          40  -4.1745111628931795E-003
          10          41   3.8461018743156719E-004
          10          42  -5.9197131973568271E-003
          10          43  -1.1756617093199729E-004
          10          44   1.5836466625451876E-005
          10          45   1.8676606314410271E-004
          10          46  -2.2678862062785991E-004
          10          47  -4.1960943502699051E-003
          10          48  -2.4283272176829374E-004
          11           1   1.0068117267772729E-012
          11           2   4.9085870804059283E-013
          11           3  -5.8135475069131553E-012
          11           4   1.2438809582639123E-012
          11           5   2.5764099913175105E-011
          11           6   4.1056591567021234E-004
          11           7   1.7531607296547293E-003
          11           8  0.51842284470046751     
          11           9   1.5781920160598659E-004
          11          10   6.7390507802559448E-004
          11          11  0.25437680317518974     
          11          12  -6.1135426301058959E-004
          11          13  -2.6105485186062195E-003
          11          14   1.3235684252686269E-002
          11          15  -1.0429558027520583E-003
          11          16  -4.4535337715428322E-003
          11          17  -5.3197420557943159E-002
          11          18  -1.0522101082693085E-003
          11          19  -4.4930502800698199E-003
          11          20  -3.3776427359462284E-002
          11          21  -1.4430175576091404E-012
          11          22  -1.2843200729272214E-013
          11          23   4.2981957341186016E-013
          11          24  -1.4793201596984456E-012
          11          25  -1.9037996232416065E-013
          11          26  -6.7010383491683444E-014
          11          27   3.6972683819227593E-013
          11          28   7.9940639894283255E-013
          11          29  -1.7998242334775424E-012
          11          30  -2.0909005326992594E-013
          11          31   5.8741882544023988E-014
          11          32  -3.3541234239977202E-012
          11          33  -3.5260883699336531E-012
          11          34  -1.0621610411943237E-012
          11          35  -6.7672800816439065E-012
          11          36  -2.6637883172736627E-012
          11          37   2.3800725139788194E-012
          11          38  -9.4663125308117909E-012
          11          39  -5.8166380133450540E-005
          11          40  -1.1756616215616156E-004
          11          41  -6.6814465436109305E-005
          11          42  -3.7340175955281256E-004
          11          43  -3.1540630783524937E-003
          11          44   5.5580946526749813E-004
          11          45  -1.2113920290367619E-003
          11          46   8.4761998057205075E-005
          11          47   3.6194287033127008E-004
          11          48  -7.2449326760647519E-003
          12           1   4.8284344399587283E-013
          12           2   3.8606009914255624E-013
          12           3  -2.1554041245034491E-012
          12           4  -1.6142019382416639E-011
          12           5   4.1460311900278696E-011
          12           6   2.8217964770788473E-002
          12           7  -1.0706477239047578E-002
          12           8  -1.2175448746493723E-003
          12           9   1.2273585853045992E-002
          12          10  -5.3759419039065750E-003
          12          11  -6.1135426301058959E-004
          12          12   7.0316134731478463E-002
          12          13   1.3877516542111204E-002
          12          14   1.5781567554527985E-003
          12          15  0.15837260159001376     
          12          16   2.5211247521421086E-002
          12          17   2.8670330788441137E-003
          12          18   8.3856349265187896E-002
          12          19   2.4871400750027969E-002
          12          20   2.8283857407400232E-003
          12          21  -8.2367989213192478E-013
          12          22   6.7950609515029679E-013
          12          23   2.6940915165403101E-013
          12          24   6.3378185446714710E-013
          12          25  -5.9709206960160780E-013
          12          26   6.0451706481802721E-013
          12          27  -3.1654769795229156E-012
          12          28   4.0139097302703127E-012
          12          29   8.4940097358930945E-013
          12          30   2.1424565932045140E-012
          12          31  -2.9601124469404195E-012
          12          32   3.4512768092337065E-012
          12          33  -1.4868525958349219E-011
          12          34   1.2862919812399449E-012
          12          35  -9.5453416869870446E-012
          12          36   3.6445001944491623E-012
          12          37  -3.0195149778789060E-012
          12          38  -6.2039062342735871E-013
          12          39  -1.3273638655732975E-003
          12          40  -1.7368568559320919E-003
          12          41  -5.4397292592003937E-003
          12          42   2.1750190569547107E-003
          12          43  -1.9751604868427418E-004
          12          44  -6.7421663941603764E-004
          12          45   1.7013216291123987E-004
          12          46  -3.7170553669689662E-004
          12          47   7.2117124709470109E-004
          12          48   1.8166309609430242E-004
          13           1   4.0052091925958639E-013
          13           2   4.3724033202041151E-013
          13           3  -3.2907930703093513E-012
          13           4   1.4727100646476093E-011
          13           5  -1.3819007456360755E-011
          13           6  -1.0706477205843707E-002
          13           7  -1.4992536035731058E-002
          13           8  -5.1990476924210988E-003
          13           9  -5.3759418750218913E-003
          13          10  -9.4232931693747704E-003
          13          11  -2.6105485186062195E-003
          13          12   1.3877516542111204E-002
          13          13  0.12632470149018268     
          13          14   6.7388992472680667E-003
          13          15   2.5211247154288217E-002
          13          16  0.26012321612848799     
          13          17   1.2242540168671601E-002
          13          18   2.4871401164860793E-002
          13          19  0.18423537103713566     
          13          20   1.2077511378013281E-002
          13          21   5.2846670643036696E-013
          13          22  -7.5117728297307627E-013
          13          23  -1.1968713379457491E-013
          13          24  -2.7732370764873325E-014
          13          25   1.1587451322998702E-012
          13          26  -4.2348184687092098E-013
          13          27   1.9941669694543886E-012
          13          28  -2.5128859312004044E-012
          13          29  -8.6157349305838020E-013
          13          30  -5.4139495227958861E-013
          13          31   4.6365638113658929E-012
          13          32  -2.2809452726996293E-012
          13          33   6.7741428359464939E-012
          13          34  -4.2214590221544412E-012
          13          35   4.8551846937061182E-012
          13          36  -1.6144096512813823E-012
          13          37   6.3273274432084215E-012
          13          38  -1.9131939674716630E-012
          13          39   1.6219771396100953E-003
          13          40   2.4564851973039163E-003
          13          41  -9.9487306787956337E-004
          13          42  -3.6594580652175093E-003
          13          43   3.6617652619305843E-004
          13          44  -6.0460066923126167E-005
          13          45  -4.8310868974957516E-004
          13          46   7.2117128026651480E-004
          13          47   2.5388849468974150E-003
          13          48   7.7572089308140595E-004
          14           1  -1.4800904995232270E-012
          14           2  -1.5045960858305448E-012
          14           3   8.5336284928524771E-012
          14           4  -5.2057300606499402E-012
          14           5  -2.3582349266549579E-011
          14           6  -1.2175448845776497E-003
          14           7  -5.1990477124026803E-003
          14           8   3.0134035443934240E-002
          14           9  -6.1135426540480462E-004
          14          10  -2.6105485228537081E-003
          14          11   1.3235684252686269E-002
          14          12   1.5781567554527985E-003
          14          13   6.7388992472680667E-003
          14          14   6.7832563185316913E-002
          14          15   2.8670330877422164E-003
          14          16   1.2242540357731188E-002
          14          17  0.15386070398755650     
          14          18   2.8283857342474537E-003
          14          19   1.2077511127441723E-002
          14          20   7.9405271226997642E-002
          14          21  -1.0871617146802633E-012
          14          22   5.1324177712788099E-013
          14          23  -6.1875019342360487E-014
          14          24   1.6801366109103546E-013
          14          25  -6.0936136301959475E-013
          14          26   1.2581476974448255E-012
          14          27  -2.6577516879825939E-012
          14          28   1.6425648899355528E-012
          14          29  -4.6098853054080289E-013
          14          30   2.3491708293904500E-012
          14          31  -2.9756407851142040E-012
          14          32   4.9120526085607940E-012
          14          33  -3.0710107084080105E-012
          14          34   1.6570395804954589E-012
          14          35   7.3433590883324652E-013
          14          36   3.8499108262475121E-012
          14          37  -5.1877432140932009E-012
          14          38   1.0522483712033816E-011
          14          39   1.8445190655867625E-004
          14          40   3.6617651441950787E-004
          14          41   1.7013215554248084E-004
          14          42   1.0561856524493826E-003
          14          43  -7.2184512428467601E-004
          14          44  -1.4264159689266938E-003
          14          45  -5.7074690963766737E-003
          14          46  -2.0125762891051214E-004
          14          47  -8.5939175884969569E-004
          14          48  -1.1205892930553265E-003
          15           1   1.1804390713514176E-012
          15           2   7.9221554250733751E-013
          15           3  -3.9629562520357139E-012
          15           4  -4.2359452996949905E-011
          15           5   1.0074117968734366E-010
          15           6 -0.10437515363902850     
          15           7  -1.8604042674958878E-002
          15           8  -2.1156591430300025E-003
          15           9  -5.4838737402422184E-002
          15          10  -9.1712289022138366E-003
          15          11  -1.0429558027520583E-003
          15          12  0.15837260159001376     
          15          13   2.5211247154288217E-002
          15          14   2.8670330877422164E-003
          15          15  0.38433795534909526     
          15          16   4.2824155431332209E-002
          15          17   4.8699797491342442E-003
          15          18  0.20469313704398034     
          15          19   4.7123494509266832E-002
          15          20   5.3589027747296706E-003
          15          21  -2.7981080750680378E-012
          15          22   1.8294643245725793E-012
          15          23   4.8778346219782103E-013
          15          24   1.6054603176978243E-012
          15          25  -1.8325045828033137E-012
          15          26   2.4508919815848070E-012
          15          27  -9.7985681608281126E-012
          15          28   9.4967550352967244E-012
          15          29   1.1828333505418567E-012
          15          30   5.5997242235357711E-012
          15          31  -7.8859780047731483E-012
          15          32   7.7047333554687127E-012
          15          33  -3.7030878173287718E-011
          15          34   3.6210176692416388E-012
          15          35  -2.4920507824164969E-011
          15          36   9.1469288953410117E-012
          15          37  -7.4005565490971919E-012
          15          38  -2.2672116878596254E-012
          15          39  -8.2198923275238287E-004
          15          40  -4.4503320170273366E-003
          15          41  -1.2214881900683630E-002
          15          42   5.3405972188341365E-003
          15          43  -5.0609352060681568E-004
          15          44  -1.6489057034351077E-003
          15          45   4.5858359525293823E-004
          15          46   1.7978879204743437E-004
          15          47   1.5981993160815076E-003
          15          48   4.0099376909637842E-004
          16           1   4.2111103789329843E-013
          16           2   4.9465825780836550E-013
          16           3  -3.6961744802879558E-012
          16           4   2.5908176923776940E-011
          16           5  -3.5618513472182091E-011
          16           6  -1.8604042897342910E-002
          16           7 -0.17945960986064607     
          16           8  -9.0340926958580314E-003
          16           9  -9.1712289914061308E-003
          16          10  -9.1853097606520717E-002
          16          11  -4.4535337715428322E-003
          16          12   2.5211247521421086E-002
          16          13  0.26012321612848799     
          16          14   1.2242540357731188E-002
          16          15   4.2824155431332209E-002
          16          16  0.55717288480593308     
          16          17   2.0795339387845148E-002
          16          18   4.7123496060085063E-002
          16          19  0.39487986684903437     
          16          20   2.2883091858692309E-002
          16          21   1.3257754460325023E-012
          16          22  -1.8783950347222973E-012
          16          23  -9.2840481342520951E-014
          16          24  -1.9120936793699921E-013
          16          25   2.7179235581395936E-012
          16          26  -1.2364387090231769E-012
          16          27   4.9072558559419322E-012
          16          28  -5.6575982152706817E-012
          16          29  -1.6840671600712231E-012
          16          30  -1.4354214718261536E-012
          16          31   1.1145447472217004E-011
          16          32  -5.5188807709689979E-012
          16          33   1.5673362800351686E-011
          16          34  -9.3573654528836081E-012
          16          35   1.1315238294855454E-011
          16          36  -3.8049563065373351E-012
          16          37   1.5739107200868921E-011
          16          38  -5.1117893405716342E-012
          16          39   3.6031789409984938E-003
          16          40   6.5208816192999829E-003
          16          41  -2.1193403274571542E-003
          16          42  -6.6200519885957964E-003
          16          43   8.2627560276063309E-004
          16          44  -8.0061319466780210E-005
          16          45  -1.0291480965218917E-003
          16          46   1.5981993370057651E-003
          16          47   6.6299955145525261E-003
          16          48   1.7122863226752539E-003
          17           1  -5.0803646143118343E-012
          17           2  -4.7310341891524426E-012
          17           3   2.8837237496313006E-011
          17           4  -2.4306392878495834E-011
          17           5  -7.0901666575873605E-011
          17           6  -2.1156591208853878E-003
          17           7  -9.0340925140386490E-003
          17           8 -0.10104570572465990     
          17           9  -1.0429557867130885E-003
          17          10  -4.4535336697701031E-003
          17          11  -5.3197420557943159E-002
          17          12   2.8670330788441137E-003
          17          13   1.2242540168671601E-002
          17          14  0.15386070398755650     
          17          15   4.8699797491342442E-003
          17          16   2.0795339387845148E-002
