           1           1   2.5110284267251588     
           1           2   6.3411051709422933E-002
           1           3  -1.7414970116300446     
           1           4  0.47947490937433823     
           1           5  0.36148307911759009     
           1           6   1.7003471458663389E-012
           1           7  -1.8737552078366238E-012
           1           8   1.7612627274855623E-012
           1           9  -6.9123466483757825E-014
           1          10   3.5694165137608799E-013
           1          11  -1.9567440425632537E-013
           1          12   1.0605295175610318E-013
           1          13   3.8242537445572217E-015
           1          14   9.3436905233451961E-014
           1          15   5.2434380635350940E-013
           1          16  -8.3289934331162259E-013
           1          17   4.2953636872140560E-013
           1          18  -5.8708589335931562E-014
           1          19   1.1390620547147728E-013
           1          20  -4.9135154178298223E-014
           1          21  0.39344357742755603     
           1          22  -5.6335982662598300E-015
           1          23  0.39344357742756436     
           1          24   3.1398268836955835E-015
           1          25   8.1270933410532511E-015
           1          26  0.39344357742758629     
           1          27 -0.11661342184573953     
           1          28   3.0297722806594939E-015
           1          29 -0.11661342184576015     
           1          30   2.3824475746158164E-015
           1          31  -6.7899622738776710E-015
           1          32 -0.11661342184576234     
           1          33 -0.17103445427606914     
           1          34  -8.9991264072339577E-015
           1          35 -0.17103445427607011     
           1          36   1.5417511888679054E-015
           1          37   1.1436160971570557E-014
           1          38 -0.17103445427606148     
           1          39  -3.1359842972317746E-013
           1          40   2.0789092487247940E-013
           1          41  -1.4096421261676719E-013
           1          42   4.5532361943549725E-013
           1          43  -1.0987588968912108E-013
           1          44  -3.7236718937103478E-015
           1          45  -1.1662108428987081E-013
           1          46  -1.3877219504483354E-013
           1          47   2.0454729676387792E-013
           1          48  -2.7065135609338881E-013
           2           1   6.3411051709422933E-002
           2           2  0.20482224784327685     
           2           3  -1.0076152364805808     
           2           4  0.53964781365005332     
           2           5  0.31644857170801383     
           2           6   1.1589641571872477E-012
           2           7  -1.3142844978582465E-012
           2           8   1.2398961449729441E-012
           2           9   8.3494375465186581E-015
           2          10   2.6084206720631822E-013
           2          11  -1.2560783825605979E-013
           2          12   1.0075762984739788E-013
           2          13  -2.8360134630353032E-014
           2          14   6.4041184099091708E-014
           2          15   2.8292902581408338E-013
           2          16  -3.5107712049015042E-013
           2          17   3.1213023353062771E-013
           2          18  -2.8982058432728288E-014
           2          19   4.5238304685826818E-014
           2          20  -3.7017491196887420E-014
           2          21  0.21255802063190835     
           2          22  -5.4681029879610944E-015
           2          23  0.21255802063191381     
           2          24   4.1551500991049415E-015
           2          25   5.1162124198073412E-015
           2          26  0.21255802063193519     
           2          27 -0.15034006846190653     
           2          28   5.5983980810073919E-015
           2          29 -0.15034006846192138     
           2          30  -2.8413223649986603E-015
           2          31  -5.3139499200728903E-015
           2          32 -0.15034006846191347     
           2          33 -0.15402422624008907     
           2          34  -8.0891626922121121E-015
           2          35 -0.15402422624008844     
           2          36   4.3015734616285643E-015
           2          37   8.5008490092156359E-015
           2          38 -0.15402422624008977     
           2          39  -1.7907627338112560E-013
           2          40   9.5612443242110037E-014
           2          41  -8.0089628859367999E-014
           2          42   2.0112699797677664E-013
           2          43  -8.0338902868603507E-014
           2          44  -2.7212499674724642E-015
           2          45  -8.2286399423278800E-014
           2          46  -7.7636833262764071E-014
           2          47   9.1205269641708114E-014
           2          48  -1.9441564742970119E-013
           3           1  -1.7414970116300446     
           3           2  -1.0076152364805808     
           3           3   6.0842097176579175     
           3           4  -4.0461962993893303     
           3           5  -2.2743970943290153     
           3           6  -5.4261569227296023E-012
           3           7   6.6577584237320149E-012
           3           8  -6.0237471045732316E-012
           3           9  -5.0470421248482324E-013
           3          10  -1.4711030044779523E-012
           3          11   5.5708581557540441E-013
           3          12  -6.3631586670072112E-013
           3          13   9.0460485819278051E-014
           3          14  -3.3262658298162114E-013
           3          15  -1.2623284519588540E-012
           3          16   1.8082468288374858E-012
           3          17  -1.5197128737373708E-012
           3          18   1.2012433169550398E-013
           3          19  -2.3659310624393951E-013
           3          20   1.7895645092226720E-013
           3          21  -1.3465136568223746     
           3          22   3.3615735318865691E-014
           3          23  -1.3465136568223739     
           3          24  -2.2662661327268743E-014
           3          25  -1.2084227953137317E-014
           3          26  -1.3465136568225666     
           3          27   1.1449896723833062     
           3          28  -2.6956743482320553E-014
           3          29   1.1449896723833799     
           3          30   1.2185592973436776E-014
           3          31   2.7965922097062420E-014
           3          32   1.1449896723833228     
           3          33   1.1130917727536194     
           3          34   3.9357141734954618E-014
           3          35   1.1130917727536185     
           3          36  -1.9074870010207098E-014
           3          37  -4.1057955031673794E-014
           3          38   1.1130917727536276     
           3          39   8.2493444046684082E-013
           3          40  -4.8679168230555794E-013
           3          41   3.6771020567815321E-013
           3          42  -1.0285127063598759E-012
           3          43   3.9104259459482808E-013
           3          44   1.3945670785114788E-014
           3          45   4.0353959635265476E-013
           3          46   3.5730552661461441E-013
           3          47  -4.6581221476037834E-013
           3          48   9.5070589742380611E-013
           4           1  0.47947490937433823     
           4           2  0.53964781365005332     
           4           3  -4.0461962993893303     
           4           4   6.2468271750249755     
           4           5   3.1031916562442090     
           4           6  -1.0500989541748827E-012
           4           7  -6.2061746174427396E-013
           4           8  -1.1116951061925285E-015
           4           9   2.0207094993135507E-012
           4          10   8.2199173038719347E-013
           4          11   2.9321777895226908E-013
           4          12   6.5103161764944774E-013
           4          13   1.3123255913704527E-013
           4          14   9.2944388129840748E-014
           4          15  -7.2780000859462647E-013
           4          16   3.9484256131406723E-013
           4          17   5.0083129093306617E-014
           4          18   1.2120029250175451E-013
           4          19  -4.7350920557604854E-014
           4          20  -4.6342614574177287E-015
           4          21   1.0466493598628486     
           4          22  -3.2487971362357149E-014
           4          23   1.0466493598627391     
           4          24   1.5752306274141986E-014
           4          25  -5.2183982350425482E-014
           4          26   1.0466493598631088     
           4          27  -1.8467320020848363     
           4          28   9.6683035677342170E-015
           4          29  -1.8467320020848430     
           4          30  -7.3912441823964133E-015
           4          31  -1.0192649151214932E-014
           4          32  -1.8467320020847404     
           4          33  -1.5449203471153685     
           4          34  -5.6873594512656763E-015
           4          35  -1.5449203471153738     
           4          36   2.6458523091673504E-015
           4          37   5.4838989344635525E-016
           4          38  -1.5449203471154067     
           4          39   3.1950896168423455E-013
           4          40  -9.1213551766829038E-014
           4          41   1.4927993918208830E-013
           4          42  -2.1609811624181752E-013
           4          43  -1.4251295771420367E-014
           4          44  -3.2092052551586624E-015
           4          45  -1.7751979625398434E-014
           4          46   1.4611549572698462E-013
           4          47  -9.5820119971071441E-014
           4          48  -4.1511463940352579E-014
           5           1  0.36148307911759009     
           5           2  0.31644857170801383     
           5           3  -2.2743970943290153     
           5           4   3.1031916562442090     
           5           5   1.5618394321872984     
           5           6  -7.8449913803420368E-014
           5           7  -9.4960306661644318E-013
           5           8   4.5693849419358399E-013
           5           9   9.3683105842635577E-013
           5          10   5.4720932798834755E-013
           5          11   8.0808019639064166E-014
           5          12   3.3600023321935509E-013
           5          13   5.6213909902079381E-014
           5          14   6.4548850537318058E-014
           5          15  -2.3457548943775491E-013
           5          16   1.3878985477939104E-014
           5          17   1.3644558031284676E-013
           5          18   4.5536763357383818E-014
           5          19  -7.4848117473536209E-016
           5          20  -1.5516016792121855E-014
           5          21  0.57125124045110953     
           5          22  -1.7083272837570005E-014
           5          23  0.57125124045106046     
           5          24   8.7523059833549185E-015
           5          25  -2.2471168104301992E-014
           5          26  0.57125124045124076     
           5          27 -0.91345128068496462     
           5          28   6.3359076585738875E-015
           5          29 -0.91345128068497328     
           5          30  -4.1916222158082429E-015
           5          31  -6.6732071370300230E-015
           5          32 -0.91345128068492309     
           5          33 -0.77608572710202417     
           5          34  -5.5024613525037724E-015
           5          35 -0.77608572710202661     
           5          36   2.5961477967178079E-015
           5          37   3.3391861245493814E-015
           5          38 -0.77608572710204171     
           5          39   8.3551556549339162E-014
           5          40   3.1440025358627355E-015
           5          41   4.0316775055215876E-014
           5          42  -2.8823226055632942E-015
           5          43  -3.5650023523305302E-014
           5          44  -2.4894986132896543E-015
           5          45  -3.8186759029447322E-014
           5          46   3.9675324467715300E-014
           5          47  -4.8497454194685708E-016
           5          48  -8.9820147711382087E-014
           6           1   1.7003471458663389E-012
           6           2   1.1589641571872477E-012
           6           3  -5.4261569227296023E-012
           6           4  -1.0500989541748827E-012
           6           5  -7.8449913803420368E-014
           6           6   3.1651342014678470     
           6           7  -3.0231536151773323E-002
           6           8  0.14597203562083216     
           6           9  -1.6973185270140831     
           6          10   4.5330101525444942E-002
           6          11 -0.21887499071666455     
           6          12 -0.19980610277884142     
           6          13   1.0508876919554709E-002
           6          14  -5.0741786600922059E-002
           6          15  0.40120034687078970     
           6          16   1.6628323982463206E-004
           6          17  -8.0289347190619614E-004
           6          18  -3.8533140854238736E-002
           6          19   4.3778445631789960E-005
           6          20  -2.1138286823709870E-004
           6          21   8.8071155756983097E-013
           6          22  -2.5677780329299979E-014
           6          23   9.9400501282081630E-013
           6          24   1.9905884860930559E-014
           6          25   9.4832614115681234E-014
           6          26   9.9749675182044165E-013
           6          27   3.6801712150158342E-013
           6          28  -1.2753719634868206E-014
           6          29   4.2208145661283218E-013
           6          30  -1.1680347936373289E-015
           6          31   2.3990509310276283E-014
           6          32   3.9229360683636937E-013
           6          33   8.0372583845221014E-014
           6          34   6.2321053825720165E-015
           6          35   4.6509864687368000E-014
           6          36  -1.5126805628993875E-015
           6          37   1.9634927410977684E-015
           6          38   7.7399612360040343E-014
           6          39 -0.24290671819038726     
           6          40  -2.9472259624764064E-004
           6          41 -0.10863118681300819     
           6          42  -6.5901975971314184E-004
           6          43   1.4230589244523929E-003
           6          44  -7.2748883855780990E-015
           6          45   1.4230589244655712E-003
           6          46 -0.10863118681301598     
           6          47  -2.9472259625014239E-004
           6          48   3.1820564910788598E-003
           7           1  -1.8737552078366238E-012
           7           2  -1.3142844978582465E-012
           7           3   6.6577584237320149E-012
           7           4  -6.2061746174427396E-013
           7           5  -9.4960306661644318E-013
           7           6  -3.0231536151773323E-002
           7           7   3.1962720199500776     
           7           8   8.9017857872442929E-002
           7           9   4.5330101525453699E-002
           7          10  -1.7440075363318472     
           7          11 -0.13347613282628112     
           7          12   1.0508876919523704E-002
           7          13 -0.21063001527633707     
           7          14  -3.0943770350395011E-002
           7          15   1.6628323985447876E-004
           7          16  0.40102907878440652     
           7          17  -4.8962704857745561E-004
           7          18   4.3778445625356081E-005
           7          19  -3.8578231692006346E-002
           7          20  -1.2890722554378216E-004
           7          21  -1.3695791957112594E-012
           7          22  -6.5417687202852790E-015
           7          23  -1.3261949766355240E-012
           7          24   2.5831153651075341E-014
           7          25   6.5399668987310643E-014
           7          26  -1.3354524873081346E-012
           7          27   6.3255316175849046E-014
           7          28   2.4361993132882245E-016
           7          29   1.0329911893375652E-013
           7          30  -9.5808752971653033E-016
           7          31   4.8443239963653272E-015
           7          32   8.6322585642787557E-014
           7          33   4.1739125314131826E-013
           7          34   2.2571782085349840E-015
           7          35   4.2160200739005016E-013
           7          36   9.2350195210160663E-015
           7          37   9.3631497302793261E-015
           7          38   4.1565411139774210E-013
           7          39  -6.5901975971614129E-004
           7          40 -0.10832762900967154     
           7          41  -2.9472259625097825E-004
           7          42 -0.24222794230700090     
           7          43   8.6782140526505791E-004
           7          44   9.4096618970076001E-015
           7          45   8.6782140527583271E-004
           7          46  -2.9472259626250836E-004
           7          47 -0.10832762900967369     
           7          48   1.9405076545103855E-003
           8           1   1.7612627274855623E-012
           8           2   1.2398961449729441E-012
           8           3  -6.0237471045732316E-012
           8           4  -1.1116951061925285E-015
           8           5   4.5693849419358399E-013
           8           6  0.14597203562083216     
           8           7   8.9017857872442929E-002
           8           8   2.7848880933857565     
           8           9 -0.21887499071665981     
           8          10 -0.13347613282628190     
           8          11  -1.1271657369776569     
           8          12  -5.0741786600936790E-002
           8          13  -3.0943770350429001E-002
           8          14  -6.7627587968936698E-002
           8          15  -8.0289347193654209E-004
           8          16  -4.8962704853688455E-004
           8          17  0.40329182361568316     
           8          18  -2.1138286822081157E-004
           8          19  -1.2890722555589440E-004
           8          20  -3.7982504476420140E-002
           8          21   1.1204441904105679E-012
           8          22  -2.2787942721258146E-016
           8          23   1.1596986921222635E-012
           8          24   9.0038238957071126E-015
           8          25   3.6318924296987105E-014
           8          26   1.1612397713403459E-012
           8          27   7.8866865624965597E-014
           8          28  -3.2090794021305979E-016
           8          29   8.9063896217704399E-014
           8          30   1.5943206104521799E-015
           8          31   1.1421822858450150E-014
           8          32   8.7992585872306000E-014
           8          33  -1.9179987552644054E-013
           8          34   2.5516113114432307E-015
           8          35  -1.9250668040205920E-013
           8          36   5.4144270331362639E-016
           8          37  -2.5557618844034803E-016
           8          38  -1.9672306627519274E-013
           8          39   3.1820564910938257E-003
           8          40   8.6782140526095832E-004
           8          41   1.4230589244663616E-003
           8          42   1.9405076545042290E-003
           8          43 -0.11233814763806821     
           8          44  -6.1892242020442893E-016
           8          45 -0.11233814763806071     
           8          46   1.4230589244655228E-003
           8          47   8.6782140526305018E-004
           8          48 -0.25119573458512096     
           9           1  -6.9123466483757825E-014
           9           2   8.3494375465186581E-015
           9           3  -5.0470421248482324E-013
           9           4   2.0207094993135507E-012
           9           5   9.3683105842635577E-013
           9           6  -1.6973185270140831     
           9           7   4.5330101525453699E-002
           9           8 -0.21887499071665981     
           9           9   2.1620886840233711     
           9          10  -6.7969358023741752E-002
           9          11  0.32818793926843598     
           9          12  0.47690902045747258     
           9          13  -1.5757335495296274E-002
           9          14   7.6083806216616742E-002
           9          15  -4.3244506004763900E-002
           9          16  -2.4933023936511272E-004
           9          17   1.2038833360597237E-003
           9          18   6.7222158199960313E-003
           9          19  -6.5642757115751325E-005
           9          20   3.1695401879041485E-004
           9          21   3.2187774913825385E-013
           9          22   3.3960471005851302E-014
           9          23   1.4487560664007470E-013
           9          24  -3.7959521280945605E-014
           9          25  -1.3678339308580581E-013
           9          26   1.6329979367486859E-013
           9          27  -5.6216320187690364E-013
           9          28   9.7582562925363148E-015
           9          29  -6.4475267420857655E-013
           9          30   2.5871753556360850E-015
           9          31  -2.6644689518284583E-014
           9          32  -6.0325949395823031E-013
           9          33  -4.7971297698292781E-013
           9          34  -4.1785103333277214E-015
           9          35  -4.5552551009895581E-013
           9          36  -5.6376152560339312E-015
           9          37  -7.5907787566533957E-015
           9          38  -4.7648122298871570E-013
           9          39   2.1773137425113612E-003
           9          40   4.4191618788998248E-004
           9          41   9.7372430731348372E-004
           9          42   9.8815463646939128E-004
           9          43  -2.1337786210505728E-003
           9          44  -1.2110154190371877E-015
           9          45  -2.1337786210722811E-003
           9          46   9.7372430732617008E-004
           9          47   4.4191618789118323E-004
           9          48  -4.7712740456330111E-003
          10           1   3.5694165137608799E-013
          10           2   2.6084206720631822E-013
          10           3  -1.4711030044779523E-012
          10           4   8.2199173038719347E-013
          10           5   5.4720932798834755E-013
          10           6   4.5330101525444942E-002
          10           7  -1.7440075363318472     
          10           8 -0.13347613282628190     
          10           9  -6.7969358023741752E-002
          10          10   2.2320956304740003     
          10          11  0.20013824708956468     
          10          12  -1.5757335495250595E-002
          10          13  0.49313873005447795     
          10          14   4.6398047539579670E-002
          10          15  -2.4933023942600108E-004
          10          16  -4.2987701332298969E-002
          10          17   7.3416195953703738E-004
          10          18  -6.5642757100321949E-005
          10          19   6.7898264185604611E-003
          10          20   1.9328748603304776E-004
          10          21   4.0221682006571312E-013
          10          22   1.4428325572477615E-014
          10          23   3.3918124856521972E-013
          10          24  -2.9224723683794631E-014
          10          25  -1.0011612881217083E-013
          10          26   3.3220306342685082E-013
          10          27  -1.9230140442770470E-013
          10          28   3.5098379394856972E-015
          10          29  -2.4327386889783349E-013
          10          30   1.8820880445391491E-016
          10          31  -1.8471514181097638E-014
          10          32  -2.2033723883455294E-013
          10          33  -2.6388418670020129E-013
          10          34  -1.3416755229624758E-015
          10          35  -2.5134798448213093E-013
          10          36  -6.8210584122336375E-015
          10          37  -6.0796191260276682E-015
          10          38  -2.6229345966482549E-013
          10          39   9.8815463649121367E-004
          10          40   5.1856033634578884E-004
          10          41   4.4191618789467729E-004
          10          42   1.1595361624960232E-003
          10          43  -1.3012382900111138E-003
          10          44  -2.4230649701604814E-015
          10          45  -1.3012382900281078E-003
          10          46   4.4191618790441202E-004
          10          47   5.1856033634929905E-004
          10          48  -2.9096572714120859E-003
          11           1  -1.9567440425632537E-013
          11           2  -1.2560783825605979E-013
          11           3   5.5708581557540441E-013
          11           4   2.9321777895226908E-013
          11           5   8.0808019639064166E-014
          11           6 -0.21887499071666455     
          11           7 -0.13347613282628112     
          11           8  -1.1271657369776569     
          11           9  0.32818793926843598     
          11          10  0.20013824708956468     
          11          11   1.3071839339762061     
          11          12   7.6083806216665675E-002
          11          13   4.6398047539605448E-002
          11          14  0.27871646200669908     
          11          15   1.2038833360589779E-003
          11          16   7.3416195950471829E-004
          11          17  -4.6380531005467907E-002
          11          18   3.1695401878221747E-004
          11          19   1.9328748603365158E-004
          11          20   5.8965745828113598E-003
          11          21  -4.9281955369306104E-014
          11          22  -3.9430765635005135E-016
          11          23  -1.0947610766314077E-013
          11          24  -1.3321320264066293E-014
          11          25  -5.4508885042299888E-014
          11          26  -1.0900815401489302E-013
          11          27  -8.4237805071874140E-014
          11          28   1.1727229256190660E-015
          11          29  -9.9967381915868597E-014
          11          30  -1.1228067455182023E-015
          11          31  -1.8274710565746105E-014
          11          32  -9.6616465599802471E-014
          11          33  -4.8694046262215897E-014
          11          34  -4.9284458866336108E-015
          11          35  -4.4931485195052178E-014
          11          36  -2.1480036301084245E-015
          11          37   1.6299892637468440E-015
          11          38  -4.3515159110245654E-014
          11          39  -4.7712740456406586E-003
          11          40  -1.3012382900109548E-003
          11          41  -2.1337786210705802E-003
          11          42  -2.9096572714010630E-003
          11          43   6.5320561666803540E-003
          11          44   3.8527548932958897E-016
          11          45   6.5320561666714766E-003
          11          46  -2.1337786210654784E-003
          11          47  -1.3012382900104010E-003
          11          48   1.4606121621535545E-002
          12           1   1.0605295175610318E-013
          12           2   1.0075762984739788E-013
          12           3  -6.3631586670072112E-013
          12           4   6.5103161764944774E-013
          12           5   3.3600023321935509E-013
          12           6 -0.19980610277884142     
          12           7   1.0508876919523704E-002
          12           8  -5.0741786600936790E-002
          12           9  0.47690902045747258     
          12          10  -1.5757335495250595E-002
          12          11   7.6083806216665675E-002
          12          12  0.12182694096797948     
          12          13  -3.6530229081142450E-003
          12          14   1.7638507927240435E-002
          12          15   2.5446438544754243E-002
          12          16  -5.7802226550973477E-005
          12          17   2.7909626006735936E-004
          12          18  -1.6852635541923216E-003
          12          19  -1.5217959632782965E-005
          12          20   7.3479446559490387E-005
          12          21   1.7992059423632181E-013
          12          22   7.5845183357033444E-015
          12          23   1.3843343166160236E-013
          12          24  -9.3155302733005673E-015
          12          25  -3.1366683579447700E-014
          12          26   1.4420787142506558E-013
          12          27  -1.7847805711990098E-013
          12          28   1.6672728101193013E-015
          12          29  -1.9772157978504914E-013
          12          30   6.5288430706067398E-016
          12          31  -5.5844459638273174E-015
          12          32  -1.8830371794760806E-013
          12          33  -1.6798901062750526E-013
          12          34  -6.4048999244720695E-016
          12          35  -1.6407078396544334E-013
          12          36  -1.8092399144789469E-015
          12          37  -2.0549826866353706E-015
          12          38  -1.6731768439670841E-013
          12          39  -2.2496734926632487E-002
          12          40   1.0244942479803183E-004
          12          41  -1.0060845713549770E-002
          12          42   2.2908387810131767E-004
          12          43  -4.9467387337640597E-004
          12          44  -1.0507101720254943E-015
          12          45  -4.9467387338156276E-004
          12          46  -1.0060845713546766E-002
          12          47   1.0244942479814789E-004
          12          48  -1.1061244075696046E-003
          13           1   3.8242537445572217E-015
          13           2  -2.8360134630353032E-014
          13           3   9.0460485819278051E-014
          13           4   1.3123255913704527E-013
          13           5   5.6213909902079381E-014
          13           6   1.0508876919554709E-002
          13           7 -0.21063001527633707     
          13           8  -3.0943770350429001E-002
          13           9  -1.5757335495296274E-002
          13          10  0.49313873005447795     
          13          11   4.6398047539605448E-002
          13          12  -3.6530229081142450E-003
          13          13  0.12558947435870549     
          13          14   1.0756458831795103E-002
          13          15  -5.7802226565759670E-005
          13          16   2.5505973569035091E-002
          13          17   1.7020075870252359E-004
          13          18  -1.5217959628930923E-005
          13          19  -1.6695893898967772E-003
          13          20   4.4809835682958913E-005
          13          21   7.6197927813477809E-015
          13          22   3.6383990729353257E-015
          13          23  -6.8656575853803336E-015
          13          24  -6.1711467600800669E-015
          13          25  -2.3340406049132082E-014
          13          26  -9.8086408551187179E-015
          13          27  -3.3110213390137109E-014
          13          28   1.0598813371721202E-015
          13          29  -4.4350892999238603E-014
          13          30  -3.5679764572888569E-017
          13          31  -4.9943066184935047E-015
          13          32  -3.9193500880945335E-014
          13          33  -2.9931060522723751E-014
          13          34  -1.8125648757692871E-016
          13          35  -2.5827214107213772E-014
          13          36  -1.1349346463002014E-015
          13          37  -9.0373551758461380E-016
          13          38  -2.9626703801113887E-014
          13          39   2.2908387810780827E-004
          13          40  -1.0166366371745537E-002
          13          41   1.0244942479924891E-004
          13          42  -2.2732686291393092E-002
          13          43  -3.0166605792852230E-004
          13          44   1.8070332699154057E-016
          13          45  -3.0166605793251520E-004
          13          46   1.0244942480102527E-004
          13          47  -1.0166366371744704E-002
          13          48  -6.7454581203816645E-004
          14           1   9.3436905233451961E-014
          14           2   6.4041184099091708E-014
          14           3  -3.3262658298162114E-013
          14           4   9.2944388129840748E-014
          14           5   6.4548850537318058E-014
          14           6  -5.0741786600922059E-002
          14           7  -3.0943770350395011E-002
          14           8  -6.7627587968936698E-002
          14           9   7.6083806216616742E-002
          14          10   4.6398047539579670E-002
          14          11  0.27871646200669908     
          14          12   1.7638507927240435E-002
          14          13   1.0756458831795103E-002
          14          14   7.5879962403296239E-002
          14          15   2.7909626006069894E-004
          14          16   1.7020075870008018E-004
          14          17   2.4719413904622130E-002
          14          18   7.3479446558877894E-005
          14          19   4.4809835681656847E-005
          14          20  -1.8766719527905076E-003
          14          21   7.7974489946344414E-014
          14          22  -1.3817188722156138E-016
          14          23   6.3934881486177964E-014
          14          24  -3.0768906945510222E-015
          14          25  -1.2640044838405638E-014
          14          26   6.4219903934122524E-014
          14          27  -2.0432783894427065E-014
          14          28   3.1580765939990934E-016
          14          29  -2.4107315116115123E-014
          14          30  -1.7975619792983952E-016
          14          31  -4.3095911756678028E-015
          14          32  -2.3219636390340272E-014
          14          33  -3.1675790132056898E-014
          14          34  -1.2126046352154951E-015
          14          35  -3.0631803497111682E-014
          14          36  -5.8286011473411990E-016
          14          37   4.5709051228053772E-016
          14          38  -3.0615136508036140E-014
          14          39  -1.1061244075675051E-003
          14          40  -3.0166605792967714E-004
          14          41  -4.9467387337967462E-004
          14          42  -6.7454581203731209E-004
          14          43  -8.7722577020035164E-003
          14          44   5.4835909506289249E-017
          14          45  -8.7722577020054246E-003
          14          46  -4.9467387337824716E-004
          14          47  -3.0166605792931431E-004
          14          48  -1.9615364537827772E-002
          15           1   5.2434380635350940E-013
          15           2   2.8292902581408338E-013
          15           3  -1.2623284519588540E-012
          15           4  -7.2780000859462647E-013
          15           5  -2.3457548943775491E-013
          15           6  0.40120034687078970     
          15           7   1.6628323985447876E-004
          15           8  -8.0289347193654209E-004
          15           9  -4.3244506004763900E-002
          15          10  -2.4933023942600108E-004
          15          11   1.2038833360589779E-003
          15          12   2.5446438544754243E-002
          15          13  -5.7802226565759670E-005
          15          14   2.7909626006069894E-004
          15          15   7.4458868927892413E-002
          15          16  -9.1461169195606086E-007
          15          17   4.4161741313246716E-006
          15          18  -6.7986437062098823E-003
          15          19  -2.4079562731631477E-007
          15          20   1.1626742342259871E-006
          15          21   2.0724882821845945E-013
          15          22  -4.8238253418093726E-016
          15          23   2.0564712710536794E-013
          15          24  -1.2233739890221557E-015
          15          25   2.2146766221342518E-016
          15          26   2.0887671845500988E-013
          15          27   2.4069506591112478E-013
          15          28  -1.2157948106975016E-015
          15          29   2.4018846621881196E-013
          15          30   1.2118902204737048E-016
          15          31   1.1488199857258404E-015
          15          32   2.3991680136465992E-013
          15          33   1.2667579168511472E-013
          15          34   6.7509380112756740E-016
          15          35   1.2321126232877668E-013
          15          36  -1.0772447418602952E-015
          15          37  -6.4884580647730401E-016
          15          38   1.2652379678843005E-013
          15          39  -4.8377322034928463E-002
          15          40   1.6210697363288450E-006
          15          41  -2.1634996127898605E-002
          15          42   3.6248221256640587E-006
          15          43  -7.8272849706601723E-006
          15          44  -1.6241094588002581E-015
          15          45  -7.8272849710019958E-006
          15          46  -2.1634996127898425E-002
          15          47   1.6210697359923898E-006
          15          48  -1.7502341274407652E-005
          16           1  -8.3289934331162259E-013
          16           2  -3.5107712049015042E-013
          16           3   1.8082468288374858E-012
          16           4   3.9484256131406723E-013
          16           5   1.3878985477939104E-014
          16           6   1.6628323982463206E-004
          16           7  0.40102907878440652     
          16           8  -4.8962704853688455E-004
          16           9  -2.4933023936511272E-004
          16          10  -4.2987701332298969E-002
          16          11   7.3416195950471829E-004
          16          12  -5.7802226550973477E-005
          16          13   2.5505973569035091E-002
          16          14   1.7020075870008018E-004
          16          15  -9.1461169195606086E-007
          16          16   7.4459810957797787E-002
          16          17   2.6931073411457066E-006
          16          18  -2.4079562662529449E-007
          16          19  -6.7983956919928541E-003
          16          20   7.0903149156279717E-007
          16          21  -3.3538952662815461E-013
          16          22   6.7028438701551054E-016
          16          23  -3.3535132144020894E-013
          16          24   1.1633963721748578E-015
          16          25  -6.4173807118294190E-016
          16          26  -3.3816463718444927E-013
          16          27  -1.4805028213298243E-013
          16          28   5.3076525896333659E-016
          16          29  -1.4702504570437164E-013
          16          30  -1.6614852251309674E-016
          16          31  -1.5656188307869260E-015
          16          32  -1.4727749315360800E-013
          16          33  -2.2121324949982614E-014
          16          34   2.6808860430337147E-016
          16          35  -1.9556145786654052E-014
          16          36   9.1399450864088916E-016
          16          37   1.0414798182803035E-015
          16          38  -2.2251004993677345E-014
          16          39   3.6248221257805084E-006
          16          40  -2.1636665794121247E-002
          16          41   1.6210697352857923E-006
          16          42  -4.8381055522100147E-002
          16          43  -4.7732987905053752E-006
          16          44   1.5528925052017384E-015
          16          45  -4.7732987906797759E-006
          16          46   1.6210697343115211E-006
          16          47  -2.1636665794121206E-002
          16          48  -1.0673420573792151E-005
          17           1   4.2953636872140560E-013
          17           2   3.1213023353062771E-013
          17           3  -1.5197128737373708E-012
          17           4   5.0083129093306617E-014
          17           5   1.3644558031284676E-013
          17           6  -8.0289347190619614E-004
          17           7  -4.8962704857745561E-004
          17           8  0.40329182361568316     
          17           9   1.2038833360597237E-003
          17          10   7.3416195953703738E-004
          17          11  -4.6380531005467907E-002
          17          12   2.7909626006735936E-004
          17          13   1.7020075870252359E-004
          17          14   2.4719413904622130E-002
          17          15   4.4161741313246716E-006
          17          16   2.6931073411457066E-006
