           1           1   2.3055174833727952     
           1           2 -0.79583210317210584     
           1           3   2.1295319919606648E-002
           1           4  -2.2815282803710235     
           1           5  0.87714968011089289     
           1           6 -0.47211090380653120     
           1           7   4.9873125378670335E-013
           1           8   1.1961266481935790E-013
           1           9  -5.7559134178902989E-014
           1          10  -1.5249369118407778E-012
           1          11  -9.5339319164600943E-013
           1          12   2.0675612143348204E-014
           1          13   2.7375453813986689E-012
           1          14   1.5891513681634628E-012
           1          15  -4.0022878679618023E-014
           1          16   9.7309870047520832E-014
           1          17   3.4823287803646594E-015
           1          18   6.3162164521475268E-015
           1          19   6.4893067955557172E-014
           1          20   1.8017443639525751E-014
           1          21  -3.2705665193796722E-015
           1          22  0.90174198699987362     
           1          23   3.1871125682494129E-015
           1          24  0.90174198699990238     
           1          25   1.2860878306772748E-014
           1          26  -8.7670947843708994E-016
           1          27  0.90174198699986929     
           1          28  0.22370311074293034     
           1          29  -5.8707628743960594E-015
           1          30  0.22370311074292326     
           1          31  -4.7252349748174753E-015
           1          32  -1.3200586300901868E-015
           1          33  0.22370311074293842     
           1          34 -0.21699478101878250     
           1          35   3.4713693863864478E-015
           1          36 -0.21699478101878039     
           1          37   8.9920307663636744E-016
           1          38   7.7568370464242349E-016
           1          39 -0.21699478101878722     
           1          40  0.12163071746419106     
           1          41  -2.2855642567137648E-015
           1          42  0.12163071746418755     
           1          43  -3.3292108260570477E-015
           1          44  -2.2125309897132884E-015
           1          45  0.12163071746418749     
           1          46  -1.3801050857047631E-012
           1          47  -3.4289664067616843E-013
           1          48  -6.1496689855528704E-013
           1          49  -7.6533323937671527E-013
           1          50   6.3460795904501272E-015
           1          51  -1.5216969863366948E-015
           1          52   6.8433012767007876E-015
           1          53  -6.1797413476939522E-013
           1          54  -3.4210750450823765E-013
           1          55   1.9208155973635977E-014
           1          56  -9.0576304460866438E-014
           1          57  -1.0571721882945078E-014
           1          58  -4.0298102599666504E-014
           1          59  -2.3063741826505531E-014
           1          60   1.3294143096187562E-015
           1          61   2.9854917834652056E-016
           1          62   4.5555053576252190E-016
           1          63  -3.7487239176974366E-014
           1          64  -1.0365354785768505E-014
           1          65  -1.8698164160597225E-015
           2           1 -0.79583210317210584     
           2           2   2.3580121412374444     
           2           3  0.47543833407772318     
           2           4   3.8636501857893353     
           2           5  -1.5510115348711619     
           2           6  0.83261492046452235     
           2           7  -1.0555737334829456E-012
           2           8   1.5388892350303447E-014
           2           9   1.8175881571017986E-013
           2          10   1.2855052137892235E-012
           2          11   6.1198477128141563E-013
           2          12  -9.5228091381674696E-014
           2          13  -2.2815499644619085E-012
           2          14  -1.1140669989956200E-012
           2          15   1.9224913240055052E-013
           2          16   9.0824698748188084E-015
           2          17  -5.2693177807509176E-014
           2          18   5.0345038482815203E-015
           2          19  -4.5425859943147531E-015
           2          20  -3.4937824409154845E-014
           2          21   4.5874391523238671E-015
           2          22  -1.6596214067034718     
           2          23  -8.7743001684280258E-016
           2          24  -1.6596214067035109     
           2          25  -1.7752074343639970E-014
           2          26   3.8228171589151559E-015
           2          27  -1.6596214067034565     
           2          28 -0.36784914368787047     
           2          29   4.5001557600360361E-015
           2          30 -0.36784914368784416     
           2          31   5.8808143102742706E-015
           2          32  -6.1911098672968787E-015
           2          33 -0.36784914368787458     
           2          34  0.38011313793914731     
           2          35  -9.3377856035227355E-016
           2          36  0.38011313793912915     
           2          37  -8.1249963109385875E-016
           2          38  -1.2703156777522186E-016
           2          39  0.38011313793914214     
           2          40 -0.21341347823960355     
           2          41   9.1098784532100272E-016
           2          42 -0.21341347823959042     
           2          43   2.8160714167463311E-015
           2          44   3.5495405441378417E-015
           2          45 -0.21341347823959544     
           2          46   1.1010234787733589E-012
           2          47   2.5536866431752521E-013
           2          48   4.9330548264445563E-013
           2          49   5.7051975647189093E-013
           2          50  -4.3575385572787934E-014
           2          51   2.4408050353723325E-015
           2          52  -4.2111522437834337E-014
           2          53   4.9606047813996880E-013
           2          54   2.5548030762092117E-013
           2          55  -9.8158131370911591E-014
           2          56   1.5495710944347945E-014
           2          57   1.8349718890537515E-014
           2          58   4.7688973866785788E-015
           2          59   4.6235692914598208E-014
           2          60  -1.0213136150845791E-015
           2          61   1.0799857712766678E-015
           2          62  -3.8383435241277219E-015
           2          63   1.5208829920581296E-015
           2          64   2.1083241945794723E-014
           2          65  -4.3356755137675787E-015
           3           1   2.1295319919606648E-002
           3           2  0.47543833407772318     
           3           3   6.3843207297403897     
           3           4  -7.3829528894507028     
           3           5   1.5353912775389511     
           3           6 -0.91424737307832693     
           3           7   1.7333589599939018E-012
           3           8   1.5420849701039295E-012
           3           9   1.3374061750632511E-013
           3          10  -1.4163255558641105E-011
           3          11  -1.0978019227669800E-011
           3          12  -2.7892768014796306E-013
           3          13   2.4355891586052294E-011
           3          14   1.8916444056922492E-011
           3          15   5.4347839564736260E-013
           3          16   4.8724258791797494E-013
           3          17   4.5791406587068137E-013
           3          18   2.4883125632193296E-014
           3          19   4.3839262080427257E-013
           3          20   4.0263920181349669E-013
           3          21   7.4475928812998257E-016
           3          22   1.0344148448041997     
           3          23   2.2249584519475889E-014
           3          24   1.0344148448037775     
           3          25  -2.1827883449790469E-013
           3          26   3.5544121893195247E-014
           3          27   1.0344148448046251     
           3          28  0.96441026885864667     
           3          29  -9.2128503474138195E-015
           3          30  0.96441026885879011     
           3          31   5.3324106485390633E-014
           3          32  -2.1167423688698349E-014
           3          33  0.96441026885852121     
           3          34 -0.45170202170234086     
           3          35   6.8765706450103249E-015
           3          36 -0.45170202170240026     
           3          37  -1.7846560518475247E-014
           3          38   1.2703473126968458E-014
           3          39 -0.45170202170230378     
           3          40  0.26096142183890458     
           3          41  -7.2825345253042073E-015
           3          42  0.26096142183892057     
           3          43   4.8190993363940733E-015
           3          44  -9.9850797496523310E-015
           3          45  0.26096142183887161     
           3          46  -1.2006327307336687E-011
           3          47  -4.1944059965213414E-012
           3          48  -5.3655649752028770E-012
           3          49  -9.3659180944547216E-012
           3          50  -1.2501269734341079E-013
           3          51   1.7503175237059879E-015
           3          52  -1.3080159144493558E-013
           3          53  -5.3765008541400620E-012
           3          54  -4.1794993269520797E-012
           3          55  -2.6840280656876948E-013
           3          56  -5.9323750675723900E-013
           3          57  -2.3543779018934304E-013
           3          58  -2.6333955041205283E-013
           3          59  -5.2490824402807145E-013
           3          60  -2.1522580400348420E-015
           3          61  -8.1860887847440248E-015
           3          62  -6.9961270951798044E-015
           3          63  -2.5971684955325121E-013
           3          64  -2.3108187233972932E-013
           3          65  -1.2557736408125863E-014
           4           1  -2.2815282803710235     
           4           2   3.8636501857893353     
           4           3  -7.3829528894507028     
           4           4   17.195039823400947     
           4           5  -5.0496938121333370     
           4           6   2.8271186153878372     
           4           7  -5.2578420648828021E-012
           4           8  -2.5198177309727800E-012
           4           9   4.2830145235846326E-013
           4          10   2.3807593393027892E-011
           4          11   1.6433284267257791E-011
           4          12  -3.6783871538255262E-013
           4          13  -4.1228890104213747E-011
           4          14  -2.8476205228859487E-011
           4          15   6.3802009308804255E-013
           4          16  -7.8878740003147449E-013
           4          17  -7.4069822398045996E-013
           4          18   6.5140575385113252E-015
           4          19  -7.0464401977682802E-013
           4          20  -6.2542980040818352E-013
           4          21   3.1414742616292755E-014
           4          22  -4.6064957163412563     
           4          23   2.6232006162588086E-015
           4          24  -4.6064957163426943     
           4          25  -3.8304472808092901E-013
           4          26   8.8815048721032387E-014
           4          27  -4.6064957163409970     
           4          28  -1.9761113396719081     
           4          29   1.0653096767957022E-014
           4          30  -1.9761113396714092     
           4          31   1.5295368609585609E-013
           4          32  -2.5777452102759416E-014
           4          33  -1.9761113396720162     
           4          34   1.3353808130673590     
           4          35  -7.0807834476758383E-015
           4          36   1.3353808130671396     
           4          37  -6.5552916610253886E-014
           4          38   7.5116167597516920E-016
           4          39   1.3353808130674114     
           4          40 -0.75914083255155496     
           4          41   1.0304570948751607E-014
           4          42 -0.75914083255146592     
           4          43   2.8125586198488115E-014
           4          44   1.4254015158025531E-014
           4          45 -0.75914083255153186     
           4          46   2.0321493371287698E-011
           4          47   6.3306942932529091E-012
           4          48   9.0839245941288042E-012
           4          49   1.4137646658058632E-011
           4          50  -1.3866366108237687E-013
           4          51   2.6343154217815404E-015
           4          52  -1.2879447941963768E-013
           4          53   9.1039907613025825E-012
           4          54   6.3114138754820458E-012
           4          55  -3.2750585156239717E-013
           4          56   9.6967736847678327E-013
           4          57   3.6297880342228757E-013
           4          58   4.2721230507518474E-013
           4          59   8.1868148718233675E-013
           4          60  -1.3444441166235954E-014
           4          61   1.2346458732770013E-014
           4          62  -1.1889477590135414E-014
           4          63   4.1575758688210634E-013
           4          64   3.6214746275393493E-013
           4          65  -2.1966063825891281E-014
           5           1  0.87714968011089289     
           5           2  -1.5510115348711619     
           5           3   1.5353912775389511     
           5           4  -5.0496938121333370     
           5           5   1.6077171428805503     
           5           6 -0.88930956120018734     
           5           7   1.9579692776653807E-012
           5           8   9.2831152443064770E-015
           5           9  -2.6649922373706149E-013
           5          10  -7.2311413957270954E-012
           5          11  -1.2458868125357984E-012
           5          12   3.7913752100220704E-013
           5          13   1.2580559574924979E-011
           5          14   2.1578662240444576E-012
           5          15  -6.7700819653240670E-013
           5          16   2.5323003742771146E-013
           5          17   6.2864866620657374E-014
           5          18  -1.7598553906184115E-014
           5          19   2.1985813242205115E-013
           5          20   5.2649192107147293E-014
           5          21  -1.9635483077123275E-014
           5          22   1.5386239004595856     
           5          23  -1.6590638563854236E-014
           5          24   1.5386239004604760     
           5          25   1.7804236650558346E-013
           5          26  -7.8590407507998963E-014
           5          27   1.5386239004594535     
           5          28  0.55746213549021983     
           5          29   1.5018332401989113E-015
           5          30  0.55746213548991508     
           5          31  -6.5073354253749918E-014
           5          32   2.6556869358999142E-014
           5          33  0.55746213549026891     
           5          34 -0.41615209914522550     
           5          35  -2.0206333262033261E-016
           5          36 -0.41615209914509460     
           5          37   2.6946429943168460E-014
           5          38  -8.0340067876217023E-015
           5          39 -0.41615209914524587     
           5          40  0.23574785287438021     
           5          41  -1.9751198424747037E-015
           5          42  0.23574785287433164     
           5          43  -1.1161832265416948E-014
           5          44  -1.7233051407934735E-015
           5          45  0.23574785287437572     
           5          46  -6.2100262181952126E-012
           5          47  -4.8321413076270154E-013
           5          48  -2.7763774354186557E-012
           5          49  -1.0761751960318624E-012
           5          50   1.5054623050784417E-013
           5          51  -1.3442230386442627E-015
           5          52   1.4796780638238282E-013
           5          53  -2.7818247052017364E-012
           5          54  -4.7885464004270289E-013
           5          55   3.4107797098581915E-013
           5          56  -3.0287847335041823E-013
           5          57  -2.8912643530554698E-014
           5          58  -1.3341177686956563E-013
           5          59  -6.7585285367446742E-014
           5          60   1.0093497025717376E-014
           5          61  -3.0462896989284544E-015
           5          62   1.0438395065748757E-014
           5          63  -1.2978307422949361E-013
           5          64  -2.9441873367129992E-014
           5          65   2.0978095316553601E-014
           6           1 -0.47211090380653120     
           6           2  0.83261492046452235     
           6           3 -0.91424737307832693     
           6           4   2.8271186153878372     
           6           5 -0.88930956120018734     
           6           6  0.49278281060395679     
           6           7  -6.6701338955602743E-013
           6           8  -2.0660103238429462E-012
           6           9  -8.6212914159410196E-014
           6          10   3.1703046976494251E-012
           6          11   9.6677547390112208E-012
           6          12   3.3812785968115883E-013
           6          13  -5.4740064860676814E-012
           6          14  -1.6821734896096466E-011
           6          15  -5.9924869300592130E-013
           6          16  -9.0502233820475788E-014
           6          17  -4.4037091105092971E-013
           6          18  -2.0834427855421476E-014
           6          19  -8.6193216214477331E-014
           6          20  -3.6324641089969848E-013
           6          21  -1.1520883489236368E-014
           6          22 -0.84535981146892269     
           6          23  -2.3724741646630392E-014
           6          24 -0.84535981146866657     
           6          25  -1.3747356068557080E-013
           6          26  -6.7270279374452980E-014
           6          27 -0.84535981146869155     
           6          28 -0.31407749553260900     
           6          29   1.0114437260795563E-014
           6          30 -0.31407749553269027     
           6          31   4.9187670849860035E-014
           6          32   2.2374415691581024E-014
           6          33 -0.31407749553268904     
           6          34  0.23091284921506555     
           6          35  -4.4555538456357214E-015
           6          36  0.23091284921509672     
           6          37  -2.0426811938501957E-014
           6          38  -1.0925669061271567E-014
           6          39  0.23091284921509889     
           6          40 -0.13087847858548099     
           6          41   2.6129359989065758E-015
           6          42 -0.13087847858548771     
           6          43   7.9435929152406622E-015
           6          44   5.9572600583195670E-015
           6          45 -0.13087847858548551     
           6          46   2.6903895163592078E-012
           6          47   3.7372360976735357E-012
           6          48   1.2026822979122658E-012
           6          49   8.3542047019340351E-012
           6          50   1.3454020536699097E-013
           6          51   7.0310340197018870E-016
           6          52   1.3601223108271723E-013
           6          53   1.2057698296266566E-012
           6          54   3.7346830363524183E-012
           6          55   2.9829566704216362E-013
           6          56   1.1969888989560684E-013
           6          57   2.1411620106237686E-013
           6          58   5.2401323078200158E-014
           6          59   4.8034819660319457E-013
           6          60   7.8981464641896835E-015
           6          61   1.7562176607791362E-015
           6          62   7.7730651614550871E-015
           6          63   5.0393195503900188E-014
           6          64   2.1434652180065911E-013
           6          65   1.8616599428379499E-014
           7           1   4.9873125378670335E-013
           7           2  -1.0555737334829456E-012
           7           3   1.7333589599939018E-012
           7           4  -5.2578420648828021E-012
           7           5   1.9579692776653807E-012
           7           6  -6.6701338955602743E-013
           7           7   2.7073967351972423     
           7           8  -5.1403326040118772E-014
           7           9   7.1435912740226987E-015
           7          10  -3.3679563516102373     
           7          11   3.7958525211917108E-013
           7          12  -8.0629947163077501E-014
           7          13   6.2161192834918602     
           7          14  -1.0298428776420016E-012
           7          15   2.3020474415546893E-013
           7          16  0.25669809826777801     
           7          17  -1.6699835958532693E-013
           7          18  -8.3301421316531926E-015
           7          19  0.16325124306303482     
           7          20  -7.8000106373814023E-014
           7          21   2.9626474884457619E-014
           7          22   1.4522363548982685E-012
           7          23   3.7275590605456556E-014
           7          24   1.5778336949203946E-012
           7          25   4.0715542147542937E-014
           7          26   1.5739750912337720E-014
           7          27   1.5939924961349586E-012
           7          28   5.6975630980470637E-013
           7          29  -1.0068671753692780E-014
           7          30   5.0671433526384550E-013
           7          31  -2.5259126756795196E-014
           7          32  -1.3798843121635727E-014
           7          33   4.7490151777418678E-013
           7          34  -5.9412472722147411E-013
           7          35   1.2051795669273229E-014
           7          36  -5.5013410959183587E-013
           7          37   2.0562997048188212E-014
           7          38   2.0816159088148998E-015
           7          39  -5.5470356019942865E-013
           7          40   1.8020399229073600E-013
           7          41  -6.6339746258956371E-015
           7          42   1.6801645217065359E-013
           7          43  -1.3337204135411057E-014
           7          44   6.4184005037446441E-015
           7          45   1.5833290050768114E-013
           7          46  -3.1505414131647953     
           7          47   2.7011726189123485E-013
           7          48  -1.4089649531529447     
           7          49   6.0740301677227703E-013
           7          50  -3.7359004778513417E-014
           7          51  -1.5681688318037378E-015
           7          52  -6.5697447482070955E-014
           7          53  -1.4089649531529307     
           7          54   2.7527979895574279E-013
           7          55  -1.1352030426764623E-013
           7          56 -0.22496878294970549     
           7          57   4.2684605849881239E-014
           7          58 -0.10060909829817136     
           7          59   1.0331319133526564E-013
           7          60  -1.6549261960811649E-014
           7          61   2.9354861524573176E-016
           7          62   8.4515727749658262E-015
           7          63 -0.10060909829818757     
           7          64   5.0792703376597075E-014
           7          65  -1.0236603231723784E-014
           8           1   1.1961266481935790E-013
           8           2   1.5388892350303447E-014
           8           3   1.5420849701039295E-012
           8           4  -2.5198177309727800E-012
           8           5   9.2831152443064770E-015
           8           6  -2.0660103238429462E-012
           8           7  -5.1403326040118772E-014
           8           8   2.7073967351972534     
           8           9   4.9543702473433500E-015
           8          10   4.7606363295909931E-013
           8          11  -3.3679563516103528     
           8          12  -6.7806871228678917E-014
           8          13  -1.2359002710124375E-012
           8          14   6.2161192834922394     
           8          15   2.1677104555754220E-013
           8          16  -5.8408833325529435E-013
           8          17  0.25669809826747969     
           8          18   5.2458037913419063E-015
           8          19  -3.0412478091434860E-013
           8          20  0.16325124306283642     
           8          21  -9.1853608054127104E-016
           8          22   6.6542337406370681E-013
           8          23   1.9351313853609565E-014
           8          24   7.3489487268795981E-013
           8          25   1.5739688892390951E-014
           8          26   3.1581904931086898E-014
           8          27   7.4955772731555560E-013
           8          28   5.0984368133548877E-013
           8          29  -7.3354981902186546E-015
           8          30   4.6662357605114333E-013
           8          31  -9.8420898391158681E-015
           8          32   1.2755552533472499E-015
           8          33   4.8715706130808781E-013
           8          34   3.3912943166566559E-013
           8          35   3.6991769734220534E-015
           8          36   3.6276551673382482E-013
           8          37   1.0045338714123547E-014
           8          38   1.8046863244484683E-015
           8          39   3.3848094966441315E-013
           8          40   5.6073142665121870E-013
           8          41  -4.0158184235484022E-015
           8          42   5.5783163048871918E-013
           8          43  -4.3107770406923201E-015
           8          44   6.7308695498718288E-015
           8          45   5.6970147083869570E-013
           8          46   8.9073193265662435E-013
           8          47  -1.4089649531529707     
           8          48   4.0140113455316355E-013
           8          49  -3.1505414131648557     
           8          50  -4.2583991888163828E-014
           8          51   4.5833391205091618E-015
           8          52  -6.2699845315591236E-014
           8          53   3.9263037265862401E-013
           8          54  -1.4089649531529711     
           8          55  -1.0969003483270803E-013
           8          56   3.9773739857195940E-013
           8          57 -0.10060909829808237     
           8          58   1.7169252131132737E-013
           8          59 -0.22496878294945791     
           8          60  -3.7899371141336216E-015
           8          61   1.9096628203657418E-015
           8          62   1.0382320003727574E-014
           8          63   1.8664930712119968E-013
           8          64 -0.10060909829808225     
           8          65  -5.9214785852323665E-015
           9           1  -5.7559134178902989E-014
           9           2   1.8175881571017986E-013
           9           3   1.3374061750632511E-013
           9           4   4.2830145235846326E-013
           9           5  -2.6649922373706149E-013
           9           6  -8.6212914159410196E-014
           9           7   7.1435912740226987E-015
           9           8   4.9543702473433500E-015
           9           9   2.7073967351971784     
           9          10  -1.1379786002086181E-014
           9          11  -3.2501779045597759E-014
           9          12  -3.3679563516097408     
           9          13   3.1308289293878853E-014
           9          14   8.8068441427865754E-014
           9          15   6.2161192834905750     
           9          16  -1.7428766763140445E-014
           9          17  -5.8893862009562548E-015
           9          18  0.25669809826743750     
           9          19  -8.6024937173716464E-015
           9          20   1.6703652350167921E-014
           9          21  0.16325124306282029     
           9          22  -2.0588947410523341E-013
           9          23   6.4895071353692569E-015
           9          24  -1.7044849421680687E-013
           9          25   1.2874559082313728E-014
           9          26   1.7162684350815427E-014
           9          27  -1.8230691498825116E-013
           9          28  -1.2839673200728097E-014
           9          29  -7.6373653273647791E-016
           9          30  -2.5811333273627082E-014
           9          31  -4.9709051511048244E-015
           9          32  -4.3588427191759227E-015
           9          33  -2.5047688770751058E-014
           9          34   1.0868923864788905E-013
           9          35   4.8273836607762810E-016
           9          36   1.1064500310385539E-013
           9          37   2.9056359220283361E-015
           9          38   5.6894778323314862E-015
           9          39   1.0592865554219342E-013
           9          40   2.2204205272305662E-014
           9          41  -3.8714269035745745E-015
           9          42   2.3887025894228563E-014
           9          43  -2.8622839591752520E-015
           9          44   4.2424060123416249E-016
           9          45   2.6988812214209499E-014
           9          46  -1.5432100042023069E-014
           9          47  -1.5078216453072924E-014
           9          48  -2.1788126857080736E-015
           9          49  -4.4714232316517035E-014
           9          50  -1.4089649531525754     
           9          51   6.5051064351183255E-015
           9          52  -1.4089649531525850     
           9          53  -2.0400348076285043E-015
           9          54  -1.7895407378060994E-014
           9          55  -3.1505414131639751     
           9          56   1.4703516182385305E-014
           9          57  -7.7442392776221688E-015
           9          58   2.0816681711744870E-015
           9          59  -7.2468073208768075E-015
           9          60 -0.10060909829806670     
           9          61   7.3766567256756693E-016
           9          62 -0.10060909829806274     
           9          63   4.9231452248239014E-015
           9          64   1.9832226139173494E-015
           9          65 -0.22496878294944239     
          10           1  -1.5249369118407778E-012
          10           2   1.2855052137892235E-012
          10           3  -1.4163255558641105E-011
          10           4   2.3807593393027892E-011
          10           5  -7.2311413957270954E-012
          10           6   3.1703046976494251E-012
          10           7  -3.3679563516102373     
          10           8   4.7606363295909931E-013
          10           9  -1.1379786002086181E-014
          10          10   14.604823288995714     
          10          11  -2.8661517603712063E-012
          10          12   2.0494717034370780E-013
          10          13  -25.424908416892407     
          10          14   6.7306160644856515E-012
          10          15  -6.1595173405843732E-013
          10          16 -0.66062233253251490     
          10          17   8.3472118106436982E-013
          10          18   1.1937673072290064E-013
          10          19 -0.54370771601686696     
          10          20   4.2787995369048924E-013
          10          21  -6.3969662900041499E-014
          10          22  -4.6124751107529858E-012
          10          23  -2.4713228905362102E-013
          10          24  -5.4883819881023769E-012
          10          25  -2.6528743744606686E-013
          10          26  -7.9689050790968382E-014
          10          27  -5.5866873951864010E-012
          10          28  -2.9592238413676548E-012
          10          29   5.9385778189722792E-014
          10          30  -2.5365709599933731E-012
          10          31   1.5363211525539679E-013
          10          32   6.4918191134873903E-014
          10          33  -2.3896740267605959E-012
          10          34   2.1807509244045977E-012
          10          35  -5.4569950347600126E-014
          10          36   1.9676606202330608E-012
          10          37  -1.2100064135755689E-013
          10          38  -5.0821227770442169E-014
          10          39   1.9821436308497380E-012
          10          40  -8.7204123193363377E-013
          10          41   5.7660656303445040E-014
          10          42  -8.2963457090145152E-013
          10          43   7.5670476816117965E-014
          10          44  -3.1404171933952265E-014
          10          45  -8.0575771963150815E-013
          10          46   12.623350304733085     
          10          47  -1.7008616737253151E-012
          10          48   5.6453338770351493     
          10          49  -3.7836400679215892E-012
          10          50   1.6542323066119818E-014
          10          51  -3.7519134616968035E-015
          10          52   2.3214763444832789E-013
          10          53   5.6453338770350516     
          10          54  -1.7226220450079747E-012
          10          55   2.0405899192432092E-013
          10          56  0.72096633250046649     
          10          57  -2.0633494912655901E-013
          10          58  0.32242594579189676     
          10          59  -5.9646731997980638E-013
          10          60   3.9478836866234510E-014
          10          61  -1.2185863319493191E-014
          10          62  -8.4945939171676289E-014
          10          63  0.32242594579197026     
          10          64  -2.4569235534952230E-013
          10          65   6.9527716916161276E-015
          11           1  -9.5339319164600943E-013
          11           2   6.1198477128141563E-013
          11           3  -1.0978019227669800E-011
          11           4   1.6433284267257791E-011
          11           5  -1.2458868125357984E-012
          11           6   9.6677547390112208E-012
          11           7   3.7958525211917108E-013
          11           8  -3.3679563516103528     
          11           9  -3.2501779045597759E-014
          11          10  -2.8661517603712063E-012
          11          11   14.604823288996618     
          11          12   3.5182967650173291E-013
          11          13   6.7608141307554743E-012
          11          14  -25.424908416894844     
          11          15  -1.0156320229236938E-012
          11          16   2.4639734697018371E-012
          11          17 -0.66062233253132341     
          11          18   1.7631729409905569E-014
          11          19   1.3096745909990572E-012
          11          20 -0.54370771601609724     
          11          21  -5.5219717687218447E-014
          11          22  -3.6862295067533871E-012
          11          23  -1.2389947610588379E-013
          11          24  -4.1235323833089134E-012
          11          25  -8.8829882032723396E-014
          11          26  -2.2605221848628892E-013
          11          27  -4.2202766995355203E-012
          11          28  -2.9635537108750545E-012
          11          29   4.5514079211745278E-014
          11          30  -2.7207199337934014E-012
          11          31   7.2089843331790071E-014
          11          32   3.0637833497906841E-014
          11          33  -2.7846759148214835E-012
          11          34  -1.0819506186893711E-012
          11          35  -4.4155827442878249E-014
          11          36  -1.2517890913675316E-012
          11          37  -7.1347113904973975E-014
          11          38  -2.5029789719939985E-014
          11          39  -1.1321679966000083E-012
          11          40  -2.6519411197362341E-012
          11          41   3.5815213235871143E-014
          11          42  -2.6060966769322601E-012
          11          43   4.6004987023319181E-014
          11          44  -3.5910294247090679E-014
          11          45  -2.6455871310805294E-012
          11          46  -4.4941828036817241E-012
          11          47   5.6453338770354655     
          11          48  -2.0201618156075297E-012
          11          49   12.623350304733744     
          11          50   1.7891244041759296E-013
          11          51  -5.1623604843622458E-015
          11          52   2.9315438965152396E-013
          11          53  -2.0086154961514233E-012
          11          54   5.6453338770354478     
          11          55   4.8860915313584755E-013
          11          56  -1.6827650384243304E-012
          11          57  0.32242594579153178     
          11          58  -7.4720785114833841E-013
          11          59  0.72096633249950925     
          11          60   2.4216739724592663E-014
          11          61  -1.6772447359873730E-014
          11          62  -3.4101194090793745E-014
          11          63  -8.0935258495173346E-013
          11          64  0.32242594579153339     
          11          65   3.6970426719923617E-014
          12           1   2.0675612143348204E-014
          12           2  -9.5228091381674696E-014
          12           3  -2.7892768014796306E-013
          12           4  -3.6783871538255262E-013
          12           5   3.7913752100220704E-013
          12           6   3.3812785968115883E-013
          12           7  -8.0629947163077501E-014
          12           8  -6.7806871228678917E-014
          12           9  -3.3679563516097408     
          12          10   2.0494717034370780E-013
          12          11   3.5182967650173291E-013
          12          12   14.604823288992435     
          12          13  -4.3343106881007395E-013
          12          14  -7.6050277186481244E-013
          12          15  -25.424908416884570     
          12          16   2.5722479701793423E-014
          12          17   1.7626178294714893E-013
          12          18 -0.66062233253094826     
          12          19   4.3770542745864114E-014
          12          20  -1.9498291869896242E-014
          12          21 -0.54370771601596612     
          12          22   2.9066981495684805E-013
          12          23  -3.5232736422261116E-014
          12          24   6.9348592434949028E-014
          12          25  -7.1294028242385565E-014
          12          26  -1.2574720570524807E-013
          12          27   1.5059007670622406E-013
          12          28  -6.1762557762776412E-014
          12          29  -5.2130726709441210E-015
          12          30   2.2612550705279741E-014
          12          31   2.9844908660466828E-014
          12          32   4.0903932460228009E-014
          12          33   1.6099544076718524E-014
          12          34  -1.7633553114837505E-013
          12          35  -7.9772569413359260E-015
          12          36  -2.1462893050760732E-013
          12          37  -2.0879348078182672E-014
          12          38  -3.1834210869195036E-014
          12          39  -1.9405693472756249E-013
          12          40  -8.7290250842642960E-014
          12          41   1.6887120525250910E-014
          12          42  -8.6043672483279326E-014
          12          43   2.0931660857565310E-014
          12          44  -9.1701726724854475E-015
          12          45  -8.7651077664854129E-014
          12          46   2.3292479056462088E-013
          12          47   1.1268763699868785E-013
          12          48   9.8865360342096223E-014
          12          49   3.2096547641743114E-013
          12          50   5.6453338770330159     
          12          51  -2.1777171507153597E-014
          12          52   5.6453338770330701     
          12          53   6.7224004140270022E-014
          12          54   1.3072876114885791E-013
          12          55   12.623350304728321     
          12          56  -3.7379821460386471E-014
          12          57  -3.8129222002445367E-015
          12          58  -1.7662954432410908E-014
          12          59  -4.4131365228956058E-014
          12          60  0.32242594579144385     
          12          61  -3.6293672742841834E-015
          12          62  0.32242594579140488     
          12          63  -1.3395534681504116E-014
          12          64  -5.2985393850280239E-014
          12          65  0.72096633249929742     
          13           1   2.7375453813986689E-012
          13           2  -2.2815499644619085E-012
          13           3   2.4355891586052294E-011
          13           4  -4.1228890104213747E-011
