           1           1   2.3760401771942914     
           1           2   8.8089081461852597E-002
           1           3  -1.0891577327770943     
           1           4 -0.47304629948504562     
           1           5  -5.9732651340444316E-002
           1           6  -1.4078756490180039E-012
           1           7  -8.4294967084977392E-013
           1           8   1.2374428813433071E-012
           1           9   2.8329793992079953E-013
           1          10   1.9443275471016607E-013
           1          11  -7.6686412098987076E-014
           1          12  -3.1132942113174128E-014
           1          13  -3.9749922730343073E-014
           1          14   7.0324723281848148E-014
           1          15  -5.7210940728776011E-013
           1          16  -3.8825746135490426E-014
           1          17   3.3222643153085836E-013
           1          18   3.4432305598382892E-014
           1          19  -1.4499245898543363E-014
           1          20  -1.6270486704849627E-014
           1          21  0.32353657488184212     
           1          22   1.8007629701757965E-014
           1          23  0.32353657488185616     
           1          24  -6.6763824602339361E-015
           1          25   2.8986960342312222E-015
           1          26  0.32353657488183823     
           1          27  0.18186865166900101     
           1          28   3.3585331747559245E-015
           1          29  0.18186865166900806     
           1          30   1.3105647767834751E-015
           1          31   1.6243952169398821E-014
           1          32  0.18186865166904326     
           1          33   4.2255355385756692E-002
           1          34   2.0668150717518858E-015
           1          35   4.2255355385745610E-002
           1          36  -3.6382966981375552E-015
           1          37  -1.4668724884854888E-014
           1          38   4.2255355385725717E-002
           1          39   3.2173040754711009E-013
           1          40   2.4959280910894761E-014
           1          41   1.5210904914247952E-013
           1          42   4.1627512467206729E-014
           1          43  -8.6910851950092649E-014
           1          44  -1.4977479355846754E-015
           1          45  -1.0331130264716891E-013
           1          46   1.4532748126916804E-013
           1          47   3.2691773993141904E-015
           1          48  -2.0015412316136245E-013
           2           1   8.8089081461852597E-002
           2           2  0.30143936800220716     
           2           3 -0.77961923206326822     
           2           4 -0.26158315638036661     
           2           5  -2.1423335725891144E-002
           2           6  -1.5607949168090785E-012
           2           7  -9.3777544751690464E-013
           2           8   1.2787702674973555E-012
           2           9   2.8265619011628549E-013
           2          10   2.7704785832964186E-013
           2          11  -4.4275769178648886E-015
           2          12  -2.6093934849535603E-014
           2          13   3.9060543225910133E-015
           2          14   7.2398282919335867E-014
           2          15  -5.2207748346632371E-013
           2          16  -2.4977482354838366E-013
           2          17   3.4166912837892092E-013
           2          18   3.6844286233921299E-014
           2          19   1.0346856338259005E-014
           2          20  -2.1847220418748193E-014
           2          21  0.20569577181002560     
           2          22   1.8899330351549653E-014
           2          23  0.20569577181000889     
           2          24   3.8925276701388511E-015
           2          25   3.8138555271585813E-017
           2          26  0.20569577181001922     
           2          27  0.10259066311291425     
           2          28   7.6060491773448642E-016
           2          29  0.10259066311289644     
           2          30  -1.6839433488397360E-014
           2          31   9.7398502077342493E-015
           2          32  0.10259066311292396     
           2          33   1.8465658666327722E-002
           2          34  -1.4714940264265317E-015
           2          35   1.8465658666345291E-002
           2          36   8.4897323528631765E-015
           2          37  -1.2661188988488371E-014
           2          38   1.8465658666325102E-002
           2          39   3.0827442148072099E-013
           2          40   5.9178940065360794E-014
           2          41   1.3101721146678683E-013
           2          42   1.5635606984004760E-013
           2          43  -8.9809478284501288E-014
           2          44  -9.9931608940194497E-016
           2          45  -1.0153661106697048E-013
           2          46   1.2990372225313545E-013
           2          47   6.1001358283162531E-014
           2          48  -2.0141399986123271E-013
           3           1  -1.0891577327770943     
           3           2 -0.77961923206326822     
           3           3   2.3320045861489396     
           3           4  0.82188474399777411     
           3           5   7.5003973394946979E-002
           3           6   4.2848841340588295E-012
           3           7   2.7981064612769618E-012
           3           8  -3.4693235624004710E-012
           3           9  -7.9794156690482201E-013
           3          10  -9.3445414918297809E-013
           3          11  -2.8229470273059513E-013
           3          12   7.1372269721603929E-014
           3          13  -9.0293090737316025E-015
           3          14  -2.3867583917295256E-013
           3          15   1.4784984786015970E-012
           3          16   6.6240432474762505E-013
           3          17  -9.5354947398316966E-013
           3          18  -1.0255663773176006E-013
           3          19  -2.1758398181950400E-014
           3          20   5.9614625245314769E-014
           3          21 -0.62853531070513380     
           3          22  -5.3455115968634729E-014
           3          23 -0.62853531070509749     
           3          24  -7.2037161893064384E-015
           3          25  -1.1568605816662670E-015
           3          26 -0.62853531070511659     
           3          27 -0.32099626998134878     
           3          28  -3.1165384931334031E-015
           3          29 -0.32099626998130726     
           3          30   4.1268483546199774E-014
           3          31  -3.0100338873446265E-014
           3          32 -0.32099626998138842     
           3          33  -6.1266187811656485E-002
           3          34   2.8907266011568895E-015
           3          35  -6.1266187811695974E-002
           3          36  -1.9714619161520769E-014
           3          37   3.6765715327492524E-014
           3          38  -6.1266187811638631E-002
           3          39  -8.6672063319887390E-013
           3          40  -1.6354517710479054E-013
           3          41  -3.7364818755717522E-013
           3          42  -4.2007104204649872E-013
           3          43   2.5067217741479933E-013
           3          44   3.0264219926633913E-015
           3          45   2.8575679379752936E-013
           3          46  -3.6840230414126135E-013
           3          47  -1.6011443357557078E-013
           3          48   5.6412371250807556E-013
           4           1 -0.47304629948504562     
           4           2 -0.26158315638036661     
           4           3  0.82188474399777411     
           4           4  0.29392227018962430     
           4           5   2.7613981846979101E-002
           4           6   1.5280201471363054E-012
           4           7   2.1442941958420129E-013
           4           8  -2.0063184472880841E-012
           4           9  -2.5608845185458466E-013
           4          10   5.5170218591049502E-013
           4          11   1.3725522333083199E-012
           4          12   3.0347771286361073E-014
           4          13   7.0869341850811418E-014
           4          14   6.4352122763250954E-014
           4          15   5.2897482240892648E-013
           4          16   9.3469052555977174E-014
           4          17  -4.2573914347117715E-013
           4          18  -3.6274540482031547E-014
           4          19  -3.5264012317988049E-016
           4          20   2.4205607062578200E-014
           4          21 -0.22295101373166201     
           4          22  -1.8507217507850151E-014
           4          23 -0.22295101373165066     
           4          24  -2.0592934068059730E-015
           4          25  -5.2035969001802241E-016
           4          26 -0.22295101373165616     
           4          27 -0.11465684228339114     
           4          28  -1.1892710642659191E-015
           4          29 -0.11465684228337776     
           4          30   1.3561382397099644E-014
           4          31  -1.0712862958099247E-014
           4          32 -0.11465684228340621     
           4          33  -2.2243987469846092E-002
           4          34   8.5560300723010287E-016
           4          35  -2.2243987469858603E-002
           4          36  -6.3346238130750323E-015
           4          37   1.2838070999339156E-014
           4          38  -2.2243987469838723E-002
           4          39  -3.0976603006448613E-013
           4          40  -2.1538982614718667E-014
           4          41  -1.3431553320057418E-013
           4          42  -6.5435370907118561E-014
           4          43   1.1129787338438694E-013
           4          44   1.0706476896978765E-015
           4          45   1.2366367186694185E-013
           4          46  -1.3225981290663447E-013
           4          47  -1.9370446609952811E-014
           4          48   2.5033705299198834E-013
           5           1  -5.9732651340444316E-002
           5           2  -2.1423335725891144E-002
           5           3   7.5003973394946979E-002
           5           4   2.7613981846979101E-002
           5           5   2.7391159281103953E-003
           5           6  -3.5070027072128352E-014
           5           7  -1.2274017736296601E-013
           5           8  -5.2338843103933557E-013
           5           9  -6.0915304904016972E-015
           5          10   4.0743506775121759E-013
           5          11   6.6425614516206631E-013
           5          12  -4.5120368062580474E-015
           5          13   4.5565780386205875E-014
           5          14   5.7330356941487182E-014
           5          15   4.7180168547137798E-015
           5          16  -2.3454040846611849E-015
           5          17  -8.5473644137533545E-014
           5          18  -8.5204992979415328E-016
           5          19   2.8684755545499403E-016
           5          20   4.1869359134860143E-015
           5          21  -2.0612099334517488E-002
           5          22  -1.6272203501883855E-015
           5          23  -2.0612099334516732E-002
           5          24  -9.8866952067546845E-017
           5          25  -6.8405817779175964E-017
           5          26  -2.0612099334516992E-002
           5          27  -1.0746786779147255E-002
           5          28  -1.2541010142717565E-016
           5          29  -1.0746786779146270E-002
           5          30   1.0550060353607036E-015
           5          31  -9.9702631261144556E-016
           5          32  -1.0746786779148842E-002
           5          33  -2.1509478783448182E-003
           5          34   4.7773411680420814E-017
           5          35  -2.1509478783456977E-003
           5          36  -4.6414631884145218E-016
           5          37   1.1493852422464356E-015
           5          38  -2.1509478783439443E-003
           5          39  -1.7750565130492364E-015
           5          40   4.4856983320812626E-016
           5          41  -5.3988600470245992E-016
           5          42  -2.2220147229321005E-016
           5          43   2.2295870707412499E-014
           5          44   9.8453118653749092E-017
           5          45   2.3424481444293527E-014
           5          46  -3.1386432188092873E-016
           5          47   8.2464308453626828E-016
           5          48   5.0025653451275456E-014
           6           1  -1.4078756490180039E-012
           6           2  -1.5607949168090785E-012
           6           3   4.2848841340588295E-012
           6           4   1.5280201471363054E-012
           6           5  -3.5070027072128352E-014
           6           6   2.9232501914791795     
           6           7 -0.11486384266378682     
           6           8  0.16505877620754833     
           6           9  -1.4018938343832981     
           6          10  0.19826695085115340     
           6          11 -0.28490863191547039     
           6          12  -2.0606353552545514E-002
           6          13   1.9526234770865535E-002
           6          14  -2.8059103199729204E-002
           6          15  0.64831978298560378     
           6          16  -1.4476430820879474E-002
           6          17   2.0802559793662915E-002
           6          18  -3.4476494281343896E-002
           6          19   5.9601519669422913E-004
           6          20  -8.5647090229268904E-004
           6          21  -1.1287483667930123E-012
           6          22   4.8868245459377931E-015
           6          23  -1.1668823012375245E-012
           6          24  -6.4781805068197607E-015
           6          25   2.0374121973491262E-014
           6          26  -1.1401891051821697E-012
           6          27  -5.6543406667599938E-013
           6          28   1.2317200672825270E-014
           6          29  -5.9856583943905228E-013
           6          30   1.8653757603291702E-014
           6          31   6.3179824565242360E-015
           6          32  -5.6138247433376235E-013
           6          33  -8.2216796367285217E-014
           6          34   5.7263552331132911E-015
           6          35  -3.0693110680729748E-014
           6          36  -3.6805836351933937E-014
           6          37   1.0284358420049641E-014
           6          38  -5.0144225580307733E-014
           6          39 -0.39038572190323317     
           6          40   3.7374921625415746E-003
           6          41 -0.17458580232420357     
           6          42   8.3572865408636406E-003
           6          43  -5.3707578305941996E-003
           6          44  -6.0202576728957074E-015
           6          45  -5.3707578305654596E-003
           6          46 -0.17458580232415671     
           6          47   3.7374921625378753E-003
           6          48  -1.2009379599827570E-002
           7           1  -8.4294967084977392E-013
           7           2  -9.3777544751690464E-013
           7           3   2.7981064612769618E-012
           7           4   2.1442941958420129E-013
           7           5  -1.2274017736296601E-013
           7           6 -0.11486384266378682     
           7           7   2.9262634373124756     
           7           8 -0.16723798408975138     
           7           9  0.19826695085117474     
           7          10  -1.4070950103989894     
           7          11  0.28867017159634556     
           7          12   1.9526234770776710E-002
           7          13  -2.1118589119597294E-002
           7          14   2.8429556805681100E-002
           7          15  -1.4476430820692467E-002
           7          16  0.64869954604995561     
           7          17  -2.1077208032763722E-002
           7          18   5.9601519666684034E-004
           7          19  -3.4492129665570054E-002
           7          20   8.6777855996295300E-004
           7          21  -8.3938315720707201E-013
           7          22  -4.2412386795084281E-015
           7          23  -7.5405277930550335E-013
           7          24   2.7809482133510504E-014
           7          25   2.1198259825802869E-014
           7          26  -8.3643079612859042E-013
           7          27  -1.4647204312536128E-013
           7          28  -2.1819778123896119E-014
           7          29  -1.3326593500288294E-013
           7          30   8.4341240227947866E-015
           7          31  -1.0540527991103569E-014
           7          32  -1.4633440730925820E-013
           7          33   5.7105755180218792E-014
           7          34   1.0065457156326349E-014
           7          35   3.9807601837891191E-014
           7          36   8.8982953539998777E-015
           7          37   1.2105750236291552E-014
           7          38   6.1992523197674384E-014
           7          39   8.3572865407777440E-003
           7          40 -0.17468384869306000     
           7          41   3.7374921625143412E-003
           7          42 -0.39060496024898717     
           7          43   5.4416658916902469E-003
           7          44   1.3853428342909918E-015
           7          45   5.4416658916797275E-003
           7          46   3.7374921625288600E-003
           7          47 -0.17468384869305861     
           7          48   1.2167934844644011E-002
           8           1   1.2374428813433071E-012
           8           2   1.2787702674973555E-012
           8           3  -3.4693235624004710E-012
           8           4  -2.0063184472880841E-012
           8           5  -5.2338843103933557E-013
           8           6  0.16505877620754833     
           8           7 -0.16723798408975138     
           8           8   3.0502032507689019     
           8           9 -0.28490863191549237     
           8          10  0.28867017159633956     
           8          11  -1.6210280317326853     
           8          12  -2.8059103199595169E-002
           8          13   2.8429556805713886E-002
           8          14  -4.2187690055917847E-002
           8          15   2.0802559793384565E-002
           8          16  -2.1077208032810435E-002
           8          17  0.66431983259005900     
           8          18  -8.5647090226587618E-004
           8          19   8.6777855997461576E-004
           8          20  -3.5135239025200972E-002
           8          21   8.1551273068657559E-013
           8          22   3.9093315388143077E-014
           8          23   7.6616458923429791E-013
           8          24  -3.1370715081049375E-014
           8          25  -1.0737127995859900E-014
           8          26   8.0114647691102133E-013
           8          27   7.2914484092273850E-013
           8          28   1.8731650255731286E-014
           8          29   7.3094645156637090E-013
           8          30  -6.1631718087632341E-015
           8          31   8.8973255352525165E-016
           8          32   7.2785242803773877E-013
           8          33   2.8351805412957316E-013
           8          34  -8.6830759208991648E-015
           8          35   2.9289515643543277E-013
           8          36  -2.4804873080019517E-015
           8          37   1.9270750265862074E-015
           8          38   2.9260810278941248E-013
           8          39  -1.2009379599726276E-002
           8          40   5.4416658916862249E-003
           8          41  -5.3707578305174902E-003
           8          42   1.2167934844653429E-002
           8          43 -0.17871665893771635     
           8          44  -3.6600237578971011E-015
           8          45 -0.17871665893770858     
           8          46  -5.3707578305099493E-003
           8          47   5.4416658916892529E-003
           8          48 -0.39962259809635886     
           9           1   2.8329793992079953E-013
           9           2   2.8265619011628549E-013
           9           3  -7.9794156690482201E-013
           9           4  -2.5608845185458466E-013
           9           5  -6.0915304904016972E-015
           9           6  -1.4018938343832981     
           9           7  0.19826695085117474     
           9           8 -0.28490863191549237     
           9           9   1.8049294797275723     
           9          10 -0.34222939863574753     
           9          11  0.49178196037200511     
           9          12  0.15793752449819159     
           9          13  -3.3704314080360752E-002
           9          14   4.8432933340936797E-002
           9          15 -0.22391306885867918     
           9          16   2.4987826730286544E-002
           9          17  -3.5907383947220789E-002
           9          18   1.0532347301976948E-002
           9          19  -1.0287842803152337E-003
           9          20   1.4783579440809367E-003
           9          21   1.9668802209713118E-013
           9          22  -1.0840598015866575E-014
           9          23   2.4221166219385642E-013
           9          24   5.5486333988551611E-014
           9          25  -1.1661117584374884E-014
           9          26   2.0753305382951289E-013
           9          27   1.0134448849173300E-013
           9          28  -5.1307985526987428E-015
           9          29   1.0210960978859059E-013
           9          30   2.6001770003624632E-015
           9          31  -4.0727144805404603E-015
           9          32   1.0224063793460276E-013
           9          33   1.4994623892558023E-014
           9          34   2.1270216723289250E-015
           9          35   1.1933397555641963E-014
           9          36   5.3112558150006479E-015
           9          37  -2.0094378010152835E-015
           9          38   9.8002922550530163E-015
           9          39  0.13198390621140155     
           9          40  -6.4513005808750400E-003
           9          41   5.9024997244933583E-002
           9          42  -1.4425546642145041E-002
           9          43   9.2704871623007518E-003
           9          44  -1.4391748011153393E-016
           9          45   9.2704871622958426E-003
           9          46   5.9024997244927879E-002
           9          47  -6.4513005808804653E-003
           9          48   2.0729439479424301E-002
          10           1   1.9443275471016607E-013
          10           2   2.7704785832964186E-013
          10           3  -9.3445414918297809E-013
          10           4   5.5170218591049502E-013
          10           5   4.0743506775121759E-013
          10           6  0.19826695085115340     
          10           7  -1.4070950103989894     
          10           8  0.28867017159633956     
          10           9 -0.34222939863574753     
          10          10   1.8139072510224421     
          10          11 -0.49827476947307719     
          10          12  -3.3704314080263184E-002
          10          13  0.15882169641532579     
          10          14  -4.9072374832649888E-002
          10          15   2.4987826729976768E-002
          10          16 -0.22456857944464559     
          10          17   3.6381455401578944E-002
          10          18  -1.0287842802711197E-003
          10          19   1.0559335602909801E-002
          10          20  -1.4978761384725767E-003
          10          21   4.5595815379552374E-013
          10          22   7.6336281455889293E-015
          10          23   3.0195704761801728E-013
          10          24  -5.4099106967820553E-014
          10          25  -4.2181209324723346E-014
          10          26   4.5031113216072371E-013
          10          27  -1.4129572431607163E-013
          10          28   3.1042742488289986E-014
          10          29  -1.4816989202453649E-013
          10          30  -1.4811193864656341E-014
          10          31   1.3486431888864004E-014
          10          32  -1.3528775715795521E-013
          10          33  -1.9343457439151706E-013
          10          34  -1.7095552589229799E-014
          10          35  -1.8209732923436883E-013
          10          36  -9.4080723539965833E-015
          10          37  -1.6710317075778160E-014
          10          38  -2.1005865811911862E-013
          10          39  -1.4425546642005524E-002
          10          40   5.9194235485176307E-002
          10          41  -6.4513005808095776E-003
          10          42  0.13236233442100143     
          10          43  -9.3928818580192117E-003
          10          44  -3.3555037971092945E-015
          10          45  -9.3928818580095216E-003
          10          46  -6.4513005808350486E-003
          10          47   5.9194235485179991E-002
          10          48  -2.1003122339133092E-002
          11           1  -7.6686412098987076E-014
          11           2  -4.4275769178648886E-015
          11           3  -2.8229470273059513E-013
          11           4   1.3725522333083199E-012
          11           5   6.6425614516206631E-013
          11           6 -0.28490863191547039     
          11           7  0.28867017159634556     
          11           8  -1.6210280317326853     
          11           9  0.49178196037200511     
          11          10 -0.49827476947307719     
          11          11   2.1831779182972060     
          11          12   4.8432933340786258E-002
          11          13  -4.9072374832699751E-002
          11          14  0.19518915812407528     
          11          15  -3.5907383946642620E-002
          11          16   3.6381455401671210E-002
          11          17 -0.25153082023169593     
          11          18   1.4783579440267286E-003
          11          19  -1.4978761384909576E-003
          11          20   1.1669409311313146E-002
          11          21   2.7097381178018978E-013
          11          22  -7.2639965075957075E-014
          11          23   3.4389847490560044E-013
          11          24   6.1532344715740490E-014
          11          25   3.0082224972713112E-014
          11          26   2.9219748248895507E-013
          11          27  -4.2200597795150168E-013
          11          28  -2.5273051137010790E-014
          11          29  -4.4063202518297460E-013
          11          30   1.3003337427608545E-014
          11          31   5.2121997559957711E-015
          11          32  -4.2633161577036193E-013
          11          33  -3.2989128603666474E-013
          11          34   1.2219302316339990E-014
          11          35  -3.2946184241224922E-013
          11          36  -2.2711742641264744E-015
          11          37  -4.1620016934987597E-015
          11          38  -3.3113322594191034E-013
          11          39   2.0729439479146756E-002
          11          40  -9.3928818580166894E-003
          11          41   9.2704871621700179E-003
          11          42  -2.1003122339160928E-002
          11          43   6.6155285820980611E-002
          11          44   1.6546013580698513E-015
          11          45   6.6155285820973742E-002
          11          46   9.2704871621663801E-003
          11          47  -9.3928818580308812E-003
          11          48  0.14792771616661807     
          12           1  -3.1132942113174128E-014
          12           2  -2.6093934849535603E-014
          12           3   7.1372269721603929E-014
          12           4   3.0347771286361073E-014
          12           5  -4.5120368062580474E-015
          12           6  -2.0606353552545514E-002
          12           7   1.9526234770776710E-002
          12           8  -2.8059103199595169E-002
          12           9  0.15793752449819159     
          12          10  -3.3704314080263184E-002
          12          11   4.8432933340786258E-002
          12          12   1.9498837639406810E-002
          12          13  -3.3193547724192597E-003
          12          14   4.7698964602617870E-003
          12          15   6.8023705955367574E-003
          12          16   2.4609152914895809E-003
          12          17  -3.5363231539465218E-003
          12          18  -5.4146964325021225E-004
          12          19  -1.0131937420559567E-004
          12          20   1.4559544173852547E-004
          12          21  -2.0491801010592465E-014
          12          22  -1.1451680883556415E-015
          12          23  -1.6662757924443689E-014
          12          24   6.8926503524872378E-015
          12          25  -3.9072533318808944E-016
          12          26  -1.9710707457089978E-014
          12          27  -9.9053800978219527E-015
          12          28   1.4628078624491001E-017
          12          29  -1.1648787795185169E-014
          12          30   1.3777702107318884E-015
          12          31  -1.8085206978097146E-016
          12          32  -9.5628096835613391E-015
          12          33  -1.1061245062468715E-015
          12          34   5.9665055423056010E-016
          12          35   1.3604499136156539E-015
          12          36  -1.3535655057932277E-015
          12          37   3.0954210824389688E-016
          12          38  -6.2965307412688848E-019
          12          39  -4.4679851511376821E-003
          12          40  -6.3535354318138113E-004
          12          41  -1.9981437040809198E-003
          12          42  -1.4206937122994579E-003
          12          43   9.1299991245715091E-004
          12          44  -3.5377461350155934E-016
          12          45   9.1299991245810826E-004
          12          46  -1.9981437040790585E-003
          12          47  -6.3535354318229598E-004
          12          48   2.0415298677069369E-003
          13           1  -3.9749922730343073E-014
          13           2   3.9060543225910133E-015
          13           3  -9.0293090737316025E-015
          13           4   7.0869341850811418E-014
          13           5   4.5565780386205875E-014
          13           6   1.9526234770865535E-002
          13           7  -2.1118589119597294E-002
          13           8   2.8429556805713886E-002
          13           9  -3.3704314080360752E-002
          13          10  0.15882169641532579     
          13          11  -4.9072374832699751E-002
          13          12  -3.3193547724192597E-003
          13          13   1.9585914927663144E-002
          13          14  -4.8328715785989559E-003
          13          15   2.4609152914755973E-003
          13          16   6.7378129193947055E-003
          13          17   3.5830118757845296E-003
          13          18  -1.0131937420214302E-004
          13          19  -5.3881171212272108E-004
          13          20  -1.4751768265916604E-004
          13          21   2.3759059129346213E-014
          13          22   7.6187761585327347E-016
          13          23   8.3759730076297843E-015
          13          24  -5.5244589156770991E-015
          13          25  -4.3344118304105625E-015
          13          26   2.3185155713763772E-014
          13          27  -2.1413405365245293E-014
          13          28   2.8438273380121561E-015
          13          29  -2.1577209856731656E-014
          13          30  -1.4668297702183652E-015
          13          31   1.1764603662047045E-015
          13          32  -2.0620394932413124E-014
          13          33  -2.1268594182951183E-014
          13          34  -1.6746717652795647E-015
          13          35  -2.0749060732793798E-014
          13          36  -7.3471570324401468E-016
          13          37  -1.5107942100944311E-015
          13          38  -2.3169774032004838E-014
          13          39  -1.4206937122955611E-003
          13          40  -1.9814763492896352E-003
          13          41  -6.3535354317861489E-004
          13          42  -4.4307158128184818E-003
          13          43  -9.2505390105014108E-004
          13          44  -3.6154716706916568E-016
          13          45  -9.2505390104946020E-004
          13          46  -6.3535354318113675E-004
          13          47  -1.9814763492890779E-003
          13          48  -2.0684834055975194E-003
          14           1   7.0324723281848148E-014
          14           2   7.2398282919335867E-014
          14           3  -2.3867583917295256E-013
          14           4   6.4352122763250954E-014
          14           5   5.7330356941487182E-014
          14           6  -2.8059103199729204E-002
          14           7   2.8429556805681100E-002
          14           8  -4.2187690055917847E-002
          14           9   4.8432933340936797E-002
          14          10  -4.9072374832649888E-002
          14          11  0.19518915812407528     
          14          12   4.7698964602617870E-003
          14          13  -4.8328715785989559E-003
          14          14   2.3167548640660833E-002
          14          15  -3.5363231539101789E-003
          14          16   3.5830118757891717E-003
          14          17   4.0824483147737182E-003
          14          18   1.4559544173408951E-004
          14          19  -1.4751768266070499E-004
          14          20  -4.2948658380500106E-004
          14          21   8.3271635859207706E-014
          14          22  -7.3202694666154107E-015
          14          23   9.0058550967650631E-014
          14          24   6.2979767293994485E-015
          14          25   3.3348990004758669E-015
          14          26   8.5246636452361926E-014
          14          27  -1.3264477085929101E-014
          14          28  -2.2614426671557618E-015
          14          29  -1.5599006105291190E-014
          14          30   1.3568632956059445E-015
          14          31   7.3083491904096828E-016
          14          32  -1.3901826738217435E-014
          14          33  -2.7064296499947866E-014
          14          34   1.1141701090933090E-015
          14          35  -2.6486426400188168E-014
          14          36  -4.3489667883615247E-016
          14          37  -4.3682985658353869E-016
          14          38  -2.6720878576084235E-014
          14          39   2.0415298676903751E-003
          14          40  -9.2505390104877575E-004
          14          41   9.1299991245062705E-004
          14          42  -2.0684834055978178E-003
          14          43  -1.2959203222997402E-003
          14          44   1.2646459006285571E-017
          14          45  -1.2959203223002055E-003
          14          46   9.1299991245057132E-004
          14          47  -9.2505390105046222E-004
          14          48  -2.8977659340874802E-003
          15           1  -5.7210940728776011E-013
          15           2  -5.2207748346632371E-013
          15           3   1.4784984786015970E-012
          15           4   5.2897482240892648E-013
          15           5   4.7180168547137798E-015
          15           6  0.64831978298560378     
          15           7  -1.4476430820692467E-002
          15           8   2.0802559793384565E-002
          15           9 -0.22391306885867918     
          15          10   2.4987826729976768E-002
          15          11  -3.5907383946642620E-002
          15          12   6.8023705955367574E-003
          15          13   2.4609152914755973E-003
          15          14  -3.5363231539101789E-003
          15          15  0.15046729020809468     
          15          16  -1.8244823127084140E-003
          15          17   2.6217720978477699E-003
          15          18  -8.1071962246748348E-003
          15          19   7.5116525470382922E-005
          15          20  -1.0794207715463203E-004
          15          21  -3.9359753248718497E-013
          15          22   4.3112617000895107E-016
          15          23  -3.9996284776310690E-013
          15          24   2.5866581201756727E-015
          15          25   4.3733792154583513E-015
          15          26  -3.9572327185814339E-013
          15          27  -1.9834365896887162E-013
          15          28   2.7913301224377888E-015
          15          29  -2.0685332916750859E-013
          15          30   5.0239047276622259E-015
          15          31   1.3211038344356274E-015
          15          32  -1.9722701298405172E-013
          15          33  -3.1656840886958146E-014
          15          34   1.6443141697717787E-015
          15          35  -1.8567077524490227E-014
          15          36  -9.1106471529234810E-015
          15          37   2.5053609927465419E-015
          15          38  -2.3761315638978600E-014
          15          39  -9.0822427020009144E-002
          15          40   4.7104071637485266E-004
          15          41  -4.0617024139653651E-002
          15          42   1.0532790619948900E-003
          15          43  -6.7688318958163867E-004
          15          44  -1.5679958025347292E-015
          15          45  -6.7688318957458409E-004
          15          46  -4.0617024139641966E-002
          15          47   4.7104071637347908E-004
          15          48  -1.5135568247147094E-003
          16           1  -3.8825746135490426E-014
          16           2  -2.4977482354838366E-013
          16           3   6.6240432474762505E-013
          16           4   9.3469052555977174E-014
          16           5  -2.3454040846611849E-015
          16           6  -1.4476430820879474E-002
          16           7  0.64869954604995561     
          16           8  -2.1077208032810435E-002
          16           9   2.4987826730286544E-002
          16          10 -0.22456857944464559     
          16          11   3.6381455401671210E-002
          16          12   2.4609152914895809E-003
          16          13   6.7378129193947055E-003
          16          14   3.5830118757891717E-003
          16          15  -1.8244823127084140E-003
          16          16  0.15051515221240469     
          16          17  -2.6563863518918249E-003
          16          18   7.5116525467733145E-005
          16          19  -8.1091667713087991E-003
          16          20   1.0936719510231021E-004
          16          21  -1.8218150605569497E-013
          16          22  -5.1050099598330361E-016
          16          23  -1.7194277654511397E-013
          16          24   3.0365357781577753E-015
          16          25   2.2422006988523978E-015
          16          26  -1.8185173519765699E-013
          16          27  -4.7290529124169729E-014
          16          28  -3.2585057734415711E-015
          16          29  -4.4403224368238648E-014
          16          30   1.0435281420903544E-015
          16          31  -1.6900379381166458E-015
          16          32  -4.6793449137421904E-014
          16          33   8.6914644577549147E-016
          16          34   1.2899521194700087E-015
          16          35  -2.7336122285197698E-015
          16          36   1.5785962662452587E-015
          16          37   1.8471974432710202E-015
          16          38   8.5601588444068895E-016
          16          39   1.0532790619976425E-003
          16          40  -4.0629381043649437E-002
          16          41   4.7104071637921077E-004
          16          42  -9.0850057897344641E-002
          16          43   6.8581981938874907E-004
          16          44   1.0052971367197232E-016
          16          45   6.8581981938677257E-004
          16          46   4.7104071638100957E-004
          16          47  -4.0629381043648799E-002
          16          48   1.5335397364670943E-003
          17           1   3.3222643153085836E-013
          17           2   3.4166912837892092E-013
          17           3  -9.5354947398316966E-013
          17           4  -4.2573914347117715E-013
          17           5  -8.5473644137533545E-014
          17           6   2.0802559793662915E-002
          17           7  -2.1077208032763722E-002
          17           8  0.66431983259005900     
          17           9  -3.5907383947220789E-002
          17          10   3.6381455401578944E-002
          17          11 -0.25153082023169593     
          17          12  -3.5363231539465218E-003
          17          13   3.5830118757845296E-003
          17          14   4.0824483147737182E-003
          17          15   2.6217720978477699E-003
          17          16  -2.6563863518918249E-003
