           1           1   2.4590713062355967     
           1           2  -1.2523476171282442     
           1           3  -2.1499347198973555     
           1           4  -5.4431017709385650     
           1           5  0.63853456708609824     
           1           6  -2.4015981955003839E-002
           1           7  -1.3240301435969649E-013
           1           8   6.1597723048229817E-014
           1           9   2.9113093919397404E-013
           1          10   2.1652166782468037E-013
           1          11  -2.0507840600025893E-014
           1          12  -2.0113902609088629E-013
           1          13   1.7827672443875258E-014
           1          14   3.1950886306879309E-014
           1          15  -1.9742038262129220E-014
           1          16   3.1110473721249899E-014
           1          17  -3.0646521896154977E-014
           1          18   2.9747897498847912E-014
           1          19  -2.4972876484013487E-014
           1          20   1.7269236681669508E-014
           1          21  -6.4415559424353008E-015
           1          22   2.9091003866929612     
           1          23  -2.0551241340565683E-015
           1          24   2.9091003866930674     
           1          25  -1.5286700615423860E-014
           1          26  -8.5346558351854167E-015
           1          27   2.9091003866929719     
           1          28  0.97878426922436046     
           1          29  -7.6573380633617058E-015
           1          30  0.97878426922427841     
           1          31   1.6721102865108960E-014
           1          32   1.0489995965183044E-015
           1          33  0.97878426922433426     
           1          34 -0.27312653069889731     
           1          35   1.4206129627463406E-014
           1          36 -0.27312653069885390     
           1          37  -6.3892265013782084E-015
           1          38  -1.8353164102139863E-015
           1          39 -0.27312653069889142     
           1          40  -1.7457672376922532E-002
           1          41  -9.5762977354494411E-015
           1          42  -1.7457672376937447E-002
           1          43   6.2767213718498194E-015
           1          44  -6.0706165473223866E-016
           1          45  -1.7457672376924412E-002
           1          46  -1.0261084039359717E-013
           1          47  -1.6605015692505590E-015
           1          48  -3.8687525482216037E-014
           1          49  -6.7101605203369340E-016
           1          50   4.6935814807929948E-014
           1          51  -1.9090609595131483E-015
           1          52   4.2843117998599302E-014
           1          53  -3.3106725009122678E-014
           1          54   4.7873657615484995E-015
           1          55   8.7372375913531920E-014
           1          56  -2.6625977215473804E-014
           1          57   1.7941058587098431E-015
           1          58  -6.7980357950643579E-015
           1          59  -1.1840130149532914E-014
           1          60  -4.0506150776634449E-015
           1          61   8.0551033168317584E-015
           1          62  -9.8162947456979935E-015
           1          63  -4.9493088016525281E-015
           1          64  -8.0940570380501640E-016
           1          65   8.5680389710447079E-016
           2           1  -1.2523476171282442     
           2           2   3.5672542182677054     
           2           3   4.8067027920830343     
           2           4   10.772866529497772     
           2           5  -1.2594032054198854     
           2           6   5.7830380272474308E-002
           2           7   3.5565246327243479E-013
           2           8  -2.3631233709640908E-013
           2           9  -9.3040901453544905E-013
           2          10  -4.3968527918158825E-013
           2          11   1.5019372496684903E-013
           2          12   4.5274782039476163E-013
           2          13   1.2877423660278747E-014
           2          14  -6.4894356583872420E-014
           2          15   7.5582988309446641E-014
           2          16  -2.3755034047380818E-014
           2          17  -1.1231320228629247E-014
           2          18   2.6816535186224051E-014
           2          19   1.3280960335790448E-014
           2          20  -7.6089978208492837E-015
           2          21  -1.2950432212546327E-014
           2          22  -5.9290045826832394     
           2          23  -5.6469153469440435E-015
           2          24  -5.9290045826837519     
           2          25   4.2871670724337725E-014
           2          26   1.0299016181741656E-014
           2          27  -5.9290045826835440     
           2          28  -1.9433447477657586     
           2          29   2.3740210809516176E-015
           2          30  -1.9433447477655710     
           2          31  -2.9428523411359075E-014
           2          32   6.4641700853965701E-015
           2          33  -1.9433447477656600     
           2          34  0.53980826098513324     
           2          35  -2.0936707058340786E-014
           2          36  0.53980826098506074     
           2          37   9.4555962780221308E-015
           2          38   3.4432861017147354E-015
           2          39  0.53980826098513846     
           2          40   3.0132100224780526E-002
           2          41   9.6476399258617011E-015
           2          42   3.0132100224799261E-002
           2          43  -5.1644175316926778E-015
           2          44   2.7774164311619139E-015
           2          45   3.0132100224767498E-002
           2          46   1.7209016481653604E-013
           2          47  -3.3381293388148357E-015
           2          48   7.7476196717575627E-014
           2          49  -3.3288457445244432E-014
           2          50  -1.1053783786175264E-013
           2          51  -8.9826756553322905E-015
           2          52  -1.1307328258570900E-013
           2          53   7.9350045725780289E-014
           2          54  -2.8387554502640596E-014
           2          55  -2.1731905978108218E-013
           2          56   2.6528278827096863E-014
           2          57   1.2124767117312628E-014
           2          58   4.3788985816889990E-015
           2          59   3.9712148853906924E-014
           2          60  -3.3171963528871062E-014
           2          61  -1.4985963003272254E-014
           2          62  -1.8898293597800812E-014
           2          63  -4.4080493822389210E-015
           2          64   2.3157856885289571E-014
           2          65  -3.9070972809954673E-014
           3           1  -2.1499347198973555     
           3           2   4.8067027920830343     
           3           3   6.6017773658140486     
           3           4   13.979983474613373     
           3           5  -1.6226628814176216     
           3           6   8.2576418046886577E-002
           3           7   2.8209191029155833E-013
           3           8  -3.9836083915893940E-013
           3           9  -1.2316680557188406E-012
           3          10  -6.0000588656542084E-013
           3          11   4.8135463955686902E-013
           3          12   5.5522819131743763E-013
           3          13   3.1415065321619707E-014
           3          14  -8.0048935114287258E-014
           3          15   9.9645517397112835E-014
           3          16  -3.0635076458695737E-014
           3          17   1.0630976684393433E-014
           3          18   2.4844915682527734E-014
           3          19   2.0618656872259814E-014
           3          20  -1.8250240113465252E-014
           3          21  -1.5022346857354226E-014
           3          22  -7.8290289389231322     
           3          23  -6.0672193384071723E-014
           3          24  -7.8290289389264531     
           3          25   1.6051460885173685E-013
           3          26   1.6082233746298468E-013
           3          27  -7.8290289389255028     
           3          28  -2.5243289002080789     
           3          29   1.9828790267481764E-014
           3          30  -2.5243289002069784     
           3          31  -7.3948910183212475E-014
           3          32  -3.9192173675725663E-014
           3          33  -2.5243289002073155     
           3          34  0.69648454419955874     
           3          35  -3.5004216701147235E-014
           3          36  0.69648454419910355     
           3          37   2.7820410789040820E-014
           3          38   2.4439743104348160E-014
           3          39  0.69648454419929817     
           3          40   3.5501651467244495E-002
           3          41   1.5191666305387197E-014
           3          42   3.5501651467387950E-002
           3          43  -1.3492808735381338E-014
           3          44  -2.5824342102115390E-015
           3          45   3.5501651467317027E-002
           3          46   2.2531457366319698E-013
           3          47  -5.6481854526330877E-014
           3          48   9.8499293381512702E-014
           3          49  -1.6058479786451246E-013
           3          50  -1.3787734983622995E-013
           3          51  -1.0075207076307503E-014
           3          52  -1.4155077112038021E-013
           3          53   1.0161999583651392E-013
           3          54  -8.9933486796474983E-014
           3          55  -2.6933854008357859E-013
           3          56   2.9110208471621857E-014
           3          57   8.6727308989462268E-015
           3          58   2.7848171706242610E-015
           3          59   3.6441127555368995E-014
           3          60  -3.8900822777043719E-014
           3          61  -2.1927070486278268E-014
           3          62  -2.0487109281032132E-014
           3          63  -8.5643286337749348E-015
           3          64   2.1590950114230100E-014
           3          65  -4.7754202501701531E-014
           4           1  -5.4431017709385650     
           4           2   10.772866529497772     
           4           3   13.979983474613373     
           4           4   77.925289287542569     
           4           5  -9.6966032773481761     
           4           6  -4.9860760670318860E-003
           4           7   1.5198947672411664E-012
           4           8  -4.4272800653451785E-013
           4           9  -2.4272987311592406E-012
           4          10  -5.1059009345533823E-012
           4          11  -1.6853860883397138E-013
           4          12   3.0047144577820209E-012
           4          13   1.0940233713184359E-013
           4          14  -3.4919051449088065E-013
           4          15   1.5505472859297070E-013
           4          16  -7.0529925900887873E-014
           4          17  -2.1229773181609473E-013
           4          18   5.7082594425179943E-014
           4          19   8.5589171835484423E-014
           4          20   5.3209323848731002E-014
           4          21  -4.6906297430445790E-015
           4          22  -35.380102923071206     
           4          23   1.8291118724816354E-013
           4          24  -35.380102923074233     
           4          25   2.0899966555027629E-013
           4          26   2.0157612948528925E-013
           4          27  -35.380102923071924     
           4          28  -13.902924703642126     
           4          29   5.5161635610262712E-014
           4          30  -13.902924703640966     
           4          31  -1.1921956801243189E-013
           4          32  -1.0915704412338450E-014
           4          33  -13.902924703641807     
           4          34   4.1026665223209742     
           4          35  -1.3844372651153774E-013
           4          36   4.1026665223205248     
           4          37   1.0646083330694362E-014
           4          38   2.5467367723372338E-014
           4          39   4.1026665223210488     
           4          40  0.41737211165456856     
           4          41   1.0141003518129483E-013
           4          42  0.41737211165464683     
           4          43   2.7225125558947270E-014
           4          44  -4.4324843588420601E-015
           4          45  0.41737211165441684     
           4          46   1.9400142432805966E-012
           4          47   1.1759505068387568E-013
           4          48   9.2400468237652324E-013
           4          49   2.3172977244472856E-013
           4          50  -6.6820646648470896E-013
           4          51  -6.4721554091650780E-014
           4          52  -6.0459134254428966E-013
           4          53   8.2726568261193965E-013
           4          54   5.5217453860512253E-014
           4          55  -1.2595988743542033E-012
           4          56   1.0390371414517302E-013
           4          57   5.3833597422422663E-014
           4          58   1.6320127620481481E-015
           4          59   2.9020889264526142E-013
           4          60  -1.4416257210848802E-013
           4          61   5.0242278446507338E-015
           4          62  -5.2766294394856864E-014
           4          63  -3.3869671573829969E-014
           4          64   1.6574503413516593E-013
           4          65  -9.1590983957855002E-014
           5           1  0.63853456708609824     
           5           2  -1.2594032054198854     
           5           3  -1.6226628814176216     
           5           4  -9.6966032773481761     
           5           5   1.2099488985139772     
           5           6   3.0059757916195869E-003
           5           7  -6.8246505130893394E-013
           5           8   1.6918836790612656E-013
           5           9   3.8920249226588018E-013
           5          10   2.1045420718237761E-012
           5          11   4.6598230883280696E-013
           5          12  -4.1683154173217487E-013
           5          13   2.8589376840081776E-014
           5          14   2.6318372942394961E-014
           5          15  -2.8771270810489217E-014
           5          16   8.3831534672235730E-014
           5          17   3.6794383284382665E-014
           5          18  -1.3788900279982391E-014
           5          19  -2.6151405276045103E-014
           5          20  -9.4576558244754674E-015
           5          21   1.6068472754914175E-015
           5          22   4.3601461115548146     
           5          23   1.0610118684011432E-013
           5          24   4.3601461115539601     
           5          25  -1.1498217451117130E-013
           5          26   4.4435013343095205E-013
           5          27   4.3601461115539237     
           5          28   1.7291479222252053     
           5          29  -4.8606971228921127E-014
           5          30   1.7291479222254544     
           5          31   4.2885308313180102E-014
           5          32  -1.4863292028808147E-013
           5          33   1.7291479222254786     
           5          34 -0.51164959575046021     
           5          35   3.4511642167593894E-014
           5          36 -0.51164959575056890     
           5          37  -1.2942176358746693E-014
           5          38   5.9686804559370000E-014
           5          39 -0.51164959575059987     
           5          40  -5.3061481777256767E-002
           5          41  -1.8420531686250228E-014
           5          42  -5.3061481777212649E-002
           5          43   1.0184410872319169E-016
           5          44  -1.9788977424858709E-014
           5          45  -5.3061481777195094E-002
           5          46  -8.4643593771535196E-013
           5          47  -8.6834294455204944E-014
           5          48  -3.8593288473883457E-013
           5          49  -1.9107960955935970E-013
           5          50   9.3935776907027200E-014
           5          51   8.1155502585650106E-015
           5          52   8.5600933652718721E-014
           5          53  -3.7332450504064260E-013
           5          54  -7.9695263645117680E-014
           5          55   1.8077718894953669E-013
           5          56  -8.6464149445152589E-014
           5          57  -8.6250717450288376E-015
           5          58  -3.3155531178905144E-014
           5          59  -4.0779068450689717E-014
           5          60   2.1380631276592215E-014
           5          61  -1.2828659339606531E-015
           5          62   1.0061772303710789E-014
           5          63  -2.8873927843851478E-014
           5          64  -2.2764753110057801E-014
           5          65   1.8954575126592379E-014
           6           1  -2.4015981955003839E-002
           6           2   5.7830380272474308E-002
           6           3   8.2576418046886577E-002
           6           4  -4.9860760670318860E-003
           6           5   3.0059757916195869E-003
           6           6   1.7023949416076285E-003
           6           7  -3.2385283714867225E-013
           6           8  -8.3585730944421044E-014
           6           9   5.4233086070892581E-014
           6          10   8.2496193754929425E-013
           6          11   2.7921072049060858E-013
           6          12  -4.0580258207687468E-014
           6          13   2.8842836186152671E-014
           6          14   5.9048721979473670E-015
           6          15  -5.8198754972394880E-015
           6          16   4.4379383170428697E-014
           6          17   1.4251611560441500E-014
           6          18  -4.6482025328238613E-015
           6          19  -9.1572778460100393E-015
           6          20  -3.3299737784237416E-015
           6          21   7.0503196686236499E-016
           6          22  -2.7952318832002821E-002
           6          23   6.4135106518940928E-014
           6          24  -2.7952318832533241E-002
           6          25  -2.0713856767382742E-014
           6          26   2.3489780653561358E-013
           6          27  -2.7952318832430156E-002
           6          28   2.7586785190765982E-004
           6          29  -2.0913747230557316E-014
           6          30   2.7586785207729382E-004
           6          31   6.3536794866010946E-015
           6          32  -7.5037457248111975E-014
           6          33   2.7586785204404671E-004
           6          34  -1.0693332628755753E-003
           6          35   8.6320972966770777E-015
           6          36  -1.0693332629465675E-003
           6          37  -2.5747491936054726E-015
           6          38   3.1471956642174333E-014
           6          39  -1.0693332629322077E-003
           6          40  -8.2968017505729804E-004
           6          41  -2.9432254182727515E-015
           6          42  -8.2968017503402044E-004
           6          43   6.3316701791870039E-016
           6          44  -1.0155728766738715E-014
           6          45  -8.2968017503862906E-004
           6          46  -3.4339344712972668E-013
           6          47  -5.0634262475671473E-014
           6          48  -1.5382823354820334E-013
           6          49  -1.1380271880669412E-013
           6          50   9.1421222897375278E-015
           6          51   3.6966040553080239E-017
           6          52   8.8314459821369772E-015
           6          53  -1.5340572139304451E-013
           6          54  -5.1083091397318094E-014
           6          55   2.0364401940036503E-014
           6          56  -4.4289204653856012E-014
           6          57  -5.7050898283293991E-015
           6          58  -1.9848861709306323E-014
           6          59  -1.3039501963779302E-014
           6          60   2.3239785443560116E-015
           6          61  -4.6625964883540156E-016
           6          62   2.3589561940152829E-015
           6          63  -1.9947615530755714E-014
           6          64  -5.8590160711337582E-015
           6          65   5.1311861045027151E-015
           7           1  -1.3240301435969649E-013
           7           2   3.5565246327243479E-013
           7           3   2.8209191029155833E-013
           7           4   1.5198947672411664E-012
           7           5  -6.8246505130893394E-013
           7           6  -3.2385283714867225E-013
           7           7   2.9832634067659951     
           7           8  -1.5147605392236201E-014
           7           9   1.4849232954314583E-015
           7          10  -3.1618224315727086     
           7          11   3.3612002070557771E-014
           7          12  -2.6090241078452690E-015
           7          13 -0.29750308249365998     
           7          14   2.5822659982517856E-014
           7          15  -6.7801667058555162E-015
           7          16 -0.25942138389543967     
           7          17   5.2782431203544176E-014
           7          18  -2.8534466456343181E-014
           7          19   5.2745520636697206E-002
           7          20  -1.7304083513301939E-014
           7          21   1.1790698625780590E-014
           7          22  -6.6363738447721819E-013
           7          23   6.3330303393099710E-015
           7          24  -6.3066273230366858E-013
           7          25  -1.0373826692166150E-014
           7          26   7.2115735032146925E-015
           7          27  -6.3540521497558747E-013
           7          28  -1.9510137921037669E-013
           7          29   4.3993935874031938E-015
           7          30  -2.0934434184757454E-013
           7          31   3.0945762225512438E-015
           7          32  -2.2234430515615978E-015
           7          33  -1.9582402743364472E-013
           7          34   2.6702082646358434E-013
           7          35   1.3812526469111903E-015
           7          36   2.7075286904074684E-013
           7          37  -9.7770907264415324E-015
           7          38   2.5897881242683932E-015
           7          39   2.6377936109639446E-013
           7          40   1.5300263656771071E-013
           7          41  -4.1582725969958646E-015
           7          42   1.6198167560337912E-013
           7          43   5.7818709567210768E-015
           7          44  -2.0748181718605363E-015
           7          45   1.5783669170418920E-013
           7          46   1.4513687316987707     
           7          47  -1.6472934127880544E-014
           7          48  0.64907182889922055     
           7          49  -3.0989100174860089E-014
           7          50   8.0768725041422899E-015
           7          51   4.4116638733384838E-016
           7          52  -1.3183898417885592E-016
           7          53  0.64907182889922499     
           7          54  -6.7029715111792657E-015
           7          55   9.1593399530659192E-016
           7          56  0.28531270811453441     
           7          57  -1.2859505127416205E-014
           7          58  0.12759572203773137     
           7          59  -3.2743772970797616E-014
           7          60   1.0905772812595720E-014
           7          61   6.2163179017817358E-015
           7          62   1.3326579423322877E-014
           7          63  0.12759572203773428     
           7          64  -1.7756629500096868E-014
           7          65   9.7873098514615053E-015
           8           1   6.1597723048229817E-014
           8           2  -2.3631233709640908E-013
           8           3  -3.9836083915893940E-013
           8           4  -4.4272800653451785E-013
           8           5   1.6918836790612656E-013
           8           6  -8.3585730944421044E-014
           8           7  -1.5147605392236201E-014
           8           8   2.9832634067660315     
           8           9  -3.6637359812623934E-015
           8          10   7.4384942650184845E-015
           8          11  -3.1618224315727881     
           8          12   1.8873791418624051E-014
           8          13   9.0828820159537526E-014
           8          14 -0.29750308249381813     
           8          15  -2.0643209364116360E-015
           8          16   1.1299121360774946E-013
           8          17 -0.25942138389559621     
           8          18   2.7339241981401327E-015
           8          19  -3.2597839358384147E-014
           8          20   5.2745520636741518E-002
           8          21  -4.7947756876000573E-015
           8          22   3.1441475123883594E-013
           8          23   2.4814652193337501E-014
           8          24   3.4133516482577094E-013
           8          25  -9.5948329178878715E-015
           8          26  -1.9405167669451518E-014
           8          27   2.9530949072687427E-013
           8          28   6.5339316355431087E-014
           8          29  -9.1124742548804154E-015
           8          30   6.8308565943961020E-014
           8          31   5.5121881795808574E-015
           8          32   6.8487163858076694E-015
           8          33   8.1078363849283603E-014
           8          34  -4.1181029794626247E-014
           8          35   2.7951839551052371E-015
           8          36  -4.8955642771287674E-014
           8          37  -3.2145766874324452E-015
           8          38  -7.4192180325499866E-016
           8          39  -5.6059095381990301E-014
           8          40   1.4520273513312143E-014
           8          41   1.7556070860136806E-015
           8          42   1.7287357912379197E-014
           8          43  -1.2931975089855352E-015
           8          44   6.5031787080444483E-016
           8          45   2.2466328799937948E-014
           8          46  -3.8857805861891302E-014
           8          47  0.64907182889927140     
           8          48  -1.8273577095945012E-014
           8          49   1.4513687316988848     
           8          50  -6.1062266354270803E-016
           8          51  -3.8323747508918999E-015
           8          52  -9.0760732263106358E-015
           8          53  -2.5021651417494470E-014
           8          54  0.64907182889927162     
           8          55  -1.4599432773819635E-014
           8          56  -9.3467768247368493E-014
           8          57  0.12759572203779251     
           8          58  -4.6750797677575084E-014
           8          59  0.28531270811468040     
           8          60  -2.4112656316076869E-015
           8          61   1.2262170733821167E-015
           8          62   1.3704315460215403E-015
           8          63  -4.4000827287282087E-014
           8          64  0.12759572203778941     
           8          65   2.1302404284985393E-015
           9           1   2.9113093919397404E-013
           9           2  -9.3040901453544905E-013
           9           3  -1.2316680557188406E-012
           9           4  -2.4272987311592406E-012
           9           5   3.8920249226588018E-013
           9           6   5.4233086070892581E-014
           9           7   1.4849232954314583E-015
           9           8  -3.6637359812623934E-015
           9           9   2.9832634067659947     
           9          10   3.6637359812838922E-015
           9          11  -3.7747582837285441E-015
           9          12  -3.1618224315727614     
           9          13   9.2799032347384470E-015
           9          14   1.5046991430623115E-014
           9          15 -0.29750308249360941     
           9          16   5.8980598183255085E-016
           9          17   2.3828161666017283E-014
           9          18 -0.25942138389539177     
           9          19   1.7997756063243448E-016
           9          20  -7.2702260878189232E-015
           9          21   5.2745520636684792E-002
           9          22   1.3774032371354997E-012
           9          23  -2.4659599111168467E-014
           9          24   1.3576348342894353E-012
           9          25   1.3798671561024479E-014
           9          26  -1.7362796517910357E-015
           9          27   1.3882930302137811E-012
           9          28   4.2529527134356060E-013
           9          29   8.9519541003668620E-015
           9          30   4.2906988438769714E-013
           9          31  -1.2639021517001616E-015
           9          32  -1.6413356896980197E-015
           9          33   4.1823941910003519E-013
           9          34  -1.6224068846669014E-013
           9          35  -3.8858504734670797E-015
           9          36  -1.6534994006785502E-013
           9          37  -2.1972935327899715E-015
           9          38   1.3939577724944428E-015
           9          39  -1.5755524282008972E-013
           9          40  -3.6466226474570800E-014
           9          41   1.7449252561159504E-015
           9          42  -3.6934497907634231E-014
           9          43   7.0881938265982170E-016
           9          44   1.3507559436109067E-015
           9          45  -3.9287304674642166E-014
           9          46  -7.7438055967690986E-015
           9          47  -2.6090241078685811E-015
           9          48   1.5473733405673404E-015
           9          49  -2.4424906541740724E-015
           9          50  0.64907182889923165     
           9          51   2.3823057114157237E-016
           9          52  0.64907182889923121     
           9          53  -1.6098233857097340E-015
           9          54  -1.6930901125529693E-015
           9          55   1.4513687316987842     
           9          56  -3.2664843052650614E-015
           9          57  -7.3101247277662020E-015
           9          58  -2.2087366657874444E-015
           9          59  -2.1649348980190619E-014
           9          60  0.12759572203771141     
           9          61  -1.3468979470411112E-015
           9          62  0.12759572203770925     
           9          63  -1.6241348543838292E-015
           9          64  -7.9623807547336266E-015
           9          65  0.28531270811448511     
          10           1   2.1652166782468037E-013
          10           2  -4.3968527918158825E-013
          10           3  -6.0000588656542084E-013
          10           4  -5.1059009345533823E-012
          10           5   2.1045420718237761E-012
          10           6   8.2496193754929425E-013
          10           7  -3.1618224315727086     
          10           8   7.4384942650184845E-015
          10           9   3.6637359812838922E-015
          10          10   10.014515453706693     
          10          11  -8.5487172897524565E-015
          10          12  -2.7644553313272607E-014
          10          13  0.26353825845538298     
          10          14   1.2044358566056311E-013
          10          15  -2.1900883884206458E-014
          10          16  0.50756432149661068     
          10          17   4.2736647554174149E-014
          10          18   6.4254157550211408E-015
          10          19 -0.10552195147415377     
          10          20   2.1632001745376925E-015
          10          21  -6.6318478486625710E-015
          10          22   2.1699370560563622E-012
          10          23  -2.6200567872988481E-014
          10          24   2.0116816013226298E-012
          10          25   4.8694170906852710E-014
          10          26   1.5909370782765577E-015
          10          27   2.0351667907241382E-012
          10          28   6.6901114269476901E-013
          10          29  -1.4292330935579474E-014
          10          30   7.4038903989977908E-013
          10          31  -2.3436025992665924E-014
          10          32  -1.2865360014300176E-014
          10          33   7.0738826017852386E-013
          10          34  -7.8588318927012178E-013
          10          35   1.1802217289244039E-014
          10          36  -8.3031400214633862E-013
          10          37   2.6129718852343646E-014
          10          38   1.2784586030784049E-014
          10          39  -8.0080592605359280E-013
          10          40  -4.3538008421387563E-013
          10          41  -3.9069889011055619E-015
          10          42  -4.1186536541904227E-013
          10          43  -1.4566710331069527E-014
          10          44  -9.6881525750603824E-015
          10          45  -4.3027915287670927E-013
          10          46  -4.1085901667309805     
          10          47   1.0338951916843057E-014
          10          48  -1.8374173808995289     
          10          49  -5.1902926401179690E-014
          10          50   3.8857805862135470E-015
          10          51   2.2794273144513095E-015
          10          52   1.2628786905131717E-014
          10          53  -1.8374173808995371     
          10          54  -2.4008572907497288E-014
          10          55   3.8691272408227543E-014
          10          56 -0.49208905624310062     
          10          57  -4.7543566306095784E-014
          10          58 -0.22006891614866514     
          10          59  -7.4926176374401915E-014
          10          60  -9.9989461155237654E-015
          10          61  -1.3367026753423396E-014
          10          62   5.2492732383055879E-015
          10          63 -0.22006891614865925     
          10          64  -2.4107452145657391E-014
          10          65   9.9920072216247838E-015
          11           1  -2.0507840600025893E-014
          11           2   1.5019372496684903E-013
          11           3   4.8135463955686902E-013
          11           4  -1.6853860883397138E-013
          11           5   4.6598230883280696E-013
          11           6   2.7921072049060858E-013
          11           7   3.3612002070557771E-014
          11           8  -3.1618224315727881     
          11           9  -3.7747582837285441E-015
          11          10  -8.5487172897524565E-015
          11          11   10.014515453706862     
          11          12   1.2434497875819012E-014
          11          13  -1.8632664855466380E-013
          11          14  0.26353825845564299     
          11          15   1.4738210651895586E-014
          11          16  -1.9879584089999085E-013
          11          17  0.50756432149695174     
          11          18   1.7624790515921343E-014
          11          19   5.5171145429968582E-014
          11          20 -0.10552195147425102     
          11          21  -2.9767854847754610E-015
          11          22  -1.9857662903131873E-013
          11          23  -1.0963976884662445E-013
          11          24  -3.1117960131264482E-013
          11          25   5.1336518455187202E-014
          11          26   6.0995259058363837E-014
          11          27  -9.2351875118568194E-014
          11          28   3.1269405685791737E-015
          11          29   3.5135514217847740E-014
          11          30   1.8977784087599895E-014
          11          31  -1.8583392232108844E-014
          11          32  -2.2929736143464642E-014
          11          33  -8.1749702065363571E-014
          11          34  -2.0247409148565140E-013
          11          35  -6.7746774339025796E-015
          11          36  -2.1069513054043958E-013
          11          37   1.1083481033501547E-014
          11          38   1.0297818976019362E-015
          11          39  -1.2794617826623108E-013
          11          40  -1.1540162190610436E-013
          11          41   1.7043015222533181E-015
          11          42  -1.1573277273528797E-013
          11          43  -4.8189139343577175E-015
          11          44   3.5273225289404070E-015
          11          45  -1.5147630977623255E-013
          11          46   5.9674487573652474E-014
          11          47  -1.8374173808996415     
          11          48   4.6296300126893741E-014
          11          49  -4.1085901667311742     
          11          50   8.3266726846833587E-015
          11          51   1.2911785607752798E-014
          11          52  -8.8817841970046129E-016
          11          53   4.9890647169116120E-014
          11          54  -1.8374173808996335     
          11          55  -1.5543122344757922E-014
          11          56   1.8993140393774944E-013
          11          57 -0.22006891614877275     
          11          58   7.5942724331313216E-014
          11          59 -0.49208905624339305     
          11          60  -2.7616797737555104E-015
          11          61  -1.0792643578457773E-014
          11          62  -1.6403545188836095E-014
          11          63   8.5686666095871610E-014
          11          64 -0.22006891614877880     
          11          65  -1.5459855617900976E-014
          12           1  -2.0113902609088629E-013
          12           2   4.5274782039476163E-013
          12           3   5.5522819131743763E-013
          12           4   3.0047144577820209E-012
          12           5  -4.1683154173217487E-013
          12           6  -4.0580258207687468E-014
          12           7  -2.6090241078452690E-015
          12           8   1.8873791418624051E-014
          12           9  -3.1618224315727614     
          12          10  -2.7644553313272607E-014
          12          11   1.2434497875819012E-014
          12          12   10.014515453706892     
          12          13   1.9770643455705487E-014
          12          14   1.0769163338862195E-014
          12          15  0.26353825845533208     
          12          16   4.3326453535994664E-014
          12          17  -2.3120394487818582E-014
          12          18  0.50756432149659803     
          12          19  -1.4018300409367714E-014
          12          20   7.3968609015658186E-015
          12          21 -0.10552195147414553     
          12          22  -1.3733104900195390E-012
          12          23   1.1682636485910943E-013
          12          24  -1.2782299658294039E-012
          12          25  -6.1876592648263897E-014
          12          26   8.5669531230596202E-015
          12          27  -1.4164824667251447E-012
          12          28  -5.3616133132150020E-013
          12          29  -4.5411568260613346E-014
          12          30  -5.5485606465971806E-013
          12          31   1.1463836915859270E-014
          12          32   4.4592762389130207E-015
          12          33  -5.0700798745741466E-013
          12          34   1.7705826653621322E-013
          12          35   2.1921865566828650E-014
          12          36   1.9325387171039593E-013
          12          37  -7.7482507864398292E-016
          12          38  -6.2342965826842122E-015
          12          39   1.6357442046650964E-013
          12          40   3.0389617226469669E-014
          12          41  -9.9900027000095513E-015
          12          42   2.5776083145585728E-014
          12          43   1.7666508112350411E-015
          12          44  -5.1950541009858512E-015
          12          45   4.0266966211722832E-014
          12          46   1.1435297153682673E-014
          12          47  -6.8833827526789509E-015
          12          48  -6.0507154841870124E-015
          12          49  -2.0428103653109810E-014
          12          50  -1.8374173808995873     
          12          51  -1.0071812993579912E-015
          12          52  -1.8374173808995748     
          12          53  -3.1086244689337957E-015
          12          54  -3.3306690738778046E-015
          12          55  -4.1085901667310774     
          12          56  -3.3979763447430201E-014
          12          57   2.3314683517125727E-015
          12          58  -1.0907941216942253E-014
          12          59   1.7152945730459344E-014
          12          60 -0.22006891614864574     
          12          61   5.8315047684475021E-015
          12          62 -0.22006891614864013     
          12          63  -7.2476746826286735E-015
          12          64   1.5126788710523659E-015
          12          65 -0.49208905624307392     
          13           1   1.7827672443875258E-014
          13           2   1.2877423660278747E-014
          13           3   3.1415065321619707E-014
          13           4   1.0940233713184359E-013
