           1           1   2.4696080530073674     
           1           2  -1.6468100415558160     
           1           3  -2.4056472324017588     
           1           4  -3.6575681865182776     
           1           5  0.29665613590959528     
           1           6   2.5311762155236738E-002
           1           7  -5.9242473077493016E-013
           1           8   6.0380454579058360E-013
           1           9  -2.4041777811777987E-013
           1          10   6.9411647668719244E-013
           1          11   3.9720861930465569E-013
           1          12  -4.2459344957483556E-013
           1          13   5.2409018635659522E-013
           1          14   3.5102670811439688E-013
           1          15  -6.0190610440101218E-015
           1          16  -2.1958813740796031E-014
           1          17  -3.0267530219040909E-014
           1          18   1.1952394373293728E-014
           1          19  -7.6451497560863633E-015
           1          20   1.0267111474241258E-014
           1          21  -6.0143228300835236E-015
           1          22   2.4898064099700221     
           1          23  -3.2392138878462648E-013
           1          24   2.4898064099695536     
           1          25  -1.2901045131035863E-012
           1          26  -3.2394346824588609E-013
           1          27   2.4898064099691655     
           1          28  0.80690877413610185     
           1          29   9.3800295020068665E-014
           1          30  0.80690877413625473     
           1          31   3.4751929394628350E-013
           1          32   6.9620695853990415E-014
           1          33  0.80690877413636819     
           1          34 -0.12129968571137201     
           1          35  -4.7631482835938293E-014
           1          36 -0.12129968571142283     
           1          37  -1.5444762381122653E-013
           1          38  -2.4939826174494204E-014
           1          39 -0.12129968571148263     
           1          40  -3.8540231623037505E-002
           1          41   2.3504385311068176E-014
           1          42  -3.8540231622999244E-002
           1          43   3.7837125607532163E-014
           1          44   3.5389442382444583E-014
           1          45  -3.8540231622974964E-002
           1          46  -2.9088296027288548E-013
           1          47  -9.1939599413577508E-014
           1          48  -1.2131132743989687E-013
           1          49  -6.4211056683785956E-014
           1          50   8.5858516081094360E-014
           1          51   1.5103109793961145E-014
           1          52   9.0519277168615888E-014
           1          53  -1.6158451605709091E-013
           1          54  -5.8895653981833146E-014
           1          55   5.2684639983536088E-014
           1          56  -3.7322044669981467E-013
           1          57  -8.9512652833031907E-014
           1          58  -1.8727891307716902E-013
           1          59  -2.5789158659321353E-013
           1          60   2.8162021921487147E-014
           1          61  -1.2965850413939237E-014
           1          62   7.7364826587125973E-015
           1          63  -1.5892991084656856E-013
           1          64  -1.2905287211540642E-013
           1          65   7.1724202192021515E-014
           2           1  -1.6468100415558160     
           2           2   5.3740338622965602     
           2           3   6.5799063582726607     
           2           4   10.633332445995254     
           2           5 -0.86639303274856050     
           2           6  -7.4407024636409358E-002
           2           7   2.1549518678197783E-012
           2           8  -2.3212644306980553E-012
           2           9   1.0205824007689622E-012
           2          10  -2.3034520382432034E-012
           2          11  -8.2821164586348090E-013
           2          12   1.0353728406399220E-012
           2          13  -1.5441771867454939E-012
           2          14  -7.6460330242221746E-013
           2          15  -4.5018081424447751E-014
           2          16   5.0188417089477173E-014
           2          17   8.1787964256865201E-014
           2          18  -3.3045553139040396E-014
           2          19   2.4400535931525659E-014
           2          20  -3.0166794229070044E-014
           2          21   1.8737903664283057E-014
           2          22  -7.0204085098823494     
           2          23   9.5022804213992925E-013
           2          24  -7.0204085098810927     
           2          25   3.3091702499702840E-012
           2          26   8.7781812931312259E-013
           2          27  -7.0204085098798830     
           2          28  -2.3449648813700592     
           2          29  -2.8171437697315647E-013
           2          30  -2.3449648813704935     
           2          31  -8.9133941755636988E-013
           2          32  -1.8636745260207396E-013
           2          33  -2.3449648813708239     
           2          34  0.35400837945099023     
           2          35   1.4593491532065613E-013
           2          36  0.35400837945113978     
           2          37   3.9866611969216769E-013
           2          38   6.7316954214482082E-014
           2          39  0.35400837945130637     
           2          40  0.11282049063812333     
           2          41  -6.7262267749752562E-014
           2          42  0.11282049063801614     
           2          43  -9.6704025511404687E-014
           2          44  -9.6040941687640775E-014
           2          45  0.11282049063795048     
           2          46   9.5017619035440553E-013
           2          47   1.5815370751602591E-013
           2          48   3.5010586813536739E-013
           2          49   4.6077513196473278E-014
           2          50  -1.6585670174049815E-013
           2          51  -2.9327840553830859E-014
           2          52  -2.4335018719948678E-013
           2          53   5.8888769202506691E-013
           2          54   5.5477938178946955E-014
           2          55  -6.7364729009193325E-014
           2          56   1.1479274615249664E-012
           2          57   1.6850264293417724E-013
           2          58   5.5486095510813943E-013
           2          59   5.6226065389921212E-013
           2          60  -4.8163238405223083E-014
           2          61   3.8160059425612332E-014
           2          62  -2.3023043889946212E-015
           2          63   5.0336027500776961E-013
           2          64   2.8110907316379709E-013
           2          65  -1.4135975145136800E-013
           3           1  -2.4056472324017588     
           3           2   6.5799063582726607     
           3           3   8.2041983665342748     
           3           4   14.386109940234487     
           3           5  -1.1607344349323274     
           3           6 -0.10174990906201042     
           3           7   2.6607071149266283E-012
           3           8  -1.8307707106527824E-012
           3           9   9.3375914634278790E-013
           3          10  -3.5682222556455909E-012
           3          11  -2.6696297832842377E-012
           3          12   1.9031661845438601E-012
           3          13  -2.2303703284448778E-012
           3          14  -1.5890956865332495E-012
           3          15   8.4848834337917588E-014
           3          16   6.2626386892239449E-014
           3          17   9.9714788312577622E-014
           3          18  -4.5780688001028369E-014
           3          19   4.1193274238154731E-014
           3          20  -3.4080204058665345E-014
           3          21   2.3999584358809443E-014
           3          22  -9.2154173674901294     
           3          23  -3.4197869255219919E-012
           3          24  -9.2154173674957196     
           3          25  -1.1711075608348608E-011
           3          26  -1.3826978143407284E-012
           3          27  -9.2154173674956663     
           3          28  -3.1644957491863011     
           3          29   8.7479213327808174E-013
           3          30  -3.1644957491849439     
           3          31   3.1172897943113180E-012
           3          32   4.4166038823967322E-013
           3          33  -3.1644957491849759     
           3          34  0.47343593882875273     
           3          35  -2.9084011888035175E-013
           3          36  0.47343593882818863     
           3          37  -1.1556203375978695E-012
           3          38  -1.8411259811945953E-013
           3          39  0.47343593882825247     
           3          40  0.15226019024058923     
           3          41   6.2711747309980848E-014
           3          42  0.15226019024068080     
           3          43   4.1417316283636827E-013
           3          44  -5.1015417223504456E-014
           3          45  0.15226019024064411     
           3          46   1.4003191118940711E-012
           3          47   5.2694419459838375E-013
           3          48   5.6851195959082435E-013
           3          49   6.3282731196430574E-013
           3          50  -3.5684780320266832E-013
           3          51  -5.5861813438776562E-014
           3          52  -4.0571160178102387E-013
           3          53   7.8727284684153883E-013
           3          54   3.8273869579091437E-013
           3          55  -2.7375380474473399E-013
           3          56   1.6910441224733336E-012
           3          57   4.6831426756973493E-013
           3          58   8.2882977612001647E-013
           3          59   1.2967660996983678E-012
           3          60  -1.4007338755091476E-013
           3          61   5.3158313351435291E-014
           3          62  -6.0694992175687593E-014
           3          63   7.2595463922305539E-013
           3          64   6.3497538244231173E-013
           3          65  -3.5078597602950923E-013
           4           1  -3.6575681865182776     
           4           2   10.633332445995254     
           4           3   14.386109940234487     
           4           4   44.573715005066120     
           4           5  -3.4282533207659180     
           4           6 -0.33258634988751778     
           4           7   3.7861085212147560E-012
           4           8  -5.7137121327717108E-014
           4           9  -9.6206263931304737E-013
           4          10  -8.3873684820658155E-012
           4          11  -1.2376861691511559E-011
           4          12   9.9540585913446556E-012
           4          13  -6.4727348330663438E-012
           4          14  -6.9056661026402492E-012
           4          15   1.3118672131265220E-012
           4          16   2.6691371262184606E-013
           4          17   3.8157942918893905E-013
           4          18  -1.9770311235043723E-013
           4          19   1.7876046793159269E-013
           4          20  -1.2430662252702961E-013
           4          21   7.6007375263433140E-014
           4          22  -24.025042622852649     
           4          23  -2.6611298482339212E-012
           4          24  -24.025042622856812     
           4          25  -3.2959190513573151E-012
           4          26   1.2617658802593707E-012
           4          27  -24.025042622853711     
           4          28  -9.6818421819914047     
           4          29   5.5897069403332308E-013
           4          30  -9.6818421819908096     
           4          31   7.9985365584866600E-013
           4          32  -1.0419238686602617E-014
           4          33  -9.6818421819917599     
           4          34   1.3851861806699655     
           4          35   4.3332227847389304E-014
           4          36   1.3851861806696311     
           4          37   7.7258054223360728E-015
           4          38  -5.7398418617574951E-014
           4          39   1.3851861806701906     
           4          40  0.46696276243468215     
           4          41  -1.3658463466305973E-013
           4          42  0.46696276243439627     
           4          43   1.9100691428066772E-013
           4          44  -4.5113709348298684E-013
           4          45  0.46696276243417895     
           4          46   3.1062833820188742E-012
           4          47   2.9010750789684656E-012
           4          48   1.5177557504680980E-012
           4          49   3.5090774014286572E-012
           4          50  -2.2563338083665778E-012
           4          51  -3.2289394721049556E-013
           4          52  -1.9909000929622552E-012
           4          53   1.5029607551359237E-012
           4          54   2.3344510330103373E-012
           4          55  -2.2569621583987337E-012
           4          56   4.4762825593512250E-012
           4          57   2.1505061067246174E-012
           4          58   2.3927017636181684E-012
           4          59   5.6973420064926917E-012
           4          60  -9.9506569817492823E-013
           4          61   2.0477897015239451E-013
           4          62  -5.7774760574360771E-013
           4          63   1.7647432441176407E-012
           4          64   2.8737077376816338E-012
           4          65  -2.3220155096915381E-012
           5           1  0.29665613590959528     
           5           2 -0.86639303274856050     
           5           3  -1.1607344349323274     
           5           4  -3.4282533207659180     
           5           5  0.26450718680743091     
           5           6   2.5494765714854813E-002
           5           7  -7.4828827261418538E-013
           5           8   4.3560963965537003E-013
           5           9   9.8550123636742601E-014
           5          10   1.3957773202381547E-012
           5          11   3.4773991622178193E-013
           5          12  -1.1622550850868412E-012
           5          13   7.2879280196181540E-013
           5          14   3.3434255602406249E-013
           5          15  -2.0541798873744250E-013
           5          16  -9.9668517568746083E-015
           5          17  -3.6644113923893792E-014
           5          18   7.7572487386358290E-015
           5          19  -1.8373733917487473E-014
           5          20   1.3202208487244687E-014
           5          21  -2.6482800574573523E-015
           5          22   1.8700549672433673     
           5          23   1.3439845873631431E-011
           5          24   1.8700549672642224     
           5          25   4.1312928697307545E-011
           5          26   6.6905490653074840E-012
           5          27   1.8700549672685485     
           5          28  0.74525700407490791     
           5          29  -3.5800967749456139E-012
           5          30  0.74525700406937401     
           5          31  -1.1034416706686296E-011
           5          32  -1.8125985700175755E-012
           5          33  0.74525700406822715     
           5          34 -0.10694201724632106     
           5          35   1.3896099352980403E-012
           5          36 -0.10694201724413485     
           5          37   4.3196417498224189E-012
           5          38   7.1815370676737759E-013
           5          39 -0.10694201724369741     
           5          40  -3.5939226522929954E-002
           5          41  -4.3444019094896947E-013
           5          42  -3.5939226523598447E-002
           5          43  -1.3939738667363269E-012
           5          44  -1.9385713650941207E-013
           5          45  -3.5939226523735088E-002
           5          46  -5.0717044643550265E-013
           5          47  -1.0816677879189279E-013
           5          48  -2.1253906291063642E-013
           5          49  -6.1490546322085522E-014
           5          50   2.1040496994368941E-013
           5          51   1.8073124132730825E-014
           5          52   2.1950288364018672E-013
           5          53  -2.7223705292679944E-013
           5          54  -6.2693106474048207E-014
           5          55   2.9536628949949058E-013
           5          56  -5.8523888812177527E-013
           5          57  -7.3719752309508182E-014
           5          58  -2.8618584617116284E-013
           5          59  -2.4154112803973178E-013
           5          60   1.2572794647179513E-013
           5          61  -1.6820456288367379E-014
           5          62   1.0026940188947851E-013
           5          63  -2.5153110780208358E-013
           5          64  -1.2779564381930630E-013
           5          65   2.9576926365846553E-013
           6           1   2.5311762155236738E-002
           6           2  -7.4407024636409358E-002
           6           3 -0.10174990906201042     
           6           4 -0.33258634988751778     
           6           5   2.5494765714854813E-002
           6           6   2.4903724834183225E-003
           6           7  -1.2835079161430610E-013
           6           8   2.9946704396181328E-014
           6           9   2.6381956650489513E-014
           6          10   2.1909681063653785E-013
           6          11   3.3816840573219153E-014
           6          12  -1.2075576672908855E-013
           6          13   9.7957039452130178E-014
           6          14   3.4049518117725104E-014
           6          15  -2.3237566587005896E-014
           6          16   8.9509466492452242E-017
           6          17  -3.7453611970882248E-015
           6          18   8.2679097274862617E-016
           6          19  -2.3838654703401547E-015
           6          20   1.3450798908850094E-015
           6          21  -2.5493747708659115E-016
           6          22  0.17696738403788259     
           6          23   4.3953118535288539E-012
           6          24  0.17696738404469736     
           6          25   1.3584280269085726E-011
           6          26   2.2225017205019676E-012
           6          27  0.17696738404624882     
           6          28   7.2178681624822744E-002
           6          29  -1.1734479921510006E-012
           6          30   7.2178681623005475E-002
           6          31  -3.6296256819203433E-012
           6          32  -5.9642991038031885E-013
           6          33   7.2178681622591820E-002
           6          34  -1.0294192501370618E-002
           6          35   4.5994031639284811E-013
           6          36  -1.0294192500654453E-002
           6          37   1.4264280050421126E-012
           6          38   2.3527238483710263E-013
           6          39  -1.0294192500493004E-002
           6          40  -3.4818163514401626E-003
           6          41  -1.4593871357047902E-013
           6          42  -3.4818163516658601E-003
           6          43  -4.5696158164467744E-013
           6          44  -7.1559508363686082E-014
           6          45  -3.4818163517171302E-003
           6          46  -7.5544734685474719E-014
           6          47  -1.8880484888668375E-015
           6          48  -1.2480980588189478E-014
           6          49  -2.3216912377533256E-014
           6          50   9.8056677255600923E-015
           6          51  -3.4748616530144134E-015
           6          52   3.4790690349725407E-014
           6          53  -6.8862227868700791E-014
           6          54   4.8605731127842706E-015
           6          55   3.3770042627306303E-014
           6          56  -8.3433517023792280E-014
           6          57  -5.4604934372822605E-015
           6          58  -3.5583573607536706E-014
           6          59  -2.7731175913099880E-014
           6          60   1.0871715595517157E-014
           6          61  -2.8055067329283092E-015
           6          62   1.3404122974149466E-014
           6          63  -4.2732630817367837E-014
           6          64  -1.0442421172640020E-014
           6          65   3.2035376346100316E-014
           7           1  -5.9242473077493016E-013
           7           2   2.1549518678197783E-012
           7           3   2.6607071149266283E-012
           7           4   3.7861085212147560E-012
           7           5  -7.4828827261418538E-013
           7           6  -1.2835079161430610E-013
           7           7   3.1604227783654353     
           7           8   3.5499381395931432E-014
           7           9   5.2180482901461365E-015
           7          10  -3.9463917524692356     
           7          11  -3.5305093016303297E-014
           7          12  -9.2925667546521048E-014
           7          13  -1.3053824543139017     
           7          14  -4.5299874966195412E-013
           7          15   3.2343572277017041E-013
           7          16  -4.8748018506336088E-002
           7          17   5.0610557372118348E-014
           7          18  -4.2004594280835818E-014
           7          19   2.4310891376008021E-002
           7          20  -2.0977143608390456E-014
           7          21   1.4080750460029703E-014
           7          22  -7.6308937036569099E-012
           7          23   4.5771822659064010E-012
           7          24  -8.5585096837215818E-013
           7          25   1.4265119229853741E-011
           7          26   2.3297232983335120E-012
           7          27   7.5078305930613934E-013
           7          28   5.2683784178752013E-013
           7          29  -1.1927048145922414E-012
           7          30  -1.2572562460214162E-012
           7          31  -3.8080921550875427E-012
           7          32  -6.2093225722493661E-013
           7          33  -1.6812390774227929E-012
           7          34  -2.4952384381520947E-013
           7          35   4.5193978092669796E-013
           7          36   4.4711107886915652E-013
           7          37   1.4967530432105353E-012
           7          38   2.4986054390884944E-013
           7          39   6.0607904901747082E-013
           7          40   2.9869385628410087E-013
           7          41  -1.3378192270716993E-013
           7          42   7.1877724755870412E-014
           7          43  -4.7407890643622187E-013
           7          44  -7.9961942102309199E-014
           7          45   2.1349095632440410E-014
           7          46   1.5291986082211064     
           7          47   4.2275348146098973E-014
           7          48  0.68387840781611420     
           7          49   6.3541729105659800E-014
           7          50   7.9921600109832205E-015
           7          51  -2.0763517769451775E-015
           7          52  -1.4816036593576202E-014
           7          53  0.68387840781610199     
           7          54   5.3936386302848311E-014
           7          55   2.5027728843841990E-014
           7          56   1.3234028574944432     
           7          57   1.0391192187501623E-013
           7          58  0.59184375019502244     
           7          59   2.7318549307094418E-013
           7          60  -8.2710879256381468E-014
           7          61  -6.3174001614924937E-015
           7          62  -6.7007820671536473E-014
           7          63  0.59184375019500912     
           7          64   1.2613050517652487E-013
           7          65  -1.7104017254781817E-013
           8           1   6.0380454579058360E-013
           8           2  -2.3212644306980553E-012
           8           3  -1.8307707106527824E-012
           8           4  -5.7137121327717108E-014
           8           5   4.3560963965537003E-013
           8           6   2.9946704396181328E-014
           8           7   3.5499381395931432E-014
           8           8   3.1604227783653998     
           8           9  -6.6058268645812553E-015
           8          10  -4.0856208112950319E-014
           8          11  -3.9463917524691361     
           8          12   7.8714811762555005E-014
           8          13  -2.1996293686425362E-013
           8          14  -1.3053824543139205     
           8          15  -8.6874951461951328E-014
           8          16   2.2504567582518524E-014
           8          17  -4.8748018506331300E-002
           8          18   3.6535011068090545E-014
           8          19  -1.9345636161200272E-014
           8          20   2.4310891376005846E-002
           8          21  -1.1629586173151489E-014
           8          22  -8.6723164627831380E-012
           8          23   7.9950414704323970E-012
           8          24   3.9252529473777544E-012
           8          25   2.5174929567672367E-011
           8          26   4.1002007966472289E-012
           8          27   6.6441851477886552E-012
           8          28   2.5250011885072549E-012
           8          29  -2.1699018684540813E-012
           8          30  -8.3445840884789385E-013
           8          31  -6.7494970034039425E-012
           8          32  -1.1079569067283132E-012
           8          33  -1.5985214226695601E-012
           8          34  -1.1290892316148458E-012
           8          35   8.8029416563984337E-013
           8          36   1.7203216480582335E-013
           8          37   2.6553352044102588E-012
           8          38   4.3136661271731093E-013
           8          39   4.9806943227893664E-013
           8          40   2.3822553836719581E-013
           8          41  -2.9133665427469783E-013
           8          42  -1.6097723982773835E-013
           8          43  -8.4910706242063784E-013
           8          44  -1.3930579960601455E-013
           8          45  -2.6088761247788549E-013
           8          46   5.3486517820528531E-014
           8          47  0.68387840781603015     
           8          48  -2.2960685074775397E-014
           8          49   1.5291986082210891     
           8          50  -5.7250481612040618E-015
           8          51  -1.2845609067938700E-014
           8          52  -2.0866692163478109E-014
           8          53   2.4361595445072981E-014
           8          54  0.68387840781603693     
           8          55  -2.8165853225429821E-014
           8          56   1.4342503419830199E-013
           8          57  0.59184375019505564     
           8          58   5.2684889672210288E-014
           8          59   1.3234028574944159     
           8          60   3.9691447082286400E-014
           8          61   1.4239604741999090E-014
           8          62   2.4298563424958300E-015
           8          63   9.0648940556157981E-014
           8          64  0.59184375019499436     
           8          65   1.5885911522429830E-014
           9           1  -2.4041777811777987E-013
           9           2   1.0205824007689622E-012
           9           3   9.3375914634278790E-013
           9           4  -9.6206263931304737E-013
           9           5   9.8550123636742601E-014
           9           6   2.6381956650489513E-014
           9           7   5.2180482901461365E-015
           9           8  -6.6058268645812553E-015
           9           9   3.1604227783654428     
           9          10   1.8429701881722894E-014
           9          11  -9.4813046901944857E-014
           9          12  -3.9463917524692311     
           9          13   1.3178347297825679E-013
           9          14   1.9112489366097819E-013
           9          15  -1.3053824543138239     
           9          16  -1.6252624275343724E-014
           9          17  -1.4989745584311878E-014
           9          18  -4.8748018506326402E-002
           9          19   9.8063918270857751E-015
           9          20   2.6176977431180263E-015
           9          21   2.4310891375984002E-002
           9          22  -3.8797720172771087E-012
           9          23   3.1241799626577161E-012
           9          24   1.3411649621945486E-012
           9          25   1.0184449098670325E-011
           9          26   1.6972274497499263E-012
           9          27   2.6915938979473793E-012
           9          28   1.2392187614131797E-012
           9          29  -8.1718891675049530E-013
           9          30  -1.7672779076605152E-013
           9          31  -2.7069075643940902E-012
           9          32  -4.4651316624958628E-013
           9          33  -5.2065984013317189E-013
           9          34  -4.5445762299589481E-013
           9          35   3.1131871750278405E-013
           9          36   1.2228193573447113E-013
           9          37   1.0718131870916705E-012
           9          38   1.7830827551753164E-013
           9          39   2.4583854236899178E-013
           9          40   1.0964396736144254E-013
           9          41  -9.8430315570868525E-014
           9          42  -7.2261727811549073E-014
           9          43  -3.4290879619922970E-013
           9          44  -5.4428662179403223E-014
           9          45  -1.0392287329371916E-013
           9          46  -3.2392864122854575E-014
           9          47   1.3179657982661892E-014
           9          48  -7.9031331927838072E-016
           9          49   2.5689912823292815E-014
           9          50  0.68387840781607989     
           9          51   3.2813307218902873E-015
           9          52  0.68387840781610199     
           9          53   8.8589009953802547E-016
           9          54   1.1694928572446776E-014
           9          55   1.5291986082210909     
           9          56  -9.6651213914527394E-014
           9          57  -4.9028951323976970E-014
           9          58  -2.3621362905727542E-014
           9          59  -9.9732596890839764E-014
           9          60  0.59184375019498947     
           9          61   1.2194446225002273E-015
           9          62  0.59184375019499114     
           9          63  -4.0596587041969332E-014
           9          64  -4.2176210797819491E-014
           9          65   1.3234028574944137     
          10           1   6.9411647668719244E-013
          10           2  -2.3034520382432034E-012
          10           3  -3.5682222556455909E-012
          10           4  -8.3873684820658155E-012
          10           5   1.3957773202381547E-012
          10           6   2.1909681063653785E-013
          10           7  -3.9463917524692356     
          10           8  -4.0856208112950319E-014
          10           9   1.8429701881722894E-014
          10          10   11.645720206883837     
          10          11  -2.1715961995431132E-013
          10          12   1.6875391668280070E-014
          10          13   3.3301401784364764     
          10          14   1.0077494396248631E-012
          10          15  -6.2660987563136774E-013
          10          16  0.18137000386409230     
          10          17  -1.0337564120676716E-013
          10          18   6.2116978375170729E-014
          10          19  -8.3286169103807525E-002
          10          20   3.9152708743529797E-014
          10          21  -1.8599705133711924E-014
          10          22   2.7055863032588581E-011
          10          23  -2.0071924458266238E-011
          10          24  -2.7508269823663497E-012
          10          25  -6.2683514014691577E-011
          10          26  -1.0286800398363403E-011
          10          27  -9.8023001662698874E-012
          10          28  -4.1203629954031939E-012
          10          29   5.3276461179789120E-012
          10          30   3.7470875357040093E-012
          10          31   1.6782706510611940E-011
          10          32   2.7419663222475312E-012
          10          33   5.6713317824354882E-012
          10          34   1.7840442060515426E-012
          10          35  -2.0762995167386807E-012
          10          36  -1.2677716082810427E-012
          10          37  -6.5983940502361048E-012
          10          38  -1.0789543183897239E-012
          10          39  -2.0179322525456683E-012
          10          40  -9.6777643173779251E-013
          10          41   6.4218064029549753E-013
          10          42   9.4469306108974687E-015
          10          43   2.0960946860016129E-012
          10          44   3.4252708410798701E-013
          10          45   2.5320348354220099E-013
          10          46  -3.8841212230212512     
          10          47  -3.8745782513725130E-014
          10          48  -1.7370318175051036     
          10          49   3.9042552691625006E-014
          10          50   3.6115095115086407E-014
          10          51   1.5113320385176448E-014
          10          52   6.1728472645111973E-014
          10          53  -1.7370318175049733     
          10          54  -7.9853590989410330E-014
          10          55   1.7394191610216318E-014
          10          56  -3.5954477062919370     
          10          57  -2.3856498933257891E-013
          10          58  -1.6079330961629081     
          10          59  -5.4657088221167043E-013
          10          60   1.6629717509876041E-013
          10          61   1.0520186615046911E-014
          10          62   1.4257820688624485E-013
          10          63  -1.6079330961628819     
          10          64  -2.6438920285153794E-013
          10          65   3.5872183867840104E-013
          11           1   3.9720861930465569E-013
          11           2  -8.2821164586348090E-013
          11           3  -2.6696297832842377E-012
          11           4  -1.2376861691511559E-011
          11           5   3.4773991622178193E-013
          11           6   3.3816840573219153E-014
          11           7  -3.5305093016303297E-014
          11           8  -3.9463917524691361     
          11           9  -9.4813046901944857E-014
          11          10  -2.1715961995431132E-013
          11          11   11.645720206884306     
          11          12   1.6742163521574088E-013
          11          13   3.9934722245881419E-013
          11          14   3.3301401784363147     
          11          15   1.0103029426500204E-013
          11          16  -2.9587443282450148E-014
          11          17  0.18137000386411470     
          11          18  -2.0497492322226028E-014
          11          19   1.4668821518138705E-014
          11          20  -8.3286169103807414E-002
          11          21   7.5946193333508986E-015
          11          22   4.8424964246765265E-011
          11          23  -3.6302682254052909E-011
          11          24  -8.6221672163623488E-012
          11          25  -1.1437135767509972E-010
          11          26  -1.8490960715635724E-011
          11          27  -2.1118124735943221E-011
          11          28  -8.5975813613078249E-012
          11          29   9.6947650953158090E-012
          11          30   6.6703848928213822E-012
          11          31   3.0559049004045736E-011
          11          32   4.9404894714570144E-012
          11          33   1.0025601100538110E-011
          11          34   4.2680896944762535E-012
          11          35  -3.8220841037485908E-012
          11          36  -1.7495537857768005E-012
          11          37  -1.2036751219089016E-011
          11          38  -1.9435948114741052E-012
          11          39  -3.0818449593137275E-012
          11          40  -1.4308531535584459E-012
          11          41   1.2290214262586447E-012
          11          42   4.5990862532897415E-013
          11          43   3.8489492394255032E-012
          11          44   6.2440787044561125E-013
          11          45   8.6451729681081069E-013
          11          46   4.4951765609398897E-014
          11          47  -1.7370318175050150     
          11          48   8.9055835428193094E-014
          11          49  -3.8841212230215350     
          11          50  -6.2003733549484097E-014
          11          51  -4.1738193921249859E-015
          11          52  -3.6654713774124066E-014
          11          53  -7.1489211305336026E-014
          11          54  -1.7370318175050485     
          11          55  -7.6207897210567301E-014
          11          56  -1.8281015327770617E-013
          11          57  -1.6079330961629461     
          11          58  -9.3464794380097640E-014
          11          59  -3.5954477062918513     
          11          60  -5.4128200809725899E-014
          11          61  -2.3560694267581456E-014
          11          62  -1.8000078530969001E-014
          11          63  -1.2468119398596717E-013
          11          64  -1.6079330961628504     
          11          65  -6.6505207354095499E-014
          12           1  -4.2459344957483556E-013
          12           2   1.0353728406399220E-012
          12           3   1.9031661845438601E-012
          12           4   9.9540585913446556E-012
          12           5  -1.1622550850868412E-012
          12           6  -1.2075576672908855E-013
          12           7  -9.2925667546521048E-014
          12           8   7.8714811762555005E-014
          12           9  -3.9463917524692311     
          12          10   1.6875391668280070E-014
          12          11   1.6742163521574088E-013
          12          12   11.645720206883675     
          12          13  -4.8760995218358986E-013
          12          14  -3.2640556909351430E-013
          12          15   3.3301401784363955     
          12          16   5.1326998356977020E-014
          12          17   2.9684588267992975E-014
          12          18  0.18137000386404942     
          12          19  -1.7704587885884723E-014
          12          20  -7.6640084094176833E-015
          12          21  -8.3286169103764587E-002
          12          22   1.5315480854415735E-011
          12          23  -1.6319869958209424E-011
          12          24  -1.1534072288409868E-011
          12          25  -5.2759746141429489E-011
          12          26  -8.8118421427913909E-012
          12          27  -1.8403082157863721E-011
          12          28  -7.5376553200913569E-012
          12          29   4.3317874762282047E-012
          12          30  -2.9444604289314232E-013
          12          31   1.4065967483876389E-011
          12          32   2.3453896035430272E-012
          12          33   1.5104773806969332E-012
          12          34   2.5853648758702895E-012
          12          35  -1.6973768497145488E-012
          12          36  -3.0983972942201583E-013
          12          37  -5.5535212042817209E-012
          12          38  -9.2657893554844230E-013
          12          39  -1.0068183233964952E-012
          12          40  -5.0353513666621942E-013
          12          41   5.4705397584925362E-013
          12          42   4.0730021933237707E-013
          12          43   1.7807990638161913E-012
          12          44   2.9755364915077936E-013
          12          45   6.0525332815381750E-013
          12          46   7.9395303516258510E-014
          12          47   1.5352747632241751E-014
          12          48   5.1837562712285988E-014
          12          49  -7.8546196089093390E-014
          12          50  -1.7370318175049708     
          12          51  -2.8092465130251485E-016
          12          52  -1.7370318175050321     
          12          53   1.4703433759040105E-016
          12          54   8.4986877044934697E-015
          12          55  -3.8841212230211593     
          12          56   3.1181355669990628E-013
          12          57   5.4194348183363549E-014
          12          58   9.7184325326363867E-014
          12          59   2.0896287658028756E-013
          12          60  -1.6079330961628728     
          12          61  -1.0850410419033615E-014
          12          62  -1.6079330961628466     
          12          63   1.1472279500902603E-013
          12          64   8.3061153203455446E-014
          12          65  -3.5954477062918624     
          13           1   5.2409018635659522E-013
          13           2  -1.5441771867454939E-012
          13           3  -2.2303703284448778E-012
          13           4  -6.4727348330663438E-012
