           1           1   2.2007202807904012     
           1           2 -0.75832621931350841     
           1           3   5.1459972720081491E-016
           1           4   7.5476171095441535E-015
           1           5  -7.3592417594796947E-015
           1           6  0.68459110923737732     
           1           7   2.1797347579340364E-015
           1           8  -5.1544659920197611E-015
           1           9   5.3192165192226899E-015
           1          10  -1.7105612250451679E-002
           1          11   2.0745361007088226E-015
           1          12   3.6004285018404995E-015
           1          13  -1.5396290203868380E-015
           1          14   6.1152877493840796E-003
           1          15   1.7129351840701178E-015
           1          16   3.9985966749837767E-016
           1          17  -4.2817131983859519E-016
           1          18 -0.18340746455340595     
           1          19   6.0076489592385525E-016
           1          20 -0.18340746455340504     
           1          21   4.5839957560318592E-016
           1          22  -3.9377291650188521E-016
           1          23 -0.18340746455340212     
           2           1 -0.75832621931350841     
           2           2   2.8677336278958059     
           2           3  -5.4674613696811018E-015
           2           4  -1.7416954235775027E-014
           2           5   3.3572795089154015E-014
           2           6  -2.7429630170419737     
           2           7   3.9957870913857856E-015
           2           8   1.2556787119515895E-014
           2           9  -1.8084907242694304E-014
           2          10   7.6891613919606805E-002
           2          11  -7.6285892373267773E-016
           2          12  -5.5800177347122022E-015
           2          13   3.3626450360631629E-015
           2          14  -2.9500168029200465E-002
           2          15  -7.1307379192702831E-016
           2          16   3.8419220887586299E-015
           2          17  -3.8658742135711274E-015
           2          18  0.71738358357503895     
           2          19  -1.6394430952991815E-016
           2          20  0.71738358357503573     
           2          21  -2.4305110267252581E-015
           2          22  -5.4340172531276737E-015
           2          23  0.71738358357504350     
           3           1   5.1459972720081491E-016
           3           2  -5.4674613696811018E-015
           3           3   2.2995222359660223     
           3           4   4.4339532045967189E-015
           3           5   1.6553598769508682E-015
           3           6   9.7906870565353965E-015
           3           7 -0.90494881526660031     
           3           8  -6.6613381477509392E-016
           3           9  -2.4390212072233908E-015
           3          10  -4.0906827863858542E-015
           3          11  0.23485871640608691     
           3          12   5.4118629065971757E-017
           3          13   1.0851152740026446E-015
           3          14   2.9261782290936375E-015
           3          15 -0.12330952732886238     
           3          16  -1.7000290064572710E-015
           3          17   3.1777965675550135E-016
           3          18  -9.0285653537843677E-016
           3          19   7.2798233576461361E-016
           3          20  -4.3027411258849317E-016
           3          21   1.2626563538838661E-015
           3          22   1.8017112306599780E-015
           3          23  -2.6210160057574911E-015
           4           1   7.5476171095441535E-015
           4           2  -1.7416954235775027E-014
           4           3   4.4339532045967189E-015
           4           4   2.2995222359660268     
           4           5  -3.4022264172595129E-016
           4           6   1.8373023560381562E-014
           4           7  -2.6541269182445149E-015
           4           8 -0.90494881526659876     
           4           9   2.3646449381908852E-016
           4          10  -5.2911667393693634E-015
           4          11   2.3129081657725925E-015
           4          12  0.23485871640608719     
           4          13   5.0418831504012336E-016
           4          14   3.1771824611287444E-015
           4          15  -2.2369259222720927E-015
           4          16 -0.12330952732886899     
           4          17  -8.5048884167909788E-016
           4          18  -2.0340980628811843E-015
           4          19  -9.5112373876022648E-018
           4          20  -3.7356077560965383E-015
           4          21  -1.0019394612003386E-015
           4          22   2.1895093648519881E-015
           4          23  -2.9000892743334408E-015
           5           1  -7.3592417594796947E-015
           5           2   3.3572795089154015E-014
           5           3   1.6553598769508682E-015
           5           4  -3.4022264172595129E-016
           5           5   2.2995222359660263     
           5           6  -4.4721382066777885E-014
           5           7  -1.1449174941446927E-016
           5           8   1.2500851048757866E-015
           5           9 -0.90494881526660220     
           5          10   1.1947114479092967E-014
           5          11  -2.0675396616119668E-016
           5          12   1.3730729123885717E-015
           5          13  0.23485871640608519     
           5          14  -5.6562266156714719E-015
           5          15   2.0402516481832222E-015
           5          16  -3.9270886889597456E-015
           5          17 -0.12330952732885825     
           5          18   1.1008713238942937E-014
           5          19  -1.3862228155917020E-016
           5          20   5.1566320539332391E-015
           5          21   6.6665168400906211E-017
           5          22  -2.7379470166977320E-016
           5          23   1.4390392321967225E-014
           6           1  0.68459110923737732     
           6           2  -2.7429630170419737     
           6           3   9.7906870565353965E-015
           6           4   1.8373023560381562E-014
           6           5  -4.4721382066777885E-014
           6           6   9.0139963374224692     
           6           7  -2.0942307353602601E-014
           6           8  -3.1524966684694009E-014
           6           9   8.2164377433720864E-014
           6          10 -0.43531611010314702     
           6          11  -1.1878769522237670E-015
           6          12   1.3731577887785395E-014
           6          13  -3.0743933351858023E-014
           6          14  0.18632944384672820     
           6          15   8.5137409205007878E-015
           6          16  -8.8486833966635525E-015
           6          17   2.0189627272580427E-014
           6          18  -2.0163655996658352     
           6          19  -3.0696907740607383E-015
           6          20  -2.0163655996658276     
           6          21   5.6337193400016642E-015
           6          22   1.6722547903116659E-014
           6          23  -2.0163655996658512     
           7           1   2.1797347579340364E-015
           7           2   3.9957870913857856E-015
           7           3 -0.90494881526660031     
           7           4  -2.6541269182445149E-015
           7           5  -1.1449174941446927E-016
           7           6  -2.0942307353602601E-014
           7           7   2.6172331892771279     
           7           8   6.8278716014447127E-015
           7           9   1.4398204850607499E-015
           7          10   8.1496954355970659E-015
           7          11 -0.44622070861834590     
           7          12  -5.5171660425998303E-015
           7          13  -6.6539520204508817E-016
           7          14  -7.1743533324888275E-015
           7          15  0.27648182691745687     
           7          16   1.4016565685892601E-015
           7          17  -1.2225463696946548E-015
           7          18   3.6912393685761003E-015
           7          19   7.5029846574499656E-016
           7          20   1.6286978066118487E-015
           7          21  -9.3801317606600479E-015
           7          22  -6.2203068739924196E-015
           7          23   7.1801317425396673E-015
           8           1  -5.1544659920197611E-015
           8           2   1.2556787119515895E-014
           8           3  -6.6613381477509392E-016
           8           4 -0.90494881526659876     
           8           5   1.2500851048757866E-015
           8           6  -3.1524966684694009E-014
           8           7   6.8278716014447127E-015
           8           8   2.6172331892771421     
           8           9  -2.0929438737660178E-015
           8          10   5.3137048781129369E-015
           8          11  -1.4356056491152125E-015
           8          12 -0.44622070861835877     
           8          13  -3.0557344611744589E-015
           8          14  -5.8149136428884266E-015
           8          15  -3.7903707950093235E-016
           8          16  0.27648182691746692     
           8          17   1.7311456088076049E-015
           8          18   3.1504593730958523E-015
           8          19   1.2787000961444930E-015
           8          20   4.6834834734933193E-015
           8          21   1.7022517886021050E-015
           8          22  -6.1466190239181339E-015
           8          23   3.1056916544094657E-015
           9           1   5.3192165192226899E-015
           9           2  -1.8084907242694304E-014
           9           3  -2.4390212072233908E-015
           9           4   2.3646449381908852E-016
           9           5 -0.90494881526660220     
           9           6   8.2164377433720864E-014
           9           7   1.4398204850607499E-015
           9           8  -2.0929438737660178E-015
           9           9   2.6172331892771288     
           9          10  -1.3881373913995759E-014
           9          11  -3.1589585548080779E-016
           9          12   5.5867481051508766E-015
           9          13 -0.44622070861833901     
           9          14   1.0783209863845020E-014
           9          15   1.7026310916712362E-015
           9          16  -2.2321012226045323E-016
           9          17  0.27648182691745721     
           9          18  -1.3209315298564814E-014
           9          19  -4.4552030687168741E-016
           9          20  -1.2869826682060766E-014
           9          21   3.1598940098005675E-015
           9          22   3.9036829496619816E-015
           9          23  -2.3422678845708986E-014
          10           1  -1.7105612250451679E-002
          10           2   7.6891613919606805E-002
          10           3  -4.0906827863858542E-015
          10           4  -5.2911667393693634E-015
          10           5   1.1947114479092967E-014
          10           6 -0.43531611010314702     
          10           7   8.1496954355970659E-015
          10           8   5.3137048781129369E-015
          10           9  -1.3881373913995759E-014
          10          10   4.9558214677600104E-002
          10          11  -9.8105755304997061E-016
          10          12  -2.5694740878287061E-015
          10          13   6.0389977432305685E-015
          10          14  -9.7064686457407172E-003
          10          15  -8.8599909965722767E-016
          10          16   1.1580522586910020E-015
          10          17  -3.2811999588057799E-015
          10          18  0.11770400134630638     
          10          19   1.7863059253034767E-016
          10          20  0.11770400134630608     
          10          21  -1.1388813960418120E-016
          10          22  -8.8637527857615929E-016
          10          23  0.11770400134630751     
          11           1   2.0745361007088226E-015
          11           2  -7.6285892373267773E-016
          11           3  0.23485871640608691     
          11           4   2.3129081657725925E-015
          11           5  -2.0675396616119668E-016
          11           6  -1.1878769522237670E-015
          11           7 -0.44622070861834590     
          11           8  -1.4356056491152125E-015
          11           9  -3.1589585548080779E-016
          11          10  -9.8105755304997061E-016
          11          11  0.13235653326822694     
          11          12   7.1978361110476043E-016
          11          13  -6.6492061213171955E-016
          11          14   9.6521285822120508E-016
          11          15  -5.7109961274287142E-002
          11          16  -1.5124789712762238E-016
          11          17   5.9393018525229560E-016
          11          18   1.8533676098639846E-015
          11          19   3.7141644400008797E-016
          11          20   9.8872014160300638E-016
          11          21   1.0285852719401051E-015
          11          22   1.3182417787238879E-015
          11          23   3.8261650519524123E-018
          12           1   3.6004285018404995E-015
          12           2  -5.5800177347122022E-015
          12           3   5.4118629065971757E-017
          12           4  0.23485871640608719     
          12           5   1.3730729123885717E-015
          12           6   1.3731577887785395E-014
          12           7  -5.5171660425998303E-015
          12           8 -0.44622070861835877     
          12           9   5.5867481051508766E-015
          12          10  -2.5694740878287061E-015
          12          11   7.1978361110476043E-016
          12          12  0.13235653326823060     
          12          13  -3.3954210017687406E-016
          12          14   9.7136474511543067E-016
          12          15   6.9575286287468230E-017
          12          16  -5.7109961274290494E-002
          12          17   4.6471099457457701E-016
          12          18  -3.3498631744946934E-015
          12          19   4.3178848453337575E-016
          12          20  -3.2002278251158386E-015
          12          21  -7.8839573257637094E-016
          12          22   1.0238590521676846E-016
          12          23  -3.1430482297719541E-015
          13           1  -1.5396290203868380E-015
          13           2   3.3626450360631629E-015
          13           3   1.0851152740026446E-015
          13           4   5.0418831504012336E-016
          13           5  0.23485871640608519     
          13           6  -3.0743933351858023E-014
          13           7  -6.6539520204508817E-016
          13           8  -3.0557344611744589E-015
          13           9 -0.44622070861833901     
          13          10   6.0389977432305685E-015
          13          11  -6.6492061213171955E-016
          13          12  -3.3954210017687406E-016
          13          13  0.13235653326822627     
          13          14  -1.5826143610970510E-015
          13          15  -6.5596221962799066E-016
          13          16  -2.0903317300358039E-017
          13          17  -5.7109961274287128E-002
          13          18   7.9182955116416086E-015
          13          19  -6.0651779508022148E-016
          13          20   8.1019983333686520E-015
          13          21  -1.9055024780543229E-016
          13          22  -3.5542381088286578E-016
          13          23   8.1889560162721254E-015
          14           1   6.1152877493840796E-003
          14           2  -2.9500168029200465E-002
          14           3   2.9261782290936375E-015
          14           4   3.1771824611287444E-015
          14           5  -5.6562266156714719E-015
          14           6  0.18632944384672820     
          14           7  -7.1743533324888275E-015
          14           8  -5.8149136428884266E-015
          14           9   1.0783209863845020E-014
          14          10  -9.7064686457407172E-003
          14          11   9.6521285822120508E-016
          14          12   9.7136474511543067E-016
          14          13  -1.5826143610970510E-015
          14          14   4.2587892232603388E-003
          14          15  -4.9662254766586659E-016
          14          16  -6.8823698895618977E-016
          14          17   1.2986549359503135E-015
          14          18  -4.0001346894974692E-002
          14          19  -7.5345054216290169E-017
          14          20  -4.0001346894974567E-002
          14          21   1.0670255361391345E-016
          14          22   3.4167947675614717E-016
          14          23  -4.0001346894975025E-002
          15           1   1.7129351840701178E-015
          15           2  -7.1307379192702831E-016
          15           3 -0.12330952732886238     
          15           4  -2.2369259222720927E-015
          15           5   2.0402516481832222E-015
          15           6   8.5137409205007878E-015
          15           7  0.27648182691745687     
          15           8  -3.7903707950093235E-016
          15           9   1.7026310916712362E-015
          15          10  -8.8599909965722767E-016
          15          11  -5.7109961274287142E-002
          15          12   6.9575286287468230E-017
          15          13  -6.5596221962799066E-016
          15          14  -4.9662254766586659E-016
          15          15   3.1077962679334388E-002
          15          16  -3.1441863002079629E-017
          15          17   2.6942423986264785E-017
          15          18  -3.1838651374678428E-015
          15          19  -1.1109867001793536E-017
          15          20  -3.1970144119790945E-015
          15          21  -8.8027800187260960E-016
          15          22  -6.9731191664763277E-016
          15          23  -2.6029084125079717E-015
          16           1   3.9985966749837767E-016
          16           2   3.8419220887586299E-015
          16           3  -1.7000290064572710E-015
          16           4 -0.12330952732886899     
          16           5  -3.9270886889597456E-015
          16           6  -8.8486833966635525E-015
          16           7   1.4016565685892601E-015
          16           8  0.27648182691746692     
          16           9  -2.2321012226045323E-016
          16          10   1.1580522586910020E-015
          16          11  -1.5124789712762238E-016
          16          12  -5.7109961274290494E-002
          16          13  -2.0903317300358039E-017
          16          14  -6.8823698895618977E-016
          16          15  -3.1441863002079629E-017
          16          16   3.1077962679336598E-002
          16          17   1.2101729124011640E-016
          16          18   1.9030930732963020E-015
          16          19   2.4761897561982192E-017
          16          20   2.0090281463906487E-015
          16          21   2.6582259901598898E-016
          16          22  -4.9425223670484752E-016
          16          23   1.8729496233833206E-015
          17           1  -4.2817131983859519E-016
          17           2  -3.8658742135711274E-015
          17           3   3.1777965675550135E-016
          17           4  -8.5048884167909788E-016
          17           5 -0.12330952732885825     
          17           6   2.0189627272580427E-014
          17           7  -1.2225463696946548E-015
          17           8   1.7311456088076049E-015
          17           9  0.27648182691745721     
          17          10  -3.2811999588057799E-015
          17          11   5.9393018525229560E-016
          17          12   4.6471099457457701E-016
          17          13  -5.7109961274287128E-002
          17          14   1.2986549359503135E-015
          17          15   2.6942423986264785E-017
          17          16   1.2101729124011640E-016
          17          17   3.1077962679334565E-002
          17          18  -4.8578936431585887E-015
          17          19   6.5860338754493586E-017
          17          20  -4.8265143754712478E-015
          17          21   2.7014622614122086E-016
          17          22   3.5267659845969550E-016
          17          23  -5.6892221285814255E-015
          18           1 -0.18340746455340595     
          18           2  0.71738358357503895     
          18           3  -9.0285653537843677E-016
          18           4  -2.0340980628811843E-015
          18           5   1.1008713238942937E-014
          18           6  -2.0163655996658352     
          18           7   3.6912393685761003E-015
          18           8   3.1504593730958523E-015
          18           9  -1.3209315298564814E-014
          18          10  0.11770400134630638     
          18          11   1.8533676098639846E-015
          18          12  -3.3498631744946934E-015
          18          13   7.9182955116416086E-015
          18          14  -4.0001346894974692E-002
          18          15  -3.1838651374678428E-015
          18          16   1.9030930732963020E-015
          18          17  -4.8578936431585887E-015
          18          18  0.47777344075640676     
          18          19   6.4804706903550719E-016
          18          20  0.47777344075640493     
          18          21  -1.1800796492889952E-015
          18          22  -3.8307037456030359E-015
          18          23  0.47777344075641048     
          19           1   6.0076489592385525E-016
          19           2  -1.6394430952991815E-016
          19           3   7.2798233576461361E-016
          19           4  -9.5112373876022648E-018
          19           5  -1.3862228155917020E-016
          19           6  -3.0696907740607383E-015
          19           7   7.5029846574499656E-016
          19           8   1.2787000961444930E-015
          19           9  -4.4552030687168741E-016
          19          10   1.7863059253034767E-016
          19          11   3.7141644400008797E-016
          19          12   4.3178848453337575E-016
          19          13  -6.0651779508022148E-016
          19          14  -7.5345054216290169E-017
          19          15  -1.1109867001793536E-017
          19          16   2.4761897561982192E-017
          19          17   6.5860338754493586E-017
          19          18   6.4804706903550719E-016
          19          19   2.5034672498964272E-029
          19          20   6.4804706903549644E-016
          19          21  -2.0226091115514337E-029
          19          22  -2.4307967507506809E-029
          19          23   6.4804706903552632E-016
          20           1 -0.18340746455340504     
          20           2  0.71738358357503573     
          20           3  -4.3027411258849317E-016
          20           4  -3.7356077560965383E-015
          20           5   5.1566320539332391E-015
          20           6  -2.0163655996658276     
          20           7   1.6286978066118487E-015
          20           8   4.6834834734933193E-015
          20           9  -1.2869826682060766E-014
          20          10  0.11770400134630608     
          20          11   9.8872014160300638E-016
          20          12  -3.2002278251158386E-015
          20          13   8.1019983333686520E-015
          20          14  -4.0001346894974567E-002
          20          15  -3.1970144119790945E-015
          20          16   2.0090281463906487E-015
          20          17  -4.8265143754712478E-015
          20          18  0.47777344075640493     
          20          19   6.4804706903549644E-016
          20          20  0.47777344075640310     
          20          21  -1.1800796492889761E-015
          20          22  -3.8307037456030359E-015
          20          23  0.47777344075640871     
          21           1   4.5839957560318592E-016
          21           2  -2.4305110267252581E-015
          21           3   1.2626563538838661E-015
          21           4  -1.0019394612003386E-015
          21           5   6.6665168400906211E-017
          21           6   5.6337193400016642E-015
          21           7  -9.3801317606600479E-015
          21           8   1.7022517886021050E-015
          21           9   3.1598940098005675E-015
          21          10  -1.1388813960418120E-016
          21          11   1.0285852719401051E-015
          21          12  -7.8839573257637094E-016
          21          13  -1.9055024780543229E-016
          21          14   1.0670255361391345E-016
          21          15  -8.8027800187260960E-016
          21          16   2.6582259901598898E-016
          21          17   2.7014622614122086E-016
          21          18  -1.1800796492889952E-015
          21          19  -2.0226091115514337E-029
          21          20  -1.1800796492889761E-015
          21          21   5.7660874876122931E-029
          21          22   4.1753808758927665E-029
          21          23  -1.1800796492890262E-015
          22           1  -3.9377291650188521E-016
          22           2  -5.4340172531276737E-015
          22           3   1.8017112306599780E-015
          22           4   2.1895093648519881E-015
          22           5  -2.7379470166977320E-016
          22           6   1.6722547903116659E-014
          22           7  -6.2203068739924196E-015
          22           8  -6.1466190239181339E-015
          22           9   3.9036829496619816E-015
          22          10  -8.8637527857615929E-016
          22          11   1.3182417787238879E-015
          22          12   1.0238590521676846E-016
          22          13  -3.5542381088286578E-016
          22          14   3.4167947675614717E-016
          22          15  -6.9731191664763277E-016
          22          16  -4.9425223670484752E-016
          22          17   3.5267659845969550E-016
          22          18  -3.8307037456030359E-015
          22          19  -2.4307967507506809E-029
          22          20  -3.8307037456030359E-015
          22          21   4.1753808758927665E-029
          22          22   8.9237892333698028E-029
          22          23  -3.8307037456031140E-015
          23           1 -0.18340746455340212     
          23           2  0.71738358357504350     
          23           3  -2.6210160057574911E-015
          23           4  -2.9000892743334408E-015
          23           5   1.4390392321967225E-014
          23           6  -2.0163655996658512     
          23           7   7.1801317425396673E-015
          23           8   3.1056916544094657E-015
          23           9  -2.3422678845708986E-014
          23          10  0.11770400134630751     
          23          11   3.8261650519524123E-018
          23          12  -3.1430482297719541E-015
          23          13   8.1889560162721254E-015
          23          14  -4.0001346894975025E-002
          23          15  -2.6029084125079717E-015
          23          16   1.8729496233833206E-015
          23          17  -5.6892221285814255E-015
          23          18  0.47777344075641048     
          23          19   6.4804706903552632E-016
          23          20  0.47777344075640871     
          23          21  -1.1800796492890262E-015
          23          22  -3.8307037456031140E-015
          23          23  0.47777344075641431     
