           1           1   2.1180181696398188     
           1           2 -0.81124860417477418     
           1           3  -1.4403848695717265E-015
           1           4   3.3913136527157724E-015
           1           5  -6.7765143284556547E-016
           1           6  -8.1346900617242007E-002
           1           7  -5.5383289269787742E-016
           1           8  -1.3172082910742927E-015
           1           9   2.2277266784746043E-015
           1          10  -3.2218368739860288E-002
           1          11   1.5996950128987185E-016
           1          12   7.8944140070028386E-016
           1          13  -1.9928358365855112E-015
           1          14  0.20876288091439824     
           1          15  -2.4702160910000650E-015
           1          16  0.20876288091440043     
           1          17  -5.3030194451137473E-016
           1          18  -1.1803265328596289E-015
           1          19  0.20876288091440126     
           2           1 -0.81124860417477418     
           2           2   3.6550452081628495     
           2           3   3.9112206409216045E-015
           2           4  -3.3645944005597661E-014
           2           5  -1.9718514140905246E-014
           2           6  0.30044429155194025     
           2           7   6.4850412874058222E-015
           2           8   3.1403359068404476E-015
           2           9   1.7722502112456211E-015
           2          10  0.13618740058666412     
           2          11  -2.9496301251548642E-015
           2          12  -1.5382756285615647E-014
           2          13   3.4337877924762333E-015
           2          14 -0.70480347903119989     
           2          15   5.3059911700256228E-015
           2          16 -0.70480347903120832     
           2          17   7.3668979435845376E-015
           2          18  -9.6998897355539117E-016
           2          19 -0.70480347903121054     
           3           1  -1.4403848695717265E-015
           3           2   3.9112206409216045E-015
           3           3   1.3870825828948046E-029
           3           4  -1.0748923191488790E-028
           3           5  -5.6556471556706019E-029
           3           6  -1.0600351735483522E-015
           3           7   8.9821525819646816E-030
           3           8  -9.5857992144387159E-030
           3           9  -6.7002574549609480E-030
           3          10  -8.9730596218713527E-017
           3          11  -6.5558955255572225E-030
           3          12  -2.5240203863435881E-029
           3          13   5.6322688315616223E-030
           3          14  -1.0229429516219267E-015
           3          15   1.0382557651590411E-029
           3          16  -1.0229429516219442E-015
           3          17   1.1548020621575354E-029
           3          18  -3.2082541261444032E-031
           3          19  -1.0229429516219474E-015
           4           1   3.3913136527157724E-015
           4           2  -3.3645944005597661E-014
           4           3  -1.0748923191488790E-028
           4           4   9.3759598992181776E-028
           4           5   5.1899655986129367E-028
           4           6   8.1410548297457359E-015
           4           7  -9.1419896388248745E-029
           4           8   7.6438286673203129E-029
           4           9   2.6196507740356477E-029
           4          10   6.5332490392468757E-016
           4          11   5.9895530560155243E-029
           4          12   2.5085729075606513E-028
           4          13  -3.7224299707055687E-029
           4          14   8.0676793608388387E-015
           4          15  -7.7621790853020145E-029
           4          16   8.0676793608389886E-015
           4          17  -1.0993137612866431E-028
           4          18   1.5018148913564417E-029
           4          19   8.0676793608390312E-015
           5           1  -6.7765143284556547E-016
           5           2  -1.9718514140905246E-014
           5           3  -5.6556471556706019E-029
           5           4   5.1899655986129367E-028
           5           5   2.9409547822857844E-028
           5           6   4.0003182448260394E-015
           5           7  -5.4779904125355364E-029
           5           8   3.8267648399443642E-029
           5           9   5.8083479519894094E-030
           5          10   2.5645167668435386E-016
           5          11   3.4186861622724950E-029
           5          12   1.4834639172008939E-028
           5          13  -1.8737725370799045E-029
           5          14   4.4787311860873894E-015
           5          15  -4.0978086699066692E-029
           5          16   4.4787311860874738E-015
           5          17  -6.4602607663910277E-029
           5          18   1.1507020202291352E-029
           5          19   4.4787311860874983E-015
           6           1  -8.1346900617242007E-002
           6           2  0.30044429155194025     
           6           3  -1.0600351735483522E-015
           6           4   8.1410548297457359E-015
           6           5   4.0003182448260394E-015
           6           6  0.22794411305871107     
           6           7   1.3527712428916286E-016
           6           8   2.1918543888767606E-015
           6           9   1.2119199576819082E-015
           6          10   4.6037408587624208E-002
           6          11   2.9855945961900667E-016
           6          12   2.8612885220441632E-016
           6          13   7.7387806309012675E-017
           6          14  -2.2554288609326373E-002
           6          15  -1.7671892315471805E-016
           6          16  -2.2554288609325839E-002
           6          17  -2.6181920724602349E-017
           6          18  -8.8750241258097626E-017
           6          19  -2.2554288609325842E-002
           7           1  -5.5383289269787742E-016
           7           2   6.4850412874058222E-015
           7           3   8.9821525819646816E-030
           7           4  -9.1419896388248745E-029
           7           5  -5.4779904125355364E-029
           7           6   1.3527712428916286E-016
           7           7   1.4814537617469424E-029
           7           8   1.3908634325834210E-030
           7           9   4.6918715357456931E-030
           7          10   1.6448170310575732E-016
           7          11  -7.2019303527736811E-030
           7          12  -3.6689773391520426E-029
           7          13   5.1557408967069689E-030
           7          14  -1.2410761354205744E-015
           7          15   9.5789715679561571E-030
           7          16  -1.2410761354205932E-015
           7          17   1.6322875330667611E-029
           7          18  -3.3339586864177426E-030
           7          19  -1.2410761354206001E-015
           8           1  -1.3172082910742927E-015
           8           2   3.1403359068404476E-015
           8           3  -9.5857992144387159E-030
           8           4   7.6438286673203129E-029
           8           5   3.8267648399443642E-029
           8           6   2.1918543888767606E-015
           8           7   1.3908634325834210E-030
           8           8   2.1230697794832564E-029
           8           9   1.0789001958232075E-029
           8          10   4.4916251024963358E-016
           8          11   2.7866008432086682E-030
           8          12   2.6079201621118081E-030
           8          13   1.3773721558793327E-030
           8          14  -2.8720463144950965E-016
           8          15  -9.0250209542081658E-031
           8          16  -2.8720463144950521E-016
           8          17  -7.5941204281902900E-032
           8          18  -4.8616452636562757E-031
           8          19  -2.8720463144950526E-016
           9           1   2.2277266784746043E-015
           9           2   1.7722502112456211E-015
           9           3  -6.7002574549609480E-030
           9           4   2.6196507740356477E-029
           9           5   5.8083479519894094E-030
           9           6   1.2119199576819082E-015
           9           7   4.6918715357456931E-030
           9           8   1.0789001958232075E-029
           9           9   1.2980824450456252E-029
           9          10   2.3912002464210586E-016
           9          11  -3.0253355119853538E-032
           9          12  -8.7827741611971230E-030
           9          13  -2.0374640442501301E-030
           9          14  -1.7949897069118498E-017
           9          15  -3.0076325542329376E-030
           9          16  -1.7949897069117290E-017
           9          17   3.4889544775637368E-030
           9          18  -3.6120392035025426E-030
           9          19  -1.7949897069120298E-017
          10           1  -3.2218368739860288E-002
          10           2  0.13618740058666412     
          10           3  -8.9730596218713527E-017
          10           4   6.5332490392468757E-016
          10           5   2.5645167668435386E-016
          10           6   4.6037408587624208E-002
          10           7   1.6448170310575732E-016
          10           8   4.4916251024963358E-016
          10           9   2.3912002464210586E-016
          10          10   1.1086878017668653E-002
          10          11  -1.4254304428736267E-017
          10          12  -2.8559134824515626E-016
          10          13   9.5847920162381322E-017
          10          14  -2.0413409724972381E-002
          10          15   9.4171258272271227E-017
          10          16  -2.0413409724972478E-002
          10          17   1.5986809565292340E-016
          10          18  -3.3736642507161330E-017
          10          19  -2.0413409724972520E-002
          11           1   1.5996950128987185E-016
          11           2  -2.9496301251548642E-015
          11           3  -6.5558955255572225E-030
          11           4   5.9895530560155243E-029
          11           5   3.4186861622724950E-029
          11           6   2.9855945961900667E-016
          11           7  -7.2019303527736811E-030
          11           8   2.7866008432086682E-030
          11           9  -3.0253355119853538E-032
          11          10  -1.4254304428736267E-017
          11          11   4.1607737481366357E-030
          11          12   1.8860974386554051E-029
          11          13  -2.7644006323846506E-030
          11          14   6.3213449734357476E-016
          11          15  -5.4528571083715115E-030
          11          16   6.3213449734358541E-016
          11          17  -8.3851918248467548E-030
          11          18   1.4207260938378781E-030
          11          19   6.3213449734358846E-016
          12           1   7.8944140070028386E-016
          12           2  -1.5382756285615647E-014
          12           3  -2.5240203863435881E-029
          12           4   2.5085729075606513E-028
          12           5   1.4834639172008939E-028
          12           6   2.8612885220441632E-016
          12           7  -3.6689773391520426E-029
          12           8   2.6079201621118081E-030
          12           9  -8.7827741611971230E-030
          12          10  -2.8559134824515626E-016
          12          11   1.8860974386554051E-029
          12          12   9.2646449418782216E-029
          12          13  -1.2478157295302574E-029
          12          14   3.0321718120422779E-015
          12          15  -2.4189814436441431E-029
          12          16   3.0321718120423256E-015
          12          17  -4.0974807068842774E-029
          12          18   8.2976757017761118E-030
          12          19   3.0321718120423433E-015
          13           1  -1.9928358365855112E-015
          13           2   3.4337877924762333E-015
          13           3   5.6322688315616223E-030
          13           4  -3.7224299707055687E-029
          13           5  -1.8737725370799045E-029
          13           6   7.7387806309012675E-017
          13           7   5.1557408967069689E-030
          13           8   1.3773721558793327E-030
          13           9  -2.0374640442501301E-030
          13          10   9.5847920162381322E-017
          13          11  -2.7644006323846506E-030
          13          12  -1.2478157295302574E-029
          13          13   4.5210797417144712E-030
          13          14  -7.5299221419134187E-016
          13          15   6.6243268574401976E-030
          13          16  -7.5299221419135094E-016
          13          17   6.3107302275013724E-030
          13          18   3.6617014608311796E-031
          13          19  -7.5299221419135232E-016
          14           1  0.20876288091439824     
          14           2 -0.70480347903119989     
          14           3  -1.0229429516219267E-015
          14           4   8.0676793608388387E-015
          14           5   4.4787311860873894E-015
          14           6  -2.2554288609326373E-002
          14           7  -1.2410761354205744E-015
          14           8  -2.8720463144950965E-016
          14           9  -1.7949897069118498E-017
          14          10  -2.0413409724972381E-002
          14          11   6.3213449734357476E-016
          14          12   3.0321718120422779E-015
          14          13  -7.5299221419134187E-016
          14          14  0.14499760410533502     
          14          15  -1.1789356823556812E-015
          14          16  0.14499760410533688     
          14          17  -1.4613864568419852E-015
          14          18   1.2028836059486165E-016
          14          19  0.14499760410533727     
          15           1  -2.4702160910000650E-015
          15           2   5.3059911700256228E-015
          15           3   1.0382557651590411E-029
          15           4  -7.7621790853020145E-029
          15           5  -4.0978086699066692E-029
          15           6  -1.7671892315471805E-016
          15           7   9.5789715679561571E-030
          15           8  -9.0250209542081658E-031
          15           9  -3.0076325542329376E-030
          15          10   9.4171258272271227E-017
          15          11  -5.4528571083715115E-030
          15          12  -2.4189814436441431E-029
          15          13   6.6243268574401976E-030
          15          14  -1.1789356823556812E-015
          15          15   1.0564681436669401E-029
          15          16  -1.1789356823556972E-015
          15          17   1.1549400400860141E-029
          15          18  -2.0845502865597797E-031
          15          19  -1.1789356823557005E-015
          16           1  0.20876288091440043     
          16           2 -0.70480347903120832     
          16           3  -1.0229429516219442E-015
          16           4   8.0676793608389886E-015
          16           5   4.4787311860874738E-015
          16           6  -2.2554288609325839E-002
          16           7  -1.2410761354205932E-015
          16           8  -2.8720463144950521E-016
          16           9  -1.7949897069117290E-017
          16          10  -2.0413409724972478E-002
          16          11   6.3213449734358541E-016
          16          12   3.0321718120423256E-015
          16          13  -7.5299221419135094E-016
          16          14  0.14499760410533688     
          16          15  -1.1789356823556972E-015
          16          16  0.14499760410533871     
          16          17  -1.4613864568420071E-015
          16          18   1.2028836059486431E-016
          16          19  0.14499760410533907     
          17           1  -5.3030194451137473E-016
          17           2   7.3668979435845376E-015
          17           3   1.1548020621575354E-029
          17           4  -1.0993137612866431E-028
          17           5  -6.4602607663910277E-029
          17           6  -2.6181920724602349E-017
          17           7   1.6322875330667611E-029
          17           8  -7.5941204281902900E-032
          17           9   3.4889544775637368E-030
          17          10   1.5986809565292340E-016
          17          11  -8.3851918248467548E-030
          17          12  -4.0974807068842774E-029
          17          13   6.3107302275013724E-030
          17          14  -1.4613864568419852E-015
          17          15   1.1549400400860141E-029
          17          16  -1.4613864568420071E-015
          17          17   1.8503881620763638E-029
          17          18  -3.4191736616242905E-030
          17          19  -1.4613864568420140E-015
          18           1  -1.1803265328596289E-015
          18           2  -9.6998897355539117E-016
          18           3  -3.2082541261444032E-031
          18           4   1.5018148913564417E-029
          18           5   1.1507020202291352E-029
          18           6  -8.8750241258097626E-017
          18           7  -3.3339586864177426E-030
          18           8  -4.8616452636562757E-031
          18           9  -3.6120392035025426E-030
          18          10  -3.3736642507161330E-017
          18          11   1.4207260938378781E-030
          18          12   8.2976757017761118E-030
          18          13   3.6617014608311796E-031
          18          14   1.2028836059486165E-016
          18          15  -2.0845502865597797E-031
          18          16   1.2028836059486431E-016
          18          17  -3.4191736616242905E-030
          18          18   1.7413968405572799E-030
          18          19   1.2028836059486596E-016
          19           1  0.20876288091440126     
          19           2 -0.70480347903121054     
          19           3  -1.0229429516219474E-015
          19           4   8.0676793608390312E-015
          19           5   4.4787311860874983E-015
          19           6  -2.2554288609325842E-002
          19           7  -1.2410761354206001E-015
          19           8  -2.8720463144950526E-016
          19           9  -1.7949897069120298E-017
          19          10  -2.0413409724972520E-002
          19          11   6.3213449734358846E-016
          19          12   3.0321718120423433E-015
          19          13  -7.5299221419135232E-016
          19          14  0.14499760410533727     
          19          15  -1.1789356823557005E-015
          19          16  0.14499760410533907     
          19          17  -1.4613864568420140E-015
          19          18   1.2028836059486596E-016
          19          19  0.14499760410533949     
