           1           1   1.9961176027315224     
           1           2 -0.57884067613205581     
           1           3   1.5778681457088283E-015
           1           4  -3.3175604722256899E-015
           1           5   1.8049116192569712E-015
           1           6  0.19661212950560675     
           1           7  -2.1294992567844220E-015
           1           8   3.4721583015302946E-015
           1           9  -1.1272770395051974E-015
           1          10  -2.5265084845475481E-002
           1          11   1.8658421462228289E-016
           1          12  -2.3925572345038231E-015
           1          13   1.5033442837700879E-015
           1          14  0.14232371980479400     
           1          15   3.9549210340578750E-016
           1          16  0.14232371980479155     
           1          17   1.1194744248166638E-015
           1          18  -1.3875500590149276E-016
           1          19  0.14232371980479536     
           2           1 -0.57884067613205581     
           2           2   3.8727699728326610     
           2           3   2.6083271061485620E-014
           2           4   3.6916462850000094E-014
           2           5  -1.2571636462732082E-014
           2           6 -0.96825321592255709     
           2           7  -1.7812454972265353E-014
           2           8  -9.7723458030055201E-015
           2           9   4.9011954772576174E-015
           2          10  0.17489147055470619     
           2          11  -1.1140883140363047E-015
           2          12  -3.1200083936286173E-015
           2          13  -5.7696341962731504E-015
           2          14 -0.52124964254702810     
           2          15  -4.5539116547954582E-015
           2          16 -0.52124964254702333     
           2          17  -8.2419313030387624E-015
           2          18  -1.7464898701344243E-017
           2          19 -0.52124964254703654     
           3           1   1.5778681457088283E-015
           3           2   2.6083271061485620E-014
           3           3   1.9157796105648652E-028
           3           4   2.5700359062286403E-028
           3           5  -8.5863392472007524E-029
           3           6  -6.3507698534375060E-015
           3           7  -1.3352836752456934E-028
           3           8  -6.1467548744747866E-029
           3           9   3.2568897984268912E-029
           3          10   1.1801162886197958E-015
           3          11  -7.4022669772320532E-030
           3          12  -2.8480266994367704E-029
           3          13  -3.7718639366819607E-029
           3          14  -3.3072266641553734E-015
           3          15  -3.1733645747924365E-029
           3          16  -3.3072266641553450E-015
           3          17  -5.6266221740655096E-029
           3          18  -7.4659329652910342E-031
           3          19  -3.3072266641554298E-015
           4           1  -3.3175604722256899E-015
           4           2   3.6916462850000094E-014
           4           3   2.5700359062286403E-028
           4           4   3.7557361564057107E-028
           4           5  -1.2998237916849138E-028
           4           6  -8.9478714412486380E-015
           4           7  -1.7345391629037812E-028
           4           8  -1.0539774196558358E-028
           4           9   5.3357012316697294E-029
           4          10   1.6651077155585685E-015
           4          11  -1.0149168827692830E-029
           4          12  -2.5524524720762623E-029
           4          13  -6.1423514187492692E-029
           4          14  -4.7028141295777200E-015
           4          15  -4.6252798183906268E-029
           4          16  -4.7028141295776672E-015
           4          17  -8.3148922090159339E-029
           4          18  -2.6233822955736108E-030
           4          19  -4.7028141295778013E-015
           5           1   1.8049116192569712E-015
           5           2  -1.2571636462732082E-014
           5           3  -8.5863392472007524E-029
           5           4  -1.2998237916849138E-028
           5           5   4.5600074468930171E-029
           5           6   3.0354264392890584E-015
           5           7   5.7122455701972469E-029
           5           8   3.8574707325371880E-029
           5           9  -1.9269851055150227E-029
           5          10  -5.6632225041403630E-016
           5          11   3.4027430799117865E-030
           5          12   6.6648830248798524E-030
           5          13   2.2113654262655564E-029
           5          14   1.5983379814378367E-015
           5          15   1.5990653015301499E-029
           5          16   1.5983379814378166E-015
           5          17   2.8879003353126531E-029
           5          18   1.1539038493479821E-030
           5          19   1.5983379814378649E-015
           6           1  0.19661212950560675     
           6           2 -0.96825321592255709     
           6           3  -6.3507698534375060E-015
           6           4  -8.9478714412486380E-015
           6           5   3.0354264392890584E-015
           6           6  0.24582077922042983     
           6           7   4.3427220034813135E-015
           6           8   2.3449499952310309E-015
           6           9  -1.1616117263365710E-015
           6          10  -4.3733563333358587E-002
           6          11   2.8378567965549726E-016
           6          12   7.8124424780774369E-016
           6          13   1.3846709590775152E-015
           6          14  0.13408440567836499     
           6          15   1.1043849521035218E-015
           6          16  0.13408440567836383     
           6          17   2.0107678356815393E-015
           6          18  -2.3570113351169091E-017
           6          19  0.13408440567836702     
           7           1  -2.1294992567844220E-015
           7           2  -1.7812454972265353E-014
           7           3  -1.3352836752456934E-028
           7           4  -1.7345391629037812E-028
           7           5   5.7122455701972469E-029
           7           6   4.3427220034813135E-015
           7           7   9.4114863571973817E-029
           7           8   3.8617498864228634E-029
           7           9  -2.0927809087091209E-029
           7          10  -8.0685892675879542E-016
           7          11   5.1131887878251366E-030
           7          12   2.2185207314808192E-029
           7          13   2.4297810983656449E-029
           7          14   2.2526744350849993E-015
           7          15   2.1439466151602454E-029
           7          16   2.2526744350849820E-015
           7          17   3.7797920785387023E-029
           7          18   2.3312072538763037E-031
           7          19   2.2526744350850368E-015
           8           1   3.4721583015302946E-015
           8           2  -9.7723458030055201E-015
           8           3  -6.1467548744747866E-029
           8           4  -1.0539774196558358E-028
           8           5   3.8574707325371880E-029
           8           6   2.3449499952310309E-015
           8           7   3.8617498864228634E-029
           8           8   3.6809406896022600E-029
           8           9  -1.7668698329630257E-029
           8          10  -4.3830936916535068E-016
           8          11   2.5240683513256317E-030
           8          12  -3.1218150795810737E-031
           8          13   2.0169086090568458E-029
           8          14   1.2511023142753610E-015
           8          15   1.2923185543187931E-029
           8          16   1.2511023142753407E-015
           8          17   2.3747582708623352E-029
           8          18   1.4754393609551346E-030
           8          19   1.2511023142753837E-015
           9           1  -1.1272770395051974E-015
           9           2   4.9011954772576174E-015
           9           3   3.2568897984268912E-029
           9           4   5.3357012316697294E-029
           9           5  -1.9269851055150227E-029
           9           6  -1.1616117263365710E-015
           9           7  -2.0927809087091209E-029
           9           8  -1.7668698329630257E-029
           9           9   8.6636231057312760E-030
           9          10   2.2014008104949904E-016
           9          11  -1.2639372212445957E-030
           9          12  -8.3798983993934375E-031
           9          13  -9.8377395596826809E-030
           9          14  -6.0867541908735143E-016
           9          15  -6.5480096228266690E-030
           9          16  -6.0867541908734197E-016
           9          17  -1.1901885101911413E-029
           9          18  -7.6250461419735919E-031
           9          19  -6.0867541908736277E-016
          10           1  -2.5265084845475481E-002
          10           2  0.17489147055470619     
          10           3   1.1801162886197958E-015
          10           4   1.6651077155585685E-015
          10           5  -5.6632225041403630E-016
          10           6  -4.3733563333358587E-002
          10           7  -8.0685892675879542E-016
          10           8  -4.3830936916535068E-016
          10           9   2.2014008104949904E-016
          10          10   7.8988039742887862E-003
          10          11  -5.0366178752871753E-017
          10          12  -1.4328042676621409E-016
          10          13  -2.5923501707000006E-016
          10          14  -2.3537132962573908E-002
          10          15  -2.0542258968723072E-016
          10          16  -2.3537132962573693E-002
          10          17  -3.7161451266008311E-016
          10          18  -5.2564691229463050E-019
          10          19  -2.3537132962574290E-002
          11           1   1.8658421462228289E-016
          11           2  -1.1140883140363047E-015
          11           3  -7.4022669772320532E-030
          11           4  -1.0149168827692830E-029
          11           5   3.4027430799117865E-030
          11           6   2.8378567965549726E-016
          11           7   5.1131887878251366E-030
          11           8   2.5240683513256317E-030
          11           9  -1.2639372212445957E-030
          11          10  -5.0366178752871753E-017
          11          11   3.3017842061192656E-031
          11          12   1.0264978001201434E-030
          11          13   1.5148264673364564E-030
          11          14   1.5468423273332805E-016
          11          15   1.2537923905682009E-030
          11          16   1.5468423273332687E-016
          11          17   2.2754804044792651E-030
          11          18  -4.5029224747639900E-032
          11          19   1.5468423273333047E-016
          12           1  -2.3925572345038231E-015
          12           2  -3.1200083936286173E-015
          12           3  -2.8480266994367704E-029
          12           4  -2.5524524720762623E-029
          12           5   6.6648830248798524E-030
          12           6   7.8124424780774369E-016
          12           7   2.2185207314808192E-029
          12           8  -3.1218150795810737E-031
          12           9  -8.3798983993934375E-031
          12          10  -1.4328042676621409E-016
          12          11   1.0264978001201434E-030
          12          12   9.4618005492688304E-030
          12          13   1.1433576768626432E-030
          12          14   3.9159600903783934E-016
          12          15   3.2021779820278482E-030
          12          16   3.9159600903784126E-016
          12          17   5.2255585594323233E-030
          12          18  -5.8929205665068380E-031
          12          19   3.9159600903784526E-016
          13           1   1.5033442837700879E-015
          13           2  -5.7696341962731504E-015
          13           3  -3.7718639366819607E-029
          13           4  -6.1423514187492692E-029
          13           5   2.2113654262655564E-029
          13           6   1.3846709590775152E-015
          13           7   2.4297810983656449E-029
          13           8   2.0169086090568458E-029
          13           9  -9.8377395596826809E-030
          13          10  -2.5923501707000006E-016
          13          11   1.5148264673364564E-030
          13          12   1.1433576768626432E-030
          13          13   1.1238601072066390E-029
          13          14   7.3321588225211166E-016
          13          15   7.5409811876391893E-030
          13          16   7.3321588225210082E-016
          13          17   1.3750752770848980E-029
          13          18   7.5600404432373955E-031
          13          19   7.3321588225212488E-016
          14           1  0.14232371980479400     
          14           2 -0.52124964254702810     
          14           3  -3.3072266641553734E-015
          14           4  -4.7028141295777200E-015
          14           5   1.5983379814378367E-015
          14           6  0.13408440567836499     
          14           7   2.2526744350849993E-015
          14           8   1.2511023142753610E-015
          14           9  -6.0867541908735143E-016
          14          10  -2.3537132962573908E-002
          14          11   1.5468423273332805E-016
          14          12   3.9159600903783934E-016
          14          13   7.3321588225211166E-016
          14          14   7.4067853389669591E-002
          14          15   5.8050319075045470E-016
          14          16   7.4067853389668967E-002
          14          17   1.0651245921760862E-015
          14          18  -2.3219501276480645E-017
          14          19   7.4067853389670701E-002
          15           1   3.9549210340578750E-016
          15           2  -4.5539116547954582E-015
          15           3  -3.1733645747924365E-029
          15           4  -4.6252798183906268E-029
          15           5   1.5990653015301499E-029
          15           6   1.1043849521035218E-015
          15           7   2.1439466151602454E-029
          15           8   1.2923185543187931E-029
          15           9  -6.5480096228266690E-030
          15          10  -2.0542258968723072E-016
          15          11   1.2537923905682009E-030
          15          12   3.2021779820278482E-030
          15          13   7.5409811876391893E-030
          15          14   5.8050319075045470E-016
          15          15   5.6966341617048892E-030
          15          16   5.8050319075044819E-016
          15          17   1.0238280975167108E-029
          15          18   3.1456516348087024E-031
          15          19   5.8050319075046486E-016
          16           1  0.14232371980479155     
          16           2 -0.52124964254702333     
          16           3  -3.3072266641553450E-015
          16           4  -4.7028141295776672E-015
          16           5   1.5983379814378166E-015
          16           6  0.13408440567836383     
          16           7   2.2526744350849820E-015
          16           8   1.2511023142753407E-015
          16           9  -6.0867541908734197E-016
          16          10  -2.3537132962573693E-002
          16          11   1.5468423273332687E-016
          16          12   3.9159600903784126E-016
          16          13   7.3321588225210082E-016
          16          14   7.4067853389668967E-002
          16          15   5.8050319075044819E-016
          16          16   7.4067853389668342E-002
          16          17   1.0651245921760742E-015
          16          18  -2.3219501276481532E-017
          16          19   7.4067853389670077E-002
          17           1   1.1194744248166638E-015
          17           2  -8.2419313030387624E-015
          17           3  -5.6266221740655096E-029
          17           4  -8.3148922090159339E-029
          17           5   2.8879003353126531E-029
          17           6   2.0107678356815393E-015
          17           7   3.7797920785387023E-029
          17           8   2.3747582708623352E-029
          17           9  -1.1901885101911413E-029
          17          10  -3.7161451266008311E-016
          17          11   2.2754804044792651E-030
          17          12   5.2255585594323233E-030
          17          13   1.3750752770848980E-029
          17          14   1.0651245921760862E-015
          17          15   1.0238280975167108E-029
          17          16   1.0651245921760742E-015
          17          17   1.8485639258638799E-029
          17          18   5.2891308851326466E-031
          17          19   1.0651245921761044E-015
          18           1  -1.3875500590149276E-016
          18           2  -1.7464898701344243E-017
          18           3  -7.4659329652910342E-031
          18           4  -2.6233822955736108E-030
          18           5   1.1539038493479821E-030
          18           6  -2.3570113351169091E-017
          18           7   2.3312072538763037E-031
          18           8   1.4754393609551346E-030
          18           9  -7.6250461419735919E-031
          18          10  -5.2564691229463050E-019
          18          11  -4.5029224747639900E-032
          18          12  -5.8929205665068380E-031
          18          13   7.5600404432373955E-031
          18          14  -2.3219501276480645E-017
          18          15   3.1456516348087024E-031
          18          16  -2.3219501276481532E-017
          18          17   5.2891308851326466E-031
          18          18   2.5948968308946419E-031
          18          19  -2.3219501276480395E-017
          19           1  0.14232371980479536     
          19           2 -0.52124964254703654     
          19           3  -3.3072266641554298E-015
          19           4  -4.7028141295778013E-015
          19           5   1.5983379814378649E-015
          19           6  0.13408440567836702     
          19           7   2.2526744350850368E-015
          19           8   1.2511023142753837E-015
          19           9  -6.0867541908736277E-016
          19          10  -2.3537132962574290E-002
          19          11   1.5468423273333047E-016
          19          12   3.9159600903784526E-016
          19          13   7.3321588225212488E-016
          19          14   7.4067853389670701E-002
          19          15   5.8050319075046486E-016
          19          16   7.4067853389670077E-002
          19          17   1.0651245921761044E-015
          19          18  -2.3219501276480395E-017
          19          19   7.4067853389671812E-002
