           1           1   2.1185778784095541     
           1           2 -0.33029253259952035     
           1           3   2.3551818715073162E-014
           1           4  -3.2228458839634119E-014
           1           5   2.4609003899691292E-014
           1           6 -0.29266838950886837     
           1           7  -6.2458913222283758E-015
           1           8   1.2131831005276987E-014
           1           9  -1.3708244847415071E-014
           1          10   7.6826355866294188E-003
           1          11   3.2870287650130721E-015
           1          12   3.6763410045336837E-015
           1          13   1.2510216121685116E-014
           1          14   5.7145851051223467E-002
           1          15   7.7799190705733407E-015
           1          16   5.7145851051227034E-002
           1          17  -8.2459386602580430E-015
           1          18  -4.7235909283809322E-015
           1          19   5.7145851051235000E-002
           2           1 -0.33029253259952035     
           2           2   1.0530410989181325     
           2           3  -1.0273385691892112E-013
           2           4   1.3729613644499577E-013
           2           5  -9.2580630695593283E-014
           2           6  0.67363712897626438     
           2           7   1.5437806759235908E-014
           2           8  -3.4667007230110923E-014
           2           9   2.8974977851314728E-014
           2          10  -2.8481530769216293E-002
           2          11  -1.8781980232916723E-014
           2          12  -1.3530093839288816E-014
           2          13  -4.5625142748222661E-014
           2          14 -0.12598503571231051     
           2          15  -2.2924583170295430E-014
           2          16 -0.12598503571233974     
           2          17   2.3363942751098217E-014
           2          18   1.7262317469727103E-014
           2          19 -0.12598503571236405     
           3           1   2.3551818715073162E-014
           3           2  -1.0273385691892112E-013
           3           3   1.0053844265569465     
           3           4   5.0480453150634707E-016
           3           5   4.8572257327558740E-016
           3           6  -2.7228399570111157E-014
           3           7  -2.5831003784722608E-002
           3           8  -4.9819089825879737E-016
           3           9  -4.3628295420684702E-016
           3          10   1.5285001843736305E-014
           3          11   5.7478881242508294E-002
           3          12  -1.5081252219285246E-016
           3          13   8.4567769453952903E-017
           3          14   1.6077385210239651E-014
           3          15   7.6591613844602106E-017
           3          16   1.6290956763083285E-014
           3          17   1.1739357513574871E-016
           3          18  -1.3923499605481785E-016
           3          19   1.5546430728598044E-014
           4           1  -3.2228458839634119E-014
           4           2   1.3729613644499577E-013
           4           3   5.0480453150634707E-016
           4           4   1.0053844265569418     
           4           5  -2.4980018054317516E-016
           4           6   4.1135380990183037E-014
           4           7  -2.1841252764900214E-016
           4           8  -2.5831003784717189E-002
           4           9   3.3219954564796363E-016
           4          10  -2.2712847584689558E-014
           4          11  -9.1246454836393089E-016
           4          12   5.7478881242508141E-002
           4          13  -8.6909646146448133E-016
           4          14  -2.0393840763726508E-014
           4          15   1.6087605911913713E-015
           4          16  -2.3169025335818286E-014
           4          17  -2.8659086055712386E-015
           4          18  -4.0514097410925133E-016
           4          19  -2.3671942415864793E-014
           5           1   2.4609003899691292E-014
           5           2  -9.2580630695593283E-014
           5           3   4.8572257327558740E-016
           5           4  -2.4980018054317516E-016
           5           5   1.0053844265569447     
           5           6  -2.6382918472121493E-014
           5           7  -7.1232082732168899E-016
           5           8  -9.0552565446137261E-016
           5           9  -2.5831003784721893E-002
           5          10   1.4889787740668305E-014
           5          11   6.9909356081874713E-016
           5          12  -1.2836953722238645E-016
           5          13   5.7478881242507628E-002
           5          14   1.4377566331383787E-014
           5          15  -1.2502487680976765E-016
           5          16   1.5285917806360605E-014
           5          17   4.7517629648263236E-016
           5          18  -1.4183741471329067E-016
           5          19   1.5016936307658749E-014
           6           1 -0.29266838950886837     
           6           2  0.67363712897626438     
           6           3  -2.7228399570111157E-014
           6           4   4.1135380990183037E-014
           6           5  -2.6382918472121493E-014
           6           6  0.59221020692823245     
           6           7   2.0468422785549637E-014
           6           8  -3.1676883412256548E-014
           6           9   2.5621209462346387E-014
           6          10   3.4908463147819958E-002
           6          11  -7.9362339815204111E-015
           6          12  -7.4451898825305007E-015
           6          13  -2.1108467207502704E-014
           6          14  -6.4271092177786926E-002
           6          15  -1.0480671919828011E-014
           6          16  -6.4271092177800179E-002
           6          17   1.0766046367593595E-014
           6          18   7.8952523468471733E-015
           6          19  -6.4271092177811351E-002
           7           1  -6.2458913222283758E-015
           7           2   1.5437806759235908E-014
           7           3  -2.5831003784722608E-002
           7           4  -2.1841252764900214E-016
           7           5  -7.1232082732168899E-016
           7           6   2.0468422785549637E-014
           7           7   6.6366728875182188E-004
           7           8   1.8080765291032735E-017
           7           9   2.9205696022145320E-017
           7          10   3.1624241199378187E-015
           7          11  -1.4767855555526208E-003
           7          12  -7.8774064095389134E-018
           7          13  -4.2216122091102640E-017
           7          14  -6.5562066822861567E-016
           7          15  -1.9678425633122168E-018
           7          16  -6.6110789027430152E-016
           7          17  -3.0161536259738922E-018
           7          18   3.5773179045106538E-018
           7          19  -6.4197903338470870E-016
           8           1   1.2131831005276987E-014
           8           2  -3.4667007230110923E-014
           8           3  -4.9819089825879737E-016
           8           4  -2.5831003784717189E-002
           8           5  -9.0552565446137261E-016
           8           6  -3.1676883412256548E-014
           8           7   1.8080765291032735E-017
           8           8   6.6366728875154638E-004
           8           9   1.4907779870737450E-017
           8          10  -2.1708869543650962E-015
           8          11  -4.3063155039174140E-018
           8          12  -1.4767855555523138E-003
           8          13  -2.9815559743410758E-017
           8          14   3.0732913148927532E-015
           8          15  -4.1333344561228520E-017
           8          16   3.1445931983235573E-015
           8          17   7.3632825495693073E-017
           8          18   1.0409150727646622E-017
           8          19   3.1575144776425522E-015
           9           1  -1.3708244847415071E-014
           9           2   2.8974977851314728E-014
           9           3  -4.3628295420684702E-016
           9           4   3.3219954564796363E-016
           9           5  -2.5831003784721893E-002
           9           6   2.5621209462346387E-014
           9           7   2.9205696022145320E-017
           9           8   1.4907779870737450E-017
           9           9   6.6366728875178621E-004
           9          10   1.4888761378114813E-015
           9          11  -4.2202569563939022E-017
           9          12   2.1900883884141905E-017
           9          13  -1.4767855555525653E-003
           9          14  -2.7814802100449587E-015
           9          15   3.2122220917439630E-018
           9          16  -2.8048181788543689E-015
           9          17  -1.2208544700160559E-017
           9          18   3.6441809717551013E-018
           9          19  -2.7979073277141913E-015
          10           1   7.6826355866294188E-003
          10           2  -2.8481530769216293E-002
          10           3   1.5285001843736305E-014
          10           4  -2.2712847584689558E-014
          10           5   1.4889787740668305E-014
          10           6   3.4908463147819958E-002
          10           7   3.1624241199378187E-015
          10           8  -2.1708869543650962E-015
          10           9   1.4888761378114813E-015
          10          10   1.8714249156136592E-002
          10          11   1.8001817386770105E-015
          10          12   5.5304605317668144E-016
          10          13   3.9891208834654213E-015
          10          14   9.3364991228751578E-003
          10          15   2.0347524723967785E-015
          10          16   9.3364991228776732E-003
          10          17  -2.0523997759091606E-015
          10          18  -1.5204310834686462E-015
          10          19   9.3364991228797913E-003
          11           1   3.2870287650130721E-015
          11           2  -1.8781980232916723E-014
          11           3   5.7478881242508294E-002
          11           4  -9.1246454836393089E-016
          11           5   6.9909356081874713E-016
          11           6  -7.9362339815204111E-015
          11           7  -1.4767855555526208E-003
          11           8  -4.3063155039174140E-018
          11           9  -4.2202569563939022E-017
          11          10   1.8001817386770105E-015
          11          11   3.2861278746923565E-003
          11          12  -6.2402611290123979E-017
          11          13   4.3232561627863255E-017
          11          14   2.5869111420460660E-015
          11          15   4.3788228267573850E-018
          11          16   2.5991212515314051E-015
          11          17   6.7115137108680139E-018
          11          18  -7.9602106337483194E-018
          11          19   2.5565559179262947E-015
          12           1   3.6763410045336837E-015
          12           2  -1.3530093839288816E-014
          12           3  -1.5081252219285246E-016
          12           4   5.7478881242508141E-002
          12           5  -1.2836953722238645E-016
          12           6  -7.4451898825305007E-015
          12           7  -7.8774064095389134E-018
          12           8  -1.4767855555523138E-003
          12           9   2.1900883884141905E-017
          12          10   5.5304605317668144E-016
          12          11  -6.2402611290123979E-017
          12          12   3.2861278746923535E-003
          12          13  -5.6161672534753259E-017
          12          14   1.7660811450041122E-015
          12          15   9.1974528873457574E-017
          12          16   1.6074209348088456E-015
          12          17  -1.6384699826336553E-016
          12          18  -2.3162334051142115E-017
          12          19   1.5786686383194201E-015
          13           1   1.2510216121685116E-014
          13           2  -4.5625142748222661E-014
          13           3   8.4567769453952903E-017
          13           4  -8.6909646146448133E-016
          13           5   5.7478881242507628E-002
          13           6  -2.1108467207502704E-014
          13           7  -4.2216122091102640E-017
          13           8  -2.9815559743410758E-017
          13           9  -1.4767855555525653E-003
          13          10   3.9891208834654213E-015
          13          11   4.3232561627863255E-017
          13          12  -5.6161672534753259E-017
          13          13   3.2861278746922854E-003
          13          14   6.2642962299468776E-015
          13          15  -7.1478032239597803E-018
          13          16   6.3162276356647811E-015
          13          17   2.7166326822123539E-017
          13          18  -8.1089936361509857E-018
          13          19   6.3008496815103183E-015
          14           1   5.7145851051223467E-002
          14           2 -0.12598503571231051     
          14           3   1.6077385210239651E-014
          14           4  -2.0393840763726508E-014
          14           5   1.4377566331383787E-014
          14           6  -6.4271092177786926E-002
          14           7  -6.5562066822861567E-016
          14           8   3.0732913148927532E-015
          14           9  -2.7814802100449587E-015
          14          10   9.3364991228751578E-003
          14          11   2.5869111420460660E-015
          14          12   1.7660811450041122E-015
          14          13   6.2642962299468776E-015
          14          14   1.7486091809508011E-002
          14          15   3.2041896512812424E-015
          14          16   1.7486091809511960E-002
          14          17  -3.2663532453752131E-015
          14          18  -2.4054033451128621E-015
          14          19   1.7486091809515311E-002
          15           1   7.7799190705733407E-015
          15           2  -2.2924583170295430E-014
          15           3   7.6591613844602106E-017
          15           4   1.6087605911913713E-015
          15           5  -1.2502487680976765E-016
          15           6  -1.0480671919828011E-014
          15           7  -1.9678425633122168E-018
          15           8  -4.1333344561228520E-017
          15           9   3.2122220917439630E-018
          15          10   2.0347524723967785E-015
          15          11   4.3788228267573850E-018
          15          12   9.1974528873457574E-017
          15          13  -7.1478032239597803E-018
          15          14   3.2041896512812424E-015
          15          15   6.1393333017816801E-028
          15          16   3.2041896512820116E-015
          15          17  -6.2590878680868027E-028
          15          18  -4.5939118989323643E-028
          15          19   3.2041896512826564E-015
          16           1   5.7145851051227034E-002
          16           2 -0.12598503571233974     
          16           3   1.6290956763083285E-014
          16           4  -2.3169025335818286E-014
          16           5   1.5285917806360605E-014
          16           6  -6.4271092177800179E-002
          16           7  -6.6110789027430152E-016
          16           8   3.1445931983235573E-015
          16           9  -2.8048181788543689E-015
          16          10   9.3364991228776732E-003
          16          11   2.5991212515314051E-015
          16          12   1.6074209348088456E-015
          16          13   6.3162276356647811E-015
          16          14   1.7486091809511960E-002
          16          15   3.2041896512820116E-015
          16          16   1.7486091809515904E-002
          16          17  -3.2663532453759898E-015
          16          18  -2.4054033451134439E-015
          16          19   1.7486091809519259E-002
          17           1  -8.2459386602580430E-015
          17           2   2.3363942751098217E-014
          17           3   1.1739357513574871E-016
          17           4  -2.8659086055712386E-015
          17           5   4.7517629648263236E-016
          17           6   1.0766046367593595E-014
          17           7  -3.0161536259738922E-018
          17           8   7.3632825495693073E-017
          17           9  -1.2208544700160559E-017
          17          10  -2.0523997759091606E-015
          17          11   6.7115137108680139E-018
          17          12  -1.6384699826336553E-016
          17          13   2.7166326822123539E-017
          17          14  -3.2663532453752131E-015
          17          15  -6.2590878680868027E-028
          17          16  -3.2663532453759898E-015
          17          17   6.3993147336152356E-028
          17          18   4.6722220319813831E-028
          17          19  -3.2663532453766441E-015
          18           1  -4.7235909283809322E-015
          18           2   1.7262317469727103E-014
          18           3  -1.3923499605481785E-016
          18           4  -4.0514097410925133E-016
          18           5  -1.4183741471329067E-016
          18           6   7.8952523468471733E-015
          18           7   3.5773179045106538E-018
          18           8   1.0409150727646622E-017
          18           9   3.6441809717551013E-018
          18          10  -1.5204310834686462E-015
          18          11  -7.9602106337483194E-018
          18          12  -2.3162334051142115E-017
          18          13  -8.1089936361509857E-018
          18          14  -2.4054033451128621E-015
          18          15  -4.5939118989323643E-028
          18          16  -2.4054033451134439E-015
          18          17   4.6722220319813831E-028
          18          18   3.4524623344495411E-028
          18          19  -2.4054033451139279E-015
          19           1   5.7145851051235000E-002
          19           2 -0.12598503571236405     
          19           3   1.5546430728598044E-014
          19           4  -2.3671942415864793E-014
          19           5   1.5016936307658749E-014
          19           6  -6.4271092177811351E-002
          19           7  -6.4197903338470870E-016
          19           8   3.1575144776425522E-015
          19           9  -2.7979073277141913E-015
          19          10   9.3364991228797913E-003
          19          11   2.5565559179262947E-015
          19          12   1.5786686383194201E-015
          19          13   6.3008496815103183E-015
          19          14   1.7486091809515311E-002
          19          15   3.2041896512826564E-015
          19          16   1.7486091809519259E-002
          19          17  -3.2663532453766441E-015
          19          18  -2.4054033451139279E-015
          19          19   1.7486091809522614E-002
