           1           1   2.1859367494069764     
           1           2 -0.71535075957986427     
           1           3  -3.1597043764897864E-015
           1           4  -1.7236084465980272E-014
           1           5   7.8868841573619049E-015
           1           6   1.0808972620764217     
           1           7  -3.0293213807646561E-015
           1           8   6.5201530624032674E-015
           1           9   2.4541209568585704E-015
           1          10 -0.21602487633311268     
           1          11   2.2649626372326151E-015
           1          12  -2.8223043188449855E-015
           1          13  -2.9594707371476878E-015
           1          14   5.8696331977293986E-002
           1          15  -1.5825211452835648E-015
           1          16   1.6063303838965537E-015
           1          17  -7.2307616386641556E-016
           1          18 -0.30467226732366648     
           1          19  -3.0664096531033365E-016
           1          20 -0.30467226732366864     
           1          21   1.2012697414503424E-015
           1          22  -7.4912249735046153E-016
           1          23 -0.30467226732366937     
           2           1 -0.71535075957986427     
           2           2   2.7521786467164531     
           2           3   1.6728286100223908E-014
           2           4   6.0308397638714083E-014
           2           5  -2.6289314767422838E-014
           2           6  -4.0404824731122435     
           2           7   2.3198583759721994E-015
           2           8  -1.6777413232590110E-014
           2           9   4.3363868650236998E-015
           2          10  0.81153371483482128     
           2          11  -1.0106822492312886E-016
           2          12   6.9143594028306600E-015
           2          13   2.2265017634898838E-015
           2          14 -0.22202924192567286     
           2          15  -2.5710196545450270E-015
           2          16  -5.3532531849028244E-015
           2          17  -4.7599972153776294E-016
           2          18   1.1311399034298648     
           2          19   5.6746267109492397E-017
           2          20   1.1311399034298668     
           2          21  -9.7575900725307696E-016
           2          22  -1.5077547255014059E-015
           2          23   1.1311399034298626     
           3           1  -3.1597043764897864E-015
           3           2   1.6728286100223908E-014
           3           3   2.1737380535448461     
           3           4   6.0541849311590646E-016
           3           5   7.9927384155632432E-016
           3           6  -2.2382872083492834E-015
           3           7 -0.57157038993816633     
           3           8  -7.1141009749809111E-015
           3           9  -4.9873299934333583E-015
           3          10  -1.9850261715298451E-014
           3          11  0.28811466892094251     
           3          12   3.4043948216044800E-015
           3          13   1.2122681330994895E-014
           3          14   1.2017705199810921E-014
           3          15 -0.11474915496200391     
           3          16   2.3418766925687160E-015
           3          17  -7.7962809819087684E-015
           3          18   6.4418751242716579E-015
           3          19   3.3991649850493327E-015
           3          20   2.2849133945459258E-015
           3          21   1.6644655904858727E-015
           3          22   1.9130017596174082E-015
           3          23   3.6374538999201358E-015
           4           1  -1.7236084465980272E-014
           4           2   6.0308397638714083E-014
           4           3   6.0541849311590646E-016
           4           4   2.1737380535448505     
           4           5   1.1891529427821021E-015
           4           6  -2.3991957796143800E-014
           4           7   7.6189055064901352E-015
           4           8 -0.57157038993814835     
           4           9  -1.3401497793441578E-014
           4          10  -4.0137183378985877E-015
           4          11  -1.3440637491868300E-014
           4          12  0.28811466892092952     
           4          13   1.5198237633684549E-014
           4          14   3.4805108451017758E-015
           4          15   1.2813968636171680E-014
           4          16 -0.11474915496200520     
           4          17   1.2712812573478778E-015
           4          18   2.0764190968893701E-014
           4          19   7.3142176610979165E-015
           4          20   3.3302251665959312E-016
           4          21   1.1737652094285971E-015
           4          22  -9.5642754792666734E-016
           4          23  -3.6652757568397099E-015
           5           1   7.8868841573619049E-015
           5           2  -2.6289314767422838E-014
           5           3   7.9927384155632432E-016
           5           4   1.1891529427821021E-015
           5           5   2.1737380535448514     
           5           6   2.4833217325000704E-014
           5           7  -5.0827397846123209E-016
           5           8   4.6056908287183936E-015
           5           9 -0.57157038993816700     
           5          10  -2.7257629736741475E-015
           5          11  -3.3350058825653951E-015
           5          12  -6.5796435140541612E-015
           5          13  0.28811466892094195     
           5          14  -2.9395420386892296E-016
           5          15   6.1727966488289765E-015
           5          16   4.2254069167194378E-016
           5          17 -0.11474915496199792     
           5          18  -6.9459139922491452E-015
           5          19   1.0512677470313997E-015
           5          20  -8.7468391476632600E-015
           5          21  -2.2264606320016902E-015
           5          22  -1.4718151024420183E-015
           5          23  -1.0794849865282094E-014
           6           1   1.0808972620764217     
           6           2  -4.0404824731122435     
           6           3  -2.2382872083492834E-015
           6           4  -2.3991957796143800E-014
           6           5   2.4833217325000704E-014
           6           6   20.297784517478128     
           6           7  -1.3615291031299363E-014
           6           8   8.4236560441828955E-016
           6           9  -3.3461605082330817E-014
           6          10  -4.2517571160496326     
           6          11   9.4874381912505667E-015
           6          12  -5.4948012620311092E-015
           6          13  -1.6783410553869137E-014
           6          14   1.2502349111010562     
           6          15   2.5196522488538177E-016
           6          16   1.9054511958176327E-014
           6          17  -1.1171098759030818E-015
           6          18  -5.0396885819704762     
           6          19   1.1730249441613477E-015
           6          20  -5.0396885819704824     
           6          21  -6.6959555009102288E-015
           6          22  -8.1042045480347678E-016
           6          23  -5.0396885819704691     
           7           1  -3.0293213807646561E-015
           7           2   2.3198583759721994E-015
           7           3 -0.57157038993816633     
           7           4   7.6189055064901352E-015
           7           5  -5.0827397846123209E-016
           7           6  -1.3615291031299363E-014
           7           7   1.6476017107872352     
           7           8   5.1074595941447813E-015
           7           9   4.7290188258387499E-015
           7          10   1.0149402747740666E-014
           7          11 -0.59034286883973031     
           7          12  -7.5687069459040469E-015
           7          13  -8.4780273079675795E-015
           7          14  -1.9628802303831395E-015
           7          15  0.24406060980558944     
           7          16   5.8444189158373544E-015
           7          17   7.5734232253544547E-016
           7          18  -2.1372627835718437E-015
           7          19  -4.0476206058394963E-015
           7          20   4.1887792072316397E-015
           7          21   3.1189873115217828E-015
           7          22  -4.1669357258733456E-016
           7          23   5.7009878481228273E-015
           8           1   6.5201530624032674E-015
           8           2  -1.6777413232590110E-014
           8           3  -7.1141009749809111E-015
           8           4 -0.57157038993814835     
           8           5   4.6056908287183936E-015
           8           6   8.4236560441828955E-016
           8           7   5.1074595941447813E-015
           8           8   1.6476017107872181     
           8           9   9.9630861286754653E-015
           8          10   1.6301511137222029E-014
           8          11   6.0395482018304630E-015
           8          12 -0.59034286883972020     
           8          13  -1.9050285979781070E-014
           8          14   2.4829006845970909E-015
           8          15  -3.6361836935547300E-014
           8          16  0.24406060980560426     
           8          17  -1.3997280439749506E-014
           8          18  -2.8183145883464640E-014
           8          19  -3.1397650698382558E-014
           8          20   1.9333433886702274E-014
           8          21   3.1276078706773516E-014
           8          22  -4.8678955832036502E-015
           8          23   4.5317481119252932E-014
           9           1   2.4541209568585704E-015
           9           2   4.3363868650236998E-015
           9           3  -4.9873299934333583E-015
           9           4  -1.3401497793441578E-014
           9           5 -0.57157038993816700     
           9           6  -3.3461605082330817E-014
           9           7   4.7290188258387499E-015
           9           8   9.9630861286754653E-015
           9           9   1.6476017107872336     
           9          10   1.2922574001951459E-014
           9          11   1.8102923673989868E-015
           9          12  -6.1223473664904867E-015
           9          13 -0.59034286883972664     
           9          14  -1.2737412932038361E-015
           9          15  -1.4894254449573951E-014
           9          16   9.8189092625913025E-015
           9          17  0.24406060980558092     
           9          18  -3.5515947422263877E-015
           9          19  -1.1844710198262317E-014
           9          20   1.4724671340621282E-014
           9          21   1.3560244016847606E-014
           9          22  -2.9151771457279868E-015
           9          23   2.5218300108617601E-014
          10           1 -0.21602487633311268     
          10           2  0.81153371483482128     
          10           3  -1.9850261715298451E-014
          10           4  -4.0137183378985877E-015
          10           5  -2.7257629736741475E-015
          10           6  -4.2517571160496326     
          10           7   1.0149402747740666E-014
          10           8   1.6301511137222029E-014
          10           9   1.2922574001951459E-014
          10          10  0.91405631955181255     
          10          11  -5.2923129465716102E-015
          10          12  -5.5119671878663119E-015
          10          13  -1.2424232350882826E-016
          10          14 -0.26289980816578162     
          10          15   1.8442573737032063E-015
          10          16  -1.4600990051626548E-016
          10          17   1.0953818558689377E-015
          10          18   1.0752806834059976     
          10          19  -1.8768949438145965E-016
          10          20   1.0752806834059991     
          10          21   1.3017394159788610E-015
          10          22   9.9973635691088204E-016
          10          23   1.0752806834059956     
          11           1   2.2649626372326151E-015
          11           2  -1.0106822492312886E-016
          11           3  0.28811466892094251     
          11           4  -1.3440637491868300E-014
          11           5  -3.3350058825653951E-015
          11           6   9.4874381912505667E-015
          11           7 -0.59034286883973031     
          11           8   6.0395482018304630E-015
          11           9   1.8102923673989868E-015
          11          10  -5.2923129465716102E-015
          11          11  0.21519279352971080     
          11          12  -5.7999395217112720E-016
          11          13   2.0806381791082651E-015
          11          14   1.5961512072389863E-015
          11          15  -8.8769868937843638E-002
          11          16  -5.3310220821108102E-016
          11          17  -6.8331841920903971E-017
          11          18   1.3954008607060561E-016
          11          19   1.5589408365984478E-015
          11          20  -2.2215283636117400E-015
          11          21  -9.7976532551844293E-016
          11          22   2.4687533939693574E-016
          11          23  -2.6778703468854598E-015
          12           1  -2.8223043188449855E-015
          12           2   6.9143594028306600E-015
          12           3   3.4043948216044800E-015
          12           4  0.28811466892092952     
          12           5  -6.5796435140541612E-015
          12           6  -5.4948012620311092E-015
          12           7  -7.5687069459040469E-015
          12           8 -0.59034286883972020     
          12           9  -6.1223473664904867E-015
          12          10  -5.5119671878663119E-015
          12          11  -5.7999395217112720E-016
          12          12  0.21519279352970525     
          12          13   7.7897012299745065E-015
          12          14  -9.7175695736571930E-016
          12          15   1.2193479732858224E-014
          12          16  -8.8769868937848190E-002
          12          17   4.6153148170651278E-015
          12          18   1.0857341176192649E-014
          12          19   1.1139925285467367E-014
          12          20  -6.3980386055742493E-015
          12          21  -1.0662113445622183E-014
          12          22   1.6336043781759699E-015
          12          23  -1.5474276156206629E-014
          13           1  -2.9594707371476878E-015
          13           2   2.2265017634898838E-015
          13           3   1.2122681330994895E-014
          13           4   1.5198237633684549E-014
          13           5  0.28811466892094195     
          13           6  -1.6783410553869137E-014
          13           7  -8.4780273079675795E-015
          13           8  -1.9050285979781070E-014
          13           9 -0.59034286883972664     
          13          10  -1.2424232350882826E-016
          13          11   2.0806381791082651E-015
          13          12   7.7897012299745065E-015
          13          13  0.21519279352970833     
          13          14  -1.3722383637348112E-015
          13          15   4.2420765251210818E-015
          13          16  -5.8014641810163426E-015
          13          17  -8.8769868937839960E-002
          13          18   6.3818130910014342E-015
          13          19   4.1084431185017050E-015
          13          20   3.3042040796194026E-017
          13          21  -4.7492499874927559E-015
          13          22   9.3817293100116357E-016
          13          23  -3.6544428413325554E-015
          14           1   5.8696331977293986E-002
          14           2 -0.22202924192567286     
          14           3   1.2017705199810921E-014
          14           4   3.4805108451017758E-015
          14           5  -2.9395420386892296E-016
          14           6   1.2502349111010562     
          14           7  -1.9628802303831395E-015
          14           8   2.4829006845970909E-015
          14           9  -1.2737412932038361E-015
          14          10 -0.26289980816578162     
          14          11   1.5961512072389863E-015
          14          12  -9.7175695736571930E-016
          14          13  -1.3722383637348112E-015
          14          14   7.7440602664341482E-002
          14          15  -4.0396743427427519E-016
          14          16   1.4314316304988026E-015
          14          17   7.0558477616395795E-017
          14          18 -0.30885533193104570     
          14          19   7.6055978240004981E-017
          14          20 -0.30885533193104608     
          14          21  -4.3496582368943990E-016
          14          22  -8.0539872291866985E-017
          14          23 -0.30885533193104525     
          15           1  -1.5825211452835648E-015
          15           2  -2.5710196545450270E-015
          15           3 -0.11474915496200391     
          15           4   1.2813968636171680E-014
          15           5   6.1727966488289765E-015
          15           6   2.5196522488538177E-016
          15           7  0.24406060980558944     
          15           8  -3.6361836935547300E-014
          15           9  -1.4894254449573951E-014
          15          10   1.8442573737032063E-015
          15          11  -8.8769868937843638E-002
          15          12   1.2193479732858224E-014
          15          13   4.2420765251210818E-015
          15          14  -4.0396743427427519E-016
          15          15   3.6629047394097662E-002
          15          16  -4.7181496990594668E-015
          15          17  -2.0904366562421470E-015
          15          18  -6.5506837169950410E-016
          15          19  -6.3829286871277014E-016
          15          20   3.1585827130437449E-016
          15          21   4.1273456275527181E-016
          15          22  -9.6469424891561649E-017
          15          23   5.0913040963306961E-016
          16           1   1.6063303838965537E-015
          16           2  -5.3532531849028244E-015
          16           3   2.3418766925687160E-015
          16           4 -0.11474915496200520     
          16           5   4.2254069167194378E-016
          16           6   1.9054511958176327E-014
          16           7   5.8444189158373544E-015
          16           8  0.24406060980560426     
          16           9   9.8189092625913025E-015
          16          10  -1.4600990051626548E-016
          16          11  -5.3310220821108102E-016
          16          12  -8.8769868937848190E-002
          16          13  -5.8014641810163426E-015
          16          14   1.4314316304988026E-015
          16          15  -4.7181496990594668E-015
          16          16   3.6629047394102367E-002
          16          17  -8.3902594480391481E-016
          16          18  -7.5368668805893890E-015
          16          19  -4.6103869786564651E-015
          16          20  -4.1649899732627404E-016
          16          21   4.4372357931651153E-015
          16          22  -6.8113873742379455E-016
          16          23   3.3485406742709707E-015
          17           1  -7.2307616386641556E-016
          17           2  -4.7599972153776294E-016
          17           3  -7.7962809819087684E-015
          17           4   1.2712812573478778E-015
          17           5 -0.11474915496199792     
          17           6  -1.1171098759030818E-015
          17           7   7.5734232253544547E-016
          17           8  -1.3997280439749506E-014
          17           9  0.24406060980558092     
          17          10   1.0953818558689377E-015
          17          11  -6.8331841920903971E-017
          17          12   4.6153148170651278E-015
          17          13  -8.8769868937839960E-002
          17          14   7.0558477616395795E-017
          17          15  -2.0904366562421470E-015
          17          16  -8.3902594480391481E-016
          17          17   3.6629047394095053E-002
          17          18  -1.3531460071817627E-015
          17          19  -1.7057591670386224E-015
          17          20   1.2822066765873510E-015
          17          21   1.9692795685716482E-015
          17          22  -3.9346505978046160E-016
          17          23   2.8105975785522750E-015
          18           1 -0.30467226732366648     
          18           2   1.1311399034298648     
          18           3   6.4418751242716579E-015
          18           4   2.0764190968893701E-014
          18           5  -6.9459139922491452E-015
          18           6  -5.0396885819704762     
          18           7  -2.1372627835718437E-015
          18           8  -2.8183145883464640E-014
          18           9  -3.5515947422263877E-015
          18          10   1.0752806834059976     
          18          11   1.3954008607060561E-016
          18          12   1.0857341176192649E-014
          18          13   6.3818130910014342E-015
          18          14 -0.30885533193104570     
          18          15  -6.5506837169950410E-016
          18          16  -7.5368668805893890E-015
          18          17  -1.3531460071817627E-015
          18          18   1.2826666509346232     
          18          19  -2.0356740465939510E-016
          18          20   1.2826666509346247     
          18          21   1.4116797708914985E-015
          18          22   9.2863147511275070E-016
          18          23   1.2826666509346210     
          19           1  -3.0664096531033365E-016
          19           2   5.6746267109492397E-017
          19           3   3.3991649850493327E-015
          19           4   7.3142176610979165E-015
          19           5   1.0512677470313997E-015
          19           6   1.1730249441613477E-015
          19           7  -4.0476206058394963E-015
          19           8  -3.1397650698382558E-014
          19           9  -1.1844710198262317E-014
          19          10  -1.8768949438145965E-016
          19          11   1.5589408365984478E-015
          19          12   1.1139925285467367E-014
          19          13   4.1084431185017050E-015
          19          14   7.6055978240004981E-017
          19          15  -6.3829286871277014E-016
          19          16  -4.6103869786564651E-015
          19          17  -1.7057591670386224E-015
          19          18  -2.0356740465939510E-016
          19          19   7.2194785873504673E-028
          19          20  -2.0356740466046869E-016
          19          21  -7.1240451444472522E-028
          19          22   1.3184704501171414E-028
          19          23  -2.0356740466104641E-016
          20           1 -0.30467226732366864     
          20           2   1.1311399034298668     
          20           3   2.2849133945459258E-015
          20           4   3.3302251665959312E-016
          20           5  -8.7468391476632600E-015
          20           6  -5.0396885819704824     
          20           7   4.1887792072316397E-015
          20           8   1.9333433886702274E-014
          20           9   1.4724671340621282E-014
          20          10   1.0752806834059991     
          20          11  -2.2215283636117400E-015
          20          12  -6.3980386055742493E-015
          20          13   3.3042040796194026E-017
          20          14 -0.30885533193104608     
          20          15   3.1585827130437449E-016
          20          16  -4.1649899732627404E-016
          20          17   1.2822066765873510E-015
          20          18   1.2826666509346247     
          20          19  -2.0356740466046869E-016
          20          20   1.2826666509346265     
          20          21   1.4116797708925241E-015
          20          22   9.2863147511257242E-016
          20          23   1.2826666509346225     
          21           1   1.2012697414503424E-015
          21           2  -9.7575900725307696E-016
          21           3   1.6644655904858727E-015
          21           4   1.1737652094285971E-015
          21           5  -2.2264606320016902E-015
          21           6  -6.6959555009102288E-015
          21           7   3.1189873115217828E-015
          21           8   3.1276078706773516E-014
          21           9   1.3560244016847606E-014
          21          10   1.3017394159788610E-015
          21          11  -9.7976532551844293E-016
          21          12  -1.0662113445622183E-014
          21          13  -4.7492499874927559E-015
          21          14  -4.3496582368943990E-016
          21          15   4.1273456275527181E-016
          21          16   4.4372357931651153E-015
          21          17   1.9692795685716482E-015
          21          18   1.4116797708914985E-015
          21          19  -7.1240451444472522E-028
          21          20   1.4116797708925241E-015
          21          21   8.1108512983085882E-028
          21          22  -1.3350228071662478E-028
          21          23   1.4116797708931514E-015
          22           1  -7.4912249735046153E-016
          22           2  -1.5077547255014059E-015
          22           3   1.9130017596174082E-015
          22           4  -9.5642754792666734E-016
          22           5  -1.4718151024420183E-015
          22           6  -8.1042045480347678E-016
          22           7  -4.1669357258733456E-016
          22           8  -4.8678955832036502E-015
          22           9  -2.9151771457279868E-015
          22          10   9.9973635691088204E-016
          22          11   2.4687533939693574E-016
          22          12   1.6336043781759699E-015
          22          13   9.3817293100116357E-016
          22          14  -8.0539872291866985E-017
          22          15  -9.6469424891561649E-017
          22          16  -6.8113873742379455E-016
          22          17  -3.9346505978046160E-016
          22          18   9.2863147511275070E-016
          22          19   1.3184704501171414E-028
          22          20   9.2863147511257242E-016
          22          21  -1.3350228071662478E-028
          22          22   6.5517773360975233E-029
          22          23   9.2863147511245251E-016
          23           1 -0.30467226732366937     
          23           2   1.1311399034298626     
          23           3   3.6374538999201358E-015
          23           4  -3.6652757568397099E-015
          23           5  -1.0794849865282094E-014
          23           6  -5.0396885819704691     
          23           7   5.7009878481228273E-015
          23           8   4.5317481119252932E-014
          23           9   2.5218300108617601E-014
          23          10   1.0752806834059956     
          23          11  -2.6778703468854598E-015
          23          12  -1.5474276156206629E-014
          23          13  -3.6544428413325554E-015
          23          14 -0.30885533193104525     
          23          15   5.0913040963306961E-016
          23          16   3.3485406742709707E-015
          23          17   2.8105975785522750E-015
          23          18   1.2826666509346210     
          23          19  -2.0356740466104641E-016
          23          20   1.2826666509346225     
          23          21   1.4116797708931514E-015
          23          22   9.2863147511245251E-016
          23          23   1.2826666509346187     
