           1           1   2.1810015164014036     
           1           2 -0.68750180295900987     
           1           3   2.2395351742730617E-009
           1           4   5.3480508953394140E-010
           1           5   2.3387718223320786E-009
           1           6  0.68868624490477037     
           1           7  -1.3260314394072265E-009
           1           8  -2.5141660688702866E-009
           1           9  -3.1764093113374351E-009
           1          10  0.10431925138797254     
           1          11   2.7139807246062438E-009
           1          12   5.0212368017533186E-009
           1          13   4.9252170653774224E-009
           1          14   1.3291578020821569E-003
           1          15   5.1010724873492906E-010
           1          16  -1.4987237155528719E-009
           1          17   2.9601145292939101E-010
           1          18   9.0425603258202630E-003
           1          19  -2.5787794303259478E-011
           1          20  -4.0193409269819155E-010
           1          21  -1.2590148343334646E-010
           1          22 -0.18852562105613624     
           1          23  -1.7055122492249904E-008
           1          24 -0.18852560751047370     
           1          25   2.0836773122075461E-008
           1          26   5.8147395194899225E-008
           1          27 -0.18852564429363194     
           1          28  -8.9185060573138880E-002
           1          29   3.9415329320436708E-008
           1          30  -8.9185091572747149E-002
           1          31  -4.8008584724762818E-008
           1          32  -1.3465888970906839E-007
           1          33  -8.9185006943658496E-002
           1          34  -4.5772408630451834E-004
           1          35   1.9377085616272154E-008
           1          36  -4.5773940905698997E-004
           1          37  -2.3722951781821159E-008
           1          38  -6.6445448044123965E-008
           1          39  -4.5769782974482815E-004
           2           1 -0.68750180295900987     
           2           2   2.8058658380691588     
           2           3  -7.3290617650993165E-009
           2           4  -2.4369616196205843E-009
           2           5  -7.5931135988708260E-009
           2           6  -1.1469463580266481     
           2           7   5.4384746926942635E-009
           2           8   9.8795488965934253E-009
           2           9   1.2270191206905265E-008
           2          10  0.31290625964238805     
           2          11  -1.0887828444831993E-008
           2          12  -1.9927898419737448E-008
           2          13  -1.9148752815951366E-008
           2          14  -2.3914512718360016E-002
           2          15  -2.0486520458327486E-009
           2          16   6.1929912620885284E-009
           2          17  -1.0986735500145276E-009
           2          18  -3.1339951622478726E-002
           2          19   8.2477041886531390E-011
           2          20   1.6684514599979226E-009
           2          21   4.7009691889736699E-010
           2          22  -8.4298469505825202E-002
           2          23   6.5822062577612763E-008
           2          24  -8.4298522783904928E-002
           2          25  -8.1204245945758071E-008
           2          26  -2.2665231537332603E-007
           2          27  -8.4298379890313996E-002
           2          28   6.8654005218961117E-002
           2          29  -1.5147914041351742E-007
           2          30   6.8654126720731429E-002
           2          31   1.8634360068040375E-007
           2          32   5.2275688341217298E-007
           2          33   6.8653799216085054E-002
           2          34   9.2065803151950704E-003
           2          35  -7.4135288924356607E-008
           2          36   9.2066404182445730E-003
           2          37   9.1899408251452681E-008
           2          38   2.5748586037035470E-007
           2          39   9.2064799317760071E-003
           3           1   2.2395351742730617E-009
           3           2  -7.3290617650993165E-009
           3           3   2.3994357251445186     
           3           4  -6.4406856461915369E-010
           3           5   7.6187868674739133E-010
           3           6  -1.3978245183124385E-009
           3           7  -1.0990269324549899     
           3           8   3.1070882982077421E-009
           3           9  -3.9574528740620205E-009
           3          10  -1.5044553919120067E-008
           3          11  0.37117623177774173     
           3          12  -6.8834386306154123E-009
           3          13   9.3311158356712092E-009
           3          14  -1.0940346971401027E-008
           3          15   2.8475466554748523E-002
           3          16   7.0017756656319277E-009
           3          17  -1.8161696614490861E-008
           3          18   6.9106717360181035E-009
           3          19  -1.2498627610707974E-002
           3          20   1.9375847306606799E-009
           3          21   5.1253406889948357E-009
           3          22   2.1921907232947447E-009
           3          23  -1.9873255905495869E-010
           3          24   5.2055702060019323E-009
           3          25  -1.0093176252151930E-009
           3          26   1.1085526609058543E-009
           3          27   9.2531611301162327E-010
           3          28   5.4557489533585100E-009
           3          29   5.7578667473814410E-010
           3          30   8.3783909045532566E-011
           3          31   5.0964496856296402E-009
           3          32  -3.2199178325813373E-009
           3          33   3.1412902141514196E-009
           3          34  -3.4397841026704537E-010
           3          35  -2.2809091513147497E-009
           3          36   4.2872323738214039E-009
           3          37   1.8776330908983295E-009
           3          38   2.1726090226397112E-010
           3          39   3.7537409407344143E-009
           4           1   5.3480508953394140E-010
           4           2  -2.4369616196205843E-009
           4           3  -6.4406856461915369E-010
           4           4   2.3994357264419621     
           4           5   2.3230845218953165E-009
           4           6   4.5519585905151716E-009
           4           7   3.3838380435165381E-009
           4           8  -1.0990269354633557     
           4           9  -9.3005113975796826E-009
           4          10  -2.1855957131863234E-008
           4          11  -6.7390908727625298E-009
           4          12  0.37117623511520326     
           4          13   2.0576488115684427E-008
           4          14  -6.0785559300741530E-009
           4          15   1.2777386524835170E-008
           4          16   2.8475467752843046E-002
           4          17  -4.3616998369642550E-008
           4          18   6.0645134180662777E-009
           4          19  -7.1751825013962867E-009
           4          20  -1.2498634117770701E-002
           4          21   1.3515793546292669E-008
           4          22   3.4702029122076795E-009
           4          23   2.5490017508458120E-009
           4          24   1.6006972875894642E-009
           4          25   1.7179122934809547E-009
           4          26  -4.5008665312809074E-009
           4          27  -7.7278499436993478E-010
           4          28  -1.2356728253201261E-009
           4          29  -3.0396227088648069E-009
           4          30   3.3017457295239595E-009
           4          31  -3.4284182743263618E-009
           4          32   8.1311946881113890E-009
           4          33   7.3659147306110963E-009
           4          34  -5.0192049725443908E-009
           4          35   3.1958539736573964E-009
           4          36   1.1887640046277296E-008
           4          37   6.6512617378906426E-009
           4          38  -2.2968280143966480E-009
           4          39   4.3334919373713834E-009
           5           1   2.3387718223320786E-009
           5           2  -7.5931135988708260E-009
           5           3   7.6187868674739133E-010
           5           4   2.3230845218953165E-009
           5           5   2.3994357226871892     
           5           6   1.2254029863150665E-008
           5           7  -3.1736493262056028E-009
           5           8  -8.8847057948333078E-009
           5           9  -1.0990269243513637     
           5          10  -2.0089003355815386E-008
           5          11   8.7666949708185739E-009
           5          12   1.9258843262440212E-008
           5          13  0.37117621645439552     
           5          14   5.2320031628284855E-009
           5          15  -1.6369818936853885E-008
           5          16  -3.1715789189882916E-008
           5          17   2.8475496256672957E-002
           5          18  -7.8258570121441653E-009
           5          19   1.0780443937709262E-009
           5          20   7.2524914212772580E-009
           5          21  -1.2498636905517661E-002
           5          22  -3.5253935766674128E-009
           5          23   2.6407397081713351E-009
           5          24  -1.2460335901565474E-009
           5          25   1.4827233922961405E-009
           5          26  -1.9229036602795802E-009
           5          27  -2.8726384877972748E-010
           5          28   7.1162160624298719E-009
           5          29  -2.8023637951443507E-009
           5          30   6.1079171114389773E-009
           5          31  -2.6521870231657121E-009
           5          32   4.4342680817292740E-009
           5          33  -2.2745464781488635E-009
           5          34  -9.1754710119980851E-009
           5          35   2.0942679712344441E-009
           5          36   7.5804409591439835E-009
           5          37   3.5279239113492836E-009
           5          38  -4.2675104584521232E-009
           5          39   1.0709419250768023E-009
           6           1  0.68868624490477037     
           6           2  -1.1469463580266481     
           6           3  -1.3978245183124385E-009
           6           4   4.5519585905151716E-009
           6           5   1.2254029863150665E-008
           6           6   3.1306078246646694     
           6           7  -1.7069197855379847E-008
           6           8  -2.7065082879376378E-008
           6           9  -2.5715248952281332E-008
           6          10 -0.96937713522417768     
           6          11   3.2795225121353840E-008
           6          12   4.8051146005666285E-008
           6          13   3.9161857282627254E-008
           6          14   5.2182259483611930E-002
           6          15   5.2095206354465002E-009
           6          16  -1.4356792569271887E-008
           6          17   2.4042198492640816E-009
           6          18   7.3508448433223711E-002
           6          19  -3.7700601220816416E-010
           6          20  -3.8101014099404783E-009
           6          21  -1.0257041865235538E-009
           6          22  -4.9956938067775666E-002
           6          23  -1.7194073353503906E-007
           6          24  -4.9956815831159532E-002
           6          25   2.0732768201825290E-007
           6          26   5.7926946717033663E-007
           6          27  -4.9957166668583575E-002
           6          28 -0.10856840836463821     
           6          29   4.0197964486682756E-007
           6          30 -0.10856871078554794     
           6          31  -4.9345647200357870E-007
           6          32  -1.3666410908171411E-006
           6          33 -0.10856785219901630     
           6          34  -1.9954501734898485E-002
           6          35   2.0103625856585696E-007
           6          36  -1.9954651545409895E-002
           6          37  -2.4814239717335335E-007
           6          38  -6.8468199558498382E-007
           6          39  -1.9954224042096194E-002
           7           1  -1.3260314394072265E-009
           7           2   5.4384746926942635E-009
           7           3  -1.0990269324549899     
           7           4   3.3838380435165381E-009
           7           5  -3.1736493262056028E-009
           7           6  -1.7069197855379847E-008
           7           7   3.0800949741441732     
           7           8  -1.2705891930875342E-008
           7           9   1.3851838256651349E-008
           7          10   3.0363701968207119E-008
           7          11  -1.3767656697394506     
           7          12   2.3513446598771548E-008
           7          13  -3.0569766438790251E-008
           7          14   3.6497305282415099E-008
           7          15  -7.3717841488404573E-002
           7          16  -2.8793133135044724E-008
           7          17   6.3020622518998750E-008
           7          18  -1.9580447723250031E-008
           7          19   3.0501852334721392E-002
           7          20  -3.6820773877051656E-009
           7          21  -1.9143072939863369E-008
           7          22   3.9001810489416861E-009
           7          23   5.7722464188607787E-010
           7          24  -5.8928926530650987E-009
           7          25   5.1559820559500359E-009
           7          26  -2.2276692500990700E-009
           7          27   5.9631427633290769E-009
           7          28  -1.0829387851167747E-008
           7          29  -2.2312012933597079E-009
           7          30   1.3434276348719446E-008
           7          31  -1.9778571823167844E-008
           7          32   1.1656825868257651E-008
           7          33  -7.3007830482215847E-010
           7          34  -3.2685099408760517E-009
           7          35   6.9871741640385397E-009
           7          36  -1.2293913755066445E-008
           7          37  -9.5323343386480632E-009
           7          38  -2.2220569979738947E-009
           7          39  -1.3497814057809893E-008
           8           1  -2.5141660688702866E-009
           8           2   9.8795488965934253E-009
           8           3   3.1070882982077421E-009
           8           4  -1.0990269354633557     
           8           5  -8.8847057948333078E-009
           8           6  -2.7065082879376378E-008
           8           7  -1.2705891930875342E-008
           8           8   3.0800949808263427     
           8           9   3.3491130066351519E-008
           8          10   6.4763726382087876E-008
           8          11   2.1249960075545699E-008
           8          12  -1.3767656771735419     
           8          13  -7.1880925440021360E-008
           8          14   2.2579757754214206E-008
           8          15  -4.5290967330607294E-008
           8          16  -7.3717845693119871E-002
           8          17   1.5323084174395273E-007
           8          18  -2.0502289900507146E-008
           8          19   2.6580636847241117E-008
           8          20   3.0501875278613408E-002
           8          21  -4.9398850921213766E-008
           8          22  -5.8767634307772260E-009
           8          23  -7.8192204088990302E-009
           8          24   5.2146811560855620E-009
           8          25  -3.5043045509435755E-009
           8          26   1.3788162607415297E-008
           8          27   3.6822361108904940E-009
           8          28   8.9292291142639392E-009
           8          29   1.0116661280601933E-008
           8          30  -5.7941570898242186E-009
           8          31   1.0182952672306065E-008
           8          32  -2.9436978622631573E-008
           8          33  -1.9383989682648912E-008
           8          34   1.3599635767847379E-008
           8          35  -9.6235800637562320E-009
           8          36  -4.0511864973311804E-008
           8          37  -2.5359077870073842E-008
           8          38   6.0098627740614306E-009
           8          39  -1.6465305381298357E-008
           9           1  -3.1764093113374351E-009
           9           2   1.2270191206905265E-008
           9           3  -3.9574528740620205E-009
           9           4  -9.3005113975796826E-009
           9           5  -1.0990269243513637     
           9           6  -2.5715248952281332E-008
           9           7   1.3851838256651349E-008
           9           8   3.3491130066351519E-008
           9           9   3.0800949462281078     
           9          10   7.6057641703395045E-008
           9          11  -3.0898866665107497E-008
           9          12  -6.7249506753080693E-008
           9          13  -1.3767656144493572     
           9          14  -2.0702407549465604E-008
           9          15   5.7521525424627385E-008
           9          16   1.1425222333234118E-007
           9          17  -7.3717945039816143E-002
           9          18   2.5632995225582506E-008
           9          19  -6.3027988127451549E-009
           9          20  -2.8580562880595022E-008
           9          21   3.0501886487096289E-002
           9          22   4.0394466815772790E-009
           9          23  -6.8029351154075489E-009
           9          24  -1.6553252874395660E-009
           9          25  -2.7226909751628062E-009
           9          26   5.9906072095560646E-009
           9          27  -8.3870345858991219E-009
           9          28  -3.1027724394213418E-008
           9          29   1.0694294269196733E-008
           9          30  -2.3222573321083335E-008
           9          31   6.3141418951793544E-009
           9          32  -1.6919038172498435E-008
           9          33   3.5611992618967062E-009
           9          34   3.2513897966656326E-008
           9          35  -7.2855263546674827E-009
           9          36  -2.4741337866359348E-008
           9          37  -1.0668479419735713E-008
           9          38   1.3956806863789883E-008
           9          39   1.2725315785461709E-009
          10           1  0.10431925138797254     
          10           2  0.31290625964238805     
          10           3  -1.5044553919120067E-008
          10           4  -2.1855957131863234E-008
          10           5  -2.0089003355815386E-008
          10           6 -0.96937713522417768     
          10           7   3.0363701968207119E-008
          10           8   6.4763726382087876E-008
          10           9   7.6057641703395045E-008
          10          10   2.4420287187707377     
          10          11  -5.4063566777626936E-008
          10          12  -1.1809975865160588E-007
          10          13  -1.3577886182011878E-007
          10          14 -0.10194175261320410     
          10          15  -1.0690668516665851E-008
          10          16   3.3242190183650688E-008
          10          17  -6.7369864953199734E-009
          10          18 -0.18268369059980355     
          10          19   2.7849309840152495E-010
          10          20   9.6011446737905830E-009
          10          21   2.8646186916387860E-009
          10          22  -2.2697029105783598E-002
          10          23   4.4335385587347781E-007
          10          24  -2.2697390025668576E-002
          10          25  -5.4455286149978612E-007
          10          26  -1.5375244717992214E-006
          10          27  -2.2696450157634742E-002
          10          28   1.6746523997665162E-002
          10          29  -9.6050607882299011E-007
          10          30   1.6747336601898057E-002
          10          31   1.1979394228001510E-006
          10          32   3.3586755377245675E-006
          10          33   1.6745233745789893E-002
          10          34   1.9568212263382574E-002
          10          35  -5.0330314657169577E-007
          10          36   1.9568642904368199E-002
          10          37   6.3177255993995078E-007
          10          38   1.7697657131199585E-006
          10          39   1.9567540285303366E-002
          11           1   2.7139807246062438E-009
          11           2  -1.0887828444831993E-008
          11           3  0.37117623177774173     
          11           4  -6.7390908727625298E-009
          11           5   8.7666949708185739E-009
          11           6   3.2795225121353840E-008
          11           7  -1.3767656697394506     
          11           8   2.1249960075545699E-008
          11           9  -3.0898866665107497E-008
          11          10  -5.4063566777626936E-008
          11          11   2.5828173004626565     
          11          12  -3.9815038118152793E-008
          11          13   6.6303815111496535E-008
          11          14  -6.3964403640686678E-008
          11          15  0.12864026264398556     
          11          16   5.5574827143411612E-008
          11          17  -1.1502441878318021E-007
          11          18   3.3680691471909113E-008
          11          19  -5.2878731880780003E-002
          11          20   6.5273170827643185E-009
          11          21   3.4549882330553202E-008
          11          22  -1.2428194030579145E-008
          11          23  -3.9673294718412938E-009
          11          24   8.2240700839117115E-009
          11          25  -1.4795843275053540E-008
          11          26   1.3045640720316818E-008
          11          27  -3.3881977864088192E-009
          11          28   3.1693630634867592E-008
          11          29   8.1206451439823377E-009
          11          30  -3.5989243843670941E-008
          11          31   3.9580004795390807E-008
          11          32  -3.2571859775861679E-008
          11          33  -8.3585706540695849E-010
          11          34   9.2224736266852107E-009
          11          35  -8.5343499680491889E-009
          11          36   1.8907150405711361E-008
          11          37   2.1667189872595398E-008
          11          38  -2.6711894683948528E-009
          11          39   2.4571000215900793E-008
          12           1   5.0212368017533186E-009
          12           2  -1.9927898419737448E-008
          12           3  -6.8834386306154123E-009
          12           4  0.37117623511520326     
          12           5   1.9258843262440212E-008
          12           6   4.8051146005666285E-008
          12           7   2.3513446598771548E-008
          12           8  -1.3767656771735419     
          12           9  -6.7249506753080693E-008
          12          10  -1.1809975865160588E-007
          12          11  -3.9815038118152793E-008
          12          12   2.5828173055385308     
          12          13   1.4293484175571507E-007
          12          14  -3.6397004193874267E-008
          12          15   8.3442040147735450E-008
          12          16  0.12864026651133850     
          12          17  -2.8208572057595243E-007
          12          18   4.1809226372941579E-008
          12          19  -4.8784027325905694E-008
          12          20  -5.2878770001989817E-002
          12          21   9.0485504309732415E-008
          12          22   1.2253442696290635E-008
          12          23   8.4368159512559792E-009
          12          24  -1.4957385238042450E-008
          12          25   2.3297149663099748E-009
          12          26  -2.1810644242154459E-008
          12          27   3.5072728423650234E-009
          12          28  -1.6440701837129804E-008
          12          29  -1.6176730370325812E-008
          12          30   9.2298916950495316E-009
          12          31  -1.6675928057221261E-008
          12          32   6.2739506712535219E-008
          12          33   3.3826484029123603E-008
          12          34  -2.5533040678121555E-008
          12          35   1.4804938700814767E-008
          12          36   7.4698243841022977E-008
          12          37   4.7295954720276750E-008
          12          38  -4.4491470953847205E-009
          12          39   2.9025689117559595E-008
          13           1   4.9252170653774224E-009
          13           2  -1.9148752815951366E-008
          13           3   9.3311158356712092E-009
          13           4   2.0576488115684427E-008
          13           5  0.37117621645439552     
          13           6   3.9161857282627254E-008
          13           7  -3.0569766438790251E-008
          13           8  -7.1880925440021360E-008
          13           9  -1.3767656144493572     
          13          10  -1.3577886182011878E-007
          13          11   6.6303815111496535E-008
          13          12   1.4293484175571507E-007
          13          13   2.5828171916563907     
          13          14   3.4028021347202884E-008
          13          15  -1.0648128405303973E-007
          13          16  -2.1229328900401038E-007
          13          17  0.12864045163455196     
          13          18  -4.3740214934808320E-008
          13          19   1.2937554439854942E-008
          13          20   5.2426476221517448E-008
          13          21  -5.2878792886192238E-002
          13          22  -7.0806865175071321E-009
          13          23   9.8905801480004199E-009
          13          24  -1.0026563222879271E-008
          13          25  -2.2008310581562946E-010
          13          26  -7.7112394963939497E-009
          13          27   2.8445092440147599E-008
          13          28   6.2135611729123393E-008
          13          29  -2.5942212314592314E-008
          13          30   4.0517405627879893E-008
          13          31  -5.0868298211289174E-009
          13          32   3.7105761416779413E-008
          13          33  -1.2938236482615020E-008
          13          34  -5.2392975336641545E-008
          13          35   1.0913571646931588E-008
          13          36   4.5687084233173689E-008
          13          37   2.0973717892422878E-008
          13          38  -2.1809427008146267E-008
          13          39  -7.9579866895596124E-009
          14           1   1.3291578020821569E-003
          14           2  -2.3914512718360016E-002
          14           3  -1.0940346971401027E-008
          14           4  -6.0785559300741530E-009
          14           5   5.2320031628284855E-009
          14           6   5.2182259483611930E-002
          14           7   3.6497305282415099E-008
          14           8   2.2579757754214206E-008
          14           9  -2.0702407549465604E-008
          14          10 -0.10194175261320410     
          14          11  -6.3964403640686678E-008
          14          12  -3.6397004193874267E-008
          14          13   3.4028021347202884E-008
          14          14  0.21487136180374319     
          14          15   4.7810818417175220E-009
          14          16  -6.3782911893793882E-008
          14          17  -4.7332957970190182E-009
          14          18  0.30296412881728435     
          14          19   4.8527523649662460E-009
          14          20  -1.4516013394556630E-008
          14          21   1.5106983747256937E-009
          14          22   8.7558034283989573E-004
          14          23  -7.1223297796981717E-007
          14          24   8.7612354018972262E-004
          14          25   7.6330727410998583E-007
          14          26   2.2605684264287181E-006
          14          27   8.7468490179108682E-004
          14          28  -8.7032636157411154E-003
          14          29   1.6603431480762578E-006
          14          30  -8.7045660554616235E-003
          14          31  -1.7968991727651107E-006
          14          32  -5.2771975364771078E-006
          14          33  -8.7011507252235751E-003
          14          34  -1.1034935528873959E-002
          14          35   9.6773626770956312E-007
          14          36  -1.1035690485669034E-002
          14          37  -1.0421198459475038E-006
          14          38  -3.0659903115061488E-006
          14          39  -1.1033704852749349E-002
          15           1   5.1010724873492906E-010
          15           2  -2.0486520458327486E-009
          15           3   2.8475466554748523E-002
          15           4   1.2777386524835170E-008
          15           5  -1.6369818936853885E-008
          15           6   5.2095206354465002E-009
          15           7  -7.3717841488404573E-002
          15           8  -4.5290967330607294E-008
          15           9   5.7521525424627385E-008
          15          10  -1.0690668516665851E-008
          15          11  0.12864026264398556     
          15          12   8.3442040147735450E-008
          15          13  -1.0648128405303973E-007
          15          14   4.7810818417175220E-009
          15          15   6.4591886996874983E-003
          15          16   6.3177945401124377E-009
          15          17  -1.0500971099145858E-008
          15          18   1.3222136640170496E-008
          15          19  -2.6567399890562405E-003
          15          20  -1.1524437966345067E-009
          15          21   3.7469650033388517E-009
          15          22   5.8433020527532964E-008
          15          23   2.6831449552241051E-008
          15          24  -5.1812948879306231E-008
          15          25   3.0727419774220803E-008
          15          26  -5.9124748950539071E-008
          15          27  -6.8985230434084579E-009
          15          28  -1.3645865954783139E-007
          15          29  -6.1323147733968928E-008
          15          30   1.1991869671549404E-007
          15          31  -7.1691686687325431E-008
          15          32   1.3799808834941056E-007
          15          33   1.5212997171150916E-008
          15          34  -8.6788056701021263E-008
          15          35  -3.8547550599349645E-008
          15          36   7.6939938836506590E-008
          15          37  -4.5318982765612783E-008
          15          38   8.6571098527266363E-008
          15          39   1.1236831929248975E-008
          16           1  -1.4987237155528719E-009
          16           2   6.1929912620885284E-009
          16           3   7.0017756656319277E-009
          16           4   2.8475467752843046E-002
          16           5  -3.1715789189882916E-008
          16           6  -1.4356792569271887E-008
          16           7  -2.8793133135044724E-008
          16           8  -7.3717845693119871E-002
          16           9   1.1425222333234118E-007
          16          10   3.3242190183650688E-008
          16          11   5.5574827143411612E-008
          16          12  0.12864026651133850     
          16          13  -2.1229328900401038E-007
          16          14  -6.3782911893793882E-008
          16          15   6.3177945401124377E-009
          16          16   6.4591901427788773E-003
          16          17  -2.2589578419245873E-008
          16          18  -8.5312060946358872E-008
          16          19  -3.4302824512328232E-009
          16          20  -2.6567423561276466E-003
          16          21   8.2636904617287612E-009
          16          22  -2.0045183156670421E-008
          16          23  -4.1484593375301562E-008
          16          24   5.0383385222655887E-008
          16          25  -1.1562116185434936E-010
          16          26   1.2454932338001934E-007
          16          27  -3.0717142460846223E-008
          16          28   4.9618112273146808E-008
          16          29   9.8912337836744208E-008
          16          30  -1.0873824447005473E-007
          16          31   1.5308802266763535E-009
          16          32  -2.9183751666571590E-007
          16          33   6.8139903104283751E-008
          16          34   3.1791026212239059E-008
          16          35   6.2801478638250795E-008
          16          36  -6.2561277034962184E-008
          16          37   4.0850551763560307E-009
          16          38  -1.8419537100545797E-007
          16          39   4.4476894202955336E-008
          17           1   2.9601145292939101E-010
          17           2  -1.0986735500145276E-009
          17           3  -1.8161696614490861E-008
          17           4  -4.3616998369642550E-008
          17           5   2.8475496256672957E-002
          17           6   2.4042198492640816E-009
          17           7   6.3020622518998750E-008
          17           8   1.5323084174395273E-007
          17           9  -7.3717945039816143E-002
          17          10  -6.7369864953199734E-009
          17          11  -1.1502441878318021E-007
          17          12  -2.8208572057595243E-007
          17          13  0.12864045163455196     
          17          14  -4.7332957970190182E-009
          17          15  -1.0500971099145858E-008
          17          16  -2.2589578419245873E-008
          17          17   6.4592071847686732E-003
          17          18  -1.1382242408785949E-008
          17          19   2.8054009842174813E-009
          17          20   7.7570337651870191E-009
          17          21  -2.6567468085033339E-003
          17          22   7.7805064996538254E-008
          17          23  -3.0986121699924327E-008
          17          24  -6.8482520932931688E-009
          17          25   3.7742282374740523E-008
          17          26   2.3195115310199090E-008
          17          27  -7.0418095435885646E-008
          17          28  -1.7654673463991035E-007
          17          29   7.6258564472814931E-008
          17          30   2.4500852674960684E-008
          17          31  -8.8211293876163971E-008
          17          32  -5.4823436010370741E-008
          17          33   1.5733169064436844E-007
          17          34  -1.1536806776988063E-007
          17          35   4.9015440952769288E-008
          17          36   1.6825948588650580E-008
          17          37  -5.3820113439900521E-008
          17          38  -3.5546927619915019E-008
          17          39   9.8720736923622655E-008
          18           1   9.0425603258202630E-003
          18           2  -3.1339951622478726E-002
          18           3   6.9106717360181035E-009
          18           4   6.0645134180662777E-009
          18           5  -7.8258570121441653E-009
          18           6   7.3508448433223711E-002
          18           7  -1.9580447723250031E-008
          18           8  -2.0502289900507146E-008
          18           9   2.5632995225582506E-008
          18          10 -0.18268369059980355     
          18          11   3.3680691471909113E-008
          18          12   4.1809226372941579E-008
          18          13  -4.3740214934808320E-008
          18          14  0.30296412881728435     
          18          15   1.3222136640170496E-008
          18          16  -8.5312060946358872E-008
          18          17  -1.1382242408785949E-008
          18          18  0.42798704215303968     
          18          19   4.2348539650238111E-009
          18          20  -2.2418842416888930E-008
          18          21   4.0355305074214311E-009
          18          22   5.3661061480156467E-004
          18          23  -2.0946454760544144E-007
          18          24   5.3690150069086919E-004
          18          25   3.2487410795831062E-007
          18          26   9.3616238584620927E-007
          18          27   5.3634541820173445E-004
          18          28  -1.2287451470539841E-002
          18          29   4.9960566319978241E-007
          18          30  -1.2288112508866631E-002
          18          31  -7.5800708411336716E-007
          18          32  -2.2174049223318036E-006
          18          33  -1.2286834959757034E-002
          18          34  -1.5708647579723633E-002
          18          35   2.4395692586132550E-007
          18          36  -1.5709007097565592E-002
          18          37  -3.9075406822567712E-007
          18          38  -1.1552198750529124E-006
          18          39  -1.5708354127103339E-002
          19           1  -2.5787794303259478E-011
          19           2   8.2477041886531390E-011
          19           3  -1.2498627610707974E-002
          19           4  -7.1751825013962867E-009
          19           5   1.0780443937709262E-009
          19           6  -3.7700601220816416E-010
          19           7   3.0501852334721392E-002
          19           8   2.6580636847241117E-008
          19           9  -6.3027988127451549E-009
          19          10   2.7849309840152495E-010
          19          11  -5.2878731880780003E-002
          19          12  -4.8784027325905694E-008
          19          13   1.2937554439854942E-008
          19          14   4.8527523649662460E-009
          19          15  -2.6567399890562405E-003
          19          16  -3.4302824512328232E-009
          19          17   2.8054009842174813E-009
          19          18   4.2348539650238111E-009
          19          19   1.0933441366980288E-003
          19          20   8.1642203225065599E-010
          19          21  -9.2628602405646019E-010
          19          22   2.0608567349207703E-008
          19          23  -2.1951045458286260E-008
          19          24   1.3043721507300878E-009
          19          25  -1.6917363384994456E-009
          19          26  -1.4619617104861625E-008
          19          27  -2.1757834256503221E-008
          19          28  -4.6690083186282821E-008
          19          29   5.1451185114986024E-008
          19          30  -2.8694852564341391E-009
          19          31   3.1137647287263912E-009
          19          32   3.3799373590841559E-008
          19          33   4.9254311970765749E-008
          19          34  -3.0136083985333121E-008
          19          35   3.2588124644777977E-008
          19          36  -1.8090645597786444E-009
          19          37   1.6852577606518994E-009
          19          38   2.1778570758505829E-008
          19          39   3.0324462888305060E-008
          20           1  -4.0193409269819155E-010
          20           2   1.6684514599979226E-009
          20           3   1.9375847306606799E-009
          20           4  -1.2498634117770701E-002
          20           5   7.2524914212772580E-009
          20           6  -3.8101014099404783E-009
          20           7  -3.6820773877051656E-009
          20           8   3.0501875278613408E-002
          20           9  -2.8580562880595022E-008
          20          10   9.6011446737905830E-009
          20          11   6.5273170827643185E-009
          20          12  -5.2878770001989817E-002
          20          13   5.2426476221517448E-008
          20          14  -1.4516013394556630E-008
          20          15  -1.1524437966345067E-009
          20          16  -2.6567423561276466E-003
          20          17   7.7570337651870191E-009
          20          18  -2.2418842416888930E-008
          20          19   8.1642203225065599E-010
          20          20   1.0933458191242987E-003
          20          21  -2.7688524759011070E-009
          20          22  -6.6193287260544441E-009
          20          23   5.7284500876070798E-008
          20          24  -3.9865772284758760E-008
          20          25  -1.3395674650961648E-008
          20          26  -1.1625101695733095E-007
          20          27   4.6370591318207935E-008
          20          28   1.4849102426900045E-008
          20          29  -1.3541412983959702E-007
          20          30   8.9647532042821836E-008
          20          31   3.1058927528226052E-008
          20          32   2.7178668315947170E-007
          20          33  -1.0325751880508615E-007
          20          34   1.0485039216215563E-008
          20          35  -8.4520859481923880E-008
          20          36   5.4450882763385814E-008
          20          37   1.8709851218058622E-008
          20          38   1.7035948380163831E-007
          20          39  -6.4226811510550326E-008
          21           1  -1.2590148343334646E-010
          21           2   4.7009691889736699E-010
          21           3   5.1253406889948357E-009
          21           4   1.3515793546292669E-008
