           1           1   2.2099757686966250     
           1           2 -0.80826282080940648     
           1           3  -3.4256401426701145E-014
           1           4   8.3100768812288040E-015
           1           5  -3.3873438662470177E-014
           1           6  0.41978977108273452     
           1           7   6.2371733317450350E-015
           1           8  -7.1817863555406160E-016
           1           9   6.3349330241645450E-015
           1          10 -0.60372246575657795     
           1          11  -9.6630565257713635E-015
           1          12   9.0221084262062035E-015
           1          13   1.5024690713633283E-014
           1          14  -8.3789251437973722E-003
           1          15   1.1526079296048663E-015
           1          16  -9.4145659065808317E-015
           1          17   1.9852796031068804E-015
           1          18   2.8416950976272288E-003
           1          19   2.4809310930404242E-015
           1          20   1.1318466150786465E-014
           1          21  -2.2036143320674462E-015
           1          22  -6.6581206880270485E-003
           1          23  -2.3432674798164537E-015
           1          24  -6.6581206880483301E-003
           1          25  -1.0224598663804766E-014
           1          26   4.2858433304422974E-015
           1          27  -6.6581206880493224E-003
           1          28  0.20022019568408617     
           1          29   2.3248677777985340E-015
           1          30  0.20022019568411012     
           1          31  -2.9818129374302056E-016
           1          32   2.3705085920470173E-015
           1          33  0.20022019568411417     
           1          34   1.2367325040198876E-002
           1          35  -2.2702066021645563E-015
           1          36   1.2367325040197129E-002
           1          37  -1.9478600195773864E-015
           1          38  -4.6599966949820524E-015
           1          39   1.2367325040191142E-002
           2           1 -0.80826282080940648     
           2           2   3.2694973325827403     
           2           3   1.0230459723909535E-013
           2           4  -3.0985513869216425E-014
           2           5   1.0225454149937101E-013
           2           6 -0.53962655856693909     
           2           7  -1.8970093125981613E-014
           2           8   1.3150247644808801E-014
           2           9  -1.8665373011339441E-014
           2          10   3.2471248984799916     
           2          11   3.5320741623522993E-014
           2          12  -3.9809819417691301E-014
           2          13  -5.9759462269473924E-014
           2          14   2.4262824957727976E-002
           2          15  -8.0287714084373646E-015
           2          16   3.2947735203051685E-014
           2          17  -1.2701930777299116E-015
           2          18  -8.7121569700488160E-003
           2          19  -3.9151930097833534E-015
           2          20  -3.9337577838736415E-014
           2          21   7.5147348525538161E-015
           2          22 -0.61257866108157022     
           2          23   1.0881968217113147E-014
           2          24 -0.61257866108148384     
           2          25   3.7795236377688792E-014
           2          26  -2.3457927340347034E-015
           2          27 -0.61257866108149062     
           2          28  -1.1215084281928538     
           2          29  -1.3320186585324614E-014
           2          30  -1.1215084281929424     
           2          31   6.4408025662339603E-016
           2          32  -1.6519325370943467E-014
           2          33  -1.1215084281929759     
           2          34  -5.2080017989701827E-002
           2          35   5.3038084056324156E-015
           2          36  -5.2080017989703339E-002
           2          37   1.1456419905548657E-014
           2          38   1.3585401801208131E-014
           2          39  -5.2080017989662629E-002
           3           1  -3.4256401426701145E-014
           3           2   1.0230459723909535E-013
           3           3   2.4028814956228413     
           3           4   2.4199392489857300E-016
           3           5  -8.4047352411081747E-016
           3           6  -8.6465427652117774E-015
           3           7  -1.1108422456146871     
           3           8   3.7608804959183765E-015
           3           9   3.2369940061729587E-015
           3          10   9.0197431983250569E-014
           3          11  0.39542899929991404     
           3          12   2.2065682614412913E-015
           3          13  -3.9655778660834741E-015
           3          14  -5.3996189515139804E-015
           3          15  -4.2527224041795542E-002
           3          16  -3.0357660827806763E-017
           3          17   2.2117724319640773E-017
           3          18  -8.9241983857356105E-016
           3          19   2.2928924312241000E-002
           3          20   2.7202632507645355E-015
           3          21   3.4835415801950683E-015
           3          22   6.8541664466004889E-016
           3          23   6.7506763055248080E-015
           3          24   4.0063503260308346E-016
           3          25  -8.3993186110153354E-015
           3          26  -1.4921002670146500E-014
           3          27  -6.1413005335395168E-015
           3          28  -2.0404364745526690E-014
           3          29   1.5048615710480948E-014
           3          30  -3.5652257388395113E-014
           3          31  -1.7111716857063566E-015
           3          32   1.6614577602245616E-014
           3          33  -3.2764021540625399E-014
           3          34   2.5163000148152960E-015
           3          35  -3.7476649033929173E-015
           3          36   4.7835367135728278E-015
           3          37  -6.5461176999187800E-015
           3          38  -1.2697209147546746E-015
           3          39   7.6410776728887182E-015
           4           1   8.3100768812288040E-015
           4           2  -3.0985513869216425E-014
           4           3   2.4199392489857300E-016
           4           4   2.4028814956228399     
           4           5   8.4047352411188993E-016
           4           6   3.0723663008921282E-014
           4           7   2.2030988144904192E-015
           4           8  -1.1108422456146847     
           4           9  -4.7383971746354646E-015
           4          10  -3.7767940687096263E-014
           4          11  -9.6658792081424520E-015
           4          12  0.39542899929991060     
           4          13   8.3752449420263619E-015
           4          14  -8.5184325269078713E-015
           4          15   7.2945122164929483E-015
           4          16  -4.2527224041791475E-002
           4          17  -3.0155999225705438E-015
           4          18   6.2206965932083889E-015
           4          19  -3.2784105291470168E-015
           4          20   2.2928924312238558E-002
           4          21   6.9638305540478339E-016
           4          22   1.4767004981735108E-014
           4          23  -2.8779804025194654E-014
           4          24  -2.5127739152397507E-014
           4          25  -3.6422394283463764E-014
           4          26  -5.9311883951868917E-015
           4          27  -1.5660140943509080E-014
           4          28   4.7577951223759109E-014
           4          29  -6.7181930052234928E-015
           4          30   2.5759435263224286E-014
           4          31   8.2316441591443374E-015
           4          32  -6.4081128819393469E-015
           4          33  -4.1599854822690948E-014
           4          34   2.4940813694640426E-015
           4          35   2.3298907488969708E-015
           4          36   2.4278571321154233E-015
           4          37   2.1753289689538339E-015
           4          38  -1.8338652993355291E-015
           4          39  -2.3158613220715545E-015
           5           1  -3.3873438662470177E-014
           5           2   1.0225454149937101E-013
           5           3  -8.4047352411081747E-016
           5           4   8.4047352411188993E-016
           5           5   2.4028814956228444     
           5           6   1.2518588561224405E-014
           5           7   8.6389229103637272E-016
           5           8   3.9586389721751200E-015
           5           9  -1.1108422456146920     
           5          10  -5.2039601558936572E-014
           5          11   2.1510571102114364E-015
           5          12  -3.9673125895515504E-015
           5          13  0.39542899929991893     
           5          14  -1.6397501368277991E-014
           5          15  -1.8613582897199243E-015
           5          16  -2.8412602132266899E-015
           5          17  -4.2527224041796659E-002
           5          18   1.0332987664040205E-014
           5          19   9.7252934872417365E-016
           5          20   3.2677853478810339E-015
           5          21   2.2928924312243585E-002
           5          22  -4.5719134589955252E-015
           5          23  -3.8982541344709061E-015
           5          24  -2.6016050005751371E-014
           5          25  -1.4320586142042867E-014
           5          26  -1.0217150179364169E-015
           5          27  -1.5687989759186479E-014
           5          28   3.0364245530889955E-014
           5          29  -9.7193606476366643E-017
           5          30   9.0525528983437781E-015
           5          31   4.4943456889121026E-015
           5          32  -1.1228605420346599E-014
           5          33  -4.4224219233223518E-015
           5          34   4.4285179022614134E-015
           5          35   6.5781582431948033E-016
           5          36   6.9850898641214331E-015
           5          37   4.5955516430351816E-016
           5          38   1.7606582424375222E-015
           5          39   3.0543235310826790E-016
           6           1  0.41978977108273452     
           6           2 -0.53962655856693909     
           6           3  -8.6465427652117774E-015
           6           4   3.0723663008921282E-014
           6           5   1.2518588561224405E-014
           6           6   2.0987939243328446     
           6           7   4.3660431172705165E-014
           6           8  -3.7379687560396160E-014
           6           9   2.3069317840052093E-014
           6          10  -4.1951497447142385     
           6          11  -8.5491721343772919E-014
           6          12   5.4763586077447628E-014
           6          13   8.8459790615360588E-014
           6          14  -4.2738234716677745E-002
           6          15   1.8047584439259628E-014
           6          16  -4.2426700460646064E-014
           6          17   5.3671757510121517E-015
           6          18   1.3881023973734559E-002
           6          19  -8.1319777530461498E-016
           6          20   5.4106708528435474E-014
           6          21  -1.4702118377067236E-014
           6          22  0.22530243337211073     
           6          23   2.2785921599743969E-015
           6          24  0.22530243337224282     
           6          25  -7.6962422177059124E-014
           6          26  -2.7050296023897411E-015
           6          27  0.22530243337190503     
           6          28   1.3820444725429737     
           6          29   2.3097793902084666E-014
           6          30   1.3820444725431544     
           6          31   2.1160912170565657E-015
           6          32   4.3896186064542800E-015
           6          33   1.3820444725434542     
           6          34   6.8796509465477843E-002
           6          35  -9.9258483691149001E-016
           6          36   6.8796509465499117E-002
           6          37  -4.8122599821854025E-015
           6          38  -1.9757815225719401E-014
           6          39   6.8796509465422664E-002
           7           1   6.2371733317450350E-015
           7           2  -1.8970093125981613E-014
           7           3  -1.1108422456146871     
           7           4   2.2030988144904192E-015
           7           5   8.6389229103637272E-016
           7           6   4.3660431172705165E-014
           7           7   3.1202512319990201     
           7           8  -9.2842400434273856E-015
           7           9  -3.8649639044760264E-015
           7          10  -2.0027759524318695E-013
           7          11  -1.4576080617524618     
           7          12  -3.5249581031858719E-015
           7          13   2.5118795932137268E-015
           7          14   1.6576261695507211E-014
           7          15  0.14694750052736338     
           7          16  -1.2819606487451668E-015
           7          17   1.2325210296816235E-014
           7          18   4.0924305377271537E-015
           7          19  -7.9502935119532991E-002
           7          20  -1.2222861611733913E-014
           7          21  -1.4785915547489158E-014
           7          22  -7.4402770430971673E-015
           7          23  -1.7160042016755060E-014
           7          24  -1.0571859270120419E-015
           7          25   2.1451581365600362E-014
           7          26   4.4274404252846290E-014
           7          27   1.0761791470162588E-014
           7          28   1.0804263728788906E-014
           7          29  -4.9633618126067373E-014
           7          30   7.1152992109595306E-014
           7          31   5.4373537064742761E-015
           7          32  -6.2446219759144471E-014
           7          33   8.0089254659175957E-014
           7          34  -5.1232955881463065E-015
           7          35   1.3543742628363640E-014
           7          36  -2.0942002122086966E-014
           7          37   2.3309804030523822E-014
           7          38   4.2200121255996898E-015
           7          39  -1.4418889488644623E-014
           8           1  -7.1817863555406160E-016
           8           2   1.3150247644808801E-014
           8           3   3.7608804959183765E-015
           8           4  -1.1108422456146847     
           8           5   3.9586389721751200E-015
           8           6  -3.7379687560396160E-014
           8           7  -9.2842400434273856E-015
           8           8   3.1202512319990086     
           8           9   2.6957602816848521E-015
           8          10   1.1379376481966280E-013
           8          11   3.4444669338994270E-014
           8          12  -1.4576080617524467     
           8          13  -1.4474532683586757E-014
           8          14  -4.7720981513473720E-015
           8          15  -3.0669911055306622E-014
           8          16  0.14694750052733549     
           8          17   1.5551795962810433E-015
           8          18  -5.6961202652373879E-015
           8          19   1.7426164677873699E-014
           8          20  -7.9502935119510482E-002
           8          21  -3.3723024373596505E-015
           8          22  -3.9606879105107153E-014
           8          23   8.1734798645724230E-014
           8          24   3.9595431726397421E-014
           8          25   8.9044914223697177E-014
           8          26   1.6776676905448893E-014
           8          27   2.3415723794840379E-015
           8          28  -1.6276992643541583E-013
           8          29   2.0986980824775563E-014
           8          30  -7.3887687895327095E-014
           8          31  -2.1606511960489645E-014
           8          32   1.9106938530222857E-014
           8          33   1.5900444005931872E-013
           8          34   4.3945697193836740E-015
           8          35  -6.3066187931812285E-015
           8          36   2.1108830995112150E-015
           8          37  -7.4747437528113123E-015
           8          38   5.4229404777612676E-015
           8          39   3.7418340025542334E-015
           9           1   6.3349330241645450E-015
           9           2  -1.8665373011339441E-014
           9           3   3.2369940061729587E-015
           9           4  -4.7383971746354646E-015
           9           5  -1.1108422456146920     
           9           6   2.3069317840052093E-014
           9           7  -3.8649639044760264E-015
           9           8   2.6957602816848521E-015
           9           9   3.1202512319990294     
           9          10   2.4406814519178109E-013
           9          11   4.0245584642586115E-016
           9          12   6.7168492989505787E-015
           9          13  -1.4576080617524694     
           9          14   4.6064361535857428E-014
           9          15   5.6378512969109403E-015
           9          16   1.0103896885874615E-014
           9          17  0.14694750052735533     
           9          18  -2.9864827182117729E-014
           9          19  -1.2247147740594822E-015
           9          20  -1.2434497875843325E-014
           9          21  -7.9502935119529577E-002
           9          22  -1.6548661709286200E-014
           9          23   4.2920781781482134E-015
           9          24   2.3562133918346242E-014
           9          25   4.3434189221052382E-014
           9          26   3.9499249977258552E-015
           9          27  -8.9844025187833960E-015
           9          28  -1.4173475558892864E-013
           9          29  -1.0111287311433692E-016
           9          30  -5.5764446311911741E-014
           9          31  -1.5455907476433279E-014
           9          32   4.1691419167543902E-014
           9          33   6.8761192974628146E-015
           9          34  -1.1327189360852330E-014
           9          35  -2.5196374566097505E-015
           9          36  -1.6848864249272875E-014
           9          37   1.3840717354335758E-015
           9          38  -8.5073786665443964E-015
           9          39   5.7262456807216317E-016
          10           1 -0.60372246575657795     
          10           2   3.2471248984799916     
          10           3   9.0197431983250569E-014
          10           4  -3.7767940687096263E-014
          10           5  -5.2039601558936572E-014
          10           6  -4.1951497447142385     
          10           7  -2.0027759524318695E-013
          10           8   1.1379376481966280E-013
          10           9   2.4406814519178109E-013
          10          10   43.494322893445869     
          10          11   2.7672808608017586E-013
          10          12  -3.5499718011240562E-013
          10          13  -6.7113447746832396E-013
          10          14  0.98072688488992865     
          10          15  -6.0587099407668405E-014
          10          16   2.9625226722997810E-013
          10          17  -6.6118686357397141E-014
          10          18 -0.39106882220097505     
          10          19  -6.3544162910031955E-016
          10          20  -3.2412995825721033E-013
          10          21   8.2565662382889247E-014
          10          22  -1.2812120578305710     
          10          23  -4.3414988039479831E-014
          10          24  -1.2812120578298760     
          10          25   1.8931892852528618E-013
          10          26   7.2305350476151937E-014
          10          27  -1.2812120578287440     
          10          28  -16.238275761226401     
          10          29  -1.2818505518908034E-013
          10          30  -16.238275761228643     
          10          31   6.8295584013538503E-014
          10          32  -2.7100921570050535E-013
          10          33  -16.238275761231307     
          10          34  -1.5673513818893678     
          10          35   2.0909160371530577E-014
          10          36  -1.5673513818894120     
          10          37   5.8653159832549600E-014
          10          38   1.0372516371577575E-013
          10          39  -1.5673513818890039     
          11           1  -9.6630565257713635E-015
          11           2   3.5320741623522993E-014
          11           3  0.39542899929991404     
          11           4  -9.6658792081424520E-015
          11           5   2.1510571102114364E-015
          11           6  -8.5491721343772919E-014
          11           7  -1.4576080617524618     
          11           8   3.4444669338994270E-014
          11           9   4.0245584642586115E-016
          11          10   2.7672808608017586E-013
          11          11   2.7384881990298715     
          11          12  -9.9920072216239508E-015
          11          13   1.1657341758565854E-014
          11          14  -2.4812910940964698E-014
          11          15 -0.22353641501356070     
          11          16   1.2993078835062215E-014
          11          17  -4.3801767768416777E-014
          11          18  -4.1766519504151658E-015
          11          19  0.12282505607103716     
          11          20   1.3688702948936129E-014
          11          21   4.5583328778244542E-014
          11          22  -2.0861861785941872E-014
          11          23  -2.5510022986861836E-014
          11          24   1.6121324390035323E-014
          11          25  -3.1521089664235682E-016
          11          26  -2.8960546612120583E-014
          11          27   1.7460999870894966E-015
          11          28   9.6291278591938425E-015
          11          29   9.6477193381324119E-014
          11          30  -9.9124482424517102E-014
          11          31  -1.4156498732638131E-014
          11          32   1.2686329706888973E-013
          11          33  -1.3524501909965317E-013
          11          34   8.4937498132167417E-015
          11          35  -2.5670968320374704E-014
          11          36   3.4073521380525559E-014
          11          37  -5.3221840097598328E-014
          11          38  -9.1543997944758097E-015
          11          39   2.0865616172948853E-014
          12           1   9.0221084262062035E-015
          12           2  -3.9809819417691301E-014
          12           3   2.2065682614412913E-015
          12           4  0.39542899929991060     
          12           5  -3.9673125895515504E-015
          12           6   5.4763586077447628E-014
          12           7  -3.5249581031858719E-015
          12           8  -1.4576080617524467     
          12           9   6.7168492989505787E-015
          12          10  -3.5499718011240562E-013
          12          11  -9.9920072216239508E-015
          12          12   2.7384881990298617     
          12          13   1.7763568394681647E-015
          12          14   6.0759128841428668E-014
          12          15   2.3321622411100453E-014
          12          16 -0.22353641501354754     
          12          17   1.3457984726501577E-014
          12          18  -4.0690272602281168E-014
          12          19  -1.1655607034992478E-014
          12          20  0.12282505607101946     
          12          21  -9.4655186465542432E-015
          12          22  -7.5433658044955704E-014
          12          23   7.3500863965259482E-015
          12          24  -1.4219986407640216E-014
          12          25  -1.0228468751689671E-014
          12          26   3.1072541127341787E-015
          12          27   1.3268880426972596E-013
          12          28   3.8544890338953347E-013
          12          29  -5.7927623678209586E-014
          12          30   2.0223618688665146E-013
          12          31   1.7500907649696996E-014
          12          32  -1.7825837894971469E-014
          12          33  -2.5861198286734699E-013
          12          34  -1.2132078779802235E-014
          12          35   6.3753583964434110E-015
          12          36  -1.9867631534197053E-014
          12          37   1.5848533619178230E-014
          12          38  -4.0070136460415715E-015
          12          39   1.0280850820331927E-014
          13           1   1.5024690713633283E-014
          13           2  -5.9759462269473924E-014
          13           3  -3.9655778660834741E-015
          13           4   8.3752449420263619E-015
          13           5  0.39542899929991893     
          13           6   8.8459790615360588E-014
          13           7   2.5118795932137268E-015
          13           8  -1.4474532683586757E-014
          13           9  -1.4576080617524694     
          13          10  -6.7113447746832396E-013
          13          11   1.1657341758565854E-014
          13          12   1.7763568394681647E-015
          13          13   2.7384881990298666     
          13          14  -6.1862383432640964E-014
          13          15  -2.0598106553719274E-014
          13          16  -2.5075427845346983E-014
          13          17 -0.22353641501355714     
          13          18   3.9816271790310791E-014
          13          19   8.0664641633345827E-015
          13          20   2.5041600737552208E-014
          13          21  0.12282505607104605     
          13          22  -2.9388136192523482E-014
          13          23   5.6590605496506569E-015
          13          24   2.5860151039031911E-014
          13          25  -1.7606935237823400E-014
          13          26   1.9854096432029923E-014
          13          27   6.9274211301608052E-014
          13          28   3.6245172834280414E-013
          13          29  -4.6588194814592037E-015
          13          30   1.6724159978386614E-013
          13          31   2.4092254286549422E-014
          13          32  -8.5941850092837461E-014
          13          33   4.4887878663665892E-014
          13          34   1.9124483538861550E-014
          13          35   2.6107754275862215E-015
          13          36   2.5710552087193383E-014
          13          37  -4.8472876430738884E-015
          13          38   2.1825274281981031E-014
          13          39  -7.8111868254582497E-015
          14           1  -8.3789251437973722E-003
          14           2   2.4262824957727976E-002
          14           3  -5.3996189515139804E-015
          14           4  -8.5184325269078713E-015
          14           5  -1.6397501368277991E-014
          14           6  -4.2738234716677745E-002
          14           7   1.6576261695507211E-014
          14           8  -4.7720981513473720E-015
          14           9   4.6064361535857428E-014
          14          10  0.98072688488992865     
          14          11  -2.4812910940964698E-014
          14          12   6.0759128841428668E-014
          14          13  -6.1862383432640964E-014
          14          14   2.8346581026898441E-002
          14          15   1.1354693490045664E-015
          14          16   8.2335663213616556E-016
          14          17   2.3266472740227699E-015
          14          18  -1.1975353089294580E-002
          14          19  -1.7946104207271291E-015
          14          20  -1.2210611775363741E-015
          14          21  -7.2112830048747764E-016
          14          22  -1.3058431434667086E-002
          14          23   3.9798295341887866E-016
          14          24  -1.3058431434885253E-002
          14          25   7.4544420038616802E-015
          14          26   1.0042262937871475E-014
          14          27  -1.3058431435350510E-002
          14          28 -0.39822693963584338     
          14          29   2.1478449083492759E-015
          14          30 -0.39822693963514133     
          14          31  -2.0310470349825803E-014
          14          32  -4.6210163541329008E-014
          14          33 -0.39822693963382322     
          14          34  -4.7096529563658202E-002
          14          35   1.8750351219630089E-015
          14          36  -4.7096529563665605E-002
          14          37   1.5450937433479451E-016
          14          38   8.5065724347831698E-015
          14          39  -4.7096529563659797E-002
          15           1   1.1526079296048663E-015
          15           2  -8.0287714084373646E-015
          15           3  -4.2527224041795542E-002
          15           4   7.2945122164929483E-015
          15           5  -1.8613582897199243E-015
          15           6   1.8047584439259628E-014
          15           7  0.14694750052736338     
          15           8  -3.0669911055306622E-014
          15           9   5.6378512969109403E-015
          15          10  -6.0587099407668405E-014
          15          11 -0.22353641501356070     
          15          12   2.3321622411100453E-014
          15          13  -2.0598106553719274E-014
          15          14   1.1354693490045664E-015
          15          15   2.0512517923471269E-002
          15          16  -3.3241638609451501E-015
          15          17   4.1646373848948293E-015
          15          18   7.5810458966836819E-016
          15          19  -1.1048752648497258E-002
          15          20   6.8814311896932483E-016
          15          21  -4.4786223340521219E-015
          15          22  -4.7878106708889639E-014
          15          23  -9.0213795385128410E-015
          15          24  -9.0456350910057977E-015
          15          25   6.3873648506480394E-015
          15          26   8.0131863745407191E-015
          15          27   5.7717851923841438E-014
          15          28   1.3458695373567832E-013
          15          29   1.9133098609171640E-015
          15          30   3.5937528109913567E-014
          15          31  -7.2588684918345582E-015
          15          32  -1.2841112143933498E-014
          15          33  -1.6876186755885605E-013
          15          34  -4.0617405965661361E-015
          15          35   2.6922613275971619E-015
          15          36  -3.1108755599521672E-015
          15          37   4.0170363436652996E-015
          15          38   1.0224082672072907E-015
          15          39  -4.7134754698742290E-015
          16           1  -9.4145659065808317E-015
          16           2   3.2947735203051685E-014
          16           3  -3.0357660827806763E-017
          16           4  -4.2527224041791475E-002
          16           5  -2.8412602132266899E-015
          16           6  -4.2426700460646064E-014
          16           7  -1.2819606487451668E-015
          16           8  0.14694750052733549     
          16           9   1.0103896885874615E-014
          16          10   2.9625226722997810E-013
          16          11   1.2993078835062215E-014
          16          12 -0.22353641501354754     
          16          13  -2.5075427845346983E-014
          16          14   8.2335663213616556E-016
          16          15  -3.3241638609451501E-015
          16          16   2.0512517923469795E-002
          16          17   9.3122124614045399E-016
          16          18   9.5859759802395498E-016
          16          19   1.9992688059168560E-015
          16          20  -1.1048752648495457E-002
          16          21  -5.6465249160346891E-016
          16          22   1.5391098452974524E-013
          16          23  -4.7064104384406703E-015
          16          24   1.9548621125078628E-014
          16          25  -3.0847779848657000E-015
          16          26  -3.7042477044619927E-015
          16          27  -2.0544520057860880E-013
          16          28  -5.7437614797436657E-013
          16          29   1.0513621780437723E-015
          16          30  -2.0132861042300539E-013
          16          31   6.0828589953589252E-015
          16          32   1.1309123567777641E-014
          16          33   5.0440056977644731E-013
          16          34  -3.3343553355096500E-015
          16          35  -8.3261998070563412E-016
          16          36  -3.8094064893459424E-015
          16          37  -7.9403282163761607E-016
          16          38  -9.7956809244992450E-016
          16          39  -6.4721434472900810E-015
          17           1   1.9852796031068804E-015
          17           2  -1.2701930777299116E-015
          17           3   2.2117724319640773E-017
          17           4  -3.0155999225705438E-015
          17           5  -4.2527224041796659E-002
          17           6   5.3671757510121517E-015
          17           7   1.2325210296816235E-014
          17           8   1.5551795962810433E-015
          17           9  0.14694750052735533     
          17          10  -6.6118686357397141E-014
          17          11  -4.3801767768416777E-014
          17          12   1.3457984726501577E-014
          17          13 -0.22353641501355714     
          17          14   2.3266472740227699E-015
          17          15   4.1646373848948293E-015
          17          16   9.3122124614045399E-016
          17          17   2.0512517923471030E-002
          17          18  -2.1238255991771077E-015
          17          19  -2.0714766708296798E-015
          17          20  -1.0690233422401452E-015
          17          21  -1.1048752648497244E-002
          17          22   8.5667700730344604E-014
          17          23   6.5658329244882185E-015
          17          24   2.0681353903228277E-014
          17          25  -4.4641958037927874E-015
          17          26  -7.8610112073737654E-015
          17          27  -1.0084152707693822E-013
          17          28  -2.4734202782492094E-013
          17          29   2.3394185094054796E-015
          17          30  -2.4047960018642529E-014
          17          31   3.8704967701377200E-015
          17          32   1.6660460988108128E-014
          17          33   3.3444357286843198E-013
          17          34   1.3540999645279964E-015
          17          35  -5.9046704014342531E-016
          17          36  -7.0339987527429628E-016
          17          37   1.1002315674605041E-016
          17          38  -2.5789582456388376E-015
          17          39   2.2691978081216313E-015
          18           1   2.8416950976272288E-003
          18           2  -8.7121569700488160E-003
          18           3  -8.9241983857356105E-016
          18           4   6.2206965932083889E-015
          18           5   1.0332987664040205E-014
          18           6   1.3881023973734559E-002
          18           7   4.0924305377271537E-015
          18           8  -5.6961202652373879E-015
          18           9  -2.9864827182117729E-014
          18          10 -0.39106882220097505     
          18          11  -4.1766519504151658E-015
          18          12  -4.0690272602281168E-014
          18          13   3.9816271790310791E-014
          18          14  -1.1975353089294580E-002
          18          15   7.5810458966836819E-016
          18          16   9.5859759802395498E-016
          18          17  -2.1238255991771077E-015
          18          18   5.2014179214514506E-003
          18          19   1.6311151567149677E-016
          18          20  -9.0386897756757384E-016
          18          21   9.4956266240511828E-016
          18          22   4.9659832541442198E-003
          18          23   2.3260549159132480E-016
          18          24   4.9659832542309395E-003
          18          25  -6.4130114716233702E-015
          18          26  -1.0534224603261647E-014
          18          27   4.9659832543821067E-003
          18          28  0.16556576501707193     
          18          29  -1.1652956036073696E-015
          18          30  0.16556576501681242     
          18          31   5.6362435320451333E-015
          18          32   3.3881022048788720E-014
          18          33  0.16556576501639536     
          18          34   2.0547573144193518E-002
          18          35  -1.2077723717039382E-015
          18          36   2.0547573144198448E-002
          18          37   1.4386318938502761E-016
          18          38  -5.9408993283493063E-015
          18          39   2.0547573144195155E-002
          19           1   2.4809310930404242E-015
          19           2  -3.9151930097833534E-015
          19           3   2.2928924312241000E-002
          19           4  -3.2784105291470168E-015
          19           5   9.7252934872417365E-016
          19           6  -8.1319777530461498E-016
          19           7  -7.9502935119532991E-002
          19           8   1.7426164677873699E-014
          19           9  -1.2247147740594822E-015
          19          10  -6.3544162910031955E-016
          19          11  0.12282505607103716     
          19          12  -1.1655607034992478E-014
          19          13   8.0664641633345827E-015
          19          14  -1.7946104207271291E-015
          19          15  -1.1048752648497258E-002
          19          16   1.9992688059168560E-015
          19          17  -2.0714766708296798E-015
          19          18   1.6311151567149677E-016
          19          19   5.9718151958741451E-003
          19          20  -3.8039233208784200E-016
          19          21   2.2968823024815485E-015
          19          22  -5.7972275093302181E-014
          19          23   7.2834663209308124E-015
          19          24  -2.3641727469550628E-014
          19          25  -1.5608680948348798E-015
          19          26  -1.3043787313235975E-015
          19          27   8.5314982007919599E-014
          19          28   2.0638693001444030E-013
          19          29  -4.5559875255901407E-016
          19          30   8.1904460449431768E-014
          19          31  -8.4104332062071503E-015
          19          32  -6.5289123961362715E-015
          19          33  -2.4407261575958783E-013
          19          34   4.3370549029897138E-015
          19          35  -1.0839903184133870E-015
          19          36   1.8140729353438441E-015
          19          37  -2.5383841386768981E-015
          19          38   5.8058309696770032E-016
          19          39   6.3250212182582994E-015
          20           1   1.1318466150786465E-014
          20           2  -3.9337577838736415E-014
          20           3   2.7202632507645355E-015
          20           4   2.2928924312238558E-002
          20           5   3.2677853478810339E-015
          20           6   5.4106708528435474E-014
          20           7  -1.2222861611733913E-014
          20           8  -7.9502935119510482E-002
          20           9  -1.2434497875843325E-014
          20          10  -3.2412995825721033E-013
          20          11   1.3688702948936129E-014
          20          12  0.12282505607101946     
          20          13   2.5041600737552208E-014
          20          14  -1.2210611775363741E-015
          20          15   6.8814311896932483E-016
          20          16  -1.1048752648495457E-002
          20          17  -1.0690233422401452E-015
          20          18  -9.0386897756757384E-016
          20          19  -3.8039233208784200E-016
          20          20   5.9718151958726281E-003
          20          21   6.3626404507584589E-016
          20          22  -1.2864697200484194E-013
          20          23   1.4229429097645255E-015
          20          24  -2.0934689505530398E-014
          20          25   1.1486161183366284E-014
          20          26   2.9852542079223295E-015
          20          27   1.8743946410187613E-013
          20          28   4.9253321533025184E-013
          20          29   4.1744989036019086E-015
          20          30   2.0468170206517453E-013
          20          31  -1.8329440333633696E-014
          20          32  -5.8677760213322196E-017
          20          33  -4.5060373757885727E-013
          20          34  -3.0736804728874824E-016
          20          35   2.6104080601807978E-016
          20          36   1.1773517532767594E-015
          20          37   8.9877445729969243E-016
          20          38  -9.2953630324814621E-016
          20          39   2.4485387083187410E-015
          21           1  -2.2036143320674462E-015
          21           2   7.5147348525538161E-015
          21           3   3.4835415801950683E-015
          21           4   6.9638305540478339E-016
