           1           1   2.1288782640466746     
           1           2 -0.54147958549974273     
           1           3  -2.6571411692395489E-015
           1           4  -7.0179256671197497E-015
           1           5   2.9329973358680594E-014
           1           6  0.10268918383574922     
           1           7   5.6150852847807511E-016
           1           8   1.2544850103274334E-015
           1           9  -6.2386880473513220E-016
           1          10   9.4799492257493321E-003
           1          11  -2.2313903376897231E-015
           1          12   7.3438038585756146E-016
           1          13  -3.7204209837110512E-016
           2           1 -0.54147958549974273     
           2           2   2.2763626494671736     
           2           3   5.6598700071106449E-015
           2           4   4.4875890266017556E-014
           2           5  -1.2300981996666454E-013
           2           6 -0.56158077009753748     
           2           7  -4.7179735970334844E-016
           2           8   1.3406215280197933E-015
           2           9   4.6948666929918294E-015
           2          10  -1.2107975108075486E-002
           2          11   7.9776256475363677E-018
           2          12  -1.6709114328411189E-015
           2          13  -3.8929462935958577E-015
           3           1  -2.6571411692395489E-015
           3           2   5.6598700071106449E-015
           3           3   2.0315866228659658     
           3           4   4.4353361796105285E-003
           3           5   7.4570087782831222E-003
           3           6  -9.3670925907221107E-015
           3           7  -8.9551290084963389E-002
           3           8  -2.2844195585802061E-002
           3           9  -3.8407317889516616E-002
           3          10   1.9827260521452934E-014
           3          11   5.3954901700428506E-002
           3          12   2.9519985833244351E-003
           3          13   4.9631140470015505E-003
           4           1  -7.0179256671197497E-015
           4           2   4.4875890266017556E-014
           4           3   4.4353361796105285E-003
           4           4   2.0419136624429317     
           4           5   2.0125569306413411E-002
           4           6  -8.8314768562237984E-014
           4           7  -2.2844195585968091E-002
           4           8 -0.14274069964482744     
           4           9 -0.10365672922105663     
           4          10   1.2642086130386694E-013
           4          11   2.9519985835310108E-003
           4          12   6.0828203982777121E-002
           4          13   1.3394847573540473E-002
           5           1   2.9329973358680594E-014
           5           2  -1.2300981996666454E-013
           5           3   7.4570087782831222E-003
           5           4   2.0125569306413411E-002
           5           5   2.0637797902123349     
           5           6   1.1835515095598420E-013
           5           7  -3.8407317889474282E-002
           5           8 -0.10365672922136153     
           5           9 -0.25536217330749472     
           5          10  -1.0888767658628768E-013
           5          11   4.9631140469301102E-003
           5          12   1.3394847573752207E-002
           5          13   7.5381503944473724E-002
           6           1  0.10268918383574922     
           6           2 -0.56158077009753748     
           6           3  -9.3670925907221107E-015
           6           4  -8.8314768562237984E-014
           6           5   1.1835515095598420E-013
           6           6   2.0443593133179445     
           6           7  -5.5213131576101956E-016
           6           8   4.0413778850214568E-015
           6           9  -1.6533333104601029E-017
           6          10   3.6988485233632101E-002
           6          11   2.5623771145852905E-015
           6          12  -2.5712843525157637E-015
           6          13   1.7294839002589948E-015
           7           1   5.6150852847807511E-016
           7           2  -4.7179735970334844E-016
           7           3  -8.9551290084963389E-002
           7           4  -2.2844195585968091E-002
           7           5  -3.8407317889474282E-002
           7           6  -5.5213131576101956E-016
           7           7   4.8816661750844127E-002
           7           8  0.11778262133359259     
           7           9  0.19802468256806471     
           7          10  -5.2041369498207652E-016
           7          11  -8.4430730483249193E-003
           7          12  -1.5033541204744911E-002
           7          13  -2.5275479448801434E-002
           8           1   1.2544850103274334E-015
           8           2   1.3406215280197933E-015
           8           3  -2.2844195585802061E-002
           8           4 -0.14274069964482744     
           8           5 -0.10365672922136153     
           8           6   4.0413778850214568E-015
           8           7  0.11778262133359259     
           8           8  0.32305648173746643     
           8           9  0.53444478886039914     
           8          10  -1.6179684357907215E-018
           8          11  -1.5033541204743850E-002
           8          12  -4.3446502137177413E-002
           8          13  -6.8215477495925145E-002
           9           1  -6.2386880473513220E-016
           9           2   4.6948666929918294E-015
           9           3  -3.8407317889516616E-002
           9           4 -0.10365672922105663     
           9           5 -0.25536217330749472     
           9           6  -1.6533333104601029E-017
           9           7  0.19802468256806471     
           9           8  0.53444478886039914     
           9           9  0.90372268801482603     
           9          10   3.6953859237891098E-016
           9          11  -2.5275479448801375E-002
           9          12  -6.8215477495924867E-002
           9          13 -0.11756159007999144     
          10           1   9.4799492257493321E-003
          10           2  -1.2107975108075486E-002
          10           3   1.9827260521452934E-014
          10           4   1.2642086130386694E-013
          10           5  -1.0888767658628768E-013
          10           6   3.6988485233632101E-002
          10           7  -5.2041369498207652E-016
          10           8  -1.6179684357907215E-018
          10           9   3.6953859237891098E-016
          10          10   3.9928671716565403E-002
          10          11   6.4715715530444594E-016
          10          12   1.2372238718765393E-015
          10          13  -1.6918668093310272E-015
          11           1  -2.2313903376897231E-015
          11           2   7.9776256475363677E-018
          11           3   5.3954901700428506E-002
          11           4   2.9519985835310108E-003
          11           5   4.9631140469301102E-003
          11           6   2.5623771145852905E-015
          11           7  -8.4430730483249193E-003
          11           8  -1.5033541204743850E-002
          11           9  -2.5275479448801375E-002
          11          10   6.4715715530444594E-016
          11          11   2.3871261435015078E-003
          11          12   1.9197817695009490E-003
          11          13   3.2276763006348357E-003
          12           1   7.3438038585756146E-016
          12           2  -1.6709114328411189E-015
          12           3   2.9519985833244351E-003
          12           4   6.0828203982777121E-002
          12           5   1.3394847573752207E-002
          12           6  -2.5712843525157637E-015
          12           7  -1.5033541204744911E-002
          12           8  -4.3446502137177413E-002
          12           9  -6.8215477495924867E-002
          12          10   1.2372238718765393E-015
          12          11   1.9197817695009490E-003
          12          12   6.8570606798432476E-003
          12          13   8.7111099315032459E-003
          13           1  -3.7204209837110512E-016
          13           2  -3.8929462935958577E-015
          13           3   4.9631140470015505E-003
          13           4   1.3394847573540473E-002
          13           5   7.5381503944473724E-002
          13           6   1.7294839002589948E-015
          13           7  -2.5275479448801434E-002
          13           8  -6.8215477495925145E-002
          13           9 -0.11756159007999144     
          13          10  -1.6918668093310272E-015
          13          11   3.2276763006348357E-003
          13          12   8.7111099315032459E-003
          13          13   1.6321550299420458E-002
