           1           1   2.1238576304911181     
           1           2 -0.52703955014401904     
           1           3   6.5546479757803393E-015
           1           4  -1.4794538126947144E-014
           1           5   1.7382993163578055E-015
           1           6  -1.2798267393980805E-002
           1           7   4.7999312835447296E-015
           1           8   4.4798941177389341E-015
           1           9  -1.2450164622864809E-014
           1          10  0.10278870803211471     
           1          11  -3.5822982822200748E-015
           1          12   1.3857983168510390E-014
           1          13   3.1204727519602739E-015
           2           1 -0.52703955014401904     
           2           2   2.2461004469699262     
           2           3   1.3453904753639313E-014
           2           4   1.4985401172099633E-014
           2           5  -1.1287098770010184E-014
           2           6 -0.11932695412853417     
           2           7  -1.8981417374531849E-014
           2           8  -1.8195058093096357E-014
           2           9  -1.5925962405029041E-014
           2          10 -0.44594925108979311     
           2          11  -1.9277953597058133E-014
           2          12  -2.3487845658764656E-014
           2          13  -3.0878762542936168E-014
           3           1   6.5546479757803393E-015
           3           2   1.3453904753639313E-014
           3           3   1.9307963106003392     
           3           4   1.8454124121731471E-002
           3           5   4.4510745590478681E-003
           3           6  -2.3452488701399818E-014
           3           7  0.13357863843139034     
           3           8  -4.2963399006559717E-002
           3           9  -1.0362631677624821E-002
           3          10  -2.2365221038706715E-014
           3          11 -0.10328683223217727     
           3          12  -5.7292083422295498E-002
           3          13  -1.3818663623272805E-002
           4           1  -1.4794538126947144E-014
           4           2   1.4985401172099633E-014
           4           3   1.8454124121731471E-002
           4           4   1.9396518930285396     
           4           5   5.6453722241880467E-003
           4           6  -6.5913766902174032E-014
           4           7  -4.2963399003285302E-002
           4           8  0.11296178771022146     
           4           9  -1.3143098884880605E-002
           4          10   8.7725358845272233E-015
           4          11  -5.7292083421222557E-002
           4          12 -0.13077959018626256     
           4          13  -1.7526441935950314E-002
           5           1   1.7382993163578055E-015
           5           2  -1.1287098770010184E-014
           5           3   4.4510745590478681E-003
           5           4   5.6453722241880467E-003
           5           5   1.9176078644757559     
           5           6  -5.1573950824417085E-014
           5           7  -1.0362631678184880E-002
           5           8  -1.3143098886527968E-002
           5           9  0.16428291188453281     
           5          10  -5.1883479955578782E-014
           5          11  -1.3818663623114943E-002
           5          12  -1.7526441936050165E-002
           5          13  -6.2342404247305014E-002
           6           1  -1.2798267393980805E-002
           6           2 -0.11932695412853417     
           6           3  -2.3452488701399818E-014
           6           4  -6.5913766902174032E-014
           6           5  -5.1573950824417085E-014
           6           6  0.46343632842804339     
           6           7  -2.4967954361268869E-015
           6           8   3.5404427300971738E-014
           6           9  -1.7886658046371909E-014
           6          10  0.56675696286090915     
           6          11   1.3080841921518814E-014
           6          12   7.5697637386506942E-014
           6          13  -2.1936741919201170E-014
           7           1   4.7999312835447296E-015
           7           2  -1.8981417374531849E-014
           7           3  0.13357863843139034     
           7           4  -4.2963399003285302E-002
           7           5  -1.0362631678184880E-002
           7           6  -2.4967954361268869E-015
           7           7   8.9795355560789381E-002
           7           8   9.5329479778175324E-002
           7           9   2.2993159534333622E-002
           7          10   1.1443066253418779E-014
           7          11  0.10400150619743767     
           7          12  0.13834790740559358     
           7          13   3.3369063942848422E-002
           8           1   4.4798941177389341E-015
           8           2  -1.8195058093096357E-014
           8           3  -4.2963399006559717E-002
           8           4  0.11296178771022146     
           8           5  -1.3143098886527968E-002
           8           6   3.5404427300971738E-014
           8           7   9.5329479778175324E-002
           8           8  0.13554112283104500     
           8           9   2.9162608377834798E-002
           8          10   7.4952680239111372E-014
           8          11  0.13834790741192746     
           8          12  0.17039053076111280     
           8          13   4.2322541287508696E-002
           9           1  -1.2450164622864809E-014
           9           2  -1.5925962405029041E-014
           9           3  -1.0362631677624821E-002
           9           4  -1.3143098884880605E-002
           9           5  0.16428291188453281     
           9           6  -1.7886658046371909E-014
           9           7   2.2993159534333622E-002
           9           8   2.9162608377834798E-002
           9           9   2.1667076989943489E-002
           9          10  -1.4781018171199478E-014
           9          11   3.3369063941649783E-002
           9          12   4.2322541284055236E-002
           9          13   5.1296273455770595E-003
          10           1  0.10278870803211471     
          10           2 -0.44594925108979311     
          10           3  -2.2365221038706715E-014
          10           4   8.7725358845272233E-015
          10           5  -5.1883479955578782E-014
          10           6  0.56675696286090915     
          10           7   1.1443066253418779E-014
          10           8   7.4952680239111372E-014
          10           9  -1.4781018171199478E-014
          10          10  0.73550824710255946     
          10          11   3.9545092135117149E-014
          10          12   1.2083608820026065E-013
          10          13  -1.4344181453118274E-014
          11           1  -3.5822982822200748E-015
          11           2  -1.9277953597058133E-014
          11           3 -0.10328683223217727     
          11           4  -5.7292083421222557E-002
          11           5  -1.3818663623114943E-002
          11           6   1.3080841921518814E-014
          11           7  0.10400150619743767     
          11           8  0.13834790741192746     
          11           9   3.3369063941649783E-002
          11          10   3.9545092135117149E-014
          11          11  0.15890034740491416     
          11          12  0.19930056993846215     
          11          13   4.8070647304328480E-002
          12           1   1.3857983168510390E-014
          12           2  -2.3487845658764656E-014
          12           3  -5.7292083422295498E-002
          12           4 -0.13077959018626256     
          12           5  -1.7526441936050165E-002
          12           6   7.5697637386506942E-014
          12           7  0.13834790740559358     
          12           8  0.17039053076111280     
          12           9   4.2322541284055236E-002
          12          10   1.2083608820026065E-013
          12          11  0.19930056993846215     
          12          12  0.25453873239678437     
          12          13   6.0968805077489280E-002
          13           1   3.1204727519602739E-015
          13           2  -3.0878762542936168E-014
          13           3  -1.3818663623272805E-002
          13           4  -1.7526441935950314E-002
          13           5  -6.2342404247305014E-002
          13           6  -2.1936741919201170E-014
          13           7   3.3369063942848422E-002
          13           8   4.2322541287508696E-002
          13           9   5.1296273455770595E-003
          13          10  -1.4344181453118274E-014
          13          11   4.8070647304328480E-002
          13          12   6.0968805077489280E-002
          13          13   1.6467966781216030E-002
