           1           1   2.1490912717805357     
           1           2 -0.58713324561058244     
           1           3   3.6036860655337992E-015
           1           4  -1.2911273666506569E-014
           1           5  -1.2922547357122304E-014
           1           6  -8.1608364921779419E-003
           1           7   1.2820432480389434E-014
           1           8   7.7264854553038754E-015
           1           9   1.8646753338248759E-015
           1          10  0.12776472584113552     
           1          11  -1.2765923650473800E-014
           1          12   8.3590077733705208E-015
           1          13   1.6774293937867012E-015
           2           1 -0.58713324561058244     
           2           2   2.4406151156913287     
           2           3  -1.0101485585427606E-014
           2           4  -9.6607266162985811E-015
           2           5  -1.7148019278570042E-017
           2           6 -0.40136492916621808     
           2           7   8.4095916816105226E-015
           2           8   1.0843333433833915E-015
           2           9  -1.6076545173765967E-014
           2          10 -0.57472288915972136     
           2          11  -4.8141836079805806E-015
           2          12   6.7435232520710184E-015
           2          13   3.0787192409090397E-015
           3           1   3.6036860655337992E-015
           3           2  -1.0101485585427606E-014
           3           3   2.0789643569658782     
           3           4   4.1529280014884762E-015
           3           5  -7.7281930854766756E-016
           3           6   1.6961440448251749E-015
           3           7 -0.24802080093814965     
           3           8  -1.0802990446645566E-015
           3           9   6.3872518385466037E-015
           3          10   8.5140618585781786E-016
           3          11 -0.32925455012508664     
           3          12   1.8171228410857054E-016
           3          13  -6.0784710598227321E-015
           4           1  -1.2911273666506569E-014
           4           2  -9.6607266162985811E-015
           4           3   4.1529280014884762E-015
           4           4   2.0789643569658738     
           4           5  -2.6489227478165844E-015
           4           6   8.5787966703027698E-015
           4           7  -1.0277369233424594E-014
           4           8 -0.24802080093814582     
           4           9   6.3976601794024646E-015
           4          10   1.0735626153198834E-014
           4          11   7.3261709199190506E-015
           4          12 -0.32925455012508720     
           4          13  -4.4530351628324638E-015
           5           1  -1.2922547357122304E-014
           5           2  -1.7148019278570042E-017
           5           3  -7.7281930854766756E-016
           5           4  -2.6489227478165844E-015
           5           5   2.0789643569658747     
           5           6  -5.2344220433642590E-015
           5           7  -6.7168492989821971E-015
           5           8   2.7738228380869145E-015
           5           9 -0.24802080093814685     
           5          10   2.4295003265411604E-016
           5          11   7.5304346092153196E-015
           5          12  -1.7173762412170390E-015
           5          13 -0.32925455012508936     
           6           1  -8.1608364921779419E-003
           6           2 -0.40136492916621808     
           6           3   1.6961440448251749E-015
           6           4   8.5787966703027698E-015
           6           5  -5.2344220433642590E-015
           6           6  0.90857845122750713     
           6           7   5.1442849395848591E-016
           6           8   7.8109948644781214E-015
           6           9  -3.4634972852442555E-015
           6          10  0.60944899459171364     
           6          11   1.6066116414608323E-015
           6          12   5.4582638224154414E-015
           6          13  -4.2595298552066287E-015
           7           1   1.2820432480389434E-014
           7           2   8.4095916816105226E-015
           7           3 -0.24802080093814965     
           7           4  -1.0277369233424594E-014
           7           5  -6.7168492989821971E-015
           7           6   5.1442849395848591E-016
           7           7  0.89077452347059860     
           7           8   1.6150275561344074E-015
           7           9   1.1796119636642288E-016
           7          10   4.3909482998042414E-015
           7          11  0.63035232543175024     
           7          12   7.9450335199737765E-016
           7          13   2.0816681711721685E-016
           8           1   7.7264854553038754E-015
           8           2   1.0843333433833915E-015
           8           3  -1.0802990446645566E-015
           8           4 -0.24802080093814582     
           8           5   2.7738228380869145E-015
           8           6   7.8109948644781214E-015
           8           7   1.6150275561344074E-015
           8           8  0.89077452347059749     
           8           9  -1.2281842209915794E-015
           8          10   5.6398048065895198E-015
           8          11   8.1532003370909933E-017
           8          12  0.63035232543175046     
           8          13  -1.4779844015322396E-015
           9           1   1.8646753338248759E-015
           9           2  -1.6076545173765967E-014
           9           3   6.3872518385466037E-015
           9           4   6.3976601794024646E-015
           9           5 -0.24802080093814685     
           9           6  -3.4634972852442555E-015
           9           7   1.1796119636642288E-016
           9           8  -1.2281842209915794E-015
           9           9  0.89077452347060393     
           9          10  -6.7619126702357457E-016
           9          11   0.0000000000000000     
           9          12   9.4022012397942945E-016
           9          13  0.63035232543174846     
          10           1  0.12776472584113552     
          10           2 -0.57472288915972136     
          10           3   8.5140618585781786E-016
          10           4   1.0735626153198834E-014
          10           5   2.4295003265411604E-016
          10           6  0.60944899459171364     
          10           7   4.3909482998042414E-015
          10           8   5.6398048065895198E-015
          10           9  -6.7619126702357457E-016
          10          10  0.45147199971398927     
          10          11   4.6812691929425922E-015
          10          12   2.8948985615961776E-015
          10          13  -3.7072055170782388E-015
          11           1  -1.2765923650473800E-014
          11           2  -4.8141836079805806E-015
          11           3 -0.32925455012508664     
          11           4   7.3261709199190506E-015
          11           5   7.5304346092153196E-015
          11           6   1.6066116414608323E-015
          11           7  0.63035232543175024     
          11           8   8.1532003370909933E-017
          11           9   0.0000000000000000     
          11          10   4.6812691929425922E-015
          11          11  0.45782612882044732     
          11          12  -1.3695641842836892E-015
          11          13  -3.1225022567582528E-017
          12           1   8.3590077733705208E-015
          12           2   6.7435232520710184E-015
          12           3   1.8171228410857054E-016
          12           4 -0.32925455012508720     
          12           5  -1.7173762412170390E-015
          12           6   5.4582638224154414E-015
          12           7   7.9450335199737765E-016
          12           8  0.63035232543175046     
          12           9   9.4022012397942945E-016
          12          10   2.8948985615961776E-015
          12          11  -1.3695641842836892E-015
          12          12  0.45782612882044860     
          12          13   1.1900203045200897E-015
          13           1   1.6774293937867012E-015
          13           2   3.0787192409090397E-015
          13           3  -6.0784710598227321E-015
          13           4  -4.4530351628324638E-015
          13           5 -0.32925455012508936     
          13           6  -4.2595298552066287E-015
          13           7   2.0816681711721685E-016
          13           8  -1.4779844015322396E-015
          13           9  0.63035232543174846     
          13          10  -3.7072055170782388E-015
          13          11  -3.1225022567582528E-017
          13          12   1.1900203045200897E-015
          13          13  0.45782612882044316     
