           1           1   2.1528818548089230     
           1           2 -0.60955935637371272     
           1           3  -3.7934323394888002E-015
           1           4  -1.4139491224298880E-015
           1           5  -9.5477727358971167E-015
           1           6   6.0396589146555303E-002
           1           7   1.9853730031520582E-015
           1           8  -3.5650003701412476E-016
           1           9  -1.1489466786533790E-015
           1          10   7.6041722324592970E-002
           1          11  -8.7545653758680671E-016
           1          12   5.9417345839174032E-016
           1          13   2.1234670288147857E-015
           2           1 -0.60955935637371272     
           2           2   2.5708786316422856     
           2           3   1.1569137420901299E-014
           2           4   8.1168894898241772E-016
           2           5   3.1190837379290683E-014
           2           6 -0.77152716743340788     
           2           7  -5.5502536682681024E-015
           2           8  -8.2490413574469100E-016
           2           9   1.6515418875507077E-015
           2          10 -0.31754818419135267     
           2          11   6.3872135455568948E-016
           2          12  -2.3143287840428547E-015
           2          13  -9.3625952350641537E-016
           3           1  -3.7934323394888002E-015
           3           2   1.1569137420901299E-014
           3           3   2.1822916103488028     
           3           4  -2.2551405187698492E-016
           3           5   6.4098032437343022E-016
           3           6  -3.1059693429813483E-015
           3           7 -0.53699829695227841     
           3           8   1.1657341758564144E-015
           3           9  -2.6281060661048627E-015
           3          10  -1.2212327161715841E-015
           3          11 -0.14052485953262700     
           3          12  -2.9750507613002242E-016
           3          13   1.2310573567486660E-015
           4           1  -1.4139491224298880E-015
           4           2   8.1168894898241772E-016
           4           3  -2.2551405187698492E-016
           4           4   2.1822916103488024     
           4           5   5.7939764097625357E-016
           4           6  -2.0819251584624517E-015
           4           7  -2.0816681711721685E-016
           4           8 -0.53699829695227497     
           4           9   9.0899510141184692E-016
           4          10  -4.4331185368011162E-017
           4          11   7.2207864687534595E-016
           4          12 -0.14052485953262681     
           4          13  -1.2871648191747909E-015
           5           1  -9.5477727358971167E-015
           5           2   3.1190837379290683E-014
           5           3   6.4098032437343022E-016
           5           4   5.7939764097625357E-016
           5           5   2.1822916103488055     
           5           6   2.9927032381149270E-015
           5           7   2.5899421496333730E-015
           5           8  -1.3877787807814457E-015
           5           9 -0.53699829695228041     
           5          10   3.6000284221342519E-016
           5          11  -3.2440413202938778E-015
           5          12  -1.9042926957535400E-015
           5          13 -0.14052485953262403     
           6           1   6.0396589146555303E-002
           6           2 -0.77152716743340788     
           6           3  -3.1059693429813483E-015
           6           4  -2.0819251584624517E-015
           6           5   2.9927032381149270E-015
           6           6   1.6282814752907466     
           6           7   5.1247359496312537E-015
           6           8   7.3875347906567309E-015
           6           9  -2.8160761221113757E-015
           6          10  0.39080145822929213     
           6          11   2.9012989205526430E-015
           6          12   1.4498735730683027E-015
           6          13  -4.7388558161549245E-015
           7           1   1.9853730031520582E-015
           7           2  -5.5502536682681024E-015
           7           3 -0.53699829695227841     
           7           4  -2.0816681711721685E-016
           7           5   2.5899421496333730E-015
           7           6   5.1247359496312537E-015
           7           7   1.5980672994598593     
           7           8  -1.0547118733938987E-015
           7           9  -2.3592239273284576E-016
           7          10   2.4677612878580224E-015
           7          11  0.35964654553702868     
           7          12   8.9858676055598607E-016
           7          13   6.3751087742147661E-016
           8           1  -3.5650003701412476E-016
           8           2  -8.2490413574469100E-016
           8           3   1.1657341758564144E-015
           8           4 -0.53699829695227497     
           8           5  -1.3877787807814457E-015
           8           6   7.3875347906567309E-015
           8           7  -1.0547118733938987E-015
           8           8   1.5980672994598439     
           8           9  -2.0400348077487251E-015
           8          10  -1.3420089598814079E-015
           8          11   3.7643499428696714E-016
           8          12  0.35964654553703423     
           8          13   8.5001450322863548E-016
           9           1  -1.1489466786533790E-015
           9           2   1.6515418875507077E-015
           9           3  -2.6281060661048627E-015
           9           4   9.0899510141184692E-016
           9           5 -0.53699829695228041     
           9           6  -2.8160761221113757E-015
           9           7  -2.3592239273284576E-016
           9           8  -2.0400348077487251E-015
           9           9   1.5980672994598499     
           9          10   1.9145781437081030E-015
           9          11  -4.6468905112728720E-016
           9          12   1.7173762412170390E-016
           9          13  0.35964654553703168     
          10           1   7.6041722324592970E-002
          10           2 -0.31754818419135267     
          10           3  -1.2212327161715841E-015
          10           4  -4.4331185368011162E-017
          10           5   3.6000284221342519E-016
          10           6  0.39080145822929213     
          10           7   2.4677612878580224E-015
          10           8  -1.3420089598814079E-015
          10           9   1.9145781437081030E-015
          10          10  0.16954077451190408     
          10          11   1.6724492953360314E-015
          10          12  -1.9288653847539655E-016
          10          13   1.9070552976223392E-015
          11           1  -8.7545653758680671E-016
          11           2   6.3872135455568948E-016
          11           3 -0.14052485953262700     
          11           4   7.2207864687534595E-016
          11           5  -3.2440413202938778E-015
          11           6   2.9012989205526430E-015
          11           7  0.35964654553702868     
          11           8   3.7643499428696714E-016
          11           9  -4.6468905112728720E-016
          11          10   1.6724492953360314E-015
          11          11  0.14631306202522038     
          11          12   4.4994390158148434E-017
          11          13  -3.0058149979445004E-016
          12           1   5.9417345839174032E-016
          12           2  -2.3143287840428547E-015
          12           3  -2.9750507613002242E-016
          12           4 -0.14052485953262681     
          12           5  -1.9042926957535400E-015
          12           6   1.4498735730683027E-015
          12           7   8.9858676055598607E-016
          12           8  0.35964654553703423     
          12           9   1.7173762412170390E-016
          12          10  -1.9288653847539655E-016
          12          11   4.4994390158148434E-017
          12          12  0.14631306202522290     
          12          13   3.0910603937561731E-016
          13           1   2.1234670288147857E-015
          13           2  -9.3625952350641537E-016
          13           3   1.2310573567486660E-015
          13           4  -1.2871648191747909E-015
          13           5 -0.14052485953262403     
          13           6  -4.7388558161549245E-015
          13           7   6.3751087742147661E-016
          13           8   8.5001450322863548E-016
          13           9  0.35964654553703168     
          13          10   1.9070552976223392E-015
          13          11  -3.0058149979445004E-016
          13          12   3.0910603937561731E-016
          13          13  0.14631306202522251     
