           1           1   2.0591892555123024     
           1           2   2.4880953203571685E-002
           1           3   1.3003812655344401E-014
           1           4  -1.2189561290133384E-015
           1           5   3.4704718932847721E-015
           1           6 -0.41039364312504273     
           1           7   3.2963843844406697E-015
           1           8   8.6008919853433080E-015
           1           9  -4.3973984414589914E-015
           2           1   2.4880953203571685E-002
           2           2  0.17931648159562064     
           2           3   3.6139285624299000E-016
           2           4   2.4841831581356597E-016
           2           5  -7.4405925249942338E-016
           2           6  0.44315708927163955     
           2           7  -2.5233712086771179E-017
           2           8   3.9461073478558078E-016
           2           9   3.5147954483542353E-016
           3           1   1.3003812655344401E-014
           3           2   3.6139285624299000E-016
           3           3  0.26641297640344541     
           3           4  -7.6891849565752764E-003
           3           5  -8.5251934594435197E-002
           3           6  -1.7894298022324054E-015
           3           7  0.29140080351909187     
           3           8  -8.4103811496021828E-003
           3           9  -9.3248018838072891E-002
           4           1  -1.2189561290133384E-015
           4           2   2.4841831581356597E-016
           4           3  -7.6891849565752764E-003
           4           4   2.2192449517507404E-004
           4           5   2.4605328984042421E-003
           4           6   1.0196607894452893E-015
           4           7  -8.4103811496021846E-003
           4           8   2.4273958831739942E-004
           4           9   2.6913150904269742E-003
           5           1   3.4704718932847721E-015
           5           2  -7.4405925249942338E-016
           5           3  -8.5251934594435197E-002
           5           4   2.4605328984042421E-003
           5           5   2.7280549356903865E-002
           5           6  -3.2011565912362803E-015
           5           7  -9.3248018838072655E-002
           5           8   2.6913150904269668E-003
           5           9   2.9839289776206424E-002
           6           1 -0.41039364312504273     
           6           2  0.44315708927163955     
           6           3  -1.7894298022324054E-015
           6           4   1.0196607894452893E-015
           6           5  -3.2011565912362803E-015
           6           6   1.2079256320378482     
           6           7  -1.8352894205789902E-016
           6           8  -8.1503932835334560E-016
           6           9   1.5127512678229533E-015
           7           1   3.2963843844406697E-015
           7           2  -2.5233712086771179E-017
           7           3  0.29140080351909187     
           7           4  -8.4103811496021846E-003
           7           5  -9.3248018838072655E-002
           7           6  -1.8352894205789902E-016
           7           7  0.31873232842450316     
           7           8  -9.1992209162684180E-003
           7           9 -0.10199408445791623     
           8           1   8.6008919853433080E-015
           8           2   3.9461073478558078E-016
           8           3  -8.4103811496021828E-003
           8           4   2.4273958831739942E-004
           8           5   2.6913150904269668E-003
           8           6  -8.1503932835334560E-016
           8           7  -9.1992209162684180E-003
           8           8   2.6550700358704055E-004
           8           9   2.9437431706999056E-003
           9           1  -4.3973984414589914E-015
           9           2   3.5147954483542353E-016
           9           3  -9.3248018838072891E-002
           9           4   2.6913150904269742E-003
           9           5   2.9839289776206424E-002
           9           6   1.5127512678229533E-015
           9           7 -0.10199408445791623     
           9           8   2.9437431706999056E-003
           9           9   3.2638023622610396E-002
