           1           1   2.0644066313121749     
           1           2   5.2807517904354985E-002
           1           3  -3.5484615702686692E-010
           1           4  -2.8560096016976699E-010
           1           5  -1.5516291258128040E-010
           1           6 -0.41182191865056861     
           1           7  -5.8982545151876059E-010
           1           8  -1.1100049025522403E-010
           1           9  -1.6282444535442770E-010
           2           1   5.2807517904354985E-002
           2           2  0.11687654448072091     
           2           3   5.4522628968023318E-010
           2           4  -3.2541632096027459E-010
           2           5   3.8562103937149576E-011
           2           6  0.37280613152487185     
           2           7   9.5565351247683045E-010
           2           8  -5.6445581910851036E-010
           2           9   6.9245092026294809E-011
           3           1  -3.5484615702686692E-010
           3           2   5.4522628968023318E-010
           3           3   2.4471766672694540E-017
           3           4  -1.4389795064740497E-017
           3           5   2.2345454823487065E-018
           3           6   1.9100600201569265E-009
           3           7   2.7243656813254052E-017
           3           8  -1.6023565698877235E-017
           3           9   2.4516164877673787E-018
           4           1  -2.8560096016976699E-010
           4           2  -3.2541632096027459E-010
           4           3  -1.4389795064740497E-017
           4           4   8.5809870126411210E-018
           4           5  -1.2852049416712805E-018
           4           6  -9.9857123833267803E-010
           4           7  -1.5939364016911954E-017
           4           8   9.4858193179471623E-018
           4           9  -1.4093001144217824E-018
           5           1  -1.5516291258128040E-010
           5           2   3.8562103937149576E-011
           5           3   2.2345454823487065E-018
           5           4  -1.2852049416712805E-018
           5           5   2.1191895601737196E-019
           5           6   1.7207817199843685E-010
           5           7   2.4730827844409386E-018
           5           8  -1.4280859334705532E-018
           5           9   2.3009002219096994E-019
           6           1 -0.41182191865056861     
           6           2  0.37280613152487185     
           6           3   1.9100600201569265E-009
           6           4  -9.9857123833267803E-010
           6           5   1.7207817199843685E-010
           6           6   1.3541637774699233     
           6           7   3.3387698433633542E-009
           6           8  -1.8414084430981010E-009
           6           9   2.7606986831577662E-010
           7           1  -5.8982545151876059E-010
           7           2   9.5565351247683045E-010
           7           3   2.7243656813254052E-017
           7           4  -1.5939364016911954E-017
           7           5   2.4730827844409386E-018
           7           6   3.3387698433633542E-009
           7           7   3.1568354024710156E-017
           7           8  -1.8485571937314904E-017
           7           9   2.8046325027764653E-018
           8           1  -1.1100049025522403E-010
           8           2  -5.6445581910851036E-010
           8           3  -1.6023565698877235E-017
           8           4   9.4858193179471623E-018
           8           5  -1.4280859334705532E-018
           8           6  -1.8414084430981010E-009
           8           7  -1.8485571937314904E-017
           8           8   1.0927463914034188E-017
           8           9  -1.6192793782069721E-018
           9           1  -1.6282444535442770E-010
           9           2   6.9245092026294809E-011
           9           3   2.4516164877673787E-018
           9           4  -1.4093001144217824E-018
           9           5   2.3009002219096994E-019
           9           6   2.7606986831577662E-010
           9           7   2.8046325027764653E-018
           9           8  -1.6192793782069721E-018
           9           9   2.5675485334787799E-019
