           1           1   2.1921284067859768     
           1           2 -0.70916303325839947     
           1           3  -1.4508895338830488E-014
           1           4   3.7063798727622901E-014
           1           5   3.7672344971110720E-014
           1           6  0.22184772344263037     
           1           7   2.9368398298648908E-014
           1           8  -5.3448652764517319E-014
           1           9  -2.9237713248508861E-014
           1          10  -5.7578135728093512E-002
           1          11  -2.3538699576315446E-016
           1          12   1.0783429193127264E-015
           1          13  -1.4145201155829159E-015
           1          14  -1.6065637977810077E-002
           1          15   6.3646680267291767E-016
           1          16  -2.1491053617059957E-015
           1          17   7.3469852189259225E-016
           1          18   1.4206622113869555E-002
           1          19   3.9151183189547128E-016
           1          20   1.4206622113872434E-002
           1          21   6.4368497920271951E-016
           1          22   2.8547324520996424E-016
           1          23   1.4206622113874613E-002
           2           1 -0.70916303325839947     
           2           2   2.6216226154047391     
           2           3   5.6148519779686933E-014
           2           4  -1.4183046322183860E-013
           2           5  -1.2676531705547560E-013
           2           6  -1.1015348575116526     
           2           7  -1.2548839017802120E-013
           2           8   2.3348215368792328E-013
           2           9   1.2980416818012887E-013
           2          10  0.28721938929814650     
           2          11   1.6937263335093914E-015
           2          12  -4.4509887619200097E-015
           2          13   3.5524177815708889E-015
           2          14   6.0858536711162675E-002
           2          15  -3.0347233466719484E-015
           2          16   8.0769929289209256E-015
           2          17   5.6404069264343134E-016
           2          18   2.0200325568640556E-002
           2          19   1.4852832688723799E-015
           2          20   2.0200325568623962E-002
           2          21  -2.4581807798770118E-015
           2          22  -4.1419404437305205E-016
           2          23   2.0200325568627941E-002
           3           1  -1.4508895338830488E-014
           3           2   5.6148519779686933E-014
           3           3   2.3492907259905382     
           3           4   2.0570866277028967E-003
           3           5   4.3827311980795119E-003
           3           6   1.0214706910971959E-013
           3           7 -0.97761972927313456     
           3           8  -6.7625435146685172E-003
           3           9  -1.4407954454124166E-002
           3          10   7.6805144284663014E-014
           3          11  0.25895839065389814     
           3          12   1.2913579087484070E-002
           3          13   2.7513059092206638E-002
           3          14  -1.6782145014520901E-014
           3          15   1.9713610643510585E-002
           3          16   5.6050330511994480E-003
           3          17   1.1941817563360888E-002
           3          18  -1.5027890276784732E-013
           3          19  -5.3362262045842634E-014
           3          20  -1.1333477445446508E-013
           3          21   1.3776264521120064E-014
           3          22   4.2620742833092940E-014
           3          23   4.5170354628138508E-014
           4           1   3.7063798727622901E-014
           4           2  -1.4183046322183860E-013
           4           3   2.0570866277028967E-003
           4           4   2.3482080618091281     
           4           5  -5.6852806265539190E-003
           4           6  -2.8635422211003996E-013
           4           7  -6.7625435146513859E-003
           4           8 -0.97406053855169195     
           4           9   1.8690004160452741E-002
           4          10  -1.6799099297783285E-013
           4          11   1.2913579087425197E-002
           4          12  0.25216185163435534     
           4          13  -3.5689951029288257E-002
           4          14   4.7721192355201603E-014
           4          15   5.6050330513978579E-003
           4          16   1.6763628645608812E-002
           4          17  -1.5490930419971649E-002
           4          18   3.3717906211499352E-013
           4          19   9.7386039767445530E-014
           4          20   2.5560344307080991E-013
           4          21  -3.1046425571051623E-014
           4          22  -8.9367861665811266E-014
           4          23  -5.4269900378274478E-014
           5           1   3.7672344971110720E-014
           5           2  -1.2676531705547560E-013
           5           3   4.3827311980795119E-003
           5           4  -5.6852806265539190E-003
           5           5   2.3387637261471550     
           5           6  -1.2411275284350589E-013
           5           7  -1.4407954454127098E-002
           5           8   1.8690004160461550E-002
           5           9 -0.94301287627956554     
           5          10  -8.2173738454980337E-014
           5          11   2.7513059092251720E-002
           5          12  -3.5689951029390293E-002
           5          13  0.19287403465171515     
           5          14   1.0520968832250011E-014
           5          15   1.1941817563422118E-002
           5          16  -1.5490930419896912E-002
           5          17  -8.9697618786581598E-003
           5          18   1.7396079148381204E-013
           5          19   7.0767254442636215E-014
           5          20   1.2255966299563577E-013
           5          21  -1.9962431348032354E-014
           5          22  -5.3350631371829141E-014
           5          23  -6.7030817542523415E-014
           6           1  0.22184772344263037     
           6           2  -1.1015348575116526     
           6           3   1.0214706910971959E-013
           6           4  -2.8635422211003996E-013
           6           5  -1.2411275284350589E-013
           6           6   3.4638756599273206     
           6           7  -3.2861448765084062E-013
           6           8   6.9450144305494225E-013
           6           9   4.1983493777291928E-013
           6          10 -0.82410641079497482     
           6          11   1.1016224833977544E-014
           6          12  -1.5156578956255116E-014
           6          13  -1.5918359850133056E-014
           6          14 -0.17953392299524043     
           6          15  -9.2210363023260829E-015
           6          16   1.8150762365284780E-014
           6          17   1.6012540446312995E-014
           6          18 -0.23406424050114957     
           6          19   2.2620624519484335E-015
           6          20 -0.23406424050123206     
           6          21   4.2728132872589745E-015
           6          22   1.0708284122982742E-014
           6          23 -0.23406424050125230     
           7           1   2.9368398298648908E-014
           7           2  -1.2548839017802120E-013
           7           3 -0.97761972927313456     
           7           4  -6.7625435146513859E-003
           7           5  -1.4407954454127098E-002
           7           6  -3.2861448765084062E-013
           7           7   2.7561085238264411     
           7           8   2.2231438468271102E-002
           7           9   4.7365248328051397E-002
           7          10  -1.8912246940608079E-013
           7          11 -0.90545799640312974     
           7          12  -4.2452582858303417E-002
           7          13  -9.0447459444503719E-002
           7          14   4.9546150070440931E-014
           7          15  -6.7997974515227586E-002
           7          16  -1.8426195280003502E-002
           7          17  -3.9257977680129036E-002
           7          18   4.1356866726398590E-013
           7          19   1.0798629316263343E-013
           7          20   3.2513456289968733E-013
           7          21  -2.5595365211561026E-014
           7          22  -9.0032106721259472E-014
           7          23  -7.5031688588646754E-014
           8           1  -5.3448652764517319E-014
           8           2   2.3348215368792328E-013
           8           3  -6.7625435146685172E-003
           8           4 -0.97406053855169195     
           8           5   1.8690004160461550E-002
           8           6   6.9450144305494225E-013
           8           7   2.2231438468271102E-002
           8           8   2.7444079071355958     
           8           9  -6.1442218680722770E-002
           8          10   3.8224019811630094E-013
           8          11  -4.2452582858153690E-002
           8          12 -0.88311479984066488     
           8          13  0.11732847981316065     
           8          14  -1.0772413605715179E-013
           8          15  -1.8426195280483393E-002
           8          16  -5.8300093366311381E-002
           8          17   5.0925464021247008E-002
           8          18  -8.3255186734301212E-013
           8          19  -2.1834617755053911E-013
           8          20  -6.4014010608601144E-013
           8          21   6.1931025644796558E-014
           8          22   1.8378692821028044E-013
           8          23   1.4369823483052809E-013
           9           1  -2.9237713248508861E-014
           9           2   1.2980416818012887E-013
           9           3  -1.4407954454124166E-002
           9           4   1.8690004160452741E-002
           9           5 -0.94301287627956554     
           9           6   4.1983493777291928E-013
           9           7   4.7365248328051397E-002
           9           8  -6.1442218680722770E-002
           9           9   2.6423406610036384     
           9          10   2.2054761885627311E-013
           9          11  -9.0447459444529088E-002
           9          12  0.11732847981339849     
           9          13 -0.68820981293537786     
           9          14  -5.6790762137756847E-014
           9          15  -3.9257977680329369E-002
           9          16   5.0925464021086393E-002
           9          17   2.6296817068459964E-002
           9          18  -4.9015738743395329E-013
           9          19  -1.2901421864422911E-013
           9          20  -3.8332203037211034E-013
           9          21   3.5150828964803036E-014
           9          22   1.0895949250093182E-013
           9          23   8.6972029472519505E-014
          10           1  -5.7578135728093512E-002
          10           2  0.28721938929814650     
          10           3   7.6805144284663014E-014
          10           4  -1.6799099297783285E-013
          10           5  -8.2173738454980337E-014
          10           6 -0.82410641079497482     
          10           7  -1.8912246940608079E-013
          10           8   3.8224019811630094E-013
          10           9   2.2054761885627311E-013
          10          10   1.3635862865447668     
          10          11   2.4753389288358739E-015
          10          12  -4.6471088437960493E-015
          10          13   4.1371100829357063E-015
          10          14  0.36553093421043331     
          10          15  -6.3885425724537398E-015
          10          16   8.0571329006038552E-015
          10          17   5.9060832958196905E-015
          10          18  0.12849186184498534     
          10          19   2.3296935250115445E-015
          10          20  0.12849186184494921     
          10          21  -2.4697768979705191E-015
          10          22   4.1126731721798278E-015
          10          23  0.12849186184495981     
          11           1  -2.3538699576315446E-016
          11           2   1.6937263335093914E-015
          11           3  0.25895839065389814     
          11           4   1.2913579087425197E-002
          11           5   2.7513059092251720E-002
          11           6   1.1016224833977544E-014
          11           7 -0.90545799640312974     
          11           8  -4.2452582858153690E-002
          11           9  -9.0447459444529088E-002
          11          10   2.4753389288358739E-015
          11          11   1.7232236455706746     
          11          12   8.1066359871931115E-002
          11          13  0.17271614123750442     
          11          14  -6.1415461589301481E-015
          11          15  0.30258045901489455     
          11          16   3.5186188379435698E-002
          11          17   7.4966024024666456E-002
          11          18  -1.0394590801809461E-014
          11          19  -2.8684590663569960E-015
          11          20  -2.9384505326609219E-015
          11          21  -1.3025887259254214E-015
          11          22  -5.1906511413771198E-016
          11          23  -1.5962351649532548E-015
          12           1   1.0783429193127264E-015
          12           2  -4.4509887619200097E-015
          12           3   1.2913579087484070E-002
          12           4  0.25216185163435534     
          12           5  -3.5689951029390293E-002
          12           6  -1.5156578956255116E-014
          12           7  -4.2452582858303417E-002
          12           8 -0.88311479984066488     
          12           9  0.11732847981339849     
          12          10  -4.6471088437960493E-015
          12          11   8.1066359871931115E-002
          12          12   1.6805576523317152     
          12          13 -0.22404744605385010     
          12          14   6.9409169141936009E-015
          12          15   3.5186188379447925E-002
          12          16  0.28406163471007240     
          12          17  -9.7245955723627861E-002
          12          18   2.2606560194872838E-014
          12          19   2.1094926785806434E-015
          12          20   2.6194509786177467E-015
          12          21  -4.6009109790084700E-017
          12          22  -3.6082505096131530E-015
          12          23   2.3551450524151842E-015
          13           1  -1.4145201155829159E-015
          13           2   3.5524177815708889E-015
          13           3   2.7513059092206638E-002
          13           4  -3.5689951029288257E-002
          13           5  0.19287403465171515     
          13           6  -1.5918359850133056E-014
          13           7  -9.0447459444503719E-002
          13           8  0.11732847981316065     
          13           9 -0.68820981293537786     
          13          10   4.1371100829357063E-015
          13          11  0.17271614123750442     
          13          12 -0.22404744605385010     
          13          13   1.3083721044677996     
          13          14  -3.7676656412425142E-015
          13          15   7.4966024024654868E-002
          13          16  -9.7245955723610347E-002
          13          17  0.12251755132051947     
          13          18   1.4552846981127308E-014
          13          19   5.6007736504909932E-015
          13          20   6.8260436791898818E-015
          13          21  -1.9879382282993256E-015
          13          22  -3.1786969793744364E-015
          13          23  -2.6262834750799178E-015
          14           1  -1.6065637977810077E-002
          14           2   6.0858536711162675E-002
          14           3  -1.6782145014520901E-014
          14           4   4.7721192355201603E-014
          14           5   1.0520968832250011E-014
          14           6 -0.17953392299524043     
          14           7   4.9546150070440931E-014
          14           8  -1.0772413605715179E-013
          14           9  -5.6790762137756847E-014
          14          10  0.36553093421043331     
          14          11  -6.1415461589301481E-015
          14          12   6.9409169141936009E-015
          14          13  -3.7676656412425142E-015
          14          14  0.15113742321704535     
          14          15  -3.7075799659923612E-019
          14          16  -1.6647907779553629E-015
          14          17  -2.5777879699807463E-015
          14          18   2.3747599068372729E-002
          14          19  -3.0406639305181208E-015
          14          20   2.3747599068394545E-002
          14          21   1.3295389341515337E-015
          14          22  -1.6328603744781198E-015
          14          23   2.3747599068379754E-002
          15           1   6.3646680267291767E-016
          15           2  -3.0347233466719484E-015
          15           3   1.9713610643510585E-002
          15           4   5.6050330513978579E-003
          15           5   1.1941817563422118E-002
          15           6  -9.2210363023260829E-015
          15           7  -6.7997974515227586E-002
          15           8  -1.8426195280483393E-002
          15           9  -3.9257977680329369E-002
          15          10  -6.3885425724537398E-015
          15          11  0.30258045901489455     
          15          12   3.5186188379447925E-002
          15          13   7.4966024024654868E-002
          15          14  -3.7075799659923612E-019
          15          15  0.11586467272583251     
          15          16   1.5272276374910144E-002
          15          17   3.2538387656172334E-002
          15          18   9.9172114726780950E-015
          15          19   2.9352745150901081E-015
          15          20   4.9622504158602588E-015
          15          21   1.1020917477228503E-015
          15          22   3.0546005578872880E-016
          15          23   2.2893789080750760E-015
          16           1  -2.1491053617059957E-015
          16           2   8.0769929289209256E-015
          16           3   5.6050330511994480E-003
          16           4   1.6763628645608812E-002
          16           5  -1.5490930419896912E-002
          16           6   1.8150762365284780E-014
          16           7  -1.8426195280003502E-002
          16           8  -5.8300093366311381E-002
          16           9   5.0925464021086393E-002
          16          10   8.0571329006038552E-015
          16          11   3.5186188379435698E-002
          16          12  0.28406163471007240     
          16          13  -9.7245955723610347E-002
          16          14  -1.6647907779553629E-015
          16          15   1.5272276374910144E-002
          16          16  0.10782672897719356     
          16          17  -4.2208809210555961E-002
          16          18  -2.2698710222624252E-014
          16          19  -4.7252694081897658E-015
          16          20  -1.4875621619817241E-014
          16          21   8.3713109429398651E-016
          16          22   5.5998088217519378E-015
          16          23   1.7703964757379995E-015
          17           1   7.3469852189259225E-016
          17           2   5.6404069264343134E-016
          17           3   1.1941817563360888E-002
          17           4  -1.5490930419971649E-002
          17           5  -8.9697618786581598E-003
          17           6   1.6012540446312995E-014
          17           7  -3.9257977680129036E-002
          17           8   5.0925464021247008E-002
          17           9   2.6296817068459964E-002
          17          10   5.9060832958196905E-015
          17          11   7.4966024024666456E-002
          17          12  -9.7245955723627861E-002
          17          13  0.12251755132051947     
          17          14  -2.5777879699807463E-015
          17          15   3.2538387656172334E-002
          17          16  -4.2208809210555961E-002
          17          17   3.7709844998379087E-002
          17          18  -2.0421273320770402E-014
          17          19  -4.4952416950853758E-015
          17          20   1.7876067843554964E-015
          17          21   1.8393653605439793E-015
          17          22   2.9338854315026594E-015
          17          23  -2.7810403788839455E-015
          18           1   1.4206622113869555E-002
          18           2   2.0200325568640556E-002
          18           3  -1.5027890276784732E-013
          18           4   3.3717906211499352E-013
          18           5   1.7396079148381204E-013
          18           6 -0.23406424050114957     
          18           7   4.1356866726398590E-013
          18           8  -8.3255186734301212E-013
          18           9  -4.9015738743395329E-013
          18          10  0.12849186184498534     
          18          11  -1.0394590801809461E-014
          18          12   2.2606560194872838E-014
          18          13   1.4552846981127308E-014
          18          14   2.3747599068372729E-002
          18          15   9.9172114726780950E-015
          18          16  -2.2698710222624252E-014
          18          17  -2.0421273320770402E-014
          18          18   2.0236814627893862     
          18          19  -9.9691212341634465E-015
          18          20 -0.97631853721056983     
          18          21  -4.0290680539867766E-014
          18          22  -1.3883763332684263E-014
          18          23 -0.97631853721056472     
          19           1   3.9151183189547128E-016
          19           2   1.4852832688723799E-015
          19           3  -5.3362262045842634E-014
          19           4   9.7386039767445530E-014
          19           5   7.0767254442636215E-014
          19           6   2.2620624519484335E-015
          19           7   1.0798629316263343E-013
          19           8  -2.1834617755053911E-013
          19           9  -1.2901421864422911E-013
          19          10   2.3296935250115445E-015
          19          11  -2.8684590663569960E-015
          19          12   2.1094926785806434E-015
          19          13   5.6007736504909932E-015
          19          14  -3.0406639305181208E-015
          19          15   2.9352745150901081E-015
          19          16  -4.7252694081897658E-015
          19          17  -4.4952416950853758E-015
          19          18  -9.9691212341634465E-015
          19          19   1.9999999999999978     
          19          20  -1.4079580729360754E-014
          19          21  -3.4000580129027238E-016
          19          22   3.3306690738695951E-016
          19          23   2.0400704244444275E-014
          20           1   1.4206622113872434E-002
          20           2   2.0200325568623962E-002
          20           3  -1.1333477445446508E-013
          20           4   2.5560344307080991E-013
          20           5   1.2255966299563577E-013
          20           6 -0.23406424050123206     
          20           7   3.2513456289968733E-013
          20           8  -6.4014010608601144E-013
          20           9  -3.8332203037211034E-013
          20          10  0.12849186184494921     
          20          11  -2.9384505326609219E-015
          20          12   2.6194509786177467E-015
          20          13   6.8260436791898818E-015
          20          14   2.3747599068394545E-002
          20          15   4.9622504158602588E-015
          20          16  -1.4875621619817241E-014
          20          17   1.7876067843554964E-015
          20          18 -0.97631853721056983     
          20          19  -1.4079580729360754E-014
          20          20   2.0236814627894799     
          20          21  -1.0919636079719520E-014
          20          22   1.0258559996555830E-013
          20          23 -0.97631853721051742     
          21           1   6.4368497920271951E-016
          21           2  -2.4581807798770118E-015
          21           3   1.3776264521120064E-014
          21           4  -3.1046425571051623E-014
          21           5  -1.9962431348032354E-014
          21           6   4.2728132872589745E-015
          21           7  -2.5595365211561026E-014
          21           8   6.1931025644796558E-014
          21           9   3.5150828964803036E-014
          21          10  -2.4697768979705191E-015
          21          11  -1.3025887259254214E-015
          21          12  -4.6009109790084700E-017
          21          13  -1.9879382282993256E-015
          21          14   1.3295389341515337E-015
          21          15   1.1020917477228503E-015
          21          16   8.3713109429398651E-016
          21          17   1.8393653605439793E-015
          21          18  -4.0290680539867766E-014
          21          19  -3.4000580129027238E-016
          21          20  -1.0919636079719520E-014
          21          21   1.9999999999999978     
          21          22  -8.9078050491480653E-016
          21          23   5.1618099507948452E-014
          22           1   2.8547324520996424E-016
          22           2  -4.1419404437305205E-016
          22           3   4.2620742833092940E-014
          22           4  -8.9367861665811266E-014
          22           5  -5.3350631371829141E-014
          22           6   1.0708284122982742E-014
          22           7  -9.0032106721259472E-014
          22           8   1.8378692821028044E-013
          22           9   1.0895949250093182E-013
          22          10   4.1126731721798278E-015
          22          11  -5.1906511413771198E-016
          22          12  -3.6082505096131530E-015
          22          13  -3.1786969793744364E-015
          22          14  -1.6328603744781198E-015
          22          15   3.0546005578872880E-016
          22          16   5.5998088217519378E-015
          22          17   2.9338854315026594E-015
          22          18  -1.3883763332684263E-014
          22          19   3.3306690738695951E-016
          22          20   1.0258559996555830E-013
          22          21  -8.9078050491480653E-016
          22          22   2.0000000000000036     
          22          23  -1.0408711259833175E-013
          23           1   1.4206622113874613E-002
          23           2   2.0200325568627941E-002
          23           3   4.5170354628138508E-014
          23           4  -5.4269900378274478E-014
          23           5  -6.7030817542523415E-014
          23           6 -0.23406424050125230     
          23           7  -7.5031688588646754E-014
          23           8   1.4369823483052809E-013
          23           9   8.6972029472519505E-014
          23          10  0.12849186184495981     
          23          11  -1.5962351649532548E-015
          23          12   2.3551450524151842E-015
          23          13  -2.6262834750799178E-015
          23          14   2.3747599068379754E-002
          23          15   2.2893789080750760E-015
          23          16   1.7703964757379995E-015
          23          17  -2.7810403788839455E-015
          23          18 -0.97631853721056472     
          23          19   2.0400704244444275E-014
          23          20 -0.97631853721051742     
          23          21   5.1618099507948452E-014
          23          22  -1.0408711259833175E-013
          23          23   2.0236814627894781     
