           1           1   2.1917052780682509     
           1           2 -0.70495098895638064     
           1           3  -2.0169310152933758E-012
           1           4  -1.8801423210289472E-012
           1           5  -5.7629992018299472E-012
           1           6  0.20827322148224181     
           1           7   6.7011319581271619E-012
           1           8   6.5332447880494443E-012
           1           9   1.3603829986444721E-011
           1          10  -1.3873798560996208E-002
           1          11  -1.6807658267182378E-011
           1          12  -1.7339340392964363E-011
           1          13   1.9995207357841200E-012
           1          14  -6.1086862730250671E-002
           1          15   3.3799576980812079E-012
           1          16  -8.2341242756226365E-013
           1          17   3.4381124276407543E-012
           1          18   2.2973702552873419E-002
           1          19  -3.9343728789013634E-006
           1          20   2.2974237964427126E-002
           1          21  -3.4265270546548810E-007
           1          22  -3.1679134925555274E-007
           1          23   2.2977364127636925E-002
           2           1 -0.70495098895638064     
           2           2   2.5973004298336066     
           2           3   6.5309152825985367E-012
           2           4   7.8313852986663445E-012
           2           5   2.1721573281848149E-011
           2           6 -0.99317597359076726     
           2           7  -2.2948911217658290E-011
           2           8  -2.6925415917784452E-011
           2           9  -5.1742721026440241E-011
           2          10   8.6851981833232422E-002
           2          11   6.4321628757537938E-011
           2          12   6.4231606864425548E-011
           2          13  -5.7299721435631269E-012
           2          14  0.21249172187430776     
           2          15  -1.2036343292808875E-011
           2          16   1.4844666739274102E-012
           2          17  -1.0986230074897279E-011
           2          18  -3.1102112466875560E-002
           2          19   2.2500988993133541E-004
           2          20  -3.1132773970266148E-002
           2          21   1.9596317353805913E-005
           2          22   1.8115147251916371E-005
           2          23  -3.1311543338516205E-002
           3           1  -2.0169310152933758E-012
           3           2   6.5309152825985367E-012
           3           3   2.3163443566092852     
           3           4  -6.2379584932231377E-003
           3           5  -5.4325736818964165E-004
           3           6  -7.6389750943480596E-011
           3           7 -0.87472851695232867     
           3           8   1.9337005220612342E-002
           3           9   1.6840401747627680E-003
           3          10   1.1176587996304496E-011
           3          11   2.5778372694514370E-002
           3          12  -2.8158076550305423E-002
           3          13  -2.4522592075619633E-003
           3          14   7.4381679941412070E-012
           3          15  0.11926221409318935     
           3          16  -3.4230811453926785E-002
           3          17  -2.9811245807038426E-003
           3          18   1.5140874243803463E-009
           3          19  -1.4837837280133013E-010
           3          20  -1.4704328519701498E-009
           3          21   6.9301645325760691E-012
           3          22  -1.6007040659183381E-010
           3          23   2.8735841033766746E-011
           4           1  -1.8801423210289472E-012
           4           2   7.8313852986663445E-012
           4           3  -6.2379584932231377E-003
           4           4   2.3173260501760828     
           4           5  -5.0218926779508439E-004
           4           6  -4.8297962928054581E-011
           4           7   1.9337005383330462E-002
           4           8 -0.87777166200772250     
           4           9   1.5567334312809990E-003
           4          10   5.2237131792989487E-011
           4          11  -2.8158079615202343E-002
           4          12   3.0209724188702311E-002
           4          13  -2.2668783970774455E-003
           4          14   2.8479754452286441E-011
           4          15  -3.4230806875101369E-002
           4          16  0.12464927603477088     
           4          17  -2.7557625472517657E-003
           4          18  -1.6055158609734160E-009
           4          19   1.4414468518942678E-010
           4          20   1.6236354022963892E-009
           4          21   3.3032200937572261E-012
           4          22   1.5925113314130625E-010
           4          23   2.2906912933637626E-011
           5           1  -5.7629992018299472E-012
           5           2   2.1721573281848149E-011
           5           3  -5.4325736818964165E-004
           5           4  -5.0218926779508439E-004
           5           5   2.3230487086001634     
           5           6  -5.1810494118560367E-011
           5           7   1.6840402661825946E-003
           5           8   1.5567335033745125E-003
           5           9 -0.89551129212448977     
           5          10  -7.7180554608793481E-012
           5          11  -2.4522611321843484E-003
           5          12  -2.2668798874389724E-003
           5          13   5.6041744142734148E-002
           5          14  -7.6581861115756886E-011
           5          15  -2.9811217665808489E-003
           5          16  -2.7557602504560009E-003
           5          17  0.15605236788469545     
           5          18  -7.1832195627549458E-009
           5          19   6.0275163580711244E-010
           5          20   7.1280927145075659E-009
           5          21   3.3557674661749543E-011
           5          22   6.6091852347053465E-010
           5          23   8.1131703361738634E-011
           6           1  0.20827322148224181     
           6           2 -0.99317597359076726     
           6           3  -7.6389750943480596E-011
           6           4  -4.8297962928054581E-011
           6           5  -5.1810494118560367E-011
           6           6   2.7893620018867908     
           6           7   2.0762285025907080E-010
           6           8   1.4082159137861861E-010
           6           9   1.2575509394267839E-010
           6          10 -0.26251865155387799     
           6          11  -1.6945907385110485E-010
           6          12  -1.6657831790136407E-010
           6          13   2.2437527266158157E-012
           6          14 -0.52996748268846072     
           6          15   3.1399208057346956E-011
           6          16   8.9025898826672545E-013
           6          17   1.5584724033371341E-011
           6          18  -3.4243235681202022E-002
           6          19  -4.2453410217524953E-003
           6          20  -3.3664636877867839E-002
           6          21  -3.6972774098856741E-004
           6          22  -3.4177773500814151E-004
           6          23  -3.0291776265976060E-002
           7           1   6.7011319581271619E-012
           7           2  -2.2948911217658290E-011
           7           3 -0.87472851695232867     
           7           4   1.9337005383330462E-002
           7           5   1.6840402661825946E-003
           7           6   2.0762285025907080E-010
           7           7   2.4378122389295696     
           7           8  -5.9912955827630232E-002
           7           9  -5.2177591902767897E-003
           7          10  -4.5332740490829703E-011
           7          11 -0.21086945708986168     
           7          12   8.6843034377327072E-002
           7          13   7.5630743985651318E-003
           7          14  -3.5128407619953119E-011
           7          15 -0.32050969724304323     
           7          16  0.10696614836908969     
           7          17   9.3155675318947230E-003
           7          18  -4.5569900558395345E-009
           7          19   4.4688283288744573E-010
           7          20   4.4473770545378040E-009
           7          21  -9.1971412892445522E-012
           7          22   4.8413215241539285E-010
           7          23  -7.0901412265124178E-011
           8           1   6.5332447880494443E-012
           8           2  -2.6925415917784452E-011
           8           3   1.9337005220612342E-002
           8           4 -0.87777166200772250     
           8           5   1.5567335033745125E-003
           8           6   1.4082159137861861E-010
           8           7  -5.9912955827630232E-002
           8           8   2.4472409899947447     
           8           9  -4.8233173168839589E-003
           8          10  -1.4523616040424602E-010
           8          11   8.6843043169536158E-002
           8          12 -0.22453630101982697     
           8          13   6.9913366795118746E-003
           8          14  -9.1470239738062291E-011
           8          15  0.10696613321931811     
           8          16 -0.33734345585002679     
           8          17   8.6113449512269756E-003
           8          18   4.2277702881547565E-009
           8          19  -3.7430274419998412E-010
           8          20  -4.2656241933588201E-009
           8          21  -2.9098553685184595E-011
           8          22  -4.2073007746271136E-010
           8          23  -6.6378303974598535E-011
           9           1   1.3603829986444721E-011
           9           2  -5.1742721026440241E-011
           9           3   1.6840401747627680E-003
           9           4   1.5567334312809990E-003
           9           5 -0.89551129212448977     
           9           6   1.2575509394267839E-010
           9           7  -5.2177591902767897E-003
           9           8  -4.8233173168839589E-003
           9           9   2.5022047064369808     
           9          10   2.0808811377507049E-011
           9          11   7.5630799174368976E-003
           9          12   6.9913409800067758E-003
           9          13 -0.30420548484068571     
           9          14   1.9450411794661016E-010
           9          15   9.3155581443055135E-003
           9          16   8.6113373527912027E-003
           9          17 -0.43547340503616883     
           9          18   1.9708030956452729E-008
           9          19  -1.6540691830191051E-009
           9          20  -1.9561500596859496E-008
           9          21  -8.0187144197157248E-011
           9          22  -1.8107380855858361E-009
           9          23  -2.1299226618042485E-010
          10           1  -1.3873798560996208E-002
          10           2   8.6851981833232422E-002
          10           3   1.1176587996304496E-011
          10           4   5.2237131792989487E-011
          10           5  -7.7180554608793481E-012
          10           6 -0.26251865155387799     
          10           7  -4.5332740490829703E-011
          10           8  -1.4523616040424602E-010
          10           9   2.0808811377507049E-011
          10          10  0.40263238568578508     
          10          11   1.3455304944358686E-010
          10          12   1.2201253028392228E-010
          10          13  -1.4045831874472544E-011
          10          14  0.58910040409354303     
          10          15  -1.5517095773645256E-011
          10          16   2.5030175425678511E-011
          10          17  -3.0549630878104126E-011
          10          18  -6.5506044853320140E-003
          10          19   3.9147322831481115E-003
          10          20  -7.0841275547106359E-003
          10          21   3.4093605943265261E-004
          10          22   3.1516338020254721E-004
          10          23  -1.0194332020608068E-002
          11           1  -1.6807658267182378E-011
          11           2   6.4321628757537938E-011
          11           3   2.5778372694514370E-002
          11           4  -2.8158079615202343E-002
          11           5  -2.4522611321843484E-003
          11           6  -1.6945907385110485E-010
          11           7 -0.21086945708986168     
          11           8   8.6843043169536158E-002
          11           9   7.5630799174368976E-003
          11          10   1.3455304944358686E-010
          11          11  0.41487538656867567     
          11          12 -0.12281136592365657     
          11          13  -1.0695520786396365E-002
          11          14   1.8824367428889035E-010
          11          15  0.47092690561473960     
          11          16 -0.15795976437561549     
          11          17  -1.3756558437072061E-002
          11          18   4.1701445945155312E-009
          11          19  -4.3384125024164314E-010
          11          20  -4.1937722633891362E-009
          11          21   2.8303471234004925E-011
          11          22  -4.7125173533482356E-010
          11          23   1.9309118741883018E-011
          12           1  -1.7339340392964363E-011
          12           2   6.4231606864425548E-011
          12           3  -2.8158076550305423E-002
          12           4   3.0209724188702311E-002
          12           5  -2.2668798874389724E-003
          12           6  -1.6657831790136407E-010
          12           7   8.6843034377327072E-002
          12           8 -0.22453630101982697     
          12           9   6.9913409800067758E-003
          12          10   1.2201253028392228E-010
          12          11 -0.12281136592365657     
          12          12  0.43420272687704842     
          12          13  -9.8869817097980671E-003
          12          14   2.1112550374791375E-010
          12          15 -0.15795972647990172     
          12          16  0.49578573825893735     
          12          17  -1.2716613681127809E-002
          12          18  -2.2854285642984807E-009
          12          19   1.4099445843208560E-010
          12          20   2.1977953168489115E-009
          12          21   1.5267733422492656E-011
          12          22   1.4064543793766909E-010
          12          23   7.3791640335311699E-011
          13           1   1.9995207357841200E-012
          13           2  -5.7299721435631269E-012
          13           3  -2.4522592075619633E-003
          13           4  -2.2668783970774455E-003
          13           5   5.6041744142734148E-002
          13           6   2.2437527266158157E-012
          13           7   7.5630743985651318E-003
          13           8   6.9913366795118746E-003
          13           9 -0.30420548484068571     
          13          10  -1.4045831874472544E-011
          13          11  -1.0695520786396365E-002
          13          12  -9.8869817097980671E-003
          13          13  0.54686899157182534     
          13          14  -4.6069090238914557E-011
          13          15  -1.3756534492278025E-002
          13          16  -1.2716594638254267E-002
          13          17  0.64069685542052535     
          13          18  -1.2483044435182264E-008
          13          19   1.0806866036844658E-009
          13          20   1.2417063248239003E-008
          13          21   2.1566734419539723E-011
          13          22   1.1322306041242492E-009
          13          23   8.4542628386888339E-011
          14           1  -6.1086862730250671E-002
          14           2  0.21249172187430776     
          14           3   7.4381679941412070E-012
          14           4   2.8479754452286441E-011
          14           5  -7.6581861115756886E-011
          14           6 -0.52996748268846072     
          14           7  -3.5128407619953119E-011
          14           8  -9.1470239738062291E-011
          14           9   1.9450411794661016E-010
          14          10  0.58910040409354303     
          14          11   1.8824367428889035E-010
          14          12   2.1112550374791375E-010
          14          13  -4.6069090238914557E-011
          14          14  0.87084208649227235     
          14          15  -4.3145256540720072E-011
          14          16   6.1423261166804326E-011
          14          17  -7.9754271556987765E-011
          14          18  -1.1842175930148182E-002
          14          19  -4.3667877784495848E-003
          14          20  -1.1247052764721349E-002
          14          21  -3.8030555989417909E-004
          14          22  -3.5155719140732256E-004
          14          23  -7.7776919990899607E-003
          15           1   3.3799576980812079E-012
          15           2  -1.2036343292808875E-011
          15           3  0.11926221409318935     
          15           4  -3.4230806875101369E-002
          15           5  -2.9811217665808489E-003
          15           6   3.1399208057346956E-011
          15           7 -0.32050969724304323     
          15           8  0.10696613321931811     
          15           9   9.3155581443055135E-003
          15          10  -1.5517095773645256E-011
          15          11  0.47092690561473960     
          15          12 -0.15795972647990172     
          15          13  -1.3756534492278025E-002
          15          14  -4.3145256540720072E-011
          15          15  0.54008210487771491     
          15          16 -0.20039951094061148     
          15          17  -1.7452566685452482E-002
          15          18  -2.0717217587266658E-009
          15          19   2.0360632640394088E-010
          15          20   2.0765037283256014E-009
          15          21   4.4084501719654253E-012
          15          22   2.1463052623496788E-010
          15          23   1.2186561084303951E-012
          16           1  -8.2341242756226365E-013
          16           2   1.4844666739274102E-012
          16           3  -3.4230811453926785E-002
          16           4  0.12464927603477088     
          16           5  -2.7557602504560009E-003
          16           6   8.9025898826672545E-013
          16           7  0.10696614836908969     
          16           8 -0.33734345585002679     
          16           9   8.6113373527912027E-003
          16          10   2.5030175425678511E-011
          16          11 -0.15795976437561549     
          16          12  0.49578573825893735     
          16          13  -1.2716594638254267E-002
          16          14   6.1423261166804326E-011
          16          15 -0.20039951094061148     
          16          16  0.57161992468310641     
          16          17  -1.6133217313862191E-002
          16          18  -8.1326015629444405E-009
          16          19   7.1629974865293060E-010
          16          20   8.0859612119651225E-009
          16          21   1.5252634566707061E-011
          16          22   8.1020541435927508E-010
          16          23   3.6956197155518986E-011
          17           1   3.4381124276407543E-012
          17           2  -1.0986230074897279E-011
          17           3  -2.9811245807038426E-003
          17           4  -2.7557625472517657E-003
          17           5  0.15605236788469545     
          17           6   1.5584724033371341E-011
          17           7   9.3155675318947230E-003
          17           8   8.6113449512269756E-003
          17           9 -0.43547340503616883     
          17          10  -3.0549630878104126E-011
          17          11  -1.3756558437072061E-002
          17          12  -1.2716613681127809E-002
          17          13  0.64069685542052535     
          17          14  -7.9754271556987765E-011
          17          15  -1.7452566685452482E-002
          17          16  -1.6133217313862191E-002
          17          17  0.75546495166222405     
          17          18  -5.0653319648205224E-009
          17          19   4.3948229239569639E-010
          17          20   5.0523021786232061E-009
          17          21   3.9472066868999088E-011
          17          22   4.9543264031283328E-010
          17          23   3.6685825375454842E-011
          18           1   2.2973702552873419E-002
          18           2  -3.1102112466875560E-002
          18           3   1.5140874243803463E-009
          18           4  -1.6055158609734160E-009
          18           5  -7.1832195627549458E-009
          18           6  -3.4243235681202022E-002
          18           7  -4.5569900558395345E-009
          18           8   4.2277702881547565E-009
          18           9   1.9708030956452729E-008
          18          10  -6.5506044853320140E-003
          18          11   4.1701445945155312E-009
          18          12  -2.2854285642984807E-009
          18          13  -1.2483044435182264E-008
          18          14  -1.1842175930148182E-002
          18          15  -2.0717217587266658E-009
          18          16  -8.1326015629444405E-009
          18          17  -5.0653319648205224E-009
          18          18   2.0031545573318761     
          18          19   2.1452772397825321E-003
          18          20 -0.99713564515596087     
          18          21   1.8793517336536766E-004
          18          22   1.7125757199893505E-004
          18          23 -0.99883755725752743     
          19           1  -3.9343728789013634E-006
          19           2   2.2500988993133541E-004
          19           3  -1.4837837280133013E-010
          19           4   1.4414468518942678E-010
          19           5   6.0275163580711244E-010
          19           6  -4.2453410217524953E-003
          19           7   4.4688283288744573E-010
          19           8  -3.7430274419998412E-010
          19           9  -1.6540691830191051E-009
          19          10   3.9147322831481115E-003
          19          11  -4.3384125024164314E-010
          19          12   1.4099445843208560E-010
          19          13   1.0806866036844658E-009
          19          14  -4.3667877784495848E-003
          19          15   2.0360632640394088E-010
          19          16   7.1629974865293060E-010
          19          17   4.3948229239569639E-010
          19          18   2.1452772397825321E-003
          19          19   1.9999961092881229     
          19          20   2.1442916845589299E-003
          19          21  -4.3177280217049022E-007
          19          22  -2.4757688872113546E-007
          19          23   2.1477769256535431E-003
          20           1   2.2974237964427126E-002
          20           2  -3.1132773970266148E-002
          20           3  -1.4704328519701498E-009
          20           4   1.6236354022963892E-009
          20           5   7.1280927145075659E-009
          20           6  -3.3664636877867839E-002
          20           7   4.4473770545378040E-009
          20           8  -4.2656241933588201E-009
          20           9  -1.9561500596859496E-008
          20          10  -7.0841275547106359E-003
          20          11  -4.1937722633891362E-009
          20          12   2.1977953168489115E-009
          20          13   1.2417063248239003E-008
          20          14  -1.1247052764721349E-002
          20          15   2.0765037283256014E-009
          20          16   8.0859612119651225E-009
          20          17   5.0523021786232061E-009
          20          18 -0.99713564515596087     
          20          19   2.1442916845589299E-003
          20          20   2.0025737185044674     
          20          21   1.8565406278550119E-004
          20          22   1.7424640334565960E-004
          20          23 -0.99913407404918475     
          21           1  -3.4265270546548810E-007
          21           2   1.9596317353805913E-005
          21           3   6.9301645325760691E-012
          21           4   3.3032200937572261E-012
          21           5   3.3557674661749543E-011
          21           6  -3.6972774098856741E-004
          21           7  -9.1971412892445522E-012
          21           8  -2.9098553685184595E-011
          21           9  -8.0187144197157248E-011
          21          10   3.4093605943265261E-004
          21          11   2.8303471234004925E-011
          21          12   1.5267733422492656E-011
          21          13   2.1566734419539723E-011
          21          14  -3.8030555989417909E-004
          21          15   4.4084501719654253E-012
          21          16   1.5252634566707061E-011
          21          17   3.9472066868999088E-011
          21          18   1.8793517336536766E-004
          21          19  -4.3177280217049022E-007
          21          20   1.8565406278550119E-004
          21          21   1.9999999582666153     
          21          22  -1.3161993909069566E-007
          21          23   1.8704075310779141E-004
          22           1  -3.1679134925555274E-007
          22           2   1.8115147251916371E-005
          22           3  -1.6007040659183381E-010
          22           4   1.5925113314130625E-010
          22           5   6.6091852347053465E-010
          22           6  -3.4177773500814151E-004
          22           7   4.8413215241539285E-010
          22           8  -4.2073007746271136E-010
          22           9  -1.8107380855858361E-009
          22          10   3.1516338020254721E-004
          22          11  -4.7125173533482356E-010
          22          12   1.4064543793766909E-010
          22          13   1.1322306041242492E-009
          22          14  -3.5155719140732256E-004
          22          15   2.1463052623496788E-010
          22          16   8.1020541435927508E-010
          22          17   4.9543264031283328E-010
          22          18   1.7125757199893505E-004
          22          19  -2.4757688872113546E-007
          22          20   1.7424640334565960E-004
          22          21  -1.3161993909069566E-007
          22          22   2.0000002683098073     
          22          23   1.7274416753148718E-004
          23           1   2.2977364127636925E-002
          23           2  -3.1311543338516205E-002
          23           3   2.8735841033766746E-011
          23           4   2.2906912933637626E-011
          23           5   8.1131703361738634E-011
          23           6  -3.0291776265976060E-002
          23           7  -7.0901412265124178E-011
          23           8  -6.6378303974598535E-011
          23           9  -2.1299226618042485E-010
          23          10  -1.0194332020608068E-002
          23          11   1.9309118741883018E-011
          23          12   7.3791640335311699E-011
          23          13   8.4542628386888339E-011
          23          14  -7.7776919990899607E-003
          23          15   1.2186561084303951E-012
          23          16   3.6956197155518986E-011
          23          17   3.6685825375454842E-011
          23          18 -0.99883755725752743     
          23          19   2.1477769256535431E-003
          23          20 -0.99913407404918475     
          23          21   1.8704075310779141E-004
          23          22   1.7274416753148718E-004
          23          23   1.9991612581855758     
