           1           1   2.0673941531311928     
           1           2  -2.6681464732055737E-002
           1           3  -2.8116662052597637E-015
           1           4   1.2864670410852996E-015
           1           5  -1.3785371900073504E-015
           1           6 -0.38721151971111012     
           1           7  -1.7912824619406591E-015
           1           8  -3.9923544316891645E-015
           1           9   7.6087053318920902E-016
           2           1  -2.6681464732055737E-002
           2           2  0.33874970461638654     
           2           3   2.6221872270022988E-015
           2           4  -5.2417397829902040E-015
           2           5   1.6894801548989467E-015
           2           6  0.48670030812804521     
           2           7   4.4604888368491707E-015
           2           8   4.2227167887508552E-015
           2           9  -2.6719303608696911E-015
           3           1  -2.8116662052597637E-015
           3           2   2.6221872270022988E-015
           3           3  0.56443597166815174     
           3           4 -0.18466017221717632     
           3           5  -9.3570432380143245E-002
           3           6   9.5189303970158987E-015
           3           7  0.21918676299900106     
           3           8  -7.1708869446253792E-002
           3           9  -3.6336096945072976E-002
           4           1   1.2864670410852996E-015
           4           2  -5.2417397829902040E-015
           4           3 -0.18466017221717632     
           4           4  0.19124176714795718     
           4           5 -0.22757630026112347     
           4           6  -6.0382479980737194E-015
           4           7  -7.1708869446253903E-002
           4           8   7.4264692534539545E-002
           4           9  -8.8374439428625079E-002
           5           1  -1.3785371900073504E-015
           5           2   1.6894801548989467E-015
           5           3  -9.3570432380143245E-002
           5           4 -0.22757630026112347     
           5           5  0.52504421823363678     
           5           6   6.8293607734417402E-015
           5           7  -3.6336096945073101E-002
           5           8  -8.8374439428625190E-002
           5           9  0.20388980930087147     
           6           1 -0.38721151971111012     
           6           2  0.48670030812804521     
           6           3   9.5189303970158987E-015
           6           4  -6.0382479980737194E-015
           6           5   6.8293607734417402E-015
           6           6   1.0026058878473507     
           6           7   1.0411038263974768E-014
           6           8   1.5863625107381074E-014
           6           9  -8.1620094028982556E-015
           7           1  -1.7912824619406591E-015
           7           2   4.4604888368491707E-015
           7           3  0.21918676299900106     
           7           4  -7.1708869446253903E-002
           7           5  -3.6336096945073101E-002
           7           6   1.0411038263974768E-014
           7           7   8.5116540202058624E-002
           7           8  -2.7846621691721654E-002
           7           9  -1.4110354175107262E-002
           8           1  -3.9923544316891645E-015
           8           2   4.2227167887508552E-015
           8           3  -7.1708869446253792E-002
           8           4   7.4264692534539545E-002
           8           5  -8.8374439428625190E-002
           8           6   1.5863625107381074E-014
           8           7  -2.7846621691721654E-002
           8           8   2.8839121492653538E-002
           8           9  -3.4318343058404623E-002
           9           1   7.6087053318920902E-016
           9           2  -2.6719303608696911E-015
           9           3  -3.6336096945072976E-002
           9           4  -8.8374439428625079E-002
           9           5  0.20388980930087147     
           9           6  -8.1620094028982556E-015
           9           7  -1.4110354175107262E-002
           9           8  -3.4318343058404623E-002
           9           9   7.9176292001842855E-002
