           1           1   2.1565822638631191     
           1           2 -0.61412555241347777     
           1           3   4.9649663118032945E-013
           1           4  -4.1184126826827578E-014
           1           5   2.2649133241923619E-013
           1           6  0.18819727846596268     
           1           7   3.6199985604586157E-013
           1           8  -1.8106304744261557E-013
           1           9   1.6584477828028775E-013
           1          10  -1.0193654332556231E-002
           1          11  -1.5652135215007061E-013
           1          12   8.7158465226054804E-014
           1          13  -3.4459009072642655E-014
           1          14  -3.2435651894852133E-002
           1          15  -2.7350046382330900E-013
           1          16   1.7092119027234588E-013
           1          17  -1.4528082410594007E-013
           2           1 -0.61412555241347777     
           2           2   2.4129131698458384     
           2           3   5.1968993778837215E-013
           2           4  -5.7860499354748437E-013
           2           5   7.4591214873154663E-013
           2           6 -0.81239470042978512     
           2           7   3.5433285853630974E-013
           2           8  -8.4534251304073711E-014
           2           9   3.1235346022995635E-013
           2          10   7.4608899723307809E-002
           2          11  -4.5242952810577164E-013
           2          12   2.8130151763929035E-013
           2          13  -1.6397926748040477E-014
           2          14   9.8201954440177652E-002
           2          15  -8.2870512412378023E-014
           2          16  -7.0394357098417360E-014
           2          17  -1.9114747258409112E-013
           3           1   4.9649663118032945E-013
           3           2   5.1968993778837215E-013
           3           3   2.1947205254798563     
           3           4   4.7864490149152074E-014
           3           5   8.5677992478494723E-015
           3           6   2.0634054401034588E-013
           3           7 -0.64563878088158977     
           3           8  -6.1631255654504040E-014
           3           9  -6.6315009039641457E-014
           3          10  -1.8895953057228207E-013
           3          11  -6.0969523255938921E-002
           3          12  -6.1580948673700410E-014
           3          13  -6.2906494249780897E-014
           3          14  -2.3944425927614674E-013
           3          15   2.7747546564365736E-002
           3          16   6.1868479089843919E-014
           3          17   4.6509996375066009E-014
           4           1  -4.1184126826827578E-014
           4           2  -5.7860499354748437E-013
           4           3   4.7864490149152074E-014
           4           4   2.1947205254799016     
           4           5   3.5233968520564935E-014
           4           6  -5.5928855880697986E-015
           4           7   7.1456729422436537E-014
           4           8 -0.64563878088158788     
           4           9   5.8078541975702949E-015
           4          10  -8.4856869403462197E-014
           4          11  -1.0709315378942352E-014
           4          12  -6.0969523256000566E-002
           4          13  -3.0796979549884796E-014
           4          14   1.7067862909665464E-013
           4          15  -3.1612299583594527E-014
           4          16   2.7747546564274334E-002
           4          17   8.4302031501393022E-014
           5           1   2.2649133241923619E-013
           5           2   7.4591214873154663E-013
           5           3   8.5677992478494723E-015
           5           4   3.5233968520564935E-014
           5           5   2.1947205254799016     
           5           6   2.6866827899416338E-013
           5           7   3.0600522116231398E-015
           5           8  -5.1958437552457402E-014
           5           9 -0.64563878088151916     
           5          10  -2.4950583673358721E-013
           5          11   5.7941281980666155E-014
           5          12  -1.4108506030118725E-014
           5          13  -6.0969523256126479E-002
           5          14  -6.9621651505538466E-014
           5          15   2.5432130359993323E-014
           5          16   1.0203209804826235E-014
           5          17   2.7747546564394224E-002
           6           1  0.18819727846596268     
           6           2 -0.81239470042978512     
           6           3   2.0634054401034588E-013
           6           4  -5.5928855880697986E-015
           6           5   2.6866827899416338E-013
           6           6   2.4248854887175320     
           6           7   3.3527909715396196E-013
           6           8  -2.7858576958220368E-013
           6           9   3.2896026602012472E-014
           6          10 -0.37047740069528468     
           6          11   9.3107658586935850E-014
           6          12  -3.4125375074918418E-014
           6          13   1.1963227795927445E-013
           6          14 -0.27443415236247476     
           6          15  -2.1865566529861951E-013
           6          16   1.0767942742577944E-013
           6          17  -1.5866308074967775E-013
           7           1   3.6199985604586157E-013
           7           2   3.5433285853630974E-013
           7           3 -0.64563878088158977     
           7           4   7.1456729422436537E-014
           7           5   3.0600522116231398E-015
           7           6   3.3527909715396196E-013
           7           7   2.1451383820649657     
           7           8  -4.3520742565306534E-014
           7           9   2.2204460492504141E-014
           7          10  -2.1918863505082051E-013
           7          11  0.12098110260144695     
           7          12   1.1137271660466707E-013
           7          13   2.7554260956240876E-013
           7          14   3.2386235655345906E-013
           7          15  -4.9132064978010551E-002
           7          16  -6.1081348312624391E-014
           7          17  -3.8010523548125871E-013
           8           1  -1.8106304744261557E-013
           8           2  -8.4534251304073711E-014
           8           3  -6.1631255654504040E-014
           8           4 -0.64563878088158788     
           8           5  -5.1958437552457402E-014
           8           6  -2.7858576958220368E-013
           8           7  -4.3520742565306534E-014
           8           8   2.1451383820647316     
           8           9   4.5519144009630109E-015
           8          10   2.2724379840503343E-013
           8          11  -1.3939197018863690E-013
           8          12  0.12098110260176724     
           8          13  -7.7323564218188508E-014
           8          14  -2.6297475532717452E-013
           8          15   2.5630626093730790E-013
           8          16  -4.9132064977813722E-002
           8          17   5.7708178513579891E-014
           9           1   1.6584477828028775E-013
           9           2   3.1235346022995635E-013
           9           3  -6.6315009039641457E-014
           9           4   5.8078541975702949E-015
           9           5 -0.64563878088151916     
           9           6   3.2896026602012472E-014
           9           7   2.2204460492504141E-014
           9           8   4.5519144009630109E-015
           9           9   2.1451383820645908     
           9          10   1.0609947915145946E-013
           9          11  -2.7141223296612333E-013
           9          12   2.8193593293314610E-014
           9          13  0.12098110260209133     
           9          14  -7.4659205635975539E-014
           9          15   2.9884948682426795E-015
           9          16  -7.6709472107717760E-015
           9          17  -4.9132064978129449E-002
          10           1  -1.0193654332556231E-002
          10           2   7.4608899723307809E-002
          10           3  -1.8895953057228207E-013
          10           4  -8.4856869403462197E-014
          10           5  -2.4950583673358721E-013
          10           6 -0.37047740069528468     
          10           7  -2.1918863505082051E-013
          10           8   2.2724379840503343E-013
          10           9   1.0609947915145946E-013
          10          10  0.88127345568973448     
          10          11  -2.7258464018188988E-013
          10          12   1.3376875287962542E-013
          10          13  -1.5852400113080341E-013
          10          14  0.53938802049731294     
          10          15   2.1112519995907858E-013
          10          16  -1.1482875743987683E-013
          10          17   1.5610300445869412E-013
          11           1  -1.5652135215007061E-013
          11           2  -4.5242952810577164E-013
          11           3  -6.0969523255938921E-002
          11           4  -1.0709315378942352E-014
          11           5   5.7941281980666155E-014
          11           6   9.3107658586935850E-014
          11           7  0.12098110260144695     
          11           8  -1.3939197018863690E-013
          11           9  -2.7141223296612333E-013
          11          10  -2.7258464018188988E-013
          11          11   7.1245300015612811E-003
          11          12  -4.6924270028502887E-016
          11          13   1.7482760037135327E-016
          11          14  -1.4629061310516032E-013
          11          15  -2.9300365864117581E-003
          11          16  -1.1800456444983948E-015
          11          17  -1.4500038539705005E-014
          12           1   8.7158465226054804E-014
          12           2   2.8130151763929035E-013
          12           3  -6.1580948673700410E-014
          12           4  -6.0969523256000566E-002
          12           5  -1.4108506030118725E-014
          12           6  -3.4125375074918418E-014
          12           7   1.1137271660466707E-013
          12           8  0.12098110260176724     
          12           9   2.8193593293314610E-014
          12          10   1.3376875287962542E-013
          12          11  -4.6924270028502887E-016
          12          12   7.1245300015972002E-003
          12          13  -2.0854628787937367E-015
          12          14   6.0923276766278428E-014
          12          15   1.1121962725820832E-014
          12          16  -2.9300365864076295E-003
          12          17   1.3482325065629087E-015
          13           1  -3.4459009072642655E-014
          13           2  -1.6397926748040477E-014
          13           3  -6.2906494249780897E-014
          13           4  -3.0796979549884796E-014
          13           5  -6.0969523256126479E-002
          13           6   1.1963227795927445E-013
          13           7   2.7554260956240876E-013
          13           8  -7.7323564218188508E-014
          13           9  0.12098110260209133     
          13          10  -1.5852400113080341E-013
          13          11   1.7482760037135327E-016
          13          12  -2.0854628787937367E-015
          13          13   7.1245300016349322E-003
          13          14  -1.0605096262679495E-013
          13          15  -6.2888875964853162E-015
          13          16   9.1026903898740618E-016
          13          17  -2.9300365864335441E-003
          14           1  -3.2435651894852133E-002
          14           2   9.8201954440177652E-002
          14           3  -2.3944425927614674E-013
          14           4   1.7067862909665464E-013
          14           5  -6.9621651505538466E-014
          14           6 -0.27443415236247476     
          14           7   3.2386235655345906E-013
          14           8  -2.6297475532717452E-013
          14           9  -7.4659205635975539E-014
          14          10  0.53938802049731294     
          14          11  -1.4629061310516032E-013
          14          12   6.0923276766278428E-014
          14          13  -1.0605096262679495E-013
          14          14  0.33183265541055185     
          14          15   1.2100714993009180E-013
          14          16  -6.3249477974387556E-014
          14          17   9.8248863667164502E-014
          15           1  -2.7350046382330900E-013
          15           2  -8.2870512412378023E-014
          15           3   2.7747546564365736E-002
          15           4  -3.1612299583594527E-014
          15           5   2.5432130359993323E-014
          15           6  -2.1865566529861951E-013
          15           7  -4.9132064978010551E-002
          15           8   2.5630626093730790E-013
          15           9   2.9884948682426795E-015
          15          10   2.1112519995907858E-013
          15          11  -2.9300365864117581E-003
          15          12   1.1121962725820832E-014
          15          13  -6.2888875964853162E-015
          15          14   1.2100714993009180E-013
          15          15   1.2092792889780873E-003
          15          16  -3.8762938172050057E-015
          15          17   8.3495425743026059E-015
          16           1   1.7092119027234588E-013
          16           2  -7.0394357098417360E-014
          16           3   6.1868479089843919E-014
          16           4   2.7747546564274334E-002
          16           5   1.0203209804826235E-014
          16           6   1.0767942742577944E-013
          16           7  -6.1081348312624391E-014
          16           8  -4.9132064977813722E-002
          16           9  -7.6709472107717760E-015
          16          10  -1.1482875743987683E-013
          16          11  -1.1800456444983948E-015
          16          12  -2.9300365864076295E-003
          16          13   9.1026903898740618E-016
          16          14  -6.3249477974387556E-014
          16          15  -3.8762938172050057E-015
          16          16   1.2092792889687558E-003
          16          17  -4.4586459092744254E-016
          17           1  -1.4528082410594007E-013
          17           2  -1.9114747258409112E-013
          17           3   4.6509996375066009E-014
          17           4   8.4302031501393022E-014
          17           5   2.7747546564394224E-002
          17           6  -1.5866308074967775E-013
          17           7  -3.8010523548125871E-013
          17           8   5.7708178513579891E-014
          17           9  -4.9132064978129449E-002
          17          10   1.5610300445869412E-013
          17          11  -1.4500038539705005E-014
          17          12   1.3482325065629087E-015
          17          13  -2.9300365864335441E-003
          17          14   9.8248863667164502E-014
          17          15   8.3495425743026059E-015
          17          16  -4.4586459092744254E-016
          17          17   1.2092792889836211E-003
