           1           1   2.1815611764680884     
           1           2 -0.69049355925635703     
           1           3  -6.5054087323626978E-012
           1           4   5.7198310919795955E-012
           1           5  -1.1016048030839871E-011
           1           6  0.70502825633991284     
           1           7   1.3625511305015140E-011
           1           8  -2.5861162778743811E-011
           1           9   5.1510137324026989E-011
           1          10   9.0322932542082790E-002
           1          11  -6.1013988844898246E-011
           1          12   6.8092055626169725E-011
           1          13  -5.1312897998173696E-011
           1          14   1.5279464927441588E-002
           1          15  -3.8925228039115213E-011
           1          16   5.0000522563887278E-012
           1          17  -8.6360077560876547E-013
           1          18   1.3204790998644954E-002
           1          19  -1.8103657890495264E-011
           1          20  -6.0803280852044194E-012
           1          21   1.9387654005070187E-011
           1          22 -0.19220687693906569     
           1          23  -1.2044088887042366E-011
           1          24 -0.19220687698291961     
           1          25   6.5858369966491083E-012
           1          26   1.8375294871613113E-011
           1          27 -0.19220687698252670     
           1          28  -8.7999945592005469E-002
           1          29   1.8203254366456579E-011
           1          30  -8.7999945488025172E-002
           1          31  -9.7235004539013870E-012
           1          32  -4.6224792132629968E-011
           1          33  -8.7999945470392749E-002
           1          34  -2.5508818702185286E-004
           1          35   6.5587330658652054E-012
           1          36  -2.5508815965628732E-004
           1          37  -3.5186230901695388E-012
           1          38  -8.2548718179279121E-012
           1          39  -2.5508815284585738E-004
           2           1 -0.69049355925635703     
           2           2   2.8305384879126603     
           2           3   1.6631777184937907E-011
           2           4  -1.8661941876837065E-011
           2           5   4.8550914879804164E-011
           2           6  -1.1577430011204681     
           2           7  -3.8612131010371519E-011
           2           8   8.8068071608747045E-011
           2           9  -1.9255836243741794E-010
           2          10  0.35709899279581619     
           2          11   2.0435872821604696E-010
           2          12  -2.3777926008179849E-010
           2          13   1.9154709606117818E-010
           2          14  -7.5993765970049629E-002
           2          15   1.5461649654748518E-010
           2          16  -1.8820922509364788E-011
           2          17   2.1823506359595242E-012
           2          18  -4.8558948147590833E-002
           2          19   7.4447905173547738E-011
           2          20   2.4254949012405254E-011
           2          21  -7.7304233686187536E-011
           2          22  -9.5168309050836300E-002
           2          23   4.5196283881436464E-011
           2          24  -9.5168308882505964E-002
           2          25  -2.6225320828585882E-011
           2          26  -6.3066057741651068E-011
           2          27  -9.5168308885812167E-002
           2          28   6.6556143682399718E-002
           2          29  -6.4120881778290431E-011
           2          30   6.6556143303356879E-002
           2          31   3.8030747629884797E-011
           2          32   1.5959349754582553E-010
           2          33   6.6556143242331625E-002
           2          34   5.3334114850030999E-003
           2          35  -1.8231883972508859E-011
           2          36   5.3334113951295972E-003
           2          37   1.2106074946632436E-011
           2          38   2.3298852717810252E-011
           2          39   5.3334113736753733E-003
           3           1  -6.5054087323626978E-012
           3           2   1.6631777184937907E-011
           3           3   2.4095725051931396     
           3           4  -2.2668925175104585E-011
           3           5  -2.2663037336624408E-012
           3           6  -5.2412298259415225E-011
           3           7  -1.1188830421683735     
           3           8   4.7403146871256614E-011
           3           9   1.1271744908595879E-011
           3          10   2.8172335649755176E-010
           3          11  0.38376188727950544     
           3          12  -2.0451335568083000E-011
           3          13  -2.7699782038817378E-011
           3          14  -5.9920090083028609E-010
           3          15   2.2988769980723727E-002
           3          16   2.1618645455206702E-010
           3          17   7.0227683548785468E-011
           3          18   5.0069064025926437E-010
           3          19  -9.9059927674419943E-003
           3          20  -1.2423584363552683E-010
           3          21  -3.8766705962202380E-011
           3          22   6.5215300476772672E-012
           3          23  -6.3093013776738945E-011
           3          24  -5.5698359787528742E-011
           3          25  -7.1884876615802063E-011
           3          26  -2.2773251349472986E-011
           3          27   6.6257576942705855E-011
           3          28  -6.4242513732786366E-011
           3          29   2.3714061117425169E-010
           3          30  -1.6155025052043958E-011
           3          31   8.2401039814204546E-012
           3          32   7.9922073039356628E-011
           3          33  -9.9934022694170273E-011
           3          34   1.4684514363679213E-010
           3          35  -5.9963053574448647E-011
           3          36  -6.3805348768749389E-011
           3          37   1.6118602146842937E-011
           3          38   6.6844776268137952E-011
           3          39   3.5811441239534467E-010
           4           1   5.7198310919795955E-012
           4           2  -1.8661941876837065E-011
           4           3  -2.2668925175104585E-011
           4           4   2.4095725052450008     
           4           5  -6.6565817562644041E-012
           4           6   8.9223088015384644E-011
           4           7   6.9960198591763855E-011
           4           8  -1.1188830423356873     
           4           9   2.8648690124859307E-011
           4          10  -3.2545432771668719E-010
           4          11  -1.0808743627554852E-010
           4          12  0.38376188755043883     
           4          13  -4.0273834787010399E-011
           4          14   5.8314052220059434E-010
           4          15  -1.4593222050208095E-010
           4          16   2.2988769647983368E-002
           4          17  -1.1193019407160803E-010
           4          18  -4.3617676852982090E-010
           4          19  -1.1645278033394155E-010
           4          20  -9.9059928359149663E-003
           4          21   5.9901924070304672E-011
           4          22   2.4583849573235317E-011
           4          23   7.3437133957385962E-011
           4          24   1.1300416254594299E-011
           4          25   7.6441173797879583E-011
           4          26   3.1286784305201148E-011
           4          27  -5.3082503043957809E-011
           4          28  -1.3355495046351127E-011
           4          29  -1.7085886187415602E-010
           4          30   1.4657017582560602E-010
           4          31  -5.1179586511435922E-011
           4          32  -1.0625217095696731E-010
           4          33   7.1959654140074193E-011
           4          34  -1.4950326958393998E-010
           4          35   3.3561965717164863E-011
           4          36   1.0307578689492051E-010
           4          37   2.6110961276801820E-011
           4          38  -5.1462774579691166E-011
           4          39  -2.8901746692134827E-010
           5           1  -1.1016048030839871E-011
           5           2   4.8550914879804164E-011
           5           3  -2.2663037336624408E-012
           5           4  -6.6565817562644041E-012
           5           5   2.4095725051983052     
           5           6  -9.3661333386104183E-011
           5           7   1.3739770688639065E-011
           5           8   1.0881246351244564E-011
           5           9  -1.1188830421955505     
           5          10   4.0392936418183848E-010
           5          11  -5.0048377181546264E-011
           5          12   1.7431856203705143E-011
           5          13  0.38376188734937111     
           5          14  -1.8896449066977133E-010
           5          15   1.1864660283303701E-010
           5          16  -1.8241912409079657E-011
           5          17   2.2988769847105385E-002
           5          18   1.5398959614814588E-010
           5          19   7.9034399847408769E-011
           5          20  -2.2636946313213839E-011
           5          21  -9.9059929268292095E-003
           5          22   5.8367597053450773E-011
           5          23  -4.7883141583625292E-012
           5          24  -3.7756683266158479E-011
           5          25  -4.8777934931692034E-012
           5          26   7.5674877433523524E-011
           5          27  -1.0956179477949299E-010
           5          28  -2.4985586418842098E-010
           5          29   7.9867192922805392E-011
           5          30  -6.5183981745528353E-012
           5          31   1.3331066630055203E-012
           5          32  -9.7711066818932057E-011
           5          33  -9.0806152581777938E-011
           5          34  -2.3279469155402997E-011
           5          35  -7.5630400256873326E-011
           5          36  -1.0629404056165056E-010
           5          37  -2.7115110474293580E-011
           5          38   1.1442924704820857E-010
           5          39   1.8526253597029683E-010
           6           1  0.70502825633991284     
           6           2  -1.1577430011204681     
           6           3  -5.2412298259415225E-011
           6           4   8.9223088015384644E-011
           6           5  -9.3661333386104183E-011
           6           6   3.1832590715632829     
           6           7   2.1749262418626105E-010
           6           8  -2.8923721784747121E-010
           6           9   3.6386022413024801E-010
           6          10  -1.0972380369008521     
           6          11  -5.6435290568848459E-010
           6          12   6.3044628792894555E-010
           6          13  -4.9129178001398632E-010
           6          14  0.18020009385046254     
           6          15  -3.7780939077722473E-010
           6          16   4.6572548721481688E-011
           6          17  -7.4605688563886290E-012
           6          18  0.11897938331999108     
           6          19  -1.7957204906954021E-010
           6          20  -5.9275302392378620E-011
           6          21   1.8766492373064060E-010
           6          22  -4.8997221582590955E-002
           6          23  -6.5694067952703031E-011
           6          24  -4.8997222001241666E-002
           6          25   4.7063572647157248E-011
           6          26   2.1447165612798372E-010
           6          27  -4.8997222111019714E-002
           6          28  -9.7783325801097054E-002
           6          29   2.2097709839717296E-010
           6          30  -9.7783324680406625E-002
           6          31  -1.0836474930143314E-010
           6          32  -5.1187440460671748E-010
           6          33  -9.7783324500667013E-002
           6          34  -9.7371957228497286E-003
           6          35   6.6575814231302361E-011
           6          36  -9.7371954076564508E-003
           6          37  -3.4380049067172957E-011
           6          38  -1.2569430525153208E-010
           6          39  -9.7371953357617523E-003
           7           1   1.3625511305015140E-011
           7           2  -3.8612131010371519E-011
           7           3  -1.1188830421683735     
           7           4   6.9960198591763855E-011
           7           5   1.3739770688639065E-011
           7           6   2.1749262418626105E-010
           7           7   3.1150451953010618     
           7           8  -1.3894456605765281E-010
           7           9  -5.8030646155027260E-011
           7          10  -9.3365742659454786E-010
           7          11  -1.4127035513294175     
           7          12   2.5171121625474161E-011
           7          13   1.4096063935366602E-010
           7          14   2.0004951933833256E-009
           7          15  -5.5042780540809244E-002
           7          16  -7.2061002778092524E-010
           7          17  -2.5445831787503844E-010
           7          18  -1.7078854974073107E-009
           7          19   2.1810874981543472E-002
           7          20   4.1831181438190810E-010
           7          21   1.4228966927468816E-010
           7          22  -3.3286228227513329E-011
           7          23   2.4143021949159981E-010
           7          24   2.0507675128617339E-010
           7          25   2.1532100000654390E-010
           7          26   4.5355015706337884E-011
           7          27  -1.8120734265012417E-010
           7          28   2.1935229092542117E-010
           7          29  -8.1474507346585323E-010
           7          30   2.3270617618738027E-011
           7          31  -2.1870839830284450E-011
           7          32  -2.3655234145335665E-010
           7          33   3.2750576439991980E-010
           7          34  -4.8507629769452046E-010
           7          35   1.9390412221985144E-010
           7          36   2.1393347792566392E-010
           7          37  -4.7139406282734403E-011
           7          38  -2.2657657846230838E-010
           7          39  -1.2016644440130906E-009
           8           1  -2.5861162778743811E-011
           8           2   8.8068071608747045E-011
           8           3   4.7403146871256614E-011
           8           4  -1.1188830423356873     
           8           5   1.0881246351244564E-011
           8           6  -2.8923721784747121E-010
           8           7  -1.3894456605765281E-010
           8           8   3.1150451958329803     
           8           9  -4.9235299279539403E-011
           8          10   1.1003450516562510E-009
           8          11   2.0026760081065474E-010
           8          12  -1.4127035521711213     
           8          13   4.1028035035037060E-011
           8          14  -1.9726922369575662E-009
           8          15   4.9207677177486097E-010
           8          16  -5.5042779419454832E-002
           8          17   3.8668291274631815E-010
           8          18   1.4828047250632886E-009
           8          19   4.0152436931076453E-010
           8          20   2.1810875217738897E-002
           8          21  -2.1168333995015754E-010
           8          22  -9.7718883396432391E-011
           8          23  -2.3527361491642940E-010
           8          24  -4.3225721589915461E-011
           8          25  -2.4232951592429988E-010
           8          26  -8.7952706446870667E-011
           8          27   1.2166764329482443E-010
           8          28   4.9272615186392426E-011
           8          29   5.8589950985384081E-010
           8          30  -4.8754217936409534E-010
           8          31   1.8638520045946030E-010
           8          32   3.4361518558132015E-010
           8          33  -2.4515609255692685E-010
           8          34   5.2313538747261318E-010
           8          35  -1.0454125961160847E-010
           8          36  -3.6829662212876967E-010
           8          37  -8.9968370290335952E-011
           8          38   1.7271973645640562E-010
           8          39   9.7121006015382712E-010
           9           1   5.1510137324026989E-011
           9           2  -1.9255836243741794E-010
           9           3   1.1271744908595879E-011
           9           4   2.8648690124859307E-011
           9           5  -1.1188830421955505     
           9           6   3.6386022413024801E-010
           9           7  -5.8030646155027260E-011
           9           8  -4.9235299279539403E-011
           9           9   3.1150451954334644     
           9          10  -1.2833401302002906E-009
           9          11   1.7682951650274828E-010
           9          12  -5.9351530929445583E-011
           9          13  -1.4127035516543107     
           9          14   6.4454678046098294E-010
           9          15  -3.8835637161600988E-010
           9          16   2.6367116997193213E-011
           9          17  -5.5042780073000848E-002
           9          18  -5.1935322684135395E-010
           9          19  -2.6856609265794998E-010
           9          20   8.4779118261075079E-011
           9          21   2.1810875525901337E-002
           9          22  -2.3417728537315530E-010
           9          23   4.9359782652096813E-011
           9          24   1.2395888711328056E-010
           9          25   2.4192718776902082E-011
           9          26  -2.2442078290264635E-010
           9          27   2.2703327631045771E-010
           9          28   8.1427122717094968E-010
           9          29  -2.9122495570759734E-010
           9          30  -2.3827600504293110E-012
           9          31   2.1092345429790772E-011
           9          32   3.2517135570626771E-010
           9          33   2.7876907326962256E-010
           9          34   8.5137868911680666E-011
           9          35   2.4770973183115015E-010
           9          36   3.6203903292013889E-010
           9          37   1.0369485099426434E-010
           9          38  -3.6902460003028613E-010
           9          39  -6.3092269606596774E-010
          10           1   9.0322932542082790E-002
          10           2  0.35709899279581619     
          10           3   2.8172335649755176E-010
          10           4  -3.2545432771668719E-010
          10           5   4.0392936418183848E-010
          10           6  -1.0972380369008521     
          10           7  -9.3365742659454786E-010
          10           8   1.1003450516562510E-009
          10           9  -1.2833401302002906E-009
          10          10   2.7393764043465794     
          10          11   1.6276134408002825E-009
          10          12  -1.8894662834045121E-009
          10          13   2.3153756250638502E-009
          10          14 -0.43386488301494319     
          10          15   9.2123842616284299E-010
          10          16  -1.2757546142068697E-010
          10          17   4.3999906622678288E-011
          10          18 -0.30551064797281591     
          10          19   4.6507986327832998E-010
          10          20   1.5650915517361773E-010
          10          21  -4.7944847183759149E-010
          10          22  -2.3173132066914126E-002
          10          23   2.3565808265251089E-011
          10          24  -2.3173130217172974E-002
          10          25  -1.3899140025330626E-010
          10          26  -6.6045932177573487E-010
          10          27  -2.3173129899415289E-002
          10          28  -6.2085664913798140E-003
          10          29  -3.1778832101982866E-010
          10          30  -6.2085706839367927E-003
          10          31   3.3597657246666245E-010
          10          32   1.3873595399407564E-009
          10          33  -6.2085709340604141E-003
          10          34  -3.0223348732859555E-003
          10          35  -6.1192935044130517E-011
          10          36  -3.0223365270072027E-003
          10          37   1.3592920631246089E-010
          10          38   4.3304391297221859E-010
          10          39  -3.0223366272489277E-003
          11           1  -6.1013988844898246E-011
          11           2   2.0435872821604696E-010
          11           3  0.38376188727950544     
          11           4  -1.0808743627554852E-010
          11           5  -5.0048377181546264E-011
          11           6  -5.6435290568848459E-010
          11           7  -1.4127035513294175     
          11           8   2.0026760081065474E-010
          11           9   1.7682951650274828E-010
          11          10   1.6276134408002825E-009
          11          11   2.6204913312061349     
          11          12   4.8803161700330047E-011
          11          13  -3.8535209905820448E-010
          11          14  -3.4374025355241760E-009
          11          15   9.4088479875208353E-002
          11          16   1.2309364838302864E-009
          11          17   5.0183540581339730E-010
          11          18   3.1426795638371724E-009
          11          19  -3.6905740899591914E-002
          11          20  -7.2403272542734515E-010
          11          21  -2.7830616454331009E-010
          11          22   1.5243047352063758E-010
          11          23  -5.6950012067071140E-010
          11          24  -4.0984651711980957E-010
          11          25  -3.0204398821491075E-010
          11          26   1.0284223642543380E-010
          11          27   1.6655963072449219E-010
          11          28  -4.5206316273320234E-010
          11          29   1.6249043917988109E-009
          11          30   1.3131140924344873E-010
          11          31   1.5359499083180495E-011
          11          32   1.5949485534158948E-010
          11          33  -6.4244802883712168E-010
          11          34   8.3613593157496681E-010
          11          35  -2.8879620799780162E-010
          11          36  -3.1783642403080065E-010
          11          37   5.5591621795547866E-011
          11          38   3.5433278666658422E-010
          11          39   2.0780558692715096E-009
          12           1   6.8092055626169725E-011
          12           2  -2.3777926008179849E-010
          12           3  -2.0451335568083000E-011
          12           4  0.38376188755043883     
          12           5   1.7431856203705143E-011
          12           6   6.3044628792894555E-010
          12           7   2.5171121625474161E-011
          12           8  -1.4127035521711213     
          12           9  -5.9351530929445583E-011
          12          10  -1.8894662834045121E-009
          12          11   4.8803161700330047E-011
          12          12   2.6204913325082244     
          12          13   1.8896918587860093E-010
          12          14   3.4973345028387446E-009
          12          15  -8.7773296657724494E-010
          12          16   9.4088477896913172E-002
          12          17  -7.2395287281227381E-010
          12          18  -2.6566089087670198E-009
          12          19  -7.3545557304326021E-010
          12          20  -3.6905741336732162E-002
          12          21   4.1137604690592090E-010
          12          22   1.4997987973654056E-010
          12          23   4.4442137566100652E-010
          12          24   1.8179413733706243E-011
          12          25   3.5691480346246135E-010
          12          26   5.6883333369454114E-011
          12          27  -7.1634396401563844E-011
          12          28  -1.9837989334740061E-010
          12          29  -1.1814629952733885E-009
          12          30   8.3912449133136109E-010
          12          31  -3.3309965362716125E-010
          12          32  -4.4482533859325025E-010
          12          33   4.2290926607490215E-010
          12          34  -9.8735843305557750E-010
          12          35   1.2755372518135417E-010
          12          36   7.0684160546458974E-010
          12          37   1.7760502179536550E-010
          12          38  -2.7472333197831638E-010
          12          39  -1.6844295773266655E-009
          13           1  -5.1312897998173696E-011
          13           2   1.9154709606117818E-010
          13           3  -2.7699782038817378E-011
          13           4  -4.0273834787010399E-011
          13           5  0.38376188734937111     
          13           6  -4.9129178001398632E-010
          13           7   1.4096063935366602E-010
          13           8   4.1028035035037060E-011
          13           9  -1.4127035516543107     
          13          10   2.3153756250638502E-009
          13          11  -3.8535209905820448E-010
          13          12   1.8896918587860093E-010
          13          13   2.6204913319504071     
          13          14  -1.2785207853030326E-009
          13          15   6.7958324626003701E-010
          13          16   4.0932309699181175E-011
          13          17   9.4088478992987362E-002
          13          18   9.3874738412363453E-010
          13          19   4.7504940981109654E-010
          13          20  -1.7575861874623307E-010
          13          21  -3.6905741854378595E-002
          13          22   4.3230779448745587E-010
          13          23  -2.1161979346923880E-010
          13          24  -4.1997460490018059E-010
          13          25  -6.7727847519387417E-011
          13          26   2.9907424384142397E-010
          13          27  -5.1677965176805052E-011
          13          28  -1.5778324978480823E-009
          13          29   5.8830189379749445E-010
          13          30   3.5412692865191901E-011
          13          31  -1.3750403195270444E-010
          13          32  -6.4193362892325239E-010
          13          33  -5.0641930476078598E-010
          13          34  -2.0600542733475294E-010
          13          35  -3.7789195942120975E-010
          13          36  -5.7307872358385889E-010
          13          37  -2.1290386596830387E-010
          13          38   5.1556970375128912E-010
          13          39   1.2117003205843961E-009
          14           1   1.5279464927441588E-002
          14           2  -7.5993765970049629E-002
          14           3  -5.9920090083028609E-010
          14           4   5.8314052220059434E-010
          14           5  -1.8896449066977133E-010
          14           6  0.18020009385046254     
          14           7   2.0004951933833256E-009
          14           8  -1.9726922369575662E-009
          14           9   6.4454678046098294E-010
          14          10 -0.43386488301494319     
          14          11  -3.4374025355241760E-009
          14          12   3.4973345028387446E-009
          14          13  -1.2785207853030326E-009
          14          14  0.88109612852293873     
          14          15  -1.5725845544571827E-009
          14          16   2.5292895394827157E-010
          14          17   1.3651001561364698E-010
          14          18  0.55214040779253448     
          14          19  -9.3964934674670688E-010
          14          20  -3.1785822769468212E-010
          14          21   8.0000947118314448E-010
          14          22   1.6174256361815966E-003
          14          23  -6.4407638570185255E-010
          14          24   1.6174255759704667E-003
          14          25   2.8875156965374279E-010
          14          26   8.7508321892991585E-010
          14          27   1.6174252324700799E-003
          14          28   1.7693968352366671E-003
          14          29   1.4563717244441976E-009
          14          30   1.7693970626340648E-003
          14          31  -6.2500236549515373E-010
          14          32  -2.0945906403064802E-009
          14          33   1.7693979568147978E-003
          14          34   5.2724767289716815E-003
          14          35   7.5920376461689269E-010
          14          36   5.2724763865275547E-003
          14          37  -3.0974041336120512E-010
          14          38  -8.0262554486637720E-010
          14          39   5.2724769045350440E-003
          15           1  -3.8925228039115213E-011
          15           2   1.5461649654748518E-010
          15           3   2.2988769980723727E-002
          15           4  -1.4593222050208095E-010
          15           5   1.1864660283303701E-010
          15           6  -3.7780939077722473E-010
          15           7  -5.5042780540809244E-002
          15           8   4.9207677177486097E-010
          15           9  -3.8835637161600988E-010
          15          10   9.2123842616284299E-010
          15          11   9.4088479875208353E-002
          15          12  -8.7773296657724494E-010
          15          13   6.7958324626003701E-010
          15          14  -1.5725845544571827E-009
          15          15   3.4145616527706899E-003
          15          16   1.2726130530061068E-011
          15          17   4.2971370090576869E-011
          15          18  -7.9670146730208641E-010
          15          19  -1.3427765867120196E-003
          15          20  -1.3665041804234739E-011
          15          21  -1.9783418031192700E-011
          15          22  -3.7006326789510984E-010
          15          23   1.3670913538055496E-009
          15          24   1.1502307596650698E-009
          15          25  -4.2977865773638858E-010
          15          26  -1.6230392967628977E-009
          15          27  -7.9045400090012298E-010
          15          28   8.2565844423385955E-010
          15          29  -3.1610065252051405E-009
          15          30  -2.6961852850177910E-009
          15          31   9.9268884816682658E-010
          15          32   3.7737054735206251E-009
          15          33   1.8278303538398636E-009
          15          34   4.6614421844488534E-010
          15          35  -1.7039718100760570E-009
          15          36  -1.4397615595249753E-009
          15          37   5.2347726244897887E-010
          15          38   1.9949348702304734E-009
          15          39   1.0409617709451545E-009
          16           1   5.0000522563887278E-012
          16           2  -1.8820922509364788E-011
          16           3   2.1618645455206702E-010
          16           4   2.2988769647983368E-002
          16           5  -1.8241912409079657E-011
          16           6   4.6572548721481688E-011
          16           7  -7.2061002778092524E-010
          16           8  -5.5042779419454832E-002
          16           9   2.6367116997193213E-011
          16          10  -1.2757546142068697E-010
          16          11   1.2309364838302864E-009
          16          12   9.4088477896913172E-002
          16          13   4.0932309699181175E-011
          16          14   2.5292895394827157E-010
          16          15   1.2726130530061068E-011
          16          16   3.4145615086398949E-003
          16          17  -2.4884872279392828E-011
          16          18  -1.5732645381726484E-011
          16          19  -4.3834297245237413E-011
          16          20  -1.3427765738082118E-003
          16          21   1.4328856050589220E-011
          16          22  -1.0494883247478782E-009
          16          23  -1.1807328209465422E-009
          16          24   3.4415635645563447E-010
          16          25   1.7206581938136475E-010
          16          26   1.0180353946935995E-009
          16          27   7.0920850216783764E-010
          16          28   2.4236629349429206E-009
          16          29   2.6477940626011988E-009
          16          30  -8.2151424589364786E-010
          16          31  -3.3517122514384306E-010
          16          32  -2.3796340917093900E-009
          16          33  -1.5629539656723564E-009
          16          34   1.2442237611005314E-009
          16          35   1.4217510560584390E-009
          16          36  -4.2082333450475846E-010
          16          37  -1.6467097154839865E-010
          16          38  -1.2530765503420298E-009
          16          39  -8.9186896963336905E-010
          17           1  -8.6360077560876547E-013
          17           2   2.1823506359595242E-012
          17           3   7.0227683548785468E-011
          17           4  -1.1193019407160803E-010
          17           5   2.2988769847105385E-002
          17           6  -7.4605688563886290E-012
          17           7  -2.5445831787503844E-010
          17           8   3.8668291274631815E-010
          17           9  -5.5042780073000848E-002
          17          10   4.3999906622678288E-011
          17          11   5.0183540581339730E-010
          17          12  -7.2395287281227381E-010
          17          13   9.4088478992987362E-002
          17          14   1.3651001561364698E-010
          17          15   4.2971370090576869E-011
          17          16  -2.4884872279392828E-011
          17          17   3.4145615884439737E-003
          17          18   1.4720704027186159E-010
          17          19   9.8446040144044943E-012
          17          20   4.0011443303963402E-012
          17          21  -1.3427766082749217E-003
          17          22  -1.0789429537266630E-009
          17          23   3.1822069549754408E-010
          17          24   6.9909001276866487E-010
          17          25  -4.3890528592039578E-010
          17          26  -1.2105168934468116E-009
          17          27   3.7849722732956061E-010
          17          28   2.4637300863331645E-009
          17          29  -7.0348834582781980E-010
          17          30  -1.5949537140417636E-009
          17          31   1.0188346308669618E-009
          17          32   2.8285175465199206E-009
          17          33  -9.4072600483618619E-010
          17          34   1.3197537703520935E-009
          17          35  -3.9551888572068213E-010
          17          36  -8.6088142303896391E-010
          17          37   5.3063349323536093E-010
          17          38   1.5183666505791261E-009
          17          39  -4.4005684029927277E-010
          18           1   1.3204790998644954E-002
          18           2  -4.8558948147590833E-002
          18           3   5.0069064025926437E-010
          18           4  -4.3617676852982090E-010
          18           5   1.5398959614814588E-010
          18           6  0.11897938331999108     
          18           7  -1.7078854974073107E-009
          18           8   1.4828047250632886E-009
          18           9  -5.1935322684135395E-010
          18          10 -0.30551064797281591     
          18          11   3.1426795638371724E-009
          18          12  -2.6566089087670198E-009
          18          13   9.3874738412363453E-010
          18          14  0.55214040779253448     
          18          15  -7.9670146730208641E-010
          18          16  -1.5732645381726484E-011
          18          17   1.4720704027186159E-010
          18          18  0.34649340734397543     
          18          19  -6.6365091758995980E-010
          18          20  -1.3063447177908647E-010
          18          21   4.7758143964481870E-010
          18          22   7.1614135506547680E-004
          18          23   5.1545306120913860E-010
          18          24   7.1614316611961484E-004
          18          25  -3.9855393263179172E-011
          18          26  -1.1090472212876086E-009
          18          27   7.1614341972194300E-004
          18          28   1.2520749898958889E-003
          18          29  -1.1224411333367324E-009
          18          30   1.2520708373805305E-003
          18          31   4.3790871927472440E-011
          18          32   2.5872834869732364E-009
          18          33   1.2520701032958403E-003
          18          34   3.3505470507957818E-003
          18          35  -5.9824726142654190E-010
          18          36   3.3505445726315078E-003
          18          37   3.7079246982903341E-011
          18          38   1.5493641719504442E-009
          18          39   3.3505442200326735E-003
          19           1  -1.8103657890495264E-011
          19           2   7.4447905173547738E-011
          19           3  -9.9059927674419943E-003
          19           4  -1.1645278033394155E-010
          19           5   7.9034399847408769E-011
          19           6  -1.7957204906954021E-010
          19           7   2.1810874981543472E-002
          19           8   4.0152436931076453E-010
          19           9  -2.6856609265794998E-010
          19          10   4.6507986327832998E-010
          19          11  -3.6905740899591914E-002
          19          12  -7.3545557304326021E-010
          19          13   4.7504940981109654E-010
          19          14  -9.3964934674670688E-010
          19          15  -1.3427765867120196E-003
          19          16  -4.3834297245237413E-011
          19          17   9.8446040144044943E-012
          19          18  -6.6365091758995980E-010
          19          19   5.2838683735732784E-004
          19          20   2.0602704293654878E-011
          19          21  -2.7187317020402970E-012
          19          22   2.5631320208535697E-010
          19          23  -9.5797733513243764E-011
          19          24  -2.4028084727861925E-010
          19          25   2.0992252216125437E-010
          19          26   3.3215991737144343E-010
          19          27  -1.8926450340666463E-011
          19          28  -5.9189885397528644E-010
          19          29   2.2979529651892444E-010
          19          30   5.7444530551956278E-010
          19          31  -4.9282586972686036E-010
          19          32  -7.6071906934976710E-010
          19          33   2.3927480312083491E-011
          19          34  -3.3142297362639287E-010
          19          35   1.3675718228758660E-010
          19          36   3.0265956459471748E-010
          19          37  -2.5958377108061240E-010
          19          38  -4.0429918527942066E-010
          19          39  -2.5884440280731629E-011
          20           1  -6.0803280852044194E-012
          20           2   2.4254949012405254E-011
          20           3  -1.2423584363552683E-010
          20           4  -9.9059928359149663E-003
          20           5  -2.2636946313213839E-011
          20           6  -5.9275302392378620E-011
          20           7   4.1831181438190810E-010
          20           8   2.1810875217738897E-002
          20           9   8.4779118261075079E-011
          20          10   1.5650915517361773E-010
          20          11  -7.2403272542734515E-010
          20          12  -3.6905741336732162E-002
          20          13  -1.7575861874623307E-010
          20          14  -3.1785822769468212E-010
          20          15  -1.3665041804234739E-011
          20          16  -1.3427765738082118E-003
          20          17   4.0011443303963402E-012
          20          18  -1.3063447177908647E-010
          20          19   2.0602704293654878E-011
          20          20   5.2838684942427478E-004
          20          21  -3.3586943446477931E-012
          20          22   7.7617337657621433E-010
          20          23   2.1214716075505687E-010
          20          24  -4.7801490448637994E-011
          20          25   6.8207140957202709E-011
          20          26  -2.7127509368590710E-010
          20          27  -7.3077814644700218E-010
          20          28  -1.7726499973972411E-009
          20          29  -3.5321976919425599E-010
          20          30   1.8038084744325500E-010
          20          31  -2.2694256320425111E-010
          20          32   6.5972728304370292E-010
          20          33   1.5752956766442198E-009
          20          34  -9.2204261797621406E-010
          20          35  -1.9944166313185610E-010
          20          36   8.8025058388533748E-011
          20          37  -1.2298067642306310E-010
          20          38   3.4702304453174347E-010
          20          39   8.5691648195783250E-010
          21           1   1.9387654005070187E-011
          21           2  -7.7304233686187536E-011
          21           3  -3.8766705962202380E-011
          21           4   5.9901924070304672E-011
