           1           1   2.2104283581953106     
           1           2 -0.81094163789464191     
           1           3   1.1442672018489416E-013
           1           4  -1.3061206102242181E-013
           1           5   2.1148207767229608E-012
           1           6  0.45122908737379580     
           1           7  -1.1195240771768861E-013
           1           8   3.7662996539434058E-015
           1           9   1.6416990020736744E-013
           1          10 -0.66793922586765975     
           1          11   3.9706377502520077E-014
           1          12   2.9336649264099892E-014
           1          13  -3.5699657702699303E-014
           1          14  -6.6884273413021292E-003
           1          15   3.9899913428197223E-016
           1          16  -7.8087113962808872E-015
           1          17   2.1358136156723304E-015
           1          18   5.7883153490342724E-003
           1          19   5.8307805064175053E-015
           1          20  -2.2249123020962350E-015
           1          21   1.3378992919032390E-014
           1          22  -1.6386487681652323E-002
           1          23   2.5019096774168962E-013
           1          24  -1.6386487681594543E-002
           1          25   5.7713959269011617E-014
           1          26   1.0163401711157757E-013
           1          27  -1.6386487681649478E-002
           1          28  0.22111629420452172     
           1          29   1.6728363285587319E-015
           1          30  0.22111629420453344     
           1          31  -2.8084105251789395E-014
           1          32   3.4007408788933385E-015
           1          33  0.22111629420452031     
           1          34   2.6106905619010259E-002
           1          35  -1.3148251391217002E-015
           1          36   2.6106905619021934E-002
           1          37   2.9320203961181085E-014
           1          38   2.1308761283516526E-015
           1          39   2.6106905619024449E-002
           2           1 -0.81094163789464191     
           2           2   3.2942479572661520     
           2           3  -3.6441985011401495E-013
           2           4   3.4858227984992024E-013
           2           5  -5.3490495504612350E-012
           2           6 -0.59249582712604765     
           2           7   4.1464984311815903E-013
           2           8  -2.5217570222209812E-014
           2           9  -5.0068461783356676E-013
           2          10   3.5081347249332739     
           2          11  -1.1901511752918213E-013
           2          12  -9.8636886320028376E-014
           2          13   1.0158085212615593E-013
           2          14   1.9879358113239091E-002
           2          15  -1.0984522931151523E-014
           2          16   3.5281332311624647E-014
           2          17   1.2897081301505136E-015
           2          18  -2.2005342636462387E-002
           2          19  -2.1508907756877703E-014
           2          20   1.6980826319451899E-015
           2          21  -4.7639073977764089E-014
           2          22 -0.60873393613271087     
           2          23  -9.5618387453068232E-013
           2          24 -0.60873393613296567     
           2          25  -2.1750579196905022E-013
           2          26  -3.8568789174903696E-013
           2          27 -0.60873393613273152     
           2          28  -1.2072069340896869     
           2          29  -1.2364850822224035E-014
           2          30  -1.2072069340897253     
           2          31   1.0817083807705792E-013
           2          32  -1.1473777888354591E-014
           2          33  -1.2072069340896709     
           2          34 -0.11288972286264361     
           2          35   5.2559323773032227E-015
           2          36 -0.11288972286269516     
           2          37  -1.1990006618516504E-013
           2          38  -5.5766570957912258E-015
           2          39 -0.11288972286269883     
           3           1   1.1442672018489416E-013
           3           2  -3.6441985011401495E-013
           3           3   2.4125644213910422     
           3           4  -3.0976523429649046E-014
           3           5   2.5628284217038555E-013
           3           6   3.6772248017560890E-013
           3           7  -1.1290471542001068     
           3           8   5.4935223037234202E-014
           3           9  -4.4686476741162412E-014
           3          10  -2.1001120749279123E-013
           3          11  0.40435949519694780     
           3          12  -5.3186621773460809E-015
           3          13   9.2585661359833871E-014
           3          14   2.5496679860590445E-013
           3          15  -3.9760250545787051E-002
           3          16  -7.7956738286921986E-014
           3          17  -2.4216739724636208E-014
           3          18  -2.0491701069974867E-013
           3          19   2.1377546968435475E-002
           3          20  -3.3612218910960739E-014
           3          21  -1.2446185575221220E-013
           3          22  -2.6721874088363659E-013
           3          23   5.2294061981270634E-012
           3          24   1.1257196223303383E-013
           3          25   9.2209277758202141E-013
           3          26   2.1422635535660385E-012
           3          27   1.4132260531092156E-013
           3          28  -6.7712609821553939E-014
           3          29  -5.5169514238737683E-014
           3          30   1.0333457173151561E-013
           3          31   8.7673554463980126E-014
           3          32  -3.6925876494596855E-013
           3          33   8.3461638739586230E-014
           3          34  -3.3111936240905217E-014
           3          35   2.1890729765000432E-013
           3          36  -1.2514770100946680E-014
           3          37   1.8540035470577223E-014
           3          38   1.3580127799157325E-013
           3          39  -8.9411048671610598E-014
           4           1  -1.3061206102242181E-013
           4           2   3.4858227984992024E-013
           4           3  -3.0976523429649046E-014
           4           4   2.4125644213910102     
           4           5   3.7492751958634324E-013
           4           6  -3.9280775102638123E-013
           4           7   5.2461507360491231E-014
           4           8  -1.1290471542000755     
           4           9   3.8108405320258700E-014
           4          10  -1.8637210481392542E-014
           4          11   4.7097742372769297E-014
           4          12  0.40435949519700376     
           4          13  -3.9766800963292692E-014
           4          14   2.7669682074695203E-013
           4          15  -1.2051427564219321E-013
           4          16  -3.9760250545839870E-002
           4          17   1.0202364127132015E-013
           4          18  -1.7037494907697220E-013
           4          19   7.9144373346663327E-014
           4          20   2.1377546968409968E-002
           4          21  -1.7942093123723831E-013
           4          22   8.2888554176787499E-013
           4          23   3.7118498581403980E-013
           4          24  -4.8830865276516229E-013
           4          25   1.3383557818773624E-013
           4          26   2.4094189719646712E-013
           4          27   2.3647088960000024E-013
           4          28  -1.5476736296638951E-013
           4          29   2.5910347439605375E-014
           4          30   1.3503998204984810E-013
           4          31   9.0743975807330762E-014
           4          32  -3.3745088880192942E-013
           4          33  -7.0818507368896595E-014
           4          34  -4.7367557883909407E-014
           4          35   1.1181543117713711E-013
           4          36  -5.3460506191982608E-014
           4          37  -8.4334867001394813E-014
           4          38   1.1427838925533426E-013
           4          39  -1.5549649961177312E-014
           5           1   2.1148207767229608E-012
           5           2  -5.3490495504612350E-012
           5           3   2.5628284217038555E-013
           5           4   3.7492751958634324E-013
           5           5   2.4125644213909281     
           5           6   7.7131346188492264E-012
           5           7  -2.8966759546555900E-013
           5           8  -8.7324418529544080E-013
           5           9  -1.1290471542002642     
           5          10  -1.0722961255579175E-012
           5          11  -1.7407533747793031E-012
           5          12   9.7977181923165931E-015
           5          13  0.40435949519851977     
           5          14  -1.6476095128772037E-012
           5          15   2.5177919645014150E-012
           5          16  -1.3303338465553433E-012
           5          17  -3.9760250547886414E-002
           5          18   6.9633895587040694E-013
           5          19  -1.8049106046552636E-012
           5          20   1.6790181441364575E-012
           5          21   2.1377546970056997E-002
           5          22  -3.8965972517409407E-012
           5          23  -3.2318353044001899E-012
           5          24  -4.4289096368420737E-012
           5          25  -1.1163889940631441E-012
           5          26  -2.0447032624063471E-012
           5          27  -3.6701570420801654E-012
           5          28   4.5026015740527731E-013
           5          29  -2.1495036401820819E-013
           5          30  -5.6263834467839075E-013
           5          31   6.1964850918922945E-014
           5          32   2.1609774701763206E-012
           5          33   7.6653917960017920E-013
           5          34   5.4649043618786221E-013
           5          35  -3.1644471350762837E-013
           5          36   1.5283578171215187E-013
           5          37   8.7802379818479506E-013
           5          38  -6.3525874765350191E-013
           5          39  -4.2088856058962609E-013
           6           1  0.45122908737379580     
           6           2 -0.59249582712604765     
           6           3   3.6772248017560890E-013
           6           4  -3.9280775102638123E-013
           6           5   7.7131346188492264E-012
           6           6   2.1950422820206477     
           6           7  -7.1733597517529802E-013
           6           8  -7.1027166004994645E-014
           6           9   7.5152552082007004E-013
           6          10  -4.7943296676125140     
           6          11   2.9436212663778630E-013
           6          12   2.5911950619386448E-013
           6          13  -3.4702925629687254E-013
           6          14  -2.3342544798552217E-002
           6          15   1.1953530626004445E-014
           6          16  -6.6937958060060024E-014
           6          17   6.4691719601999169E-015
           6          18   3.6978699831026030E-002
           6          19   4.7936137978851658E-014
           6          20   4.4267191692410381E-015
           6          21   7.7356376672866464E-014
           6          22  0.22816058632540492     
           6          23   4.6081086072721354E-013
           6          24  0.22816058632312430     
           6          25   1.9068932133121501E-013
           6          26   2.6596108524191106E-013
           6          27  0.22816058632428665     
           6          28   1.5833450353611853     
           6          29   5.1244603509166733E-014
           6          30   1.5833450353615555     
           6          31  -1.5187640284881578E-013
           6          32   4.4404676804991428E-014
           6          33   1.5833450353614058     
           6          34  0.17986206655739220     
           6          35  -3.3384232796933035E-014
           6          36  0.17986206655739487     
           6          37   2.0382868441725886E-013
           6          38   5.0597429135400014E-015
           6          39  0.17986206655744158     
           7           1  -1.1195240771768861E-013
           7           2   4.1464984311815903E-013
           7           3  -1.1290471542001068     
           7           4   5.2461507360491231E-014
           7           5  -2.8966759546555900E-013
           7           6  -7.1733597517529802E-013
           7           7   3.1492459721231376     
           7           8  -1.4188650254709723E-013
           7           9   2.5840440898149960E-014
           7          10   2.4869899656192069E-014
           7          11  -1.4805982430278251     
           7          12  -3.6082248300278318E-015
           7          13  -1.8243739852152771E-013
           7          14  -7.9515610167611550E-013
           7          15  0.13745183554456403     
           7          16   1.4099832412739564E-013
           7          17   6.2037180947882323E-014
           7          18   6.9278513314322016E-013
           7          19  -7.4135831159822099E-002
           7          20   1.7415062447678648E-013
           7          21   4.4881980076905359E-013
           7          22   6.0437511577089994E-013
           7          23  -1.1195782032054689E-011
           7          24  -3.6824598591219902E-013
           7          25  -1.9447428095483668E-012
           7          26  -4.8065858873064879E-012
           7          27  -4.5889465146654875E-013
           7          28   6.3886981054802438E-013
           7          29   1.0316638009671531E-014
           7          30  -1.4192212496455521E-013
           7          31  -3.6803938265450448E-013
           7          32   1.3304331741435506E-012
           7          33   6.3364438082808601E-015
           7          34   1.4876096582513867E-014
           7          35  -6.6222481995446255E-013
           7          36   2.4500169661390384E-014
           7          37  -2.4624136256582150E-014
           7          38  -4.0491668375536635E-013
           7          39   2.0966877713510296E-013
           8           1   3.7662996539434058E-015
           8           2  -2.5217570222209812E-014
           8           3   5.4935223037234202E-014
           8           4  -1.1290471542000755     
           8           5  -8.7324418529544080E-013
           8           6  -7.1027166004994645E-014
           8           7  -1.4188650254709723E-013
           8           8   3.1492459721231327     
           8           9  -6.9548533598862882E-014
           8          10  -1.1264020020867006E-013
           8          11   2.9060087669563831E-013
           8          12  -1.4805982430278788     
           8          13  -1.8446355554146845E-013
           8          14  -4.1084841573893086E-013
           8          15  -2.3330122556063981E-013
           8          16  0.13745183554496396     
           8          17   8.9714694007093845E-014
           8          18   3.8596727432519688E-013
           8          19   1.6893691306973594E-013
           8          20  -7.4135831160021690E-002
           8          21   2.6787339707511974E-013
           8          22  -1.6585524595811398E-012
           8          23  -7.2696951666641111E-013
           8          24   1.9359895018002946E-012
           8          25  -1.5987199237370535E-013
           8          26  -5.1747692452253127E-013
           8          27  -1.7150774983818623E-013
           8          28   6.9084720490241275E-013
           8          29  -9.1219172546516284E-014
           8          30  -1.7109225484400058E-013
           8          31  -3.1867275770682305E-013
           8          32   7.8140724615381273E-013
           8          33   1.8825626099504513E-013
           8          34  -7.6567763881527829E-014
           8          35  -3.4269253705576345E-013
           8          36   6.4172825584220979E-014
           8          37   5.9798956672668554E-014
           8          38  -2.1765020723366588E-013
           8          39   6.2871307852148741E-014
           9           1   1.6416990020736744E-013
           9           2  -5.0068461783356676E-013
           9           3  -4.4686476741162412E-014
           9           4   3.8108405320258700E-014
           9           5  -1.1290471542002642     
           9           6   7.5152552082007004E-013
           9           7   2.5840440898149960E-014
           9           8  -6.9548533598862882E-014
           9           9   3.1492459721233299     
           9          10  -7.1735266056990227E-013
           9          11  -5.2208237732996794E-014
           9          12   2.3318846853470788E-013
           9          13  -1.4805982430280014     
           9          14  -1.8514547295373673E-013
           9          15   3.7311473355394662E-013
           9          16   6.7488549471141938E-014
           9          17  0.13745183554490961     
           9          18  -5.6693231131068704E-014
           9          19  -2.6915535772386983E-013
           9          20  -2.5955236224173450E-013
           9          21  -7.4135831160254392E-002
           9          22  -1.1958737988712945E-012
           9          23   8.4576152184988238E-012
           9          24   1.4856213456563872E-013
           9          25   1.2581129464571239E-012
           9          26   3.8038851155912085E-012
           9          27   7.1564365493923706E-013
           9          28  -3.1343035964515536E-013
           9          29  -8.4829947762921843E-015
           9          30   6.8538258178250573E-013
           9          31   3.2114692709302045E-014
           9          32  -8.4500952124754239E-013
           9          33   3.7517153981685670E-013
           9          34   3.5037471892543529E-013
           9          35   3.6245939290488703E-013
           9          36   2.5435852587988000E-013
           9          37   1.9935577870496138E-013
           9          38   2.2301089152230342E-013
           9          39  -1.0519411029883550E-013
          10           1 -0.66793922586765975     
          10           2   3.5081347249332739     
          10           3  -2.1001120749279123E-013
          10           4  -1.8637210481392542E-014
          10           5  -1.0722961255579175E-012
          10           6  -4.7943296676125140     
          10           7   2.4869899656192069E-014
          10           8  -1.1264020020867006E-013
          10           9  -7.1735266056990227E-013
          10          10   49.422704599288160     
          10          11   1.4364134806451566E-012
          10          12   6.9492960604581374E-013
          10          13   4.0923677935703063E-014
          10          14  0.84324204678612180     
          10          15  -2.4500271035668756E-013
          10          16   2.8982577148745848E-013
          10          17   2.4578520902452388E-013
          10          18 -0.61429302282780451     
          10          19   2.2000942963503402E-014
          10          20  -1.5552483315877310E-013
          10          21  -2.5297446302937048E-013
          10          22  -1.3357969473463487     
          10          23  -1.6476766640298820E-011
          10          24  -1.3357969473477649     
          10          25  -3.3805587270836712E-012
          10          26  -6.0610783137712406E-012
          10          27  -1.3357969473469964     
          10          28  -18.306534799026352     
          10          29  -3.0687826996661591E-014
          10          30  -18.306534799025787     
          10          31   7.8426927400438972E-013
          10          32   2.2716850014274416E-013
          10          33  -18.306534799026405     
          10          34  -2.6547142204552276     
          10          35  -6.7796479715839480E-014
          10          36  -2.6547142204560803     
          10          37  -4.8425538202356943E-013
          10          38  -2.8261264652964660E-013
          10          39  -2.6547142204554270     
          11           1   3.9706377502520077E-014
          11           2  -1.1901511752918213E-013
          11           3  0.40435949519694780     
          11           4   4.7097742372769297E-014
          11           5  -1.7407533747793031E-012
          11           6   2.9436212663778630E-013
          11           7  -1.4805982430278251     
          11           8   2.9060087669563831E-013
          11           9  -5.2208237732996794E-014
          11          10   1.4364134806451566E-012
          11          11   2.7491389312478418     
          11          12  -2.6756374893472694E-014
          11          13   1.9806378759312558E-013
          11          14   9.0291674071921719E-013
          11          15 -0.20719135751957318     
          11          16  -7.2747363688563862E-014
          11          17  -1.4887396870832911E-013
          11          18  -1.0956006171734598E-012
          11          19  0.11355636256555286     
          11          20  -2.5612151288711834E-013
          11          21  -7.5615208539048593E-013
          11          22   5.2989540721102975E-013
          11          23   2.6355974574799692E-012
          11          24  -5.9456644317102984E-013
          11          25   3.6279515449017967E-013
          11          26   1.8858132232375692E-012
          11          27   1.1772034632950327E-013
          11          28  -2.0803671917875852E-012
          11          29   3.4050694816255361E-013
          11          30  -1.0871896919361721E-013
          11          31   8.8066846917933385E-013
          11          32  -2.5730526367377855E-012
          11          33  -6.5733568178904391E-013
          11          34   3.4796173452761554E-013
          11          35   9.9070813867365687E-013
          11          36   4.2108245074162925E-014
          11          37   3.5038650791606745E-014
          11          38   5.8790725002485015E-013
          11          39  -1.8019068431921317E-013
          12           1   2.9336649264099892E-014
          12           2  -9.8636886320028376E-014
          12           3  -5.3186621773460809E-015
          12           4  0.40435949519700376     
          12           5   9.7977181923165931E-015
          12           6   2.5911950619386448E-013
          12           7  -3.6082248300278318E-015
          12           8  -1.4805982430278788     
          12           9   2.3318846853470788E-013
          12          10   6.9492960604581374E-013
          12          11  -2.6756374893472694E-014
          12          12   2.7491389312480448     
          12          13   4.1522341120978255E-014
          12          14   5.9292330056734730E-013
          12          15   3.1134470002135675E-013
          12          16 -0.20719135752008430     
          12          17  -9.0641036343266281E-014
          12          18  -7.2474815127298326E-013
          12          19  -2.2944320055006658E-013
          12          20  0.11355636256573584     
          12          21  -5.2715037196503783E-013
          12          22   2.4167962628638932E-013
          12          23   6.9619526998466077E-013
          12          24  -3.5257889465543770E-013
          12          25   2.5886036358828969E-014
          12          26   7.6800249520736954E-013
          12          27   1.2866132457988649E-013
          12          28  -1.3044327155008205E-012
          12          29   2.4448471584565844E-013
          12          30  -1.9833462379463096E-014
          12          31   5.2654848044143968E-013
          12          32  -1.6171431045194490E-012
          12          33  -3.7779707438247443E-013
          12          34   2.2553182078557462E-013
          12          35   6.3558935801475415E-013
          12          36   5.1860196230284549E-014
          12          37   4.6181518511591096E-015
          12          38   3.5941288058536197E-013
          12          39  -8.9730332629836938E-014
          13           1  -3.5699657702699303E-014
          13           2   1.0158085212615593E-013
          13           3   9.2585661359833871E-014
          13           4  -3.9766800963292692E-014
          13           5  0.40435949519851977     
          13           6  -3.4702925629687254E-013
          13           7  -1.8243739852152771E-013
          13           8  -1.8446355554146845E-013
          13           9  -1.4805982430280014     
          13          10   4.0923677935703063E-014
          13          11   1.9806378759312558E-013
          13          12   4.1522341120978255E-014
          13          13   2.7491389312479306     
          13          14  -3.7459154105377074E-014
          13          15  -5.5617489780335044E-013
          13          16   3.0933589023614915E-014
          13          17 -0.20719135752000992     
          13          18   2.6215892028683599E-013
          13          19   4.5049207419988973E-013
          13          20   1.7136812802132349E-013
          13          21  0.11355636256620244     
          13          22   4.8194519003256665E-015
          13          23  -5.6999494519978888E-015
          13          24   2.9069426328596010E-013
          13          25   8.7535009671502467E-014
          13          26  -4.9445800948280425E-013
          13          27  -8.5193390570481686E-014
          13          28   1.1390737861556383E-012
          13          29  -2.9426756297867961E-013
          13          30  -1.0444783687913581E-012
          13          31  -3.0874586791312870E-013
          13          32   1.5035885201248453E-012
          13          33   2.9855926991523518E-013
          13          34  -5.0920993306833097E-013
          13          35  -3.7262730619936508E-013
          13          36  -1.1147910326463432E-013
          13          37   3.2424330758295144E-014
          13          38  -4.2449894572526621E-013
          13          39  -3.5054649842521687E-014
          14           1  -6.6884273413021292E-003
          14           2   1.9879358113239091E-002
          14           3   2.5496679860590445E-013
          14           4   2.7669682074695203E-013
          14           5  -1.6476095128772037E-012
          14           6  -2.3342544798552217E-002
          14           7  -7.9515610167611550E-013
          14           8  -4.1084841573893086E-013
          14           9  -1.8514547295373673E-013
          14          10  0.84324204678612180     
          14          11   9.0291674071921719E-013
          14          12   5.9292330056734730E-013
          14          13  -3.7459154105377074E-014
          14          14   6.2288554312307551E-002
          14          15  -5.3678482855366493E-014
          14          16  -3.8563395044856028E-014
          14          17   1.9523285279728799E-014
          14          18  -4.8204202168870280E-003
          14          19   2.6676085930224834E-014
          14          20   1.5780856908819967E-014
          14          21  -1.6170127590891753E-014
          14          22  -1.4706289085668595E-002
          14          23  -1.8074865223541184E-012
          14          24  -1.4706289085840971E-002
          14          25  -3.7693415839412522E-013
          14          26  -7.3599883769885265E-013
          14          27  -1.4706289085776293E-002
          14          28 -0.35168256442541962     
          14          29   1.9112592342168257E-014
          14          30 -0.35168256442555978     
          14          31   1.3449831874965219E-013
          14          32  -3.4542221413241132E-014
          14          33 -0.35168256442507639     
          14          34  -3.3336681369258575E-003
          14          35  -2.1806608259802146E-014
          14          36  -3.3336681369517812E-003
          14          37   1.4131155249564515E-014
          14          38  -1.2019655531559966E-014
          14          39  -3.3336681369403667E-003
          15           1   3.9899913428197223E-016
          15           2  -1.0984522931151523E-014
          15           3  -3.9760250545787051E-002
          15           4  -1.2051427564219321E-013
          15           5   2.5177919645014150E-012
          15           6   1.1953530626004445E-014
          15           7  0.13745183554456403     
          15           8  -2.3330122556063981E-013
          15           9   3.7311473355394662E-013
          15          10  -2.4500271035668756E-013
          15          11 -0.20719135751957318     
          15          12   3.1134470002135675E-013
          15          13  -5.5617489780335044E-013
          15          14  -5.3678482855366493E-014
          15          15   1.7885030450906881E-002
          15          16  -1.0980149081635229E-014
          15          17   3.6757923094209639E-014
          15          18   5.5706423504921249E-014
          15          19  -9.5746936073332501E-003
          15          20   2.2075657274416889E-014
          15          21   1.9135192562406984E-014
          15          22   3.5314176851145382E-014
          15          23   8.2364087944263946E-013
          15          24  -1.7576685781663622E-014
          15          25   1.0554246634570203E-013
          15          26   2.1038735390115127E-013
          15          27  -7.7245714454921598E-015
          15          28   1.5433299202330737E-013
          15          29   1.8425501577661194E-015
          15          30  -8.9408393529341331E-015
          15          31  -2.8921344398716459E-015
          15          32   8.4775984078931198E-014
          15          33   1.7566867804810423E-013
          15          34  -9.1729336367977003E-015
          15          35  -3.5213265591726472E-014
          15          36   1.8016404250300064E-015
          15          37   9.7328205220357914E-016
          15          38  -2.5239366500018689E-014
          15          39   1.6100776957418678E-014
          16           1  -7.8087113962808872E-015
          16           2   3.5281332311624647E-014
          16           3  -7.7956738286921986E-014
          16           4  -3.9760250545839870E-002
          16           5  -1.3303338465553433E-012
          16           6  -6.6937958060060024E-014
          16           7   1.4099832412739564E-013
          16           8  0.13745183554496396     
          16           9   6.7488549471141938E-014
          16          10   2.8982577148745848E-013
          16          11  -7.2747363688563862E-014
          16          12 -0.20719135752008430     
          16          13   3.0933589023614915E-014
          16          14  -3.8563395044856028E-014
          16          15  -1.0980149081635229E-014
          16          16   1.7885030450958000E-002
          16          17   2.8491748890685363E-015
          16          18   2.7388476080354262E-014
          16          19   8.7715208360641371E-015
          16          20  -9.5746936073582561E-003
          16          21   2.6392354014063100E-014
          16          22  -5.0965205519318728E-014
          16          23  -9.3995105003973016E-013
          16          24   1.5498387924956874E-014
          16          25  -2.5403667228255219E-013
          16          26  -4.7324606309830228E-013
          16          27   1.6305208025730718E-014
          16          28  -4.2373537029586210E-014
          16          29  -4.3130073231015793E-015
          16          30  -4.0470396965410331E-014
          16          31   3.2434461234237496E-015
          16          32   6.5103031550941881E-014
          16          33  -1.9244611468480860E-013
          16          34  -4.8613646705855920E-014
          16          35  -4.0657615700574137E-014
          16          36  -3.8530561282745445E-014
          16          37  -2.6283174742268533E-015
          16          38  -2.3486993317842044E-014
          16          39  -3.3803337250754393E-014
          17           1   2.1358136156723304E-015
          17           2   1.2897081301505136E-015
          17           3  -2.4216739724636208E-014
          17           4   1.0202364127132015E-013
          17           5  -3.9760250547886414E-002
          17           6   6.4691719601999169E-015
          17           7   6.2037180947882323E-014
          17           8   8.9714694007093845E-014
          17           9  0.13745183554490961     
          17          10   2.4578520902452388E-013
          17          11  -1.4887396870832911E-013
          17          12  -9.0641036343266281E-014
          17          13 -0.20719135752000992     
          17          14   1.9523285279728799E-014
          17          15   3.6757923094209639E-014
          17          16   2.8491748890685363E-015
          17          17   1.7885030450946637E-002
          17          18  -1.3725270667422255E-014
          17          19  -2.7963579802420450E-014
          17          20  -1.1034359190252657E-014
          17          21  -9.5746936073758480E-003
          17          22   1.9389310555854587E-014
          17          23   8.9440686303470646E-013
          17          24  -4.4614607705304211E-014
          17          25   1.8086302705653529E-013
          17          26   3.8205230875973049E-013
          17          27  -1.8354967544784603E-014
          17          28  -1.8349040640324964E-013
          17          29   2.3771365507886251E-015
          17          30  -1.0261018519453713E-013
          17          31  -8.2622400096801721E-015
          17          32  -5.2676887470821472E-014
          17          33  -1.0298555747489566E-013
          17          34   2.0843449559332845E-014
          17          35   3.0491865938896831E-014
          17          36   1.8745146982471074E-015
          17          37   3.3926035968895223E-015
          17          38   2.4873331896341716E-014
          17          39  -4.6484232760563085E-015
          18           1   5.7883153490342724E-003
          18           2  -2.2005342636462387E-002
          18           3  -2.0491701069974867E-013
          18           4  -1.7037494907697220E-013
          18           5   6.9633895587040694E-013
          18           6   3.6978699831026030E-002
          18           7   6.9278513314322016E-013
          18           8   3.8596727432519688E-013
          18           9  -5.6693231131068704E-014
          18          10 -0.61429302282780451     
          18          11  -1.0956006171734598E-012
          18          12  -7.2474815127298326E-013
          18          13   2.6215892028683599E-013
          18          14  -4.8204202168870280E-003
          18          15   5.5706423504921249E-014
          18          16   2.7388476080354262E-014
          18          17  -1.3725270667422255E-014
          18          18   1.1279344563270382E-002
          18          19  -3.4126772277894324E-014
          18          20  -1.7287294624748749E-014
          18          21   9.1499913227214084E-015
          18          22   8.6573153608163703E-003
          18          23   2.3451774896630778E-013
          18          24   8.6573153605826372E-003
          18          25   5.9879725934929292E-014
          18          26   1.4882126836517231E-013
          18          27   8.6573153606628733E-003
          18          28  0.24600109624837296     
          18          29  -4.7957824807455062E-015
          18          30  0.24600109624843436     
          18          31  -2.9720186701179877E-014
          18          32  -1.3726070527889660E-015
          18          33  0.24600109624827060     
          18          34   5.1598753813270476E-002
          18          35   4.1441549393371186E-015
          18          36   5.1598753813272807E-002
          18          37   7.9175964940823171E-015
          18          38   6.3218755839841311E-015
          18          39   5.1598753813261247E-002
          19           1   5.8307805064175053E-015
          19           2  -2.1508907756877703E-014
          19           3   2.1377546968435475E-002
          19           4   7.9144373346663327E-014
          19           5  -1.8049106046552636E-012
          19           6   4.7936137978851658E-014
          19           7  -7.4135831159822099E-002
          19           8   1.6893691306973594E-013
          19           9  -2.6915535772386983E-013
          19          10   2.2000942963503402E-014
          19          11  0.11355636256555286     
          19          12  -2.2944320055006658E-013
          19          13   4.5049207419988973E-013
          19          14   2.6676085930224834E-014
          19          15  -9.5746936073332501E-003
          19          16   8.7715208360641371E-015
          19          17  -2.7963579802420450E-014
          19          18  -3.4126772277894324E-014
          19          19   5.1467367768449849E-003
          19          20  -1.4600245925453521E-014
          19          21  -8.2514832640220648E-015
          19          22   6.0595533996208619E-014
          19          23   6.0667429825447739E-013
          19          24  -2.7208022138852698E-014
          19          25   1.3464893577440373E-013
          19          26   2.7451976114234937E-013
          19          27  -2.4436388277275273E-014
          19          28  -7.4928285093440374E-014
          19          29  -2.9745291567872914E-015
          19          30   3.3326065297013139E-014
          19          31  -1.0926196611521443E-014
          19          32  -6.6249465504299690E-014
          19          33  -8.1967898453249111E-014
          19          34   4.6184712176069944E-015
          19          35   3.7211360985300241E-014
          19          36  -6.6197081948543344E-015
          19          37   1.8846648986765707E-015
          19          38   2.0714805917197152E-014
          19          39  -1.4190263090160250E-014
          20           1  -2.2249123020962350E-015
          20           2   1.6980826319451899E-015
          20           3  -3.3612218910960739E-014
          20           4   2.1377546968409968E-002
          20           5   1.6790181441364575E-012
          20           6   4.4267191692410381E-015
          20           7   1.7415062447678648E-013
          20           8  -7.4135831160021690E-002
          20           9  -2.5955236224173450E-013
          20          10  -1.5552483315877310E-013
          20          11  -2.5612151288711834E-013
          20          12  0.11355636256573584     
          20          13   1.7136812802132349E-013
          20          14   1.5780856908819967E-014
          20          15   2.2075657274416889E-014
          20          16  -9.5746936073582561E-003
          20          17  -1.1034359190252657E-014
          20          18  -1.7287294624748749E-014
          20          19  -1.4600245925453521E-014
          20          20   5.1467367768564497E-003
          20          21  -1.0414087127379324E-014
          20          22  -1.8530516406614525E-013
          20          23  -1.3385842069575215E-013
          20          24   1.9871582714886468E-013
          20          25   3.9653781906952639E-014
          20          26   3.3274790652111655E-014
          20          27  -1.2615379913225152E-014
          20          28   4.8677314369352847E-014
          20          29   1.8685709574290092E-014
          20          30  -5.3835638889699358E-015
          20          31  -5.1492751491446397E-015
          20          32  -3.3505915916874001E-014
          20          33   1.3231917664133605E-013
          20          34   1.6331873267660185E-014
          20          35   1.4718646178451873E-014
          20          36   2.5589331912619829E-014
          20          37   8.4482938630758813E-017
          20          38   1.0654926134691131E-014
          20          39   1.5901667649175172E-014
          21           1   1.3378992919032390E-014
          21           2  -4.7639073977764089E-014
          21           3  -1.2446185575221220E-013
          21           4  -1.7942093123723831E-013
