           1           1   2.1871043250579403     
           1           2 -0.72589726027083301     
           1           3   1.0901398743246063E-014
           1           4   1.4534595498503447E-014
           1           5   1.7677838505060023E-014
           1           6  0.12960305649935552     
           1           7  -3.7959019180870385E-014
           1           8  -4.7908408398848708E-014
           1           9  -4.6725777522132363E-014
           1          10  -3.2543667223784616E-003
           1          11   9.9825637559008495E-015
           1          12   1.1352480608847152E-014
           1          13  -3.6092818614552052E-015
           1          14  -2.2348519864033652E-003
           1          15  -9.9048879054648792E-015
           1          16   5.7129364288723028E-015
           1          17   5.3866010314501088E-015
           1          18   7.3802633979786370E-002
           1          19   1.8298686290965752E-014
           1          20   7.3802633979789173E-002
           1          21   1.9549868064435517E-014
           1          22   3.5589116890174467E-014
           1          23   7.3802633979750148E-002
           1          24  -2.1201905348125008E-002
           1          25  -7.7237332454260385E-015
           1          26  -2.1201905348086771E-002
           1          27  -7.9547922833164947E-015
           1          28   4.1201482689281250E-015
           1          29  -2.1201905348103987E-002
           2           1 -0.72589726027083301     
           2           2   2.8447267044123419     
           2           3  -5.3328688696643186E-014
           2           4  -5.8749851928578544E-014
           2           5  -7.3880710146270963E-014
           2           6  -1.2689044291393753E-002
           2           7   1.5292368836168211E-013
           2           8   1.8874510932343541E-013
           2           9   1.8795891450173666E-013
           2          10   3.7016575918085881E-002
           2          11  -3.0421863973288277E-014
           2          12  -4.6513370386944725E-014
           2          13   1.7236205909594309E-014
           2          14  -1.1694701678846434E-004
           2          15   2.5937059202460439E-014
           2          16  -2.3594694026310017E-014
           2          17  -2.4935957776510727E-014
           2          18 -0.54627424835220995     
           2          19  -7.2459850997118786E-014
           2          20 -0.54627424835221960     
           2          21  -7.2569885991489916E-014
           2          22  -1.4261195888047689E-013
           2          23 -0.54627424835206173     
           2          24   3.8708468236665433E-002
           2          25   3.7198815843800373E-014
           2          26   3.8708468236517635E-002
           2          27   2.7984165584156753E-014
           2          28  -6.8867492172524301E-015
           2          29   3.8708468236595690E-002
           3           1   1.0901398743246063E-014
           3           2  -5.3328688696643186E-014
           3           3   2.2688522595739284     
           3           4   8.4405139127998433E-016
           3           5   1.9444081761356283E-015
           3           6  -1.3246563726339883E-014
           3           7 -0.78518788791765937     
           3           8   4.3801767768411926E-015
           3           9   3.7246681433561631E-015
           3          10  -5.0400523391173302E-014
           3          11   3.7518296762602592E-002
           3          12  -2.5361067683848801E-014
           3          13  -4.3253337651989112E-014
           3          14   9.0415497424947825E-015
           3          15  -2.2534745764830024E-002
           3          16   2.0155115098597988E-014
           3          17   6.1346598374117214E-014
           3          18   4.4104613694554924E-014
           3          19  -5.2237000037693676E-015
           3          20   2.7317261802826196E-014
           3          21  -4.4407092395754404E-014
           3          22  -2.4808424224707152E-014
           3          23   6.5311802572416398E-014
           3          24  -1.8315862940736431E-015
           3          25  -2.1411002638191511E-014
           3          26   6.5804547649899273E-014
           3          27  -8.4795875944628534E-015
           3          28  -3.1691808075764459E-014
           3          29   1.0981300778738810E-014
           4           1   1.4534595498503447E-014
           4           2  -5.8749851928578544E-014
           4           3   8.4405139127998433E-016
           4           4   2.2688522595739289     
           4           5  -4.0332320816437612E-016
           4           6   4.2614896053168711E-014
           4           7   1.0876716194373409E-015
           4           8 -0.78518788791766214     
           4           9  -4.2604808569996748E-015
           4          10   4.6060921252371396E-014
           4          11  -5.1341038625332647E-015
           4          12   3.7518296762609288E-002
           4          13   2.9315412198986081E-014
           4          14  -2.5565741929423362E-014
           4          15   9.2349630546876765E-015
           4          16  -2.2534745764832748E-002
           4          17  -4.2425766133731204E-014
           4          18   5.9175387475359034E-014
           4          19  -1.1540863299375818E-014
           4          20   5.0454153111211363E-014
           4          21  -4.7871358482337443E-015
           4          22   1.7968362021194550E-014
           4          23   4.8035897525008721E-014
           4          24   2.8299816101313753E-015
           4          25   2.0232424950523478E-014
           4          26  -4.4529230984159597E-014
           4          27   1.3672902554627257E-014
           4          28   1.3874318827252521E-014
           4          29   9.0207314642199151E-017
           5           1   1.7677838505060023E-014
           5           2  -7.3880710146270963E-014
           5           3   1.9444081761356283E-015
           5           4  -4.0332320816437612E-016
           5           5   2.2688522595739271     
           5           6   5.8384724331419040E-014
           5           7  -3.4681459093469377E-015
           5           8   2.8796409701207247E-015
           5           9 -0.78518788791765570     
           5          10   9.8474828288196644E-016
           5          11   1.9565783455224557E-015
           5          12  -9.1412812107292900E-016
           5          13   3.7518296762584398E-002
           5          14   1.8207575369842771E-015
           5          15  -3.5695865751106033E-015
           5          16   3.3787805452856276E-016
           5          17  -2.2534745764814231E-002
           5          18   7.2487270362223371E-014
           5          19   4.4750660671131985E-015
           5          20   2.2574311873048809E-014
           5          21   8.0645697041381435E-015
           5          22  -6.6894647792477055E-015
           5          23   4.2561324649032399E-014
           5          24   1.3635524555140926E-015
           5          25  -7.4229782795310317E-015
           5          26   8.6672391125313104E-015
           5          27  -3.6263894701368226E-015
           5          28  -3.4789829479205108E-015
           5          29  -7.8797283562751237E-015
           6           1  0.12960305649935552     
           6           2  -1.2689044291393753E-002
           6           3  -1.3246563726339883E-014
           6           4   4.2614896053168711E-014
           6           5   5.8384724331419040E-014
           6           6  0.74732802955742195     
           6           7  -2.3485944608022394E-014
           6           8  -1.6341024184378015E-013
           6           9  -1.2774469406863079E-013
           6          10   2.4651030510773986E-002
           6          11   2.0870000261321292E-014
           6          12   5.6921027233574971E-014
           6          13   7.6507248777104603E-015
           6          14  -1.7782820876591859E-002
           6          15  -2.4189392343562999E-014
           6          16  -1.3577045522762565E-014
           6          17  -6.6415263546324519E-015
           6          18  0.20338329009947570     
           6          19  -2.3098675794973456E-014
           6          20  0.20338329009963813     
           6          21   4.2207351382511832E-014
           6          22   1.1005106037903528E-013
           6          23  0.20338329009945083     
           6          24  -6.6132353391766069E-002
           6          25  -4.5907572609299640E-014
           6          26  -6.6132353391640530E-002
           6          27  -2.0598506462175586E-014
           6          28   2.1377592804895081E-014
           6          29  -6.6132353391696236E-002
           7           1  -3.7959019180870385E-014
           7           2   1.5292368836168211E-013
           7           3 -0.78518788791765937     
           7           4   1.0876716194373409E-015
           7           5  -3.4681459093469377E-015
           7           6  -2.3485944608022394E-014
           7           7   2.2922667312459657     
           7           8  -1.1197640037429435E-014
           7           9  -1.4804130143984671E-014
           7          10   1.3912431727523866E-013
           7          11  -9.4955829174347556E-002
           7          12   7.1404484430247658E-014
           7          13   1.2783410397940007E-013
           7          14  -3.3476616722384439E-014
           7          15   5.7976784914931911E-002
           7          16  -5.8658698558199876E-014
           7          17  -1.8202545590609101E-013
           7          18  -1.0423151498751068E-013
           7          19   1.3038245292631168E-014
           7          20  -8.9032592886781743E-014
           7          21   1.2970684457185196E-013
           7          22   7.1133719786255671E-014
           7          23  -1.8054961834460885E-013
           7          24   1.2064226583995266E-014
           7          25   5.7156312186456263E-014
           7          26  -1.7511134869904651E-013
           7          27   2.6626884076016137E-014
           7          28   8.6590574775400815E-014
           7          29  -2.3548746293055509E-014
           8           1  -4.7908408398848708E-014
           8           2   1.8874510932343541E-013
           8           3   4.3801767768411926E-015
           8           4 -0.78518788791766214     
           8           5   2.8796409701207247E-015
           8           6  -1.6341024184378015E-013
           8           7  -1.1197640037429435E-014
           8           8   2.2922667312459648     
           8           9   6.4809269062515246E-015
           8          10  -1.1730943168589168E-013
           8          11   1.6741274165565194E-014
           8          12  -9.4955829174349388E-002
           8          13  -7.6799833582507612E-014
           8          14   5.6343774534098382E-014
           8          15  -2.0393409183581495E-014
           8          16   5.7976784914929136E-002
           8          17   1.1441531316130823E-013
           8          18  -1.3064885220464797E-013
           8          19   2.8604252664783300E-014
           8          20  -1.0095338681259488E-013
           8          21   1.2194743856249753E-014
           8          22  -3.7872659672356400E-014
           8          23  -9.5339022761658558E-014
           8          24  -3.8280298263703232E-015
           8          25  -6.3038264890655301E-014
           8          26   1.3180768481978752E-013
           8          27  -3.2972634704770626E-014
           8          28  -4.0394813375987923E-014
           8          29   4.4533303372990026E-015
           9           1  -4.6725777522132363E-014
           9           2   1.8795891450173666E-013
           9           3   3.7246681433561631E-015
           9           4  -4.2604808569996748E-015
           9           5 -0.78518788791765570     
           9           6  -1.2774469406863079E-013
           9           7  -1.4804130143984671E-014
           9           8   6.4809269062515246E-015
           9           9   2.2922667312459479     
           9          10   2.7671326199388215E-015
           9          11   3.2013237546958443E-015
           9          12   1.3361300997915201E-015
           9          13  -9.4955829174286230E-002
           9          14  -1.0271721449665888E-014
           9          15   5.2025170196193783E-015
           9          16   1.2840206328728971E-015
           9          17   5.7976784914873430E-002
           9          18  -1.9673982075297620E-013
           9          19  -1.7730007422647795E-014
           9          20  -5.1140107111001353E-014
           9          21  -2.2456913226001692E-014
           9          22   2.5941764348348820E-014
           9          23  -1.0205132763169498E-013
           9          24  -4.4617097793751122E-015
           9          25   1.7027115158822420E-014
           9          26  -2.9698274723371078E-014
           9          27   5.5477691169366322E-015
           9          28   7.8179229283444824E-015
           9          29   1.9331308537350850E-014
          10           1  -3.2543667223784616E-003
          10           2   3.7016575918085881E-002
          10           3  -5.0400523391173302E-014
          10           4   4.6060921252371396E-014
          10           5   9.8474828288196644E-016
          10           6   2.4651030510773986E-002
          10           7   1.3912431727523866E-013
          10           8  -1.1730943168589168E-013
          10           9   2.7671326199388215E-015
          10          10   3.6775928814071268E-002
          10          11   2.4450544086164955E-015
          10          12   3.4613969210448360E-015
          10          13  -2.1356320026586967E-015
          10          14  -2.3571784658835788E-003
          10          15  -1.0284735847011062E-015
          10          16   2.0342454969878241E-015
          10          17   2.6342646877787324E-015
          10          18  -1.7328740733450448E-002
          10          19  -1.9963641455867093E-014
          10          20  -1.7328740733414054E-002
          10          21  -1.2786607209117768E-014
          10          22   2.6604757571066220E-014
          10          23  -1.7328740733461145E-002
          10          24   8.0146074911518511E-002
          10          25  -1.8428299195268829E-014
          10          26   8.0146074911531778E-002
          10          27  -1.0354021701534418E-014
          10          28   9.6499456827545088E-015
          10          29   8.0146074911522605E-002
          11           1   9.9825637559008495E-015
          11           2  -3.0421863973288277E-014
          11           3   3.7518296762602592E-002
          11           4  -5.1341038625332647E-015
          11           5   1.9565783455224557E-015
          11           6   2.0870000261321292E-014
          11           7  -9.4955829174347556E-002
          11           8   1.6741274165565194E-014
          11           9   3.2013237546958443E-015
          11          10   2.4450544086164955E-015
          11          11   7.6010958280878426E-003
          11          12  -9.8459242139311127E-017
          11          13  -2.4355299491754889E-016
          11          14  -1.3395958852005788E-015
          11          15  -4.0912420723527507E-003
          11          16   2.5484902630269543E-016
          11          17   3.7432037653495477E-016
          11          18   3.8465016465970601E-014
          11          19  -1.3925898535912106E-014
          11          20  -4.6075244834758390E-016
          11          21  -3.5822527751089193E-015
          11          22   2.1342190540334216E-014
          11          23   2.4446434553610963E-014
          11          24  -6.0717296026060269E-016
          11          25  -7.0243941291588114E-015
          11          26  -1.6454657759449079E-015
          11          27  -2.7348190143678719E-015
          11          28   1.0294190290235331E-014
          11          29  -8.8515374300725306E-016
          12           1   1.1352480608847152E-014
          12           2  -4.6513370386944725E-014
          12           3  -2.5361067683848801E-014
          12           4   3.7518296762609288E-002
          12           5  -9.1412812107292900E-016
          12           6   5.6921027233574971E-014
          12           7   7.1404484430247658E-014
          12           8  -9.4955829174349388E-002
          12           9   1.3361300997915201E-015
          12          10   3.4613969210448360E-015
          12          11  -9.8459242139311127E-017
          12          12   7.6010958280874419E-003
          12          13  -1.6265659712387325E-017
          12          14  -2.1508868417729392E-015
          12          15   8.7746429995281476E-016
          12          16  -4.0912420723518382E-003
          12          17  -2.2782486364856182E-017
          12          18   9.0188357986561822E-015
          12          19   6.4995132647455884E-015
          12          20   3.1858989096486835E-014
          12          21  -3.8683457468207145E-015
          12          22  -3.1397368668458963E-014
          12          23   1.4271773367040405E-014
          12          24   1.3442558990825652E-015
          12          25   6.0944644684025228E-015
          12          26   1.8633404676243284E-015
          12          27   2.7095227352876978E-015
          12          28  -1.7337873456582115E-014
          12          29   1.4137065959551402E-015
          13           1  -3.6092818614552052E-015
          13           2   1.7236205909594309E-014
          13           3  -4.3253337651989112E-014
          13           4   2.9315412198986081E-014
          13           5   3.7518296762584398E-002
          13           6   7.6507248777104603E-015
          13           7   1.2783410397940007E-013
          13           8  -7.6799833582507612E-014
          13           9  -9.4955829174286230E-002
          13          10  -2.1356320026586967E-015
          13          11  -2.4355299491754889E-016
          13          12  -1.6265659712387325E-017
          13          13   7.6010958280877923E-003
          13          14   1.6400845671243568E-015
          13          15   7.4035168864731987E-016
          13          16  -7.9145609802996559E-016
          13          17  -4.0912420723522233E-003
          13          18  -6.5194961998073699E-015
          13          19   1.4332015482448865E-014
          13          20  -3.6450747006296394E-014
          13          21   3.6266749498291573E-015
          13          22  -1.1903927745082689E-014
          13          23  -1.5583904612192753E-014
          13          24   2.3728261736041649E-015
          13          25   6.7182753765103823E-015
          13          26   1.4995979886847899E-015
          13          27   1.4469324398640394E-015
          13          28  -5.1939051083031966E-015
          13          29   2.1001235123884567E-015
          14           1  -2.2348519864033652E-003
          14           2  -1.1694701678846434E-004
          14           3   9.0415497424947825E-015
          14           4  -2.5565741929423362E-014
          14           5   1.8207575369842771E-015
          14           6  -1.7782820876591859E-002
          14           7  -3.3476616722384439E-014
          14           8   5.6343774534098382E-014
          14           9  -1.0271721449665888E-014
          14          10  -2.3571784658835788E-003
          14          11  -1.3395958852005788E-015
          14          12  -2.1508868417729392E-015
          14          13   1.6400845671243568E-015
          14          14   7.5949355939943538E-004
          14          15   5.9389259184059521E-016
          14          16  -8.0574708064438987E-016
          14          17  -1.8031977057835612E-015
          14          18  -7.9425558445845833E-003
          14          19   4.0979714191626198E-014
          14          20  -7.9425558446049923E-003
          14          21   2.1882875517194593E-014
          14          22  -5.8105254196862473E-014
          14          23  -7.9425558445767146E-003
          14          24  -8.4130957638899506E-004
          14          25   2.6115514016228052E-014
          14          26  -8.4130957639490592E-004
          14          27   1.1960267213278841E-014
          14          28  -3.0430887481569809E-014
          14          29  -8.4130957639096820E-004
          15           1  -9.9048879054648792E-015
          15           2   2.5937059202460439E-014
          15           3  -2.2534745764830024E-002
          15           4   9.2349630546876765E-015
          15           5  -3.5695865751106033E-015
          15           6  -2.4189392343562999E-014
          15           7   5.7976784914931911E-002
          15           8  -2.0393409183581495E-014
          15           9   5.2025170196193783E-015
          15          10  -1.0284735847011062E-015
          15          11  -4.0912420723527507E-003
          15          12   8.7746429995281476E-016
          15          13   7.4035168864731987E-016
          15          14   5.9389259184059521E-016
          15          15   2.2448237002735431E-003
          15          16  -7.4012298975165627E-016
          15          17  -1.1859249002218402E-015
          15          18  -2.3691702014596815E-014
          15          19   1.6983330656738528E-014
          15          20  -3.2101872518401860E-015
          15          21   6.4511549618795327E-016
          15          22  -4.2422553604507449E-014
          15          23  -1.3457077295035474E-014
          15          24  -5.3355152530960077E-016
          15          25   8.9639739980022362E-015
          15          26  -1.1303702733804978E-015
          15          27   2.3007916104123397E-015
          15          28  -2.1165792250655772E-014
          15          29  -4.6954982860286141E-016
          16           1   5.7129364288723028E-015
          16           2  -2.3594694026310017E-014
          16           3   2.0155115098597988E-014
          16           4  -2.2534745764832748E-002
          16           5   3.3787805452856276E-016
          16           6  -1.3577045522762565E-014
          16           7  -5.8658698558199876E-014
          16           8   5.7976784914929136E-002
          16           9   1.2840206328728971E-015
          16          10   2.0342454969878241E-015
          16          11   2.5484902630269543E-016
          16          12  -4.0912420723518382E-003
          16          13  -7.9145609802996559E-016
          16          14  -8.0574708064438987E-016
          16          15  -7.4012298975165627E-016
          16          16   2.2448237002727430E-003
          16          17   8.8215686247836006E-016
          16          18   4.0729000429008129E-014
          16          19   1.5067455885035091E-016
          16          20   1.0030314839725233E-014
          16          21   6.0585100524005825E-016
          16          22   9.7539096706868699E-015
          16          23   3.0132904593717519E-014
          16          24  -2.4601986703028668E-015
          16          25  -1.5798744090161415E-015
          16          26  -2.6088078315427298E-015
          16          27  -9.5436505315345753E-016
          16          28   5.7753471313509921E-015
          16          29  -2.7515731559684539E-015
          17           1   5.3866010314501088E-015
          17           2  -2.4935957776510727E-014
          17           3   6.1346598374117214E-014
          17           4  -4.2425766133731204E-014
          17           5  -2.2534745764814231E-002
          17           6  -6.6415263546324519E-015
          17           7  -1.8202545590609101E-013
          17           8   1.1441531316130823E-013
          17           9   5.7976784914873430E-002
          17          10   2.6342646877787324E-015
          17          11   3.7432037653495477E-016
          17          12  -2.2782486364856182E-017
          17          13  -4.0912420723522233E-003
          17          14  -1.8031977057835612E-015
          17          15  -1.1859249002218402E-015
          17          16   8.8215686247836006E-016
          17          17   2.2448237002726931E-003
          17          18   1.8186214370888050E-014
          17          19  -1.2357672557787302E-014
          17          20   3.2433969217456544E-014
          17          21  -3.3855574278075491E-016
          17          22   2.4743505465719340E-014
          17          23   2.4831351127050128E-014
          17          24  -3.0398214460463446E-015
          17          25  -6.0929635720070551E-015
          17          26  -2.8107955148211126E-015
          17          27  -3.6005519256579692E-016
          17          28   1.2016319360435777E-014
          17          29  -2.6962380501210635E-015
          18           1   7.3802633979786370E-002
          18           2 -0.54627424835220995     
          18           3   4.4104613694554924E-014
          18           4   5.9175387475359034E-014
          18           5   7.2487270362223371E-014
          18           6  0.20338329009947570     
          18           7  -1.0423151498751068E-013
          18           8  -1.3064885220464797E-013
          18           9  -1.9673982075297620E-013
          18          10  -1.7328740733450448E-002
          18          11   3.8465016465970601E-014
          18          12   9.0188357986561822E-015
          18          13  -6.5194961998073699E-015
          18          14  -7.9425558445845833E-003
          18          15  -2.3691702014596815E-014
          18          16   4.0729000429008129E-014
          18          17   1.8186214370888050E-014
          18          18   1.2108369780560153     
          18          19   1.0686061402760593E-013
          18          20 -0.24515004363228821     
          18          21  -2.2936955277648015E-015
          18          22   1.3116380976564927E-013
          18          23 -0.24515004363236806     
          18          24  -5.4168126796101723E-002
          18          25  -9.3207440840164577E-014
          18          26 -0.10806397843405062     
          18          27  -5.1332082542341833E-014
          18          28   1.2223898049333998E-013
          18          29 -0.10806397843409078     
          19           1   1.8298686290965752E-014
          19           2  -7.2459850997118786E-014
          19           3  -5.2237000037693676E-015
          19           4  -1.1540863299375818E-014
          19           5   4.4750660671131985E-015
          19           6  -2.3098675794973456E-014
          19           7   1.3038245292631168E-014
          19           8   2.8604252664783300E-014
          19           9  -1.7730007422647795E-014
          19          10  -1.9963641455867093E-014
          19          11  -1.3925898535912106E-014
          19          12   6.4995132647455884E-015
          19          13   1.4332015482448865E-014
          19          14   4.0979714191626198E-014
          19          15   1.6983330656738528E-014
          19          16   1.5067455885035091E-016
          19          17  -1.2357672557787302E-014
          19          18   1.0686061402760593E-013
          19          19   1.5478247163752312     
          19          20  -1.0097111780521599E-013
          19          21  -1.2490009026716698E-015
          19          22  -3.8528208401922762E-015
          19          23   2.0017693562611578E-013
          19          24  -5.4368227577790230E-014
          19          25  0.35546349006654399     
          19          26   5.9307925181931305E-015
          19          27   1.0677222994663343E-015
          19          28   2.6318465635956601E-015
          19          29   8.8117481863944383E-014
          20           1   7.3802633979789173E-002
          20           2 -0.54627424835221960     
          20           3   2.7317261802826196E-014
          20           4   5.0454153111211363E-014
          20           5   2.2574311873048809E-014
          20           6  0.20338329009963813     
          20           7  -8.9032592886781743E-014
          20           8  -1.0095338681259488E-013
          20           9  -5.1140107111001353E-014
          20          10  -1.7328740733414054E-002
          20          11  -4.6075244834758390E-016
          20          12   3.1858989096486835E-014
          20          13  -3.6450747006296394E-014
          20          14  -7.9425558446049923E-003
          20          15  -3.2101872518401860E-015
          20          16   1.0030314839725233E-014
          20          17   3.2433969217456544E-014
          20          18 -0.24515004363228821     
          20          19  -1.0097111780521599E-013
          20          20   1.2108369780559121     
          20          21  -5.2901561427790027E-014
          20          22   2.4891329567431026E-013
          20          23 -0.24515004363241147     
          20          24 -0.10806397843416167     
          20          25  -2.5450870123127003E-014
          20          26  -5.4168126796037754E-002
          20          27   3.2995559861623677E-014
          20          28  -6.2878492556846941E-015
          20          29 -0.10806397843412550     
          21           1   1.9549868064435517E-014
          21           2  -7.2569885991489916E-014
          21           3  -4.4407092395754404E-014
          21           4  -4.7871358482337443E-015
          21           5   8.0645697041381435E-015
          21           6   4.2207351382511832E-014
          21           7   1.2970684457185196E-013
          21           8   1.2194743856249753E-014
          21           9  -2.2456913226001692E-014
          21          10  -1.2786607209117768E-014
          21          11  -3.5822527751089193E-015
          21          12  -3.8683457468207145E-015
          21          13   3.6266749498291573E-015
          21          14   2.1882875517194593E-014
          21          15   6.4511549618795327E-016
          21          16   6.0585100524005825E-016
          21          17  -3.3855574278075491E-016
          21          18  -2.2936955277648015E-015
          21          19  -1.2490009026716698E-015
          21          20  -5.2901561427790027E-014
          21          21   1.5478247163752341     
          21          22   6.3629657098440841E-015
          21          23   1.9619594004582276E-013
          21          24  -3.5324475501800458E-014
          21          25  -5.1339141271540414E-015
          21          26   6.7878646808580018E-014
          21          27  0.35546349006654576     
          21          28   7.4493362867100118E-015
          21          29  -1.0898042957318430E-014
          22           1   3.5589116890174467E-014
          22           2  -1.4261195888047689E-013
          22           3  -2.4808424224707152E-014
          22           4   1.7968362021194550E-014
          22           5  -6.6894647792477055E-015
          22           6   1.1005106037903528E-013
          22           7   7.1133719786255671E-014
          22           8  -3.7872659672356400E-014
          22           9   2.5941764348348820E-014
          22          10   2.6604757571066220E-014
          22          11   2.1342190540334216E-014
          22          12  -3.1397368668458963E-014
          22          13  -1.1903927745082689E-014
          22          14  -5.8105254196862473E-014
          22          15  -4.2422553604507449E-014
          22          16   9.7539096706868699E-015
          22          17   2.4743505465719340E-014
          22          18   1.3116380976564927E-013
          22          19  -3.8528208401922762E-015
          22          20   2.4891329567431026E-013
          22          21   6.3629657098440841E-015
          22          22   1.5478247163752341     
          22          23  -1.0667503379771217E-013
          22          24   1.1667568761642423E-013
          22          25  -1.7847051961276229E-015
          22          26  -5.6769734078198000E-014
          22          27  -9.5093204144388947E-015
          22          28  0.35546349006654149     
          22          29  -1.2134356276448666E-013
          23           1   7.3802633979750148E-002
          23           2 -0.54627424835206173     
          23           3   6.5311802572416398E-014
          23           4   4.8035897525008721E-014
          23           5   4.2561324649032399E-014
          23           6  0.20338329009945083     
          23           7  -1.8054961834460885E-013
          23           8  -9.5339022761658558E-014
          23           9  -1.0205132763169498E-013
          23          10  -1.7328740733461145E-002
          23          11   2.4446434553610963E-014
          23          12   1.4271773367040405E-014
          23          13  -1.5583904612192753E-014
          23          14  -7.9425558445767146E-003
          23          15  -1.3457077295035474E-014
          23          16   3.0132904593717519E-014
          23          17   2.4831351127050128E-014
          23          18 -0.24515004363236806     
          23          19   2.0017693562611578E-013
          23          20 -0.24515004363241147     
          23          21   1.9619594004582276E-013
          23          22  -1.0667503379771217E-013
          23          23   1.2108369780557844     
          23          24 -0.10806397843412806     
          23          25   5.6929502800953807E-014
          23          26 -0.10806397843404882     
          23          27  -3.6121448583857987E-014
          23          28  -1.0793921612735808E-013
          23          29  -5.4168126796069221E-002
          24           1  -2.1201905348125008E-002
          24           2   3.8708468236665433E-002
          24           3  -1.8315862940736431E-015
          24           4   2.8299816101313753E-015
          24           5   1.3635524555140926E-015
          24           6  -6.6132353391766069E-002
          24           7   1.2064226583995266E-014
          24           8  -3.8280298263703232E-015
          24           9  -4.4617097793751122E-015
          24          10   8.0146074911518511E-002
          24          11  -6.0717296026060269E-016
          24          12   1.3442558990825652E-015
          24          13   2.3728261736041649E-015
          24          14  -8.4130957638899506E-004
          24          15  -5.3355152530960077E-016
          24          16  -2.4601986703028668E-015
          24          17  -3.0398214460463446E-015
          24          18  -5.4168126796101723E-002
          24          19  -5.4368227577790230E-014
          24          20 -0.10806397843416167     
          24          21  -3.5324475501800458E-014
          24          22   1.1667568761642423E-013
          24          23 -0.10806397843412806     
          24          24  0.20772215065705529     
          24          25  -3.1308620259283816E-014
          24          26  0.20572710346190595     
          24          27  -1.5240485864339651E-014
          24          28   7.0280972709546690E-014
          24          29  0.20572710346190654     
          25           1  -7.7237332454260385E-015
          25           2   3.7198815843800373E-014
          25           3  -2.1411002638191511E-014
          25           4   2.0232424950523478E-014
          25           5  -7.4229782795310317E-015
          25           6  -4.5907572609299640E-014
          25           7   5.7156312186456263E-014
          25           8  -6.3038264890655301E-014
          25           9   1.7027115158822420E-014
          25          10  -1.8428299195268829E-014
          25          11  -7.0243941291588114E-015
          25          12   6.0944644684025228E-015
          25          13   6.7182753765103823E-015
          25          14   2.6115514016228052E-014
          25          15   8.9639739980022362E-015
          25          16  -1.5798744090161415E-015
          25          17  -6.0929635720070551E-015
          25          18  -9.3207440840164577E-014
          25          19  0.35546349006654399     
          25          20  -2.5450870123127003E-014
          25          21  -5.1339141271540414E-015
          25          22  -1.7847051961276229E-015
          25          23   5.6929502800953807E-014
          25          24  -3.1308620259283816E-014
          25          25  0.17505116393573986     
          25          26   1.1184015255708359E-014
          25          27   2.2948223182827698E-015
          25          28   3.3044483219603333E-015
          25          29   5.1765969366754148E-014
          26           1  -2.1201905348086771E-002
          26           2   3.8708468236517635E-002
          26           3   6.5804547649899273E-014
          26           4  -4.4529230984159597E-014
          26           5   8.6672391125313104E-015
          26           6  -6.6132353391640530E-002
          26           7  -1.7511134869904651E-013
          26           8   1.3180768481978752E-013
          26           9  -2.9698274723371078E-014
          26          10   8.0146074911531778E-002
          26          11  -1.6454657759449079E-015
          26          12   1.8633404676243284E-015
          26          13   1.4995979886847899E-015
          26          14  -8.4130957639490592E-004
          26          15  -1.1303702733804978E-015
          26          16  -2.6088078315427298E-015
          26          17  -2.8107955148211126E-015
          26          18 -0.10806397843405062     
          26          19   5.9307925181931305E-015
          26          20  -5.4168126796037754E-002
          26          21   6.7878646808580018E-014
          26          22  -5.6769734078198000E-014
          26          23 -0.10806397843404882     
          26          24  0.20572710346190595     
          26          25   1.1184015255708359E-014
          26          26  0.20772215065705019     
          26          27   4.1758117167474629E-014
          26          28  -3.4474241733436703E-014
          26          29  0.20572710346190329     
          27           1  -7.9547922833164947E-015
          27           2   2.7984165584156753E-014
          27           3  -8.4795875944628534E-015
          27           4   1.3672902554627257E-014
          27           5  -3.6263894701368226E-015
          27           6  -2.0598506462175586E-014
          27           7   2.6626884076016137E-014
          27           8  -3.2972634704770626E-014
          27           9   5.5477691169366322E-015
          27          10  -1.0354021701534418E-014
          27          11  -2.7348190143678719E-015
          27          12   2.7095227352876978E-015
          27          13   1.4469324398640394E-015
          27          14   1.1960267213278841E-014
          27          15   2.3007916104123397E-015
          27          16  -9.5436505315345753E-016
          27          17  -3.6005519256579692E-016
          27          18  -5.1332082542341833E-014
          27          19   1.0677222994663343E-015
          27          20   3.2995559861623677E-014
          27          21  0.35546349006654576     
          27          22  -9.5093204144388947E-015
          27          23  -3.6121448583857987E-014
          27          24  -1.5240485864339651E-014
          27          25   2.2948223182827698E-015
          27          26   4.1758117167474629E-014
          27          27  0.17505116393573866     
          27          28  -4.1498786828786281E-015
          27          29  -7.3612758894296381E-015
          28           1   4.1201482689281250E-015
