           1           1   2.1641315018811200     
           1           2 -0.63822596550103361     
           1           3   4.2433322873496957E-010
           1           4   2.3940776966592842E-010
           1           5  -3.8573674257287835E-010
           1           6  0.37998701796386891     
           1           7   1.4916822102071428E-011
           1           8  -7.0111285592051258E-013
           1           9  -4.8123701240291000E-011
           1          10  -2.3557721437725172E-002
           1          11  -1.5434110373342857E-011
           1          12   1.7016303084782457E-012
           1          13   3.9805581762414960E-011
           1          14  -2.5994551792693603E-002
           1          15   7.8592543298792389E-015
           1          16   1.6557422157697192E-012
           1          17   4.5024726374389512E-014
           1          18  -7.2219523101488992E-002
           1          19  -1.5652328016154714E-008
           1          20  -7.2219540698280238E-002
           1          21   1.0218702368520626E-008
           1          22  -2.6583419871439052E-008
           1          23  -7.2219551873934265E-002
           1          24  -6.5920807647301058E-003
           1          25   2.5443507283760869E-008
           1          26  -6.5920513664055802E-003
           1          27  -1.6515648360697325E-008
           1          28   4.4848905110839039E-008
           1          29  -6.5920325232006307E-003
           2           1 -0.63822596550103361     
           2           2   2.5177782838592715     
           2           3  -1.4428680943076954E-009
           2           4  -8.4978184810257155E-010
           2           5   1.2624992714472211E-009
           2           6 -0.71306721002295315     
           2           7  -5.4716408224392245E-011
           2           8   2.4643308449479180E-012
           2           9   1.7554643749149336E-010
           2          10  0.11767961755228956     
           2          11   5.4514069809518701E-011
           2          12  -5.4543855415899089E-012
           2          13  -1.3991883953187233E-010
           2          14   7.6403577761585753E-002
           2          15   2.4883211640917951E-013
           2          16  -5.9145781392956174E-012
           2          17  -1.6470380527349417E-013
           2          18  -8.0899327288565887E-002
           2          19   6.5276884366751382E-008
           2          20  -8.0899254063819342E-002
           2          21  -4.2681269108094937E-008
           2          22   1.1077355198123987E-007
           2          23  -8.0899207411982865E-002
           2          24  -5.1886613379456957E-002
           2          25  -1.0021831929414098E-007
           2          26  -5.1886729442050222E-002
           2          27   6.4961426279238842E-008
           2          28  -1.7695775714917429E-007
           2          29  -5.1886803686814614E-002
           3           1   4.2433322873496957E-010
           3           2  -1.4428680943076954E-009
           3           3   2.2608161970904681     
           3           4  -7.6814078314405713E-009
           3           5   5.1400239689207401E-009
           3           6   9.0061893563943176E-010
           3           7 -0.76268490393543686     
           3           8   2.2213229250862306E-008
           3           9  -1.4795448508610322E-008
           3          10  -3.5897018318311350E-010
           3          11  -4.6837112794866735E-002
           3          12  -6.3021639421574129E-008
           3          13   4.1184428470387767E-008
           3          14   5.4623128865467381E-010
           3          15   2.0939760264062399E-002
           3          16   3.0397715780710768E-008
           3          17  -1.9943792663829147E-008
           3          18  -1.9839305880809592E-010
           3          19   2.0985232412718332E-011
           3          20  -3.0546392034166254E-010
           3          21   2.5288830702824184E-010
           3          22  -3.7570979931468425E-010
           3          23  -3.1175733311663029E-010
           3          24  -2.7421563384190258E-010
           3          25   4.9684887676041260E-011
           3          26  -5.9735413923554806E-011
           3          27  -2.1441378143620027E-010
           3          28  -2.0852804869193073E-010
           3          29  -2.1741848753346635E-010
           4           1   2.3940776966592842E-010
           4           2  -8.4978184810257155E-010
           4           3  -7.6814078314405713E-009
           4           4   2.2608161872621304     
           4           5  -1.3132347577420280E-008
           4           6   4.5796878685821553E-010
           4           7   2.2465593290244353E-008
           4           8 -0.76268487486508685     
           4           9   3.8341749677932623E-008
           4          10  -3.2210383575668402E-010
           4          11  -6.2832152824628091E-008
           4          12  -4.6837195520224896E-002
           4          13  -1.0831690172394374E-007
           4          14   4.5685812746202444E-010
           4          15   3.0303988778404896E-008
           4          16   2.0939800146101663E-002
           4          17   5.2052394190658436E-008
           4          18  -1.6186255090162355E-011
           4          19  -6.3793795695297256E-011
           4          20  -3.3845383708147782E-010
           4          21  -8.7268157134924521E-013
           4          22  -2.2197228819874269E-010
           4          23  -1.7999724381206856E-011
           4          24  -1.6484892298988961E-010
           4          25  -6.8861737044707958E-011
           4          26  -1.2475742467054947E-010
           4          27  -2.4113825668239561E-010
           4          28  -9.1711570579458489E-011
           4          29  -6.9919710437992150E-011
           5           1  -3.8573674257287835E-010
           5           2   1.2624992714472211E-009
           5           3   5.1400239689207401E-009
           5           4  -1.3132347577420280E-008
           5           5   2.2608161806909099     
           5           6  -6.4635687162702078E-010
           5           7  -1.4623521162989179E-008
           5           8   3.8663806142747001E-008
           5           9 -0.76268485594530766     
           5          10   2.5603065005474358E-010
           5          11   4.0795185699670369E-008
           5          12  -1.0856483081391474E-007
           5          13  -4.6837248067588905E-002
           5          14  -3.2338898011252139E-010
           5          15  -1.9616505747188598E-008
           5          16   5.2285451781743042E-008
           5          17   2.0939825382959305E-002
           5          18   8.0023746731024191E-011
           5          19  -2.3676893765648552E-011
           5          20   1.4192640362413160E-010
           5          21  -2.2718503869924603E-010
           5          22   1.5871429956499062E-010
           5          23   5.2172322531969500E-010
           5          24   3.5783314060745945E-011
           5          25  -1.3102024617004223E-010
           5          26   5.9191306399935450E-011
           5          27   9.5704814334914589E-011
           5          28   1.1185595592083750E-010
           5          29   9.0775301253304085E-011
           6           1  0.37998701796386891     
           6           2 -0.71306721002295315     
           6           3   9.0061893563943176E-010
           6           4   4.5796878685821553E-010
           6           5  -6.4635687162702078E-010
           6           6   1.7293029386444365     
           6           7  -1.5298801317005755E-011
           6           8  -7.7282388142700442E-011
           6           9  -2.3797514303871260E-010
           6          10 -0.25708592400751024     
           6          11  -1.2065588486608594E-010
           6          12   2.7056168974641680E-011
           6          13   3.3217553817301845E-010
           6          14 -0.22252245806790596     
           6          15  -1.0032808262745125E-011
           6          16   9.6537489712396583E-012
           6          17   1.5881410415940023E-011
           6          18  0.12103203228484333     
           6          19  -2.0465301650080622E-007
           6          20  0.12103180081599010     
           6          21   1.3349244514431426E-007
           6          22  -3.5084205589519336E-007
           6          23  0.12103165324447626     
           6          24   4.6681233906681545E-002
           6          25   3.4434883093208361E-007
           6          26   4.6681630710745853E-002
           6          27  -2.2343019834781533E-007
           6          28   6.0454441429530010E-007
           6          29   4.6681884399013759E-002
           7           1   1.4916822102071428E-011
           7           2  -5.4716408224392245E-011
           7           3 -0.76268490393543686     
           7           4   2.2465593290244353E-008
           7           5  -1.4623521162989179E-008
           7           6  -1.5298801317005755E-011
           7           7   2.2321912419693692     
           7           8  -6.4464460120899317E-008
           7           9   4.1840651287070942E-008
           7          10  -1.8522038963458566E-010
           7          11   9.0754655993566191E-002
           7          12   1.6706070109494923E-007
           7          13  -1.0846534360408604E-007
           7          14   8.7494765265810991E-011
           7          15  -3.8086393996599036E-002
           7          16  -8.0747056903517518E-008
           7          17   5.2501287409202500E-008
           7          18   1.4856792831185880E-010
           7          19  -2.1812803083734735E-010
           7          20  -2.8181281920243073E-010
           7          21  -3.6407731034555233E-010
           7          22   4.4402813906856515E-011
           7          23   1.6199513819554460E-010
           7          24   8.5849188210368964E-011
           7          25  -1.6142507250090682E-010
           7          26  -2.6112068293817020E-010
           7          27  -1.8577396764999345E-010
           7          28   2.1748074875820418E-011
           7          29   1.1355707366467665E-010
           8           1  -7.0111285592051258E-013
           8           2   2.4643308449479180E-012
           8           3   2.2213229250862306E-008
           8           4 -0.76268487486508685     
           8           5   3.8663806142747001E-008
           8           6  -7.7282388142700442E-011
           8           7  -6.4464460120899317E-008
           8           8   2.2321911568306794     
           8           9  -1.1200647093126327E-007
           8          10  -6.8962070572291078E-011
           8          11   1.6700624614736925E-007
           8          12   9.0754876490780401E-002
           8          13   2.9015796198164783E-007
           8          14   8.0457759970756928E-011
           8          15  -8.0713503656684634E-008
           8          16  -3.8086500479900254E-002
           8          17  -1.4019494193042841E-007
           8          18  -4.6399774794160947E-011
           8          19   6.4027203648176264E-011
           8          20   1.7336716818649044E-010
           8          21   1.8800856185481247E-010
           8          22  -1.6901555570373143E-010
           8          23  -1.3931114926948623E-010
           8          24   4.8240368106647717E-011
           8          25   8.1808427431497322E-011
           8          26   1.3232989001525535E-010
           8          27   1.1987667847857668E-010
           8          28  -2.0933699670982762E-011
           8          29  -1.0490896199642213E-010
           9           1  -4.8123701240291000E-011
           9           2   1.7554643749149336E-010
           9           3  -1.4795448508610322E-008
           9           4   3.8341749677932623E-008
           9           5 -0.76268485594530766     
           9           6  -2.3797514303871260E-010
           9           7   4.1840651287070942E-008
           9           8  -1.1200647093126327E-007
           9           9   2.2321911026473416     
           9          10   8.9533004063641482E-011
           9          11  -1.0849184663984113E-007
           9          12   2.9020193858740002E-007
           9          13   9.0755016973163766E-002
           9          14   9.3210964077708818E-011
           9          15   5.2492169841925949E-008
           9          16  -1.4020385816997793E-007
           9          17  -3.8086568469857016E-002
           9          18   2.1346116953265942E-010
           9          19   1.9919499398093099E-010
           9          20   2.6541159654338428E-010
           9          21   3.2842965772784540E-010
           9          22   1.2087086997139089E-010
           9          23  -6.0495212074622631E-010
           9          24   2.9621840473887042E-010
           9          25   1.5730304101104946E-010
           9          26   2.6497012556505422E-010
           9          27   2.1630248931714924E-010
           9          28   1.1421195304557866E-010
           9          29  -1.1484367813088262E-010
          10           1  -2.3557721437725172E-002
          10           2  0.11767961755228956     
          10           3  -3.5897018318311350E-010
          10           4  -3.2210383575668402E-010
          10           5   2.5603065005474358E-010
          10           6 -0.25708592400751024     
          10           7  -1.8522038963458566E-010
          10           8  -6.8962070572291078E-011
          10           9   8.9533004063641482E-011
          10          10  0.73492900777065517     
          10          11   2.4939925608569785E-010
          10          12  -1.0250521833691788E-010
          10          13  -7.5791642819454289E-010
          10          14  0.56191651528592224     
          10          15   6.0785715856405581E-011
          10          16  -8.6877798601995835E-012
          10          17  -9.3821218118485077E-011
          10          18  -2.0615364557871073E-002
          10          19   2.0476061930453456E-007
          10          20  -2.0615142969839146E-002
          10          21  -1.3428003053557225E-007
          10          22   3.3637614225996688E-007
          10          23  -2.0615001638450956E-002
          10          24  -7.7291892207752341E-003
          10          25  -2.9371555931368970E-007
          10          26  -7.7295384922248583E-003
          10          27   1.8996398865234730E-007
          10          28  -5.3230577664631892E-007
          10          29  -7.7297623344415641E-003
          11           1  -1.5434110373342857E-011
          11           2   5.4514069809518701E-011
          11           3  -4.6837112794866735E-002
          11           4  -6.2832152824628091E-008
          11           5   4.0795185699670369E-008
          11           6  -1.2065588486608594E-010
          11           7   9.0754655993566191E-002
          11           8   1.6700624614736925E-007
          11           9  -1.0849184663984113E-007
          11          10   2.4939925608569785E-010
          11          11   3.8511652558218855E-003
          11          12   1.2836849789148708E-008
          11          13  -8.3360216073594321E-009
          11          14   1.8044108205129170E-010
          11          15  -1.6269785600247315E-003
          11          16  -5.8153468475522270E-009
          11          17   3.7799164361570402E-009
          11          18  -4.1237055879556450E-010
          11          19   7.3776061862967224E-010
          11          20   9.0440031011528989E-010
          11          21   1.0137244342096683E-009
          11          22   7.9996892995685431E-011
          11          23  -5.1055960316581099E-010
          11          24  -4.0013293391593104E-010
          11          25   7.2454089230864196E-010
          11          26   8.8541495990965938E-010
          11          27   1.0095281696309050E-009
          11          28   7.6560060431536856E-011
          11          29  -4.8979938558148859E-010
          12           1   1.7016303084782457E-012
          12           2  -5.4543855415899089E-012
          12           3  -6.3021639421574129E-008
          12           4  -4.6837195520224896E-002
          12           5  -1.0856483081391474E-007
          12           6   2.7056168974641680E-011
          12           7   1.6706070109494923E-007
          12           8   9.0754876490780401E-002
          12           9   2.9020193858740002E-007
          12          10  -1.0250521833691788E-010
          12          11   1.2836849789148708E-008
          12          12   3.8511821974011530E-003
          12          13   2.2282345384455968E-008
          12          14  -8.6450795126794299E-011
          12          15  -5.8147876410235961E-009
          12          16  -1.6269862304440308E-003
          12          17  -1.0089812282916589E-008
          12          18  -8.8618147693265529E-012
          12          19  -8.2289536469840235E-010
          12          20  -6.4384147485269420E-010
          12          21  -7.0732953880772833E-010
          12          22  -3.1592927697214167E-010
          12          23   6.6330803333161868E-010
          12          24  -6.5819838911162091E-012
          12          25  -8.1018806363210759E-010
          12          26  -6.2995408003434274E-010
          12          27  -6.9334072280951586E-010
          12          28  -3.0061039698172308E-010
          12          29   6.4726845029790558E-010
          13           1   3.9805581762414960E-011
          13           2  -1.3991883953187233E-010
          13           3   4.1184428470387767E-008
          13           4  -1.0831690172394374E-007
          13           5  -4.6837248067588905E-002
          13           6   3.3217553817301845E-010
          13           7  -1.0846534360408604E-007
          13           8   2.9015796198164783E-007
          13           9   9.0755016973163766E-002
          13          10  -7.5791642819454289E-010
          13          11  -8.3360216073594321E-009
          13          12   2.2282345384455968E-008
          13          13   3.8511929799959566E-003
          13          14  -5.8234467507991570E-010
          13          15   3.7781425532378231E-009
          13          16  -1.0090191314607837E-008
          13          17  -1.6269911174411835E-003
          13          18  -3.7470720953407648E-010
          13          19  -8.7130934653161408E-010
          13          20  -9.8539153286330124E-010
          13          21  -8.9400550079679776E-010
          13          22  -6.8293170709913984E-010
          13          23   1.4278821495479984E-009
          13          24  -3.7928611780204331E-010
          13          25  -8.5172680098378589E-010
          13          26  -9.8266964376172867E-010
          13          27  -8.7629862065759868E-010
          13          28  -6.6845522618518315E-010
          13          29   1.4077641965032517E-009
          14           1  -2.5994551792693603E-002
          14           2   7.6403577761585753E-002
          14           3   5.4623128865467381E-010
          14           4   4.5685812746202444E-010
          14           5  -3.2338898011252139E-010
          14           6 -0.22252245806790596     
          14           7   8.7494765265810991E-011
          14           8   8.0457759970756928E-011
          14           9   9.3210964077708818E-011
          14          10  0.56191651528592224     
          14          11   1.8044108205129170E-010
          14          12  -8.6450795126794299E-011
          14          13  -5.8234467507991570E-010
          14          14  0.44654186419669706     
          14          15   2.7221148306919991E-011
          14          16  -1.9758104245955172E-011
          14          17  -7.1284224569866483E-011
          14          18  -1.6979129410825921E-002
          14          19   1.1990116506584633E-007
          14          20  -1.6978976409714262E-002
          14          21  -7.3075995874656406E-008
          14          22   2.2829729873104176E-007
          14          23  -1.6978885809477293E-002
          14          24  -7.4299179250150900E-003
          14          25  -2.4382709518539188E-007
          14          26  -7.4301808105745630E-003
          14          27   1.6358690054789636E-007
          14          28  -4.0461847890682311E-007
          14          29  -7.4303562946936349E-003
          15           1   7.8592543298792389E-015
          15           2   2.4883211640917951E-013
          15           3   2.0939760264062399E-002
          15           4   3.0303988778404896E-008
          15           5  -1.9616505747188598E-008
          15           6  -1.0032808262745125E-011
          15           7  -3.8086393996599036E-002
          15           8  -8.0713503656684634E-008
          15           9   5.2492169841925949E-008
          15          10   6.0785715856405581E-011
          15          11  -1.6269785600247315E-003
          15          12  -5.8147876410235961E-009
          15          13   3.7781425532378231E-009
          15          14   2.7221148306919991E-011
          15          15   6.8814519715526394E-004
          15          16   2.6202425903428533E-009
          15          17  -1.7039083291941557E-009
          15          18   1.2535315562260903E-010
          15          19  -4.4337674494019929E-010
          15          20  -5.0166427034958421E-010
          15          21  -5.4499600819794370E-010
          15          22  -1.4455137387751380E-010
          15          23   3.7000982068152524E-010
          15          24   1.2565572457546381E-010
          15          25  -4.3508527905189422E-010
          15          26  -4.8651117408507152E-010
          15          27  -5.4067750792738401E-010
          15          28  -1.4058593921757540E-010
          15          29   3.6280209719729270E-010
          16           1   1.6557422157697192E-012
          16           2  -5.9145781392956174E-012
          16           3   3.0397715780710768E-008
          16           4   2.0939800146101663E-002
          16           5   5.2285451781743042E-008
          16           6   9.6537489712396583E-012
          16           7  -8.0747056903517518E-008
          16           8  -3.8086500479900254E-002
          16           9  -1.4020385816997793E-007
          16          10  -8.6877798601995835E-012
          16          11  -5.8153468475522270E-009
          16          12  -1.6269862304440308E-003
          16          13  -1.0090191314607837E-008
          16          14  -1.9758104245955172E-011
          16          15   2.6202425903428533E-009
          16          16   6.8814865179856475E-004
          16          17   4.5447778150310288E-009
          16          18   1.4330120221982918E-011
          16          19   6.1315591489354140E-011
          16          20  -3.9016360652350630E-011
          16          21   1.2776267085202192E-011
          16          22  -2.2524830214115934E-011
          16          23   2.5227453697577582E-011
          16          24   1.3203984796288473E-011
          16          25   6.1663320584823311E-011
          16          26  -3.7775646601422135E-011
          16          27   1.2704734624487753E-011
          16          28  -2.5407149904162097E-011
          16          29   2.5577765210616326E-011
          17           1   4.5024726374389512E-014
          17           2  -1.6470380527349417E-013
          17           3  -1.9943792663829147E-008
          17           4   5.2052394190658436E-008
          17           5   2.0939825382959305E-002
          17           6   1.5881410415940023E-011
          17           7   5.2501287409202500E-008
          17           8  -1.4019494193042841E-007
          17           9  -3.8086568469857016E-002
          17          10  -9.3821218118485077E-011
          17          11   3.7799164361570402E-009
          17          12  -1.0089812282916589E-008
          17          13  -1.6269911174411835E-003
          17          14  -7.1284224569866483E-011
          17          15  -1.7039083291941557E-009
          17          16   4.5447778150310288E-009
          17          17   6.8815085462285274E-004
          17          18   8.7271970100834602E-012
          17          19   4.1457817346460417E-010
          17          20   6.0259535213289579E-010
          17          21   4.4729746448795051E-010
          17          22   1.8225643594425951E-010
          17          23  -6.0327090806962334E-010
          17          24   6.5426336284063977E-012
          17          25   4.0544600356475744E-010
          17          26   5.9003707716621083E-010
          17          27   4.3839597087359588E-010
          17          28   1.7823707336794892E-010
          17          29  -6.0224101206431755E-010
          18           1  -7.2219523101488992E-002
          18           2  -8.0899327288565887E-002
          18           3  -1.9839305880809592E-010
          18           4  -1.6186255090162355E-011
          18           5   8.0023746731024191E-011
          18           6  0.12103203228484333     
          18           7   1.4856792831185880E-010
          18           8  -4.6399774794160947E-011
          18           9   2.1346116953265942E-010
          18          10  -2.0615364557871073E-002
          18          11  -4.1237055879556450E-010
          18          12  -8.8618147693265529E-012
          18          13  -3.7470720953407648E-010
          18          14  -1.6979129410825921E-002
          18          15   1.2535315562260903E-010
          18          16   1.4330120221982918E-011
          18          17   8.7271970100834602E-012
          18          18  0.40671708344326085     
          18          19   6.5038381226412340E-002
          18          20 -0.17740724775666489     
          18          21  -4.6546583515317382E-002
          18          22  -3.9248058069424774E-002
          18          23 -0.18568686544704630     
          18          24  0.39032338954125895     
          18          25   6.7433663286279172E-002
          18          26 -0.18335329648666646     
          18          27  -4.8260827860053035E-002
          18          28  -4.0693656243427391E-002
          18          29 -0.19193791738462743     
          19           1  -1.5652328016154714E-008
          19           2   6.5276884366751382E-008
          19           3   2.0985232412718332E-011
          19           4  -6.3793795695297256E-011
          19           5  -2.3676893765648552E-011
          19           6  -2.0465301650080622E-007
          19           7  -2.1812803083734735E-010
          19           8   6.4027203648176264E-011
          19           9   1.9919499398093099E-010
          19          10   2.0476061930453456E-007
          19          11   7.3776061862967224E-010
          19          12  -8.2289536469840235E-010
          19          13  -8.7130934653161408E-010
          19          14   1.1990116506584633E-007
          19          15  -4.4337674494019929E-010
          19          16   6.1315591489354140E-011
          19          17   4.1457817346460417E-010
          19          18   6.5038381226412340E-002
          19          19  0.58782527872272661     
          19          20 -0.10003776427441721     
          19          21  -4.5298647986682865E-002
          19          22 -0.12465508687243608     
          19          23   3.4999307361566381E-002
          19          24   6.7433627051129361E-002
          19          25  0.58816700483906770     
          19          26 -0.10372174163821016     
          19          27  -4.6966589357320135E-002
          19          28 -0.12924582862967390     
          19          29   3.6288056816465519E-002
          20           1  -7.2219540698280238E-002
          20           2  -8.0899254063819342E-002
          20           3  -3.0546392034166254E-010
          20           4  -3.3845383708147782E-010
          20           5   1.4192640362413160E-010
          20           6  0.12103180081599010     
          20           7  -2.8181281920243073E-010
          20           8   1.7336716818649044E-010
          20           9   2.6541159654338428E-010
          20          10  -2.0615142969839146E-002
          20          11   9.0440031011528989E-010
          20          12  -6.4384147485269420E-010
          20          13  -9.8539153286330124E-010
          20          14  -1.6978976409714262E-002
          20          15  -5.0166427034958421E-010
          20          16  -3.9016360652350630E-011
          20          17   6.0259535213289579E-010
          20          18 -0.17740724775666489     
          20          19 -0.10003776427441721     
          20          20  0.51000819182927903     
          20          21 -0.10794765920718240     
          20          22   4.7083261482911413E-002
          20          23 -0.28897806046518271     
          20          24 -0.18335333924893604     
          20          25 -0.10372170624193097     
          20          26  0.49741860395810422     
          20          27 -0.11192294247960265     
          20          28   4.8817400776224831E-002
          20          29 -0.29903316135305857     
          21           1   1.0218702368520626E-008
          21           2  -4.2681269108094937E-008
          21           3   2.5288830702824184E-010
          21           4  -8.7268157134924521E-013
          21           5  -2.2718503869924603E-010
          21           6   1.3349244514431426E-007
          21           7  -3.6407731034555233E-010
          21           8   1.8800856185481247E-010
          21           9   3.2842965772784540E-010
          21          10  -1.3428003053557225E-007
          21          11   1.0137244342096683E-009
          21          12  -7.0732953880772833E-010
          21          13  -8.9400550079679776E-010
          21          14  -7.3075995874656406E-008
          21          15  -5.4499600819794370E-010
          21          16   1.2776267085202192E-011
          21          17   4.4729746448795051E-010
          21          18  -4.6546583515317382E-002
          21          19  -4.5298647986682865E-002
          21          20 -0.10794765920718240     
          21          21  0.57679601373970413     
          21          22   4.0425831437809756E-002
          21          23  0.15449429173574250     
          21          24  -4.8260804994789380E-002
          21          25  -4.6966589376884978E-002
          21          26 -0.11192292008877371     
          21          27  0.57673169503963861     
          21          28   4.1914731191646050E-002
          21          29  0.16018376025645323     
          22           1  -2.6583419871439052E-008
          22           2   1.1077355198123987E-007
          22           3  -3.7570979931468425E-010
          22           4  -2.2197228819874269E-010
          22           5   1.5871429956499062E-010
          22           6  -3.5084205589519336E-007
          22           7   4.4402813906856515E-011
          22           8  -1.6901555570373143E-010
          22           9   1.2087086997139089E-010
          22          10   3.3637614225996688E-007
          22          11   7.9996892995685431E-011
          22          12  -3.1592927697214167E-010
          22          13  -6.8293170709913984E-010
          22          14   2.2829729873104176E-007
          22          15  -1.4455137387751380E-010
          22          16  -2.2524830214115934E-011
          22          17   1.8225643594425951E-010
          22          18  -3.9248058069424774E-002
          22          19 -0.12465508687243608     
          22          20   4.7083261482911413E-002
          22          21   4.0425831437809756E-002
          22          22  0.43909044287377441     
          22          23  -7.8353346881514397E-003
          22          24  -4.0693720780048813E-002
          22          25 -0.12924582982606872     
          22          26   4.8817336377020147E-002
          22          27   4.1914732063545027E-002
          22          28  0.43395509550161943     
          22          29  -8.1237236652550154E-003
          23           1  -7.2219551873934265E-002
          23           2  -8.0899207411982865E-002
          23           3  -3.1175733311663029E-010
          23           4  -1.7999724381206856E-011
          23           5   5.2172322531969500E-010
          23           6  0.12103165324447626     
          23           7   1.6199513819554460E-010
          23           8  -1.3931114926948623E-010
          23           9  -6.0495212074622631E-010
          23          10  -2.0615001638450956E-002
          23          11  -5.1055960316581099E-010
          23          12   6.6330803333161868E-010
          23          13   1.4278821495479984E-009
          23          14  -1.6978885809477293E-002
          23          15   3.7000982068152524E-010
          23          16   2.5227453697577582E-011
          23          17  -6.0327090806962334E-010
          23          18 -0.18568686544704630     
          23          19   3.4999307361566381E-002
          23          20 -0.28897806046518271     
          23          21  0.15449429173574250     
          23          22  -7.8353346881514397E-003
          23          23  0.51828775468682786     
          23          24 -0.19193798627823411     
          23          25   3.6288091734074449E-002
          23          26 -0.29903318766884579     
          23          27  0.16018373843489672     
          23          28  -8.1236592381131074E-003
          23          29  0.50600323466339070     
          24           1  -6.5920807647301058E-003
          24           2  -5.1886613379456957E-002
          24           3  -2.7421563384190258E-010
          24           4  -1.6484892298988961E-010
          24           5   3.5783314060745945E-011
          24           6   4.6681233906681545E-002
          24           7   8.5849188210368964E-011
          24           8   4.8240368106647717E-011
          24           9   2.9621840473887042E-010
          24          10  -7.7291892207752341E-003
          24          11  -4.0013293391593104E-010
          24          12  -6.5819838911162091E-012
          24          13  -3.7928611780204331E-010
          24          14  -7.4299179250150900E-003
          24          15   1.2565572457546381E-010
          24          16   1.3203984796288473E-011
          24          17   6.5426336284063977E-012
          24          18  0.39032338954125895     
          24          19   6.7433627051129361E-002
          24          20 -0.18335333924893604     
          24          21  -4.8260804994789380E-002
          24          22  -4.0693720780048813E-002
          24          23 -0.19193798627823411     
          24          24  0.38074746874692622     
          24          25   6.9840381449395098E-002
          24          26 -0.18273409879685770     
          24          27  -4.9983261915124838E-002
          24          28  -4.2146300251243066E-002
          24          29 -0.19162522997257381     
          25           1   2.5443507283760869E-008
          25           2  -1.0021831929414098E-007
          25           3   4.9684887676041260E-011
          25           4  -6.8861737044707958E-011
          25           5  -1.3102024617004223E-010
          25           6   3.4434883093208361E-007
          25           7  -1.6142507250090682E-010
          25           8   8.1808427431497322E-011
          25           9   1.5730304101104946E-010
          25          10  -2.9371555931368970E-007
          25          11   7.2454089230864196E-010
          25          12  -8.1018806363210759E-010
          25          13  -8.5172680098378589E-010
          25          14  -2.4382709518539188E-007
          25          15  -4.3508527905189422E-010
          25          16   6.1663320584823311E-011
          25          17   4.0544600356475744E-010
          25          18   6.7433663286279172E-002
          25          19  0.58816700483906770     
          25          20 -0.10372170624193097     
          25          21  -4.6966589376884978E-002
          25          22 -0.12924582982606872     
          25          23   3.6288091734074449E-002
          25          24   6.9840381449395098E-002
          25          25  0.58871212000395445     
          25          26 -0.10742340920787417     
          25          27  -4.8642551097775918E-002
          25          28 -0.13385861689258474     
          25          29   3.7583009161382235E-002
          26           1  -6.5920513664055802E-003
          26           2  -5.1886729442050222E-002
          26           3  -5.9735413923554806E-011
          26           4  -1.2475742467054947E-010
          26           5   5.9191306399935450E-011
          26           6   4.6681630710745853E-002
          26           7  -2.6112068293817020E-010
          26           8   1.3232989001525535E-010
          26           9   2.6497012556505422E-010
          26          10  -7.7295384922248583E-003
          26          11   8.8541495990965938E-010
          26          12  -6.2995408003434274E-010
          26          13  -9.8266964376172867E-010
          26          14  -7.4301808105745630E-003
          26          15  -4.8651117408507152E-010
          26          16  -3.7775646601422135E-011
          26          17   5.9003707716621083E-010
          26          18 -0.18335329648666646     
          26          19 -0.10372174163821016     
          26          20  0.49741860395810422     
          26          21 -0.11192292008877371     
          26          22   4.8817336377020147E-002
          26          23 -0.29903318766884579     
          26          24 -0.18273409879685770     
          26          25 -0.10742340920787417     
          26          26  0.49166498537427766     
          26          27 -0.11591728210193557     
          26          28   5.0559748360756891E-002
          26          29 -0.30254277419215025     
          27           1  -1.6515648360697325E-008
          27           2   6.4961426279238842E-008
          27           3  -2.1441378143620027E-010
          27           4  -2.4113825668239561E-010
          27           5   9.5704814334914589E-011
          27           6  -2.2343019834781533E-007
          27           7  -1.8577396764999345E-010
          27           8   1.1987667847857668E-010
          27           9   2.1630248931714924E-010
          27          10   1.8996398865234730E-007
          27          11   1.0095281696309050E-009
          27          12  -6.9334072280951586E-010
          27          13  -8.7629862065759868E-010
          27          14   1.6358690054789636E-007
          27          15  -5.4067750792738401E-010
          27          16   1.2704734624487753E-011
          27          17   4.3839597087359588E-010
          27          18  -4.8260827860053035E-002
          27          19  -4.6966589357320135E-002
          27          20 -0.11192294247960265     
          27          21  0.57673169503963861     
          27          22   4.1914732063545027E-002
          27          23  0.16018373843489672     
          27          24  -4.9983261915124838E-002
          27          25  -4.8642551097775918E-002
          27          26 -0.11591728210193557     
          27          27  0.57686881066729478     
          27          28   4.3410777221662075E-002
          27          29  0.16590055373230336     
          28           1   4.4848905110839039E-008
