           1           1   2.1676280964680421     
           1           2 -0.67227857135551838     
           1           3  -2.5463782681355427E-014
           1           4   2.0245999852589876E-014
           1           5  -1.0217513527493237E-014
           1           6   7.2548540384301030E-002
           1           7   6.6624899238994128E-015
           1           8   3.8063964293486048E-015
           1           9   2.8675313308831022E-015
           1          10   9.6901396625192950E-003
           1          11  -5.0120267674289691E-016
           1          12  -4.2366349744254389E-015
           1          13   1.7970498246992861E-015
           1          14  -4.3538880569825977E-003
           1          15   2.6712351655348529E-016
           1          16   4.8867705160914855E-015
           1          17   2.0473340850431800E-017
           1          18   7.5015996892821110E-002
           1          19   9.3255794570302109E-016
           1          20   7.5015996892825121E-002
           1          21  -4.1120903392522136E-015
           1          22  -9.3397820512348626E-017
           1          23   7.5015996892821318E-002
           1          24   1.9197647231741317E-003
           1          25  -1.1791624985286121E-015
           1          26   1.9197647231702917E-003
           1          27   2.3572871224731545E-015
           1          28   1.3833735930356184E-015
           1          29   1.9197647231683364E-003
           2           1 -0.67227857135551838     
           2           2   2.7164463469421900     
           2           3   9.1693989734457580E-014
           2           4  -5.7597942743409637E-014
           2           5   4.0962834676612225E-014
           2           6  0.15873927211813502     
           2           7  -1.9887251915579830E-014
           2           8  -4.2274908367355147E-015
           2           9  -5.2616940207296109E-015
           2          10  -2.6265534914725729E-002
           2          11  -9.4491032820248898E-015
           2          12   4.9290222496542992E-015
           2          13  -2.4384293048223909E-015
           2          14   1.3657398891763248E-002
           2          15   7.5516509263818967E-015
           2          16  -1.3522261320656305E-015
           2          17  -1.2469975295439869E-015
           2          18 -0.53787150233716241     
           2          19   5.8759182804707233E-015
           2          20 -0.53787150233716230     
           2          21   1.1136212129654884E-014
           2          22   1.0636812261564875E-014
           2          23 -0.53787150233715519     
           2          24  -4.3927829301648971E-002
           2          25   2.4610075262922478E-015
           2          26  -4.3927829301644586E-002
           2          27  -6.8545879973390408E-015
           2          28   1.2354046893173328E-015
           2          29  -4.3927829301636294E-002
           3           1  -2.5463782681355427E-014
           3           2   9.1693989734457580E-014
           3           3   2.2507805258925995     
           3           4  -8.6410913147082180E-017
           3           5   9.4108748571742081E-016
           3           6   2.7805894410300808E-014
           3           7 -0.75787157904818980     
           3           8   2.2638141361494010E-016
           3           9   5.7419347054831072E-016
           3          10   9.2493708977068789E-015
           3          11   5.4253538902024188E-002
           3          12   8.8073198365422480E-015
           3          13   5.0550113140506972E-015
           3          14  -1.0775029947000748E-015
           3          15  -3.2329362306329622E-002
           3          16  -7.5741482855572353E-015
           3          17   5.8321132211797338E-015
           3          18  -6.0259935955895206E-015
           3          19   7.8800998259212843E-015
           3          20  -9.9057789622947317E-015
           3          21  -4.5772563369786915E-015
           3          22  -7.0321356601615144E-015
           3          23  -2.2994433099487592E-014
           3          24   4.5661558433622269E-015
           3          25   1.7836161951341342E-015
           3          26  -1.1231487621628546E-015
           3          27   2.4820585989451480E-015
           3          28   2.3922302070794955E-015
           3          29  -2.9766587730816776E-015
           4           1   2.0245999852589876E-014
           4           2  -5.7597942743409637E-014
           4           3  -8.6410913147082180E-017
           4           4   2.2507805258925941     
           4           5  -3.7643499428696734E-016
           4           6  -2.7897640534282707E-014
           4           7   1.7989082445879178E-015
           4           8 -0.75787157904818192     
           4           9  -5.9674487573602282E-016
           4          10  -2.6610512024193247E-015
           4          11  -8.6024666123147482E-016
           4          12   5.4253538902033216E-002
           4          13  -6.7090430433405056E-016
           4          14   1.0085248105532968E-015
           4          15   6.7410270074286278E-016
           4          16  -3.2329362306336630E-002
           4          17  -3.5704945944292514E-015
           4          18   7.8109170751226143E-015
           4          19  -8.0198218508911879E-015
           4          20   1.0286463018103252E-014
           4          21  -3.5459690941238931E-015
           4          22   3.5771214811570915E-016
           4          23   1.7169413842473615E-014
           4          24   1.6481444079369447E-015
           4          25   2.0769212496207677E-015
           4          26   3.1368977301750279E-015
           4          27  -3.3087348584626321E-016
           4          28  -2.1186467799923283E-015
           4          29   1.7358469298053091E-015
           5           1  -1.0217513527493237E-014
           5           2   4.0962834676612225E-014
           5           3   9.4108748571742081E-016
           5           4  -3.7643499428696734E-016
           5           5   2.2507805258925950     
           5           6   3.6938398562728117E-014
           5           7  -2.0330959138448282E-015
           5           8   8.7430063189231423E-016
           5           9 -0.75787157904818137     
           5          10  -3.7092923913059633E-016
           5          11  -4.4739873698157501E-015
           5          12   7.4593109467002768E-015
           5          13   5.4253538902035409E-002
           5          14   7.8700834650231484E-016
           5          15   3.3587499101428509E-015
           5          16  -5.5866769543833104E-015
           5          17  -3.2329362306343132E-002
           5          18  -9.9689405329203573E-015
           5          19  -2.3702875017921912E-015
           5          20  -1.7157707513652789E-014
           5          21  -8.2657170667716233E-015
           5          22  -1.2766595046883157E-015
           5          23  -1.2598748257601185E-014
           5          24  -3.7951163590457772E-015
           5          25   5.4226764197576413E-016
           5          26  -7.9580260148356530E-015
           5          27  -6.9996350521946100E-016
           5          28   1.5360272862882236E-016
           5          29  -3.9126041670037846E-015
           6           1   7.2548540384301030E-002
           6           2  0.15873927211813502     
           6           3   2.7805894410300808E-014
           6           4  -2.7897640534282707E-014
           6           5   3.6938398562728117E-014
           6           6  0.73088036839759729     
           6           7   1.4674113737354056E-014
           6           8   6.8939383876876330E-016
           6           9  -1.2658691079563486E-014
           6          10   7.5256146161683163E-002
           6          11  -3.3610106060509351E-015
           6          12  -2.0449725475516427E-016
           6          13   2.0942229062867775E-015
           6          14  -3.2351573904658440E-002
           6          15   2.0861182928524421E-015
           6          16  -3.0677816925318825E-016
           6          17  -1.8593742956560223E-015
           6          18  0.16495380258702816     
           6          19   1.1250895398096601E-015
           6          20  0.16495380258701967     
           6          21   1.2943917984985480E-014
           6          22   2.0633423498943763E-015
           6          23  0.16495380258701786     
           6          24  -3.3937068205923189E-002
           6          25   1.9942299936222158E-015
           6          26  -3.3937068205922065E-002
           6          27  -4.5517447493490352E-015
           6          28   2.1959298378888132E-016
           6          29  -3.3937068205918859E-002
           7           1   6.6624899238994128E-015
           7           2  -1.9887251915579830E-014
           7           3 -0.75787157904818980     
           7           4   1.7989082445879178E-015
           7           5  -2.0330959138448282E-015
           7           6   1.4674113737354056E-014
           7           7   2.2885620380612783     
           7           8  -2.3696322681842428E-015
           7           9   1.5820678100908907E-015
           7          10  -1.9603901520049403E-014
           7          11 -0.13851217045735903     
           7          12   6.7681862718493234E-015
           7          13  -7.2701176676007246E-016
           7          14   1.6487176526343238E-014
           7          15   8.3851956299582184E-002
           7          16   6.7589163432752785E-016
           7          17  -1.3624247129778774E-014
           7          18  -1.5884929212172648E-014
           7          19  -1.1285152493179092E-014
           7          20   7.2242962875024484E-015
           7          21   2.0594912833864189E-014
           7          22   8.5966405847704437E-015
           7          23   1.5657625715481844E-014
           7          24  -9.5872751986541906E-015
           7          25   1.1395331571551613E-015
           7          26  -6.2246235667944021E-015
           7          27  -7.5871273643316324E-015
           7          28  -9.0188717748362398E-015
           7          29  -2.0500730577773269E-015
           8           1   3.8063964293486048E-015
           8           2  -4.2274908367355147E-015
           8           3   2.2638141361494010E-016
           8           4 -0.75787157904818192     
           8           5   8.7430063189231423E-016
           8           6   6.8939383876876330E-016
           8           7  -2.3696322681842428E-015
           8           8   2.2885620380612757     
           8           9  -1.2490009027033084E-015
           8          10   1.0200081901515608E-014
           8          11  -2.4421653935235692E-015
           8          12 -0.13851217045736267     
           8          13  -7.4246164771800126E-016
           8          14  -7.4110628400124510E-015
           8          15   2.7636584427198578E-015
           8          16   8.3851956299584599E-002
           8          17   8.6198409521287103E-015
           8          18   8.1982939215177165E-015
           8          19   1.6953181096693933E-014
           8          20   1.1080564967317573E-014
           8          21   1.1744621724499387E-014
           8          22   2.7516131199240126E-015
           8          23  -9.0079425275884748E-015
           8          24   2.4866058485886536E-015
           8          25   1.9766140152671427E-015
           8          26   1.0237074155512914E-015
           8          27   5.9643019614452878E-015
           8          28   7.7126335999228354E-015
           8          29   9.2749330914146000E-016
           9           1   2.8675313308831022E-015
           9           2  -5.2616940207296109E-015
           9           3   5.7419347054831072E-016
           9           4  -5.9674487573602282E-016
           9           5 -0.75787157904818137     
           9           6  -1.2658691079563486E-014
           9           7   1.5820678100908907E-015
           9           8  -1.2490009027033084E-015
           9           9   2.2885620380612739     
           9          10   6.6082927700785771E-015
           9          11  -3.9947429045226794E-016
           9          12  -1.5950782361606980E-015
           9          13 -0.13851217045735897     
           9          14  -1.0330313894149820E-015
           9          15   1.2267205480586986E-015
           9          16  -1.0495077029658618E-016
           9          17   8.3851956299598296E-002
           9          18  -4.8586580728662988E-015
           9          19   1.2235420461534913E-014
           9          20   2.2238798018023001E-014
           9          21   2.3685809137419780E-014
           9          22  -1.3302135704583084E-014
           9          23  -1.6878087713520076E-014
           9          24   1.0875705919272330E-014
           9          25   2.6657717963153309E-015
           9          26   1.2513170939352846E-014
           9          27   5.8139462994490797E-015
           9          28   5.3961343808874208E-015
           9          29  -3.1796241063196533E-015
          10           1   9.6901396625192950E-003
          10           2  -2.6265534914725729E-002
          10           3   9.2493708977068789E-015
          10           4  -2.6610512024193247E-015
          10           5  -3.7092923913059633E-016
          10           6   7.5256146161683163E-002
          10           7  -1.9603901520049403E-014
          10           8   1.0200081901515608E-014
          10           9   6.6082927700785771E-015
          10          10   1.1540449251509991E-002
          10          11   4.6600897815462374E-016
          10          12  -2.9117663242847610E-016
          10          13  -1.1402891137522940E-016
          10          14  -5.3553928591989867E-003
          10          15  -3.8356359163154614E-016
          10          16   2.1320202335614381E-016
          10          17   1.9058311527557906E-016
          10          18   3.8921177372002694E-002
          10          19  -4.9214517393799924E-015
          10          20   3.8921177372001299E-002
          10          21  -4.2149293529031455E-016
          10          22  -8.3708294863183006E-016
          10          23   3.8921177372001445E-002
          10          24  -5.6015158589915312E-003
          10          25  -2.2329939573269402E-015
          10          26  -5.6015158589914947E-003
          10          27  -1.4877746944297603E-015
          10          28  -2.4374267726426776E-016
          10          29  -5.6015158589914011E-003
          11           1  -5.0120267674289691E-016
          11           2  -9.4491032820248898E-015
          11           3   5.4253538902024188E-002
          11           4  -8.6024666123147482E-016
          11           5  -4.4739873698157501E-015
          11           6  -3.3610106060509351E-015
          11           7 -0.13851217045735903     
          11           8  -2.4421653935235692E-015
          11           9  -3.9947429045226794E-016
          11          10   4.6600897815462374E-016
          11          11   1.2730548805404305E-002
          11          12  -4.0574529887726476E-016
          11          13   2.0518526114293811E-017
          11          14  -4.8662115391820092E-016
          11          15  -7.1124267447130515E-003
          11          16   2.0903502588792756E-017
          11          17   2.8389749183237853E-016
          11          18   2.4513738127704136E-015
          11          19   3.5814065660347983E-015
          11          20   2.3080251956729510E-015
          11          21  -2.6152437141426948E-015
          11          22  -6.2161583570233528E-016
          11          23   1.0412109988349529E-015
          11          24   5.3791318440619414E-016
          11          25   5.3567717086306341E-016
          11          26   4.3394518617608882E-016
          11          27   8.8637438405621327E-016
          11          28   4.9104921759639467E-016
          11          29   3.5175284416017787E-016
          12           1  -4.2366349744254389E-015
          12           2   4.9290222496542992E-015
          12           3   8.8073198365422480E-015
          12           4   5.4253538902033216E-002
          12           5   7.4593109467002768E-015
          12           6  -2.0449725475516427E-016
          12           7   6.7681862718493234E-015
          12           8 -0.13851217045736267     
          12           9  -1.5950782361606980E-015
          12          10  -2.9117663242847610E-016
          12          11  -4.0574529887726476E-016
          12          12   1.2730548805403627E-002
          12          13   1.6160033380899316E-016
          12          14   2.1275201204476335E-016
          12          15   1.2052982377896055E-016
          12          16  -7.1124267447128502E-003
          12          17  -2.2364380312946695E-016
          12          18  -1.7725618147244172E-015
          12          19   2.9000664155694634E-015
          12          20  -1.8303668440641968E-015
          12          21  -1.1929185651652974E-015
          12          22   2.0760934748286499E-015
          12          23  -3.4995075764394489E-016
          12          24  -6.2519330498782847E-017
          12          25   1.5749603501164556E-015
          12          26   3.6443366118400559E-016
          12          27  -6.7813072969170488E-018
          12          28   3.9598258568266347E-016
          12          29   1.4753872804754481E-017
          13           1   1.7970498246992861E-015
          13           2  -2.4384293048223909E-015
          13           3   5.0550113140506972E-015
          13           4  -6.7090430433405056E-016
          13           5   5.4253538902035409E-002
          13           6   2.0942229062867775E-015
          13           7  -7.2701176676007246E-016
          13           8  -7.4246164771800126E-016
          13           9 -0.13851217045735897     
          13          10  -1.1402891137522940E-016
          13          11   2.0518526114293811E-017
          13          12   1.6160033380899316E-016
          13          13   1.2730548805404154E-002
          13          14   7.8033734270601569E-017
          13          15  -4.8083519316765164E-017
          13          16  -1.4338573731157947E-017
          13          17  -7.1124267447132744E-003
          13          18   1.3939732499691361E-015
          13          19   4.2619061531536211E-015
          13          20  -1.2033458064322922E-015
          13          21   5.5039801630183348E-015
          13          22   1.4885043702921566E-015
          13          23   6.1084361539934843E-016
          13          24  -2.4300941033950501E-016
          13          25   2.3965277961132463E-015
          13          26  -4.6389526847504265E-017
          13          27   1.4138266367135512E-015
          13          28  -7.5954403643312496E-016
          13          29   3.1888182898455328E-016
          14           1  -4.3538880569825977E-003
          14           2   1.3657398891763248E-002
          14           3  -1.0775029947000748E-015
          14           4   1.0085248105532968E-015
          14           5   7.8700834650231484E-016
          14           6  -3.2351573904658440E-002
          14           7   1.6487176526343238E-014
          14           8  -7.4110628400124510E-015
          14           9  -1.0330313894149820E-015
          14          10  -5.3553928591989867E-003
          14          11  -4.8662115391820092E-016
          14          12   2.1275201204476335E-016
          14          13   7.8033734270601569E-017
          14          14   2.5152476864044064E-003
          14          15   3.6443714555026700E-016
          14          16  -1.6276962366265276E-016
          14          17  -9.7212401000849665E-017
          14          18  -1.8658993747585197E-002
          14          19   6.6029667830177770E-015
          14          20  -1.8658993747584535E-002
          14          21  -2.6027481924207359E-015
          14          22   3.1547458943509968E-015
          14          23  -1.8658993747584653E-002
          14          24   2.6943838393005603E-003
          14          25   3.1304256392341066E-015
          14          26   2.6943838393005482E-003
          14          27   1.1627913026858551E-015
          14          28   7.6707636844406771E-016
          14          29   2.6943838393005243E-003
          15           1   2.6712351655348529E-016
          15           2   7.5516509263818967E-015
          15           3  -3.2329362306329622E-002
          15           4   6.7410270074286278E-016
          15           5   3.3587499101428509E-015
          15           6   2.0861182928524421E-015
          15           7   8.3851956299582184E-002
          15           8   2.7636584427198578E-015
          15           9   1.2267205480586986E-015
          15          10  -3.8356359163154614E-016
          15          11  -7.1124267447130515E-003
          15          12   1.2052982377896055E-016
          15          13  -4.8083519316765164E-017
          15          14   3.6443714555026700E-016
          15          15   4.0274118170735788E-003
          15          16   6.8031568741112133E-017
          15          17  -2.2355401763705198E-016
          15          18  -1.9945874017420214E-015
          15          19  -2.3246998177336027E-015
          15          20  -1.7355386272396718E-015
          15          21   4.9771571645960594E-015
          15          22   5.8650837645372474E-016
          15          23  -1.0712674421801940E-015
          15          24  -4.3839847803935333E-016
          15          25  -4.2610772587696151E-017
          15          26  -3.6124829834103253E-016
          15          27  -3.9437616138578122E-016
          15          28  -5.5722007148257877E-016
          15          29  -2.8829167141491876E-016
          16           1   4.8867705160914855E-015
          16           2  -1.3522261320656305E-015
          16           3  -7.5741482855572353E-015
          16           4  -3.2329362306336630E-002
          16           5  -5.5866769543833104E-015
          16           6  -3.0677816925318825E-016
          16           7   6.7589163432752785E-016
          16           8   8.3851956299584599E-002
          16           9  -1.0495077029658618E-016
          16          10   2.1320202335614381E-016
          16          11   2.0903502588792756E-017
          16          12  -7.1124267447128502E-003
          16          13  -1.4338573731157947E-017
          16          14  -1.6276962366265276E-016
          16          15   6.8031568741112133E-017
          16          16   4.0274118170735519E-003
          16          17   1.3872366796954551E-016
          16          18   7.3358153942601563E-016
          16          19  -4.5834036861121381E-015
          16          20   7.8346901715421561E-016
          16          21   8.2940614638245261E-016
          16          22  -2.0603548943093570E-015
          16          23  -7.7278267722354460E-017
          16          24  -3.0994040997338171E-018
          16          25  -2.0630526837340003E-015
          16          26  -2.1578316311457136E-016
          16          27  -3.5266325925174581E-016
          16          28  -5.9870204928573523E-016
          16          29  -5.2225308003454328E-017
          17           1   2.0473340850431800E-017
          17           2  -1.2469975295439869E-015
          17           3   5.8321132211797338E-015
          17           4  -3.5704945944292514E-015
          17           5  -3.2329362306343132E-002
          17           6  -1.8593742956560223E-015
          17           7  -1.3624247129778774E-014
          17           8   8.6198409521287103E-015
          17           9   8.3851956299598296E-002
          17          10   1.9058311527557906E-016
          17          11   2.8389749183237853E-016
          17          12  -2.2364380312946695E-016
          17          13  -7.1124267447132744E-003
          17          14  -9.7212401000849665E-017
          17          15  -2.2355401763705198E-016
          17          16   1.3872366796954551E-016
          17          17   4.0274118170740923E-003
          17          18   9.8431628013538645E-017
          17          19  -2.4586410154054243E-015
          17          20   1.5386613311561885E-015
          17          21  -3.6892308647259505E-015
          17          22  -4.3250992548975405E-016
          17          23   3.6622769271939746E-016
          17          24   1.5373593720551115E-016
          17          25  -1.6642540574279954E-015
          17          26   7.6304220197265893E-017
          17          27  -9.8678803110451074E-016
          17          28   7.6955605310689362E-016
          17          29  -2.2468892393068288E-016
          18           1   7.5015996892821110E-002
          18           2 -0.53787150233716241     
          18           3  -6.0259935955895206E-015
          18           4   7.8109170751226143E-015
          18           5  -9.9689405329203573E-015
          18           6  0.16495380258702816     
          18           7  -1.5884929212172648E-014
          18           8   8.1982939215177165E-015
          18           9  -4.8586580728662988E-015
          18          10   3.8921177372002694E-002
          18          11   2.4513738127704136E-015
          18          12  -1.7725618147244172E-015
          18          13   1.3939732499691361E-015
          18          14  -1.8658993747585197E-002
          18          15  -1.9945874017420214E-015
          18          16   7.3358153942601563E-016
          18          17   9.8431628013538645E-017
          18          18  0.21661427549056642     
          18          19  -3.2717389835118221E-014
          18          20  0.21661427549056228     
          18          21  -3.6178378261063178E-014
          18          22  -3.5343369980348992E-014
          18          23  0.21661427549056156     
          18          24  -1.0027052687302574E-002
          18          25  -1.2657908549739812E-015
          18          26  -1.0027052687303443E-002
          18          27   1.3582950588095105E-014
          18          28   7.4842425596744085E-015
          18          29  -1.0027052687305072E-002
          19           1   9.3255794570302109E-016
          19           2   5.8759182804707233E-015
          19           3   7.8800998259212843E-015
          19           4  -8.0198218508911879E-015
          19           5  -2.3702875017921912E-015
          19           6   1.1250895398096601E-015
          19           7  -1.1285152493179092E-014
          19           8   1.6953181096693933E-014
          19           9   1.2235420461534913E-014
          19          10  -4.9214517393799924E-015
          19          11   3.5814065660347983E-015
          19          12   2.9000664155694634E-015
          19          13   4.2619061531536211E-015
          19          14   6.6029667830177770E-015
          19          15  -2.3246998177336027E-015
          19          16  -4.5834036861121381E-015
          19          17  -2.4586410154054243E-015
          19          18  -3.2717389835118221E-014
          19          19   1.6508647088683630     
          19          20   2.6392603533716145E-014
          19          21  -2.7200464103316335E-015
          19          22   4.4408920985006262E-016
          19          23  -1.3497400630079820E-015
          19          24  -1.2290870816725943E-015
          19          25  0.27971898731832062     
          19          26   1.6402773229558251E-016
          19          27   3.0340042544291235E-015
          19          28  -9.9085236543450250E-016
          19          29   2.8300272013286071E-015
          20           1   7.5015996892825121E-002
          20           2 -0.53787150233716230     
          20           3  -9.9057789622947317E-015
          20           4   1.0286463018103252E-014
          20           5  -1.7157707513652789E-014
          20           6  0.16495380258701967     
          20           7   7.2242962875024484E-015
          20           8   1.1080564967317573E-014
          20           9   2.2238798018023001E-014
          20          10   3.8921177372001299E-002
          20          11   2.3080251956729510E-015
          20          12  -1.8303668440641968E-015
          20          13  -1.2033458064322922E-015
          20          14  -1.8658993747584535E-002
          20          15  -1.7355386272396718E-015
          20          16   7.8346901715421561E-016
          20          17   1.5386613311561885E-015
          20          18  0.21661427549056228     
          20          19   2.6392603533716145E-014
          20          20  0.21661427549055817     
          20          21   9.1212532116072787E-015
          20          22   2.4559627712671964E-014
          20          23  0.21661427549055745     
          20          24  -1.0027052687301721E-002
          20          25  -1.0531740201704492E-015
          20          26  -1.0027052687302590E-002
          20          27  -1.3803798191757351E-014
          20          28  -7.5919402811441055E-015
          20          29  -1.0027052687304215E-002
          21           1  -4.1120903392522136E-015
          21           2   1.1136212129654884E-014
          21           3  -4.5772563369786915E-015
          21           4  -3.5459690941238931E-015
          21           5  -8.2657170667716233E-015
          21           6   1.2943917984985480E-014
          21           7   2.0594912833864189E-014
          21           8   1.1744621724499387E-014
          21           9   2.3685809137419780E-014
          21          10  -4.2149293529031455E-016
          21          11  -2.6152437141426948E-015
          21          12  -1.1929185651652974E-015
          21          13   5.5039801630183348E-015
          21          14  -2.6027481924207359E-015
          21          15   4.9771571645960594E-015
          21          16   8.2940614638245261E-016
          21          17  -3.6892308647259505E-015
          21          18  -3.6178378261063178E-014
          21          19  -2.7200464103316335E-015
          21          20   9.1212532116072787E-015
          21          21   1.6508647088683608     
          21          22   1.0338951916821770E-015
          21          23   1.4728302624196114E-015
          21          24   1.2726067770977717E-014
          21          25   1.8930508744775809E-015
          21          26  -1.3559581518691697E-014
          21          27  0.27971898731831885     
          21          28  -2.9430667972119018E-015
          21          29  -5.0066543081003301E-015
          22           1  -9.3397820512348626E-017
          22           2   1.0636812261564875E-014
          22           3  -7.0321356601615144E-015
          22           4   3.5771214811570915E-016
          22           5  -1.2766595046883157E-015
          22           6   2.0633423498943763E-015
          22           7   8.5966405847704437E-015
          22           8   2.7516131199240126E-015
          22           9  -1.3302135704583084E-014
          22          10  -8.3708294863183006E-016
          22          11  -6.2161583570233528E-016
          22          12   2.0760934748286499E-015
          22          13   1.4885043702921566E-015
          22          14   3.1547458943509968E-015
          22          15   5.8650837645372474E-016
          22          16  -2.0603548943093570E-015
          22          17  -4.3250992548975405E-016
          22          18  -3.5343369980348992E-014
          22          19   4.4408920985006262E-016
          22          20   2.4559627712671964E-014
          22          21   1.0338951916821770E-015
          22          22   1.6508647088683588     
          22          23  -3.3653346795570086E-015
          22          24   7.2943741772348842E-015
          22          25  -9.2699285747510629E-016
          22          26  -7.1252412726974771E-015
          22          27  -2.8243466593247391E-016
          22          28  0.27971898731832090     
          22          29   3.5049207602851125E-015
          23           1   7.5015996892821318E-002
          23           2 -0.53787150233715519     
          23           3  -2.2994433099487592E-014
          23           4   1.7169413842473615E-014
          23           5  -1.2598748257601185E-014
          23           6  0.16495380258701786     
          23           7   1.5657625715481844E-014
          23           8  -9.0079425275884748E-015
          23           9  -1.6878087713520076E-014
          23          10   3.8921177372001445E-002
          23          11   1.0412109988349529E-015
          23          12  -3.4995075764394489E-016
          23          13   6.1084361539934843E-016
          23          14  -1.8658993747584653E-002
          23          15  -1.0712674421801940E-015
          23          16  -7.7278267722354460E-017
          23          17   3.6622769271939746E-016
          23          18  0.21661427549056156     
          23          19  -1.3497400630079820E-015
          23          20  0.21661427549055745     
          23          21   1.4728302624196114E-015
          23          22  -3.3653346795570086E-015
          23          23  0.21661427549055673     
          23          24  -1.0027052687302265E-002
          23          25   1.4223585099812409E-015
          23          26  -1.0027052687303136E-002
          23          27   1.9814700194837397E-015
          23          28   9.6409720064133656E-016
          23          29  -1.0027052687304763E-002
          24           1   1.9197647231741317E-003
          24           2  -4.3927829301648971E-002
          24           3   4.5661558433622269E-015
          24           4   1.6481444079369447E-015
          24           5  -3.7951163590457772E-015
          24           6  -3.3937068205923189E-002
          24           7  -9.5872751986541906E-015
          24           8   2.4866058485886536E-015
          24           9   1.0875705919272330E-014
          24          10  -5.6015158589915312E-003
          24          11   5.3791318440619414E-016
          24          12  -6.2519330498782847E-017
          24          13  -2.4300941033950501E-016
          24          14   2.6943838393005603E-003
          24          15  -4.3839847803935333E-016
          24          16  -3.0994040997338171E-018
          24          17   1.5373593720551115E-016
          24          18  -1.0027052687302574E-002
          24          19  -1.2290870816725943E-015
          24          20  -1.0027052687301721E-002
          24          21   1.2726067770977717E-014
          24          22   7.2943741772348842E-015
          24          23  -1.0027052687302265E-002
          24          24   4.5928941071646445E-003
          24          25  -9.2837250919549862E-016
          24          26   4.5928941071645109E-003
          24          27   5.4006146029193083E-015
          24          28   2.7143813242318793E-015
          24          29   4.5928941071642967E-003
          25           1  -1.1791624985286121E-015
          25           2   2.4610075262922478E-015
          25           3   1.7836161951341342E-015
          25           4   2.0769212496207677E-015
          25           5   5.4226764197576413E-016
          25           6   1.9942299936222158E-015
          25           7   1.1395331571551613E-015
          25           8   1.9766140152671427E-015
          25           9   2.6657717963153309E-015
          25          10  -2.2329939573269402E-015
          25          11   5.3567717086306341E-016
          25          12   1.5749603501164556E-015
          25          13   2.3965277961132463E-015
          25          14   3.1304256392341066E-015
          25          15  -4.2610772587696151E-017
          25          16  -2.0630526837340003E-015
          25          17  -1.6642540574279954E-015
          25          18  -1.2657908549739812E-015
          25          19  0.27971898731832062     
          25          20  -1.0531740201704492E-015
          25          21   1.8930508744775809E-015
          25          22  -9.2699285747510629E-016
          25          23   1.4223585099812409E-015
          25          24  -9.2837250919549862E-016
          25          25  0.12611652250289479     
          25          26   4.8677342177463500E-016
          25          27   1.1867006765206817E-015
          25          28  -3.8352847170374828E-016
          25          29   1.3471176642994691E-015
          26           1   1.9197647231702917E-003
          26           2  -4.3927829301644586E-002
          26           3  -1.1231487621628546E-015
          26           4   3.1368977301750279E-015
          26           5  -7.9580260148356530E-015
          26           6  -3.3937068205922065E-002
          26           7  -6.2246235667944021E-015
          26           8   1.0237074155512914E-015
          26           9   1.2513170939352846E-014
          26          10  -5.6015158589914947E-003
          26          11   4.3394518617608882E-016
          26          12   3.6443366118400559E-016
          26          13  -4.6389526847504265E-017
          26          14   2.6943838393005482E-003
          26          15  -3.6124829834103253E-016
          26          16  -2.1578316311457136E-016
          26          17   7.6304220197265893E-017
          26          18  -1.0027052687303443E-002
          26          19   1.6402773229558251E-016
          26          20  -1.0027052687302590E-002
          26          21  -1.3559581518691697E-014
          26          22  -7.1252412726974771E-015
          26          23  -1.0027052687303136E-002
          26          24   4.5928941071645109E-003
          26          25   4.8677342177463500E-016
          26          26   4.5928941071643765E-003
          26          27  -5.6158420029406224E-015
          26          28  -2.8621456946388076E-015
          26          29   4.5928941071641631E-003
          27           1   2.3572871224731545E-015
          27           2  -6.8545879973390408E-015
          27           3   2.4820585989451480E-015
          27           4  -3.3087348584626321E-016
          27           5  -6.9996350521946100E-016
          27           6  -4.5517447493490352E-015
          27           7  -7.5871273643316324E-015
          27           8   5.9643019614452878E-015
          27           9   5.8139462994490797E-015
          27          10  -1.4877746944297603E-015
          27          11   8.8637438405621327E-016
          27          12  -6.7813072969170488E-018
          27          13   1.4138266367135512E-015
          27          14   1.1627913026858551E-015
          27          15  -3.9437616138578122E-016
          27          16  -3.5266325925174581E-016
          27          17  -9.8678803110451074E-016
          27          18   1.3582950588095105E-014
          27          19   3.0340042544291235E-015
          27          20  -1.3803798191757351E-014
          27          21  0.27971898731831885     
          27          22  -2.8243466593247391E-016
          27          23   1.9814700194837397E-015
          27          24   5.4006146029193083E-015
          27          25   1.1867006765206817E-015
          27          26  -5.6158420029406224E-015
          27          27  0.12611652250289687     
          27          28   3.7267332096821079E-016
          27          29   6.7223152099988021E-016
          28           1   1.3833735930356184E-015
