           1           1   2.1524921938850969     
           1           2 -0.61391194151417894     
           1           3   8.7856010607811537E-014
           1           4   9.2129505112903176E-014
           1           5   3.9207828231177649E-014
           1           6  0.32556566997379893     
           1           7  -2.5089393092115653E-015
           1           8  -2.1968142371382921E-013
           1           9   2.2345836271217769E-014
           1          10  -3.2028391106497460E-002
           1          11  -2.9376904027464622E-013
           1          12  -2.4840634214102330E-013
           1          13   2.6000006524774914E-013
           1          14  -2.1830590614233623E-002
           1          15   2.1995273348984056E-014
           1          16   8.2750442626348121E-014
           1          17  -1.3440902517308620E-014
           1          18  -5.4968174448608242E-002
           1          19   2.9635364491518046E-004
           1          20  -5.4974688525392265E-002
           1          21  -2.9064811194403131E-004
           1          22  -2.8876271811737071E-004
           1          23  -5.4989485006102262E-002
           1          24   6.3452401256716457E-004
           1          25   8.6615963323255160E-005
           1          26   6.3424427703864979E-004
           1          27  -8.1778485339867120E-005
           1          28  -7.9348245294868374E-005
           1          29   6.3301694782553391E-004
           2           1 -0.61391194151417894     
           2           2   2.4983054367672839     
           2           3   6.2810951164663795E-014
           2           4  -2.3628116277241762E-013
           2           5   2.4085113590805010E-014
           2           6 -0.56489553548018556     
           2           7  -2.0492403082970218E-014
           2           8  -7.6749221990459657E-014
           2           9   1.2261097968691620E-013
           2          10  0.14407932306217855     
           2          11   9.6382854695728469E-013
           2          12   9.5343687767710688E-013
           2          13  -9.7807252644466845E-013
           2          14   6.8806599604195176E-002
           2          15  -4.4997599985127044E-014
           2          16   8.5307439899207379E-015
           2          17  -3.5952817538940410E-014
           2          18 -0.13294514306345312     
           2          19  -1.1806664261172638E-003
           2          20 -0.13291922927003055     
           2          21   1.1578602085807188E-003
           2          22   1.1503038491420905E-003
           2          23 -0.13286035271407465     
           2          24  -6.3643938282086449E-002
           2          25  -3.4052036539305351E-004
           2          26  -6.3643041472871212E-002
           2          27   3.2110736075008600E-004
           2          28   3.1131829523877927E-004
           2          29  -6.3638602337783040E-002
           3           1   8.7856010607811537E-014
           3           2   6.2810951164663795E-014
           3           3   2.2404303110583870     
           3           4   3.7497699620990553E-005
           3           5  -3.7358369305164083E-005
           3           6  -2.0743458889782808E-013
           3           7 -0.72769644112021781     
           3           8  -1.1396911313075332E-004
           3           9   1.1354516704660539E-004
           3          10   6.0053107129063161E-013
           3          11  -5.1742914797699421E-002
           3          12   2.9051665056699177E-004
           3          13  -2.8939955581708276E-004
           3          14   3.5428781794223657E-013
           3          15   2.3322491058258562E-002
           3          16  -1.4050301401794226E-004
           3          17   1.3990478931885211E-004
           3          18   3.7906961129213368E-012
           3          19  -2.6014321553095498E-012
           3          20  -1.6667619927489263E-012
           3          21   2.5706881278720555E-012
           3          22  -4.1394412864310588E-012
           3          23  -1.9562782823414638E-012
           3          24   3.0084977381365533E-012
           3          25  -1.9078354369816254E-012
           3          26  -1.7329086516330332E-012
           3          27   1.8161438581980360E-012
           3          28  -3.6896611313271906E-012
           3          29  -1.6257376502739759E-012
           4           1   9.2129505112903176E-014
           4           2  -2.3628116277241762E-013
           4           3   3.7497699620990553E-005
           4           4   2.2404290150628619     
           4           5  -3.7465404044374782E-005
           4           6  -6.2169050818133671E-013
           4           7  -1.1396911343367767E-004
           4           8 -0.72769250188172818     
           4           9   1.1387012877892016E-004
           4          10   2.9109847166484147E-013
           4          11   2.9051669024544066E-004
           4          12  -5.1752934057551200E-002
           4          13  -2.9020621472351554E-004
           4          14   3.2419041116008887E-013
           4          15  -1.4050303714903718E-004
           4          16   2.3327302450312726E-002
           4          17   1.4026047971118401E-004
           4          18  -1.6598452368531449E-012
           4          19  -2.9279064039251422E-012
           4          20   4.4265121669589820E-012
           4          21  -3.7535627826841371E-012
           4          22   2.9054538856553825E-012
           4          23  -2.0762770868702603E-012
           4          24  -1.2628707257788643E-012
           4          25  -1.4750469786815629E-012
           4          26   2.8801689121679872E-012
           4          27  -3.6752010464386548E-012
           4          28   1.6980266749403940E-012
           4          29  -1.5366344387699505E-012
           5           1   3.9207828231177649E-014
           5           2   2.4085113590805010E-014
           5           3  -3.7358369305164083E-005
           5           4  -3.7465404044374782E-005
           5           5   2.2404261969570110     
           5           6   1.2198852007385705E-013
           5           7   1.1354516830723588E-004
           5           8   1.1387012956382009E-004
           5           9 -0.72768393657680286     
           5          10  -5.3450817314591915E-013
           5          11  -2.8939967405409842E-004
           5          12  -2.9020629320488625E-004
           5          13  -5.1774725635606804E-002
           5          14  -4.2228368424120142E-013
           5          15   1.3990485717371793E-004
           5          16   1.4026052452921871E-004
           5          17   2.3337776390251898E-002
           5          18   1.9258441843334074E-012
           5          19  -4.2174533172496459E-012
           5          20   1.9463845561893776E-012
           5          21  -2.5188627953873905E-012
           5          22  -2.5719388943296141E-012
           5          23  -3.8891001228803276E-012
           5          24   1.6432806790719575E-012
           5          25  -3.5074338655547210E-012
           5          26   1.7142787117902381E-012
           5          27  -2.1217247725697477E-012
           5          28  -2.2071151096522029E-012
           5          29  -3.0056345249181020E-012
           6           1  0.32556566997379893     
           6           2 -0.56489553548018556     
           6           3  -2.0743458889782808E-013
           6           4  -6.2169050818133671E-013
           6           5   1.2198852007385705E-013
           6           6   1.5831167252228133     
           6           7   3.5578894060567085E-013
           6           8   4.4262610333551643E-013
           6           9  -3.6167665242954196E-013
           6          10 -0.28538227089590573     
           6          11  -2.5487899735878578E-012
           6          12  -2.4563453797380048E-012
           6          13   2.5345065549872095E-012
           6          14 -0.21900558389124319     
           6          15   2.6058446936462189E-014
           6          16   1.8667695598358951E-014
           6          17   5.6157350011701011E-014
           6          18  0.14645711137981648     
           6          19   2.7116024942646574E-003
           6          20  0.14639594837340192     
           6          21  -2.6624342372927501E-003
           6          22  -2.6469871745894557E-003
           6          23  0.14625759272720629     
           6          24   4.5496859214111507E-002
           6          25   2.6870478597320225E-004
           6          26   4.5508537888467551E-002
           6          27  -2.2922937395290777E-004
           6          28  -2.0718258669499753E-004
           6          29   4.5528654059196705E-002
           7           1  -2.5089393092115653E-015
           7           2  -2.0492403082970218E-014
           7           3 -0.72769644112021781     
           7           4  -1.1396911343367767E-004
           7           5   1.1354516830723588E-004
           7           6   3.5578894060567085E-013
           7           7   2.2051093018479708     
           7           8   3.4393435962354357E-004
           7           9  -3.4265398988164741E-004
           7          10  -1.8164462664787709E-012
           7          11  0.10104017952358060     
           7          12  -8.0786408750525471E-004
           7          13   8.0475788737538359E-004
           7          14  -1.3283700471021581E-012
           7          15  -4.2128769299626903E-002
           7          16   3.9225768290490474E-004
           7          17  -3.9058531770935485E-004
           7          18  -1.1698622222432696E-011
           7          19   7.5042469628596365E-012
           7          20   5.6134916919943278E-012
           7          21  -7.6484760316622587E-012
           7          22   1.3188739233015716E-011
           7          23   5.9591008727138828E-012
           7          24  -9.6735382475311755E-012
           7          25   6.4449494177689284E-012
           7          26   5.2589598174233442E-012
           7          27  -6.5546611044541940E-012
           7          28   1.1437326163112645E-011
           7          29   5.3502749896433789E-012
           8           1  -2.1968142371382921E-013
           8           2  -7.6749221990459657E-014
           8           3  -1.1396911313075332E-004
           8           4 -0.72769250188172818     
           8           5   1.1387012956382009E-004
           8           6   4.4262610333551643E-013
           8           7   3.4393435962354357E-004
           8           8   2.2050974137583301     
           8           9  -3.4363413596172365E-004
           8          10  -1.7559749780517305E-012
           8          11  -8.0786420642988007E-004
           8          12  0.10106804509484801     
           8          13   8.0700149121093879E-004
           8          14  -1.2613355011653708E-012
           8          15   3.9225775207358724E-004
           8          16  -4.2142202557138769E-002
           8          17  -3.9157718795715369E-004
           8          18   5.7072694980200732E-012
           8          19   7.7867123562752524E-012
           8          20  -1.2198945636918207E-011
           8          21   1.3117153841086026E-011
           8          22  -7.7026975032398868E-012
           8          23   6.3540541622903678E-012
           8          24   5.0632196661532554E-012
           8          25   6.1961201454161832E-012
           8          26  -9.5814535980013279E-012
           8          27   1.1670273566474392E-011
           8          28  -6.3072572259640373E-012
           8          29   5.5182021007858766E-012
           9           1   2.2345836271217769E-014
           9           2   1.2261097968691620E-013
           9           3   1.1354516704660539E-004
           9           4   1.1387012877892016E-004
           9           5 -0.72768393657680286     
           9           6  -3.6167665242954196E-013
           9           7  -3.4265398988164741E-004
           9           8  -3.4363413596172365E-004
           9           9   2.2050715649177972     
           9          10   1.9139404467773056E-012
           9          11   8.0475824145474144E-004
           9          12   8.0700172642162653E-004
           9          13  0.10112865055208842     
           9          14   1.4426397491292735E-012
           9          15  -3.9058552051278428E-004
           9          16  -3.9157732177490397E-004
           9          17  -4.2171445175912078E-002
           9          18  -5.9612383458618549E-012
           9          19   1.3198005396312806E-011
           9          20  -6.1530871803232937E-012
           9          21   7.4604421281345122E-012
           9          22   7.7018628527039235E-012
           9          23   1.2097168179262097E-011
           9          24  -5.4187926407976384E-012
           9          25   1.1286251378692910E-011
           9          26  -5.6340640639103250E-012
           9          27   6.5845432415579792E-012
           9          28   6.8415927114807169E-012
           9          29   9.9693136521248123E-012
          10           1  -3.2028391106497460E-002
          10           2  0.14407932306217855     
          10           3   6.0053107129063161E-013
          10           4   2.9109847166484147E-013
          10           5  -5.3450817314591915E-013
          10           6 -0.28538227089590573     
          10           7  -1.8164462664787709E-012
          10           8  -1.7559749780517305E-012
          10           9   1.9139404467773056E-012
          10          10  0.78989693920668091     
          10          11   6.6957851291420513E-012
          10          12   6.5155302535241743E-012
          10          13  -6.7426381826513070E-012
          10          14  0.56071428749487984     
          10          15  -2.3358838329738722E-013
          10          16  -9.4023868983166027E-014
          10          17  -9.8141348720228601E-014
          10          18  -2.8362125172288651E-002
          10          19  -3.5249438696801358E-004
          10          20  -2.8346636828204427E-002
          10          21   3.6072942757245765E-004
          10          22   3.6744218624233622E-004
          10          23  -2.8314354339964015E-002
          10          24  -9.4656116036041342E-003
          10          25   2.0001594428963937E-003
          10          26  -9.5185240563604306E-003
          10          27  -1.9792187290205293E-003
          10          28  -1.9768560769738959E-003
          10          29  -9.6355325767733084E-003
          11           1  -2.9376904027464622E-013
          11           2   9.6382854695728469E-013
          11           3  -5.1742914797699421E-002
          11           4   2.9051669024544066E-004
          11           5  -2.8939967405409842E-004
          11           6  -2.5487899735878578E-012
          11           7  0.10104017952358060     
          11           8  -8.0786420642988007E-004
          11           9   8.0475824145474144E-004
          11          10   6.6957851291420513E-012
          11          11   4.7996100370941257E-003
          11          12  -7.4900974986990670E-005
          11          13   7.4633769055605062E-005
          11          14   4.7538652380207670E-012
          11          15  -2.0173226231901082E-003
          11          16   3.3780387831860436E-005
          11          17  -3.3652933624497830E-005
          11          18   3.8001337552656635E-011
          11          19  -2.0787820378175184E-011
          11          20  -1.9087091294389796E-011
          11          21   2.1527984658452374E-011
          11          22  -4.2964790938243419E-011
          11          23  -1.9639718261013923E-011
          11          24   3.9574667438422402E-011
          11          25  -2.1481407683503777E-011
          11          26  -1.9571593863599487E-011
          11          27   2.2265966150349785E-011
          11          28  -4.4534856901903190E-011
          11          29  -2.0189705047278666E-011
          12           1  -2.4840634214102330E-013
          12           2   9.5343687767710688E-013
          12           3   2.9051665056699177E-004
          12           4  -5.1752934057551200E-002
          12           5  -2.9020629320488625E-004
          12           6  -2.4563453797380048E-012
          12           7  -8.0786408750525471E-004
          12           8  0.10106804509484801     
          12           9   8.0700172642162653E-004
          12          10   6.5155302535241743E-012
          12          11  -7.4900974986990670E-005
          12          12   4.8022058605452569E-003
          12          13   7.4854204964195395E-005
          12          14   4.6272394558964363E-012
          12          15   3.3780389509379129E-005
          12          16  -2.0184892487564452E-003
          12          17  -3.3748231584956103E-005
          12          18  -1.9066847684860635E-011
          12          19  -2.0828031143862203E-011
          12          20   3.8234144509808732E-011
          12          21  -4.2915496611851983E-011
          12          22   2.1892387362408506E-011
          12          23  -1.9884761397843206E-011
          12          24  -1.9553629314128088E-011
          12          25  -2.1554998758890047E-011
          12          26   3.9826735962073830E-011
          12          27  -4.4476337020998280E-011
          12          28   2.2670129503209743E-011
          12          29  -2.0459634216798563E-011
          13           1   2.6000006524774914E-013
          13           2  -9.7807252644466845E-013
          13           3  -2.8939955581708276E-004
          13           4  -2.9020621472351554E-004
          13           5  -5.1774725635606804E-002
          13           6   2.5345065549872095E-012
          13           7   8.0475788737538359E-004
          13           8   8.0700149121093879E-004
          13           9  0.10112865055208842     
          13          10  -6.7426381826513070E-012
          13          11   7.4633769055605062E-005
          13          12   7.4854204964195395E-005
          13          13   4.8078480793812325E-003
          13          14  -4.7911977620755820E-012
          13          15  -3.3652938301040078E-005
          13          16  -3.3748234627121039E-005
          13          17  -2.0210260953946132E-003
          13          18   1.9881909254223315E-011
          13          19  -4.2770486514562325E-011
          13          20   2.0256393195411088E-011
          13          21  -2.1374042032772330E-011
          13          22  -2.2015517820075447E-011
          13          23  -3.9414858898588280E-011
          13          24   2.0390273373112400E-011
          13          25  -4.4371011659743566E-011
          13          26   2.0794123120229454E-011
          13          27  -2.2096625661952584E-011
          13          28  -2.2767370043366824E-011
          13          29  -4.0992766506947234E-011
          14           1  -2.1830590614233623E-002
          14           2   6.8806599604195176E-002
          14           3   3.5428781794223657E-013
          14           4   3.2419041116008887E-013
          14           5  -4.2228368424120142E-013
          14           6 -0.21900558389124319     
          14           7  -1.3283700471021581E-012
          14           8  -1.2613355011653708E-012
          14           9   1.4426397491292735E-012
          14          10  0.56071428749487984     
          14          11   4.7538652380207670E-012
          14          12   4.6272394558964363E-012
          14          13  -4.7911977620755820E-012
          14          14  0.39888659121656239     
          14          15  -1.6453962640877442E-013
          14          16  -6.6823351856486753E-014
          14          17  -7.0214908227161760E-014
          14          18  -2.0063638101745378E-002
          14          19  -2.6262198542629405E-004
          14          20  -2.0045434189933334E-002
          14          21   2.8183484784590992E-004
          14          22   2.9458065043348346E-004
          14          23  -2.0008662071936273E-002
          14          24  -6.3474867051872916E-003
          14          25   1.4275028273128660E-003
          14          26  -6.3782077485600251E-003
          14          27  -1.3987414719039129E-003
          14          28  -1.3888721501040500E-003
          14          29  -6.4482763333480568E-003
          15           1   2.1995273348984056E-014
          15           2  -4.4997599985127044E-014
          15           3   2.3322491058258562E-002
          15           4  -1.4050303714903718E-004
          15           5   1.3990485717371793E-004
          15           6   2.6058446936462189E-014
          15           7  -4.2128769299626903E-002
          15           8   3.9225775207358724E-004
          15           9  -3.9058552051278428E-004
          15          10  -2.3358838329738722E-013
          15          11  -2.0173226231901082E-003
          15          12   3.3780389509379129E-005
          15          13  -3.3652938301040078E-005
          15          14  -1.6453962640877442E-013
          15          15   8.4937683358285508E-004
          15          16  -1.5148701358181342E-005
          15          17   1.5088947120040992E-005
          15          18  -5.8308684152276128E-012
          15          19   2.9097532178533498E-012
          15          20   2.9006778659888831E-012
          15          21  -3.0093487834316042E-012
          15          22   6.0312155777693430E-012
          15          23   2.9431752748956832E-012
          15          24  -6.0671956600729787E-012
          15          25   3.0473368069243491E-012
          15          26   3.0066409922488128E-012
          15          27  -3.1450992968555496E-012
          15          28   6.2696995266642728E-012
          15          29   3.0471882006976798E-012
          16           1   8.2750442626348121E-014
          16           2   8.5307439899207379E-015
          16           3  -1.4050301401794226E-004
          16           4   2.3327302450312726E-002
          16           5   1.4026052452921871E-004
          16           6   1.8667695598358951E-014
          16           7   3.9225768290490474E-004
          16           8  -4.2142202557138769E-002
          16           9  -3.9157732177490397E-004
          16          10  -9.4023868983166027E-014
          16          11   3.3780387831860436E-005
          16          12  -2.0184892487564452E-003
          16          13  -3.3748234627121039E-005
          16          14  -6.6823351856486753E-014
          16          15  -1.5148701358181342E-005
          16          16   8.4989847134734828E-004
          16          17   1.5130141441206674E-005
          16          18   2.8752231683510061E-012
          16          19   2.8725771195055790E-012
          16          20  -5.8493932771665143E-012
          16          21   6.0213007387870678E-012
          16          22  -3.0889529157071006E-012
          16          23   2.9733493175049593E-012
          16          24   2.9972047643399329E-012
          16          25   3.0224630761957213E-012
          16          26  -6.1025333137760660E-012
          16          27   6.2488512463222721E-012
          16          28  -3.2321150880760458E-012
          16          29   3.0877661686065943E-012
          17           1  -1.3440902517308620E-014
          17           2  -3.5952817538940410E-014
          17           3   1.3990478931885211E-004
          17           4   1.4026047971118401E-004
          17           5   2.3337776390251898E-002
          17           6   5.6157350011701011E-014
          17           7  -3.9058531770935485E-004
          17           8  -3.9157718795715369E-004
          17           9  -4.2171445175912078E-002
          17          10  -9.8141348720228601E-014
          17          11  -3.3652933624497830E-005
          17          12  -3.3748231584956103E-005
          17          13  -2.0210260953946132E-003
          17          14  -7.0214908227161760E-014
          17          15   1.5088947120040992E-005
          17          16   1.5130141441206674E-005
          17          17   8.5103319252218803E-004
          17          18  -2.9657831141207777E-012
          17          19   6.0391440219732148E-012
          17          20  -3.0113201875239594E-012
          17          21   3.0055581457796144E-012
          17          22   3.0838232333407957E-012
          17          23   5.9965157273733665E-012
          17          24  -3.0914796203368326E-012
          17          25   6.2728088413355811E-012
          17          26  -3.1327426443021947E-012
          17          27   3.1363335760622205E-012
          17          28   3.2138459166297115E-012
          17          29   6.2496234858450529E-012
          18           1  -5.4968174448608242E-002
          18           2 -0.13294514306345312     
          18           3   3.7906961129213368E-012
          18           4  -1.6598452368531449E-012
          18           5   1.9258441843334074E-012
          18           6  0.14645711137981648     
          18           7  -1.1698622222432696E-011
          18           8   5.7072694980200732E-012
          18           9  -5.9612383458618549E-012
          18          10  -2.8362125172288651E-002
          18          11   3.8001337552656635E-011
          18          12  -1.9066847684860635E-011
          18          13   1.9881909254223315E-011
          18          14  -2.0063638101745378E-002
          18          15  -5.8308684152276128E-012
          18          16   2.8752231683510061E-012
          18          17  -2.9657831141207777E-012
          18          18  0.39168116342662396     
          18          19   2.3167725320769599E-002
          18          20 -0.16468492471850760     
          18          21  -2.3294214825975192E-002
          18          22   5.5504183942067270E-002
          18          23 -0.16190186424267344     
          18          24  0.38919962655665707     
          18          25   2.3701720272846193E-002
          18          26 -0.18574546217028623     
          18          27  -2.3832586393161121E-002
          18          28   5.7613207118446426E-002
          18          29 -0.18286092871794579     
          19           1   2.9635364491518046E-004
          19           2  -1.1806664261172638E-003
          19           3  -2.6014321553095498E-012
          19           4  -2.9279064039251422E-012
          19           5  -4.2174533172496459E-012
          19           6   2.7116024942646574E-003
          19           7   7.5042469628596365E-012
          19           8   7.7867123562752524E-012
          19           9   1.3198005396312806E-011
          19          10  -3.5249438696801358E-004
          19          11  -2.0787820378175184E-011
          19          12  -2.0828031143862203E-011
          19          13  -4.2770486514562325E-011
          19          14  -2.6262198542629405E-004
          19          15   2.9097532178533498E-012
          19          16   2.8725771195055790E-012
          19          17   6.0391440219732148E-012
          19          18   2.3167725320769599E-002
          19          19  0.20969946635943595     
          19          20   2.5340629469968335E-002
          19          21  0.11147913823585556     
          19          22  0.10871925451472363     
          19          23  -4.7688173271978405E-002
          19          24   2.3744738054961356E-002
          19          25  0.21670702277783882     
          19          26   2.5990954351982010E-002
          19          27  0.11521221165712600     
          19          28  0.11235738349548550     
          19          29  -4.9494845167923851E-002
          20           1  -5.4974688525392265E-002
          20           2 -0.13291922927003055     
          20           3  -1.6667619927489263E-012
          20           4   4.4265121669589820E-012
          20           5   1.9463845561893776E-012
          20           6  0.14639594837340192     
          20           7   5.6134916919943278E-012
          20           8  -1.2198945636918207E-011
          20           9  -6.1530871803232937E-012
          20          10  -2.8346636828204427E-002
          20          11  -1.9087091294389796E-011
          20          12   3.8234144509808732E-011
          20          13   2.0256393195411088E-011
          20          14  -2.0045434189933334E-002
          20          15   2.9006778659888831E-012
          20          16  -5.8493932771665143E-012
          20          17  -3.0113201875239594E-012
          20          18 -0.16468492471850760     
          20          19   2.5340629469968335E-002
          20          20  0.39057429730298393     
          20          21   5.3198022778629443E-002
          20          22  -2.5534545812714415E-002
          20          23 -0.16081518127885822     
          20          24 -0.18575049619821773     
          20          25   2.5947863872253063E-002
          20          26  0.38806941325406463     
          20          27   5.5229867551687468E-002
          20          28  -2.6147239201445314E-002
          20          29 -0.18173990557810157     
          21           1  -2.9064811194403131E-004
          21           2   1.1578602085807188E-003
          21           3   2.5706881278720555E-012
          21           4  -3.7535627826841371E-012
          21           5  -2.5188627953873905E-012
          21           6  -2.6624342372927501E-003
          21           7  -7.6484760316622587E-012
          21           8   1.3117153841086026E-011
          21           9   7.4604421281345122E-012
          21          10   3.6072942757245765E-004
          21          11   2.1527984658452374E-011
          21          12  -4.2915496611851983E-011
          21          13  -2.1374042032772330E-011
          21          14   2.8183484784590992E-004
          21          15  -3.0093487834316042E-012
          21          16   6.0213007387870678E-012
          21          17   3.0055581457796144E-012
          21          18  -2.3294214825975192E-002
          21          19  0.11147913823585556     
          21          20   5.3198022778629443E-002
          21          21  0.21690480066223877     
          21          22 -0.10259924060141982     
          21          23  -3.0712398284589229E-002
          21          24  -2.3882757846570450E-002
          21          25  0.11521206382897527     
          21          26   5.5180226002797143E-002
          21          27  0.22414885837175133     
          21          28 -0.10602745116649530     
          21          29  -3.1551086523405825E-002
          22           1  -2.8876271811737071E-004
          22           2   1.1503038491420905E-003
          22           3  -4.1394412864310588E-012
          22           4   2.9054538856553825E-012
          22           5  -2.5719388943296141E-012
          22           6  -2.6469871745894557E-003
          22           7   1.3188739233015716E-011
          22           8  -7.7026975032398868E-012
          22           9   7.7018628527039235E-012
          22          10   3.6744218624233622E-004
          22          11  -4.2964790938243419E-011
          22          12   2.1892387362408506E-011
          22          13  -2.2015517820075447E-011
          22          14   2.9458065043348346E-004
          22          15   6.0312155777693430E-012
          22          16  -3.0889529157071006E-012
          22          17   3.0838232333407957E-012
          22          18   5.5504183942067270E-002
          22          19  0.10871925451472363     
          22          20  -2.5534545812714415E-002
          22          21 -0.10259924060141982     
          22          22  0.21995617494474298     
          22          23  -3.0775502634063045E-002
          22          24   5.7559169492490903E-002
          22          25  0.11235715140434176     
          22          26  -2.6201936184366843E-002
          22          27 -0.10602736759522757     
          22          28  0.22729944509936459     
          22          29  -3.1619647462858419E-002
          23           1  -5.4989485006102262E-002
          23           2 -0.13286035271407465     
          23           3  -1.9562782823414638E-012
          23           4  -2.0762770868702603E-012
          23           5  -3.8891001228803276E-012
          23           6  0.14625759272720629     
          23           7   5.9591008727138828E-012
          23           8   6.3540541622903678E-012
          23           9   1.2097168179262097E-011
          23          10  -2.8314354339964015E-002
          23          11  -1.9639718261013923E-011
          23          12  -1.9884761397843206E-011
          23          13  -3.9414858898588280E-011
          23          14  -2.0008662071936273E-002
          23          15   2.9431752748956832E-012
          23          16   2.9733493175049593E-012
          23          17   5.9965157273733665E-012
          23          18 -0.16190186424267344     
          23          19  -4.7688173271978405E-002
          23          20 -0.16081518127885822     
          23          21  -3.0712398284589229E-002
          23          22  -3.0775502634063045E-002
          23          23  0.38774618082269147     
          23          24 -0.18287590218292146     
          23          25  -4.9537472867655238E-002
          23          26 -0.18174984556600535     
          23          27  -3.1500713040266567E-002
          23          28  -3.1564821740320395E-002
          23          29  0.38517571641062154     
          24           1   6.3452401256716457E-004
          24           2  -6.3643938282086449E-002
          24           3   3.0084977381365533E-012
          24           4  -1.2628707257788643E-012
          24           5   1.6432806790719575E-012
          24           6   4.5496859214111507E-002
          24           7  -9.6735382475311755E-012
          24           8   5.0632196661532554E-012
          24           9  -5.4187926407976384E-012
          24          10  -9.4656116036041342E-003
          24          11   3.9574667438422402E-011
          24          12  -1.9553629314128088E-011
          24          13   2.0390273373112400E-011
          24          14  -6.3474867051872916E-003
          24          15  -6.0671956600729787E-012
          24          16   2.9972047643399329E-012
          24          17  -3.0914796203368326E-012
          24          18  0.38919962655665707     
          24          19   2.3744738054961356E-002
          24          20 -0.18575049619821773     
          24          21  -2.3882757846570450E-002
          24          22   5.7559169492490903E-002
          24          23 -0.18287590218292146     
          24          24  0.39758672211385215     
          24          25   2.4468226158271884E-002
          24          26 -0.19656825658558336     
          24          27  -2.4610216127415402E-002
          24          28   5.9567489772606091E-002
          24          29 -0.19360032383378956     
          25           1   8.6615963323255160E-005
          25           2  -3.4052036539305351E-004
          25           3  -1.9078354369816254E-012
          25           4  -1.4750469786815629E-012
          25           5  -3.5074338655547210E-012
          25           6   2.6870478597320225E-004
          25           7   6.4449494177689284E-012
          25           8   6.1961201454161832E-012
          25           9   1.1286251378692910E-011
          25          10   2.0001594428963937E-003
          25          11  -2.1481407683503777E-011
          25          12  -2.1554998758890047E-011
          25          13  -4.4371011659743566E-011
          25          14   1.4275028273128660E-003
          25          15   3.0473368069243491E-012
          25          16   3.0224630761957213E-012
          25          17   6.2728088413355811E-012
          25          18   2.3701720272846193E-002
          25          19  0.21670702277783882     
          25          20   2.5947863872253063E-002
          25          21  0.11521206382897527     
          25          22  0.11235715140434176     
          25          23  -4.9537472867655238E-002
          25          24   2.4468226158271884E-002
          25          25  0.22395776508525189     
          25          26   2.6789888541873606E-002
          25          27  0.11906117309670408     
          25          28  0.11610803137669372     
          25          29  -5.1235666624460677E-002
          26           1   6.3424427703864979E-004
          26           2  -6.3643041472871212E-002
          26           3  -1.7329086516330332E-012
          26           4   2.8801689121679872E-012
          26           5   1.7142787117902381E-012
          26           6   4.5508537888467551E-002
          26           7   5.2589598174233442E-012
          26           8  -9.5814535980013279E-012
          26           9  -5.6340640639103250E-012
          26          10  -9.5185240563604306E-003
          26          11  -1.9571593863599487E-011
          26          12   3.9826735962073830E-011
          26          13   2.0794123120229454E-011
          26          14  -6.3782077485600251E-003
          26          15   3.0066409922488128E-012
          26          16  -6.1025333137760660E-012
          26          17  -3.1327426443021947E-012
          26          18 -0.18574546217028623     
          26          19   2.5990954351982010E-002
          26          20  0.38806941325406463     
          26          21   5.5180226002797143E-002
          26          22  -2.6201936184366843E-002
          26          23 -0.18174984556600535     
          26          24 -0.19656825658558336     
          26          25   2.6789888541873606E-002
          26          26  0.39642230691837915     
          26          27   5.7109623569681828E-002
          26          28  -2.7006498191805485E-002
          26          29 -0.19244392128764040     
          27           1  -8.1778485339867120E-005
          27           2   3.2110736075008600E-004
          27           3   1.8161438581980360E-012
          27           4  -3.6752010464386548E-012
          27           5  -2.1217247725697477E-012
          27           6  -2.2922937395290777E-004
          27           7  -6.5546611044541940E-012
          27           8   1.1670273566474392E-011
          27           9   6.5845432415579792E-012
          27          10  -1.9792187290205293E-003
          27          11   2.2265966150349785E-011
          27          12  -4.4476337020998280E-011
          27          13  -2.2096625661952584E-011
          27          14  -1.3987414719039129E-003
          27          15  -3.1450992968555496E-012
          27          16   6.2488512463222721E-012
          27          17   3.1363335760622205E-012
          27          18  -2.3832586393161121E-002
          27          19  0.11521221165712600     
          27          20   5.5229867551687468E-002
          27          21  0.22414885837175133     
          27          22 -0.10602736759522757     
          27          23  -3.1500713040266567E-002
          27          24  -2.4610216127415402E-002
          27          25  0.11906117309670408     
          27          26   5.7109623569681828E-002
          27          27  0.23164377125952554     
          27          28 -0.10956118376520084     
          27          29  -3.2536080345897042E-002
          28           1  -7.9348245294868374E-005
