           1           1   2.2071592408986609     
           1           2 -0.78938132968322683     
           1           3  0.77524273696846091     
           1           4 -0.59919009497627473     
           1           5  -1.3496233078674449E-002
           1           6  -1.0134746615360565E-002
           1           7  -2.9551180386987153E-004
           1           8   1.9567933739050931E-013
           1           9   1.6553600631248997E-014
           1          10   7.5843953531022147E-013
           1          11  -3.6087963148232003E-013
           1          12  -4.6177475087944869E-014
           1          13  -1.5729560351703433E-012
           1          14  -3.0899685165006893E-014
           1          15  -5.0496261194190283E-015
           1          16  -6.6193301483179020E-014
           1          17  -2.4975051807632979E-014
           1          18   5.3267705652220162E-014
           1          19  -6.6234743594872534E-014
           1          20   7.3870208731880730E-015
           1          21  -6.6660350459600426E-014
           1          22   9.0774456107603221E-014
           1          23  -3.9094819045686101E-015
           1          24   3.1461940159131467E-014
           1          25  -5.9752818239969110E-014
           1          26 -0.14162253452709170     
           1          27  -4.3302864864445071E-015
           1          28 -0.14162253452715834     
           1          29   1.1565914822288702E-013
           1          30   1.3287446770416743E-014
           1          31 -0.14162253452712609     
           1          32  0.17933013791094415     
           1          33   1.4929582746073751E-014
           1          34  0.17933013791095961     
           1          35   2.3607552677582014E-014
           1          36  -1.8630844549028047E-014
           1          37  0.17933013791097430     
           2           1 -0.78938132968322683     
           2           2   3.2516681597418406     
           2           3  -1.4971216424545903     
           2           4   2.5999573746692479     
           2           5  0.12948448803170182     
           2           6   6.6028269380027024E-002
           2           7   1.8707742344908746E-003
           2           8  -6.8160564485785502E-013
           2           9  -6.1100458012484266E-014
           2          10  -2.6435975986865684E-012
           2          11   1.2537827411775613E-012
           2          12   1.7040780008255150E-013
           2          13   5.4917385436701730E-012
           2          14   1.3193009528731159E-013
           2          15   2.4609077561532451E-014
           2          16   2.7294527027340154E-013
           2          17   9.1151213985367404E-014
           2          18  -2.0253155663800040E-013
           2          19   2.1976072589494869E-013
           2          20  -2.4412615784125606E-014
           2          21   2.3796838259863642E-013
           2          22  -3.2485778232849077E-013
           2          23   1.8620883679964197E-014
           2          24  -9.9757955538301028E-014
           2          25   2.3180927668380155E-013
           2          26 -0.24982938820646741     
           2          27   2.0357182816736413E-014
           2          28 -0.24982938820623535     
           2          29  -4.7247934008961456E-013
           2          30  -6.2543284762117883E-014
           2          31 -0.24982938820632952     
           2          32 -0.83961658762615377     
           2          33  -5.8455968023696326E-014
           2          34 -0.83961658762619806     
           2          35  -1.0448713595645918E-013
           2          36   7.1493122978021483E-014
           2          37 -0.83961658762626246     
           3           1  0.77524273696846091     
           3           2  -1.4971216424545903     
           3           3   3.0507616393887282     
           3           4  -4.2306726497856069     
           3           5   7.9673861193169854E-002
           3           6  -9.1922170088745946E-003
           3           7   3.2347927462343857E-003
           3           8   1.1174151333026250E-012
           3           9   1.5120234514270204E-013
           3          10   5.2611813458970775E-012
           3          11  -2.5494060192906268E-012
           3          12  -3.8804256571450671E-013
           3          13  -1.1654984055625875E-011
           3          14  -1.6979990268843323E-013
           3          15  -1.4991308814435030E-014
           3          16  -3.9908012436877478E-013
           3          17  -2.1548820130410940E-013
           3          18   3.1518417050864062E-013
           3          19  -4.6897380739862595E-013
           3          20   8.5944802247803908E-014
           3          21  -4.2500860790926527E-013
           3          22   5.8835507038853706E-013
           3          23  -2.0059893852918928E-014
           3          24   2.1263052082190997E-013
           3          25  -3.4348956185386550E-013
           3          26  0.19393878948322271     
           3          27   4.7385844366170304E-014
           3          28  0.19393878948253696     
           3          29   3.3971068536948932E-013
           3          30   5.8856211807963048E-015
           3          31  0.19393878948315205     
           3          32   1.1952205777622165     
           3          33   1.0221939804062673E-013
           3          34   1.1952205777624667     
           3          35   3.3896812776749567E-014
           3          36  -1.2465514609146417E-013
           3          37   1.1952205777625342     
           4           1 -0.59919009497627473     
           4           2   2.5999573746692479     
           4           3  -4.2306726497856069     
           4           4   41.309330026877575     
           4           5   5.9159755626862642     
           4           6   3.4041810665086505     
           4           7   7.5046942604600778E-002
           4           8   4.5872731870683350E-013
           4           9  -1.1986101279190245E-013
           4          10   7.8012920864564458E-013
           4          11  -1.3847073509229653E-012
           4          12   2.2822466326711099E-013
           4          13  -2.3819415909177535E-012
           4          14   7.6967393555404240E-013
           4          15   6.2534158912315611E-013
           4          16   1.5604790306469416E-012
           4          17  -3.8293209778971182E-013
           4          18  -8.2939123942397361E-013
           4          19  -1.8555118738272965E-012
           4          20   8.9468326612568090E-013
           4          21  -6.5000683792741384E-013
           4          22   4.3657961801290208E-013
           4          23   6.4234010302616060E-014
           4          24   1.3855109654297487E-012
           4          25   1.4243018849026922E-012
           4          26 -0.62561583850499924     
           4          27  -9.9038132055281008E-014
           4          28 -0.62561583850499425     
           4          29   9.5201733215562534E-013
           4          30   1.8950788692650984E-013
           4          31 -0.62561583850487668     
           4          32  -17.021207963336469     
           4          33  -8.5238047442428464E-014
           4          34  -17.021207963336533     
           4          35  -5.0666564434931165E-013
           4          36  -8.8602008618659268E-014
           4          37  -17.021207963336771     
           5           1  -1.3496233078674449E-002
           5           2  0.12948448803170182     
           5           3   7.9673861193169854E-002
           5           4   5.9159755626862642     
           5           5   4.0538942458890457     
           5           6   1.4149694518602145     
           5           7   9.6946936422146288E-002
           5           8   1.7747931763472002E-013
           5           9  -4.6520737349766997E-014
           5          10   6.1966261900653151E-013
           5          11  -5.9993329141727669E-013
           5          12   1.1101384470104295E-013
           5          13  -1.6719612467050423E-012
           5          14   6.6613909322968472E-013
           5          15   6.5909881484303668E-014
           5          16   1.0900730549490331E-012
           5          17  -7.9159899227955550E-013
           5          18  -2.2614063085929052E-014
           5          19  -9.2273823020791899E-013
           5          20   6.5326193169801088E-013
           5          21  -5.2406851922187601E-013
           5          22   3.2319678616901575E-013
           5          23  -1.5160271009961348E-014
           5          24   8.4338688874517322E-013
           5          25   6.0272326700191458E-013
           5          26  -5.4706164598155818E-002
           5          27  -6.1286531395825206E-014
           5          28  -5.4706164598186981E-002
           5          29   1.6957735706386861E-013
           5          30  -5.0922986980341186E-014
           5          31  -5.4706164598142926E-002
           5          32  -3.0962873229428389     
           5          33  -6.1860752578358270E-015
           5          34  -3.0962873229428833     
           5          35  -9.5000064073502260E-014
           5          36  -7.3014844905342082E-014
           5          37  -3.0962873229429446     
           6           1  -1.0134746615360565E-002
           6           2   6.6028269380027024E-002
           6           3  -9.1922170088745946E-003
           6           4   3.4041810665086505     
           6           5   1.4149694518602145     
           6           6  0.62847723804585831     
           6           7   2.8356064403307769E-002
           6           8   5.1443001072722142E-014
           6           9  -3.9500324994060351E-014
           6          10   1.4906032327973911E-013
           6          11  -2.1564970728509565E-013
           6          12   1.0258256729150359E-013
           6          13  -4.5390928922909387E-013
           6          14   2.8807285091169943E-013
           6          15  -1.5732594981782961E-014
           6          16   6.8407590318206648E-013
           6          17  -2.1827218621303264E-013
           6          18   7.2929933048455122E-015
           6          19  -3.9865114808701562E-013
           6          20   2.6596947389096479E-013
           6          21  -2.0885711175793877E-013
           6          22   1.4213109648153418E-013
           6          23   1.4762057599846255E-016
           6          24   3.6729283948689709E-013
           6          25   2.4770615417139656E-013
           6          26  -2.3935053639384335E-002
           6          27   1.4959235279689737E-015
           6          28  -2.3935053639413291E-002
           6          29  -1.7670736700974887E-013
           6          30  -1.3497448265625457E-013
           6          31  -2.3935053639428293E-002
           6          32  -1.7075340073308185     
           6          33  -2.7125863074020955E-014
           6          34  -1.7075340073307943     
           6          35  -6.0057715512069152E-014
           6          36  -5.0988085169496992E-014
           6          37  -1.7075340073307763     
           7           1  -2.9551180386987153E-004
           7           2   1.8707742344908746E-003
           7           3   3.2347927462343857E-003
           7           4   7.5046942604600778E-002
           7           5   9.6946936422146288E-002
           7           6   2.8356064403307769E-002
           7           7   2.5811202302099411E-003
           7           8   1.1378343446491064E-014
           7           9   2.0790129142458129E-014
           7          10  -1.5832690964285968E-014
           7          11   2.5288806211359609E-014
           7          12  -5.9145310958310365E-014
           7          13   1.0502613687674721E-013
           7          14  -1.3026272852505088E-013
           7          15   5.5660202765518657E-014
           7          16  -4.3025111220227839E-013
           7          17  -3.9963434293491220E-014
           7          18  -4.0417386635876084E-014
           7          19   5.6746641228230489E-014
           7          20   3.2244843794635508E-015
           7          21  -2.5713478844239528E-014
           7          22  -3.6343309865513690E-014
           7          23  -1.2072086994734420E-015
           7          24   9.6065939803259406E-015
           7          25   2.7915296540387950E-014
           7          26  -8.9054847933753723E-004
           7          27   9.8869056294918737E-015
           7          28  -8.9054847931486743E-004
           7          29   2.3271130823367041E-014
           7          30   6.7494308349258301E-014
           7          31  -8.9054847931252967E-004
           7          32  -4.1948248902561547E-002
           7          33   1.2460511297613665E-014
           7          34  -4.1948248902568978E-002
           7          35   8.6574031415901811E-014
           7          36   2.6675191257504398E-014
           7          37  -4.1948248902577784E-002
           8           1   1.9567933739050931E-013
           8           2  -6.8160564485785502E-013
           8           3   1.1174151333026250E-012
           8           4   4.5872731870683350E-013
           8           5   1.7747931763472002E-013
           8           6   5.1443001072722142E-014
           8           7   1.1378343446491064E-014
           8           8   2.4201073332910372     
           8           9   1.5652626764173278E-014
           8          10   1.0472419914760178E-013
           8          11  -1.2087910963343078     
           8          12   1.8211560731673316E-014
           8          13  -2.6614268514718648E-013
           8          14  0.62400892166724653     
           8          15  -9.0393838247936897E-014
           8          16   3.7158817689508956E-013
           8          17 -0.30141050981981654     
           8          18   3.1113566584250983E-013
           8          19  -2.8249017708370890E-013
           8          20   7.6901159304008759E-002
           8          21  -5.0496586079251953E-013
           8          22   1.1284300317077172E-013
           8          23  -5.1067570528756032E-002
           8          24   3.1095351987753716E-013
           8          25  -5.5010629298326492E-014
           8          26   5.4181226991734055E-013
           8          27  -5.3268416114713105E-013
           8          28  -5.0302578343424585E-013
           8          29   1.0717409063463128E-012
           8          30   5.5207037623285788E-013
           8          31  -1.2929180713334681E-013
           8          32  -3.4391731890992195E-013
           8          33  -1.0976617510664941E-013
           8          34  -1.7248844413537952E-013
           8          35   1.1586032777080593E-013
           8          36  -1.0005055817908329E-013
           8          37  -6.6045466210540957E-014
           9           1   1.6553600631248997E-014
           9           2  -6.1100458012484266E-014
           9           3   1.5120234514270204E-013
           9           4  -1.1986101279190245E-013
           9           5  -4.6520737349766997E-014
           9           6  -3.9500324994060351E-014
           9           7   2.0790129142458129E-014
           9           8   1.5652626764173278E-014
           9           9   2.4201073332910168     
           9          10  -4.6207917321020668E-014
           9          11  -3.4862737696706107E-014
           9          12  -1.2087910963343163     
           9          13   1.4859700926336791E-013
           9          14   2.3294734197155185E-014
           9          15  0.62400892166727506     
           9          16  -9.2167484581905669E-014
           9          17  -7.9554418608314186E-015
           9          18 -0.30141050981997197     
           9          19   1.1649871605595527E-013
           9          20   9.5890092741137122E-014
           9          21   7.6901159304543734E-002
           9          22  -1.3148342007177011E-013
           9          23  -5.7316131008011707E-014
           9          24  -5.1067570529044162E-002
           9          25   7.0815369627304592E-014
           9          26  -1.9622705603642532E-013
           9          27   2.9971602621422348E-013
           9          28   1.0916295724895024E-013
           9          29  -1.8926377202723342E-013
           9          30  -1.4297688094561460E-013
           9          31   6.1681334165413020E-014
           9          32   7.0774973220893365E-014
           9          33  -6.9497973160259017E-015
           9          34   2.7694600807550454E-014
           9          35  -1.3216046537999657E-014
           9          36   1.2500324399167981E-014
           9          37   4.3883774440269469E-014
          10           1   7.5843953531022147E-013
          10           2  -2.6435975986865684E-012
          10           3   5.2611813458970775E-012
          10           4   7.8012920864564458E-013
          10           5   6.1966261900653151E-013
          10           6   1.4906032327973911E-013
          10           7  -1.5832690964285968E-014
          10           8   1.0472419914760178E-013
          10           9  -4.6207917321020668E-014
          10          10   2.4201073332914369     
          10          11  -1.5994128764462760E-013
          10          12   3.8032977375118662E-013
          10          13  -1.2087910963353656     
          10          14   1.0917525564147071E-013
          10          15  -8.2863208482331025E-013
          10          16  0.62400892166851341     
          10          17   1.8040820573550114E-013
          10          18   1.5455182706541888E-012
          10          19 -0.30141050982102502     
          10          20  -1.2708192788021785E-012
          10          21  -2.0183112451298312E-012
          10          22   7.6901159304965772E-002
          10          23   7.6610088715553526E-013
          10          24   1.0495619672847062E-012
          10          25  -5.1067570529063924E-002
          10          26   1.2406954705216930E-012
          10          27  -2.2184420815566079E-012
          10          28  -1.3909841391754331E-012
          10          29   1.3780681840001214E-012
          10          30   1.4602977605595953E-012
          10          31  -4.3735433854478922E-013
          10          32  -9.2755360518793067E-013
          10          33  -3.6208974491198361E-013
          10          34  -4.6804359450914283E-013
          10          35   4.2810065535619140E-013
          10          36  -1.6944060807885724E-014
          10          37  -1.6580013476870883E-013
          11           1  -3.6087963148232003E-013
          11           2   1.2537827411775613E-012
          11           3  -2.5494060192906268E-012
          11           4  -1.3847073509229653E-012
          11           5  -5.9993329141727669E-013
          11           6  -2.1564970728509565E-013
          11           7   2.5288806211359609E-014
          11           8  -1.2087910963343078     
          11           9  -3.4862737696706107E-014
          11          10  -1.5994128764462760E-013
          11          11   3.5933231190057495     
          11          12  -5.4749607625303163E-014
          11          13   3.8023620710370344E-013
          11          14  -2.4811189988492579     
          11          15   2.8615651515017977E-013
          11          16  -5.9580118616509712E-013
          11          17   1.2752478984609814     
          11          18  -8.1075424152032696E-013
          11          19   4.2459265270357529E-013
          11          20 -0.34394672497073980     
          11          21   1.2674574931259685E-012
          11          22  -2.3325872483548833E-013
          11          23  0.21590258104516330     
          11          24  -7.1037099813599777E-013
          11          25   1.5610603087966238E-013
          11          26  -1.2442749385800569E-012
          11          27   1.1461518320879022E-012
          11          28   1.0884946727638388E-012
          11          29  -2.5614997138234823E-012
          11          30  -1.4788003991342545E-012
          11          31   3.6953564233918154E-013
          11          32   9.1077901397304117E-013
          11          33   2.4873927882335642E-013
          11          34   4.7112669432707191E-013
          11          35  -2.9633483963128363E-013
          11          36   3.0210065815401273E-013
          11          37   2.7999464466885979E-013
          12           1  -4.6177475087944869E-014
          12           2   1.7040780008255150E-013
          12           3  -3.8804256571450671E-013
          12           4   2.2822466326711099E-013
          12           5   1.1101384470104295E-013
          12           6   1.0258256729150359E-013
          12           7  -5.9145310958310365E-014
          12           8   1.8211560731673316E-014
          12           9  -1.2087910963343163     
          12          10   3.8032977375118662E-013
          12          11  -5.4749607625303163E-014
          12          12   3.5933231190059383     
          12          13  -9.8041789530628375E-013
          12          14  -9.9000668773998842E-014
          12          15  -2.4811189988494959     
          12          16   1.9453709476646390E-013
          12          17   4.7753467846696462E-014
          12          18   1.2752478984616697     
          12          19  -2.6264667524199899E-013
          12          20  -2.4255163849629760E-013
          12          21 -0.34394672497233675     
          12          22   3.0686965555442914E-013
          12          23   1.3982304897242064E-013
          12          24  0.21590258104599619     
          12          25  -1.7555748521581162E-013
          12          26   4.4691505263511980E-013
          12          27  -7.0586652226947671E-013
          12          28  -2.4581991687525417E-013
          12          29   4.8282997802102057E-013
          12          30   3.2653682112147640E-013
          12          31  -1.4349137277575196E-013
          12          32  -1.3789340416103955E-013
          12          33   1.5820342214598941E-014
          12          34  -4.5235261726823021E-014
          12          35   1.5373781525545032E-014
          12          36  -4.8676629791575150E-014
          12          37  -7.3662004477363618E-014
          13           1  -1.5729560351703433E-012
          13           2   5.4917385436701730E-012
          13           3  -1.1654984055625875E-011
          13           4  -2.3819415909177535E-012
          13           5  -1.6719612467050423E-012
          13           6  -4.5390928922909387E-013
          13           7   1.0502613687674721E-013
          13           8  -2.6614268514718648E-013
          13           9   1.4859700926336791E-013
          13          10  -1.2087910963353656     
          13          11   3.8023620710370344E-013
          13          12  -9.8041789530628375E-013
          13          13   3.5933231190084518     
          13          14  -1.2153299200346531E-013
          13          15   1.9882576487995046E-012
          13          16  -2.4811189988520628     
          13          17  -6.6104413609656060E-013
          13          18  -3.6732036683140274E-012
          13          19   1.2752478984638109     
          13          20   3.1806631980990490E-012
          13          21   4.8302905729033653E-012
          13          22 -0.34394672497323142     
          13          23  -1.8839682418281267E-012
          13          24  -2.4692775493599887E-012
          13          25  0.21590258104610971     
          13          26  -2.8334625399294498E-012
          13          27   5.0401009020843631E-012
          13          28   3.0587242085603982E-012
          13          29  -3.0758448897902958E-012
          13          30  -3.3691432393581762E-012
          13          31   1.0551207280152889E-012
          13          32   2.4542126006811075E-012
          13          33   8.1664441754370800E-013
          13          34   1.2286204490694446E-012
          13          35  -9.6673145159604751E-013
          13          36   8.9490826485538329E-014
          13          37   6.3302277963982251E-013
          14           1  -3.0899685165006893E-014
          14           2   1.3193009528731159E-013
          14           3  -1.6979990268843323E-013
          14           4   7.6967393555404240E-013
          14           5   6.6613909322968472E-013
          14           6   2.8807285091169943E-013
          14           7  -1.3026272852505088E-013
          14           8  0.62400892166724653     
          14           9   2.3294734197155185E-014
          14          10   1.0917525564147071E-013
          14          11  -2.4811189988492579     
          14          12  -9.9000668773998842E-014
          14          13  -1.2153299200346531E-013
          14          14   5.0088276415402344     
          14          15   3.3792413312096928E-015
          14          16  -4.2824077617351867E-013
          14          17  -2.9448583732139944     
          14          18  -1.5476508963275101E-013
          14          19   4.8917814243760524E-013
          14          20  0.58942150625704104     
          14          21   3.7276778885871698E-013
          14          22  -2.0554044577457348E-013
          14          23 -0.47090744856956746     
          14          24  -2.6823508691980961E-013
          14          25  -1.1152537227012648E-014
          14          26  -1.0860602331612234E-013
          14          27  -2.0097912654330754E-014
          14          28   1.9554280190335743E-015
          14          29  -7.0104296877324520E-014
          14          30   1.6807716856107178E-013
          14          31  -2.3002817630450688E-014
          14          32  -1.4087857106545780E-013
          14          33   1.4875153934525595E-013
          14          34  -2.1271358942459764E-013
          14          35   5.9102645309806660E-015
          14          36  -4.9617406552298276E-013
          14          37  -1.5846928753715701E-014
          15           1  -5.0496261194190283E-015
          15           2   2.4609077561532451E-014
          15           3  -1.4991308814435030E-014
          15           4   6.2534158912315611E-013
          15           5   6.5909881484303668E-014
          15           6  -1.5732594981782961E-014
          15           7   5.5660202765518657E-014
          15           8  -9.0393838247936897E-014
          15           9  0.62400892166727506     
          15          10  -8.2863208482331025E-013
          15          11   2.8615651515017977E-013
          15          12  -2.4811189988494959     
          15          13   1.9882576487995046E-012
          15          14   3.3792413312096928E-015
          15          15   5.0088276415406963     
          15          16  -5.1284497482031413E-014
          15          17   2.0400348077467924E-014
          15          18  -2.9448583732150437     
          15          19   2.3215804278976673E-014
          15          20  -3.0669911055251963E-014
          15          21  0.58942150625812018     
          15          22  -6.2679895995725457E-014
          15          23   1.1530706944817699E-014
          15          24 -0.47090744856997946     
          15          25   9.3503330078644875E-014
          15          26  -3.4874366060214955E-015
          15          27   5.6569326153361831E-014
          15          28  -3.8234528895833262E-014
          15          29   3.3154805723873025E-014
          15          30   4.7675802294012565E-014
          15          31  -1.5382396726508548E-014
          15          32  -3.1439254477850341E-013
          15          33  -7.8310547378081729E-015
          15          34  -2.6389442812616603E-013
          15          35   7.6009999609575127E-014
          15          36   7.5309958801326275E-014
          15          37  -2.9534417380700731E-013
          16           1  -6.6193301483179020E-014
          16           2   2.7294527027340154E-013
          16           3  -3.9908012436877478E-013
          16           4   1.5604790306469416E-012
          16           5   1.0900730549490331E-012
          16           6   6.8407590318206648E-013
          16           7  -4.3025111220227839E-013
          16           8   3.7158817689508956E-013
          16           9  -9.2167484581905669E-014
          16          10  0.62400892166851341     
          16          11  -5.9580118616509712E-013
          16          12   1.9453709476646390E-013
          16          13  -2.4811189988520628     
          16          14  -4.2824077617351867E-013
          16          15  -5.1284497482031413E-014
          16          16   5.0088276415405453     
          16          17   8.0280920800029886E-013
          16          18   1.2206381738710260E-013
          16          19  -2.9448583732147133     
          16          20  -8.0500103111219940E-013
          16          21  -1.5574781048234453E-014
          16          22  0.58942150625784384     
          16          23   2.6492610188943959E-013
          16          24  -3.8686068237685878E-014
          16          25 -0.47090744857009903     
          16          26  -4.9602200822210997E-014
          16          27   1.7524187293564051E-014
          16          28  -5.1520303172385388E-014
          16          29  -3.1769922622802707E-013
          16          30  -2.2114070571932351E-013
          16          31  -1.8718749087272981E-014
          16          32  -8.2249216817653634E-013
          16          33   2.1390517801546851E-013
          16          34  -1.9434510350276741E-013
          16          35  -1.5820782889170999E-013
          16          36  -3.1002601427695663E-013
          16          37  -4.3792106608718982E-013
          17           1  -2.4975051807632979E-014
          17           2   9.1151213985367404E-014
          17           3  -2.1548820130410940E-013
          17           4  -3.8293209778971182E-013
          17           5  -7.9159899227955550E-013
          17           6  -2.1827218621303264E-013
          17           7  -3.9963434293491220E-014
          17           8 -0.30141050981981654     
          17           9  -7.9554418608314186E-015
          17          10   1.8040820573550114E-013
          17          11   1.2752478984609814     
          17          12   4.7753467846696462E-014
          17          13  -6.6104413609656060E-013
          17          14  -2.9448583732139944     
          17          15   2.0400348077467924E-014
          17          16   8.0280920800029886E-013
          17          17   3.3668107827038698     
          17          18   7.3552275382591077E-016
          17          19  -4.7850612361331151E-013
          17          20 -0.34676970541939478     
          17          21  -1.1061290772208615E-013
          17          22   1.5776442652266993E-013
          17          23  0.48942555704156532     
          17          24   5.7382917861678878E-014
          17          25   4.7696221970794476E-015
          17          26  -6.5827572455953456E-015
          17          27   3.1007087618733010E-014
          17          28   3.2413094491775099E-015
          17          29   3.5452457942411402E-013
          17          30   4.2198800848960855E-014
          17          31  -2.0007887517670531E-014
          17          32   2.5765082915067426E-013
          17          33  -2.7517438565513797E-014
          17          34   2.7817461786624128E-013
          17          35  -7.6667569824244301E-014
          17          36   1.1909487906151412E-013
          17          37   2.7436846301445913E-013
          18           1   5.3267705652220162E-014
          18           2  -2.0253155663800040E-013
          18           3   3.1518417050864062E-013
          18           4  -8.2939123942397361E-013
          18           5  -2.2614063085929052E-014
          18           6   7.2929933048455122E-015
          18           7  -4.0417386635876084E-014
          18           8   3.1113566584250983E-013
          18           9 -0.30141050981997197     
          18          10   1.5455182706541888E-012
          18          11  -8.1075424152032696E-013
          18          12   1.2752478984616697     
          18          13  -3.6732036683140274E-012
          18          14  -1.5476508963275101E-013
          18          15  -2.9448583732150437     
          18          16   1.2206381738710260E-013
          18          17   7.3552275382591077E-016
          18          18   3.3668107827049623     
          18          19  -6.9520778023233798E-014
          18          20   5.2118032112236262E-014
          18          21 -0.34676970541992674     
          18          22   1.0820901466534630E-013
          18          23  -1.5805065589624607E-014
          18          24  0.48942555704186136     
          18          25  -1.0874677894291461E-013
          18          26   3.5205545861745326E-014
          18          27  -1.4940127254367170E-013
          18          28   4.5783680224007538E-014
          18          29  -2.0993058979984143E-013
          18          30  -2.3986467187056281E-013
          18          31   2.9603064247097374E-014
          18          32   4.1593247984110467E-013
          18          33  -1.1470430656363628E-014
          18          34   3.6078966922993569E-013
          18          35  -9.8237922304480570E-015
          18          36   1.8332577099821423E-015
          18          37   3.9650777230002247E-013
          19           1  -6.6234743594872534E-014
          19           2   2.1976072589494869E-013
          19           3  -4.6897380739862595E-013
          19           4  -1.8555118738272965E-012
          19           5  -9.2273823020791899E-013
          19           6  -3.9865114808701562E-013
          19           7   5.6746641228230489E-014
          19           8  -2.8249017708370890E-013
          19           9   1.1649871605595527E-013
          19          10 -0.30141050982102502     
          19          11   4.2459265270357529E-013
          19          12  -2.6264667524199899E-013
          19          13   1.2752478984638109     
          19          14   4.8917814243760524E-013
          19          15   2.3215804278976673E-014
          19          16  -2.9448583732147133     
          19          17  -4.7850612361331151E-013
          19          18  -6.9520778023233798E-014
          19          19   3.3668107827044786     
          19          20   2.2620967599072977E-013
          19          21   7.4054044146950122E-014
          19          22 -0.34676970541977137     
          19          23  -7.5694658874247056E-014
          19          24  -8.5730034184484672E-015
          19          25  0.48942555704177687     
          19          26  -1.6571457247474642E-014
          19          27   9.4677542727143616E-014
          19          28   3.7654669625114959E-014
          19          29   4.2951588209292564E-013
          19          30   1.6931982674976756E-013
          19          31   1.2567667010706022E-014
          19          32   9.0574242893701199E-013
          19          33  -3.5349840321101779E-014
          19          34   7.8934131960210094E-013
          19          35  -2.1217364809569354E-014
          19          36   6.2445617484274580E-014
          19          37   8.4278161048309193E-013
          20           1   7.3870208731880730E-015
          20           2  -2.4412615784125606E-014
          20           3   8.5944802247803908E-014
          20           4   8.9468326612568090E-013
          20           5   6.5326193169801088E-013
          20           6   2.6596947389096479E-013
          20           7   3.2244843794635508E-015
          20           8   7.6901159304008759E-002
          20           9   9.5890092741137122E-014
          20          10  -1.2708192788021785E-012
          20          11 -0.34394672497073980     
          20          12  -2.4255163849629760E-013
          20          13   3.1806631980990490E-012
          20          14  0.58942150625704104     
          20          15  -3.0669911055251963E-014
          20          16  -8.0500103111219940E-013
          20          17 -0.34676970541939478     
          20          18   5.2118032112236262E-014
          20          19   2.2620967599072977E-013
          20          20  0.22991399819807237     
          20          21   4.7300705019367473E-014
          20          22  -2.5312217599677614E-014
          20          23  -3.4994361024277762E-002
          20          24  -1.5581719941945670E-014
          20          25   3.1943198086747493E-014
          20          26   4.6760732925768974E-015
          20          27  -6.7289458841998582E-015
          20          28  -1.0869037485476580E-014
          20          29  -4.8911670649629551E-013
          20          30  -8.9842696071445194E-014
          20          31   1.1204357238215253E-014
          20          32  -4.3551790344133968E-013
          20          33   3.9935793201703098E-014
          20          34  -4.7553300912720883E-013
          20          35   2.6333623640880697E-013
          20          36  -2.2109958373722009E-014
          20          37  -4.4381515196090126E-013
          21           1  -6.6660350459600426E-014
          21           2   2.3796838259863642E-013
          21           3  -4.2500860790926527E-013
          21           4  -6.5000683792741384E-013
          21           5  -5.2406851922187601E-013
          21           6  -2.0885711175793877E-013
          21           7  -2.5713478844239528E-014
          21           8  -5.0496586079251953E-013
          21           9   7.6901159304543734E-002
          21          10  -2.0183112451298312E-012
          21          11   1.2674574931259685E-012
          21          12 -0.34394672497233675     
          21          13   4.8302905729033653E-012
          21          14   3.7276778885871698E-013
          21          15  0.58942150625812018     
          21          16  -1.5574781048234453E-014
          21          17  -1.1061290772208615E-013
          21          18 -0.34676970541992674     
          21          19   7.4054044146950122E-014
          21          20   4.7300705019367473E-014
          21          21  0.22991399819796005     
          21          22  -5.2913944927102205E-014
          21          23  -2.4645216423201798E-014
          21          24  -3.4994361024385058E-002
          21          25   1.1945902166673882E-014
          21          26  -2.3715755653001109E-014
          21          27   2.3004329160570963E-013
          21          28  -3.0662821174992089E-014
          21          29   2.9611242253876738E-013
          21          30   4.1274533984064564E-013
          21          31  -1.3875812393419559E-014
          21          32   3.2515750838518543E-013
          21          33   2.7002788369182008E-014
          21          34   3.3960112660122661E-013
          21          35  -3.6347887053025513E-015
          21          36  -5.8250093548043614E-016
          21          37   3.2333212953919654E-013
          22           1   9.0774456107603221E-014
          22           2  -3.2485778232849077E-013
          22           3   5.8835507038853706E-013
          22           4   4.3657961801290208E-013
          22           5   3.2319678616901575E-013
          22           6   1.4213109648153418E-013
          22           7  -3.6343309865513690E-014
