           1           1   2.1667011217017071     
           1           2 -0.64544362758101759     
           1           3   5.5659610200923346E-015
           1           4   2.0103125020634263E-014
           1           5   6.6265472124856069E-015
           1           6  0.39997823260140425     
           1           7   2.3577937744493662E-014
           1           8   3.3644372646622195E-014
           1           9  -6.0380396631784893E-015
           1          10  -7.5760540877782306E-002
           1          11  -5.5767344096030231E-014
           1          12  -9.7411599919910272E-016
           1          13   4.7282774078786972E-014
           1          14   2.4130550108103020E-002
           1          15   3.8034377200216032E-014
           1          16  -3.8871086642467572E-014
           1          17  -1.5619278268123426E-016
           1          18  -7.6133138135986503E-002
           1          19  -9.8178254286534193E-005
           1          20  -7.6332689341566978E-002
           1          21  -2.2628052975482303E-004
           1          22   8.3336499834468496E-005
           1          23  -7.6197662603638222E-002
           1          24  -1.3769507069902504E-002
           1          25   1.7735701988679570E-005
           1          26  -1.3733458550374323E-002
           1          27   4.0877117648499234E-005
           1          28  -1.5054569260563762E-005
           1          29  -1.3757850856158592E-002
           2           1 -0.64544362758101759     
           2           2   2.5407254277780833     
           2           3  -2.4196435615999600E-014
           2           4   4.5898808399279485E-014
           2           5  -1.7346783160305133E-014
           2           6 -0.80436129888100028     
           2           7  -6.8351826687361183E-014
           2           8  -5.9473938060729803E-014
           2           9   2.7972159841475955E-014
           2          10  0.37657499215583906     
           2          11   2.4033769416699550E-013
           2          12  -9.5670187581077804E-014
           2          13  -1.8798006895895349E-013
           2          14 -0.16375948299484058     
           2          15  -1.5685545401684151E-013
           2          16   1.5860663835348671E-013
           2          17   2.1106961602332677E-014
           2          18  -6.2192449730488521E-002
           2          19   3.7824159642477299E-004
           2          20  -6.1423658646100568E-002
           2          21   8.7176849337644862E-004
           2          22  -3.2106224507005387E-004
           2          23  -6.1943862730880567E-002
           2          24  -2.7939808388971275E-002
           2          25  -6.2422336033615152E-005
           2          26  -2.8066684269014652E-002
           2          27  -1.4387054863556801E-004
           2          28   5.2985857695101419E-005
           2          29  -2.7980833440677144E-002
           3           1   5.5659610200923346E-015
           3           2  -2.4196435615999600E-014
           3           3   2.2678988828583240     
           3           4  -5.7434154173555371E-005
           3           5  -1.3237383436152570E-004
           3           6  -2.2596332929941263E-013
           3           7 -0.77159264898659596     
           3           8   1.6816168142645146E-004
           3           9   3.8757785705232511E-004
           3          10   4.7794498753231268E-013
           3          11  -6.5908130178443519E-002
           3          12  -6.0852790459347530E-004
           3          13  -1.4025307062318648E-003
           3          14  -2.7343439414875320E-013
           3          15   4.3027262252134074E-002
           3          16   3.3211228473165781E-004
           3          17   7.6544998815837064E-004
           3          18   1.9384093345357401E-014
           3          19   1.6833304762441733E-014
           3          20   1.3587695715224067E-013
           3          21   9.9149002814091241E-014
           3          22  -1.8612552830248136E-014
           3          23   1.0200498588803969E-013
           3          24   4.7747563924988436E-014
           3          25   3.9256536158104431E-014
           3          26  -4.0165834937323720E-014
           3          27  -1.2698421462026985E-014
           3          28   2.7483566720455118E-014
           3          29  -3.9630443683313973E-014
           4           1   2.0103125020634263E-014
           4           2   4.5898808399279485E-014
           4           3  -5.7434154173555371E-005
           4           4   2.2677640863373849     
           4           5   4.8751747927713274E-005
           4           6  -1.4039221384171493E-013
           4           7   1.6816168144566813E-004
           4           8 -0.77119797773593368     
           4           9  -1.4274043042104378E-004
           4          10  -3.6546173414492972E-013
           4          11  -6.0852790451286802E-004
           4          12  -6.7336329806420875E-002
           4          13   5.1653582519271867E-004
           4          14   2.8176073991156695E-013
           4          15   3.3211228476061751E-004
           4          16   4.3806721399426582E-002
           4          17  -2.8190637078384173E-004
           4          18   1.4659084127447956E-014
           4          19   2.7127289708644286E-014
           4          20  -4.4788695690479202E-014
           4          21   2.7837242082636953E-014
           4          22  -2.3546313395258522E-014
           4          23   6.5267192987851217E-014
           4          24   1.1764170436739605E-014
           4          25  -4.8005542482924897E-014
           4          26   1.7178124368112306E-013
           4          27  -5.2771136055821088E-014
           4          28   4.0656872311694647E-014
           4          29   1.0911816831018821E-014
           5           1   6.6265472124856069E-015
           5           2  -1.7346783160305133E-014
           5           3  -1.3237383436152570E-004
           5           4   4.8751747927713274E-005
           5           5   2.2678552966900871     
           5           6   1.0619242826695709E-013
           5           7   3.8757785705312699E-004
           5           8  -1.4274043041129431E-004
           5           9 -0.77146503287570867     
           5          10  -2.3931326572393177E-013
           5          11  -1.4025307063049678E-003
           5          12   5.1653582521764860E-004
           5          13  -6.6369935561804247E-002
           5          14   1.5120544305116323E-013
           5          15   7.6544998816382732E-004
           5          16  -2.8190637072671642E-004
           5          17   4.3279298748415254E-002
           5          18  -7.8234600533989542E-015
           5          19  -4.7814751448601793E-014
           5          20  -6.3833715603489571E-014
           5          21  -7.9444128441598783E-014
           5          22   6.8584595409579696E-014
           5          23  -1.0366368325287888E-013
           5          24   9.6517254360932898E-015
           5          25   5.8844963234890000E-014
           5          26  -1.4345299205381443E-014
           5          27   2.6228540318411133E-014
           5          28   1.9594744858841608E-014
           5          29   3.1602415207030921E-014
           6           1  0.39997823260140425     
           6           2 -0.80436129888100028     
           6           3  -2.2596332929941263E-013
           6           4  -1.4039221384171493E-013
           6           5   1.0619242826695709E-013
           6           6   1.9749606341031114     
           6           7  -3.7389361296290817E-014
           6           8   3.4399512649223475E-013
           6           9   5.0229228332040969E-014
           6          10 -0.33109068703751721     
           6          11   3.0845168782387128E-013
           6          12  -5.4833383834485265E-013
           6          13   9.4432456143509924E-014
           6          14 -0.15454667767948235     
           6          15   8.2726060763546391E-015
           6          16   3.2967865130114136E-013
           6          17  -5.5824792297337248E-015
           6          18   9.1001937709025468E-002
           6          19  -1.0423021316498431E-003
           6          20   8.8883417185381633E-002
           6          21  -2.4022904048643487E-003
           6          22   8.8473574968458437E-004
           6          23   9.0316918499130622E-002
           6          24  -5.3767776966704643E-002
           6          25   1.0456276586557931E-004
           6          26  -5.3555248986198234E-002
           6          27   2.4099550801492446E-004
           6          28  -8.8755855521779111E-005
           6          29  -5.3699056487064689E-002
           7           1   2.3577937744493662E-014
           7           2  -6.8351826687361183E-014
           7           3 -0.77159264898659596     
           7           4   1.6816168144566813E-004
           7           5   3.8757785705312699E-004
           7           6  -3.7389361296290817E-014
           7           7   2.2239874260004351     
           7           8  -4.8664930621676822E-004
           7           9  -1.1216258808960178E-003
           7          10  -1.2876432449838388E-012
           7          11  0.13886559871517698     
           7          12   1.5901536061925044E-003
           7          13   3.6649745142707550E-003
           7          14   8.0924410809835340E-013
           7          15  -9.6734525759422124E-002
           7          16  -8.6807973545432809E-004
           7          17  -2.0007438870042809E-003
           7          18   1.6767635433115395E-013
           7          19  -2.8997250374794278E-014
           7          20  -9.8716046347928377E-015
           7          21  -3.0833134407715859E-013
           7          22   1.2867996538198656E-014
           7          23  -1.0530066326855347E-014
           7          24   3.1402352347866780E-014
           7          25  -1.9052720938405693E-013
           7          26   4.4133125450585285E-014
           7          27   4.7723791236467572E-014
           7          28   3.0795502463357364E-015
           7          29   1.6242918449977778E-013
           8           1   3.3644372646622195E-014
           8           2  -5.9473938060729803E-014
           8           3   1.6816168142645146E-004
           8           4 -0.77119797773593368     
           8           5  -1.4274043041129431E-004
           8           6   3.4399512649223475E-013
           8           7  -4.8664930621676822E-004
           8           8   2.2228452722851979     
           8           9   4.1308180732271978E-004
           8          10   1.0728718237432599E-012
           8          11   1.5901536060026972E-003
           8          12  0.14259764908305184     
           8          13  -1.3497676920572852E-003
           8          14  -7.2738638466092088E-013
           8          15  -8.6807973534054877E-004
           8          16  -9.8771886982629536E-002
           8          17   7.3685081518899361E-004
           8          18   2.6770620848767379E-015
           8          19   7.3531787387715117E-014
           8          20   4.9041584095393129E-014
           8          21   8.6027172715962955E-015
           8          22  -1.4447676213566322E-013
           8          23  -6.8792382499716515E-014
           8          24  -8.8910126237929902E-014
           8          25  -2.0324202820010359E-014
           8          26  -3.5629822493669089E-013
           8          27  -1.0600157105223657E-014
           8          28   5.7322101047506033E-014
           8          29  -1.9667050646550814E-013
           9           1  -6.0380396631784893E-015
           9           2   2.7972159841475955E-014
           9           3   3.8757785705232511E-004
           9           4  -1.4274043042104378E-004
           9           5 -0.77146503287570867     
           9           6   5.0229228332040969E-014
           9           7  -1.1216258808960178E-003
           9           8   4.1308180732271978E-004
           9           9   2.2236181130177339     
           9          10   5.8834996651913367E-013
           9          11   3.6649745144583992E-003
           9          12  -1.3497676920859751E-003
           9          13  0.14007234944941446     
           9          14  -4.3450761110720614E-013
           9          15  -2.0007438871740817E-003
           9          16   7.3685081514811897E-004
           9          17  -9.7393302278820093E-002
           9          18  -6.5246698886053328E-014
           9          19   4.4173612066411135E-014
           9          20   3.8752584112698304E-014
           9          21   2.4563602015259456E-013
           9          22  -3.7482800520333419E-014
           9          23  -8.6502293982492098E-014
           9          24  -1.0808470310079076E-013
           9          25  -1.1488370226831788E-014
           9          26  -1.3452002290392777E-014
           9          27   2.2996481054407083E-014
           9          28  -1.8689215067647390E-013
           9          29   1.5228239815427052E-013
          10           1  -7.5760540877782306E-002
          10           2  0.37657499215583906     
          10           3   4.7794498753231268E-013
          10           4  -3.6546173414492972E-013
          10           5  -2.3931326572393177E-013
          10           6 -0.33109068703751721     
          10           7  -1.2876432449838388E-012
          10           8   1.0728718237432599E-012
          10           9   5.8834996651913367E-013
          10          10   4.8787373561892693     
          10          11   5.1670694827837395E-012
          10          12  -4.3888785747500357E-012
          10          13  -2.2372439031288766E-012
          10          14  -3.2905310814950455     
          10          15  -2.4751056854040429E-012
          10          16   3.3342059686044276E-012
          10          17   1.0412398133350615E-012
          10          18 -0.11045889541980709     
          10          19   4.7868487443386283E-004
          10          20 -0.10948594938062489     
          10          21   1.1032694309812752E-003
          10          22  -4.0632136089238560E-004
          10          23 -0.11014429533842623     
          10          24  -3.6877791538294735E-002
          10          25  -4.0399116241022831E-004
          10          26  -3.7698919638120332E-002
          10          27  -9.3111590735992173E-004
          10          28   3.4291921102952005E-004
          10          29  -3.7143301601469919E-002
          11           1  -5.5767344096030231E-014
          11           2   2.4033769416699550E-013
          11           3  -6.5908130178443519E-002
          11           4  -6.0852790451286802E-004
          11           5  -1.4025307063049678E-003
          11           6   3.0845168782387128E-013
          11           7  0.13886559871517698     
          11           8   1.5901536060026972E-003
          11           9   3.6649745144583992E-003
          11          10   5.1670694827837395E-012
          11          11   8.8820547047185325E-002
          11          12  -5.9463625174930450E-006
          11          13  -1.3705134992703686E-005
          11          14  -3.0693863143391400E-012
          11          15 -0.32129486228959508     
          11          16  -7.4908255812108687E-006
          11          17  -1.7264798243638259E-005
          11          18  -5.6878170920137215E-013
          11          19   5.4025713982544303E-013
          11          20   2.3136105733690411E-013
          11          21   9.1698273925145333E-013
          11          22  -5.4984467356394971E-013
          11          23  -2.2350834634508306E-013
          11          24  -8.1544129713228856E-013
          11          25   4.0624443223921671E-013
          11          26  -2.0507219670686391E-013
          11          27   6.9821097929673958E-013
          11          28  -4.1557789806117243E-013
          11          29  -5.4477817565489055E-013
          12           1  -9.7411599919910272E-016
          12           2  -9.5670187581077804E-014
          12           3  -6.0852790459347530E-004
          12           4  -6.7336329806420875E-002
          12           5   5.1653582521764860E-004
          12           6  -5.4833383834485265E-013
          12           7   1.5901536061925044E-003
          12           8  0.14259764908305184     
          12           9  -1.3497676920859751E-003
          12          10  -4.3888785747500357E-012
          12          11  -5.9463625174930450E-006
          12          12   8.8806591082781342E-002
          12          13   5.0474421997063810E-006
          12          14   3.3030862040425149E-012
          12          15  -7.4908253890429607E-006
          12          16 -0.32131244306558487     
          12          17   6.3584258256977916E-006
          12          18   3.0127620304563977E-013
          12          19  -2.5971107002089700E-013
          12          20  -2.9450795997558266E-014
          12          21  -2.9446573243253624E-013
          12          22   3.1240021255730153E-013
          12          23   2.1397148626657525E-013
          12          24   6.1110248848219530E-013
          12          25  -1.9775457985490589E-013
          12          26   3.6055621204625368E-013
          12          27  -2.1494316495454893E-013
          12          28   2.4063323542058811E-013
          12          29   5.4990708033422034E-013
          13           1   4.7282774078786972E-014
          13           2  -1.8798006895895349E-013
          13           3  -1.4025307062318648E-003
          13           4   5.1653582519271867E-004
          13           5  -6.6369935561804247E-002
          13           6   9.4432456143509924E-014
          13           7   3.6649745142707550E-003
          13           8  -1.3497676920572852E-003
          13           9  0.14007234944941446     
          13          10  -2.2372439031288766E-012
          13          11  -1.3705134992703686E-005
          13          12   5.0474421997063810E-006
          13          13   8.8816034416092010E-002
          13          14   1.2264183912021702E-012
          13          15  -1.7264798309886708E-005
          13          16   6.3584257624715018E-006
          13          17 -0.32130054699806054     
          13          18   2.4555609610846932E-013
          13          19  -5.5684787605473745E-013
          13          20  -3.1372054121251403E-013
          13          21  -7.8316976675084537E-013
          13          22   3.7729679875875030E-013
          13          23   2.6738213146705058E-013
          13          24   2.4752699785390872E-013
          13          25  -4.1883718025701748E-013
          13          26  -1.6978323233786542E-013
          13          27  -5.8822893303768765E-013
          13          28   2.8172037062371984E-013
          13          29   2.7069616477550243E-013
          14           1   2.4130550108103020E-002
          14           2 -0.16375948299484058     
          14           3  -2.7343439414875320E-013
          14           4   2.8176073991156695E-013
          14           5   1.5120544305116323E-013
          14           6 -0.15454667767948235     
          14           7   8.0924410809835340E-013
          14           8  -7.2738638466092088E-013
          14           9  -4.3450761110720614E-013
          14          10  -3.2905310814950455     
          14          11  -3.0693863143391400E-012
          14          12   3.3030862040425149E-012
          14          13   1.2264183912021702E-012
          14          14   3.5146330266918513     
          14          15   1.9346879103801278E-013
          14          16  -3.6220815886757128E-012
          14          17  -4.7965343400032802E-013
          14          18   7.8791723090156252E-002
          14          19  -3.1289582495889150E-004
          14          20   7.8155749885206655E-002
          14          21  -7.2116003129032839E-004
          14          22   2.6559489200266018E-004
          14          23   7.8586082475040342E-002
          14          24   8.7654827818806458E-002
          14          25  -1.5835454735090547E-004
          14          26   8.7332965904681051E-002
          14          27  -3.6497441382249743E-004
          14          28   1.3441585191194705E-004
          14          29   8.7550754436770517E-002
          15           1   3.8034377200216032E-014
          15           2  -1.5685545401684151E-013
          15           3   4.3027262252134074E-002
          15           4   3.3211228476061751E-004
          15           5   7.6544998816382732E-004
          15           6   8.2726060763546391E-015
          15           7  -9.6734525759422124E-002
          15           8  -8.6807973534054877E-004
          15           9  -2.0007438871740817E-003
          15          10  -2.4751056854040429E-012
          15          11 -0.32129486228959508     
          15          12  -7.4908253890429607E-006
          15          13  -1.7264798309886708E-005
          15          14   1.9346879103801278E-013
          15          15   1.3799426847957192     
          15          16   1.0737362675489351E-005
          15          17   2.4747393893736769E-005
          15          18   2.5493742513900330E-013
          15          19  -2.1038146276481871E-013
          15          20  -6.6456230827452106E-014
          15          21  -3.7447509588632881E-013
          15          22   2.4067148566833321E-013
          15          23   1.2854775283961745E-013
          15          24   4.5117211548518325E-013
          15          25  -1.6048100178948877E-013
          15          26   1.8978900009196651E-013
          15          27  -2.9317805440569552E-013
          15          28   1.8407478889228306E-013
          15          29   3.4226858112551260E-013
          16           1  -3.8871086642467572E-014
          16           2   1.5860663835348671E-013
          16           3   3.3211228473165781E-004
          16           4   4.3806721399426582E-002
          16           5  -2.8190637072671642E-004
          16           6   3.2967865130114136E-013
          16           7  -8.6807973545432809E-004
          16           8  -9.8771886982629536E-002
          16           9   7.3685081514811897E-004
          16          10   3.3342059686044276E-012
          16          11  -7.4908255812108687E-006
          16          12 -0.32131244306558487     
          16          13   6.3584257624715018E-006
          16          14  -3.6220815886757128E-012
          16          15   1.0737362675489351E-005
          16          16   1.3799678851126855     
          16          17  -9.1141790851718843E-006
          16          18  -1.5595939391783272E-013
          16          19   1.3376102157947515E-013
          16          20   1.7679688174569023E-014
          16          21   1.0272961951106358E-013
          16          22  -1.0399600634649498E-013
          16          23  -1.3263048466431186E-013
          16          24  -2.2454118260878998E-013
          16          25   1.1206466655713660E-013
          16          26  -9.6625568275383369E-014
          16          27   4.8338155122708005E-014
          16          28  -8.6835419976266094E-014
          16          29  -2.2215500918066366E-013
          17           1  -1.5619278268123426E-016
          17           2   2.1106961602332677E-014
          17           3   7.6544998815837064E-004
          17           4  -2.8190637078384173E-004
          17           5   4.3279298748415254E-002
          17           6  -5.5824792297337248E-015
          17           7  -2.0007438870042809E-003
          17           8   7.3685081518899361E-004
          17           9  -9.7393302278820093E-002
          17          10   1.0412398133350615E-012
          17          11  -1.7264798243638259E-005
          17          12   6.3584258256977916E-006
          17          13 -0.32130054699806054     
          17          14  -4.7965343400032802E-013
          17          15   2.4747393893736769E-005
          17          16  -9.1141790851718843E-006
          17          17   1.3799508332667680     
          17          18  -1.1678869366067260E-013
          17          19   1.9896389870019764E-013
          17          20   1.0099102095445220E-013
          17          21   3.1750933611674838E-013
          17          22  -1.4630016069972784E-013
          17          23  -9.6105885962114333E-014
          17          24  -1.5147931425324832E-013
          17          25   1.4341445935692425E-013
          17          26  -2.2245488757104178E-015
          17          27   2.4412322997095064E-013
          17          28  -1.0423500975790627E-013
          17          29  -1.3777644672825419E-013
          18           1  -7.6133138135986503E-002
          18           2  -6.2192449730488521E-002
          18           3   1.9384093345357401E-014
          18           4   1.4659084127447956E-014
          18           5  -7.8234600533989542E-015
          18           6   9.1001937709025468E-002
          18           7   1.6767635433115395E-013
          18           8   2.6770620848767379E-015
          18           9  -6.5246698886053328E-014
          18          10 -0.11045889541980709     
          18          11  -5.6878170920137215E-013
          18          12   3.0127620304563977E-013
          18          13   2.4555609610846932E-013
          18          14   7.8791723090156252E-002
          18          15   2.5493742513900330E-013
          18          16  -1.5595939391783272E-013
          18          17  -1.1678869366067260E-013
          18          18  0.47942451371435263     
          18          19  -1.3365401825608282E-004
          18          20 -0.21740677054906876     
          18          21  -3.0804481627073692E-004
          18          22  -2.2959464286041135E-004
          18          23 -0.21777877340445090     
          18          24  0.36228983873433201     
          18          25   3.2626759413519539E-005
          18          26 -0.16415519961478664     
          18          27   7.5197918005020787E-005
          18          28   3.6671807995042796E-005
          18          29 -0.16409578177785533     
          19           1  -9.8178254286534193E-005
          19           2   3.7824159642477299E-004
          19           3   1.6833304762441733E-014
          19           4   2.7127289708644286E-014
          19           5  -4.7814751448601793E-014
          19           6  -1.0423021316498431E-003
          19           7  -2.8997250374794278E-014
          19           8   7.3531787387715117E-014
          19           9   4.4173612066411135E-014
          19          10   4.7868487443386283E-004
          19          11   5.4025713982544303E-013
          19          12  -2.5971107002089700E-013
          19          13  -5.5684787605473745E-013
          19          14  -3.1289582495889150E-004
          19          15  -2.1038146276481871E-013
          19          16   1.3376102157947515E-013
          19          17   1.9896389870019764E-013
          19          18  -1.3365401825608282E-004
          19          19  0.46437240179712930     
          19          20  -1.3504218979083071E-004
          19          21   1.9648242295067366E-004
          19          22  -5.3719589301921952E-004
          19          23   2.7003527430256391E-004
          19          24   5.4604545499851726E-004
          19          25  0.35100710692219372     
          19          26   5.4510621562473666E-004
          19          27  -3.8226965944346410E-005
          19          28   1.0129663373603766E-004
          19          29   4.6991214714546916E-004
          20           1  -7.6332689341566978E-002
          20           2  -6.1423658646100568E-002
          20           3   1.3587695715224067E-013
          20           4  -4.4788695690479202E-014
          20           5  -6.3833715603489571E-014
          20           6   8.8883417185381633E-002
          20           7  -9.8716046347928377E-015
          20           8   4.9041584095393129E-014
          20           9   3.8752584112698304E-014
          20          10 -0.10948594938062489     
          20          11   2.3136105733690411E-013
          20          12  -2.9450795997558266E-014
          20          13  -3.1372054121251403E-013
          20          14   7.8155749885206655E-002
          20          15  -6.6456230827452106E-014
          20          16   1.7679688174569023E-014
          20          17   1.0099102095445220E-013
          20          18 -0.21740677054906876     
          20          19  -1.3504218979083071E-004
          20          20  0.47887837798542754     
          20          21   6.2021043517596205E-004
          20          22   1.1462765862250330E-004
          20          23 -0.21722991597099714     
          20          24 -0.16311165570231737     
          20          25   3.1687520015537084E-005
          20          26  0.36346410397672735     
          20          27  -1.0173836176120303E-004
          20          28  -2.6897270151879030E-005
          20          29 -0.16314066665540172     
          21           1  -2.2628052975482303E-004
          21           2   8.7176849337644862E-004
          21           3   9.9149002814091241E-014
          21           4   2.7837242082636953E-014
          21           5  -7.9444128441598783E-014
          21           6  -2.4022904048643487E-003
          21           7  -3.0833134407715859E-013
          21           8   8.6027172715962955E-015
          21           9   2.4563602015259456E-013
          21          10   1.1032694309812752E-003
          21          11   9.1698273925145333E-013
          21          12  -2.9446573243253624E-013
          21          13  -7.8316976675084537E-013
          21          14  -7.2116003129032839E-004
          21          15  -3.7447509588632881E-013
          21          16   1.0272961951106358E-013
          21          17   3.1750933611674838E-013
          21          18  -3.0804481627073692E-004
          21          19   1.9648242295067366E-004
          21          20   6.2021043517596205E-004
          21          21  0.46474000356881856     
          21          22  -2.3199312090048380E-004
          21          23  -3.0907934962919894E-004
          21          24   1.2585216103519938E-003
          21          25  -3.8226965955374481E-005
          21          26   1.0815853305929152E-003
          21          27  0.35093558754624626     
          21          28   4.4684286478495671E-005
          21          29   1.2578216432743185E-003
          22           1   8.3336499834468496E-005
          22           2  -3.2106224507005387E-004
          22           3  -1.8612552830248136E-014
          22           4  -2.3546313395258522E-014
          22           5   6.8584595409579696E-014
          22           6   8.8473574968458437E-004
          22           7   1.2867996538198656E-014
          22           8  -1.4447676213566322E-013
          22           9  -3.7482800520333419E-014
          22          10  -4.0632136089238560E-004
          22          11  -5.4984467356394971E-013
          22          12   3.1240021255730153E-013
          22          13   3.7729679875875030E-013
          22          14   2.6559489200266018E-004
          22          15   2.4067148566833321E-013
          22          16  -1.0399600634649498E-013
          22          17  -1.4630016069972784E-013
          22          18  -2.2959464286041135E-004
          22          19  -5.3719589301921952E-004
          22          20   1.1462765862250330E-004
          22          21  -2.3199312090048380E-004
          22          22  0.46419552156855592     
          22          23   1.1383034668279091E-004
          22          24  -3.9913261078560565E-004
          22          25   1.0129663373052135E-004
          22          26  -4.6270168894895213E-004
          22          27   4.4684286469396545E-005
          22          28  0.35104046043878112     
          22          29  -4.6324115160986602E-004
          23           1  -7.6197662603638222E-002
          23           2  -6.1943862730880567E-002
          23           3   1.0200498588803969E-013
          23           4   6.5267192987851217E-014
          23           5  -1.0366368325287888E-013
          23           6   9.0316918499130622E-002
          23           7  -1.0530066326855347E-014
          23           8  -6.8792382499716515E-014
          23           9  -8.6502293982492098E-014
          23          10 -0.11014429533842623     
          23          11  -2.2350834634508306E-013
          23          12   2.1397148626657525E-013
          23          13   2.6738213146705058E-013
          23          14   7.8586082475040342E-002
          23          15   1.2854775283961745E-013
          23          16  -1.3263048466431186E-013
          23          17  -9.6105885962114333E-014
          23          18 -0.21777877340445090     
          23          19   2.7003527430256391E-004
          23          20 -0.21722991597099714     
          23          21  -3.0907934962919894E-004
          23          22   1.1383034668279091E-004
          23          23  0.47924853919398502     
          23          24 -0.16375835402230243     
          23          25  -4.3506548450336998E-005
          23          26 -0.16384678281232937     
          23          27   7.4497950908436535E-005
          23          28  -2.7436732843003024E-005
          23          29  0.36266995264785440     
          24           1  -1.3769507069902504E-002
          24           2  -2.7939808388971275E-002
          24           3   4.7747563924988436E-014
          24           4   1.1764170436739605E-014
          24           5   9.6517254360932898E-015
          24           6  -5.3767776966704643E-002
          24           7   3.1402352347866780E-014
          24           8  -8.8910126237929902E-014
          24           9  -1.0808470310079076E-013
          24          10  -3.6877791538294735E-002
          24          11  -8.1544129713228856E-013
          24          12   6.1110248848219530E-013
          24          13   2.4752699785390872E-013
          24          14   8.7654827818806458E-002
          24          15   4.5117211548518325E-013
          24          16  -2.2454118260878998E-013
          24          17  -1.5147931425324832E-013
          24          18  0.36228983873433201     
          24          19   5.4604545499851726E-004
          24          20 -0.16311165570231737     
          24          21   1.2585216103519938E-003
          24          22  -3.9913261078560565E-004
          24          23 -0.16375835402230243     
          24          24  0.32602387524232140     
          24          25   2.4988247705645883E-004
          24          26  -7.1445448149915353E-002
          24          27   5.7592732416675285E-004
          24          28   8.1368500265805734E-005
          24          29  -7.1313610080852227E-002
          25           1   1.7735701988679570E-005
          25           2  -6.2422336033615152E-005
          25           3   3.9256536158104431E-014
          25           4  -4.8005542482924897E-014
          25           5   5.8844963234890000E-014
          25           6   1.0456276586557931E-004
          25           7  -1.9052720938405693E-013
          25           8  -2.0324202820010359E-014
          25           9  -1.1488370226831788E-014
          25          10  -4.0399116241022831E-004
          25          11   4.0624443223921671E-013
          25          12  -1.9775457985490589E-013
          25          13  -4.1883718025701748E-013
          25          14  -1.5835454735090547E-004
          25          15  -1.6048100178948877E-013
          25          16   1.1206466655713660E-013
          25          17   1.4341445935692425E-013
          25          18   3.2626759413519539E-005
          25          19  0.35100710692219372     
          25          20   3.1687520015537084E-005
          25          21  -3.8226965955374481E-005
          25          22   1.0129663373052135E-004
          25          23  -4.3506548450336998E-005
          25          24   2.4988247705645883E-004
          25          25  0.26531943851069950     
          25          26   2.5250892847952848E-004
          25          27  -1.6646011343850287E-004
          25          28   4.5897291336087286E-004
          25          29  -9.5010507376056859E-005
          26           1  -1.3733458550374323E-002
          26           2  -2.8066684269014652E-002
          26           3  -4.0165834937323720E-014
          26           4   1.7178124368112306E-013
          26           5  -1.4345299205381443E-014
          26           6  -5.3555248986198234E-002
          26           7   4.4133125450585285E-014
          26           8  -3.5629822493669089E-013
          26           9  -1.3452002290392777E-014
          26          10  -3.7698919638120332E-002
          26          11  -2.0507219670686391E-013
          26          12   3.6055621204625368E-013
          26          13  -1.6978323233786542E-013
          26          14   8.7332965904681051E-002
          26          15   1.8978900009196651E-013
          26          16  -9.6625568275383369E-014
          26          17  -2.2245488757104178E-015
          26          18 -0.16415519961478664     
          26          19   5.4510621562473666E-004
          26          20  0.36346410397672735     
          26          21   1.0815853305929152E-003
          26          22  -4.6270168894895213E-004
          26          23 -0.16384678281232937     
          26          24  -7.1445448149915353E-002
          26          25   2.5250892847952848E-004
          26          26  0.32704500575070022     
          26          27  -2.1488346755927479E-004
          26          28  -2.1433677407131497E-004
          26          29  -7.1506722716365670E-002
          27           1   4.0877117648499234E-005
          27           2  -1.4387054863556801E-004
          27           3  -1.2698421462026985E-014
          27           4  -5.2771136055821088E-014
          27           5   2.6228540318411133E-014
          27           6   2.4099550801492446E-004
          27           7   4.7723791236467572E-014
          27           8  -1.0600157105223657E-014
          27           9   2.2996481054407083E-014
          27          10  -9.3111590735992173E-004
          27          11   6.9821097929673958E-013
          27          12  -2.1494316495454893E-013
          27          13  -5.8822893303768765E-013
          27          14  -3.6497441382249743E-004
          27          15  -2.9317805440569552E-013
          27          16   4.8338155122708005E-014
          27          17   2.4412322997095064E-013
          27          18   7.5197918005020787E-005
          27          19  -3.8226965944346410E-005
          27          20  -1.0173836176120303E-004
          27          21  0.35093558754624626     
          27          22   4.4684286469396545E-005
          27          23   7.4497950908436535E-005
          27          24   5.7592732416675285E-004
          27          25  -1.6646011343850287E-004
          27          26  -2.1488346755927479E-004
          27          27  0.26500800590771684     
          27          28   1.9708634663701872E-004
          27          29   5.7788468769109490E-004
          28           1  -1.5054569260563762E-005
