           1           1   2.1893853140073376     
           1           2 -0.73143862916831037     
           1           3  -3.6647355944008354E-015
           1           4  -1.1152326226875091E-014
           1           5   1.3734436278936964E-014
           1           6  0.18092127976178857     
           1           7   7.3658585013358354E-015
           1           8   7.1365531869377009E-015
           1           9  -5.2807702313846820E-015
           1          10  -5.7487607094324810E-003
           1          11   8.0160701709554376E-015
           1          12   4.7770901542271479E-015
           1          13   3.3852855184869441E-016
           1          14  -8.4620469485156401E-004
           1          15  -7.5961492809068504E-015
           1          16  -3.1800957428607364E-015
           1          17   3.7783655949750916E-015
           1          18   5.5887088398861869E-002
           1          19   1.8393191326424381E-015
           1          20   5.5887088398868578E-002
           1          21   1.1336301297689563E-015
           1          22   6.0130009269899915E-016
           1          23   5.5887088398876544E-002
           1          24  -2.6098849654212455E-002
           1          25  -2.9421782314678488E-015
           1          26  -2.6098849654220949E-002
           1          27   2.7587182476977098E-015
           1          28  -1.1978960190609180E-015
           1          29  -2.6098849654220869E-002
           2           1 -0.73143862916831037     
           2           2   2.8585265139191418     
           2           3   1.3824014921867412E-014
           2           4   3.5617571028215345E-014
           2           5  -5.5394789148694406E-014
           2           6 -0.19252116370342315     
           2           7  -3.8874548593049085E-014
           2           8  -1.7991655338504474E-014
           2           9   3.8131039888806770E-015
           2          10   4.9229676389861830E-002
           2          11  -8.2733486077514897E-015
           2          12  -1.0369155041971545E-014
           2          13   3.0035229557440483E-015
           2          14  -7.0949915502198447E-003
           2          15   3.5564932811680897E-015
           2          16   7.4912011209398076E-015
           2          17  -1.2600414156207251E-016
           2          18 -0.48520938322855456     
           2          19  -9.2844701721917025E-015
           2          20 -0.48520938322855678     
           2          21   1.1645769730478748E-015
           2          22   4.1550608031773006E-015
           2          23 -0.48520938322857615     
           2          24   5.2331916249441640E-002
           2          25  -2.6455000302091835E-015
           2          26   5.2331916249438414E-002
           2          27  -4.7068756663086284E-015
           2          28  -6.3207463905439534E-015
           2          29   5.2331916249447233E-002
           3           1  -3.6647355944008354E-015
           3           2   1.3824014921867412E-014
           3           3   2.2779247556257936     
           3           4  -1.4016565685892666E-015
           3           5  -2.2933044352413311E-015
           3           6  -6.0130935658752013E-014
           3           7 -0.79908576192312608     
           3           8   1.2698175844150520E-015
           3           9   5.1347814888913174E-015
           3          10  -5.7229716633216730E-014
           3          11   3.1035791274396051E-002
           3          12   7.2359144771913208E-016
           3          13  -3.5224881551106883E-015
           3          14   4.8878048092862030E-014
           3          15  -1.8616532768828926E-002
           3          16  -4.9850531688711056E-015
           3          17  -6.7502427258947624E-016
           3          18   1.4504661593689534E-014
           3          19  -2.4266059001310355E-014
           3          20  -1.6070288314064509E-014
           3          21  -3.8317454334284768E-014
           3          22   1.7619913480594954E-014
           3          23   1.6992586144759362E-014
           3          24  -1.0840267274618186E-014
           3          25  -1.8836032818291803E-014
           3          26   1.1219528985641682E-014
           3          27  -1.4771496272921653E-016
           3          28  -1.6660327600766349E-014
           3          29   2.9524747709229651E-014
           4           1  -1.1152326226875091E-014
           4           2   3.5617571028215345E-014
           4           3  -1.4016565685892666E-015
           4           4   2.2779247556257953     
           4           5  -1.2281842209915826E-015
           4           6  -8.9755027832982924E-015
           4           7   5.0098813986210394E-015
           4           8 -0.79908576192313241     
           4           9   5.8980598183211560E-015
           4          10  -1.7589377213203189E-014
           4          11  -1.4570296534501155E-014
           4          12   3.1035791274442989E-002
           4          13  -4.6356647836229368E-015
           4          14   1.7347658446048167E-014
           4          15   9.3517858387737280E-015
           4          16  -1.8616532768855266E-002
           4          17   4.1276660908695837E-015
           4          18  -1.6072825091346282E-015
           4          19  -1.5149628502246904E-015
           4          20  -8.8538027100555452E-015
           4          21  -8.8065796165003824E-015
           4          22   1.0167573885093780E-016
           4          23   2.0537496291853177E-015
           4          24  -4.0546854252665850E-015
           4          25  -2.5102213466708099E-015
           4          26   1.5927144311108165E-015
           4          27   1.7536135925889989E-015
           4          28  -3.6615045213563872E-015
           4          29   9.1516466329529518E-015
           5           1   1.3734436278936964E-014
           5           2  -5.5394789148694406E-014
           5           3  -2.2933044352413311E-015
           5           4  -1.2281842209915826E-015
           5           5   2.2779247556257953     
           5           6  -4.3941664922479500E-014
           5           7   4.9404924595819174E-015
           5           8  -6.3837823915945397E-016
           5           9 -0.79908576192313974     
           5          10  -2.0678289447839998E-014
           5          11  -9.8698837053571547E-015
           5          12  -2.9600663249468228E-015
           5          13   3.1035791274442670E-002
           5          14   1.8502125635410577E-014
           5          15   1.0500931721391100E-014
           5          16  -2.6528800857461636E-015
           5          17  -1.8616532768855273E-002
           5          18   2.6868164679330259E-014
           5          19  -7.8774656915393064E-015
           5          20   4.4282357526775875E-015
           5          21  -1.5405422927916779E-014
           5          22   8.6654882554340201E-015
           5          23   1.2550712795816852E-014
           5          24   3.9661633228375685E-016
           5          25  -7.2696837020447073E-016
           5          26   5.6943996703697459E-015
           5          27   3.6560447813431675E-015
           5          28  -5.0380034985060974E-015
           5          29   1.1942400945793766E-014
           6           1  0.18092127976178857     
           6           2 -0.19252116370342315     
           6           3  -6.0130935658752013E-014
           6           4  -8.9755027832982924E-015
           6           5  -4.3941664922479500E-014
           6           6  0.84733531030726295     
           6           7   1.6379046528813579E-013
           6           8   4.8670041156027916E-014
           6           9   2.3794656751564723E-014
           6          10   2.2617048629234027E-003
           6          11  -1.9613198692713829E-015
           6          12  -8.6048452522369739E-016
           6          13   2.8345799161006165E-016
           6          14  -1.0455496478746176E-002
           6          15   1.1019440858843063E-015
           6          16  -8.3190145716251910E-016
           6          17   2.4387115341490615E-015
           6          18  0.23756289344318818     
           6          19   2.7882971907112509E-015
           6          20  0.23756289344317888     
           6          21  -2.6456550209796830E-015
           6          22  -1.3781497284022472E-016
           6          23  0.23756289344315518     
           6          24  -8.9099939598556527E-002
           6          25  -1.3100572064043319E-015
           6          26  -8.9099939598563355E-002
           6          27   9.0310331033294606E-017
           6          28  -1.0342096994965460E-015
           6          29  -8.9099939598588626E-002
           7           1   7.3658585013358354E-015
           7           2  -3.8874548593049085E-014
           7           3 -0.79908576192312608     
           7           4   5.0098813986210394E-015
           7           5   4.9404924595819174E-015
           7           6   1.6379046528813579E-013
           7           7   2.2970843145771589     
           7           8  -9.2981178312357807E-015
           7           9  -4.3298697960380032E-015
           7          10   1.4725433911057892E-013
           7          11  -8.1777432282323134E-002
           7          12   6.2992485034589480E-016
           7          13   1.2441562130581881E-014
           7          14  -1.2075610388372965E-013
           7          15   4.9416455717254393E-002
           7          16   1.7659268145009418E-014
           7          17   5.4812925032177241E-015
           7          18  -3.9799773629328613E-014
           7          19   6.5275512990098919E-014
           7          20   3.6570445545098005E-014
           7          21   1.0152417298140281E-013
           7          22  -5.3809044995884180E-014
           7          23  -5.0125349580010644E-014
           7          24   3.2032035552859120E-014
           7          25   4.8631021206553613E-014
           7          26  -3.1311238959641496E-014
           7          27   6.6926070134631895E-015
           7          28   4.7800553681764016E-014
           7          29  -8.2547746768244033E-014
           8           1   7.1365531869377009E-015
           8           2  -1.7991655338504474E-014
           8           3   1.2698175844150520E-015
           8           4 -0.79908576192313241     
           8           5  -6.3837823915945397E-016
           8           6   4.8670041156027916E-014
           8           7  -9.2981178312357807E-015
           8           8   2.2970843145772015     
           8           9  -2.9143354396410805E-015
           8          10   4.3330894607767402E-014
           8          11   3.9181548630584644E-014
           8          12  -8.1777432282448326E-002
           8          13   1.0087035847978935E-014
           8          14  -4.1817195619623381E-014
           8          15  -2.6009793277492776E-014
           8          16   4.9416455717321256E-002
           8          17  -4.6771397518852712E-015
           8          18  -7.3836981693452005E-015
           8          19  -9.9623128420071803E-017
           8          20   1.3751961732897191E-014
           8          21   2.2438942148024537E-014
           8          22  -1.0132947122754743E-015
           8          23  -1.2645960760716663E-014
           8          24   1.1060628511263677E-014
           8          25   4.8451856733745672E-015
           8          26  -7.9106725514929366E-015
           8          27  -5.4143519022111327E-015
           8          28   8.6040438685826017E-015
           8          29  -2.4152399389539190E-014
           9           1  -5.2807702313846820E-015
           9           2   3.8131039888806770E-015
           9           3   5.1347814888913174E-015
           9           4   5.8980598183211560E-015
           9           5 -0.79908576192313974     
           9           6   2.3794656751564723E-014
           9           7  -4.3298697960380032E-015
           9           8  -2.9143354396410805E-015
           9           9   2.2970843145772042     
           9          10   3.4990131883332375E-014
           9          11   2.5884232501523503E-014
           9          12   9.9200737956137910E-015
           9          13  -8.1777432282445731E-002
           9          14  -3.5577384177767845E-014
           9          15  -2.0392541821845340E-014
           9          16   1.4648655552451836E-015
           9          17   4.9416455717316808E-002
           9          18  -3.1632544747220860E-014
           9          19   2.8258417045395334E-014
           9          20   8.0133642894042117E-015
           9          21   3.9549286471515676E-014
           9          22  -3.2053596825151816E-014
           9          23  -5.1865482074634518E-015
           9          24   4.8134397066821911E-015
           9          25   5.1052520156910219E-015
           9          26   4.5852757527545061E-015
           9          27  -3.5752315727578885E-015
           9          28   8.9959446263712311E-015
           9          29  -1.6865303933622310E-014
          10           1  -5.7487607094324810E-003
          10           2   4.9229676389861830E-002
          10           3  -5.7229716633216730E-014
          10           4  -1.7589377213203189E-014
          10           5  -2.0678289447839998E-014
          10           6   2.2617048629234027E-003
          10           7   1.4725433911057892E-013
          10           8   4.3330894607767402E-014
          10           9   3.4990131883332375E-014
          10          10   5.1822024427114061E-002
          10          11  -2.5883957054981072E-016
          10          12  -2.6942206642994654E-016
          10          13  -1.4938638111715937E-018
          10          14  -7.5716038636564368E-003
          10          15   8.4048184580365103E-016
          10          16   2.4404196709151166E-016
          10          17   3.6636224057742803E-016
          10          18  -2.7476202224263675E-002
          10          19   1.2199015497786287E-015
          10          20  -2.7476202224260716E-002
          10          21   2.0026407944895845E-015
          10          22   2.1168382224005529E-015
          10          23  -2.7476202224265962E-002
          10          24   9.9209894059933634E-002
          10          25   5.4750752081773287E-016
          10          26   9.9209894059931886E-002
          10          27   6.5975914352836435E-016
          10          28   1.1107670872125216E-015
          10          29   9.9209894059928569E-002
          11           1   8.0160701709554376E-015
          11           2  -8.2733486077514897E-015
          11           3   3.1035791274396051E-002
          11           4  -1.4570296534501155E-014
          11           5  -9.8698837053571547E-015
          11           6  -1.9613198692713829E-015
          11           7  -8.1777432282323134E-002
          11           8   3.9181548630584644E-014
          11           9   2.5884232501523503E-014
          11          10  -2.5883957054981072E-016
          11          11   5.7683878541629754E-003
          11          12  -1.0095064748383337E-016
          11          13   4.6044438932354166E-016
          11          14   6.8349428223037903E-017
          11          15  -3.0629690057759683E-003
          11          16   9.9037567117345118E-017
          11          17  -1.3393581423514083E-016
          11          18  -5.6888442903783799E-015
          11          19  -1.2756256345209612E-016
          11          20   6.3258981975275285E-015
          11          21  -3.2548295514057487E-015
          11          22  -1.5296022900809273E-015
          11          23  -4.4983164398803187E-015
          11          24  -1.9734271240494967E-015
          11          25  -4.2173856142386301E-016
          11          26   3.6805235728663689E-015
          11          27  -1.9037638294058660E-015
          11          28  -1.5538030749327979E-015
          11          29  -7.6364704764049409E-016
          12           1   4.7770901542271479E-015
          12           2  -1.0369155041971545E-014
          12           3   7.2359144771913208E-016
          12           4   3.1035791274442989E-002
          12           5  -2.9600663249468228E-015
          12           6  -8.6048452522369739E-016
          12           7   6.2992485034589480E-016
          12           8  -8.1777432282448326E-002
          12           9   9.9200737956137910E-015
          12          10  -2.6942206642994654E-016
          12          11  -1.0095064748383337E-016
          12          12   5.7683878541625027E-003
          12          13  -8.1355139437974820E-017
          12          14   2.9752616467016609E-016
          12          15   1.1168813653348891E-016
          12          16  -3.0629690057761613E-003
          12          17   1.2686565007672301E-016
          12          18   4.2026131113929715E-015
          12          19   1.3076456734818215E-015
          12          20  -2.0357187381247472E-015
          12          21  -2.2125095950332708E-015
          12          22  -4.0068026714870634E-015
          12          23  -8.1970792190108047E-016
          12          24   1.7847871412294650E-015
          12          25  -7.4189738383374800E-017
          12          26  -1.3157468182778323E-015
          12          27  -9.0217916971198407E-016
          12          28  -8.0748260054674636E-016
          12          29   1.6835070550025125E-017
          13           1   3.3852855184869441E-016
          13           2   3.0035229557440483E-015
          13           3  -3.5224881551106883E-015
          13           4  -4.6356647836229368E-015
          13           5   3.1035791274442670E-002
          13           6   2.8345799161006165E-016
          13           7   1.2441562130581881E-014
          13           8   1.0087035847978935E-014
          13           9  -8.1777432282445731E-002
          13          10  -1.4938638111715937E-018
          13          11   4.6044438932354166E-016
          13          12  -8.1355139437974820E-017
          13          13   5.7683878541625721E-003
          13          14  -1.4381175246877284E-016
          13          15  -1.9459218769521857E-016
          13          16  -1.3795029380147483E-016
          13          17  -3.0629690057763612E-003
          13          18   9.7931000172231139E-015
          13          19  -4.4932546261019284E-015
          13          20  -9.4300369418564645E-015
          13          21  -3.2285329634006451E-015
          13          22   5.0830574310018485E-016
          13          23  -2.2136638674077177E-015
          13          24   4.7934220212589046E-015
          13          25  -9.2209347821049243E-016
          13          26  -4.9741995926550458E-015
          13          27  -2.0199827039149100E-015
          13          28  -1.1052482854421673E-015
          13          29  -6.6749056843722200E-016
          14           1  -8.4620469485156401E-004
          14           2  -7.0949915502198447E-003
          14           3   4.8878048092862030E-014
          14           4   1.7347658446048167E-014
          14           5   1.8502125635410577E-014
          14           6  -1.0455496478746176E-002
          14           7  -1.2075610388372965E-013
          14           8  -4.1817195619623381E-014
          14           9  -3.5577384177767845E-014
          14          10  -7.5716038636564368E-003
          14          11   6.8349428223037903E-017
          14          12   2.9752616467016609E-016
          14          13  -1.4381175246877284E-016
          14          14   1.3180913691381909E-003
          14          15  -6.4721636869870723E-016
          14          16  -3.0001129227112678E-016
          14          17  -2.0711549108253568E-016
          14          18  -6.1002436312947747E-004
          14          19   2.5166809794584422E-016
          14          20  -6.1002436314439045E-004
          14          21   7.2937755574708314E-015
          14          22   4.6732923717360101E-015
          14          23  -6.1002436313100392E-004
          14          24  -1.2647406626513105E-002
          14          25   2.2357703831705797E-016
          14          26  -1.2647406626520388E-002
          14          27   4.2100741647847485E-015
          14          28   2.6257277989799600E-015
          14          29  -1.2647406626511913E-002
          15           1  -7.5961492809068504E-015
          15           2   3.5564932811680897E-015
          15           3  -1.8616532768828926E-002
          15           4   9.3517858387737280E-015
          15           5   1.0500931721391100E-014
          15           6   1.1019440858843063E-015
          15           7   4.9416455717254393E-002
          15           8  -2.6009793277492776E-014
          15           9  -2.0392541821845340E-014
          15          10   8.4048184580365103E-016
          15          11  -3.0629690057759683E-003
          15          12   1.1168813653348891E-016
          15          13  -1.9459218769521857E-016
          15          14  -6.4721636869870723E-016
          15          15   1.6580374468174795E-003
          15          16  -2.3442483848191157E-017
          15          17   6.7286603264009137E-017
          15          18  -1.5958742254561898E-015
          15          19   1.0055222915443030E-016
          15          20   8.4047847913032915E-016
          15          21   3.0258405563089097E-015
          15          22  -2.3070446816383564E-016
          15          23   1.5930327842701219E-015
          15          24  -5.3499145312275162E-016
          15          25   3.1767650771822003E-016
          15          26   2.5208490510085759E-016
          15          27   1.7547749014766125E-015
          15          28   6.0838674686036851E-016
          15          29  -5.1086848294023185E-016
          16           1  -3.1800957428607364E-015
          16           2   7.4912011209398076E-015
          16           3  -4.9850531688711056E-015
          16           4  -1.8616532768855266E-002
          16           5  -2.6528800857461636E-015
          16           6  -8.3190145716251910E-016
          16           7   1.7659268145009418E-014
          16           8   4.9416455717321256E-002
          16           9   1.4648655552451836E-015
          16          10   2.4404196709151166E-016
          16          11   9.9037567117345118E-017
          16          12  -3.0629690057761613E-003
          16          13  -1.3795029380147483E-016
          16          14  -3.0001129227112678E-016
          16          15  -2.3442483848191157E-017
          16          16   1.6580374468178553E-003
          16          17   5.3163599417955186E-017
          16          18  -2.6583164178819944E-016
          16          19  -2.8002348917851706E-016
          16          20  -1.2438835360294416E-015
          16          21   4.4756003714953382E-015
          16          22   2.3585659730362230E-015
          16          23  -2.4650373164036455E-015
          16          24   2.4327803846445601E-016
          16          25   5.6489201951031314E-016
          16          26   2.0558708857080594E-016
          16          27   1.8661637559523930E-015
          16          28   3.5150677802829207E-016
          16          29  -4.3385409547456086E-016
          17           1   3.7783655949750916E-015
          17           2  -1.2600414156207251E-016
          17           3  -6.7502427258947624E-016
          17           4   4.1276660908695837E-015
          17           5  -1.8616532768855273E-002
          17           6   2.4387115341490615E-015
          17           7   5.4812925032177241E-015
          17           8  -4.6771397518852712E-015
          17           9   4.9416455717316808E-002
          17          10   3.6636224057742803E-016
          17          11  -1.3393581423514083E-016
          17          12   1.2686565007672301E-016
          17          13  -3.0629690057763612E-003
          17          14  -2.0711549108253568E-016
          17          15   6.7286603264009137E-017
          17          16   5.3163599417955186E-017
          17          17   1.6580374468179891E-003
          17          18  -6.1538029986982692E-015
          17          19   2.9570307016666908E-015
          17          20   4.5552731623306783E-015
          17          21   2.0828286097866745E-015
          17          22   1.4387123009042261E-015
          17          23   4.8325261778681361E-015
          17          24  -4.0649505688670559E-015
          17          25   7.3340655427264111E-016
          17          26   1.7843723363631945E-015
          17          27   1.1673533795931090E-015
          17          28   1.5593061375715704E-015
          17          29   2.0623931448924157E-015
          18           1   5.5887088398861869E-002
          18           2 -0.48520938322855456     
          18           3   1.4504661593689534E-014
          18           4  -1.6072825091346282E-015
          18           5   2.6868164679330259E-014
          18           6  0.23756289344318818     
          18           7  -3.9799773629328613E-014
          18           8  -7.3836981693452005E-015
          18           9  -3.1632544747220860E-014
          18          10  -2.7476202224263675E-002
          18          11  -5.6888442903783799E-015
          18          12   4.2026131113929715E-015
          18          13   9.7931000172231139E-015
          18          14  -6.1002436312947747E-004
          18          15  -1.5958742254561898E-015
          18          16  -2.6583164178819944E-016
          18          17  -6.1538029986982692E-015
          18          18   1.7157690221673851     
          18          19   8.0221122456660204E-016
          18          20 -0.55717706414006263     
          18          21  -7.1349112090041204E-014
          18          22   1.3066546122638016E-014
          18          23 -0.55717706414004486     
          18          24  0.29874637582124164     
          18          25  -4.3379126637102391E-015
          18          26 -0.27638053133484719     
          18          27  -9.2858141684359430E-016
          18          28   3.3412182063887275E-015
          18          29 -0.27638053133484597     
          19           1   1.8393191326424381E-015
          19           2  -9.2844701721917025E-015
          19           3  -2.4266059001310355E-014
          19           4  -1.5149628502246904E-015
          19           5  -7.8774656915393064E-015
          19           6   2.7882971907112509E-015
          19           7   6.5275512990098919E-014
          19           8  -9.9623128420071803E-017
          19           9   2.8258417045395334E-014
          19          10   1.2199015497786287E-015
          19          11  -1.2756256345209612E-016
          19          12   1.3076456734818215E-015
          19          13  -4.4932546261019284E-015
          19          14   2.5166809794584422E-016
          19          15   1.0055222915443030E-016
          19          16  -2.8002348917851706E-016
          19          17   2.9570307016666908E-015
          19          18   8.0221122456660204E-016
          19          19   1.5291332716755566     
          19          20   1.9884676204408997E-014
          19          21  -2.6367796834834757E-016
          19          22  -6.8001160258331346E-016
          19          23  -1.2349495765970910E-014
          19          24  -8.7596155054575308E-015
          19          25  0.37957797990003805     
          19          26   1.5382516302822000E-014
          19          27  -1.3287981825983634E-015
          19          28  -2.6922908347163931E-015
          19          29  -8.2077093948489934E-015
          20           1   5.5887088398868578E-002
          20           2 -0.48520938322855678     
          20           3  -1.6070288314064509E-014
          20           4  -8.8538027100555452E-015
          20           5   4.4282357526775875E-015
          20           6  0.23756289344317888     
          20           7   3.6570445545098005E-014
          20           8   1.3751961732897191E-014
          20           9   8.0133642894042117E-015
          20          10  -2.7476202224260716E-002
          20          11   6.3258981975275285E-015
          20          12  -2.0357187381247472E-015
          20          13  -9.4300369418564645E-015
          20          14  -6.1002436314439045E-004
          20          15   8.4047847913032915E-016
          20          16  -1.2438835360294416E-015
          20          17   4.5552731623306783E-015
          20          18 -0.55717706414006263     
          20          19   1.9884676204408997E-014
          20          20   1.7157690221674076     
          20          21   1.6941610901282175E-014
          20          22   3.5553306769445484E-015
          20          23 -0.55717706414004575     
          20          24 -0.27638053133486123     
          20          25   1.2136740775477614E-014
          20          26  0.29874637582124158     
          20          27  -3.4754950973503581E-015
          20          28  -1.2362157611134795E-015
          20          29 -0.27638053133484242     
          21           1   1.1336301297689563E-015
          21           2   1.1645769730478748E-015
          21           3  -3.8317454334284768E-014
          21           4  -8.8065796165003824E-015
          21           5  -1.5405422927916779E-014
          21           6  -2.6456550209796830E-015
          21           7   1.0152417298140281E-013
          21           8   2.2438942148024537E-014
          21           9   3.9549286471515676E-014
          21          10   2.0026407944895845E-015
          21          11  -3.2548295514057487E-015
          21          12  -2.2125095950332708E-015
          21          13  -3.2285329634006451E-015
          21          14   7.2937755574708314E-015
          21          15   3.0258405563089097E-015
          21          16   4.4756003714953382E-015
          21          17   2.0828286097866745E-015
          21          18  -7.1349112090041204E-014
          21          19  -2.6367796834834757E-016
          21          20   1.6941610901282175E-014
          21          21   1.5291332716755597     
          21          22   1.6653345369298738E-016
          21          23   6.2481316833376420E-014
          21          24  -5.7171487341418373E-015
          21          25   2.2343238370580747E-015
          21          26  -4.7330535138997355E-015
          21          27  0.37957797990003694     
          21          28   1.4224732502996447E-016
          21          29   4.6634189795916601E-015
          22           1   6.0130009269899915E-016
          22           2   4.1550608031773006E-015
          22           3   1.7619913480594954E-014
          22           4   1.0167573885093780E-016
          22           5   8.6654882554340201E-015
          22           6  -1.3781497284022472E-016
          22           7  -5.3809044995884180E-014
          22           8  -1.0132947122754743E-015
          22           9  -3.2053596825151816E-014
          22          10   2.1168382224005529E-015
          22          11  -1.5296022900809273E-015
          22          12  -4.0068026714870634E-015
          22          13   5.0830574310018485E-016
          22          14   4.6732923717360101E-015
          22          15  -2.3070446816383564E-016
          22          16   2.3585659730362230E-015
          22          17   1.4387123009042261E-015
          22          18   1.3066546122638016E-014
          22          19  -6.8001160258331346E-016
          22          20   3.5553306769445484E-015
          22          21   1.6653345369298738E-016
          22          22   1.5291332716755599     
          22          23  -1.3761651601617397E-014
          22          24   5.2696211902068563E-015
          22          25   2.9542340795884287E-015
          22          26  -5.8860185181519983E-015
          22          27   1.2628786905111534E-015
          22          28  0.37957797990003578     
          22          29  -3.7719547154914296E-015
          23           1   5.5887088398876544E-002
          23           2 -0.48520938322857615     
          23           3   1.6992586144759362E-014
          23           4   2.0537496291853177E-015
          23           5   1.2550712795816852E-014
          23           6  0.23756289344315518     
          23           7  -5.0125349580010644E-014
          23           8  -1.2645960760716663E-014
          23           9  -5.1865482074634518E-015
          23          10  -2.7476202224265962E-002
          23          11  -4.4983164398803187E-015
          23          12  -8.1970792190108047E-016
          23          13  -2.2136638674077177E-015
          23          14  -6.1002436313100392E-004
          23          15   1.5930327842701219E-015
          23          16  -2.4650373164036455E-015
          23          17   4.8325261778681361E-015
          23          18 -0.55717706414004486     
          23          19  -1.2349495765970910E-014
          23          20 -0.55717706414004575     
          23          21   6.2481316833376420E-014
          23          22  -1.3761651601617397E-014
          23          23   1.7157690221674300     
          23          24 -0.27638053133485530     
          23          25  -7.1663241200717470E-015
          23          26 -0.27638053133484863     
          23          27   8.2714041217687385E-015
          23          28   2.6256673124697535E-016
          23          29  0.29874637582125474     
          24           1  -2.6098849654212455E-002
          24           2   5.2331916249441640E-002
          24           3  -1.0840267274618186E-014
          24           4  -4.0546854252665850E-015
          24           5   3.9661633228375685E-016
          24           6  -8.9099939598556527E-002
          24           7   3.2032035552859120E-014
          24           8   1.1060628511263677E-014
          24           9   4.8134397066821911E-015
          24          10   9.9209894059933634E-002
          24          11  -1.9734271240494967E-015
          24          12   1.7847871412294650E-015
          24          13   4.7934220212589046E-015
          24          14  -1.2647406626513105E-002
          24          15  -5.3499145312275162E-016
          24          16   2.4327803846445601E-016
          24          17  -4.0649505688670559E-015
          24          18  0.29874637582124164     
          24          19  -8.7596155054575308E-015
          24          20 -0.27638053133486123     
          24          21  -5.7171487341418373E-015
          24          22   5.2696211902068563E-015
          24          23 -0.27638053133485530     
          24          24  0.39642284758900259     
          24          25  -3.7265812736552514E-015
          24          26  0.11227062595510408     
          24          27  -6.6566068538741011E-016
          24          28   2.9105717853407555E-015
          24          29  0.11227062595510362     
          25           1  -2.9421782314678488E-015
          25           2  -2.6455000302091835E-015
          25           3  -1.8836032818291803E-014
          25           4  -2.5102213466708099E-015
          25           5  -7.2696837020447073E-016
          25           6  -1.3100572064043319E-015
          25           7   4.8631021206553613E-014
          25           8   4.8451856733745672E-015
          25           9   5.1052520156910219E-015
          25          10   5.4750752081773287E-016
          25          11  -4.2173856142386301E-016
          25          12  -7.4189738383374800E-017
          25          13  -9.2209347821049243E-016
          25          14   2.2357703831705797E-016
          25          15   3.1767650771822003E-016
          25          16   5.6489201951031314E-016
          25          17   7.3340655427264111E-016
          25          18  -4.3379126637102391E-015
          25          19  0.37957797990003805     
          25          20   1.2136740775477614E-014
          25          21   2.2343238370580747E-015
          25          22   2.9542340795884287E-015
          25          23  -7.1663241200717470E-015
          25          24  -3.7265812736552514E-015
          25          25  0.17855606180175695     
          25          26   7.2877695438484553E-015
          25          27   9.7729983827836112E-016
          25          28   8.6806646940037752E-016
          25          29  -3.5688264526552402E-015
          26           1  -2.6098849654220949E-002
          26           2   5.2331916249438414E-002
          26           3   1.1219528985641682E-014
          26           4   1.5927144311108165E-015
          26           5   5.6943996703697459E-015
          26           6  -8.9099939598563355E-002
          26           7  -3.1311238959641496E-014
          26           8  -7.9106725514929366E-015
          26           9   4.5852757527545061E-015
          26          10   9.9209894059931886E-002
          26          11   3.6805235728663689E-015
          26          12  -1.3157468182778323E-015
          26          13  -4.9741995926550458E-015
          26          14  -1.2647406626520388E-002
          26          15   2.5208490510085759E-016
          26          16   2.0558708857080594E-016
          26          17   1.7843723363631945E-015
          26          18 -0.27638053133484719     
          26          19   1.5382516302822000E-014
          26          20  0.29874637582124158     
          26          21  -4.7330535138997355E-015
          26          22  -5.8860185181519983E-015
          26          23 -0.27638053133484863     
          26          24  0.11227062595510408     
          26          25   7.2877695438484553E-015
          26          26  0.39642284758899593     
          26          27  -5.1683336121342137E-015
          26          28  -4.3257273730784365E-015
          26          29  0.11227062595510887     
          27           1   2.7587182476977098E-015
          27           2  -4.7068756663086284E-015
          27           3  -1.4771496272921653E-016
          27           4   1.7536135925889989E-015
          27           5   3.6560447813431675E-015
          27           6   9.0310331033294606E-017
          27           7   6.6926070134631895E-015
          27           8  -5.4143519022111327E-015
          27           9  -3.5752315727578885E-015
          27          10   6.5975914352836435E-016
          27          11  -1.9037638294058660E-015
          27          12  -9.0217916971198407E-016
          27          13  -2.0199827039149100E-015
          27          14   4.2100741647847485E-015
          27          15   1.7547749014766125E-015
          27          16   1.8661637559523930E-015
          27          17   1.1673533795931090E-015
          27          18  -9.2858141684359430E-016
          27          19  -1.3287981825983634E-015
          27          20  -3.4754950973503581E-015
          27          21  0.37957797990003694     
          27          22   1.2628786905111534E-015
          27          23   8.2714041217687385E-015
          27          24  -6.6566068538741011E-016
          27          25   9.7729983827836112E-016
          27          26  -5.1683336121342137E-015
          27          27  0.17855606180175387     
          27          28  -8.9880360099048751E-016
          27          29   1.2564029545002834E-015
          28           1  -1.1978960190609180E-015
