           1           1   2.0601043746499883     
           1           2   4.6679614330764979E-002
           1           3  -9.8323653155096847E-015
           1           4   1.8873705173886602E-015
           1           5  -4.9357476151976556E-015
           1           6 -0.46485995103010164     
           1           7   2.1675361130080502E-016
           1           8   2.5669748728887955E-015
           1           9  -4.0087599649576588E-015
           2           1   4.6679614330764979E-002
           2           2  0.15311496539126324     
           2           3   4.6199571595403433E-015
           2           4  -5.5166774115564746E-015
           2           5  -7.2496592775412628E-016
           2           6  0.41951793115813918     
           2           7   3.6894462472801085E-015
           2           8  -4.8104570279965325E-015
           2           9  -1.3274128910495101E-015
           3           1  -9.8323653155096847E-015
           3           2   4.6199571595403433E-015
           3           3  0.48655827138526109     
           3           4  -2.4596965049248867E-002
           3           5 -0.14316677123583221     
           3           6   1.1335431758276622E-014
           3           7  0.51538014410565736     
           3           8  -2.8254400635120091E-002
           3           9 -0.16445489531056298     
           4           1   1.8873705173886602E-015
           4           2  -5.5166774115564746E-015
           4           3  -2.4596965049248867E-002
           4           4  0.61713700314789321     
           4           5  -2.6073677865849267E-002
           4           6  -7.5608715487804974E-015
           4           7  -2.8254400635116462E-002
           4           8  0.66537522659890813     
           4           9  -2.9950692655682943E-002
           5           1  -4.9357476151976556E-015
           5           2  -7.2496592775412628E-016
           5           3 -0.14316677123583221     
           5           4  -2.6073677865849267E-002
           5           5  0.46985464105868346     
           5           6  -7.7617700468190847E-016
           5           7 -0.16445489531055768     
           5           8  -2.9950692655681628E-002
           5           9  0.49619277434837650     
           6           1 -0.46485995103010164     
           6           2  0.41951793115813918     
           6           3   1.1335431758276622E-014
           6           4  -7.5608715487804974E-015
           6           5  -7.7617700468190847E-016
           6           6   1.3230797728585340     
           6           7   5.5465570048134010E-015
           6           8  -5.0617790157619656E-015
           6           9  -2.6581407171822000E-015
           7           1   2.1675361130080502E-016
           7           2   3.6894462472801085E-015
           7           3  0.51538014410565736     
           7           4  -2.8254400635116462E-002
           7           5 -0.16445489531055768     
           7           6   5.5465570048134010E-015
           7           7  0.54640943935227693     
           7           8  -3.2244457931502553E-002
           7           9 -0.18767904589269999     
           8           1   2.5669748728887955E-015
           8           2  -4.8104570279965325E-015
           8           3  -2.8254400635120091E-002
           8           4  0.66537522659890813     
           8           5  -2.9950692655681628E-002
           8           6  -5.0617790157619656E-015
           8           7  -3.2244457931502553E-002
           8           8  0.71758667258556519     
           8           9  -3.4180298560467032E-002
           9           1  -4.0087599649576588E-015
           9           2  -1.3274128910495101E-015
           9           3 -0.16445489531056298     
           9           4  -2.9950692655682943E-002
           9           5  0.49619277434837650     
           9           6  -2.6581407171822000E-015
           9           7 -0.18767904589269999     
           9           8  -3.4180298560467032E-002
           9           9  0.52451244904116223     
