           1           1   2.1607810273568289     
           1           2 -0.62745628536418363     
           1           3  -1.1929319592459297E-013
           1           4   3.9610357038835246E-013
           1           5   4.2981709478685426E-013
           1           6  0.35543385586226495     
           1           7  -5.5612025122145403E-014
           1           8  -5.3296521583116019E-013
           1           9  -1.1469021875365059E-012
           1          10   1.1061676746963209E-002
           1          11  -2.3828841211059355E-014
           1          12  -3.2681510695890164E-012
           1          13  -5.4593499976692500E-012
           1          14  -1.6022828990339275E-002
           1          15   8.6779705632598951E-014
           1          16   1.2332312755819453E-011
           1          17   2.0800676776592054E-011
           1          18  -7.0670556706089044E-002
           1          19   4.6586355700940844E-010
           1          20  -7.2191770216551196E-002
           1          21   1.3178882571793379E-010
           1          22   1.0106463646629268E-007
           1          23  -7.2140274053173886E-002
           1          24  -2.1368547166521114E-003
           1          25   4.5125929631453213E-010
           1          26  -3.6099723977376873E-003
           1          27   1.2771553185805129E-010
           1          28   9.5845666068783512E-008
           1          29  -3.5611355001840556E-003
           2           1 -0.62745628536418363     
           2           2   2.4823073924829515     
           2           3   1.7629283118484167E-013
           2           4  -1.0537242976971053E-012
           2           5  -7.8701329159078686E-013
           2           6 -0.61806796577082301     
           2           7  -2.3875392622193751E-014
           2           8   1.4387819544349042E-012
           2           9   2.0051959311371406E-012
           2          10   1.0322708987606326E-002
           2          11   1.1073606157737050E-013
           2          12   5.7233984542155527E-012
           2          13  -3.6217682840385101E-013
           2          14   4.8773864170894490E-003
           2          15  -1.1389710109239960E-013
           2          16  -2.2022461376547818E-011
           2          17  -5.4773393361904384E-014
           2          18  -8.7249171475626913E-002
           2          19  -1.7829113615892173E-009
           2          20  -8.1427451552227609E-002
           2          21  -5.0393214266096926E-010
           2          22  -3.9558063422657583E-007
           2          23  -8.1629014472626438E-002
           2          24  -6.5345268100015716E-002
           2          25  -1.6230728638712774E-009
           2          26  -6.0046919031567572E-002
           2          27  -4.5871856004113144E-010
           2          28  -3.5860432480005683E-007
           2          29  -6.0229641140973428E-002
           3           1  -1.1929319592459297E-013
           3           2   1.7629283118484167E-013
           3           3   2.2494117277296102     
           3           4   2.2470601121058338E-010
           3           5   9.3175649178030229E-011
           3           6  -4.9577811130181278E-013
           3           7 -0.73815395692328667     
           3           8  -8.9848650178002504E-010
           3           9  -2.5117012421831082E-010
           3          10   4.7982214250699434E-014
           3          11  -8.1304637422473722E-002
           3          12   1.7497902085322116E-009
           3          13   5.0208553669174186E-010
           3          14  -8.2134080333555795E-014
           3          15   5.2719019859351970E-002
           3          16  -9.6813750010420383E-010
           3          17  -3.0436557015969385E-010
           3          18   2.1456343508576384E-013
           3          19   5.2422699582126456E-013
           3          20   2.3016801741588594E-013
           3          21   1.2592657687041223E-012
           3          22  -1.2002153196595096E-014
           3          23   1.9633062365570104E-013
           3          24   2.1792974455477690E-013
           3          25  -2.1565079277393117E-013
           3          26   7.0494510884255046E-014
           3          27  -7.1667028526376788E-013
           3          28   8.0481553244893329E-014
           3          29   1.3731355724928515E-014
           4           1   3.9610357038835246E-013
           4           2  -1.0537242976971053E-012
           4           3   2.2470601121058338E-010
           4           4   2.2482575421943571     
           4           5   7.1730278459303017E-008
           4           6   1.3483969913890366E-012
           4           7  -8.9858659632794420E-010
           4           8 -0.73478092024845532     
           4           9  -2.0966138494087999E-007
           4          10   3.7895866301968263E-012
           4          11   1.7507035503219710E-009
           4          12  -8.7904016467786797E-002
           4          13   4.0218927782592356E-007
           4          14  -1.5203840815652558E-011
           4          15  -9.7304103451350380E-010
           4          16   5.6387318854653062E-002
           4          17  -2.2652068913349396E-007
           4          18   1.2423251987785080E-012
           4          19   3.8383985638875675E-013
           4          20   6.7267163120293647E-013
           4          21  -1.3091583804696324E-013
           4          22   8.5723076634465734E-013
           4          23  -2.7911440384875848E-013
           4          24   1.3985658760792865E-012
           4          25   1.1433203319240265E-013
           4          26  -4.6899100666068193E-013
           4          27  -2.9485624213972287E-013
           4          28  -1.4810897420664929E-012
           4          29  -4.7589540615655019E-013
           5           1   4.2981709478685426E-013
           5           2  -7.8701329159078686E-013
           5           3   9.3175649178030229E-011
           5           4   7.1730278459303017E-008
           5           5   2.2482997460173890     
           5           6   5.6973310320270545E-012
           5           7  -2.5114386527322280E-010
           5           8  -2.0966159073466787E-007
           5           9 -0.73490427832393868     
           5          10   2.0271457830285554E-011
           5          11   4.9105088127046346E-010
           5          12   4.0219411990667586E-007
           5          13  -8.7667384881991300E-002
           5          14  -4.5702398515597201E-011
           5          15  -2.7266818364035251E-010
           5          16  -2.2653439031251709E-007
           5          17   5.6254053369207468E-002
           5          18   1.8755995650515573E-012
           5          19  -3.3794218705473926E-013
           5          20  -1.3789251723679245E-012
           5          21  -5.4427632641714757E-013
           5          22   1.4727975155033804E-012
           5          23   9.0227839039508584E-013
           5          24   2.0891912506724496E-012
           5          25  -5.2655980496318830E-013
           5          26  -1.6528874867258363E-012
           5          27  -3.2265287667021704E-013
           5          28   1.1773483683903462E-012
           5          29  -2.3336437504921348E-012
           6           1  0.35543385586226495     
           6           2 -0.61806796577082301     
           6           3  -4.9577811130181278E-013
           6           4   1.3483969913890366E-012
           6           5   5.6973310320270545E-012
           6           6   1.5692042587285515     
           6           7   2.5719660418519047E-014
           6           8  -5.8133192044658218E-012
           6           9  -1.6199336694797542E-011
           6          10  0.12888503030581350     
           6          11  -3.5223401307434844E-013
           6          12  -3.8987879987273552E-011
           6          13  -1.1145911688927602E-010
           6          14 -0.28401840397057848     
           6          15   9.1661871799263946E-013
           6          16   1.4692577734279653E-010
           6          17   4.1930073867951749E-010
           6          18  0.12329577646972456     
           6          19   4.7035670649139378E-009
           6          20  0.10793759862632102     
           6          21   1.3328359180052768E-009
           6          22   9.6944167002323787E-007
           6          23  0.10843156496392092     
           6          24   6.8356554932034796E-002
           6          25   3.1815164987159536E-009
           6          26   5.7967399244323765E-002
           6          27   9.0304160826258576E-010
           6          28   6.2438953265670109E-007
           6          29   5.8285548748243696E-002
           7           1  -5.5612025122145403E-014
           7           2  -2.3875392622193751E-014
           7           3 -0.73815395692328667     
           7           4  -8.9858659632794420E-010
           7           5  -2.5114386527322280E-010
           7           6   2.5719660418519047E-014
           7           7   2.1869743295396695     
           7           8   2.6086404737918051E-009
           7           9   7.3328872419296606E-010
           7          10  -1.0970442375670754E-013
           7          11  0.17585067366160387     
           7          12  -4.8675336726275095E-009
           7          13  -1.3977081713885259E-009
           7          14   8.9316930075427688E-014
           7          15 -0.12009372480978178     
           7          16   2.6868329368957965E-009
           7          17   8.4671400872672692E-010
           7          18   2.6167710180376870E-014
           7          19  -1.1077510361694139E-012
           7          20  -1.4743014753365051E-014
           7          21  -3.0658186605094048E-012
           7          22   3.9924087446242355E-014
           7          23  -2.4013721813481887E-015
           7          24   1.7522209026503704E-014
           7          25   5.0413682200004149E-013
           7          26  -8.5518860662749674E-015
           7          27   1.4075784293060309E-012
           7          28   8.2413360631993680E-014
           7          29   2.6422923509983133E-014
           8           1  -5.3296521583116019E-013
           8           2   1.4387819544349042E-012
           8           3  -8.9848650178002504E-010
           8           4 -0.73478092024845532     
           8           5  -2.0966159073466787E-007
           8           6  -5.8133192044658218E-012
           8           7   2.6086404737918051E-009
           8           8   2.1771401343243788     
           8           9   6.1148066455032000E-007
           8          10  -1.1137713025937773E-011
           8          11  -4.8698417691129890E-009
           8          12  0.19421468443848852     
           8          13  -1.1213490202081383E-006
           8          14   4.2531601361156065E-011
           8          15   2.6994605812105641E-009
           8          16 -0.13027349472177732     
           8          17   6.3059383869421638E-007
           8          18  -2.7872516914528195E-012
           8          19  -1.1931882047364603E-012
           8          20  -1.1218835908614711E-012
           8          21   1.3728453416749269E-013
           8          22  -2.3236790181595066E-012
           8          23   1.4483416853503018E-012
           8          24  -3.7206083490280483E-012
           8          25  -7.0467192008431923E-013
           8          26   1.6039394763545664E-012
           8          27   6.6657279106481114E-013
           8          28   3.0584986124157354E-012
           8          29   1.4429183514047521E-012
           9           1  -1.1469021875365059E-012
           9           2   2.0051959311371406E-012
           9           3  -2.5117012421831082E-010
           9           4  -2.0966138494087999E-007
           9           5 -0.73490427832393868     
           9           6  -1.6199336694797542E-011
           9           7   7.3328872419296606E-010
           9           8   6.1148066455032000E-007
           9           9   2.1774999095702001     
           9          10  -5.6052828501740573E-011
           9          11  -1.3665635394209199E-009
           9          12  -1.1213649618671314E-006
           9          13  0.19355492795548956     
           9          14   1.2611530016163836E-010
           9          15   7.5668724289123799E-010
           9          16   6.3064247120184039E-007
           9          17 -0.12990250265041428     
           9          18  -5.2392676270522852E-012
           9          19   8.0310203003994093E-013
           9          20   4.0882911923073249E-012
           9          21   1.4867395785970621E-012
           9          22  -3.9590152332559680E-012
           9          23  -1.8793864843604914E-012
           9          24  -5.5884437558981170E-012
           9          25   1.3577929953683651E-012
           9          26   4.9550744065123000E-012
           9          27   8.3529787148368629E-013
           9          28  -3.5443141777156330E-012
           9          29   5.8387676408013304E-012
          10           1   1.1061676746963209E-002
          10           2   1.0322708987606326E-002
          10           3   4.7982214250699434E-014
          10           4   3.7895866301968263E-012
          10           5   2.0271457830285554E-011
          10           6  0.12888503030581350     
          10           7  -1.0970442375670754E-013
          10           8  -1.1137713025937773E-011
          10           9  -5.6052828501740573E-011
          10          10  0.33719811427630886     
          10          11  -8.4997693617642270E-013
          10          12  -9.4831201646902374E-011
          10          13  -4.9309100226760316E-010
          10          14 -0.85247621053662970     
          10          15   2.2463143909865894E-012
          10          16   3.5520269266441515E-010
          10          17   1.8424911896383894E-009
          10          18   9.4003461351694912E-004
          10          19   8.6040219654114254E-010
          10          20  -1.8689759999457032E-003
          10          21   2.5185290864601458E-010
          10          22   6.5566147272545540E-010
          10          23  -1.8686420106872742E-003
          10          24   1.0262153826313711E-002
          10          25   9.4316482809676917E-010
          10          26   7.1828588317854646E-003
          10          27   2.7934463853825934E-010
          10          28  -7.3425394052627623E-008
          10          29   7.1454458326812593E-003
          11           1  -2.3828841211059355E-014
          11           2   1.1073606157737050E-013
          11           3  -8.1304637422473722E-002
          11           4   1.7507035503219710E-009
          11           5   4.9105088127046346E-010
          11           6  -3.5223401307434844E-013
          11           7  0.17585067366160387     
          11           8  -4.8698417691129890E-009
          11           9  -1.3665635394209199E-009
          11          10  -8.4997693617642270E-013
          11          11  0.13317212499565631     
          11          12  -2.2344836152701390E-009
          11          13  -5.5991428380602945E-010
          11          14   2.0176212429696485E-012
          11          15 -0.40643768920230278     
          11          16   1.9576448552228454E-009
          11          17   2.8929428314809119E-010
          11          18   2.1065739593331699E-013
          11          19   2.5354525671709640E-012
          11          20  -1.0637683402725726E-013
          11          21   6.0630637268490047E-012
          11          22  -4.6540599503437912E-014
          11          23  -1.0635895192498771E-013
          11          24   2.7294832142294752E-013
          11          25   1.7098529911713238E-012
          11          26  -1.7314959823766179E-013
          11          27   3.7954534188595805E-012
          11          28  -4.3931233705090788E-014
          11          29  -1.6927352194425644E-013
          12           1  -3.2681510695890164E-012
          12           2   5.7233984542155527E-012
          12           3   1.7497902085322116E-009
          12           4  -8.7904016467786797E-002
          12           5   4.0219411990667586E-007
          12           6  -3.8987879987273552E-011
          12           7  -4.8675336726275095E-009
          12           8  0.19421468443848852     
          12           9  -1.1213649618671314E-006
          12          10  -9.4831201646902374E-011
          12          11  -2.2344836152701390E-009
          12          12  0.14163986836950193     
          12          13  -5.1501625649796319E-007
          12          14   3.7234590300087467E-010
          12          15   1.9940335631933015E-009
          12          16 -0.41398046837645175     
          12          17   4.1985605728593195E-007
          12          18  -8.3030866655183037E-012
          12          19  -9.7290316835725000E-012
          12          20  -2.8237760654173009E-012
          12          21   8.8495122194965990E-013
          12          22   1.2674201496344316E-011
          12          23  -2.9630983059368255E-012
          12          24  -2.7217889386161207E-011
          12          25  -6.5287517611402979E-012
          12          26  -7.7426519121752939E-012
          12          27   6.3433239815188573E-012
          12          28   2.0734934947257376E-011
          12          29  -5.2655257697660983E-012
          13           1  -5.4593499976692500E-012
          13           2  -3.6217682840385101E-013
          13           3   5.0208553669174186E-010
          13           4   4.0218927782592356E-007
          13           5  -8.7667384881991300E-002
          13           6  -1.1145911688927602E-010
          13           7  -1.3977081713885259E-009
          13           8  -1.1213490202081383E-006
          13           9  0.19355492795548956     
          13          10  -4.9309100226760316E-010
          13          11  -5.5991428380602945E-010
          13          12  -5.1501625649796319E-007
          13          13  0.14133679375605041     
          13          14   1.1161478166688024E-009
          13          15   5.2281750504769990E-010
          13          16   4.1975916973244596E-007
          13          17 -0.41373334307922782     
          13          18  -4.6287234834129051E-012
          13          19   7.5152352072589875E-012
          13          20  -1.3998223231756141E-012
          13          21   1.3683850430923901E-011
          13          22  -2.2102117768782719E-011
          13          23  -2.0350819124674404E-013
          13          24  -3.4761884147322353E-011
          13          25   1.2372019675374747E-011
          13          26   1.0228559036916093E-012
          13          27   7.1865332901599147E-012
          13          28  -3.3415537072707355E-011
          13          29  -4.8063800535110885E-012
          14           1  -1.6022828990339275E-002
          14           2   4.8773864170894490E-003
          14           3  -8.2134080333555795E-014
          14           4  -1.5203840815652558E-011
          14           5  -4.5702398515597201E-011
          14           6 -0.28401840397057848     
          14           7   8.9316930075427688E-014
          14           8   4.2531601361156065E-011
          14           9   1.2611530016163836E-010
          14          10 -0.85247621053662970     
          14          11   2.0176212429696485E-012
          14          12   3.7234590300087467E-010
          14          13   1.1161478166688024E-009
          14          14   2.1574569801707275     
          14          15  -5.2922100008243167E-012
          14          16  -1.3930457473981360E-009
          14          17  -4.1704942709630627E-009
          14          18  -4.4391320050997992E-004
          14          19  -2.0775421345321338E-009
          14          20   6.3388156196333978E-003
          14          21  -6.0990195442808759E-010
          14          22   4.2113318698999497E-008
          14          23   6.3602739761072502E-003
          14          24  -2.5466836739880129E-002
          14          25  -2.3327382974289814E-009
          14          26  -1.7850810234902113E-002
          14          27  -6.9218448225035084E-010
          14          28   2.1312999015977735E-007
          14          29  -1.7742212627748971E-002
          15           1   8.6779705632598951E-014
          15           2  -1.1389710109239960E-013
          15           3   5.2719019859351970E-002
          15           4  -9.7304103451350380E-010
          15           5  -2.7266818364035251E-010
          15           6   9.1661871799263946E-013
          15           7 -0.12009372480978178     
          15           8   2.6994605812105641E-009
          15           9   7.5668724289123799E-010
          15          10   2.2463143909865894E-012
          15          11 -0.40643768920230278     
          15          12   1.9940335631933015E-009
          15          13   5.2281750504769990E-010
          15          14  -5.2922100008243167E-012
          15          15   1.4846229043687549     
          15          16  -1.5559489751219085E-009
          15          17  -2.8410287505383128E-010
          15          18  -7.8359532712550919E-013
          15          19  -1.3047523332267670E-012
          15          20   3.6510860905242910E-013
          15          21  -1.9230606081194094E-012
          15          22   9.0030105120589023E-014
          15          23   3.7886560639294697E-013
          15          24  -1.1087804167508584E-012
          15          25  -9.8652784591768839E-013
          15          26   6.0423907899692605E-013
          15          27  -3.9353409982047958E-013
          15          28   1.1760502176596627E-013
          15          29   6.0062105370118191E-013
          16           1   1.2332312755819453E-011
          16           2  -2.2022461376547818E-011
          16           3  -9.6813750010420383E-010
          16           4   5.6387318854653062E-002
          16           5  -2.2653439031251709E-007
          16           6   1.4692577734279653E-010
          16           7   2.6868329368957965E-009
          16           8 -0.13027349472177732     
          16           9   6.3064247120184039E-007
          16          10   3.5520269266441515E-010
          16          11   1.9576448552228454E-009
          16          12 -0.41398046837645175     
          16          13   4.1975916973244596E-007
          16          14  -1.3930457473981360E-009
          16          15  -1.5559489751219085E-009
          16          16   1.4905833055409718     
          16          17  -3.1630946530986601E-007
          16          18   3.1037675465893097E-011
          16          19   3.6384566015051250E-011
          16          20   1.8099966728043046E-011
          16          21  -3.2922114012340014E-012
          16          22  -2.5735717172646523E-011
          16          23   3.7069608053815937E-012
          16          24   1.0163990043047696E-010
          16          25   2.4442020340544550E-011
          16          26   3.3977078393131411E-011
          16          27  -2.3688690071306256E-011
          16          28  -6.2870379213235508E-011
          16          29   1.4672617316754448E-011
          17           1   2.0800676776592054E-011
          17           2  -5.4773393361904384E-014
          17           3  -3.0436557015969385E-010
          17           4  -2.2652068913349396E-007
          17           5   5.6254053369207468E-002
          17           6   4.1930073867951749E-010
          17           7   8.4671400872672692E-010
          17           8   6.3059383869421638E-007
          17           9 -0.12990250265041428     
          17          10   1.8424911896383894E-009
          17          11   2.8929428314809119E-010
          17          12   4.1985605728593195E-007
          17          13 -0.41373334307922782     
          17          14  -4.1704942709630627E-009
          17          15  -2.8410287505383128E-010
          17          16  -3.1630946530986601E-007
          17          17   1.4903970716459871     
          17          18   1.7960150937375259E-011
          17          19  -2.8077201018135229E-011
          17          20  -1.3230288873669052E-011
          17          21  -5.1003934200345213E-011
          17          22   9.0915396650004677E-011
          17          23   1.9317805645366789E-011
          17          24   1.3017295938131662E-010
          17          25  -4.6217264909252013E-011
          17          26  -1.6503471066082986E-011
          17          27  -2.6756258484870775E-011
          17          28   1.3045104087277729E-010
          17          29   3.0220646798376191E-011
          18           1  -7.0670556706089044E-002
          18           2  -8.7249171475626913E-002
          18           3   2.1456343508576384E-013
          18           4   1.2423251987785080E-012
          18           5   1.8755995650515573E-012
          18           6  0.12329577646972456     
          18           7   2.6167710180376870E-014
          18           8  -2.7872516914528195E-012
          18           9  -5.2392676270522852E-012
          18          10   9.4003461351694912E-004
          18          11   2.1065739593331699E-013
          18          12  -8.3030866655183037E-012
          18          13  -4.6287234834129051E-012
          18          14  -4.4391320050997992E-004
          18          15  -7.8359532712550919E-013
          18          16   3.1037675465893097E-011
          18          17   1.7960150937375259E-011
          18          18   1.6548661687290647E-002
          18          19  -2.3105548689888946E-007
          18          20   8.7785056275412852E-003
          18          21  -6.8869550518837356E-008
          18          22   2.5389153790031207E-005
          18          23   2.1715213925957762E-002
          18          24   6.9190021000695347E-003
          18          25  -1.5394001383513344E-007
          18          26   1.6712673919466597E-003
          18          27  -4.5870303933631935E-008
          18          28   1.7206389512864302E-005
          18          29   1.0438556123010617E-002
          19           1   4.6586355700940844E-010
          19           2  -1.7829113615892173E-009
          19           3   5.2422699582126456E-013
          19           4   3.8383985638875675E-013
          19           5  -3.3794218705473926E-013
          19           6   4.7035670649139378E-009
          19           7  -1.1077510361694139E-012
          19           8  -1.1931882047364603E-012
          19           9   8.0310203003994093E-013
          19          10   8.6040219654114254E-010
          19          11   2.5354525671709640E-012
          19          12  -9.7290316835725000E-012
          19          13   7.5152352072589875E-012
          19          14  -2.0775421345321338E-009
          19          15  -1.3047523332267670E-012
          19          16   3.6384566015051250E-011
          19          17  -2.8077201018135229E-011
          19          18  -2.3105548689888946E-007
          19          19  0.50812194540938849     
          19          20   1.1443283262776545E-007
          19          21   3.6773848325611983E-007
          19          22   4.9354379438082459E-010
          19          23   1.1747289134047925E-007
          19          24  -1.5371276330502645E-007
          19          25  0.33858200315604547     
          19          26   7.5118833962352541E-008
          19          27  -9.6547812233111056E-008
          19          28  -1.1625424166942407E-010
          19          29   7.9832547298590584E-008
          20           1  -7.2191770216551196E-002
          20           2  -8.1427451552227609E-002
          20           3   2.3016801741588594E-013
          20           4   6.7267163120293647E-013
          20           5  -1.3789251723679245E-012
          20           6  0.10793759862632102     
          20           7  -1.4743014753365051E-014
          20           8  -1.1218835908614711E-012
          20           9   4.0882911923073249E-012
          20          10  -1.8689759999457032E-003
          20          11  -1.0637683402725726E-013
          20          12  -2.8237760654173009E-012
          20          13  -1.3998223231756141E-012
          20          14   6.3388156196333978E-003
          20          15   3.6510860905242910E-013
          20          16   1.8099966728043046E-011
          20          17  -1.3230288873669052E-011
          20          18   8.7785056275412852E-003
          20          19   1.1443283262776545E-007
          20          20  0.39733293781653117     
          20          21   3.3249672058837858E-008
          20          22  -1.2369285059234753E-005
          20          23 -0.36184284341240058     
          20          24   9.2713953409512447E-004
          20          25   7.4891026693329244E-008
          20          26  0.26427489756781092     
          20          27   2.2530699691379766E-008
          20          28  -8.2907698082298704E-006
          20          29 -0.25021881480863623     
          21           1   1.3178882571793379E-010
          21           2  -5.0393214266096926E-010
          21           3   1.2592657687041223E-012
          21           4  -1.3091583804696324E-013
          21           5  -5.4427632641714757E-013
          21           6   1.3328359180052768E-009
          21           7  -3.0658186605094048E-012
          21           8   1.3728453416749269E-013
          21           9   1.4867395785970621E-012
          21          10   2.5185290864601458E-010
          21          11   6.0630637268490047E-012
          21          12   8.8495122194965990E-013
          21          13   1.3683850430923901E-011
          21          14  -6.0990195442808759E-010
          21          15  -1.9230606081194094E-012
          21          16  -3.2922114012340014E-012
          21          17  -5.1003934200345213E-011
          21          18  -6.8869550518837356E-008
          21          19   3.6773848325611983E-007
          21          20   3.3249672058837858E-008
          21          21  0.50833830895727394     
          21          22   1.7079874957489725E-009
          21          23   3.5859579655027307E-008
          21          24  -4.5805501788946290E-008
          21          25  -9.6547809044484298E-008
          21          26   2.2595430017207699E-008
          21          27  0.33852519805808190     
          21          28  -4.3670476455053671E-010
          21          29   2.3560737090881415E-008
          22           1   1.0106463646629268E-007
          22           2  -3.9558063422657583E-007
          22           3  -1.2002153196595096E-014
          22           4   8.5723076634465734E-013
          22           5   1.4727975155033804E-012
          22           6   9.6944167002323787E-007
          22           7   3.9924087446242355E-014
          22           8  -2.3236790181595066E-012
          22           9  -3.9590152332559680E-012
          22          10   6.5566147272545540E-010
          22          11  -4.6540599503437912E-014
          22          12   1.2674201496344316E-011
          22          13  -2.2102117768782719E-011
          22          14   4.2113318698999497E-008
          22          15   9.0030105120589023E-014
          22          16  -2.5735717172646523E-011
          22          17   9.0915396650004677E-011
          22          18   2.5389153790031207E-005
          22          19   4.9354379438082459E-010
          22          20  -1.2369285059234753E-005
          22          21   1.7079874957489725E-009
          22          22  0.50191544924514664     
          22          23  -1.2822598802771143E-005
          22          24   1.7253598839886589E-005
          22          25  -1.1624912468905653E-010
          22          26  -8.2450909081457334E-006
          22          27  -4.3671583531541283E-010
          22          28  0.34017950571499739     
          22          29  -8.7350568501969118E-006
          23           1  -7.2140274053173886E-002
          23           2  -8.1629014472626438E-002
          23           3   1.9633062365570104E-013
          23           4  -2.7911440384875848E-013
          23           5   9.0227839039508584E-013
          23           6  0.10843156496392092     
          23           7  -2.4013721813481887E-015
          23           8   1.4483416853503018E-012
          23           9  -1.8793864843604914E-012
          23          10  -1.8686420106872742E-003
          23          11  -1.0635895192498771E-013
          23          12  -2.9630983059368255E-012
          23          13  -2.0350819124674404E-013
          23          14   6.3602739761072502E-003
          23          15   3.7886560639294697E-013
          23          16   3.7069608053815937E-012
          23          17   1.9317805645366789E-011
          23          18   2.1715213925957762E-002
          23          19   1.1747289134047925E-007
          23          20 -0.36184284341240058     
          23          21   3.5859579655027307E-008
          23          22  -1.2822598802771143E-005
          23          23  0.38449674577795157     
          23          24   9.7184831736473933E-003
          23          25   7.9604983242700862E-008
          23          26 -0.25019553977772263     
          23          27   2.3496110882237714E-008
          23          28  -8.7807357586283400E-006
          23          29  0.25559961217565075     
          24           1  -2.1368547166521114E-003
          24           2  -6.5345268100015716E-002
          24           3   2.1792974455477690E-013
          24           4   1.3985658760792865E-012
          24           5   2.0891912506724496E-012
          24           6   6.8356554932034796E-002
          24           7   1.7522209026503704E-014
          24           8  -3.7206083490280483E-012
          24           9  -5.5884437558981170E-012
          24          10   1.0262153826313711E-002
          24          11   2.7294832142294752E-013
          24          12  -2.7217889386161207E-011
          24          13  -3.4761884147322353E-011
          24          14  -2.5466836739880129E-002
          24          15  -1.1087804167508584E-012
          24          16   1.0163990043047696E-010
          24          17   1.3017295938131662E-010
          24          18   6.9190021000695347E-003
          24          19  -1.5371276330502645E-007
          24          20   9.2713953409512447E-004
          24          21  -4.5805501788946290E-008
          24          22   1.7253598839886589E-005
          24          23   9.7184831736473933E-003
          24          24   7.3739008797514905E-003
          24          25  -1.0239002683889773E-007
          24          26   3.2673003694512078E-003
          24          27  -3.0502732438477497E-008
          24          28   1.1693109351905543E-005
          24          29   9.2253699555050368E-003
          25           1   4.5125929631453213E-010
          25           2  -1.6230728638712774E-009
          25           3  -2.1565079277393117E-013
          25           4   1.1433203319240265E-013
          25           5  -5.2655980496318830E-013
          25           6   3.1815164987159536E-009
          25           7   5.0413682200004149E-013
          25           8  -7.0467192008431923E-013
          25           9   1.3577929953683651E-012
          25          10   9.4316482809676917E-010
          25          11   1.7098529911713238E-012
          25          12  -6.5287517611402979E-012
          25          13   1.2372019675374747E-011
          25          14  -2.3327382974289814E-009
          25          15  -9.8652784591768839E-013
          25          16   2.4442020340544550E-011
          25          17  -4.6217264909252013E-011
          25          18  -1.5394001383513344E-007
          25          19  0.33858200315604547     
          25          20   7.4891026693329244E-008
          25          21  -9.6547809044484298E-008
          25          22  -1.1624912468905653E-010
          25          23   7.9604983242700862E-008
          25          24  -1.0239002683889773E-007
          25          25  0.22561074934268890     
          25          26   4.9151499136072916E-008
          25          27  -2.9181151608123444E-007
          25          28  -3.7914789073250109E-010
          25          29   5.4114233463513563E-008
          26           1  -3.6099723977376873E-003
          26           2  -6.0046919031567572E-002
          26           3   7.0494510884255046E-014
          26           4  -4.6899100666068193E-013
          26           5  -1.6528874867258363E-012
          26           6   5.7967399244323765E-002
          26           7  -8.5518860662749674E-015
          26           8   1.6039394763545664E-012
          26           9   4.9550744065123000E-012
          26          10   7.1828588317854646E-003
          26          11  -1.7314959823766179E-013
          26          12  -7.7426519121752939E-012
          26          13   1.0228559036916093E-012
          26          14  -1.7850810234902113E-002
          26          15   6.0423907899692605E-013
          26          16   3.3977078393131411E-011
          26          17  -1.6503471066082986E-011
          26          18   1.6712673919466597E-003
          26          19   7.5118833962352541E-008
          26          20  0.26427489756781092     
          26          21   2.2595430017207699E-008
          26          22  -8.2450909081457334E-006
          26          23 -0.25019553977772263     
          26          24   3.2673003694512078E-003
          26          25   4.9151499136072916E-008
          26          26  0.18119788381460880     
          26          27   1.5315841752988377E-008
          26          28  -5.5250092624159020E-006
          26          29 -0.16745871812341789     
          27           1   1.2771553185805129E-010
          27           2  -4.5871856004113144E-010
          27           3  -7.1667028526376788E-013
          27           4  -2.9485624213972287E-013
          27           5  -3.2265287667021704E-013
          27           6   9.0304160826258576E-010
          27           7   1.4075784293060309E-012
          27           8   6.6657279106481114E-013
          27           9   8.3529787148368629E-013
          27          10   2.7934463853825934E-010
          27          11   3.7954534188595805E-012
          27          12   6.3433239815188573E-012
          27          13   7.1865332901599147E-012
          27          14  -6.9218448225035084E-010
          27          15  -3.9353409982047958E-013
          27          16  -2.3688690071306256E-011
          27          17  -2.6756258484870775E-011
          27          18  -4.5870303933631935E-008
          27          19  -9.6547812233111056E-008
          27          20   2.2530699691379766E-008
          27          21  0.33852519805808190     
          27          22  -4.3671583531541283E-010
          27          23   2.3496110882237714E-008
          27          24  -3.0502732438477497E-008
          27          25  -2.9181151608123444E-007
          27          26   1.5315841752988377E-008
          27          27  0.22543905840079495     
          27          28  -1.3577147192095334E-009
          27          29   1.5435052576289218E-008
          28           1   9.5845666068783512E-008
