           1           1   2.1818152068180234     
           1           2 -0.70657893852055542     
           1           3   8.9657537713832220E-014
           1           4  -2.6257276492786310E-014
           1           5  -3.1547269471451393E-014
           1           6  0.11151253761308791     
           1           7  -2.7369054924857248E-013
           1           8   5.7615602564112081E-014
           1           9   1.4553955915633784E-014
           1          10   7.3668991741856604E-003
           1          11  -1.2077726096850385E-013
           1          12   2.4838258626767066E-014
           1          13   5.0875484262631585E-014
           1          14  -2.8803671684072244E-003
           1          15   1.4256498834976246E-013
           1          16   3.5451395584685598E-016
           1          17  -2.9855828205802512E-014
           1          18   6.3858723876462450E-002
           1          19   1.0538403785906762E-013
           1          20   6.6227672056747622E-002
           1          21  -1.1711759319588917E-013
           1          22  -3.6957034177373139E-014
           1          23   6.5512275472536283E-002
           1          24   2.9967405100948322E-003
           1          25  -7.1399034455031518E-014
           1          26   3.7961295432615430E-003
           1          27   1.0830933174061266E-014
           1          28  -5.9326421022480660E-014
           1          29   3.6339788024694784E-003
           2           1 -0.70657893852055542     
           2           2   2.7717668816205983     
           2           3  -3.2543963806432067E-013
           2           4   8.3347911923032422E-014
           2           5   1.0488379726643946E-013
           2           6   5.9312506170041385E-002
           2           7   1.0510703809729542E-012
           2           8  -2.2145649571547221E-013
           2           9  -3.9922772287725253E-014
           2          10  -7.7646869324819873E-003
           2          11   4.5606807305043950E-013
           2          12  -9.4112414426155873E-014
           2          13  -2.1464826178282480E-013
           2          14   2.9075612213802192E-003
           2          15  -5.4189432976336227E-013
           2          16  -3.6944147721852685E-015
           2          17   1.2006197638305542E-013
           2          18 -0.50402678138166201     
           2          19  -3.9705562463172027E-013
           2          20 -0.51351747560094718     
           2          21   4.3393622962711431E-013
           2          22   1.2879262062660762E-013
           2          23 -0.51059323064378703     
           2          24  -6.0136623223697186E-002
           2          25   2.6062822274354813E-013
           2          26  -6.3065167362165386E-002
           2          27  -2.4290506406620859E-014
           2          28   2.1350578905049822E-013
           2          29  -6.2495317119931129E-002
           3           1   8.9657537713832220E-014
           3           2  -3.2543963806432067E-013
           3           3   2.2626357201643548     
           3           4   5.9301384358329756E-015
           3           5   2.3133450851005306E-014
           3           6   5.0233318891105003E-013
           3           7 -0.77526590583350252     
           3           8   2.9123355825802051E-014
           3           9  -5.8160044033992054E-015
           3          10   2.3521601331597592E-014
           3          11   3.9605073355112999E-002
           3          12   2.8732672148291477E-015
           3          13   5.1387126372015678E-016
           3          14  -7.6111352561860194E-015
           3          15  -2.4533525907535759E-002
           3          16  -2.5213392247597830E-015
           3          17  -1.6940654693075102E-016
           3          18   1.1645663420716068E-013
           3          19  -8.0840898041948917E-015
           3          20   1.3811252008463148E-013
           3          21   1.1516162323920188E-014
           3          22  -1.0914056485412549E-014
           3          23   1.2320980594456414E-013
           3          24   1.4318236052958462E-014
           3          25   1.9807274762879138E-016
           3          26   2.1231557000994740E-014
           3          27   1.5756822012307271E-015
           3          28  -1.0808090963562985E-015
           3          29   1.4432415030100994E-014
           4           1  -2.6257276492786310E-014
           4           2   8.3347911923032422E-014
           4           3   5.9301384358329756E-015
           4           4   2.2628101497606981     
           4           5  -4.1574752709590958E-014
           4           6  -1.3068586071946516E-013
           4           7   2.8884745910909441E-014
           4           8 -0.77584219940789934     
           4           9   4.8023136293654574E-014
           4          10  -6.9388015212076794E-015
           4          11  -5.2696519376226081E-016
           4          12   4.1313952116144519E-002
           4          13   7.6306118689409132E-017
           4          14   2.7274738317491411E-015
           4          15   1.1800930841051163E-016
           4          16  -2.5293825436206993E-002
           4          17  -3.0283792801125147E-016
           4          18  -2.6460582737614085E-014
           4          19  -2.9957901430445113E-014
           4          20  -2.8680977499971615E-014
           4          21   1.7070951921556652E-014
           4          22  -3.3846975778142934E-014
           4          23  -2.3049378855866295E-014
           4          24  -1.2281980955984372E-015
           4          25  -1.4222450012793354E-016
           4          26  -2.2734455971760498E-015
           4          27   1.2831256539490770E-016
           4          28  -1.4415274918750946E-017
           4          29  -3.0916724799375514E-015
           5           1  -3.1547269471451393E-014
           5           2   1.0488379726643946E-013
           5           3   2.3133450851005306E-014
           5           4  -4.1574752709590958E-014
           5           5   2.2627385425892266     
           5           6  -5.6688354083367593E-014
           5           7   1.0835885581937548E-016
           5           8   5.2833365746991728E-014
           5           9 -0.77560548672937457     
           5          10  -5.5814221494292003E-015
           5          11  -3.9128237518312969E-015
           5          12  -1.8616822549638074E-015
           5          13   4.0608552164158200E-002
           5          14   4.8865036709546954E-015
           5          15   5.9754558223410610E-017
           5          16   1.2938150923919066E-015
           5          17  -2.4979614798145790E-002
           5          18  -1.6142463185643406E-014
           5          19   2.0289905990383939E-014
           5          20  -1.8806018632129571E-014
           5          21  -1.0246686858037334E-014
           5          22   2.1149529414766261E-014
           5          23  -2.0647810903296128E-014
           5          24  -2.4063527220067147E-015
           5          25  -9.5337690052298312E-016
           5          26  -2.4349914502707291E-015
           5          27  -1.1081568985529055E-016
           5          28   2.3793025542155375E-015
           5          29   5.4032128839986412E-016
           6           1  0.11151253761308791     
           6           2   5.9312506170041385E-002
           6           3   5.0233318891105003E-013
           6           4  -1.3068586071946516E-013
           6           5  -5.6688354083367593E-014
           6           6  0.72259043543941548     
           6           7  -1.4651314248357724E-012
           6           8   3.1035431048362043E-013
           6           9   6.3418148468589261E-014
           6          10   5.2891630799305263E-002
           6          11  -6.2978217226953002E-013
           6          12   1.4581777971046578E-013
           6          13   3.1084960590984515E-013
           6          14  -2.1090471966403283E-002
           6          15   7.5377304038835664E-013
           6          16  -4.6948313760154870E-016
           6          17  -1.6661364963949917E-013
           6          18  0.15845388518641640     
           6          19   4.6221434043454054E-013
           6          20  0.17514605673193195     
           6          21  -5.4347203928302544E-013
           6          22  -3.0610932612973950E-013
           6          23  0.17030456439427108     
           6          24  -1.4487352568209162E-002
           6          25  -3.6008863575047242E-013
           6          26  -1.1872487435889457E-002
           6          27   3.4319464559169078E-014
           6          28  -2.8598275917200222E-013
           6          29  -1.1667802018562944E-002
           7           1  -2.7369054924857248E-013
           7           2   1.0510703809729542E-012
           7           3 -0.77526590583350252     
           7           4   2.8884745910909441E-014
           7           5   1.0835885581937548E-016
           7           6  -1.4651314248357724E-012
           7           7   2.2874674782152562     
           7           8  -8.1791669014036291E-014
           7           9   1.0849219709760681E-014
           7          10  -8.3798054955664159E-014
           7          11 -0.10085102153235109     
           7          12  -2.7171300818222107E-015
           7          13  -2.2223633268734160E-016
           7          14   3.3131668793688901E-014
           7          15   6.3548007718746524E-002
           7          16  -1.8237281736664142E-015
           7          17  -6.9170324075134918E-016
           7          18  -3.4192882323579169E-013
           7          19   2.6904244356118473E-014
           7          20  -3.8552668263415345E-013
           7          21  -3.4019383299082886E-014
           7          22   5.1763894874445805E-014
           7          23  -3.4736209016900133E-013
           7          24  -3.5920728932059709E-014
           7          25  -2.1718113422534899E-015
           7          26  -4.8856216600099440E-014
           7          27  -2.6187005699861741E-015
           7          28   1.9853077494888472E-015
           7          29  -3.7796389747589243E-014
           8           1   5.7615602564112081E-014
           8           2  -2.2145649571547221E-013
           8           3   2.9123355825802051E-014
           8           4 -0.77584219940789934     
           8           5   5.2833365746991728E-014
           8           6   3.1035431048362043E-013
           8           7  -8.1791669014036291E-014
           8           8   2.2893657048140419     
           8           9  -1.3807537235500753E-013
           8          10   1.5139739449800330E-014
           8          11  -6.8470890230777179E-016
           8          12 -0.10619441192090907     
           8          13   1.8777308118127441E-015
           8          14  -3.6129563896787933E-015
           8          15  -1.7151093925838536E-016
           8          16   6.5957126579295033E-002
           8          17  -1.3609972630441355E-015
           8          18   7.4424483758870364E-014
           8          19   9.9961594288703516E-014
           8          20   7.9658811697293596E-014
           8          21  -5.8124506867058445E-014
           8          22   1.1623199595023670E-013
           8          23   6.3420326151185017E-014
           8          24   7.3399792223546701E-015
           8          25   3.6730068514792750E-015
           8          26   1.0708342345162080E-014
           8          27  -2.8004960463454476E-015
           8          28   4.5138193137496497E-015
           8          29   8.9724621344633421E-015
           9           1   1.4553955915633784E-014
           9           2  -3.9922772287725253E-014
           9           3  -5.8160044033992054E-015
           9           4   4.8023136293654574E-014
           9           5 -0.77560548672937457     
           9           6   6.3418148468589261E-014
           9           7   1.0849219709760681E-014
           9           8  -1.3807537235500753E-013
           9           9   2.2885855734126745     
           9          10  -2.9070669821563188E-015
           9          11   2.9868470756609906E-015
           9          12   8.2533315428002393E-015
           9          13 -0.10398740834885002     
           9          14   4.5065761336304900E-015
           9          15   1.4716284178844854E-015
           9          16  -6.6538768227700272E-015
           9          17   6.4960830469644529E-002
           9          18   7.9238851325885165E-015
           9          19  -5.3530004102279407E-014
           9          20   1.9486564108870814E-014
           9          21   3.6502817442396332E-014
           9          22  -5.7336090833918932E-014
           9          23   1.8678306720901079E-014
           9          24   4.1820616326385998E-015
           9          25  -3.3957952562610562E-015
           9          26   6.8329313607983090E-016
           9          27  -6.0527783547482272E-016
           9          28  -7.0390103048062561E-016
           9          29  -2.0366340374795699E-015
          10           1   7.3668991741856604E-003
          10           2  -7.7646869324819873E-003
          10           3   2.3521601331597592E-014
          10           4  -6.9388015212076794E-015
          10           5  -5.5814221494292003E-015
          10           6   5.2891630799305263E-002
          10           7  -8.3798054955664159E-014
          10           8   1.5139739449800330E-014
          10           9  -2.9070669821563188E-015
          10          10   5.4129424726946252E-003
          10          11  -3.3172789765709695E-014
          10          12   7.7177748518041540E-015
          10          13   1.6485360039604008E-014
          10          14  -2.4094895252983741E-003
          10          15   3.9512192885235383E-014
          10          16  -5.8682809541329114E-017
          10          17  -8.9722924642672619E-015
          10          18   2.4533227757863318E-002
          10          19   4.7493593899300900E-015
          10          20   2.0890320072792162E-002
          10          21  -1.3595966631511154E-014
          10          22  -2.9911974313094387E-014
          10          23   2.7238464839650929E-002
          10          24  -1.7390551363010173E-003
          10          25  -1.9861669161596442E-014
          10          26  -4.0947897940425484E-003
          10          27   4.2438592023292479E-015
          10          28  -1.2190648791414415E-014
          10          29  -4.5635066632063832E-004
          11           1  -1.2077726096850385E-013
          11           2   4.5606807305043950E-013
          11           3   3.9605073355112999E-002
          11           4  -5.2696519376226081E-016
          11           5  -3.9128237518312969E-015
          11           6  -6.2978217226953002E-013
          11           7 -0.10085102153235109     
          11           8  -6.8470890230777179E-016
          11           9   2.9868470756609906E-015
          11          10  -3.3172789765709695E-014
          11          11   9.2862543530158551E-003
          11          12   3.9584587568997504E-017
          11          13  -9.2905705450854270E-017
          11          14   1.0382875183299304E-014
          11          15  -5.0663689013214679E-003
          11          16   1.3240691863072761E-017
          11          17   4.8337188159255879E-017
          11          18  -1.4179973689457605E-013
          11          19   1.7027637085057202E-015
          11          20  -1.6861858288638348E-013
          11          21   3.8933485314557500E-015
          11          22  -3.4648204633703424E-015
          11          23  -1.5602490033229088E-013
          11          24  -1.5204516116895415E-014
          11          25   1.1677697284035129E-015
          11          26  -2.1167748733998010E-014
          11          27   1.2174751382665570E-015
          11          28  -5.3672591424092717E-016
          11          29  -1.7863988641201423E-014
          12           1   2.4838258626767066E-014
          12           2  -9.4112414426155873E-014
          12           3   2.8732672148291477E-015
          12           4   4.1313952116144519E-002
          12           5  -1.8616822549638074E-015
          12           6   1.4581777971046578E-013
          12           7  -2.7171300818222107E-015
          12           8 -0.10619441192090907     
          12           9   8.2533315428002393E-015
          12          10   7.7177748518041540E-015
          12          11   3.9584587568997504E-017
          12          12   9.2860433888874681E-003
          12          13  -7.3098921902483388E-017
          12          14  -2.4643166604734676E-015
          12          15  -1.8563720525261291E-017
          12          16  -5.1043470064785681E-003
          12          17   3.7164614537216615E-017
          12          18   2.7399769574282824E-014
          12          19  -1.1353627268416151E-014
          12          20   3.7913907464365935E-014
          12          21   6.8257085050333315E-015
          12          22  -1.1544819031006933E-014
          12          23   3.7715112797760473E-014
          12          24   3.2581564817674010E-015
          12          25   8.5963966243056127E-016
          12          26   4.6051307126561118E-015
          12          27  -1.6957253397637793E-016
          12          28   1.3582703943635524E-015
          12          29   4.1538521350381381E-015
          13           1   5.0875484262631585E-014
          13           2  -2.1464826178282480E-013
          13           3   5.1387126372015678E-016
          13           4   7.6306118689409132E-017
          13           5   4.0608552164158200E-002
          13           6   3.1084960590984515E-013
          13           7  -2.2223633268734160E-016
          13           8   1.8777308118127441E-015
          13           9 -0.10398740834885002     
          13          10   1.6485360039604008E-014
          13          11  -9.2905705450854270E-017
          13          12  -7.3098921902483388E-017
          13          13   9.2799957518495211E-003
          13          14  -5.2322607674333560E-015
          13          15   5.7677047677682423E-017
          13          16   9.3801255718807024E-017
          13          17  -5.0859096171702953E-003
          13          18   7.0450307423389026E-014
          13          19   2.1602221187791256E-014
          13          20   8.0723894502644159E-014
          13          21  -1.2043627725326611E-014
          13          22   2.2156537488341679E-014
          13          23   7.6973911057091942E-014
          13          24   7.5134552150074039E-015
          13          25   8.1761138577864322E-016
          13          26   9.4592552810229931E-015
          13          27   9.6995297022341702E-016
          13          28  -2.2793596411535940E-016
          13          29   9.0082781358755702E-015
          14           1  -2.8803671684072244E-003
          14           2   2.9075612213802192E-003
          14           3  -7.6111352561860194E-015
          14           4   2.7274738317491411E-015
          14           5   4.8865036709546954E-015
          14           6  -2.1090471966403283E-002
          14           7   3.3131668793688901E-014
          14           8  -3.6129563896787933E-015
          14           9   4.5065761336304900E-015
          14          10  -2.4094895252983741E-003
          14          11   1.0382875183299304E-014
          14          12  -2.4643166604734676E-015
          14          13  -5.2322607674333560E-015
          14          14   1.1100450200016794E-003
          14          15  -1.2267057775510936E-014
          14          16   5.2490355816868538E-017
          14          17   2.8928663211950610E-015
          14          18  -1.1193080004672428E-002
          14          19   2.0306854372799119E-014
          14          20  -1.1006101763428052E-002
          14          21  -5.2489111119521279E-015
          14          22   3.3095425404147076E-014
          14          23  -1.1609369895615101E-002
          14          24   1.1006428673319153E-003
          14          25   8.0814670090849668E-015
          14          26   1.3197946643585140E-003
          14          27  -1.6183876278631177E-015
          14          28   5.6505625223746082E-015
          14          29   9.3803400069972882E-004
          15           1   1.4256498834976246E-013
          15           2  -5.4189432976336227E-013
          15           3  -2.4533525907535759E-002
          15           4   1.1800930841051163E-016
          15           5   5.9754558223410610E-017
          15           6   7.5377304038835664E-013
          15           7   6.3548007718746524E-002
          15           8  -1.7151093925838536E-016
          15           9   1.4716284178844854E-015
          15          10   3.9512192885235383E-014
          15          11  -5.0663689013214679E-003
          15          12  -1.8563720525261291E-017
          15          13   5.7677047677682423E-017
          15          14  -1.2267057775510936E-014
          15          15   2.8252217811449887E-003
          15          16  -2.6694478780312658E-017
          15          17  -1.4522628026592987E-017
          15          18   1.6570388695101843E-013
          15          19   1.6797429243023389E-014
          15          20   2.0045923715923675E-013
          15          21  -1.2662085100731283E-014
          15          22   2.4263770585738517E-014
          15          23   1.8922415427223620E-013
          15          24   1.8245406521619473E-014
          15          25   2.2493530929165701E-016
          15          26   2.4680649205081112E-014
          15          27  -8.2449314891267055E-016
          15          28   1.1287018679220503E-015
          15          29   2.2047856250679100E-014
          16           1   3.5451395584685598E-016
          16           2  -3.6944147721852685E-015
          16           3  -2.5213392247597830E-015
          16           4  -2.5293825436206993E-002
          16           5   1.2938150923919066E-015
          16           6  -4.6948313760154870E-016
          16           7  -1.8237281736664142E-015
          16           8   6.5957126579295033E-002
          16           9  -6.6538768227700272E-015
          16          10  -5.8682809541329114E-017
          16          11   1.3240691863072761E-017
          16          12  -5.1043470064785681E-003
          16          13   9.3801255718807024E-017
          16          14   5.2490355816868538E-017
          16          15  -2.6694478780312658E-017
          16          16   2.8594126169930972E-003
          16          17  -6.1205166957506057E-017
          16          18   2.5500049410640561E-015
          16          19   3.0452638315762713E-015
          16          20  -4.5728215810927220E-016
          16          21   1.4228998380759485E-015
          16          22   9.3586511748190161E-017
          16          23  -9.6067305520118352E-016
          16          24   1.3161970756724486E-016
          16          25   4.2647654563918876E-016
          16          26  -1.8373204460973279E-016
          16          27   4.5256243014101545E-016
          16          28  -2.4109370518736084E-016
          16          29   1.4978519690618837E-016
          17           1  -2.9855828205802512E-014
          17           2   1.2006197638305542E-013
          17           3  -1.6940654693075102E-016
          17           4  -3.0283792801125147E-016
          17           5  -2.4979614798145790E-002
          17           6  -1.6661364963949917E-013
          17           7  -6.9170324075134918E-016
          17           8  -1.3609972630441355E-015
          17           9   6.4960830469644529E-002
          17          10  -8.9722924642672619E-015
          17          11   4.8337188159255879E-017
          17          12   3.7164614537216615E-017
          17          13  -5.0859096171702953E-003
          17          14   2.8928663211950610E-015
          17          15  -1.4522628026592987E-017
          17          16  -6.1205166957506057E-017
          17          17   2.8440388986996977E-003
          17          18  -3.9420302086945131E-014
          17          19  -1.5678264910458692E-014
          17          20  -4.5369311530341270E-014
          17          21   1.0255927970841154E-014
          17          22  -1.5325840177953301E-014
          17          23  -4.1540526869051657E-014
          17          24  -3.8905836200406432E-015
          17          25  -8.8562497920562601E-016
          17          26  -5.5685718447806716E-015
          17          27  -1.3306748138865268E-016
          17          28   4.6833834026258560E-016
          17          29  -4.4539215499122496E-015
          18           1   6.3858723876462450E-002
          18           2 -0.50402678138166201     
          18           3   1.1645663420716068E-013
          18           4  -2.6460582737614085E-014
          18           5  -1.6142463185643406E-014
          18           6  0.15845388518641640     
          18           7  -3.4192882323579169E-013
          18           8   7.4424483758870364E-014
          18           9   7.9238851325885165E-015
          18          10   2.4533227757863318E-002
          18          11  -1.4179973689457605E-013
          18          12   2.7399769574282824E-014
          18          13   7.0450307423389026E-014
          18          14  -1.1193080004672428E-002
          18          15   1.6570388695101843E-013
          18          16   2.5500049410640561E-015
          18          17  -3.9420302086945131E-014
          18          18   1.1648449606931568     
          18          19  -3.0026904888271785E-013
          18          20 -0.19884774887219037     
          18          21   2.1155028136424059E-014
          18          22  -4.1262215398829433E-013
          18          23 -0.34996494889676089     
          18          24   3.6615079466793876E-002
          18          25  -7.6899986691472235E-014
          18          26  -6.9326447889878753E-002
          18          27  -1.0451896300454608E-014
          18          28  -1.3229776371536081E-014
          18          29   3.4765317062406285E-002
          19           1   1.0538403785906762E-013
          19           2  -3.9705562463172027E-013
          19           3  -8.0840898041948917E-015
          19           4  -2.9957901430445113E-014
          19           5   2.0289905990383939E-014
          19           6   4.6221434043454054E-013
          19           7   2.6904244356118473E-014
          19           8   9.9961594288703516E-014
          19           9  -5.3530004102279407E-014
          19          10   4.7493593899300900E-015
          19          11   1.7027637085057202E-015
          19          12  -1.1353627268416151E-014
          19          13   2.1602221187791256E-014
          19          14   2.0306854372799119E-014
          19          15   1.6797429243023389E-014
          19          16   3.0452638315762713E-015
          19          17  -1.5678264910458692E-014
          19          18  -3.0026904888271785E-013
          19          19   1.5555842935575148     
          19          20   8.3679888328541905E-013
          19          21  -7.4885526474054180E-014
          19          22  -4.0766518065399164E-014
          19          23  -2.3418468800279990E-014
          19          24   4.3636564522726831E-014
          19          25  0.34290479011225966     
          19          26   6.0622396627886248E-014
          19          27  -3.7716811470561988E-014
          19          28  -1.1858438456904784E-014
          19          29  -3.8870183485142453E-015
          20           1   6.6227672056747622E-002
          20           2 -0.51351747560094718     
          20           3   1.3811252008463148E-013
          20           4  -2.8680977499971615E-014
          20           5  -1.8806018632129571E-014
          20           6  0.17514605673193195     
          20           7  -3.8552668263415345E-013
          20           8   7.9658811697293596E-014
          20           9   1.9486564108870814E-014
          20          10   2.0890320072792162E-002
          20          11  -1.6861858288638348E-013
          20          12   3.7913907464365935E-014
          20          13   8.0723894502644159E-014
          20          14  -1.1006101763428052E-002
          20          15   2.0045923715923675E-013
          20          16  -4.5728215810927220E-016
          20          17  -4.5369311530341270E-014
          20          18 -0.19884774887219037     
          20          19   8.3679888328541905E-013
          20          20  0.82472474838081344     
          20          21  -5.3458986100211048E-013
          20          22   7.6146005941899284E-013
          20          23   2.8835136746067080E-003
          20          24  -7.3674182244422431E-002
          20          25  -7.7657115511319181E-014
          20          26  0.28659022962076114     
          20          27   1.2608800941370785E-015
          20          28  -7.3773541621735532E-014
          20          29 -0.22134089254735750     
          21           1  -1.1711759319588917E-013
          21           2   4.3393622962711431E-013
          21           3   1.1516162323920188E-014
          21           4   1.7070951921556652E-014
          21           5  -1.0246686858037334E-014
          21           6  -5.4347203928302544E-013
          21           7  -3.4019383299082886E-014
          21           8  -5.8124506867058445E-014
          21           9   3.6502817442396332E-014
          21          10  -1.3595966631511154E-014
          21          11   3.8933485314557500E-015
          21          12   6.8257085050333315E-015
          21          13  -1.2043627725326611E-014
          21          14  -5.2489111119521279E-015
          21          15  -1.2662085100731283E-014
          21          16   1.4228998380759485E-015
          21          17   1.0255927970841154E-014
          21          18   2.1155028136424059E-014
          21          19  -7.4885526474054180E-014
          21          20  -5.3458986100211048E-013
          21          21   1.5521243395980933     
          21          22  -1.8014651322259410E-014
          21          23   3.3195732920907826E-016
          21          24  -4.1977947329102116E-014
          21          25  -3.8297728571375428E-014
          21          26  -3.8835635303615307E-014
          21          27  0.34417701554577979     
          21          28  -9.5283972393579868E-015
          21          29   1.4276087139724490E-014
          22           1  -3.6957034177373139E-014
          22           2   1.2879262062660762E-013
          22           3  -1.0914056485412549E-014
          22           4  -3.3846975778142934E-014
          22           5   2.1149529414766261E-014
          22           6  -3.0610932612973950E-013
          22           7   5.1763894874445805E-014
          22           8   1.1623199595023670E-013
          22           9  -5.7336090833918932E-014
          22          10  -2.9911974313094387E-014
          22          11  -3.4648204633703424E-015
          22          12  -1.1544819031006933E-014
          22          13   2.2156537488341679E-014
          22          14   3.3095425404147076E-014
          22          15   2.4263770585738517E-014
          22          16   9.3586511748190161E-017
          22          17  -1.5325840177953301E-014
          22          18  -4.1262215398829433E-013
          22          19  -4.0766518065399164E-014
          22          20   7.6146005941899284E-013
          22          21  -1.8014651322259410E-014
          22          22   1.5603249174570193     
          22          23  -3.6081770322890584E-013
          22          24   8.1056476371737273E-014
          22          25  -2.0861923463091738E-014
          22          26   3.0295169941548063E-014
          22          27  -1.0340007167785341E-014
          22          28  0.34113141772879668     
          22          29  -5.7190699261719576E-014
          23           1   6.5512275472536283E-002
          23           2 -0.51059323064378703     
          23           3   1.2320980594456414E-013
          23           4  -2.3049378855866295E-014
          23           5  -2.0647810903296128E-014
          23           6  0.17030456439427108     
          23           7  -3.4736209016900133E-013
          23           8   6.3420326151185017E-014
          23           9   1.8678306720901079E-014
          23          10   2.7238464839650929E-002
          23          11  -1.5602490033229088E-013
          23          12   3.7715112797760473E-014
          23          13   7.6973911057091942E-014
          23          14  -1.1609369895615101E-002
          23          15   1.8922415427223620E-013
          23          16  -9.6067305520118352E-016
          23          17  -4.1540526869051657E-014
          23          18 -0.34996494889676089     
          23          19  -2.3418468800279990E-014
          23          20   2.8835136746067080E-003
          23          21   3.3195732920907826E-016
          23          22  -3.6081770322890584E-013
          23          23  0.97091603049790187     
          23          24   3.6140650908651858E-002
          23          25  -1.0643970122565720E-013
          23          26 -0.21542478240661511     
          23          27   3.2666068846791552E-014
          23          28  -1.2549132851228535E-013
          23          29  0.18756942632531565     
          24           1   2.9967405100948322E-003
          24           2  -6.0136623223697186E-002
          24           3   1.4318236052958462E-014
          24           4  -1.2281980955984372E-015
          24           5  -2.4063527220067147E-015
          24           6  -1.4487352568209162E-002
          24           7  -3.5920728932059709E-014
          24           8   7.3399792223546701E-015
          24           9   4.1820616326385998E-015
          24          10  -1.7390551363010173E-003
          24          11  -1.5204516116895415E-014
          24          12   3.2581564817674010E-015
          24          13   7.5134552150074039E-015
          24          14   1.1006428673319153E-003
          24          15   1.8245406521619473E-014
          24          16   1.3161970756724486E-016
          24          17  -3.8905836200406432E-015
          24          18   3.6615079466793876E-002
          24          19   4.3636564522726831E-014
          24          20  -7.3674182244422431E-002
          24          21  -4.1977947329102116E-014
          24          22   8.1056476371737273E-014
          24          23   3.6140650908651858E-002
          24          24   1.2167853609690004E-002
          24          25   3.0899336298500140E-016
          24          26  -3.3021400391041178E-002
          24          27  -8.7528482816335674E-015
          24          28   2.9674124449295581E-014
          24          29   3.1717275633146129E-002
          25           1  -7.1399034455031518E-014
          25           2   2.6062822274354813E-013
          25           3   1.9807274762879138E-016
          25           4  -1.4222450012793354E-016
          25           5  -9.5337690052298312E-016
          25           6  -3.6008863575047242E-013
          25           7  -2.1718113422534899E-015
          25           8   3.6730068514792750E-015
          25           9  -3.3957952562610562E-015
          25          10  -1.9861669161596442E-014
          25          11   1.1677697284035129E-015
          25          12   8.5963966243056127E-016
          25          13   8.1761138577864322E-016
          25          14   8.0814670090849668E-015
          25          15   2.2493530929165701E-016
          25          16   4.2647654563918876E-016
          25          17  -8.8562497920562601E-016
          25          18  -7.6899986691472235E-014
          25          19  0.34290479011225966     
          25          20  -7.7657115511319181E-014
          25          21  -3.8297728571375428E-014
          25          22  -2.0861923463091738E-014
          25          23  -1.0643970122565720E-013
          25          24   3.0899336298500140E-016
          25          25  0.17474887959213009     
          25          26  -6.0460950354598170E-015
          25          27  -1.8188557521024516E-014
          25          28  -8.7703570514927163E-015
          25          29  -1.9700515960398090E-014
          26           1   3.7961295432615430E-003
          26           2  -6.3065167362165386E-002
          26           3   2.1231557000994740E-014
          26           4  -2.2734455971760498E-015
          26           5  -2.4349914502707291E-015
          26           6  -1.1872487435889457E-002
          26           7  -4.8856216600099440E-014
          26           8   1.0708342345162080E-014
          26           9   6.8329313607983090E-016
          26          10  -4.0947897940425484E-003
          26          11  -2.1167748733998010E-014
          26          12   4.6051307126561118E-015
          26          13   9.4592552810229931E-015
          26          14   1.3197946643585140E-003
          26          15   2.4680649205081112E-014
          26          16  -1.8373204460973279E-016
          26          17  -5.5685718447806716E-015
          26          18  -6.9326447889878753E-002
          26          19   6.0622396627886248E-014
          26          20  0.28659022962076114     
          26          21  -3.8835635303615307E-014
          26          22   3.0295169941548063E-014
          26          23 -0.21542478240661511     
          26          24  -3.3021400391041178E-002
          26          25  -6.0460950354598170E-015
          26          26  0.15721481491596442     
          26          27  -2.7015144421577898E-016
          26          28  -1.0368742890828460E-014
          26          29 -0.11945710785803561     
          27           1   1.0830933174061266E-014
          27           2  -2.4290506406620859E-014
          27           3   1.5756822012307271E-015
          27           4   1.2831256539490770E-016
          27           5  -1.1081568985529055E-016
          27           6   3.4319464559169078E-014
          27           7  -2.6187005699861741E-015
          27           8  -2.8004960463454476E-015
          27           9  -6.0527783547482272E-016
          27          10   4.2438592023292479E-015
          27          11   1.2174751382665570E-015
          27          12  -1.6957253397637793E-016
          27          13   9.6995297022341702E-016
          27          14  -1.6183876278631177E-015
          27          15  -8.2449314891267055E-016
          27          16   4.5256243014101545E-016
          27          17  -1.3306748138865268E-016
          27          18  -1.0451896300454608E-014
          27          19  -3.7716811470561988E-014
          27          20   1.2608800941370785E-015
          27          21  0.34417701554577979     
          27          22  -1.0340007167785341E-014
          27          23   3.2666068846791552E-014
          27          24  -8.7528482816335674E-015
          27          25  -1.8188557521024516E-014
          27          26  -2.7015144421577898E-016
          27          27  0.17720833135506125     
          27          28  -3.3284127842415283E-015
          27          29   1.6380561554254990E-014
          28           1  -5.9326421022480660E-014
