           1           1   2.1832766416834990     
           1           2 -0.67941104866388558     
           1           3  -3.6425600085134932E-015
           1           4   2.4371112116056937E-015
           1           5  -3.2380148600760949E-015
           1           6 -0.26203891310682742     
           1           7   6.9647908301222415E-016
           1           8   2.7911020723550641E-015
           1           9   1.2236622447862454E-015
           1          10  -3.6786611155638527E-002
           1          11   5.9424212757007006E-017
           1          12   7.2857531632143723E-016
           1          13  -3.0301315820022448E-015
           1          14   3.8219510407082580E-003
           1          15   1.3138461529696497E-015
           1          16  -2.8200384970283273E-015
           1          17   3.7468224934096035E-015
           1          18  -1.7941770686568336E-002
           1          19  -9.7737120850003954E-006
           1          20  -1.7927587453925791E-002
           1          21   1.8724194120832512E-005
           1          22   8.8787392715319969E-006
           1          23  -1.7938573140330732E-002
           2           1 -0.67941104866388558     
           2           2   2.5197721018770869     
           2           3   1.2120136141228639E-014
           2           4  -1.0002843669726160E-014
           2           5   1.9952064814945753E-014
           2           6   1.2029816990699373     
           2           7   1.0110380257029670E-014
           2           8  -4.7292782987027156E-015
           2           9  -2.1622026190927179E-015
           2          10  0.11349417560415820     
           2          11  -3.8890053560422143E-015
           2          12  -3.0489259332232060E-015
           2          13  -5.6245036567313981E-015
           2          14  -6.6946522518535152E-003
           2          15  -1.3387286931039738E-015
           2          16   4.9664308826756351E-015
           2          17   8.5620840350106040E-016
           2          18  0.13208459864252295     
           2          19   6.4352024824685002E-005
           2          20  0.13199147851920737     
           2          21  -1.2328321785909222E-004
           2          22  -5.8459421836381307E-005
           2          23  0.13206360531536870     
           3           1  -3.6425600085134932E-015
           3           2   1.2120136141228639E-014
           3           3   2.2955845046087608     
           3           4   9.5277877996785803E-004
           3           5  -1.8252945114507037E-003
           3           6  -8.2666793232060354E-015
           3           7 -0.83773332477036000     
           3           8  -3.6474255800290891E-003
           3           9   6.9875883386124812E-003
           3          10   4.1455465490158711E-015
           3          11   8.5169174338467546E-002
           3          12   1.7219454678103645E-002
           3          13  -3.2988325071225053E-002
           3          14  -1.4884615647149684E-015
           3          15  -3.2315296827360770E-002
           3          16  -3.0422909451887463E-003
           3          17   5.8282962229242313E-003
           3          18   6.7120863851914388E-015
           3          19  -9.7107067885884278E-017
           3          20  -2.8593183160452060E-015
           3          21  -1.1550201880893640E-015
           3          22  -1.1079817941639005E-015
           3          23  -3.6479743318551058E-015
           4           1   2.4371112116056937E-015
           4           2  -1.0002843669726160E-014
           4           3   9.5277877996785803E-004
           4           4   2.2940270223487240     
           4           5  -8.6553499003438168E-004
           4           6   2.2142709487682649E-015
           4           7  -3.6474255800300211E-003
           4           8 -0.83177097468939443     
           4           9   3.3134390998020629E-003
           4          10   4.4622380878152967E-016
           4          11   1.7219454678105366E-002
           4          12   5.7020987418759536E-002
           4          13  -1.5642708303006823E-002
           4          14   6.7558031459015823E-016
           4          15  -3.0422909451893587E-003
           4          16  -2.7342144321080036E-002
           4          17   2.7637152696281609E-003
           4          18   1.0726263163379596E-014
           4          19   4.3490678823382996E-015
           4          20  -2.8142074732663000E-015
           4          21  -9.7267515153092811E-016
           4          22  -5.4368948872197617E-016
           4          23  -1.0300161133799894E-014
           5           1  -3.2380148600760949E-015
           5           2   1.9952064814945753E-014
           5           3  -1.8252945114507037E-003
           5           4  -8.6553499003438168E-004
           5           5   2.2952333813540475     
           5           6   8.8884871910150604E-016
           5           7   6.9875883386109087E-003
           5           8   3.3134390998018725E-003
           5           9 -0.83638915551707504     
           5          10  -2.8132500362512317E-015
           5          11  -3.2988325071224039E-002
           5          12  -1.5642708303004276E-002
           5          13   7.8823366579271525E-002
           5          14   2.9190455745230097E-015
           5          15   5.8282962229242842E-003
           5          16   2.7637152696263429E-003
           5          17  -3.1194135103810538E-002
           5          18  -2.8937913519918486E-014
           5          19   6.7638833350166355E-015
           5          20   5.4152728174084006E-015
           5          21  -1.3522623412982063E-015
           5          22   9.4755613115524075E-015
           5          23   2.7914126655180571E-014
           6           1 -0.26203891310682742     
           6           2   1.2029816990699373     
           6           3  -8.2666793232060354E-015
           6           4   2.2142709487682649E-015
           6           5   8.8884871910150604E-016
           6           6   6.0798490009306212     
           6           7   2.3503866323757959E-014
           6           8  -1.6256103396827990E-015
           6           9   2.7950358055149886E-015
           6          10   1.8160621718418422     
           6          11   4.0132614058306120E-015
           6          12  -1.6170599968341400E-015
           6          13  -1.1896931639517370E-014
           6          14 -0.18780431990041133     
           6          15  -3.0771650828104088E-015
           6          16   5.6541590207625024E-015
           6          17  -7.8299900078622406E-015
           6          18   1.3005465013837614     
           6          19  -2.0620599873917597E-003
           6          20   1.3035623638091809     
           6          21   3.9504811956757079E-003
           6          22   1.8732320021492691E-003
           6          23   1.3012264306392904     
           7           1   6.9647908301222415E-016
           7           2   1.0110380257029670E-014
           7           3 -0.83773332477036000     
           7           4  -3.6474255800300211E-003
           7           5   6.9875883386109087E-003
           7           6   2.3503866323757959E-014
           7           7   2.3758522371244801     
           7           8   1.3965658943679599E-002
           7           9  -2.6754836647101807E-002
           7          10   1.0840030945082558E-015
           7          11 -0.27330712985529171     
           7          12  -6.5948183916581207E-002
           7          13  0.12634082609265601     
           7          14  -3.4227157804053425E-015
           7          15   9.5535270093738092E-002
           7          16   1.1630126684026184E-002
           7          17  -2.2280519728649528E-002
           7          18  -2.8835084737000806E-014
           7          19   5.4145413871580090E-016
           7          20   2.3059654409695676E-015
           7          21   5.7257671215382579E-015
           7          22  -8.4013535431562752E-015
           7          23   3.1204428132950496E-014
           8           1   2.7911020723550641E-015
           8           2  -4.7292782987027156E-015
           8           3  -3.6474255800290891E-003
           8           4 -0.83177097468939443     
           8           5   3.3134390998018725E-003
           8           6  -1.6256103396827990E-015
           8           7   1.3965658943679599E-002
           8           8   2.3530229439946915     
           8           9  -1.2686855257928615E-002
           8          10  -3.3238082236272426E-015
           8          11  -6.5948183916576864E-002
           8          12 -0.16550337865637363     
           8          13   5.9909458423888291E-002
           8          14  -1.1900125874410852E-015
           8          15   1.1630126684022944E-002
           8          16   7.6523809747213581E-002
           8          17  -1.0565182385053348E-002
           8          18  -2.1151779410918464E-014
           8          19  -1.0160408354767762E-014
           8          20   8.6589460061554201E-015
           8          21   2.5317920384905992E-015
           8          22   3.0103635109890884E-015
           8          23   2.3685717743768993E-014
           9           1   1.2236622447862454E-015
           9           2  -2.1622026190927179E-015
           9           3   6.9875883386124812E-003
           9           4   3.3134390998020629E-003
           9           5 -0.83638915551707504     
           9           6   2.7950358055149886E-015
           9           7  -2.6754836647101807E-002
           9           8  -1.2686855257928615E-002
           9           9   2.3707055359938987     
           9          10   7.4079841151443846E-015
           9          11  0.12634082609265673     
           9          12   5.9909458423883961E-002
           9          13 -0.24900354388079748     
           9          14  -5.2787863551659422E-015
           9          15  -2.2280519728650749E-002
           9          16  -1.0565182385053010E-002
           9          17   9.1249272103026330E-002
           9          18   6.7158595243023314E-014
           9          19  -1.9607705381499506E-014
           9          20  -1.0552893681717138E-014
           9          21   4.4135525488566570E-015
           9          22  -2.6649992472268207E-014
           9          23  -6.0376701698032986E-014
          10           1  -3.6786611155638527E-002
          10           2  0.11349417560415820     
          10           3   4.1455465490158711E-015
          10           4   4.4622380878152967E-016
          10           5  -2.8132500362512317E-015
          10           6   1.8160621718418422     
          10           7   1.0840030945082558E-015
          10           8  -3.3238082236272426E-015
          10           9   7.4079841151443846E-015
          10          10   1.6597863908319261     
          10          11   1.0121354893993729E-014
          10          12  -1.4487158481623321E-015
          10          13  -1.0410556186461627E-014
          10          14 -0.13712183448093765     
          10          15  -5.2165856151871437E-015
          10          16   7.3903271254116332E-015
          10          17  -1.1728062549031404E-014
          10          18  0.70361398376783180     
          10          19   2.3721907825701566E-004
          10          20  0.70328850066793513     
          10          21  -4.5442029017929767E-004
          10          22  -2.1550219962723226E-004
          10          23  0.70354061831697112     
          11           1   5.9424212757007006E-017
          11           2  -3.8890053560422143E-015
          11           3   8.5169174338467546E-002
          11           4   1.7219454678105366E-002
          11           5  -3.2988325071224039E-002
          11           6   4.0132614058306120E-015
          11           7 -0.27330712985529171     
          11           8  -6.5948183916576864E-002
          11           9  0.12634082609265673     
          11          10   1.0121354893993729E-014
          11          11  0.66545549019354078     
          11          12  0.31148303771812713     
          11          13 -0.59672642917564811     
          11          14  -3.0533275449531930E-016
          11          15 -0.11977788500370458     
          11          16  -5.4708102163057611E-002
          11          17  0.10480753844541392     
          11          18   1.0114097906093370E-013
          11          19  -1.5288256946182888E-014
          11          20  -7.5633418803642763E-015
          11          21   9.5837127195308147E-015
          11          22  -6.7220821682920982E-015
          11          23  -8.5676582971578324E-014
          12           1   7.2857531632143723E-016
          12           2  -3.0489259332232060E-015
          12           3   1.7219454678103645E-002
          12           4   5.7020987418759536E-002
          12           5  -1.5642708303004276E-002
          12           6  -1.6170599968341400E-015
          12           7  -6.5948183916581207E-002
          12           8 -0.16550337865637363     
          12           9   5.9909458423883961E-002
          12          10  -1.4487158481623321E-015
          12          11  0.31148303771812713     
          12          12  0.15628241056276154     
          12          13 -0.28296124304984221     
          12          14  -2.6014369075333662E-016
          12          15  -5.4708102163056639E-002
          12          16  -3.0347998024348656E-002
          12          17   4.9698605440482609E-002
          12          18   3.2137399190945842E-015
          12          19  -2.5025928750404169E-014
          12          20  -8.2962343184155263E-016
          12          21  -1.4198575077350488E-015
          12          22  -3.2524980797744883E-014
          12          23  -2.7546056472721024E-015
          13           1  -3.0301315820022448E-015
          13           2  -5.6245036567313981E-015
          13           3  -3.2988325071225053E-002
          13           4  -1.5642708303006823E-002
          13           5   7.8823366579271525E-002
          13           6  -1.1896931639517370E-014
          13           7  0.12634082609265601     
          13           8   5.9909458423888291E-002
          13           9 -0.24900354388079748     
          13          10  -1.0410556186461627E-014
          13          11 -0.59672642917564811     
          13          12 -0.28296124304984221     
          13          13  0.55066605495489729     
          13          14   1.0063735912936514E-015
          13          15  0.10480753844541546     
          13          16   4.9698605440484232E-002
          13          17  -9.9616555525602196E-002
          13          18  -3.9353617957875884E-014
          13          19   3.7256535364522798E-015
          13          20   6.3292689252491201E-016
          13          21  -1.0602926541413461E-014
          13          22   4.8537679984851831E-015
          13          23   2.6855780251975645E-014
          14           1   3.8219510407082580E-003
          14           2  -6.6946522518535152E-003
          14           3  -1.4884615647149684E-015
          14           4   6.7558031459015823E-016
          14           5   2.9190455745230097E-015
          14           6 -0.18780431990041133     
          14           7  -3.4227157804053425E-015
          14           8  -1.1900125874410852E-015
          14           9  -5.2787863551659422E-015
          14          10 -0.13712183448093765     
          14          11  -3.0533275449531930E-016
          14          12  -2.6014369075333662E-016
          14          13   1.0063735912936514E-015
          14          14   2.2397012643871114E-002
          14          15   2.2012806279526213E-018
          14          16  -1.1646640869681702E-016
          14          17  -1.6721375673881724E-016
          14          18  -8.2842567498059072E-002
          14          19   3.0552404507778064E-004
          14          20  -8.3317141727820884E-002
          14          21  -5.8537588868947483E-004
          14          22  -2.7753886654641429E-004
          14          23  -8.2949580182244159E-002
          15           1   1.3138461529696497E-015
          15           2  -1.3387286931039738E-015
          15           3  -3.2315296827360770E-002
          15           4  -3.0422909451893587E-003
          15           5   5.8282962229242842E-003
          15           6  -3.0771650828104088E-015
          15           7   9.5535270093738092E-002
          15           8   1.1630126684022944E-002
          15           9  -2.2280519728650749E-002
          15          10  -5.2165856151871437E-015
          15          11 -0.11977788500370458     
          15          12  -5.4708102163056639E-002
          15          13  0.10480753844541546     
          15          14   2.2012806279526213E-018
          15          15   2.2546994801267359E-002
          15          16   9.6103405208758201E-003
          15          17  -1.8411096232385283E-002
          15          18  -5.1898409094121709E-014
          15          19  -3.2336803267858861E-015
          15          20   5.6195091763612543E-015
          15          21  -4.8136943675207138E-015
          15          22  -1.9322453173930309E-014
          15          23   4.2700522246798351E-014
          16           1  -2.8200384970283273E-015
          16           2   4.9664308826756351E-015
          16           3  -3.0422909451887463E-003
          16           4  -2.7342144321080036E-002
          16           5   2.7637152696263429E-003
          16           6   5.6541590207625024E-015
          16           7   1.1630126684026184E-002
          16           8   7.6523809747213581E-002
          16           9  -1.0565182385053010E-002
          16          10   7.3903271254116332E-015
          16          11  -5.4708102163057611E-002
          16          12  -3.0347998024348656E-002
          16          13   4.9698605440484232E-002
          16          14  -1.1646640869681702E-016
          16          15   9.6103405208758201E-003
          16          16   6.8372254502225543E-003
          16          17  -8.7303434557492732E-003
          16          18  -6.7499101387199423E-015
          16          19  -1.6228150409568768E-015
          16          20   3.1662569749361709E-015
          16          21  -4.8429250795820608E-015
          16          22   1.0277543477923223E-014
          16          23   9.4666833422923387E-015
          17           1   3.7468224934096035E-015
          17           2   8.5620840350106040E-016
          17           3   5.8282962229242313E-003
          17           4   2.7637152696281609E-003
          17           5  -3.1194135103810538E-002
          17           6  -7.8299900078622406E-015
          17           7  -2.2280519728649528E-002
          17           8  -1.0565182385053348E-002
          17           9   9.1249272103026330E-002
          17          10  -1.1728062549031404E-014
          17          11  0.10480753844541392     
          17          12   4.9698605440482609E-002
          17          13  -9.9616555525602196E-002
          17          14  -1.6721375673881724E-016
          17          15  -1.8411096232385283E-002
          17          16  -8.7303434557492732E-003
          17          17   1.9005339470935936E-002
          17          18   6.3024979610586392E-014
          17          19  -9.1685443523504983E-015
          17          20  -1.0445705491760527E-014
          17          21   6.9579971605405137E-015
          17          22  -3.7003323481615552E-015
          17          23  -6.0192732976398279E-014
          18           1  -1.7941770686568336E-002
          18           2  0.13208459864252295     
          18           3   6.7120863851914388E-015
          18           4   1.0726263163379596E-014
          18           5  -2.8937913519918486E-014
          18           6   1.3005465013837614     
          18           7  -2.8835084737000806E-014
          18           8  -2.1151779410918464E-014
          18           9   6.7158595243023314E-014
          18          10  0.70361398376783180     
          18          11   1.0114097906093370E-013
          18          12   3.2137399190945842E-015
          18          13  -3.9353617957875884E-014
          18          14  -8.2842567498059072E-002
          18          15  -5.1898409094121709E-014
          18          16  -6.7499101387199423E-015
          18          17   6.3024979610586392E-014
          18          18   2.4075915984626866     
          18          19  -1.0332614008335662E-003
          18          20 -0.59089701866615951     
          18          21   1.9795158863278456E-003
          18          22   9.3864302049322340E-004
          18          23 -0.59206765859251975     
          19           1  -9.7737120850003954E-006
          19           2   6.4352024824685002E-005
          19           3  -9.7107067885884278E-017
          19           4   4.3490678823382996E-015
          19           5   6.7638833350166355E-015
          19           6  -2.0620599873917597E-003
          19           7   5.4145413871580090E-016
          19           8  -1.0160408354767762E-014
          19           9  -1.9607705381499506E-014
          19          10   2.3721907825701566E-004
          19          11  -1.5288256946182888E-014
          19          12  -2.5025928750404169E-014
          19          13   3.7256535364522798E-015
          19          14   3.0552404507778064E-004
          19          15  -3.2336803267858861E-015
          19          16  -1.6228150409568768E-015
          19          17  -9.1685443523504983E-015
          19          18  -1.0332614008335662E-003
          19          19   1.9999996958650312     
          19          20  -1.0328106907636890E-003
          19          21   5.8267560733010364E-007
          19          22   2.7628709895080698E-007
          19          23  -1.0331597839051616E-003
          20           1  -1.7927587453925791E-002
          20           2  0.13199147851920737     
          20           3  -2.8593183160452060E-015
          20           4  -2.8142074732663000E-015
          20           5   5.4152728174084006E-015
          20           6   1.3035623638091809     
          20           7   2.3059654409695676E-015
          20           8   8.6589460061554201E-015
          20           9  -1.0552893681717138E-014
          20          10  0.70328850066793513     
          20          11  -7.5633418803642763E-015
          20          12  -8.2962343184155263E-016
          20          13   6.3292689252491201E-016
          20          14  -8.3317141727820884E-002
          20          15   5.6195091763612543E-015
          20          16   3.1662569749361709E-015
          20          17  -1.0445705491760527E-014
          20          18 -0.59089701866615951     
          20          19  -1.0328106907636890E-003
          20          20   2.4106136960226872     
          20          21   1.9786524013978958E-003
          20          22   9.3823358759618039E-004
          20          23 -0.59055642643015993     
          21           1   1.8724194120832512E-005
          21           2  -1.2328321785909222E-004
          21           3  -1.1550201880893640E-015
          21           4  -9.7267515153092811E-016
          21           5  -1.3522623412982063E-015
          21           6   3.9504811956757079E-003
          21           7   5.7257671215382579E-015
          21           8   2.5317920384905992E-015
          21           9   4.4135525488566570E-015
          21          10  -4.5442029017929767E-004
          21          11   9.5837127195308147E-015
          21          12  -1.4198575077350488E-015
          21          13  -1.0602926541413461E-014
          21          14  -5.8537588868947483E-004
          21          15  -4.8136943675207138E-015
          21          16  -4.8429250795820608E-015
          21          17   6.9579971605405137E-015
          21          18   1.9795158863278456E-003
          21          19   5.8267560733010364E-007
          21          20   1.9786524013978958E-003
          21          21   1.9999988836818663     
          21          22  -5.2932548905284912E-007
          21          23   1.9793212027578336E-003
          22           1   8.8787392715319969E-006
          22           2  -5.8459421836381307E-005
          22           3  -1.1079817941639005E-015
          22           4  -5.4368948872197617E-016
          22           5   9.4755613115524075E-015
          22           6   1.8732320021492691E-003
          22           7  -8.4013535431562752E-015
          22           8   3.0103635109890884E-015
          22           9  -2.6649992472268207E-014
          22          10  -2.1550219962723226E-004
          22          11  -6.7220821682920982E-015
          22          12  -3.2524980797744883E-014
          22          13   4.8537679984851831E-015
          22          14  -2.7753886654641429E-004
          22          15  -1.9322453173930309E-014
          22          16   1.0277543477923223E-014
          22          17  -3.7003323481615552E-015
          22          18   9.3864302049322340E-004
          22          19   2.7628709895080698E-007
          22          20   9.3823358759618039E-004
          22          21  -5.2932548905284912E-007
          22          22   1.9999997490099259     
          22          23   9.3855070978388717E-004
          23           1  -1.7938573140330732E-002
          23           2  0.13206360531536870     
          23           3  -3.6479743318551058E-015
          23           4  -1.0300161133799894E-014
          23           5   2.7914126655180571E-014
          23           6   1.3012264306392904     
          23           7   3.1204428132950496E-014
          23           8   2.3685717743768993E-014
          23           9  -6.0376701698032986E-014
          23          10  0.70354061831697112     
          23          11  -8.5676582971578324E-014
          23          12  -2.7546056472721024E-015
          23          13   2.6855780251975645E-014
          23          14  -8.2949580182244159E-002
          23          15   4.2700522246798351E-014
          23          16   9.4666833422923387E-015
          23          17  -6.0192732976398279E-014
          23          18 -0.59206765859251975     
          23          19  -1.0331597839051616E-003
          23          20 -0.59055642643015993     
          23          21   1.9793212027578336E-003
          23          22   9.3855070978388717E-004
          23          23   2.4082730504178920     
