           1           1   2.1863512899336235     
           1           2 -0.69042145749916295     
           1           3   2.5460811802831962E-014
           1           4  -1.5620689927556462E-013
           1           5  -6.2198652699622163E-014
           1           6  0.14860806098794629     
           1           7  -7.0405337067784950E-014
           1           8  -1.0851568839566564E-013
           1           9  -8.2961813849811810E-014
           1          10  -3.1465296594480399E-002
           1          11   5.3144628661330528E-014
           1          12   6.3060292252406216E-014
           1          13   4.3676037295894187E-014
           1          14  -3.6467404014177265E-002
           1          15   1.1022388310384860E-013
           1          16   9.3929557385885708E-014
           1          17   1.1630589628296281E-013
           1          18   4.2636843241431584E-002
           1          19   3.4506060665631501E-006
           1          20   4.2569886659218806E-002
           1          21  -1.5789363686993772E-007
           1          22   3.5448217766236133E-006
           1          23   4.2636835873540779E-002
           2           1 -0.69042145749916295     
           2           2   2.5573022327713550     
           2           3  -5.2747474153566646E-014
           2           4  -4.6212163645105749E-014
           2           5  -1.9457864132617634E-013
           2           6 -0.82962869007134876     
           2           7   1.6712565209586146E-013
           2           8  -4.4029579552725626E-014
           2           9  -5.7922042264367767E-014
           2          10  0.10541710007118905     
           2          11  -2.2078810124714459E-013
           2          12  -3.1843775290819418E-014
           2          13   2.3016467269385849E-014
           2          14  0.13461893868050523     
           2          15  -3.9034992605311553E-013
           2          16  -5.7483132793394258E-014
           2          17  -1.7148704279030905E-013
           2          18  -7.5393203775300496E-002
           2          19  -2.0433975955542109E-005
           2          20  -7.4996696855752998E-002
           2          21   9.3502262430076642E-007
           2          22  -2.0991907363895292E-005
           2          23  -7.5393160143756244E-002
           3           1   2.5460811802831962E-014
           3           2  -5.2747474153566646E-014
           3           3   2.2940062837723993     
           3           4   2.9683643478914482E-004
           3           5  -1.3582710479641963E-005
           3           6   2.9503773311672821E-013
           3           7 -0.82253098927068735     
           3           8  -9.2619279198587884E-004
           3           9   4.2380944919035227E-005
           3          10  -2.6822305436690010E-013
           3          11  -1.0719703964976967E-002
           3          12   1.8423970929640225E-003
           3          13  -8.4304834419597109E-005
           3          14   3.7172164420102280E-014
           3          15   6.6409702787282851E-002
           3          16   2.1465795270338870E-003
           3          17  -9.8223685427787592E-005
           3          18   9.2964398387554119E-015
           3          19  -4.9221393674190878E-015
           3          20  -1.7989835922206300E-013
           3          21   5.9327525714041223E-015
           3          22  -5.6848647772725116E-015
           3          23  -8.3603047703585034E-014
           4           1  -1.5620689927556462E-013
           4           2  -4.6212163645105749E-014
           4           3   2.9683643478914482E-004
           4           4   2.2873553213524360     
           4           5   3.0494128566557136E-004
           4           6  -7.7561978550921079E-015
           4           7  -9.2619279201886960E-004
           4           8 -0.80177857233956318     
           4           9  -9.5148165148180959E-004
           4          10  -1.4463062328661130E-013
           4          11   1.8423970923070728E-003
           4          12  -5.2000734196536336E-002
           4          13   1.8927020946674232E-003
           4          14  -1.4969665308262549E-013
           4          15   2.1465795294022755E-003
           4          16   1.8313114468180697E-002
           4          17   2.2051899604334001E-003
           4          18   5.1763002551021501E-014
           4          19  -3.0296064701030391E-014
           4          20   1.2355996334528252E-013
           4          21  -1.5692476293676775E-013
           4          22  -6.7604680956295320E-014
           4          23   6.2599946562485596E-014
           5           1  -6.2198652699622163E-014
           5           2  -1.9457864132617634E-013
           5           3  -1.3582710479641963E-005
           5           4   3.0494128566557136E-004
           5           5   2.2940055519019724     
           5           6   7.8205932114595592E-014
           5           7   4.2380944867755066E-005
           5           8  -9.5148165146922037E-004
           5           9 -0.82252870567939274     
           5          10   6.1072521781955008E-015
           5          11  -8.4304834441490187E-005
           5          12   1.8927020953794656E-003
           5          13  -1.0724246521242641E-002
           5          14  -3.4091541985307262E-013
           5          15  -9.8223685305805523E-005
           5          16   2.2051899579798931E-003
           5          17   6.6404410248710966E-002
           5          18   3.1070552045983600E-014
           5          19  -6.9477601316584189E-014
           5          20   3.7683482038354292E-014
           5          21  -9.1442002457274551E-014
           5          22  -4.8415131649514530E-014
           5          23   2.3908992031949085E-014
           6           1  0.14860806098794629     
           6           2 -0.82962869007134876     
           6           3   2.9503773311672821E-013
           6           4  -7.7561978550921079E-015
           6           5   7.8205932114595592E-014
           6           6   2.3788163616783606     
           6           7  -8.0663422713072980E-013
           6           8   1.5100094478889008E-014
           6           9  -1.2462415942876432E-013
           6          10 -0.26748421181825044     
           6          11   5.1030430485770540E-013
           6          12   1.4012381689419404E-013
           6          13   2.6322210331342766E-013
           6          14 -0.36830911178773990     
           6          15   9.1409384128162600E-013
           6          16   1.8900937821875041E-013
           6          17   8.6154995886950053E-013
           6          18   3.8945313875244303E-002
           6          19   6.3415359242228824E-004
           6          20   2.6640009174312810E-002
           6          21  -2.9017747461261512E-005
           6          22   6.5146858821588788E-004
           6          23   3.8943959801775174E-002
           7           1  -7.0405337067784950E-014
           7           2   1.6712565209586146E-013
           7           3 -0.82253098927068735     
           7           4  -9.2619279201886960E-004
           7           5   4.2380944867755066E-005
           7           6  -8.0663422713072980E-013
           7           7   2.3083283843666282     
           7           8   2.8890097673014356E-003
           7           9  -1.3219598008363392E-004
           7          10   8.7286369897160174E-013
           7          11  -4.6121305995140423E-002
           7          12  -5.7269472564660685E-003
           7          13   2.6205498356526337E-004
           7          14  -1.2948524114944489E-013
           7          15 -0.17469487589714261     
           7          16  -6.7457734851516767E-003
           7          17   3.0867467259981015E-004
           7          18   1.5430995381932089E-013
           7          19   1.3270627745970205E-014
           7          20   3.5663893175801019E-013
           7          21  -4.8355993113376494E-014
           7          22   6.1601275350690061E-014
           7          23   2.5289287316697492E-013
           8           1  -1.0851568839566564E-013
           8           2  -4.4029579552725626E-014
           8           3  -9.2619279198587884E-004
           8           4 -0.80177857233956318     
           8           5  -9.5148165146922037E-004
           8           6   1.5100094478889008E-014
           8           7   2.8890097673014356E-003
           8           8   2.2435967909701393     
           8           9   2.9678915783842353E-003
           8          10   1.3325875593333701E-013
           8          11  -5.7269472546248581E-003
           8          12   8.2197547599521956E-002
           8          13  -5.8833164195981761E-003
           8          14  -5.3174369894481585E-014
           8          15  -6.7457734923115657E-003
           8          16  -2.3548046202260330E-002
           8          17  -6.9299607945093730E-003
           8          18   1.5662244418649281E-013
           8          19  -1.6549756144557745E-013
           8          20  -5.3265893744583844E-014
           8          21  -1.5321059642030537E-013
           8          22  -1.1817883907142182E-013
           8          23   4.3365213951054083E-014
           9           1  -8.2961813849811810E-014
           9           2  -5.7922042264367767E-014
           9           3   4.2380944919035227E-005
           9           4  -9.5148165148180959E-004
           9           5 -0.82252870567939274     
           9           6  -1.2462415942876432E-013
           9           7  -1.3219598008363392E-004
           9           8   2.9678915783842353E-003
           9           9   2.3083212613163688     
           9          10  -2.3891046545397213E-013
           9          11   2.6205498361665108E-004
           9          12  -5.8833164216334378E-003
           9          13  -4.6107185814214260E-002
           9          14   6.2908345098429641E-013
           9          15   3.0867467239465048E-004
           9          16  -6.9299607867060325E-003
           9          17 -0.17467824373155508     
           9          18   9.8202539282529086E-014
           9          19  -8.9046511533773972E-014
           9          20   6.2563125354180951E-014
           9          21  -1.1086516735662649E-013
           9          22  -3.7399129133406649E-014
           9          23   1.8744073050450027E-014
          10           1  -3.1465296594480399E-002
          10           2  0.10541710007118905     
          10           3  -2.6822305436690010E-013
          10           4  -1.4463062328661130E-013
          10           5   6.1072521781955008E-015
          10           6 -0.26748421181825044     
          10           7   8.7286369897160174E-013
          10           8   1.3325875593333701E-013
          10           9  -2.3891046545397213E-013
          10          10  0.55788097092909861     
          10          11  -1.3543697061441761E-012
          10          12  -2.0846367416367335E-013
          10          13   6.4472900599074921E-013
          10          14  0.59762221860674880     
          10          15  -2.3892099922107969E-012
          10          16  -3.6983994343513180E-013
          10          17  -2.2761883070740196E-013
          10          18  -1.7317602238190594E-002
          10          19  -4.5119820887932870E-004
          10          20  -8.5624183927462127E-003
          10          21   2.0646032496173936E-005
          10          22  -4.6351777181280506E-004
          10          23  -1.7316638819598766E-002
          11           1   5.3144628661330528E-014
          11           2  -2.2078810124714459E-013
          11           3  -1.0719703964976967E-002
          11           4   1.8423970923070728E-003
          11           5  -8.4304834441490187E-005
          11           6   5.1030430485770540E-013
          11           7  -4.6121305995140423E-002
          11           8  -5.7269472546248581E-003
          11           9   2.6205498361665108E-004
          11          10  -1.3543697061441761E-012
          11          11  0.25312867549173762     
          11          12   1.1104364288913348E-002
          11          13  -5.0811608141375104E-004
          11          14   4.1897267298994638E-014
          11          15  0.30576643434920808     
          11          16   1.3633574075151145E-002
          11          17  -6.2384825388035043E-004
          11          18   1.6510887166619477E-013
          11          19  -1.1970609246814883E-013
          11          20  -5.2837833433477323E-014
          11          21   6.5374218555412087E-014
          11          22  -1.7632489347344548E-013
          11          23  -1.2648549097721054E-013
          12           1   6.3060292252406216E-014
          12           2  -3.1843775290819418E-014
          12           3   1.8423970929640225E-003
          12           4  -5.2000734196536336E-002
          12           5   1.8927020953794656E-003
          12           6   1.4012381689419404E-013
          12           7  -5.7269472564660685E-003
          12           8   8.2197547599521956E-002
          12           9  -5.8833164216334378E-003
          12          10  -2.0846367416367335E-013
          12          11   1.1104364288913348E-002
          12          12   4.3225957686277086E-003
          12          13   1.1407559008508287E-002
          12          14  -1.2026097737189748E-013
          12          15   1.3633574094189454E-002
          12          16   2.9049401177415817E-004
          12          17   1.4005826621967730E-002
          12          18  -1.0167765538140864E-013
          12          19   3.1812382678530789E-013
          12          20   9.7656533084695751E-014
          12          21   8.9179088850896212E-014
          12          22   2.5595904349993433E-013
          12          23  -6.4070026780099633E-014
          13           1   4.3676037295894187E-014
          13           2   2.3016467269385849E-014
          13           3  -8.4304834419597109E-005
          13           4   1.8927020946674232E-003
          13           5  -1.0724246521242641E-002
          13           6   2.6322210331342766E-013
          13           7   2.6205498356526337E-004
          13           8  -5.8833164195981761E-003
          13           9  -4.6107185814214260E-002
          13          10   6.4472900599074921E-013
          13          11  -5.0811608141375104E-004
          13          12   1.1407559008508287E-002
          13          13  0.25310129692011146     
          13          14  -1.2200236816046280E-012
          13          15  -6.2384825335260613E-004
          13          16   1.4005826601321365E-002
          13          17  0.30573281983982364     
          13          18  -1.2093353077722030E-013
          13          19   2.1267637083604192E-013
          13          20  -1.1209699769523947E-013
          13          21   9.0813179030829828E-014
          13          22   2.8302221569535559E-014
          13          23   7.9614491203368638E-014
          14           1  -3.6467404014177265E-002
          14           2  0.13461893868050523     
          14           3   3.7172164420102280E-014
          14           4  -1.4969665308262549E-013
          14           5  -3.4091541985307262E-013
          14           6 -0.36830911178773990     
          14           7  -1.2948524114944489E-013
          14           8  -5.3174369894481585E-014
          14           9   6.2908345098429641E-013
          14          10  0.59762221860674880     
          14          11   4.1897267298994638E-014
          14          12  -1.2026097737189748E-013
          14          13  -1.2200236816046280E-012
          14          14  0.64453280240143018     
          14          15  -7.9218410062463002E-013
          14          16  -3.5874046612486782E-013
          14          17  -2.6984317918449730E-012
          14          18  -1.3004763604203433E-002
          14          19   5.4405446827268558E-004
          14          20  -2.3561757892077713E-002
          14          21  -2.4894970796788138E-005
          14          22   5.5890938818449476E-004
          14          23  -1.3005925293691614E-002
          15           1   1.1022388310384860E-013
          15           2  -3.9034992605311553E-013
          15           3   6.6409702787282851E-002
          15           4   2.1465795294022755E-003
          15           5  -9.8223685305805523E-005
          15           6   9.1409384128162600E-013
          15           7 -0.17469487589714261     
          15           8  -6.7457734923115657E-003
          15           9   3.0867467239465048E-004
          15          10  -2.3892099922107969E-012
          15          11  0.30576643434920808     
          15          12   1.3633574094189454E-002
          15          13  -6.2384825335260613E-004
          15          14  -7.9218410062463002E-013
          15          15  0.37618069427028294     
          15          16   1.6708244324175715E-002
          15          17  -7.6453973275159384E-004
          15          18  -1.5682646065505862E-013
          15          19   3.3984853741748713E-014
          15          20   6.2006801833547800E-014
          15          21  -1.1873775929713135E-013
          15          22   5.3720340462436043E-014
          15          23   1.4066453503560638E-013
          16           1   9.3929557385885708E-014
          16           2  -5.7483132793394258E-014
          16           3   2.1465795270338870E-003
          16           4   1.8313114468180697E-002
          16           5   2.2051899579798931E-003
          16           6   1.8900937821875041E-013
          16           7  -6.7457734851516767E-003
          16           8  -2.3548046202260330E-002
          16           9  -6.9299607867060325E-003
          16          10  -3.6983994343513180E-013
          16          11   1.3633574075151145E-002
          16          12   2.9049401177415817E-004
          16          13   1.4005826601321365E-002
          16          14  -3.5874046612486782E-013
          16          15   1.6708244324175715E-002
          16          16   1.8132233297226753E-003
          16          17   1.7164447967090629E-002
          16          18  -3.1129454033777338E-014
          16          19  -4.6977289806393738E-014
          16          20   7.6667808129219575E-015
          16          21   9.5401294491661519E-014
          16          22  -2.7486080714837685E-014
          16          23   4.0480052088191385E-015
          17           1   1.1630589628296281E-013
          17           2  -1.7148704279030905E-013
          17           3  -9.8223685427787592E-005
          17           4   2.2051899604334001E-003
          17           5   6.6404410248710966E-002
          17           6   8.6154995886950053E-013
          17           7   3.0867467259981015E-004
          17           8  -6.9299607945093730E-003
          17           9 -0.17467824373155508     
          17          10  -2.2761883070740196E-013
          17          11  -6.2384825388035043E-004
          17          12   1.4005826621967730E-002
          17          13  0.30573281983982364     
          17          14  -2.6984317918449730E-012
          17          15  -7.6453973275159384E-004
          17          16   1.7164447967090629E-002
          17          17  0.37613949895410587     
          17          18   5.9222566786779314E-014
          17          19  -2.1255367579904889E-013
          17          20   9.5004251812331357E-014
          17          21  -9.7920753013088642E-015
          17          22  -3.8694031120778742E-014
          17          23  -1.9867475198157812E-013
          18           1   4.2636843241431584E-002
          18           2  -7.5393203775300496E-002
          18           3   9.2964398387554119E-015
          18           4   5.1763002551021501E-014
          18           5   3.1070552045983600E-014
          18           6   3.8945313875244303E-002
          18           7   1.5430995381932089E-013
          18           8   1.5662244418649281E-013
          18           9   9.8202539282529086E-014
          18          10  -1.7317602238190594E-002
          18          11   1.6510887166619477E-013
          18          12  -1.0167765538140864E-013
          18          13  -1.2093353077722030E-013
          18          14  -1.3004763604203433E-002
          18          15  -1.5682646065505862E-013
          18          16  -3.1129454033777338E-014
          18          17   5.9222566786779314E-014
          18          18   1.9988840707787059     
          18          19  -3.0059731374583264E-004
          18          20 -0.99528304961850789     
          18          21   1.3754801620305743E-005
          18          22  -3.0880485434555522E-004
          18          23  -1.0011152873720075     
          19           1   3.4506060665631501E-006
          19           2  -2.0433975955542109E-005
          19           3  -4.9221393674190878E-015
          19           4  -3.0296064701030391E-014
          19           5  -6.9477601316584189E-014
          19           6   6.3415359242228824E-004
          19           7   1.3270627745970205E-014
          19           8  -1.6549756144557745E-013
          19           9  -8.9046511533773972E-014
          19          10  -4.5119820887932870E-004
          19          11  -1.1970609246814883E-013
          19          12   3.1812382678530789E-013
          19          13   2.1267637083604192E-013
          19          14   5.4405446827268558E-004
          19          15   3.3984853741748713E-014
          19          16  -4.6977289806393738E-014
          19          17  -2.1255367579904889E-013
          19          18  -3.0059731374583264E-004
          19          19   1.9999999257802306     
          19          20  -2.9915712684697930E-004
          19          21   3.3979891865288264E-009
          19          22  -7.6246446292568657E-008
          19          23  -3.0059715767640275E-004
          20           1   4.2569886659218806E-002
          20           2  -7.4996696855752998E-002
          20           3  -1.7989835922206300E-013
          20           4   1.2355996334528252E-013
          20           5   3.7683482038354292E-014
          20           6   2.6640009174312810E-002
          20           7   3.5663893175801019E-013
          20           8  -5.3265893744583844E-014
          20           9   6.2563125354180951E-014
          20          10  -8.5624183927462127E-003
          20          11  -5.2837833433477323E-014
          20          12   9.7656533084695751E-014
          20          13  -1.1209699769523947E-013
          20          14  -2.3561757892077713E-002
          20          15   6.2006801833547800E-014
          20          16   7.6667808129219575E-015
          20          17   9.5004251812331357E-014
          20          18 -0.99528304961850789     
          20          19  -2.9915712684697930E-004
          20          20   2.0105218841471189     
          20          21   1.3688901453904881E-005
          20          22  -3.0732534423269351E-004
          20          23 -0.99528241084515667     
          21           1  -1.5789363686993772E-007
          21           2   9.3502262430076642E-007
          21           3   5.9327525714041223E-015
          21           4  -1.5692476293676775E-013
          21           5  -9.1442002457274551E-014
          21           6  -2.9017747461261512E-005
          21           7  -4.8355993113376494E-014
          21           8  -1.5321059642030537E-013
          21           9  -1.1086516735662649E-013
          21          10   2.0646032496173936E-005
          21          11   6.5374218555412087E-014
          21          12   8.9179088850896212E-014
          21          13   9.0813179030829828E-014
          21          14  -2.4894970796788138E-005
          21          15  -1.1873775929713135E-013
          21          16   9.5401294491661519E-014
          21          17  -9.7920753013088642E-015
          21          18   1.3754801620305743E-005
          21          19   3.3979891865288264E-009
          21          20   1.3688901453904881E-005
          21          21   1.9999999998443188     
          21          22   3.4901694762103621E-009
          21          23   1.3754794607318481E-005
          22           1   3.5448217766236133E-006
          22           2  -2.0991907363895292E-005
          22           3  -5.6848647772725116E-015
          22           4  -6.7604680956295320E-014
          22           5  -4.8415131649514530E-014
          22           6   6.5146858821588788E-004
          22           7   6.1601275350690061E-014
          22           8  -1.1817883907142182E-013
          22           9  -3.7399129133406649E-014
          22          10  -4.6351777181280506E-004
          22          11  -1.7632489347344548E-013
          22          12   2.5595904349993433E-013
          22          13   2.8302221569535559E-014
          22          14   5.5890938818449476E-004
          22          15   5.3720340462436043E-014
          22          16  -2.7486080714837685E-014
          22          17  -3.8694031120778742E-014
          22          18  -3.0880485434555522E-004
          22          19  -7.6246446292568657E-008
          22          20  -3.0732534423269351E-004
          22          21   3.4901694762103621E-009
          22          22   1.9999999216715902     
          22          23  -3.0880469352857412E-004
          23           1   4.2636835873540779E-002
          23           2  -7.5393160143756244E-002
          23           3  -8.3603047703585034E-014
          23           4   6.2599946562485596E-014
          23           5   2.3908992031949085E-014
          23           6   3.8943959801775174E-002
          23           7   2.5289287316697492E-013
          23           8   4.3365213951054083E-014
          23           9   1.8744073050450027E-014
          23          10  -1.7316638819598766E-002
          23          11  -1.2648549097721054E-013
          23          12  -6.4070026780099633E-014
          23          13   7.9614491203368638E-014
          23          14  -1.3005925293691614E-002
          23          15   1.4066453503560638E-013
          23          16   4.0480052088191385E-015
          23          17  -1.9867475198157812E-013
          23          18  -1.0011152873720075     
          23          19  -3.0059715767640275E-004
          23          20 -0.99528241084515667     
          23          21   1.3754794607318481E-005
          23          22  -3.0880469352857412E-004
          23          23   1.9988853544768883     
