           1           1   2.1853791480948130     
           1           2 -0.68585301508845031     
           1           3   1.8425253304575762E-014
           1           4   2.7922622255549777E-014
           1           5  -3.0041843470153245E-015
           1           6  0.25179952336230227     
           1           7  -1.6172445541865196E-014
           1           8  -1.5061874049073287E-014
           1           9  -1.1510444427484484E-015
           1          10  -4.6066241246088657E-002
           1          11   3.7060314669694531E-014
           1          12   3.3923546666850807E-014
           1          13   5.7716627915765636E-015
           1          14   2.2867465656285385E-003
           1          15   2.4166590788571968E-015
           1          16   2.1770044886495604E-014
           1          17   2.0896834686862430E-014
           1          18  -1.0216275454113504E-002
           1          19   2.8757589150699976E-005
           1          20  -1.0230688254237249E-002
           1          21  -9.2886214148520434E-006
           1          22  -7.0141857645522656E-006
           1          23  -1.0247816595922256E-002
           2           1 -0.68585301508845031     
           2           2   2.5367805184171113     
           2           3  -6.9466674553675177E-014
           2           4  -8.2963665871274400E-014
           2           5   1.1336043080685861E-014
           2           6  -1.2060683180649487     
           2           7   7.5002643288680612E-014
           2           8   6.0371735271628282E-014
           2           9   2.2369974320423036E-015
           2          10  0.16998846133019033     
           2          11  -1.4547650503380290E-013
           2          12  -1.3281434112170141E-013
           2          13  -1.4736980299652828E-014
           2          14  -3.1260878112453830E-003
           2          15  -1.2029980487316245E-014
           2          16  -7.3135828447711353E-014
           2          17  -9.0497538262997562E-014
           2          18  0.12068662088739916     
           2          19  -1.6531917248160239E-004
           2          20  0.12076875619493696     
           2          21   5.3396852584372427E-005
           2          22   4.0321466371944334E-005
           2          23  0.12086636118499544     
           3           1   1.8425253304575762E-014
           3           2  -6.9466674553675177E-014
           3           3   2.3083557695759023     
           3           4  -3.1394355111323360E-003
           3           5   1.0140297258574502E-003
           3           6   1.0130707871570171E-013
           3           7 -0.86315362843505516     
           3           8   1.1799785405915954E-002
           3           9  -3.8113008276014753E-003
           3          10  -1.3587403022940850E-013
           3          11   9.5417240072250067E-002
           3          12  -4.4079778400520589E-002
           3          13   1.4237656886585941E-002
           3          14  -8.0076168736412765E-015
           3          15  -3.7504301319274201E-002
           3          16   5.9047464731016106E-003
           3          17  -1.9072181697808470E-003
           3          18  -1.6148290043226799E-014
           3          19  -2.5767859999235317E-014
           3          20  -1.7684495792113355E-014
           3          21  -4.1830575988708989E-015
           3          22   3.2287396254871034E-014
           3          23  -2.5302877715526697E-014
           4           1   2.7922622255549777E-014
           4           2  -8.2963665871274400E-014
           4           3  -3.1394355111323360E-003
           4           4   2.3101424960206476     
           4           5   7.6573230060678131E-004
           4           6   6.2445574284042486E-014
           4           7   1.1799785405909443E-002
           4           8 -0.86986916329938491     
           4           9  -2.8780577891514784E-003
           4          10  -7.2482364351678358E-014
           4          11  -4.4079778400532184E-002
           4          12  0.12050407670121638     
           4          13   1.0751394642504662E-002
           4          14   9.7426791177389568E-016
           4          15   5.9047464731130312E-003
           4          16  -4.0864831146773826E-002
           4          17  -1.4402127664674372E-003
           4          18  -1.6865337914956763E-014
           4          19  -2.0329344765973004E-014
           4          20   1.4248594143904836E-016
           4          21  -1.5246840159214205E-015
           4          22   2.8663331977530964E-014
           4          23  -1.0219466991853688E-014
           5           1  -3.0041843470153245E-015
           5           2   1.1336043080685861E-014
           5           3   1.0140297258574502E-003
           5           4   7.6573230060678131E-004
           5           5   2.3122658732351171     
           5           6  -4.3080278848900725E-015
           5           7  -3.8113008275998733E-003
           5           8  -2.8780577891474816E-003
           5           9 -0.87785002335410245     
           5          10  -2.6309832535210310E-014
           5          11   1.4237656886585362E-002
           5          12   1.0751394642500503E-002
           5          13  0.15031771572168728     
           5          14  -4.6820776437097906E-015
           5          15  -1.9072181697815634E-003
           5          16  -1.4402127664722157E-003
           5          17  -4.4858544051999495E-002
           5          18   9.5253252162645549E-015
           5          19   1.4129942149339018E-014
           5          20  -9.7720763592932460E-015
           5          21  -1.2910579787809496E-014
           5          22   9.7484691227677979E-015
           5          23   7.8788386051381425E-015
           6           1  0.25179952336230227     
           6           2  -1.2060683180649487     
           6           3   1.0130707871570171E-013
           6           4   6.2445574284042486E-014
           6           5  -4.3080278848900725E-015
           6           6   5.1228898957550619     
           6           7  -3.3268389761223056E-013
           6           8  -2.6355765111235966E-013
           6           9  -3.8542402103771044E-014
           6          10  -1.5205310983683433     
           6          11   8.0375562061657697E-013
           6          12   8.1263905109289857E-013
           6          13   9.1024181510110857E-014
           6          14   4.5415201227011703E-002
           6          15   8.9446697022513606E-014
           6          16   4.0190576359878739E-013
           6          17   4.9933009901095312E-013
           6          18 -0.86108096578183846     
           6          19  -4.1478505996355320E-003
           6          20 -0.85898475619028514     
           6          21   1.3397630754209808E-003
           6          22   1.0117172327496987E-003
           6          23 -0.85649346129110837     
           7           1  -1.6172445541865196E-014
           7           2   7.5002643288680612E-014
           7           3 -0.86315362843505516     
           7           4   1.1799785405909443E-002
           7           5  -3.8113008275998733E-003
           7           6  -3.3268389761223056E-013
           7           7   2.4181999366383726     
           7           8  -4.4357960003280454E-002
           7           9   1.4327508837632175E-002
           7          10   4.3316074085062125E-013
           7          11 -0.29910664570838663     
           7          12  0.16573678420835930     
           7          13  -5.3532561929092365E-002
           7          14   3.2456286768606480E-014
           7          15  0.10741654882180612     
           7          16  -2.2131256897985646E-002
           7          17   7.1483399784155275E-003
           7          18   5.8603455251059073E-014
           7          19   6.2488517333925530E-014
           7          20   6.3575668633694202E-014
           7          21   5.8681976532822631E-015
           7          22  -7.7367146057215727E-014
           7          23   8.5926135648016948E-014
           8           1  -1.5061874049073287E-014
           8           2   6.0371735271628282E-014
           8           3   1.1799785405915954E-002
           8           4 -0.86986916329938491     
           8           5  -2.8780577891474816E-003
           8           6  -2.6355765111235966E-013
           8           7  -4.4357960003280454E-002
           8           8   2.4434450929431573     
           8           9   1.0819245258665977E-002
           8          10   2.5194755057702441E-013
           8          11  0.16573678420837998     
           8          12 -0.39343134015375453     
           8          13  -4.0424467600851929E-002
           8          14   9.4265209574755179E-015
           8          15  -2.2131256898004010E-002
           8          16  0.12001196663777708     
           8          17   5.3979826005770047E-003
           8          18   6.8620093511295593E-014
           8          19   3.6911990871843657E-014
           8          20   4.7270433170266994E-014
           8          21  -2.4516689269289677E-015
           8          22  -5.0723921546233574E-014
           8          23   6.2514902586622873E-014
           9           1  -1.1510444427484484E-015
           9           2   2.2369974320423036E-015
           9           3  -3.8113008276014753E-003
           9           4  -2.8780577891514784E-003
           9           5 -0.87785002335410245     
           9           6  -3.8542402103771044E-014
           9           7   1.4327508837632175E-002
           9           8   1.0819245258665977E-002
           9           9   2.4734468818661504     
           9          10   1.1717689380605538E-013
           9          11  -5.3532561929094620E-002
           9          12  -4.0424467600851832E-002
           9          13 -0.50552847031404258     
           9          14   1.8089200495744793E-014
           9          15   7.1483399784177766E-003
           9          16   5.3979826005869664E-003
           9          17  0.13498058327267196     
           9          18  -1.0164983518108947E-014
           9          19  -4.2057073628768075E-014
           9          20   4.4218009295303004E-014
           9          21   3.2513281242737834E-014
           9          22  -1.6443928036816230E-014
           9          23  -2.3092270991484984E-015
          10           1  -4.6066241246088657E-002
          10           2  0.16998846133019033     
          10           3  -1.3587403022940850E-013
          10           4  -7.2482364351678358E-014
          10           5  -2.6309832535210310E-014
          10           6  -1.5205310983683433     
          10           7   4.3316074085062125E-013
          10           8   2.5194755057702441E-013
          10           9   1.1717689380605538E-013
          10          10   1.7260549811284531     
          10          11  -1.1006878858558073E-012
          10          12  -1.1085189613442411E-012
          10          13  -1.3454323868056801E-013
          10          14  -1.7943783324530713E-002
          10          15  -1.2705848287643287E-013
          10          16  -5.5686497941802290E-013
          10          17  -6.8221094057807276E-013
          10          18  0.52121912643756341     
          10          19  -1.9131104533382696E-005
          10          20  0.52120601071042405     
          10          21   6.1546620142435984E-006
          10          22   4.6319690123536376E-006
          10          23  0.52119024786689327     
          11           1   3.7060314669694531E-014
          11           2  -1.4547650503380290E-013
          11           3   9.5417240072250067E-002
          11           4  -4.4079778400532184E-002
          11           5   1.4237656886585362E-002
          11           6   8.0375562061657697E-013
          11           7 -0.29910664570838663     
          11           8  0.16573678420837998     
          11           9  -5.3532561929094620E-002
          11          10  -1.1006878858558073E-012
          11          11  0.52841151235448203     
          11          12 -0.61925348387332779     
          11          13  0.20001730837041795     
          11          14  -1.0459070647170756E-013
          11          15  -7.4917854112888482E-002
          11          16   8.2116538977595285E-002
          11          17  -2.6523434307157586E-002
          11          18  -2.0979901590799145E-013
          11          19   5.9506379528628121E-015
          11          20  -2.0990784849791309E-013
          11          21   1.4881023181670016E-014
          11          22  -1.7427001801358467E-014
          11          23  -2.1422734941148363E-013
          12           1   3.3923546666850807E-014
          12           2  -1.3281434112170141E-013
          12           3  -4.4079778400520589E-002
          12           4  0.12050407670121638     
          12           5   1.0751394642500503E-002
          12           6   8.1263905109289857E-013
          12           7  0.16573678420835930     
          12           8 -0.39343134015375453     
          12           9  -4.0424467600851832E-002
          12          10  -1.1085189613442411E-012
          12          11 -0.61925348387332779     
          12          12  0.88084320655987924     
          12          13  0.15104065470538325     
          12          14  -1.0602665038990280E-013
          12          15   8.2116538977597950E-002
          12          16 -0.12165230407211472     
          12          17  -2.0028851080071030E-002
          12          18  -2.1137997953528947E-013
          12          19   9.1620323367683237E-014
          12          20  -2.1270230785046023E-013
          12          21   3.2784536024146361E-014
          12          22  -9.7424598426464158E-014
          12          23  -2.1616090968145596E-013
          13           1   5.7716627915765636E-015
          13           2  -1.4736980299652828E-014
          13           3   1.4237656886585941E-002
          13           4   1.0751394642504662E-002
          13           5  0.15031771572168728     
          13           6   9.1024181510110857E-014
          13           7  -5.3532561929092365E-002
          13           8  -4.0424467600851929E-002
          13           9 -0.50552847031404258     
          13          10  -1.3454323868056801E-013
          13          11  0.20001730837041795     
          13          12  0.15104065470538325     
          13          13   1.2996792465823142     
          13          14  -1.1780230327885434E-014
          13          15  -2.6523434307158214E-002
          13          16  -2.0028851080080363E-002
          13          17 -0.17719234849883431     
          13          18  -1.9546083295304464E-014
          13          19  -4.3928406183171507E-014
          13          20  -2.6681224177396239E-014
          13          21  -1.7365977348771667E-014
          13          22   5.1129068578887043E-014
          13          23  -2.4055158350851177E-014
          14           1   2.2867465656285385E-003
          14           2  -3.1260878112453830E-003
          14           3  -8.0076168736412765E-015
          14           4   9.7426791177389568E-016
          14           5  -4.6820776437097906E-015
          14           6   4.5415201227011703E-002
          14           7   3.2456286768606480E-014
          14           8   9.4265209574755179E-015
          14           9   1.8089200495744793E-014
          14          10  -1.7943783324530713E-002
          14          11  -1.0459070647170756E-013
          14          12  -1.0602665038990280E-013
          14          13  -1.1780230327885434E-014
          14          14   1.7531376421771827E-002
          14          15  -1.2569816038525783E-014
          14          16  -5.3741708579923113E-014
          14          17  -6.5408175457411292E-014
          14          18  -2.4168968314685652E-002
          14          19  -9.7589177368268898E-004
          14          20  -2.3648028351349427E-002
          14          21   3.1524487567547701E-004
          14          22   2.3807515041618683E-004
          14          23  -2.3028690387972651E-002
          15           1   2.4166590788571968E-015
          15           2  -1.2029980487316245E-014
          15           3  -3.7504301319274201E-002
          15           4   5.9047464731130312E-003
          15           5  -1.9072181697815634E-003
          15           6   8.9446697022513606E-014
          15           7  0.10741654882180612     
          15           8  -2.2131256898004010E-002
          15           9   7.1483399784177766E-003
          15          10  -1.2705848287643287E-013
          15          11  -7.4917854112888482E-002
          15          12   8.2116538977597950E-002
          15          13  -2.6523434307158214E-002
          15          14  -1.2569816038525783E-014
          15          15   1.2572287717037930E-002
          15          16  -1.0896326616979908E-002
          15          17   3.5194859258929454E-003
          15          18  -2.6167072946621443E-014
          15          19  -5.6712052528518873E-014
          15          20  -2.5338772498359304E-014
          15          21  -1.3963282495012721E-014
          15          22   3.9114376728199330E-014
          15          23  -2.2654366317619000E-014
          16           1   2.1770044886495604E-014
          16           2  -7.3135828447711353E-014
          16           3   5.9047464731016106E-003
          16           4  -4.0864831146773826E-002
          16           5  -1.4402127664722157E-003
          16           6   4.0190576359878739E-013
          16           7  -2.2131256897985646E-002
          16           8  0.12001196663777708     
          16           9   5.3979826005869664E-003
          16          10  -5.5686497941802290E-013
          16          11   8.2116538977595285E-002
          16          12 -0.12165230407211472     
          16          13  -2.0028851080080363E-002
          16          14  -5.3741708579923113E-014
          16          15  -1.0896326616979908E-002
          16          16   1.8773642978239840E-002
          16          17   2.6576972903209935E-003
          16          18  -1.0792015383820918E-013
          16          19  -5.3003085495342923E-014
          16          20  -1.0712519784302722E-013
          16          21  -1.9932412932055105E-014
          16          22   6.4024205874190495E-014
          16          23  -1.0564181151382142E-013
          17           1   2.0896834686862430E-014
          17           2  -9.0497538262997562E-014
          17           3  -1.9072181697808470E-003
          17           4  -1.4402127664674372E-003
          17           5  -4.4858544051999495E-002
          17           6   4.9933009901095312E-013
          17           7   7.1483399784155275E-003
          17           8   5.3979826005770047E-003
          17           9  0.13498058327267196     
          17          10  -6.8221094057807276E-013
          17          11  -2.6523434307157586E-002
          17          12  -2.0028851080071030E-002
          17          13 -0.17719234849883431     
          17          14  -6.5408175457411292E-014
          17          15   3.5194859258929454E-003
          17          16   2.6576972903209935E-003
          17          17   2.6143442922686392E-002
          17          18  -1.3048736021144424E-013
          17          19   4.5713932074068833E-014
          17          20  -1.3186684686057245E-013
          17          21  -2.0986226401600742E-014
          17          22   2.1569495817796423E-015
          17          23  -1.3349475955354499E-013
          18           1  -1.0216275454113504E-002
          18           2  0.12068662088739916     
          18           3  -1.6148290043226799E-014
          18           4  -1.6865337914956763E-014
          18           5   9.5253252162645549E-015
          18           6 -0.86108096578183846     
          18           7   5.8603455251059073E-014
          18           8   6.8620093511295593E-014
          18           9  -1.0164983518108947E-014
          18          10  0.52121912643756341     
          18          11  -2.0979901590799145E-013
          18          12  -2.1137997953528947E-013
          18          13  -1.9546083295304464E-014
          18          14  -2.4168968314685652E-002
          18          15  -2.6167072946621443E-014
          18          16  -1.0792015383820918E-013
          18          17  -1.3048736021144424E-013
          18          18   2.2179303340328174     
          18          19   2.0674479866452751E-003
          18          20 -0.78311508065444224     
          18          21  -6.6778998688546496E-004
          18          22  -5.0427959154628087E-004
          18          23 -0.78435753545743325     
          19           1   2.8757589150699976E-005
          19           2  -1.6531917248160239E-004
          19           3  -2.5767859999235317E-014
          19           4  -2.0329344765973004E-014
          19           5   1.4129942149339018E-014
          19           6  -4.1478505996355320E-003
          19           7   6.2488517333925530E-014
          19           8   3.6911990871843657E-014
          19           9  -4.2057073628768075E-014
          19          10  -1.9131104533382696E-005
          19          11   5.9506379528628121E-015
          19          12   9.1620323367683237E-014
          19          13  -4.3928406183171507E-014
          19          14  -9.7589177368268898E-004
          19          15  -5.6712052528518873E-014
          19          16  -5.3003085495342923E-014
          19          17   4.5713932074068833E-014
          19          18   2.0674479866452751E-003
          19          19   1.9999988046128929     
          19          20   2.0680656090228257E-003
          19          21   3.8612589706009976E-007
          19          22   2.9159516844668678E-007
          19          23   2.0687997422336674E-003
          20           1  -1.0230688254237249E-002
          20           2  0.12076875619493696     
          20           3  -1.7684495792113355E-014
          20           4   1.4248594143904836E-016
          20           5  -9.7720763592932460E-015
          20           6 -0.85898475619028514     
          20           7   6.3575668633694202E-014
          20           8   4.7270433170266994E-014
          20           9   4.4218009295303004E-014
          20          10  0.52120601071042405     
          20          11  -2.0990784849791309E-013
          20          12  -2.1270230785046023E-013
          20          13  -2.6681224177396239E-014
          20          14  -2.3648028351349427E-002
          20          15  -2.5338772498359304E-014
          20          16  -1.0712519784302722E-013
          20          17  -1.3186684686057245E-013
          20          18 -0.78311508065444224     
          20          19   2.0680656090228257E-003
          20          20   2.2158391854611503     
          20          21  -6.6798948786596618E-004
          20          22  -5.0443024864182061E-004
          20          23 -0.78540364875661584     
          21           1  -9.2886214148520434E-006
          21           2   5.3396852584372427E-005
          21           3  -4.1830575988708989E-015
          21           4  -1.5246840159214205E-015
          21           5  -1.2910579787809496E-014
          21           6   1.3397630754209808E-003
          21           7   5.8681976532822631E-015
          21           8  -2.4516689269289677E-015
          21           9   3.2513281242737834E-014
          21          10   6.1546620142435984E-006
          21          11   1.4881023181670016E-014
          21          12   3.2784536024146361E-014
          21          13  -1.7365977348771667E-014
          21          14   3.1524487567547701E-004
          21          15  -1.3963282495012721E-014
          21          16  -1.9932412932055105E-014
          21          17  -2.0986226401600742E-014
          21          18  -6.6778998688546496E-004
          21          19   3.8612589706009976E-007
          21          20  -6.6798948786596618E-004
          21          21   1.9999998752747057     
          21          22  -9.4190817228181594E-008
          21          23  -6.6822662341267474E-004
          22           1  -7.0141857645522656E-006
          22           2   4.0321466371944334E-005
          22           3   3.2287396254871034E-014
          22           4   2.8663331977530964E-014
          22           5   9.7484691227677979E-015
          22           6   1.0117172327496987E-003
          22           7  -7.7367146057215727E-014
          22           8  -5.0723921546233574E-014
          22           9  -1.6443928036816230E-014
          22          10   4.6319690123536376E-006
          22          11  -1.7427001801358467E-014
          22          12  -9.7424598426464158E-014
          22          13   5.1129068578887043E-014
          22          14   2.3807515041618683E-004
          22          15   3.9114376728199330E-014
          22          16   6.4024205874190495E-014
          22          17   2.1569495817796423E-015
          22          18  -5.0427959154628087E-004
          22          19   2.9159516844668678E-007
          22          20  -5.0443024864182061E-004
          22          21  -9.4190817228181594E-008
          22          22   1.9999999288678456     
          22          23  -5.0460932627861951E-004
          23           1  -1.0247816595922256E-002
          23           2  0.12086636118499544     
          23           3  -2.5302877715526697E-014
          23           4  -1.0219466991853688E-014
          23           5   7.8788386051381425E-015
          23           6 -0.85649346129110837     
          23           7   8.5926135648016948E-014
          23           8   6.2514902586622873E-014
          23           9  -2.3092270991484984E-015
          23          10  0.52119024786689327     
          23          11  -2.1422734941148363E-013
          23          12  -2.1616090968145596E-013
          23          13  -2.4055158350851177E-014
          23          14  -2.3028690387972651E-002
          23          15  -2.2654366317619000E-014
          23          16  -1.0564181151382142E-013
          23          17  -1.3349475955354499E-013
          23          18 -0.78435753545743325     
          23          19   2.0687997422336674E-003
          23          20 -0.78540364875661584     
          23          21  -6.6822662341267474E-004
          23          22  -5.0460932627861951E-004
          23          23   2.2133530660382759     
