           1           1   2.2022286804190152     
           1           2 -0.77036862996209265     
           1           3  -2.7291912567269536E-014
           1           4   7.1683277333515867E-015
           1           5   4.7901398234420409E-015
           1           6  0.57495634630760839     
           1           7   7.6394029172683574E-015
           1           8  -1.6947068825503088E-014
           1           9  -1.3078877322791659E-015
           1          10  0.38819773500067661     
           1          11  -4.1858323676595822E-015
           1          12   1.3277619279775408E-015
           1          13  -1.1307935169253063E-015
           1          14  -4.8566669754334060E-002
           1          15  -3.4051097521542484E-015
           1          16  -1.7093999799871575E-015
           1          17   6.2169101606647639E-015
           1          18   2.3740653207002818E-002
           1          19  -1.6990370923547169E-015
           1          20  -3.7480203171099557E-015
           1          21   3.9722255463646184E-015
           1          22  -9.0424837322332197E-002
           1          23   6.2548650873406420E-006
           1          24  -9.0442538615912602E-002
           1          25  -7.7265103609954017E-006
           1          26  -2.2702529246932766E-006
           1          27  -9.0441658954222626E-002
           1          28  0.12255590605679548     
           1          29  -2.0020216378723764E-005
           1          30  0.12261262792861621     
           1          31   2.4730590129428528E-005
           1          32   7.2664104916715570E-006
           1          33  0.12260980921384457     
           2           1 -0.77036862996209265     
           2           2   3.1431555862124623     
           2           3   8.6793310646945686E-014
           2           4  -2.7386246878832294E-014
           2           5  -1.5782982689194359E-014
           2           6 -0.82430531826045594     
           2           7  -2.9670923907217878E-014
           2           8   6.7401437824375835E-014
           2           9   6.3040163585361220E-015
           2          10  -1.9874160375396284     
           2          11   1.4764913527100922E-014
           2          12  -7.3084417110856041E-015
           2          13   2.7398124570862083E-015
           2          14  0.32282592564405516     
           2          15   1.3094077637455184E-014
           2          16   1.0904891614361294E-014
           2          17  -2.4247490543927131E-014
           2          18 -0.13882018036074495     
           2          19   1.8566577629315815E-015
           2          20   1.7684283515344767E-014
           2          21  -1.4930116353379845E-014
           2          22 -0.41167894750343348     
           2          23  -2.8273281052486983E-005
           2          24 -0.41159917370343169     
           2          25   3.4925378336103862E-005
           2          26   1.0262253842787223E-005
           2          27 -0.41160313823133415     
           2          28 -0.67021278156689090     
           2          29   8.9562166052480652E-005
           2          30 -0.67046578665395851     
           2          31  -1.1063429753521444E-004
           2          32  -3.2507657117041003E-005
           2          33 -0.67045321334224528     
           3           1  -2.7291912567269536E-014
           3           2   8.6793310646945686E-014
           3           3   2.4136581055923205     
           3           4   2.6875883728412503E-004
           3           5  -3.3198893906142819E-004
           3           6   1.5942239869878082E-014
           3           7  -1.1330919977532843     
           3           8  -1.1058204909606226E-003
           3           9   1.3659836279204948E-003
           3          10  -1.8719881794567914E-014
           3          11  0.41424800940731515     
           3          12   3.1647628955974519E-003
           3          13  -3.9093273609539618E-003
           3          14   3.0828762178637095E-015
           3          15   7.3044305034896923E-002
           3          16   9.8157617648436998E-003
           3          17  -1.2125087187025162E-002
           3          18  -1.9326900643908040E-015
           3          19   2.6592127556071044E-002
           3          20   1.7441345674055590E-003
           3          21  -2.1544719811359540E-003
           3          22   1.1779409647364389E-014
           3          23  -3.8657677361118748E-014
           3          24  -1.5420324284599037E-014
           3          25  -2.4617887657717307E-014
           3          26   3.8211670085716520E-014
           3          27  -5.2959108353511485E-014
           3          28  -7.8091485434128574E-015
           3          29   1.5908997265506192E-014
           3          30   2.7243856781915830E-015
           3          31   1.7270289933002585E-015
           3          32  -2.4903927939495958E-014
           3          33  -7.7918621540385686E-015
           4           1   7.1683277333515867E-015
           4           2  -2.7386246878832294E-014
           4           3   2.6875883728412503E-004
           4           4   2.4128225993507422     
           4           5  -9.7567844728424616E-005
           4           6   4.1916531554857295E-014
           4           7  -1.1058204909552335E-003
           4           8  -1.1296542692246054     
           4           9   4.0144734605647962E-004
           4          10   1.2569987568061786E-014
           4          11   3.1647628955846505E-003
           4          12  0.40440952677675235     
           4          13  -1.1489076895394525E-003
           4          14  -1.0676699158593277E-014
           4          15   9.8157617648551351E-003
           4          16   4.2529475072270867E-002
           4          17  -3.5634278275849928E-003
           4          18   3.7406705587916726E-015
           4          19   1.7441345674160452E-003
           4          20   2.1170034902297217E-002
           4          21  -6.3317527477230802E-004
           4          22   2.3965769375397961E-014
           4          23   2.4383796727541211E-014
           4          24  -2.7597094851197618E-014
           4          25   1.4863173040479302E-014
           4          26  -4.1467217252046747E-014
           4          27   1.0339658986106911E-014
           4          28   3.2618281008981173E-015
           4          29  -2.2422894442738026E-014
           4          30  -5.7573370573681568E-015
           4          31   5.7674184589692266E-015
           4          32   1.1727413267740016E-014
           4          33   7.7676790752479281E-015
           5           1   4.7901398234420409E-015
           5           2  -1.5782982689194359E-014
           5           3  -3.3198893906142819E-004
           5           4  -9.7567844728424616E-005
           5           5   2.4128641364721952     
           5           6   6.1618185859296559E-015
           5           7   1.3659836279232551E-003
           5           8   4.0144734606084283E-004
           5           9  -1.1298251756048368     
           5          10   7.5282297770235873E-015
           5          11  -3.9093273609681432E-003
           5          12  -1.1489076895391046E-003
           5          13  0.40489864610050952     
           5          14   1.6495238742456460E-015
           5          15  -1.2125087187026155E-002
           5          16  -3.5634278275907282E-003
           5          17   4.4046517237629618E-002
           5          18   3.4731539695309190E-015
           5          19  -2.1544719811360563E-003
           5          20  -6.3317527477156068E-004
           5          21   2.1439593775480176E-002
           5          22  -4.6826861626526329E-014
           5          23   3.1906335107088370E-016
           5          24   9.1556159151604782E-015
           5          25  -1.7677886914612167E-014
           5          26  -2.3707610247727197E-014
           5          27   3.3029708917473582E-014
           5          28   1.4202879086720738E-015
           5          29  -1.0528208239876547E-014
           5          30   3.8941751824952197E-016
           5          31   7.1494855688254202E-015
           5          32   3.3045099902059202E-014
           5          33   4.3899319799720400E-015
           6           1  0.57495634630760839     
           6           2 -0.82430531826045594     
           6           3   1.5942239869878082E-014
           6           4   4.1916531554857295E-014
           6           5   6.1618185859296559E-015
           6           6   2.4792584941851565     
           6           7   6.7913156627895463E-014
           6           8  -9.3263989873495463E-014
           6           9  -1.6133471394027032E-014
           6          10   3.3104576167501762     
           6          11  -4.5588000311558120E-014
           6          12   3.5324358952366249E-014
           6          13   3.7791345167031414E-014
           6          14 -0.48323131074656167     
           6          15  -1.7266833790315174E-014
           6          16  -3.1689998205294597E-014
           6          17   5.8040214212131662E-014
           6          18  0.22477769304745471     
           6          19   7.6140447043927760E-015
           6          20  -4.1032144695704266E-014
           6          21   2.5526590131608894E-014
           6          22  0.16316668512053945     
           6          23   5.0044157214004765E-005
           6          24  0.16302409920402233     
           6          25  -6.1818688888705720E-005
           6          26  -1.8163151426067905E-005
           6          27  0.16303118438759906     
           6          28   1.0636203084181890     
           6          29  -1.5808096131069167E-004
           6          30   1.0640718021404876     
           6          31   1.9527487848873770E-004
           6          32   5.7373292698334938E-005
           6          33   1.0640493678923144     
           7           1   7.6394029172683574E-015
           7           2  -2.9670923907217878E-014
           7           3  -1.1330919977532843     
           7           4  -1.1058204909552335E-003
           7           5   1.3659836279232551E-003
           7           6   6.7913156627895463E-014
           7           7   3.1707304263583680     
           7           8   4.5504584755897111E-003
           7           9  -5.6210314676203143E-003
           7          10   4.3470435665708971E-014
           7          11  -1.5455327981512412     
           7          12  -1.3025445086650791E-002
           7          13   1.6089903271008267E-002
           7          14   1.0885173113979494E-015
           7          15 -0.28514224896172885     
           7          16  -4.0408774160287528E-002
           7          17   4.9915627696759640E-002
           7          18  -3.1024418840539815E-015
           7          19 -0.10118818374587418     
           7          20  -7.1712459367180414E-003
           7          21   8.8584038922069515E-003
           7          22  -8.8533749478959413E-014
           7          23   9.9370084326688525E-014
           7          24  -4.4871496850751938E-015
           7          25   6.0005501648303875E-014
           7          26  -9.4309598751367180E-014
           7          27   9.0955958912519667E-014
           7          28   1.0683145541169458E-014
           7          29  -4.7782450926341918E-014
           7          30  -4.7765309549280986E-015
           7          31  -1.0551715990110284E-014
           7          32   7.7375097945822894E-014
           7          33   1.5032652777393076E-014
           8           1  -1.6947068825503088E-014
           8           2   6.7401437824375835E-014
           8           3  -1.1058204909606226E-003
           8           4  -1.1296542692246054     
           8           5   4.0144734606084283E-004
           8           6  -9.3263989873495463E-014
           8           7   4.5504584755897111E-003
           8           8   3.1565841512186612     
           8           9  -1.6519584266092612E-003
           8          10  -3.0863186211000887E-014
           8          11  -1.3025445086625604E-002
           8          12  -1.5050398388148274     
           8          13   4.7286430337157275E-003
           8          14   2.7849561464164115E-014
           8          15  -4.0408774160313951E-002
           8          16 -0.15952114058116523     
           8          17   1.4669646001088988E-002
           8          18  -1.1900386113799029E-014
           8          19  -7.1712459367387184E-003
           8          20  -7.8894514072382307E-002
           8          21   2.6033860582124076E-003
           8          22  -7.5805609272772093E-014
           8          23  -7.4518934557247554E-014
           8          24   7.1112323937742590E-014
           8          25  -3.2163632335367094E-014
           8          26   1.0760074591862755E-013
           8          27  -2.4740041857620867E-014
           8          28  -5.4589109957615892E-016
           8          29   7.2450695707783237E-014
           8          30   2.0917017674694779E-014
           8          31  -2.4497346984463966E-014
           8          32  -4.7941589411201370E-014
           8          33  -1.5304847197680695E-014
           9           1  -1.3078877322791659E-015
           9           2   6.3040163585361220E-015
           9           3   1.3659836279204948E-003
           9           4   4.0144734605647962E-004
           9           5  -1.1298251756048368     
           9           6  -1.6133471394027032E-014
           9           7  -5.6210314676203143E-003
           9           8  -1.6519584266092612E-003
           9           9   3.1572874320791500     
           9          10   3.2268988641425002E-015
           9          11   1.6089903271031360E-002
           9          12   4.7286430337118695E-003
           9          13  -1.5070529428300359     
           9          14  -1.8333181192365973E-014
           9          15   4.9915627696762284E-002
           9          16   1.4669646001116251E-002
           9          17 -0.16576638325516954     
           9          18  -5.7378319431799962E-015
           9          19   8.8584038922126969E-003
           9          20   2.6033860582166035E-003
           9          21  -8.0002841956116802E-002
           9          22   9.4850793358745172E-014
           9          23  -7.7285799152153368E-015
           9          24  -2.0282109699205095E-014
           9          25   5.1026177043397976E-014
           9          26   7.4178252012372297E-014
           9          27  -7.7597632721457035E-014
           9          28   6.2713523540334292E-015
           9          29   3.8182273153135953E-014
           9          30   1.2038497102904123E-014
           9          31  -3.3498300881051241E-014
           9          32  -1.1333725689547283E-013
           9          33  -7.4594546081806810E-015
          10           1  0.38819773500067661     
          10           2  -1.9874160375396284     
          10           3  -1.8719881794567914E-014
          10           4   1.2569987568061786E-014
          10           5   7.5282297770235873E-015
          10           6   3.3104576167501762     
          10           7   4.3470435665708971E-014
          10           8  -3.0863186211000887E-014
          10           9   3.2268988641425002E-015
          10          10   22.682187747373341     
          10          11  -6.4162101967850070E-014
          10          12  -5.9090087819682932E-014
          10          13  -6.4428508619146506E-015
          10          14  -2.9701746509444833     
          10          15  -3.8771296080569168E-014
          10          16  -2.0765037724582017E-013
          10          17   3.5245354936911258E-013
          10          18   1.6033462426911840     
          10          19   1.1465654283819727E-013
          10          20  -2.5186820863287757E-013
          10          21   1.4806452339754422E-013
          10          22  0.53023263086219130     
          10          23   7.4368811143774223E-004
          10          24  0.52813366400072848     
          10          25  -9.1866195944073192E-004
          10          26  -2.6993404393609532E-004
          10          27  0.52823797676626383     
          10          28   8.8783649386269268     
          10          29  -2.3343046122707846E-003
          10          30   8.8849634991200688     
          10          31   2.8835185340483987E-003
          10          32   8.4726279505593352E-004
          10          33   8.8846355783934872     
          11           1  -4.1858323676595822E-015
          11           2   1.4764913527100922E-014
          11           3  0.41424800940731515     
          11           4   3.1647628955846505E-003
          11           5  -3.9093273609681432E-003
          11           6  -4.5588000311558120E-014
          11           7  -1.5455327981512412     
          11           8  -1.3025445086625604E-002
          11           9   1.6089903271031360E-002
          11          10  -6.4162101967850070E-014
          11          11   2.9341005113212049     
          11          12   3.7295281328467225E-002
          11          13  -4.6069632557303702E-002
          11          14  -2.6961173569651877E-014
          11          15  0.62445120903513884     
          11          16  0.11573489531595595     
          11          17 -0.14296350399532815     
          11          18   5.8640391956401944E-015
          11          19  0.19294243680463677     
          11          20   2.0484948316208999E-002
          11          21  -2.5304381901904142E-002
          11          22   7.4124831165741707E-014
          11          23  -3.2992368024512051E-014
          11          24  -2.1911659322491039E-014
          11          25  -9.4131283871221118E-015
          11          26   3.8021301956252959E-014
          11          27  -4.3332012885490005E-014
          11          28   6.6114747181477823E-016
          11          29   6.9172200429841111E-014
          11          30  -1.6306322941580131E-015
          11          31   2.0133315416157965E-014
          11          32  -1.0610160584679017E-013
          11          33   4.1876365514274250E-015
          12           1   1.3277619279775408E-015
          12           2  -7.3084417110856041E-015
          12           3   3.1647628955974519E-003
          12           4  0.40440952677675235     
          12           5  -1.1489076895391046E-003
          12           6   3.5324358952366249E-014
          12           7  -1.3025445086650791E-002
          12           8  -1.5050398388148274     
          12           9   4.7286430337118695E-003
          12          10  -5.9090087819682932E-014
          12          11   3.7295281328467225E-002
          12          12   2.8181584993410760     
          12          13  -1.3539350944940557E-002
          12          14   4.3005172899144161E-015
          12          15  0.11573489531593049     
          12          16  0.26465940317071229     
          12          17  -4.2015378579011838E-002
          12          18   6.9253105959108271E-015
          12          19   2.0484948316170620E-002
          12          20  0.12925968556871087     
          12          21  -7.4366754843120057E-003
          12          22  -1.5467922674858404E-014
          12          23   4.5867912307771831E-014
          12          24  -1.1844656329412743E-015
          12          25  -3.6258742287856481E-014
          12          26  -2.7454210403495454E-014
          12          27  -5.2466408855673853E-015
          12          28  -6.4308272395583983E-014
          12          29  -1.0019153133730032E-013
          12          30  -6.0269337757585894E-014
          12          31   8.0607672062631441E-014
          12          32   7.7754999135084351E-014
          12          33  -3.5651804504459316E-014
          13           1  -1.1307935169253063E-015
          13           2   2.7398124570862083E-015
          13           3  -3.9093273609539618E-003
          13           4  -1.1489076895394525E-003
          13           5  0.40489864610050952     
          13           6   3.7791345167031414E-014
          13           7   1.6089903271008267E-002
          13           8   4.7286430337157275E-003
          13           9  -1.5070529428300359     
          13          10  -6.4428508619146506E-015
          13          11  -4.6069632557303702E-002
          13          12  -1.3539350944940557E-002
          13          13   2.8239225465646878     
          13          14   5.7647957667533247E-014
          13          15 -0.14296350399534735     
          13          16  -4.2015378579064136E-002
          13          17  0.28254642206994329     
          13          18   8.8169880502316933E-015
          13          19  -2.5304381901922066E-002
          13          20  -7.4366754843353073E-003
          13          21  0.13242566810737061     
          13          22  -3.3620895917701855E-014
          13          23   1.8738708393196867E-014
          13          24  -4.6799861001021177E-016
          13          25  -3.5677899738556487E-014
          13          26  -5.9202592403407731E-014
          13          27  -2.6931424741716303E-015
          13          28  -1.9667854866364547E-014
          13          29  -7.4715468217671782E-014
          13          30  -1.9140352276841730E-014
          13          31   8.1771948074798167E-014
          13          32   2.0163268214634981E-013
          13          33   2.3153082466307945E-015
          14           1  -4.8566669754334060E-002
          14           2  0.32282592564405516     
          14           3   3.0828762178637095E-015
          14           4  -1.0676699158593277E-014
          14           5   1.6495238742456460E-015
          14           6 -0.48323131074656167     
          14           7   1.0885173113979494E-015
          14           8   2.7849561464164115E-014
          14           9  -1.8333181192365973E-014
          14          10  -2.9701746509444833     
          14          11  -2.6961173569651877E-014
          14          12   4.3005172899144161E-015
          14          13   5.7647957667533247E-014
          14          14  0.68127673730614391     
          14          15  -3.7601891894378762E-014
          14          16  -2.0749454227862003E-014
          14          17   6.6959473678975989E-014
          14          18 -0.18517260611516925     
          14          19   5.3644360318311150E-015
          14          20  -1.5531458222241555E-014
          14          21   1.2910703340353703E-014
          14          22  -9.6568845778550960E-002
          14          23  -2.1744224709575972E-004
          14          24  -9.5963669322620793E-002
          14          25   2.6860016544749037E-004
          14          26   7.8933154876180008E-005
          14          27  -9.5993751776344768E-002
          14          28  -1.1266188542110886     
          14          29   6.4220619912608561E-004
          14          30  -1.1284082254958452     
          14          31  -7.9329932505134242E-004
          14          32  -2.3312313824581292E-004
          14          33  -1.1283192802720408     
          15           1  -3.4051097521542484E-015
          15           2   1.3094077637455184E-014
          15           3   7.3044305034896923E-002
          15           4   9.8157617648551351E-003
          15           5  -1.2125087187026155E-002
          15           6  -1.7266833790315174E-014
          15           7 -0.28514224896172885     
          15           8  -4.0408774160313951E-002
          15           9   4.9915627696762284E-002
          15          10  -3.8771296080569168E-014
          15          11  0.62445120903513884     
          15          12  0.11573489531593049     
          15          13 -0.14296350399534735     
          15          14  -3.7601891894378762E-014
          15          15   1.2435110573249180     
          15          16  0.35920189888808346     
          15          17 -0.44371027395508744     
          15          18   2.5100410818864716E-014
          15          19  0.22630303781211969     
          15          20   6.3285019655631020E-002
          15          21  -7.8173900237083246E-002
          15          22   1.7936757873945689E-014
          15          23  -3.9475104232417574E-014
          15          24  -6.8343864166542706E-015
          15          25  -2.0190858575160965E-015
          15          26   1.4237275616689627E-014
          15          27  -1.9366429220370020E-014
          15          28  -2.9717694105320198E-014
          15          29   1.3980180609760790E-013
          15          30  -1.6947912460445883E-014
          15          31   2.4950392248899773E-015
          15          32  -3.4499514071339832E-014
          15          33   1.5514804846627534E-014
          16           1  -1.7093999799871575E-015
          16           2   1.0904891614361294E-014
          16           3   9.8157617648436998E-003
          16           4   4.2529475072270867E-002
          16           5  -3.5634278275907282E-003
          16           6  -3.1689998205294597E-014
          16           7  -4.0408774160287528E-002
          16           8 -0.15952114058116523     
          16           9   1.4669646001116251E-002
          16          10  -2.0765037724582017E-013
          16          11  0.11573489531595595     
          16          12  0.26465940317071229     
          16          13  -4.2015378579064136E-002
          16          14  -2.0749454227862003E-014
          16          15  0.35920189888808346     
          16          16  0.12683920552015296     
          16          17 -0.13040149841484053     
          16          18  -7.9246934270300302E-015
          16          19   6.3285019655584654E-002
          16          20   2.9565213460254397E-002
          16          21  -2.2974436983352265E-002
          16          22  -2.1042061335728403E-014
          16          23   8.1480096676296912E-015
          16          24   8.7982510579413905E-015
          16          25  -1.1744603265577610E-014
          16          26   2.0396547652731294E-014
          16          27   3.1052472195012232E-015
          16          28  -7.9402744925570973E-014
          16          29  -1.7816429352512763E-014
          16          30  -8.7787746933334771E-014
          16          31   9.2390517711082729E-014
          16          32  -6.7455083600400210E-014
          16          33  -7.5410710089174051E-014
          17           1   6.2169101606647639E-015
          17           2  -2.4247490543927131E-014
          17           3  -1.2125087187025162E-002
          17           4  -3.5634278275849928E-003
          17           5   4.4046517237629618E-002
          17           6   5.8040214212131662E-014
          17           7   4.9915627696759640E-002
          17           8   1.4669646001088988E-002
          17           9 -0.16576638325516954     
          17          10   3.5245354936911258E-013
          17          11 -0.14296350399532815     
          17          12  -4.2015378579011838E-002
          17          13  0.28254642206994329     
          17          14   6.6959473678975989E-014
          17          15 -0.44371027395508744     
          17          16 -0.13040149841484053     
          17          17  0.18235445125904667     
          17          18   2.4261798867784256E-014
          17          19  -7.8173900237048413E-002
          17          20  -2.2974436983357382E-002
          17          21   3.9346017594773054E-002
          17          22  -2.4333146529190186E-014
          17          23   7.7145840444463302E-014
          17          24   1.8762332548736805E-014
          17          25  -4.1626317527678383E-014
          17          26   2.3844285060924278E-014
          17          27   1.1897827317718572E-014
          17          28   1.6547441585445164E-013
          17          29  -1.6270872607662251E-013
          17          30   1.4425321730421285E-013
          17          31   1.5390063131443266E-013
          17          32  -9.6818203411913667E-014
          17          33   1.3896701157393478E-013
          18           1   2.3740653207002818E-002
          18           2 -0.13882018036074495     
          18           3  -1.9326900643908040E-015
          18           4   3.7406705587916726E-015
          18           5   3.4731539695309190E-015
          18           6  0.22477769304745471     
          18           7  -3.1024418840539815E-015
          18           8  -1.1900386113799029E-014
          18           9  -5.7378319431799962E-015
          18          10   1.6033462426911840     
          18          11   5.8640391956401944E-015
          18          12   6.9253105959108271E-015
          18          13   8.8169880502316933E-015
          18          14 -0.18517260611516925     
          18          15   2.5100410818864716E-014
          18          16  -7.9246934270300302E-015
          18          17   2.4261798867784256E-014
          18          18  0.11971017754030026     
          18          19   1.5677437661100360E-014
          18          20  -1.9357156500517688E-014
          18          21   1.1328137261534153E-014
          18          22   3.6812684073983588E-002
          18          23  -1.6958965204314573E-004
          18          24   3.7302841636817956E-002
          18          25   2.0949258204811240E-004
          18          26   6.1543451787828438E-005
          18          27   3.7278491469544553E-002
          18          28  0.66881404815068379     
          18          29   5.8667840362307288E-004
          18          30  0.66712052889264806     
          18          31  -7.2471825955854378E-004
          18          32  -2.1290526413538646E-004
          18          33  0.66720466134676948     
          19           1  -1.6990370923547169E-015
          19           2   1.8566577629315815E-015
          19           3   2.6592127556071044E-002
          19           4   1.7441345674160452E-003
          19           5  -2.1544719811360563E-003
          19           6   7.6140447043927760E-015
          19           7 -0.10118818374587418     
          19           8  -7.1712459367387184E-003
          19           9   8.8584038922126969E-003
          19          10   1.1465654283819727E-013
          19          11  0.19294243680463677     
          19          12   2.0484948316170620E-002
          19          13  -2.5304381901922066E-002
          19          14   5.3644360318311150E-015
          19          15  0.22630303781211969     
          19          16   6.3285019655584654E-002
          19          17  -7.8173900237048413E-002
          19          18   1.5677437661100360E-014
          19          19   4.3671745272527644E-002
          19          20   1.1154472714826544E-002
          19          21  -1.3778752727760857E-002
          19          22  -2.3862659493588113E-014
          19          23   3.8606918644908018E-015
          19          24   1.3342977188548564E-014
          19          25  -3.0106656411645550E-014
          19          26   2.4136194530289563E-014
          19          27   1.2022360627011732E-014
          19          28   4.9694260476301111E-014
          19          29  -1.9851913401821730E-014
          19          30   4.7890096781667819E-014
          19          31   8.8907004488025359E-014
          19          32  -7.2507713904806848E-014
          19          33   5.7128279326233547E-014
          20           1  -3.7480203171099557E-015
          20           2   1.7684283515344767E-014
          20           3   1.7441345674055590E-003
          20           4   2.1170034902297217E-002
          20           5  -6.3317527477156068E-004
          20           6  -4.1032144695704266E-014
          20           7  -7.1712459367180414E-003
          20           8  -7.8894514072382307E-002
          20           9   2.6033860582166035E-003
          20          10  -2.5186820863287757E-013
          20          11   2.0484948316208999E-002
          20          12  0.12925968556871087     
          20          13  -7.4366754843353073E-003
          20          14  -1.5531458222241555E-014
          20          15   6.3285019655631020E-002
          20          16   2.9565213460254397E-002
          20          17  -2.2974436983357382E-002
          20          18  -1.9357156500517688E-014
          20          19   1.1154472714826544E-002
          20          20   8.9951866548823780E-003
          20          21  -4.0494216777358831E-003
          20          22  -1.1158547520647773E-014
          20          23  -2.5663501422369668E-014
          20          24  -3.5918490294524350E-018
          20          25   2.0979906249279573E-014
          20          26  -5.3004710324948662E-015
          20          27   7.0653169900885441E-016
          20          28  -1.0112536716244849E-013
          20          29   5.3892445651596861E-014
          20          30  -9.9135655072730742E-014
          20          31  -5.4395105210954525E-014
          20          32   3.0502065672168022E-014
          20          33  -1.0006468003701302E-013
          21           1   3.9722255463646184E-015
          21           2  -1.4930116353379845E-014
          21           3  -2.1544719811359540E-003
          21           4  -6.3317527477230802E-004
          21           5   2.1439593775480176E-002
          21           6   2.5526590131608894E-014
          21           7   8.8584038922069515E-003
          21           8   2.6033860582124076E-003
          21           9  -8.0002841956116802E-002
          21          10   1.4806452339754422E-013
          21          11  -2.5304381901904142E-002
          21          12  -7.4366754843120057E-003
          21          13  0.13242566810737061     
          21          14   1.2910703340353703E-014
          21          15  -7.8173900237083246E-002
          21          16  -2.2974436983352265E-002
          21          17   3.9346017594773054E-002
          21          18   1.1328137261534153E-014
          21          19  -1.3778752727760857E-002
          21          20  -4.0494216777358831E-003
          21          21   1.0719128804877947E-002
          21          22  -1.2073235431655793E-014
          21          23   3.8058931749456382E-016
          21          24   1.2235533844359240E-014
          21          25  -1.4813300651741169E-015
          21          26  -2.9884219664839481E-014
          21          27   4.4145842054081622E-015
          21          28   5.4343608796039191E-014
          21          29   4.3224103783554400E-014
          21          30   6.0100331535771243E-014
          21          31  -1.0908538353862166E-014
          21          32   8.9361610935363884E-014
          21          33   5.9875642512081592E-014
          22           1  -9.0424837322332197E-002
          22           2 -0.41167894750343348     
          22           3   1.1779409647364389E-014
          22           4   2.3965769375397961E-014
          22           5  -4.6826861626526329E-014
          22           6  0.16316668512053945     
          22           7  -8.8533749478959413E-014
          22           8  -7.5805609272772093E-014
          22           9   9.4850793358745172E-014
          22          10  0.53023263086219130     
          22          11   7.4124831165741707E-014
          22          12  -1.5467922674858404E-014
          22          13  -3.3620895917701855E-014
          22          14  -9.6568845778550960E-002
          22          15   1.7936757873945689E-014
          22          16  -2.1042061335728403E-014
          22          17  -2.4333146529190186E-014
          22          18   3.6812684073983588E-002
          22          19  -2.3862659493588113E-014
          22          20  -1.1158547520647773E-014
          22          21  -1.2073235431655793E-014
          22          22   2.2654272997509368     
          22          23   5.2203416444773536E-006
          22          24  -1.0023411715222430     
          22          25  -6.4485574442042423E-006
          22          26  -1.8949203407735693E-006
          22          27  -1.0023404486469747     
          22          28 -0.43594808457665801     
          22          29  -1.8087527196534141E-005
          22          30  0.49949193373027823     
          22          31   2.2343063803221498E-005
          22          32   6.5655638906080616E-006
          22          33  0.49948943426413694     
          23           1   6.2548650873406420E-006
          23           2  -2.8273281052486983E-005
          23           3  -3.8657677361118748E-014
          23           4   2.4383796727541211E-014
          23           5   3.1906335107088370E-016
          23           6   5.0044157214004765E-005
          23           7   9.9370084326688525E-014
          23           8  -7.4518934557247554E-014
          23           9  -7.7285799152153368E-015
          23          10   7.4368811143774223E-004
          23          11  -3.2992368024512051E-014
          23          12   4.5867912307771831E-014
          23          13   1.8738708393196867E-014
          23          14  -2.1744224709575972E-004
          23          15  -3.9475104232417574E-014
          23          16   8.1480096676296912E-015
          23          17   7.7145840444463302E-014
          23          18  -1.6958965204314573E-004
          23          19   3.8606918644908018E-015
          23          20  -2.5663501422369668E-014
          23          21   3.8058931749456382E-016
          23          22   5.2203416444773536E-006
          23          23   2.1785025666987519     
          23          24   5.3669490671799983E-006
          23          25   6.3637990031058654E-008
          23          26   1.8697879058896488E-008
          23          27   5.3596648570684441E-006
          23          28   4.0507400800078732E-004
          23          29 -0.62359298613757486     
          23          30   4.0459711592055205E-004
          23          31  -2.0678936692610182E-007
          23          32  -6.0757439870399407E-008
          23          33   4.0462081213621457E-004
          24           1  -9.0442538615912602E-002
          24           2 -0.41159917370343169     
          24           3  -1.5420324284599037E-014
          24           4  -2.7597094851197618E-014
          24           5   9.1556159151604782E-015
          24           6  0.16302409920402233     
          24           7  -4.4871496850751938E-015
          24           8   7.1112323937742590E-014
          24           9  -2.0282109699205095E-014
          24          10  0.52813366400072848     
          24          11  -2.1911659322491039E-014
          24          12  -1.1844656329412743E-015
          24          13  -4.6799861001021177E-016
          24          14  -9.5963669322620793E-002
          24          15  -6.8343864166542706E-015
          24          16   8.7982510579413905E-015
          24          17   1.8762332548736805E-014
          24          18   3.7302841636817956E-002
          24          19   1.3342977188548564E-014
          24          20  -3.5918490294524350E-018
          24          21   1.2235533844359240E-014
          24          22  -1.0023411715222430     
          24          23   5.3669490671799983E-006
          24          24   2.2653977946168209     
          24          25  -6.6296584184439824E-006
