           1           1   2.1837293808198530     
           1           2 -0.69036713602828992     
           1           3   9.1324407906853448E-014
           1           4  -4.9197100660715618E-013
           1           5   2.2210750260551076E-013
           1           6  0.75639644179918775     
           1           7  -2.0232048220922443E-014
           1           8   1.2210631740589882E-013
           1           9   5.0124888708426649E-015
           1          10   1.9859254169366514E-002
           1          11   6.8997641464123649E-014
           1          12  -1.8278671806566798E-013
           1          13  -7.9846743373081549E-014
           1          14   5.6930344362229601E-002
           1          15   9.6707582688513853E-014
           1          16  -2.0407801538809640E-013
           1          17  -8.2573198570606406E-014
           1          18   6.2784124742432850E-003
           1          19  -2.1217864332302075E-013
           1          20   2.8016529610148820E-013
           1          21   5.3524369602394228E-014
           1          22 -0.20883170361138251     
           1          23  -1.5349398010375141E-005
           1          24 -0.20883123498382056     
           1          25   4.9763704432549630E-005
           1          26  -5.0648614347931150E-005
           1          27 -0.20870255779627317     
           1          28  -5.0704037382483233E-002
           1          29   4.4493675825582965E-005
           1          30  -5.0705395804539186E-002
           1          31  -1.4425126849511202E-004
           1          32   1.4681637849942280E-004
           1          33  -5.1078395518872437E-002
           2           1 -0.69036713602828992     
           2           2   2.8286762322000647     
           2           3  -2.6728204423701093E-013
           2           4   1.3970735009200512E-012
           2           5  -6.9666123677653129E-013
           2           6  -1.2265112672966743     
           2           7   8.6007769692199893E-014
           2           8  -5.0998173682328145E-013
           2           9  -1.1893890161790870E-013
           2          10 -0.42031038962816436     
           2          11  -2.4402387497713441E-013
           2          12   7.9121859078323972E-013
           2          13   3.8281741886337676E-013
           2          14  -9.8292524117712221E-002
           2          15  -3.0192779596436517E-013
           2          16   7.3586407002173141E-013
           2          17   3.8457537632349233E-013
           2          18  -6.2444668335705382E-002
           2          19   7.0283263652203326E-013
           2          20  -9.8857758618617509E-013
           2          21  -3.1766075894448684E-013
           2          22  -6.7958092975894835E-002
           2          23   5.4248773732588287E-005
           2          24  -6.7959749227758673E-002
           2          25  -1.7587790345768278E-004
           2          26   1.7900540578693857E-004
           2          27  -6.8414527951294407E-002
           2          28   5.2168419519289855E-002
           2          29  -1.5492735441737361E-004
           2          30   5.2173149556412383E-002
           2          31   5.0228413302572496E-004
           2          32  -5.1121586765270097E-004
           2          33   5.3471937706442166E-002
           3           1   9.1324407906853448E-014
           3           2  -2.6728204423701093E-013
           3           3   2.4077837391251551     
           3           4  -1.1157891618517498E-004
           3           5   3.6174579627136266E-004
           3           6  -1.0496826848269344E-013
           3           7  -1.1124511299523923     
           3           8   4.0123988729789928E-004
           3           9  -1.3008447071028405E-003
           3          10   2.2250300587906223E-013
           3          11  0.36847419819208105     
           3          12  -9.0649846634136358E-004
           3          13   2.9389244918798518E-003
           3          14   4.0900347713206445E-013
           3          15  -2.8831223938245207E-002
           3          16  -1.3612642562014035E-003
           3          17   4.4133035086754147E-003
           3          18   4.4041110387284909E-014
           3          19  -1.2640787518933091E-002
           3          20   1.8899094655821149E-003
           3          21  -6.1272042082482258E-003
           3          22   1.2700445363599538E-013
           3          23  -4.6411234994801962E-014
           3          24   1.5811262160272618E-013
           3          25  -2.9754711831255089E-014
           3          26   2.9002507710700812E-014
           3          27   1.4369956611481995E-013
           3          28  -1.6838372977988727E-014
           3          29   1.4309433525923525E-013
           3          30   3.0132521377764618E-014
           3          31   1.4667580412372152E-013
           3          32  -1.3436439912546061E-013
           3          33   1.0053584590439990E-013
           4           1  -4.9197100660715618E-013
           4           2   1.3970735009200512E-012
           4           3  -1.1157891618517498E-004
           4           4   2.4077876727044982     
           4           5  -3.6817844510850023E-004
           4           6  -6.8824403788939407E-013
           4           7   4.0123988735295567E-004
           4           8  -1.1124652751781037     
           4           9   1.3239766338060831E-003
           4          10  -1.9043674005946855E-012
           4          11  -9.0649846627164320E-004
           4          12  0.36850615569659656     
           4          13  -2.9911851389864989E-003
           4          14   3.4832285134369059E-013
           4          15  -1.3612642563880087E-003
           4          16  -2.8783234217178200E-002
           4          17  -4.4917819108604637E-003
           4          18  -3.7965484167851121E-013
           4          19   1.8899094656602750E-003
           4          20  -1.2707413985649119E-002
           4          21   6.2361595958196252E-003
           4          22   5.2417602606113623E-013
           4          23   6.0103080866156695E-014
           4          24   6.2756642207486991E-015
           4          25   1.4211561307977252E-013
           4          26  -2.0010947929944182E-013
           4          27   2.1778723534891883E-013
           4          28  -8.6902684546421891E-013
           4          29  -2.0479508592314908E-013
           4          30  -7.6860146006915076E-013
           4          31  -1.9454507713129657E-014
           4          32   3.5506415887614616E-013
           4          33  -1.3240103573402781E-012
           5           1   2.2210750260551076E-013
           5           2  -6.9666123677653129E-013
           5           3   3.6174579627136266E-004
           5           4  -3.6817844510850023E-004
           5           5   2.4088677671182719     
           5           6  -9.8849312033964963E-013
           5           7  -1.3008447071910267E-003
           5           8   1.3239766339742198E-003
           5           9  -1.1163493150642445     
           5          10  -1.3520092029570079E-012
           5          11   2.9389244919096934E-003
           5          12  -2.9911851391565690E-003
           5          13  0.37728114619766123     
           5          14   5.9549659996529688E-013
           5          15   4.4133035088965633E-003
           5          16  -4.4917819113088585E-003
           5          17  -1.5606068055122518E-002
           5          18  -5.1843255165803618E-013
           5          19  -6.1272042074818536E-003
           5          20   6.2361595941912967E-003
           5          21  -3.1001915554606539E-002
           5          22   4.8254407086238766E-013
           5          23   8.7334612060341569E-014
           5          24   4.8991006863714853E-013
           5          25   1.6297373290889658E-013
           5          26   4.9177230336006838E-015
           5          27   4.1333548047422368E-013
           5          28  -5.4895360225146512E-013
           5          29  -1.3208425531624444E-013
           5          30  -5.8235734205432593E-013
           5          31  -1.0303886924191903E-013
           5          32  -5.9951584605980258E-014
           5          33  -7.6230846030727822E-013
           6           1  0.75639644179918775     
           6           2  -1.2265112672966743     
           6           3  -1.0496826848269344E-013
           6           4  -6.8824403788939407E-013
           6           5  -9.8849312033964963E-013
           6           6   3.4951332529222365     
           6           7  -1.3417069845524302E-012
           6           8   4.1427588830277816E-013
           6           9  -5.9311272104820202E-014
           6          10   1.3169546448416178     
           6          11   1.4413792953583883E-012
           6          12  -1.8470545351880626E-012
           6          13  -6.0840494385964943E-013
           6          14  0.21969243532386495     
           6          15   1.2552247872281354E-012
           6          16  -2.6388868661557183E-012
           6          17  -7.3529991364900664E-013
           6          18  0.19229574751979245     
           6          19  -2.0609981146198041E-012
           6          20   3.0309004469606066E-012
           6          21   2.7901483277603696E-013
           6          22 -0.11164131369423172     
           6          23  -1.7303372394064889E-004
           6          24 -0.11163603085729737     
           6          25   5.6098611092835848E-004
           6          26  -5.7096169810271673E-004
           6          27 -0.11018545325468349     
           6          28  -7.1435178483365752E-002
           6          29   5.2958043302437936E-004
           6          30  -7.1451346932377258E-002
           6          31  -1.7169327502977423E-003
           6          32   1.7474636523160877E-003
           6          33  -7.5890929558731279E-002
           7           1  -2.0232048220922443E-014
           7           2   8.6007769692199893E-014
           7           3  -1.1124511299523923     
           7           4   4.0123988735295567E-004
           7           5  -1.3008447071910267E-003
           7           6  -1.3417069845524302E-012
           7           7   3.0984901540988004     
           7           8  -1.4428220726745427E-003
           7           9   4.6777190304973576E-003
           7          10  -1.2449018658546026E-012
           7          11  -1.3866918493614910     
           7          12   3.2592476122803105E-003
           7          13  -1.0566683771836205E-002
           7          14  -1.6859173808641700E-012
           7          15   6.0271893813828789E-002
           7          16   4.8868983702541891E-003
           7          17  -1.5843628910582726E-002
           7          18   9.5168321634994664E-014
           7          19   2.5991928209124292E-002
           7          20  -6.8141403963412972E-003
           7          21   2.2091867612167596E-002
           7          22   3.7192925520521327E-013
           7          23   1.6883217452935013E-013
           7          24   2.6304763402054157E-013
           7          25   1.4344998466991645E-013
           7          26  -2.2500354047125818E-013
           7          27   4.4482368134519183E-013
           7          28  -2.7548096666349558E-013
           7          29  -5.7284101766952359E-013
           7          30  -6.5694315000225458E-014
           7          31  -5.1132896101445613E-013
           7          32   5.5905256529952088E-013
           7          33  -6.4686603231401244E-013
           8           1   1.2210631740589882E-013
           8           2  -5.0998173682328145E-013
           8           3   4.0123988729789928E-004
           8           4  -1.1124652751781037     
           8           5   1.3239766339742198E-003
           8           6   4.1427588830277816E-013
           8           7  -1.4428220726745427E-003
           8           8   3.0985410190416713     
           8           9  -4.7608993315555381E-003
           8          10   6.2578807634440962E-012
           8          11   3.2592476122796014E-003
           8          12  -1.3868067501844905     
           8          13   1.0754583030306500E-002
           8          14   6.1841761995465421E-013
           8          15   4.8868983698826859E-003
           8          16   6.0099612136427394E-002
           8          17   1.6125364049850162E-002
           8          18  -7.1909667660630855E-016
           8          19  -6.8141403971879108E-003
           8          20   2.6232152466334743E-002
           8          21  -2.2484710402778670E-002
           8          22   2.0004511257350421E-013
           8          23  -9.9912795405569884E-014
           8          24   6.2707636725558101E-013
           8          25  -1.9152756750440529E-013
           8          26   3.0332790968729783E-013
           8          27   2.9675921994606570E-013
           8          28   2.8615282663308544E-012
           8          29   5.1101758732216273E-013
           8          30   2.0726356325680857E-012
           8          31   4.9727542085751156E-013
           8          32  -8.9704140635886653E-013
           8          33   3.3745151246227047E-012
           9           1   5.0124888708426649E-015
           9           2  -1.1893890161790870E-013
           9           3  -1.3008447071028405E-003
           9           4   1.3239766338060831E-003
           9           5  -1.1163493150642445     
           9           6  -5.9311272104820202E-014
           9           7   4.6777190304973576E-003
           9           8  -4.7608993315555381E-003
           9           9   3.1125076725482059     
           9          10   3.6759210315681070E-012
           9          11  -1.0566683771870290E-002
           9          12   1.0754583030382816E-002
           9          13  -1.4183565739323560     
           9          14  -1.4340446634812390E-012
           9          15  -1.5843628911674054E-002
           9          16   1.6125364051963999E-002
           9          17   1.2793975813679869E-002
           9          18   1.6965854617724906E-012
           9          19   2.2091867608843865E-002
           9          20  -2.2484710396656563E-002
           9          21   9.2193673081325950E-002
           9          22   2.7781421555500147E-014
           9          23  -1.3702772235812489E-013
           9          24  -6.1523374126593127E-014
           9          25  -5.1792834590862358E-013
           9          26   3.6704204242122097E-015
           9          27   2.8198782478748895E-013
           9          28   1.1654455603486558E-012
           9          29   3.5085464839871609E-013
           9          30   1.7385515998872330E-012
           9          31   5.8658821443781226E-013
           9          32   1.2246379090388622E-013
           9          33   1.9333791441491996E-012
          10           1   1.9859254169366514E-002
          10           2 -0.42031038962816436     
          10           3   2.2250300587906223E-013
          10           4  -1.9043674005946855E-012
          10           5  -1.3520092029570079E-012
          10           6   1.3169546448416178     
          10           7  -1.2449018658546026E-012
          10           8   6.2578807634440962E-012
          10           9   3.6759210315681070E-012
          10          10   2.7910469006567080     
          10          11   3.4299633688348650E-012
          10          12  -1.0752227108313839E-011
          10          13  -6.2465532867355435E-012
          10          14  0.36014638875448096     
          10          15   2.8187781570866506E-012
          10          16  -6.1147743536360569E-012
          10          17  -3.6749627958223574E-012
          10          18  0.41570212311685079     
          10          19  -3.6098288487263074E-012
          10          20   6.4962769061904191E-012
          10          21   3.4538791164710725E-012
          10          22  -1.8885991771301194E-002
          10          23  -9.4477307685784701E-004
          10          24  -1.8857147208144333E-002
          10          25   3.0630131636281031E-003
          10          26  -3.1174803839931400E-003
          10          27  -1.0936918520570563E-002
          10          28   5.5707270317172895E-003
          10          29   2.7358169941312789E-003
          10          30   5.4872006814498595E-003
          10          31  -8.8696891035026509E-003
          10          32   9.0274120005785722E-003
          10          33  -1.7447720694161527E-002
          11           1   6.8997641464123649E-014
          11           2  -2.4402387497713441E-013
          11           3  0.36847419819208105     
          11           4  -9.0649846627164320E-004
          11           5   2.9389244919096934E-003
          11           6   1.4413792953583883E-012
          11           7  -1.3866918493614910     
          11           8   3.2592476122796014E-003
          11           9  -1.0566683771870290E-002
          11          10   3.4299633688348650E-012
          11          11   2.5913402831136776     
          11          12  -7.3583141603644469E-003
          11          13   2.3856112844363401E-002
          11          14   3.3674156745455924E-012
          11          15  -8.2126958355920793E-002
          11          16  -1.0972166515826184E-002
          11          17   3.5572447276791930E-002
          11          18   9.7710539193242250E-014
          11          19  -3.9580129128818267E-002
          11          20   1.5525461844507416E-002
          11          21  -5.0334514367966016E-002
          11          22  -2.6830279371955848E-014
          11          23  -4.6721259064393505E-013
          11          24  -1.2463547767415877E-013
          11          25  -4.8578314620582651E-013
          11          26   4.1703970520234540E-013
          11          27  -4.3593508297301640E-013
          11          28   4.8088898613570432E-013
          11          29   1.3297464075545743E-012
          11          30   7.3063339823972071E-013
          11          31   1.3055459971627650E-012
          11          32  -1.1394690360791227E-012
          11          33   1.7902851743016290E-012
          12           1  -1.8278671806566798E-013
          12           2   7.9121859078323972E-013
          12           3  -9.0649846634136358E-004
          12           4  0.36850615569659656     
          12           5  -2.9911851391565690E-003
          12           6  -1.8470545351880626E-012
          12           7   3.2592476122803105E-003
          12           8  -1.3868067501844905     
          12           9   1.0754583030382816E-002
          12          10  -1.0752227108313839E-011
          12          11  -7.3583141603644469E-003
          12          12   2.5915996915580539     
          12          13  -2.4280327859294674E-002
          12          14  -2.8249372208142196E-012
          12          15  -1.0972166515136586E-002
          12          16  -8.1740147927579221E-002
          12          17  -3.6205004909009728E-002
          12          18   2.4890807087119552E-013
          12          19   1.5525461846440243E-002
          12          20  -4.0127460460967213E-002
          12          21   5.1229574552145621E-002
          12          22  -8.2047626239167833E-014
          12          23   3.0924054569470118E-013
          12          24  -5.7832044822188718E-013
          12          25   4.5754622620770717E-013
          12          26  -7.1403942297197369E-013
          12          27   2.9298522209028356E-013
          12          28  -4.6490375936074561E-012
          12          29  -1.0841784770961387E-012
          12          30  -3.0088760616242966E-012
          12          31  -1.1594406103709802E-012
          12          32   2.0970622027068920E-012
          12          33  -5.7581169746640063E-012
          13           1  -7.9846743373081549E-014
          13           2   3.8281741886337676E-013
          13           3   2.9389244918798518E-003
          13           4  -2.9911851389864989E-003
          13           5  0.37728114619766123     
          13           6  -6.0840494385964943E-013
          13           7  -1.0566683771836205E-002
          13           8   1.0754583030306500E-002
          13           9  -1.4183565739323560     
          13          10  -6.2465532867355435E-012
          13          11   2.3856112844363401E-002
          13          12  -2.4280327859294674E-002
          13          13   2.6628288654215835     
          13          14   2.2297906455939501E-012
          13          15   3.5572447279182517E-002
          13          16  -3.6205004913327982E-002
          13          17   2.4471456969195282E-002
          13          18  -3.5901763853973338E-012
          13          19  -5.0334514360252845E-002
          13          20   5.1229574537994108E-002
          13          21 -0.19041539289827139     
          13          22  -1.2024951300652263E-013
          13          23   2.0152536172018810E-013
          13          24  -7.3823511736155998E-014
          13          25   5.4991274390150047E-013
          13          26  -6.8527495543202137E-014
          13          27   8.2649456252909011E-014
          13          28  -1.8912060185719331E-012
          13          29  -8.5525387812579702E-013
          13          30  -2.7866693842751365E-012
          13          31  -1.2522024542280768E-012
          13          32  -4.8208941782201391E-014
          13          33  -3.3017745305150023E-012
          14           1   5.6930344362229601E-002
          14           2  -9.8292524117712221E-002
          14           3   4.0900347713206445E-013
          14           4   3.4832285134369059E-013
          14           5   5.9549659996529688E-013
          14           6  0.21969243532386495     
          14           7  -1.6859173808641700E-012
          14           8   6.1841761995465421E-013
          14           9  -1.4340446634812390E-012
          14          10  0.36014638875448096     
          14          11   3.3674156745455924E-012
          14          12  -2.8249372208142196E-012
          14          13   2.2297906455939501E-012
          14          14  0.61046393093161022     
          14          15   5.3990299373314828E-012
          14          16  -8.1405315473123758E-012
          14          17   8.5664047312235589E-013
          14          18  0.61363578278058972     
          14          19  -6.8337764275941842E-012
          14          20   1.0497819239149493E-011
          14          21  -2.6851205865332283E-012
          14          22  -7.3486418386520761E-003
          14          23  -2.6883594727472864E-004
          14          24  -7.3404340985479960E-003
          14          25   8.7158288625106069E-004
          14          26  -8.8708157912392835E-004
          14          27  -5.0867265830859465E-003
          14          28  -9.6587991671972118E-003
          14          29   8.4172586392287712E-004
          14          30  -9.6844976176972200E-003
          14          31  -2.7289276798937640E-003
          14          32   2.7774541160621373E-003
          14          33  -1.6740860151202554E-002
          15           1   9.6707582688513853E-014
          15           2  -3.0192779596436517E-013
          15           3  -2.8831223938245207E-002
          15           4  -1.3612642563880087E-003
          15           5   4.4133035088965633E-003
          15           6   1.2552247872281354E-012
          15           7   6.0271893813828789E-002
          15           8   4.8868983698826859E-003
          15           9  -1.5843628911674054E-002
          15          10   2.8187781570866506E-012
          15          11  -8.2126958355920793E-002
          15          12  -1.0972166515136586E-002
          15          13   3.5572447279182517E-002
          15          14   5.3990299373314828E-012
          15          15   1.9077880160360487E-002
          15          16  -1.5854259261552747E-002
          15          17   5.1400496053500160E-002
          15          18   6.3324317345706668E-013
          15          19  -2.2221327177477160E-002
          15          20   2.3575508729185648E-002
          15          21  -7.6433267798302465E-002
          15          22   9.8168723270758175E-013
          15          23  -1.2080178507280630E-012
          15          24  -4.3614884806490447E-013
          15          25  -1.3643302058251434E-012
          15          26   5.5052937770217754E-013
          15          27  -6.3311760439603133E-013
          15          28  -2.9628393683557561E-012
          15          29   3.5387569392265634E-012
          15          30   1.6660730096418051E-012
          15          31   3.6720958058217683E-012
          15          32  -1.4708759320964553E-012
          15          33   2.5158128732459890E-012
          16           1  -2.0407801538809640E-013
          16           2   7.3586407002173141E-013
          16           3  -1.3612642562014035E-003
          16           4  -2.8783234217178200E-002
          16           5  -4.4917819113088585E-003
          16           6  -2.6388868661557183E-012
          16           7   4.8868983702541891E-003
          16           8   6.0099612136427394E-002
          16           9   1.6125364051963999E-002
          16          10  -6.1147743536360569E-012
          16          11  -1.0972166515826184E-002
          16          12  -8.1740147927579221E-002
          16          13  -3.6205004913327982E-002
          16          14  -8.1405315473123758E-012
          16          15  -1.5854259261552747E-002
          16          16   1.9636802850679137E-002
          16          17  -5.2314511778273794E-002
          16          18   1.1812382236766880E-012
          16          19   2.3575508733545938E-002
          16          20  -2.3052453153099256E-002
          16          21   7.7792422165048919E-002
          16          22  -6.1736009980760070E-014
          16          23   7.2889308426842689E-013
          16          24  -8.7874521148850768E-013
          16          25   7.5980077348307909E-013
          16          26  -1.4806316422825734E-012
          16          27   1.1525089612361754E-012
          16          28  -9.5935887732259616E-013
          16          29  -2.2426413853426534E-012
          16          30   1.0538684436469647E-012
          16          31  -2.4049200960636186E-012
          16          32   4.4673853894549382E-012
          16          33  -4.4685311094171625E-012
          17           1  -8.2573198570606406E-014
          17           2   3.8457537632349233E-013
          17           3   4.4133035086754147E-003
          17           4  -4.4917819108604637E-003
          17           5  -1.5606068055122518E-002
          17           6  -7.3529991364900664E-013
          17           7  -1.5843628910582726E-002
          17           8   1.6125364049850162E-002
          17           9   1.2793975813679869E-002
          17          10  -3.6749627958223574E-012
          17          11   3.5572447276791930E-002
          17          12  -3.6205004909009728E-002
          17          13   2.4471456969195282E-002
          17          14   8.5664047312235589E-013
          17          15   5.1400496053500160E-002
          17          16  -5.2314511778273794E-002
          17          17  0.17310752516056968     
          17          18  -5.2245618981945482E-012
          17          19  -7.6433267781631745E-002
          17          20   7.7792422133696040E-002
          17          21 -0.25126559735697118     
          17          22   1.5443723893606503E-013
          17          23   4.5880866795142879E-013
          17          24  -2.1684324894403162E-013
          17          25   8.1050571617906510E-013
          17          26  -6.7947463958031439E-013
          17          27   5.5541463609267599E-014
          17          28  -1.3437457935155046E-012
          17          29  -1.3384118038464124E-012
          17          30  -3.1140906770630027E-013
          17          31  -2.5063040066992278E-012
          17          32   1.9202354446783086E-012
          17          33  -9.4752023206565978E-013
          18           1   6.2784124742432850E-003
          18           2  -6.2444668335705382E-002
          18           3   4.4041110387284909E-014
          18           4  -3.7965484167851121E-013
          18           5  -5.1843255165803618E-013
          18           6  0.19229574751979245     
          18           7   9.5168321634994664E-014
          18           8  -7.1909667660630855E-016
          18           9   1.6965854617724906E-012
          18          10  0.41570212311685079     
          18          11   9.7710539193242250E-014
          18          12   2.4890807087119552E-013
          18          13  -3.5901763853973338E-012
          18          14  0.61363578278058972     
          18          15   6.3324317345706668E-013
          18          16   1.1812382236766880E-012
          18          17  -5.2245618981945482E-012
          18          18  0.62123437201785303     
          18          19  -1.6327900025663423E-012
          18          20   2.8506958864337787E-012
          18          21   9.1525912073046399E-012
          18          22  -1.0424794298121048E-003
          18          23   5.8146755255112888E-004
          18          24  -1.0602320257707036E-003
          18          25  -1.8851540240639292E-003
          18          26   1.9186762768703674E-003
          18          27  -5.9347951403071891E-003
          18          28  -1.5289565425108974E-002
          18          29  -1.7458432987824588E-003
          18          30  -1.5236263653062868E-002
          18          31   5.6601327199982017E-003
          18          32  -5.7607825324219944E-003
          18          33  -6.0049711469178750E-004
          19           1  -2.1217864332302075E-013
          19           2   7.0283263652203326E-013
          19           3  -1.2640787518933091E-002
          19           4   1.8899094656602750E-003
          19           5  -6.1272042074818536E-003
          19           6  -2.0609981146198041E-012
          19           7   2.5991928209124292E-002
          19           8  -6.8141403971879108E-003
          19           9   2.2091867608843865E-002
          19          10  -3.6098288487263074E-012
          19          11  -3.9580129128818267E-002
          19          12   1.5525461846440243E-002
          19          13  -5.0334514360252845E-002
          19          14  -6.8337764275941842E-012
          19          15  -2.2221327177477160E-002
          19          16   2.3575508733545938E-002
          19          17  -7.6433267781631745E-002
          19          18  -1.6327900025663423E-012
          19          19   3.4609930434034132E-002
          19          20  -3.4963150948938398E-002
          19          21  0.11335271320127176     
          19          22   6.5947390477584434E-014
          19          23  -6.2487020916305321E-013
          19          24   3.3307840270989399E-013
          19          25  -1.1069058218348399E-013
          19          26  -2.6669223829611255E-013
          19          27  -2.5146790858719800E-013
          19          28  -4.3211047333264626E-013
          19          29   1.8138252257653269E-012
          19          30  -8.9227135525569747E-013
          19          31   2.8162828841336098E-013
          19          32   8.4757295326883843E-013
          19          33   8.4682710915217195E-013
          20           1   2.8016529610148820E-013
          20           2  -9.8857758618617509E-013
          20           3   1.8899094655821149E-003
          20           4  -1.2707413985649119E-002
          20           5   6.2361595941912967E-003
          20           6   3.0309004469606066E-012
          20           7  -6.8141403963412972E-003
          20           8   2.6232152466334743E-002
          20           9  -2.2484710396656563E-002
          20          10   6.4962769061904191E-012
          20          11   1.5525461844507416E-002
          20          12  -4.0127460460967213E-002
          20          13   5.1229574537994108E-002
          20          14   1.0497819239149493E-011
          20          15   2.3575508729185648E-002
          20          16  -2.3052453153099256E-002
          20          17   7.7792422133696040E-002
          20          18   2.8506958864337787E-012
          20          19  -3.4963150948938398E-002
          20          20   3.5842513922340849E-002
          20          21 -0.11536837781873656     
          20          22  -5.9537331266707212E-013
          20          23   4.4077364487529020E-013
          20          24   2.5335994974032215E-013
          20          25  -3.4924352146548688E-014
          20          26   5.7784618320518680E-013
          20          27   1.3902530656055248E-013
          20          28   2.5815365635101470E-012
          20          29  -1.2562084042983183E-012
          20          30  -2.7450724299834489E-013
          20          31  -2.1498614068401030E-013
          20          32  -1.5430686503590108E-012
          20          33   9.9085310250253017E-014
          21           1   5.3524369602394228E-014
          21           2  -3.1766075894448684E-013
          21           3  -6.1272042082482258E-003
          21           4   6.2361595958196252E-003
          21           5  -3.1001915554606539E-002
          21           6   2.7901483277603696E-013
          21           7   2.2091867612167596E-002
          21           8  -2.2484710402778670E-002
          21           9   9.2193673081325950E-002
          21          10   3.4538791164710725E-012
          21          11  -5.0334514367966016E-002
          21          12   5.1229574552145621E-002
          21          13 -0.19041539289827139     
          21          14  -2.6851205865332283E-012
          21          15  -7.6433267798302465E-002
          21          16   7.7792422165048919E-002
          21          17 -0.25126559735697118     
          21          18   9.1525912073046399E-012
          21          19  0.11335271320127176     
          21          20 -0.11536837781873656     
          21          21  0.37428910708263979     
          21          22   5.5931447954127884E-013
          21          23  -4.5268622929775698E-013
          21          24   8.0352900525798279E-013
          21          25   3.0743756659611111E-013
          21          26  -1.4079971394086026E-012
          21          27  -1.3025673470406247E-012
          21          28  -1.0603499777430010E-012
          21          29   1.3925427094286115E-012
          21          30  -1.5561794476474953E-012
          21          31  -1.0852796307508112E-012
          21          32   4.1711359463928536E-012
          21          33   4.7245623196124050E-012
          22           1 -0.20883170361138251     
          22           2  -6.7958092975894835E-002
          22           3   1.2700445363599538E-013
          22           4   5.2417602606113623E-013
          22           5   4.8254407086238766E-013
          22           6 -0.11164131369423172     
          22           7   3.7192925520521327E-013
          22           8   2.0004511257350421E-013
          22           9   2.7781421555500147E-014
          22          10  -1.8885991771301194E-002
          22          11  -2.6830279371955848E-014
          22          12  -8.2047626239167833E-014
          22          13  -1.2024951300652263E-013
          22          14  -7.3486418386520761E-003
          22          15   9.8168723270758175E-013
          22          16  -6.1736009980760070E-014
          22          17   1.5443723893606503E-013
          22          18  -1.0424794298121048E-003
          22          19   6.5947390477584434E-014
          22          20  -5.9537331266707212E-013
          22          21   5.5931447954127884E-013
          22          22   2.2081669886922364     
          22          23   9.1019308373799608E-007
          22          24  -1.0595869664196240     
          22          25  -2.9509028156254594E-006
          22          26   3.0033764153927569E-006
          22          27  -1.0595945967574081     
          22          28 -0.62066284880799505     
          22          29  -1.2260453300301624E-005
          22          30  0.31472725582007088     
          22          31   3.9749153285227293E-005
          22          32  -4.0455982081516002E-005
          22          33  0.31483003774336071     
          23           1  -1.5349398010375141E-005
          23           2   5.4248773732588287E-005
          23           3  -4.6411234994801962E-014
          23           4   6.0103080866156695E-014
          23           5   8.7334612060341569E-014
          23           6  -1.7303372394064889E-004
          23           7   1.6883217452935013E-013
          23           8  -9.9912795405569884E-014
          23           9  -1.3702772235812489E-013
          23          10  -9.4477307685784701E-004
          23          11  -4.6721259064393505E-013
          23          12   3.0924054569470118E-013
          23          13   2.0152536172018810E-013
          23          14  -2.6883594727472864E-004
          23          15  -1.2080178507280630E-012
          23          16   7.2889308426842689E-013
          23          17   4.5880866795142879E-013
          23          18   5.8146755255112888E-004
          23          19  -6.2487020916305321E-013
          23          20   4.4077364487529020E-013
          23          21  -4.5268622929775698E-013
          23          22   9.1019308373799608E-007
          23          23   2.1785025069323121     
          23          24   9.1359065286783142E-007
          23          25   3.6078651022294827E-007
          23          26  -3.6720208462631442E-007
          23          27   1.8464993205880438E-006
          23          28  -4.6897082576909512E-004
          23          29 -0.62359282318646336     
          23          30  -4.6898091176597080E-004
          23          31  -1.0710226849326520E-006
          23          32   1.0900678243596164E-006
          23          33  -4.7175032344967313E-004
          24           1 -0.20883123498382056     
          24           2  -6.7959749227758673E-002
          24           3   1.5811262160272618E-013
          24           4   6.2756642207486991E-015
          24           5   4.8991006863714853E-013
          24           6 -0.11163603085729737     
          24           7   2.6304763402054157E-013
          24           8   6.2707636725558101E-013
          24           9  -6.1523374126593127E-014
          24          10  -1.8857147208144333E-002
          24          11  -1.2463547767415877E-013
          24          12  -5.7832044822188718E-013
          24          13  -7.3823511736155998E-014
          24          14  -7.3404340985479960E-003
          24          15  -4.3614884806490447E-013
          24          16  -8.7874521148850768E-013
          24          17  -2.1684324894403162E-013
          24          18  -1.0602320257707036E-003
          24          19   3.3307840270989399E-013
          24          20   2.5335994974032215E-013
          24          21   8.0352900525798279E-013
          24          22  -1.0595869664196240     
          24          23   9.1359065286783142E-007
          24          24   2.2081669330105784     
          24          25  -2.9619176817082365E-006
