           1           1   2.1514398016699952     
           1           2 -0.59914675115509275     
           1           3   3.0175699453795931E-013
           1           4  -5.7091159664251020E-013
           1           5   9.5851574303949548E-013
           1           6  0.16713422482967985     
           1           7  -1.1229778817625365E-014
           1           8   6.5606675249025436E-014
           1           9  -5.9953715552425994E-014
           1          10   5.5262719312072685E-003
           1          11   4.9160415632553131E-014
           1          12  -2.5700725243476777E-013
           1          13   3.1933911294190334E-013
           1          14  -1.6650030199910383E-002
           1          15   1.2329442358779297E-013
           1          16   2.5671165732932209E-013
           1          17  -2.9753923372946815E-013
           2           1 -0.59914675115509275     
           2           2   2.3731962124846078     
           2           3  -1.1472675016317450E-012
           2           4   1.9215657607601716E-012
           2           5  -2.7276598369353644E-012
           2           6 -0.73001719735949600     
           2           7  -1.1683008255760616E-013
           2           8  -2.8853370864660765E-013
           2           9   6.3491748428405279E-013
           2          10   4.2945212371865715E-005
           2          11  -1.6574213496462673E-013
           2          12   8.7283439504923573E-013
           2          13  -1.0854739664442250E-012
           2          14   4.9025798501128759E-002
           2          15  -4.1730254315138120E-013
           2          16  -7.9804958814672193E-013
           2          17   8.5782641587101428E-013
           3           1   3.0175699453795931E-013
           3           2  -1.1472675016317450E-012
           3           3   2.1679646389952296     
           3           4   7.0776717819855001E-016
           3           5   5.4817261840866868E-015
           3           6  -6.7200023107416295E-014
           3           7 -0.59633459158076163     
           3           8   2.9837243786800530E-015
           3           9  -8.4793283505745652E-015
           3          10  -2.3776767576884106E-015
           3          11  -6.1301219472295311E-002
           3          12  -1.6557935578198314E-014
           3          13   1.5525775109990483E-015
           3          14   2.7811684549401786E-014
           3          15   3.0135673454665061E-002
           3          16  -1.6033181726715726E-015
           3          17   4.9643449073766466E-015
           4           1  -5.7091159664251020E-013
           4           2   1.9215657607601716E-012
           4           3   7.0776717819855001E-016
           4           4   2.1679646389952429     
           4           5   3.0947466811424862E-015
           4           6   9.9294035361632000E-014
           4           7  -1.6847634398686763E-014
           4           8 -0.59633459158075985     
           4           9   1.1102230246255482E-015
           4          10  -5.8031773866728737E-015
           4          11   1.7098301940965304E-014
           4          12  -6.1301219472313491E-002
           4          13  -2.2305074454110899E-014
           4          14  -1.6950833105846312E-014
           4          15  -1.2074542754536083E-014
           4          16   3.0135673454677415E-002
           4          17   3.0975222387041975E-014
           5           1   9.5851574303949548E-013
           5           2  -2.7276598369353644E-012
           5           3   5.4817261840866868E-015
           5           4   3.0947466811424862E-015
           5           5   2.1679646389952381     
           5           6  -5.0961945275699649E-014
           5           7   5.5511151231283859E-017
           5           8  -1.3697376566312271E-014
           5           9 -0.59633459158077140     
           5          10  -4.4079679492206519E-014
           5          11   4.0202216555764311E-015
           5          12   1.3474464599646489E-014
           5          13  -6.1301219472269138E-002
           5          14  -1.4622643175211008E-014
           5          15   1.1058862159261190E-016
           5          16   3.1420178958630877E-015
           5          17   3.0135673454661477E-002
           6           1  0.16713422482967985     
           6           2 -0.73001719735949600     
           6           3  -6.7200023107416295E-014
           6           4   9.9294035361632000E-014
           6           5  -5.0961945275699649E-014
           6           6   2.2759335339893871     
           6           7  -7.9805222929674330E-015
           6           8  -1.2190647192935321E-014
           6           9   4.7806863934770679E-014
           6          10 -0.10859114053798907     
           6          11  -1.7383585530368020E-014
           6          12   1.2437714018131816E-013
           6          13  -4.0741069604660598E-014
           6          14 -0.14469255889447391     
           6          15  -9.1441059621117729E-016
           6          16  -4.6420221353714751E-014
           6          17   2.1972739485729534E-014
           7           1  -1.1229778817625365E-014
           7           2  -1.1683008255760616E-013
           7           3 -0.59633459158076163     
           7           4  -1.6847634398686763E-014
           7           5   5.5511151231283859E-017
           7           6  -7.9805222929674330E-015
           7           7   2.1201310025645634     
           7           8   2.1094237467878574E-015
           7           9   1.4988010832438880E-015
           7          10   1.9593439447588467E-014
           7          11  0.13794292630351729     
           7          12   2.3165497298193947E-014
           7          13  -1.5955986532034463E-014
           7          14   5.6821522368879925E-015
           7          15  -6.3298181086164862E-002
           7          16  -2.8900493109773512E-015
           7          17  -2.2545333655532592E-014
           8           1   6.5606675249025436E-014
           8           2  -2.8853370864660765E-013
           8           3   2.9837243786800530E-015
           8           4 -0.59633459158075985     
           8           5  -1.3697376566312271E-014
           8           6  -1.2190647192935321E-014
           8           7   2.1094237467878574E-015
           8           8   2.1201310025645155     
           8           9   1.1712852909793698E-014
           8          10   1.5327866674167499E-013
           8          11  -4.3111347824975193E-014
           8          12  0.13794292630362553     
           8          13   1.9734214262717004E-014
           8          14  -7.8571186572630686E-014
           8          15   7.0285791076150185E-014
           8          16  -6.3298181086225383E-002
           8          17  -4.3963097051680696E-014
           9           1  -5.9953715552425994E-014
           9           2   6.3491748428405279E-013
           9           3  -8.4793283505745652E-015
           9           4   1.1102230246255482E-015
           9           5 -0.59633459158077140     
           9           6   4.7806863934770679E-014
           9           7   1.4988010832438880E-015
           9           8   1.1712852909793698E-014
           9           9   2.1201310025645550     
           9          10  -8.7290801801405157E-014
           9          11   1.3933298959045200E-014
           9          12  -4.4533821075267018E-014
           9          13  0.13794292630354688     
           9          14  -4.3609343651851469E-015
           9          15  -2.9236162102372531E-014
           9          16   2.2508037100798801E-014
           9          17  -6.3298181086179794E-002
          10           1   5.5262719312072685E-003
          10           2   4.2945212371865715E-005
          10           3  -2.3776767576884106E-015
          10           4  -5.8031773866728737E-015
          10           5  -4.4079679492206519E-014
          10           6 -0.10859114053798907     
          10           7   1.9593439447588467E-014
          10           8   1.5327866674167499E-013
          10           9  -8.7290801801405157E-014
          10          10  0.35704837397548911     
          10          11   9.8288878509966507E-015
          10          12  -1.2573609468107018E-013
          10          13   8.7596783461375693E-014
          10          14  0.27450009301101364     
          10          15  -3.0090643921105351E-014
          10          16   8.2636889678416539E-015
          10          17  -1.6066304558971071E-014
          11           1   4.9160415632553131E-014
          11           2  -1.6574213496462673E-013
          11           3  -6.1301219472295311E-002
          11           4   1.7098301940965304E-014
          11           5   4.0202216555764311E-015
          11           6  -1.7383585530368020E-014
          11           7  0.13794292630351729     
          11           8  -4.3111347824975193E-014
          11           9   1.3933298959045200E-014
          11          10   9.8288878509966507E-015
          11          11   9.2701293432555371E-003
          11          12  -1.2544219135680790E-015
          11          13  -1.0213184464667069E-016
          11          14   4.0779636607537564E-015
          11          15  -4.2694449806035106E-003
          11          16   1.1468690580552336E-015
          11          17  -1.9080874033573824E-015
          12           1  -2.5700725243476777E-013
          12           2   8.7283439504923573E-013
          12           3  -1.6557935578198314E-014
          12           4  -6.1301219472313491E-002
          12           5   1.3474464599646489E-014
          12           6   1.2437714018131816E-013
          12           7   2.3165497298193947E-014
          12           8  0.13794292630362553     
          12           9  -4.4533821075267018E-014
          12          10  -1.2573609468107018E-013
          12          11  -1.2544219135680790E-015
          12          12   9.2701293432702545E-003
          12          13  -1.6939574743185919E-015
          12          14  -9.7946774152614219E-014
          12          15   3.9790219730336342E-015
          12          16  -4.2694449806109196E-003
          12          17  -1.8119186706551094E-015
          13           1   3.1933911294190334E-013
          13           2  -1.0854739664442250E-012
          13           3   1.5525775109990483E-015
          13           4  -2.2305074454110899E-014
          13           5  -6.1301219472269138E-002
          13           6  -4.0741069604660598E-014
          13           7  -1.5955986532034463E-014
          13           8   1.9734214262717004E-014
          13           9  0.13794292630354688     
          13          10   8.7596783461375693E-014
          13          11  -1.0213184464667069E-016
          13          12  -1.6939574743185919E-015
          13          13   9.2701293432590638E-003
          13          14   5.5202803026376556E-014
          13          15  -1.5131125519281391E-015
          13          16   6.9800935864694577E-016
          13          17  -4.2694449806051638E-003
          14           1  -1.6650030199910383E-002
          14           2   4.9025798501128759E-002
          14           3   2.7811684549401786E-014
          14           4  -1.6950833105846312E-014
          14           5  -1.4622643175211008E-014
          14           6 -0.14469255889447391     
          14           7   5.6821522368879925E-015
          14           8  -7.8571186572630686E-014
          14           9  -4.3609343651851469E-015
          14          10  0.27450009301101364     
          14          11   4.0779636607537564E-015
          14          12  -9.7946774152614219E-014
          14          13   5.5202803026376556E-014
          14          14  0.21314376165856727     
          14          15  -2.8020016331474620E-014
          14          16   1.3737609018775855E-015
          14          17  -1.8211191357068218E-015
          15           1   1.2329442358779297E-013
          15           2  -4.1730254315138120E-013
          15           3   3.0135673454665061E-002
          15           4  -1.2074542754536083E-014
          15           5   1.1058862159261190E-016
          15           6  -9.1441059621117729E-016
          15           7  -6.3298181086164862E-002
          15           8   7.0285791076150185E-014
          15           9  -2.9236162102372531E-014
          15          10  -3.0090643921105351E-014
          15          11  -4.2694449806035106E-003
          15          12   3.9790219730336342E-015
          15          13  -1.5131125519281391E-015
          15          14  -2.8020016331474620E-014
          15          15   1.9694631383824282E-003
          15          16  -2.0483831644772016E-015
          15          17   1.5531467171405183E-015
          16           1   2.5671165732932209E-013
          16           2  -7.9804958814672193E-013
          16           3  -1.6033181726715726E-015
          16           4   3.0135673454677415E-002
          16           5   3.1420178958630877E-015
          16           6  -4.6420221353714751E-014
          16           7  -2.8900493109773512E-015
          16           8  -6.3298181086225383E-002
          16           9   2.2508037100798801E-014
          16          10   8.2636889678416539E-015
          16          11   1.1468690580552336E-015
          16          12  -4.2694449806109196E-003
          16          13   6.9800935864694577E-016
          16          14   1.3737609018775855E-015
          16          15  -2.0483831644772016E-015
          16          16   1.9694631383861266E-003
          16          17   8.4768346855771552E-016
          17           1  -2.9753923372946815E-013
          17           2   8.5782641587101428E-013
          17           3   4.9643449073766466E-015
          17           4   3.0975222387041975E-014
          17           5   3.0135673454661477E-002
          17           6   2.1972739485729534E-014
          17           7  -2.2545333655532592E-014
          17           8  -4.3963097051680696E-014
          17           9  -6.3298181086179794E-002
          17          10  -1.6066304558971071E-014
          17          11  -1.9080874033573824E-015
          17          12  -1.8119186706551094E-015
          17          13  -4.2694449806051638E-003
          17          14  -1.8211191357068218E-015
          17          15   1.5531467171405183E-015
          17          16   8.4768346855771552E-016
          17          17   1.9694631383832427E-003
