           1           1   2.1929048897305226     
           1           2 -0.70751927986380592     
           1           3   8.6404364728378902E-014
           1           4   3.9850732388467651E-014
           1           5   9.8998113755205149E-015
           1           6  0.23978430399964368     
           1           7   1.9471567826862436E-014
           1           8   1.4314193481794140E-015
           1           9  -2.7841049955453710E-015
           1          10  -8.1261120072470532E-003
           1          11  -1.2667085010730568E-015
           1          12  -2.2206375986618736E-015
           1          13  -1.7500415839746188E-014
           1          14  -6.8013131600886456E-002
           1          15  -1.8819793918398219E-014
           1          16  -1.8367950631067142E-014
           1          17   1.8742405302516924E-014
           1          18   1.0823890108306117E-002
           1          19  -4.7683694064865466E-014
           1          20   1.0823890108370466E-002
           1          21   2.1658995593358407E-014
           1          22   8.1396798376561120E-014
           1          23   1.0823890108481865E-002
           2           1 -0.70751927986380592     
           2           2   2.6072007865312958     
           2           3  -2.0183144669510580E-013
           2           4   1.9683408854952533E-014
           2           5  -3.0533305375132966E-014
           2           6  -1.0435436435369150     
           2           7   2.6461513082998530E-014
           2           8   5.6474310286389784E-014
           2           9  -1.0399776157257359E-014
           2          10   8.5151522538683633E-002
           2          11  -2.8445382278245137E-014
           2          12  -4.2714609881558851E-014
           2          13   5.8471812277561673E-014
           2          14  0.23074445809818500     
           2          15  -2.5068263254792094E-015
           2          16   9.5202924719124034E-015
           2          17  -5.8805917099178042E-014
           2          18  -1.7532864443349259E-002
           2          19   1.0976792138889517E-013
           2          20  -1.7532864443439780E-002
           2          21  -3.1828626902848456E-014
           2          22  -1.6192449795368381E-013
           2          23  -1.7532864443567227E-002
           3           1   8.6404364728378902E-014
           3           2  -2.0183144669510580E-013
           3           3   2.3496977819599785     
           3           4   5.5762686135274464E-015
           3           5   5.7853027923826517E-016
           3           6  -4.3544524313299929E-014
           3           7 -0.94421867990732511     
           3           8  -2.0789793497844045E-014
           3           9   1.0491390742273232E-014
           3          10   3.0987724051511805E-015
           3          11   7.8870303754966370E-002
           3          12   4.4873826876568046E-014
           3          13  -7.1533490936248612E-014
           3          14  -8.5310837523404445E-015
           3          15  0.16124788830951980     
           3          16  -3.6822975224559684E-014
           3          17   5.7977494333227853E-014
           3          18  -9.4713099901694673E-013
           3          19  -6.1197284484464560E-013
           3          20  -2.6757667853355766E-013
           3          21   2.1842772844623326E-013
           3          22   9.5178828129529192E-013
           3          23   1.2748294645177236E-012
           4           1   3.9850732388467651E-014
           4           2   1.9683408854952533E-014
           4           3   5.5762686135274464E-015
           4           4   2.3496977819599651     
           4           5  -2.2776919239575477E-015
           4           6  -9.9184624130381719E-014
           4           7  -1.5876189252139739E-014
           4           8 -0.94421867990729025     
           4           9  -1.2659144565940750E-014
           4          10   7.3224330394267360E-016
           4          11   2.2100377083944522E-015
           4          12   7.8870303754917825E-002
           4          13   3.6375416567757668E-014
           4          14   2.7025064934106699E-014
           4          15   4.0054765060304476E-015
           4          16  0.16124788830956305     
           4          17  -4.4365552898106841E-014
           4          18  -9.3919471490976368E-014
           4          19  -4.8425702836756670E-014
           4          20  -3.8316829712919801E-014
           4          21   2.2086704087663118E-015
           4          22   1.5145407311649821E-013
           4          23   2.5197984859323030E-013
           5           1   9.8998113755205149E-015
           5           2  -3.0533305375132966E-014
           5           3   5.7853027923826517E-016
           5           4  -2.2776919239575477E-015
           5           5   2.3496977819599998     
           5           6   1.4059770889443322E-013
           5           7   7.9218315934825867E-015
           5           8   2.6856988855072927E-014
           5           9 -0.94421867990736730     
           5          10   3.4891708624529774E-014
           5          11   1.6639467581569534E-014
           5          12  -6.1879321111568686E-014
           5          13   7.8870303755032095E-002
           5          14  -2.9122422490734957E-014
           5          15  -2.1951624545879511E-014
           5          16   3.5750916116406017E-014
           5          17  0.16124788830949249     
           5          18  -5.8888069602496230E-014
           5          19   1.4417837426649958E-013
           5          20  -1.2686578770899651E-014
           5          21  -4.7879219990766265E-014
           5          22  -2.0933126175228764E-013
           5          23  -1.2277215508002133E-013
           6           1  0.23978430399964368     
           6           2  -1.0435436435369150     
           6           3  -4.3544524313299929E-014
           6           4  -9.9184624130381719E-014
           6           5   1.4059770889443322E-013
           6           6   2.9012016578482216     
           6           7  -7.7575334974650437E-014
           6           8  -5.1569071738243221E-014
           6           9   8.6921729842266014E-014
           6          10 -0.27180813044828633     
           6          11   1.8289779508284875E-014
           6          12   4.7433032097008260E-014
           6          13  -4.5647833152386500E-014
           6          14 -0.57246729179930211     
           6          15  -1.3685051041260683E-014
           6          16   2.3100490834700326E-014
           6          17   7.1363353997299559E-014
           6          18  -5.0467890779682625E-002
           6          19  -1.8621628686145105E-012
           6          20  -5.0467890777555036E-002
           6          21   8.2921553022321119E-013
           6          22   2.9866281952550884E-012
           6          23  -5.0467890772599534E-002
           7           1   1.9471567826862436E-014
           7           2   2.6461513082998530E-014
           7           3 -0.94421867990732511     
           7           4  -1.5876189252139739E-014
           7           5   7.9218315934825867E-015
           7           6  -7.7575334974650437E-014
           7           7   2.5707480538503522     
           7           8   4.8270415442530634E-014
           7           9  -1.9425433483988286E-014
           7          10   4.5062074079602469E-014
           7          11 -0.35673496345485867     
           7          12  -6.7619521093575941E-014
           7          13   6.9041994343876922E-014
           7          14   2.1850634137106375E-014
           7          15 -0.46086862267308482     
           7          16   4.3333392429900641E-014
           7          17  -5.8600693741972520E-014
           7          18   2.8908765435520737E-012
           7          19   1.8441102045674006E-012
           7          20   8.7141813552640479E-013
           7          21  -8.4243463659855683E-013
           7          22  -2.9381823105459821E-012
           7          23  -3.7571283924198340E-012
           8           1   1.4314193481794140E-015
           8           2   5.6474310286389784E-014
           8           3  -2.0789793497844045E-014
           8           4 -0.94421867990729025     
           8           5   2.6856988855072927E-014
           8           6  -5.1569071738243221E-014
           8           7   4.8270415442530634E-014
           8           8   2.5707480538503273     
           8           9  -3.7303493627405260E-014
           8          10   1.4238058432882067E-014
           8          11  -5.8633653488016080E-015
           8          12 -0.35673496345481265     
           8          13  -1.6098233857064770E-014
           8          14   4.5886757104382439E-014
           8          15  -2.5743296383495817E-015
           8          16 -0.46086862267311557     
           8          17   2.1663226767998367E-014
           8          18   5.1640947316320599E-013
           8          19   2.4858530661381585E-013
           8          20   2.3887808305891151E-013
           8          21  -1.5856061167864833E-013
           8          22  -4.3469297535534399E-013
           8          23  -7.5597562899442678E-013
           9           1  -2.7841049955453710E-015
           9           2  -1.0399776157257359E-014
           9           3   1.0491390742273232E-014
           9           4  -1.2659144565940750E-014
           9           5 -0.94421867990736730     
           9           6   8.6921729842266014E-014
           9           7  -1.9425433483988286E-014
           9           8  -3.7303493627405260E-014
           9           9   2.5707480538504610     
           9          10  -1.8798427150982119E-014
           9          11  -3.6554093085783279E-014
           9          12   8.0328105278582029E-014
           9          13 -0.35673496345498473     
           9          14  -1.2863793881099151E-014
           9          15   3.4538344406698229E-014
           9          16  -2.4778790130852713E-014
           9          17 -0.46086862267304196     
           9          18  -1.9224697868929701E-013
           9          19  -3.0348458273433654E-013
           9          20  -1.2894499945964145E-013
           9          21   1.2615087200037963E-013
           9          22   4.5752684345262409E-013
           9          23   2.9968704372202613E-013
          10           1  -8.1261120072470532E-003
          10           2   8.5151522538683633E-002
          10           3   3.0987724051511805E-015
          10           4   7.3224330394267360E-016
          10           5   3.4891708624529774E-014
          10           6 -0.27180813044828633     
          10           7   4.5062074079602469E-014
          10           8   1.4238058432882067E-014
          10           9  -1.8798427150982119E-014
          10          10  0.37616085180227365     
          10          11  -1.0427260829661870E-013
          10          12  -1.4257374979782145E-014
          10          13   6.0126474159654235E-014
          10          14  0.58628516143340315     
          10          15  -5.2352864943671703E-014
          10          16  -2.8071588767939918E-014
          10          17  -1.7515561621913787E-014
          10          18  -5.9984158281073483E-003
          10          19  -6.4769975709282870E-013
          10          20  -5.9984158273808340E-003
          10          21   3.1678325101653146E-013
          10          22   1.0615546984246096E-012
          10          23  -5.9984158254571878E-003
          11           1  -1.2667085010730568E-015
          11           2  -2.8445382278245137E-014
          11           3   7.8870303754966370E-002
          11           4   2.2100377083944522E-015
          11           5   1.6639467581569534E-014
          11           6   1.8289779508284875E-014
          11           7 -0.35673496345485867     
          11           8  -5.8633653488016080E-015
          11           9  -3.6554093085783279E-014
          11          10  -1.0427260829661870E-013
          11          11  0.57924803009629633     
          11          12  -4.2604808569990382E-015
          11          13   1.7421827869235074E-014
          11          14   3.6382575255489562E-015
          11          15  0.65369610932922817     
          11          16   5.2596815791616791E-015
          11          17   1.6767837118791817E-014
          11          18  -2.4501002554589199E-012
          11          19  -1.3288163168424913E-012
          11          20  -8.6431750156501195E-013
          11          21   6.8671480989670394E-013
          11          22   2.1769911672986551E-012
          11          23   3.3149203445682264E-012
          12           1  -2.2206375986618736E-015
          12           2  -4.2714609881558851E-014
          12           3   4.4873826876568046E-014
          12           4   7.8870303754917825E-002
          12           5  -6.1879321111568686E-014
          12           6   4.7433032097008260E-014
          12           7  -6.7619521093575941E-014
          12           8 -0.35673496345481265     
          12           9   8.0328105278582029E-014
          12          10  -1.4257374979782145E-014
          12          11  -4.2604808569990382E-015
          12          12  0.57924803009626991     
          12          13  -3.9315772859538356E-014
          12          14  -1.5059008941085807E-014
          12          15  -6.5433769513845164E-015
          12          16  0.65369610932921707     
          12          17   2.2065682614424986E-014
          12          18  -2.5540543990955516E-012
          12          19  -1.6888513978721997E-012
          12          20  -9.3358829366325073E-013
          12          21   7.2441757740079789E-013
          12          22   2.8089178724889532E-012
          12          23   3.4776281242465497E-012
          13           1  -1.7500415839746188E-014
          13           2   5.8471812277561673E-014
          13           3  -7.1533490936248612E-014
          13           4   3.6375416567757668E-014
          13           5   7.8870303755032095E-002
          13           6  -4.5647833152386500E-014
          13           7   6.9041994343876922E-014
          13           8  -1.6098233857064770E-014
          13           9 -0.35673496345498473     
          13          10   6.0126474159654235E-014
          13          11   1.7421827869235074E-014
          13          12  -3.9315772859538356E-014
          13          13  0.57924803009641157     
          13          14   5.3144478305878894E-014
          13          15  -1.4606371667724716E-014
          13          16  -3.1259717037102064E-014
          13          17  0.65369610932924604     
          13          18   1.4630672343247032E-012
          13          19   9.1803337013667439E-013
          13          20   5.3178091526623758E-013
          13          21  -3.7942433731280272E-013
          13          22  -1.5844886626820745E-012
          13          23  -1.9989172059316028E-012
          14           1  -6.8013131600886456E-002
          14           2  0.23074445809818500     
          14           3  -8.5310837523404445E-015
          14           4   2.7025064934106699E-014
          14           5  -2.9122422490734957E-014
          14           6 -0.57246729179930211     
          14           7   2.1850634137106375E-014
          14           8   4.5886757104382439E-014
          14           9  -1.2863793881099151E-014
          14          10  0.58628516143340315     
          14          11   3.6382575255489562E-015
          14          12  -1.5059008941085807E-014
          14          13   5.3144478305878894E-014
          14          14  0.92329888926732684     
          14          15   1.0417340230847649E-013
          14          16  -3.2512276865258580E-014
          14          17  -7.9861452304068055E-014
          14          18  -7.1265652436195582E-003
          14          19   1.4607734762206121E-012
          14          20  -7.1265652448947309E-003
          14          21  -5.7651995015422145E-013
          14          22  -2.2865938115706739E-012
          14          23  -7.1265652479337513E-003
          15           1  -1.8819793918398219E-014
          15           2  -2.5068263254792094E-015
          15           3  0.16124788830951980     
          15           4   4.0054765060304476E-015
          15           5  -2.1951624545879511E-014
          15           6  -1.3685051041260683E-014
          15           7 -0.46086862267308482     
          15           8  -2.5743296383495817E-015
          15           9   3.4538344406698229E-014
          15          10  -5.2352864943671703E-014
          15          11  0.65369610932922817     
          15          12  -6.5433769513845164E-015
          15          13  -1.4606371667724716E-014
          15          14   1.0417340230847649E-013
          15          15  0.74041082115334644     
          15          16  -1.6653345369377348E-016
          15          17  -1.5898740657327437E-014
          15          18   1.5740210057002472E-012
          15          19   1.0231823462095969E-012
          15          20   5.5105269876937830E-013
          15          21  -4.5186268652497493E-013
          15          22  -1.6696621489111967E-012
          15          23  -2.1282267106363732E-012
          16           1  -1.8367950631067142E-014
          16           2   9.5202924719124034E-015
          16           3  -3.6822975224559684E-014
          16           4  0.16124788830956305     
          16           5   3.5750916116406017E-014
          16           6   2.3100490834700326E-014
          16           7   4.3333392429900641E-014
          16           8 -0.46086862267311557     
          16           9  -2.4778790130852713E-014
          16          10  -2.8071588767939918E-014
          16          11   5.2596815791616791E-015
          16          12  0.65369610932921707     
          16          13  -3.1259717037102064E-014
          16          14  -3.2512276865258580E-014
          16          15  -1.6653345369377348E-016
          16          16  0.74041082115336265     
          16          17   4.0349668051220533E-014
          16          18   9.4644787672130172E-013
          16          19   4.2840840406116678E-013
          16          20   4.9493326176632034E-013
          16          21  -2.3026201509131762E-013
          16          22  -8.4074686009664373E-013
          16          23  -1.4490195702376902E-012
          17           1   1.8742405302516924E-014
          17           2  -5.8805917099178042E-014
          17           3   5.7977494333227853E-014
          17           4  -4.4365552898106841E-014
          17           5  0.16124788830949249     
          17           6   7.1363353997299559E-014
          17           7  -5.8600693741972520E-014
          17           8   2.1663226767998367E-014
          17           9 -0.46086862267304196     
          17          10  -1.7515561621913787E-014
          17          11   1.6767837118791817E-014
          17          12   2.2065682614424986E-014
          17          13  0.65369610932924604     
          17          14  -7.9861452304068055E-014
          17          15  -1.5898740657327437E-014
          17          16   4.0349668051220533E-014
          17          17  0.74041082115323276     
          17          18   1.5290237918140717E-012
          17          19   1.1839159302532089E-012
          17          20   4.4600411781694701E-013
          17          21  -5.2859111811878477E-013
          17          22  -1.8026395133384281E-012
          17          23  -1.9794517380415733E-012
          18           1   1.0823890108306117E-002
          18           2  -1.7532864443349259E-002
          18           3  -9.4713099901694673E-013
          18           4  -9.3919471490976368E-014
          18           5  -5.8888069602496230E-014
          18           6  -5.0467890779682625E-002
          18           7   2.8908765435520737E-012
          18           8   5.1640947316320599E-013
          18           9  -1.9224697868929701E-013
          18          10  -5.9984158281073483E-003
          18          11  -2.4501002554589199E-012
          18          12  -2.5540543990955516E-012
          18          13   1.4630672343247032E-012
          18          14  -7.1265652436195582E-003
          18          15   1.5740210057002472E-012
          18          16   9.4644787672130172E-013
          18          17   1.5290237918140717E-012
          18          18   2.0018037041546197     
          18          19   4.2754819338835052E-013
          18          20 -0.99819629584597569     
          18          21  -1.5257476725681255E-013
          18          22  -6.5930194434991773E-013
          18          23 -0.99819629584738623     
          19           1  -4.7683694064865466E-014
          19           2   1.0976792138889517E-013
          19           3  -6.1197284484464560E-013
          19           4  -4.8425702836756670E-014
          19           5   1.4417837426649958E-013
          19           6  -1.8621628686145105E-012
          19           7   1.8441102045674006E-012
          19           8   2.4858530661381585E-013
          19           9  -3.0348458273433654E-013
          19          10  -6.4769975709282870E-013
          19          11  -1.3288163168424913E-012
          19          12  -1.6888513978721997E-012
          19          13   9.1803337013667439E-013
          19          14   1.4607734762206121E-012
          19          15   1.0231823462095969E-012
          19          16   4.2840840406116678E-013
          19          17   1.1839159302532089E-012
          19          18   4.2754819338835052E-013
          19          19   2.0000000000000528     
          19          20   4.3889328492123272E-013
          19          21   2.7935986857130053E-014
          19          22  -3.7136960173719880E-014
          19          23   4.0628742246678584E-013
          20           1   1.0823890108370466E-002
          20           2  -1.7532864443439780E-002
          20           3  -2.6757667853355766E-013
          20           4  -3.8316829712919801E-014
          20           5  -1.2686578770899651E-014
          20           6  -5.0467890777555036E-002
          20           7   8.7141813552640479E-013
          20           8   2.3887808305891151E-013
          20           9  -1.2894499945964145E-013
          20          10  -5.9984158273808340E-003
          20          11  -8.6431750156501195E-013
          20          12  -9.3358829366325073E-013
          20          13   5.3178091526623758E-013
          20          14  -7.1265652448947309E-003
          20          15   5.5105269876937830E-013
          20          16   4.9493326176632034E-013
          20          17   4.4600411781694701E-013
          20          18 -0.99819629584597569     
          20          19   4.3889328492123272E-013
          20          20   2.0018037041534180     
          20          21  -1.9755267754193928E-013
          20          22  -7.0684724537948379E-013
          20          23 -0.99819629584800462     
          21           1   2.1658995593358407E-014
          21           2  -3.1828626902848456E-014
          21           3   2.1842772844623326E-013
          21           4   2.2086704087663118E-015
          21           5  -4.7879219990766265E-014
          21           6   8.2921553022321119E-013
          21           7  -8.4243463659855683E-013
          21           8  -1.5856061167864833E-013
          21           9   1.2615087200037963E-013
          21          10   3.1678325101653146E-013
          21          11   6.8671480989670394E-013
          21          12   7.2441757740079789E-013
          21          13  -3.7942433731280272E-013
          21          14  -5.7651995015422145E-013
          21          15  -4.5186268652497493E-013
          21          16  -2.3026201509131762E-013
          21          17  -5.2859111811878477E-013
          21          18  -1.5257476725681255E-013
          21          19   2.7935986857130053E-014
          21          20  -1.9755267754193928E-013
          21          21   1.9999999999999649     
          21          22  -6.3150873419458878E-014
          21          23  -2.8997874434198467E-013
          22           1   8.1396798376561120E-014
          22           2  -1.6192449795368381E-013
          22           3   9.5178828129529192E-013
          22           4   1.5145407311649821E-013
          22           5  -2.0933126175228764E-013
          22           6   2.9866281952550884E-012
          22           7  -2.9381823105459821E-012
          22           8  -4.3469297535534399E-013
          22           9   4.5752684345262409E-013
          22          10   1.0615546984246096E-012
          22          11   2.1769911672986551E-012
          22          12   2.8089178724889532E-012
          22          13  -1.5844886626820745E-012
          22          14  -2.2865938115706739E-012
          22          15  -1.6696621489111967E-012
          22          16  -8.4074686009664373E-013
          22          17  -1.8026395133384281E-012
          22          18  -6.5930194434991773E-013
          22          19  -3.7136960173719880E-014
          22          20  -7.0684724537948379E-013
          22          21  -6.3150873419458878E-014
          22          22   1.9999999999999911     
          22          23  -7.5331007896006386E-013
          23           1   1.0823890108481865E-002
          23           2  -1.7532864443567227E-002
          23           3   1.2748294645177236E-012
          23           4   2.5197984859323030E-013
          23           5  -1.2277215508002133E-013
          23           6  -5.0467890772599534E-002
          23           7  -3.7571283924198340E-012
          23           8  -7.5597562899442678E-013
          23           9   2.9968704372202613E-013
          23          10  -5.9984158254571878E-003
          23          11   3.3149203445682264E-012
          23          12   3.4776281242465497E-012
          23          13  -1.9989172059316028E-012
          23          14  -7.1265652479337513E-003
          23          15  -2.1282267106363732E-012
          23          16  -1.4490195702376902E-012
          23          17  -1.9794517380415733E-012
          23          18 -0.99819629584738623     
          23          19   4.0628742246678584E-013
          23          20 -0.99819629584800462     
          23          21  -2.8997874434198467E-013
          23          22  -7.5331007896006386E-013
          23          23   2.0018037041505812     
