           1           1   2.1941696915795821     
           1           2 -0.71591797506015997     
           1           3   5.0021972738397835E-014
           1           4  -3.6820996309240998E-015
           1           5  -1.5474110806801954E-014
           1           6  0.22507510096895667     
           1           7  -1.6090328098099765E-013
           1           8   3.9743393714804326E-014
           1           9   2.9414757795649709E-014
           1          10  -5.2532953596794392E-002
           1          11   2.6684164593635649E-013
           1          12  -6.6622236037136971E-014
           1          13  -4.9763840502365731E-014
           1          14  -2.7672006985831325E-002
           1          15   1.5678641069110729E-013
           1          16  -3.6725675069897148E-014
           1          17  -2.9680868148683488E-014
           1          18   1.6471894561934097E-002
           1          19   9.8747749415533476E-015
           1          20   1.6471894561933483E-002
           1          21  -6.9837031225218358E-015
           1          22  -5.8221040589734487E-015
           1          23   1.6471894561931748E-002
           2           1 -0.71591797506015997     
           2           2   2.6502600708500803     
           2           3  -2.7520951987821172E-013
           2           4   3.0055058464161219E-014
           2           5   7.6470585662620810E-014
           2           6  -1.0601977975002459     
           2           7   8.9316876522734354E-013
           2           8  -2.1755262729978030E-013
           2           9  -1.6034963804374542E-013
           2          10  0.28682893370955442     
           2          11  -1.4733363219079675E-012
           2          12   3.6002512873273874E-013
           2          13   2.7895222470903822E-013
           2          14  0.10117646544498560     
           2          15  -8.8692101985530657E-013
           2          16   2.1553566652095414E-013
           2          17   1.5762653735449051E-013
           2          18  -1.6503328623601800E-002
           2          19  -2.9235969801080149E-014
           2          20  -1.6503328623608655E-002
           2          21   2.6284394097321120E-014
           2          22   2.0208677520554359E-014
           2          23  -1.6503328623564309E-002
           3           1   5.0021972738397835E-014
           3           2  -2.7520951987821172E-013
           3           3   2.3754546628728628     
           3           4   1.9124025280037316E-014
           3           5   4.3413189709795574E-014
           3           6   2.0365660533763481E-014
           3           7  -1.0245290025562059     
           3           8  -4.7040496498063078E-014
           3           9  -1.4302101170038384E-013
           3          10  -1.2182264247596769E-012
           3          11  0.26225001562984562     
           3          12  -1.5469570069370775E-013
           3          13   1.4179629692634421E-013
           3          14   3.9582276400984969E-013
           3          15   5.2253030027836093E-002
           3          16   2.0950862572588491E-013
           3          17  -1.0082733259419996E-013
           3          18   2.0639664146841286E-013
           3          19   7.6030914789358284E-014
           3          20  -6.0623382316443166E-014
           3          21  -1.4566617196997260E-013
           3          22  -1.5646170360034896E-014
           3          23   1.8115515946731931E-013
           4           1  -3.6820996309240998E-015
           4           2   3.0055058464161219E-014
           4           3   1.9124025280037316E-014
           4           4   2.3754546628729205     
           4           5  -1.3017690224381706E-014
           4           6  -4.0050222622029718E-014
           4           7  -6.0541849311590568E-014
           4           8  -1.0245290025563929     
           4           9   3.6542383702320436E-014
           4          10   2.7967117758601866E-013
           4          11   2.0186630145246909E-013
           4          12  0.26225001563064926     
           4          13  -3.1634417307913054E-014
           4          14  -9.3157091406614331E-014
           4          15  -1.3643079721514795E-013
           4          16   5.2253030027274737E-002
           4          17   3.4537477044960241E-014
           4          18  -5.0365046074335859E-014
           4          19  -8.4400440145891313E-014
           4          20   2.2623071233834249E-014
           4          21   1.0232330561273818E-013
           4          22   4.4789445491157254E-014
           4          23  -2.2021180667218916E-014
           5           1  -1.5474110806801954E-014
           5           2   7.6470585662620810E-014
           5           3   4.3413189709795574E-014
           5           4  -1.3017690224381706E-014
           5           5   2.3754546628729201     
           5           6   4.9727849264639820E-014
           5           7  -1.3143999777476267E-013
           5           8   3.3851393910211414E-014
           5           9  -1.0245290025563631     
           5          10   2.2506906728422251E-013
           5          11   3.1791930199531748E-013
           5          12  -1.9552068297734593E-014
           5          13  0.26225001563055694     
           5          14  -5.7848392319393069E-014
           5          15  -1.2968792706402610E-014
           5          16  -6.5235143675845819E-014
           5          17   5.2253030027326133E-002
           5          18  -5.9541068097208895E-014
           5          19  -1.0893506046018287E-013
           5          20  -3.2840510265123994E-015
           5          21   1.1598883457643539E-013
           5          22   7.1996864542704287E-014
           5          23  -6.2405123890600773E-014
           6           1  0.22507510096895667     
           6           2  -1.0601977975002459     
           6           3   2.0365660533763481E-014
           6           4  -4.0050222622029718E-014
           6           5   4.9727849264639820E-014
           6           6   3.1480397683580073     
           6           7   2.4289027027324868E-014
           6           8   2.9946237712174339E-014
           6           9   2.4775818552746092E-015
           6          10 -0.67800857199129327     
           6          11  -2.7924605148475907E-014
           6          12   4.5875160351222829E-015
           6          13   7.4539825694828338E-015
           6          14 -0.24145957956199743     
           6          15  -1.5421427808028768E-014
           6          16   3.0375233150593664E-015
           6          17   6.0345633256701770E-015
           6          18 -0.13461531452970124     
           6          19   3.5832784741086265E-013
           6          20 -0.13461531452972542     
           6          21  -2.7753723876156112E-013
           6          22  -2.4814131995097193E-013
           6          23 -0.13461531452945455     
           7           1  -1.6090328098099765E-013
           7           2   8.9316876522734354E-013
           7           3  -1.0245290025562059     
           7           4  -6.0541849311590568E-014
           7           5  -1.3143999777476267E-013
           7           6   2.4289027027324868E-014
           7           7   2.8181147275979361     
           7           8   1.5380058338010372E-013
           7           9   4.3734460497546479E-013
           7          10   3.9396908459549542E-012
           7          11 -0.89698633184099119     
           7          12   4.7427339833205906E-013
           7          13  -4.6031928269130162E-013
           7          14  -1.2608801674766434E-012
           7          15 -0.17589640052516037     
           7          16  -6.7509886569894206E-013
           7          17   3.0343436097091114E-013
           7          18  -6.8805350508433933E-013
           7          19  -2.2878350957374864E-013
           7          20   1.5115250154013194E-013
           7          21   4.4416987218597315E-013
           7          22   5.5568879402061858E-014
           7          23  -6.1468024841592177E-013
           8           1   3.9743393714804326E-014
           8           2  -2.1755262729978030E-013
           8           3  -4.7040496498063078E-014
           8           4  -1.0245290025563929     
           8           5   3.3851393910211414E-014
           8           6   2.9946237712174339E-014
           8           7   1.5380058338010372E-013
           8           8   2.8181147275985277     
           8           9  -1.0423259477754243E-013
           8          10  -9.4018951271671584E-013
           8          11  -6.0297600246173033E-013
           8          12 -0.89698633184357734     
           8          13   1.1374234887284729E-013
           8          14   2.9211360903529102E-013
           8          15   3.8271122382305123E-013
           8          16 -0.17589640052341796     
           8          17  -7.8072964759812180E-014
           8          18   1.5943765985481543E-013
           8          19   2.3027405648941937E-013
           8          20  -2.9274791830251112E-014
           8          21  -2.5676339452866100E-013
           8          22  -1.3862280143472659E-013
           8          23   1.1690555357440839E-013
           9           1   2.9414757795649709E-014
           9           2  -1.6034963804374542E-013
           9           3  -1.4302101170038384E-013
           9           4   3.6542383702320436E-014
           9           5  -1.0245290025563631     
           9           6   2.4775818552746092E-015
           9           7   4.3734460497546479E-013
           9           8  -1.0423259477754243E-013
           9           9   2.8181147275984055     
           9          10  -7.2096498233340722E-013
           9          11  -9.8147184823815792E-013
           9          12   4.5989254071621133E-014
           9          13 -0.89698633184325705     
           9          14   2.2924741123277160E-013
           9          15  -2.7162300186844845E-014
           9          16   1.8668053214376812E-013
           9          17 -0.17589640052358207     
           9          18   1.0632439575168154E-013
           9          19   3.4890060430671253E-013
           9          20  -2.7238840929771714E-014
           9          21  -3.2010700295198422E-013
           9          22  -2.3246135783988862E-013
           9          23   1.2098334439844984E-013
          10           1  -5.2532953596794392E-002
          10           2  0.28682893370955442     
          10           3  -1.2182264247596769E-012
          10           4   2.7967117758601866E-013
          10           5   2.2506906728422251E-013
          10           6 -0.67800857199129327     
          10           7   3.9396908459549542E-012
          10           8  -9.4018951271671584E-013
          10           9  -7.2096498233340722E-013
          10          10   1.1611517180125945     
          10          11  -6.4728486767279733E-012
          10          12   1.5670545866619740E-012
          10          13   1.2038364314094096E-012
          10          14  0.46461600923152269     
          10          15  -3.8793351931278678E-012
          10          16   9.3670364134931054E-013
          10          17   7.1498187932177719E-013
          10          18   6.0405922274600884E-002
          10          19  -2.4715918735538709E-013
          10          20   6.0405922274595639E-002
          10          21   1.9043927988505635E-013
          10          22   1.7680461095950985E-013
          10          23   6.0405922274728539E-002
          11           1   2.6684164593635649E-013
          11           2  -1.4733363219079675E-012
          11           3  0.26225001562984562     
          11           4   2.0186630145246909E-013
          11           5   3.1791930199531748E-013
          11           6  -2.7924605148475907E-014
          11           7 -0.89698633184099119     
          11           8  -6.0297600246173033E-013
          11           9  -9.8147184823815792E-013
          11          10  -6.4728486767279733E-012
          11          11   1.5578520026953102     
          11          12  -2.0805579481475434E-013
          11          13   1.1882855810441129E-012
          11          14   2.0737302172668036E-012
          11          15  0.44708176202542516     
          11          16   1.4650052004849812E-012
          11          17  -2.3048229991218250E-013
          11          18   1.1327987093930097E-012
          11          19   2.6391920512753857E-013
          11          20  -2.4221855525708971E-013
          11          21  -6.4164973787922389E-013
          11          22  -2.2808645392877098E-014
          11          23   1.0021197210746978E-012
          12           1  -6.6622236037136971E-014
          12           2   3.6002512873273874E-013
          12           3  -1.5469570069370775E-013
          12           4  0.26225001563064926     
          12           5  -1.9552068297734593E-014
          12           6   4.5875160351222829E-015
          12           7   4.7427339833205906E-013
          12           8 -0.89698633184357734     
          12           9   4.5989254071621133E-014
          12          10   1.5670545866619740E-012
          12          11  -2.0805579481475434E-013
          12          12   1.5578520027022162     
          12          13   2.0355245267111854E-014
          12          14  -4.9568085441074175E-013
          12          15  -1.3465339954166211E-012
          12          16  0.44708176202415484     
          12          17   2.5167194717123920E-013
          12          18  -2.7555266480725633E-013
          12          19  -2.3743341540954377E-013
          12          20   5.5942930920256931E-014
          12          21   2.8899806938503659E-013
          12          22   1.2376930911753170E-013
          12          23  -2.3933234452625533E-013
          13           1  -4.9763840502365731E-014
          13           2   2.7895222470903822E-013
          13           3   1.4179629692634421E-013
          13           4  -3.1634417307913054E-014
          13           5  0.26225001563055694     
          13           6   7.4539825694828338E-015
          13           7  -4.6031928269130162E-013
          13           8   1.1374234887284729E-013
          13           9 -0.89698633184325705     
          13          10   1.2038364314094096E-012
          13          11   1.1882855810441129E-012
          13          12   2.0355245267111854E-014
          13          13   1.5578520027014922     
          13          14  -3.9225899070898974E-013
          13          15  -2.1093543578487584E-013
          13          16  -2.4738197601514855E-013
          13          17  0.44708176202430461     
          13          18  -1.9136928368721034E-013
          13          19  -6.2046579564969669E-013
          13          20   5.0592001517696843E-014
          13          21   5.5819341243690599E-013
          13          22   4.0894798805277944E-013
          13          23  -2.1384061558826703E-013
          14           1  -2.7672006985831325E-002
          14           2  0.10117646544498560     
          14           3   3.9582276400984969E-013
          14           4  -9.3157091406614331E-014
          14           5  -5.7848392319393069E-014
          14           6 -0.24145957956199743     
          14           7  -1.2608801674766434E-012
          14           8   2.9211360903529102E-013
          14           9   2.2924741123277160E-013
          14          10  0.46461600923152269     
          14          11   2.0737302172668036E-012
          14          12  -4.9568085441074175E-013
          14          13  -3.9225899070898974E-013
          14          14  0.25735315114798579     
          14          15   1.2409958593920063E-012
          14          16  -2.9788907560232958E-013
          14          17  -2.3005986325992448E-013
          14          18   1.6552257743593340E-002
          14          19   1.2941067840886602E-013
          14          20   1.6552257743602423E-002
          14          21  -1.0347627328728402E-013
          14          22  -8.5654912836819842E-014
          14          23   1.6552257743530009E-002
          15           1   1.5678641069110729E-013
          15           2  -8.8692101985530657E-013
          15           3   5.2253030027836093E-002
          15           4  -1.3643079721514795E-013
          15           5  -1.2968792706402610E-014
          15           6  -1.5421427808028768E-014
          15           7 -0.17589640052516037     
          15           8   3.8271122382305123E-013
          15           9  -2.7162300186844845E-014
          15          10  -3.8793351931278678E-012
          15          11  0.44708176202542516     
          15          12  -1.3465339954166211E-012
          15          13  -2.1093543578487584E-013
          15          14   1.2409958593920063E-012
          15          15  0.20982481317573204     
          15          16   1.2952746514249824E-013
          15          17  -7.0335577639912827E-013
          15          18   6.8733033044508415E-013
          15          19   1.5502117959830551E-013
          15          20  -1.6548398710616749E-013
          15          21  -3.7442323619787437E-013
          15          22  -1.7239465029255865E-014
          15          23   6.1449448055644490E-013
          16           1  -3.6725675069897148E-014
          16           2   2.1553566652095414E-013
          16           3   2.0950862572588491E-013
          16           4   5.2253030027274737E-002
          16           5  -6.5235143675845819E-014
          16           6   3.0375233150593664E-015
          16           7  -6.7509886569894206E-013
          16           8 -0.17589640052341796     
          16           9   1.8668053214376812E-013
          16          10   9.3670364134931054E-013
          16          11   1.4650052004849812E-012
          16          12  0.44708176202415484     
          16          13  -2.4738197601514855E-013
          16          14  -2.9788907560232958E-013
          16          15   1.2952746514249824E-013
          16          16  0.20982481317173068     
          16          17  -2.0441981440910695E-014
          16          18  -1.7549940876835511E-013
          16          19   1.4639317107724020E-013
          16          20   2.8131351776616559E-014
          16          21  -4.9687270681451384E-014
          16          22  -1.2704145542698469E-013
          16          23  -1.2550835606214402E-013
          17           1  -2.9680868148683488E-014
          17           2   1.5762653735449051E-013
          17           3  -1.0082733259419996E-013
          17           4   3.4537477044960241E-014
          17           5   5.2253030027326133E-002
          17           6   6.0345633256701770E-015
          17           7   3.0343436097091114E-013
          17           8  -7.8072964759812180E-014
          17           9 -0.17589640052358207     
          17          10   7.1498187932177719E-013
          17          11  -2.3048229991218250E-013
          17          12   2.5167194717123920E-013
          17          13  0.44708176202430461     
          17          14  -2.3005986325992448E-013
          17          15  -7.0335577639912827E-013
          17          16  -2.0441981440910695E-014
          17          17  0.20982481317215612     
          17          18  -1.4059395824470336E-013
          17          19   2.6327990636210520E-013
          17          20   3.0002099371621403E-014
          17          21  -1.5624731796565071E-013
          17          22  -1.9979511052218735E-013
          17          23  -9.9286864623702508E-014
          18           1   1.6471894561934097E-002
          18           2  -1.6503328623601800E-002
          18           3   2.0639664146841286E-013
          18           4  -5.0365046074335859E-014
          18           5  -5.9541068097208895E-014
          18           6 -0.13461531452970124     
          18           7  -6.8805350508433933E-013
          18           8   1.5943765985481543E-013
          18           9   1.0632439575168154E-013
          18          10   6.0405922274600884E-002
          18          11   1.1327987093930097E-012
          18          12  -2.7555266480725633E-013
          18          13  -1.9136928368721034E-013
          18          14   1.6552257743593340E-002
          18          15   6.8733033044508415E-013
          18          16  -1.7549940876835511E-013
          18          17  -1.4059395824470336E-013
          18          18   2.0093884321865048     
          18          19  -4.7572260588722224E-013
          18          20 -0.99061156781348081     
          18          21   3.9021830039007635E-013
          18          22   2.8781756571278256E-013
          18          23 -0.99061156781361381     
          19           1   9.8747749415533476E-015
          19           2  -2.9235969801080149E-014
          19           3   7.6030914789358284E-014
          19           4  -8.4400440145891313E-014
          19           5  -1.0893506046018287E-013
          19           6   3.5832784741086265E-013
          19           7  -2.2878350957374864E-013
          19           8   2.3027405648941937E-013
          19           9   3.4890060430671253E-013
          19          10  -2.4715918735538709E-013
          19          11   2.6391920512753857E-013
          19          12  -2.3743341540954377E-013
          19          13  -6.2046579564969669E-013
          19          14   1.2941067840886602E-013
          19          15   1.5502117959830551E-013
          19          16   1.4639317107724020E-013
          19          17   2.6327990636210520E-013
          19          18  -4.7572260588722224E-013
          19          19   2.0000000000000022     
          19          20   1.5816192787377625E-012
          19          21   6.1062266350492088E-015
          19          22  -5.4400928206867112E-015
          19          23  -1.6038642000611740E-012
          20           1   1.6471894561933483E-002
          20           2  -1.6503328623608655E-002
          20           3  -6.0623382316443166E-014
          20           4   2.2623071233834249E-014
          20           5  -3.2840510265123994E-015
          20           6 -0.13461531452972542     
          20           7   1.5115250154013194E-013
          20           8  -2.9274791830251112E-014
          20           9  -2.7238840929771714E-014
          20          10   6.0405922274595639E-002
          20          11  -2.4221855525708971E-013
          20          12   5.5942930920256931E-014
          20          13   5.0592001517696843E-014
          20          14   1.6552257743602423E-002
          20          15  -1.6548398710616749E-013
          20          16   2.8131351776616559E-014
          20          17   3.0002099371621403E-014
          20          18 -0.99061156781348081     
          20          19   1.5816192787377625E-012
          20          20   2.0093884321865394     
          20          21  -1.0947028330663269E-012
          20          22  -9.9338504291828286E-013
          20          23 -0.99061156781359938     
          21           1  -6.9837031225218358E-015
          21           2   2.6284394097321120E-014
          21           3  -1.4566617196997260E-013
          21           4   1.0232330561273818E-013
          21           5   1.1598883457643539E-013
          21           6  -2.7753723876156112E-013
          21           7   4.4416987218597315E-013
          21           8  -2.5676339452866100E-013
          21           9  -3.2010700295198422E-013
          21          10   1.9043927988505635E-013
          21          11  -6.4164973787922389E-013
          21          12   2.8899806938503659E-013
          21          13   5.5819341243690599E-013
          21          14  -1.0347627328728402E-013
          21          15  -3.7442323619787437E-013
          21          16  -4.9687270681451384E-014
          21          17  -1.5624731796565071E-013
          21          18   3.9021830039007635E-013
          21          19   6.1062266350492088E-015
          21          20  -1.0947028330663269E-012
          21          21   1.9999999999999862     
          21          22  -9.4368957085817696E-016
          21          23   1.0926410593476919E-012
          22           1  -5.8221040589734487E-015
          22           2   2.0208677520554359E-014
          22           3  -1.5646170360034896E-014
          22           4   4.4789445491157254E-014
          22           5   7.1996864542704287E-014
          22           6  -2.4814131995097193E-013
          22           7   5.5568879402061858E-014
          22           8  -1.3862280143472659E-013
          22           9  -2.3246135783988862E-013
          22          10   1.7680461095950985E-013
          22          11  -2.2808645392877098E-014
          22          12   1.2376930911753170E-013
          22          13   4.0894798805277944E-013
          22          14  -8.5654912836819842E-014
          22          15  -1.7239465029255865E-014
          22          16  -1.2704145542698469E-013
          22          17  -1.9979511052218735E-013
          22          18   2.8781756571278256E-013
          22          19  -5.4400928206867112E-015
          22          20  -9.9338504291828286E-013
          22          21  -9.4368957085817696E-016
          22          22   2.0000000000000098     
          22          23   1.0498610520739956E-012
          23           1   1.6471894561931748E-002
          23           2  -1.6503328623564309E-002
          23           3   1.8115515946731931E-013
          23           4  -2.2021180667218916E-014
          23           5  -6.2405123890600773E-014
          23           6 -0.13461531452945455     
          23           7  -6.1468024841592177E-013
          23           8   1.1690555357440839E-013
          23           9   1.2098334439844984E-013
          23          10   6.0405922274728539E-002
          23          11   1.0021197210746978E-012
          23          12  -2.3933234452625533E-013
          23          13  -2.1384061558826703E-013
          23          14   1.6552257743530009E-002
          23          15   6.1449448055644490E-013
          23          16  -1.2550835606214402E-013
          23          17  -9.9286864623702508E-014
          23          18 -0.99061156781361381     
          23          19  -1.6038642000611740E-012
          23          20 -0.99061156781359938     
          23          21   1.0926410593476919E-012
          23          22   1.0498610520739956E-012
          23          23   2.0093884321862632     
