           1           1   2.0088285685176022     
           1           2  -7.5389316831288009E-002
           1           3  -4.1270505606120272E-016
           1           4  -1.5107946910626092E-015
           1           5   8.8733616995893214E-016
           1           6  -6.3305848818280192E-002
           1           7  -1.1432391939794901E-015
           1           8   8.2881440824871365E-016
           1           9  -1.7171756092549852E-016
           2           1  -7.5389316831288009E-002
           2           2  0.78370211068426954     
           2           3   3.8225800731327535E-015
           2           4   2.6412256743993646E-015
           2           5   4.5681444360701475E-015
           2           6  0.14314840817016200     
           2           7  -2.3083960179960670E-015
           2           8  -2.4849607126560402E-015
           2           9  -1.4385451380533100E-015
           3           1  -4.1270505606120272E-016
           3           2   3.8225800731327535E-015
           3           3   1.9814698285042096E-029
           3           4   1.4958667137489030E-029
           3           5   2.2022792617939603E-029
           3           6   7.2397927025515303E-016
           3           7  -1.2036154705779055E-029
           3           8  -1.3263058243787972E-029
           3           9  -5.7754711941071046E-030
           4           1  -1.5107946910626092E-015
           4           2   2.6412256743993646E-015
           4           3   1.4958667137489030E-029
           4           4   1.3277944883987332E-029
           4           5   1.4161377363644748E-029
           4           6   5.5672007134694458E-016
           4           7  -8.3371477802925662E-030
           4           8  -1.0723442023039728E-029
           4           9  -2.4911144078457190E-030
           5           1   8.8733616995893214E-016
           5           2   4.5681444360701475E-015
           5           3   2.2022792617939603E-029
           5           4   1.4161377363644748E-029
           5           5   2.7551712212220871E-029
           5           6   7.9673866554587207E-016
           5           7  -1.4202319407471078E-029
           5           8  -1.3872527410852190E-029
           5           9  -8.8325015259276708E-030
           6           1  -6.3305848818280192E-002
           6           2  0.14314840817016200     
           6           3   7.2397927025515303E-016
           6           4   5.5672007134694458E-016
           6           5   7.9673866554587207E-016
           6           6   2.7892681448955233E-002
           6           7  -4.0488264526619742E-016
           6           8  -4.9230316960752193E-016
           6           9  -2.2905786310688451E-016
           7           1  -1.1432391939794901E-015
           7           2  -2.3083960179960670E-015
           7           3  -1.2036154705779055E-029
           7           4  -8.3371477802925662E-030
           7           5  -1.4202319407471078E-029
           7           6  -4.0488264526619742E-016
           7           7   8.2885002349706188E-030
           7           8   7.6972869229831259E-030
           7           9   3.5960839180049184E-030
           8           1   8.2881440824871365E-016
           8           2  -2.4849607126560402E-015
           8           3  -1.3263058243787972E-029
           8           4  -1.0723442023039728E-029
           8           5  -1.3872527410852190E-029
           8           6  -4.9230316960752193E-016
           8           7   7.6972869229831259E-030
           8           8   9.1440752603893030E-030
           8           9   3.2775026289417672E-030
           9           1  -1.7171756092549852E-016
           9           2  -1.4385451380533100E-015
           9           3  -5.7754711941071046E-030
           9           4  -2.4911144078457190E-030
           9           5  -8.8325015259276708E-030
           9           6  -2.2905786310688451E-016
           9           7   3.5960839180049184E-030
           9           8   3.2775026289417672E-030
           9           9   3.9919713269331091E-030
