           1           1   2.0025873435523822     
           1           2   5.4350802807507370E-002
           1           3   1.6441381080476559E-015
           1           4  -2.9521612152356623E-015
           1           5   6.2281970676148941E-016
           1           6 -0.18541453794717436     
           1           7  -2.0311955895469773E-015
           1           8  -2.5758178100419829E-015
           1           9  -1.3572368995292769E-015
           2           1   5.4350802807507370E-002
           2           2  0.14911772984126920     
           2           3   1.8140148152998661E-015
           2           4  -4.1784797334288084E-015
           2           5  -9.2833100807698002E-016
           2           6  0.25633774841951018     
           2           7  -2.0138181687499780E-016
           2           8   1.9862084607407190E-015
           2           9   7.0760128292565095E-015
           3           1   1.6441381080476559E-015
           3           2   1.8140148152998661E-015
           3           3   2.2621014152974196E-029
           3           4  -5.1569762345692059E-029
           3           5  -1.0812145961285348E-029
           3           6   2.9811850486023412E-015
           3           7  -3.3491873992605203E-030
           3           8   2.2627184213696034E-029
           3           9   8.4292381271785764E-029
           4           1  -2.9521612152356623E-015
           4           2  -4.1784797334288084E-015
           4           3  -5.1569762345692059E-029
           4           4   1.1813046207232777E-028
           4           5   2.5318234304642095E-029
           4           6  -6.9824284312767679E-015
           4           7   7.0218058263762411E-030
           4           8  -5.3323614992854846E-029
           4           9  -1.9551676491426203E-028
           5           1   6.2281970676148941E-016
           5           2  -9.2833100807698002E-016
           5           3  -1.0812145961285348E-029
           5           4   2.5318234304642095E-029
           5           5   6.2455649662039521E-030
           5           6  -1.7309295435204561E-015
           5           7   3.0944659317446600E-031
           5           8  -1.3957905355581396E-029
           5           9  -4.5948730156989249E-029
           6           1 -0.18541453794717436     
           6           2  0.25633774841951018     
           6           3   2.9811850486023412E-015
           6           4  -6.9824284312767679E-015
           6           5  -1.7309295435204561E-015
           6           6  0.47988464221995497     
           6           7  -6.9691088891170572E-017
           6           8   3.8800478300234607E-015
           6           9   1.2720124195124121E-014
           7           1  -2.0311955895469773E-015
           7           2  -2.0138181687499780E-016
           7           3  -3.3491873992605203E-030
           7           4   7.0218058263762411E-030
           7           5   3.0944659317446600E-031
           7           6  -6.9691088891170572E-017
           7           7   2.2816032263164733E-030
           7           8   6.8420040208353151E-031
           7           9  -5.4928636827293126E-030
           8           1  -2.5758178100419829E-015
           8           2   1.9862084607407190E-015
           8           3   2.2627184213696034E-029
           8           4  -5.3323614992854846E-029
           8           5  -1.3957905355581396E-029
           8           6   3.8800478300234607E-015
           8           7   6.8420040208353151E-031
           8           8   3.2100751417897953E-029
           8           9   1.0105144652797944E-028
           9           1  -1.3572368995292769E-015
           9           2   7.0760128292565095E-015
           9           3   8.4292381271785764E-029
           9           4  -1.9551676491426203E-028
           9           5  -4.5948730156989249E-029
           9           6   1.2720124195124121E-014
           9           7  -5.4928636827293126E-030
           9           8   1.0105144652797944E-028
           9           9   3.4399638127593921E-028
