           1           1   2.1205227304227123     
           1           2 -0.51741004981647387     
           1           3   5.3683070146913112E-016
           1           4  -5.4905577965766687E-016
           1           5   3.0512037448910276E-016
           1           6   8.8600313341812509E-002
           1           7   2.6844799543179398E-016
           1           8   8.4634309130554655E-016
           1           9  -8.8397976185045022E-016
           1          10   3.7494791210355306E-003
           1          11  -7.2546295138649406E-016
           1          12  -9.6076654809242770E-017
           1          13   6.2261876806803554E-016
           2           1 -0.51741004981647387     
           2           2   2.2212597179396489     
           2           3  -4.5726621346487282E-015
           2           4  -2.1739486827551038E-015
           2           5  -7.2849703495136381E-016
           2           6 -0.47049238768921142     
           2           7  -1.5159882506766558E-015
           2           8   5.7400145292962271E-016
           2           9   2.7281746790670409E-015
           2          10   2.6375294665073809E-003
           2          11   9.0154106306322959E-016
           2          12  -6.6218942468963808E-016
           2          13  -2.0422468024868866E-015
           3           1   5.3683070146913112E-016
           3           2  -4.5726621346487282E-015
           3           3   2.0286537127209474     
           3           4  -3.1225022567583082E-017
           3           5  -8.3266726846886731E-016
           3           6  -3.3359169042310318E-016
           3           7  -9.3436436749170779E-002
           3           8  -2.9761349634726766E-016
           3           9  -6.4791921827733784E-016
           3          10   1.6857386156408008E-016
           3          11   5.6843064380175543E-002
           3          12  -1.1906708258235808E-015
           3          13  -3.8337388819087535E-016
           4           1  -5.4905577965766687E-016
           4           2  -2.1739486827551038E-015
           4           3  -3.1225022567583082E-017
           4           4   2.0286537127209519     
           4           5   5.2041704279304213E-016
           4           6  -3.6087883207407080E-016
           4           7   4.3362665888558105E-016
           4           8  -9.3436436749169766E-002
           4           9  -1.7650811368063963E-016
           4          10   6.8996671629840643E-016
           4          11  -4.2392304944183342E-016
           4          12   5.6843064380173211E-002
           4          13  -1.2240642527361190E-016
           5           1   3.0512037448910276E-016
           5           2  -7.2849703495136381E-016
           5           3  -8.3266726846886731E-016
           5           4   5.2041704279304213E-016
           5           5   2.0286537127209465     
           5           6   7.3963305089472386E-016
           5           7  -3.2092384305571474E-017
           5           8  -8.9999622338021664E-016
           5           9  -9.3436436749168683E-002
           5          10  -1.2316053984834821E-016
           5          11  -1.5439038936193554E-016
           5          12   2.6259376617598922E-016
           5          13   5.6843064380172996E-002
           6           1   8.8600313341812509E-002
           6           2 -0.47049238768921142     
           6           3  -3.3359169042310318E-016
           6           4  -3.6087883207407080E-016
           6           5   7.3963305089472386E-016
           6           6   2.1025969905678998     
           6           7   3.7875498059684915E-015
           6           8  -3.3818687958938663E-015
           6           9   1.0433287659667902E-015
           6          10  -2.5227909691527800E-002
           6          11  -2.0855427368618071E-015
           6          12  -2.8610269186823154E-016
           6          13   2.3390487759944024E-015
           7           1   2.6844799543179398E-016
           7           2  -1.5159882506766558E-015
           7           3  -9.3436436749170779E-002
           7           4   4.3362665888558105E-016
           7           5  -3.2092384305571474E-017
           7           6   3.7875498059684915E-015
           7           7   6.2512623288252757E-003
           7           8   9.0649466014946020E-018
           7           9   1.4148838350938390E-017
           7          10  -4.9192040559871776E-016
           7          11  -3.4078877897613965E-003
           7          12   5.4246531041006146E-017
           7          13   3.3786450200086169E-017
           8           1   8.4634309130554655E-016
           8           2   5.7400145292962271E-016
           8           3  -2.9761349634726766E-016
           8           4  -9.3436436749169766E-002
           8           5  -8.9999622338021664E-016
           8           6  -3.3818687958938663E-015
           8           7   9.0649466014946020E-018
           8           8   6.2512623288251733E-003
           8           9   4.3212232837122206E-017
           8          10   1.1978694898906706E-015
           8          11   1.1400216437103428E-017
           8          12  -3.4078877897612374E-003
           8          13  -9.9255320759357059E-018
           9           1  -8.8397976185045022E-016
           9           2   2.7281746790670409E-015
           9           3  -6.4791921827733784E-016
           9           4  -1.7650811368063963E-016
           9           5  -9.3436436749168683E-002
           9           6   1.0433287659667902E-015
           9           7   1.4148838350938390E-017
           9           8   4.3212232837122206E-017
           9           9   6.2512623288250892E-003
           9          10  -4.7280830091548294E-017
           9          11  -1.8621172312439808E-017
           9          12  -1.2126123672892752E-017
           9          13  -3.4078877897611819E-003
          10           1   3.7494791210355306E-003
          10           2   2.6375294665073809E-003
          10           3   1.6857386156408008E-016
          10           4   6.8996671629840643E-016
          10           5  -1.2316053984834821E-016
          10           6  -2.5227909691527800E-002
          10           7  -4.9192040559871776E-016
          10           8   1.1978694898906706E-015
          10           9  -4.7280830091548294E-017
          10          10   3.9642396020514059E-002
          10          11   1.4966861358104675E-016
          10          12   7.0793070252584907E-017
          10          13  -2.3133584689271366E-016
          11           1  -7.2546295138649406E-016
          11           2   9.0154106306322959E-016
          11           3   5.6843064380175543E-002
          11           4  -4.2392304944183342E-016
          11           5  -1.5439038936193554E-016
          11           6  -2.0855427368618071E-015
          11           7  -3.4078877897613965E-003
          11           8   1.1400216437103428E-017
          11           9  -1.8621172312439808E-017
          11          10   1.4966861358104675E-016
          11          11   1.9130012978880841E-003
          11          12  -4.2655732190778886E-017
          11          13  -1.5937771935539966E-017
          12           1  -9.6076654809242770E-017
          12           2  -6.6218942468963808E-016
          12           3  -1.1906708258235808E-015
          12           4   5.6843064380173211E-002
          12           5   2.6259376617598922E-016
          12           6  -2.8610269186823154E-016
          12           7   5.4246531041006146E-017
          12           8  -3.4078877897612374E-003
          12           9  -1.2126123672892752E-017
          12          10   7.0793070252584907E-017
          12          11  -4.2655732190778886E-017
          12          12   1.9130012978879356E-003
          12          13  -9.7917008702648041E-019
          13           1   6.2261876806803554E-016
          13           2  -2.0422468024868866E-015
          13           3  -3.8337388819087535E-016
          13           4  -1.2240642527361190E-016
          13           5   5.6843064380172996E-002
          13           6   2.3390487759944024E-015
          13           7   3.3786450200086169E-017
          13           8  -9.9255320759357059E-018
          13           9  -3.4078877897611819E-003
          13          10  -2.3133584689271366E-016
          13          11  -1.5937771935539966E-017
          13          12  -9.7917008702648041E-019
          13          13   1.9130012978879093E-003
