           1           1   2.2073136804062923     
           1           2 -0.78775475450659371     
           1           3   1.1635818209129555E-014
           1           4   9.3503799105428360E-015
           1           5   1.7509683809860855E-014
           1           6  0.30474246888055589     
           1           7   6.4822399051544395E-015
           1           8   4.2798775591551111E-015
           1           9  -3.8328734443843292E-015
           1          10 -0.37798223584699564     
           1          11  -5.1771277539462745E-016
           1          12   4.6561051516392056E-016
           1          13   1.8880333540187169E-014
           1          14   1.6276342208315402E-002
           1          15  -5.3184097896874277E-015
           1          16  -4.7485547688068559E-015
           1          17  -3.1973729415823358E-015
           1          18  -4.4324312802319519E-003
           1          19   2.4125217160725188E-015
           1          20   2.4304478843627328E-015
           1          21   3.6793513481956099E-015
           1          22   2.7876431785048984E-002
           1          23   6.7089130061552393E-015
           1          24   2.7876431785043749E-002
           1          25  -1.1849176364701906E-015
           1          26   3.8977196122667341E-015
           1          27   2.7876431785047139E-002
           1          28  0.11297846978240227     
           1          29  -4.5294297613992207E-015
           1          30  0.11297846978240528     
           1          31  -4.3207960675410601E-015
           1          32   3.4005849985283749E-015
           1          33  0.11297846978239733     
           1          34  -1.0248785976975160E-002
           1          35   4.7427727507803600E-015
           1          36  -1.0248785976979705E-002
           1          37  -1.0833820370552094E-015
           1          38  -3.8465929435204834E-016
           1          39  -1.0248785976977082E-002
           2           1 -0.78775475450659371     
           2           2   3.0783665405962797     
           2           3  -3.9406981095414570E-014
           2           4  -2.5179767172021146E-014
           2           5  -3.9603114100343635E-014
           2           6 -0.61025603132738993     
           2           7  -1.7280855496292938E-014
           2           8  -1.6266316448747398E-014
           2           9   9.6009624355056686E-015
           2          10   2.0595853111632807     
           2          11   1.2228289575221970E-014
           2          12   1.6793767334982583E-014
           2          13  -7.0841983676244505E-014
           2          14 -0.11181835737734036     
           2          15   1.7310800465450460E-014
           2          16   8.5777699629064450E-015
           2          17   9.6085615163292375E-015
           2          18   3.0052468933439463E-002
           2          19  -1.5212404469185135E-014
           2          20  -1.0009873194770825E-014
           2          21  -1.0269718799026527E-014
           2          22 -0.48370137556637788     
           2          23  -3.2026055104329197E-014
           2          24 -0.48370137556633896     
           2          25   7.1757634494444603E-015
           2          26  -1.6165453024717903E-014
           2          27 -0.48370137556636172     
           2          28 -0.64992358728976485     
           2          29   1.7300415276965306E-014
           2          30 -0.64992358728976019     
           2          31   4.8340540065031837E-015
           2          32  -5.8725707637551757E-017
           2          33 -0.64992358728974420     
           2          34   6.8385137645326680E-002
           2          35  -8.5497378773793287E-015
           2          36   6.8385137645315924E-002
           2          37   2.0784168974394815E-015
           2          38  -1.4463438061521434E-014
           2          39   6.8385137645314190E-002
           3           1   1.1635818209129555E-014
           3           2  -3.9406981095414570E-014
           3           3   2.4397308326617533     
           3           4  -7.7325298941665506E-016
           3           5   1.1404288971506016E-014
           3           6  -2.9182893782839888E-014
           3           7  -1.1507905845642150     
           3           8  -1.1293049828609243E-015
           3           9  -8.1401899110211247E-015
           3          10  -5.4883300251768165E-014
           3          11  0.40590315070728245     
           3          12  -1.3322676295501834E-014
           3          13   9.0144905429133897E-015
           3          14   1.8708953701601084E-014
           3          15  -6.4041750768701111E-002
           3          16  -2.1901751245945162E-014
           3          17  -3.4725911382538214E-015
           3          18  -2.3336788334229052E-015
           3          19   3.5119806735021082E-002
           3          20   2.1777718517412843E-014
           3          21   1.4513672381977180E-014
           3          22   3.7687442700872888E-014
           3          23   2.1646069360793581E-013
           3          24   1.7573670800594433E-013
           3          25  -1.9357190513027103E-013
           3          26  -1.2965834376477692E-013
           3          27  -1.5332954006865543E-013
           3          28   6.6299826266892731E-015
           3          29  -4.0073712636308112E-014
           3          30  -1.9768467457032762E-015
           3          31   2.1030522079703007E-014
           3          32   2.6542711071276446E-014
           3          33   5.1300152771672880E-014
           3          34  -2.5554194457512022E-014
           3          35   3.3716790914349898E-014
           3          36   2.7443044053550513E-015
           3          37  -8.2901131784197589E-015
           3          38  -5.5434748391579810E-015
           3          39  -2.6736988944792640E-014
           4           1   9.3503799105428360E-015
           4           2  -2.5179767172021146E-014
           4           3  -7.7325298941665506E-016
           4           4   2.4397308326617591     
           4           5   2.8622937353615547E-016
           4           6   3.4235994969072723E-015
           4           7   1.2856035680464095E-014
           4           8  -1.1507905845642312     
           4           9  -9.7456764880376423E-015
           4          10   5.5471522632408760E-014
           4          11   2.2828960943855172E-015
           4          12  0.40590315070731159     
           4          13  -1.0581813203459823E-015
           4          14  -2.7847697005192087E-014
           4          15   6.2567138969793324E-015
           4          16  -6.4041750768729006E-002
           4          17  -6.2515097265514138E-015
           4          18   7.7607223675572425E-015
           4          19  -1.2396767640199256E-014
           4          20   3.5119806735015448E-002
           4          21   2.7640650185345138E-015
           4          22   3.8118749500281119E-015
           4          23  -2.4240617496393443E-014
           4          24  -5.0089749564394288E-014
           4          25   4.7171760722752677E-014
           4          26   2.5665459188883694E-014
           4          27   1.6175797024266226E-014
           4          28  -1.5710701635297177E-014
           4          29  -9.7632323930809920E-015
           4          30  -2.4566875245956333E-014
           4          31  -7.8149415782895086E-015
           4          32   1.4783758662763925E-014
           4          33  -1.2356212020597309E-014
           4          34   5.1184179272653360E-015
           4          35  -4.6802664979424177E-015
           4          36   4.2552982367745827E-015
           4          37   4.2337110772294611E-015
           4          38   4.6276477113646944E-015
           4          39   1.3443308883442461E-014
           5           1   1.7509683809860855E-014
           5           2  -3.9603114100343635E-014
           5           3   1.1404288971506016E-014
           5           4   2.8622937353615547E-016
           5           5   2.4397308326617653     
           5           6   2.9063778965563761E-015
           5           7  -2.8227420401094577E-014
           5           8   8.1150364206195572E-015
           5           9  -1.1507905845642372     
           5          10  -3.9704170554938451E-014
           5          11   1.1893264151296974E-014
           5          12   6.7688910032614027E-015
           5          13  0.40590315070730781     
           5          14  -1.6521311739821000E-014
           5          15   2.1658022597571068E-015
           5          16  -1.5356639571085205E-015
           5          17  -6.4041750768724467E-002
           5          18   7.3907501432789820E-015
           5          19  -1.0297318553398302E-014
           5          20  -4.5933309239521646E-015
           5          21   3.5119806735019132E-002
           5          22   5.9299627076638848E-015
           5          23  -1.2324085417463750E-013
           5          24  -5.6793855948798803E-014
           5          25   8.5262726472176856E-014
           5          26   1.7340704624270143E-014
           5          27   3.8324065377783040E-014
           5          28   1.0008277253793690E-014
           5          29   1.1474174286332663E-014
           5          30   3.5080105299098489E-015
           5          31  -8.7615315613547273E-015
           5          32   2.7563850311865288E-015
           5          33   6.3382748630246515E-015
           5          34   4.3825280466595576E-015
           5          35  -1.5714992521711081E-014
           5          36   3.5345523041743078E-015
           5          37   5.4301449102490807E-015
           5          38   2.0329578678163938E-015
           5          39   9.0513108403856936E-015
           6           1  0.30474246888055589     
           6           2 -0.61025603132738993     
           6           3  -2.9182893782839888E-014
           6           4   3.4235994969072723E-015
           6           5   2.9063778965563761E-015
           6           6   2.2489357426780723     
           6           7  -9.9324629396399386E-015
           6           8   4.4902050349143942E-014
           6           9  -1.4181853354187342E-014
           6          10  -3.2878238218806350     
           6          11  -4.3907425975912671E-014
           6          12  -7.8345011001145323E-014
           6          13   1.1801227626457134E-013
           6          14  0.14867541991567651     
           6          15  -2.9346135068397331E-014
           6          16  -3.9751589501322351E-015
           6          17  -1.8807544414664053E-015
           6          18  -4.0365259113935445E-002
           6          19   2.0531573733821739E-014
           6          20   1.8669322161137364E-014
           6          21   5.6474800297897583E-015
           6          22  0.19709717959964085     
           6          23  -5.4902821243154101E-015
           6          24  0.19709717959957523     
           6          25   1.1540093104824067E-015
           6          26   2.4788607638385845E-014
           6          27  0.19709717959960230     
           6          28  0.98950467388424646     
           6          29  -2.3728819645028838E-014
           6          30  0.98950467388425023     
           6          31  -3.8808345823266628E-015
           6          32   6.8757438520412968E-015
           6          33  0.98950467388422891     
           6          34  -9.3254951362708560E-002
           6          35   2.0846455586900723E-014
           6          36  -9.3254951362680999E-002
           6          37  -6.9684614008055124E-015
           6          38   1.8839161859811022E-014
           6          39  -9.3254951362694904E-002
           7           1   6.4822399051544395E-015
           7           2  -1.7280855496292938E-014
           7           3  -1.1507905845642150     
           7           4   1.2856035680464095E-014
           7           5  -2.8227420401094577E-014
           7           6  -9.9324629396399386E-015
           7           7   3.0443403007878898     
           7           8  -1.5369649997154438E-014
           7           9   2.1684043449709994E-014
           7          10   7.0170617631170919E-014
           7          11  -1.3362062815342843     
           7          12   4.3187675657918438E-014
           7          13  -2.9129476608602343E-014
           7          14  -3.2033631699986321E-014
           7          15  0.19717264053117217     
           7          16   6.2059732353070223E-014
           7          17   2.4190718872496565E-014
           7          18   7.1945178918336452E-015
           7          19 -0.10840389671075755     
           7          20  -4.7030088157207205E-014
           7          21  -4.1134630424099994E-014
           7          22  -5.9987289199835211E-014
           7          23  -5.6173410598953082E-013
           7          24  -4.0069156441130756E-013
           7          25   5.0077592719279833E-013
           7          26   3.5680490726669571E-013
           7          27   4.2961477507909466E-013
           7          28   7.7632442647157785E-015
           7          29   1.3021087554995733E-013
           7          30   4.9466342746717588E-014
           7          31  -5.7724182939708967E-014
           7          32  -8.7988668382054739E-014
           7          33  -1.1881515326412772E-013
           7          34   6.3187007779110669E-014
           7          35  -9.7365905762810590E-014
           7          36  -8.3391378108798998E-015
           7          37   1.6652702673482832E-014
           7          38  -9.8368238750581111E-015
           7          39   6.4134577023445921E-014
           8           1   4.2798775591551111E-015
           8           2  -1.6266316448747398E-014
           8           3  -1.1293049828609243E-015
           8           4  -1.1507905845642312     
           8           5   8.1150364206195572E-015
           8           6   4.4902050349143942E-014
           8           7  -1.5369649997154438E-014
           8           8   3.0443403007879342     
           8           9   7.1262440393125421E-015
           8          10  -1.7980834329504170E-013
           8          11  -3.4972025275693851E-015
           8          12  -1.3362062815343612     
           8          13   5.5372373353183627E-015
           8          14   8.4728894107768162E-014
           8          15  -2.9091312692131011E-014
           8          16  0.19717264053124001     
           8          17   1.7090495685323481E-014
           8          18  -2.8333527445914620E-014
           8          19   3.5151569155456018E-014
           8          20 -0.10840389671076725     
           8          21  -1.2429293705373736E-014
           8          22  -2.6687932638292808E-014
           8          23   6.7356472689108087E-014
           8          24   8.8772813958403776E-014
           8          25  -1.1900407954737228E-013
           8          26  -7.2608627027088897E-014
           8          27  -5.1991408072737519E-014
           8          28   5.2449982720434552E-014
           8          29   2.5268752396303921E-014
           8          30   8.6011103164650847E-014
           8          31   1.8471437089463235E-014
           8          32  -4.6306920246541102E-014
           8          33   2.4818975865212944E-014
           8          34  -9.7062756426766417E-015
           8          35   1.2525963819419934E-014
           8          36  -1.5879652642585602E-014
           8          37  -9.0971215402841583E-015
           8          38  -3.8657687555138434E-015
           8          39  -3.1752756182541151E-014
           9           1  -3.8328734443843292E-015
           9           2   9.6009624355056686E-015
           9           3  -8.1401899110211247E-015
           9           4  -9.7456764880376423E-015
           9           5  -1.1507905845642372     
           9           6  -1.4181853354187342E-014
           9           7   2.1684043449709994E-014
           9           8   7.1262440393125421E-015
           9           9   3.0443403007879239     
           9          10   2.1764506256298933E-013
           9          11  -2.4990426394921814E-014
           9          12  -2.6631474803195602E-014
           9          13  -1.3362062815343432     
           9          14   4.9264100349752315E-014
           9          15  -1.4527875430436973E-014
           9          16   6.5503158452885908E-015
           9          17  0.19717264053123229     
           9          18  -2.1136047555118835E-014
           9          19   2.7123052068200785E-014
           9          20   4.2630829422132669E-015
           9          21 -0.10840389671076893     
           9          22  -1.8702852662196494E-014
           9          23   3.0358150963450395E-013
           9          24   1.1631250442491289E-013
           9          25  -2.0962057817443916E-013
           9          26  -5.1573422414576071E-014
           9          27  -1.0327622137023602E-013
           9          28  -6.3534184268090137E-014
           9          29  -2.7425205832399364E-014
           9          30  -3.3786697676447837E-014
           9          31   1.7583310439822323E-014
           9          32  -5.4637957323614679E-015
           9          33  -6.0007821478291298E-014
           9          34  -9.8812170033420406E-015
           9          35   3.8961358316914109E-014
           9          36  -1.3191052591138200E-014
           9          37  -9.7961280019860264E-015
           9          38  -2.5083614497295254E-015
           9          39  -2.0275188787566039E-014
          10           1 -0.37798223584699564     
          10           2   2.0595853111632807     
          10           3  -5.4883300251768165E-014
          10           4   5.5471522632408760E-014
          10           5  -3.9704170554938451E-014
          10           6  -3.2878238218806350     
          10           7   7.0170617631170919E-014
          10           8  -1.7980834329504170E-013
          10           9   2.1764506256298933E-013
          10          10   15.492822239981162     
          10          11   1.8350785093597477E-013
          10          12   3.0257144931441568E-013
          10          13  -6.7249013445362939E-013
          10          14 -0.51219049235480230     
          10          15   1.3485927161331353E-013
          10          16   3.0592860706050019E-014
          10          17   1.9881516170096092E-014
          10          18  0.14305946595986019     
          10          19  -1.0755690786791208E-013
          10          20  -1.2160046199402762E-013
          10          21  -2.8051958823455541E-014
          10          22 -0.52588129737371181     
          10          23  -1.2516228634136094E-013
          10          24 -0.52588129737361156     
          10          25   7.7496417990499211E-014
          10          26  -5.5258436045614273E-014
          10          27 -0.52588129737366396     
          10          28  -4.4210678598841602     
          10          29   2.1036636485429495E-013
          10          30  -4.4210678598840838     
          10          31   8.7417556001265692E-014
          10          32   2.8450619823719107E-014
          10          33  -4.4210678598839248     
          10          34  0.32863755910399306     
          10          35  -1.0834822945243273E-013
          10          36  0.32863755910383963     
          10          37  -2.3288655196704616E-015
          10          38  -1.2626332564826263E-013
          10          39  0.32863755910388853     
          11           1  -5.1771277539462745E-016
          11           2   1.2228289575221970E-014
          11           3  0.40590315070728245     
          11           4   2.2828960943855172E-015
          11           5   1.1893264151296974E-014
          11           6  -4.3907425975912671E-014
          11           7  -1.3362062815342843     
          11           8  -3.4972025275693851E-015
          11           9  -2.4990426394921814E-014
          11          10   1.8350785093597477E-013
          11          11   2.6710714771994963     
          11          12   1.2212453270879759E-015
          11          13   1.0547118733938836E-014
          11          14  -1.4151763780781260E-013
          11          15 -0.31267500492438871     
          11          16  -7.7236828044391258E-014
          11          17  -5.9973727373208125E-014
          11          18   4.8320221511501785E-014
          11          19  0.17407420584416372     
          11          20   2.4508173268600217E-014
          11          21   7.1918165867046469E-014
          11          22   3.9114734149833164E-014
          11          23   1.1230820130622370E-013
          11          24   8.8096918881403716E-014
          11          25  -8.4088052181156122E-014
          11          26  -8.1760548150264193E-014
          11          27  -1.0019960142450247E-013
          11          28  -8.0160098477284126E-014
          11          29  -1.5302823708843142E-013
          11          30  -2.4632638994971594E-013
          11          31   1.9691308535223192E-014
          11          32   1.9803894047271716E-013
          11          33   1.2275625833115712E-013
          11          34  -4.6868653598169580E-014
          11          35   3.2417929843121487E-014
          11          36   4.1235185734567584E-014
          11          37   1.7766823493281427E-014
          11          38   2.0439093881383045E-014
          11          39   2.5410906270660736E-015
          12           1   4.6561051516392056E-016
          12           2   1.6793767334982583E-014
          12           3  -1.3322676295501834E-014
          12           4  0.40590315070731159     
          12           5   6.7688910032614027E-015
          12           6  -7.8345011001145323E-014
          12           7   4.3187675657918438E-014
          12           8  -1.3362062815343612     
          12           9  -2.6631474803195602E-014
          12          10   3.0257144931441568E-013
          12          11   1.2212453270879759E-015
          12          12   2.6710714771995594     
          12          13   1.2267964422107226E-014
          12          14  -1.3759934282342889E-013
          12          15   5.9893062731575179E-014
          12          16 -0.31267500492455280     
          12          17  -3.3618940964430458E-014
          12          18   4.4524405895059933E-014
          12          19  -5.9129784402145396E-014
          12          20  0.17407420584429184     
          12          21   3.4463751297231081E-014
          12          22   4.3552157702076649E-014
          12          23  -2.2629173841648036E-015
          12          24  -7.5024124500012219E-015
          12          25   2.1383726832902001E-014
          12          26  -3.1811902438613928E-015
          12          27  -2.0471295837150767E-014
          12          28  -1.0124608277775847E-013
          12          29  -8.7569697474544311E-014
          12          30  -1.5939755641237222E-013
          12          31  -8.1589406871853789E-015
          12          32   9.7731637825425081E-014
          12          33  -2.2684193540104713E-014
          12          34   2.2594420776572574E-016
          12          35   2.3898839005497703E-014
          12          36   3.5192404528339638E-014
          12          37   6.7464171656364737E-015
          12          38   8.8628796831493317E-015
          12          39   3.3451648246021305E-014
          13           1   1.8880333540187169E-014
          13           2  -7.0841983676244505E-014
          13           3   9.0144905429133897E-015
          13           4  -1.0581813203459823E-015
          13           5  0.40590315070730781     
          13           6   1.1801227626457134E-013
          13           7  -2.9129476608602343E-014
          13           8   5.5372373353183627E-015
          13           9  -1.3362062815343432     
          13          10  -6.7249013445362939E-013
          13          11   1.0547118733938836E-014
          13          12   1.2267964422107226E-014
          13          13   2.6710714771995412     
          13          14  -2.1336980705909049E-014
          13          15   1.9371657056233428E-014
          13          16  -2.6572494205013091E-014
          13          17 -0.31267500492451095     
          13          18   7.0576471498589686E-015
          13          19  -1.7880662228630762E-014
          13          20   1.4448511831410268E-014
          13          21  0.17407420584428657     
          13          22   2.3828346294159475E-014
          13          23  -3.0995620186138679E-014
          13          24   1.4854700230212550E-014
          13          25   9.6486474917618585E-015
          13          26  -4.1075237695937053E-015
          13          27   1.9358998239793359E-014
          13          28   1.9076302147916847E-013
          13          29  -3.1387530722153548E-014
          13          30   1.4840970753223757E-013
          13          31   1.4164831778941864E-014
          13          32   2.0167695288666274E-014
          13          33   2.0378793556287180E-013
          13          34  -1.9070555632193864E-014
          13          35   5.3563846075663985E-015
          13          36  -1.9209229052678663E-015
          13          37   7.1983718589757283E-016
          13          38   1.7595379099333359E-015
          13          39  -4.6661285587718968E-015
          14           1   1.6276342208315402E-002
          14           2 -0.11181835737734036     
          14           3   1.8708953701601084E-014
          14           4  -2.7847697005192087E-014
          14           5  -1.6521311739821000E-014
          14           6  0.14867541991567651     
          14           7  -3.2033631699986321E-014
          14           8   8.4728894107768162E-014
          14           9   4.9264100349752315E-014
          14          10 -0.51219049235480230     
          14          11  -1.4151763780781260E-013
          14          12  -1.3759934282342889E-013
          14          13  -2.1336980705909049E-014
          14          14   2.0476736776330363E-002
          14          15   6.2210075618339755E-015
          14          16   1.1409395565311043E-014
          14          17   4.4795663021645848E-015
          14          18  -5.5429586726657518E-003
          14          19  -2.7464876225768842E-015
          14          20  -3.3732364431424079E-015
          14          21  -2.6732933289286700E-015
          14          22   2.8779533195623173E-002
          14          23  -2.7025918172835703E-014
          14          24   2.8779533195590075E-002
          14          25   1.1441540017255102E-014
          14          26  -2.6111772361335650E-014
          14          27   2.8779533195598821E-002
          14          28  0.15391941188386923     
          14          29  -1.5923364808160201E-014
          14          30  0.15391941188386726     
          14          31  -4.7039130918494790E-014
          14          32   3.3593123064328109E-014
          14          33  0.15391941188386379     
          14          34  -1.2650741735059345E-002
          14          35   8.2753514778822406E-016
          14          36  -1.2650741735056092E-002
          14          37   2.5909148066079786E-015
          14          38   1.1036589628983291E-015
          14          39  -1.2650741735056904E-002
          15           1  -5.3184097896874277E-015
          15           2   1.7310800465450460E-014
          15           3  -6.4041750768701111E-002
          15           4   6.2567138969793324E-015
          15           5   2.1658022597571068E-015
          15           6  -2.9346135068397331E-014
          15           7  0.19717264053117217     
          15           8  -2.9091312692131011E-014
          15           9  -1.4527875430436973E-014
          15          10   1.3485927161331353E-013
          15          11 -0.31267500492438871     
          15          12   5.9893062731575179E-014
          15          13   1.9371657056233428E-014
          15          14   6.2210075618339755E-015
          15          15   3.9589049737769000E-002
          15          16   2.0699587877092505E-015
          15          17   3.5407874549031809E-015
          15          18  -2.2449274469704566E-015
          15          19  -2.1784338519813810E-002
          15          20   3.2092384305566681E-016
          15          21  -5.5383757475989629E-015
          15          22  -8.8161781143865833E-015
          15          23  -2.3326664370529739E-014
          15          24  -1.6992198224771612E-014
          15          25   2.4666383841358647E-014
          15          26   2.8930570160364013E-014
          15          27   1.5171974853799456E-014
          15          28  -2.6866764610283220E-014
          15          29   1.8761488111239378E-014
          15          30  -1.4677356861904461E-014
          15          31  -7.4162662943072484E-016
          15          32  -3.0103737620271562E-014
          15          33  -4.8287497558955496E-014
          15          34   7.5141865450744154E-015
          15          35  -5.6543155289570477E-015
          15          36  -8.6176036502146368E-016
          15          37  -9.9058195115444376E-016
          15          38  -4.5814282563572434E-016
          15          39   4.6515611686329742E-015
          16           1  -4.7485547688068559E-015
          16           2   8.5777699629064450E-015
          16           3  -2.1901751245945162E-014
          16           4  -6.4041750768729006E-002
          16           5  -1.5356639571085205E-015
          16           6  -3.9751589501322351E-015
          16           7   6.2059732353070223E-014
          16           8  0.19717264053124001     
          16           9   6.5503158452885908E-015
          16          10   3.0592860706050019E-014
          16          11  -7.7236828044391258E-014
          16          12 -0.31267500492455280     
          16          13  -2.6572494205013091E-014
          16          14   1.1409395565311043E-014
          16          15   2.0699587877092505E-015
          16          16   3.9589049737796589E-002
          16          17   4.9136042457043313E-015
          16          18  -3.7682949375024784E-015
          16          19   9.8141980653394527E-016
          16          20  -2.1784338519832115E-002
          16          21  -4.0245584642662374E-015
          16          22  -1.8162770221439057E-014
          16          23   3.0539699949444526E-015
          16          24   8.9089060596906921E-015
          16          25  -7.6061827458446195E-015
          16          26  -1.3917458330165684E-014
          16          27   3.1615864843113189E-015
          16          28  -6.6689901305370292E-015
          16          29   9.6031491931555201E-015
          16          30  -2.2164786339990147E-015
          16          31   1.1922031557381588E-014
          16          32   7.5122670075571627E-015
          16          33  -1.3365240756297233E-014
          16          34   2.5978420635284250E-016
          16          35  -2.1740525184707610E-015
          16          36  -1.8720535143475764E-015
          16          37  -1.9970188049458337E-015
          16          38  -2.4088939815173870E-015
          16          39  -2.5229499086099416E-015
          17           1  -3.1973729415823358E-015
          17           2   9.6085615163292375E-015
          17           3  -3.4725911382538214E-015
          17           4  -6.2515097265514138E-015
          17           5  -6.4041750768724467E-002
          17           6  -1.8807544414664053E-015
          17           7   2.4190718872496565E-014
          17           8   1.7090495685323481E-014
          17           9  0.19717264053123229     
          17          10   1.9881516170096092E-014
          17          11  -5.9973727373208125E-014
          17          12  -3.3618940964430458E-014
          17          13 -0.31267500492451095     
          17          14   4.4795663021645848E-015
          17          15   3.5407874549031809E-015
          17          16   4.9136042457043313E-015
          17          17   3.9589049737789740E-002
          17          18  -1.5156331303673861E-015
          17          19  -1.2096443638420497E-015
          17          20  -2.7859659024187778E-015
          17          21  -2.1784338519829555E-002
          17          22   7.3625749304490921E-015
          17          23   2.7616746329360414E-015
          17          24  -5.8308202226454935E-015
          17          25   1.1759683442652174E-016
          17          26   4.6521480804047054E-015
          17          27  -5.1020325864098263E-015
          17          28  -5.9853344184937764E-015
          17          29   8.3545248387630975E-015
          17          30  -1.2194472064970220E-015
          17          31   4.2082316326117881E-015
          17          32  -5.8336275720709403E-015
          17          33  -5.9413142981909758E-015
          17          34   5.4815192318051844E-016
          17          35  -4.9288657574825511E-016
          17          36  -1.3276463163169438E-015
          17          37  -2.1399441632631307E-016
          17          38   3.1517255587390927E-016
          17          39  -1.1372314300984890E-015
          18           1  -4.4324312802319519E-003
          18           2   3.0052468933439463E-002
          18           3  -2.3336788334229052E-015
          18           4   7.7607223675572425E-015
          18           5   7.3907501432789820E-015
          18           6  -4.0365259113935445E-002
          18           7   7.1945178918336452E-015
          18           8  -2.8333527445914620E-014
          18           9  -2.1136047555118835E-014
          18          10  0.14305946595986019     
          18          11   4.8320221511501785E-014
          18          12   4.4524405895059933E-014
          18          13   7.0576471498589686E-015
          18          14  -5.5429586726657518E-003
          18          15  -2.2449274469704566E-015
          18          16  -3.7682949375024784E-015
          18          17  -1.5156331303673861E-015
          18          18   1.5097520250503585E-003
          18          19   1.1053445187983066E-015
          18          20   1.2786729552758909E-015
          18          21   8.3177243736134780E-016
          18          22  -7.6694981052558521E-003
          18          23   3.1885591765085466E-014
          18          24  -7.6694981052501587E-003
          18          25   1.6677449697728124E-015
          18          26   1.6342288777910782E-014
          18          27  -7.6694981052543992E-003
          18          28  -4.2526776664841746E-002
          18          29  -8.7887014342102910E-015
          18          30  -4.2526776664841566E-002
          18          31  -1.2081197971923204E-015
          18          32   1.3598158537512399E-015
          18          33  -4.2526776664840137E-002
          18          34   3.4514118769963962E-003
          18          35   1.6712858913553073E-015
          18          36   3.4514118769954734E-003
          18          37   1.0288207475435091E-016
          18          38  -9.5106913840581767E-016
          18          39   3.4514118769956342E-003
          19           1   2.4125217160725188E-015
          19           2  -1.5212404469185135E-014
          19           3   3.5119806735021082E-002
          19           4  -1.2396767640199256E-014
          19           5  -1.0297318553398302E-014
          19           6   2.0531573733821739E-014
          19           7 -0.10840389671075755     
          19           8   3.5151569155456018E-014
          19           9   2.7123052068200785E-014
          19          10  -1.0755690786791208E-013
          19          11  0.17407420584416372     
          19          12  -5.9129784402145396E-014
          19          13  -1.7880662228630762E-014
          19          14  -2.7464876225768842E-015
          19          15  -2.1784338519813810E-002
          19          16   9.8141980653394527E-016
          19          17  -1.2096443638420497E-015
          19          18   1.1053445187983066E-015
          19          19   1.2009933295405353E-002
          19          20  -1.5045473547582741E-015
          19          21   2.7485338224138049E-015
          19          22  -1.1838785074529221E-015
          19          23   1.1168263557613596E-014
          19          24   1.5484501452622710E-014
          19          25  -1.3330926605068509E-014
          19          26  -1.3235149058324781E-014
          19          27  -4.4601192034515139E-015
          19          28   2.5564658321338477E-014
          19          29  -3.6886174887679799E-015
          19          30   1.7715909635197358E-014
          19          31   1.1500871570501295E-014
          19          32   1.4268196254066758E-014
          19          33   3.7423849201774566E-014
          19          34  -5.1893050456335192E-015
          19          35   2.5854882136037731E-015
          19          36  -7.7362321425779820E-017
          19          37  -1.2426572285765556E-017
          19          38   5.8877245077791196E-016
          19          39  -3.1473131568993594E-015
          20           1   2.4304478843627328E-015
          20           2  -1.0009873194770825E-014
          20           3   2.1777718517412843E-014
          20           4   3.5119806735015448E-002
          20           5  -4.5933309239521646E-015
          20           6   1.8669322161137364E-014
          20           7  -4.7030088157207205E-014
          20           8 -0.10840389671076725     
          20           9   4.2630829422132669E-015
          20          10  -1.2160046199402762E-013
          20          11   2.4508173268600217E-014
          20          12  0.17407420584429184     
          20          13   1.4448511831410268E-014
          20          14  -3.3732364431424079E-015
          20          15   3.2092384305566681E-016
          20          16  -2.1784338519832115E-002
          20          17  -2.7859659024187778E-015
          20          18   1.2786729552758909E-015
          20          19  -1.5045473547582741E-015
          20          20   1.2009933295417431E-002
          20          21   2.3182410852082744E-015
          20          22   1.8577373485310726E-014
          20          23   1.1478721630496143E-014
          20          24  -7.5707107667554823E-015
          20          25   6.7915160076222386E-015
          20          26   1.5184219615064674E-014
          20          27  -8.7411064045818245E-016
          20          28   3.3143774791787579E-014
          20          29  -8.3732078074639950E-015
          20          30   3.0957349451370059E-014
          20          31  -1.9125036716106681E-014
          20          32   6.2878625050303726E-016
          20          33   3.7455296706398208E-014
          20          34  -2.1867918254096711E-015
          20          35   1.4415413665986644E-015
          20          36  -1.0871298526445694E-015
          20          37   1.9454483469118529E-015
          20          38   1.8220234120676641E-015
          20          39  -6.9742556622785242E-016
          21           1   3.6793513481956099E-015
          21           2  -1.0269718799026527E-014
          21           3   1.4513672381977180E-014
          21           4   2.7640650185345138E-015
