           1           1   2.1839011063370695     
           1           2 -0.69337550602957654     
           1           3   8.3776236538765774E-013
           1           4   3.5281126690830595E-012
           1           5   2.6105011125357566E-012
           1           6  0.53749361337690882     
           1           7   5.7266020962662714E-012
           1           8  -1.3494812301116607E-015
           1           9  -4.2098661173838285E-012
           1          10   7.5663588212501395E-002
           1          11  -7.5175564200697912E-012
           1          12   5.6199650142269878E-012
           1          13   2.0451310266759220E-012
           1          14  -9.6092488508061000E-003
           1          15   6.4824949749938824E-012
           1          16   2.7824157649350846E-014
           1          17  -1.9314467296239089E-012
           1          18   1.1226000000865046E-002
           1          19  -1.0177989731373217E-012
           1          20  -2.9622420191837188E-012
           1          21   2.2053546054987380E-012
           1          22 -0.12739801717866975     
           1          23   5.0242306969689189E-007
           1          24 -0.12739800198064782     
           1          25   3.4076837099177904E-006
           1          26   5.7645616209289475E-007
           1          27 -0.12739801666656769     
           1          28  -7.1538508273011808E-002
           1          29  -1.3345939306167858E-006
           1          30  -7.1538547894678270E-002
           1          31  -9.0534388709321439E-006
           1          32  -1.5312267366803769E-006
           1          33  -7.1538509636914452E-002
           1          34   7.5099704387400334E-003
           1          35  -7.3510480545013356E-007
           1          36   7.5099430393975215E-003
           1          37  -4.9872054560887188E-006
           1          38  -8.4334069738890307E-007
           1          39   7.5099697284578609E-003
           2           1 -0.69337550602957654     
           2           2   2.7287623852146274     
           2           3  -6.6141448121051746E-012
           2           4  -1.3652286409054666E-011
           2           5  -1.4386955635024073E-011
           2           6  -1.1008070746003480     
           2           7  -2.8312854762806267E-011
           2           8   1.7727996756083234E-012
           2           9   1.9168781817725296E-011
           2          10  0.32073640163928391     
           2          11   3.4283714285855611E-011
           2          12  -2.4036086855522106E-011
           2          13  -9.5178425723260280E-012
           2          14  -2.1445706817348642E-002
           2          15  -2.8628203446389102E-011
           2          16  -3.4961257451432748E-013
           2          17   7.7887161248943496E-012
           2          18  -3.0462903127543538E-002
           2          19   5.3210986921287869E-012
           2          20   1.2306485174332410E-011
           2          21  -8.4892672066039207E-012
           2          22  -6.3732013600962437E-002
           2          23  -1.9601866854763613E-006
           2          24  -6.3732072460676775E-002
           2          25  -1.3295147108895016E-005
           2          26  -2.2490323160547974E-006
           2          27  -6.3732015601200537E-002
           2          28   5.0019897791629707E-002
           2          29   5.2016011311615667E-006
           2          30   5.0020050944373423E-002
           2          31   3.5285035985139353E-005
           2          32   5.9679880531537120E-006
           2          33   5.0019903117857201E-002
           2          34   4.4985594539118136E-003
           2          35   2.8213182489012118E-006
           2          36   4.4986649114530904E-003
           2          37   1.9140194923159888E-005
           2          38   3.2367293263463235E-006
           2          39   4.4985621789509368E-003
           3           1   8.3776236538765774E-013
           3           2  -6.6141448121051746E-012
           3           3   2.4348717830713937     
           3           4   1.6847644024935180E-008
           3           5   1.1426137386597120E-007
           3           6  -9.7233053326508332E-011
           3           7  -1.1357030169585187     
           3           8  -5.3382574422077456E-008
           3           9  -3.6204222794017731E-007
           3          10   9.5103248672455769E-011
           3          11  0.37179861486389398     
           3          12   1.1930036957709395E-007
           3          13   8.0905038987722834E-007
           3          14  -5.6349173375770187E-012
           3          15   3.0372454934265228E-002
           3          16  -2.2616147103832861E-007
           3          17  -1.5328555329130336E-006
           3          18   2.7027245740526490E-012
           3          19  -1.2897933386516854E-002
           3          20   9.4307756844986769E-008
           3          21   6.3928109776765548E-007
           3          22   4.3810948705485277E-011
           3          23  -9.5285690768092421E-011
           3          24   3.9448879013914156E-011
           3          25   2.8981036179422403E-010
           3          26  -9.8618316423766801E-011
           3          27   4.3590816527990168E-011
           3          28  -4.4046788068854998E-011
           3          29  -1.1735263716607917E-011
           3          30  -3.3369666210380023E-011
           3          31   1.7360128202037541E-011
           3          32  -1.6370499127856010E-011
           3          33  -4.2201225525922063E-011
           3          34  -3.3532406977662026E-011
           3          35   3.7605358528955103E-012
           3          36   1.0172289260142146E-011
           3          37   2.6707558243154566E-012
           3          38  -1.3390632680655143E-012
           3          39   1.6488554549877119E-011
           4           1   3.5281126690830595E-012
           4           2  -1.3652286409054666E-011
           4           3   1.6847644024935180E-008
           4           4   2.4348717835382345     
           4           5   1.9357806880997458E-008
           4           6  -2.6011805827104064E-011
           4           7  -5.3381136164794294E-008
           4           8  -1.1357030184327304     
           4           9  -6.1335637618386694E-008
           4          10  -8.3906076442727402E-011
           4          11   1.1928811322317628E-007
           4          12  0.37179861811554160     
           4          13   1.3706287118472044E-007
           4          14   4.1172511961235965E-012
           4          15  -2.2595388729680432E-007
           4          16   3.0372448836057168E-002
           4          17  -2.5969122804535880E-007
           4          18  -1.9820278197882558E-013
           4          19   9.4223658011168435E-008
           4          20  -1.2897930173054552E-002
           4          21   1.0827524228245204E-007
           4          22   2.9887257095170961E-013
           4          23  -8.6875657375620651E-010
           4          24   3.5745540813308338E-011
           4          25   4.3234306121824224E-009
           4          26  -9.5019578419713646E-010
           4          27   7.3164630262133898E-012
           4          28   4.9529365409596586E-011
           4          29  -1.2119687393465215E-011
           4          30   1.6259726263981038E-011
           4          31   3.0271257511287192E-010
           4          32  -9.2094925928964471E-011
           4          33   3.5169004888022861E-011
           4          34   1.5961721501268120E-011
           4          35   1.6007237251739262E-011
           4          36  -2.2486085882832713E-011
           4          37  -7.4244368035269374E-011
           4          38   1.6587954036936622E-011
           4          39   1.7092512430039447E-011
           5           1   2.6105011125357566E-012
           5           2  -1.4386955635024073E-011
           5           3   1.1426137386597120E-007
           5           4   1.9357806880997458E-008
           5           5   2.4348717830945592     
           5           6  -6.4636056137962463E-011
           5           7  -3.6204035663151256E-007
           5           8  -6.1334317641272839E-008
           5           9  -1.1357030170326845     
           5          10  -7.9081940850181024E-011
           5          11   8.0903939346511031E-007
           5          12   1.3706481216898299E-007
           5          13  0.37179861502013600     
           5          14   1.8984551693203056E-011
           5          15  -1.5328080616421787E-006
           5          16  -2.5969431463775138E-007
           5          17   3.0372454661041305E-002
           5          18  -1.6245341500229207E-012
           5          19   6.3925953843782957E-007
           5          20   1.0827477584953663E-007
           5          21  -1.2897933275903783E-002
           5          22   3.8522629749282112E-011
           5          23  -1.1631705542705037E-009
           5          24   4.4407304997320517E-011
           5          25   1.5194673851972406E-009
           5          26  -1.2122565551647251E-009
           5          27   2.8675874993585503E-011
           5          28   3.2040777450406580E-011
           5          29  -8.4774575978410069E-011
           5          30   2.1278251093160323E-011
           5          31   1.3944537995573820E-010
           5          32  -7.9161726900517802E-011
           5          33   5.8209034256485492E-011
           5          34  -2.0384963120192649E-011
           5          35   9.9578906489294450E-012
           5          36  -1.9053446859857950E-011
           5          37  -2.8708819720048988E-011
           5          38   1.9665286818601839E-011
           5          39   2.5449951726882352E-012
           6           1  0.53749361337690882     
           6           2  -1.1008070746003480     
           6           3  -9.7233053326508332E-011
           6           4  -2.6011805827104064E-011
           6           5  -6.4636056137962463E-011
           6           6   2.8034605318815182     
           6           7  -3.3614970280386356E-011
           6           8  -1.4025861167640996E-011
           6           9   5.9679793140239630E-011
           6          10 -0.86947273866642472     
           6          11  -2.8821006650234888E-011
           6          12   5.9513760021647636E-011
           6          13  -1.8163671472947619E-011
           6          14   5.3434443633645343E-002
           6          15   7.5285500584250067E-011
           6          16   1.9966321565929823E-012
           6          17  -1.7578875001640689E-011
           6          18   6.7837523121249063E-002
           6          19  -1.7244437467249198E-011
           6          20  -2.8259954193496545E-011
           6          21   1.9420701238221935E-011
           6          22   4.8205737577656192E-003
           6          23   5.0199927291496601E-006
           6          24   4.8207275880510769E-003
           6          25   3.4040628112350847E-005
           6          26   5.7596241228794903E-006
           6          27   4.8205788539192823E-003
           6          28  -7.3491657965741239E-002
           6          29  -1.3313201206225014E-005
           6          30  -7.3492057603807809E-002
           6          31  -9.0314830041105201E-005
           6          32  -1.5274602230728620E-005
           6          33  -7.3491671543343226E-002
           6          34  -1.3975788838806794E-002
           6          35  -7.5218945945708456E-006
           6          36  -1.3976068670593924E-002
           6          37  -5.1032450509066042E-005
           6          38  -8.6294171435568877E-006
           6          39  -1.3975796114360155E-002
           7           1   5.7266020962662714E-012
           7           2  -2.8312854762806267E-011
           7           3  -1.1357030169585187     
           7           4  -5.3381136164794294E-008
           7           5  -3.6204035663151256E-007
           7           6  -3.3614970280386356E-011
           7           7   2.9977953283098504     
           7           8   1.6910834740388240E-007
           7           9   1.1469100453243127E-006
           7          10  -4.1058588634942616E-010
           7          11  -1.2328357223727766     
           7          12  -3.7735808798386390E-007
           7          13  -2.5590843519274488E-006
           7          14   2.9920817220652411E-011
           7          15  -7.2470227901501774E-002
           7          16   7.0616614887889338E-007
           7          17   4.7861658637946681E-006
           7          18   1.7572680518119443E-012
           7          19   2.8414063434177926E-002
           7          20  -2.9439189224935296E-007
           7          21  -1.9955729877703760E-006
           7          22   3.5062025174845029E-011
           7          23  -2.9875590449269713E-010
           7          24   4.7950666742480106E-011
           7          25  -3.2197034812180012E-011
           7          26  -3.1712702213933699E-010
           7          27   3.1643976721776271E-011
           7          28   1.7142336441488067E-010
           7          29  -2.6441546705917901E-011
           7          30   1.5503166920642999E-010
           7          31  -8.1622464893740381E-012
           7          32   1.4116309865636347E-012
           7          33   1.8419592413210371E-010
           7          34   1.0403472709477659E-010
           7          35   2.2867958018516393E-012
           7          36  -5.7033605425927889E-011
           7          37  -2.0970770028023504E-011
           7          38   1.8856483894247847E-011
           7          39  -6.6559239029952928E-011
           8           1  -1.3494812301116607E-015
           8           2   1.7727996756083234E-012
           8           3  -5.3382574422077456E-008
           8           4  -1.1357030184327304     
           8           5  -6.1334317641272839E-008
           8           6  -1.4025861167640996E-011
           8           7   1.6910834740388240E-007
           8           8   2.9977953329649334     
           8           9   1.9430095375046648E-007
           8          10   1.9751231458026053E-010
           8          11  -3.7732384829899752E-007
           8          12  -1.2328357326261044     
           8          13  -4.3353907828574788E-007
           8          14  -5.0675477664709396E-012
           8          15   7.0551283922142749E-007
           8          16  -7.2470208922060131E-002
           8          17   8.1085201841212467E-007
           8          18  -4.7381169082190894E-012
           8          19  -2.9412391645175582E-007
           8          20   2.8414053426032183E-002
           8          21  -3.3798843484286349E-007
           8          22   3.8838559218745639E-011
           8          23   2.0177271127613894E-009
           8          24  -5.3055352874500786E-011
           8          25  -1.0948381623157408E-008
           8          26   2.2023957123596153E-009
           8          27   2.0182027195583239E-011
           8          28  -1.2425495350247347E-010
           8          29  -2.6264648229610994E-011
           8          30  -3.1306556447827979E-011
           8          31  -7.6960025970179036E-010
           8          32   2.5024027869034568E-010
           8          33  -8.0419620810514906E-011
           8          34  -5.6347196254674359E-011
           8          35  -3.2810873325954470E-011
           8          36   6.6391177425707058E-011
           8          37   1.9422086292663969E-010
           8          38  -4.2108218722454050E-011
           8          39  -5.9290315108845728E-011
           9           1  -4.2098661173838285E-012
           9           2   1.9168781817725296E-011
           9           3  -3.6204222794017731E-007
           9           4  -6.1335637618386694E-008
           9           5  -1.1357030170326845     
           9           6   5.9679793140239630E-011
           9           7   1.1469100453243127E-006
           9           8   1.9430095375046648E-007
           9           9   2.9977953285449441     
           9          10   1.0398794581330710E-010
           9          11  -2.5590580129408981E-006
           9          12  -4.3354337519839107E-007
           9          13  -1.2328357228652365     
           9          14  -4.3675800943019642E-011
           9          15   4.7860260619370234E-006
           9          16   8.1085681662512661E-007
           9          17  -7.2470227029620790E-002
           9          18   1.9505899287586667E-012
           9          19  -1.9955093454802051E-006
           9          20  -3.3798851221731226E-007
           9          21   2.8414063080625052E-002
           9          22  -3.9687993095260555E-011
           9          23   2.5889518840131022E-009
           9          24  -5.6426546234939478E-011
           9          25  -2.6482299953667435E-009
           9          26   2.6820669181154563E-009
           9          27  -1.7374792254993304E-011
           9          28  -4.9584561990268622E-011
           9          29   2.0419497016540819E-010
           9          30  -2.8172967156612414E-012
           9          31  -2.9705915655684352E-010
           9          32   1.8268971294333102E-010
           9          33  -1.0458922304475861E-010
           9          34   5.6615536618551951E-011
           9          35  -1.7308976976037984E-011
           9          36   4.6885730304023380E-011
           9          37   6.6334047510757515E-011
           9          38  -5.5885701854989682E-011
           9          39  -2.4449160417970115E-011
          10           1   7.5663588212501395E-002
          10           2  0.32073640163928391     
          10           3   9.5103248672455769E-011
          10           4  -8.3906076442727402E-011
          10           5  -7.9081940850181024E-011
          10           6 -0.86947273866642472     
          10           7  -4.1058588634942616E-010
          10           8   1.9751231458026053E-010
          10           9   1.0398794581330710E-010
          10          10   2.4618968842418818     
          10          11   4.1120223707955043E-010
          10          12  -3.1808018135994053E-010
          10          13  -8.4610830592753045E-011
          10          14 -0.13863867252360429     
          10          15  -1.1602330575775223E-010
          10          16  -1.0265285255567964E-012
          10          17   7.6760259170897175E-012
          10          18 -0.17372777535748304     
          10          19   1.2867042872993308E-011
          10          20   6.4549137468319974E-011
          10          21  -2.8972477595240991E-011
          10          22  -3.5787699629663383E-002
          10          23  -1.5486920519025304E-005
          10          24  -3.5788188597371068E-002
          10          25  -1.0504258811265190E-004
          10          26  -1.7768399156218596E-005
          10          27  -3.5787715251454438E-002
          10          28  -3.9496708937730015E-003
          10          29   3.9841455799315087E-005
          10          30  -3.9484356699916439E-003
          10          31   2.7024911715436181E-004
          10          32   4.5708668257063221E-005
          10          33  -3.9496305840280325E-003
          10          34   3.1055842909326864E-002
          10          35   2.3876512135044408E-005
          10          36   3.1056734793968560E-002
          10          37   1.6197135651902560E-004
          10          38   2.7391541500654012E-005
          10          39   3.1055865977292707E-002
          11           1  -7.5175564200697912E-012
          11           2   3.4283714285855611E-011
          11           3  0.37179861486389398     
          11           4   1.1928811322317628E-007
          11           5   8.0903939346511031E-007
          11           6  -2.8821006650234888E-011
          11           7  -1.2328357223727766     
          11           8  -3.7732384829899752E-007
          11           9  -2.5590580129408981E-006
          11          10   4.1120223707955043E-010
          11          11   2.4527652434692411     
          11          12   8.3225711226285880E-007
          11          13   5.6440890144893750E-006
          11          14  -4.8119434720195742E-011
          11          15  0.15460192481627297     
          11          16  -1.4017030986534606E-006
          11          17  -9.5003218450463622E-006
          11          18  -4.6571997309627678E-011
          11          19  -6.2672669219578703E-002
          11          20   5.8311511849238509E-007
          11          21   3.9527240112552358E-006
          11          22   5.7386901932172783E-012
          11          23   3.8672902160942774E-010
          11          24  -4.7207729760314775E-011
          11          25  -3.6386691624259311E-009
          11          26   5.0683733263754849E-010
          11          27  -1.9614691308826409E-011
          11          28  -2.1907009266160684E-010
          11          29   5.7864793960690932E-011
          11          30  -1.0778121516286109E-010
          11          31  -2.3023826577959038E-010
          11          32  -8.8195716533852446E-012
          11          33  -1.5828889854332141E-010
          11          34  -1.8019849358423719E-010
          11          35  -1.4931383948533353E-011
          11          36   9.8168408232835142E-011
          11          37   9.6144483187943306E-011
          11          38  -4.5618757330164365E-011
          11          39   1.0219158618138952E-010
          12           1   5.6199650142269878E-012
          12           2  -2.4036086855522106E-011
          12           3   1.1930036957709395E-007
          12           4  0.37179861811554160     
          12           5   1.3706481216898299E-007
          12           6   5.9513760021647636E-011
          12           7  -3.7735808798386390E-007
          12           8  -1.2328357326261044     
          12           9  -4.3354337519839107E-007
          12          10  -3.1808018135994053E-010
          12          11   8.3225711226285880E-007
          12          12   2.4527652657918084     
          12          13   9.5618690305551653E-007
          12          14   3.9665113070151356E-012
          12          15  -1.4004050478644009E-006
          12          16  0.15460188767600591     
          12          17  -1.6094966756149454E-006
          12          18   9.6357594640415313E-012
          12          19   5.8257534959423743E-007
          12          20  -6.2672649595657909E-002
          12          21   6.6946189329556839E-007
          12          22  -4.1389942867378079E-011
          12          23  -1.3293876145214970E-009
          12          24   5.2032328350458079E-011
          12          25   3.3031908384532964E-009
          12          26  -1.2305453843401339E-009
          12          27  -1.2799363681206096E-011
          12          28   2.1206395547011482E-010
          12          29   2.2364134133895890E-010
          12          30   5.0823731097363876E-012
          12          31   2.2674827196855631E-010
          12          32  -2.9972616118820857E-010
          12          33   1.3652873318486373E-010
          12          34   1.3451048529474322E-010
          12          35   4.1837474032177400E-011
          12          36  -1.2527559911848732E-010
          12          37  -7.3879710283394244E-011
          12          38  -1.3955294781185791E-011
          12          39   1.1887042371055739E-010
          13           1   2.0451310266759220E-012
          13           2  -9.5178425723260280E-012
          13           3   8.0905038987722834E-007
          13           4   1.3706287118472044E-007
          13           5  0.37179861502013600     
          13           6  -1.8163671472947619E-011
          13           7  -2.5590843519274488E-006
          13           8  -4.3353907828574788E-007
          13           9  -1.2328357228652365     
          13          10  -8.4610830592753045E-011
          13          11   5.6440890144893750E-006
          13          12   9.5618690305551653E-007
          13          13   2.4527652444993358     
          13          14   2.0580692707443999E-011
          13          15  -9.5000381244159409E-006
          13          16  -1.6094909685360485E-006
          13          17  0.15460192307897111     
          13          18   1.1896951164969279E-012
          13          19   3.9526002142497098E-006
          13          20   6.6946318431418270E-007
          13          21  -6.2672668525761172E-002
          13          22   3.3233018524474670E-011
          13          23  -3.1018627495643430E-010
          13          24   4.9093368118507718E-011
          13          25  -5.1784852336992448E-009
          13          26  -1.9547327210543311E-010
          13          27  -3.7906659906690407E-011
          13          28   3.2248331910040307E-012
          13          29  -5.0399815478287900E-011
          13          30  -8.1887465659130475E-011
          13          31  -2.0854115268406206E-010
          13          32  -6.5049039000078781E-012
          13          33   1.9453735387766109E-010
          13          34  -7.0800255642372827E-011
          13          35  -4.5103023819682949E-011
          13          36  -5.6137893662474992E-011
          13          37   6.9403876214431338E-011
          13          38   1.4621665124010612E-011
          13          39   7.8156765457454096E-011
          14           1  -9.6092488508061000E-003
          14           2  -2.1445706817348642E-002
          14           3  -5.6349173375770187E-012
          14           4   4.1172511961235965E-012
          14           5   1.8984551693203056E-011
          14           6   5.3434443633645343E-002
          14           7   2.9920817220652411E-011
          14           8  -5.0675477664709396E-012
          14           9  -4.3675800943019642E-011
          14          10 -0.13863867252360429     
          14          11  -4.8119434720195742E-011
          14          12   3.9665113070151356E-012
          14          13   2.0580692707443999E-011
          14          14  0.25402816583470283     
          14          15   1.4242303407477621E-010
          14          16  -3.8422407872770506E-011
          14          17  -3.6742521910173251E-012
          14          18  0.32247141373137045     
          14          19   2.0298878861367815E-011
          14          20  -1.0034311001191975E-010
          14          21   4.3129624618017487E-011
          14          22   2.1259470227822804E-003
          14          23   1.2121832440747054E-005
          14          24   2.1262159134960127E-003
          14          25   8.2242942945620894E-005
          14          26   1.3909368131699461E-005
          14          27   2.1259600481463234E-003
          14          28  -1.0630160381913422E-002
          14          29  -3.2837550356071782E-005
          14          30  -1.0630873738632720E-002
          14          31  -2.2287851525171451E-004
          14          32  -3.7679506270222958E-005
          14          33  -1.0630195787894096E-002
          14          34  -1.7543104049419850E-002
          14          35  -1.6579169653457283E-005
          14          36  -1.7543580635860569E-002
          14          37  -1.1256999645823239E-004
          14          38  -1.9028099469390821E-005
          14          39  -1.7543121111348189E-002
          15           1   6.4824949749938824E-012
          15           2  -2.8628203446389102E-011
          15           3   3.0372454934265228E-002
          15           4  -2.2595388729680432E-007
          15           5  -1.5328080616421787E-006
          15           6   7.5285500584250067E-011
          15           7  -7.2470227901501774E-002
          15           8   7.0551283922142749E-007
          15           9   4.7860260619370234E-006
          15          10  -1.1602330575775223E-010
          15          11  0.15460192481627297     
          15          12  -1.4004050478644009E-006
          15          13  -9.5000381244159409E-006
          15          14   1.4242303407477621E-010
          15          15   9.8036702047086255E-003
          15          16  -1.5263405574308914E-007
          15          17  -1.0363428264788377E-006
          15          18   1.8157547646257277E-010
          15          19  -3.9779584868281032E-003
          15          20   6.8508600721537869E-008
          15          21   4.6516330153546371E-007
          15          22  -4.0281957906902019E-012
          15          23   4.3436707966089621E-010
          15          24   4.2133809697352298E-012
          15          25   6.6607255649352584E-010
          15          26   4.5699434610320159E-010
          15          27   1.1446685332401779E-012
          15          28   4.8561555513582236E-011
          15          29   1.7666845075335215E-010
          15          30  -5.4382875467653276E-011
          15          31  -4.9190622189965030E-011
          15          32   7.8319212882375691E-011
          15          33  -4.3836437684611277E-011
          15          34   3.0212260905374969E-011
          15          35   9.4852069463083003E-011
          15          36  -3.5836275396309305E-011
          15          37  -7.8160397701679084E-011
          15          38   2.5043122020483429E-011
          15          39  -2.4938423274902285E-011
          16           1   2.7824157649350846E-014
          16           2  -3.4961257451432748E-013
          16           3  -2.2616147103832861E-007
          16           4   3.0372448836057168E-002
          16           5  -2.5969431463775138E-007
          16           6   1.9966321565929823E-012
          16           7   7.0616614887889338E-007
          16           8  -7.2470208922060131E-002
          16           9   8.1085681662512661E-007
          16          10  -1.0265285255567964E-012
          16          11  -1.4017030986534606E-006
          16          12  0.15460188767600591     
          16          13  -1.6094909685360485E-006
          16          14  -3.8422407872770506E-011
          16          15  -1.5263405574308914E-007
          16          16   9.8036642421048710E-003
          16          17  -1.7545246858448090E-007
          16          18  -4.8424772200340825E-011
          16          19   6.8508392160667658E-008
          16          20  -3.9779557378618047E-003
          16          21   7.8729549224810534E-008
          16          22   5.6124062105949514E-011
          16          23  -5.7216272319935494E-010
          16          24  -9.0599310000140173E-011
          16          25   2.3169392031711357E-009
          16          26  -1.0017069720221826E-009
          16          27   3.4163297869073858E-011
          16          28  -1.4019631621948675E-010
          16          29  -4.1423705827732414E-010
          16          30   2.5608988307625350E-010
          16          31   2.2851254955868519E-010
          16          32   4.9581717211229437E-010
          16          33  -8.8570968676152775E-011
          16          34  -1.1071207533585999E-010
          16          35  -2.6998785336496050E-010
          16          36   1.9389942569821258E-010
          16          37   7.4581990307007035E-012
          16          38   4.2687046073772535E-010
          16          39  -6.7255700307497964E-011
          17           1  -1.9314467296239089E-012
          17           2   7.7887161248943496E-012
          17           3  -1.5328555329130336E-006
          17           4  -2.5969122804535880E-007
          17           5   3.0372454661041305E-002
          17           6  -1.7578875001640689E-011
          17           7   4.7861658637946681E-006
          17           8   8.1085201841212467E-007
          17           9  -7.2470227029620790E-002
          17          10   7.6760259170897175E-012
          17          11  -9.5003218450463622E-006
          17          12  -1.6094966756149454E-006
          17          13  0.15460192307897111     
          17          14  -3.6742521910173251E-012
          17          15  -1.0363428264788377E-006
          17          16  -1.7545246858448090E-007
          17          17   9.8036700285226985E-003
          17          18  -6.0153495069130032E-012
          17          19   4.6516287827709966E-007
          17          20   7.8729954498575778E-008
          17          21  -3.9779584082961878E-003
          17          22  -7.0125781642942476E-011
          17          23  -8.4156466630196061E-010
          17          24  -5.0083158099813478E-011
          17          25   8.3469807369535782E-009
          17          26  -1.2151657334624021E-009
          17          27   1.2243596078027279E-010
          17          28   1.7301540714796672E-010
          17          29  -1.3192311077566261E-010
          17          30   1.8006338573146452E-010
          17          31   6.6677876838474120E-010
          17          32   2.5584592546002274E-010
          17          33  -3.4419700040694488E-010
          17          34   1.3203049852979393E-010
          17          35  -3.9787737533618244E-011
          17          36   1.4085451737843857E-010
          17          37  -8.9059812090999337E-011
          17          38   2.6315756370996232E-010
          17          39  -2.7465117509511826E-010
          18           1   1.1226000000865046E-002
          18           2  -3.0462903127543538E-002
          18           3   2.7027245740526490E-012
          18           4  -1.9820278197882558E-013
          18           5  -1.6245341500229207E-012
          18           6   6.7837523121249063E-002
          18           7   1.7572680518119443E-012
          18           8  -4.7381169082190894E-012
          18           9   1.9505899287586667E-012
          18          10 -0.17372777535748304     
          18          11  -4.6571997309627678E-011
          18          12   9.6357594640415313E-012
          18          13   1.1896951164969279E-012
          18          14  0.32247141373137045     
          18          15   1.8157547646257277E-010
          18          16  -4.8424772200340825E-011
          18          17  -6.0153495069130032E-012
          18          18  0.40962280342759561     
          18          19   2.5461996591940302E-011
          18          20  -1.2757555154595152E-010
          18          21   5.5330925974807926E-011
          18          22   1.1660901646153492E-003
          18          23  -2.0040700213730075E-006
          18          24   1.1658630467062615E-003
          18          25  -1.3570701267187173E-005
          18          26  -2.2962511670616555E-006
          18          27   1.1660893115866568E-003
          18          28  -1.4131143874642725E-002
          18          29   4.0630771510210267E-006
          18          30  -1.4130558153576814E-002
          18          31   2.7570131983504789E-005
          18          32   4.6540918823198049E-006
          18          33  -1.4131143022438014E-002
          18          34  -2.2172020288831463E-002
          18          35   1.2689226323934186E-005
          18          36  -2.2171478413356625E-002
          18          37   8.6086586853197740E-005
          18          38   1.4549851948721764E-005
          18          39  -2.2172008507439719E-002
          19           1  -1.0177989731373217E-012
          19           2   5.3210986921287869E-012
          19           3  -1.2897933386516854E-002
          19           4   9.4223658011168435E-008
          19           5   6.3925953843782957E-007
          19           6  -1.7244437467249198E-011
          19           7   2.8414063434177926E-002
          19           8  -2.9412391645175582E-007
          19           9  -1.9955093454802051E-006
          19          10   1.2867042872993308E-011
          19          11  -6.2672669219578703E-002
          19          12   5.8257534959423743E-007
          19          13   3.9526002142497098E-006
          19          14   2.0298878861367815E-011
          19          15  -3.9779584868281032E-003
          19          16   6.8508392160667658E-008
          19          17   4.6516287827709966E-007
          19          18   2.5461996591940302E-011
          19          19   1.6161279527828077E-003
          19          20  -3.0487268856794730E-008
          19          21  -2.0700432500232559E-007
          19          22  -2.2820610609463371E-011
          19          23  -4.3360055217405068E-010
          19          24   1.8465555071485906E-011
          19          25   4.5435739141121792E-009
          19          26  -7.2971373182578802E-010
          19          27   4.4564154145638204E-012
          19          28   2.3733590707620104E-011
          19          29  -3.0907890139708194E-010
          19          30  -8.8437790971324548E-012
          19          31   3.3576175593526225E-010
          19          32   1.5523481396891661E-010
          19          33  -5.4644835518558659E-012
          19          34   1.9592750674159878E-011
          19          35  -1.9046306412075779E-010
          19          36  -1.2787366402326392E-011
          19          37  -6.3817436687857857E-011
          19          38   1.5923354378877884E-010
          19          39  -1.0363114990606264E-011
          20           1  -2.9622420191837188E-012
          20           2   1.2306485174332410E-011
          20           3   9.4307756844986769E-008
          20           4  -1.2897930173054552E-002
          20           5   1.0827477584953663E-007
          20           6  -2.8259954193496545E-011
          20           7  -2.9439189224935296E-007
          20           8   2.8414053426032183E-002
          20           9  -3.3798851221731226E-007
          20          10   6.4549137468319974E-011
          20          11   5.8311511849238509E-007
          20          12  -6.2672649595657909E-002
          20          13   6.6946318431418270E-007
          20          14  -1.0034311001191975E-010
          20          15   6.8508600721537869E-008
          20          16  -3.9779557378618047E-003
          20          17   7.8729954498575778E-008
          20          18  -1.2757555154595152E-010
          20          19  -3.0487268856794730E-008
          20          20   1.6161267188065263E-003
          20          21  -3.5028298291823970E-008
          20          22  -9.2400373991265239E-012
          20          23  -3.7595803957393469E-010
          20          24   1.5373478004460683E-011
          20          25  -2.2009586255172367E-009
          20          26  -5.7400279785920536E-011
          20          27  -7.6777837402758761E-012
          20          28   2.7395418093654344E-011
          20          29   3.0838336722628380E-010
          20          30  -4.8943490848993468E-011
          20          31  -1.5300680109084747E-010
          20          32  -3.5616187297900158E-010
          20          33   2.5649082625341237E-011
          20          34   2.5757967394446926E-011
          20          35   2.4981371731330855E-010
          20          36  -3.1524148363225219E-011
          20          37   3.7949026570199729E-011
          20          38  -2.5280182681187555E-010
          20          39   2.3215767137828544E-011
          21           1   2.2053546054987380E-012
          21           2  -8.4892672066039207E-012
          21           3   6.3928109776765548E-007
          21           4   1.0827524228245204E-007
