           1           1   2.0630913400296276     
           1           2   5.0590851941385372E-002
           1           3   7.7387546609122330E-015
           1           4  -2.9608952555464606E-015
           1           5  -4.0118651452866432E-015
           1           6 -0.45502076660340951     
           1           7  -2.2867440793513779E-015
           1           8   2.4527152158925900E-015
           1           9  -1.5164148505608206E-016
           2           1   5.0590851941385372E-002
           2           2  0.14221957827752010     
           2           3   5.1727945959462775E-016
           2           4   5.4245052730866608E-015
           2           5  -1.2110798293111629E-015
           2           6  0.40202609032936915     
           2           7   7.0100025024466295E-016
           2           8   8.6845869616932695E-017
           2           9   1.2000302096157485E-015
           3           1   7.7387546609122330E-015
           3           2   5.1727945959462775E-016
           3           3  0.31710146060681166     
           3           4   4.1633363423443360E-016
           3           5  -8.7256590841634442E-016
           3           6   1.7576379365259215E-015
           3           7  0.32965126510085230     
           3           8  -3.4694469519528401E-017
           3           9   2.4372864837474509E-016
           4           1  -2.9608952555464606E-015
           4           2   5.4245052730866608E-015
           4           3   4.1633363423443360E-016
           4           4  0.31710146060681005     
           4           5  -2.7061686225238181E-016
           4           6   1.3883182721047029E-014
           4           7   2.9143354396410512E-016
           4           8  0.32965126510085208     
           4           9  -1.1796119636642340E-016
           5           1  -4.0118651452866432E-015
           5           2  -1.2110798293111629E-015
           5           3  -8.7256590841634442E-016
           5           4  -2.7061686225238181E-016
           5           5  0.31710146060681227     
           5           6   7.1680987859993788E-016
           5           7  -6.0281640790192062E-017
           5           8  -1.6826817716975450E-016
           5           9  0.32965126510085252     
           6           1 -0.45502076660340951     
           6           2  0.40202609032936915     
           6           3   1.7576379365259215E-015
           6           4   1.3883182721047029E-014
           6           5   7.1680987859993788E-016
           6           6   1.3378191062901603     
           6           7   4.1113804709742488E-015
           6           8  -1.5421817944537016E-015
           6           9   6.3445541322712632E-015
           7           1  -2.2867440793513779E-015
           7           2   7.0100025024466295E-016
           7           3  0.32965126510085230     
           7           4   2.9143354396410512E-016
           7           5  -6.0281640790192062E-017
           7           6   4.1113804709742488E-015
           7           7  0.34269774845766837     
           7           8  -1.8735013540549265E-016
           7           9   1.1423154089307200E-015
           8           1   2.4527152158925900E-015
           8           2   8.6845869616932695E-017
           8           3  -3.4694469519528401E-017
           8           4  0.32965126510085208     
           8           5  -1.6826817716975450E-016
           8           6  -1.5421817944537016E-015
           8           7  -1.8735013540549265E-016
           8           8  0.34269774845766976     
           8           9  -3.4694469519532217E-018
           9           1  -1.5164148505608206E-016
           9           2   1.2000302096157485E-015
           9           3   2.4372864837474509E-016
           9           4  -1.1796119636642340E-016
           9           5  0.32965126510085252     
           9           6   6.3445541322712632E-015
           9           7   1.1423154089307200E-015
           9           8  -3.4694469519532217E-018
           9           9  0.34269774845766832     
