           1           1   2.0676470673566891     
           1           2   3.0678494533517564E-005
           1           3   3.8847513340080258E-016
           1           4   7.7325692410696274E-016
           1           5  -2.0972122249248851E-015
           1           6 -0.41724169143344925     
           1           7  -5.7060086566776571E-016
           1           8   4.7792881286926991E-016
           1           9   5.0831165227596860E-016
           2           1   3.0678494533517564E-005
           2           2  0.27790485637988005     
           2           3   1.7715868204571270E-016
           2           4  -1.2670479985597864E-015
           2           5   1.7871127150687810E-015
           2           6  0.45820452852940807     
           2           7   1.0192252858774313E-015
           2           8  -6.4758452209532080E-016
           2           9  -2.2123050838107052E-016
           3           1   3.8847513340080258E-016
           3           2   1.7715868204571270E-016
           3           3  0.58635096892107141     
           3           4  -1.3552527156069030E-016
           3           5  -1.3010426069825748E-016
           3           6  -5.4571011692600511E-016
           3           7  0.27544287679280594     
           3           8  -2.9842664797665525E-017
           3           9  -6.0281640790190632E-017
           4           1   7.7325692410696274E-016
           4           2  -1.2670479985597864E-015
           4           3  -1.3552527156069030E-016
           4           4  0.58635096892107252     
           4           5   1.3877787807810962E-017
           4           6  -7.7189383547752700E-016
           4           7   3.5914196963580325E-017
           4           8  0.27544287679280566     
           4           9  -2.0816681711725297E-017
           5           1  -2.0972122249248851E-015
           5           2   1.7871127150687810E-015
           5           3  -1.3010426069825748E-016
           5           4   1.3877787807810962E-017
           5           5  0.58635096892107064     
           5           6   8.3242865500624999E-016
           5           7   1.5569143196892179E-016
           5           8  -4.8572257327351082E-016
           5           9  0.27544287679280538     
           6           1 -0.41724169143344925     
           6           2  0.45820452852940807     
           6           3  -5.4571011692600511E-016
           6           4  -7.7189383547752700E-016
           6           5   8.3242865500624999E-016
           6           6   1.1188535233794716     
           6           7   6.0739360674729765E-016
           6           8   7.6387394521385191E-017
           6           9  -1.8262055667747427E-015
           7           1  -5.7060086566776571E-016
           7           2   1.0192252858774313E-015
           7           3  0.27544287679280594     
           7           4   3.5914196963580325E-017
           7           5   1.5569143196892179E-016
           7           6   6.0739360674729765E-016
           7           7  0.12939140957761344     
           7           8   3.5331438295869194E-017
           7           9   7.4159428598011720E-017
           8           1   4.7792881286926991E-016
           8           2  -6.4758452209532080E-016
           8           3  -2.9842664797665525E-017
           8           4  0.27544287679280566     
           8           5  -4.8572257327351082E-016
           8           6   7.6387394521385191E-017
           8           7   3.5331438295869194E-017
           8           8  0.12939140957761297     
           8           9  -2.3765711620882647E-016
           9           1   5.0831165227596860E-016
           9           2  -2.2123050838107052E-016
           9           3  -6.0281640790190632E-017
           9           4  -2.0816681711725297E-017
           9           5  0.27544287679280538     
           9           6  -1.8262055667747427E-015
           9           7   7.4159428598011720E-017
           9           8  -2.3765711620882647E-016
           9           9  0.12939140957761311     
