           1           1   2.1079783232311256     
           1           2 -0.48013343352762172     
           1           3  -3.4256786623222476E-014
           1           4  -6.1298817392182028E-014
           1           5  -2.8435009906142357E-014
           1           6  -1.7783773566045134E-002
           1           7  -2.1939080469216442E-014
           1           8   5.9721202403290036E-015
           1           9  -4.7513910708753103E-014
           1          10   3.7977644470327310E-002
           1          11  -7.9872080052525334E-014
           1          12  -3.8292381282022962E-014
           1          13  -6.7579324219376774E-014
           2           1 -0.48013343352762172     
           2           2   2.1315678400898763     
           2           3  -5.6584879146316301E-014
           2           4  -7.0547997210004177E-014
           2           5  -9.9533550556706295E-014
           2           6  -6.5970425913998432E-004
           2           7  -2.7142568235001528E-013
           2           8  -7.9680946419322537E-014
           2           9  -2.3876180884525415E-013
           2          10 -0.15310714364267689     
           2          11  -8.4220477973589109E-014
           2          12  -7.2902535914259297E-014
           2          13  -1.5361479047037774E-013
           3           1  -3.4256786623222476E-014
           3           2  -5.6584879146316301E-014
           3           3   1.9669877023408486     
           3           4  -1.4432899319643682E-015
           3           5   2.1094237469013559E-015
           3           6  -2.6321591628494425E-013
           3           7  0.14048679159362615     
           3           8   3.7296554732917438E-015
           3           9  -3.7678193900887483E-015
           3          10  -2.0224498459099575E-013
           3          11  -7.0995267460447029E-002
           3          12  -8.0820766747670158E-015
           3          13  -2.3418766975129739E-016
           4           1  -6.1298817392182028E-014
           4           2  -7.0547997210004177E-014
           4           3  -1.4432899319643682E-015
           4           4   1.9669877023408500     
           4           5  -8.3960616232185070E-016
           4           6  -2.7434195226602063E-013
           4           7   5.0758008905800644E-015
           4           8  0.14048679159362215     
           4           9   6.2588823012045315E-015
           4          10  -2.1107644463086982E-013
           4          11  -1.3895135044572504E-015
           4          12  -7.0995267460433872E-002
           4          13  -3.4718321969548027E-015
           5           1  -2.8435009906142357E-014
           5           2  -9.9533550556706295E-014
           5           3   2.1094237469013559E-015
           5           4  -8.3960616232185070E-016
           5           5   1.9669877023408562     
           5           6  -3.3235386492541624E-013
           5           7  -1.2091022627859241E-014
           5           8  -2.8839777788729607E-015
           5           9  0.14048679159360145     
           5          10  -2.5827854891663196E-013
           5          11   1.1899335682993435E-014
           5          12   1.9693448259013664E-015
           5          13  -7.0995267460420425E-002
           6           1  -1.7783773566045134E-002
           6           2  -6.5970425913998432E-004
           6           3  -2.6321591628494425E-013
           6           4  -2.7434195226602063E-013
           6           5  -3.3235386492541624E-013
           6           6  0.27442707360938712     
           6           7  -5.0265888143766707E-013
           6           8  -1.2260727811337445E-013
           6           9  -4.7673222200394213E-013
           6          10  0.27106655570243937     
           6          11  -7.0439672203021312E-013
           6          12  -2.9775576902619978E-013
           6          13  -7.8339614338849902E-013
           7           1  -2.1939080469216442E-014
           7           2  -2.7142568235001528E-013
           7           3  0.14048679159362615     
           7           4   5.0758008905800644E-015
           7           5  -1.2091022627859241E-014
           7           6  -5.0265888143766707E-013
           7           7   1.0043520951262040E-002
           7           8   6.3816139887968779E-016
           7           9  -1.1475195786508639E-015
           7          10  -4.7429980201379593E-013
           7          11  -5.0733226169769226E-003
           7          12  -7.6371200979251023E-016
           7          13   4.2918143128846909E-016
           8           1   5.9721202403290036E-015
           8           2  -7.9680946419322537E-014
           8           3   3.7296554732917438E-015
           8           4  0.14048679159362215     
           8           5  -2.8839777788729607E-015
           8           6  -1.2260727811337445E-013
           8           7   6.3816139887968779E-016
           8           8   1.0043520951261469E-002
           8           9   2.4687283481965983E-016
           8          10  -1.1156130031309073E-013
           8          11  -2.3852447770540775E-016
           8          12  -5.0733226169758384E-003
           8          13  -1.4593361214869892E-016
           9           1  -4.7513910708753103E-014
           9           2  -2.3876180884525415E-013
           9           3  -3.7678193900887483E-015
           9           4   6.2588823012045315E-015
           9           5  0.14048679159360145     
           9           6  -4.7673222200394213E-013
           9           7  -1.1475195786508639E-015
           9           8   2.4687283481965983E-016
           9           9   1.0043520951258475E-002
           9          10  -4.5054117013955093E-013
           9          11   9.9155709795096044E-016
           9          12  -8.7874585606424136E-017
           9          13  -5.0733226169741132E-003
          10           1   3.7977644470327310E-002
          10           2 -0.15310714364267689     
          10           3  -2.0224498459099575E-013
          10           4  -2.1107644463086982E-013
          10           5  -2.5827854891663196E-013
          10           6  0.27106655570243937     
          10           7  -4.7429980201379593E-013
          10           8  -1.1156130031309073E-013
          10           9  -4.5054117013955093E-013
          10          10  0.27887727548958585     
          10          11  -6.9313867590617521E-013
          10          12  -2.9166891806459856E-013
          10          13  -7.6662328126142512E-013
          11           1  -7.9872080052525334E-014
          11           2  -8.4220477973589109E-014
          11           3  -7.0995267460447029E-002
          11           4  -1.3895135044572504E-015
          11           5   1.1899335682993435E-014
          11           6  -7.0439672203021312E-013
          11           7  -5.0733226169769226E-003
          11           8  -2.3852447770540775E-016
          11           9   9.9155709795096044E-016
          11          10  -6.9313867590617521E-013
          11          11   2.5632045255265037E-003
          11          12   3.4363787935920758E-016
          11          13  -4.2470909397281570E-016
          12           1  -3.8292381282022962E-014
          12           2  -7.2902535914259297E-014
          12           3  -8.0820766747670158E-015
          12           4  -7.0995267460433872E-002
          12           5   1.9693448259013664E-015
          12           6  -2.9775576902619978E-013
          12           7  -7.6371200979251023E-016
          12           8  -5.0733226169758384E-003
          12           9  -8.7874585606424136E-017
          12          10  -2.9166891806459856E-013
          12          11   3.4363787935920758E-016
          12          12   2.5632045255255535E-003
          12          13   5.5307864200383742E-017
          13           1  -6.7579324219376774E-014
          13           2  -1.5361479047037774E-013
          13           3  -2.3418766975129739E-016
          13           4  -3.4718321969548027E-015
          13           5  -7.0995267460420425E-002
          13           6  -7.8339614338849902E-013
          13           7   4.2918143128846909E-016
          13           8  -1.4593361214869892E-016
          13           9  -5.0733226169741132E-003
          13          10  -7.6662328126142512E-013
          13          11  -4.2470909397281570E-016
          13          12   5.5307864200383742E-017
          13          13   2.5632045255245747E-003
