           1           1   2.1094915502188130     
           1           2 -0.48283161422810239     
           1           3   4.8383902163907169E-015
           1           4  -9.3216566554510019E-015
           1           5  -1.9614196147534040E-016
           1           6   4.4061081585805226E-002
           1           7  -2.5078897142251732E-015
           1           8   2.8381128683678193E-015
           1           9   4.4459901313130695E-015
           1          10  -1.3253707281191986E-002
           1          11   1.4742826566830328E-015
           1          12  -5.0732273220283790E-016
           1          13  -2.0916865416198842E-015
           2           1 -0.48283161422810239     
           2           2   2.1283489220307379     
           2           3  -1.1251615514602732E-014
           2           4   3.9293505922933126E-014
           2           5   2.8206303482615014E-015
           2           6 -0.19522938340871476     
           2           7   3.6922712174006064E-015
           2           8  -5.7535330116898395E-016
           2           9  -4.4323027340089881E-015
           2          10   6.0474677289533929E-002
           2          11  -2.4345498963124521E-015
           2          12  -3.2659462553694607E-016
           2          13   2.0474313684995078E-016
           3           1   4.8383902163907169E-015
           3           2  -1.1251615514602732E-014
           3           3   2.0172046717764207     
           3           4  -7.2858385991025908E-016
           3           5  -1.6653345369377348E-016
           3           6  -5.8732436512989921E-016
           3           7 -0.10259980215483906     
           3           8  -3.0270924655795116E-016
           3           9   1.9953656782423235E-015
           3          10  -5.4855952763353213E-016
           3          11   6.4338088625459477E-002
           3          12   4.3216298595272128E-016
           3          13  -2.2872329030754221E-015
           4           1  -9.3216566554510019E-015
           4           2   3.9293505922933126E-014
           4           3  -7.2858385991025908E-016
           4           4   2.0172046717764180     
           4           5  -5.8286708792820718E-016
           4           6  -6.1920549648859433E-015
           4           7   8.2332144574204251E-015
           4           8 -0.10259980215483987     
           4           9  -3.0080105073437835E-015
           4          10   7.3595496697403136E-015
           4          11  -9.8046570862209137E-015
           4          12   6.4338088625457368E-002
           4          13   5.9952043329758453E-015
           5           1  -1.9614196147534040E-016
           5           2   2.8206303482615014E-015
           5           3  -1.6653345369377348E-016
           5           4  -5.8286708792820718E-016
           5           5   2.0172046717764109     
           5           6   1.8168629702008199E-015
           5           7  -3.3289343503994928E-015
           5           8  -4.3350739664660409E-015
           5           9 -0.10259980215483933     
           5          10  -2.6486696202075380E-015
           5          11   3.6377151291233645E-015
           5          12   5.8980598183211441E-015
           5          13   6.4338088625456397E-002
           6           1   4.4061081585805226E-002
           6           2 -0.19522938340871476     
           6           3  -5.8732436512989921E-016
           6           4  -6.1920549648859433E-015
           6           5   1.8168629702008199E-015
           6           6   1.7599600437654570     
           6           7  -1.0866513845005097E-014
           6           8   3.9429291585009904E-015
           6           9   2.8545711244209141E-015
           6          10 -0.50746711981424386     
           6          11   7.1637044958632781E-015
           6          12  -1.8688686650949534E-015
           6          13  -3.7680160565819130E-015
           7           1  -2.5078897142251732E-015
           7           2   3.6922712174006064E-015
           7           3 -0.10259980215483906     
           7           4   8.2332144574204251E-015
           7           5  -3.3289343503994928E-015
           7           6  -1.0866513845005097E-014
           7           7   5.7759111216522481E-003
           7           8  -3.8379401653273538E-016
           7           9  -3.6402087941219103E-017
           7          10   3.1964871066961252E-015
           7          11  -3.5667085591509313E-003
           7          12   2.2986441309409356E-016
           7          13   8.8755500345118815E-017
           8           1   2.8381128683678193E-015
           8           2  -5.7535330116898395E-016
           8           3  -3.0270924655795116E-016
           8           4 -0.10259980215483987     
           8           5  -4.3350739664660409E-015
           8           6   3.9429291585009904E-015
           8           7  -3.8379401653273538E-016
           8           8   5.7759111216523331E-003
           8           9   4.6425537025829921E-016
           8          10  -1.4008460293647135E-015
           8          11   4.8795874025427243E-016
           8          12  -3.5667085591508272E-003
           8          13  -4.7027269231559583E-016
           9           1   4.4459901313130695E-015
           9           2  -4.4323027340089881E-015
           9           3   1.9953656782423235E-015
           9           4  -3.0080105073437835E-015
           9           5 -0.10259980215483933     
           9           6   2.8545711244209141E-015
           9           7  -3.6402087941219103E-017
           9           8   4.6425537025829921E-016
           9           9   5.7759111216523912E-003
           9          10  -7.6708960534141592E-016
           9          11   3.9288776225455497E-017
           9          12  -4.2408567976770792E-016
           9          13  -3.5667085591508971E-003
          10           1  -1.3253707281191986E-002
          10           2   6.0474677289533929E-002
          10           3  -5.4855952763353213E-016
          10           4   7.3595496697403136E-015
          10           5  -2.6486696202075380E-015
          10           6 -0.50746711981424386     
          10           7   3.1964871066961252E-015
          10           8  -1.4008460293647135E-015
          10           9  -7.6708960534141592E-016
          10          10  0.14634528830271146     
          10          11  -2.1033289965248874E-015
          10          12   7.0832917067023019E-016
          10          13   1.0407755360064985E-015
          11           1   1.4742826566830328E-015
          11           2  -2.4345498963124521E-015
          11           3   6.4338088625459477E-002
          11           4  -9.8046570862209137E-015
          11           5   3.6377151291233645E-015
          11           6   7.1637044958632781E-015
          11           7  -3.5667085591509313E-003
          11           8   4.8795874025427243E-016
          11           9   3.9288776225455497E-017
          11          10  -2.1033289965248874E-015
          11          11   2.2074395694481734E-003
          11          12  -2.9819964314677789E-016
          11          13  -5.4203332360713112E-017
          12           1  -5.0732273220283790E-016
          12           2  -3.2659462553694607E-016
          12           3   4.3216298595272128E-016
          12           4   6.4338088625457368E-002
          12           5   5.8980598183211441E-015
          12           6  -1.8688686650949534E-015
          12           7   2.2986441309409356E-016
          12           8  -3.5667085591508272E-003
          12           9  -4.2408567976770792E-016
          12          10   7.0832917067023019E-016
          12          11  -2.9819964314677789E-016
          12          12   2.2074395694480151E-003
          12          13   3.8329257302794175E-016
          13           1  -2.0916865416198842E-015
          13           2   2.0474313684995078E-016
          13           3  -2.2872329030754221E-015
          13           4   5.9952043329758453E-015
          13           5   6.4338088625456397E-002
          13           6  -3.7680160565819130E-015
          13           7   8.8755500345118815E-017
          13           8  -4.7027269231559583E-016
          13           9  -3.5667085591508971E-003
          13          10   1.0407755360064985E-015
          13          11  -5.4203332360713112E-017
          13          12   3.8329257302794175E-016
          13          13   2.2074395694480654E-003
