           1           1   2.1851731551164812     
           1           2 -0.69603390750085170     
           1           3  -9.9563929287045557E-014
           1           4   2.4906353565507327E-014
           1           5   9.1130942628077957E-015
           1           6  0.49538422486357314     
           1           7  -5.1639365322138806E-014
           1           8  -7.2905572527746435E-014
           1           9   2.8050613675754128E-015
           1          10   6.1384624671482327E-002
           1          11  -1.4429330808365269E-014
           1          12   1.7196058794088950E-014
           1          13   5.9035084563391302E-014
           1          14  -9.7720634154604812E-003
           1          15   3.3870869171465468E-014
           1          16  -1.0956575532486048E-013
           1          17  -1.1532775075788168E-013
           1          18   1.1677618456269852E-002
           1          19  -2.8067146944123067E-014
           1          20   1.1274365866258765E-013
           1          21   2.5293465514748685E-014
           1          22 -0.10929264934894710     
           1          23  -6.6000808046611995E-005
           1          24 -0.10924296095562973     
           1          25  -4.5924653568040657E-004
           1          26  -1.0934514804249616E-003
           1          27 -0.10894263846976450     
           1          28  -6.4538328423151325E-002
           1          29   1.6046345715004041E-004
           1          30  -6.4652749195684728E-002
           1          31   1.1774529833422326E-003
           1          32   3.0099074925565689E-003
           1          33  -6.5444901643405828E-002
           1          34   9.7258602397717071E-003
           1          35   2.1087283306538471E-004
           1          36   9.5134717951657361E-003
           1          37   1.2010234633831177E-003
           1          38   1.8872251866191591E-003
           1          39   8.8734367367840974E-003
           2           1 -0.69603390750085170     
           2           2   2.7120716286114379     
           2           3   1.5602317887453645E-013
           2           4  -1.2973431646259780E-013
           2           5   1.8628657018827326E-013
           2           6  -1.0904183686941717     
           2           7   5.2455018877232807E-014
           2           8  -1.5809204898350580E-013
           2           9   5.4671837225583547E-014
           2          10  0.32096219325309228     
           2          11  -1.2254270826428059E-013
           2          12   1.2483018941678475E-013
           2          13   1.2883572198980020E-013
           2          14  -2.9142164990945459E-002
           2          15   2.5482299365304683E-013
           2          16  -7.1174416156243595E-013
           2          17  -5.0964800790133262E-013
           2          18  -3.0679636642787635E-002
           2          19  -1.2336939039328937E-013
           2          20   6.6626218670657878E-013
           2          21   3.4499194330435860E-013
           2          22  -5.8645311153253207E-002
           2          23   2.6327793750924045E-004
           2          24  -5.8880159658820597E-002
           2          25   1.7684414164729498E-003
           2          26   4.2456850741991120E-003
           2          27  -6.0002292993374534E-002
           2          28   4.4953376815496007E-002
           2          29  -6.4076642112277725E-004
           2          30   4.5507158467049169E-002
           2          31  -4.5224388445082395E-003
           2          32  -1.1677503962672843E-002
           2          33   4.8461429862644886E-002
           2          34   6.8260115067918649E-004
           2          35  -8.4019418637059674E-004
           2          36   1.6318084979915271E-003
           2          37  -4.6531358652872438E-003
           2          38  -7.2470789063223649E-003
           2          39   4.0021049023071572E-003
           3           1  -9.9563929287045557E-014
           3           2   1.5602317887453645E-013
           3           3   2.4241174773450336     
           3           4   4.0020066169636163E-007
           3           5   1.4726130547636673E-006
           3           6  -6.9936897418716122E-014
           3           7  -1.1124277976846424     
           3           8  -1.4164186081700066E-006
           3           9  -5.2609096440759794E-006
           3          10   5.8811476581885605E-014
           3          11  0.35432212456236301     
           3          12   4.3782065038081713E-006
           3          13   1.6850121670947734E-005
           3          14   1.2044958452530205E-015
           3          15   3.1130601225171160E-002
           3          16  -1.0802455045696676E-005
           3          17  -3.5826817807946233E-005
           3          18   5.8267698632380309E-015
           3          19  -1.3453219864244088E-002
           3          20   1.9553037266903140E-005
           3          21   5.4733841428530482E-005
           3          22   1.2665736938348490E-014
           3          23  -4.0042754042985323E-014
           3          24   1.2907964719112301E-013
           3          25  -1.2176195766913915E-015
           3          26   2.1307442393696871E-013
           3          27   7.3582765598308122E-015
           3          28  -6.6539034343289506E-014
           3          29  -1.9395366299017678E-013
           3          30  -4.1922361455389594E-014
           3          31  -9.9519283163815409E-014
           3          32  -2.5547415007588473E-013
           3          33   1.4283163740479796E-013
           3          34   1.0288535121980448E-013
           3          35   1.5199817110300018E-013
           3          36  -7.5138571989894023E-014
           3          37   8.6442990215013430E-014
           3          38   1.9225693781348068E-013
           3          39  -4.0190930680961546E-014
           4           1   2.4906353565507327E-014
           4           2  -1.2973431646259780E-013
           4           3   4.0020066169636163E-007
           4           4   2.4241280745868181     
           4           5  -6.9999523590788190E-005
           4           6  -1.3460290393392560E-013
           4           7  -1.4521639592557714E-006
           4           8  -1.1124613009885709     
           4           9   2.2164203728446824E-004
           4          10  -1.7663610393921846E-014
           4          11   5.3534469085202152E-006
           4          12  0.35439912670727197     
           4          13  -5.0672040829131959E-004
           4          14  -2.8041995848604161E-013
           4          15  -2.6290045165009910E-005
           4          16   3.0993590837012353E-002
           4          17   8.9221048428412414E-004
           4          18  -8.9465099961218508E-014
           4          19   2.4824083233683636E-005
           4          20  -1.3445913034633574E-002
           4          21  -3.0566615458599376E-004
           4          22   2.6474666863005518E-013
           4          23   2.2115223206996883E-013
           4          24  -2.5931265856761841E-013
           4          25   8.8051718622955474E-014
           4          26   1.6979601260335094E-013
           4          27   9.2397853229598476E-014
           4          28   1.7832166907811956E-013
           4          29   5.9823944485453655E-014
           4          30   1.4120232325772597E-013
           4          31  -1.9055734342846520E-013
           4          32  -1.3246633384376130E-013
           4          33  -1.8627285226578076E-013
           4          34  -1.5258972561540228E-013
           4          35   1.4923160472272099E-013
           4          36   1.6803103390391247E-013
           4          37   2.1933468709066792E-013
           4          38   9.5169001997956840E-014
           4          39   3.3011289353704466E-013
           5           1   9.1130942628077957E-015
           5           2   1.8628657018827326E-013
           5           3   1.4726130547636673E-006
           5           4  -6.9999523590788190E-005
           5           5   2.4241144535903181     
           5           6  -9.2008768992906441E-014
           5           7  -5.2405111686671790E-006
           5           8   2.2175297501609778E-004
           5           9  -1.1124178937620672     
           5          10  -2.1683249152170815E-015
           5          11   1.6366856560966984E-005
           5          12  -5.0942945668597250E-004
           5          13  0.35429783153542427     
           5          14   1.6654527911465575E-013
           5          15  -2.7866941154502294E-005
           5          16   9.3702157744986929E-004
           5          17   3.1146254237112779E-002
           5          18  -5.9050417021931285E-014
           5          19   5.1995830353722920E-005
           5          20  -3.2204912723199190E-004
           5          21  -1.3503832746451134E-002
           5          22   1.2071095953931732E-014
           5          23   4.7809124176839713E-014
           5          24   1.2301807866439142E-013
           5          25   1.1699705035469225E-013
           5          26  -7.7266069359732882E-014
           5          27   1.8387995328200055E-013
           5          28  -6.6596929692698148E-014
           5          29  -2.9313208206425251E-013
           5          30  -9.0294841877208043E-014
           5          31  -2.9472887286185459E-013
           5          32   3.6843732805452317E-014
           5          33  -2.4864977404636039E-013
           5          34  -7.2187859693369094E-015
           5          35  -5.6878874828162404E-014
           5          36  -1.7502459326322689E-014
           5          37   2.6373282065018592E-013
           5          38  -1.5864662198936121E-013
           5          39   1.7103897400207749E-013
           6           1  0.49538422486357314     
           6           2  -1.0904183686941717     
           6           3  -6.9936897418716122E-014
           6           4  -1.3460290393392560E-013
           6           5  -9.2008768992906441E-014
           6           6   2.7482876163978345     
           6           7  -2.4320493576312694E-013
           6           8   1.2115804914377188E-013
           6           9   2.1955710901379170E-013
           6          10 -0.86361913827891623     
           6          11   4.2032419558165323E-014
           6          12  -1.9504264682766719E-013
           6          13  -2.2183190109730883E-014
           6          14   7.6642376053890834E-002
           6          15  -1.6369986081512626E-013
           6          16   4.8633240584031344E-013
           6          17   1.9325860458459223E-013
           6          18   7.0876844109776627E-002
           6          19   6.5073918996437014E-014
           6          20  -3.9514418556897308E-013
           6          21  -3.7977623246988952E-013
           6          22   1.2832215123769600E-002
           6          23  -7.1153825384809928E-004
           6          24   1.3241586930581022E-002
           6          25  -4.8698178799975907E-003
           6          26  -1.0845983631874553E-002
           6          27   1.6517656024571972E-002
           6          28  -6.2608674097895334E-002
           6          29   1.5657642177495858E-003
           6          30  -6.3471616614428170E-002
           6          31   1.1795305860786396E-002
           6          32   2.9679201942458162E-002
           6          33  -7.1647131243648493E-002
           6          34  -6.5720787782662356E-003
           6          35   2.0544777888501695E-003
           6          36  -8.3768116083653942E-003
           6          37   1.1957526725600263E-002
           6          38   1.8971446822625797E-002
           6          39  -1.5031952798664235E-002
           7           1  -5.1639365322138806E-014
           7           2   5.2455018877232807E-014
           7           3  -1.1124277976846424     
           7           4  -1.4521639592557714E-006
           7           5  -5.2405111686671790E-006
           7           6  -2.4320493576312694E-013
           7           7   2.9466377482577242     
           7           8   5.0807178280602022E-006
           7           9   1.8537916701941680E-005
           7          10   1.8886974238899238E-013
           7          11  -1.1776816331516109     
           7          12  -1.5343307602454920E-005
           7          13  -5.8299048626474746E-005
           7          14  -1.7948209138604782E-013
           7          15  -7.3702470773014006E-002
           7          16   3.7788900989930963E-005
           7          17   1.2905663824717539E-004
           7          18  -1.3496903299644512E-013
           7          19   2.9235353381897651E-002
           7          20  -6.3266301845387092E-005
           7          21  -1.8022015952411227E-004
           7          22  -2.4517446315746935E-013
           7          23   1.4348134182284020E-013
           7          24   1.4367643916170673E-013
           7          25   7.5312785811851206E-015
           7          26  -3.7759584279174034E-013
           7          27   1.7463345513371419E-013
           7          28   1.0906584216528457E-013
           7          29   3.4072390886256476E-013
           7          30   7.5864087258504639E-014
           7          31   4.6626221396951152E-014
           7          32   4.3315748690999809E-013
           7          33  -1.7806043157488874E-013
           7          34   9.7006167617279288E-014
           7          35  -1.7794238926337305E-013
           7          36  -7.1734449606614158E-014
           7          37  -1.5657274011420817E-013
           7          38  -2.4852052275104883E-013
           7          39  -1.9097603651265108E-015
           8           1  -7.2905572527746435E-014
           8           2  -1.5809204898350580E-013
           8           3  -1.4164186081700066E-006
           8           4  -1.1124613009885709     
           8           5   2.2175297501609778E-004
           8           6   1.2115804914377188E-013
           8           7   5.0807178280602022E-006
           8           8   2.9467436397535227     
           8           9  -7.0201070606118465E-004
           8          10  -4.3242234921021343E-014
           8          11  -1.8173364279613219E-005
           8          12  -1.1779245272783212     
           8          13   1.6025912204889470E-003
           8          14   2.7015248297301801E-013
           8          15   8.6413478379354929E-005
           8          16  -7.3276776027990598E-002
           8          17  -2.7858029326135892E-003
           8          18   1.3096046332102613E-013
           8          19  -7.9833992865248099E-005
           8          20   2.9213163032965520E-002
           8          21   9.5506671184254419E-004
           8          22  -6.7361391275050429E-013
           8          23  -1.8020977939241263E-013
           8          24   6.0183447177921146E-013
           8          25  -1.7578718703344978E-013
           8          26  -2.1477145063234462E-013
           8          27  -1.1437157745117958E-013
           8          28   4.1611955650005350E-014
           8          29   4.1321587615888587E-013
           8          30  -1.5577231705036950E-013
           8          31   3.1762811381714508E-013
           8          32   2.9760077351450162E-013
           8          33   6.1762272998807984E-013
           8          34   3.8795605324558484E-013
           8          35   2.2978087956276416E-013
           8          36  -4.7099251163107749E-013
           8          37  -3.0089386614056950E-013
           8          38  -3.1159052083569826E-014
           8          39  -7.1324037733570674E-013
           9           1   2.8050613675754128E-015
           9           2   5.4671837225583547E-014
           9           3  -5.2609096440759794E-006
           9           4   2.2164203728446824E-004
           9           5  -1.1124178937620672     
           9           6   2.1955710901379170E-013
           9           7   1.8537916701941680E-005
           9           8  -7.0201070606118465E-004
           9           9   2.9466052947884274     
           9          10  -1.7127461144636625E-013
           9          11  -5.6917623121212693E-005
           9          12   1.6103609564743770E-003
           9          13  -1.1776015554699162     
           9          14  -1.3729660477589946E-013
           9          15   1.0413090802063548E-004
           9          16  -2.9262065861074202E-003
           9          17  -7.3764932691046198E-002
           9          18   3.1634596774581087E-013
           9          19  -1.7164310814578678E-004
           9          20   1.0064325181753527E-003
           9          21   2.9400927508491444E-002
           9          22   4.2888776312994360E-013
           9          23  -3.8918062649128237E-013
           9          24  -2.6163099956896947E-013
           9          25  -2.0435822276947073E-013
           9          26   8.0851828466265064E-014
           9          27  -3.3008447098106474E-013
           9          28  -2.4674358415199068E-013
           9          29  -1.9091062185627521E-015
           9          30  -1.2572955566653564E-013
           9          31   4.2770368201447341E-013
           9          32  -1.4796862308467348E-013
           9          33   2.3205056490817553E-013
           9          34  -2.1829134665278787E-014
           9          35  -2.7402088232134296E-013
           9          36   1.8818927529825785E-013
           9          37  -3.4138880626032081E-013
           9          38   1.0624533455772430E-013
           9          39  -1.1022353712723249E-013
          10           1   6.1384624671482327E-002
          10           2  0.32096219325309228     
          10           3   5.8811476581885605E-014
          10           4  -1.7663610393921846E-014
          10           5  -2.1683249152170815E-015
          10           6 -0.86361913827891623     
          10           7   1.8886974238899238E-013
          10           8  -4.3242234921021343E-014
          10           9  -1.7127461144636625E-013
          10          10   2.5062006938779584     
          10          11   2.7734502106103549E-014
          10          12   1.2614446645175244E-013
          10          13  -2.2734477670548736E-013
          10          14 -0.21083460288406916     
          10          15   3.9144212614471183E-014
          10          16   7.8488809860491074E-014
          10          17   2.5411749295468593E-013
          10          18 -0.18188916741944550     
          10          19   1.9769774388795230E-013
          10          20  -2.1637145567829268E-013
          10          21   1.9726400692134055E-013
          10          22  -3.3243162276335170E-002
          10          23   2.1594143672355017E-003
          10          24  -3.3889955852646599E-002
          10          25   1.4345371726717753E-002
          10          26   3.0179608435584336E-002
          10          27  -4.3910721562189003E-002
          10          28  -2.0417184402652038E-002
          10          29  -4.6415143659294597E-003
          10          30  -1.9473899095021747E-002
          10          31  -3.3861251083556476E-002
          10          32  -8.0222063534948068E-002
          10          33   5.0316990190803117E-003
          10          34   1.8310930386992618E-002
          10          35  -5.7490928452596868E-003
          10          36   2.1859722994322504E-002
          10          37  -3.3504069953222131E-002
          10          38  -5.3058807948661253E-002
          10          39   4.1666509910881624E-002
          11           1  -1.4429330808365269E-014
          11           2  -1.2254270826428059E-013
          11           3  0.35432212456236301     
          11           4   5.3534469085202152E-006
          11           5   1.6366856560966984E-005
          11           6   4.2032419558165323E-014
          11           7  -1.1776816331516109     
          11           8  -1.8173364279613219E-005
          11           9  -5.6917623121212693E-005
          11          10   2.7734502106103549E-014
          11          11   2.4126473620258166     
          11          12   5.1079633798096352E-005
          11          13   1.7329914777507692E-004
          11          14   3.3846430525157191E-013
          11          15  0.15869451995831435     
          11          16  -1.1198547319750071E-004
          11          17  -4.0147857053575648E-004
          11          18   1.3566511427074739E-013
          11          19  -6.4860310373322488E-002
          11          20   1.4803086974351674E-004
          11          21   4.4319904028883869E-004
          11          22   2.4231859048578386E-013
          11          23   5.7589427362605247E-014
          11          24  -7.2976417444411534E-014
          11          25  -4.8283014882250340E-014
          11          26   6.5728663961750926E-014
          11          27  -1.5635512331138347E-013
          11          28  -1.9942070281032841E-013
          11          29  -2.9205581275277746E-013
          11          30  -1.0573628061704143E-013
          11          31   1.4566239665447813E-014
          11          32  -3.1479307926572818E-013
          11          33   2.9591512848130076E-013
          11          34  -3.0677867676117504E-013
          11          35   1.0172822239845997E-013
          11          36   3.2963800824068326E-014
          11          37   1.1181150352109465E-013
          11          38   9.5424091684879156E-014
          11          39   6.8594139770160403E-014
          12           1   1.7196058794088950E-014
          12           2   1.2483018941678475E-013
          12           3   4.3782065038081713E-006
          12           4  0.35439912670727197     
          12           5  -5.0942945668597250E-004
          12           6  -1.9504264682766719E-013
          12           7  -1.5343307602454920E-005
          12           8  -1.1779245272783212     
          12           9   1.6103609564743770E-003
          12          10   1.2614446645175244E-013
          12          11   5.1079633798096352E-005
          12          12   2.4131967596913197     
          12          13  -3.6346062104541943E-003
          12          14  -3.1089746603968332E-013
          12          15  -2.1209354299712990E-004
          12          16  0.15783495819523574     
          12          17   5.6751810967638552E-003
          12          18  -2.6324918768337394E-013
          12          19   1.8212576476990950E-004
          12          20  -6.4819874455476836E-002
          12          21  -1.9432068708079876E-003
          12          22   3.0142629270305156E-013
          12          23   7.4255081951857516E-014
          12          24  -4.2364752897428548E-013
          12          25   1.2932626575721135E-013
          12          26   6.1518071706694183E-013
          12          27   1.2145734383291105E-013
          12          28   2.4061717533530136E-014
          12          29  -2.1305181078542632E-013
          12          30   4.2641264717259813E-013
          12          31  -1.0528511506762959E-013
          12          32  -2.4749244377377779E-013
          12          33  -4.9866912260548705E-013
          12          34  -3.0416844283012403E-013
          12          35  -1.8548009859604649E-013
          12          36   4.7233799464224176E-013
          12          37   2.9975492745709157E-013
          12          38  -1.9798088414674389E-014
          12          39   3.3018841243401253E-013
          13           1   5.9035084563391302E-014
          13           2   1.2883572198980020E-013
          13           3   1.6850121670947734E-005
          13           4  -5.0672040829131959E-004
          13           5  0.35429783153542427     
          13           6  -2.2183190109730883E-014
          13           7  -5.8299048626474746E-005
          13           8   1.6025912204889470E-003
          13           9  -1.1776015554699162     
          13          10  -2.2734477670548736E-013
          13          11   1.7329914777507692E-004
          13          12  -3.6346062104541943E-003
          13          13   2.4124434528750029     
          13          14   2.9624016956348868E-014
          13          15  -3.5006138703495447E-004
          13          16   5.9649355083069844E-003
          13          17  0.15892715103357297     
          13          18  -6.8472658446921395E-014
          13          19   4.2551733966880289E-004
          13          20  -2.0493200640109175E-003
          13          21  -6.5257733273516597E-002
          13          22  -4.4419805217326525E-013
          13          23   2.7910746550215980E-013
          13          24   1.5042865665421122E-013
          13          25   2.2277776808861928E-013
          13          26   3.4468205742424152E-013
          13          27   2.9738950025706220E-013
          13          28   2.3790757611491785E-013
          13          29  -3.6228649755171544E-013
          13          30   8.4559235283538635E-014
          13          31  -7.0255988111653945E-014
          13          32  -1.2409876121786792E-013
          13          33  -2.6630517290396769E-013
          13          34   1.6884578688379290E-013
          13          35  -1.4517057321349057E-013
          13          36  -5.5721375417875045E-014
          13          37   2.2230091635762347E-013
          13          38  -1.3422346571323869E-013
          13          39   1.3406894478128796E-013
          14           1  -9.7720634154604812E-003
          14           2  -2.9142164990945459E-002
          14           3   1.2044958452530205E-015
          14           4  -2.8041995848604161E-013
          14           5   1.6654527911465575E-013
          14           6   7.6642376053890834E-002
          14           7  -1.7948209138604782E-013
          14           8   2.7015248297301801E-013
          14           9  -1.3729660477589946E-013
          14          10 -0.21083460288406916     
          14          11   3.3846430525157191E-013
          14          12  -3.1089746603968332E-013
          14          13   2.9624016956348868E-014
          14          14  0.35361760552864474     
          14          15  -2.9482782513791694E-013
          14          16   2.0804325119215373E-013
          14          17   1.6897622474067849E-014
          14          18  0.33649419767108829     
          14          19  -3.7201130796265928E-013
          14          20  -1.2005730603237070E-013
          14          21  -3.9126779180839212E-013
          14          22  -3.8785126975905649E-003
          14          23  -3.3643848405019829E-003
          14          24   3.4987989345755012E-004
          14          25  -1.9209484209351733E-002
          14          26  -3.9730679592780302E-002
          14          27   1.1754169791379143E-002
          14          28   1.3132779900614424E-002
          14          29   9.0439275526250189E-003
          14          30   2.3835361693565552E-003
          14          31   5.2153464155098778E-002
          14          32  0.11017196685928982     
          14          33  -2.9655800704341009E-002
          14          34   6.8347762474025783E-003
          14          35   8.4837908752021553E-003
          14          36  -7.7498321996337417E-003
          14          37   4.4216346402983490E-002
          14          38   7.5997653648142149E-002
          14          39  -2.6415978059192966E-002
          15           1   3.3870869171465468E-014
          15           2   2.5482299365304683E-013
          15           3   3.1130601225171160E-002
          15           4  -2.6290045165009910E-005
          15           5  -2.7866941154502294E-005
          15           6  -1.6369986081512626E-013
          15           7  -7.3702470773014006E-002
          15           8   8.6413478379354929E-005
          15           9   1.0413090802063548E-004
          15          10   3.9144212614471183E-014
          15          11  0.15869451995831435     
          15          12  -2.1209354299712990E-004
          15          13  -3.5006138703495447E-004
          15          14  -2.9482782513791694E-013
          15          15   1.0533931844436913E-002
          15          16   9.4857514404831560E-006
          15          17  -8.0334880103362415E-005
          15          18  -3.5993662218780215E-013
          15          19  -4.3068542625973993E-003
          15          20   2.1320313207283452E-006
          15          21   4.7694355878862655E-005
          15          22  -2.7648499549338442E-013
          15          23  -1.2648380113812540E-013
          15          24   2.3345356602109016E-014
          15          25   6.9892338087234146E-014
          15          26   4.2373224677351224E-013
          15          27   2.2095949730297944E-013
          15          28   4.7141351992443160E-013
          15          29  -9.3931960568036534E-014
          15          30   4.2276092161216468E-014
          15          31  -1.4630060421261355E-013
          15          32   2.0857410181034112E-013
          15          33  -4.6132257821379496E-013
          15          34   3.8229144332497064E-013
          15          35  -3.5202472031819444E-014
          15          36   5.3717135107181271E-014
          15          37  -1.1498060390909934E-013
          15          38   1.7765217836208749E-013
          15          39  -3.9487659810980515E-013
          16           1  -1.0956575532486048E-013
          16           2  -7.1174416156243595E-013
          16           3  -1.0802455045696676E-005
          16           4   3.0993590837012353E-002
          16           5   9.3702157744986929E-004
          16           6   4.8633240584031344E-013
          16           7   3.7788900989930963E-005
          16           8  -7.3276776027990598E-002
          16           9  -2.9262065861074202E-003
          16          10   7.8488809860491074E-014
          16          11  -1.1198547319750071E-004
          16          12  0.15783495819523574     
          16          13   5.9649355083069844E-003
          16          14   2.0804325119215373E-013
          16          15   9.4857514404831560E-006
          16          16   1.0539170991747828E-002
          16          17   6.7202317505265390E-004
          16          18   1.9685424213801266E-013
          16          19   3.3338127764772962E-006
          16          20  -4.3312439484172226E-003
          16          21  -2.6153842527673913E-004
          16          22   1.5190942961090153E-012
          16          23  -1.0192464933615271E-012
          16          24  -2.9740674461758971E-013
          16          25  -4.0747329451340588E-013
          16          26  -1.4904791290735220E-012
          16          27  -1.1272529370162425E-012
          16          28   1.1566325854912816E-015
          16          29   8.2323523166257805E-013
          16          30  -6.1942118918651038E-013
          16          31  -1.8890109050900231E-013
          16          32   4.3548062376085702E-013
          16          33   5.7109813373011557E-013
          16          34  -1.1339054510188495E-013
          16          35   7.2513247105329893E-013
          16          36  -4.6656782085274992E-013
          16          37  -1.0914048696287125E-013
          16          38   4.6972299256445626E-013
          16          39   5.9494008287641039E-013
          17           1  -1.1532775075788168E-013
          17           2  -5.0964800790133262E-013
          17           3  -3.5826817807946233E-005
          17           4   8.9221048428412414E-004
          17           5   3.1146254237112779E-002
          17           6   1.9325860458459223E-013
          17           7   1.2905663824717539E-004
          17           8  -2.7858029326135892E-003
          17           9  -7.3764932691046198E-002
          17          10   2.5411749295468593E-013
          17          11  -4.0147857053575648E-004
          17          12   5.6751810967638552E-003
          17          13  0.15892715103357297     
          17          14   1.6897622474067849E-014
          17          15  -8.0334880103362415E-005
          17          16   6.7202317505265390E-004
          17          17   1.0772261014988304E-002
          17          18  -6.0513800957062998E-014
          17          19   4.7153205266415899E-005
          17          20  -2.6132401794750964E-004
          17          21  -4.4177817438643642E-003
          17          22   3.9154600848841778E-013
          17          23  -8.3336994919872309E-013
          17          24   2.6420397102852604E-013
          17          25  -2.3878247134938991E-013
          17          26  -5.2548113095011506E-013
          17          27  -5.8336467143139089E-013
          17          28  -8.5305229097656473E-014
          17          29   3.4738277247482910E-013
          17          30  -1.9537798800263626E-013
          17          31   5.5746861810195459E-014
          17          32   3.8784722562290060E-013
          17          33   2.9001157197218907E-013
          17          34  -8.6046890195703720E-014
          17          35   3.4634468668012022E-013
          17          36  -1.6660380140327555E-013
          17          37   7.4843769678673833E-014
          17          38   3.5625056323421200E-013
          17          39   3.1243000273278413E-013
          18           1   1.1677618456269852E-002
          18           2  -3.0679636642787635E-002
          18           3   5.8267698632380309E-015
          18           4  -8.9465099961218508E-014
          18           5  -5.9050417021931285E-014
          18           6   7.0876844109776627E-002
          18           7  -1.3496903299644512E-013
          18           8   1.3096046332102613E-013
          18           9   3.1634596774581087E-013
          18          10 -0.18188916741944550     
          18          11   1.3566511427074739E-013
          18          12  -2.6324918768337394E-013
          18          13  -6.8472658446921395E-014
          18          14  0.33649419767108829     
          18          15  -3.5993662218780215E-013
          18          16   1.9685424213801266E-013
          18          17  -6.0513800957062998E-014
          18          18  0.34291631901385733     
          18          19  -3.9338902759575248E-013
          18          20  -1.0907468598257409E-013
          18          21  -4.0806668228440617E-013
          18          22  -3.9776620099104352E-003
          18          23  -2.5702749818291514E-003
          18          24   5.9312280752115924E-003
          18          25  -4.3683294639003572E-003
          18          26  -1.1921669575263857E-002
          18          27   1.8662209144045699E-003
          18          28   5.7933101904185172E-003
          18          29   7.0491581515257189E-003
          18          30  -2.0288388161825703E-002
          18          31   1.2020417854289473E-002
          18          32   3.4634016934467091E-002
          18          33  -1.0424104275380121E-002
          18          34   1.5806656429476268E-003
          18          35   6.1753601029359475E-003
          18          36  -2.8053992126263635E-002
          18          37   1.0767600221565162E-002
          18          38   1.2742796268640572E-002
          18          39  -1.0767050373214545E-002
          19           1  -2.8067146944123067E-014
          19           2  -1.2336939039328937E-013
          19           3  -1.3453219864244088E-002
          19           4   2.4824083233683636E-005
          19           5   5.1995830353722920E-005
          19           6   6.5073918996437014E-014
          19           7   2.9235353381897651E-002
          19           8  -7.9833992865248099E-005
          19           9  -1.7164310814578678E-004
          19          10   1.9769774388795230E-013
          19          11  -6.4860310373322488E-002
          19          12   1.8212576476990950E-004
          19          13   4.2551733966880289E-004
          19          14  -3.7201130796265928E-013
          19          15  -4.3068542625973993E-003
          19          16   3.3338127764772962E-006
          19          17   4.7153205266415899E-005
          19          18  -3.9338902759575248E-013
          19          19   1.7625336605746980E-003
          19          20  -3.6954588055169594E-006
          19          21  -2.5613496948894402E-005
          19          22   9.5831036910945344E-014
          19          23   7.5391145475880597E-015
          19          24  -6.7968180682903796E-014
          19          25  -1.1448487704528759E-015
          19          26  -5.5321714839418546E-013
          19          27  -1.2848624431416239E-014
          19          28   1.4102291444572896E-013
          19          29   1.9459127026212974E-013
          19          30  -6.0888431204172113E-014
          19          31  -4.4887628802681903E-014
          19          32   7.3572229492903321E-014
          19          33  -5.4926055488437753E-014
          19          34   1.1602630650670801E-013
          19          35   1.4464457709814609E-013
          19          36  -2.9115069548786226E-014
          19          37  -4.2322313683646383E-014
          19          38   1.1127215517643301E-013
          19          39  -3.1951251241457412E-014
          20           1   1.1274365866258765E-013
          20           2   6.6626218670657878E-013
          20           3   1.9553037266903140E-005
          20           4  -1.3445913034633574E-002
          20           5  -3.2204912723199190E-004
          20           6  -3.9514418556897308E-013
          20           7  -6.3266301845387092E-005
          20           8   2.9213163032965520E-002
          20           9   1.0064325181753527E-003
          20          10  -2.1637145567829268E-013
          20          11   1.4803086974351674E-004
          20          12  -6.4819874455476836E-002
          20          13  -2.0493200640109175E-003
          20          14  -1.2005730603237070E-013
          20          15   2.1320313207283452E-006
          20          16  -4.3312439484172226E-003
          20          17  -2.6132401794750964E-004
          20          18  -1.0907468598257409E-013
          20          19  -3.6954588055169594E-006
          20          20   1.7816806440042838E-003
          20          21   1.0107839694205989E-004
          20          22  -1.6386277774467471E-012
          20          23   6.3306041873305993E-013
          20          24   5.3363889617221193E-013
          20          25   5.0757175662791171E-013
          20          26   1.2360319651471794E-012
          20          27   1.0184496647822014E-012
          20          28   6.5161277275787427E-014
          20          29  -2.3577910469122142E-013
          20          30   1.3013663587259640E-013
          20          31  -6.8653966628479685E-014
          20          32   3.7191543828533222E-015
          20          33  -1.5860299628093600E-013
          20          34   1.6594379759263665E-013
          20          35  -2.2922642504980116E-013
          20          36   5.3636544055375893E-014
          20          37  -9.9056209124210659E-014
          20          38  -9.1839455818006078E-014
          20          39  -2.3101418989058619E-013
          21           1   2.5293465514748685E-014
          21           2   3.4499194330435860E-013
          21           3   5.4733841428530482E-005
          21           4  -3.0566615458599376E-004
