           1           1   2.2067114606555260     
           1           2 -0.78194946043764291     
           1           3  -4.2791285921482650E-014
           1           4  -8.3399179016925856E-014
           1           5  -2.8141464701260508E-013
           1           6  0.28391145363871201     
           1           7  -5.5359528764347640E-014
           1           8   6.1622831099232614E-014
           1           9   3.7792062059700678E-015
           1          10 -0.35935454216661922     
           1          11  -5.1582258934715623E-014
           1          12  -6.8639094869732436E-014
           1          13  -1.6508848670627034E-013
           1          14   2.1927334172671533E-002
           1          15   4.7826579113947437E-014
           1          16   2.4879743650029252E-014
           1          17   2.6029035407666432E-014
           1          18  -5.3339041412471186E-003
           1          19  -2.3641243586095475E-014
           1          20   2.6969959327432328E-015
           1          21  -4.7068970200233172E-014
           1          22   3.4267515313019650E-002
           1          23  -4.2696604216880213E-014
           1          24   3.4267515313159476E-002
           1          25  -3.8963920749488908E-014
           1          26   8.0754133434441948E-014
           1          27   3.4267515313071442E-002
           1          28  0.10780027220588756     
           1          29   4.6522207925896761E-014
           1          30  0.10780027220587832     
           1          31  -1.1607127225432150E-014
           1          32   1.2549589041165404E-014
           1          33  0.10780027220587418     
           1          34  -1.3683372344988324E-002
           1          35   1.8055956360169387E-014
           1          36  -1.3683372345050421E-002
           1          37  -8.5836415490951155E-015
           1          38  -9.0161327462117285E-015
           1          39  -1.3683372345020661E-002
           2           1 -0.78194946043764291     
           2           2   3.0268253246751438     
           2           3   1.5571593599351407E-013
           2           4   2.8005124154919436E-013
           2           5   8.7100521687717949E-013
           2           6 -0.65931504807751518     
           2           7   1.5832116932663697E-013
           2           8  -2.4635659468959885E-013
           2           9  -4.1992990829315975E-014
           2          10   1.9055570243425570     
           2          11   1.8282722796331767E-013
           2          12   3.1564517183507138E-013
           2          13   6.6545708946135894E-013
           2          14 -0.13951594190066846     
           2          15  -1.9278034221825281E-013
           2          16  -1.3166123072143163E-013
           2          17  -1.0399104839791553E-013
           2          18   3.3938403917482207E-002
           2          19   1.1326666766133861E-013
           2          20   1.0173082367336706E-014
           2          21   2.0945292768608348E-013
           2          22 -0.43925494207123639     
           2          23   1.5457549449666377E-013
           2          24 -0.43925494207166310     
           2          25   1.3570723014883240E-013
           2          26  -2.6666971571337272E-013
           2          27 -0.43925494207141680     
           2          28 -0.59986553819335287     
           2          29  -1.9673394760899144E-013
           2          30 -0.59986553819334199     
           2          31   3.6637038920565783E-014
           2          32  -7.3397263667163411E-014
           2          33 -0.59986553819330224     
           2          34   8.4978345141511549E-002
           2          35  -7.3844581281834221E-014
           2          36   8.4978345141756909E-002
           2          37   3.7775313915242294E-014
           2          38   5.2513373870064764E-014
           2          39   8.4978345141632106E-002
           3           1  -4.2791285921482650E-014
           3           2   1.5571593599351407E-013
           3           3   2.4290855202442301     
           3           4  -8.3869489044680132E-014
           3           5   6.0210950808548295E-014
           3           6   1.4566827326456574E-012
           3           7  -1.1278705432160723     
           3           8   3.1686521353817302E-013
           3           9  -1.6940095159956423E-013
           3          10   1.0324120150027597E-012
           3          11  0.39026906455341970     
           3          12  -1.8033773259429403E-013
           3          13   1.7459991785706811E-013
           3          14  -7.8732185440551343E-013
           3          15  -6.9257410506258416E-002
           3          16   2.0540570654960253E-013
           3          17   1.9905518205964940E-014
           3          18  -1.0723918847531179E-013
           3          19   3.8753562349422552E-002
           3          20  -6.1035788104452460E-013
           3          21   7.2036560744281987E-014
           3          22   9.9055944239614894E-013
           3          23  -9.6936840504194980E-013
           3          24  -1.1933313526807564E-012
           3          25   6.6622305105276939E-013
           3          26   2.5193725174087381E-013
           3          27  -1.4270770784593999E-012
           3          28  -4.4803903055377835E-013
           3          29   4.4680296445490455E-016
           3          30  -4.4516033764921844E-013
           3          31   1.3518909290815211E-013
           3          32  -2.8939490822646775E-014
           3          33  -1.0675287730641222E-012
           3          34  -6.7901529289773490E-014
           3          35  -1.4854785787671345E-014
           3          36   1.5965713636171093E-013
           3          37  -6.1883199127733545E-013
           3          38  -2.5403792085738302E-013
           3          39   9.6195797671502664E-013
           4           1  -8.3399179016925856E-014
           4           2   2.8005124154919436E-013
           4           3  -8.3869489044680132E-014
           4           4   2.4290855202442057     
           4           5   1.1210124625446446E-013
           4           6  -4.6059359905879127E-013
           4           7  -7.6997381994597658E-014
           4           8  -1.1278705432158487     
           4           9  -1.1134105790122593E-013
           4          10   7.0262546162985432E-014
           4          11  -1.4208794731074925E-014
           4          12  0.39026906455310928     
           4          13   5.6280501092852474E-014
           4          14   4.4991983489969410E-013
           4          15  -1.3799532805509889E-013
           4          16  -6.9257410506457756E-002
           4          17   1.5105972028806014E-014
           4          18  -1.3059786804833120E-013
           4          19   8.1825984789979378E-014
           4          20   3.8753562349717996E-002
           4          21  -7.0173250890648336E-014
           4          22   9.3796049109412627E-013
           4          23   3.0615109464350257E-013
           4          24  -9.2698302454535145E-013
           4          25   9.1814110293688529E-014
           4          26  -3.0448632332287298E-013
           4          27   3.4613318918984657E-013
           4          28  -3.2126740041219690E-014
           4          29  -2.3629136471323792E-014
           4          30   9.5338997851119598E-014
           4          31  -5.7923513777417348E-014
           4          32  -6.1413671842892136E-014
           4          33   1.4874073510861762E-013
           4          34   8.8344852233142040E-015
           4          35   1.3468191791942632E-014
           4          36  -1.4790390628315779E-013
           4          37   1.4963669297510710E-013
           4          38   8.3341162623908292E-014
           4          39  -2.4564573172223009E-013
           5           1  -2.8141464701260508E-013
           5           2   8.7100521687717949E-013
           5           3   6.0210950808548295E-014
           5           4   1.1210124625446446E-013
           5           5   2.4290855202442820     
           5           6  -2.0119594734307252E-014
           5           7  -2.5486730781398959E-013
           5           8  -1.9687853777816632E-013
           5           9  -1.1278705432161358     
           5          10  -6.9391472706304612E-015
           5          11   3.9212383340370401E-013
           5          12   2.0280565421470949E-013
           5          13  0.39026906455362698     
           5          14   5.3384706218015041E-013
           5          15  -3.3437835833538528E-013
           5          16  -2.0894050378750223E-013
           5          17  -6.9257410506324446E-002
           5          18  -7.5233397093549676E-013
           5          19   1.0165587989441333E-013
           5          20  -2.7939407514984718E-013
           5          21   3.8753562349373868E-002
           5          22   1.6189734111405217E-012
           5          23  -4.5153503489260966E-013
           5          24   1.9593297340972205E-013
           5          25   3.9624491876811517E-013
           5          26   1.3128826371287291E-012
           5          27  -1.6633058484597777E-012
           5          28   1.5814223856356964E-013
           5          29  -2.1182702164414190E-013
           5          30   1.3034505558350924E-013
           5          31   7.7074523009846770E-014
           5          32  -7.7299879480882698E-013
           5          33  -6.3424108374648294E-013
           5          34  -3.2274535745069674E-013
           5          35   1.1957903511874460E-013
           5          36  -5.2249379263001887E-014
           5          37  -2.9064961029906299E-013
           5          38   1.9437947095456495E-013
           5          39   1.3779029321054599E-013
           6           1  0.28391145363871201     
           6           2 -0.65931504807751518     
           6           3   1.4566827326456574E-012
           6           4  -4.6059359905879127E-013
           6           5  -2.0119594734307252E-014
           6           6   2.3631367382807285     
           6           7  -1.3432407600275001E-012
           6           8   7.4987591170114800E-013
           6           9  -1.3798319977396617E-013
           6          10  -3.3495221537555611     
           6          11  -3.9428080498912368E-013
           6          12  -6.6481919745537002E-013
           6          13  -1.3574398993158546E-012
           6          14  0.20826964091661965     
           6          15   3.9700294512650882E-013
           6          16   2.6330219354895205E-013
           6          17   1.9664617484598905E-013
           6          18  -5.0678949167809975E-002
           6          19  -2.2677146781907564E-013
           6          20  -9.7896301479558283E-015
           6          21  -4.3223347725629078E-013
           6          22  0.18306313363752902     
           6          23  -2.4357523998639232E-013
           6          24  0.18306313364058913     
           6          25  -2.8843628349353925E-013
           6          26   1.0413153378404759E-012
           6          27  0.18306313363871418     
           6          28   1.0069871207775130     
           6          29   4.1900302101111129E-013
           6          30   1.0069871207772685     
           6          31  -9.2946568946243942E-014
           6          32   1.3931185208301105E-013
           6          33   1.0069871207773295     
           6          34 -0.12960324714438023     
           6          35   1.5667146405788739E-013
           6          36 -0.12960324714480465     
           6          37  -7.7617370262430037E-014
           6          38  -9.4502181268740254E-014
           6          39 -0.12960324714460680     
           7           1  -5.5359528764347640E-014
           7           2   1.5832116932663697E-013
           7           3  -1.1278705432160723     
           7           4  -7.6997381994597658E-014
           7           5  -2.5486730781398959E-013
           7           6  -1.3432407600275001E-012
           7           7   2.9943320419262451     
           7           8  -3.6070864177507348E-014
           7           9   6.9187017226468977E-013
           7          10  -1.6732134052145528E-013
           7          11  -1.2867242760767816     
           7          12  -7.2266845285715737E-014
           7          13  -8.2923945488034602E-013
           7          14  -9.8678047206885241E-014
           7          15  0.21337914374189249     
           7          16  -1.0875398888735083E-013
           7          17  -1.0957727780702723E-013
           7          18   1.3731702753184886E-012
           7          19 -0.11966537555020647     
           7          20   1.2038142834999716E-012
           7          21   4.7815050530086331E-014
           7          22  -3.8403382214853019E-012
           7          23   1.6797432167737828E-012
           7          24   1.8453232106009168E-012
           7          25  -1.8263445960261273E-012
           7          26  -1.0352962745637542E-012
           7          27   2.9686194431560050E-012
           7          28   6.4721289842259003E-014
           7          29   2.2923329293872737E-013
           7          30  -2.5107514416168184E-013
           7          31  -3.2892583842110869E-013
           7          32   7.7096084402711991E-013
           7          33   1.6854150481777408E-012
           7          34   6.3307128900636383E-013
           7          35  -1.7139339055202815E-013
           7          36   5.2602005224150065E-014
           7          37   1.1358165227517800E-012
           7          38   2.6934818799776401E-014
           7          39  -1.2086134176008779E-012
           8           1   6.1622831099232614E-014
           8           2  -2.4635659468959885E-013
           8           3   3.1686521353817302E-013
           8           4  -1.1278705432158487     
           8           5  -1.9687853777816632E-013
           8           6   7.4987591170114800E-013
           8           7  -3.6070864177507348E-014
           8           8   2.9943320419252002     
           8           9   2.7943793112770835E-014
           8          10  -1.4752073395329187E-012
           8          11   9.3228810088554607E-014
           8          12  -1.2867242760755868     
           8          13   1.0082212842380748E-014
           8          14  -1.2925602020649431E-013
           8          15   1.0388489114082644E-013
           8          16  0.21337914374160100     
           8          17  -2.2797302240418138E-014
           8          18  -1.8622142051981260E-013
           8          19  -7.3913504440234504E-014
           8          20 -0.11966537555035153     
           8          21   5.4865183576891090E-014
           8          22  -1.8965927618209502E-012
           8          23  -3.8053259663167196E-013
           8          24   2.5430791954022289E-012
           8          25  -8.4005653688252217E-014
           8          26   7.5075184438752801E-013
           8          27  -8.5483138729119637E-013
           8          28   5.2270118733124815E-013
           8          29  -2.5611999212935032E-014
           8          30   4.2073723591002709E-013
           8          31   1.1358837053377269E-013
           8          32  -1.2903063934497475E-013
           8          33   2.3760429096207125E-014
           8          34  -2.4602524849701313E-013
           8          35   5.7098607947431750E-014
           8          36   1.0290726763001755E-013
           8          37  -2.4307656657755421E-013
           8          38   3.5930951543067565E-014
           8          39   1.0731961069345567E-013
           9           1   3.7792062059700678E-015
           9           2  -4.1992990829315975E-014
           9           3  -1.6940095159956423E-013
           9           4  -1.1134105790122593E-013
           9           5  -1.1278705432161358     
           9           6  -1.3798319977396617E-013
           9           7   6.9187017226468977E-013
           9           8   2.7943793112770835E-014
           9           9   2.9943320419261052     
           9          10  -1.6535874444979043E-012
           9          11  -7.4919237480487274E-013
           9          12  -1.7416970643501968E-013
           9          13  -1.2867242760767259     
           9          14   7.3047532151807607E-013
           9          15   9.5439281477815478E-014
           9          16   2.2756362766385056E-013
           9          17  0.21337914374166872     
           9          18   9.0742417195164352E-013
           9          19   1.1402510879943168E-013
           9          20   1.0223829161742923E-012
           9          21 -0.11966537555012320     
           9          22  -3.1349499122262481E-012
           9          23   1.7326872423630132E-012
           9          24  -6.0758325860523269E-013
           9          25  -6.8120190212899089E-013
           9          26  -3.4088082107468586E-012
           9          27   3.8421072676000363E-012
           9          28   1.5886083086435672E-013
           9          29   4.0749531034381181E-013
           9          30   2.5746123734744284E-013
           9          31  -3.5977795848504453E-013
           9          32   1.7097501144514173E-012
           9          33   2.3609536994231858E-012
           9          34   5.3001781418973435E-013
           9          35  -2.2402532173570151E-013
           9          36  -5.1777047995991096E-013
           9          37   9.1595754423290471E-013
           9          38  -2.3641269927955860E-013
           9          39  -1.1204454360890804E-012
          10           1 -0.35935454216661922     
          10           2   1.9055570243425570     
          10           3   1.0324120150027597E-012
          10           4   7.0262546162985432E-014
          10           5  -6.9391472706304612E-015
          10           6  -3.3495221537555611     
          10           7  -1.6732134052145528E-013
          10           8  -1.4752073395329187E-012
          10           9  -1.6535874444979043E-012
          10          10   14.376388357524007     
          10          11   1.7125917997393211E-012
          10          12   3.1311767016573958E-012
          10          13   6.0206140511977232E-012
          10          14 -0.68893362761569543     
          10          15  -1.8243558949072382E-012
          10          16  -1.1161228782778362E-012
          10          17  -9.7070209748720351E-013
          10          18  0.17074872450281703     
          10          19   1.0185621433687437E-012
          10          20   1.8733132803078035E-014
          10          21   1.9670588938810195E-012
          10          22 -0.39126718956500539     
          10          23   6.9457096306702331E-013
          10          24 -0.39126718956607121     
          10          25   6.0234051146079370E-013
          10          26  -5.0822339416730926E-013
          10          27 -0.39126718956612616     
          10          28  -4.0777290494521932     
          10          29  -1.9635316372055051E-012
          10          30  -4.0777290494523672     
          10          31   6.9956726843385076E-013
          10          32  -7.2757673929993133E-013
          10          33  -4.0777290494518574     
          10          34  0.43855120955541260     
          10          35  -6.5590600513374561E-013
          10          36  0.43855120955777005     
          10          37   3.6776290498066989E-013
          10          38   4.7056852325489149E-013
          10          39  0.43855120955660187     
          11           1  -5.1582258934715623E-014
          11           2   1.8282722796331767E-013
          11           3  0.39026906455341970     
          11           4  -1.4208794731074925E-014
          11           5   3.9212383340370401E-013
          11           6  -3.9428080498912368E-013
          11           7  -1.2867242760767816     
          11           8   9.3228810088554607E-014
          11           9  -7.4919237480487274E-013
          11          10   1.7125917997393211E-012
          11          11   2.6491908305016514     
          11          12   1.5560469579511465E-013
          11          13  -1.5751289161867306E-013
          11          14  -6.6198845072072332E-013
          11          15 -0.35054456943875884     
          11          16  -1.5422971059997179E-013
          11          17  -9.4636798397829064E-013
          11          18  -1.4340038492351407E-013
          11          19  0.19869874408662536     
          11          20  -3.7942077864977643E-013
          11          21   1.3122072872739929E-012
          11          22   4.8967531651880082E-014
          11          23  -1.5269754689288434E-013
          11          24  -5.7235305506759472E-014
          11          25   9.5271128426720517E-014
          11          26  -3.4096184114486034E-013
          11          27  -1.0977133129295993E-013
          11          28  -4.2488873310582080E-013
          11          29   4.3687935038219549E-013
          11          30   7.3453722028620519E-013
          11          31   8.0949635611576718E-013
          11          32  -7.1708397266285427E-013
          11          33  -1.9931299793877569E-012
          11          34  -1.0379114983848812E-012
          11          35   3.1914393273055246E-013
          11          36   4.6052481681121021E-013
          11          37  -5.7765016040912729E-013
          11          38   4.8834053055916557E-013
          11          39   1.3805973455458919E-013
          12           1  -6.8639094869732436E-014
          12           2   3.1564517183507138E-013
          12           3  -1.8033773259429403E-013
          12           4  0.39026906455310928     
          12           5   2.0280565421470949E-013
          12           6  -6.6481919745537002E-013
          12           7  -7.2266845285715737E-014
          12           8  -1.2867242760755868     
          12           9  -1.7416970643501968E-013
          12          10   3.1311767016573958E-012
          12          11   1.5560469579511465E-013
          12          12   2.6491908305019516     
          12          13   1.6180112805130037E-013
          12          14   4.2152165598601872E-013
          12          15  -4.9921189144291919E-013
          12          16 -0.35054456943988832     
          12          17   2.4787810692927772E-013
          12          18  -7.8092123344789999E-014
          12          19   3.2469632451487273E-013
          12          20  0.19869874408723828     
          12          21  -3.7894166970975393E-013
          12          22   1.9358859228508692E-013
          12          23  -1.6227879741796193E-013
          12          24  -2.8402480992616238E-013
          12          25  -1.2777681265560115E-013
          12          26   5.1841631987914255E-013
          12          27  -3.6496867935450622E-014
          12          28  -6.1949079405767148E-013
          12          29  -1.0380015296279292E-013
          12          30  -1.6198841874498491E-012
          12          31  -2.2760431473497575E-013
          12          32   6.6644414969334718E-014
          12          33  -1.4125315784737783E-013
          12          34   3.3704761234215592E-013
          12          35  -1.7746975782589714E-013
          12          36  -6.9109180329039580E-014
          12          37   2.0719209862809331E-013
          12          38  -1.3901576613356656E-013
          12          39   2.4521173549567743E-014
          13           1  -1.6508848670627034E-013
          13           2   6.6545708946135894E-013
          13           3   1.7459991785706811E-013
          13           4   5.6280501092852474E-014
          13           5  0.39026906455362698     
          13           6  -1.3574398993158546E-012
          13           7  -8.2923945488034602E-013
          13           8   1.0082212842380748E-014
          13           9  -1.2867242760767259     
          13          10   6.0206140511977232E-012
          13          11  -1.5751289161867306E-013
          13          12   1.6180112805130037E-013
          13          13   2.6491908305024769     
          13          14  -1.7136827060280088E-012
          13          15   1.7844128952226880E-012
          13          16  -6.2500265379794362E-013
          13          17 -0.35054456944122053     
          13          18   2.5593475254171823E-013
          13          19  -8.0414494507685725E-013
          13          20  -3.7757470761068597E-013
          13          21  0.19869874408856497     
          13          22   3.0460731770531584E-013
          13          23  -4.1323585102655658E-013
          13          24  -8.6455405536811561E-013
          13          25  -1.2320496121670542E-013
          13          26   1.2398341483586000E-012
          13          27   1.0772190453719155E-013
          13          28  -1.4394732934763359E-012
          13          29  -1.6544030766412864E-013
          13          30   1.5690919778547784E-013
          13          31   7.7039194823286446E-013
          13          32  -2.6139440002194217E-012
          13          33  -3.8112892150478657E-012
          13          34  -7.8125814532915522E-013
          13          35   2.5778392809413828E-013
          13          36   1.0538146712110968E-012
          13          37  -2.8895010728084471E-013
          13          38   1.1318724256863049E-012
          13          39  -6.8427771823059826E-014
          14           1   2.1927334172671533E-002
          14           2 -0.13951594190066846     
          14           3  -7.8732185440551343E-013
          14           4   4.4991983489969410E-013
          14           5   5.3384706218015041E-013
          14           6  0.20826964091661965     
          14           7  -9.8678047206885241E-014
          14           8  -1.2925602020649431E-013
          14           9   7.3047532151807607E-013
          14          10 -0.68893362761569543     
          14          11  -6.6198845072072332E-013
          14          12   4.2152165598601872E-013
          14          13  -1.7136827060280088E-012
          14          14   3.7351993766413689E-002
          14          15   1.1412581506851394E-013
          14          16  -1.6233778194888000E-014
          14          17   1.8713205677550385E-013
          14          18  -9.1274758787956833E-003
          14          19  -6.6590317843706955E-014
          14          20   3.0226603212861437E-014
          14          21  -1.5558776791234692E-013
          14          22   2.9933387844844121E-002
          14          23   5.9954443300509280E-013
          14          24   2.9933387843534293E-002
          14          25   1.2215261305126330E-012
          14          26  -3.3084174295429122E-012
          14          27   2.9933387844577747E-002
          14          28  0.20324785861659350     
          14          29   3.8930165091146308E-014
          14          30  0.20324785861673533     
          14          31  -8.8775031407763432E-014
          14          32   1.9340171879640352E-013
          14          33  0.20324785861661554     
          14          34  -2.3244194581653461E-002
          14          35   3.5992533495498180E-014
          14          36  -2.3244194581782888E-002
          14          37   1.7652928707692888E-014
          14          38  -9.5513054634598418E-014
          14          39  -2.3244194581703917E-002
          15           1   4.7826579113947437E-014
          15           2  -1.9278034221825281E-013
          15           3  -6.9257410506258416E-002
          15           4  -1.3799532805509889E-013
          15           5  -3.3437835833538528E-013
          15           6   3.9700294512650882E-013
          15           7  0.21337914374189249     
          15           8   1.0388489114082644E-013
          15           9   9.5439281477815478E-014
          15          10  -1.8243558949072382E-012
          15          11 -0.35054456943875884     
          15          12  -4.9921189144291919E-013
          15          13   1.7844128952226880E-012
          15          14   1.1412581506851394E-013
          15          15   4.9343124693312396E-002
          15          16   6.0415566863550407E-014
          15          17  -8.1036739818518530E-014
          15          18   2.3238025648955448E-014
          15          19  -2.7727270309226004E-002
          15          20   2.8589394848905965E-014
          15          21  -2.2032722868381373E-014
          15          22  -5.8023358298877085E-014
          15          23   4.1682651020462409E-014
          15          24   1.0347428904780655E-013
          15          25  -4.5938341016878720E-014
          15          26  -2.1403079302799434E-014
          15          27   6.7876609872765043E-014
          15          28   4.4733283055233509E-013
          15          29  -2.1588075687385617E-014
          15          30   3.2646273126201721E-013
          15          31  -7.8985828342344851E-014
          15          32   9.8923758333107260E-014
          15          33   6.2418063671667504E-013
          15          34   7.0118534491916590E-014
          15          35  -3.4524054137844043E-014
          15          36  -8.0144272860013458E-014
          15          37   7.3967737096587924E-014
          15          38  -4.7762614850525783E-014
          15          39  -7.3538700676994196E-014
          16           1   2.4879743650029252E-014
          16           2  -1.3166123072143163E-013
          16           3   2.0540570654960253E-013
          16           4  -6.9257410506457756E-002
          16           5  -2.0894050378750223E-013
          16           6   2.6330219354895205E-013
          16           7  -1.0875398888735083E-013
          16           8  0.21337914374160100     
          16           9   2.2756362766385056E-013
          16          10  -1.1161228782778362E-012
          16          11  -1.5422971059997179E-013
          16          12 -0.35054456943988832     
          16          13  -6.2500265379794362E-013
          16          14  -1.6233778194888000E-014
          16          15   6.0415566863550407E-014
          16          16   4.9343124693517856E-002
          16          17   3.7655425652594111E-014
          16          18  -2.9062855929242030E-015
          16          19  -3.8963786624240981E-014
          16          20  -2.7727270309349010E-002
          16          21   2.5110122314772975E-016
          16          22   1.2243711272079301E-014
          16          23   1.1336192896666833E-013
          16          24   4.0541947491395480E-014
          16          25   7.0146862984072115E-014
          16          26  -3.7979943465552594E-013
          16          27   6.9397461906103731E-015
          16          28   2.5795591437964643E-013
          16          29   1.0309566308761196E-014
          16          30   3.6028254758509706E-013
          16          31   2.0187681808874828E-014
          16          32   1.4459425249472249E-014
          16          33   2.0827057963864158E-013
          16          34  -5.3367682289331510E-014
          16          35   1.9871393605344043E-014
          16          36  -1.2438624625130804E-014
          16          37  -2.2261115125680262E-014
          16          38   5.4065783236787628E-015
          16          39  -1.9129439035796933E-014
          17           1   2.6029035407666432E-014
          17           2  -1.0399104839791553E-013
          17           3   1.9905518205964940E-014
          17           4   1.5105972028806014E-014
          17           5  -6.9257410506324446E-002
          17           6   1.9664617484598905E-013
          17           7  -1.0957727780702723E-013
          17           8  -2.2797302240418138E-014
          17           9  0.21337914374166872     
          17          10  -9.7070209748720351E-013
          17          11  -9.4636798397829064E-013
          17          12   2.4787810692927772E-013
          17          13 -0.35054456944122053     
          17          14   1.8713205677550385E-013
          17          15  -8.1036739818518530E-014
          17          16   3.7655425652594111E-014
          17          17   4.9343124693764187E-002
          17          18  -1.1547789832221536E-014
          17          19   2.5983989265787580E-014
          17          20   6.9019551358906422E-014
          17          21  -2.7727270309542234E-002
          17          22  -3.2142505098053522E-013
          17          23   3.8367215657573582E-014
          17          24   3.7744187607175085E-013
          17          25  -1.3912995867550059E-013
          17          26   2.4762661093569831E-013
          17          27   2.8679335599175461E-015
          17          28   2.5321922661764732E-013
          17          29   4.3340426014815824E-014
          17          30   4.8485835257160466E-014
          17          31  -8.1893908880709175E-014
          17          32   2.7125629901825473E-013
          17          33   4.9821760119353236E-013
          17          34   6.5117551924405028E-014
          17          35  -3.0426604119876536E-014
          17          36  -1.0522583695102630E-013
          17          37   4.1142616236501526E-014
          17          38  -1.0229465067195578E-013
          17          39  -2.4285536842371722E-014
          18           1  -5.3339041412471186E-003
          18           2   3.3938403917482207E-002
          18           3  -1.0723918847531179E-013
          18           4  -1.3059786804833120E-013
          18           5  -7.5233397093549676E-013
          18           6  -5.0678949167809975E-002
          18           7   1.3731702753184886E-012
          18           8  -1.8622142051981260E-013
          18           9   9.0742417195164352E-013
          18          10  0.17074872450281703     
          18          11  -1.4340038492351407E-013
          18          12  -7.8092123344789999E-014
          18          13   2.5593475254171823E-013
          18          14  -9.1274758787956833E-003
          18          15   2.3238025648955448E-014
          18          16  -2.9062855929242030E-015
          18          17  -1.1547789832221536E-014
          18          18   2.2348934013184068E-003
          18          19  -1.2821121635404970E-014
          18          20  -4.0866983344067950E-015
          18          21   2.0030803563787263E-014
          18          22  -7.2351796764763840E-003
          18          23  -1.2203432847739334E-013
          18          24  -7.2351796761836607E-003
          18          25  -5.1352015767060031E-013
          18          26   1.3539395416219855E-012
          18          27  -7.2351796764365817E-003
          18          28  -5.0094664958357196E-002
          18          29  -1.1786271093595357E-014
          18          30  -5.0094664958389074E-002
          18          31   2.1154691304618053E-014
          18          32  -7.9952719824892536E-014
          18          33  -5.0094664958359271E-002
          18          34   5.6980366494953638E-003
          18          35  -8.9090226054686371E-015
          18          36   5.6980366495278274E-003
          18          37  -8.0071724230281592E-015
          18          38   3.7211357117950604E-014
          18          39   5.6980366495075424E-003
          19           1  -2.3641243586095475E-014
          19           2   1.1326666766133861E-013
          19           3   3.8753562349422552E-002
          19           4   8.1825984789979378E-014
          19           5   1.0165587989441333E-013
          19           6  -2.2677146781907564E-013
          19           7 -0.11966537555020647     
          19           8  -7.3913504440234504E-014
          19           9   1.1402510879943168E-013
          19          10   1.0185621433687437E-012
          19          11  0.19869874408662536     
          19          12   3.2469632451487273E-013
          19          13  -8.0414494507685725E-013
          19          14  -6.6590317843706955E-014
          19          15  -2.7727270309226004E-002
          19          16  -3.8963786624240981E-014
          19          17   2.5983989265787580E-014
          19          18  -1.2821121635404970E-014
          19          19   1.5602287150662336E-002
          19          20  -1.4144643843780995E-014
          19          21   2.7089224960419300E-014
          19          22   2.8462389144105745E-014
          19          23  -1.4521583317328623E-013
          19          24  -6.2186735408809884E-014
          19          25  -1.7648967180571696E-013
          19          26   6.6480646247816448E-013
          19          27  -3.2951132308404627E-014
          19          28  -2.5041301906107041E-013
          19          29   1.9722243696874719E-014
          19          30  -1.7799475384565089E-013
          19          31   5.5872498787645843E-014
          19          32  -9.1185030621345408E-014
          19          33  -3.5467586708011288E-013
          19          34  -4.2948637584001170E-014
          19          35   1.7651961476834446E-014
          19          36   4.6547575404331461E-014
          19          37  -4.7944921927235255E-014
          19          38   4.4369731443282522E-014
          19          39   4.1110425527835648E-014
          20           1   2.6969959327432328E-015
          20           2   1.0173082367336706E-014
          20           3  -6.1035788104452460E-013
          20           4   3.8753562349717996E-002
          20           5  -2.7939407514984718E-013
          20           6  -9.7896301479558283E-015
          20           7   1.2038142834999716E-012
          20           8 -0.11966537555035153     
          20           9   1.0223829161742923E-012
          20          10   1.8733132803078035E-014
          20          11  -3.7942077864977643E-013
          20          12  0.19869874408723828     
          20          13  -3.7757470761068597E-013
          20          14   3.0226603212861437E-014
          20          15   2.8589394848905965E-014
          20          16  -2.7727270309349010E-002
          20          17   6.9019551358906422E-014
          20          18  -4.0866983344067950E-015
          20          19  -1.4144643843780995E-014
          20          20   1.5602287150735172E-002
          20          21  -5.3707147236459278E-014
          20          22   4.1607453794541919E-014
          20          23  -1.3128597411880146E-013
          20          24  -5.5451865114924007E-014
          20          25  -8.6644638063556777E-014
          20          26   3.8633985115739760E-013
          20          27   1.0621113093082594E-014
          20          28  -4.7617790338532889E-016
          20          29  -5.5955420340754107E-015
          20          30  -5.3253454908008308E-014
          20          31  -8.0706658041392043E-015
          20          32  -1.8444510922785907E-014
          20          33   3.2439374968193239E-014
          20          34   1.8323016932922322E-014
          20          35  -1.3295525524903473E-014
          20          36  -9.3456635266648119E-015
          20          37   1.2011433381138119E-014
          20          38   6.6571004474610839E-016
          20          39  -3.2401223127240888E-015
          21           1  -4.7068970200233172E-014
          21           2   2.0945292768608348E-013
          21           3   7.2036560744281987E-014
          21           4  -7.0173250890648336E-014
