           1           1   2.1653179320233553     
           1           2 -0.64154406077601189     
           1           3  -4.0078823960545931E-012
           1           4   4.6510997950013382E-011
           1           5   6.7934290525181313E-011
           1           6  0.39648983203553495     
           1           7   1.4507776186578656E-011
           1           8  -1.1546402248794569E-010
           1           9  -1.7372040652428541E-010
           1          10  -3.0207334370397833E-002
           1          11  -8.9395006517410439E-011
           1          12   2.7945067968985057E-011
           1          13   1.4953045793105318E-011
           1          14  -5.3522643027399241E-003
           1          15   3.2042844517943122E-011
           1          16  -6.7322665839324508E-012
           1          17   1.7967930737411804E-011
           1          18  -7.5021284071635969E-002
           1          19   4.1705165396414082E-006
           1          20  -7.6324787198327276E-002
           1          21  -4.6324946951017102E-007
           1          22  -1.2640685686752283E-009
           1          23  -7.6324797168411479E-002
           1          24  -1.7225111752387261E-002
           1          25  -2.4953117453496025E-006
           1          26  -1.6445352575120118E-002
           1          27   2.7768772913260445E-007
           1          28   7.5754941668073538E-010
           1          29  -1.6445346614591450E-002
           2           1 -0.64154406077601189     
           2           2   2.5288094296343582     
           2           3   1.6437578097832830E-011
           2           4  -1.9539662558814643E-010
           2           5  -3.0033388277752790E-010
           2           6 -0.78522294286711858     
           2           7  -5.9769577848792954E-011
           2           8   4.7988440731545460E-010
           2           9   7.7443198827126165E-010
           2          10  0.16934420448227269     
           2          11   3.6352707761589337E-010
           2          12  -1.0166955601356148E-010
           2          13  -6.6527561562066314E-011
           2          14  -3.0836426345686237E-002
           2          15  -1.3489234477959955E-010
           2          16   3.1826205359260239E-011
           2          17  -1.7813717051168832E-011
           2          18  -6.8287254423829713E-002
           2          19  -1.6885082866204362E-005
           2          20  -6.3009823080972124E-002
           2          21   1.8758325701842575E-006
           2          22   5.1184258894230888E-009
           2          23  -6.3009782709172332E-002
           2          24  -1.0611158615439091E-002
           2          25   1.0244738947219382E-005
           2          26  -1.3812568505049160E-002
           2          27  -1.1400984984713909E-006
           2          28  -3.1091141192804170E-009
           2          29  -1.3812592975649580E-002
           3           1  -4.0078823960545931E-012
           3           2   1.6437578097832830E-011
           3           3   2.2627032002695220     
           3           4   1.3041236143641171E-007
           3           5  -2.0119696001841893E-008
           3           6  -7.1206032934186250E-011
           3           7 -0.76220146803113031     
           3           8  -3.7074698383260456E-007
           3           9   5.5963683390004779E-008
           3          10   1.1728012639229073E-010
           3          11  -6.9359421768115867E-002
           3          12   4.9545359915595080E-006
           3          13  -5.4122196861039446E-007
           3          14  -8.2099105668310908E-011
           3          15   4.5909102073728815E-002
           3          16  -1.5049518381383654E-006
           3          17   1.6184687313939692E-007
           3          18  -7.1383887458926749E-011
           3          19   2.9142967969929700E-011
           3          20   3.5638858441314853E-011
           3          21  -1.3105967277767787E-011
           3          22   2.3425785872119506E-011
           3          23   6.3596784377117700E-011
           3          24  -3.1230944456554042E-012
           3          25   2.6216140048478938E-011
           3          26  -3.2486434592796810E-012
           3          27  -1.4520245506800134E-011
           3          28   2.2172992512719270E-011
           3          29   8.6090052433365611E-011
           4           1   4.6510997950013382E-011
           4           2  -1.9539662558814643E-010
           4           3   1.3041236143641171E-007
           4           4   2.2626553050280398     
           4           5  -1.1475729818925531E-010
           4           6   2.8794506524819700E-010
           4           7  -3.7073754788934441E-007
           4           8 -0.76206510639063296     
           4           9   3.2776040134504824E-010
           4          10  -2.3562357158680413E-010
           4          11   4.9543533513583875E-006
           4          12  -7.1148531469869269E-002
           4          13  -1.3759985238158398E-009
           4          14   5.1535763984601309E-010
           4          15  -1.5048511480263766E-006
           4          16   4.6452864525888198E-002
           4          17   5.2637507187488319E-010
           4          18  -1.9597610361209055E-010
           4          19  -1.0859468140098189E-011
           4          20  -1.1203563625630522E-010
           4          21  -1.0428297130125372E-010
           4          22   1.0050998270607267E-010
           4          23   5.4993581123676386E-010
           4          24   1.6657861073959810E-010
           4          25  -2.4855140814955107E-010
           4          26  -2.6408591645508314E-010
           4          27   2.7349584564514725E-010
           4          28   1.5315145828130876E-011
           4          29  -6.9238953856737192E-010
           5           1   6.7934290525181313E-011
           5           2  -3.0033388277752790E-010
           5           3  -2.0119696001841893E-008
           5           4  -1.1475729818925531E-010
           5           5   2.2626553049847349     
           5           6   5.7470632770703194E-010
           5           7   5.5914103544306691E-008
           5           8   1.3811980119313325E-010
           5           9 -0.76206510609336153     
           5          10  -1.7892379294937193E-009
           5          11  -5.4130583825296894E-007
           5          12  -1.0864490298792177E-009
           5          13  -7.1148544351549520E-002
           5          14   1.8749295602156418E-009
           5          15   1.6196358143753881E-007
           5          16  -1.1071758949618226E-009
           5          17   4.6452869203567615E-002
           5          18  -1.5189226319619370E-010
           5          19   6.8935857171866689E-010
           5          20   7.1258628085534310E-010
           5          21   4.2390516570118840E-010
           5          22   8.4012011012405777E-011
           5          23  -5.1807547092055185E-010
           5          24  -2.4842116808817146E-010
           5          25   9.9585338927862813E-011
           5          26   6.1554171306355903E-010
           5          27   2.4492950314836103E-010
           5          28  -2.4099739150044101E-010
           5          29  -7.0197735241447090E-010
           6           1  0.39648983203553495     
           6           2 -0.78522294286711858     
           6           3  -7.1206032934186250E-011
           6           4   2.8794506524819700E-010
           6           5   5.7470632770703194E-010
           6           6   1.9287478494711308     
           6           7   1.7701210274199283E-010
           6           8  -1.0986646390522049E-009
           6           9  -1.4684912933348695E-009
           6          10 -0.36306787397371476     
           6          11  -9.4081672426524778E-010
           6          12   2.3548825995555324E-010
           6          13   1.8682494172208500E-010
           6          14 -0.13562810444401110     
           6          15   2.9788066570583924E-010
           6          16   1.6296672103705187E-012
           6          17   3.3776201979827152E-010
           6          18  0.11087323834234189     
           6          19   4.3381129975769463E-005
           6          20   9.7314758284951619E-002
           6          21  -4.8195043850555555E-006
           6          22  -1.3160908301755201E-008
           6          23   9.7314654632471270E-002
           6          24  -6.3353892906500092E-002
           6          25  -3.8307738756911708E-005
           6          26  -5.1382445034690666E-002
           6          27   4.2649061678614745E-006
           6          28   1.1609396760910153E-008
           6          29  -5.1382353435291010E-002
           7           1   1.4507776186578656E-011
           7           2  -5.9769577848792954E-011
           7           3 -0.76220146803113031     
           7           4  -3.7073754788934441E-007
           7           5   5.5914103544306691E-008
           7           6   1.7701210274199283E-010
           7           7   2.2132625861651842     
           7           8   9.7659683395517105E-007
           7           9  -1.4588031568589870E-007
           7          10  -3.8267527912956118E-010
           7          11  0.14772084449756723     
           7          12  -1.1492141504434121E-005
           7          13   1.2526842637227314E-006
           7          14   2.5157642374959441E-010
           7          15 -0.10422962818906192     
           7          16   2.6771906978823085E-006
           7          17  -2.8335043835883037E-007
           7          18   2.5278162328878617E-010
           7          19  -4.3850200599116883E-011
           7          20  -1.0594910775221768E-010
           7          21   5.5488749480973372E-013
           7          22  -6.6297764737679510E-011
           7          23  -1.7034878887827790E-010
           7          24  -6.4501430744058365E-011
           7          25  -9.9616599610606539E-011
           7          26   5.1896104224829574E-011
           7          27   6.4999924221958295E-011
           7          28  -6.3798858420481175E-011
           7          29  -2.1941968982116755E-010
           8           1  -1.1546402248794569E-010
           8           2   4.7988440731545460E-010
           8           3  -3.7074698383260456E-007
           8           4 -0.76206510639063296     
           8           5   1.3811980119313325E-010
           8           6  -1.0986646390522049E-009
           8           7   9.7659683395517105E-007
           8           8   2.2129034392170852     
           8           9  -4.1446028043891386E-010
           8          10   6.2055506655850631E-010
           8          11  -1.1491678671677537E-005
           8          12  0.15187088569888760     
           8          13   3.2263935985759192E-009
           8          14  -1.3441205820615936E-009
           8          15   2.6769416598867132E-006
           8          16 -0.10519738180529253     
           8          17  -1.0437896147474409E-009
           8          18   6.5063722344943080E-010
           8          19   7.1469638720945985E-011
           8          20   4.4767092262709236E-010
           8          21   2.4597170391831636E-010
           8          22  -3.1301742447266349E-010
           8          23  -1.2946806835739495E-009
           8          24  -3.7383886321738446E-010
           8          25   5.5400639734769171E-010
           8          26   7.1070642127551229E-010
           8          27  -6.8174005743566072E-010
           8          28  -2.8018334067808498E-012
           8          29   1.8368407961265900E-009
           9           1  -1.7372040652428541E-010
           9           2   7.7443198827126165E-010
           9           3   5.5963683390004779E-008
           9           4   3.2776040134504824E-010
           9           5 -0.76206510609336153     
           9           6  -1.4684912933348695E-009
           9           7  -1.4588031568589870E-007
           9           8  -4.1446028043891386E-010
           9           9   2.2129034381483637     
           9          10   4.6435687774997145E-009
           9          11   1.2529456584262432E-006
           9          12   2.3993173868081624E-009
           9          13  0.15187091538688036     
           9          14  -4.8552812147090205E-009
           9          15  -2.8368808472900092E-007
           9          16   3.2421463842904568E-009
           9          17 -0.10519739058095298     
           9          18   3.8778942928264799E-010
           9          19  -1.7443542313624853E-009
           9          20  -1.8296000994933484E-009
           9          21  -1.0649865582547718E-009
           9          22  -2.2329257068859253E-010
           9          23   1.2655848988067128E-009
           9          24   6.2993505105062802E-010
           9          25  -2.9132995830561233E-010
           9          26  -1.6037112686652877E-009
           9          27  -6.8065146896869464E-010
           9          28   6.2235613887217809E-010
           9          29   1.8651685305191782E-009
          10           1  -3.0207334370397833E-002
          10           2  0.16934420448227269     
          10           3   1.1728012639229073E-010
          10           4  -2.3562357158680413E-010
          10           5  -1.7892379294937193E-009
          10           6 -0.36306787397371476     
          10           7  -3.8267527912956118E-010
          10           8   6.2055506655850631E-010
          10           9   4.6435687774997145E-009
          10          10   1.1341724003609857     
          10          11   2.1258086281777621E-009
          10          12  -1.8419208491822272E-010
          10          13  -7.0648582828061012E-010
          10          14 -0.92328375861475864     
          10          15  -9.6042785518926246E-010
          10          16   9.7750256378374686E-011
          10          17   1.2650922178991550E-009
          10          18  -5.3635091209694183E-003
          10          19  -2.3322572131657508E-005
          10          20   1.9250705286339175E-003
          10          21   2.5964667196745602E-006
          10          22   7.0707110588076196E-009
          10          23   1.9251264015360489E-003
          10          24  0.22242925017334830     
          10          25   6.3263512551914588E-005
          10          26  0.20265790862205527     
          10          27  -7.0334802205346924E-006
          10          28  -1.9211586593169620E-008
          10          29  0.20265775774238221     
          11           1  -8.9395006517410439E-011
          11           2   3.6352707761589337E-010
          11           3  -6.9359421768115867E-002
          11           4   4.9543533513583875E-006
          11           5  -5.4130583825296894E-007
          11           6  -9.4081672426524778E-010
          11           7  0.14772084449756723     
          11           8  -1.1491678671677537E-005
          11           9   1.2529456584262432E-006
          11          10   2.1258086281777621E-009
          11          11  0.10061428076143306     
          11          12  -1.2119732208162317E-006
          11          13   1.3101174237418112E-007
          11          14  -1.1442702855450226E-009
          11          15 -0.34128471468873073     
          11          16   1.2777319453043230E-005
          11          17  -1.4199578288634286E-006
          11          18  -1.8452146748160960E-010
          11          19  -2.5706103552716908E-010
          11          20   5.8697860141647966E-011
          11          21   1.3156980443022471E-010
          11          22   4.8176745829795625E-011
          11          23   1.1132605953228940E-010
          11          24   3.3888381073848967E-010
          11          25  -1.8930090032482779E-010
          11          26   4.5323591788536079E-010
          11          27   9.4111121884942421E-011
          11          28   3.4550609407393278E-011
          11          29   4.9373597605374678E-010
          12           1   2.7945067968985057E-011
          12           2  -1.0166955601356148E-010
          12           3   4.9545359915595080E-006
          12           4  -7.1148531469869269E-002
          12           5  -1.0864490298792177E-009
          12           6   2.3548825995555324E-010
          12           7  -1.1492141504434121E-005
          12           8  0.15187088569888760     
          12           9   2.3993173868081624E-009
          12          10  -1.8419208491822272E-010
          12          11  -1.2119732208162317E-006
          12          12  0.10105286151938724     
          12          13   1.5294254624924526E-010
          12          14  -4.3178591925258481E-011
          12          15   1.2777307065025631E-005
          12          16 -0.34589686057804608     
          12          17  -3.6652247866426322E-009
          12          18  -1.6855674563552921E-010
          12          19   3.3338640129361868E-010
          12          20  -7.3395278197765715E-011
          12          21  -1.3959950979832502E-010
          12          22   4.1155744169396381E-011
          12          23   2.6257179718801012E-010
          12          24  -1.8726623436051814E-010
          12          25   2.2757977828453629E-010
          12          26  -1.1531548751072085E-010
          12          27  -1.2688849318090188E-010
          12          28  -1.0554929317686747E-011
          12          29   1.2952031230331315E-010
          13           1   1.4953045793105318E-011
          13           2  -6.6527561562066314E-011
          13           3  -5.4122196861039446E-007
          13           4  -1.3759985238158398E-009
          13           5  -7.1148544351549520E-002
          13           6   1.8682494172208500E-010
          13           7   1.2526842637227314E-006
          13           8   3.2263935985759192E-009
          13           9  0.15187091538688036     
          13          10  -7.0648582828061012E-010
          13          11   1.3101174237418112E-007
          13          12   1.5294254624924526E-010
          13          13  0.10105286404420352     
          13          14   6.2312124945682678E-010
          13          15  -1.4200425237595107E-006
          13          16  -3.2399970260363165E-009
          13          17 -0.34589689570569859     
          13          18  -7.6514336672074888E-011
          13          19  -8.0931412748425328E-011
          13          20  -2.9564039287314962E-010
          13          21  -2.3777234128564922E-010
          13          22   2.2020041976485213E-010
          13          23   3.6532741770251800E-010
          13          24  -1.9051454181151425E-010
          13          25   1.3608819731691867E-011
          13          26  -4.9609300617889671E-010
          13          27  -1.1422097811743556E-010
          13          28   1.9243432568459050E-010
          13          29   3.2715400033340883E-011
          14           1  -5.3522643027399241E-003
          14           2  -3.0836426345686237E-002
          14           3  -8.2099105668310908E-011
          14           4   5.1535763984601309E-010
          14           5   1.8749295602156418E-009
          14           6 -0.13562810444401110     
          14           7   2.5157642374959441E-010
          14           8  -1.3441205820615936E-009
          14           9  -4.8552812147090205E-009
          14          10 -0.92328375861475864     
          14          11  -1.1442702855450226E-009
          14          12  -4.3178591925258481E-011
          14          13   6.2312124945682678E-010
          14          14   2.0233705630321670     
          14          15   6.6543690514918440E-010
          14          16  -4.8379961055407457E-010
          14          17  -2.9881454959289120E-009
          14          18   8.3543132440608032E-003
          14          19   1.1930676140843051E-005
          14          20   4.6258888496829818E-003
          14          21  -1.3275281569344369E-006
          14          22  -3.6525481386381188E-009
          14          23   4.6258600928811306E-003
          14          24  -7.1719675999764476E-002
          14          25  -7.1067241525451568E-006
          14          26  -6.9498497317223878E-002
          14          27   7.8907329279319584E-007
          14          28   2.1382327633607970E-009
          14          29  -6.9498480619350600E-002
          15           1   3.2042844517943122E-011
          15           2  -1.3489234477959955E-010
          15           3   4.5909102073728815E-002
          15           4  -1.5048511480263766E-006
          15           5   1.6196358143753881E-007
          15           6   2.9788066570583924E-010
          15           7 -0.10422962818906192     
          15           8   2.6769416598867132E-006
          15           9  -2.8368808472900092E-007
          15          10  -9.6042785518926246E-010
          15          11 -0.34128471468873073     
          15          12   1.2777307065025631E-005
          15          13  -1.4200425237595107E-006
          15          14   6.6543690514918440E-010
          15          15   1.4053902441866060     
          15          16  -1.4552607952539074E-005
          15          17   1.6185452082940148E-006
          15          18   9.7755914050549227E-011
          15          19   9.2767583202464928E-011
          15          20  -2.9893989911558478E-011
          15          21  -7.8813678690179522E-011
          15          22  -1.9001485846001618E-011
          15          23  -4.0078510261420860E-011
          15          24  -9.6154360672339144E-011
          15          25   7.1656348712433213E-011
          15          26  -1.5350514302311462E-010
          15          27  -6.4964444699429993E-011
          15          28  -1.2200025094538558E-011
          15          29  -1.5737871417017349E-010
          16           1  -6.7322665839324508E-012
          16           2   3.1826205359260239E-011
          16           3  -1.5049518381383654E-006
          16           4   4.6452864525888198E-002
          16           5  -1.1071758949618226E-009
          16           6   1.6296672103705187E-012
          16           7   2.6771906978823085E-006
          16           8 -0.10519738180529253     
          16           9   3.2421463842904568E-009
          16          10   9.7750256378374686E-011
          16          11   1.2777319453043230E-005
          16          12 -0.34589686057804608     
          16          13  -3.2399970260363165E-009
          16          14  -4.8379961055407457E-010
          16          15  -1.4552607952539074E-005
          16          16   1.4106428272812364     
          16          17   4.0415623953728304E-009
          16          18   9.0769513703263073E-011
          16          19  -1.8803448093131223E-010
          16          20   3.4550114102689071E-012
          16          21   9.4722324762514173E-011
          16          22   2.0017938991907762E-012
          16          23  -1.1594391696042302E-010
          16          24   7.9857510367112171E-011
          16          25  -1.4342062319318078E-010
          16          26   1.2105187622460298E-011
          16          27   9.0142648734783958E-011
          16          28   2.7005535200825442E-011
          16          29  -7.1928405609785780E-011
          17           1   1.7967930737411804E-011
          17           2  -1.7813717051168832E-011
          17           3   1.6184687313939692E-007
          17           4   5.2637507187488319E-010
          17           5   4.6452869203567615E-002
          17           6   3.3776201979827152E-010
          17           7  -2.8335043835883037E-007
          17           8  -1.0437896147474409E-009
          17           9 -0.10519739058095298     
          17          10   1.2650922178991550E-009
          17          11  -1.4199578288634286E-006
          17          12  -3.6652247866426322E-009
          17          13 -0.34589689570569859     
          17          14  -2.9881454959289120E-009
          17          15   1.6185452082940148E-006
          17          16   4.0415623953728304E-009
          17          17   1.4106428675149632     
          17          18   3.3104600214350253E-011
          17          19   4.1513671418794158E-011
          17          20   1.3825002174678597E-010
          17          21   1.6338452007249732E-010
          17          22  -1.5489035776946193E-010
          17          23  -2.0308946415387247E-010
          17          24   8.1528464662563651E-011
          17          25  -2.7616776224239433E-011
          17          26   2.4438978863253698E-010
          17          27   8.7446320044232954E-011
          17          28  -1.4551855914592963E-010
          17          29  -5.9889280476574446E-011
          18           1  -7.5021284071635969E-002
          18           2  -6.8287254423829713E-002
          18           3  -7.1383887458926749E-011
          18           4  -1.9597610361209055E-010
          18           5  -1.5189226319619370E-010
          18           6  0.11087323834234189     
          18           7   2.5278162328878617E-010
          18           8   6.5063722344943080E-010
          18           9   3.8778942928264799E-010
          18          10  -5.3635091209694183E-003
          18          11  -1.8452146748160960E-010
          18          12  -1.6855674563552921E-010
          18          13  -7.6514336672074888E-011
          18          14   8.3543132440608032E-003
          18          15   9.7755914050549227E-011
          18          16   9.0769513703263073E-011
          18          17   3.3104600214350253E-011
          18          18  0.50310573650913393     
          18          19   4.8156172278341526E-005
          18          20 -0.23130358829505990     
          18          21  -5.3611005137902740E-006
          18          22  -6.0167413709643745E-009
          18          23 -0.23130363228032402     
          18          24  0.34417923831988884     
          18          25  -9.6827155405892873E-006
          18          26 -0.17372403054579036     
          18          27   1.0778185953707174E-006
          18          28   1.1499152801866260E-009
          18          29 -0.17372402228658423     
          19           1   4.1705165396414082E-006
          19           2  -1.6885082866204362E-005
          19           3   2.9142967969929700E-011
          19           4  -1.0859468140098189E-011
          19           5   6.8935857171866689E-010
          19           6   4.3381129975769463E-005
          19           7  -4.3850200599116883E-011
          19           8   7.1469638720945985E-011
          19           9  -1.7443542313624853E-009
          19          10  -2.3322572131657508E-005
          19          11  -2.5706103552716908E-010
          19          12   3.3338640129361868E-010
          19          13  -8.0931412748425328E-011
          19          14   1.1930676140843051E-005
          19          15   9.2767583202464928E-011
          19          16  -1.8803448093131223E-010
          19          17   4.1513671418794158E-011
          19          18   4.8156172278341526E-005
          19          19  0.47957264810565392     
          19          20  -3.5539454385009656E-006
          19          21  -2.3542234256681445E-008
          19          22  -1.8798284846385542E-006
          19          23  -3.2811013535381124E-005
          19          24  -3.3887634605202978E-005
          19          25  0.34728624684949233     
          19          26  -2.1405846911085830E-005
          19          27   5.5328917635731927E-009
          19          28   3.9266308084919095E-007
          19          29  -1.5293067695412729E-005
          20           1  -7.6324787198327276E-002
          20           2  -6.3009823080972124E-002
          20           3   3.5638858441314853E-011
          20           4  -1.1203563625630522E-010
          20           5   7.1258628085534310E-010
          20           6   9.7314758284951619E-002
          20           7  -1.0594910775221768E-010
          20           8   4.4767092262709236E-010
          20           9  -1.8296000994933484E-009
          20          10   1.9250705286339175E-003
          20          11   5.8697860141647966E-011
          20          12  -7.3395278197765715E-011
          20          13  -2.9564039287314962E-010
          20          14   4.6258888496829818E-003
          20          15  -2.9893989911558478E-011
          20          16   3.4550114102689071E-012
          20          17   1.3825002174678597E-010
          20          18 -0.23130358829505990     
          20          19  -3.5539454385009656E-006
          20          20  0.48916601926075054     
          20          21   3.6521242173435098E-006
          20          22   1.2259488859639369E-009
          20          23 -0.22104916574532743     
          20          24 -0.16615939569278837     
          20          25   2.7991462091495897E-006
          20          26  0.35389512356315544     
          20          27  -9.9209270633740457E-007
          20          28  -8.4908701547840896E-010
          20          29 -0.16894464890068439     
          21           1  -4.6324946951017102E-007
          21           2   1.8758325701842575E-006
          21           3  -1.3105967277767787E-011
          21           4  -1.0428297130125372E-010
          21           5   4.2390516570118840E-010
          21           6  -4.8195043850555555E-006
          21           7   5.5488749480973372E-013
          21           8   2.4597170391831636E-010
          21           9  -1.0649865582547718E-009
          21          10   2.5964667196745602E-006
          21          11   1.3156980443022471E-010
          21          12  -1.3959950979832502E-010
          21          13  -2.3777234128564922E-010
          21          14  -1.3275281569344369E-006
          21          15  -7.8813678690179522E-011
          21          16   9.4722324762514173E-011
          21          17   1.6338452007249732E-010
          21          18  -5.3611005137902740E-006
          21          19  -2.3542234256681445E-008
          21          20   3.6521242173435098E-006
          21          21  0.47957243799594174     
          21          22   1.6891481803702059E-005
          21          23   3.9641317521063546E-007
          21          24   3.7684691792188933E-006
          21          25   5.4990473401812788E-009
          21          26   1.6986953099362500E-006
          21          27  0.34728629605234729     
          21          28  -3.5290709180386696E-006
          21          29   2.3788576358776099E-006
          22           1  -1.2640685686752283E-009
          22           2   5.1184258894230888E-009
          22           3   2.3425785872119506E-011
          22           4   1.0050998270607267E-010
          22           5   8.4012011012405777E-011
          22           6  -1.3160908301755201E-008
          22           7  -6.6297764737679510E-011
          22           8  -3.1301742447266349E-010
          22           9  -2.2329257068859253E-010
          22          10   7.0707110588076196E-009
          22          11   4.8176745829795625E-011
          22          12   4.1155744169396381E-011
          22          13   2.2020041976485213E-010
          22          14  -3.6525481386381188E-009
          22          15  -1.9001485846001618E-011
          22          16   2.0017938991907762E-012
          22          17  -1.5489035776946193E-010
          22          18  -6.0167413709643745E-009
          22          19  -1.8798284846385542E-006
          22          20   1.2259488859639369E-009
          22          21   1.6891481803702059E-005
          22          22  0.47347679525222069     
          22          23   1.2263186510570019E-009
          22          24   8.5166252973496380E-009
          22          25   3.9264153830244505E-007
          22          26   6.4552913268390594E-009
          22          27  -3.5290447592627262E-006
          22          28  0.34855984393632267     
          22          29   6.5173188481335948E-009
          23           1  -7.6324797168411479E-002
          23           2  -6.3009782709172332E-002
          23           3   6.3596784377117700E-011
          23           4   5.4993581123676386E-010
          23           5  -5.1807547092055185E-010
          23           6   9.7314654632471270E-002
          23           7  -1.7034878887827790E-010
          23           8  -1.2946806835739495E-009
          23           9   1.2655848988067128E-009
          23          10   1.9251264015360489E-003
          23          11   1.1132605953228940E-010
          23          12   2.6257179718801012E-010
          23          13   3.6532741770251800E-010
          23          14   4.6258600928811306E-003
          23          15  -4.0078510261420860E-011
          23          16  -1.1594391696042302E-010
          23          17  -2.0308946415387247E-010
          23          18 -0.23130363228032402     
          23          19  -3.2811013535381124E-005
          23          20 -0.22104916574532743     
          23          21   3.9641317521063546E-007
          23          22   1.2263186510570019E-009
          23          23  0.48916603500388900     
          23          24 -0.16615932965394942     
          23          25   8.9118710233878409E-006
          23          26 -0.16894459111444254     
          23          27  -3.1196339297122070E-007
          23          28  -9.1080171504498672E-010
          23          29  0.35389516822892686     
          24           1  -1.7225111752387261E-002
          24           2  -1.0611158615439091E-002
          24           3  -3.1230944456554042E-012
          24           4   1.6657861073959810E-010
          24           5  -2.4842116808817146E-010
          24           6  -6.3353892906500092E-002
          24           7  -6.4501430744058365E-011
          24           8  -3.7383886321738446E-010
          24           9   6.2993505105062802E-010
          24          10  0.22242925017334830     
          24          11   3.3888381073848967E-010
          24          12  -1.8726623436051814E-010
          24          13  -1.9051454181151425E-010
          24          14  -7.1719675999764476E-002
          24          15  -9.6154360672339144E-011
          24          16   7.9857510367112171E-011
          24          17   8.1528464662563651E-011
          24          18  0.34417923831988884     
          24          19  -3.3887634605202978E-005
          24          20 -0.16615939569278837     
          24          21   3.7684691792188933E-006
          24          22   8.5166252973496380E-009
          24          23 -0.16615932965394942     
          24          24  0.29582545315644349     
          24          25  -3.3294253408281463E-005
          24          26  -7.1004047883607854E-002
          24          27   3.7059315205887946E-006
          24          28   2.9102099708279918E-009
          24          29  -7.1004027906267433E-002
          25           1  -2.4953117453496025E-006
          25           2   1.0244738947219382E-005
          25           3   2.6216140048478938E-011
          25           4  -2.4855140814955107E-010
          25           5   9.9585338927862813E-011
          25           6  -3.8307738756911708E-005
          25           7  -9.9616599610606539E-011
          25           8   5.5400639734769171E-010
          25           9  -2.9132995830561233E-010
          25          10   6.3263512551914588E-005
          25          11  -1.8930090032482779E-010
          25          12   2.2757977828453629E-010
          25          13   1.3608819731691867E-011
          25          14  -7.1067241525451568E-006
          25          15   7.1656348712433213E-011
          25          16  -1.4342062319318078E-010
          25          17  -2.7616776224239433E-011
          25          18  -9.6827155405892873E-006
          25          19  0.34728624684949233     
          25          20   2.7991462091495897E-006
          25          21   5.4990473401812788E-009
          25          22   3.9264153830244505E-007
          25          23   8.9118710233878409E-006
          25          24  -3.3294253408281463E-005
          25          25  0.25149003769454642     
          25          26   7.9281431746976439E-006
          25          27   1.8978880107049565E-008
          25          28   1.5755413945470476E-006
          25          29   3.2451802902276211E-005
          26           1  -1.6445352575120118E-002
          26           2  -1.3812568505049160E-002
          26           3  -3.2486434592796810E-012
          26           4  -2.6408591645508314E-010
          26           5   6.1554171306355903E-010
          26           6  -5.1382445034690666E-002
          26           7   5.1896104224829574E-011
          26           8   7.1070642127551229E-010
          26           9  -1.6037112686652877E-009
          26          10  0.20265790862205527     
          26          11   4.5323591788536079E-010
          26          12  -1.1531548751072085E-010
          26          13  -4.9609300617889671E-010
          26          14  -6.9498497317223878E-002
          26          15  -1.5350514302311462E-010
          26          16   1.2105187622460298E-011
          26          17   2.4438978863253698E-010
          26          18 -0.17372403054579036     
          26          19  -2.1405846911085830E-005
          26          20  0.35389512356315544     
          26          21   1.6986953099362500E-006
          26          22   6.4552913268390594E-009
          26          23 -0.16894459111444254     
          26          24  -7.1004047883607854E-002
          26          25   7.9281431746976439E-006
          26          26  0.30375325079960064     
          26          27  -3.6130044711807583E-006
          26          28  -2.5135170045097954E-009
          26          29  -8.1146195483816685E-002
          27           1   2.7768772913260445E-007
          27           2  -1.1400984984713909E-006
          27           3  -1.4520245506800134E-011
          27           4   2.7349584564514725E-010
          27           5   2.4492950314836103E-010
          27           6   4.2649061678614745E-006
          27           7   6.4999924221958295E-011
          27           8  -6.8174005743566072E-010
          27           9  -6.8065146896869464E-010
          27          10  -7.0334802205346924E-006
          27          11   9.4111121884942421E-011
          27          12  -1.2688849318090188E-010
          27          13  -1.1422097811743556E-010
          27          14   7.8907329279319584E-007
          27          15  -6.4964444699429993E-011
          27          16   9.0142648734783958E-011
          27          17   8.7446320044232954E-011
          27          18   1.0778185953707174E-006
          27          19   5.5328917635731927E-009
          27          20  -9.9209270633740457E-007
          27          21  0.34728629605234729     
          27          22  -3.5290447592627262E-006
          27          23  -3.1196339297122070E-007
          27          24   3.7059315205887946E-006
          27          25   1.8978880107049565E-008
          27          26  -3.6130044711807583E-006
          27          27  0.25149020710367592     
          27          28  -1.4158504695534783E-005
          27          29  -8.8413092188159811E-007
          28           1   7.5754941668073538E-010
