           1           1   2.0609047496655482     
           1           2   4.4737920527411081E-002
           1           3   2.9130619277758423E-015
           1           4  -3.6199964482676192E-015
           1           5  -3.6936624083462128E-015
           1           6 -0.45866239871555514     
           1           7  -1.4291351815693104E-015
           1           8   4.0728878698882494E-015
           1           9  -1.9583536859200221E-015
           2           1   4.4737920527411081E-002
           2           2  0.15351222604406572     
           2           3  -1.8513365431116631E-015
           2           4   2.9156566368489759E-017
           2           5   4.4506057154416185E-015
           2           6  0.41856474312300040     
           2           7  -1.3371874490619884E-015
           2           8  -2.9555329093404113E-016
           2           9   3.8962199166548164E-015
           3           1   2.9130619277758423E-015
           3           2  -1.8513365431116631E-015
           3           3  0.34006459708410608     
           3           4  -2.4391104785425031E-002
           3           5   4.9188622088385751E-002
           3           6  -1.2404430783725090E-014
           3           7  0.34746224277688526     
           3           8  -2.9480847542654568E-002
           3           9   5.9452914551351169E-002
           4           1  -3.6199964482676192E-015
           4           2   2.9156566368489759E-017
           4           3  -2.4391104785425031E-002
           4           4  0.38038711084446669     
           4           5 -0.10447560685832494     
           4           6   6.1534461183175661E-015
           4           7  -2.9480847542655300E-002
           4           8  0.39619893966550462     
           4           9 -0.12627674985665965     
           5           1  -3.6936624083462128E-015
           5           2   4.4506057154416185E-015
           5           3   4.9188622088385751E-002
           5           4 -0.10447560685832494     
           5           5  0.53927293351183092     
           5           6   7.8031818012555987E-015
           5           7   5.9452914551352168E-002
           5           8 -0.12627674985665921     
           5           9  0.58823979865705678     
           6           1 -0.45866239871555514     
           6           2  0.41856474312300040     
           6           3  -1.2404430783725090E-014
           6           4   6.1534461183175661E-015
           6           5   7.8031818012555987E-015
           6           6   1.3153247301701239     
           6           7  -1.0292917080910473E-014
           6           8   3.7845261423968622E-015
           6           9   3.9115789078031633E-015
           7           1  -1.4291351815693104E-015
           7           2  -1.3371874490619884E-015
           7           3  0.34746224277688526     
           7           4  -2.9480847542655300E-002
           7           5   5.9452914551352168E-002
           7           6  -1.0292917080910473E-014
           7           7  0.35524424955540629     
           7           8  -3.5225277353314106E-002
           7           9   7.1037489729700490E-002
           8           1   4.0728878698882494E-015
           8           2  -2.9555329093404113E-016
           8           3  -2.9480847542654568E-002
           8           4  0.39619893966550462     
           8           5 -0.12627674985665921     
           8           6   3.7845261423968622E-015
           8           7  -3.5225277353314106E-002
           8           8  0.41347743510755536     
           8           9 -0.15088214579109646     
           9           1  -1.9583536859200221E-015
           9           2   3.8962199166548164E-015
           9           3   5.9452914551351169E-002
           9           4 -0.12627674985665965     
           9           5  0.58823979865705678     
           9           6   3.9115789078031633E-015
           9           7   7.1037489729700490E-002
           9           8 -0.15088214579109646     
           9           9  0.64293802002997280     
