           1           1   2.0666806075680322     
           1           2   9.1994326854927255E-004
           1           3  -5.9853153114914978E-015
           1           4   3.6429851835656534E-015
           1           5  -9.3492033701112293E-016
           1           6 -0.43155787965145387     
           1           7  -4.5502019238947247E-015
           1           8   1.5679368480469070E-015
           1           9  -5.2289540586421266E-015
           2           1   9.1994326854927255E-004
           2           2  0.26510825181963638     
           2           3   5.4026407380168775E-015
           2           4  -4.4130861157574816E-015
           2           5   7.3600334721359292E-016
           2           6  0.48240757999146300     
           2           7   4.8777461017450920E-015
           2           8  -1.1686852333559201E-015
           2           9   5.5609587211600466E-015
           3           1  -5.9853153114914978E-015
           3           2   5.4026407380168775E-015
           3           3  0.55851351237767133     
           3           4  -7.0365616736066880E-002
           3           5   3.1225965837691036E-002
           3           6   1.6717891465876737E-014
           3           7  0.32944545227450317     
           3           8  -8.6901279283165420E-002
           3           9   3.8563953590090780E-002
           4           1   3.6429851835656534E-015
           4           2  -4.4130861157574816E-015
           4           3  -7.0365616736066880E-002
           4           4  0.73586315495041132     
           4           5  -8.9586057607846784E-002
           4           6  -1.2738938383666655E-014
           4           7  -8.6901279283165628E-002
           4           8  0.54847161213595252     
           4           9 -0.11063845345459553     
           5           1  -9.3492033701112293E-016
           5           2   7.3600334721359292E-016
           5           3   3.1225965837691036E-002
           5           4  -8.9586057607846784E-002
           5           5  0.57374236179243088     
           5           6   3.0918255192577052E-015
           5           7   3.8563953590090662E-002
           5           8 -0.11063845345459532     
           5           9  0.34825302559710036     
           6           1 -0.43155787965145387     
           6           2  0.48240757999146300     
           6           3   1.6717891465876737E-014
           6           4  -1.2738938383666655E-014
           6           5   3.0918255192577052E-015
           6           6   1.1118731178650598     
           6           7   1.6365662070763018E-014
           6           8  -2.9046932891222657E-015
           6           9   1.8228023002578775E-014
           7           1  -4.5502019238947247E-015
           7           2   4.8777461017450920E-015
           7           3  0.32944545227450317     
           7           4  -8.6901279283165628E-002
           7           5   3.8563953590090662E-002
           7           6   1.6365662070763018E-014
           7           7  0.20500387232618189     
           7           8 -0.10732276204409248     
           7           9   4.7626341623149264E-002
           8           1   1.5679368480469070E-015
           8           2  -1.1686852333559201E-015
           8           3  -8.6901279283165420E-002
           8           4  0.54847161213595252     
           8           5 -0.11063845345459532     
           8           6  -2.9046932891222657E-015
           8           7 -0.10732276204409248     
           8           8  0.47550037859332661     
           8           9 -0.13663808531912131     
           9           1  -5.2289540586421266E-015
           9           2   5.5609587211600466E-015
           9           3   3.8563953590090780E-002
           9           4 -0.11063845345459553     
           9           5  0.34825302559710036     
           9           6   1.8228023002578775E-014
           9           7   4.7626341623149264E-002
           9           8 -0.13663808531912131     
           9           9  0.22823115658457332     
