           1           1   2.1807569521898946     
           1           2 -0.68580282076051247     
           1           3  -2.5416769492769266E-010
           1           4   7.9851913391636416E-011
           1           5   3.6467556989204113E-011
           1           6  0.67317212297173801     
           1           7   6.4388757249033091E-010
           1           8  -1.9595661598634190E-010
           1           9  -8.7738244740315759E-011
           1          10  0.10817341155993024     
           1          11  -3.2842812937786466E-010
           1          12   1.3243393566107952E-010
           1          13   1.7597132019519208E-011
           1          14  -3.6932093622797212E-004
           1          15   5.7416883567960172E-011
           1          16   2.0042124424405907E-011
           1          17  -5.4614523004582593E-011
           1          18   9.4627991149736600E-003
           1          19  -3.5797241022867665E-011
           1          20  -1.0131817069787917E-011
           1          21  -6.8490210997957135E-011
           1          22 -0.18386744492004026     
           1          23   4.7346284707369290E-005
           1          24 -0.18381887936720531     
           1          25   8.1457194009527711E-005
           1          26   1.4291156812408441E-004
           1          27 -0.18367787758465964     
           1          28  -8.9101348093607272E-002
           1          29  -8.1527552445162974E-005
           1          30  -8.9184975026875057E-002
           1          31  -1.4026365268639452E-004
           1          32  -2.4608372328807084E-004
           1          33  -8.9427771161468717E-002
           1          34   1.2104260006828875E-003
           1          35  -1.8015927915341018E-004
           1          36   1.0256286500388392E-003
           1          37  -3.0996348464936568E-004
           1          38  -5.4380795937060888E-004
           1          39   4.8908156265238794E-004
           2           1 -0.68580282076051247     
           2           2   2.7865453161439655     
           2           3   8.1502417185415079E-010
           2           4  -3.0083773468265444E-010
           2           5  -9.2255878799923730E-011
           2           6  -1.1504606111042579     
           2           7  -2.0379218168245175E-009
           2           8   7.2488727013100608E-010
           2           9   2.0188434101204646E-010
           2          10  0.31110172379554313     
           2          11   1.0814189270506358E-009
           2          12  -5.8306518165059938E-010
           2          13   4.5612115375055811E-011
           2          14  -2.3417772279763025E-002
           2          15  -2.3741001190254529E-010
           2          16  -8.1640781896209643E-011
           2          17   2.3152361029801477E-010
           2          18  -3.0911196744157578E-002
           2          19   1.4646289254507311E-010
           2          20   4.1289562668788643E-011
           2          21   2.7630765557558174E-010
           2          22  -7.3070829855925779E-002
           2          23  -1.8694758984122995E-004
           2          24  -7.3262592392290993E-002
           2          25  -3.2163605955836240E-004
           2          26  -5.6428996284892856E-004
           2          27  -7.3819339804191253E-002
           2          28   6.5658460026375182E-002
           2          29   3.1762431614634805E-004
           2          30   6.5984264894668632E-002
           2          31   5.4645748841492480E-004
           2          32   9.5872405190838676E-004
           2          33   6.6930177237391281E-002
           2          34   7.4380258004441710E-003
           2          35   7.1237739349091697E-004
           2          36   8.1687436301482556E-003
           2          37   1.2256447575307384E-003
           2          38   2.1503017404993115E-003
           2          39   1.0290332308923705E-002
           3           1  -2.5416769492769266E-010
           3           2   8.1502417185415079E-010
           3           3   2.3902769185393966     
           3           4  -8.5667362128068321E-006
           3           5  -1.4713316975060245E-005
           3           6  -2.8726073494769560E-009
           3           7  -1.0799713212912798     
           3           8   3.0492297417947538E-005
           3           9   5.2403291572167133E-005
           3          10  -2.2567394880481100E-009
           3          11  0.35946282207882585     
           3          12  -6.4993358929590970E-005
           3          13  -1.1183469030347340E-004
           3          14  -2.6697926216789829E-009
           3          15   2.8893274722289222E-002
           3          16   1.2497653279857978E-004
           3          17   2.1502865761825789E-004
           3          18   4.2218468211928703E-010
           3          19  -1.2692207437011070E-002
           3          20  -5.6208463101423557E-005
           3          21  -9.6708223860841563E-005
           3          22   1.5161549733996284E-009
           3          23   8.7057523685199781E-010
           3          24   1.2925439367806134E-009
           3          25  -6.0444744362318083E-010
           3          26  -6.1288582916801292E-010
           3          27  -1.5999585884627546E-009
           3          28   1.1354104564902961E-009
           3          29   1.9748021900541398E-011
           3          30   1.9755511878403427E-009
           3          31  -1.6012711838176899E-009
           3          32   6.4198188905957333E-010
           3          33   2.2757647628970981E-009
           3          34  -3.3921999056993644E-010
           3          35  -4.4693471029990283E-010
           3          36   1.0926459642473526E-009
           3          37   2.0478365019793544E-010
           3          38   2.4095037371059856E-011
           3          39   2.4238097005848562E-010
           4           1   7.9851913391636416E-011
           4           2  -3.0083773468265444E-010
           4           3  -8.5667362128068321E-006
           4           4   2.3902666002993076     
           4           5  -2.6035811781261702E-005
           4           6   8.0784177398003597E-010
           4           7   3.0492621546305288E-005
           4           8  -1.0799348107422708     
           4           9   9.2448317280248291E-005
           4          10  -2.1356369512880668E-009
           4          11  -6.4993956548595181E-005
           4          12  0.35938592328778851     
           4          13  -1.9609697691804384E-004
           4          14  -4.6804707964836642E-010
           4          15   1.2497642265431986E-004
           4          16   2.9041306877791932E-002
           4          17   3.7725737148168806E-004
           4          18   2.9211177645907126E-010
           4          19  -5.6207911404607166E-005
           4          20  -1.2758784770429431E-002
           4          21  -1.6967212895573243E-004
           4          22  -4.1762031539409661E-010
           4          23  -3.3889993320378558E-010
           4          24  -4.5680198657681487E-010
           4          25   7.7749626525837003E-010
           4          26   2.1608779160011922E-010
           4          27   6.9543878733698178E-010
           4          28   1.8564859941807671E-009
           4          29   6.6895351152375703E-010
           4          30   6.4408815948959892E-010
           4          31   3.5896767847823087E-010
           4          32   8.5542025848494933E-011
           4          33  -5.8623760388515535E-010
           4          34   1.0252837118063894E-009
           4          35   3.8215550307158162E-010
           4          36   5.6196193570548118E-010
           4          37  -7.5228257118212711E-010
           4          38   4.8050763691941413E-010
           4          39  -8.7161138310827322E-010
           5           1   3.6467556989204113E-011
           5           2  -9.2255878799923730E-011
           5           3  -1.4713316975060245E-005
           5           4  -2.6035811781261702E-005
           5           5   2.3902370440654819     
           5           6   3.5002584095282760E-010
           5           7   5.2403447866223647E-005
           5           8   9.2448328308086642E-005
           5           9  -1.0798297307261708     
           5          10   2.5320620670537559E-009
           5          11  -1.1183513813407884E-004
           5          12  -1.9609688547170777E-004
           5          13  0.35916247253618361     
           5          14   1.4233303672485403E-009
           5          15   2.1502949396349179E-004
           5          16   3.7725661378447574E-004
           5          17   2.9471120524027949E-002
           5          18   6.0056232440997844E-013
           5          19  -9.6710217486923803E-005
           5          20  -1.6967112660692504E-004
           5          21  -1.2952094543241557E-002
           5          22   1.3881775106172995E-010
           5          23  -1.1325179616421616E-010
           5          24  -7.2538072770729148E-010
           5          25   1.2330883226899067E-010
           5          26  -3.0309067396576289E-010
           5          27   4.2198041763542485E-010
           5          28  -2.5441283405688174E-009
           5          29  -2.4255420015638480E-010
           5          30   1.5282680018104543E-010
           5          31  -4.2676143293436769E-010
           5          32   6.0663181723015681E-010
           5          33  -1.2988447933876813E-009
           5          34  -9.6536497399225516E-010
           5          35  -6.3644208605488731E-010
           5          36  -3.5202183522100342E-011
           5          37  -8.8882537255035310E-010
           5          38   3.5760310230939169E-010
           5          39   2.8063409160393166E-011
           6           1  0.67317212297173801     
           6           2  -1.1504606111042579     
           6           3  -2.8726073494769560E-009
           6           4   8.0784177398003597E-010
           6           5   3.5002584095282760E-010
           6           6   3.0902677880670417     
           6           7   8.2702006890628675E-009
           6           8  -2.8593200413635929E-009
           6           9  -9.2113181104714262E-010
           6          10 -0.93761123087202281     
           6          11  -6.0571203338251295E-009
           6          12   2.6591891597409942E-009
           6          13   2.9868150915903768E-010
           6          14   5.3107865715622357E-002
           6          15   4.0897044669210925E-010
           6          16   2.8312435420981919E-010
           6          17  -5.2723724039937763E-010
           6          18   7.3936464061426441E-002
           6          19  -2.8610634247750493E-010
           6          20  -1.3750504447750687E-010
           6          21  -6.6007598825092244E-010
           6          22  -4.7276595373786381E-002
           6          23   5.5565887341580745E-004
           6          24  -4.6706626945151805E-002
           6          25   9.5598673337231907E-004
           6          26   1.6772234084745702E-003
           6          27  -4.5051815229679798E-002
           6          28 -0.10570519379145782     
           6          29  -9.0280762394783691E-004
           6          30 -0.10663124616769909     
           6          31  -1.5532278364472317E-003
           6          32  -2.7250459007895568E-003
           6          33 -0.10931989674879521     
           6          34  -1.6306002218039534E-002
           6          35  -1.8653374155444603E-003
           6          36  -1.8219356843788677E-002
           6          37  -3.2093016742160783E-003
           6          38  -5.6304828700455252E-003
           6          39  -2.3774666211148245E-002
           7           1   6.4388757249033091E-010
           7           2  -2.0379218168245175E-009
           7           3  -1.0799713212912798     
           7           4   3.0492621546305288E-005
           7           5   5.2403447866223647E-005
           7           6   8.2702006890628675E-009
           7           7   3.0413455017816311     
           7           8  -1.0846378422910845E-004
           7           9  -1.8647885587801011E-004
           7          10   7.1211192315573056E-009
           7          11  -1.3384256576380311     
           7          12   2.3076583183358771E-004
           7          13   3.9707565096158779E-004
           7          14   7.3195515392796356E-009
           7          15  -7.4837531450944794E-002
           7          16  -4.4004584542183851E-004
           7          17  -7.5711827828949430E-004
           7          18  -2.4819027351046654E-010
           7          19   3.0899403133564585E-002
           7          20   1.9859632840700891E-004
           7          21   3.4168896348695812E-004
           7          22  -4.4893863488017218E-009
           7          23  -2.0597001897304248E-009
           7          24  -3.2164730881715839E-009
           7          25   3.3259141255889032E-010
           7          26   1.6516926327421427E-009
           7          27   3.6915262696898570E-009
           7          28  -3.3943680783865506E-009
           7          29   1.7750176415657611E-010
           7          30  -7.1647934656848477E-009
           7          31   5.6280385408646958E-009
           7          32  -2.4323845994501748E-009
           7          33  -7.3830821483542303E-009
           7          34   1.8909435457538176E-009
           7          35   1.7499204237035476E-009
           7          36  -3.1537599924370538E-009
           7          37   4.5061385101170858E-010
           7          38  -5.8491789289132380E-010
           7          39  -3.5669750838843306E-010
           8           1  -1.9595661598634190E-010
           8           2   7.2488727013100608E-010
           8           3   3.0492297417947538E-005
           8           4  -1.0799348107422708     
           8           5   9.2448328308086642E-005
           8           6  -2.8593200413635929E-009
           8           7  -1.0846378422910845E-004
           8           8   3.0412161413253025     
           8           9  -3.2831663897193476E-004
           8          10   6.7833647660491120E-009
           8          11   2.3076711026549676E-004
           8          12  -1.3381526018827219     
           8          13   6.9627900914780280E-004
           8          14   1.9525446412563264E-009
           8          15  -4.4004491287840606E-004
           8          16  -7.5358757774551574E-002
           8          17  -1.3283289767297484E-003
           8          18  -1.2029515757468084E-009
           8          19   1.9859418708157703E-004
           8          20   3.1134635381219751E-002
           8          21   5.9948462886752994E-004
           8          22   1.7184209990862370E-009
           8          23   1.3171488341772006E-009
           8          24   1.5467994651334624E-009
           8          25  -1.8119386184704036E-009
           8          26  -5.2403421741785737E-010
           8          27  -1.8459884331630168E-009
           8          28  -6.0353663008670169E-009
           8          29  -2.5225974085021746E-009
           8          30  -2.0652530725892911E-009
           8          31  -9.7711192825095913E-010
           8          32  -2.9122719216408019E-010
           8          33   2.0594329017664358E-009
           8          34  -3.7155906682633205E-009
           8          35  -1.1493731845107789E-009
           8          36  -2.1363505927289151E-009
           8          37   2.2088318800361658E-009
           8          38  -1.6336747572475510E-009
           8          39   3.0315603038154466E-009
           9           1  -8.7738244740315759E-011
           9           2   2.0188434101204646E-010
           9           3   5.2403291572167133E-005
           9           4   9.2448317280248291E-005
           9           5  -1.0798297307261708     
           9           6  -9.2113181104714262E-010
           9           7  -1.8647885587801011E-004
           9           8  -3.2831663897193476E-004
           9           9   3.0408426559658652     
           9          10  -8.0960365047358359E-009
           9          11   3.9707617081733869E-004
           9          12   6.9627870539364436E-004
           9          13  -1.3373592110729056     
           9          14  -4.4980375074236469E-009
           9          15  -7.5712079334122194E-004
           9          16  -1.3283264968741060E-003
           9          17  -7.6872127453312289E-002
           9          18  -3.1319811642671403E-010
           9          19   3.4169534481836010E-004
           9          20   5.9948132195322213E-004
           9          21   3.1817631058393726E-002
           9          22  -8.4764662180221294E-010
           9          23  -9.0490378918398899E-011
           9          24   2.2827744184336849E-009
           9          25  -4.9825356209643007E-010
           9          26   1.1183821744704693E-009
           9          27  -9.6494240677443811E-010
           9          28   8.3983935393628104E-009
           9          29   8.7147975148496404E-010
           9          30  -6.2185879773563360E-010
           9          31   1.3246223131859679E-009
           9          32  -2.0712852248637852E-009
           9          33   4.3126690844443283E-009
           9          34   3.2472572514063937E-009
           9          35   2.0927275148148756E-009
           9          36   3.4928012604672665E-011
           9          37   3.0054681808119581E-009
           9          38  -1.0859018217571053E-009
           9          39  -3.2334010322705467E-010
          10           1  0.10817341155993024     
          10           2  0.31110172379554313     
          10           3  -2.2567394880481100E-009
          10           4  -2.1356369512880668E-009
          10           5   2.5320620670537559E-009
          10           6 -0.93761123087202281     
          10           7   7.1211192315573056E-009
          10           8   6.7833647660491120E-009
          10           9  -8.0960365047358359E-009
          10          10   2.4417189440943718     
          10          11  -9.6404562021014445E-009
          10          12  -1.1169495458610911E-008
          10          13   1.2325506420150438E-008
          10          14 -0.10004808223152332     
          10          15  -1.8581750942974886E-009
          10          16  -8.0656056329423083E-010
          10          17   1.9277166785187240E-009
          10          18 -0.17507080138695758     
          10          19   1.0019795642074451E-009
          10          20   3.8612420726572077E-010
          10          21   1.2022348072186309E-009
          10          22  -1.9378168975882279E-002
          10          23  -2.8713222608484543E-003
          10          24  -2.2323425022854192E-002
          10          25  -4.9400094003314871E-003
          10          26  -8.6669503104536798E-003
          10          27  -3.0874470942847093E-002
          10          28   3.3684746038768285E-003
          10          29   4.7115915222375191E-003
          10          30   8.2013489700153465E-003
          10          31   8.1061252617868288E-003
          10          32   1.4221668728611914E-002
          10          33   2.2232933177085461E-002
          10          34   1.1594328110984101E-002
          10          35   5.7135117480065492E-003
          10          36   1.7454915524221019E-002
          10          37   9.8300293392648858E-003
          10          38   1.7246083024024028E-002
          10          39   3.4470604995002853E-002
          11           1  -3.2842812937786466E-010
          11           2   1.0814189270506358E-009
          11           3  0.35946282207882585     
          11           4  -6.4993956548595181E-005
          11           5  -1.1183513813407884E-004
          11           6  -6.0571203338251295E-009
          11           7  -1.3384256576380311     
          11           8   2.3076711026549676E-004
          11           9   3.9707617081733869E-004
          11          10  -9.6404562021014445E-009
          11          11   2.5535820664728899     
          11          12  -4.8731714669515274E-004
          11          13  -8.3849649052475741E-004
          11          14  -6.0594182896516248E-009
          11          15  0.13154415787043899     
          11          16   8.6636524560260619E-004
          11          17   1.4906068739026625E-003
          11          18  -4.4597372847837609E-009
          11          19  -5.3842939319734523E-002
          11          20  -3.9430893871852685E-004
          11          21  -6.7841123617463385E-004
          11          22   4.3593344978071685E-009
          11          23   1.0924409566851730E-010
          11          24  -6.1214064832101001E-010
          11          25   7.0158943855387695E-009
          11          26  -1.3653314368682184E-009
          11          27  -8.4989476296957484E-010
          11          28   3.4103560336296703E-009
          11          29  -1.2167989265580483E-009
          11          30   1.4858170828031751E-008
          11          31  -1.1040900084409689E-008
          11          32   5.7413862472448754E-009
          11          33   1.1501415884765704E-008
          11          34  -6.1130387571790391E-009
          11          35  -4.1268231902413948E-009
          11          36   3.3586319583602981E-009
          11          37  -5.6195424821570770E-009
          11          38   3.0999972904635865E-009
          11          39  -1.5309676334219996E-009
          12           1   1.3243393566107952E-010
          12           2  -5.8306518165059938E-010
          12           3  -6.4993358929590970E-005
          12           4  0.35938592328778851     
          12           5  -1.9609688547170777E-004
          12           6   2.6591891597409942E-009
          12           7   2.3076583183358771E-004
          12           8  -1.3381526018827219     
          12           9   6.9627870539364436E-004
          12          10  -1.1169495458610911E-008
          12          11  -4.8731714669515274E-004
          12          12   2.5530053365796195     
          12          13  -1.4704649554155042E-003
          12          14  -4.9112802259659125E-009
          12          15   8.6636105155315753E-004
          12          16  0.13257035447239765     
          12          17   2.6152058874711480E-003
          12          18   3.0405156273327511E-009
          12          19  -3.9430386553158774E-004
          12          20  -5.4309989548824808E-002
          12          21  -1.1902545112387757E-003
          12          22  -3.0087563380801929E-009
          12          23  -3.0813723007390983E-009
          12          24  -1.5862202255978843E-009
          12          25  -3.5056619576928647E-010
          12          26  -1.5766462518751818E-010
          12          27   3.0971758081035577E-009
          12          28   1.0680473926533422E-008
          12          29   5.7359276254357345E-009
          12          30   4.3531472198524736E-009
          12          31   1.4039998460915582E-009
          12          32   1.0468703581688972E-009
          12          33  -4.9607372927489607E-009
          12          34   7.7546529558894796E-009
          12          35   2.5326352533738917E-009
          12          36   5.6331843634799502E-009
          12          37  -2.4163413137322788E-009
          12          38   3.2482452392220359E-009
          12          39  -6.7821689053965793E-009
          13           1   1.7597132019519208E-011
          13           2   4.5612115375055811E-011
          13           3  -1.1183469030347340E-004
          13           4  -1.9609697691804384E-004
          13           5  0.35916247253618361     
          13           6   2.9868150915903768E-010
          13           7   3.9707565096158779E-004
          13           8   6.9627900914780280E-004
          13           9  -1.3373592110729056     
          13          10   1.2325506420150438E-008
          13          11  -8.3849649052475741E-004
          13          12  -1.4704649554155042E-003
          13          13   2.5513298479507913     
          13          14   6.8050970809446678E-009
          13          15   1.4906098363996283E-003
          13          16   2.6152018359652997E-003
          13          17  0.13554983391391140     
          13          18   2.0073248017524553E-009
          13          19  -6.7842101863533017E-004
          13          20  -1.1902489682121195E-003
          13          21  -5.5666035630640695E-002
          13          22   2.7438744091017178E-009
          13          23   1.5985194380275985E-009
          13          24  -3.1727764577565417E-009
          13          25   5.0067956688737449E-010
          13          26  -2.0850703596888275E-009
          13          27   3.4618404785050199E-010
          13          28  -1.3988142026510559E-008
          13          29  -1.5046055219500491E-009
          13          30   1.4798738995781236E-009
          13          31  -1.8759488564480106E-009
          13          32   3.3935853343707022E-009
          13          33  -7.3037632348777481E-009
          13          34  -5.5108469246628942E-009
          13          35  -3.3777432530266276E-009
          13          36   2.8874967902771297E-010
          13          37  -4.6616535180839899E-009
          13          38   1.4249273302384998E-009
          13          39   1.3003554063760678E-009
          14           1  -3.6932093622797212E-004
          14           2  -2.3417772279763025E-002
          14           3  -2.6697926216789829E-009
          14           4  -4.6804707964836642E-010
          14           5   1.4233303672485403E-009
          14           6   5.3107865715622357E-002
          14           7   7.3195515392796356E-009
          14           8   1.9525446412563264E-009
          14           9  -4.4980375074236469E-009
          14          10 -0.10004808223152332     
          14          11  -6.0594182896516248E-009
          14          12  -4.9112802259659125E-009
          14          13   6.8050970809446678E-009
          14          14  0.21111739877800853     
          14          15   2.1821073859933026E-010
          14          16  -8.7468882013340182E-010
          14          17  -2.0264176264358563E-009
          14          18  0.30468670242548468     
          14          19  -3.8075052044576980E-010
          14          20   3.4177784443224075E-010
          14          21  -2.6763719096989455E-009
          14          22  -1.2409876591666000E-003
          14          23   1.3089379914245287E-003
          14          24   1.0165505689434132E-004
          14          25   2.2519916144505487E-003
          14          26   3.9509716248040151E-003
          14          27   3.9999886218291909E-003
          14          28  -4.7704586747015299E-003
          14          29  -3.0140813779639818E-003
          14          30  -7.8621524344991128E-003
          14          31  -5.1856393202963248E-003
          14          32  -9.0978711859803964E-003
          14          33  -1.6838825031366585E-002
          14          34  -8.0157299010858146E-003
          14          35  -2.7035203405968680E-003
          14          36  -1.0788873295913168E-002
          14          37  -4.6513673806702809E-003
          14          38  -8.1604906978249344E-003
          14          39  -1.8840565315700657E-002
          15           1   5.7416883567960172E-011
          15           2  -2.3741001190254529E-010
          15           3   2.8893274722289222E-002
          15           4   1.2497642265431986E-004
          15           5   2.1502949396349179E-004
          15           6   4.0897044669210925E-010
          15           7  -7.4837531450944794E-002
          15           8  -4.4004491287840606E-004
          15           9  -7.5712079334122194E-004
          15          10  -1.8581750942974886E-009
          15          11  0.13154415787043899     
          15          12   8.6636105155315753E-004
          15          13   1.4906098363996283E-003
          15          14   2.1821073859933026E-010
          15          15   6.8335117629555620E-003
          15          16   9.4839910710529089E-005
          15          17   1.6317554059254709E-004
          15          18   5.6781295317398655E-010
          15          19  -2.7989844251821933E-003
          15          20  -4.0791966740946691E-005
          15          21  -7.0183624133747996E-005
          15          22  -9.0333647494301273E-009
          15          23  -4.0274642649665603E-009
          15          24   1.3913818655459333E-008
          15          25  -1.6327851096664791E-008
          15          26   1.2419365627393015E-008
          15          27  -4.7155560334503747E-009
          15          28   2.2117346049161934E-008
          15          29   9.2588075359093532E-009
          15          30  -3.2588132235547597E-008
          15          31   3.8525125734311139E-008
          15          32  -2.9193748920615440E-008
          15          33   1.1916349258755341E-008
          15          34   1.3701187737657857E-008
          15          35   5.7362450490461429E-009
          15          36  -2.1224696813577504E-008
          15          37   2.4718844191144143E-008
          15          38  -1.8767272311071840E-008
          15          39   7.2336548633974809E-009
          16           1   2.0042124424405907E-011
          16           2  -8.1640781896209643E-011
          16           3   1.2497653279857978E-004
          16           4   2.9041306877791932E-002
          16           5   3.7725661378447574E-004
          16           6   2.8312435420981919E-010
          16           7  -4.4004584542183851E-004
          16           8  -7.5358757774551574E-002
          16           9  -1.3283264968741060E-003
          16          10  -8.0656056329423083E-010
          16          11   8.6636524560260619E-004
          16          12  0.13257035447239765     
          16          13   2.6152018359652997E-003
          16          14  -8.7468882013340182E-010
          16          15   9.4839910710529089E-005
          16          16   6.9458471047033881E-003
          16          17   2.8628226339520409E-004
          16          18  -7.6522831861820618E-010
          16          19  -4.0791811070691311E-005
          16          20  -2.8473012921083635E-003
          16          21  -1.2313380200498460E-004
          16          22   3.5484495080041825E-009
          16          23   5.4853142208695427E-009
          16          24   7.1107056292460835E-009
          16          25   5.1120380385988243E-009
          16          26   3.1181694877346788E-009
          16          27  -1.0732693761917272E-008
          16          28  -8.2782255958793027E-009
          16          29  -1.3554268264790112E-008
          16          30  -1.6939258262371738E-008
          16          31  -1.2008224779233854E-008
          16          32  -7.3071998975100926E-009
          16          33   2.5799199494155133E-008
          16          34  -5.2646651623847130E-009
          16          35  -8.6634622802155897E-009
          16          36  -1.0553046372653709E-008
          16          37  -7.8605671528397874E-009
          16          38  -4.4704838342700225E-009
          16          39   1.6248183973449094E-008
          17           1  -5.4614523004582593E-011
          17           2   2.3152361029801477E-010
          17           3   2.1502865761825789E-004
          17           4   3.7725737148168806E-004
          17           5   2.9471120524027949E-002
          17           6  -5.2723724039937763E-010
          17           7  -7.5711827828949430E-004
          17           8  -1.3283289767297484E-003
          17           9  -7.6872127453312289E-002
          17          10   1.9277166785187240E-009
          17          11   1.4906068739026625E-003
          17          12   2.6152058874711480E-003
          17          13  0.13554983391391140     
          17          14  -2.0264176264358563E-009
          17          15   1.6317554059254709E-004
          17          16   2.8628226339520409E-004
          17          17   7.2720064677217434E-003
          17          18  -3.3049340022255883E-009
          17          19  -7.0184069612910967E-005
          17          20  -1.2313360804671466E-004
          17          21  -2.9875868063859064E-003
          17          22   9.4256889908936932E-010
          17          23   3.1146524133753129E-009
          17          24   3.4381203287724438E-009
          17          25   2.0535552244916121E-009
          17          26   1.5618379225331144E-010
          17          27  -4.4009310569150839E-009
          17          28  -2.2749562931303691E-009
          17          29  -6.6933006826451947E-009
          17          30  -8.4115721760733893E-009
          17          31  -4.3714709458354611E-009
          17          32  -6.3389750012144467E-010
          17          33   9.9681292579526759E-009
          17          34  -1.1969618372367650E-009
          17          35  -4.3605329216674619E-009
          17          36  -5.5790703338335126E-009
          17          37  -2.7233930005405954E-009
          17          38  -7.0111589017684940E-010
          17          39   6.9743151012898158E-009
          18           1   9.4627991149736600E-003
          18           2  -3.0911196744157578E-002
          18           3   4.2218468211928703E-010
          18           4   2.9211177645907126E-010
          18           5   6.0056232440997844E-013
          18           6   7.3936464061426441E-002
          18           7  -2.4819027351046654E-010
          18           8  -1.2029515757468084E-009
          18           9  -3.1319811642671403E-010
          18          10 -0.17507080138695758     
          18          11  -4.4597372847837609E-009
          18          12   3.0405156273327511E-009
          18          13   2.0073248017524553E-009
          18          14  0.30468670242548468     
          18          15   5.6781295317398655E-010
          18          16  -7.6522831861820618E-010
          18          17  -3.3049340022255883E-009
          18          18  0.44132102818109908     
          18          19  -6.5694152298054760E-010
          18          20   2.9700133759186680E-010
          18          21  -3.7115522851248321E-009
          18          22   2.8585249291113759E-004
          18          23   9.3361515081903863E-005
          18          24   3.8172049541837635E-004
          18          25   1.6078159196943628E-004
          18          26   2.8200016414351098E-004
          18          27   6.5989966967163458E-004
          18          28  -1.4357305083106422E-002
          18          29  -1.0774965201472292E-004
          18          30  -1.4468071048160693E-002
          18          31  -1.8574171980714261E-004
          18          32  -3.2568736651357726E-004
          18          33  -1.4789275857214868E-002
          18          34  -1.6361019226490865E-002
          18          35  -1.2875059087719099E-003
          18          36  -1.7681841334976862E-002
          18          37  -2.2154093470474093E-003
          18          38  -3.8866217520047673E-003
          18          39  -2.1516456273345006E-002
          19           1  -3.5797241022867665E-011
          19           2   1.4646289254507311E-010
          19           3  -1.2692207437011070E-002
          19           4  -5.6207911404607166E-005
          19           5  -9.6710217486923803E-005
          19           6  -2.8610634247750493E-010
          19           7   3.0899403133564585E-002
          19           8   1.9859418708157703E-004
          19           9   3.4169534481836010E-004
          19          10   1.0019795642074451E-009
          19          11  -5.3842939319734523E-002
          19          12  -3.9430386553158774E-004
          19          13  -6.7842101863533017E-004
          19          14  -3.8075052044576980E-010
          19          15  -2.7989844251821933E-003
          19          16  -4.0791811070691311E-005
          19          17  -7.0184069612910967E-005
          19          18  -6.5694152298054760E-010
          19          19   1.1472581532364023E-003
          19          20   1.7492700278739203E-005
          19          21   3.0096748573909929E-005
          19          22   6.8476814191168459E-009
          19          23   5.9604549381590472E-009
          19          24  -2.6532287287431701E-009
          19          25   1.1166953693759961E-008
          19          26  -4.2420900018360901E-009
          19          27  -4.2647423083510081E-009
          19          28  -1.6157846941170973E-008
          19          29  -1.3640780319152094E-008
          19          30   6.1684702930973370E-009
          19          31  -2.5816283960665731E-008
          19          32   9.8267854699125695E-009
          19          33   9.4486707436599626E-009
          19          34  -1.0343978652961678E-008
          19          35  -8.8371709983912875E-009
          19          36   4.1072716203398838E-009
          19          37  -1.6839802356734166E-008
          19          38   6.3879263446909046E-009
          19          39   6.4196075270717640E-009
          20           1  -1.0131817069787917E-011
          20           2   4.1289562668788643E-011
          20           3  -5.6208463101423557E-005
          20           4  -1.2758784770429431E-002
          20           5  -1.6967112660692504E-004
          20           6  -1.3750504447750687E-010
          20           7   1.9859632840700891E-004
          20           8   3.1134635381219751E-002
          20           9   5.9948132195322213E-004
          20          10   3.8612420726572077E-010
          20          11  -3.9430893871852685E-004
          20          12  -5.4309989548824808E-002
          20          13  -1.1902489682121195E-003
          20          14   3.4177784443224075E-010
          20          15  -4.0791966740946691E-005
          20          16  -2.8473012921083635E-003
          20          17  -1.2313360804671466E-004
          20          18   2.9700133759186680E-010
          20          19   1.7492700278739203E-005
          20          20   1.1679777634993321E-003
          20          21   5.2803137109392574E-005
          20          22   4.8696916067474074E-010
          20          23  -3.3187429435861224E-010
          20          24  -3.2270043385697650E-009
          20          25   1.1446919439467908E-009
          20          26  -2.2620381971434145E-009
          20          27   2.7706654341072156E-009
          20          28  -1.2258952823334680E-009
          20          29   9.9652673197039156E-010
          20          30   7.5692122776144607E-009
          20          31  -2.7734437081519537E-009
          20          32   5.2533018768140069E-009
          20          33  -6.5984091130605237E-009
          20          34  -8.6500995252245055E-010
          20          35   5.5892329995190709E-010
          20          36   4.7135469106356976E-009
          20          37  -1.7953129851177966E-009
          20          38   3.2804491679096765E-009
          20          39  -4.0353152612514677E-009
          21           1  -6.8490210997957135E-011
          21           2   2.7630765557558174E-010
          21           3  -9.6708223860841563E-005
          21           4  -1.6967212895573243E-004
