           1           1   2.1971253218639553     
           1           2 -0.72297575668046932     
           1           3   8.5465845700920813E-011
           1           4   1.2645812644250922E-010
           1           5  -3.1074489883020567E-011
           1           6  0.20779177742308660     
           1           7  -2.1645117266236513E-010
           1           8  -3.7957341858637873E-010
           1           9   7.3955180093431425E-011
           1          10  -8.4520360394041025E-002
           1          11  -6.3828365749149861E-012
           1          12   1.7275300028984853E-011
           1          13  -5.0013536037800186E-011
           1          14   5.1993235117272531E-004
           1          15   1.2994484616529023E-011
           1          16  -3.1576988166801903E-011
           1          17   1.6622079983698955E-010
           1          18   6.4852776382880728E-003
           1          19  -2.5302000828120746E-012
           1          20  -1.4981312562275069E-011
           1          21  -5.7507916199407489E-011
           1          22   2.9682796150527234E-002
           1          23   1.8990577199401231E-010
           1          24   2.9682797431071217E-002
           1          25  -2.9385659077836307E-010
           1          26   6.6205028551157081E-009
           1          27   2.9682795031261047E-002
           2           1 -0.72297575668046932     
           2           2   2.6499727024063620     
           2           3  -2.9445670523314302E-010
           2           4  -4.7571348018799799E-010
           2           5   9.1692047436403903E-011
           2           6  -1.0386651415238672     
           2           7   7.4581417246887015E-010
           2           8   1.3796950932193166E-009
           2           9  -2.0917878387490112E-010
           2          10  0.35516158144142951     
           2          11   2.0376701524863819E-011
           2          12  -7.9592540570632328E-011
           2          13   1.6665761109589316E-010
           2          14  -1.3959174960927710E-002
           2          15  -5.4482162621987815E-011
           2          16   1.3709816402842505E-010
           2          17  -6.8007372444146331E-010
           2          18  -2.2218158021269554E-002
           2          19   1.0001112797927234E-011
           2          20   6.4111763955995500E-011
           2          21   2.2832362230647308E-010
           2          22  -4.0400854804193004E-002
           2          23  -1.0245811815033382E-009
           2          24  -4.0400861751537530E-002
           2          25   1.5955251887928563E-009
           2          26  -1.2825114213366832E-008
           2          27  -4.0400848752381160E-002
           3           1   8.5465845700920813E-011
           3           2  -2.9445670523314302E-010
           3           3   2.3699098599332364     
           3           4   7.1606151016520057E-011
           3           5   2.8755828561168351E-011
           3           6   1.2472642967282116E-009
           3           7 -0.99011455555962558     
           3           8  -4.6676441991527798E-011
           3           9   2.2401902211479258E-012
           3          10   1.1697807148508564E-010
           3          11  0.25073593943918260     
           3          12  -1.1952920689877516E-010
           3          13  -6.7166119824708765E-011
           3          14   8.8171975247399925E-011
           3          15   2.7709886626067225E-002
           3          16  -6.2773305662511139E-011
           3          17  -7.6240015642148790E-012
           3          18  -1.6812520411218334E-010
           3          19  -1.3688782937321810E-002
           3          20   7.2255874237743399E-012
           3          21  -1.1702468404408476E-010
           3          22  -9.0553754267218573E-010
           3          23   4.1553041637492671E-009
           3          24   2.5679253693796960E-008
           3          25  -6.4224441000407118E-009
           3          26  -2.1347653359678713E-008
           3          27  -2.5471219835980276E-008
           4           1   1.2645812644250922E-010
           4           2  -4.7571348018799799E-010
           4           3   7.1606151016520057E-011
           4           4   2.3699098598734989     
           4           5   2.3532743878035110E-011
           4           6   1.4009657457185571E-009
           4           7  -3.0491012261616140E-011
           4           8 -0.99011455543615201     
           4           9   6.4101268622868241E-011
           4          10   2.5446438360079128E-010
           4          11  -9.1180715781497568E-011
           4          12  0.25073593927832194     
           4          13  -9.4048652765623949E-011
           4          14   7.6324040427874120E-011
           4          15   2.7738151690409243E-011
           4          16   2.7709886698201923E-002
           4          17  -1.9720229390323124E-010
           4          18  -1.3607345870611192E-011
           4          19  -8.2619621186284411E-011
           4          20  -1.3688782917697415E-002
           4          21   6.8164203275642148E-011
           4          22   5.1131507202982697E-011
           4          23   2.5305358265066104E-009
           4          24   1.5833609977921361E-008
           4          25  -4.3466771937039301E-009
           4          26   6.4738414078058824E-008
           4          27  -1.6102952677754822E-008
           5           1  -3.1074489883020567E-011
           5           2   9.1692047436403903E-011
           5           3   2.8755828561168351E-011
           5           4   2.3532743878035110E-011
           5           5   2.3699098599813988     
           5           6  -7.4794827250859936E-010
           5           7  -5.5259357000336535E-011
           5           8  -1.1730823511577026E-010
           5           9 -0.99011455571472240     
           5          10   2.7280264100429880E-010
           5          11   3.9809805651718764E-011
           5          12   6.8209396276816603E-011
           5          13  0.25073593965298335     
           5          14  -6.5357995678824251E-010
           5          15   1.6460777452361826E-010
           5          16   3.7989388418542777E-011
           5          17   2.7709886643900575E-002
           5          18   3.9966655864943037E-010
           5          19  -3.8507649367428766E-011
           5          20   4.8799764003846023E-011
           5          21  -1.3688782792600411E-002
           5          22   6.1302840079630187E-010
           5          23  -1.3487382343177848E-009
           5          24  -7.4931901510967256E-009
           5          25   1.8189467394543224E-009
           5          26  -1.5524274169551364E-008
           5          27   7.5653838143726587E-009
           6           1  0.20779177742308660     
           6           2  -1.0386651415238672     
           6           3   1.2472642967282116E-009
           6           4   1.4009657457185571E-009
           6           5  -7.4794827250859936E-010
           6           6   2.8480708003186339     
           6           7  -2.9227651855251941E-009
           6           8  -2.9628343454263847E-009
           6           9   2.2810671091105195E-009
           6          10 -0.87848011483049837     
           6          11  -2.2456885625398389E-010
           6          12  -1.0341752888794076E-010
           6          13  -1.6356320612152530E-009
           6          14   3.0461870560001304E-002
           6          15   1.2418622690349386E-010
           6          16  -2.7961870451600870E-010
           6          17   1.4689955328721811E-009
           6          18   4.3473893324689511E-002
           6          19  -2.9208886993871987E-011
           6          20  -1.2922737151728256E-010
           6          21  -5.2020657036806231E-010
           6          22  -3.0028913332979336E-002
           6          23  -6.7486839564368159E-009
           6          24  -3.0028959970576911E-002
           6          25   1.0776705124045323E-008
           6          26  -7.3616359434954907E-008
           6          27  -3.0028873104597210E-002
           7           1  -2.1645117266236513E-010
           7           2   7.4581417246887015E-010
           7           3 -0.99011455555962558     
           7           4  -3.0491012261616140E-011
           7           5  -5.5259357000336535E-011
           7           6  -2.9227651855251941E-009
           7           7   2.6651875046152811     
           7           8  -2.2728907519420349E-010
           7           9  -3.6933851763293178E-011
           7          10  -2.8385503688980888E-010
           7          11 -0.84757280537633151     
           7          12   2.9080296952729799E-010
           7          13   1.3848484841372382E-010
           7          14  -1.4680832308614003E-010
           7          15  -6.4922365687005421E-002
           7          16   1.6156977022151902E-010
           7          17   6.6004869736390733E-011
           7          18   3.7596028065693042E-010
           7          19   3.0112608103534940E-002
           7          20  -1.5269894654637832E-011
           7          21   2.4818635873968018E-010
           7          22   1.6810662789564916E-009
           7          23  -8.3065154258305946E-009
           7          24  -5.0771408060020724E-008
           7          25   1.2792119585902677E-008
           7          26  -8.6004363858546137E-008
           7          27   5.0679542547527207E-008
           8           1  -3.7957341858637873E-010
           8           2   1.3796950932193166E-009
           8           3  -4.6676441991527798E-011
           8           4 -0.99011455543615201     
           8           5  -1.1730823511577026E-010
           8           6  -2.9628343454263847E-009
           8           7  -2.2728907519420349E-010
           8           8   2.6651875043759317     
           8           9  -4.6023343318000110E-012
           8          10  -5.2028189574561549E-010
           8          11   2.5383752053260292E-010
           8          12 -0.84757280503754662     
           8          13   2.1758446505356354E-010
           8          14  -1.8060097329358241E-010
           8          15  -1.1381857625095743E-010
           8          16  -6.4922365853228844E-002
           8          17   5.5107460173306649E-010
           8          18  -1.0113667287401896E-010
           8          19   2.0369006682884270E-010
           8          20   3.0112608110205552E-002
           8          21  -2.1655109177385567E-010
           8          22  -3.8049521850842103E-011
           8          23  -6.8371482814399410E-009
           8          24  -4.3236838577118302E-008
           8          25   1.1627892806453048E-008
           8          26  -6.7461265966710966E-008
           8          27   4.3305992585744460E-008
           9           1   7.3955180093431425E-011
           9           2  -2.0917878387490112E-010
           9           3   2.2401902211479258E-012
           9           4   6.4101268622868241E-011
           9           5 -0.99011455571472240     
           9           6   2.2810671091105195E-009
           9           7  -3.6933851763293178E-011
           9           8  -4.6023343318000110E-012
           9           9   2.6651875050884444     
           9          10  -7.6973277412082058E-010
           9          11  -8.9936256444850895E-011
           9          12  -1.6781324878988299E-010
           9          13 -0.84757280591485207     
           9          14   2.0714256889811635E-009
           9          15  -4.0181245082533862E-010
           9          16  -1.0241652143687220E-010
           9          17  -6.4922365737716953E-002
           9          18  -1.1829155701009175E-009
           9          19   9.9155537776822760E-011
           9          20  -1.5369179471407576E-010
           9          21   3.0112607826923547E-002
           9          22  -1.4425166071092892E-009
           9          23   2.5416445538564514E-009
           9          24   1.3320610754988772E-008
           9          25  -3.2525950913686075E-009
           9          26   2.8668329776990050E-008
           9          27  -1.4094711409058116E-008
          10           1  -8.4520360394041025E-002
          10           2  0.35516158144142951     
          10           3   1.1697807148508564E-010
          10           4   2.5446438360079128E-010
          10           5   2.7280264100429880E-010
          10           6 -0.87848011483049837     
          10           7  -2.8385503688980888E-010
          10           8  -5.2028189574561549E-010
          10           9  -7.6973277412082058E-010
          10          10   2.3869445642383398     
          10          11   1.2099931850484394E-010
          10          12  -6.0218031248721931E-010
          10          13   1.5940989247209231E-009
          10          14 -0.18966317137366712     
          10          15  -4.1313645904270742E-010
          10          16   1.1634834858811671E-009
          10          17  -4.7759237370803460E-009
          10          18 -0.13906929096356493     
          10          19   6.7192816527797014E-011
          10          20   4.7431602757921486E-010
          10          21   1.4857200961236645E-009
          10          22  -1.1592451367306709E-002
          10          23  -2.4809721303134408E-009
          10          24  -1.1592468384474294E-002
          10          25   3.9192611709098677E-009
          10          26  -2.4737791113463871E-008
          10          27  -1.1592436500875073E-002
          11           1  -6.3828365749149861E-012
          11           2   2.0376701524863819E-011
          11           3  0.25073593943918260     
          11           4  -9.1180715781497568E-011
          11           5   3.9809805651718764E-011
          11           6  -2.2456885625398389E-010
          11           7 -0.84757280537633151     
          11           8   2.5383752053260292E-010
          11           9  -8.9936256444850895E-011
          11          10   1.2099931850484394E-010
          11          11   2.2219658648077685     
          11          12  -3.1684533741522480E-011
          11          13   1.3904872424399255E-010
          11          14  -2.6523037585723905E-010
          11          15  0.13649581620193618     
          11          16  -7.2239537808099041E-011
          11          17  -3.2391086235954663E-010
          11          18  -3.0248748243205757E-011
          11          19  -6.0626742290929306E-002
          11          20  -3.8803368884421224E-011
          11          21   3.2944338030104811E-010
          11          22   1.2558786970414897E-009
          11          23  -4.1836862678006022E-009
          11          24  -2.7041396305168078E-008
          11          25   6.5510310558496660E-009
          11          26   1.0551389692654649E-008
          11          27   2.5999042602221834E-008
          12           1   1.7275300028984853E-011
          12           2  -7.9592540570632328E-011
          12           3  -1.1952920689877516E-010
          12           4  0.25073593927832194     
          12           5   6.8209396276816603E-011
          12           6  -1.0341752888794076E-010
          12           7   2.9080296952729799E-010
          12           8 -0.84757280503754662     
          12           9  -1.6781324878988299E-010
          12          10  -6.0218031248721931E-010
          12          11  -3.1684533741522480E-011
          12          12   2.2219658646303850     
          12          13  -1.8425916578297587E-010
          12          14   1.2610405023033975E-009
          12          15   3.5275956152452115E-010
          12          16  0.13649581667235702     
          12          17   3.1847739017527143E-010
          12          18   1.6899354361740217E-010
          12          19  -3.0153898059452938E-010
          12          20  -6.0626742692507292E-002
          12          21  -2.0957034582828688E-010
          12          22  -8.3211116778847907E-011
          12          23   3.8506196871761874E-010
          12          24   2.5901959646194032E-009
          12          25  -5.7279370558077840E-010
          12          26  -6.3054265659903846E-008
          12          27  -2.1647958652812351E-009
          13           1  -5.0013536037800186E-011
          13           2   1.6665761109589316E-010
          13           3  -6.7166119824708765E-011
          13           4  -9.4048652765623949E-011
          13           5  0.25073593965298335     
          13           6  -1.6356320612152530E-009
          13           7   1.3848484841372382E-010
          13           8   2.1758446505356354E-010
          13           9 -0.84757280591485207     
          13          10   1.5940989247209231E-009
          13          11   1.3904872424399255E-010
          13          12  -1.8425916578297587E-010
          13          13   2.2219658645493254     
          13          14  -4.2675163803252596E-009
          13          15  -2.0926589922314777E-010
          13          16   2.2527373405606308E-010
          13          17  0.13649581694582508     
          13          18   1.3600810247216831E-009
          13          19  -9.7776887888491954E-011
          13          20   2.7744218349330658E-010
          13          21  -6.0626743162965638E-002
          13          22   2.4767823533039059E-009
          13          23  -6.8060983977513978E-009
          13          24  -4.4650997849694295E-008
          13          25   1.0876330554911184E-008
          13          26  -4.3069080751719690E-008
          13          27   4.3583160229071741E-008
          14           1   5.1993235117272531E-004
          14           2  -1.3959174960927710E-002
          14           3   8.8171975247399925E-011
          14           4   7.6324040427874120E-011
          14           5  -6.5357995678824251E-010
          14           6   3.0461870560001304E-002
          14           7  -1.4680832308614003E-010
          14           8  -1.8060097329358241E-010
          14           9   2.0714256889811635E-009
          14          10 -0.18966317137366712     
          14          11  -2.6523037585723905E-010
          14          12   1.2610405023033975E-009
          14          13  -4.2675163803252596E-009
          14          14  0.37879410897098320     
          14          15   4.4574750007667252E-010
          14          16  -2.3874467479165991E-009
          14          17   4.7016636477364467E-009
          14          18  0.27823660516548987     
          14          19   6.8108734501482089E-011
          14          20  -8.6447633706532803E-010
          14          21  -4.5452167948924093E-010
          14          22   8.8282096729067885E-004
          14          23   2.7074205826016818E-009
          14          24   8.8283957048226468E-004
          14          25  -4.3788903765451793E-009
          14          26   3.1681191831390680E-008
          14          27   8.8280466935483019E-004
          15           1   1.2994484616529023E-011
          15           2  -5.4482162621987815E-011
          15           3   2.7709886626067225E-002
          15           4   2.7738151690409243E-011
          15           5   1.6460777452361826E-010
          15           6   1.2418622690349386E-010
          15           7  -6.4922365687005421E-002
          15           8  -1.1381857625095743E-010
          15           9  -4.0181245082533862E-010
          15          10  -4.1313645904270742E-010
          15          11  0.13649581620193618     
          15          12   3.5275956152452115E-010
          15          13  -2.0926589922314777E-010
          15          14   4.4574750007667252E-010
          15          15   8.5678233713024146E-003
          15          16   1.7293941540730580E-011
          15          17  -3.1838413753101818E-011
          15          18   3.3338738050032923E-010
          15          19  -3.8041274997907409E-003
          15          20  -1.2345393946531005E-011
          15          21   2.4572568463777146E-011
          15          22   2.2587461205949318E-009
          15          23  -7.4103654594959008E-009
          15          24  -4.9316487256639054E-008
          15          25   1.1755846360247493E-008
          15          26  -8.2174980464622387E-008
          15          27   4.7066496846695383E-008
          16           1  -3.1576988166801903E-011
          16           2   1.3709816402842505E-010
          16           3  -6.2773305662511139E-011
          16           4   2.7709886698201923E-002
          16           5   3.7989388418542777E-011
          16           6  -2.7961870451600870E-010
          16           7   1.6156977022151902E-010
          16           8  -6.4922365853228844E-002
          16           9  -1.0241652143687220E-010
          16          10   1.1634834858811671E-009
          16          11  -7.2239537808099041E-011
          16          12  0.13649581667235702     
          16          13   2.2527373405606308E-010
          16          14  -2.3874467479165991E-009
          16          15   1.7293941540730580E-011
          16          16   8.5678234311023782E-003
          16          17   3.7937381612428700E-011
          16          18  -1.7965065655736358E-009
          16          19  -1.7724611613839104E-011
          16          20  -3.8041275388079566E-003
          16          21  -2.2235427305273185E-011
          16          22   2.2631177408456133E-009
          16          23  -7.3164729591293320E-009
          16          24  -4.8347917245954850E-008
          16          25   1.1558143349336800E-008
          16          26  -8.1003526969754154E-008
          16          27   4.6090158712207823E-008
          17           1   1.6622079983698955E-010
          17           2  -6.8007372444146331E-010
          17           3  -7.6240015642148790E-012
          17           4  -1.9720229390323124E-010
          17           5   2.7709886643900575E-002
          17           6   1.4689955328721811E-009
          17           7   6.6004869736390733E-011
          17           8   5.5107460173306649E-010
          17           9  -6.4922365737716953E-002
          17          10  -4.7759237370803460E-009
          17          11  -3.2391086235954663E-010
          17          12   3.1847739017527143E-010
          17          13  0.13649581694582508     
          17          14   4.7016636477364467E-009
          17          15  -3.1838413753101818E-011
          17          16   3.7937381612428700E-011
          17          17   8.5678234665325648E-003
          17          18   3.7375417135173261E-009
          17          19   1.2103558192200497E-012
          17          20   9.3764765938381467E-012
          17          21  -3.8041275736523938E-003
          17          22  -3.2246972423486618E-009
          17          23   1.0813945521261984E-008
          17          24   7.2040120638145782E-008
          17          25  -1.7383337949166935E-008
          17          26   1.0924949567739706E-007
          17          27  -6.8656846257292585E-008
          18           1   6.4852776382880728E-003
          18           2  -2.2218158021269554E-002
          18           3  -1.6812520411218334E-010
          18           4  -1.3607345870611192E-011
          18           5   3.9966655864943037E-010
          18           6   4.3473893324689511E-002
          18           7   3.7596028065693042E-010
          18           8  -1.0113667287401896E-010
          18           9  -1.1829155701009175E-009
          18          10 -0.13906929096356493     
          18          11  -3.0248748243205757E-011
          18          12   1.6899354361740217E-010
          18          13   1.3600810247216831E-009
          18          14  0.27823660516548987     
          18          15   3.3338738050032923E-010
          18          16  -1.7965065655736358E-009
          18          17   3.7375417135173261E-009
          18          18  0.20456793384425601     
          18          19   4.7659847490839943E-011
          18          20  -6.1634037586614752E-010
          18          21  -4.5986426611477247E-010
          18          22   4.8713291880835908E-004
          18          23   4.1609322455701526E-010
          18          24   4.8713586379232578E-004
          18          25  -6.0696843109357036E-010
          18          26   3.2997224200164223E-009
          18          27   4.8713046409777627E-004
          19           1  -2.5302000828120746E-012
          19           2   1.0001112797927234E-011
          19           3  -1.3688782937321810E-002
          19           4  -8.2619621186284411E-011
          19           5  -3.8507649367428766E-011
          19           6  -2.9208886993871987E-011
          19           7   3.0112608103534940E-002
          19           8   2.0369006682884270E-010
          19           9   9.9155537776822760E-011
          19          10   6.7192816527797014E-011
          19          11  -6.0626742290929306E-002
          19          12  -3.0153898059452938E-010
          19          13  -9.7776887888491954E-011
          19          14   6.8108734501482089E-011
          19          15  -3.8041274997907409E-003
          19          16  -1.7724611613839104E-011
          19          17   1.2103558192200497E-012
          19          18   4.7659847490839943E-011
          19          19   1.6917495624507017E-003
          19          20   9.9174225407546990E-012
          19          21  -5.1349424512234156E-012
          19          22  -2.3614035697102991E-009
          19          23   7.6917417388364961E-009
          19          24   5.0902464223670455E-008
          19          25  -1.2155431643340397E-008
          19          26   6.2356833247462697E-008
          19          27  -4.8542737298918925E-008
          20           1  -1.4981312562275069E-011
          20           2   6.4111763955995500E-011
          20           3   7.2255874237743399E-012
          20           4  -1.3688782917697415E-002
          20           5   4.8799764003846023E-011
          20           6  -1.2922737151728256E-010
          20           7  -1.5269894654637832E-011
          20           8   3.0112608110205552E-002
          20           9  -1.5369179471407576E-010
          20          10   4.7431602757921486E-010
          20          11  -3.8803368884421224E-011
          20          12  -6.0626742692507292E-002
          20          13   2.7744218349330658E-010
          20          14  -8.6447633706532803E-010
          20          15  -1.2345393946531005E-011
          20          16  -3.8041275388079566E-003
          20          17   9.3764765938381467E-012
          20          18  -6.1634037586614752E-010
          20          19   9.9174225407546990E-012
          20          20   1.6917495847540388E-003
          20          21  -1.7754281507946911E-012
          20          22  -4.9100067157489343E-009
          20          23   1.6309992776763437E-008
          20          24   1.0766427288099035E-007
          20          25  -2.5913542721464742E-008
          20          26   1.9657933897323719E-007
          20          27  -1.0276826924194815E-007
          21           1  -5.7507916199407489E-011
          21           2   2.2832362230647308E-010
          21           3  -1.1702468404408476E-010
          21           4   6.8164203275642148E-011
          21           5  -1.3688782792600411E-002
          21           6  -5.2020657036806231E-010
          21           7   2.4818635873968018E-010
          21           8  -2.1655109177385567E-010
          21           9   3.0112607826923547E-002
          21          10   1.4857200961236645E-009
          21          11   3.2944338030104811E-010
          21          12  -2.0957034582828688E-010
          21          13  -6.0626743162965638E-002
          21          14  -4.5452167948924093E-010
          21          15   2.4572568463777146E-011
          21          16  -2.2235427305273185E-011
          21          17  -3.8041275736523938E-003
          21          18  -4.5986426611477247E-010
          21          19  -5.1349424512234156E-012
          21          20  -1.7754281507946911E-012
          21          21   1.6917496082430002E-003
          21          22   1.9985308236205084E-009
          21          23  -6.9703370450778895E-009
          21          24  -4.6049120274203083E-008
          21          25   1.1095823230609286E-008
          21          26  -9.0056570903187022E-008
          21          27   4.3986764897249381E-008
          22           1   2.9682796150527234E-002
          22           2  -4.0400854804193004E-002
          22           3  -9.0553754267218573E-010
          22           4   5.1131507202982697E-011
          22           5   6.1302840079630187E-010
          22           6  -3.0028913332979336E-002
          22           7   1.6810662789564916E-009
          22           8  -3.8049521850842103E-011
          22           9  -1.4425166071092892E-009
          22          10  -1.1592451367306709E-002
          22          11   1.2558786970414897E-009
          22          12  -8.3211116778847907E-011
          22          13   2.4767823533039059E-009
          22          14   8.8282096729067885E-004
          22          15   2.2587461205949318E-009
          22          16   2.2631177408456133E-009
          22          17  -3.2246972423486618E-009
          22          18   4.8713291880835908E-004
          22          19  -2.3614035697102991E-009
          22          20  -4.9100067157489343E-009
          22          21   1.9985308236205084E-009
          22          22   2.0018163143594068     
          22          23   3.6059620277850361E-009
          22          24 -0.99818366084808940     
          22          25  -5.7208109971649424E-009
          22          26   3.9349332431942999E-008
          22          27 -0.99818370708009474     
          23           1   1.8990577199401231E-010
          23           2  -1.0245811815033382E-009
          23           3   4.1553041637492671E-009
          23           4   2.5305358265066104E-009
          23           5  -1.3487382343177848E-009
          23           6  -6.7486839564368159E-009
          23           7  -8.3065154258305946E-009
          23           8  -6.8371482814399410E-009
          23           9   2.5416445538564514E-009
          23          10  -2.4809721303134408E-009
          23          11  -4.1836862678006022E-009
          23          12   3.8506196871761874E-010
          23          13  -6.8060983977513978E-009
          23          14   2.7074205826016818E-009
          23          15  -7.4103654594959008E-009
          23          16  -7.3164729591293320E-009
          23          17   1.0813945521261984E-008
          23          18   4.1609322455701526E-010
          23          19   7.6917417388364961E-009
          23          20   1.6309992776763437E-008
          23          21  -6.9703370450778895E-009
          23          22   3.6059620277850361E-009
          23          23   2.0000000000000013     
          23          24   3.6059676244733202E-009
          23          25  -1.3402605930329017E-015
          23          26   1.4249772517255868E-009
          23          27   3.6059667558132172E-009
          24           1   2.9682797431071217E-002
          24           2  -4.0400861751537530E-002
          24           3   2.5679253693796960E-008
          24           4   1.5833609977921361E-008
          24           5  -7.4931901510967256E-009
          24           6  -3.0028959970576911E-002
          24           7  -5.0771408060020724E-008
          24           8  -4.3236838577118302E-008
          24           9   1.3320610754988772E-008
          24          10  -1.1592468384474294E-002
          24          11  -2.7041396305168078E-008
          24          12   2.5901959646194032E-009
          24          13  -4.4650997849694295E-008
          24          14   8.8283957048226468E-004
          24          15  -4.9316487256639054E-008
          24          16  -4.8347917245954850E-008
          24          17   7.2040120638145782E-008
          24          18   4.8713586379232578E-004
          24          19   5.0902464223670455E-008
          24          20   1.0766427288099035E-007
          24          21  -4.6049120274203083E-008
          24          22 -0.99818366084808940     
          24          23   3.6059676244733202E-009
          24          24   2.0018163639444020     
          24          25  -5.7208101420105622E-009
          24          26   4.9353657119575257E-008
          24          27 -0.99818368228757381     
          25           1  -2.9385659077836307E-010
          25           2   1.5955251887928563E-009
          25           3  -6.4224441000407118E-009
          25           4  -4.3466771937039301E-009
          25           5   1.8189467394543224E-009
          25           6   1.0776705124045323E-008
          25           7   1.2792119585902677E-008
          25           8   1.1627892806453048E-008
          25           9  -3.2525950913686075E-009
          25          10   3.9192611709098677E-009
          25          11   6.5510310558496660E-009
          25          12  -5.7279370558077840E-010
          25          13   1.0876330554911184E-008
          25          14  -4.3788903765451793E-009
          25          15   1.1755846360247493E-008
          25          16   1.1558143349336800E-008
          25          17  -1.7383337949166935E-008
          25          18  -6.0696843109357036E-010
          25          19  -1.2155431643340397E-008
          25          20  -2.5913542721464742E-008
          25          21   1.1095823230609286E-008
          25          22  -5.7208109971649424E-009
          25          23  -1.3402605930329017E-015
          25          24  -5.7208101420105622E-009
          25          25   2.0000000000000009     
          25          26  -2.4595999099106871E-009
          25          27  -5.7208148143832581E-009
          26           1   6.6205028551157081E-009
          26           2  -1.2825114213366832E-008
          26           3  -2.1347653359678713E-008
          26           4   6.4738414078058824E-008
          26           5  -1.5524274169551364E-008
          26           6  -7.3616359434954907E-008
          26           7  -8.6004363858546137E-008
          26           8  -6.7461265966710966E-008
          26           9   2.8668329776990050E-008
          26          10  -2.4737791113463871E-008
          26          11   1.0551389692654649E-008
          26          12  -6.3054265659903846E-008
          26          13  -4.3069080751719690E-008
          26          14   3.1681191831390680E-008
          26          15  -8.2174980464622387E-008
          26          16  -8.1003526969754154E-008
          26          17   1.0924949567739706E-007
          26          18   3.2997224200164223E-009
          26          19   6.2356833247462697E-008
          26          20   1.9657933897323719E-007
          26          21  -9.0056570903187022E-008
          26          22   3.9349332431942999E-008
          26          23   1.4249772517255868E-009
          26          24   4.9353657119575257E-008
          26          25  -2.4595999099106871E-009
          26          26   1.9999999999999543     
          26          27   3.0510105495131128E-008
          27           1   2.9682795031261047E-002
          27           2  -4.0400848752381160E-002
          27           3  -2.5471219835980276E-008
          27           4  -1.6102952677754822E-008
          27           5   7.5653838143726587E-009
          27           6  -3.0028873104597210E-002
          27           7   5.0679542547527207E-008
          27           8   4.3305992585744460E-008
          27           9  -1.4094711409058116E-008
          27          10  -1.1592436500875073E-002
          27          11   2.5999042602221834E-008
          27          12  -2.1647958652812351E-009
          27          13   4.3583160229071741E-008
          27          14   8.8280466935483019E-004
          27          15   4.7066496846695383E-008
          27          16   4.6090158712207823E-008
          27          17  -6.8656846257292585E-008
          27          18   4.8713046409777627E-004
          27          19  -4.8542737298918925E-008
          27          20  -1.0276826924194815E-007
          27          21   4.3986764897249381E-008
          27          22 -0.99818370708009474     
          27          23   3.6059667558132172E-009
          27          24 -0.99818368228757381     
          27          25  -5.7208148143832581E-009
          27          26   3.0510105495131128E-008
          27          27   2.0018162714803984     
